47
0 0 0 1 1 1 1 1 1 1 0 1 1 1 1 1 0 1 1 1 1 1 0 0 0 0 1 1 0 1 1 0 0 1 1 0 0 1 0 1 1 0 0 0 0 1 0 
0 0 0 0 1 1 1 1 1 1 0 0 1 1 0 1 0 1 0 0 1 0 1 0 0 0 0 1 0 1 1 0 1 0 1 0 0 1 0 0 1 1 1 1 1 1 1 
0 0 0 1 0 1 1 0 0 1 0 1 0 0 1 0 0 1 0 1 0 0 1 0 0 1 0 1 1 1 0 1 0 1 0 1 0 0 1 0 0 1 1 0 1 1 1 
1 0 1 0 0 1 0 1 1 1 1 0 1 1 0 0 1 1 1 0 1 0 0 1 1 1 0 1 0 1 0 0 0 0 0 0 0 0 1 1 1 0 1 0 0 0 0 
1 1 0 0 0 1 0 1 0 0 1 1 0 0 0 0 0 1 1 0 0 1 0 0 1 1 1 0 0 1 0 1 1 0 1 1 1 1 1 0 0 1 1 0 1 1 1 
1 1 1 1 1 0 1 1 0 1 0 1 0 1 1 1 0 0 0 1 1 0 1 0 1 1 0 0 0 1 1 0 0 1 1 0 1 1 0 1 0 0 1 1 1 1 0 
1 1 1 0 0 1 0 1 0 0 1 1 1 1 1 1 1 1 1 1 0 1 0 1 0 0 0 1 1 1 0 1 0 0 1 1 0 1 1 1 1 1 0 0 1 1 1 
1 1 0 1 1 1 1 0 0 0 1 0 0 1 0 1 1 0 0 0 0 1 0 0 0 0 0 1 0 1 0 1 0 0 0 1 0 0 1 0 0 1 0 1 0 0 1 
1 1 0 1 0 0 0 0 0 0 0 1 1 0 1 0 1 0 0 1 0 1 0 0 1 1 1 0 1 1 0 0 0 1 0 1 0 1 1 0 1 1 1 0 1 0 0 
1 1 1 1 0 1 0 0 0 0 0 0 0 0 0 1 1 1 1 1 1 0 0 0 0 0 0 0 0 0 1 0 0 1 1 0 0 0 0 0 0 0 0 0 1 1 0 
0 0 0 1 1 0 1 1 0 0 0 0 1 1 0 1 0 0 1 1 0 0 0 1 1 1 1 1 0 0 0 0 0 1 1 0 1 0 0 0 0 1 0 0 1 1 0 
1 0 1 0 1 1 1 0 1 0 0 0 0 0 0 0 1 0 0 1 0 1 0 0 0 1 1 0 1 1 1 0 1 1 0 1 1 0 1 1 0 1 1 1 0 1 0 
1 1 0 1 0 0 1 0 1 0 1 0 0 0 0 1 1 1 1 1 1 0 1 0 0 1 0 0 1 0 0 0 0 1 1 1 0 0 0 1 1 0 0 0 1 0 1 
1 1 0 1 0 1 1 1 0 0 1 0 0 0 1 1 0 1 1 1 0 1 0 1 0 1 0 1 0 1 1 0 0 1 1 0 0 1 1 0 1 1 0 0 1 1 0 
1 0 1 0 0 1 1 0 1 0 0 0 0 1 0 0 0 1 0 1 0 0 1 1 1 1 1 0 0 0 1 0 0 1 1 0 0 1 1 0 1 1 0 0 0 1 1 
1 1 0 0 0 1 1 1 0 1 1 0 1 1 0 0 1 1 1 0 1 1 0 0 0 0 1 0 1 1 0 0 1 1 1 0 1 0 0 1 1 0 1 0 1 0 0 
0 0 0 1 0 0 1 1 1 1 0 1 1 0 0 1 0 0 0 1 0 1 0 0 1 1 0 1 0 1 0 1 1 0 1 1 1 0 1 0 0 1 1 0 0 0 0 
1 1 1 1 1 0 1 0 0 1 0 0 1 1 1 1 0 0 1 0 1 1 0 1 1 1 0 1 0 0 0 1 1 0 1 0 0 0 0 0 1 1 1 0 0 1 1 
1 0 0 1 1 0 1 0 0 1 1 0 1 1 0 1 0 1 0 1 1 0 0 0 1 1 0 1 0 1 0 1 0 0 1 1 1 0 0 0 0 1 0 0 1 0 1 
1 0 1 0 0 1 1 0 1 1 1 1 1 1 1 0 1 0 1 0 0 0 1 0 1 0 1 1 0 1 0 1 1 0 0 1 1 1 0 1 0 1 1 1 1 1 0 
1 1 0 1 0 1 0 0 0 1 0 0 1 0 0 1 0 1 1 0 0 1 0 0 0 0 1 1 1 0 1 0 0 1 0 1 0 1 0 1 1 0 1 0 1 1 1 
1 0 0 0 1 0 1 1 1 0 0 1 0 1 0 1 1 1 0 0 1 0 1 0 1 1 1 0 1 0 0 0 0 0 0 0 0 0 1 1 0 1 1 0 0 1 1 
0 1 1 0 0 1 0 0 0 0 0 0 1 0 1 0 0 0 0 1 0 1 0 1 0 1 1 1 0 1 0 1 1 1 0 1 1 0 0 1 0 0 0 0 1 0 1 
0 0 0 1 0 0 1 0 0 0 1 0 0 1 1 0 0 1 0 0 0 0 1 0 1 1 1 0 0 1 0 0 0 0 1 0 0 1 0 1 0 0 1 1 1 1 0 
0 0 0 1 1 1 0 0 1 0 1 0 0 0 1 0 1 1 1 1 0 1 0 1 0 1 0 0 0 1 1 1 0 1 1 0 1 0 0 0 0 1 0 1 0 1 1 
0 0 1 1 1 1 0 0 1 0 1 1 1 1 1 0 1 1 1 0 0 1 1 1 1 0 0 1 0 0 0 1 0 1 0 1 1 0 0 0 1 0 0 1 1 0 1 
1 0 0 0 1 0 0 0 1 0 1 1 0 0 1 1 0 0 0 1 1 1 1 1 0 0 0 0 1 0 0 0 0 0 0 0 0 0 1 0 0 0 0 1 0 0 0 
1 1 1 1 0 0 1 1 0 0 1 0 0 1 0 0 1 1 1 1 1 0 1 0 0 1 0 0 1 0 1 1 1 0 0 0 0 0 1 1 0 0 1 1 0 0 0 
0 0 1 0 0 0 1 0 1 0 0 1 1 0 0 1 0 0 0 0 1 1 0 0 0 0 1 1 0 1 1 0 1 0 1 1 1 0 1 0 1 0 1 0 1 0 1 
1 1 1 1 1 1 1 1 1 0 0 1 0 1 0 1 1 0 1 1 0 0 1 1 1 0 0 0 1 0 1 0 0 0 1 0 1 1 0 0 0 1 0 0 1 1 0 
1 1 0 0 0 1 0 0 0 1 0 1 0 1 1 0 0 0 0 0 1 0 0 0 1 0 0 1 1 1 0 1 1 1 0 0 1 1 0 1 0 0 1 1 0 0 1 
0 0 1 0 1 0 1 1 0 0 0 0 0 0 0 0 1 1 1 1 0 0 1 0 1 1 0 1 0 0 1 0 0 1 1 0 0 0 0 1 0 1 1 0 0 0 0 
0 1 0 0 1 0 0 0 0 0 0 1 0 0 0 1 1 1 0 1 0 0 1 0 0 0 0 1 1 0 1 0 0 1 0 1 1 0 1 1 1 0 1 1 1 1 0 
1 0 1 0 0 1 0 0 1 1 1 1 1 1 1 1 0 0 0 0 1 0 1 0 1 1 0 0 0 0 1 1 1 0 0 1 0 1 1 0 0 1 1 1 1 1 1 
1 1 0 0 1 1 1 0 0 1 1 0 1 1 1 1 1 1 1 0 0 0 0 1 1 0 0 0 1 1 0 1 0 0 0 0 0 0 1 0 1 0 0 1 1 1 1 
0 0 1 0 1 0 1 1 1 0 0 1 1 0 0 0 1 0 1 1 1 0 1 0 0 1 0 0 1 0 0 0 1 1 0 0 0 0 0 0 0 1 1 1 0 0 1 
0 0 0 0 1 1 0 0 0 0 1 1 0 0 0 1 1 0 1 1 0 0 1 0 1 1 0 0 1 1 1 0 1 0 0 0 0 1 0 1 0 1 0 1 1 1 1 
1 1 0 0 1 1 1 0 1 0 0 0 0 1 1 0 0 0 0 1 1 0 0 1 0 0 0 0 0 1 1 0 0 1 0 0 1 0 1 1 0 0 1 1 1 1 1 
0 0 1 1 1 0 1 1 1 0 0 1 0 1 1 0 1 0 0 0 0 1 0 0 0 0 1 1 1 0 0 0 1 1 1 0 0 1 0 0 1 0 1 0 1 0 1 
1 0 0 1 0 1 1 0 0 0 0 1 1 0 0 1 0 0 0 1 1 1 1 1 0 0 0 1 0 0 1 1 1 0 0 0 1 1 0 0 1 0 0 0 1 1 0 
1 1 0 1 0 0 1 0 1 0 0 0 1 1 1 1 0 1 0 0 1 0 0 0 0 1 0 0 1 0 0 0 1 0 1 0 0 0 1 1 0 0 0 1 1 1 0 
0 1 1 0 1 0 1 1 1 0 1 1 0 1 1 0 1 1 1 1 0 1 0 0 1 0 0 0 0 1 0 1 0 1 0 1 1 0 0 0 0 0 1 1 0 1 0 
0 1 1 1 1 1 0 0 1 0 0 1 0 0 0 1 1 1 0 1 1 1 0 1 0 0 0 1 1 0 1 1 1 1 0 1 0 1 1 0 0 1 0 0 0 1 0 
0 1 0 0 0 1 0 1 0 0 0 1 0 0 0 0 0 0 0 1 0 0 0 1 1 1 1 1 0 0 1 0 1 1 1 1 1 1 0 0 1 1 0 0 1 1 1 
0 1 1 0 1 1 1 0 1 1 1 0 1 1 0 1 0 0 1 1 1 0 1 1 0 1 0 0 1 1 0 0 1 1 1 0 1 1 1 1 1 0 0 1 0 0 1 
1 1 1 0 1 1 1 0 0 1 1 1 0 1 1 0 0 1 0 1 1 1 0 1 1 0 0 0 0 1 0 0 1 1 1 0 1 1 0 1 1 1 1 1 0 0 0 
0 1 1 0 1 0 1 1 0 0 0 0 1 0 1 0 0 1 1 0 1 1 1 0 1 1 0 0 1 0 1 0 0 1 1 1 1 1 1 0 0 0 0 1 1 0 0 

42 40 28 6 39 16 30 13 21 4 45 12 14 17 2 38 0 29 24 9 20 22 32 43 25 34 46 15 5 27 7 8 3 10 44 26 35 1 11 33 19 41 37 18 31 23 36 
0 16
1 37
2 14
3 32
4 9
5 28
6 3
7 30
8 31
9 19
10 33
11 38
12 11
13 7
14 12
15 27
16 5
17 13
18 43
19 40
20 20
21 8
22 21
23 45
24 18
25 24
26 35
27 29
28 2
29 17
30 6
31 44
32 22
33 39
34 25
35 36
36 46
37 42
38 15
39 4
40 1
41 41
42 0
43 23
44 34
45 10
46 26
SIMILAR

0 45 36 18 40 17 28 42 38 1 25 13 23 26 16 24 10 43 7 21 27 32 33 3 35 6 14 30 12 15 34 22 29 20 31 9 8 2 44 41 19 37 46 5 4 11 39 
0 0
1 9
2 37
3 23
4 44
5 43
6 25
7 18
8 36
9 35
10 16
11 45
12 28
13 11
14 26
15 29
16 14
17 5
18 3
19 40
20 33
21 19
22 31
23 12
24 15
25 10
26 13
27 20
28 6
29 32
30 27
31 34
32 21
33 22
34 30
35 24
36 2
37 41
38 8
39 46
40 4
41 39
42 7
43 17
44 38
45 1
46 42
SIMILAR

43 46 16 29 42 23 10 6 2 5 1 13 41 7 30 19 15 22 11 28 33 37 26 45 38 8 3 32 40 20 44 9 39 18 25 4 12 34 31 36 35 14 17 0 27 24 21 
0 43
1 10
2 8
3 26
4 35
5 9
6 7
7 13
8 25
9 31
10 6
11 18
12 36
13 11
14 41
15 16
16 2
17 42
18 33
19 15
20 29
21 46
22 17
23 5
24 45
25 34
26 22
27 44
28 19
29 3
30 14
31 38
32 27
33 20
34 37
35 40
36 39
37 21
38 24
39 32
40 28
41 12
42 4
43 0
44 30
45 23
46 1
SIMILAR

30 46 5 13 11 4 33 17 40 26 8 37 22 31 20 16 9 41 34 0 27 42 35 29 18 45 14 21 7 1 19 10 32 3 43 38 44 28 23 36 2 25 12 15 39 6 24 
0 19
1 29
2 40
3 33
4 5
5 2
6 45
7 28
8 10
9 16
10 31
11 4
12 42
13 3
14 26
15 43
16 15
17 7
18 24
19 30
20 14
21 27
22 12
23 38
24 46
25 41
26 9
27 20
28 37
29 23
30 0
31 13
32 32
33 6
34 18
35 22
36 39
37 11
38 35
39 44
40 8
41 17
42 21
43 34
44 36
45 25
46 1
SIMILAR

35 16 6 0 21 41 40 12 42 22 32 31 34 4 26 46 15 2 43 38 1 44 37 25 13 33 45 3 9 7 14 8 30 11 19 10 5 18 36 20 29 24 39 17 27 28 23 
0 3
1 20
2 17
3 27
4 13
5 36
6 2
7 29
8 31
9 28
10 35
11 33
12 7
13 24
14 30
15 16
16 1
17 43
18 37
19 34
20 39
21 4
22 9
23 46
24 41
25 23
26 14
27 44
28 45
29 40
30 32
31 11
32 10
33 25
34 12
35 0
36 38
37 22
38 19
39 42
40 6
41 5
42 8
43 18
44 21
45 26
46 15
SIMILAR

28 29 45 18 25 12 6 0 36 43 23 5 32 22 42 13 2 11 17 9 34 33 7 19 30 41 38 26 14 21 15 16 20 35 8 24 3 46 44 39 10 40 4 31 1 37 27 
0 7
1 44
2 16
3 36
4 42
5 11
6 6
7 22
8 34
9 19
10 40
11 17
12 5
13 15
14 28
15 30
16 31
17 18
18 3
19 23
20 32
21 29
22 13
23 10
24 35
25 4
26 27
27 46
28 0
29 1
30 24
31 43
32 12
33 21
34 20
35 33
36 8
37 45
38 26
39 39
40 41
41 25
42 14
43 9
44 38
45 2
46 37
SIMILAR

12 19 10 43 39 38 1 32 3 28 25 44 46 4 26 40 13 18 41 2 36 5 14 42 33 16 15 23 8 37 27 34 29 9 45 20 11 17 24 21 22 7 0 6 30 35 31 
0 42
1 6
2 19
3 8
4 13
5 21
6 43
7 41
8 28
9 33
10 2
11 36
12 0
13 16
14 22
15 26
16 25
17 37
18 17
19 1
20 35
21 39
22 40
23 27
24 38
25 10
26 14
27 30
28 9
29 32
30 44
31 46
32 7
33 24
34 31
35 45
36 20
37 29
38 5
39 4
40 15
41 18
42 23
43 3
44 11
45 34
46 12
SIMILAR

11 32 17 19 41 12 37 6 25 18 31 3 22 29 44 23 46 10 26 24 2 20 40 5 21 28 1 36 30 15 35 8 0 4 38 16 33 14 43 9 27 42 34 45 7 39 13 
0 32
1 26
2 20
3 11
4 33
5 23
6 7
7 44
8 31
9 39
10 17
11 0
12 5
13 46
14 37
15 29
16 35
17 2
18 9
19 3
20 21
21 24
22 12
23 15
24 19
25 8
26 18
27 40
28 25
29 13
30 28
31 10
32 1
33 36
34 42
35 30
36 27
37 6
38 34
39 45
40 22
41 4
42 41
43 38
44 14
45 43
46 16
SIMILAR

40 32 27 14 4 15 3 19 42 23 26 8 25 11 5 35 34 37 39 13 22 2 24 31 30 21 7 29 18 46 12 9 44 38 0 10 33 43 1 17 41 28 16 6 45 20 36 
0 34
1 38
2 21
3 6
4 4
5 14
6 43
7 26
8 11
9 31
10 35
11 13
12 30
13 19
14 3
15 5
16 42
17 39
18 28
19 7
20 45
21 25
22 20
23 9
24 22
25 12
26 10
27 2
28 41
29 27
30 24
31 23
32 1
33 36
34 16
35 15
36 46
37 17
38 33
39 18
40 0
41 40
42 8
43 37
44 32
45 44
46 29
SIMILAR

40 20 36 0 7 45 26 3 44 42 32 9 13 25 18 31 29 1 17 30 38 33 24 2 15 35 43 11 39 12 37 23 41 34 8 19 5 28 27 46 22 10 16 21 4 6 14 
0 3
1 17
2 23
3 7
4 44
5 36
6 45
7 4
8 34
9 11
10 41
11 27
12 29
13 12
14 46
15 24
16 42
17 18
18 14
19 35
20 1
21 43
22 40
23 31
24 22
25 13
26 6
27 38
28 37
29 16
30 19
31 15
32 10
33 21
34 33
35 25
36 2
37 30
38 20
39 28
40 0
41 32
42 9
43 26
44 8
45 5
46 39
SIMILAR

46 36 16 30 38 27 23 0 15 31 35 1 19 21 2 37 43 9 6 20 33 8 10 26 14 41 17 40 44 39 42 29 5 18 24 11 3 28 4 13 32 45 7 22 25 34 12 
0 7
1 11
2 14
3 36
4 38
5 32
6 18
7 42
8 21
9 17
10 22
11 35
12 46
13 39
14 24
15 8
16 2
17 26
18 33
19 12
20 19
21 13
22 43
23 6
24 34
25 44
26 23
27 5
28 37
29 31
30 3
31 9
32 40
33 20
34 45
35 10
36 1
37 15
38 4
39 29
40 27
41 25
42 30
43 16
44 28
45 41
46 0
SIMILAR

34 36 37 29 12 6 43 41 13 30 31 27 3 40 33 28 22 45 39 11 35 2 18 20 21 17 23 24 9 44 14 0 32 10 5 4 7 26 15 19 16 8 38 46 1 42 25 
0 31
1 44
2 21
3 12
4 35
5 34
6 5
7 36
8 41
9 28
10 33
11 19
12 4
13 8
14 30
15 38
16 40
17 25
18 22
19 39
20 23
21 24
22 16
23 26
24 27
25 46
26 37
27 11
28 15
29 3
30 9
31 10
32 32
33 14
34 0
35 20
36 1
37 2
38 42
39 18
40 13
41 7
42 45
43 6
44 29
45 17
46 43
SIMILAR

27 8 15 12 7 11 39 19 1 35 43 23 40 20 5 0 28 34 9 38 25 44 42 14 31 30 41 18 32 37 29 46 2 26 45 16 22 3 33 6 17 36 10 13 24 4 21 
0 15
1 8
2 32
3 37
4 45
5 14
6 39
7 4
8 1
9 18
10 42
11 5
12 3
13 43
14 23
15 2
16 35
17 40
18 27
19 7
20 13
21 46
22 36
23 11
24 44
25 20
26 33
27 0
28 16
29 30
30 25
31 24
32 28
33 38
34 17
35 9
36 41
37 29
38 19
39 6
40 12
41 26
42 22
43 10
44 21
45 34
46 31
SIMILAR

1 45 43 3 24 11 4 28 17 30 32 0 37 38 7 26 29 5 23 41 8 2 18 20 39 19 36 44 34 14 6 27 22 21 42 31 16 15 40 12 9 13 10 33 25 46 35 
0 11
1 0
2 21
3 3
4 6
5 17
6 30
7 14
8 20
9 40
10 42
11 5
12 39
13 41
14 29
15 37
16 36
17 8
18 22
19 25
20 23
21 33
22 32
23 18
24 4
25 44
26 15
27 31
28 7
29 16
30 9
31 35
32 10
33 43
34 28
35 46
36 26
37 12
38 13
39 24
40 38
41 19
42 34
43 2
44 27
45 1
46 45
SIMILAR

13 24 28 41 27 32 3 4 17 18 26 40 21 14 43 42 11 16 9 31 46 29 10 8 22 45 44 1 20 19 25 23 12 0 2 15 6 38 33 35 5 37 7 30 36 39 34 
0 33
1 27
2 34
3 6
4 7
5 40
6 36
7 42
8 23
9 18
10 22
11 16
12 32
13 0
14 13
15 35
16 17
17 8
18 9
19 29
20 28
21 12
22 24
23 31
24 1
25 30
26 10
27 4
28 2
29 21
30 43
31 19
32 5
33 38
34 46
35 39
36 44
37 41
38 37
39 45
40 11
41 3
42 15
43 14
44 26
45 25
46 20
SIMILAR

34 26 20 31 11 35 18 37 12 38 45 29 33 39 13 27 17 16 28 3 24 7 0 2 30 21 46 44 36 4 14 25 15 1 9 19 41 22 43 42 8 6 10 23 40 32 5 
0 22
1 33
2 23
3 19
4 29
5 46
6 41
7 21
8 40
9 34
10 42
11 4
12 8
13 14
14 30
15 32
16 17
17 16
18 6
19 35
20 2
21 25
22 37
23 43
24 20
25 31
26 1
27 15
28 18
29 11
30 24
31 3
32 45
33 12
34 0
35 5
36 28
37 7
38 9
39 13
40 44
41 36
42 39
43 38
44 27
45 10
46 26
SIMILAR

13 39 9 20 42 15 14 8 35 37 22 45 33 31 21 46 3 44 32 16 26 24 5 29 2 6 10 17 28 25 30 7 19 18 27 40 11 4 12 38 41 23 0 1 43 36 34 
0 42
1 43
2 24
3 16
4 37
5 22
6 25
7 31
8 7
9 2
10 26
11 36
12 38
13 0
14 6
15 5
16 19
17 27
18 33
19 32
20 3
21 14
22 10
23 41
24 21
25 29
26 20
27 34
28 28
29 23
30 30
31 13
32 18
33 12
34 46
35 8
36 45
37 9
38 39
39 1
40 35
41 40
42 4
43 44
44 17
45 11
46 15
SIMILAR

22 44 11 26 24 4 30 32 27 2 3 23 20 0 21 19 17 33 9 14 36 25 40 35 39 10 7 5 12 15 34 29 1 46 42 6 13 18 43 45 41 28 8 37 38 16 31 
0 13
1 32
2 9
3 10
4 5
5 27
6 35
7 26
8 42
9 18
10 25
11 2
12 28
13 36
14 19
15 29
16 45
17 16
18 37
19 15
20 12
21 14
22 0
23 11
24 4
25 21
26 3
27 8
28 41
29 31
30 6
31 46
32 7
33 17
34 30
35 23
36 20
37 43
38 44
39 24
40 22
41 40
42 34
43 38
44 1
45 39
46 33
SIMILAR

14 17 34 37 13 11 4 0 18 23 36 3 27 28 39 6 25 26 38 8 46 44 19 10 7 43 32 30 41 31 24 12 20 29 22 35 21 15 16 33 9 1 40 5 45 42 2 
0 7
1 41
2 46
3 11
4 6
5 43
6 15
7 24
8 19
9 40
10 23
11 5
12 31
13 4
14 0
15 37
16 38
17 1
18 8
19 22
20 32
21 36
22 34
23 9
24 30
25 16
26 17
27 12
28 13
29 33
30 27
31 29
32 26
33 39
34 2
35 35
36 10
37 3
38 18
39 14
40 42
41 28
42 45
43 25
44 21
45 44
46 20
SIMILAR

16 32 19 2 35 27 0 42 5 30 14 46 26 11 29 37 24 21 6 17 3 22 15 40 28 45 41 23 44 20 13 1 8 36 43 18 31 9 7 12 10 38 39 33 25 4 34 
0 6
1 31
2 3
3 20
4 45
5 8
6 18
7 38
8 32
9 37
10 40
11 13
12 39
13 30
14 10
15 22
16 0
17 19
18 35
19 2
20 29
21 17
22 21
23 27
24 16
25 44
26 12
27 5
28 24
29 14
30 9
31 36
32 1
33 43
34 46
35 4
36 33
37 15
38 41
39 42
40 23
41 26
42 7
43 34
44 28
45 25
46 11
SIMILAR

24 10 38 36 46 13 43 20 18 4 5 35 14 45 0 17 32 6 21 11 29 26 8 34 23 30 41 37 19 7 22 28 15 3 9 42 12 25 33 40 1 27 2 44 39 16 31 
0 14
1 40
2 42
3 33
4 9
5 10
6 17
7 29
8 22
9 34
10 1
11 19
12 36
13 5
14 12
15 32
16 45
17 15
18 8
19 28
20 7
21 18
22 30
23 24
24 0
25 37
26 21
27 41
28 31
29 20
30 25
31 46
32 16
33 38
34 23
35 11
36 3
37 27
38 2
39 44
40 39
41 26
42 35
43 6
44 43
45 13
46 4
SIMILAR

41 15 34 21 0 13 5 19 22 39 12 4 35 3 30 10 11 38 28 7 18 25 24 45 46 2 31 27 20 17 36 44 16 8 29 42 9 40 6 43 1 37 23 33 14 32 26 
0 4
1 40
2 25
3 13
4 11
5 6
6 38
7 19
8 33
9 36
10 15
11 16
12 10
13 5
14 44
15 1
16 32
17 29
18 20
19 7
20 28
21 3
22 8
23 42
24 22
25 21
26 46
27 27
28 18
29 34
30 14
31 26
32 45
33 43
34 2
35 12
36 30
37 41
38 17
39 9
40 37
41 0
42 35
43 39
44 31
45 23
46 24
SIMILAR

41 26 4 13 45 27 46 38 10 20 29 30 16 15 39 0 28 22 2 33 19 25 35 21 11 23 43 1 3 36 42 37 32 8 31 9 12 34 44 6 14 24 5 7 40 17 18 
0 15
1 27
2 18
3 28
4 2
5 42
6 39
7 43
8 33
9 35
10 8
11 24
12 36
13 3
14 40
15 13
16 12
17 45
18 46
19 20
20 9
21 23
22 17
23 25
24 41
25 21
26 1
27 5
28 16
29 10
30 11
31 34
32 32
33 19
34 37
35 22
36 29
37 31
38 7
39 14
40 44
41 0
42 30
43 26
44 38
45 4
46 6
SIMILAR

26 21 8 7 37 12 24 15 6 4 32 19 36 9 3 40 44 22 14 18 13 43 30 29 34 25 0 11 5 16 45 2 35 39 31 41 27 33 23 1 17 28 38 46 42 10 20 
0 26
1 39
2 31
3 14
4 9
5 28
6 8
7 3
8 2
9 13
10 45
11 27
12 5
13 20
14 18
15 7
16 29
17 40
18 19
19 11
20 46
21 1
22 17
23 38
24 6
25 25
26 0
27 36
28 41
29 23
30 22
31 34
32 10
33 37
34 24
35 32
36 12
37 4
38 42
39 33
40 15
41 35
42 44
43 21
44 16
45 30
46 43
SIMILAR

46 17 40 31 0 35 33 18 21 27 23 20 36 6 28 39 5 3 30 12 13 16 22 25 19 1 4 24 14 29 41 8 37 26 10 7 43 45 34 44 42 11 38 9 2 32 15 
0 4
1 25
2 44
3 17
4 26
5 16
6 13
7 35
8 31
9 43
10 34
11 41
12 19
13 20
14 28
15 46
16 21
17 1
18 7
19 24
20 11
21 8
22 22
23 10
24 27
25 23
26 33
27 9
28 14
29 29
30 18
31 3
32 45
33 6
34 38
35 5
36 12
37 32
38 42
39 15
40 2
41 30
42 40
43 36
44 39
45 37
46 0
SIMILAR

13 25 41 38 1 15 14 23 44 21 17 30 36 12 7 45 40 11 8 27 26 9 19 4 28 37 24 32 43 39 5 34 10 3 2 29 31 33 46 18 22 35 16 20 42 0 6 
0 45
1 4
2 34
3 33
4 23
5 30
6 46
7 14
8 18
9 21
10 32
11 17
12 13
13 0
14 6
15 5
16 42
17 10
18 39
19 22
20 43
21 9
22 40
23 7
24 26
25 1
26 20
27 19
28 24
29 35
30 11
31 36
32 27
33 37
34 31
35 41
36 12
37 25
38 3
39 29
40 16
41 2
42 44
43 28
44 8
45 15
46 38
SIMILAR

2 42 14 1 3 15 23 39 35 43 9 46 22 4 7 44 24 20 18 12 6 13 31 32 34 25 38 30 28 40 37 26 19 41 27 36 17 8 33 29 5 11 0 16 10 45 21 
0 42
1 3
2 0
3 4
4 13
5 40
6 20
7 14
8 37
9 10
10 44
11 41
12 19
13 21
14 2
15 5
16 43
17 36
18 18
19 32
20 17
21 46
22 12
23 6
24 16
25 25
26 31
27 34
28 28
29 39
30 27
31 22
32 23
33 38
34 24
35 8
36 35
37 30
38 26
39 7
40 29
41 33
42 1
43 9
44 15
45 45
46 11
SIMILAR

21 42 13 44 23 12 22 7 38 6 5 4 30 20 39 46 1 17 36 28 33 8 25 24 40 14 11 27 37 3 43 19 26 10 9 2 32 18 0 29 35 15 31 34 16 45 41 
0 38
1 16
2 35
3 29
4 11
5 10
6 9
7 7
8 21
9 34
10 33
11 26
12 5
13 2
14 25
15 41
16 44
17 17
18 37
19 31
20 13
21 0
22 6
23 4
24 23
25 22
26 32
27 27
28 19
29 39
30 12
31 42
32 36
33 20
34 43
35 40
36 18
37 28
38 8
39 14
40 24
41 46
42 1
43 30
44 3
45 45
46 15
SIMILAR

18 42 35 38 3 43 4 6 41 33 16 15 34 31 26 2 36 27 44 46 20 40 12 23 13 7 32 14 30 17 37 19 11 39 21 25 1 28 5 9 8 24 45 10 0 29 22 
0 44
1 36
2 15
3 4
4 6
5 38
6 7
7 25
8 40
9 39
10 43
11 32
12 22
13 24
14 27
15 11
16 10
17 29
18 0
19 31
20 20
21 34
22 46
23 23
24 41
25 35
26 14
27 17
28 37
29 45
30 28
31 13
32 26
33 9
34 12
35 2
36 16
37 30
38 3
39 33
40 21
41 8
42 1
43 5
44 18
45 42
46 19
SIMILAR

17 24 3 37 21 1 0 25 42 11 10 16 12 13 40 28 8 2 4 33 31 45 32 19 46 35 29 22 23 20 44 26 41 39 36 6 27 7 9 18 5 30 38 34 14 15 43 
0 6
1 5
2 17
3 2
4 18
5 40
6 35
7 37
8 16
9 38
10 10
11 9
12 12
13 13
14 44
15 45
16 11
17 0
18 39
19 23
20 29
21 4
22 27
23 28
24 1
25 7
26 31
27 36
28 15
29 26
30 41
31 20
32 22
33 19
34 43
35 25
36 34
37 3
38 42
39 33
40 14
41 32
42 8
43 46
44 30
45 21
46 24
SIMILAR

45 30 25 1 22 36 5 44 15 12 40 37 4 27 16 20 34 39 8 2 26 9 21 38 6 10 13 18 23 28 0 7 33 17 3 24 41 46 42 43 31 29 32 19 35 14 11 
0 30
1 3
2 19
3 34
4 12
5 6
6 24
7 31
8 18
9 21
10 25
11 46
12 9
13 26
14 45
15 8
16 14
17 33
18 27
19 43
20 15
21 22
22 4
23 28
24 35
25 2
26 20
27 13
28 29
29 41
30 1
31 40
32 42
33 32
34 16
35 44
36 5
37 11
38 23
39 17
40 10
41 36
42 38
43 39
44 7
45 0
46 37
SIMILAR

22 15 14 13 25 20 12 10 43 45 35 46 11 18 29 33 30 40 31 32 8 7 1 17 42 3 23 21 16 6 4 37 36 19 5 24 2 28 38 27 41 0 9 44 26 34 39 
0 41
1 22
2 36
3 25
4 30
5 34
6 29
7 21
8 20
9 42
10 7
11 12
12 6
13 3
14 2
15 1
16 28
17 23
18 13
19 33
20 5
21 27
22 0
23 26
24 35
25 4
26 44
27 39
28 37
29 14
30 16
31 18
32 19
33 15
34 45
35 10
36 32
37 31
38 38
39 46
40 17
41 40
42 24
43 8
44 43
45 9
46 11
SIMILAR

17 32 11 29 37 34 46 10 40 20 6 43 38 35 28 15 36 14 21 42 30 3 4 1 39 12 24 0 25 27 8 5 22 16 18 45 13 33 7 19 41 9 44 23 31 2 26 
0 27
1 23
2 45
3 21
4 22
5 31
6 10
7 38
8 30
9 41
10 7
11 2
12 25
13 36
14 17
15 15
16 33
17 0
18 34
19 39
20 9
21 18
22 32
23 43
24 26
25 28
26 46
27 29
28 14
29 3
30 20
31 44
32 1
33 37
34 5
35 13
36 16
37 4
38 12
39 24
40 8
41 40
42 19
43 11
44 42
45 35
46 6
SIMILAR

5 17 28 25 10 4 12 8 14 33 41 16 37 46 18 44 13 1 15 26 24 21 6 0 32 36 39 9 30 40 34 20 38 29 19 45 31 2 43 42 23 7 22 3 35 11 27 
0 23
1 17
2 37
3 43
4 5
5 0
6 22
7 41
8 7
9 27
10 4
11 45
12 6
13 16
14 8
15 18
16 11
17 1
18 14
19 34
20 31
21 21
22 42
23 40
24 20
25 3
26 19
27 46
28 2
29 33
30 28
31 36
32 24
33 9
34 30
35 44
36 25
37 12
38 32
39 26
40 29
41 10
42 39
43 38
44 15
45 35
46 13
SIMILAR

11 26 12 31 23 30 44 24 28 34 17 9 7 42 43 41 6 25 45 38 4 35 16 15 37 0 14 3 1 2 5 39 22 8 27 46 21 29 36 18 10 19 40 20 33 32 13 
0 25
1 28
2 29
3 27
4 20
5 30
6 16
7 12
8 33
9 11
10 40
11 0
12 2
13 46
14 26
15 23
16 22
17 10
18 39
19 41
20 43
21 36
22 32
23 4
24 7
25 17
26 1
27 34
28 8
29 37
30 5
31 3
32 45
33 44
34 9
35 21
36 38
37 24
38 19
39 31
40 42
41 15
42 13
43 14
44 6
45 18
46 35
SIMILAR

4 6 18 2 24 5 0 31 43 40 3 1 7 41 27 39 25 45 36 19 35 21 30 26 42 12 34 9 32 14 11 10 37 29 33 17 13 46 38 28 44 22 16 15 20 23 8 
0 6
1 11
2 3
3 10
4 0
5 5
6 1
7 12
8 46
9 27
10 31
11 30
12 25
13 36
14 29
15 43
16 42
17 35
18 2
19 19
20 44
21 21
22 41
23 45
24 4
25 16
26 23
27 14
28 39
29 33
30 22
31 7
32 28
33 34
34 26
35 20
36 18
37 32
38 38
39 15
40 9
41 13
42 24
43 8
44 40
45 17
46 37
SIMILAR

31 12 9 13 41 4 28 1 7 8 20 6 35 45 3 37 22 40 42 43 25 21 2 46 38 44 27 15 34 17 0 16 10 24 36 18 5 33 19 29 14 32 30 23 26 39 11 
0 30
1 7
2 22
3 14
4 5
5 36
6 11
7 8
8 9
9 2
10 32
11 46
12 1
13 3
14 40
15 27
16 31
17 29
18 35
19 38
20 10
21 21
22 16
23 43
24 33
25 20
26 44
27 26
28 6
29 39
30 42
31 0
32 41
33 37
34 28
35 12
36 34
37 15
38 24
39 45
40 17
41 4
42 18
43 19
44 25
45 13
46 23
SIMILAR

32 31 41 12 20 26 28 24 14 27 13 44 42 22 23 1 19 46 4 39 11 3 18 7 34 40 10 43 30 21 35 45 33 0 16 6 25 36 8 15 37 38 9 2 17 5 29 
0 33
1 15
2 43
3 21
4 18
5 45
6 35
7 23
8 38
9 42
10 26
11 20
12 3
13 10
14 8
15 39
16 34
17 44
18 22
19 16
20 4
21 29
22 13
23 14
24 7
25 36
26 5
27 9
28 6
29 46
30 28
31 1
32 0
33 32
34 24
35 30
36 37
37 40
38 41
39 19
40 25
41 2
42 12
43 27
44 11
45 31
46 17
SIMILAR

22 23 42 39 32 10 44 14 26 40 8 16 34 17 41 12 33 35 46 20 38 25 6 2 27 7 29 21 5 31 11 24 4 13 19 1 30 15 36 28 45 43 37 3 9 0 18 
0 45
1 35
2 23
3 43
4 32
5 28
6 22
7 25
8 10
9 44
10 5
11 30
12 15
13 33
14 7
15 37
16 11
17 13
18 46
19 34
20 19
21 27
22 0
23 1
24 31
25 21
26 8
27 24
28 39
29 26
30 36
31 29
32 4
33 16
34 12
35 17
36 38
37 42
38 20
39 3
40 9
41 14
42 2
43 41
44 6
45 40
46 18
SIMILAR

42 46 11 4 43 5 12 35 31 44 36 45 23 38 1 24 29 20 37 22 8 9 0 16 32 30 27 10 21 19 6 28 34 41 7 33 14 40 17 39 18 2 26 13 15 3 25 
0 22
1 14
2 41
3 45
4 3
5 5
6 30
7 34
8 20
9 21
10 27
11 2
12 6
13 43
14 36
15 44
16 23
17 38
18 40
19 29
20 17
21 28
22 19
23 12
24 15
25 46
26 42
27 26
28 31
29 16
30 25
31 8
32 24
33 35
34 32
35 7
36 10
37 18
38 13
39 39
40 37
41 33
42 0
43 4
44 9
45 11
46 1
SIMILAR

23 5 13 16 22 29 38 4 19 24 0 17 1 31 33 32 14 21 40 25 45 42 26 27 46 11 36 12 37 6 44 34 39 15 2 41 35 9 7 20 18 43 3 28 30 10 8 
0 10
1 12
2 34
3 42
4 7
5 1
6 29
7 38
8 46
9 37
10 45
11 25
12 27
13 2
14 16
15 33
16 3
17 11
18 40
19 8
20 39
21 17
22 4
23 0
24 9
25 19
26 22
27 23
28 43
29 5
30 44
31 13
32 15
33 14
34 31
35 36
36 26
37 28
38 6
39 32
40 18
41 35
42 21
43 41
44 30
45 20
46 24
SIMILAR

38 12 34 15 45 10 32 39 18 24 37 8 40 36 20 30 13 5 25 33 21 29 1 14 7 43 0 9 31 26 28 44 19 46 16 6 22 2 3 11 42 35 23 17 41 4 27 
0 26
1 22
2 37
3 38
4 45
5 17
6 35
7 24
8 11
9 27
10 5
11 39
12 1
13 16
14 23
15 3
16 34
17 43
18 8
19 32
20 14
21 20
22 36
23 42
24 9
25 18
26 29
27 46
28 30
29 21
30 15
31 28
32 6
33 19
34 2
35 41
36 13
37 10
38 0
39 7
40 12
41 44
42 40
43 25
44 31
45 4
46 33
SIMILAR

0 1 39 31 18 42 12 10 34 45 30 20 5 35 8 24 4 22 2 17 43 3 44 9 28 33 41 37 6 32 19 11 46 38 7 29 27 13 15 40 25 23 16 26 36 21 14 
0 0
1 1
2 18
3 21
4 16
5 12
6 28
7 34
8 14
9 23
10 7
11 31
12 6
13 37
14 46
15 38
16 42
17 19
18 4
19 30
20 11
21 45
22 17
23 41
24 15
25 40
26 43
27 36
28 24
29 35
30 10
31 3
32 29
33 25
34 8
35 13
36 44
37 27
38 33
39 2
40 39
41 26
42 5
43 20
44 22
45 9
46 32
SIMILAR

6 37 9 29 7 3 39 4 10 28 11 25 27 0 45 35 31 19 40 18 8 16 38 46 44 5 24 2 43 33 26 41 13 30 15 36 34 21 1 32 14 20 22 12 17 23 42 
0 13
1 38
2 27
3 5
4 7
5 25
6 0
7 4
8 20
9 2
10 8
11 10
12 43
13 32
14 40
15 34
16 21
17 44
18 19
19 17
20 41
21 37
22 42
23 45
24 26
25 11
26 30
27 12
28 9
29 3
30 33
31 16
32 39
33 29
34 36
35 15
36 35
37 1
38 22
39 6
40 18
41 31
42 46
43 28
44 24
45 14
46 23
SIMILAR

44 31 2 26 0 18 11 33 30 16 25 7 34 32 21 42 28 22 15 20 8 13 5 29 14 24 46 3 41 27 12 17 45 1 39 4 43 37 36 10 23 40 35 19 38 6 9 
0 4
1 33
2 2
3 27
4 35
5 22
6 45
7 11
8 20
9 46
10 39
11 6
12 30
13 21
14 24
15 18
16 9
17 31
18 5
19 43
20 19
21 14
22 17
23 40
24 25
25 10
26 3
27 29
28 16
29 23
30 8
31 1
32 13
33 7
34 12
35 42
36 38
37 37
38 44
39 34
40 41
41 28
42 15
43 36
44 0
45 32
46 26
SIMILAR

38 8 35 16 2 10 43 5 42 22 33 14 41 28 6 11 37 0 12 13 45 26 32 15 18 17 25 9 19 34 40 24 3 46 30 21 27 7 44 36 39 31 1 4 23 20 29 
0 17
1 42
2 4
3 32
4 43
5 7
6 14
7 37
8 1
9 27
10 5
11 15
12 18
13 19
14 11
15 23
16 3
17 25
18 24
19 28
20 45
21 35
22 9
23 44
24 31
25 26
26 21
27 36
28 13
29 46
30 34
31 41
32 22
33 10
34 29
35 2
36 39
37 16
38 0
39 40
40 30
41 12
42 8
43 6
44 38
45 20
46 33
SIMILAR

43 41 33 38 46 9 26 22 19 28 13 15 25 3 32 8 40 27 5 34 18 39 44 17 10 21 12 7 0 14 6 11 36 45 29 31 20 16 23 1 30 35 42 24 4 37 2 
0 28
1 39
2 46
3 13
4 44
5 18
6 30
7 27
8 15
9 5
10 24
11 31
12 26
13 10
14 29
15 11
16 37
17 23
18 20
19 8
20 36
21 25
22 7
23 38
24 43
25 12
26 6
27 17
28 9
29 34
30 40
31 35
32 14
33 2
34 19
35 41
36 32
37 45
38 3
39 21
40 16
41 1
42 42
43 0
44 22
45 33
46 4
SIMILAR

36 45 30 20 18 7 13 23 27 15 33 9 6 26 3 16 17 19 43 46 39 40 8 0 24 12 44 42 38 10 29 22 32 2 35 21 5 31 25 14 37 11 4 34 1 41 28 
0 23
1 44
2 33
3 14
4 42
5 36
6 12
7 5
8 22
9 11
10 29
11 41
12 25
13 6
14 39
15 9
16 15
17 16
18 4
19 17
20 3
21 35
22 31
23 7
24 24
25 38
26 13
27 8
28 46
29 30
30 2
31 37
32 32
33 10
34 43
35 34
36 0
37 40
38 28
39 20
40 21
41 45
42 27
43 18
44 26
45 1
46 19
SIMILAR

32 30 42 45 11 19 17 20 6 37 8 1 15 36 22 38 16 41 33 21 13 25 28 46 2 34 5 24 4 12 40 14 3 29 0 39 7 35 23 43 26 10 31 44 27 18 9 
0 34
1 11
2 24
3 32
4 28
5 26
6 8
7 36
8 10
9 46
10 41
11 4
12 29
13 20
14 31
15 12
16 16
17 6
18 45
19 5
20 7
21 19
22 14
23 38
24 27
25 21
26 40
27 44
28 22
29 33
30 1
31 42
32 0
33 18
34 25
35 37
36 13
37 9
38 15
39 35
40 30
41 17
42 2
43 39
44 43
45 3
46 23
SIMILAR

25 43 42 19 21 14 3 37 40 41 38 1 8 4 45 27 17 28 30 26 13 15 2 29 46 0 24 16 44 36 23 39 32 10 35 9 22 20 7 31 12 18 5 34 11 6 33 
0 25
1 11
2 22
3 6
4 13
5 42
6 45
7 38
8 12
9 35
10 33
11 44
12 40
13 20
14 5
15 21
16 27
17 16
18 41
19 3
20 37
21 4
22 36
23 30
24 26
25 0
26 19
27 15
28 17
29 23
30 18
31 39
32 32
33 46
34 43
35 34
36 29
37 7
38 10
39 31
40 8
41 9
42 2
43 1
44 28
45 14
46 24
SIMILAR

15 12 30 23 17 7 28 14 18 3 1 37 35 5 29 6 8 32 22 19 25 33 31 34 38 9 46 45 16 10 36 43 44 40 0 2 27 41 11 39 26 24 13 20 21 4 42 
0 34
1 10
2 35
3 9
4 45
5 13
6 15
7 5
8 16
9 25
10 29
11 38
12 1
13 42
14 7
15 0
16 28
17 4
18 8
19 19
20 43
21 44
22 18
23 3
24 41
25 20
26 40
27 36
28 6
29 14
30 2
31 22
32 17
33 21
34 23
35 12
36 30
37 11
38 24
39 39
40 33
41 37
42 46
43 31
44 32
45 27
46 26
SIMILAR

36 31 44 5 33 11 15 45 3 46 1 23 37 6 32 12 27 14 43 28 16 19 40 8 41 30 2 39 24 17 25 18 4 22 9 10 26 7 34 38 29 20 21 35 0 13 42 
0 44
1 10
2 26
3 8
4 32
5 3
6 13
7 37
8 23
9 34
10 35
11 5
12 15
13 45
14 17
15 6
16 20
17 29
18 31
19 21
20 41
21 42
22 33
23 11
24 28
25 30
26 36
27 16
28 19
29 40
30 25
31 1
32 14
33 4
34 38
35 43
36 0
37 12
38 39
39 27
40 22
41 24
42 46
43 18
44 2
45 7
46 9
SIMILAR

34 25 30 17 11 27 4 33 14 44 45 7 18 31 29 43 46 1 8 6 15 5 42 37 19 38 35 23 24 0 9 3 2 12 10 13 32 41 26 40 39 22 36 28 21 16 20 
0 29
1 17
2 32
3 31
4 6
5 21
6 19
7 11
8 18
9 30
10 34
11 4
12 33
13 35
14 8
15 20
16 45
17 3
18 12
19 24
20 46
21 44
22 41
23 27
24 28
25 1
26 38
27 5
28 43
29 14
30 2
31 13
32 36
33 7
34 0
35 26
36 42
37 23
38 25
39 40
40 39
41 37
42 22
43 15
44 9
45 10
46 16
SIMILAR

14 40 19 22 13 42 15 11 25 30 8 0 6 18 29 31 35 32 36 44 43 3 33 41 38 34 9 1 2 37 4 10 5 12 20 17 21 27 26 23 46 24 28 45 16 39 7 
0 11
1 27
2 28
3 21
4 30
5 32
6 12
7 46
8 10
9 26
10 31
11 7
12 33
13 4
14 0
15 6
16 44
17 35
18 13
19 2
20 34
21 36
22 3
23 39
24 41
25 8
26 38
27 37
28 42
29 14
30 9
31 15
32 17
33 22
34 25
35 16
36 18
37 29
38 24
39 45
40 1
41 23
42 5
43 20
44 19
45 43
46 40
SIMILAR

16 32 28 7 37 22 29 46 13 43 3 15 34 10 39 45 18 20 26 9 5 40 31 42 19 24 2 14 17 21 25 0 23 35 27 1 36 11 30 44 41 4 12 38 8 33 6 
0 31
1 35
2 26
3 10
4 41
5 20
6 46
7 3
8 44
9 19
10 13
11 37
12 42
13 8
14 27
15 11
16 0
17 28
18 16
19 24
20 17
21 29
22 5
23 32
24 25
25 30
26 18
27 34
28 2
29 6
30 38
31 22
32 1
33 45
34 12
35 33
36 36
37 4
38 43
39 14
40 21
41 40
42 23
43 9
44 39
45 15
46 7
SIMILAR

15 23 31 44 21 18 29 4 41 8 3 46 37 26 40 42 38 1 36 10 27 0 24 35 33 9 13 20 22 16 6 28 14 17 45 39 43 11 25 34 7 12 2 30 32 19 5 
0 21
1 17
2 42
3 10
4 7
5 46
6 30
7 40
8 9
9 25
10 19
11 37
12 41
13 26
14 32
15 0
16 29
17 33
18 5
19 45
20 27
21 4
22 28
23 1
24 22
25 38
26 13
27 20
28 31
29 6
30 43
31 2
32 44
33 24
34 39
35 23
36 18
37 12
38 16
39 35
40 14
41 8
42 15
43 36
44 3
45 34
46 11
SIMILAR

32 24 37 12 36 34 31 45 28 40 16 20 22 18 43 9 6 23 3 26 29 0 44 46 41 25 35 39 33 15 14 2 13 38 8 27 21 42 30 10 19 11 4 1 7 17 5 
0 21
1 43
2 31
3 18
4 42
5 46
6 16
7 44
8 34
9 15
10 39
11 41
12 3
13 32
14 30
15 29
16 10
17 45
18 13
19 40
20 11
21 36
22 12
23 17
24 1
25 25
26 19
27 35
28 8
29 20
30 38
31 6
32 0
33 28
34 5
35 26
36 4
37 2
38 33
39 27
40 9
41 24
42 37
43 14
44 22
45 7
46 23
SIMILAR

37 25 30 10 13 4 26 9 22 5 42 35 43 19 41 7 12 29 0 17 38 24 31 2 16 40 14 15 28 3 8 46 44 20 36 27 34 6 33 18 32 45 11 39 23 21 1 
0 18
1 46
2 23
3 29
4 5
5 9
6 37
7 15
8 30
9 7
10 3
11 42
12 16
13 4
14 26
15 27
16 24
17 19
18 39
19 13
20 33
21 45
22 8
23 44
24 21
25 1
26 6
27 35
28 28
29 17
30 2
31 22
32 40
33 38
34 36
35 11
36 34
37 0
38 20
39 43
40 25
41 14
42 10
43 12
44 32
45 41
46 31
SIMILAR

38 39 23 45 6 44 5 27 1 15 32 34 8 18 3 40 20 16 10 26 35 0 22 24 11 4 46 41 2 25 31 7 30 21 14 29 13 42 28 9 43 37 33 12 36 19 17 
0 21
1 8
2 28
3 14
4 25
5 6
6 4
7 31
8 12
9 39
10 18
11 24
12 43
13 36
14 34
15 9
16 17
17 46
18 13
19 45
20 16
21 33
22 22
23 2
24 23
25 29
26 19
27 7
28 38
29 35
30 32
31 30
32 10
33 42
34 11
35 20
36 44
37 41
38 0
39 1
40 15
41 27
42 37
43 40
44 5
45 3
46 26
SIMILAR

23 26 46 40 18 33 14 21 3 34 32 0 30 10 38 7 39 17 15 9 36 44 24 13 8 28 12 31 41 37 25 5 1 16 43 45 19 4 11 29 6 2 42 22 20 35 27 
0 11
1 32
2 41
3 8
4 37
5 31
6 40
7 15
8 24
9 19
10 13
11 38
12 26
13 23
14 6
15 18
16 33
17 17
18 4
19 36
20 44
21 7
22 43
23 0
24 22
25 30
26 1
27 46
28 25
29 39
30 12
31 27
32 10
33 5
34 9
35 45
36 20
37 29
38 14
39 16
40 3
41 28
42 42
43 34
44 21
45 35
46 2
SIMILAR

15 42 8 19 41 44 4 46 45 26 36 29 23 37 30 18 1 38 0 16 28 14 24 27 40 6 20 22 17 3 25 31 7 11 32 12 13 39 35 5 34 9 33 43 10 2 21 
0 18
1 16
2 45
3 29
4 6
5 39
6 25
7 32
8 2
9 41
10 44
11 33
12 35
13 36
14 21
15 0
16 19
17 28
18 15
19 3
20 26
21 46
22 27
23 12
24 22
25 30
26 9
27 23
28 20
29 11
30 14
31 31
32 34
33 42
34 40
35 38
36 10
37 13
38 17
39 37
40 24
41 4
42 1
43 43
44 5
45 8
46 7
SIMILAR

33 44 5 15 29 24 2 7 11 40 12 34 39 19 1 16 22 26 38 20 14 41 30 37 0 6 23 8 18 13 9 25 42 43 3 36 27 17 45 31 21 35 4 28 46 10 32 
0 24
1 14
2 6
3 34
4 42
5 2
6 25
7 7
8 27
9 30
10 45
11 8
12 10
13 29
14 20
15 3
16 15
17 37
18 28
19 13
20 19
21 40
22 16
23 26
24 5
25 31
26 17
27 36
28 43
29 4
30 22
31 39
32 46
33 0
34 11
35 41
36 35
37 23
38 18
39 12
40 9
41 21
42 32
43 33
44 1
45 38
46 44
SIMILAR

7 37 30 10 0 42 25 19 36 2 40 46 45 35 22 21 6 15 8 34 28 11 5 26 24 14 16 31 18 33 32 4 38 39 41 12 1 13 23 3 20 29 44 43 17 9 27 
0 4
1 36
2 9
3 39
4 31
5 22
6 16
7 0
8 18
9 45
10 3
11 21
12 35
13 37
14 25
15 17
16 26
17 44
18 28
19 7
20 40
21 15
22 14
23 38
24 24
25 6
26 23
27 46
28 20
29 41
30 2
31 27
32 30
33 29
34 19
35 13
36 8
37 1
38 32
39 33
40 10
41 34
42 5
43 43
44 42
45 12
46 11
SIMILAR

14 35 20 39 17 31 28 45 38 5 13 44 23 24 27 19 2 33 25 8 41 40 6 7 10 12 43 9 4 42 36 18 37 32 46 22 26 0 1 15 34 30 11 3 16 29 21 
0 37
1 38
2 16
3 43
4 28
5 9
6 22
7 23
8 19
9 27
10 24
11 42
12 25
13 10
14 0
15 39
16 44
17 4
18 31
19 15
20 2
21 46
22 35
23 12
24 13
25 18
26 36
27 14
28 6
29 45
30 41
31 5
32 33
33 17
34 40
35 1
36 30
37 32
38 8
39 3
40 21
41 20
42 29
43 26
44 11
45 7
46 34
SIMILAR

10 31 13 0 45 29 21 2 11 18 28 22 14 37 1 35 25 43 30 6 41 19 23 40 5 8 20 32 34 38 9 39 15 4 17 24 3 12 7 33 36 42 27 26 44 46 16 
0 3
1 14
2 7
3 36
4 33
5 24
6 19
7 38
8 25
9 30
10 0
11 8
12 37
13 2
14 12
15 32
16 46
17 34
18 9
19 21
20 26
21 6
22 11
23 22
24 35
25 16
26 43
27 42
28 10
29 5
30 18
31 1
32 27
33 39
34 28
35 15
36 40
37 13
38 29
39 31
40 23
41 20
42 41
43 17
44 44
45 4
46 45
SIMILAR

40 24 25 18 0 23 15 42 32 26 21 12 22 13 14 29 1 5 7 17 31 3 41 6 34 46 38 2 45 37 4 19 36 30 20 27 44 33 35 11 8 16 9 28 43 39 10 
0 4
1 16
2 27
3 21
4 30
5 17
6 23
7 18
8 40
9 42
10 46
11 39
12 11
13 13
14 14
15 6
16 41
17 19
18 3
19 31
20 34
21 10
22 12
23 5
24 1
25 2
26 9
27 35
28 43
29 15
30 33
31 20
32 8
33 37
34 24
35 38
36 32
37 29
38 26
39 45
40 0
41 22
42 7
43 44
44 36
45 28
46 25
SIMILAR

11 36 25 9 2 37 44 27 39 21 38 31 8 30 17 40 32 41 23 22 43 6 42 34 33 12 14 24 19 10 5 7 26 16 0 28 45 3 1 46 15 20 13 18 4 35 29 
0 34
1 38
2 4
3 37
4 44
5 30
6 21
7 31
8 12
9 3
10 29
11 0
12 25
13 42
14 26
15 40
16 33
17 14
18 43
19 28
20 41
21 9
22 19
23 18
24 27
25 2
26 32
27 7
28 35
29 46
30 13
31 11
32 16
33 24
34 23
35 45
36 1
37 5
38 10
39 8
40 15
41 17
42 22
43 20
44 6
45 36
46 39
SIMILAR

43 15 21 24 9 40 37 18 29 12 30 35 4 41 33 28 7 11 26 39 16 8 10 42 23 13 25 46 36 0 1 14 45 3 38 32 6 19 2 34 27 44 17 22 5 31 20 
0 29
1 30
2 38
3 33
4 12
5 44
6 36
7 16
8 21
9 4
10 22
11 17
12 9
13 25
14 31
15 1
16 20
17 42
18 7
19 37
20 46
21 2
22 43
23 24
24 3
25 26
26 18
27 40
28 15
29 8
30 10
31 45
32 35
33 14
34 39
35 11
36 28
37 6
38 34
39 19
40 5
41 13
42 23
43 0
44 41
45 32
46 27
SIMILAR

28 35 13 29 7 41 40 8 19 0 26 37 24 14 33 9 43 17 16 11 2 3 31 38 34 46 18 15 21 36 45 20 42 6 30 23 4 32 22 44 39 12 5 1 27 25 10 
0 9
1 43
2 20
3 21
4 36
5 42
6 33
7 4
8 7
9 15
10 46
11 19
12 41
13 2
14 13
15 27
16 18
17 17
18 26
19 8
20 31
21 28
22 38
23 35
24 12
25 45
26 10
27 44
28 0
29 3
30 34
31 22
32 37
33 14
34 24
35 1
36 29
37 11
38 23
39 40
40 6
41 5
42 32
43 16
44 39
45 30
46 25
SIMILAR

14 36 43 31 29 25 37 24 44 42 27 2 4 39 7 28 3 21 34 26 45 15 10 22 9 11 40 6 12 18 8 33 19 13 46 20 30 35 38 5 1 32 41 16 0 23 17 
0 44
1 40
2 11
3 16
4 12
5 39
6 27
7 14
8 30
9 24
10 22
11 25
12 28
13 33
14 0
15 21
16 43
17 46
18 29
19 32
20 35
21 17
22 23
23 45
24 7
25 5
26 19
27 10
28 15
29 4
30 36
31 3
32 41
33 31
34 18
35 37
36 1
37 6
38 38
39 13
40 26
41 42
42 9
43 2
44 8
45 20
46 34
SIMILAR

40 36 39 31 5 44 35 23 4 34 11 12 28 45 20 6 0 43 29 22 46 8 32 26 16 2 19 14 33 7 38 37 24 18 27 25 30 15 42 17 9 21 1 3 10 13 41 
0 16
1 42
2 25
3 43
4 8
5 4
6 15
7 29
8 21
9 40
10 44
11 10
12 11
13 45
14 27
15 37
16 24
17 39
18 33
19 26
20 14
21 41
22 19
23 7
24 32
25 35
26 23
27 34
28 12
29 18
30 36
31 3
32 22
33 28
34 9
35 6
36 1
37 31
38 30
39 2
40 0
41 46
42 38
43 17
44 5
45 13
46 20
SIMILAR

38 0 9 25 39 37 36 3 43 2 45 14 8 30 11 34 5 28 44 22 19 18 32 4 33 16 26 41 46 23 24 35 10 12 42 40 6 20 15 21 1 17 31 29 7 27 13 
0 1
1 40
2 9
3 7
4 23
5 16
6 36
7 44
8 12
9 2
10 32
11 14
12 33
13 46
14 11
15 38
16 25
17 41
18 21
19 20
20 37
21 39
22 19
23 29
24 30
25 3
26 26
27 45
28 17
29 43
30 13
31 42
32 22
33 24
34 15
35 31
36 6
37 5
38 0
39 4
40 35
41 27
42 34
43 8
44 18
45 10
46 28
SIMILAR

46 42 8 16 10 20 37 3 28 12 9 15 22 24 0 7 4 30 2 23 5 13 6 44 19 43 18 11 21 34 31 39 32 45 26 17 40 25 1 36 29 33 41 38 27 35 14 
0 14
1 38
2 18
3 7
4 16
5 20
6 22
7 15
8 2
9 10
10 4
11 27
12 9
13 21
14 46
15 11
16 3
17 35
18 26
19 24
20 5
21 28
22 12
23 19
24 13
25 37
26 34
27 44
28 8
29 40
30 17
31 30
32 32
33 41
34 29
35 45
36 39
37 6
38 43
39 31
40 36
41 42
42 1
43 25
44 23
45 33
46 0
SIMILAR

16 33 39 22 5 25 14 31 6 38 20 46 7 29 30 32 1 37 44 24 45 0 17 34 13 40 18 11 3 28 42 10 21 4 41 12 8 23 2 43 26 27 15 19 9 36 35 
0 21
1 16
2 38
3 28
4 33
5 4
6 8
7 12
8 36
9 44
10 31
11 27
12 35
13 24
14 6
15 42
16 0
17 22
18 26
19 43
20 10
21 32
22 3
23 37
24 19
25 5
26 40
27 41
28 29
29 13
30 14
31 7
32 15
33 1
34 23
35 46
36 45
37 17
38 9
39 2
40 25
41 34
42 30
43 39
44 18
45 20
46 11
SIMILAR

41 37 0 44 10 30 15 9 34 24 23 29 42 46 21 5 27 28 33 13 40 36 3 31 18 32 6 19 43 20 38 25 4 14 17 8 7 1 22 12 39 35 16 26 11 45 2 
0 2
1 37
2 46
3 22
4 32
5 15
6 26
7 36
8 35
9 7
10 4
11 44
12 39
13 19
14 33
15 6
16 42
17 34
18 24
19 27
20 29
21 14
22 38
23 10
24 9
25 31
26 43
27 16
28 17
29 11
30 5
31 23
32 25
33 18
34 8
35 41
36 21
37 1
38 30
39 40
40 20
41 0
42 12
43 28
44 3
45 45
46 13
SIMILAR

5 16 19 7 0 34 14 20 25 24 28 42 10 36 33 2 39 8 37 45 23 15 17 44 43 27 13 38 35 12 6 3 18 21 30 22 29 32 40 11 1 46 41 9 26 31 4 
0 4
1 40
2 15
3 31
4 46
5 0
6 30
7 3
8 17
9 43
10 12
11 39
12 29
13 26
14 6
15 21
16 1
17 22
18 32
19 2
20 7
21 33
22 35
23 20
24 9
25 8
26 44
27 25
28 10
29 36
30 34
31 45
32 37
33 14
34 5
35 28
36 13
37 18
38 27
39 16
40 38
41 42
42 11
43 24
44 23
45 19
46 41
SIMILAR

12 0 6 15 20 22 14 41 13 25 16 40 8 17 33 36 23 5 24 7 32 30 31 39 3 42 19 10 18 46 35 44 43 27 28 45 21 4 2 9 37 26 11 1 29 38 34 
0 1
1 43
2 38
3 24
4 37
5 17
6 2
7 19
8 12
9 39
10 27
11 42
12 0
13 8
14 6
15 3
16 10
17 13
18 28
19 26
20 4
21 36
22 5
23 16
24 18
25 9
26 41
27 33
28 34
29 44
30 21
31 22
32 20
33 14
34 46
35 30
36 15
37 40
38 45
39 23
40 11
41 7
42 25
43 32
44 31
45 35
46 29
SIMILAR

36 12 22 32 25 23 34 43 45 40 26 8 30 15 13 3 42 39 20 29 41 18 27 24 14 35 31 9 5 37 33 19 2 1 11 17 38 6 46 44 28 0 16 7 4 21 10 
0 41
1 33
2 32
3 15
4 44
5 28
6 37
7 43
8 11
9 27
10 46
11 34
12 1
13 14
14 24
15 13
16 42
17 35
18 21
19 31
20 18
21 45
22 2
23 5
24 23
25 4
26 10
27 22
28 40
29 19
30 12
31 26
32 3
33 30
34 6
35 25
36 0
37 29
38 36
39 17
40 9
41 20
42 16
43 7
44 39
45 8
46 38
SIMILAR

46 3 9 16 22 35 6 21 40 27 4 44 26 32 5 25 42 14 19 28 29 34 31 30 24 1 38 20 39 15 7 37 10 23 0 13 18 2 41 43 45 8 17 12 36 11 33 
0 34
1 25
2 37
3 1
4 10
5 14
6 6
7 30
8 41
9 2
10 32
11 45
12 43
13 35
14 17
15 29
16 3
17 42
18 36
19 18
20 27
21 7
22 4
23 33
24 24
25 15
26 12
27 9
28 19
29 20
30 23
31 22
32 13
33 46
34 21
35 5
36 44
37 31
38 26
39 28
40 8
41 38
42 16
43 39
44 11
45 40
46 0
SIMILAR

44 43 26 29 20 24 32 19 0 8 28 18 16 39 1 38 31 27 37 6 4 2 12 14 35 45 30 36 25 21 3 22 46 11 42 5 34 17 13 9 41 33 23 15 10 7 40 
0 8
1 14
2 21
3 30
4 20
5 35
6 19
7 45
8 9
9 39
10 44
11 33
12 22
13 38
14 23
15 43
16 12
17 37
18 11
19 7
20 4
21 29
22 31
23 42
24 5
25 28
26 2
27 17
28 10
29 3
30 26
31 16
32 6
33 41
34 36
35 24
36 27
37 18
38 15
39 13
40 46
41 40
42 34
43 1
44 0
45 25
46 32
SIMILAR

27 25 4 5 2 0 24 32 14 13 34 18 21 46 31 39 19 36 38 7 15 37 29 8 44 17 20 28 16 43 26 3 9 33 41 23 45 12 40 22 1 10 6 42 11 30 35 
0 5
1 40
2 4
3 31
4 2
5 3
6 42
7 19
8 23
9 32
10 41
11 44
12 37
13 9
14 8
15 20
16 28
17 25
18 11
19 16
20 26
21 12
22 39
23 35
24 6
25 1
26 30
27 0
28 27
29 22
30 45
31 14
32 7
33 33
34 10
35 46
36 17
37 21
38 18
39 15
40 38
41 34
42 43
43 29
44 24
45 36
46 13
SIMILAR

43 8 28 6 0 7 24 22 25 16 41 5 44 18 2 12 37 35 33 15 10 17 39 46 14 38 1 45 36 20 3 40 23 21 4 13 26 31 42 34 30 27 19 11 32 9 29 
0 4
1 26
2 14
3 30
4 34
5 11
6 3
7 5
8 1
9 45
10 20
11 43
12 15
13 35
14 24
15 19
16 9
17 21
18 13
19 42
20 29
21 33
22 7
23 32
24 6
25 8
26 36
27 41
28 2
29 46
30 40
31 37
32 44
33 18
34 39
35 17
36 28
37 16
38 25
39 22
40 31
41 10
42 38
43 0
44 12
45 27
46 23
SIMILAR

18 5 26 23 30 17 11 44 36 19 41 2 21 39 15 43 28 40 22 9 20 1 10 13 42 6 32 46 3 24 25 0 4 45 7 12 37 27 8 33 29 38 31 35 16 14 34 
0 31
1 21
2 11
3 28
4 32
5 1
6 25
7 34
8 38
9 19
10 22
11 6
12 35
13 23
14 45
15 14
16 44
17 5
18 0
19 9
20 20
21 12
22 18
23 3
24 29
25 30
26 2
27 37
28 16
29 40
30 4
31 42
32 26
33 39
34 46
35 43
36 8
37 36
38 41
39 13
40 17
41 10
42 24
43 15
44 7
45 33
46 27
SIMILAR

28 8 38 3 16 4 1 22 33 19 41 26 35 32 39 12 14 7 11 0 40 46 34 10 6 18 17 24 9 45 42 37 15 2 29 36 30 25 5 43 44 21 31 27 20 13 23 
0 19
1 6
2 33
3 3
4 5
5 38
6 24
7 17
8 1
9 28
10 23
11 18
12 15
13 45
14 16
15 32
16 4
17 26
18 25
19 9
20 44
21 41
22 7
23 46
24 27
25 37
26 11
27 43
28 0
29 34
30 36
31 42
32 13
33 8
34 22
35 12
36 35
37 31
38 2
39 14
40 20
41 10
42 30
43 39
44 40
45 29
46 21
SIMILAR

26 23 37 16 6 14 4 22 39 19 28 13 24 45 7 8 46 1 15 2 20 21 40 32 38 25 30 10 36 31 35 42 17 11 41 5 43 34 9 0 3 18 44 33 29 27 12 
0 39
1 17
2 19
3 40
4 6
5 35
6 4
7 14
8 15
9 38
10 27
11 33
12 46
13 11
14 5
15 18
16 3
17 32
18 41
19 9
20 20
21 21
22 7
23 1
24 12
25 25
26 0
27 45
28 10
29 44
30 26
31 29
32 23
33 43
34 37
35 30
36 28
37 2
38 24
39 8
40 22
41 34
42 31
43 36
44 42
45 13
46 16
SIMILAR

32 42 30 18 2 39 22 25 31 13 4 5 45 14 16 26 35 46 37 9 3 11 33 38 17 8 19 15 28 27 24 40 44 34 7 20 43 29 0 10 12 23 41 21 6 36 1 
0 38
1 46
2 4
3 20
4 10
5 11
6 44
7 34
8 25
9 19
10 39
11 21
12 40
13 9
14 13
15 27
16 14
17 24
18 3
19 26
20 35
21 43
22 6
23 41
24 30
25 7
26 15
27 29
28 28
29 37
30 2
31 8
32 0
33 22
34 33
35 16
36 45
37 18
38 23
39 5
40 31
41 42
42 1
43 36
44 32
45 12
46 17
SIMILAR

5 28 24 8 2 44 46 14 21 20 40 13 35 23 0 12 15 3 31 18 29 27 36 16 43 19 33 42 6 26 39 25 30 45 34 32 10 1 4 11 7 37 22 38 9 17 41 
0 14
1 37
2 4
3 17
4 38
5 0
6 28
7 40
8 3
9 44
10 36
11 39
12 15
13 11
14 7
15 16
16 23
17 45
18 19
19 25
20 9
21 8
22 42
23 13
24 2
25 31
26 29
27 21
28 1
29 20
30 32
31 18
32 35
33 26
34 34
35 12
36 22
37 41
38 43
39 30
40 10
41 46
42 27
43 24
44 5
45 33
46 6
SIMILAR

38 28 34 4 18 45 27 1 5 22 21 32 2 40 24 9 8 16 42 11 37 30 36 44 25 33 0 29 31 20 26 13 3 17 10 6 35 46 19 12 7 14 15 41 23 43 39 
0 26
1 7
2 12
3 32
4 3
5 8
6 35
7 40
8 16
9 15
10 34
11 19
12 39
13 31
14 41
15 42
16 17
17 33
18 4
19 38
20 29
21 10
22 9
23 44
24 14
25 24
26 30
27 6
28 1
29 27
30 21
31 28
32 11
33 25
34 2
35 36
36 22
37 20
38 0
39 46
40 13
41 43
42 18
43 45
44 23
45 5
46 37
SIMILAR

2 28 9 41 23 16 20 33 10 24 29 3 44 37 14 13 5 42 43 8 19 12 22 31 34 27 46 17 6 45 39 36 40 18 30 35 0 26 1 21 11 4 32 38 15 7 25 
0 36
1 38
2 0
3 11
4 41
5 16
6 28
7 45
8 19
9 2
10 8
11 40
12 21
13 15
14 14
15 44
16 5
17 27
18 33
19 20
20 6
21 39
22 22
23 4
24 9
25 46
26 37
27 25
28 1
29 10
30 34
31 23
32 42
33 7
34 24
35 35
36 31
37 13
38 43
39 30
40 32
41 3
42 17
43 18
44 12
45 29
46 26
SIMILAR

28 25 33 11 16 20 18 35 40 26 13 37 7 22 42 12 29 19 46 44 5 21 17 2 30 23 24 45 36 4 32 43 14 10 9 39 41 6 1 3 0 15 38 8 34 31 27 
0 40
1 38
2 23
3 39
4 29
5 20
6 37
7 12
8 43
9 34
10 33
11 3
12 15
13 10
14 32
15 41
16 4
17 22
18 6
19 17
20 5
21 21
22 13
23 25
24 26
25 1
26 9
27 46
28 0
29 16
30 24
31 45
32 30
33 2
34 44
35 7
36 28
37 11
38 42
39 35
40 8
41 36
42 14
43 31
44 19
45 27
46 18
SIMILAR

36 37 34 41 27 44 6 30 31 4 26 3 14 9 21 18 8 45 40 20 35 7 24 39 13 17 5 42 29 46 32 16 23 38 43 1 12 33 22 28 11 10 15 2 19 25 0 
0 46
1 35
2 43
3 11
4 9
5 26
6 6
7 21
8 16
9 13
10 41
11 40
12 36
13 24
14 12
15 42
16 31
17 25
18 15
19 44
20 19
21 14
22 38
23 32
24 22
25 45
26 10
27 4
28 39
29 28
30 7
31 8
32 30
33 37
34 2
35 20
36 0
37 1
38 33
39 23
40 18
41 3
42 27
43 34
44 5
45 17
46 29
SIMILAR

17 23 28 29 33 24 9 46 44 45 41 21 20 25 12 34 13 6 11 5 43 1 37 4 22 14 19 40 39 10 31 36 27 42 2 18 26 0 8 32 7 16 30 35 38 15 3 
0 37
1 21
2 34
3 46
4 23
5 19
6 17
7 40
8 38
9 6
10 29
11 18
12 14
13 16
14 25
15 45
16 41
17 0
18 35
19 26
20 12
21 11
22 24
23 1
24 5
25 13
26 36
27 32
28 2
29 3
30 42
31 30
32 39
33 4
34 15
35 43
36 31
37 22
38 44
39 28
40 27
41 10
42 33
43 20
44 8
45 9
46 7
SIMILAR

41 15 24 21 42 28 30 8 33 29 17 38 35 25 13 16 32 31 27 46 4 7 19 18 6 37 23 20 22 11 36 39 10 14 12 34 44 0 2 40 1 9 43 45 5 26 3 
0 37
1 40
2 38
3 46
4 20
5 44
6 24
7 21
8 7
9 41
10 32
11 29
12 34
13 14
14 33
15 1
16 15
17 10
18 23
19 22
20 27
21 3
22 28
23 26
24 2
25 13
26 45
27 18
28 5
29 9
30 6
31 17
32 16
33 8
34 35
35 12
36 30
37 25
38 11
39 31
40 39
41 0
42 4
43 42
44 36
45 43
46 19
SIMILAR

45 6 34 37 15 30 9 42 11 35 3 31 27 0 28 25 44 36 5 18 16 8 17 20 24 39 10 13 1 12 46 38 32 2 23 40 14 7 4 43 41 33 21 26 19 22 29 
0 13
1 28
2 33
3 10
4 38
5 18
6 1
7 37
8 21
9 6
10 26
11 8
12 29
13 27
14 36
15 4
16 20
17 22
18 19
19 44
20 23
21 42
22 45
23 34
24 24
25 15
26 43
27 12
28 14
29 46
30 5
31 11
32 32
33 41
34 2
35 9
36 17
37 3
38 31
39 25
40 35
41 40
42 7
43 39
44 16
45 0
46 30
SIMILAR

23 21 36 14 10 7 19 13 18 24 38 17 40 31 20 4 1 12 30 35 9 16 45 5 6 26 29 0 8 28 42 22 27 41 43 33 44 3 34 46 37 32 25 15 2 11 39 
0 27
1 16
2 44
3 37
4 15
5 23
6 24
7 5
8 28
9 20
10 4
11 45
12 17
13 7
14 3
15 43
16 21
17 11
18 8
19 6
20 14
21 1
22 31
23 0
24 9
25 42
26 25
27 32
28 29
29 26
30 18
31 13
32 41
33 35
34 38
35 19
36 2
37 40
38 10
39 46
40 12
41 33
42 30
43 34
44 36
45 22
46 39
SIMILAR

2 6 15 20 45 34 23 30 9 32 33 0 40 4 8 7 26 36 17 31 46 44 25 21 3 27 16 10 41 22 37 43 39 42 35 24 5 14 29 12 28 13 11 1 18 19 38 
0 11
1 43
2 0
3 24
4 13
5 36
6 1
7 15
8 14
9 8
10 27
11 42
12 39
13 41
14 37
15 2
16 26
17 18
18 44
19 45
20 3
21 23
22 29
23 6
24 35
25 22
26 16
27 25
28 40
29 38
30 7
31 19
32 9
33 10
34 5
35 34
36 17
37 30
38 46
39 32
40 12
41 28
42 33
43 31
44 21
45 4
46 20
SIMILAR

37 24 3 40 14 25 22 6 43 46 1 21 17 27 12 32 4 31 7 9 18 38 13 26 45 36 0 16 15 2 10 39 11 20 19 35 23 5 44 30 8 42 29 33 28 41 34 
0 26
1 10
2 29
3 2
4 16
5 37
6 7
7 18
8 40
9 19
10 30
11 32
12 14
13 22
14 4
15 28
16 27
17 12
18 20
19 34
20 33
21 11
22 6
23 36
24 1
25 5
26 23
27 13
28 44
29 42
30 39
31 17
32 15
33 43
34 46
35 35
36 25
37 0
38 21
39 31
40 3
41 45
42 41
43 8
44 38
45 24
46 9
SIMILAR

1 14 37 2 31 5 38 0 41 45 19 25 43 28 34 9 15 26 35 8 39 24 23 36 4 30 18 29 42 6 46 44 10 12 33 27 40 32 11 21 13 7 16 3 17 20 22 
0 7
1 0
2 3
3 43
4 24
5 5
6 29
7 41
8 19
9 15
10 32
11 38
12 33
13 40
14 1
15 16
16 42
17 44
18 26
19 10
20 45
21 39
22 46
23 22
24 21
25 11
26 17
27 35
28 13
29 27
30 25
31 4
32 37
33 34
34 14
35 18
36 23
37 2
38 6
39 20
40 36
41 8
42 28
43 12
44 31
45 9
46 30
SIMILAR

14 10 42 17 41 5 26 15 16 1 13 22 9 20 12 25 31 6 23 27 32 11 38 2 37 18 33 45 4 3 36 46 19 44 29 39 7 43 28 30 0 40 21 35 8 24 34 
0 40
1 9
2 23
3 29
4 28
5 5
6 17
7 36
8 44
9 12
10 1
11 21
12 14
13 10
14 0
15 7
16 8
17 3
18 25
19 32
20 13
21 42
22 11
23 18
24 45
25 15
26 6
27 19
28 38
29 34
30 39
31 16
32 20
33 26
34 46
35 43
36 30
37 24
38 22
39 35
40 41
41 4
42 2
43 37
44 33
45 27
46 31
SIMILAR

41 37 18 27 15 7 28 16 13 33 24 0 12 5 22 8 20 39 3 1 26 6 23 38 43 35 4 10 42 17 31 45 19 2 46 40 29 11 21 44 36 9 30 25 14 32 34 
0 11
1 19
2 33
3 18
4 26
5 13
6 21
7 5
8 15
9 41
10 27
11 37
12 12
13 8
14 44
15 4
16 7
17 29
18 2
19 32
20 16
21 38
22 14
23 22
24 10
25 43
26 20
27 3
28 6
29 36
30 42
31 30
32 45
33 9
34 46
35 25
36 40
37 1
38 23
39 17
40 35
41 0
42 28
43 24
44 39
45 31
46 34
SIMILAR
100 0
10000 0
440000 0
