47
0 0 0 0 1 0 0 1 1 1 0 1 1 0 1 1 0 0 1 0 1 0 0 0 1 1 1 1 0 1 0 1 0 0 1 1 1 0 1 0 0 0 1 0 0 1 1 
0 0 1 0 0 1 0 1 0 1 1 1 0 1 0 0 1 1 1 1 1 1 0 1 0 1 0 1 0 0 0 0 1 1 1 1 0 1 0 0 0 1 1 1 1 1 0 
0 1 0 1 0 1 0 0 1 0 1 1 1 0 1 1 1 1 0 1 0 1 1 0 1 0 0 0 1 1 0 1 0 0 1 1 1 0 0 0 1 0 0 1 1 1 1 
0 0 1 0 1 1 1 0 1 1 0 1 1 0 1 1 1 0 0 1 0 1 1 1 1 0 1 1 0 1 0 0 1 1 1 1 0 0 0 0 0 0 0 0 1 1 0 
1 0 0 1 0 1 1 1 0 1 0 0 1 0 1 0 1 0 1 1 0 1 1 0 0 1 1 1 0 1 1 1 0 0 0 0 1 0 0 1 1 0 0 1 0 1 0 
0 1 1 1 1 0 0 1 1 0 0 0 1 1 1 1 1 1 0 0 0 0 1 1 1 0 0 1 0 0 0 0 1 0 1 0 0 0 1 1 0 0 1 1 1 1 0 
0 0 0 1 1 0 0 0 0 1 0 0 0 0 0 1 0 0 1 0 1 1 0 0 1 0 0 0 0 1 0 1 1 0 0 0 1 1 0 1 1 0 0 1 1 1 1 
1 1 0 0 1 1 0 0 1 0 0 0 1 0 0 1 1 0 1 0 0 1 0 0 0 0 0 0 1 1 1 1 0 1 0 1 0 0 0 0 1 0 0 0 0 0 0 
1 0 1 1 0 1 0 1 0 0 1 1 0 0 0 1 1 0 1 1 1 1 0 0 1 1 1 1 0 0 1 0 1 0 1 0 1 0 1 1 1 1 1 1 0 1 1 
1 1 0 1 1 0 1 0 0 0 1 1 0 0 0 1 0 0 0 0 0 0 1 0 1 0 1 1 0 0 1 0 1 1 1 0 0 0 0 0 1 0 1 1 1 1 1 
0 1 1 0 0 0 0 0 1 1 0 1 1 1 1 0 1 0 0 1 1 1 0 1 0 1 0 0 1 1 0 1 0 0 1 1 1 1 1 1 0 1 0 1 1 0 1 
1 1 1 1 0 0 0 0 1 1 1 0 0 0 0 1 1 0 1 0 1 1 1 1 0 1 1 0 1 0 0 1 0 1 0 1 1 0 1 1 0 1 1 0 1 0 1 
1 0 1 1 1 1 0 1 0 0 1 0 0 0 1 0 1 0 1 0 0 1 0 1 1 0 0 0 1 1 1 1 1 0 1 0 1 0 0 1 0 1 1 1 1 1 0 
0 1 0 0 0 1 0 0 0 0 1 0 0 0 0 1 0 1 0 0 1 1 1 0 0 1 0 1 1 0 0 1 0 1 0 0 0 1 1 0 1 1 1 0 1 1 1 
1 0 1 1 1 1 0 0 0 0 1 0 1 0 0 1 0 1 0 1 0 1 1 0 0 0 0 0 0 0 0 1 1 1 1 1 1 0 0 0 0 0 1 0 0 0 1 
1 0 1 1 0 1 1 1 1 1 0 1 0 1 1 0 0 1 1 1 1 0 1 1 0 1 1 1 1 1 1 0 1 0 1 0 0 1 0 0 0 0 0 1 0 0 1 
0 1 1 1 1 1 0 1 1 0 1 1 1 0 0 0 0 1 0 1 1 0 0 0 0 0 0 1 0 0 1 0 0 1 1 1 1 0 1 1 0 0 0 1 1 0 1 
0 1 1 0 0 1 0 0 0 0 0 0 0 1 1 1 1 0 1 1 1 1 0 1 1 1 0 0 0 0 1 1 1 0 0 1 0 0 0 1 0 1 0 1 0 1 1 
1 1 0 0 1 0 1 1 1 0 0 1 1 0 0 1 0 1 0 1 0 0 1 1 1 0 0 1 1 0 1 0 1 1 1 0 0 1 0 1 0 1 1 0 0 1 0 
0 1 1 1 1 0 0 0 1 0 1 0 0 0 1 1 1 1 1 0 0 0 1 1 0 0 1 0 1 0 0 1 0 1 0 0 0 1 0 1 1 0 1 0 0 1 0 
1 1 0 0 0 0 1 0 1 0 1 1 0 1 0 1 1 1 0 0 0 1 1 1 1 0 0 0 0 0 0 1 0 0 1 0 1 1 1 1 0 1 0 1 1 0 0 
0 1 1 1 1 0 1 1 1 0 1 1 1 1 1 0 0 1 0 0 1 0 1 0 1 1 0 1 1 0 0 0 1 1 1 1 1 1 1 1 1 0 1 1 0 0 0 
0 0 1 1 1 1 0 0 0 1 0 1 0 1 1 1 0 0 1 1 1 1 0 0 0 1 1 0 0 1 0 0 0 1 1 0 0 0 0 1 0 1 0 1 0 0 1 
0 1 0 1 0 1 0 0 0 0 1 1 1 0 0 1 0 1 1 1 1 0 0 0 0 1 1 1 1 1 0 0 1 1 0 0 0 1 0 0 0 1 1 0 0 0 1 
1 0 1 1 0 1 1 0 1 1 0 0 1 0 0 0 0 1 1 0 1 1 0 0 0 0 0 0 1 1 0 1 0 0 1 0 1 0 1 1 1 1 1 0 0 1 1 
1 1 0 0 1 0 0 0 1 0 1 1 0 1 0 1 0 1 0 0 0 1 1 1 0 0 1 0 1 1 1 1 1 0 1 1 0 1 1 1 0 0 0 1 1 1 0 
1 0 0 1 1 0 0 0 1 1 0 1 0 0 0 1 0 0 0 1 0 0 1 1 0 1 0 0 0 0 1 1 1 0 1 0 1 1 0 1 0 1 1 1 1 0 1 
1 1 0 1 1 1 0 0 1 1 0 0 0 1 0 1 1 0 1 0 0 1 0 1 0 0 0 0 1 1 1 1 0 1 0 0 0 1 0 1 1 1 1 0 0 0 0 
0 0 1 0 0 0 0 1 0 0 1 1 1 1 0 1 0 0 1 1 0 1 0 1 1 1 0 1 0 0 1 1 1 1 0 0 0 1 1 0 0 1 1 0 1 1 0 
1 0 1 1 1 0 1 1 0 0 1 0 1 0 0 1 0 0 0 0 0 0 1 1 1 1 0 1 0 0 0 1 0 1 1 1 1 0 0 1 0 1 1 1 1 0 1 
0 0 0 0 1 0 0 1 1 1 0 0 1 0 0 1 1 1 1 0 0 0 0 0 0 1 1 1 1 0 0 0 1 1 0 1 0 1 1 1 0 0 0 1 0 0 0 
1 0 1 0 1 0 1 1 0 0 1 1 1 1 1 0 0 1 0 1 1 0 0 0 1 1 1 1 1 1 0 0 0 1 1 1 1 0 0 1 1 1 0 0 1 0 0 
0 1 0 1 0 1 1 0 1 1 0 0 1 0 1 1 0 1 1 0 0 1 0 1 0 1 1 0 1 0 1 0 0 0 0 1 1 1 1 1 0 1 1 1 0 0 0 
0 1 0 1 0 0 0 1 0 1 0 1 0 1 1 0 1 0 1 1 0 1 1 1 0 0 0 1 1 1 1 1 0 0 1 0 1 0 1 0 0 0 1 1 0 0 1 
1 1 1 1 0 1 0 0 1 1 1 0 1 0 1 1 1 0 1 0 1 1 1 0 1 1 1 0 0 1 0 1 0 1 0 0 0 1 1 0 0 1 1 0 0 1 0 
1 1 1 1 0 0 0 1 0 0 1 1 0 0 1 0 1 1 0 0 0 1 0 0 0 1 0 0 0 1 1 1 1 0 0 0 1 1 0 0 1 1 0 1 1 1 0 
1 0 1 0 1 0 1 0 1 0 1 1 1 0 1 0 1 0 0 0 1 1 0 0 1 0 1 0 0 1 0 1 1 1 0 1 0 0 1 1 1 0 0 0 0 0 1 
0 1 0 0 0 0 1 0 0 0 1 0 0 1 0 1 0 0 1 1 1 1 0 1 0 1 1 1 1 0 1 0 1 0 1 1 0 0 0 0 0 1 1 0 1 0 0 
1 0 0 0 0 1 0 0 1 0 1 1 0 1 0 0 1 0 0 0 1 1 0 0 1 1 0 0 1 0 1 0 1 1 1 0 1 0 0 1 0 1 0 1 1 1 0 
0 0 0 0 1 1 1 0 1 0 1 1 1 0 0 0 1 1 1 1 1 1 1 0 1 1 1 1 0 1 1 1 1 0 0 0 1 0 1 0 0 0 0 0 0 0 0 
0 0 1 0 1 0 1 1 1 1 0 0 0 1 0 0 0 0 0 1 0 1 0 0 1 0 0 1 0 0 0 1 0 0 0 1 1 0 0 0 0 1 1 1 0 1 1 
0 1 0 0 0 0 0 0 1 0 1 1 1 1 0 0 0 1 1 0 1 0 1 1 1 0 1 1 1 1 0 1 1 0 1 1 0 1 1 0 1 0 0 1 1 0 1 
1 1 0 0 0 1 0 0 1 1 0 1 1 1 1 0 0 0 1 1 0 1 0 1 1 0 1 1 1 1 0 0 1 1 1 0 0 1 0 0 1 0 0 0 1 1 1 
0 1 1 0 1 1 1 0 1 1 1 0 1 0 0 1 1 1 0 0 1 1 1 0 0 1 1 0 0 1 1 0 1 1 0 1 0 0 1 0 1 1 0 0 1 1 1 
0 1 1 1 0 1 1 0 0 1 1 1 1 1 0 0 1 0 0 0 1 0 0 0 0 1 1 0 1 1 0 1 0 0 0 1 0 1 1 0 0 1 1 1 0 0 1 
1 1 1 1 1 1 1 0 1 1 0 0 1 1 0 0 0 1 1 1 0 0 0 0 1 1 0 0 1 0 0 0 0 0 1 1 0 0 1 0 1 0 1 1 0 0 0 
1 0 1 0 0 0 1 0 1 1 1 1 0 1 1 1 1 1 0 0 0 0 1 1 1 0 1 0 0 1 0 0 0 1 0 0 1 0 0 0 1 1 1 1 1 0 0 

8 18 22 29 11 4 7 42 2 23 35 30 15 0 45 12 3 44 9 39 13 40 46 37 36 31 43 17 5 28 34 33 27 24 10 1 32 26 38 25 41 19 16 14 6 20 21 
0 13
1 35
2 8
3 16
4 5
5 28
6 44
7 6
8 0
9 18
10 34
11 4
12 15
13 20
14 43
15 12
16 42
17 27
18 1
19 41
20 45
21 46
22 2
23 9
24 33
25 39
26 37
27 32
28 29
29 3
30 11
31 25
32 36
33 31
34 30
35 10
36 24
37 23
38 38
39 19
40 21
41 40
42 7
43 26
44 17
45 14
46 22
SIMILAR

46 39 38 37 23 32 43 11 45 20 6 26 16 15 34 28 21 29 19 0 18 24 13 35 9 33 3 8 41 1 44 22 2 10 42 12 25 30 27 40 5 7 4 14 31 36 17 
0 19
1 29
2 32
3 26
4 42
5 40
6 10
7 41
8 27
9 24
10 33
11 7
12 35
13 22
14 43
15 13
16 12
17 46
18 20
19 18
20 9
21 16
22 31
23 4
24 21
25 36
26 11
27 38
28 15
29 17
30 37
31 44
32 5
33 25
34 14
35 23
36 45
37 3
38 2
39 1
40 39
41 28
42 34
43 6
44 30
45 8
46 0
SIMILAR

43 26 15 42 1 12 13 10 8 4 7 20 30 0 18 46 21 22 41 31 37 44 40 11 19 2 34 16 45 25 27 36 28 38 39 35 23 3 14 6 9 17 24 33 32 29 5 
0 13
1 4
2 25
3 37
4 9
5 46
6 39
7 10
8 8
9 40
10 7
11 23
12 5
13 6
14 38
15 2
16 27
17 41
18 14
19 24
20 11
21 16
22 17
23 36
24 42
25 29
26 1
27 30
28 32
29 45
30 12
31 19
32 44
33 43
34 26
35 35
36 31
37 20
38 33
39 34
40 22
41 18
42 3
43 0
44 21
45 28
46 15
SIMILAR

12 14 43 0 19 45 44 18 28 5 31 38 17 13 46 7 33 26 25 8 35 4 24 34 30 41 20 42 21 23 3 40 36 32 15 1 9 10 27 29 11 22 37 16 6 2 39 
0 3
1 35
2 45
3 30
4 21
5 9
6 44
7 15
8 19
9 36
10 37
11 40
12 0
13 13
14 1
15 34
16 43
17 12
18 7
19 4
20 26
21 28
22 41
23 29
24 22
25 18
26 17
27 38
28 8
29 39
30 24
31 10
32 33
33 16
34 23
35 20
36 32
37 42
38 11
39 46
40 31
41 25
42 27
43 2
44 6
45 5
46 14
SIMILAR

22 37 19 4 21 34 9 39 43 25 8 26 28 36 1 5 24 29 33 16 31 32 0 13 45 44 27 23 6 2 7 17 41 11 40 38 20 30 3 42 35 46 12 10 14 18 15 
0 22
1 14
2 29
3 38
4 3
5 15
6 28
7 30
8 10
9 6
10 43
11 33
12 42
13 23
14 44
15 46
16 19
17 31
18 45
19 2
20 36
21 4
22 0
23 27
24 16
25 9
26 11
27 26
28 12
29 17
30 37
31 20
32 21
33 18
34 5
35 40
36 13
37 1
38 35
39 7
40 34
41 32
42 39
43 8
44 25
45 24
46 41
SIMILAR

16 8 31 29 3 19 25 41 21 17 34 40 44 27 35 22 14 18 45 24 2 5 12 13 0 42 20 26 43 23 28 11 9 33 7 36 39 32 30 1 15 46 10 37 4 38 6 
0 24
1 39
2 20
3 4
4 44
5 21
6 46
7 34
8 1
9 32
10 42
11 31
12 22
13 23
14 16
15 40
16 0
17 9
18 17
19 5
20 26
21 8
22 15
23 29
24 19
25 6
26 27
27 13
28 30
29 3
30 38
31 2
32 37
33 33
34 10
35 14
36 35
37 43
38 45
39 36
40 11
41 7
42 25
43 28
44 12
45 18
46 41
SIMILAR

2 32 15 9 28 29 0 26 4 5 46 27 23 36 40 1 41 35 14 24 10 34 20 39 43 45 33 21 31 8 17 25 7 16 30 38 22 37 3 19 12 44 6 11 13 18 42 
0 6
1 15
2 0
3 38
4 8
5 9
6 42
7 32
8 29
9 3
10 20
11 43
12 40
13 44
14 18
15 2
16 33
17 30
18 45
19 39
20 22
21 27
22 36
23 12
24 19
25 31
26 7
27 11
28 4
29 5
30 34
31 28
32 1
33 26
34 21
35 17
36 13
37 37
38 35
39 23
40 14
41 16
42 46
43 24
44 41
45 25
46 10
SIMILAR

8 37 43 41 0 46 30 33 12 34 19 38 29 22 45 6 26 16 15 40 1 17 27 23 36 20 11 7 2 24 21 5 9 18 39 35 42 13 4 28 32 14 3 44 31 10 25 
0 4
1 20
2 28
3 42
4 38
5 31
6 15
7 27
8 0
9 32
10 45
11 26
12 8
13 37
14 41
15 18
16 17
17 21
18 33
19 10
20 25
21 30
22 13
23 23
24 29
25 46
26 16
27 22
28 39
29 12
30 6
31 44
32 40
33 7
34 9
35 35
36 24
37 1
38 11
39 34
40 19
41 3
42 36
43 2
44 43
45 14
46 5
SIMILAR

21 13 31 2 9 22 30 11 27 7 34 16 28 5 39 10 41 35 14 6 24 18 8 32 25 0 20 29 4 46 43 17 15 38 44 36 42 12 23 33 40 26 45 1 19 37 3 
0 25
1 43
2 3
3 46
4 28
5 13
6 19
7 9
8 22
9 4
10 15
11 7
12 37
13 1
14 18
15 32
16 11
17 31
18 21
19 44
20 26
21 0
22 5
23 38
24 20
25 24
26 41
27 8
28 12
29 27
30 6
31 2
32 23
33 39
34 10
35 17
36 35
37 45
38 33
39 14
40 40
41 16
42 36
43 30
44 34
45 42
46 29
SIMILAR

7 44 10 18 33 24 2 14 23 9 0 35 39 16 34 22 30 13 17 32 4 37 20 43 46 36 12 6 25 45 41 8 15 11 29 38 5 3 42 28 26 21 27 1 19 31 40 
0 10
1 43
2 6
3 37
4 20
5 36
6 27
7 0
8 31
9 9
10 2
11 33
12 26
13 17
14 7
15 32
16 13
17 18
18 3
19 44
20 22
21 41
22 15
23 8
24 5
25 28
26 40
27 42
28 39
29 34
30 16
31 45
32 19
33 4
34 14
35 11
36 25
37 21
38 35
39 12
40 46
41 30
42 38
43 23
44 1
45 29
46 24
SIMILAR

14 25 42 12 19 4 21 37 10 35 15 6 13 16 44 22 7 17 34 2 27 23 9 46 40 20 30 28 31 8 32 38 26 41 3 43 5 45 18 33 39 24 11 36 29 0 1 
0 45
1 46
2 19
3 34
4 5
5 36
6 11
7 16
8 29
9 22
10 8
11 42
12 3
13 12
14 0
15 10
16 13
17 17
18 38
19 4
20 25
21 6
22 15
23 21
24 41
25 1
26 32
27 20
28 27
29 44
30 26
31 28
32 30
33 39
34 18
35 9
36 43
37 7
38 31
39 40
40 24
41 33
42 2
43 35
44 14
45 37
46 23
SIMILAR

11 4 46 34 42 22 9 43 23 27 20 7 16 38 13 32 40 0 8 1 21 33 2 28 44 41 17 25 29 35 39 14 12 26 5 19 30 10 18 24 15 37 31 3 6 36 45 
0 17
1 19
2 22
3 43
4 1
5 34
6 44
7 11
8 18
9 6
10 37
11 0
12 32
13 14
14 31
15 40
16 12
17 26
18 38
19 35
20 10
21 20
22 5
23 8
24 39
25 27
26 33
27 9
28 23
29 28
30 36
31 42
32 15
33 21
34 3
35 29
36 45
37 41
38 13
39 30
40 16
41 25
42 4
43 7
44 24
45 46
46 2
SIMILAR

16 3 42 10 31 15 43 41 30 9 7 11 40 39 37 13 33 0 44 28 35 45 20 38 6 36 32 2 8 34 46 26 29 24 5 4 1 25 18 14 17 22 21 27 19 23 12 
0 17
1 36
2 27
3 1
4 35
5 34
6 24
7 10
8 28
9 9
10 3
11 11
12 46
13 15
14 39
15 5
16 0
17 40
18 38
19 44
20 22
21 42
22 41
23 45
24 33
25 37
26 31
27 43
28 19
29 32
30 8
31 4
32 26
33 16
34 29
35 20
36 25
37 14
38 23
39 13
40 12
41 7
42 2
43 6
44 18
45 21
46 30
SIMILAR

31 44 4 24 1 7 39 6 9 16 14 10 40 25 22 28 46 21 29 30 15 43 26 35 3 33 0 37 13 18 45 41 36 20 17 34 27 12 11 42 19 5 32 23 38 2 8 
0 26
1 4
2 45
3 24
4 2
5 41
6 7
7 5
8 46
9 8
10 11
11 38
12 37
13 28
14 10
15 20
16 9
17 34
18 29
19 40
20 33
21 17
22 14
23 43
24 3
25 13
26 22
27 36
28 15
29 18
30 19
31 0
32 42
33 25
34 35
35 23
36 32
37 27
38 44
39 6
40 12
41 31
42 39
43 21
44 1
45 30
46 16
SIMILAR

38 31 14 13 26 9 28 21 18 22 35 20 17 40 44 3 6 10 37 45 32 27 25 7 11 33 16 42 41 19 43 29 4 5 1 39 46 0 24 15 23 34 36 12 30 8 2 
0 37
1 34
2 46
3 15
4 32
5 33
6 16
7 23
8 45
9 5
10 17
11 24
12 43
13 3
14 2
15 39
16 26
17 12
18 8
19 29
20 11
21 7
22 9
23 40
24 38
25 22
26 4
27 21
28 6
29 31
30 44
31 1
32 20
33 25
34 41
35 10
36 42
37 18
38 0
39 35
40 13
41 28
42 27
43 30
44 14
45 19
46 36
SIMILAR

5 20 22 0 46 4 42 12 44 9 24 1 13 8 16 33 45 6 38 18 31 32 39 2 15 19 40 27 30 26 29 36 7 41 10 25 3 23 34 11 14 28 21 43 17 37 35 
0 3
1 11
2 23
3 36
4 5
5 0
6 17
7 32
8 13
9 9
10 34
11 39
12 7
13 12
14 40
15 24
16 14
17 44
18 19
19 25
20 1
21 42
22 2
23 37
24 10
25 35
26 29
27 27
28 41
29 30
30 28
31 20
32 21
33 15
34 38
35 46
36 31
37 45
38 18
39 22
40 26
41 33
42 6
43 43
44 8
45 16
46 4
SIMILAR

46 30 9 11 7 19 32 38 4 24 28 15 5 31 42 39 8 36 2 37 10 0 22 35 20 17 33 23 13 40 25 16 18 6 41 34 44 1 21 12 43 45 26 3 27 14 29 
0 21
1 37
2 18
3 43
4 8
5 12
6 33
7 4
8 16
9 2
10 20
11 3
12 39
13 28
14 45
15 11
16 31
17 25
18 32
19 5
20 24
21 38
22 22
23 27
24 9
25 30
26 42
27 44
28 10
29 46
30 1
31 13
32 6
33 26
34 35
35 23
36 17
37 19
38 7
39 15
40 29
41 34
42 14
43 40
44 36
45 41
46 0
SIMILAR

35 16 25 20 8 2 27 22 37 43 5 36 15 26 33 1 11 6 29 19 32 10 9 4 13 34 0 21 45 7 39 42 23 38 14 3 28 24 18 17 40 12 30 46 31 44 41 
0 26
1 15
2 5
3 35
4 23
5 10
6 17
7 29
8 4
9 22
10 21
11 16
12 41
13 24
14 34
15 12
16 1
17 39
18 38
19 19
20 3
21 27
22 7
23 32
24 37
25 2
26 13
27 6
28 36
29 18
30 42
31 44
32 20
33 14
34 25
35 0
36 11
37 8
38 33
39 30
40 40
41 46
42 31
43 9
44 45
45 28
46 43
SIMILAR

31 2 35 39 41 36 22 8 17 27 33 16 9 32 45 46 5 42 14 43 21 23 1 40 34 7 37 13 12 10 15 30 11 0 38 29 44 4 3 24 6 25 26 28 19 18 20 
0 33
1 22
2 1
3 38
4 37
5 16
6 40
7 25
8 7
9 12
10 29
11 32
12 28
13 27
14 18
15 30
16 11
17 8
18 45
19 44
20 46
21 20
22 6
23 21
24 39
25 41
26 42
27 9
28 43
29 35
30 31
31 0
32 13
33 10
34 24
35 2
36 5
37 26
38 34
39 3
40 23
41 4
42 17
43 19
44 36
45 14
46 15
SIMILAR

39 2 41 12 7 24 46 16 25 8 43 5 45 14 26 3 13 30 44 31 28 15 34 42 9 0 32 11 6 38 10 22 4 17 37 21 36 19 40 27 1 23 35 33 18 29 20 
0 25
1 40
2 1
3 15
4 32
5 11
6 28
7 4
8 9
9 24
10 30
11 27
12 3
13 16
14 13
15 21
16 7
17 33
18 44
19 37
20 46
21 35
22 31
23 41
24 5
25 8
26 14
27 39
28 20
29 45
30 17
31 19
32 26
33 43
34 22
35 42
36 36
37 34
38 29
39 0
40 38
41 2
42 23
43 10
44 18
45 12
46 6
SIMILAR

11 28 36 1 45 44 13 32 6 25 21 33 15 40 22 42 27 26 46 9 10 43 2 39 18 24 35 38 3 19 37 4 41 14 34 5 17 31 23 0 16 8 7 30 29 20 12 
0 39
1 3
2 22
3 28
4 31
5 35
6 8
7 42
8 41
9 19
10 20
11 0
12 46
13 6
14 33
15 12
16 40
17 36
18 24
19 29
20 45
21 10
22 14
23 38
24 25
25 9
26 17
27 16
28 1
29 44
30 43
31 37
32 7
33 11
34 34
35 26
36 2
37 30
38 27
39 23
40 13
41 32
42 15
43 21
44 5
45 4
46 18
SIMILAR

17 41 21 14 20 4 26 18 6 16 19 0 46 8 42 10 12 45 2 5 39 27 22 43 23 37 7 31 30 44 35 3 15 1 13 38 25 11 28 32 9 36 40 24 29 34 33 
0 11
1 33
2 18
3 31
4 5
5 19
6 8
7 26
8 13
9 40
10 15
11 37
12 16
13 34
14 3
15 32
16 9
17 0
18 7
19 10
20 4
21 2
22 22
23 24
24 43
25 36
26 6
27 21
28 38
29 44
30 28
31 27
32 39
33 46
34 45
35 30
36 41
37 25
38 35
39 20
40 42
41 1
42 14
43 23
44 29
45 17
46 12
SIMILAR

10 3 44 14 36 1 16 41 22 15 7 23 9 26 28 30 46 39 37 5 42 38 2 21 27 8 0 4 29 12 43 17 18 40 13 45 20 32 11 35 24 19 31 34 6 25 33 
0 26
1 5
2 22
3 1
4 27
5 19
6 44
7 10
8 25
9 12
10 0
11 38
12 29
13 34
14 3
15 9
16 6
17 31
18 32
19 41
20 36
21 23
22 8
23 11
24 40
25 45
26 13
27 24
28 14
29 28
30 15
31 42
32 37
33 46
34 43
35 39
36 4
37 18
38 21
39 17
40 33
41 7
42 20
43 30
44 2
45 35
46 16
SIMILAR

9 22 26 12 1 28 16 39 7 17 4 21 27 38 40 13 25 15 23 45 10 46 35 32 24 37 20 43 34 30 8 36 2 41 3 29 6 18 42 0 19 33 14 11 5 44 31 
0 39
1 4
2 32
3 34
4 10
5 44
6 36
7 8
8 30
9 0
10 20
11 43
12 3
13 15
14 42
15 17
16 6
17 9
18 37
19 40
20 26
21 11
22 1
23 18
24 24
25 16
26 2
27 12
28 5
29 35
30 29
31 46
32 23
33 41
34 28
35 22
36 31
37 25
38 13
39 7
40 14
41 33
42 38
43 27
44 45
45 19
46 21
SIMILAR

11 16 22 5 27 31 1 32 7 42 25 10 9 40 37 41 35 38 36 33 46 15 34 13 43 39 6 2 19 30 29 44 12 45 26 8 14 4 0 24 23 17 20 21 28 3 18 
0 38
1 6
2 27
3 45
4 37
5 3
6 26
7 8
8 35
9 12
10 11
11 0
12 32
13 23
14 36
15 21
16 1
17 41
18 46
19 28
20 42
21 43
22 2
23 40
24 39
25 10
26 34
27 4
28 44
29 30
30 29
31 5
32 7
33 19
34 22
35 16
36 18
37 14
38 17
39 25
40 13
41 15
42 9
43 24
44 31
45 33
46 20
SIMILAR

21 16 10 33 34 41 24 23 22 31 19 46 20 35 40 15 18 17 4 7 3 27 39 0 29 6 14 37 9 25 36 1 38 44 13 12 8 45 43 32 28 42 11 2 5 26 30 
0 23
1 31
2 43
3 20
4 18
5 44
6 25
7 19
8 36
9 28
10 2
11 42
12 35
13 34
14 26
15 15
16 1
17 17
18 16
19 10
20 12
21 0
22 8
23 7
24 6
25 29
26 45
27 21
28 40
29 24
30 46
31 9
32 39
33 3
34 4
35 13
36 30
37 27
38 32
39 22
40 14
41 5
42 41
43 38
44 33
45 37
46 11
SIMILAR

8 12 36 2 14 46 11 3 9 45 27 32 38 19 40 26 17 18 0 4 25 33 10 44 35 39 34 6 23 5 31 29 30 42 15 7 37 20 21 1 22 43 41 16 28 13 24 
0 18
1 39
2 3
3 7
4 19
5 29
6 27
7 35
8 0
9 8
10 22
11 6
12 1
13 45
14 4
15 34
16 43
17 16
18 17
19 13
20 37
21 38
22 40
23 28
24 46
25 20
26 15
27 10
28 44
29 31
30 32
31 30
32 11
33 21
34 26
35 24
36 2
37 36
38 12
39 25
40 14
41 42
42 33
43 41
44 23
45 9
46 5
SIMILAR

11 5 25 16 34 7 4 43 28 27 44 12 13 24 42 37 45 0 3 22 14 46 1 33 31 35 40 20 9 8 39 26 17 21 19 29 6 41 10 23 15 36 38 30 32 2 18 
0 17
1 22
2 45
3 18
4 6
5 1
6 36
7 5
8 29
9 28
10 38
11 0
12 11
13 12
14 20
15 40
16 3
17 32
18 46
19 34
20 27
21 33
22 19
23 39
24 13
25 2
26 31
27 9
28 8
29 35
30 43
31 24
32 44
33 23
34 4
35 25
36 41
37 15
38 42
39 30
40 26
41 37
42 14
43 7
44 10
45 16
46 21
SIMILAR

18 28 45 11 34 23 39 3 36 29 33 1 21 40 4 20 30 27 31 37 35 2 41 26 24 12 7 32 43 0 19 25 6 38 42 16 44 5 8 17 14 46 10 13 22 9 15 
0 29
1 11
2 21
3 7
4 14
5 37
6 32
7 26
8 38
9 45
10 42
11 3
12 25
13 43
14 40
15 46
16 35
17 39
18 0
19 30
20 15
21 12
22 44
23 5
24 24
25 31
26 23
27 17
28 1
29 9
30 16
31 18
32 27
33 10
34 4
35 20
36 8
37 19
38 33
39 6
40 13
41 22
42 34
43 28
44 36
45 2
46 41
SIMILAR

34 11 28 13 41 43 23 14 0 35 38 1 44 26 30 45 37 3 39 4 36 8 17 21 16 40 20 12 27 7 29 18 15 10 46 22 6 19 25 33 9 42 5 2 24 31 32 
0 8
1 11
2 43
3 17
4 19
5 42
6 36
7 29
8 21
9 40
10 33
11 1
12 27
13 3
14 7
15 32
16 24
17 22
18 31
19 37
20 26
21 23
22 35
23 6
24 44
25 38
26 13
27 28
28 2
29 30
30 14
31 45
32 46
33 39
34 0
35 9
36 20
37 16
38 10
39 18
40 25
41 4
42 41
43 5
44 12
45 15
46 34
SIMILAR

17 34 8 28 12 45 39 29 31 46 1 21 30 9 24 22 37 44 14 4 16 25 42 7 27 5 33 6 10 18 26 20 23 38 3 36 13 0 19 40 35 32 2 43 11 41 15 
0 37
1 10
2 42
3 34
4 19
5 25
6 27
7 23
8 2
9 13
10 28
11 44
12 4
13 36
14 18
15 46
16 20
17 0
18 29
19 38
20 31
21 11
22 15
23 32
24 14
25 21
26 30
27 24
28 3
29 7
30 12
31 8
32 41
33 26
34 1
35 40
36 35
37 16
38 33
39 6
40 39
41 45
42 22
43 43
44 17
45 5
46 9
SIMILAR

35 22 32 21 28 41 24 23 39 3 0 29 31 4 40 12 43 26 8 37 17 46 34 5 45 25 30 36 42 18 10 13 1 20 14 38 9 27 15 19 44 33 16 6 7 2 11 
0 10
1 32
2 45
3 9
4 13
5 23
6 43
7 44
8 18
9 36
10 30
11 46
12 15
13 31
14 34
15 38
16 42
17 20
18 29
19 39
20 33
21 3
22 1
23 7
24 6
25 25
26 17
27 37
28 4
29 11
30 26
31 12
32 2
33 41
34 22
35 0
36 27
37 19
38 35
39 8
40 14
41 5
42 28
43 16
44 40
45 24
46 21
SIMILAR

45 38 21 19 46 43 40 30 24 22 39 17 6 3 27 41 7 0 23 29 9 5 18 32 28 42 2 13 33 36 26 1 44 8 12 14 4 34 20 11 16 15 35 25 37 10 31 
0 17
1 31
2 26
3 13
4 36
5 21
6 12
7 16
8 33
9 20
10 45
11 39
12 34
13 27
14 35
15 41
16 40
17 11
18 22
19 3
20 38
21 2
22 9
23 18
24 8
25 43
26 30
27 14
28 24
29 19
30 7
31 46
32 23
33 28
34 37
35 42
36 29
37 44
38 1
39 10
40 6
41 15
42 25
43 5
44 32
45 0
46 4
SIMILAR

11 9 38 26 27 2 3 42 45 23 43 29 7 31 22 0 32 28 6 37 13 8 4 10 18 12 34 24 20 33 17 35 41 21 16 19 40 39 15 46 25 44 14 30 36 5 1 
0 15
1 46
2 5
3 6
4 22
5 45
6 18
7 12
8 21
9 1
10 23
11 0
12 25
13 20
14 42
15 38
16 34
17 30
18 24
19 35
20 28
21 33
22 14
23 9
24 27
25 40
26 3
27 4
28 17
29 11
30 43
31 13
32 16
33 29
34 26
35 31
36 44
37 19
38 2
39 37
40 36
41 32
42 7
43 10
44 41
45 8
46 39
SIMILAR

6 13 39 25 30 1 35 29 14 33 8 3 7 45 21 19 36 46 10 20 44 42 40 41 31 12 26 16 18 24 2 38 5 34 23 22 17 32 37 27 0 4 11 28 43 9 15 
0 40
1 5
2 30
3 11
4 41
5 32
6 0
7 12
8 10
9 45
10 18
11 42
12 25
13 1
14 8
15 46
16 27
17 36
18 28
19 15
20 19
21 14
22 35
23 34
24 29
25 3
26 26
27 39
28 43
29 7
30 4
31 24
32 37
33 9
34 33
35 6
36 16
37 38
38 31
39 2
40 22
41 23
42 21
43 44
44 20
45 13
46 17
SIMILAR

5 29 19 2 0 3 17 12 1 9 41 18 13 14 36 31 8 7 28 26 45 46 42 4 16 10 27 33 25 34 23 20 32 6 44 35 22 40 38 39 37 11 43 21 24 15 30 
0 4
1 8
2 3
3 5
4 23
5 0
6 33
7 17
8 16
9 9
10 25
11 41
12 7
13 12
14 13
15 45
16 24
17 6
18 11
19 2
20 31
21 43
22 36
23 30
24 44
25 28
26 19
27 26
28 18
29 1
30 46
31 15
32 32
33 27
34 29
35 35
36 14
37 40
38 38
39 39
40 37
41 10
42 22
43 42
44 34
45 20
46 21
SIMILAR

0 27 22 24 12 39 42 43 9 4 37 15 2 29 17 34 20 7 36 35 38 33 21 3 28 23 44 6 13 19 31 14 46 30 1 11 40 41 8 32 5 16 18 26 45 10 25 
0 0
1 34
2 12
3 23
4 9
5 40
6 27
7 17
8 38
9 8
10 45
11 35
12 4
13 28
14 31
15 11
16 41
17 14
18 42
19 29
20 16
21 22
22 2
23 25
24 3
25 46
26 43
27 1
28 24
29 13
30 33
31 30
32 39
33 21
34 15
35 19
36 18
37 10
38 20
39 5
40 36
41 37
42 6
43 7
44 26
45 44
46 32
SIMILAR

44 5 3 11 39 15 26 40 29 7 10 43 18 27 34 16 19 0 30 20 45 8 38 33 22 28 24 6 23 41 35 12 4 2 31 21 17 42 25 1 37 32 13 9 14 46 36 
0 17
1 39
2 33
3 2
4 32
5 1
6 27
7 9
8 21
9 43
10 10
11 3
12 31
13 42
14 44
15 5
16 15
17 36
18 12
19 16
20 19
21 35
22 24
23 28
24 26
25 38
26 6
27 13
28 25
29 8
30 18
31 34
32 41
33 23
34 14
35 30
36 46
37 40
38 22
39 4
40 7
41 29
42 37
43 11
44 0
45 20
46 45
SIMILAR

18 23 30 39 45 19 43 31 3 2 36 8 21 17 35 15 26 32 5 38 13 29 10 25 34 28 33 9 0 24 40 42 16 1 12 14 27 6 22 41 44 20 7 46 11 4 37 
0 28
1 33
2 9
3 8
4 45
5 18
6 37
7 42
8 11
9 27
10 22
11 44
12 34
13 20
14 35
15 15
16 32
17 13
18 0
19 5
20 41
21 12
22 38
23 1
24 29
25 23
26 16
27 36
28 25
29 21
30 2
31 7
32 17
33 26
34 24
35 14
36 10
37 46
38 19
39 3
40 30
41 39
42 31
43 6
44 40
45 4
46 43
SIMILAR

8 25 9 40 43 31 19 16 37 21 12 24 44 26 42 35 7 38 33 1 13 6 29 39 2 27 34 3 36 22 5 0 28 10 30 45 41 32 15 17 4 14 11 18 20 23 46 
0 31
1 19
2 24
3 27
4 40
5 30
6 21
7 16
8 0
9 2
10 33
11 42
12 10
13 20
14 41
15 38
16 7
17 39
18 43
19 6
20 44
21 9
22 29
23 45
24 11
25 1
26 13
27 25
28 32
29 22
30 34
31 5
32 37
33 18
34 26
35 15
36 28
37 8
38 17
39 23
40 3
41 36
42 14
43 4
44 12
45 35
46 46
SIMILAR

3 20 22 0 4 32 26 17 34 35 38 19 46 15 28 13 7 2 29 44 42 25 11 27 1 12 14 9 5 6 37 16 39 18 41 23 33 24 31 36 40 45 43 8 30 21 10 
0 3
1 24
2 17
3 0
4 4
5 28
6 29
7 16
8 43
9 27
10 46
11 22
12 25
13 15
14 26
15 13
16 31
17 7
18 33
19 11
20 1
21 45
22 2
23 35
24 37
25 21
26 6
27 23
28 14
29 18
30 44
31 38
32 5
33 36
34 8
35 9
36 39
37 30
38 10
39 32
40 40
41 34
42 20
43 42
44 19
45 41
46 12
SIMILAR

24 34 22 13 20 14 4 39 44 3 28 36 30 12 18 9 0 27 41 38 1 42 11 32 10 23 2 16 5 7 31 15 29 21 33 45 25 8 17 26 19 43 6 46 40 37 35 
0 16
1 20
2 26
3 9
4 6
5 28
6 42
7 29
8 37
9 15
10 24
11 22
12 13
13 3
14 5
15 31
16 27
17 38
18 14
19 40
20 4
21 33
22 2
23 25
24 0
25 36
26 39
27 17
28 10
29 32
30 12
31 30
32 23
33 34
34 1
35 46
36 11
37 45
38 19
39 7
40 44
41 18
42 21
43 41
44 8
45 35
46 43
SIMILAR

29 18 21 26 22 7 36 43 42 25 40 23 37 32 14 11 41 35 9 12 3 24 10 5 38 33 13 17 34 15 31 46 28 4 44 45 39 30 1 2 27 16 0 8 20 19 6 
0 42
1 38
2 39
3 20
4 33
5 23
6 46
7 5
8 43
9 18
10 22
11 15
12 19
13 26
14 14
15 29
16 41
17 27
18 1
19 45
20 44
21 2
22 4
23 11
24 21
25 9
26 3
27 40
28 32
29 0
30 37
31 30
32 13
33 25
34 28
35 17
36 6
37 12
38 24
39 36
40 10
41 16
42 8
43 7
44 34
45 35
46 31
SIMILAR

18 11 20 3 45 5 30 13 44 33 7 46 8 32 0 24 9 35 42 1 41 2 34 43 40 37 23 25 19 17 28 21 38 31 4 36 26 16 29 6 15 10 27 14 12 39 22 
0 14
1 19
2 21
3 3
4 34
5 5
6 39
7 10
8 12
9 16
10 41
11 1
12 44
13 7
14 43
15 40
16 37
17 29
18 0
19 28
20 2
21 31
22 46
23 26
24 15
25 27
26 36
27 42
28 30
29 38
30 6
31 33
32 13
33 9
34 22
35 17
36 35
37 25
38 32
39 45
40 24
41 20
42 18
43 23
44 8
45 4
46 11
SIMILAR

11 16 46 31 14 8 27 45 13 10 35 25 5 40 3 18 22 20 43 28 2 39 44 38 29 42 9 1 33 19 6 4 26 30 7 12 34 37 15 21 24 41 36 23 32 17 0 
0 46
1 27
2 20
3 14
4 31
5 12
6 30
7 34
8 5
9 26
10 9
11 0
12 35
13 8
14 4
15 38
16 1
17 45
18 15
19 29
20 17
21 39
22 16
23 43
24 40
25 11
26 32
27 6
28 19
29 24
30 33
31 3
32 44
33 28
34 36
35 10
36 42
37 37
38 23
39 21
40 13
41 41
42 25
43 18
44 22
45 7
46 2
SIMILAR

10 14 23 29 19 17 4 26 38 36 34 33 16 41 39 0 8 30 25 3 42 43 20 45 46 15 12 9 44 11 27 1 2 18 32 22 28 31 7 6 5 13 21 24 35 40 37 
0 15
1 31
2 32
3 19
4 6
5 40
6 39
7 38
8 16
9 27
10 0
11 29
12 26
13 41
14 1
15 25
16 12
17 5
18 33
19 4
20 22
21 42
22 35
23 2
24 43
25 18
26 7
27 30
28 36
29 3
30 17
31 37
32 34
33 11
34 10
35 44
36 9
37 46
38 8
39 14
40 45
41 13
42 20
43 21
44 28
45 23
46 24
SIMILAR

21 45 2 20 14 38 32 12 25 37 4 31 27 43 5 10 30 42 18 22 13 26 6 29 34 17 1 41 3 23 8 46 40 36 11 33 7 39 9 16 0 24 28 19 35 44 15 
0 40
1 26
2 2
3 28
4 10
5 14
6 22
7 36
8 30
9 38
10 15
11 34
12 7
13 20
14 4
15 46
16 39
17 25
18 18
19 43
20 3
21 0
22 19
23 29
24 41
25 8
26 21
27 12
28 42
29 23
30 16
31 11
32 6
33 35
34 24
35 44
36 33
37 9
38 5
39 37
40 32
41 27
42 17
43 13
44 45
45 1
46 31
SIMILAR

28 45 3 19 21 16 41 2 12 29 31 11 5 35 44 1 7 30 10 32 39 36 4 24 33 40 43 34 20 14 37 15 38 18 13 9 8 46 42 22 25 27 17 6 23 26 0 
0 46
1 15
2 7
3 2
4 22
5 12
6 43
7 16
8 36
9 35
10 18
11 11
12 8
13 34
14 29
15 31
16 5
17 42
18 33
19 3
20 28
21 4
22 39
23 44
24 23
25 40
26 45
27 41
28 0
29 9
30 17
31 10
32 19
33 24
34 27
35 13
36 21
37 30
38 32
39 20
40 25
41 6
42 38
43 26
44 14
45 1
46 37
SIMILAR

17 29 41 11 26 2 33 36 9 7 20 19 4 40 22 32 5 13 25 39 8 3 31 35 28 45 1 21 12 16 6 0 23 30 43 46 15 37 44 27 34 18 14 10 24 42 38 
0 31
1 26
2 5
3 21
4 12
5 16
6 30
7 9
8 20
9 8
10 43
11 3
12 28
13 17
14 42
15 36
16 29
17 0
18 41
19 11
20 10
21 27
22 14
23 32
24 44
25 18
26 4
27 39
28 24
29 1
30 33
31 22
32 15
33 6
34 40
35 23
36 7
37 37
38 46
39 19
40 13
41 2
42 45
43 34
44 38
45 25
46 35
SIMILAR

0 4 6 15 27 10 28 42 31 24 16 12 34 40 21 39 25 37 17 20 35 45 14 11 3 38 29 36 44 26 13 8 43 19 23 22 5 41 30 46 7 2 1 32 33 18 9 
0 0
1 42
2 41
3 24
4 1
5 36
6 2
7 40
8 31
9 46
10 5
11 23
12 11
13 30
14 22
15 3
16 10
17 18
18 45
19 33
20 19
21 14
22 35
23 34
24 9
25 16
26 29
27 4
28 6
29 26
30 38
31 8
32 43
33 44
34 12
35 20
36 27
37 17
38 25
39 15
40 13
41 37
42 7
43 32
44 28
45 21
46 39
SIMILAR

44 15 16 3 40 36 7 41 28 35 0 43 45 29 42 46 6 24 22 23 27 9 26 31 38 5 30 18 39 19 34 4 10 1 25 8 12 2 20 37 13 21 17 11 32 33 14 
0 10
1 33
2 37
3 3
4 31
5 25
6 16
7 6
8 35
9 21
10 32
11 43
12 36
13 40
14 46
15 1
16 2
17 42
18 27
19 29
20 38
21 41
22 18
23 19
24 17
25 34
26 22
27 20
28 8
29 13
30 26
31 23
32 44
33 45
34 30
35 9
36 5
37 39
38 24
39 28
40 4
41 7
42 14
43 11
44 0
45 12
46 15
SIMILAR

13 18 42 36 2 3 37 40 14 5 4 1 12 32 25 45 31 27 10 38 17 7 6 11 24 43 21 39 26 35 23 33 29 28 0 15 9 22 8 30 16 46 44 20 41 19 34 
0 34
1 11
2 4
3 5
4 10
5 9
6 22
7 21
8 38
9 36
10 18
11 23
12 12
13 0
14 8
15 35
16 40
17 20
18 1
19 45
20 43
21 26
22 37
23 30
24 24
25 14
26 28
27 17
28 33
29 32
30 39
31 16
32 13
33 31
34 46
35 29
36 3
37 6
38 19
39 27
40 7
41 44
42 2
43 25
44 42
45 15
46 41
SIMILAR

22 26 21 6 5 38 7 30 27 14 17 9 43 11 39 12 41 2 42 24 33 10 16 44 29 37 0 13 20 4 23 32 28 34 15 36 31 19 18 25 8 45 40 46 3 35 1 
0 26
1 46
2 17
3 44
4 29
5 4
6 3
7 6
8 40
9 11
10 21
11 13
12 15
13 27
14 9
15 34
16 22
17 10
18 38
19 37
20 28
21 2
22 0
23 30
24 19
25 39
26 1
27 8
28 32
29 24
30 7
31 36
32 31
33 20
34 33
35 45
36 35
37 25
38 5
39 14
40 42
41 16
42 18
43 12
44 23
45 41
46 43
SIMILAR

9 27 35 25 13 31 5 24 29 26 39 14 8 18 23 38 32 37 20 30 44 1 4 19 33 42 46 45 12 16 6 11 3 0 28 21 15 34 40 7 41 17 10 43 2 22 36 
0 33
1 21
2 44
3 32
4 22
5 6
6 30
7 39
8 12
9 0
10 42
11 31
12 28
13 4
14 11
15 36
16 29
17 41
18 13
19 23
20 18
21 35
22 45
23 14
24 7
25 3
26 9
27 1
28 34
29 8
30 19
31 5
32 16
33 24
34 37
35 2
36 46
37 17
38 15
39 10
40 38
41 40
42 25
43 43
44 20
45 27
46 26
SIMILAR

40 29 1 14 39 41 34 25 19 5 11 43 3 46 32 4 17 35 28 30 21 26 2 20 31 8 7 18 45 0 38 15 37 24 22 10 44 9 33 13 12 42 6 16 36 27 23 
0 29
1 2
2 22
3 12
4 15
5 9
6 42
7 26
8 25
9 37
10 35
11 10
12 40
13 39
14 3
15 31
16 43
17 16
18 27
19 8
20 23
21 20
22 34
23 46
24 33
25 7
26 21
27 45
28 18
29 1
30 19
31 24
32 14
33 38
34 6
35 17
36 44
37 32
38 30
39 4
40 0
41 5
42 41
43 11
44 36
45 28
46 13
SIMILAR

39 45 13 40 3 12 14 27 31 8 19 0 26 1 4 33 2 21 30 7 34 36 17 20 11 23 9 38 35 41 42 22 24 5 37 15 44 10 46 32 6 25 18 28 43 29 16 
0 11
1 13
2 16
3 4
4 14
5 33
6 40
7 19
8 9
9 26
10 37
11 24
12 5
13 2
14 6
15 35
16 46
17 22
18 42
19 10
20 23
21 17
22 31
23 25
24 32
25 41
26 12
27 7
28 43
29 45
30 18
31 8
32 39
33 15
34 20
35 28
36 21
37 34
38 27
39 0
40 3
41 29
42 30
43 44
44 36
45 1
46 38
SIMILAR

39 18 28 37 20 0 1 38 32 27 7 22 35 21 9 8 13 31 12 4 46 23 14 15 2 25 3 5 16 40 34 6 17 26 45 33 29 41 36 30 10 11 42 43 19 44 24 
0 5
1 6
2 24
3 26
4 19
5 27
6 31
7 10
8 15
9 14
10 40
11 41
12 18
13 16
14 22
15 23
16 28
17 32
18 1
19 44
20 4
21 13
22 11
23 21
24 46
25 25
26 33
27 9
28 2
29 36
30 39
31 17
32 8
33 35
34 30
35 12
36 38
37 3
38 7
39 0
40 29
41 37
42 42
43 43
44 45
45 34
46 20
SIMILAR

32 29 43 33 21 17 42 36 26 24 10 38 6 5 41 37 27 0 40 22 4 28 19 15 8 11 31 3 45 35 14 9 18 20 2 16 12 30 7 1 34 39 13 44 23 46 25 
0 17
1 39
2 34
3 27
4 20
5 13
6 12
7 38
8 24
9 31
10 10
11 25
12 36
13 42
14 30
15 23
16 35
17 5
18 32
19 22
20 33
21 4
22 19
23 44
24 9
25 46
26 8
27 16
28 21
29 1
30 37
31 26
32 0
33 3
34 40
35 29
36 7
37 15
38 11
39 41
40 18
41 14
42 6
43 2
44 43
45 28
46 45
SIMILAR

24 2 31 44 9 13 43 45 37 20 7 10 8 0 1 16 39 38 36 25 19 33 17 15 29 46 40 3 5 21 6 27 11 23 35 12 30 34 42 32 22 14 28 4 26 41 18 
0 13
1 14
2 1
3 27
4 43
5 28
6 30
7 10
8 12
9 4
10 11
11 32
12 35
13 5
14 41
15 23
16 15
17 22
18 46
19 20
20 9
21 29
22 40
23 33
24 0
25 19
26 44
27 31
28 42
29 24
30 36
31 2
32 39
33 21
34 37
35 34
36 18
37 8
38 17
39 16
40 26
41 45
42 38
43 6
44 3
45 7
46 25
SIMILAR

4 19 40 23 13 17 21 24 8 15 1 12 39 10 34 29 43 0 25 44 42 14 45 3 36 7 30 46 6 26 31 35 9 38 18 2 28 20 27 41 22 33 37 11 5 16 32 
0 17
1 10
2 35
3 23
4 0
5 44
6 28
7 25
8 8
9 32
10 13
11 43
12 11
13 4
14 21
15 9
16 45
17 5
18 34
19 1
20 37
21 6
22 40
23 3
24 7
25 18
26 29
27 38
28 36
29 15
30 26
31 30
32 46
33 41
34 14
35 31
36 24
37 42
38 33
39 12
40 2
41 39
42 20
43 16
44 19
45 22
46 27
SIMILAR

41 12 20 38 33 26 24 25 9 42 11 8 27 37 35 16 6 29 14 15 3 0 32 43 31 36 46 2 39 1 18 5 30 40 4 17 13 44 28 34 19 45 7 23 22 10 21 
0 21
1 29
2 27
3 20
4 34
5 31
6 16
7 42
8 11
9 8
10 45
11 10
12 1
13 36
14 18
15 19
16 15
17 35
18 30
19 40
20 2
21 46
22 44
23 43
24 6
25 7
26 5
27 12
28 38
29 17
30 32
31 24
32 22
33 4
34 39
35 14
36 25
37 13
38 3
39 28
40 33
41 0
42 9
43 23
44 37
45 41
46 26
SIMILAR

7 26 3 41 33 22 36 27 12 28 8 11 0 30 19 18 21 16 29 20 38 10 17 23 4 35 31 44 14 1 39 32 46 2 15 6 9 24 5 40 34 25 45 37 13 42 43 
0 12
1 29
2 33
3 2
4 24
5 38
6 35
7 0
8 10
9 36
10 21
11 11
12 8
13 44
14 28
15 34
16 17
17 22
18 15
19 14
20 19
21 16
22 5
23 23
24 37
25 41
26 1
27 7
28 9
29 18
30 13
31 26
32 31
33 4
34 40
35 25
36 6
37 43
38 20
39 30
40 39
41 3
42 45
43 46
44 27
45 42
46 32
SIMILAR

24 30 26 7 2 14 36 23 17 43 25 4 0 29 40 18 19 20 10 12 5 9 28 8 34 27 13 15 1 16 33 11 46 44 37 21 31 45 22 3 6 32 38 42 41 39 35 
0 12
1 28
2 4
3 39
4 11
5 20
6 40
7 3
8 23
9 21
10 18
11 31
12 19
13 26
14 5
15 27
16 29
17 8
18 15
19 16
20 17
21 35
22 38
23 7
24 0
25 10
26 2
27 25
28 22
29 13
30 1
31 36
32 41
33 30
34 24
35 46
36 6
37 34
38 42
39 45
40 14
41 44
42 43
43 9
44 33
45 37
46 32
SIMILAR

22 21 44 24 20 40 16 25 41 37 23 33 28 26 15 39 9 17 42 3 8 46 18 19 12 0 1 34 36 43 14 45 27 5 35 38 4 10 6 7 11 30 29 2 32 31 13 
0 25
1 26
2 43
3 19
4 36
5 33
6 38
7 39
8 20
9 16
10 37
11 40
12 24
13 46
14 30
15 14
16 6
17 17
18 22
19 23
20 4
21 1
22 0
23 10
24 3
25 7
26 13
27 32
28 12
29 42
30 41
31 45
32 44
33 11
34 27
35 34
36 28
37 9
38 35
39 15
40 5
41 8
42 18
43 29
44 2
45 31
46 21
SIMILAR

33 43 13 14 41 5 26 45 31 37 38 40 4 42 6 27 8 19 22 1 25 0 17 39 16 35 20 3 11 29 46 44 7 34 2 36 9 30 23 10 21 24 15 28 18 32 12 
0 21
1 19
2 34
3 27
4 12
5 5
6 14
7 32
8 16
9 36
10 39
11 28
12 46
13 2
14 3
15 42
16 24
17 22
18 44
19 17
20 26
21 40
22 18
23 38
24 41
25 20
26 6
27 15
28 43
29 29
30 37
31 8
32 45
33 0
34 33
35 25
36 35
37 9
38 10
39 23
40 11
41 4
42 13
43 1
44 31
45 7
46 30
SIMILAR

43 29 27 16 3 32 22 36 40 19 28 46 9 5 45 12 17 6 31 23 35 34 37 4 26 39 18 38 2 7 13 25 42 24 1 8 44 33 30 0 41 10 14 11 21 20 15 
0 39
1 34
2 28
3 4
4 23
5 13
6 17
7 29
8 35
9 12
10 41
11 43
12 15
13 30
14 42
15 46
16 3
17 16
18 26
19 9
20 45
21 44
22 6
23 19
24 33
25 31
26 24
27 2
28 10
29 1
30 38
31 18
32 5
33 37
34 21
35 20
36 7
37 22
38 27
39 25
40 8
41 40
42 32
43 0
44 36
45 14
46 11
SIMILAR

25 46 17 36 21 30 23 35 26 7 18 20 27 44 29 4 1 28 41 12 9 19 42 37 10 33 14 8 3 2 40 43 5 15 39 13 45 32 38 6 31 16 34 0 22 24 11 
0 43
1 16
2 29
3 28
4 15
5 32
6 39
7 9
8 27
9 20
10 24
11 46
12 19
13 35
14 26
15 33
16 41
17 2
18 10
19 21
20 11
21 4
22 44
23 6
24 45
25 0
26 8
27 12
28 17
29 14
30 5
31 40
32 37
33 25
34 42
35 7
36 3
37 23
38 38
39 34
40 30
41 18
42 22
43 31
44 13
45 36
46 1
SIMILAR

3 5 43 12 38 24 0 14 28 44 10 40 26 11 16 33 13 19 27 4 17 42 34 29 25 2 46 39 45 20 6 32 7 35 8 1 41 22 31 30 18 37 36 21 15 9 23 
0 6
1 35
2 25
3 0
4 19
5 1
6 30
7 32
8 34
9 45
10 10
11 13
12 3
13 16
14 7
15 44
16 14
17 20
18 40
19 17
20 29
21 43
22 37
23 46
24 5
25 24
26 12
27 18
28 8
29 23
30 39
31 38
32 31
33 15
34 22
35 33
36 42
37 41
38 4
39 27
40 11
41 36
42 21
43 2
44 9
45 28
46 26
SIMILAR

41 37 38 33 35 0 36 21 23 24 4 29 14 8 6 13 34 31 40 3 25 11 18 45 32 26 17 9 43 5 42 27 16 19 39 30 12 22 10 15 2 28 7 46 44 20 1 
0 5
1 46
2 40
3 19
4 10
5 29
6 14
7 42
8 13
9 27
10 38
11 21
12 36
13 15
14 12
15 39
16 32
17 26
18 22
19 33
20 45
21 7
22 37
23 8
24 9
25 20
26 25
27 31
28 41
29 11
30 35
31 17
32 24
33 3
34 16
35 4
36 6
37 1
38 2
39 34
40 18
41 0
42 30
43 28
44 44
45 23
46 43
SIMILAR

31 7 33 8 34 42 20 29 19 22 23 26 14 44 2 16 3 37 46 35 36 39 1 21 38 43 10 41 27 6 24 15 11 17 18 0 28 4 30 32 5 12 13 45 25 9 40 
0 35
1 22
2 14
3 16
4 37
5 40
6 29
7 1
8 3
9 45
10 26
11 32
12 41
13 42
14 12
15 31
16 15
17 33
18 34
19 8
20 6
21 23
22 9
23 10
24 30
25 44
26 11
27 28
28 36
29 7
30 38
31 0
32 39
33 2
34 4
35 19
36 20
37 17
38 24
39 21
40 46
41 27
42 5
43 25
44 13
45 43
46 18
SIMILAR

32 29 5 30 45 40 41 35 13 44 28 14 8 38 23 15 39 27 42 11 43 34 21 24 10 36 26 17 16 4 37 2 7 0 20 6 25 33 3 46 12 18 9 1 31 19 22 
0 33
1 43
2 31
3 38
4 29
5 2
6 35
7 32
8 12
9 42
10 24
11 19
12 40
13 8
14 11
15 15
16 28
17 27
18 41
19 45
20 34
21 22
22 46
23 14
24 23
25 36
26 26
27 17
28 10
29 1
30 3
31 44
32 0
33 37
34 21
35 7
36 25
37 30
38 13
39 16
40 5
41 6
42 18
43 20
44 9
45 4
46 39
SIMILAR

31 22 30 24 40 21 33 18 16 43 34 1 39 32 19 27 37 28 8 26 42 36 20 38 29 35 9 2 15 7 45 23 10 4 41 5 12 17 46 13 3 14 6 44 25 11 0 
0 46
1 11
2 27
3 40
4 33
5 35
6 42
7 29
8 18
9 26
10 32
11 45
12 36
13 39
14 41
15 28
16 8
17 37
18 7
19 14
20 22
21 5
22 1
23 31
24 3
25 44
26 19
27 15
28 17
29 24
30 2
31 0
32 13
33 6
34 10
35 25
36 21
37 16
38 23
39 12
40 4
41 34
42 20
43 9
44 43
45 30
46 38
SIMILAR

7 11 6 2 26 24 14 44 22 21 17 28 33 38 25 18 27 9 1 30 34 23 45 3 12 39 0 42 32 13 35 19 29 43 16 15 40 10 46 4 8 5 41 20 31 37 36 
0 26
1 18
2 3
3 23
4 39
5 41
6 2
7 0
8 40
9 17
10 37
11 1
12 24
13 29
14 6
15 35
16 34
17 10
18 15
19 31
20 43
21 9
22 8
23 21
24 5
25 14
26 4
27 16
28 11
29 32
30 19
31 44
32 28
33 12
34 20
35 30
36 46
37 45
38 13
39 25
40 36
41 42
42 27
43 33
44 7
45 22
46 38
SIMILAR

31 0 42 29 11 9 39 14 20 16 35 36 38 12 41 25 18 28 40 8 32 34 37 33 2 30 19 17 45 21 22 5 46 43 26 7 44 3 4 6 27 24 13 23 10 15 1 
0 1
1 46
2 24
3 37
4 38
5 31
6 39
7 35
8 19
9 5
10 44
11 4
12 13
13 42
14 7
15 45
16 9
17 27
18 16
19 26
20 8
21 29
22 30
23 43
24 41
25 15
26 34
27 40
28 17
29 3
30 25
31 0
32 20
33 23
34 21
35 10
36 11
37 22
38 12
39 6
40 18
41 14
42 2
43 33
44 36
45 28
46 32
SIMILAR

5 4 3 1 16 22 6 10 30 33 26 17 27 32 23 15 37 46 38 45 42 40 11 34 19 18 28 36 14 8 7 41 21 39 25 9 2 29 44 20 43 24 12 35 31 13 0 
0 46
1 3
2 36
3 2
4 1
5 0
6 6
7 30
8 29
9 35
10 7
11 22
12 42
13 45
14 28
15 15
16 4
17 11
18 25
19 24
20 39
21 32
22 5
23 14
24 41
25 34
26 10
27 12
28 26
29 37
30 8
31 44
32 13
33 9
34 23
35 43
36 27
37 16
38 18
39 33
40 21
41 31
42 20
43 40
44 38
45 19
46 17
SIMILAR

0 2 25 44 5 29 43 22 15 19 8 26 4 40 27 24 34 6 32 37 20 42 9 11 45 46 35 28 12 39 3 17 30 36 18 16 13 21 23 7 38 31 14 1 41 10 33 
0 0
1 43
2 1
3 30
4 12
5 4
6 17
7 39
8 10
9 22
10 45
11 23
12 28
13 36
14 42
15 8
16 35
17 31
18 34
19 9
20 20
21 37
22 7
23 38
24 15
25 2
26 11
27 14
28 27
29 5
30 32
31 41
32 18
33 46
34 16
35 26
36 33
37 19
38 40
39 29
40 13
41 44
42 21
43 6
44 3
45 24
46 25
SIMILAR

30 2 8 32 21 24 25 7 12 4 27 35 37 29 18 22 0 23 15 45 43 41 5 20 17 39 42 28 6 44 46 31 19 40 1 36 10 11 13 26 14 33 9 34 3 16 38 
0 16
1 34
2 1
3 44
4 9
5 22
6 28
7 7
8 2
9 42
10 36
11 37
12 8
13 38
14 40
15 18
16 45
17 24
18 14
19 32
20 23
21 4
22 15
23 17
24 5
25 6
26 39
27 10
28 27
29 13
30 0
31 31
32 3
33 41
34 43
35 11
36 35
37 12
38 46
39 25
40 33
41 21
42 26
43 20
44 29
45 19
46 30
SIMILAR

40 7 19 3 41 33 22 32 11 5 35 2 37 14 10 28 6 29 27 20 15 24 25 12 26 43 31 45 17 4 21 38 0 34 1 23 44 18 39 9 13 42 8 16 30 46 36 
0 32
1 34
2 11
3 3
4 29
5 9
6 16
7 1
8 42
9 39
10 14
11 8
12 23
13 40
14 13
15 20
16 43
17 28
18 37
19 2
20 19
21 30
22 6
23 35
24 21
25 22
26 24
27 18
28 15
29 17
30 44
31 26
32 7
33 5
34 33
35 10
36 46
37 12
38 31
39 38
40 0
41 4
42 41
43 25
44 36
45 27
46 45
SIMILAR

15 17 24 28 32 12 34 23 35 7 41 25 42 45 46 3 29 9 38 19 44 6 0 36 20 21 8 10 43 4 11 33 37 13 18 5 26 39 16 14 30 27 1 31 40 2 22 
0 22
1 42
2 45
3 15
4 29
5 35
6 21
7 9
8 26
9 17
10 27
11 30
12 5
13 33
14 39
15 0
16 38
17 1
18 34
19 19
20 24
21 25
22 46
23 7
24 2
25 11
26 36
27 41
28 3
29 16
30 40
31 43
32 4
33 31
34 6
35 8
36 23
37 32
38 18
39 37
40 44
41 10
42 12
43 28
44 20
45 13
46 14
SIMILAR

7 39 35 6 1 42 10 8 38 40 32 27 0 13 17 36 41 26 11 14 22 34 3 44 5 43 25 21 23 28 46 33 20 31 37 15 29 4 12 24 19 30 9 18 16 45 2 
0 12
1 4
2 46
3 22
4 37
5 24
6 3
7 0
8 7
9 42
10 6
11 18
12 38
13 13
14 19
15 35
16 44
17 14
18 43
19 40
20 32
21 27
22 20
23 28
24 39
25 26
26 17
27 11
28 29
29 36
30 41
31 33
32 10
33 31
34 21
35 2
36 15
37 34
38 8
39 1
40 9
41 16
42 5
43 25
44 23
45 45
46 30
SIMILAR

4 19 43 20 44 14 24 45 29 2 32 16 8 9 30 31 10 33 46 13 28 42 37 25 41 40 3 39 15 1 22 18 36 35 27 7 38 34 6 0 23 12 11 5 26 21 17 
0 39
1 29
2 9
3 26
4 0
5 43
6 38
7 35
8 12
9 13
10 16
11 42
12 41
13 19
14 5
15 28
16 11
17 46
18 31
19 1
20 3
21 45
22 30
23 40
24 6
25 23
26 44
27 34
28 20
29 8
30 14
31 15
32 10
33 17
34 37
35 33
36 32
37 22
38 36
39 27
40 25
41 24
42 21
43 2
44 4
45 7
46 18
SIMILAR

9 40 46 3 21 16 35 20 1 31 43 4 29 42 38 17 12 39 18 6 44 45 2 32 23 10 41 33 34 19 25 24 27 8 15 13 26 5 36 7 22 0 30 28 14 11 37 
0 41
1 8
2 22
3 3
4 11
5 37
6 19
7 39
8 33
9 0
10 25
11 45
12 16
13 35
14 44
15 34
16 5
17 15
18 18
19 29
20 7
21 4
22 40
23 24
24 31
25 30
26 36
27 32
28 43
29 12
30 42
31 9
32 23
33 27
34 28
35 6
36 38
37 46
38 14
39 17
40 1
41 26
42 13
43 10
44 20
45 21
46 2
SIMILAR

36 21 33 32 14 10 35 43 34 29 0 24 2 40 8 6 41 11 45 17 12 28 4 26 18 31 22 25 38 13 19 27 1 16 23 7 37 3 30 9 5 44 20 46 42 15 39 
0 10
1 32
2 12
3 37
4 22
5 40
6 15
7 35
8 14
9 39
10 5
11 17
12 20
13 29
14 4
15 45
16 33
17 19
18 24
19 30
20 42
21 1
22 26
23 34
24 11
25 27
26 23
27 31
28 21
29 9
30 38
31 25
32 3
33 2
34 8
35 6
36 0
37 36
38 28
39 46
40 13
41 16
42 44
43 7
44 41
45 18
46 43
SIMILAR

30 20 5 37 39 19 18 6 2 8 15 12 7 33 3 26 42 31 32 1 40 35 41 44 0 25 21 38 11 24 46 43 34 16 29 17 36 22 9 13 27 14 10 4 45 23 28 
0 24
1 19
2 8
3 14
4 43
5 2
6 7
7 12
8 9
9 38
10 42
11 28
12 11
13 39
14 41
15 10
16 33
17 35
18 6
19 5
20 1
21 26
22 37
23 45
24 29
25 25
26 15
27 40
28 46
29 34
30 0
31 17
32 18
33 13
34 32
35 21
36 36
37 3
38 27
39 4
40 20
41 22
42 16
43 31
44 23
45 44
46 30
SIMILAR

2 10 17 24 9 6 46 7 45 22 18 27 25 29 28 33 5 40 4 32 0 37 12 19 38 26 21 30 42 8 39 34 44 20 35 11 3 13 31 14 1 36 16 41 43 15 23 
0 20
1 40
2 0
3 36
4 18
5 16
6 5
7 7
8 29
9 4
10 1
11 35
12 22
13 37
14 39
15 45
16 42
17 2
18 10
19 23
20 33
21 26
22 9
23 46
24 3
25 12
26 25
27 11
28 14
29 13
30 27
31 38
32 19
33 15
34 31
35 34
36 41
37 21
38 24
39 30
40 17
41 43
42 28
43 44
44 32
45 8
46 6
SIMILAR

25 13 40 3 21 32 44 39 29 0 43 30 11 9 34 24 10 33 37 22 12 17 4 31 26 41 45 36 42 18 1 8 35 20 38 46 15 16 28 5 23 14 27 6 7 19 2 
0 9
1 30
2 46
3 3
4 22
5 39
6 43
7 44
8 31
9 13
10 16
11 12
12 20
13 1
14 41
15 36
16 37
17 21
18 29
19 45
20 33
21 4
22 19
23 40
24 15
25 0
26 24
27 42
28 38
29 8
30 11
31 23
32 5
33 17
34 14
35 32
36 27
37 18
38 34
39 7
40 2
41 25
42 28
43 10
44 6
45 26
46 35
SIMILAR

21 38 35 17 6 20 39 33 4 10 9 42 1 32 11 37 40 14 7 15 46 12 8 30 2 29 26 41 25 16 5 28 36 18 31 34 19 22 0 23 27 45 13 43 3 44 24 
0 38
1 12
2 24
3 44
4 8
5 30
6 4
7 18
8 22
9 10
10 9
11 14
12 21
13 42
14 17
15 19
16 29
17 3
18 33
19 36
20 5
21 0
22 37
23 39
24 46
25 28
26 26
27 40
28 31
29 25
30 23
31 34
32 13
33 7
34 35
35 2
36 32
37 15
38 1
39 6
40 16
41 27
42 11
43 43
44 45
45 41
46 20
SIMILAR

15 2 14 43 22 38 23 13 21 6 20 0 35 26 34 33 19 7 29 46 40 27 41 44 39 10 9 30 25 45 32 24 18 4 3 12 1 16 37 36 8 31 28 11 5 17 42 
0 11
1 36
2 1
3 34
4 33
5 44
6 9
7 17
8 40
9 26
10 25
11 43
12 35
13 7
14 2
15 0
16 37
17 45
18 32
19 16
20 10
21 8
22 4
23 6
24 31
25 28
26 13
27 21
28 42
29 18
30 27
31 41
32 30
33 15
34 14
35 12
36 39
37 38
38 5
39 24
40 20
41 22
42 46
43 3
44 23
45 29
46 19
SIMILAR

4 22 5 45 35 36 24 2 6 0 12 23 20 28 42 30 21 1 33 19 27 10 18 15 31 11 14 3 43 17 37 16 46 44 40 7 26 41 13 38 39 8 29 32 25 9 34 
0 9
1 17
2 7
3 27
4 0
5 2
6 8
7 35
8 41
9 45
10 21
11 25
12 10
13 38
14 26
15 23
16 31
17 29
18 22
19 19
20 12
21 16
22 1
23 11
24 6
25 44
26 36
27 20
28 13
29 42
30 15
31 24
32 43
33 18
34 46
35 4
36 5
37 30
38 39
39 40
40 34
41 37
42 14
43 28
44 33
45 3
46 32
SIMILAR

12 26 22 30 41 28 0 38 29 18 45 15 13 31 6 40 8 35 43 16 23 19 37 36 20 33 46 44 2 7 10 25 11 39 9 24 14 32 42 17 34 3 1 5 21 4 27 
0 6
1 42
2 28
3 41
4 45
5 43
6 14
7 29
8 16
9 34
10 30
11 32
12 0
13 12
14 36
15 11
16 19
17 39
18 9
19 21
20 24
21 44
22 2
23 20
24 35
25 31
26 1
27 46
28 5
29 8
30 3
31 13
32 37
33 25
34 40
35 17
36 23
37 22
38 7
39 33
40 15
41 4
42 38
43 18
44 27
45 10
46 26
SIMILAR

42 39 4 40 36 38 35 0 37 3 7 12 1 28 21 26 45 9 41 32 23 5 44 17 24 15 2 8 6 18 29 43 20 10 19 22 25 16 33 31 30 46 14 27 11 34 13 
0 7
1 12
2 26
3 9
4 2
5 21
6 28
7 10
8 27
9 17
10 33
11 44
12 11
13 46
14 42
15 25
16 37
17 23
18 29
19 34
20 32
21 14
22 35
23 20
24 24
25 36
26 15
27 43
28 13
29 30
30 40
31 39
32 19
33 38
34 45
35 6
36 4
37 8
38 5
39 1
40 3
41 18
42 0
43 31
44 22
45 16
46 41
SIMILAR

43 14 32 4 45 9 40 29 23 16 13 46 24 35 12 25 37 20 39 36 7 27 5 44 10 26 19 31 30 1 42 17 2 41 38 6 34 3 33 15 0 21 28 18 8 22 11 
0 40
1 29
2 32
3 37
4 3
5 22
6 35
7 20
8 44
9 5
10 24
11 46
12 14
13 10
14 1
15 39
16 9
17 31
18 43
19 26
20 17
21 41
22 45
23 8
24 12
25 15
26 25
27 21
28 42
29 7
30 28
31 27
32 2
33 38
34 36
35 13
36 19
37 16
38 34
39 18
40 6
41 33
42 30
43 0
44 23
45 4
46 11
SIMILAR

9 12 1 13 26 24 14 18 42 10 45 39 25 8 32 15 19 21 16 5 3 31 22 34 6 40 23 29 30 36 4 7 41 28 27 38 33 35 37 0 2 11 17 20 44 46 43 
0 39
1 2
2 40
3 20
4 30
5 19
6 24
7 31
8 13
9 0
10 9
11 41
12 1
13 3
14 6
15 15
16 18
17 42
18 7
19 16
20 43
21 17
22 22
23 26
24 5
25 12
26 4
27 34
28 33
29 27
30 28
31 21
32 14
33 36
34 23
35 37
36 29
37 38
38 35
39 11
40 25
41 32
42 8
43 46
44 44
45 10
46 45
SIMILAR

16 6 29 38 30 42 40 22 8 25 24 34 35 23 41 20 10 28 43 21 4 36 3 15 27 5 0 12 31 9 2 1 44 18 14 45 33 46 19 39 13 11 32 26 37 17 7 
0 26
1 31
2 30
3 22
4 20
5 25
6 1
7 46
8 8
9 29
10 16
11 41
12 27
13 40
14 34
15 23
16 0
17 45
18 33
19 38
20 15
21 19
22 7
23 13
24 10
25 9
26 43
27 24
28 17
29 2
30 4
31 28
32 42
33 36
34 11
35 12
36 21
37 44
38 3
39 39
40 6
41 14
42 5
43 18
44 32
45 35
46 37
SIMILAR

32 23 31 40 4 36 3 14 15 16 0 37 17 38 2 29 13 21 24 41 12 33 6 20 42 46 11 22 35 8 19 39 26 28 1 5 30 10 7 34 45 9 25 18 43 27 44 
0 10
1 34
2 14
3 6
4 4
5 35
6 22
7 38
8 29
9 41
10 37
11 26
12 20
13 16
14 7
15 8
16 9
17 12
18 43
19 30
20 23
21 17
22 27
23 1
24 18
25 42
26 32
27 45
28 33
29 15
30 36
31 2
32 0
33 21
34 39
35 28
36 5
37 11
38 13
39 31
40 3
41 19
42 24
43 44
44 46
45 40
46 25
SIMILAR

13 6 42 43 3 40 16 28 12 24 41 38 11 4 46 1 44 29 21 7 5 32 8 25 14 10 27 26 31 2 15 20 18 35 45 30 9 33 37 23 0 19 39 34 17 36 22 
0 40
1 15
2 29
3 4
4 13
5 20
6 1
7 19
8 22
9 36
10 25
11 12
12 8
13 0
14 24
15 30
16 6
17 44
18 32
19 41
20 31
21 18
22 46
23 39
24 9
25 23
26 27
27 26
28 7
29 17
30 35
31 28
32 21
33 37
34 43
35 33
36 45
37 38
38 11
39 42
40 5
41 10
42 2
43 3
44 16
45 34
46 14
SIMILAR

1 6 37 5 4 39 0 29 46 11 20 13 40 7 25 21 44 19 30 24 26 33 8 36 16 43 14 17 45 28 32 35 10 9 41 34 15 31 12 23 22 2 42 27 3 18 38 
0 6
1 0
2 41
3 44
4 4
5 3
6 1
7 13
8 22
9 33
10 32
11 9
12 38
13 11
14 26
15 36
16 24
17 27
18 45
19 17
20 10
21 15
22 40
23 39
24 19
25 14
26 20
27 43
28 29
29 7
30 18
31 37
32 30
33 21
34 35
35 31
36 23
37 2
38 46
39 5
40 12
41 34
42 42
43 25
44 16
45 28
46 8
SIMILAR

41 21 5 37 4 6 23 1 46 29 35 8 12 15 0 20 2 26 42 13 24 22 43 44 7 9 39 32 10 18 31 36 25 34 14 38 3 17 45 16 30 28 40 11 27 33 19 
0 14
1 7
2 16
3 36
4 4
5 2
6 5
7 24
8 11
9 25
10 28
11 43
12 12
13 19
14 34
15 13
16 39
17 37
18 29
19 46
20 15
21 1
22 21
23 6
24 20
25 32
26 17
27 44
28 41
29 9
30 40
31 30
32 27
33 45
34 33
35 10
36 31
37 3
38 35
39 26
40 42
41 0
42 18
43 22
44 23
45 38
46 8
SIMILAR

45 46 8 5 12 14 4 20 11 9 0 6 31 32 17 28 34 21 42 10 22 23 39 35 15 13 24 16 41 7 38 25 3 36 43 19 18 26 27 37 30 29 33 40 44 2 1 
0 10
1 46
2 45
3 32
4 6
5 3
6 11
7 29
8 2
9 9
10 19
11 8
12 4
13 25
14 5
15 24
16 27
17 14
18 36
19 35
20 7
21 17
22 20
23 21
24 26
25 31
26 37
27 38
28 15
29 41
30 40
31 12
32 13
33 42
34 16
35 23
36 33
37 39
38 30
39 22
40 43
41 28
42 18
43 34
44 44
45 0
46 1
SIMILAR

9 39 28 27 33 11 13 44 2 29 1 22 19 21 46 26 40 37 34 17 20 43 16 5 23 41 10 0 32 31 38 18 8 14 6 45 36 30 42 24 7 25 3 15 12 35 4 
0 27
1 10
2 8
3 42
4 46
5 23
6 34
7 40
8 32
9 0
10 26
11 5
12 44
13 6
14 33
15 43
16 22
17 19
18 31
19 12
20 20
21 13
22 11
23 24
24 39
25 41
26 15
27 3
28 2
29 9
30 37
31 29
32 28
33 4
34 18
35 45
36 36
37 17
38 30
39 1
40 16
41 25
42 38
43 21
44 7
45 35
46 14
SIMILAR
100 0
3700 0
433700 0
