184
0 1 1 1 0 0 1 0 1 1 0 0 1 1 1 0 1 0 0 0 1 1 1 1 1 1 1 1 0 0 0 1 0 1 0 0 1 0 0 1 1 1 0 0 1 1 0 0 1 1 0 0 0 0 1 1 1 1 0 0 0 1 0 1 1 0 1 0 0 1 1 1 0 0 0 1 1 0 0 1 1 1 1 0 1 0 1 0 0 1 0 1 0 1 1 1 0 1 0 1 1 0 1 0 1 0 0 1 0 0 0 1 0 1 0 0 0 0 0 1 1 0 0 0 0 0 0 0 1 1 0 0 0 0 0 1 0 0 1 0 1 1 0 1 0 0 0 0 1 0 0 0 1 1 0 1 1 1 1 1 0 0 0 1 0 0 1 1 1 1 1 0 0 0 0 0 1 1 0 0 1 0 0 1 
1 0 0 0 0 0 0 1 0 0 1 1 1 0 1 1 1 1 0 0 1 1 1 1 0 1 1 1 0 0 0 1 0 1 0 0 1 1 0 1 1 0 1 1 0 0 1 1 0 0 1 1 0 0 1 1 0 0 0 0 1 1 1 1 0 0 0 0 1 1 0 0 0 0 1 1 0 1 1 0 0 0 0 1 1 1 0 0 0 0 0 1 1 1 0 0 0 0 1 0 1 0 1 1 0 1 0 1 0 1 1 0 1 0 0 1 1 0 0 0 0 1 0 1 1 0 1 0 0 0 1 1 1 0 0 1 0 0 1 0 1 0 1 1 1 1 0 1 1 1 1 0 1 1 0 0 1 0 1 0 0 0 1 0 0 0 0 1 0 1 0 1 0 0 0 0 0 0 0 0 0 1 1 0 
1 0 0 0 0 1 1 0 1 0 0 0 1 0 1 0 1 0 0 1 1 1 0 0 1 1 0 0 0 0 1 0 0 1 0 1 0 0 0 1 1 1 0 0 1 0 1 0 1 0 0 0 1 0 0 0 1 0 0 1 0 1 0 1 1 0 0 1 0 1 0 1 1 1 1 0 1 1 1 1 1 1 1 1 0 0 1 1 1 1 0 1 1 0 0 0 1 1 0 0 0 1 0 0 1 0 1 0 0 0 1 0 1 1 0 1 1 0 0 0 1 1 0 1 1 0 0 1 1 1 1 1 1 0 0 0 1 0 0 1 0 0 0 0 0 0 1 0 1 1 0 1 1 1 0 0 0 1 0 0 0 0 0 0 0 0 0 0 1 1 1 1 0 1 1 0 0 1 1 0 0 1 0 1 
1 0 0 0 1 1 1 0 0 1 1 0 0 0 1 0 0 1 0 1 1 0 0 1 1 0 0 1 0 1 0 1 1 0 1 0 1 1 0 0 0 1 0 1 0 0 0 1 0 1 0 1 0 0 1 1 0 1 0 0 1 0 0 0 1 0 1 0 0 0 0 0 0 0 1 0 0 0 1 1 0 0 0 0 0 1 1 0 0 1 0 0 1 0 0 1 0 1 1 0 0 0 1 0 1 0 1 0 0 0 0 0 1 1 1 1 1 1 0 0 0 1 0 0 0 0 1 1 0 1 1 0 1 1 1 0 0 0 1 0 0 1 0 0 0 1 1 1 1 1 0 0 1 1 1 1 1 0 0 0 0 1 0 0 1 0 0 1 0 0 0 0 1 1 1 1 0 0 0 1 0 1 1 1 
0 0 0 1 0 1 1 0 1 0 0 0 0 0 1 1 1 0 0 0 1 0 0 0 0 1 0 1 1 0 0 1 1 0 1 0 1 1 0 0 0 1 1 0 0 1 0 0 0 1 1 0 1 1 0 0 1 0 0 1 0 0 1 1 0 0 0 0 0 0 1 1 1 0 0 1 0 0 1 0 0 0 1 1 1 1 0 1 0 0 1 1 0 1 1 0 0 0 1 0 0 0 0 0 0 1 1 0 1 1 0 0 0 1 1 1 1 1 0 1 1 1 1 0 1 0 0 1 0 0 0 0 1 0 0 0 0 0 0 0 1 1 0 1 1 0 1 0 1 0 1 1 0 0 1 0 0 0 1 1 0 0 1 1 1 0 1 1 0 1 0 1 0 0 1 1 0 1 1 0 1 0 0 1 
0 0 1 1 1 0 0 0 1 1 1 0 1 1 1 0 1 0 0 0 0 0 0 1 1 1 0 0 0 1 1 1 0 1 0 0 0 0 0 1 1 1 1 0 0 1 0 1 0 1 1 1 0 0 0 0 1 0 0 0 0 0 0 0 1 0 0 0 1 0 1 0 1 0 0 1 0 0 0 1 1 0 1 0 1 1 1 0 1 1 0 1 0 0 0 0 0 1 0 0 1 1 1 0 0 1 1 0 1 1 1 0 0 1 0 1 1 0 1 1 0 1 1 1 1 0 1 1 1 0 0 1 1 1 1 1 1 1 0 0 1 0 1 0 1 0 1 1 1 0 0 1 0 1 0 1 1 1 1 1 1 0 0 0 0 1 1 0 0 0 0 0 0 0 0 1 1 0 1 1 0 1 1 1 
1 0 1 1 1 0 0 1 1 1 0 0 1 1 0 0 1 1 1 0 0 0 0 0 0 0 1 1 0 0 0 1 0 0 0 0 0 1 1 0 1 1 1 0 1 1 1 1 0 1 0 1 1 0 1 1 1 0 1 1 1 0 1 1 0 1 1 0 0 0 1 1 1 1 1 0 0 0 0 0 1 1 1 0 0 0 1 1 1 0 1 0 1 1 0 1 1 0 1 1 0 1 1 1 0 1 1 0 0 1 1 1 0 0 1 0 1 0 0 1 1 0 0 0 0 0 1 0 0 1 1 1 0 0 0 0 0 1 1 1 0 1 0 1 1 0 1 1 1 0 0 0 1 0 0 0 1 0 0 0 0 0 1 0 1 0 0 0 1 1 0 0 1 1 1 1 0 0 1 0 0 1 0 0 
0 1 0 0 0 0 1 0 0 0 1 1 1 0 0 0 1 1 0 1 0 0 0 0 0 1 1 1 0 0 1 1 0 1 1 0 0 0 0 1 0 0 0 0 1 0 1 0 1 0 1 1 1 1 1 1 1 0 1 0 1 1 0 1 0 1 0 1 1 0 0 0 1 1 1 1 0 1 1 0 0 1 0 0 1 1 0 1 0 1 1 0 0 1 0 0 0 0 0 1 1 0 0 1 0 0 1 0 0 1 0 1 1 0 1 1 1 1 0 0 0 0 1 0 1 1 1 0 0 0 1 1 0 0 1 0 1 1 1 0 0 0 0 0 1 1 1 1 1 0 1 1 1 0 0 0 1 0 1 1 0 1 0 0 0 0 1 0 0 1 0 0 1 1 1 1 1 0 0 0 0 1 0 0 
1 0 1 0 1 1 1 0 0 1 0 1 1 0 1 1 0 0 0 1 0 1 1 1 0 1 1 0 0 1 0 1 0 1 1 0 0 1 0 1 0 1 0 1 0 0 0 1 0 1 0 1 1 1 0 0 0 0 1 0 0 1 1 1 0 0 0 1 0 0 1 0 1 1 1 1 1 0 1 0 1 1 1 0 0 0 0 1 0 0 0 0 1 0 1 1 1 1 1 0 1 0 1 1 1 1 1 0 0 1 1 1 1 1 0 1 0 0 1 1 0 0 0 0 0 0 1 1 1 0 1 1 1 0 1 1 1 1 0 0 0 0 0 1 1 1 0 1 0 1 0 0 1 0 1 0 1 0 0 0 1 1 0 1 1 0 0 0 1 0 1 0 0 0 1 1 0 1 1 0 0 0 1 1 
1 0 0 1 0 1 1 0 1 0 0 0 1 1 1 1 1 0 0 0 1 1 1 1 1 1 0 0 0 1 0 1 1 1 1 0 0 1 0 0 1 0 1 0 1 1 1 1 1 0 0 1 0 0 0 0 0 1 1 1 0 1 0 1 0 0 1 1 1 0 0 1 0 1 0 0 1 0 1 1 1 0 1 1 0 0 1 1 1 1 0 0 1 0 1 1 1 0 1 1 0 1 0 0 1 0 0 1 0 1 1 0 1 0 0 0 1 0 0 1 1 0 1 1 1 1 0 1 0 0 1 1 1 0 0 1 1 0 0 1 0 1 0 0 0 0 1 1 1 0 1 1 1 0 0 0 0 0 0 1 0 0 1 0 0 1 1 1 1 1 0 0 0 0 1 0 0 1 0 0 0 0 1 0 
0 1 0 1 0 1 0 1 0 0 0 0 0 0 0 0 0 1 1 0 1 1 1 0 1 1 1 0 1 0 1 0 0 1 1 0 1 0 1 1 1 1 1 0 0 0 1 0 0 1 0 1 0 1 1 1 0 1 0 1 0 0 0 1 1 0 0 0 1 0 1 1 0 1 0 0 0 0 1 0 1 1 1 0 1 1 1 1 1 0 0 1 0 1 0 1 0 0 1 1 0 0 0 1 1 0 1 0 1 0 1 1 1 0 1 0 0 1 1 0 1 0 0 1 0 0 1 0 0 0 1 1 1 0 0 0 1 0 1 0 1 0 1 1 1 1 0 0 1 0 1 1 1 1 1 0 0 1 1 0 1 0 1 1 0 1 1 0 1 0 1 1 1 1 1 0 0 0 1 0 0 0 1 0 
0 1 0 0 0 0 0 1 1 0 0 0 0 0 1 1 1 0 0 0 1 1 1 1 0 1 1 1 0 1 0 1 0 0 1 1 1 1 1 1 0 1 0 1 0 0 1 1 0 0 0 0 1 0 0 0 1 1 1 1 1 1 1 0 0 1 0 0 1 1 0 1 1 0 1 0 0 0 0 0 0 0 0 1 1 1 1 1 1 0 0 1 1 0 0 1 1 1 1 0 0 1 1 1 1 0 1 1 1 0 1 1 0 0 1 0 0 1 0 1 0 1 0 0 0 1 1 1 0 0 1 0 1 1 1 1 0 1 0 1 1 0 0 0 0 0 1 1 1 1 0 1 0 1 1 0 1 1 1 1 1 0 0 0 1 1 0 0 1 1 0 0 1 1 1 0 1 0 0 1 0 1 0 0 
1 1 1 0 0 1 1 1 1 1 0 0 0 1 1 1 0 1 0 0 0 0 0 1 1 1 0 1 0 0 0 1 1 1 0 1 1 1 1 0 1 0 1 0 1 0 0 0 0 1 1 0 1 1 0 1 0 0 1 1 0 0 1 0 0 0 1 0 0 0 0 1 1 0 0 1 0 1 1 1 0 0 1 1 1 0 1 0 1 1 0 0 0 0 1 1 0 0 0 0 0 1 1 0 1 1 1 0 0 0 1 0 1 0 0 0 0 1 1 0 0 0 0 1 1 1 0 0 1 0 1 1 0 1 0 1 1 0 0 0 1 0 0 1 1 0 0 0 1 1 0 0 1 0 0 1 0 0 0 0 1 1 0 0 1 0 1 1 1 1 0 1 0 0 1 1 1 1 0 0 0 0 1 1 
1 0 0 0 0 1 1 0 0 1 0 0 1 0 0 0 0 1 0 1 0 1 0 1 1 0 0 1 1 0 1 1 1 1 0 0 0 0 1 0 1 0 0 1 1 1 0 1 0 1 0 1 1 1 0 1 1 0 0 0 1 0 1 0 1 1 0 1 1 1 1 0 1 1 1 1 0 0 0 0 1 1 1 0 0 1 1 0 1 0 0 1 1 0 0 0 0 1 0 1 1 0 1 1 1 0 0 1 0 0 0 1 0 1 0 0 0 1 1 1 1 1 1 1 0 0 1 0 0 1 1 1 1 1 1 0 0 1 1 1 0 1 1 1 1 0 0 0 0 1 0 1 1 0 0 0 0 0 0 1 1 1 0 1 1 1 0 1 0 1 0 1 0 1 0 0 1 0 0 0 0 0 0 0 
1 1 1 1 1 1 0 0 1 1 0 1 1 0 0 0 1 0 0 1 0 0 1 1 1 0 0 1 1 0 0 1 1 0 1 1 0 1 0 1 1 0 1 1 0 1 1 1 1 1 1 0 0 1 1 0 1 0 1 0 0 0 1 0 1 1 1 1 1 1 1 1 0 1 0 1 1 1 1 1 1 1 1 1 1 0 0 0 1 1 0 0 1 0 0 0 0 1 1 0 0 0 1 1 0 1 1 0 1 1 1 0 1 1 0 1 0 1 1 0 1 0 1 0 1 0 0 1 1 1 1 1 0 0 1 0 0 1 0 0 1 1 0 0 0 1 0 0 1 1 1 0 1 0 1 0 1 1 1 0 0 0 0 0 1 0 1 1 1 1 0 0 1 0 1 0 1 0 0 0 0 0 1 1 
0 1 0 0 1 0 0 0 1 1 0 1 1 0 0 0 1 0 1 0 1 1 0 1 0 0 0 0 1 0 1 0 1 0 1 1 1 0 1 1 1 1 0 0 1 0 1 0 1 1 1 1 1 1 0 1 0 1 1 0 0 1 1 0 0 0 1 1 0 0 0 1 0 0 0 1 0 1 0 1 1 0 0 1 0 1 1 1 1 0 1 0 0 1 0 1 1 0 0 1 0 0 1 1 0 0 1 1 0 1 1 0 1 0 0 1 1 0 0 1 1 1 0 0 1 0 0 0 1 0 0 1 0 0 1 1 1 1 1 0 1 0 1 0 1 0 0 1 0 0 1 1 0 0 1 0 1 0 0 0 1 1 1 1 0 0 0 1 0 0 1 1 1 0 1 0 0 0 0 1 0 1 0 0 
1 1 1 0 1 1 1 1 0 1 0 1 0 0 1 1 0 0 0 0 1 1 1 1 1 0 0 1 0 0 0 1 1 1 0 0 0 1 1 1 0 0 1 1 1 0 1 1 1 0 1 1 0 0 0 0 0 0 0 1 0 0 0 1 1 0 0 0 0 1 1 0 1 1 1 0 1 1 0 0 0 0 0 0 1 0 1 0 1 0 0 1 0 0 0 1 1 0 1 1 1 0 0 1 0 0 1 1 0 1 0 0 0 0 1 1 0 1 1 1 0 1 1 1 0 1 0 0 0 0 0 0 1 0 1 1 1 0 1 0 1 0 1 1 1 1 1 0 1 0 0 0 0 1 0 0 0 1 0 1 1 1 0 1 1 1 0 1 0 1 0 0 1 0 1 0 0 0 0 0 1 0 0 1 
0 1 0 1 0 0 1 1 0 0 1 0 1 1 0 0 0 0 0 1 1 0 0 1 0 1 1 0 1 0 0 1 0 1 0 0 1 1 1 0 0 0 0 0 1 1 1 1 0 0 0 0 1 0 0 1 0 0 0 1 0 1 0 0 1 0 0 0 1 1 1 0 1 0 1 0 1 1 1 0 0 1 1 0 0 0 1 1 0 1 0 0 1 0 1 1 0 1 0 0 1 0 1 0 1 1 1 0 1 1 1 0 1 1 0 0 1 0 0 0 0 1 0 0 1 1 0 1 1 1 1 1 0 0 0 1 0 1 1 1 0 0 0 0 0 0 1 1 0 0 0 0 1 1 1 0 0 0 1 0 1 1 0 1 1 1 0 1 1 1 0 1 1 0 1 0 1 0 1 1 0 1 1 1 
0 0 0 0 0 0 1 0 0 0 1 0 0 0 0 1 0 0 0 1 0 1 1 1 0 1 0 1 0 1 0 1 1 1 0 0 0 0 1 1 0 0 0 1 1 0 1 1 1 0 1 1 0 0 0 0 1 0 1 1 0 0 1 1 1 0 0 0 1 0 0 1 0 1 0 1 1 0 0 0 1 0 1 0 0 1 1 0 1 0 1 1 0 0 0 0 1 1 0 1 1 1 0 0 0 0 1 1 1 1 0 1 1 0 1 0 1 1 1 1 1 0 1 1 1 0 1 1 1 0 1 0 0 1 0 0 1 0 1 1 1 1 0 1 1 1 1 0 0 0 1 0 0 0 1 1 0 0 0 0 0 1 0 1 1 0 1 0 1 0 0 1 0 0 1 1 0 0 0 1 0 1 1 0 
0 0 1 1 0 0 0 1 1 0 0 0 0 1 1 0 0 1 1 0 0 1 0 1 0 0 0 0 1 0 1 0 1 1 0 0 0 0 1 1 1 1 1 0 0 0 0 1 1 1 0 0 0 0 0 1 1 1 0 1 0 1 0 1 1 1 1 1 0 0 0 1 1 1 1 1 1 0 1 0 0 0 1 1 0 0 1 1 0 0 1 0 0 0 1 0 0 0 1 1 1 1 1 1 1 0 0 1 1 1 1 0 0 0 0 0 1 0 0 1 0 0 1 1 1 0 1 1 0 1 1 1 1 0 1 0 1 0 1 1 0 1 1 1 0 0 0 0 1 1 1 0 0 1 1 1 1 0 1 0 0 1 1 1 0 1 0 0 0 1 1 0 0 1 0 1 1 1 0 1 1 1 0 1 
1 1 1 1 1 0 0 0 0 1 1 1 0 0 0 1 1 1 0 0 0 1 1 0 0 1 1 0 1 1 0 0 0 1 0 0 0 0 1 0 1 1 1 0 0 0 1 0 1 0 0 1 0 0 1 0 0 1 0 0 0 0 0 1 0 0 1 0 0 1 0 0 0 0 1 1 1 1 0 1 1 0 0 0 0 1 0 0 0 0 0 1 0 0 0 0 0 1 1 0 1 1 1 0 0 1 0 1 1 1 1 0 1 1 1 0 1 1 1 1 0 1 1 1 1 0 1 0 1 0 1 0 1 0 1 1 1 0 1 0 0 1 1 1 1 0 1 0 1 1 0 1 0 1 0 0 0 0 1 0 0 0 1 0 1 1 0 0 0 1 0 1 1 1 1 1 0 0 0 0 0 1 1 1 
1 1 1 0 0 0 0 0 1 1 1 1 0 1 0 1 1 0 1 1 1 0 1 1 1 1 1 1 1 1 0 1 1 1 1 0 0 0 1 0 1 0 0 1 1 1 0 1 1 0 1 0 1 0 0 1 0 1 0 0 1 1 0 1 0 1 0 1 0 1 1 0 1 1 0 0 1 1 0 0 0 0 0 0 0 0 1 0 0 0 0 0 0 0 1 0 0 0 0 0 1 1 0 1 0 1 1 0 1 0 1 1 1 0 0 0 1 0 0 0 1 0 1 0 1 0 1 0 1 1 1 0 0 1 0 1 0 0 0 0 1 1 0 1 1 1 1 0 1 1 0 1 0 1 1 0 0 0 1 0 1 0 1 1 1 0 0 0 0 0 1 1 1 1 1 0 1 1 1 0 0 1 1 1 
1 1 0 0 0 0 0 0 1 1 1 1 0 0 1 0 1 0 1 0 1 1 0 0 1 0 1 1 0 1 1 0 1 0 0 0 1 0 0 1 0 0 1 0 0 0 1 1 0 0 1 1 1 1 1 1 1 1 0 1 0 0 1 0 1 0 0 0 1 0 0 1 0 1 1 0 0 0 1 1 1 1 1 0 0 1 1 1 1 1 0 1 1 1 1 1 0 1 0 0 0 1 0 0 0 0 1 0 1 0 0 1 0 0 1 0 1 1 1 0 1 0 0 1 0 0 1 1 0 0 1 0 1 0 0 0 1 1 1 1 0 1 0 0 0 0 1 1 0 0 1 1 0 0 1 0 0 0 0 0 0 1 0 0 1 1 0 0 1 0 0 1 1 0 0 1 1 1 1 0 1 1 1 0 
1 1 0 1 0 1 0 0 1 1 0 1 1 1 1 1 1 1 1 1 0 1 0 0 0 1 1 0 1 1 0 0 0 1 1 1 0 0 0 1 0 1 1 0 0 1 0 0 1 1 0 0 0 1 0 1 1 1 1 0 0 1 0 1 0 0 1 0 1 0 1 1 0 0 0 1 0 0 0 1 0 0 0 1 0 0 1 0 0 1 0 1 0 1 1 0 0 0 1 0 1 1 1 0 0 1 1 1 0 0 0 1 0 1 0 0 1 1 0 1 1 0 0 1 1 0 0 1 1 0 1 1 0 1 0 1 1 0 0 1 1 0 0 0 0 0 0 1 1 0 0 0 0 0 0 0 0 1 0 0 0 0 0 1 1 1 0 1 0 0 1 1 0 1 0 0 1 0 1 0 1 0 0 0 
1 0 1 1 0 1 0 0 0 1 1 0 1 1 1 0 1 0 0 0 0 1 1 0 0 0 0 0 1 0 1 1 0 0 1 0 1 1 1 1 0 1 1 0 1 1 1 0 0 1 0 0 0 0 0 0 1 1 0 1 1 0 1 0 0 1 0 1 0 0 0 1 0 0 0 0 0 1 1 1 1 0 0 1 0 1 0 1 1 1 1 1 0 0 0 1 0 0 1 0 1 1 0 1 1 1 1 1 1 1 0 1 0 0 0 1 1 1 0 0 1 1 1 0 1 0 1 0 0 0 0 0 0 1 0 1 0 1 1 0 0 1 1 0 0 1 0 1 1 0 1 1 1 1 1 1 1 1 1 1 0 1 1 1 1 0 0 1 0 1 0 0 1 1 0 1 1 0 0 0 0 1 1 0 
1 1 1 0 1 1 0 1 1 1 1 1 1 0 0 0 0 1 1 0 1 1 0 1 0 0 1 1 1 0 0 1 1 0 1 1 0 0 0 1 1 1 1 0 0 0 0 0 1 1 1 1 0 1 0 0 0 1 1 0 1 0 0 0 0 0 0 0 1 0 0 1 0 1 1 0 1 1 1 0 1 0 0 1 0 1 1 0 1 0 1 0 1 1 0 0 0 1 1 0 0 0 0 0 0 0 1 1 0 0 0 1 1 1 0 0 0 0 1 0 0 0 1 1 1 0 1 0 0 1 0 0 1 1 1 1 0 0 0 1 0 1 0 1 0 0 0 0 0 1 1 0 0 1 0 1 1 0 1 1 0 0 0 1 0 0 0 1 1 1 0 0 1 1 0 0 1 0 0 0 1 0 1 1 
1 1 0 0 0 0 1 1 1 0 1 1 0 0 0 0 0 1 0 0 1 1 1 1 0 1 0 1 1 0 1 1 1 1 0 1 0 0 1 0 0 1 1 0 1 1 1 1 1 0 0 1 1 0 0 0 1 0 0 0 0 1 1 1 0 0 1 1 0 0 0 0 1 0 1 0 0 1 0 1 1 0 1 1 0 1 0 1 0 1 0 1 1 1 1 1 0 0 1 1 0 0 0 0 0 1 0 0 1 1 1 0 1 1 1 1 0 0 0 1 0 0 1 1 0 1 0 1 0 1 1 0 0 0 1 1 0 1 1 0 0 0 1 0 0 0 0 1 1 1 0 1 0 0 0 1 0 0 0 1 1 0 0 1 0 1 0 1 1 1 0 1 0 0 0 0 0 0 0 0 1 0 1 1 
1 1 0 1 1 0 1 1 0 0 0 1 1 1 1 0 1 0 1 0 0 1 1 0 0 1 1 0 1 1 0 0 0 0 1 1 1 0 0 1 0 0 1 0 1 0 0 1 0 1 1 1 0 1 1 0 1 1 0 0 0 1 1 1 0 0 0 0 1 1 1 1 0 1 1 1 1 0 0 1 1 0 0 1 1 1 1 0 0 1 1 0 0 0 0 1 0 0 1 0 1 0 1 0 1 0 0 0 1 1 0 1 1 1 1 1 1 1 0 0 0 1 0 1 0 0 0 1 1 0 0 0 1 1 0 1 1 0 0 0 0 1 1 0 1 0 1 1 1 0 0 1 0 1 1 1 0 1 1 0 1 1 0 1 1 1 0 1 0 1 1 1 1 0 0 0 1 0 0 0 0 0 0 1 
0 0 0 0 1 0 0 0 0 0 1 0 0 1 1 1 0 1 0 1 1 1 0 1 1 1 1 1 0 1 0 0 0 1 0 0 1 0 0 1 1 1 1 1 1 0 1 1 1 0 0 1 1 0 0 0 0 1 0 0 1 1 0 0 0 0 0 0 1 0 1 1 1 0 1 0 0 1 1 1 0 0 0 1 0 1 0 1 0 1 0 0 0 1 1 1 1 0 1 0 1 1 0 0 0 0 0 1 0 0 0 0 0 0 0 1 1 0 0 1 0 1 0 1 1 1 0 1 1 0 0 0 1 0 0 1 0 0 0 0 0 1 0 0 1 1 1 0 0 0 1 1 0 0 0 0 1 0 1 1 0 0 0 0 0 1 1 0 1 1 1 0 0 0 1 1 1 0 0 0 0 0 0 0 
0 0 0 1 0 1 0 0 1 1 0 1 0 0 0 0 0 0 1 0 1 1 1 1 0 0 0 1 1 0 0 0 0 0 1 0 1 1 0 1 0 0 0 1 1 1 1 1 0 0 1 1 0 1 1 0 1 0 0 0 1 0 0 0 0 1 0 1 0 0 1 0 1 1 0 1 1 1 0 1 0 1 1 0 0 0 1 0 1 1 0 0 0 1 0 1 0 0 1 0 0 0 1 0 0 1 0 0 0 0 0 1 1 0 1 0 1 1 0 0 1 1 0 0 0 1 0 1 0 0 1 1 0 1 1 0 0 0 1 1 0 1 1 0 0 1 0 1 1 1 0 1 1 1 1 0 1 0 0 1 0 1 1 0 0 1 1 0 1 1 0 0 1 0 1 0 0 0 1 1 1 0 1 0 
0 0 1 0 0 1 0 1 0 0 1 0 0 1 0 1 0 0 0 1 0 0 1 0 1 0 1 0 0 0 0 1 1 1 1 1 1 0 1 1 0 0 1 1 0 0 1 1 1 0 0 1 1 0 1 1 0 0 0 1 1 0 1 0 0 0 1 1 0 1 0 1 0 0 0 0 1 0 0 0 1 0 1 1 0 1 0 1 0 1 0 1 1 1 1 0 1 1 0 1 1 1 0 1 0 0 1 1 1 0 0 0 0 1 1 0 1 1 1 1 1 1 0 0 1 1 0 0 1 0 0 1 1 1 1 0 0 0 1 0 0 0 0 1 0 0 1 0 1 0 0 0 0 1 1 1 1 1 0 1 1 0 0 1 0 1 0 0 0 1 0 1 0 0 1 0 1 0 1 1 1 1 0 1 
1 1 0 1 1 1 1 1 1 1 0 1 1 1 1 0 1 1 1 0 0 1 0 0 1 1 1 0 0 0 1 0 1 1 1 0 1 1 0 1 1 1 0 1 1 0 1 1 1 1 1 1 1 0 0 0 0 0 0 0 1 0 0 0 1 1 0 1 1 1 1 1 0 0 0 1 0 0 1 0 0 1 1 1 1 0 1 1 0 1 1 0 0 1 0 1 0 0 0 0 0 1 1 1 0 1 0 0 1 0 0 0 0 0 1 1 1 0 1 1 0 0 0 1 1 0 0 1 1 1 0 0 0 1 0 0 0 1 0 0 0 1 0 1 0 1 1 1 1 0 1 1 1 1 1 1 1 0 0 1 1 1 0 0 1 1 0 1 1 1 0 1 1 1 0 0 0 1 0 0 0 0 1 0 
0 0 0 1 1 0 0 0 0 1 0 0 1 1 1 1 1 0 1 1 0 1 1 0 0 1 1 0 0 0 1 1 0 1 1 1 0 0 1 1 1 0 0 1 0 0 1 0 0 1 0 0 0 1 0 0 0 1 1 0 0 0 0 0 1 1 0 0 1 0 0 0 1 0 1 1 0 1 1 1 1 1 1 1 1 1 0 1 1 0 0 1 1 1 0 1 0 0 1 0 1 1 1 1 0 1 0 0 1 0 1 1 1 0 1 1 0 1 1 1 1 1 1 1 0 0 0 1 1 0 0 1 0 0 0 0 1 1 0 1 0 0 0 0 1 1 1 0 1 0 1 1 1 1 1 1 0 1 1 1 1 0 0 1 0 1 0 0 1 0 1 1 0 1 1 0 1 0 0 1 0 1 0 0 
1 1 1 0 0 1 0 1 1 1 1 0 1 1 0 0 1 1 1 1 1 1 0 1 0 0 1 0 1 0 1 1 1 0 0 1 1 1 1 0 0 0 1 0 1 0 0 0 1 1 0 0 0 0 0 1 0 0 0 1 1 0 1 1 0 0 0 1 0 0 1 1 1 1 1 1 1 1 0 0 0 0 0 1 0 1 1 1 0 1 1 0 0 0 0 0 1 0 0 0 1 0 1 0 1 0 1 0 1 0 0 1 1 0 0 1 0 0 1 1 1 1 0 0 0 0 1 0 0 1 0 1 1 1 1 0 0 0 0 1 0 1 1 1 0 1 1 0 1 0 1 1 1 0 1 1 1 0 0 0 0 0 0 0 0 0 0 0 0 0 1 0 1 0 0 1 1 0 1 0 0 1 1 1 
0 0 0 1 1 0 0 1 1 1 1 1 0 0 1 1 0 0 0 0 0 1 0 1 1 1 0 1 0 1 1 1 1 0 0 1 1 1 1 0 0 1 0 1 0 0 0 1 1 1 0 0 0 0 1 1 1 1 1 1 0 1 1 0 0 1 0 1 0 1 1 1 1 0 0 0 1 0 0 1 1 1 0 0 1 0 0 1 1 0 1 0 0 0 0 0 0 1 0 0 0 1 1 1 1 0 0 1 0 0 1 1 1 1 0 1 1 0 1 0 0 0 0 1 1 0 1 1 1 0 1 0 0 1 1 1 0 1 0 0 1 0 1 1 0 0 0 1 1 0 1 0 0 0 0 1 0 1 0 0 1 1 0 1 0 0 1 0 0 1 1 0 0 0 0 0 1 1 1 0 1 1 0 1 
0 0 1 0 0 0 0 0 0 0 0 1 1 0 1 1 0 0 0 0 0 0 0 1 0 1 1 1 0 0 1 0 1 1 1 0 1 0 1 0 0 0 0 0 1 0 1 1 1 1 0 0 1 1 0 1 0 0 0 0 0 1 1 0 1 1 0 0 1 0 0 1 1 0 0 1 1 0 0 0 0 1 1 1 1 0 1 0 0 1 0 0 0 1 0 1 0 0 0 0 0 1 1 1 0 1 0 0 0 1 0 0 0 0 1 0 0 0 0 1 0 1 0 1 1 1 1 1 0 0 1 0 1 1 0 0 0 1 1 1 1 1 1 1 0 0 0 0 1 1 1 0 1 1 0 0 1 0 0 1 0 1 1 0 0 0 1 0 1 1 0 1 1 1 1 1 1 1 1 0 0 0 0 1 
1 1 0 1 1 0 0 0 0 0 1 1 1 0 0 1 0 1 0 0 0 0 1 0 1 0 0 1 1 1 1 1 0 1 1 1 0 0 0 1 0 0 1 0 1 0 1 1 1 1 1 0 1 0 0 0 0 1 1 1 1 0 1 0 1 1 1 0 0 0 0 0 0 0 1 1 0 0 1 0 0 1 1 1 1 1 0 0 1 1 0 1 1 1 0 0 1 1 0 0 1 0 1 0 1 0 0 1 0 1 0 1 0 1 0 0 0 0 0 0 0 0 1 1 0 1 1 0 0 0 0 0 1 1 0 0 1 0 0 0 1 1 0 0 1 1 0 0 0 1 1 0 1 0 0 1 0 1 0 0 1 1 0 1 0 1 0 0 1 0 1 0 0 1 1 0 1 0 1 0 0 0 1 1 
0 1 0 1 1 0 1 0 1 1 0 1 1 0 1 0 1 1 0 0 0 0 0 0 1 0 0 0 0 1 0 1 0 1 1 0 0 0 1 1 1 0 0 1 0 0 1 0 0 0 1 1 0 0 1 0 1 0 1 1 0 0 1 0 0 1 1 0 0 0 1 1 0 0 0 0 0 0 1 1 0 0 0 0 0 1 0 0 1 1 1 0 0 0 0 1 0 0 1 1 1 0 0 0 0 1 1 0 0 0 1 0 1 1 1 1 0 0 0 1 1 1 1 1 0 1 1 1 1 0 1 0 1 0 1 1 1 0 0 1 0 0 0 0 1 1 1 1 1 0 0 1 0 0 1 0 0 0 1 1 1 0 1 0 1 0 1 0 1 1 1 0 1 0 0 1 1 0 0 0 0 0 0 0 
0 0 0 0 0 0 1 0 0 0 1 1 1 1 0 1 1 1 1 1 1 1 0 0 1 0 1 0 0 0 1 0 1 1 1 1 0 1 0 0 0 0 0 0 0 0 1 1 1 1 0 1 1 1 1 0 1 0 0 0 1 1 0 1 1 1 1 1 0 1 0 1 1 1 0 1 1 0 1 0 0 0 1 1 0 1 0 0 0 1 1 1 0 0 1 1 0 1 1 0 1 1 1 0 0 0 1 0 1 0 1 0 1 0 1 0 1 1 0 1 0 0 1 1 1 1 0 0 1 0 1 1 0 1 0 1 1 1 0 1 1 1 1 1 0 0 1 1 1 0 1 0 1 1 0 1 1 0 0 1 1 1 0 0 1 0 1 1 1 1 0 1 0 0 0 1 0 0 0 0 0 0 0 1 
1 1 1 0 0 1 0 1 1 0 1 1 0 0 1 1 1 0 1 1 0 0 1 1 1 1 0 1 1 1 1 1 1 0 0 0 1 1 0 0 1 0 1 1 0 0 1 0 0 1 0 1 1 1 0 1 0 1 0 0 1 1 0 1 1 0 1 1 1 0 0 0 1 1 1 1 1 0 1 1 0 0 0 1 1 1 1 1 0 1 0 0 1 1 1 0 0 0 1 1 1 0 1 0 0 0 0 0 1 1 0 1 0 0 1 1 1 1 0 1 0 1 1 1 0 0 1 0 1 0 1 1 0 1 1 1 0 0 0 1 0 0 0 0 0 1 0 1 0 0 1 1 1 1 0 1 1 1 0 1 0 0 1 0 0 1 1 1 1 0 1 0 1 1 1 1 0 1 0 1 1 1 0 0 
1 1 1 0 0 1 1 0 0 1 1 0 1 1 1 1 0 0 0 1 1 1 0 0 0 1 0 0 1 0 0 1 1 0 0 0 0 1 0 1 0 0 0 1 0 1 0 0 0 1 0 0 0 1 1 1 0 1 0 0 0 1 0 1 0 1 1 1 0 0 1 0 0 0 0 1 0 0 0 0 1 0 0 1 1 1 0 1 0 0 1 0 0 1 0 1 1 1 0 0 1 0 0 1 0 0 0 0 1 1 0 0 0 0 1 0 0 0 1 1 1 1 1 1 0 0 1 1 1 0 0 1 1 0 1 1 1 1 0 0 1 1 1 0 1 0 1 1 0 1 0 1 1 0 1 1 0 0 1 1 0 0 0 0 0 0 0 1 0 0 1 1 1 0 0 0 0 0 1 1 1 0 1 1 
1 0 1 1 1 1 1 0 1 0 1 1 0 0 0 1 0 0 0 1 1 0 0 1 1 1 1 0 1 0 0 1 0 0 1 0 0 0 0 0 0 0 1 0 1 1 1 1 1 1 1 0 1 1 0 1 0 1 0 0 1 1 1 1 0 0 1 0 1 0 0 1 0 0 0 1 0 1 0 0 1 1 1 0 1 0 0 0 1 1 0 0 0 1 0 1 0 1 0 0 0 1 0 1 1 0 1 1 0 0 1 0 0 0 0 0 1 0 1 1 0 1 0 1 0 1 1 0 1 1 1 0 0 1 1 1 1 1 1 0 1 1 1 0 1 0 0 1 1 1 1 1 0 1 0 0 1 0 0 1 0 0 0 1 0 0 1 1 1 0 1 0 1 0 1 1 1 1 1 1 1 0 1 1 
0 1 0 0 1 1 1 0 0 1 1 0 1 0 1 0 1 0 0 1 1 0 1 1 1 1 1 1 1 0 1 0 0 1 0 0 1 0 0 1 0 1 0 0 1 1 0 1 1 1 1 1 0 1 1 1 1 1 0 0 0 1 0 0 0 1 1 0 1 0 0 1 0 1 1 0 1 0 1 0 1 1 0 1 1 0 1 1 0 0 1 1 1 0 1 0 0 1 1 0 0 1 1 1 1 1 0 0 0 1 1 0 1 1 1 0 1 0 1 1 1 0 1 1 0 0 1 1 1 0 0 0 1 1 0 0 0 1 1 1 0 0 1 1 1 1 1 1 1 1 1 0 1 1 0 0 1 1 0 1 0 1 0 1 0 1 1 0 1 1 1 0 1 1 1 1 0 0 1 0 1 1 0 0 
0 1 0 1 0 0 0 0 1 0 0 1 0 1 1 0 1 0 1 0 0 1 0 0 0 0 0 0 1 1 1 1 1 0 1 0 0 1 0 1 1 0 0 0 1 0 0 1 0 0 0 0 0 0 1 0 1 0 1 0 0 1 1 0 1 1 0 0 1 1 1 0 1 1 0 1 1 0 1 1 1 1 1 1 0 1 0 0 0 1 0 1 0 1 1 0 0 1 0 0 1 0 0 1 1 0 1 0 0 1 0 1 1 1 0 0 0 1 1 1 1 1 0 1 0 1 1 0 1 1 1 0 1 1 1 0 1 0 1 0 1 0 1 1 0 0 1 0 1 1 0 1 1 0 0 1 0 1 0 0 0 1 1 0 1 1 0 1 0 1 0 1 1 0 1 0 0 0 1 1 0 1 1 1 
1 0 1 0 0 0 1 1 0 1 0 0 1 1 0 1 1 1 1 0 0 1 0 0 1 0 1 1 1 1 0 1 0 1 0 1 1 0 0 0 0 1 1 1 0 0 0 0 1 1 0 1 1 1 0 0 1 0 1 0 1 0 1 1 1 1 1 0 0 1 1 0 0 1 0 0 0 0 0 0 1 0 0 1 0 0 0 1 1 0 1 0 1 1 1 1 0 0 1 1 0 1 1 0 1 1 1 1 1 1 1 1 1 0 0 1 0 1 1 1 1 1 0 0 0 1 0 0 1 0 1 1 1 1 1 0 1 0 0 0 0 1 1 1 0 0 1 1 1 1 1 0 1 1 1 1 1 0 0 0 0 0 0 0 0 1 0 0 1 0 0 1 0 0 0 0 0 1 1 0 0 0 0 0 
1 0 0 0 1 1 1 0 0 1 0 0 0 1 1 0 0 1 0 0 0 1 0 1 1 0 1 0 0 1 0 0 0 0 0 0 0 0 0 0 1 1 1 0 0 0 1 0 0 0 1 1 1 1 0 1 1 1 0 1 1 0 1 0 1 0 1 1 0 0 0 1 0 1 0 0 0 1 1 1 1 1 1 0 0 1 1 0 0 1 1 1 1 0 1 1 1 1 1 0 0 1 0 1 1 0 0 1 1 1 0 0 1 1 0 1 0 1 0 0 1 1 1 1 0 1 1 1 0 0 1 1 1 0 1 0 1 1 0 1 0 1 1 0 1 1 1 0 1 0 1 1 1 1 1 1 0 1 1 0 0 0 1 0 1 0 1 1 0 1 0 1 0 1 0 0 1 0 0 1 1 1 0 0 
0 1 1 0 0 0 1 1 0 1 1 1 0 0 1 1 1 1 1 0 1 0 1 0 1 0 1 0 1 1 1 1 1 0 0 1 1 1 1 1 0 1 0 0 0 1 0 1 0 1 1 0 0 1 0 1 1 1 1 0 1 0 1 1 0 1 1 0 0 1 0 1 0 0 1 0 0 1 0 1 1 1 0 0 1 1 0 0 1 0 1 1 1 0 0 1 0 0 1 1 0 1 1 0 1 1 0 1 1 0 0 1 0 0 0 0 0 1 1 0 1 1 0 1 0 1 1 0 1 0 1 0 1 1 0 1 0 0 0 1 0 1 1 0 0 0 1 0 1 1 1 1 0 1 0 0 0 1 0 0 1 0 1 1 0 1 0 1 1 1 1 0 0 0 1 1 0 0 0 1 0 0 0 1 
0 1 0 1 0 1 1 0 1 1 0 1 0 1 1 0 1 1 1 1 0 1 1 0 0 0 1 1 1 1 1 1 0 0 1 1 1 0 1 0 0 1 1 1 0 0 1 0 0 1 1 0 0 0 1 0 0 1 1 0 0 0 0 0 0 1 1 0 0 1 1 1 0 1 1 0 0 1 0 0 0 1 1 1 1 0 0 1 0 0 0 0 0 1 1 0 1 1 0 0 1 0 1 0 1 0 1 1 0 0 0 0 1 0 1 0 0 1 1 1 1 1 0 0 1 0 0 0 0 0 0 1 1 1 1 0 0 1 0 1 0 0 1 1 0 0 1 0 1 1 1 1 1 0 1 0 0 0 1 1 1 0 0 1 0 0 1 0 1 0 0 0 0 1 1 0 0 0 0 1 0 0 0 1 
1 0 1 0 0 0 0 1 0 1 0 0 0 0 1 1 1 0 1 1 1 1 0 1 0 1 1 0 1 0 1 1 0 1 1 1 1 0 1 0 0 1 1 0 1 0 0 0 0 0 0 1 0 0 1 1 0 0 1 0 0 0 0 1 1 1 0 1 0 0 0 0 0 1 1 1 1 1 1 0 1 0 1 0 1 0 0 1 1 1 0 0 0 1 1 0 1 1 0 0 0 0 1 1 1 1 0 1 0 1 0 1 1 1 0 1 1 1 1 0 0 0 0 1 0 0 0 0 1 1 1 1 1 0 1 0 1 1 1 0 1 1 0 0 1 1 1 0 0 0 1 1 0 1 1 1 1 0 1 0 0 0 0 1 1 1 0 0 1 0 1 1 1 0 1 1 1 0 1 1 1 0 0 0 
1 0 0 1 1 1 1 0 1 0 1 0 1 1 1 1 0 0 0 1 0 0 0 1 1 1 0 1 0 0 0 1 1 1 1 1 1 0 1 1 1 1 1 0 1 0 1 1 0 0 1 0 1 1 1 0 1 1 0 1 1 0 0 0 0 0 0 1 1 0 0 0 0 1 1 1 0 0 1 0 0 0 0 1 1 1 0 0 0 1 1 0 0 0 1 1 1 0 1 1 0 0 1 1 1 1 1 0 1 1 0 1 1 0 0 0 0 1 0 0 1 1 0 0 0 0 0 0 1 1 0 0 0 0 0 1 0 0 1 1 1 0 0 1 1 0 1 1 1 1 0 0 1 0 0 0 0 0 1 1 0 0 1 1 1 0 1 1 1 1 0 1 1 0 0 0 0 1 0 1 0 0 1 1 
0 1 0 0 1 1 0 1 0 0 0 0 1 0 1 1 1 0 1 0 0 1 1 0 0 1 0 1 0 1 0 1 0 0 0 0 1 1 0 0 0 1 1 0 0 1 1 1 0 1 0 0 1 1 1 1 0 1 1 0 0 1 0 0 1 1 1 0 1 0 1 0 1 0 1 0 1 1 0 0 0 1 0 0 1 1 0 1 0 1 0 1 0 1 0 0 0 0 1 1 0 0 0 1 1 1 0 1 1 1 0 1 0 0 0 1 1 1 1 1 0 1 0 1 1 1 0 0 1 1 0 0 1 1 0 1 0 1 0 0 1 0 0 0 1 1 1 1 0 0 0 1 0 1 0 1 0 0 0 1 0 1 0 1 1 1 0 1 0 0 1 1 0 1 1 1 0 1 1 0 0 0 0 0 
0 1 0 1 0 1 1 1 1 1 1 0 0 1 0 1 1 0 1 0 1 0 1 0 0 1 1 1 1 1 1 1 0 0 0 0 0 1 1 1 0 0 1 0 1 1 0 0 1 0 0 0 0 0 0 1 1 0 0 1 1 1 1 0 0 0 1 0 0 1 1 1 1 1 1 1 1 0 0 0 0 0 0 0 1 0 0 0 1 1 0 0 0 0 1 1 1 1 1 1 0 1 0 0 0 0 1 1 1 0 1 1 1 1 1 0 1 1 0 0 1 1 0 1 0 1 1 0 0 1 1 1 0 0 0 1 0 1 0 0 0 0 0 1 0 1 0 1 0 0 1 0 1 0 0 1 1 0 0 1 1 1 0 0 0 0 0 0 0 0 1 0 0 0 1 1 0 0 1 0 1 0 1 0 
0 0 1 0 1 0 1 1 1 0 0 1 1 1 0 1 0 1 0 0 0 1 1 0 0 0 1 0 1 0 1 1 0 0 0 1 1 0 1 1 0 1 0 0 1 1 0 0 0 1 1 0 0 0 0 0 1 1 1 1 0 1 1 0 1 0 0 1 0 1 0 1 1 1 0 1 1 1 1 0 0 1 1 0 1 0 0 0 1 0 0 0 0 1 1 0 0 1 0 1 0 0 1 0 1 1 1 0 0 0 1 0 0 0 1 1 0 1 1 0 0 1 1 0 1 1 0 1 0 1 0 0 0 1 1 0 0 0 0 0 0 0 1 0 1 1 1 0 1 0 0 0 1 0 0 0 0 1 1 1 1 0 1 0 1 1 0 0 1 1 1 0 0 0 1 1 0 0 1 0 1 0 1 0 
0 0 0 0 1 0 0 1 1 0 1 0 1 1 1 1 0 0 0 0 0 0 1 1 0 1 0 1 0 1 0 0 1 0 0 1 0 0 1 1 1 1 1 0 1 1 1 0 0 1 1 0 0 0 1 1 1 0 0 1 0 1 0 0 0 1 0 1 0 0 1 0 0 0 0 1 1 0 0 1 0 1 1 1 0 0 0 0 1 0 1 0 1 0 0 1 1 0 1 0 1 0 1 1 0 0 0 1 0 1 1 1 0 1 1 1 1 0 1 1 0 1 0 1 0 1 0 0 0 1 0 1 1 0 0 1 1 1 0 1 1 1 0 0 1 0 1 0 1 0 0 0 0 0 0 0 1 0 1 1 0 1 1 1 0 1 1 1 0 1 0 0 0 1 1 1 0 0 0 1 0 0 0 1 
1 1 0 1 0 0 1 1 0 0 1 0 0 0 1 0 0 0 0 0 1 0 1 0 0 0 0 1 0 1 1 0 0 0 1 0 0 1 1 0 1 0 1 1 0 0 0 1 1 1 1 0 0 1 0 1 0 1 1 0 0 0 0 1 0 0 1 0 0 0 1 1 0 0 1 1 1 1 1 0 0 1 1 0 1 0 1 0 0 1 1 0 0 0 1 1 0 0 1 0 0 0 0 0 0 0 1 1 0 0 1 1 1 0 0 1 1 0 0 0 1 0 0 0 0 0 0 1 1 0 0 0 1 1 0 0 1 0 0 1 1 1 0 1 1 0 0 0 0 0 0 1 0 0 0 0 1 1 1 0 1 0 1 1 0 1 0 1 0 0 1 0 0 0 0 1 1 0 0 1 1 1 0 0 
1 1 0 1 0 0 1 1 0 0 1 0 1 1 0 1 0 1 0 1 0 1 1 1 0 0 0 0 0 0 1 0 0 1 1 1 0 0 0 1 1 1 1 0 0 1 1 0 1 0 1 1 0 1 1 0 1 1 1 0 0 0 1 0 0 1 0 0 0 1 0 0 0 0 1 0 0 1 0 1 0 0 0 0 1 1 0 1 0 1 0 0 1 0 0 1 0 0 0 1 1 1 1 0 1 0 1 1 0 1 0 0 1 1 0 0 1 0 1 0 0 1 1 0 1 0 0 0 0 1 1 1 0 1 0 1 1 0 0 0 0 0 0 0 0 1 1 0 1 1 0 0 1 0 1 0 1 1 1 1 1 1 1 0 0 0 1 1 0 0 1 0 1 0 0 1 1 1 1 1 0 1 1 0 
1 0 1 0 1 1 1 1 0 0 0 1 0 1 1 0 0 0 1 1 0 0 1 1 1 0 1 1 0 1 0 0 0 0 1 0 0 1 1 0 0 0 1 1 1 1 1 0 0 1 0 1 1 1 0 1 0 0 0 1 1 1 1 1 1 0 0 1 0 1 1 0 0 1 0 0 1 0 0 1 0 0 1 1 0 1 1 0 0 1 0 0 1 0 1 1 1 0 0 0 1 0 1 0 1 0 1 0 0 1 1 1 0 0 0 1 0 0 1 0 0 0 0 0 1 1 1 1 1 1 1 0 1 0 1 0 1 1 1 0 0 1 0 1 1 0 0 0 0 0 0 1 1 0 1 0 0 0 1 1 1 1 1 0 0 1 0 0 0 1 1 0 1 1 0 0 1 1 1 1 1 0 1 1 
1 0 0 1 0 0 0 0 0 1 1 1 0 0 0 1 0 0 0 1 1 1 1 1 1 1 0 1 1 0 0 0 1 0 1 0 1 0 0 1 1 1 1 0 0 1 1 1 0 1 1 0 1 0 1 1 0 0 1 1 1 0 0 0 0 1 1 0 0 1 1 0 1 1 0 0 0 0 1 0 1 1 1 1 1 0 1 1 1 0 0 1 1 0 0 0 0 1 0 0 0 0 1 0 0 1 1 0 0 1 1 0 0 1 1 1 0 0 1 1 1 0 1 0 1 0 0 1 1 1 0 1 1 0 1 1 0 1 0 1 0 1 0 1 1 0 1 0 0 0 1 0 0 1 1 0 1 0 0 0 0 0 1 1 1 0 1 0 1 1 0 0 1 1 0 1 1 1 0 0 1 1 0 1 
0 0 0 0 0 0 1 1 1 1 0 1 1 0 1 1 0 0 1 0 0 0 0 1 0 1 0 0 0 0 0 0 1 0 1 0 1 1 0 0 0 0 0 1 1 0 1 1 1 0 1 0 1 0 1 1 0 1 0 0 1 0 0 1 1 0 1 0 0 1 1 0 0 1 0 0 0 1 1 1 0 1 1 0 0 1 1 1 0 1 0 1 1 0 1 1 1 0 0 0 1 0 1 0 1 1 0 1 1 0 0 0 1 0 1 1 1 0 1 0 0 0 1 1 1 1 0 1 1 0 0 1 0 0 1 1 0 0 0 1 0 1 0 0 1 0 1 0 1 1 0 1 0 0 0 0 1 0 0 1 0 0 0 0 0 0 0 1 0 1 0 0 1 0 1 1 0 1 0 0 0 1 1 0 
0 0 1 0 1 0 1 0 0 1 1 1 1 0 0 0 1 1 1 1 0 0 1 0 1 0 0 0 0 0 1 0 0 1 1 0 1 1 0 0 0 0 0 0 0 1 0 0 0 1 0 1 1 1 0 0 1 1 0 0 0 0 0 1 0 0 0 1 1 0 1 0 1 0 1 0 0 1 0 1 1 0 0 0 1 0 1 1 1 0 0 0 1 0 0 1 0 1 1 1 1 0 0 1 0 0 1 1 1 0 1 0 0 1 1 0 1 0 1 0 1 0 0 1 0 0 1 1 0 0 0 1 0 1 1 0 1 0 0 0 1 0 1 0 0 0 0 1 0 1 1 0 0 0 1 1 1 1 1 1 0 1 1 1 1 1 0 1 0 1 1 0 1 1 0 0 1 1 1 0 1 1 1 0 
0 1 0 1 0 0 1 1 0 0 0 1 0 1 0 0 0 0 0 0 0 1 0 0 1 1 0 0 1 1 1 1 0 1 0 0 1 0 1 1 0 1 0 0 1 1 1 0 0 1 0 1 0 0 0 0 1 1 1 0 0 0 1 1 1 1 1 1 1 0 0 0 0 1 1 0 1 0 0 1 0 0 1 1 1 1 0 0 0 0 1 1 1 0 1 1 1 0 1 0 0 0 0 0 0 1 0 0 0 1 1 0 0 0 0 1 0 0 0 0 1 0 0 0 0 0 0 1 1 1 0 0 0 1 1 1 0 0 0 1 1 0 1 1 1 1 1 1 0 0 0 1 0 1 1 0 0 0 1 1 1 0 0 0 0 1 0 1 0 0 1 0 0 0 0 1 0 0 1 0 0 0 0 0 
1 1 1 0 0 0 0 1 1 1 0 1 0 0 0 1 0 1 0 1 0 1 0 1 0 0 1 1 1 0 0 0 0 0 1 1 0 0 1 1 1 1 1 1 0 0 0 0 0 0 1 1 1 1 0 0 1 0 0 0 0 0 1 1 0 1 0 0 0 1 0 1 0 1 1 1 1 1 1 0 0 1 0 1 0 1 1 1 0 0 0 0 0 1 1 1 1 1 1 0 0 0 1 1 0 0 1 1 0 0 1 1 0 1 1 1 0 1 0 1 0 0 1 0 1 0 0 1 1 1 1 0 1 0 0 0 1 1 0 1 0 1 0 0 1 1 0 1 1 1 1 1 0 0 1 1 1 0 1 0 1 0 0 1 1 1 1 0 0 0 1 0 0 0 0 0 0 1 0 1 1 0 0 1 
0 1 0 0 1 0 1 0 1 0 0 1 1 1 1 1 0 0 1 0 0 0 1 0 1 0 1 1 0 0 1 0 0 1 1 1 1 1 0 0 0 1 0 1 1 1 1 0 0 0 0 1 1 0 0 1 1 0 0 0 1 1 0 1 1 1 0 1 1 0 0 1 1 1 1 1 0 1 0 1 1 1 0 0 0 0 1 0 0 0 1 0 0 1 0 0 0 0 1 1 1 1 1 1 0 0 0 0 1 1 1 0 1 1 1 0 1 1 0 1 1 1 1 1 1 0 1 1 1 1 1 1 0 0 1 0 0 0 0 0 0 1 1 0 0 0 1 1 0 1 0 1 0 0 1 0 1 0 1 0 1 0 0 0 1 1 1 1 0 0 1 1 1 1 0 0 0 1 0 1 1 0 0 1 
1 1 1 0 1 0 1 1 1 1 1 0 0 0 0 0 1 0 1 1 1 1 0 1 0 0 1 1 0 0 0 0 0 1 0 0 0 0 1 1 1 1 0 0 1 0 1 0 1 0 0 0 0 0 1 0 1 0 1 1 1 1 1 0 1 0 1 1 0 0 1 0 1 0 0 1 0 0 1 1 0 0 0 0 1 1 1 0 0 1 0 0 0 1 1 0 1 0 0 1 0 0 0 0 0 0 0 0 1 1 0 0 1 1 1 1 1 0 0 1 1 0 1 1 0 1 1 0 0 1 0 1 1 1 1 0 0 1 0 1 1 1 1 0 0 1 0 1 0 0 1 0 0 0 0 1 1 0 1 0 1 1 1 1 0 1 0 0 0 0 0 1 0 0 1 0 1 1 1 0 0 0 1 1 
1 0 1 1 0 1 0 0 0 0 1 0 0 1 1 0 1 1 1 1 0 0 1 0 0 0 0 0 0 0 0 1 1 0 0 1 1 0 1 1 0 0 0 1 1 1 0 0 1 0 1 0 1 0 0 0 1 0 1 0 1 0 1 1 0 1 0 1 0 1 1 0 0 0 1 1 1 0 0 0 1 1 0 0 0 0 1 0 1 1 0 0 0 1 0 0 0 1 0 0 0 0 1 1 0 1 1 0 1 0 1 0 0 1 0 0 0 0 0 1 1 1 1 1 0 1 1 1 0 1 1 1 0 1 0 1 0 1 0 1 0 1 0 1 1 1 1 0 0 0 1 1 1 1 1 1 0 1 1 0 0 1 1 0 0 1 1 1 0 1 0 0 1 1 0 0 1 0 0 0 1 0 1 1 
0 0 0 0 0 0 1 1 0 0 0 1 0 1 1 0 0 0 0 1 0 1 0 0 1 0 0 0 0 1 0 1 1 0 1 1 1 1 1 0 1 0 1 1 1 0 1 1 1 0 1 0 0 1 0 1 0 1 0 0 1 1 1 0 1 0 0 0 1 0 1 0 0 0 0 0 1 0 0 1 0 0 0 1 0 1 0 0 1 1 1 0 0 1 1 1 0 0 0 1 0 0 0 1 0 0 0 1 1 1 0 1 0 0 0 0 1 0 1 0 1 1 1 0 0 1 0 1 1 1 1 1 0 1 1 0 1 0 1 1 0 1 0 0 1 0 0 1 0 1 1 1 0 1 0 1 1 0 1 0 1 1 0 0 1 1 0 1 1 1 0 0 1 0 0 1 0 1 0 0 1 0 1 1 
1 0 0 1 0 0 1 0 0 1 0 0 1 0 1 1 0 0 0 1 1 0 0 1 0 0 1 0 0 0 1 0 0 0 0 0 1 1 1 1 1 1 1 0 1 1 1 1 0 0 1 1 0 0 1 0 0 1 1 0 1 0 0 1 0 0 0 0 0 0 0 0 0 0 0 0 0 0 1 0 1 1 0 0 0 0 0 1 0 0 0 1 1 1 0 0 0 1 0 1 1 1 1 1 0 1 0 0 1 1 1 1 1 1 0 0 0 1 0 1 0 0 1 0 1 1 0 0 1 1 1 1 0 1 0 1 0 1 1 1 1 1 0 0 1 1 1 1 0 1 0 0 0 0 0 1 0 1 1 0 1 1 0 0 0 0 1 0 0 1 0 1 0 1 1 0 1 1 1 1 1 0 0 1 
0 0 1 0 0 0 0 1 1 1 0 0 0 1 1 1 0 0 0 1 0 1 0 0 1 0 1 0 0 1 1 1 0 1 1 0 0 0 1 1 1 0 0 0 0 1 0 0 1 1 0 0 1 1 0 0 1 0 0 1 1 0 1 1 1 0 0 0 0 0 1 0 1 0 0 1 1 0 1 0 0 0 1 1 0 1 1 0 1 0 0 1 1 1 1 0 0 0 0 1 0 0 1 1 1 0 1 0 0 1 1 0 1 0 0 0 0 1 1 0 0 0 0 0 0 1 1 1 1 1 1 1 0 1 0 0 1 0 0 1 0 0 1 0 0 1 0 0 1 0 1 1 1 0 0 0 0 0 1 0 1 0 0 0 1 1 1 1 0 0 0 0 0 1 0 1 1 1 0 0 0 0 1 1 
0 1 0 0 0 1 0 1 0 1 1 1 0 1 1 0 0 1 1 0 0 0 1 1 0 1 0 1 1 0 0 1 1 0 0 1 0 0 0 1 0 1 1 1 0 0 0 0 0 1 1 0 0 0 0 0 0 0 0 1 1 0 1 0 0 1 0 0 0 1 1 1 0 0 1 1 0 1 1 0 1 1 0 0 0 0 0 0 0 0 1 0 1 1 0 1 1 1 0 1 1 1 1 0 1 1 0 0 1 1 1 1 0 0 1 1 0 0 0 1 0 0 1 0 1 1 1 0 0 1 0 1 0 1 0 1 0 0 0 0 0 0 1 0 0 0 1 1 1 1 0 0 1 1 1 1 1 0 1 0 0 1 0 1 0 1 1 1 0 1 1 1 1 0 1 0 1 1 0 0 0 0 0 1 
1 1 1 0 0 0 0 0 0 0 0 1 0 1 1 0 1 1 0 0 1 1 0 0 0 0 0 1 0 0 1 1 0 0 1 0 0 0 1 0 0 0 0 1 1 0 1 1 0 0 0 1 1 0 0 1 1 1 1 0 0 1 0 0 1 0 0 0 1 0 1 1 1 1 0 1 1 1 0 1 1 0 0 1 1 0 0 1 1 0 0 0 1 1 0 1 0 0 1 0 1 1 1 1 1 1 1 0 1 1 1 0 0 1 0 0 1 1 1 0 1 1 1 0 0 0 1 1 1 1 1 1 0 0 0 0 0 0 0 0 1 1 0 1 1 0 1 1 1 1 0 1 1 1 1 0 1 0 1 1 0 0 0 0 1 1 1 1 1 1 1 1 0 0 0 0 0 1 1 0 1 0 0 1 
1 0 0 0 1 1 1 0 1 0 1 0 0 1 1 0 1 1 0 0 0 1 0 1 0 0 0 1 1 1 0 1 0 1 1 0 0 1 0 0 1 0 0 1 1 0 0 1 0 0 1 1 0 1 1 0 1 1 1 1 0 0 0 1 1 1 0 1 1 1 0 0 0 1 1 0 1 0 1 0 1 1 0 0 1 0 1 0 0 0 1 1 1 0 1 0 0 1 1 0 1 0 0 0 0 1 1 0 0 0 1 1 0 1 0 1 0 1 0 1 1 1 0 0 1 0 0 1 1 1 0 1 1 1 1 1 1 1 1 0 0 0 1 1 0 0 1 0 0 1 1 0 1 0 0 0 0 1 1 0 1 1 0 0 1 1 1 0 1 0 1 0 0 1 0 1 1 0 1 1 1 0 0 0 
1 0 1 0 1 0 1 0 0 1 1 1 1 0 1 1 0 0 1 1 0 0 1 1 1 1 0 1 1 0 1 1 0 1 1 1 0 1 1 0 0 1 1 0 0 1 1 1 0 0 0 1 1 0 1 0 0 0 0 0 0 1 1 0 0 0 0 0 1 1 0 0 0 1 0 1 1 1 1 1 0 1 0 1 1 1 0 0 1 1 1 0 0 0 0 1 1 1 1 1 1 0 1 0 0 1 0 0 1 1 0 0 0 1 0 1 0 1 0 1 0 0 0 1 1 0 1 1 1 1 0 1 1 1 0 0 1 1 1 0 0 1 0 0 0 1 0 1 1 0 0 1 0 1 0 0 0 0 1 1 1 0 1 1 0 1 1 1 1 1 0 1 1 0 1 0 1 1 1 0 0 0 1 1 
0 0 1 0 1 1 1 1 1 0 0 1 1 1 0 0 1 1 0 1 0 1 0 0 0 0 1 0 1 1 0 0 1 1 1 1 0 0 1 1 0 0 0 1 0 0 0 0 0 0 1 1 1 0 0 0 0 1 0 1 0 0 1 1 0 0 0 1 0 1 0 0 0 0 0 0 1 1 1 0 1 1 0 1 1 1 1 1 1 0 0 1 1 0 0 0 0 0 1 1 0 0 0 1 1 1 0 0 1 1 1 1 1 0 1 1 1 0 1 0 0 0 1 1 1 0 1 1 0 1 1 1 1 0 1 1 1 0 1 0 1 0 0 0 1 0 1 1 1 0 1 0 1 0 0 0 0 0 0 1 1 1 1 0 0 0 0 1 0 1 0 0 1 1 1 0 0 1 1 0 1 0 0 1 
0 0 1 0 0 0 1 1 1 1 1 0 0 1 1 0 1 0 1 1 0 1 1 0 0 1 0 1 0 1 0 0 0 1 0 0 0 0 1 1 0 0 1 1 1 1 0 1 1 1 0 1 1 0 0 0 1 1 1 0 1 1 1 0 0 0 0 0 0 1 1 1 0 0 0 1 0 0 0 0 1 1 1 1 0 0 0 1 0 0 1 0 1 1 1 1 0 0 1 1 0 1 0 1 0 1 0 0 1 0 0 0 0 0 0 1 0 0 1 0 0 0 0 1 1 1 0 1 0 1 1 1 0 0 0 1 0 1 1 0 1 1 0 0 0 1 1 1 0 1 0 0 1 0 1 1 0 1 1 0 1 1 1 1 0 1 0 0 0 1 1 1 0 1 1 0 0 0 1 1 0 0 0 1 
0 1 1 1 0 0 1 1 1 0 0 1 0 1 0 0 1 1 0 1 1 0 1 0 0 1 1 1 1 0 0 0 1 1 0 0 1 0 0 1 0 0 1 0 0 0 1 1 1 1 1 1 0 0 1 1 0 0 0 1 1 1 1 0 1 0 0 0 1 0 1 0 0 0 0 0 1 1 1 0 0 0 0 0 1 0 1 0 1 1 0 1 1 1 1 0 0 0 0 0 0 0 1 1 0 1 1 0 1 1 0 1 1 0 0 1 1 0 0 0 0 1 0 1 1 0 0 0 0 1 1 0 1 0 0 1 0 1 0 0 0 0 0 1 0 0 0 1 0 0 0 1 1 1 0 1 1 0 0 0 1 0 1 1 1 0 0 1 0 1 1 1 1 1 0 0 0 0 1 1 1 0 1 1 
1 1 0 0 1 1 0 1 1 0 0 0 1 1 1 1 0 0 1 1 1 0 0 1 0 0 0 1 0 1 0 1 1 1 0 1 1 0 1 1 1 1 0 1 0 0 0 0 1 1 0 1 1 1 1 0 0 0 0 0 0 1 1 1 1 0 0 1 1 1 0 1 0 1 0 0 1 1 0 0 0 1 1 1 1 0 0 1 0 0 0 0 1 0 0 1 1 1 1 0 1 0 0 0 0 0 0 1 1 1 1 1 0 0 1 0 1 0 1 0 1 0 0 0 1 0 1 1 0 0 1 1 1 1 1 1 0 1 1 1 1 1 0 1 0 1 1 1 1 0 1 1 0 1 0 1 0 1 1 1 1 0 0 1 0 0 1 1 0 1 0 1 0 1 1 1 1 1 1 1 0 1 0 0 
1 0 1 0 0 0 0 0 1 1 0 0 0 0 1 0 1 1 1 1 1 1 0 0 0 1 0 1 0 1 1 0 0 1 1 1 0 0 1 1 0 0 1 1 0 0 0 0 1 0 1 1 1 1 1 0 1 0 0 0 1 1 0 0 1 1 0 1 0 1 1 1 1 0 1 1 0 0 0 1 1 0 0 1 0 1 0 0 0 0 1 1 1 0 1 0 1 0 1 1 0 0 0 1 0 0 0 1 0 0 1 1 0 0 0 0 0 0 1 1 0 0 0 0 0 0 1 1 1 1 1 1 1 0 0 0 0 1 1 1 0 1 0 0 0 0 1 0 0 1 0 0 0 0 0 0 1 0 1 1 1 1 1 0 1 1 0 0 1 1 0 1 1 0 0 0 1 0 0 0 1 1 0 1 
0 1 1 0 0 0 0 1 0 0 0 0 1 0 1 1 1 1 0 0 1 1 0 0 1 1 1 0 1 1 0 0 1 1 0 0 0 0 0 0 0 1 0 0 0 1 1 1 1 0 1 0 1 0 1 1 0 0 1 1 0 1 1 0 0 0 0 0 1 1 0 1 1 0 1 1 0 0 0 1 0 0 1 0 0 1 0 1 1 1 1 0 1 1 0 0 0 1 1 1 1 1 0 0 0 1 0 0 0 1 1 0 0 1 1 1 1 1 0 1 0 0 0 1 1 0 1 0 0 0 1 1 0 0 0 0 1 1 1 0 0 0 1 0 1 1 1 1 0 1 0 1 0 0 0 0 0 1 1 0 0 1 1 0 0 0 1 1 0 1 0 1 0 0 1 1 0 1 0 0 1 0 0 0 
0 1 1 1 1 0 0 1 1 1 1 0 1 0 1 0 0 1 0 1 0 0 1 0 1 1 0 0 1 0 0 1 1 0 0 0 1 1 1 1 0 0 1 1 0 1 0 0 1 1 0 0 1 0 1 0 0 1 1 0 0 1 0 1 0 0 1 1 1 0 1 1 1 0 1 0 0 0 0 0 1 0 0 1 0 1 1 1 0 0 0 0 1 0 1 1 0 0 1 1 0 1 0 1 0 0 0 1 1 0 1 1 0 0 1 0 0 1 1 0 0 1 0 1 1 0 1 0 1 0 1 0 0 0 1 1 0 0 0 0 1 1 0 1 0 1 0 1 1 0 0 1 0 0 0 0 0 1 0 1 0 0 1 1 0 1 0 0 0 0 0 1 1 1 0 0 1 1 0 1 1 1 1 0 
1 0 1 1 0 1 0 0 0 1 0 0 1 0 1 1 0 0 0 0 1 0 1 1 1 0 1 1 1 1 0 0 1 0 1 0 0 1 0 1 0 0 0 1 0 1 1 0 0 0 0 0 0 1 0 1 1 0 1 1 1 0 1 1 0 1 0 0 0 1 0 1 0 0 0 0 1 1 0 0 1 1 1 0 0 0 1 0 1 0 1 0 0 0 1 0 1 1 0 0 0 1 0 1 0 1 0 1 1 0 0 0 1 1 0 0 0 1 1 1 1 1 1 1 0 1 1 1 1 0 0 1 1 0 0 1 0 0 1 1 1 1 0 0 0 0 0 1 0 0 0 1 0 0 1 1 1 0 0 1 1 0 0 1 1 0 0 0 0 1 1 1 1 0 0 0 1 0 0 1 0 1 1 1 
1 0 1 0 0 1 1 0 1 1 1 0 0 1 1 1 0 0 1 0 1 0 1 0 1 1 1 1 0 0 1 0 1 0 1 0 0 0 0 0 1 1 1 1 1 1 1 0 1 0 0 0 0 0 0 0 0 1 0 1 0 0 1 0 1 0 1 0 1 1 1 0 1 1 0 0 1 0 1 1 0 0 0 0 1 0 1 1 0 0 1 0 1 0 0 0 1 0 1 1 0 0 1 0 0 1 0 0 1 1 0 1 1 1 1 0 1 1 0 0 1 1 1 0 1 0 1 0 1 1 1 1 0 0 0 1 1 1 0 1 0 1 1 1 1 1 0 1 1 0 1 1 1 0 1 1 1 1 1 0 0 0 0 1 1 1 1 1 0 0 1 1 1 1 0 0 1 0 1 1 0 1 1 1 
1 0 1 0 0 0 1 1 1 0 1 0 0 1 1 0 0 1 0 0 0 0 1 0 0 0 0 0 0 1 0 1 1 0 1 1 1 0 0 0 0 1 1 1 0 1 1 1 0 0 1 0 1 1 1 0 0 1 1 0 0 1 1 0 1 0 1 0 1 0 1 1 1 1 0 1 0 0 0 1 0 0 0 1 0 1 0 1 0 1 0 1 1 1 1 1 1 0 0 0 1 0 0 1 1 1 1 0 1 0 1 0 1 0 0 0 0 0 0 1 0 0 0 1 1 1 0 0 1 0 1 0 1 0 1 1 0 0 1 0 0 1 0 0 1 1 1 0 1 1 0 0 1 1 1 1 1 0 0 1 1 1 1 1 1 1 0 0 1 0 0 1 1 0 1 0 0 0 1 1 0 0 0 1 
1 0 1 0 1 1 1 0 1 1 1 0 1 1 1 0 0 1 1 1 0 0 1 0 0 0 1 0 0 1 1 1 1 0 0 1 1 0 1 0 0 1 0 1 0 1 0 1 1 0 0 0 1 1 1 0 1 1 1 0 1 0 0 0 0 0 0 1 0 0 0 0 0 1 0 1 0 1 0 1 0 0 0 0 0 1 1 0 0 1 1 0 0 1 1 0 0 1 1 0 0 0 0 1 1 0 1 0 0 0 1 0 0 0 0 0 0 1 0 1 1 1 0 0 1 0 1 1 1 1 1 1 0 0 0 1 0 0 1 0 0 1 1 0 0 1 1 1 1 1 1 1 0 0 0 0 1 1 0 1 0 0 1 0 0 1 1 0 1 0 0 0 0 1 0 0 0 1 0 0 0 1 0 0 
0 1 1 0 1 0 0 0 0 1 0 1 1 0 1 1 0 0 0 1 0 0 0 1 1 1 1 1 1 0 1 1 1 1 0 1 1 0 1 1 1 0 1 1 1 0 0 1 0 1 0 0 0 1 0 0 1 1 0 0 1 1 0 0 0 1 0 1 0 1 0 1 1 1 0 1 1 0 1 0 0 1 0 0 0 0 1 0 1 0 0 1 1 1 0 0 1 1 1 1 0 0 0 1 1 0 1 1 0 1 0 0 0 1 0 1 1 1 1 1 0 1 0 0 0 0 1 1 1 1 0 1 0 0 0 1 0 0 1 1 1 0 0 1 1 1 0 0 0 0 1 1 1 1 1 1 0 1 0 0 1 0 0 1 1 1 1 0 0 0 0 1 1 0 1 0 0 1 0 1 1 1 0 0 
1 1 0 0 1 1 0 1 0 0 1 1 1 0 1 0 1 0 0 0 0 0 0 0 0 0 0 1 0 0 0 1 1 0 1 1 1 0 0 1 1 1 1 0 0 0 1 1 1 1 1 1 1 0 1 1 0 1 0 1 1 0 0 1 0 0 0 0 0 1 1 1 1 0 1 1 0 0 0 0 1 0 0 0 0 0 0 1 1 1 1 1 1 0 0 0 0 1 1 0 0 0 1 0 1 0 1 1 1 0 1 1 1 0 0 0 0 0 1 1 1 1 0 1 1 0 1 1 1 0 0 1 1 0 0 0 0 0 1 0 0 0 1 0 0 1 0 0 1 0 1 0 0 0 1 1 0 0 0 1 1 0 0 0 1 1 1 0 1 1 1 0 1 1 1 0 0 1 1 1 1 1 0 0 
0 1 0 1 1 1 0 1 0 0 1 1 0 1 0 1 0 0 1 0 1 0 1 0 1 1 1 1 1 0 1 0 1 1 0 0 1 1 1 1 1 0 0 1 0 1 1 0 0 1 1 0 0 0 0 1 1 0 1 0 1 1 0 1 0 1 0 1 0 0 0 1 1 0 0 0 1 1 1 0 0 1 1 0 0 0 1 0 1 1 0 0 0 1 0 0 1 1 0 1 0 0 1 1 0 1 1 0 0 0 0 0 1 0 0 0 1 0 0 1 1 0 1 0 1 1 1 0 1 0 0 0 0 0 1 0 0 0 0 0 0 0 1 0 0 1 0 1 0 1 0 0 0 1 0 0 1 0 0 0 0 0 1 0 0 1 0 1 1 0 1 1 0 0 0 1 0 0 1 1 0 0 1 1 
1 0 1 1 0 1 1 0 0 1 1 1 1 1 0 1 1 1 1 1 0 1 1 1 0 1 0 1 0 1 0 1 0 1 0 1 0 0 0 1 0 0 1 0 0 1 0 0 0 0 0 0 0 0 1 0 1 1 1 1 0 1 1 1 1 0 0 1 0 0 1 0 1 0 1 0 0 0 1 1 1 0 1 1 0 1 0 1 1 0 0 1 1 0 0 0 0 1 1 0 0 1 0 1 1 0 0 1 1 0 1 1 1 1 1 0 1 0 0 0 0 1 1 0 1 1 0 1 0 0 0 1 0 1 1 1 1 0 0 1 0 0 1 0 1 1 0 0 1 1 0 1 0 1 1 0 1 0 1 1 0 1 1 1 1 1 1 0 0 1 0 1 0 1 0 1 0 1 1 0 1 1 0 0 
0 0 1 0 1 0 1 1 1 1 1 1 0 0 0 1 0 1 0 1 0 0 1 0 1 0 1 0 1 0 1 1 1 1 1 0 0 0 0 1 1 0 1 0 1 0 0 1 1 0 1 0 0 0 0 1 0 1 1 1 0 1 0 0 0 0 1 0 0 1 0 0 1 1 0 1 0 1 1 0 1 1 0 0 1 0 1 0 1 1 1 0 1 1 1 0 0 0 1 0 0 0 0 0 0 0 0 1 1 1 0 0 0 0 0 1 1 1 0 1 0 0 0 1 1 0 0 1 0 0 1 0 0 1 1 1 0 1 1 1 0 1 0 0 0 0 0 0 0 0 1 0 1 0 1 1 0 0 0 0 1 1 0 1 1 0 0 0 0 0 1 1 0 1 1 1 0 0 0 1 1 1 1 1 
0 0 1 0 0 1 1 0 0 1 1 1 1 1 1 1 1 0 1 0 0 0 1 0 1 1 0 0 0 1 0 0 1 0 1 0 1 1 0 0 0 1 0 0 1 0 1 0 1 0 0 1 1 1 0 0 0 1 0 1 0 0 0 0 1 1 0 1 0 1 0 1 1 0 1 0 0 1 0 1 0 0 0 1 1 1 1 1 0 0 0 1 1 1 1 1 1 1 0 1 1 0 0 1 0 0 1 0 1 1 0 1 1 0 0 1 1 0 1 0 1 0 1 0 1 1 1 0 1 0 1 0 1 0 1 0 1 1 0 0 1 0 0 1 1 1 1 0 0 0 1 0 0 1 1 1 1 1 0 1 1 1 1 0 0 1 0 0 1 1 0 0 0 0 0 0 0 1 0 1 0 0 0 0 
1 0 1 1 0 1 0 1 0 1 0 0 1 0 1 0 0 1 0 0 0 0 1 1 1 0 1 1 1 1 1 1 0 1 0 1 1 1 1 1 0 1 0 1 0 1 0 0 1 1 1 1 0 0 1 1 1 0 1 0 0 0 0 1 1 1 0 0 0 0 0 1 0 0 1 0 0 1 0 0 0 1 1 0 1 1 0 1 0 0 0 1 1 1 1 1 0 0 1 0 1 0 1 0 1 1 0 1 1 0 1 0 0 0 0 0 1 1 1 0 1 0 0 0 1 1 1 0 0 1 1 0 1 0 0 0 1 0 1 1 0 1 0 0 1 1 1 1 0 0 0 1 1 0 0 1 1 0 1 1 0 0 1 1 1 1 1 1 1 1 1 1 0 1 1 1 1 1 0 0 1 0 0 0 
0 0 0 0 1 0 1 1 0 0 0 0 0 0 0 1 0 0 1 1 0 0 0 0 1 1 0 1 0 0 0 1 0 1 1 0 0 1 1 0 1 0 1 0 1 1 1 0 0 1 0 0 0 1 1 0 0 0 0 0 1 0 1 0 0 1 0 0 1 0 1 1 0 1 0 0 1 1 0 1 1 0 1 0 1 0 0 1 0 0 0 1 0 0 1 0 0 0 0 0 1 0 1 1 1 1 0 0 0 0 1 1 0 0 0 1 0 0 1 0 1 0 0 1 0 0 0 0 0 1 1 1 0 1 0 1 1 0 0 0 0 0 1 1 1 1 1 0 1 1 0 1 1 1 1 0 1 0 1 0 1 0 1 0 0 0 0 1 1 1 0 1 1 0 0 0 0 0 0 1 0 1 0 0 
1 1 1 0 1 1 0 0 0 0 1 1 0 1 0 0 1 0 1 0 1 0 1 1 1 0 1 0 0 0 1 0 1 0 0 0 1 0 1 0 0 0 1 1 0 1 1 0 0 0 1 0 0 0 0 0 0 1 1 0 1 0 0 0 0 0 1 1 0 0 1 0 1 0 1 0 1 0 0 0 0 1 0 1 1 0 1 0 1 1 1 0 1 1 1 0 1 0 1 0 0 1 0 0 1 1 0 1 1 1 0 0 1 1 1 0 0 0 0 1 1 1 0 1 1 1 1 0 0 1 1 0 0 0 0 1 1 1 0 0 0 0 0 0 0 1 0 1 1 0 1 1 0 1 1 0 0 1 1 0 0 1 0 0 1 1 1 0 1 1 1 1 0 1 0 1 0 0 1 1 0 0 1 0 
0 1 1 1 0 0 1 0 1 1 0 1 0 1 1 0 0 1 0 0 0 0 1 0 0 1 1 0 0 0 1 0 1 0 0 0 1 0 0 1 0 0 1 0 1 1 1 0 0 0 0 0 0 1 0 1 1 1 1 1 1 0 0 0 0 0 1 1 1 1 1 0 1 1 1 1 1 1 1 0 1 1 0 1 1 0 1 1 1 1 0 1 0 0 1 1 0 1 0 1 1 1 0 1 0 0 0 1 0 1 1 1 0 0 0 1 1 1 0 0 0 0 0 0 1 1 0 1 0 0 1 1 1 1 0 1 0 0 0 0 0 0 1 0 0 0 0 1 1 1 0 1 0 1 0 0 1 0 1 0 0 0 0 1 0 1 0 0 1 0 1 0 0 0 1 1 1 1 1 0 0 1 1 1 
1 1 0 0 1 0 1 1 0 0 1 0 0 0 0 1 0 0 0 0 0 0 1 1 0 1 1 0 1 1 1 1 1 0 0 1 1 0 0 1 1 1 0 1 1 0 0 1 1 0 1 0 1 0 0 0 0 0 0 0 0 1 1 1 1 1 1 1 1 1 0 0 0 1 1 0 0 1 0 0 0 1 1 1 0 1 0 1 1 1 0 1 0 0 1 0 0 1 0 0 0 0 1 1 0 1 1 1 1 0 1 1 0 1 0 1 0 0 0 0 1 1 1 1 1 0 1 0 0 0 1 0 1 1 1 0 1 1 1 1 1 1 1 0 0 1 1 1 1 1 1 1 0 1 0 1 0 1 1 0 1 0 0 1 0 1 0 1 1 1 1 1 1 1 1 0 1 0 0 1 0 0 1 1 
1 0 0 0 1 0 0 0 1 1 0 0 1 0 0 0 0 1 0 1 0 1 1 1 0 0 1 0 1 0 1 0 0 0 0 0 0 0 1 1 0 0 1 1 1 1 0 1 1 1 0 1 1 0 1 0 1 0 1 0 1 1 0 1 0 1 0 1 0 0 1 0 0 1 1 0 1 0 1 1 0 1 1 0 0 0 0 1 1 1 1 1 1 1 0 1 1 0 1 1 0 1 1 1 1 0 1 0 0 0 0 0 1 0 1 1 1 1 1 0 0 0 1 1 0 0 1 0 0 1 1 0 1 0 0 1 0 1 1 0 1 0 0 0 1 1 0 1 0 0 0 0 0 0 0 1 1 0 0 1 0 0 0 1 1 0 1 0 1 0 1 0 1 0 1 1 1 1 0 0 0 0 0 1 
1 0 0 1 0 0 1 0 1 1 1 1 1 0 0 1 1 1 0 0 0 0 1 0 1 0 1 1 1 1 0 1 1 0 0 1 0 1 1 0 1 1 0 0 1 1 1 0 0 1 0 1 0 1 1 1 1 0 1 1 1 1 0 0 0 1 0 0 1 1 0 1 0 1 0 1 0 0 1 0 0 1 0 0 0 0 0 0 1 1 0 0 1 0 1 0 0 0 0 0 1 1 1 0 1 1 0 1 1 0 1 0 1 1 1 0 0 1 1 0 1 0 1 0 1 0 1 1 0 0 1 0 1 1 0 0 0 1 1 1 0 0 1 0 1 0 1 1 1 1 1 0 1 0 1 0 1 1 0 1 1 1 0 0 1 0 0 0 0 1 1 1 1 0 0 0 1 0 0 0 1 0 0 0 
0 0 1 0 0 0 1 0 1 1 0 1 0 0 0 1 1 0 1 0 0 0 0 0 0 0 0 0 1 0 1 0 0 1 0 0 1 0 0 0 1 0 0 0 0 1 0 1 1 1 0 1 0 1 0 0 1 0 1 0 1 1 0 1 0 0 0 0 1 0 0 1 0 0 0 1 1 0 0 1 1 1 0 1 0 1 0 0 1 0 0 1 0 0 1 0 0 1 0 0 1 0 1 0 0 0 0 1 1 0 0 1 1 0 0 0 1 1 0 1 1 0 0 0 1 1 0 0 0 0 1 0 1 1 0 0 0 1 0 0 1 0 1 1 1 1 1 1 0 1 0 0 0 1 1 1 0 1 0 1 0 0 0 0 0 0 0 1 1 1 1 1 0 1 1 0 0 1 1 0 0 0 0 0 
1 0 1 1 0 1 0 0 1 0 0 1 0 1 1 0 0 1 1 0 1 0 1 0 0 1 0 0 0 0 1 0 0 0 1 0 1 0 1 0 1 1 1 1 0 1 0 1 1 0 0 1 1 0 0 0 0 1 0 1 0 1 0 0 1 0 1 0 1 0 1 1 0 0 0 1 0 1 0 1 0 0 1 1 1 1 1 0 1 0 0 0 1 1 0 0 1 0 0 1 0 1 1 1 0 1 0 1 1 0 0 1 1 0 0 1 0 0 1 1 0 0 1 1 1 1 0 1 0 0 0 1 0 0 1 1 1 1 1 0 1 0 0 1 1 0 0 0 1 1 1 0 0 0 1 0 0 0 1 0 0 1 0 1 0 1 1 0 1 0 0 0 1 0 0 0 0 1 1 1 0 0 0 1 
0 1 0 1 1 0 1 0 1 1 1 1 0 0 1 0 1 0 0 1 1 0 0 1 1 1 1 1 1 1 0 0 1 0 0 0 0 1 1 1 0 0 1 0 1 1 1 0 0 1 1 1 0 1 1 0 0 0 0 1 1 1 1 0 0 0 0 0 0 1 1 1 1 1 0 1 1 1 1 0 1 0 1 1 1 0 1 1 0 1 0 1 0 0 1 0 0 0 0 1 0 1 0 1 1 1 1 0 0 0 1 0 1 1 0 0 0 0 1 0 0 0 0 0 0 0 0 0 0 0 0 0 1 1 0 1 1 0 0 0 0 0 0 0 0 1 1 0 1 0 0 0 1 0 0 1 0 0 1 1 1 0 0 1 0 1 1 1 0 0 0 0 1 1 1 1 1 0 0 0 0 1 0 1 
1 0 0 0 0 0 1 1 0 1 1 0 0 1 0 1 1 0 1 1 0 0 0 0 0 0 1 0 0 0 1 0 0 0 0 0 0 1 0 1 0 0 0 0 1 0 1 0 0 1 1 1 1 0 0 1 0 0 0 1 0 0 1 1 0 1 1 1 1 0 0 1 1 1 0 0 1 1 1 0 1 0 0 1 0 1 0 0 1 0 0 0 1 0 1 0 0 1 1 0 1 0 0 0 0 1 1 1 1 0 1 1 0 0 1 1 0 0 0 0 0 1 1 0 1 1 1 0 1 0 0 0 0 0 0 0 1 0 1 1 0 0 1 1 0 0 1 0 1 0 1 0 0 1 1 0 0 0 0 1 0 0 1 0 0 1 1 1 1 1 0 0 0 1 1 1 0 0 0 0 1 0 1 1 
1 1 0 0 0 1 0 1 1 0 0 0 0 1 0 0 1 1 1 1 1 1 0 1 1 0 0 1 1 0 1 0 1 1 0 0 1 1 1 1 1 0 0 1 0 0 0 1 0 0 0 0 0 1 0 1 1 0 1 1 0 0 1 0 0 0 1 0 1 1 1 1 0 0 0 1 0 1 0 0 0 1 0 0 0 0 0 0 1 1 1 0 1 0 0 1 1 0 0 1 0 0 0 1 1 1 1 0 0 1 1 1 0 1 1 1 0 1 0 1 1 0 1 1 0 1 1 0 0 0 0 0 1 1 0 0 0 1 0 1 1 1 0 0 1 0 0 0 1 0 1 0 1 0 0 1 1 0 1 0 0 1 0 0 1 1 1 0 0 0 0 1 0 0 0 1 1 1 1 1 1 1 0 0 
0 0 1 0 0 1 1 0 0 1 0 1 1 0 0 0 0 0 1 1 1 1 1 1 1 0 0 0 1 0 1 1 1 0 1 1 0 0 1 0 0 1 1 0 1 1 1 0 0 0 0 1 0 0 0 1 0 0 0 0 0 0 1 0 0 0 1 0 1 1 0 0 0 1 0 0 0 1 1 1 0 0 0 0 0 0 1 0 0 0 0 1 1 0 1 1 0 1 1 0 0 0 0 0 0 1 0 1 1 1 1 0 0 0 0 1 0 0 0 0 0 1 1 1 1 0 0 0 0 0 0 1 1 0 0 0 1 1 1 1 1 1 0 1 1 0 0 0 0 1 0 1 0 1 0 1 1 1 1 1 1 1 1 0 1 0 0 1 1 0 0 0 0 1 0 0 1 0 0 1 1 1 1 1 
1 1 0 1 0 1 1 0 1 0 0 1 1 1 1 1 0 1 0 1 1 0 0 1 0 0 0 1 0 1 0 1 1 1 1 1 1 0 1 1 0 0 1 0 1 0 1 1 1 1 0 0 1 1 0 1 1 1 1 0 0 1 1 0 1 0 1 1 1 1 0 1 0 0 1 0 0 0 0 0 1 0 0 0 1 1 0 0 0 1 1 0 0 1 1 1 1 1 0 0 0 0 0 0 1 1 1 1 0 1 0 0 1 0 1 1 1 0 1 1 1 1 1 1 0 0 1 0 1 1 1 0 1 1 1 0 1 0 1 0 0 1 0 1 0 1 1 1 0 0 1 1 0 0 0 0 0 1 1 1 1 1 0 0 0 1 1 1 0 1 0 1 0 1 1 0 0 0 1 1 1 1 0 1 
0 1 0 0 0 0 1 1 1 0 1 1 0 1 1 1 1 0 0 1 0 1 0 0 1 0 0 0 0 0 1 1 1 0 1 1 0 0 0 0 1 1 1 1 0 1 0 0 1 1 1 0 0 1 0 0 0 0 0 1 0 1 1 0 1 1 1 1 0 1 0 0 1 1 1 0 1 0 1 1 0 1 1 1 0 1 1 0 1 0 1 0 1 1 1 0 0 1 1 0 1 0 0 0 1 1 1 1 0 0 0 0 0 0 1 1 1 0 1 0 1 0 0 0 1 0 1 0 1 1 0 1 0 1 1 0 0 1 1 1 1 0 0 1 1 0 1 1 0 0 1 1 1 0 1 1 1 0 0 1 0 0 0 1 0 1 1 0 1 1 0 1 0 0 1 1 0 1 1 1 0 1 0 1 
1 0 1 1 0 0 0 0 1 1 1 1 1 1 0 0 0 1 0 1 0 0 0 0 1 0 0 1 0 0 0 0 0 1 1 0 1 0 0 0 0 1 1 1 1 1 1 1 1 1 1 0 1 0 0 1 1 0 1 0 0 0 0 0 0 0 0 1 1 1 0 0 1 0 0 0 0 0 0 0 0 1 1 1 1 0 1 0 0 1 1 1 0 0 1 1 0 0 1 0 1 0 1 1 0 0 0 1 1 1 0 0 1 1 1 0 1 1 1 0 1 1 1 1 1 0 1 1 1 1 1 0 0 0 0 0 0 1 0 0 1 0 0 1 1 0 0 1 0 1 1 1 1 1 0 0 0 1 0 1 1 1 0 0 0 0 1 0 0 1 1 1 1 0 1 1 1 0 1 0 0 0 0 0 
0 1 0 0 1 1 1 0 1 0 0 0 1 0 1 0 0 1 0 0 1 1 0 1 1 0 1 0 0 1 0 1 1 0 0 1 0 1 0 0 0 0 1 0 1 0 1 0 1 1 1 0 1 0 0 0 0 1 1 0 1 0 0 0 1 0 1 0 1 1 1 1 1 1 1 0 0 1 0 1 1 1 0 0 0 1 0 0 0 1 1 1 0 1 0 1 0 1 1 1 1 1 1 1 0 0 0 0 1 0 1 1 0 1 1 0 1 0 0 1 0 1 0 0 0 0 1 0 0 1 1 1 0 0 0 0 0 1 0 0 0 0 0 1 0 0 0 0 1 0 0 0 0 0 0 0 1 0 0 1 0 1 0 1 0 1 1 0 1 0 0 1 0 0 1 0 0 1 1 1 0 0 0 0 
0 0 1 1 1 1 1 1 1 0 1 1 1 0 1 1 1 1 1 0 0 1 1 1 1 1 0 0 0 0 1 0 0 1 0 0 0 1 1 0 0 1 0 1 1 0 0 1 0 1 0 1 1 0 1 1 1 1 0 1 0 1 0 0 1 0 0 1 0 1 1 0 0 0 1 0 0 0 0 0 0 1 1 1 1 1 0 0 1 0 0 0 0 1 1 0 0 0 1 1 1 0 1 1 0 0 0 1 0 1 1 1 0 1 1 0 1 1 1 1 0 1 0 0 0 0 1 1 1 1 1 1 1 0 0 1 0 0 1 0 1 1 1 0 1 0 1 1 0 0 1 0 1 1 0 0 1 0 1 1 0 1 0 1 0 1 1 0 0 1 1 1 0 0 1 0 0 0 0 0 0 1 1 1 
1 1 0 0 0 0 0 0 0 1 0 1 0 1 0 1 1 0 1 1 1 0 0 1 1 1 0 0 1 0 1 0 0 0 1 0 1 0 0 0 0 1 0 0 1 1 1 1 1 0 1 1 0 1 1 1 0 0 1 1 0 1 0 0 0 1 0 0 0 0 0 0 0 0 0 1 1 0 1 1 0 0 0 1 1 0 1 1 0 1 0 1 1 1 0 1 1 1 0 1 0 1 1 1 1 0 1 0 0 0 1 1 0 0 0 0 0 1 0 1 1 1 0 0 1 0 0 1 1 0 0 1 1 0 0 0 0 1 0 1 1 0 0 1 0 1 1 0 0 0 0 1 0 0 0 1 1 0 0 0 0 1 0 1 1 0 0 0 1 1 0 0 0 1 1 1 0 0 0 1 0 0 0 0 
0 0 0 0 1 1 0 0 0 0 1 1 0 0 1 0 0 1 1 1 1 1 1 0 1 0 1 1 0 0 1 1 1 1 0 0 0 0 1 1 1 0 0 0 1 1 1 0 0 1 1 1 0 0 0 0 0 0 1 1 0 0 1 1 1 1 1 0 1 1 0 1 1 1 1 1 0 0 1 1 1 1 0 0 1 0 1 1 1 1 0 1 0 1 0 1 1 1 0 1 0 1 0 0 1 1 0 0 0 0 0 1 0 1 0 0 1 0 0 0 0 1 1 1 0 0 1 1 1 0 0 1 1 1 1 1 1 1 1 1 1 0 0 0 1 0 0 1 1 1 0 1 0 0 1 1 1 0 1 1 1 1 0 1 1 1 1 0 0 1 1 0 1 0 1 1 0 0 1 1 1 0 0 0 
0 1 0 0 1 1 1 1 1 1 0 0 0 0 1 1 1 1 1 1 1 0 0 0 1 0 1 1 0 0 0 0 0 0 0 1 1 0 0 1 1 0 1 1 1 1 0 0 1 1 1 0 0 1 0 1 1 1 0 0 1 0 1 1 0 1 1 1 1 1 0 1 1 0 1 1 0 1 0 0 1 0 0 1 0 0 0 1 1 0 0 1 1 0 0 0 0 0 0 0 1 1 1 0 1 0 1 0 0 0 1 1 0 1 1 1 0 1 0 0 1 0 0 1 0 1 0 0 0 0 1 1 1 0 1 0 1 1 0 0 0 1 1 0 0 0 1 1 0 1 0 0 1 0 0 1 0 1 1 0 0 1 0 0 0 1 0 0 1 1 1 1 1 0 0 0 1 0 1 1 1 1 1 0 
0 1 1 0 0 1 1 0 1 1 1 1 1 0 1 1 0 1 0 1 1 1 0 0 0 0 1 0 0 0 0 0 1 0 1 0 0 1 1 0 0 1 1 0 1 0 0 0 0 0 0 1 1 1 1 0 1 1 0 1 1 1 1 0 1 0 1 1 1 1 1 0 1 0 0 1 1 1 1 0 0 1 1 0 1 0 1 0 0 1 1 0 1 1 0 1 0 0 1 1 1 1 0 0 0 1 1 1 0 1 0 1 0 0 1 0 1 1 1 1 0 1 1 1 0 1 0 0 0 1 1 1 1 0 0 1 0 0 0 0 0 1 1 0 1 0 0 0 1 0 0 1 0 1 0 0 0 0 1 0 1 1 1 0 1 1 1 1 1 0 1 0 0 0 1 0 1 1 0 1 1 0 1 0 
1 0 0 0 0 0 1 1 1 0 1 1 0 1 0 0 0 0 1 0 0 1 1 1 1 1 0 1 0 1 0 0 1 1 1 0 1 0 0 1 0 0 0 1 1 0 1 0 1 1 1 1 0 1 1 0 1 0 0 0 0 1 0 0 0 1 1 0 1 0 1 0 1 0 1 1 1 0 1 0 1 0 0 0 1 0 1 0 1 0 1 0 1 1 0 0 1 1 0 1 1 0 0 0 0 1 1 1 1 1 1 0 1 1 1 1 1 1 0 0 1 0 1 1 0 0 0 0 0 0 0 1 0 0 1 0 1 1 0 0 1 0 1 1 0 0 0 1 0 0 1 0 1 1 1 1 0 1 1 0 0 0 0 1 0 0 0 1 0 1 1 0 1 0 1 0 0 1 0 1 1 1 1 0 
0 1 1 1 0 0 0 1 1 1 1 0 1 0 1 1 0 1 1 0 1 1 0 0 0 1 1 1 0 1 0 0 1 1 1 0 0 1 1 0 0 0 1 1 1 1 0 1 1 1 0 1 0 0 1 1 0 0 1 0 0 0 1 1 0 0 1 1 0 0 0 0 1 0 1 0 0 0 0 1 1 1 0 0 1 1 1 0 1 0 0 1 0 0 1 1 1 1 1 0 0 0 1 0 1 0 0 0 0 0 0 1 0 1 1 1 0 0 1 1 1 1 1 1 0 0 1 0 1 0 0 1 0 0 1 0 0 1 0 1 1 0 0 1 0 1 0 1 0 0 1 1 1 1 0 1 1 0 1 0 1 0 1 0 1 0 0 1 0 0 0 1 1 0 0 0 0 0 1 1 0 0 1 0 
1 0 1 1 1 1 0 0 1 0 0 0 0 1 1 0 0 1 0 0 1 0 0 1 0 1 1 1 0 0 1 0 0 0 1 0 1 1 0 0 0 0 1 1 0 1 0 0 1 0 0 1 0 1 0 1 0 1 0 1 0 1 1 1 1 0 1 0 0 1 1 1 0 0 0 0 0 1 0 1 1 0 0 1 0 0 1 0 0 0 0 1 0 1 0 1 0 0 1 0 1 0 0 0 1 1 1 0 1 1 0 1 1 0 0 1 0 0 1 0 1 0 1 1 1 1 1 1 1 0 0 0 1 0 0 1 1 1 0 0 0 1 0 1 0 1 0 0 0 0 0 1 1 1 1 1 1 0 0 0 1 0 0 1 0 1 0 1 0 1 1 1 0 0 1 1 1 1 0 1 1 1 0 0 
0 0 0 1 1 0 1 1 0 0 1 1 0 0 0 0 1 0 1 0 1 0 1 0 0 0 1 1 0 1 1 1 1 0 0 1 0 1 1 1 1 0 1 0 0 0 0 1 0 0 0 1 1 1 0 0 0 1 1 1 0 1 1 1 0 0 0 0 1 0 0 0 1 0 0 1 0 1 1 0 1 0 0 0 0 0 1 0 0 0 0 1 0 0 1 1 0 0 0 1 1 0 1 1 1 1 1 0 0 1 1 1 1 0 0 0 1 1 1 0 1 0 1 1 0 1 0 1 0 0 0 1 0 0 1 1 0 1 0 0 0 0 1 0 0 0 1 0 0 1 0 1 0 1 0 1 0 0 0 1 1 0 1 1 1 1 1 0 1 0 1 1 1 1 0 0 1 1 1 0 1 1 1 1 
0 1 1 1 1 1 0 1 1 0 0 0 0 0 1 1 1 0 0 0 0 0 0 0 1 0 1 1 1 0 0 1 1 1 1 0 0 1 0 1 0 0 0 0 1 1 0 0 1 0 1 0 1 1 1 0 1 1 1 0 1 1 0 1 0 0 0 0 1 0 1 1 1 1 1 0 0 1 0 0 0 0 0 1 0 0 0 1 1 0 1 0 1 1 1 0 0 1 0 1 1 1 1 1 0 0 0 0 0 1 0 1 1 1 0 0 1 1 0 1 1 1 1 1 0 0 0 0 1 0 0 0 0 1 0 0 1 0 1 0 0 1 1 0 0 0 0 0 0 0 0 1 1 1 0 0 1 1 1 0 1 1 1 0 0 0 1 1 0 1 0 0 0 0 0 0 0 1 0 1 0 1 1 1 
0 1 1 1 1 1 1 1 0 1 0 0 0 0 0 1 0 1 1 1 1 1 1 1 1 0 0 1 1 1 1 1 0 0 1 0 0 0 1 1 0 1 1 0 0 0 0 0 1 0 1 1 0 1 1 1 0 0 1 1 0 0 1 1 0 1 0 0 0 1 0 0 1 0 1 1 0 1 0 0 1 0 0 1 0 1 1 1 1 1 0 0 1 0 1 0 1 0 0 0 0 0 1 1 1 1 1 0 1 0 1 1 0 0 1 1 0 1 1 0 1 0 0 1 1 0 0 0 1 1 0 0 0 0 1 0 1 1 0 0 0 1 0 0 0 1 0 1 1 1 1 1 1 1 1 0 0 0 1 0 0 0 0 0 1 0 0 0 1 0 0 1 0 1 1 0 0 1 1 1 1 1 1 0 
0 0 0 1 1 0 0 1 0 0 1 1 1 1 1 0 1 0 1 0 1 0 1 1 1 0 0 1 0 1 1 0 1 0 0 0 0 0 1 1 0 0 0 1 1 1 1 1 1 1 1 1 1 0 0 0 0 0 0 0 0 1 1 0 0 0 1 1 0 1 1 1 0 0 0 0 0 1 1 1 1 0 1 1 0 0 0 1 0 1 0 0 1 0 1 1 1 0 0 0 1 0 0 0 1 0 1 1 0 1 1 1 0 0 1 1 1 0 1 1 0 0 0 0 1 0 0 1 0 0 0 0 1 0 1 1 1 1 0 1 0 1 1 0 1 1 0 0 0 0 0 0 0 1 1 0 1 0 0 0 0 1 1 1 1 1 1 1 1 1 0 1 1 0 0 0 0 0 1 0 1 0 1 0 
0 0 0 0 0 1 0 0 1 0 1 0 1 1 1 0 1 0 1 0 1 0 1 0 0 1 0 0 0 0 1 1 1 1 1 0 0 0 0 0 1 1 1 1 1 0 1 1 1 0 1 0 1 1 0 1 1 1 1 1 0 0 0 0 0 1 0 1 0 1 0 0 1 1 0 1 1 0 1 1 0 0 0 1 1 0 0 0 1 1 1 0 0 0 1 1 0 1 1 0 0 0 1 1 1 0 1 0 0 0 1 0 1 1 1 0 1 1 0 1 0 1 0 1 1 1 0 0 1 1 0 0 0 0 1 0 1 0 0 0 1 1 0 0 0 0 0 0 0 1 0 1 0 1 0 1 0 0 1 1 1 1 0 0 0 1 1 1 1 0 0 0 1 1 0 0 1 0 0 0 1 1 0 1 
1 0 0 0 1 1 1 0 1 1 0 1 0 1 0 1 1 0 1 1 1 0 0 1 0 0 1 0 1 0 1 1 1 1 0 1 0 1 1 1 1 1 1 1 1 0 0 1 0 0 1 0 0 1 0 0 0 1 0 0 0 1 1 1 1 0 1 0 1 0 1 1 0 0 0 0 1 1 0 1 0 1 1 1 1 1 0 1 0 0 0 1 0 0 0 0 1 1 0 0 1 0 1 0 0 1 1 1 0 0 1 0 1 0 0 1 0 1 1 0 1 0 0 1 1 0 1 1 0 1 0 0 1 1 0 0 0 0 0 1 1 0 0 1 0 0 1 0 0 0 1 0 1 0 1 1 1 0 0 0 0 0 0 1 0 0 1 1 0 0 1 0 1 1 0 0 1 0 0 0 1 1 0 0 
1 0 1 0 1 0 1 0 0 1 1 0 0 1 1 1 0 0 1 0 0 1 1 1 1 0 0 0 0 1 1 0 1 1 0 0 0 1 0 0 1 0 1 1 1 1 1 1 0 1 0 1 0 0 1 0 0 1 0 1 1 0 1 1 1 1 0 0 0 1 1 0 0 0 0 1 0 0 0 1 1 0 1 0 1 1 0 0 1 1 1 1 0 1 0 1 1 0 0 0 1 0 1 1 1 0 0 1 0 1 0 1 1 1 1 1 1 0 0 1 0 0 0 1 1 1 1 0 0 1 0 1 1 0 0 0 0 0 0 1 0 0 1 0 0 0 1 1 0 1 0 1 1 0 1 1 0 1 1 0 1 1 1 0 1 1 0 1 1 0 1 1 1 1 1 0 1 1 1 1 1 1 0 0 
0 1 1 1 1 1 0 0 0 0 0 1 0 1 0 1 1 1 0 0 1 0 0 0 1 0 0 1 1 1 1 0 1 1 0 1 0 1 0 1 1 1 0 1 1 1 1 1 0 1 1 1 1 1 0 1 0 0 0 0 0 0 1 0 1 1 0 0 0 1 1 0 0 0 1 0 0 0 1 1 1 0 1 1 1 0 1 0 0 0 0 1 0 1 0 0 0 0 0 1 0 1 1 0 1 1 1 1 1 0 1 0 1 0 0 1 0 0 1 0 0 0 0 0 1 0 0 0 1 1 1 0 0 1 1 0 1 1 0 1 1 0 0 0 0 1 1 1 0 1 0 1 1 0 0 0 1 0 0 1 1 1 1 1 1 1 0 0 1 1 1 0 1 1 0 0 1 1 0 0 0 0 1 0 
0 0 0 0 1 1 0 1 0 1 0 0 0 1 1 0 1 0 1 1 1 1 0 0 1 1 1 0 0 0 0 0 1 0 0 0 1 1 1 1 1 0 1 0 0 1 0 0 0 0 0 0 1 0 0 1 0 1 1 0 0 1 1 1 1 1 1 0 1 1 0 0 1 0 0 0 0 0 0 1 1 0 0 0 0 1 1 0 1 0 0 0 0 1 1 1 0 1 0 1 1 1 1 0 1 0 0 0 1 0 1 1 1 1 1 1 0 0 0 0 0 0 0 1 1 0 0 1 0 1 0 1 1 1 1 1 0 1 1 0 1 0 0 1 1 1 0 1 0 0 0 1 1 1 1 1 1 1 1 0 1 1 0 0 1 1 0 0 0 0 0 1 0 1 1 0 1 1 0 0 0 0 0 1 
0 1 1 0 0 1 0 0 0 1 1 0 1 1 0 0 1 0 1 1 1 0 1 1 0 1 1 1 1 0 0 1 1 0 1 1 1 1 1 1 1 1 1 1 0 1 1 0 1 0 1 1 0 1 0 0 0 0 1 1 0 0 1 1 1 0 0 0 0 0 0 1 1 1 1 0 0 1 1 1 0 1 0 0 1 0 0 1 0 0 1 1 0 1 1 0 0 1 0 0 1 1 1 0 1 0 0 0 1 1 1 1 1 1 1 1 1 0 1 1 1 0 1 0 0 1 0 1 0 0 1 0 0 1 0 0 0 0 1 0 0 1 0 1 0 0 1 0 0 1 1 1 1 0 0 0 0 1 0 1 0 1 0 0 0 1 1 1 0 1 1 1 1 1 0 1 0 1 1 1 0 0 0 0 
0 1 1 0 1 1 0 1 0 1 0 0 1 0 1 1 0 1 1 1 1 1 0 1 1 1 0 0 1 0 1 1 0 0 1 1 0 0 1 0 0 0 0 0 0 0 0 1 0 0 1 0 1 0 0 1 1 1 1 0 0 1 1 0 0 0 1 0 1 0 1 1 1 1 1 1 0 1 1 0 1 1 1 0 1 1 1 1 1 1 0 1 1 1 0 1 1 1 0 1 0 1 0 1 1 0 0 1 0 0 0 0 0 1 0 0 1 1 1 1 1 1 1 0 0 0 1 0 0 1 1 0 0 1 0 1 0 0 0 1 0 0 0 1 1 1 1 0 1 0 1 1 1 0 0 0 0 1 1 1 1 1 0 1 1 1 1 0 0 1 1 1 0 1 1 1 0 0 1 0 0 1 0 1 
0 0 0 0 0 0 0 1 0 1 0 1 1 0 0 0 1 1 0 0 0 0 0 0 0 0 1 0 1 1 1 0 0 0 0 1 1 1 1 0 0 1 0 1 1 1 1 0 0 0 1 1 1 1 0 0 1 0 1 0 0 0 0 1 1 1 1 1 1 0 0 0 0 1 0 0 0 0 0 1 0 1 0 0 0 1 1 0 1 1 0 1 1 0 0 0 1 1 0 1 1 0 0 0 0 0 0 0 0 1 1 0 0 1 1 0 0 0 1 0 1 0 0 1 0 0 0 1 1 0 0 0 0 1 1 0 1 1 1 1 0 1 0 1 1 0 0 1 0 1 1 0 0 0 0 0 0 0 0 1 0 0 0 1 1 0 0 0 0 1 1 1 1 1 0 1 1 0 1 0 0 1 0 0 
0 1 0 1 0 1 1 1 1 0 1 1 0 1 0 0 0 0 1 1 1 1 1 0 1 1 0 0 0 0 0 0 0 1 1 1 1 1 0 1 1 1 1 1 0 1 1 0 0 0 0 1 0 0 0 0 1 0 0 1 0 0 1 1 1 0 0 1 1 1 0 1 1 0 0 1 1 1 1 1 1 0 1 1 1 1 0 0 1 1 0 1 0 1 1 1 0 0 0 1 1 0 1 1 1 1 1 0 1 0 0 0 1 1 0 0 0 0 0 1 1 0 0 0 1 0 0 1 1 0 1 0 1 1 1 0 0 1 0 0 1 0 0 1 0 0 1 0 0 0 0 1 0 0 1 0 0 0 1 0 1 0 0 1 1 1 1 1 1 1 1 0 0 1 0 1 0 1 0 0 0 0 0 1 
0 0 1 1 1 1 0 0 1 1 0 1 0 0 1 0 0 1 1 1 0 0 1 1 0 0 1 1 1 1 0 1 1 0 1 1 0 1 0 0 1 0 1 0 0 1 0 0 0 0 0 0 1 0 1 0 1 1 1 1 1 1 1 0 1 1 0 1 0 1 1 1 1 1 0 1 1 0 0 1 0 0 1 1 1 0 1 1 0 0 0 0 1 0 0 1 0 1 0 0 0 0 0 0 1 0 1 1 1 0 0 0 0 1 1 0 0 1 0 1 0 0 1 1 0 1 1 0 1 0 0 0 0 1 1 1 0 1 0 1 1 0 1 0 0 0 1 1 1 0 1 1 0 0 0 1 1 0 0 1 1 1 1 0 1 1 0 1 1 0 1 0 0 0 0 0 0 1 0 1 1 1 0 1 
1 0 1 0 0 1 0 0 1 0 0 0 1 0 1 1 0 1 1 0 1 1 0 1 0 0 0 1 1 0 1 1 1 0 1 0 0 1 1 1 1 1 1 1 1 0 1 0 1 1 1 0 0 0 1 0 1 1 1 0 1 1 1 0 0 1 1 1 0 1 1 1 0 0 0 0 1 0 1 1 1 1 1 1 1 1 0 0 1 0 0 0 0 0 0 0 0 0 0 1 0 0 1 1 1 0 1 1 1 0 0 0 1 1 0 1 1 0 1 0 0 1 0 0 0 1 1 1 0 0 1 0 1 0 0 0 0 1 0 0 1 0 1 1 1 1 0 1 0 1 1 1 1 0 1 0 1 0 1 0 0 1 1 0 1 0 1 0 0 0 1 1 1 1 1 0 1 1 1 0 0 1 0 0 
1 0 1 1 0 0 1 0 0 0 0 0 0 1 1 0 0 1 0 1 0 1 0 0 0 1 1 0 0 0 0 1 0 1 0 0 0 0 0 0 0 1 0 1 0 0 0 0 1 1 1 1 1 1 0 1 1 1 0 0 1 1 1 1 1 1 1 1 1 1 1 1 1 1 1 0 1 0 0 0 1 0 1 1 0 0 0 0 0 1 1 1 0 0 1 0 0 0 0 0 0 0 1 1 1 1 1 0 0 0 1 0 0 0 0 0 1 0 1 1 1 1 1 0 1 0 0 0 0 0 0 0 1 0 0 0 0 0 1 0 0 0 0 0 1 1 0 0 1 0 0 0 0 0 0 0 1 0 1 0 0 1 1 0 0 1 0 0 1 0 0 1 0 0 0 0 1 0 1 0 0 1 0 0 
0 1 1 1 0 0 1 1 1 1 1 1 1 1 1 0 0 1 1 1 1 1 1 1 0 0 1 0 0 1 0 0 0 0 1 1 0 1 1 1 0 1 0 1 1 1 1 0 1 0 0 1 0 0 0 1 1 0 0 0 0 1 1 0 1 1 1 1 0 1 0 0 1 1 1 1 1 1 1 0 1 1 1 0 0 0 0 1 1 1 1 1 1 1 1 1 1 0 0 0 0 0 1 0 1 1 1 0 0 1 1 0 0 0 0 0 0 0 0 0 0 1 0 1 1 0 1 0 1 0 0 1 0 1 0 0 1 1 0 1 0 0 1 1 1 1 0 0 1 0 0 0 1 1 0 1 1 1 1 1 1 1 1 0 0 0 1 0 1 0 1 0 0 1 0 1 1 0 0 1 0 1 0 0 
0 1 1 0 0 1 1 1 1 1 1 0 1 1 1 1 0 1 0 1 0 0 0 1 0 0 0 0 0 1 1 0 1 1 0 0 0 0 1 1 1 0 0 0 1 1 0 1 1 0 0 1 0 1 0 1 0 1 1 1 0 0 1 1 1 1 1 1 1 1 1 1 1 1 0 1 1 1 0 1 1 0 1 1 1 0 1 0 0 0 1 0 1 0 0 0 0 1 0 0 0 1 0 1 0 1 1 1 1 1 1 1 1 0 1 0 0 0 0 0 1 0 1 0 0 0 0 0 0 0 1 0 1 1 0 0 0 0 0 0 0 1 1 1 1 1 0 0 1 1 1 1 0 0 0 1 1 1 0 0 0 1 1 1 1 1 1 0 1 1 1 0 0 0 1 0 0 1 0 1 1 1 1 0 
0 1 1 1 1 1 0 0 1 1 1 1 0 1 0 0 1 0 0 1 1 0 1 0 0 1 0 1 1 0 1 0 0 1 0 1 1 1 0 0 1 0 1 1 1 1 1 1 1 0 1 0 0 1 1 0 1 1 0 0 0 1 0 1 0 0 0 0 0 0 1 1 1 0 1 1 1 0 0 1 0 1 0 0 1 0 0 0 1 1 0 0 1 1 1 1 1 0 1 0 1 1 1 0 0 0 1 1 1 1 1 0 0 1 0 0 0 1 0 1 1 0 1 0 0 0 1 0 1 1 0 1 0 0 1 0 0 0 1 0 1 0 0 1 0 1 0 0 0 1 1 1 1 0 0 1 0 0 1 0 0 1 0 1 1 0 1 0 1 0 1 1 0 0 0 1 0 1 0 0 1 1 0 1 
0 0 0 1 0 1 0 0 0 0 0 1 1 1 0 0 0 0 1 0 0 1 0 1 1 1 0 1 0 1 1 1 0 1 1 1 1 0 1 1 0 1 1 1 1 0 1 1 0 0 1 0 1 0 1 1 0 0 0 1 1 0 0 1 1 1 1 1 1 0 1 1 0 0 0 1 0 0 0 0 0 0 0 0 0 0 1 1 0 0 1 0 1 1 0 1 1 0 1 0 1 0 1 1 0 0 0 0 1 0 0 0 0 0 0 1 0 0 0 1 0 1 1 1 1 1 1 1 0 0 1 1 0 0 0 1 1 1 0 0 1 1 0 0 0 1 1 0 1 1 1 0 0 0 1 1 1 0 0 0 1 1 1 1 1 1 0 1 1 1 1 1 1 1 0 1 1 0 0 1 1 0 0 1 
0 0 0 1 0 1 0 1 1 0 0 1 0 1 1 1 1 0 0 1 1 0 0 0 0 1 1 0 0 1 1 0 0 1 1 0 0 1 0 1 1 1 0 1 1 1 0 1 1 0 0 0 1 0 0 0 1 1 1 1 1 0 1 1 0 1 0 0 0 0 1 0 1 0 0 1 0 0 1 0 0 1 0 0 0 1 1 1 1 0 0 0 0 1 0 0 0 1 0 0 0 0 1 1 0 0 0 0 1 1 0 1 1 0 1 0 1 1 1 0 0 1 1 0 0 1 1 1 0 0 0 0 1 0 0 1 1 0 0 0 0 1 0 0 1 0 1 1 1 0 1 0 0 0 1 0 1 0 0 0 0 1 0 1 1 1 1 1 0 1 0 0 0 0 1 0 0 0 0 0 0 1 1 1 
1 1 0 0 0 1 0 0 1 1 0 1 1 0 0 1 1 1 0 0 1 1 0 1 1 1 1 1 1 0 0 0 0 0 1 0 0 1 1 1 1 1 0 0 0 0 1 0 0 1 1 1 0 1 0 1 0 1 1 0 1 0 0 0 1 0 1 0 1 0 1 0 1 1 1 1 0 0 1 1 1 1 1 1 0 0 1 1 0 0 1 1 1 0 1 0 0 1 1 0 0 0 0 0 0 0 1 0 1 0 1 0 0 1 1 0 0 1 0 0 0 0 1 0 1 0 0 1 0 0 0 0 0 1 1 0 1 1 1 1 0 1 0 0 0 0 1 1 1 0 0 1 1 0 0 1 1 0 1 0 0 1 0 0 0 0 0 0 1 0 0 1 0 1 1 1 0 1 0 1 1 1 0 0 
0 0 1 0 0 1 0 1 1 1 1 0 1 0 0 1 1 0 1 1 1 0 1 1 0 0 0 1 0 0 0 0 1 0 0 0 1 1 1 0 1 1 0 1 1 1 0 0 1 0 0 0 0 1 1 1 1 0 0 1 0 1 0 0 0 1 0 1 0 0 1 1 1 0 0 0 0 1 0 0 1 0 0 0 0 0 1 0 1 1 1 1 0 1 0 0 0 1 1 1 0 1 1 0 0 0 0 0 1 1 0 1 0 1 0 1 1 1 1 0 0 1 0 0 0 1 0 0 0 0 1 0 0 1 1 1 0 0 1 0 1 0 0 0 1 0 1 1 0 1 0 0 1 0 1 1 0 1 0 1 1 0 0 0 1 1 1 1 1 0 1 1 0 1 1 0 0 0 0 1 1 1 0 0 
0 0 0 0 0 1 1 1 1 0 0 1 0 1 1 1 0 1 0 0 0 0 1 0 1 0 1 0 0 0 0 1 1 0 1 1 0 0 1 0 1 1 1 0 0 1 0 1 1 0 1 1 0 1 0 0 1 1 0 0 0 1 0 1 1 0 1 0 0 0 1 1 0 1 1 1 1 1 0 0 1 0 0 0 0 0 0 1 1 0 0 1 0 1 1 1 1 1 0 0 1 1 0 1 1 1 0 1 1 1 0 1 1 1 1 0 1 1 0 0 0 1 1 0 0 1 1 1 1 0 1 0 0 1 0 1 0 0 1 1 1 1 0 0 1 1 1 0 0 1 0 0 0 0 0 0 0 0 0 0 0 1 1 0 0 1 1 0 1 1 1 1 0 0 0 1 0 1 1 0 1 1 0 1 
1 1 0 1 0 0 1 1 0 0 1 0 0 1 0 1 1 1 1 1 1 0 1 0 1 0 1 0 0 1 1 0 0 0 0 1 0 0 0 0 0 1 1 1 0 0 0 0 1 1 0 0 0 0 0 0 1 0 0 0 0 0 0 0 0 1 1 0 0 0 1 1 1 1 0 1 1 1 0 1 0 1 1 1 1 0 0 1 0 1 0 0 0 1 1 1 0 1 0 1 0 1 1 1 0 0 1 0 1 0 0 0 0 0 0 1 0 0 0 0 0 0 1 1 0 1 0 0 0 1 0 0 1 0 0 1 1 1 0 0 1 0 1 1 0 1 1 1 0 1 1 1 1 1 0 1 1 1 0 1 1 1 0 1 1 1 1 0 0 0 0 0 0 1 1 0 0 0 1 0 1 0 1 0 
0 0 1 0 0 0 1 0 0 1 0 1 0 1 0 0 0 1 1 1 0 0 1 1 0 1 0 0 0 1 0 0 1 1 0 1 0 1 1 1 0 0 1 0 0 1 1 1 0 1 0 0 0 1 1 0 0 1 1 0 1 1 0 1 1 1 1 1 0 0 0 0 0 0 0 1 1 0 0 1 1 0 0 1 0 0 1 1 0 1 0 0 0 1 0 1 0 0 0 1 1 1 0 1 0 0 0 1 1 0 0 0 1 0 0 0 0 1 0 1 1 1 0 0 1 1 0 1 0 0 1 0 0 0 0 1 0 1 0 0 0 1 1 1 0 1 0 0 1 0 1 1 1 1 0 1 1 1 0 1 1 1 0 0 0 0 0 0 0 0 1 0 1 1 1 1 1 0 1 0 1 1 0 1 
1 1 0 0 1 1 0 0 0 0 1 1 1 0 1 1 1 0 1 0 0 1 0 1 0 0 0 0 0 0 0 0 0 0 1 1 1 0 1 0 1 1 0 1 0 0 0 0 1 1 1 0 0 1 1 0 0 0 0 1 1 0 0 1 0 0 1 0 0 1 0 0 1 1 0 1 0 0 1 1 0 0 0 1 0 0 0 0 1 0 0 0 0 1 1 0 1 1 0 0 1 1 0 1 1 0 1 1 1 0 0 1 1 0 0 0 0 0 1 1 0 1 1 0 0 0 1 1 1 0 0 0 1 1 0 0 1 1 1 0 0 1 1 1 0 0 1 0 0 1 1 0 1 1 1 0 1 1 1 1 1 1 1 1 0 1 0 1 1 0 0 1 0 1 1 0 0 0 1 0 0 0 0 0 
1 0 0 1 1 0 1 0 0 1 0 0 0 1 1 0 0 0 1 1 1 1 1 0 1 1 0 1 1 1 0 1 0 1 0 1 1 0 1 0 1 1 0 0 1 1 1 0 1 0 0 0 0 1 1 0 1 1 1 0 0 1 1 1 1 1 1 0 0 1 0 1 0 1 0 1 1 0 1 1 1 1 1 0 0 0 0 1 0 1 0 0 0 1 0 0 0 0 0 0 1 1 1 0 0 0 1 0 0 1 1 0 0 1 0 1 1 1 1 0 0 0 0 1 0 1 0 0 0 0 0 1 0 1 1 1 0 1 0 1 1 0 1 0 1 0 0 0 0 1 0 0 0 1 0 0 1 1 1 1 0 0 1 1 1 1 1 0 0 1 0 0 0 1 0 0 0 1 0 0 0 0 1 1 
0 1 0 0 0 1 0 0 0 0 1 0 0 1 0 1 1 0 0 1 1 0 0 0 1 0 1 1 0 1 0 0 0 1 1 1 0 0 1 0 1 1 1 1 1 1 1 1 0 0 0 0 1 0 0 0 0 0 0 1 1 0 1 1 0 0 0 1 1 0 1 0 0 0 0 0 0 1 0 0 1 0 1 0 1 1 1 0 0 0 1 0 1 1 0 1 1 0 0 1 0 0 0 0 0 0 1 0 0 1 1 1 0 0 1 1 0 1 0 0 1 0 0 0 0 0 0 1 1 0 1 1 0 0 0 0 0 0 1 1 1 1 0 1 1 0 1 0 0 0 0 1 1 1 0 0 0 0 1 0 0 1 1 1 0 0 0 0 0 1 1 1 0 0 0 1 0 0 0 0 0 0 0 0 
1 1 0 0 1 0 1 0 1 0 1 0 1 1 0 0 1 0 1 1 1 1 0 0 0 1 0 0 0 0 1 1 0 1 1 1 0 0 1 0 0 0 1 1 1 0 0 1 0 1 0 1 0 0 1 0 1 1 0 0 1 0 0 0 1 0 0 0 0 1 1 0 0 0 1 1 0 0 1 0 1 0 0 1 0 0 0 0 1 0 1 0 0 0 0 0 1 1 0 1 0 1 1 1 1 1 0 1 0 0 0 1 1 1 0 0 0 0 0 1 0 0 1 1 1 1 1 0 1 0 1 1 1 0 0 0 0 0 1 1 1 0 1 0 1 1 0 1 0 0 0 1 0 0 1 0 1 1 1 1 0 0 1 0 1 0 1 1 1 0 0 1 0 1 0 0 0 1 1 1 1 1 1 0 
0 1 0 0 1 1 1 1 1 0 1 0 1 1 0 1 1 0 1 0 1 1 0 0 0 0 0 1 1 0 0 0 1 0 0 0 1 1 0 0 1 1 1 0 0 1 0 0 1 1 1 0 1 1 1 0 1 1 1 0 1 1 0 0 1 1 1 0 0 1 0 0 1 0 0 0 0 1 0 0 1 1 0 1 0 0 1 0 1 1 1 0 0 0 1 1 1 1 0 0 1 1 0 1 1 0 1 0 1 0 1 0 0 0 0 0 0 1 0 0 0 0 1 0 1 1 0 0 1 1 1 1 0 0 1 0 1 1 0 0 0 1 1 1 0 1 0 1 1 0 1 1 0 1 1 0 1 1 1 0 1 0 1 1 1 1 1 1 1 0 0 1 1 0 0 1 0 1 1 0 0 1 0 1 
0 1 0 1 0 0 0 1 1 0 1 0 0 0 1 0 1 0 1 0 0 1 0 0 1 0 0 0 1 1 0 1 1 1 0 0 1 1 0 1 0 0 1 0 0 1 0 0 1 0 1 1 1 0 0 1 0 0 0 0 1 1 0 1 1 0 1 1 0 0 0 1 0 1 0 1 0 1 1 0 1 1 1 1 1 1 1 0 1 1 1 1 0 1 1 0 1 0 1 0 0 0 1 0 0 0 0 1 0 0 0 0 1 1 0 0 1 1 0 0 0 1 1 0 1 0 0 0 1 1 1 1 1 1 0 0 0 1 1 1 0 0 0 1 1 0 1 0 1 0 0 0 0 1 0 0 1 0 1 0 0 0 0 0 0 1 0 1 0 1 1 0 0 0 0 0 0 0 1 0 1 0 0 1 
0 0 1 1 1 1 1 1 0 1 0 1 0 0 0 0 1 1 1 0 1 1 1 0 0 0 0 1 1 0 1 1 1 1 0 0 0 1 1 0 1 0 1 1 1 1 1 1 1 1 1 0 1 1 0 1 0 1 1 0 1 0 1 0 1 0 1 0 1 1 1 0 1 1 0 1 1 1 0 0 0 1 1 0 0 0 0 0 1 1 1 0 0 1 0 1 1 0 1 1 0 0 1 1 0 0 1 1 0 1 0 0 0 0 1 0 0 0 0 1 1 1 0 1 1 0 1 1 0 0 0 0 0 1 1 1 1 1 1 0 1 0 1 0 0 1 0 1 1 0 0 0 0 1 1 0 1 1 1 0 1 0 0 1 0 1 1 1 0 0 0 1 1 1 1 0 0 1 1 0 0 0 1 0 
0 1 0 1 0 1 1 1 1 1 0 1 0 0 0 1 0 1 0 0 0 0 1 1 1 0 1 1 0 1 0 1 0 0 1 0 0 1 1 1 1 1 1 0 1 0 0 0 0 1 1 1 0 0 0 0 0 0 0 1 1 1 1 1 0 1 1 0 1 1 0 1 1 1 1 1 0 1 1 1 1 0 1 0 0 1 0 0 0 1 0 1 1 1 1 1 1 0 0 0 0 0 1 1 1 0 1 0 1 1 0 1 1 0 0 0 1 0 0 0 1 1 1 0 0 1 0 1 1 0 0 0 0 0 1 1 1 0 1 0 0 0 0 1 1 0 1 0 1 0 0 1 1 1 1 0 1 1 0 1 1 1 0 1 1 0 0 1 1 1 0 1 0 0 0 1 1 1 0 1 1 0 1 1 
1 1 1 1 1 1 1 1 0 1 1 1 1 0 1 0 1 0 0 1 1 1 0 1 1 0 1 1 0 1 1 1 1 1 1 1 0 1 1 0 0 1 1 1 1 1 1 1 0 1 0 0 1 1 0 1 0 0 1 0 0 1 0 0 0 0 0 1 1 1 0 1 1 0 0 1 0 0 1 0 1 1 1 0 1 0 1 0 0 0 1 1 1 1 0 1 0 1 1 1 1 0 0 0 0 1 0 0 1 0 1 0 0 0 0 0 1 0 0 0 0 0 0 0 1 0 0 1 0 1 1 1 0 1 1 1 0 0 0 1 0 0 0 0 1 1 1 1 0 1 1 1 1 1 0 1 0 0 0 1 0 1 0 0 0 0 0 1 1 0 1 0 0 1 1 1 0 1 1 1 0 0 1 0 
0 1 1 1 0 0 0 0 1 0 0 1 1 1 1 0 0 0 0 1 1 1 0 0 0 1 1 0 0 1 0 0 0 0 0 1 1 0 0 0 1 1 1 1 1 0 1 1 0 1 0 0 0 0 0 1 0 0 1 1 0 1 1 0 0 1 1 0 1 1 1 0 0 1 0 0 1 1 0 0 0 1 1 0 0 1 1 0 0 0 1 0 1 1 0 1 1 1 0 0 0 1 0 0 1 0 0 0 1 1 0 0 0 0 1 0 1 0 1 0 1 1 0 1 0 1 0 0 1 0 0 1 1 1 0 0 1 1 1 0 1 1 0 0 0 0 0 0 1 0 1 1 0 1 0 0 0 1 1 1 1 0 0 1 0 1 1 0 0 1 1 1 1 0 1 1 0 0 1 1 1 1 1 0 
0 1 0 0 1 0 0 1 0 1 1 0 0 0 1 1 0 0 1 1 0 0 1 0 1 1 0 0 1 0 0 1 1 1 1 1 1 0 1 1 0 1 1 0 1 1 1 1 1 0 0 1 0 0 0 0 0 1 0 1 0 1 0 1 1 1 0 1 0 0 1 0 1 0 0 1 0 0 0 0 1 0 1 1 1 0 0 1 1 0 0 1 0 1 0 1 0 1 0 1 1 0 1 1 1 0 1 0 0 0 0 1 1 0 0 0 1 0 0 1 0 0 0 1 1 1 0 1 1 0 0 1 1 1 1 0 0 0 1 1 1 0 0 0 1 0 0 0 1 1 0 1 0 1 0 0 1 1 1 1 0 0 1 1 1 1 1 1 1 0 0 1 0 0 1 1 0 0 0 0 0 1 1 1 
0 0 1 0 1 1 0 1 0 1 1 1 0 1 0 1 0 0 0 0 1 1 1 0 1 0 1 1 1 1 0 1 1 1 0 0 0 1 0 1 1 1 0 1 0 1 1 1 1 0 1 0 0 0 1 0 1 0 1 0 1 1 1 0 1 1 0 1 0 1 0 1 0 0 1 1 0 1 1 1 1 0 1 1 0 0 1 0 0 1 1 1 1 1 0 0 0 0 0 0 0 1 1 1 1 0 0 1 1 0 1 0 1 1 1 1 1 0 1 0 1 1 1 1 1 0 1 1 1 0 0 1 1 0 0 1 0 0 1 1 0 0 1 1 1 0 0 1 1 1 1 0 1 1 1 1 0 1 0 0 0 0 1 1 1 0 1 0 1 0 0 1 0 0 1 1 0 0 0 1 0 0 0 1 
1 1 1 1 0 0 1 1 1 1 1 0 1 1 1 0 0 1 0 0 0 0 0 0 1 0 0 0 0 1 0 1 1 1 0 1 1 0 1 1 1 0 1 1 1 1 0 1 0 1 0 1 1 0 0 1 1 0 0 0 0 0 0 0 1 0 0 1 1 1 1 0 1 1 1 0 0 0 0 0 1 1 0 1 0 0 0 1 0 1 1 0 0 0 0 1 0 0 1 0 1 0 0 1 1 0 1 0 0 1 0 1 1 1 0 1 1 0 0 1 1 1 1 1 1 0 0 0 1 0 1 0 1 0 0 1 1 0 1 1 1 0 1 0 0 0 0 1 1 0 0 1 0 0 1 0 1 1 0 1 1 1 1 0 0 1 0 0 0 1 1 0 1 1 0 1 1 0 1 0 0 0 1 0 
1 1 1 1 0 1 0 0 0 0 1 1 0 0 0 0 1 1 0 1 1 1 0 0 1 1 0 1 0 1 1 1 1 0 0 1 0 0 1 1 0 1 1 0 1 1 1 0 1 0 1 0 0 0 0 0 0 1 0 0 1 0 0 0 1 1 0 0 1 1 0 1 0 0 1 1 0 0 0 0 0 1 0 1 0 1 1 0 1 0 1 1 1 1 0 0 1 0 0 1 0 1 0 0 1 0 1 0 0 0 1 1 1 1 1 1 1 1 1 0 0 0 1 0 0 0 0 0 0 0 1 0 0 0 0 0 0 0 1 1 1 1 1 0 1 1 1 1 1 1 1 1 0 0 1 1 0 0 1 0 1 1 1 1 1 1 0 1 0 0 0 1 0 1 1 0 1 1 1 0 0 1 0 0 
0 0 0 1 1 0 0 0 1 0 1 1 0 0 1 1 0 1 1 1 0 1 1 0 1 0 0 1 0 1 1 1 1 1 0 0 0 1 0 0 1 0 0 0 1 1 0 1 1 0 0 0 0 0 0 1 1 1 0 1 1 1 1 0 1 0 0 0 1 1 0 0 0 1 0 0 0 0 0 1 1 1 0 1 1 0 1 1 1 0 1 1 0 0 0 1 1 1 0 1 0 0 0 1 0 0 0 0 1 0 0 1 0 1 0 0 1 1 0 1 1 0 1 0 0 0 1 0 1 0 0 0 0 1 1 0 1 0 0 0 1 0 0 1 1 0 1 1 0 0 0 1 1 1 0 1 0 1 1 0 1 1 1 1 0 0 0 1 0 0 1 0 1 1 0 1 0 1 1 1 1 1 1 1 
1 0 0 1 0 1 0 0 0 0 0 0 1 0 0 0 0 0 1 1 0 0 0 0 1 1 1 1 0 0 1 1 1 1 1 0 1 0 1 1 1 0 0 1 1 1 0 0 1 0 1 1 0 0 0 0 0 0 0 1 0 1 0 1 1 1 1 0 1 0 0 0 0 1 1 1 0 0 0 1 1 1 0 1 1 0 0 1 1 1 0 0 0 1 1 0 1 0 1 0 1 1 0 1 0 0 0 1 1 1 0 1 1 1 1 0 0 0 1 1 1 0 1 0 0 0 0 1 0 0 1 1 1 1 0 1 1 0 1 1 0 0 0 0 0 0 0 0 1 0 0 1 0 1 1 0 0 1 1 1 0 0 0 0 0 1 1 1 1 0 1 1 0 1 1 1 1 1 0 1 0 0 0 1 
1 1 0 1 0 1 1 1 1 0 0 1 0 0 1 1 0 0 0 1 0 0 0 0 1 1 0 0 1 1 1 1 0 1 0 1 0 0 1 1 0 1 1 0 1 0 0 0 1 0 0 1 0 1 1 1 0 1 1 1 0 1 1 1 0 1 0 0 1 1 0 0 0 0 1 0 1 0 0 1 1 1 1 0 0 1 1 0 1 1 1 0 1 0 1 1 0 0 0 0 1 1 0 1 0 1 1 1 1 0 0 0 1 1 0 1 0 1 0 1 0 1 1 0 0 0 0 1 1 1 1 1 0 1 1 1 0 0 1 1 1 1 0 1 1 1 1 1 0 0 1 0 1 0 0 0 0 0 1 1 0 0 1 0 0 1 1 0 0 0 1 0 0 0 0 0 1 0 0 1 1 1 1 0 
1 0 1 0 0 1 0 0 0 0 1 1 0 0 1 0 1 0 0 0 0 0 0 1 1 0 0 1 0 0 1 0 1 0 1 0 1 0 0 1 0 0 1 1 0 1 1 0 0 0 0 0 1 0 1 1 0 0 0 1 0 0 0 0 1 0 1 0 0 0 1 0 0 1 0 1 0 1 1 0 1 0 1 1 0 0 0 0 1 0 0 1 0 1 0 1 1 0 0 0 0 1 1 0 1 0 0 0 0 1 0 1 0 0 0 1 0 0 0 0 1 0 1 1 1 0 0 0 0 0 1 1 0 0 0 0 1 0 1 1 1 1 0 1 1 0 1 1 0 1 1 1 1 0 1 1 0 0 0 1 1 0 1 0 0 0 1 1 0 0 1 0 0 1 0 0 1 0 1 1 0 1 1 1 
1 1 0 0 1 1 0 1 0 0 1 1 0 0 1 0 0 1 0 1 1 1 0 0 1 1 0 1 1 0 0 0 1 0 0 0 0 1 0 0 1 0 0 0 0 1 0 1 1 1 0 0 1 1 1 1 1 0 0 1 1 1 1 1 1 1 1 1 1 1 1 1 0 1 0 1 1 1 0 0 1 0 0 0 0 0 1 0 0 1 1 1 1 1 0 0 0 1 1 0 1 1 1 0 0 0 1 0 1 1 1 1 1 0 0 1 1 0 1 0 1 0 1 0 1 0 1 0 1 1 1 0 1 0 0 1 0 0 0 0 1 1 1 1 1 1 1 0 0 1 1 0 0 1 1 1 1 0 0 1 1 1 1 0 0 1 0 0 1 1 1 1 1 1 0 1 1 0 1 1 0 1 1 1 
1 0 0 0 1 1 0 1 0 1 0 1 0 1 0 0 1 0 0 0 0 0 0 0 1 1 1 0 1 1 1 1 1 0 0 1 0 1 1 1 1 1 1 0 0 0 0 1 0 1 1 1 1 1 0 1 1 0 1 1 1 0 0 0 0 0 0 0 0 1 0 1 1 0 0 1 1 0 1 1 0 1 1 0 1 0 1 0 1 1 0 0 0 0 1 1 1 0 1 1 0 1 1 1 1 1 1 0 1 0 0 0 0 0 1 0 0 0 1 0 0 1 0 1 1 1 0 1 0 0 1 0 0 0 0 0 1 0 1 1 1 1 0 1 0 0 0 1 1 1 1 0 1 0 0 1 1 1 1 0 1 1 0 1 1 1 0 0 1 1 1 1 0 1 0 1 1 0 0 0 0 1 0 1 
0 0 0 0 0 1 0 0 1 0 1 1 1 1 0 1 1 1 0 0 0 1 0 0 0 0 1 1 0 0 1 1 1 0 1 0 1 1 1 0 0 0 0 0 0 0 1 1 0 0 0 1 1 0 1 1 1 0 0 0 1 1 1 1 0 1 1 1 0 0 1 1 1 1 1 1 1 0 0 1 0 1 0 1 1 0 0 1 1 0 1 0 0 1 0 1 0 0 1 0 0 1 1 0 1 0 0 0 1 0 1 0 1 1 1 1 0 0 1 0 1 1 1 0 1 0 1 1 0 0 1 0 0 1 0 0 1 0 1 1 1 0 0 0 1 0 1 1 0 1 0 0 1 1 1 0 0 1 1 1 0 1 0 0 1 0 1 1 0 0 1 1 1 0 1 1 0 0 0 1 1 0 0 0 
0 0 0 1 0 0 0 1 1 0 0 0 1 1 0 1 1 1 1 1 0 0 1 0 1 0 0 1 0 1 0 1 0 0 1 1 1 0 1 0 0 0 1 1 0 0 0 0 0 0 1 1 0 1 0 1 1 0 0 1 0 0 0 1 1 1 1 0 1 0 1 0 1 1 0 0 1 1 0 0 0 1 0 0 0 0 1 1 1 0 0 1 0 0 0 1 0 1 0 0 1 1 1 0 1 1 1 1 1 1 1 0 0 0 0 1 0 1 1 0 1 1 1 1 1 0 0 1 1 1 1 1 1 1 1 1 0 1 1 1 1 0 1 0 0 0 0 1 1 0 0 0 1 1 1 0 0 0 1 1 1 0 0 0 0 1 1 1 1 0 1 1 1 1 0 0 1 1 1 0 0 1 0 0 
0 1 0 0 1 0 1 0 0 1 1 0 0 0 0 1 0 0 0 1 1 1 0 0 1 0 0 0 0 1 0 0 0 0 0 1 0 1 0 1 0 0 0 1 0 1 1 0 0 1 0 0 1 1 1 1 1 1 0 1 0 0 0 1 1 0 0 0 0 0 0 1 1 1 1 0 1 1 1 0 0 1 1 0 0 1 1 0 1 1 1 0 0 0 0 0 0 0 0 1 0 1 0 0 0 0 0 0 0 0 1 0 1 0 1 1 0 1 0 0 1 1 0 0 0 0 0 1 1 1 1 1 0 1 0 0 0 1 0 0 1 1 1 1 1 0 0 0 0 0 1 1 1 1 1 0 1 1 1 0 0 0 0 1 1 1 0 1 1 1 0 1 1 1 1 1 1 1 0 1 1 0 0 0 
1 0 0 0 1 0 0 0 1 0 1 0 0 1 0 1 1 1 1 1 0 1 0 1 1 1 1 1 0 0 1 0 1 0 1 0 1 0 0 0 0 1 1 0 0 0 1 1 1 1 1 0 0 1 1 0 0 1 0 1 0 1 0 1 0 0 0 0 1 0 0 1 0 1 1 1 0 0 1 1 1 1 0 1 0 0 1 1 0 1 0 0 1 1 1 0 0 1 1 0 0 0 0 1 0 1 1 1 1 0 0 1 0 1 1 0 0 1 0 1 0 1 0 0 1 1 1 0 0 0 0 1 1 1 1 0 0 0 1 0 1 1 1 0 1 0 1 1 0 1 1 1 0 1 1 0 0 0 0 1 0 0 1 0 0 0 0 1 0 0 0 0 0 1 0 1 1 0 1 1 0 0 1 1 
0 0 0 1 1 0 1 0 1 0 0 1 1 1 1 0 1 1 1 0 1 1 1 1 1 0 0 1 0 0 0 1 0 0 0 0 0 1 1 0 0 0 0 1 0 1 0 0 1 1 1 0 1 0 0 0 0 1 0 1 0 1 1 0 0 1 0 1 0 1 1 0 0 0 1 0 1 0 0 1 1 1 0 1 1 0 1 1 0 1 0 1 0 0 1 1 0 0 0 0 1 1 0 0 0 0 0 1 1 0 1 0 1 0 1 0 1 1 0 0 1 1 1 0 1 1 1 1 1 0 0 1 1 1 1 0 1 0 1 0 0 1 0 1 1 0 0 1 0 0 1 1 0 1 0 0 0 0 0 1 1 0 1 0 0 1 0 1 0 0 0 0 0 1 0 1 0 0 0 0 1 1 1 0 
0 0 0 0 0 1 0 0 0 1 1 1 0 1 0 0 1 1 0 1 1 0 1 1 0 0 1 1 1 1 1 1 1 0 0 0 1 0 0 1 0 0 1 1 1 0 1 0 1 0 1 0 1 1 1 0 1 0 0 1 1 1 1 1 1 1 0 1 1 1 1 1 0 1 0 0 1 0 1 0 1 1 1 1 1 1 1 0 1 1 0 1 1 1 0 0 0 1 1 1 1 0 1 1 0 1 1 0 1 1 1 0 0 1 1 0 0 1 1 0 1 1 1 1 1 0 1 1 0 1 0 1 0 1 1 0 1 1 1 0 1 1 0 0 1 1 1 0 0 1 1 0 1 1 0 1 1 0 1 1 0 1 1 0 1 0 0 0 1 0 1 0 0 0 1 0 1 0 0 1 0 1 0 1 
1 0 0 0 1 1 0 1 0 1 1 0 1 0 1 0 0 0 1 0 0 0 0 0 0 0 0 0 1 1 0 0 0 0 1 1 0 1 1 1 0 1 1 0 0 1 0 1 0 1 0 0 0 1 0 1 0 1 0 0 0 1 1 0 1 0 1 1 1 1 1 1 0 0 0 1 0 1 0 0 1 0 1 1 1 0 1 0 0 1 0 1 0 0 1 0 0 1 1 1 1 0 1 1 1 1 1 0 1 0 1 0 0 0 1 1 0 1 1 1 0 0 0 1 1 0 1 0 1 0 1 1 1 0 1 0 1 1 1 0 0 1 0 1 1 0 1 0 0 1 1 1 0 0 0 1 1 1 0 0 1 1 0 0 0 0 0 0 0 1 1 0 1 0 1 1 0 1 1 0 1 0 1 0 
1 1 0 1 1 0 0 0 0 1 0 0 1 1 1 1 1 1 0 0 0 0 0 1 1 1 1 1 0 0 0 1 0 0 0 0 0 0 1 1 1 1 0 1 0 1 1 0 0 1 1 0 0 1 1 1 0 0 1 1 1 0 1 0 1 1 0 1 1 1 0 1 1 0 1 1 0 1 0 0 1 0 0 0 0 1 0 0 0 1 1 0 0 1 0 0 1 0 1 1 0 1 1 0 0 0 0 0 0 0 1 1 1 1 0 1 0 1 1 1 1 0 0 1 0 0 1 1 0 0 0 0 0 1 1 0 1 0 0 0 1 0 0 1 1 1 1 1 1 0 1 0 0 1 1 1 0 1 0 0 1 1 1 1 1 0 0 0 0 1 1 1 0 0 1 1 1 0 0 0 1 0 1 0 
1 0 1 0 0 0 1 0 1 1 1 1 1 0 1 0 0 1 1 0 0 0 1 0 0 1 1 0 1 1 0 1 1 0 0 1 1 1 1 1 0 1 1 0 1 0 1 1 1 1 0 0 1 0 0 0 0 1 0 0 0 0 0 0 0 1 0 0 0 1 1 1 0 0 0 0 1 0 0 0 0 1 1 0 1 1 0 0 1 1 1 1 1 1 1 0 1 1 0 1 0 1 0 1 0 1 0 1 0 1 1 0 0 0 1 0 1 1 1 0 1 1 0 0 0 0 1 1 0 1 1 1 1 1 0 1 1 1 0 0 1 0 0 1 1 0 0 1 1 0 1 1 0 0 0 1 0 0 1 1 0 1 1 0 0 1 0 0 0 1 0 0 0 0 0 1 1 1 1 1 1 0 1 1 
1 1 1 0 1 0 1 1 0 1 0 1 1 1 1 0 1 1 0 1 1 0 0 0 1 1 1 1 1 1 1 1 0 0 1 1 0 1 1 0 0 0 1 1 0 1 1 0 0 1 0 0 1 1 0 0 1 1 1 1 0 0 0 0 1 1 1 0 1 1 0 1 1 1 1 1 1 1 0 1 0 0 0 0 1 0 1 0 1 1 1 1 0 1 0 1 1 0 0 1 0 0 1 1 1 0 1 1 1 1 0 1 0 1 0 1 0 1 0 0 0 1 0 1 1 1 1 0 0 0 0 1 0 1 1 0 0 1 0 0 0 1 1 0 0 1 0 1 0 1 0 0 1 0 0 0 0 0 1 1 0 0 1 0 0 0 1 1 1 0 0 1 1 0 0 1 1 1 0 1 1 1 0 0 
1 0 1 0 0 0 0 0 1 0 1 0 0 0 0 1 0 0 0 1 0 1 0 1 0 0 0 1 1 0 0 0 1 1 1 0 1 1 0 1 1 1 1 0 0 0 1 0 1 0 1 1 1 0 1 1 1 0 0 1 1 1 1 0 0 0 0 0 1 1 1 0 0 1 1 0 0 0 0 1 1 0 0 0 1 1 0 1 0 1 0 1 1 1 1 1 1 0 0 0 0 0 0 0 1 0 1 0 1 1 1 1 0 1 1 0 0 0 0 1 1 1 0 1 1 1 1 1 1 0 1 1 1 1 0 0 1 1 0 1 0 0 1 0 0 1 0 0 1 1 0 0 1 0 1 1 1 1 1 1 1 1 0 0 0 1 1 1 0 0 0 1 0 1 1 0 1 1 1 1 0 0 0 1 
0 1 1 0 1 0 0 0 0 0 1 0 1 1 0 1 0 1 1 0 1 1 1 1 0 0 1 1 0 0 1 1 1 0 0 1 0 0 1 0 1 0 0 1 1 1 0 0 1 1 1 0 0 0 0 0 0 0 0 0 0 0 1 1 0 0 1 0 1 1 0 1 0 1 1 1 1 1 1 1 1 1 0 1 0 1 1 1 0 1 1 1 0 1 0 1 1 0 0 0 1 0 1 1 1 1 1 0 0 1 0 0 1 1 1 0 1 1 0 0 1 0 1 1 1 1 0 0 1 1 0 0 1 1 0 1 1 1 0 0 1 0 1 1 1 0 1 1 0 1 1 1 0 1 0 1 0 0 1 1 1 1 1 0 0 0 0 1 0 1 1 0 1 0 1 1 1 0 1 0 0 1 0 1 
0 0 0 1 0 0 1 1 0 0 1 1 0 0 1 1 1 1 0 0 1 1 1 0 1 1 0 1 0 1 0 1 0 1 0 1 0 1 0 1 1 1 1 1 0 0 0 0 1 1 0 0 0 0 0 1 1 1 1 1 0 0 1 0 1 1 0 0 1 0 0 1 1 0 1 0 1 0 1 1 1 1 0 1 1 0 0 0 0 0 1 0 0 1 1 1 0 1 1 0 0 0 0 0 1 0 0 0 1 1 0 1 1 0 1 0 0 1 1 1 1 1 0 1 0 1 0 0 1 0 0 0 0 1 0 0 0 0 0 1 0 0 0 0 1 0 1 0 0 1 0 0 1 0 1 0 0 0 1 0 1 1 1 0 0 0 1 0 0 1 0 1 0 0 1 1 1 1 0 1 1 1 1 1 
0 0 1 1 0 0 1 1 0 0 1 1 0 1 0 0 0 0 0 1 1 1 0 1 1 1 0 0 0 0 0 1 1 0 0 1 1 0 0 1 0 0 1 0 0 1 0 1 0 0 1 0 0 1 0 0 1 1 0 1 0 0 1 0 1 0 1 1 0 0 1 0 1 1 1 1 0 0 1 0 1 0 1 0 1 0 1 1 0 1 0 1 0 1 0 0 1 0 1 1 0 1 1 0 0 0 0 1 0 0 0 0 0 0 1 0 1 0 1 1 1 1 1 1 1 1 1 0 1 0 1 0 0 1 0 1 1 0 1 1 1 1 0 1 0 0 1 0 1 0 0 0 1 1 1 1 0 1 1 1 0 1 1 1 1 0 0 0 0 0 1 0 0 0 0 1 0 1 0 1 1 0 1 0 
0 0 1 1 1 0 1 1 1 1 1 1 1 0 1 1 1 1 1 0 1 1 0 0 0 0 0 0 1 1 1 0 1 0 0 1 1 0 0 1 0 1 1 1 0 0 1 1 1 0 1 1 1 1 0 0 0 0 1 0 0 0 0 1 0 0 1 0 1 0 0 1 1 1 0 1 0 1 0 0 0 1 0 1 1 0 0 1 0 1 0 0 1 1 1 0 1 0 1 1 0 0 1 1 1 1 1 1 1 0 1 1 0 1 0 0 1 0 0 0 1 0 1 0 1 0 0 0 1 0 0 1 0 0 1 1 1 0 1 1 1 0 0 0 0 0 1 0 1 1 1 1 0 1 0 1 0 0 0 0 1 0 1 0 0 1 1 1 0 0 1 1 1 0 0 0 1 1 1 0 0 0 0 1 
0 0 0 1 1 1 1 1 1 0 0 0 1 0 0 0 0 0 1 1 1 0 1 0 1 0 0 0 1 0 0 0 0 1 0 1 0 1 1 1 0 1 1 0 0 0 1 0 1 0 1 1 1 1 1 1 0 1 1 0 1 0 0 0 0 1 0 1 0 0 1 0 0 0 0 1 0 1 0 0 0 0 0 0 0 1 1 1 0 1 0 1 1 0 1 0 0 0 1 1 1 0 0 1 1 0 0 1 1 0 0 0 0 1 0 0 0 0 0 0 0 0 0 1 1 1 1 0 0 0 1 0 1 1 0 1 0 1 0 1 0 0 1 0 1 0 0 1 1 1 1 1 1 0 1 1 0 0 1 1 1 0 1 1 1 0 1 1 1 1 0 1 1 1 0 0 0 1 1 0 0 1 0 0 
1 0 0 0 0 1 0 1 0 0 0 1 1 1 1 0 0 1 0 1 0 1 1 1 1 1 0 1 1 0 1 0 1 1 1 1 1 1 0 0 0 1 0 0 0 1 0 0 1 0 0 0 0 0 1 1 1 1 0 1 0 0 0 1 1 0 1 1 1 0 1 1 0 0 0 1 1 0 1 1 1 0 0 0 0 0 0 0 0 1 0 0 1 1 1 1 0 0 1 0 1 1 0 0 1 0 0 0 0 1 1 0 0 1 1 0 0 0 1 1 1 1 1 0 0 1 0 0 1 1 1 0 0 1 0 0 0 0 0 1 0 0 0 0 0 0 0 1 0 0 0 0 1 1 0 1 1 1 1 1 0 1 1 1 0 1 0 1 1 1 1 1 1 0 1 0 0 0 1 1 0 0 0 1 
1 0 1 0 1 0 0 0 1 1 0 0 1 0 0 0 0 0 0 1 0 1 1 0 0 0 0 0 0 0 0 1 0 0 1 1 0 0 0 1 0 1 0 0 1 0 0 0 0 1 1 0 0 0 0 1 1 1 1 1 0 1 1 1 0 1 1 1 1 1 0 1 1 0 0 1 0 1 1 0 0 0 1 1 1 0 1 0 1 1 0 0 1 0 1 0 1 1 0 0 1 0 0 1 0 1 0 0 0 0 1 1 0 1 1 1 1 0 0 0 1 1 1 1 0 0 1 1 1 0 0 1 1 0 0 1 0 1 0 0 0 1 0 1 1 0 1 1 1 0 0 0 0 1 1 1 0 0 0 0 0 1 1 0 0 0 1 0 1 1 1 0 1 1 1 1 0 0 1 0 0 0 1 1 
0 0 1 0 1 1 1 0 1 0 1 0 0 0 0 0 0 1 0 0 0 1 1 1 0 0 0 0 0 1 1 0 0 1 1 1 1 0 0 0 1 1 1 1 1 0 0 0 1 0 1 1 1 0 0 1 1 0 0 1 1 0 0 1 0 0 1 0 0 1 1 1 1 1 1 1 0 0 0 0 1 1 0 0 1 1 1 0 0 0 0 1 1 0 0 0 1 1 0 0 1 0 1 1 1 1 0 0 1 1 0 0 1 0 1 0 1 1 0 0 1 0 0 1 1 1 0 0 1 1 0 0 0 0 0 0 0 1 1 1 1 0 0 1 1 1 1 0 1 1 0 0 1 1 1 0 0 1 1 0 0 1 0 1 0 0 1 0 1 0 1 1 0 0 1 1 1 1 0 1 1 1 1 0 
0 0 0 1 0 1 0 0 0 0 0 1 0 0 0 1 0 1 1 1 0 0 0 0 0 0 0 0 0 1 1 0 1 0 0 0 0 0 0 1 1 1 0 1 0 1 1 1 1 1 0 0 0 1 1 1 1 0 0 0 0 1 1 0 0 0 1 0 0 0 1 0 0 1 1 1 0 0 1 1 1 1 0 1 1 1 0 1 1 0 1 1 0 1 0 0 0 1 0 0 1 1 1 1 0 1 0 1 1 1 1 1 1 1 0 1 1 0 0 0 1 0 0 1 0 0 0 1 0 0 1 1 0 1 0 1 1 0 0 0 0 0 0 1 0 0 0 1 1 1 0 1 0 0 1 1 1 1 1 0 1 0 1 1 0 1 0 0 1 1 1 0 1 1 0 0 1 0 1 0 1 1 1 0 
1 0 0 0 1 0 0 0 0 0 0 0 0 0 0 0 1 0 0 1 0 0 1 1 0 1 1 0 0 1 1 0 0 0 1 0 0 0 0 1 1 1 1 0 0 1 0 0 1 0 0 1 1 0 1 0 1 1 0 1 0 1 1 0 1 1 1 0 0 1 1 0 1 0 1 0 1 1 1 0 0 0 0 1 1 0 1 1 0 1 0 0 0 0 0 1 0 0 0 1 1 1 1 0 0 0 0 0 1 1 1 1 0 1 1 0 1 1 1 1 1 0 0 0 0 0 0 1 0 0 0 1 1 1 0 1 1 1 1 1 0 0 0 1 0 1 0 1 0 1 0 0 0 0 1 0 1 0 0 0 1 0 1 0 1 0 1 1 1 1 0 0 1 1 0 0 0 0 1 1 0 1 0 0 
0 1 1 1 0 1 1 1 0 0 0 1 0 0 0 1 0 1 1 1 1 1 1 0 1 0 0 0 0 0 1 0 1 1 1 0 0 0 0 1 0 0 1 1 0 1 0 0 0 0 0 0 0 0 1 1 0 1 1 1 0 0 0 0 0 0 0 0 0 0 0 0 0 0 0 1 1 0 1 1 1 0 1 1 1 0 1 1 0 0 1 0 1 0 0 0 0 0 1 0 1 1 1 1 0 0 1 0 0 1 0 1 0 1 1 1 1 0 1 1 1 0 0 0 1 1 0 1 1 1 1 1 1 0 1 1 1 1 0 1 0 0 0 1 1 0 0 0 0 1 1 0 0 1 1 0 1 1 1 1 0 1 0 0 1 1 0 0 0 1 0 1 1 0 0 1 0 0 1 1 1 0 1 0 
0 1 0 1 0 1 0 0 1 1 1 0 1 0 1 0 0 1 1 0 1 1 1 0 1 1 1 0 0 1 0 1 0 1 0 0 1 0 0 0 1 1 0 1 0 0 0 0 0 1 0 1 1 0 0 1 1 0 1 1 0 0 0 1 1 1 0 1 0 0 0 1 0 0 1 0 0 0 1 1 1 0 0 0 0 1 0 1 0 0 0 1 1 1 0 0 0 0 0 1 0 1 0 0 0 0 1 0 0 1 1 1 1 0 1 1 1 1 0 0 0 1 0 0 0 0 0 0 0 0 0 1 0 0 1 0 0 0 1 0 0 1 0 1 0 0 1 1 1 1 1 0 1 0 1 0 1 1 1 0 0 0 0 1 1 0 1 1 1 0 0 0 1 1 0 0 0 1 1 1 0 1 0 1 
1 0 1 1 1 1 0 0 1 0 0 0 1 0 1 0 1 1 0 1 1 1 0 0 0 1 1 1 0 0 1 0 0 1 1 1 1 0 1 0 1 1 0 1 0 0 1 1 0 1 0 0 0 1 0 0 1 1 0 0 0 1 1 1 1 1 1 1 1 1 0 1 1 1 1 0 1 0 0 1 1 1 0 0 0 1 0 1 0 0 0 0 1 1 1 0 0 1 1 1 0 1 1 1 0 0 1 0 0 0 0 0 0 0 1 1 0 0 1 0 0 0 1 0 1 0 1 1 0 0 0 0 1 1 1 0 0 1 0 1 0 1 0 0 1 1 0 1 0 0 1 1 0 0 1 1 0 1 1 1 0 0 0 1 0 1 0 0 1 0 1 1 1 0 1 0 1 1 0 0 0 0 1 0 

144 104 6 145 46 58 134 57 150 137 179 4 143 83 31 168 39 74 48 142 96 64 126 44 117 130 118 119 89 146 129 106 115 128 79 19 147 177 61 85 175 81 50 10 166 77 14 138 90 111 173 120 60 78 41 154 8 171 3 21 136 86 42 30 139 135 169 149 18 121 180 152 125 133 11 165 132 109 127 113 164 36 66 52 157 26 72 80 156 73 131 87 124 93 35 33 55 162 108 47 155 110 84 22 183 158 153 23 1 28 75 141 95 112 65 159 92 82 181 101 99 7 53 29 43 37 161 56 34 174 49 67 24 2 68 63 170 116 88 167 27 163 0 98 114 91 160 70 13 97 151 172 140 9 40 182 102 107 178 176 69 51 45 15 38 20 122 25 59 100 17 62 5 71 12 94 123 148 54 76 105 103 32 16 
0 142
1 108
2 133
3 58
4 11
5 172
6 2
7 121
8 56
9 153
10 43
11 74
12 174
13 148
14 46
15 163
16 183
17 170
18 68
19 35
20 165
21 59
22 103
23 107
24 132
25 167
26 85
27 140
28 109
29 123
30 63
31 14
32 182
33 95
34 128
35 94
36 81
37 125
38 164
39 16
40 154
41 54
42 62
43 124
44 23
45 162
46 4
47 99
48 18
49 130
50 42
51 161
52 83
53 122
54 178
55 96
56 127
57 7
58 5
59 168
60 52
61 38
62 171
63 135
64 21
65 114
66 82
67 131
68 134
69 160
70 147
71 173
72 86
73 89
74 17
75 110
76 179
77 45
78 53
79 34
80 87
81 41
82 117
83 13
84 102
85 39
86 61
87 91
88 138
89 28
90 48
91 145
92 116
93 93
94 175
95 112
96 20
97 149
98 143
99 120
100 169
101 119
102 156
103 181
104 1
105 180
106 31
107 157
108 98
109 77
110 101
111 49
112 113
113 79
114 144
115 32
116 137
117 24
118 26
119 27
120 51
121 69
122 166
123 176
124 92
125 72
126 22
127 78
128 33
129 30
130 25
131 90
132 76
133 73
134 6
135 65
136 60
137 9
138 47
139 64
140 152
141 111
142 19
143 12
144 0
145 3
146 29
147 36
148 177
149 67
150 8
151 150
152 71
153 106
154 55
155 100
156 88
157 84
158 105
159 115
160 146
161 126
162 97
163 141
164 80
165 75
166 44
167 139
168 15
169 66
170 136
171 57
172 151
173 50
174 129
175 40
176 159
177 37
178 158
179 10
180 70
181 118
182 155
183 104
SIMILAR
1 0
1 0
85 0
