44
0 0 0 1 0 0 0 1 1 0 0 0 1 1 0 1 0 0 1 1 0 1 0 1 1 0 1 1 1 1 1 0 1 0 1 0 1 1 0 1 1 0 1 1 
0 0 0 1 0 1 0 0 1 1 1 1 1 1 1 1 0 0 0 1 1 1 0 1 0 0 1 0 1 1 1 0 0 0 0 1 1 1 1 0 1 0 0 0 
0 0 0 0 0 0 0 0 1 1 0 0 0 1 1 1 1 0 0 1 0 1 0 1 0 1 1 0 1 1 0 0 1 1 0 1 0 1 1 0 1 0 0 1 
1 1 0 0 0 0 0 1 0 0 0 1 0 1 0 0 1 0 0 1 1 1 0 1 1 1 0 1 1 1 1 1 0 1 1 1 1 0 1 1 1 0 0 1 
0 0 0 0 0 0 0 1 0 1 0 1 0 1 1 0 0 0 0 1 1 1 0 0 1 1 1 1 1 0 1 0 1 1 1 0 0 0 0 1 1 1 1 1 
0 1 0 0 0 0 0 0 0 1 0 0 0 0 0 1 0 0 1 1 0 1 0 1 1 1 0 1 0 1 0 1 0 1 0 1 1 1 1 0 0 0 0 0 
0 0 0 0 0 0 0 1 0 1 1 0 0 1 1 1 0 0 0 0 0 1 0 1 1 0 0 0 1 0 0 1 1 0 1 1 1 0 0 1 1 0 1 1 
1 0 0 1 1 0 1 0 0 1 0 0 1 1 1 0 0 0 1 0 0 0 1 0 1 1 0 0 0 0 0 0 0 0 1 0 1 0 1 1 0 1 0 0 
1 1 1 0 0 0 0 0 0 0 0 0 1 1 1 0 0 1 1 0 1 1 0 1 0 1 0 1 1 1 0 0 0 1 1 1 0 1 0 0 0 0 1 0 
0 1 1 0 1 1 1 1 0 0 0 1 0 0 1 1 0 0 0 1 0 0 0 0 1 1 1 0 0 1 1 1 0 0 0 1 0 1 0 0 0 1 1 1 
0 1 0 0 0 0 1 0 0 0 0 1 0 0 0 0 0 1 0 1 1 1 0 0 0 1 0 0 1 1 1 1 0 0 0 0 0 1 0 0 1 0 1 1 
0 1 0 1 1 0 0 0 0 1 1 0 1 0 1 0 0 0 1 1 1 1 0 0 1 1 1 0 0 1 1 1 1 1 0 0 0 1 1 1 0 0 1 1 
1 1 0 0 0 0 0 1 1 0 0 1 0 0 1 1 1 1 0 0 0 0 0 0 0 1 1 1 1 0 1 0 0 1 1 1 0 1 1 0 0 0 1 1 
1 1 1 1 1 0 1 1 1 0 0 0 0 0 1 1 0 1 0 0 1 1 0 1 1 1 1 0 1 1 0 1 0 1 1 0 0 0 1 0 1 1 0 0 
0 1 1 0 1 0 1 1 1 1 0 1 1 1 0 1 0 0 1 1 1 0 1 0 0 1 1 1 0 0 1 0 1 1 1 1 1 0 0 1 0 1 0 1 
1 1 1 0 0 1 1 0 0 1 0 0 1 1 1 0 1 0 0 0 1 1 1 0 1 0 1 1 1 1 0 0 1 0 1 0 1 1 1 0 0 0 1 0 
0 0 1 1 0 0 0 0 0 0 0 0 1 0 0 1 0 1 1 0 1 1 0 0 0 1 0 0 0 1 0 0 0 1 1 1 1 1 1 0 1 0 0 1 
0 0 0 0 0 0 0 0 1 0 1 0 1 1 0 0 1 0 0 1 0 0 1 1 1 1 0 1 0 0 1 0 0 1 0 0 1 1 0 0 0 1 0 1 
1 0 0 0 0 1 0 1 1 0 0 1 0 0 1 0 1 0 0 0 0 1 0 1 0 1 1 1 1 0 0 1 0 1 0 1 0 1 0 1 0 1 0 1 
1 1 1 1 1 1 0 0 0 1 1 1 0 0 1 0 0 1 0 0 1 1 1 0 1 1 1 1 0 0 1 0 1 1 0 0 0 1 0 1 1 1 1 1 
0 1 0 1 1 0 0 0 1 0 1 1 0 1 1 1 1 0 0 1 0 0 1 1 1 0 0 1 1 1 0 0 0 0 0 0 1 1 0 0 0 1 0 1 
1 1 1 1 1 1 1 0 1 0 1 1 0 1 0 1 1 0 1 1 0 0 0 0 0 0 0 1 1 0 0 1 0 0 1 1 0 0 1 1 0 1 1 0 
0 0 0 0 0 0 0 1 0 0 0 0 0 0 1 1 0 1 0 1 1 0 0 1 1 0 1 0 1 1 1 0 1 0 1 1 1 0 1 1 0 0 1 1 
1 1 1 1 0 1 1 0 1 0 0 0 0 1 0 0 0 1 1 0 1 0 1 0 0 1 1 0 1 0 0 1 1 1 0 0 0 1 1 0 0 1 1 1 
1 0 0 1 1 1 1 1 0 1 0 1 0 1 0 1 0 1 0 1 1 0 1 0 0 0 1 0 0 1 0 0 0 0 1 0 1 0 0 0 1 0 0 0 
0 0 1 1 1 1 0 1 1 1 1 1 1 1 1 0 1 1 1 1 0 0 0 1 0 0 1 1 1 0 1 0 0 0 0 0 0 0 0 1 0 1 1 0 
1 1 1 0 1 0 0 0 0 1 0 1 1 1 1 1 0 0 1 1 0 0 1 1 1 1 0 1 1 0 0 0 0 1 0 0 0 1 1 0 1 0 0 1 
1 0 0 1 1 1 0 0 1 0 0 0 1 0 1 1 0 1 1 1 1 1 0 0 0 1 1 0 0 0 0 0 0 1 1 0 1 0 1 0 0 0 0 1 
1 1 1 1 1 0 1 0 1 0 1 0 1 1 0 1 0 0 1 0 1 1 1 1 0 1 1 0 0 0 0 1 1 1 1 0 1 0 1 1 0 1 1 1 
1 1 1 1 0 1 0 0 1 1 1 1 0 1 0 1 1 0 0 0 1 0 1 0 1 0 0 0 0 0 1 0 1 1 1 0 0 1 1 1 0 1 0 1 
1 1 0 1 1 0 0 0 0 1 1 1 1 0 1 0 0 1 0 1 0 0 1 0 0 1 0 0 0 1 0 1 1 1 0 1 0 0 0 0 0 1 0 0 
0 0 0 1 0 1 1 0 0 1 1 1 0 1 0 0 0 0 1 0 0 1 0 1 0 0 0 0 1 0 1 0 1 1 0 0 1 1 0 1 1 0 0 1 
1 0 1 0 1 0 1 0 0 0 0 1 0 0 1 1 0 0 0 1 0 0 1 1 0 0 0 0 1 1 1 1 0 1 1 1 0 1 0 1 1 0 0 0 
0 0 1 1 1 1 0 0 1 0 0 1 1 1 1 0 1 1 1 1 0 0 0 1 0 0 1 1 1 1 1 1 1 0 1 0 0 1 0 0 0 1 0 0 
1 0 0 1 1 0 1 1 1 0 0 0 1 1 1 1 1 0 0 0 0 1 1 0 1 0 0 1 1 1 0 0 1 1 0 0 1 1 1 1 1 0 1 0 
0 1 1 1 0 1 1 0 1 1 0 0 1 0 1 0 1 0 1 0 0 1 1 0 0 0 0 0 0 0 1 0 1 0 0 0 1 0 0 0 1 0 1 1 
1 1 0 1 0 1 1 1 0 0 0 0 0 0 1 1 1 1 0 0 1 0 1 0 1 0 0 1 1 0 0 1 0 0 1 1 0 0 0 1 0 1 1 1 
1 1 1 0 0 1 0 0 1 1 1 1 1 0 0 1 1 1 1 1 1 0 0 1 0 0 1 0 0 1 0 1 1 1 1 0 0 0 1 0 1 1 1 0 
0 1 1 1 0 1 0 1 0 0 0 1 1 1 0 1 1 0 0 0 0 1 1 1 0 0 1 1 1 1 0 0 0 0 1 0 0 1 0 1 0 0 0 0 
1 0 0 1 1 0 1 1 0 0 0 1 0 0 1 0 0 0 1 1 0 1 1 0 0 1 0 0 1 1 0 1 1 0 1 0 1 0 1 0 0 1 1 1 
1 1 1 1 1 0 1 0 0 0 1 0 0 1 0 0 1 0 0 1 0 0 0 0 1 0 1 0 0 0 0 1 1 0 1 1 0 1 0 0 0 0 0 0 
0 0 0 0 1 0 0 1 0 1 0 0 0 1 1 0 0 1 1 1 1 1 0 1 0 1 0 0 1 1 1 0 0 1 0 0 1 1 0 1 0 0 1 1 
1 0 0 0 1 0 1 0 1 1 1 1 1 0 0 1 0 0 0 1 0 1 1 1 0 1 0 0 1 0 0 0 0 0 1 1 1 1 0 1 0 1 0 0 
1 0 1 1 1 0 1 0 0 1 1 1 1 0 1 0 1 1 1 1 1 0 1 1 0 0 1 1 1 1 0 1 0 0 0 1 1 0 0 1 0 1 0 0 

33 36 12 3 16 18 25 38 30 32 23 0 10 8 11 5 43 19 42 2 34 24 39 17 41 4 35 9 22 26 1 21 15 31 7 20 37 29 6 40 13 28 27 14 
0 11
1 30
2 19
3 3
4 25
5 15
6 38
7 34
8 13
9 27
10 12
11 14
12 2
13 40
14 43
15 32
16 4
17 23
18 5
19 17
20 35
21 31
22 28
23 10
24 21
25 6
26 29
27 42
28 41
29 37
30 8
31 33
32 9
33 0
34 20
35 26
36 1
37 36
38 7
39 22
40 39
41 24
42 18
43 16
SIMILAR

6 42 29 8 7 40 0 35 24 18 26 10 34 17 22 37 5 39 19 3 14 31 15 9 32 11 16 20 38 41 25 33 2 30 4 28 12 36 43 1 23 13 21 27 
0 6
1 39
2 32
3 19
4 34
5 16
6 0
7 4
8 3
9 23
10 11
11 25
12 36
13 41
14 20
15 22
16 26
17 13
18 9
19 18
20 27
21 42
22 14
23 40
24 8
25 30
26 10
27 43
28 35
29 2
30 33
31 21
32 24
33 31
34 12
35 7
36 37
37 15
38 28
39 17
40 5
41 29
42 1
43 38
SIMILAR

20 30 24 35 27 10 14 1 11 22 25 29 33 9 39 40 2 7 19 34 16 12 5 6 43 41 23 26 21 36 13 15 32 17 3 4 38 28 37 8 31 0 18 42 
0 41
1 7
2 16
3 34
4 35
5 22
6 23
7 17
8 39
9 13
10 5
11 8
12 21
13 30
14 6
15 31
16 20
17 33
18 42
19 18
20 0
21 28
22 9
23 26
24 2
25 10
26 27
27 4
28 37
29 11
30 1
31 40
32 32
33 12
34 19
35 3
36 29
37 38
38 36
39 14
40 15
41 25
42 43
43 24
SIMILAR

43 33 38 11 26 5 2 41 4 14 42 27 7 21 39 36 13 29 37 19 28 20 30 24 16 17 10 18 15 12 35 23 40 8 9 34 3 32 1 31 0 25 6 22 
0 40
1 38
2 6
3 36
4 8
5 5
6 42
7 12
8 33
9 34
10 26
11 3
12 29
13 16
14 9
15 28
16 24
17 25
18 27
19 19
20 21
21 13
22 43
23 31
24 23
25 41
26 4
27 11
28 20
29 17
30 22
31 39
32 37
33 1
34 35
35 30
36 15
37 18
38 2
39 14
40 32
41 7
42 10
43 0
SIMILAR

43 35 3 23 32 4 1 31 15 27 7 39 18 34 5 19 28 12 13 16 30 0 40 38 10 21 11 33 17 41 14 24 6 22 26 37 25 8 9 42 29 2 36 20 
0 21
1 6
2 41
3 2
4 5
5 14
6 32
7 10
8 37
9 38
10 24
11 26
12 17
13 18
14 30
15 8
16 19
17 28
18 12
19 15
20 43
21 25
22 33
23 3
24 31
25 36
26 34
27 9
28 16
29 40
30 20
31 7
32 4
33 27
34 13
35 1
36 42
37 35
38 23
39 11
40 22
41 29
42 39
43 0
SIMILAR

13 42 15 43 0 27 20 4 37 39 38 16 33 34 28 40 7 5 32 35 24 1 18 29 6 3 12 41 2 8 11 21 26 17 31 19 9 22 14 23 25 30 10 36 
0 4
1 21
2 28
3 25
4 7
5 17
6 24
7 16
8 29
9 36
10 42
11 30
12 26
13 0
14 38
15 2
16 11
17 33
18 22
19 35
20 6
21 31
22 37
23 39
24 20
25 40
26 32
27 5
28 14
29 23
30 41
31 34
32 18
33 12
34 13
35 19
36 43
37 8
38 10
39 9
40 15
41 27
42 1
43 3
SIMILAR

29 2 42 22 11 19 40 3 21 39 33 35 26 18 25 4 0 38 20 36 41 32 43 15 6 12 37 34 23 14 28 1 27 30 10 5 13 9 24 8 17 31 16 7 
0 16
1 31
2 1
3 7
4 15
5 35
6 24
7 43
8 39
9 37
10 34
11 4
12 25
13 36
14 29
15 23
16 42
17 40
18 13
19 5
20 18
21 8
22 3
23 28
24 38
25 14
26 12
27 32
28 30
29 0
30 33
31 41
32 21
33 10
34 27
35 11
36 19
37 26
38 17
39 9
40 6
41 20
42 2
43 22
SIMILAR

34 18 23 1 37 25 8 28 36 17 11 13 42 4 40 33 0 6 39 19 31 5 32 38 24 26 20 27 22 3 15 41 21 12 29 30 16 2 10 7 35 43 9 14 
0 16
1 3
2 37
3 29
4 13
5 21
6 17
7 39
8 6
9 42
10 38
11 10
12 33
13 11
14 43
15 30
16 36
17 9
18 1
19 19
20 26
21 32
22 28
23 2
24 24
25 5
26 25
27 27
28 7
29 34
30 35
31 20
32 22
33 15
34 0
35 40
36 8
37 4
38 23
39 18
40 14
41 31
42 12
43 41
SIMILAR

3 30 38 36 31 4 5 15 25 19 12 34 2 23 22 17 21 24 18 33 10 37 39 9 28 16 41 6 8 11 26 43 42 0 20 7 14 13 1 40 29 35 32 27 
0 33
1 38
2 12
3 0
4 5
5 6
6 27
7 35
8 28
9 23
10 20
11 29
12 10
13 37
14 36
15 7
16 25
17 15
18 18
19 9
20 34
21 16
22 14
23 13
24 17
25 8
26 30
27 43
28 24
29 40
30 1
31 4
32 42
33 19
34 11
35 41
36 3
37 21
38 2
39 22
40 39
41 26
42 32
43 31
SIMILAR

7 21 3 29 22 35 14 12 0 43 42 23 1 33 15 39 40 9 32 5 11 19 16 4 8 6 34 31 28 25 41 30 13 24 20 37 36 17 10 2 38 27 18 26 
0 8
1 12
2 39
3 2
4 23
5 19
6 25
7 0
8 24
9 17
10 38
11 20
12 7
13 32
14 6
15 14
16 22
17 37
18 42
19 21
20 34
21 1
22 4
23 11
24 33
25 29
26 43
27 41
28 28
29 3
30 31
31 27
32 18
33 13
34 26
35 5
36 36
37 35
38 40
39 15
40 16
41 30
42 10
43 9
SIMILAR

10 12 11 25 32 7 26 34 17 18 21 16 23 35 36 14 9 24 4 41 13 31 5 2 22 43 3 28 29 33 27 40 39 20 15 19 1 30 6 8 0 37 38 42 
0 40
1 36
2 23
3 26
4 18
5 22
6 38
7 5
8 39
9 16
10 0
11 2
12 1
13 20
14 15
15 34
16 11
17 8
18 9
19 35
20 33
21 10
22 24
23 12
24 17
25 3
26 6
27 30
28 27
29 28
30 37
31 21
32 4
33 29
34 7
35 13
36 14
37 41
38 42
39 32
40 31
41 19
42 43
43 25
SIMILAR

29 0 15 30 37 3 4 11 28 42 21 8 38 18 22 1 26 9 2 16 36 35 19 34 43 12 39 5 31 10 13 41 14 24 7 40 20 17 6 32 25 27 23 33 
0 1
1 15
2 18
3 5
4 6
5 27
6 38
7 34
8 11
9 17
10 29
11 7
12 25
13 30
14 32
15 2
16 19
17 37
18 13
19 22
20 36
21 10
22 14
23 42
24 33
25 40
26 16
27 41
28 8
29 0
30 3
31 28
32 39
33 43
34 23
35 21
36 20
37 4
38 12
39 26
40 35
41 31
42 9
43 24
SIMILAR

6 4 7 13 18 41 31 21 14 28 27 37 15 0 35 26 5 1 38 23 40 34 43 10 33 24 17 20 16 36 3 32 2 8 22 39 12 19 9 29 42 25 11 30 
0 13
1 17
2 32
3 30
4 1
5 16
6 0
7 2
8 33
9 38
10 23
11 42
12 36
13 3
14 8
15 12
16 28
17 26
18 4
19 37
20 27
21 7
22 34
23 19
24 25
25 41
26 15
27 10
28 9
29 39
30 43
31 6
32 31
33 24
34 21
35 14
36 29
37 11
38 18
39 35
40 20
41 5
42 40
43 22
SIMILAR

24 18 37 42 40 25 2 41 30 5 36 35 3 1 6 32 22 39 9 12 28 26 15 7 8 27 31 11 0 19 20 33 14 29 16 38 4 43 23 10 17 21 13 34 
0 28
1 13
2 6
3 12
4 36
5 9
6 14
7 23
8 24
9 18
10 39
11 27
12 19
13 42
14 32
15 22
16 34
17 40
18 1
19 29
20 30
21 41
22 16
23 38
24 0
25 5
26 21
27 25
28 20
29 33
30 8
31 26
32 15
33 31
34 43
35 11
36 10
37 2
38 35
39 17
40 4
41 7
42 3
43 37
SIMILAR

3 40 19 11 22 36 30 24 23 33 12 27 7 0 16 25 10 35 17 18 20 32 29 6 39 5 2 21 8 41 38 31 34 37 9 42 15 43 28 26 4 14 1 13 
0 13
1 42
2 26
3 0
4 40
5 25
6 23
7 12
8 28
9 34
10 16
11 3
12 10
13 43
14 41
15 36
16 14
17 18
18 19
19 2
20 20
21 27
22 4
23 8
24 7
25 15
26 39
27 11
28 38
29 22
30 6
31 31
32 21
33 9
34 32
35 17
36 5
37 33
38 30
39 24
40 1
41 29
42 35
43 37
SIMILAR

23 38 1 26 25 29 13 27 16 33 37 30 17 2 22 42 20 32 10 9 19 28 6 39 21 11 40 43 15 31 41 24 34 18 7 5 14 36 8 3 35 4 12 0 
0 43
1 2
2 13
3 39
4 41
5 35
6 22
7 34
8 38
9 19
10 18
11 25
12 42
13 6
14 36
15 28
16 8
17 12
18 33
19 20
20 16
21 24
22 14
23 0
24 31
25 4
26 3
27 7
28 21
29 5
30 11
31 29
32 17
33 9
34 32
35 40
36 37
37 10
38 1
39 23
40 26
41 30
42 15
43 27
SIMILAR

7 36 33 6 12 8 31 32 39 19 24 15 2 18 38 5 43 4 21 0 29 14 20 13 22 3 34 17 40 27 41 42 37 26 1 23 11 25 35 28 9 30 16 10 
0 19
1 34
2 12
3 25
4 17
5 15
6 3
7 0
8 5
9 40
10 43
11 36
12 4
13 23
14 21
15 11
16 42
17 27
18 13
19 9
20 22
21 18
22 24
23 35
24 10
25 37
26 33
27 29
28 39
29 20
30 41
31 6
32 7
33 2
34 26
35 38
36 1
37 32
38 14
39 8
40 28
41 30
42 31
43 16
SIMILAR

33 27 20 7 36 28 37 0 6 16 25 10 17 18 29 24 22 4 11 41 43 32 39 9 35 5 8 15 14 2 1 31 21 40 19 13 23 3 30 42 34 12 38 26 
0 7
1 30
2 29
3 37
4 17
5 25
6 8
7 3
8 26
9 23
10 11
11 18
12 41
13 35
14 28
15 27
16 9
17 12
18 13
19 34
20 2
21 32
22 16
23 36
24 15
25 10
26 43
27 1
28 5
29 14
30 38
31 31
32 21
33 0
34 40
35 24
36 4
37 6
38 42
39 22
40 33
41 19
42 39
43 20
SIMILAR

1 30 22 5 23 24 0 9 43 17 4 18 8 15 12 37 13 7 6 14 34 40 25 36 20 3 27 26 29 41 11 32 39 33 31 10 16 2 35 28 42 38 19 21 
0 6
1 0
2 37
3 25
4 10
5 3
6 18
7 17
8 12
9 7
10 35
11 30
12 14
13 16
14 19
15 13
16 36
17 9
18 11
19 42
20 24
21 43
22 2
23 4
24 5
25 22
26 27
27 26
28 39
29 28
30 1
31 34
32 31
33 33
34 20
35 38
36 23
37 15
38 41
39 32
40 21
41 29
42 40
43 8
SIMILAR

37 22 23 27 1 24 26 43 20 28 38 34 32 8 0 13 2 29 9 35 21 10 17 12 5 41 14 7 30 31 16 33 15 4 42 6 19 3 39 40 18 11 36 25 
0 14
1 4
2 16
3 37
4 33
5 24
6 35
7 27
8 13
9 18
10 21
11 41
12 23
13 15
14 26
15 32
16 30
17 22
18 40
19 36
20 8
21 20
22 1
23 2
24 5
25 43
26 6
27 3
28 9
29 17
30 28
31 29
32 12
33 31
34 11
35 19
36 42
37 0
38 10
39 38
40 39
41 25
42 34
43 7
SIMILAR

32 28 0 39 14 30 21 27 5 40 35 34 13 36 31 8 26 33 12 15 38 1 18 6 17 20 4 24 2 11 3 9 25 41 42 10 16 43 37 19 7 23 29 22 
0 2
1 21
2 28
3 30
4 26
5 8
6 23
7 40
8 15
9 31
10 35
11 29
12 18
13 12
14 4
15 19
16 36
17 24
18 22
19 39
20 25
21 6
22 43
23 41
24 27
25 32
26 16
27 7
28 1
29 42
30 5
31 14
32 0
33 17
34 11
35 10
36 13
37 38
38 20
39 3
40 9
41 33
42 34
43 37
SIMILAR

21 38 37 39 14 6 13 25 27 18 8 24 12 26 35 36 43 29 28 34 32 30 11 19 42 16 1 0 23 41 15 2 33 4 20 9 7 10 17 40 3 5 31 22 
0 27
1 26
2 31
3 40
4 33
5 41
6 5
7 36
8 10
9 35
10 37
11 22
12 12
13 6
14 4
15 30
16 25
17 38
18 9
19 23
20 34
21 0
22 43
23 28
24 11
25 7
26 13
27 8
28 18
29 17
30 21
31 42
32 20
33 32
34 19
35 14
36 15
37 2
38 1
39 3
40 39
41 29
42 24
43 16
SIMILAR

37 35 33 13 43 29 30 40 42 9 24 28 15 4 14 16 20 0 31 17 5 34 3 26 10 38 1 41 27 2 8 7 23 18 32 12 39 11 6 19 25 22 36 21 
0 17
1 26
2 29
3 22
4 13
5 20
6 38
7 31
8 30
9 9
10 24
11 37
12 35
13 3
14 14
15 12
16 15
17 19
18 33
19 39
20 16
21 43
22 41
23 32
24 10
25 40
26 23
27 28
28 11
29 5
30 6
31 18
32 34
33 2
34 21
35 1
36 42
37 0
38 25
39 36
40 7
41 27
42 8
43 4
SIMILAR

43 36 38 32 30 24 6 14 40 23 28 33 9 39 16 34 0 5 42 41 35 15 13 27 26 19 22 1 37 7 12 3 20 2 18 25 29 21 4 31 10 17 11 8 
0 16
1 27
2 33
3 31
4 38
5 17
6 6
7 29
8 43
9 12
10 40
11 42
12 30
13 22
14 7
15 21
16 14
17 41
18 34
19 25
20 32
21 37
22 26
23 9
24 5
25 35
26 24
27 23
28 10
29 36
30 4
31 39
32 3
33 11
34 15
35 20
36 1
37 28
38 2
39 13
40 8
41 19
42 18
43 0
SIMILAR

24 4 20 43 7 29 42 26 1 11 39 2 12 16 10 38 33 41 22 28 18 30 3 8 25 14 36 40 31 15 23 5 13 35 9 27 34 32 6 37 17 19 0 21 
0 42
1 8
2 11
3 22
4 1
5 31
6 38
7 4
8 23
9 34
10 14
11 9
12 12
13 32
14 25
15 29
16 13
17 40
18 20
19 41
20 2
21 43
22 18
23 30
24 0
25 24
26 7
27 35
28 19
29 5
30 21
31 28
32 37
33 16
34 36
35 33
36 26
37 39
38 15
39 10
40 27
41 17
42 6
43 3
SIMILAR

25 0 1 19 28 30 5 8 29 31 2 18 38 42 3 4 11 16 39 32 26 14 15 22 12 6 36 21 13 41 7 9 10 17 24 34 37 35 43 33 23 40 27 20 
0 1
1 2
2 10
3 14
4 15
5 6
6 25
7 30
8 7
9 31
10 32
11 16
12 24
13 28
14 21
15 22
16 17
17 33
18 11
19 3
20 43
21 27
22 23
23 40
24 34
25 0
26 20
27 42
28 4
29 8
30 5
31 9
32 19
33 39
34 35
35 37
36 26
37 36
38 12
39 18
40 41
41 29
42 13
43 38
SIMILAR

35 20 14 4 33 43 30 34 36 22 8 25 41 10 17 37 31 19 5 6 42 28 40 0 13 7 26 27 18 32 11 1 15 24 39 21 3 12 2 29 16 38 23 9 
0 23
1 31
2 38
3 36
4 3
5 18
6 19
7 25
8 10
9 43
10 13
11 30
12 37
13 24
14 2
15 32
16 40
17 14
18 28
19 17
20 1
21 35
22 9
23 42
24 33
25 11
26 26
27 27
28 21
29 39
30 6
31 16
32 29
33 4
34 7
35 0
36 8
37 15
38 41
39 34
40 22
41 12
42 20
43 5
SIMILAR

41 29 0 5 19 2 31 11 16 18 37 42 22 15 40 14 23 35 32 43 39 24 26 3 30 4 28 9 1 25 34 20 6 38 33 10 12 21 8 36 13 27 17 7 
0 2
1 28
2 5
3 23
4 25
5 3
6 32
7 43
8 38
9 27
10 35
11 7
12 36
13 40
14 15
15 13
16 8
17 42
18 9
19 4
20 31
21 37
22 12
23 16
24 21
25 29
26 22
27 41
28 26
29 1
30 24
31 6
32 18
33 34
34 30
35 17
36 39
37 10
38 33
39 20
40 14
41 0
42 11
43 19
SIMILAR

32 15 24 8 5 28 37 16 10 1 19 36 25 22 0 3 21 35 27 26 12 9 20 2 18 17 11 29 38 31 6 33 43 7 4 30 14 13 23 34 41 42 40 39 
0 14
1 9
2 23
3 15
4 34
5 4
6 30
7 33
8 3
9 21
10 8
11 26
12 20
13 37
14 36
15 1
16 7
17 25
18 24
19 10
20 22
21 16
22 13
23 38
24 2
25 12
26 19
27 18
28 5
29 27
30 35
31 29
32 0
33 31
34 39
35 17
36 11
37 6
38 28
39 43
40 42
41 40
42 41
43 32
SIMILAR

36 41 34 43 35 33 21 25 40 42 0 6 38 26 11 15 37 3 32 29 7 27 5 9 10 4 28 8 2 23 39 12 13 16 17 30 18 22 19 20 31 1 14 24 
0 10
1 41
2 28
3 17
4 25
5 22
6 11
7 20
8 27
9 23
10 24
11 14
12 31
13 32
14 42
15 15
16 33
17 34
18 36
19 38
20 39
21 6
22 37
23 29
24 43
25 7
26 13
27 21
28 26
29 19
30 35
31 40
32 18
33 5
34 2
35 4
36 0
37 16
38 12
39 30
40 8
41 1
42 9
43 3
SIMILAR

23 13 30 14 2 0 4 3 41 10 22 28 43 12 11 31 21 1 8 20 32 7 6 40 35 36 37 33 25 16 24 34 39 38 15 26 27 5 29 19 42 17 18 9 
0 5
1 17
2 4
3 7
4 6
5 37
6 22
7 21
8 18
9 43
10 9
11 14
12 13
13 1
14 3
15 34
16 29
17 41
18 42
19 39
20 19
21 16
22 10
23 0
24 30
25 28
26 35
27 36
28 11
29 38
30 2
31 15
32 20
33 27
34 31
35 24
36 25
37 26
38 33
39 32
40 23
41 8
42 40
43 12
SIMILAR

23 12 17 0 27 28 37 7 32 16 36 34 19 25 26 4 41 29 5 43 22 6 31 21 13 38 35 10 30 15 9 8 20 14 18 33 11 40 2 42 3 39 1 24 
0 3
1 42
2 38
3 40
4 15
5 18
6 21
7 7
8 31
9 30
10 27
11 36
12 1
13 24
14 33
15 29
16 9
17 2
18 34
19 12
20 32
21 23
22 20
23 0
24 43
25 13
26 14
27 4
28 5
29 17
30 28
31 22
32 8
33 35
34 11
35 26
36 10
37 6
38 25
39 41
40 37
41 16
42 39
43 19
SIMILAR

32 29 10 0 22 5 1 17 12 28 11 24 23 3 38 18 20 39 43 27 4 9 40 16 31 19 21 2 8 42 14 35 26 13 15 7 30 25 36 41 33 37 6 34 
0 3
1 6
2 27
3 13
4 20
5 5
6 42
7 35
8 28
9 21
10 2
11 10
12 8
13 33
14 30
15 34
16 23
17 7
18 15
19 25
20 16
21 26
22 4
23 12
24 11
25 37
26 32
27 19
28 9
29 1
30 36
31 24
32 0
33 40
34 43
35 31
36 38
37 41
38 14
39 17
40 22
41 39
42 29
43 18
SIMILAR

5 41 27 32 1 13 43 21 9 8 33 6 19 23 30 11 36 28 17 25 4 20 38 39 14 0 26 40 15 7 3 24 18 42 37 10 35 34 31 12 29 16 2 22 
0 25
1 4
2 42
3 30
4 20
5 0
6 11
7 29
8 9
9 8
10 35
11 15
12 39
13 5
14 24
15 28
16 41
17 18
18 32
19 12
20 21
21 7
22 43
23 13
24 31
25 19
26 26
27 2
28 17
29 40
30 14
31 38
32 3
33 10
34 37
35 36
36 16
37 34
38 22
39 23
40 27
41 1
42 33
43 6
SIMILAR

21 7 6 27 43 1 15 28 30 29 32 17 34 38 33 22 39 2 9 16 11 26 3 20 41 4 5 23 31 36 35 18 42 40 24 8 13 10 19 0 14 25 12 37 
0 39
1 5
2 17
3 22
4 25
5 26
6 2
7 1
8 35
9 18
10 37
11 20
12 42
13 36
14 40
15 6
16 19
17 11
18 31
19 38
20 23
21 0
22 15
23 27
24 34
25 41
26 21
27 3
28 7
29 9
30 8
31 28
32 10
33 14
34 12
35 30
36 29
37 43
38 13
39 16
40 33
41 24
42 32
43 4
SIMILAR

3 33 29 26 22 5 34 36 17 19 27 12 7 39 21 0 15 2 18 25 35 43 40 37 30 8 14 13 20 41 11 23 28 10 9 32 38 6 16 31 42 24 4 1 
0 15
1 43
2 17
3 0
4 42
5 5
6 37
7 12
8 25
9 34
10 33
11 30
12 11
13 27
14 26
15 16
16 38
17 8
18 18
19 9
20 28
21 14
22 4
23 31
24 41
25 19
26 3
27 10
28 32
29 2
30 24
31 39
32 35
33 1
34 6
35 20
36 7
37 23
38 36
39 13
40 22
41 29
42 40
43 21
SIMILAR

35 22 33 8 15 36 40 19 14 2 17 37 31 27 29 18 25 34 41 11 9 12 24 3 42 43 26 28 1 21 38 16 20 13 0 7 32 23 30 6 5 39 10 4 
0 34
1 28
2 9
3 23
4 43
5 40
6 39
7 35
8 3
9 20
10 42
11 19
12 21
13 33
14 8
15 4
16 31
17 10
18 15
19 7
20 32
21 29
22 1
23 37
24 22
25 16
26 26
27 13
28 27
29 14
30 38
31 12
32 36
33 2
34 17
35 0
36 5
37 11
38 30
39 41
40 6
41 18
42 24
43 25
SIMILAR

33 43 39 15 21 12 38 2 4 20 3 11 0 27 42 16 10 41 14 22 31 9 17 7 36 25 19 18 37 26 6 35 23 13 8 30 32 40 29 1 28 5 24 34 
0 12
1 39
2 7
3 10
4 8
5 41
6 30
7 23
8 34
9 21
10 16
11 11
12 5
13 33
14 18
15 3
16 15
17 22
18 27
19 26
20 9
21 4
22 19
23 32
24 42
25 25
26 29
27 13
28 40
29 38
30 35
31 20
32 36
33 0
34 43
35 31
36 24
37 28
38 6
39 2
40 37
41 17
42 14
43 1
SIMILAR

0 34 5 40 27 8 29 18 25 15 4 7 24 36 14 41 32 30 6 20 22 28 23 10 2 17 21 19 31 1 38 37 3 39 16 42 33 12 9 35 11 13 43 26 
0 0
1 29
2 24
3 32
4 10
5 2
6 18
7 11
8 5
9 38
10 23
11 40
12 37
13 41
14 14
15 9
16 34
17 25
18 7
19 27
20 19
21 26
22 20
23 22
24 12
25 8
26 43
27 4
28 21
29 6
30 17
31 28
32 16
33 36
34 1
35 39
36 13
37 31
38 30
39 33
40 3
41 15
42 35
43 42
SIMILAR

2 41 36 21 9 19 39 17 25 38 12 18 31 16 35 24 37 6 8 5 3 0 28 23 4 30 32 26 10 14 29 27 7 20 15 11 40 34 43 1 22 42 33 13 
0 21
1 39
2 0
3 20
4 24
5 19
6 17
7 32
8 18
9 4
10 28
11 35
12 10
13 43
14 29
15 34
16 13
17 7
18 11
19 5
20 33
21 3
22 40
23 23
24 15
25 8
26 27
27 31
28 22
29 30
30 25
31 12
32 26
33 42
34 37
35 14
36 2
37 16
38 9
39 6
40 36
41 1
42 41
43 38
SIMILAR

22 39 37 3 30 2 6 40 34 0 14 23 36 12 27 35 26 21 25 9 42 19 4 7 24 13 31 8 20 43 16 29 41 17 28 38 32 1 15 5 33 18 11 10 
0 9
1 37
2 5
3 3
4 22
5 39
6 6
7 23
8 27
9 19
10 43
11 42
12 13
13 25
14 10
15 38
16 30
17 33
18 41
19 21
20 28
21 17
22 0
23 11
24 24
25 18
26 16
27 14
28 34
29 31
30 4
31 26
32 36
33 40
34 8
35 15
36 12
37 2
38 35
39 1
40 7
41 32
42 20
43 29
SIMILAR

6 31 21 28 15 25 20 43 32 14 16 26 8 38 41 39 1 5 36 17 23 37 24 35 18 19 22 42 10 3 2 0 27 4 40 29 9 30 13 33 7 11 34 12 
0 31
1 16
2 30
3 29
4 33
5 17
6 0
7 40
8 12
9 36
10 28
11 41
12 43
13 38
14 9
15 4
16 10
17 19
18 24
19 25
20 6
21 2
22 26
23 20
24 22
25 5
26 11
27 32
28 3
29 35
30 37
31 1
32 8
33 39
34 42
35 23
36 18
37 21
38 13
39 15
40 34
41 14
42 27
43 7
SIMILAR

35 40 42 14 12 0 6 2 28 38 27 5 32 36 23 29 4 20 11 10 24 15 7 26 31 1 8 13 25 19 39 21 17 22 43 3 41 9 30 16 37 33 18 34 
0 5
1 25
2 7
3 35
4 16
5 11
6 6
7 22
8 26
9 37
10 19
11 18
12 4
13 27
14 3
15 21
16 39
17 32
18 42
19 29
20 17
21 31
22 33
23 14
24 20
25 28
26 23
27 10
28 8
29 15
30 38
31 24
32 12
33 41
34 43
35 0
36 13
37 40
38 9
39 30
40 1
41 36
42 2
43 34
SIMILAR

41 28 1 18 30 37 21 42 40 3 24 16 8 26 23 17 2 27 6 5 32 39 33 29 9 0 38 7 25 31 15 10 4 36 12 43 13 35 20 34 22 14 11 19 
0 25
1 2
2 16
3 9
4 32
5 19
6 18
7 27
8 12
9 24
10 31
11 42
12 34
13 36
14 41
15 30
16 11
17 15
18 3
19 43
20 38
21 6
22 40
23 14
24 10
25 28
26 13
27 17
28 1
29 23
30 4
31 29
32 20
33 22
34 39
35 37
36 33
37 5
38 26
39 21
40 8
41 0
42 7
43 35
SIMILAR

31 20 7 5 34 28 29 42 30 9 36 26 13 15 22 18 14 0 41 11 10 24 16 2 35 39 38 43 21 1 8 4 12 23 33 25 3 37 40 17 6 19 27 32 
0 17
1 29
2 23
3 36
4 31
5 3
6 40
7 2
8 30
9 9
10 20
11 19
12 32
13 12
14 16
15 13
16 22
17 39
18 15
19 41
20 1
21 28
22 14
23 33
24 21
25 35
26 11
27 42
28 5
29 6
30 8
31 0
32 43
33 34
34 4
35 24
36 10
37 37
38 26
39 25
40 38
41 18
42 7
43 27
SIMILAR

35 14 5 9 13 2 6 42 25 43 40 23 38 31 24 20 30 26 8 3 37 27 11 16 10 34 7 32 33 19 4 29 18 17 41 1 36 12 0 28 15 22 21 39 
0 38
1 35
2 5
3 19
4 30
5 2
6 6
7 26
8 18
9 3
10 24
11 22
12 37
13 4
14 1
15 40
16 23
17 33
18 32
19 29
20 15
21 42
22 41
23 11
24 14
25 8
26 17
27 21
28 39
29 31
30 16
31 13
32 27
33 28
34 25
35 0
36 36
37 20
38 12
39 43
40 10
41 34
42 7
43 9
SIMILAR

26 4 15 41 5 34 23 27 13 32 19 37 42 11 30 40 1 0 17 24 35 25 28 14 43 33 3 7 21 9 18 6 29 38 31 8 2 16 10 20 12 22 36 39 
0 17
1 16
2 36
3 26
4 1
5 4
6 31
7 27
8 35
9 29
10 38
11 13
12 40
13 8
14 23
15 2
16 37
17 18
18 30
19 10
20 39
21 28
22 41
23 6
24 19
25 21
26 0
27 7
28 22
29 32
30 14
31 34
32 9
33 25
34 5
35 20
36 42
37 11
38 33
39 43
40 15
41 3
42 12
43 24
SIMILAR

10 31 15 9 39 23 16 34 1 0 40 11 26 29 32 13 6 17 27 14 19 36 3 37 28 24 25 4 38 20 18 2 33 21 30 7 41 8 42 35 22 12 5 43 
0 9
1 8
2 31
3 22
4 27
5 42
6 16
7 35
8 37
9 3
10 0
11 11
12 41
13 15
14 19
15 2
16 6
17 17
18 30
19 20
20 29
21 33
22 40
23 5
24 25
25 26
26 12
27 18
28 24
29 13
30 34
31 1
32 14
33 32
34 7
35 39
36 21
37 23
38 28
39 4
40 10
41 36
42 38
43 43
SIMILAR

34 20 15 11 33 43 23 4 36 18 27 7 21 35 22 14 24 6 13 2 9 30 40 42 1 29 16 19 8 41 37 0 5 31 38 32 12 10 28 26 17 25 39 3 
0 31
1 24
2 19
3 43
4 7
5 32
6 17
7 11
8 28
9 20
10 37
11 3
12 36
13 18
14 15
15 2
16 26
17 40
18 9
19 27
20 1
21 12
22 14
23 6
24 16
25 41
26 39
27 10
28 38
29 25
30 21
31 33
32 35
33 4
34 0
35 13
36 8
37 30
38 34
39 42
40 22
41 29
42 23
43 5
SIMILAR

40 36 13 43 33 37 1 7 28 30 17 39 3 27 20 12 6 0 38 25 5 18 31 9 11 32 26 24 29 41 21 35 8 19 2 23 10 14 34 16 4 42 15 22 
0 17
1 6
2 34
3 12
4 40
5 20
6 16
7 7
8 32
9 23
10 36
11 24
12 15
13 2
14 37
15 42
16 39
17 10
18 21
19 33
20 14
21 30
22 43
23 35
24 27
25 19
26 26
27 13
28 8
29 28
30 9
31 22
32 25
33 4
34 38
35 31
36 1
37 5
38 18
39 11
40 0
41 29
42 41
43 3
SIMILAR

28 21 10 43 17 27 38 41 15 33 29 26 37 13 0 8 22 24 9 40 14 32 6 12 1 3 34 36 42 20 25 23 4 11 18 19 5 7 2 16 31 30 35 39 
0 14
1 24
2 38
3 25
4 32
5 36
6 22
7 37
8 15
9 18
10 2
11 33
12 23
13 13
14 20
15 8
16 39
17 4
18 34
19 35
20 29
21 1
22 16
23 31
24 17
25 30
26 11
27 5
28 0
29 10
30 41
31 40
32 21
33 9
34 26
35 42
36 27
37 12
38 6
39 43
40 19
41 7
42 28
43 3
SIMILAR

36 21 22 6 43 31 30 25 23 11 19 29 42 5 15 32 13 17 35 37 28 41 33 2 7 34 4 12 38 0 27 1 24 14 18 3 40 9 16 26 10 8 39 20 
0 29
1 31
2 23
3 35
4 26
5 13
6 3
7 24
8 41
9 37
10 40
11 9
12 27
13 16
14 33
15 14
16 38
17 17
18 34
19 10
20 43
21 1
22 2
23 8
24 32
25 7
26 39
27 30
28 20
29 11
30 6
31 5
32 15
33 22
34 25
35 18
36 0
37 19
38 28
39 42
40 36
41 21
42 12
43 4
SIMILAR

9 2 24 21 4 42 6 34 8 38 35 13 19 1 43 3 7 40 26 10 0 41 18 30 20 33 23 16 36 39 32 37 22 25 28 5 15 17 11 29 31 27 14 12 
0 20
1 13
2 1
3 15
4 4
5 35
6 6
7 16
8 8
9 0
10 19
11 38
12 43
13 11
14 42
15 36
16 27
17 37
18 22
19 12
20 24
21 3
22 32
23 26
24 2
25 33
26 18
27 41
28 34
29 39
30 23
31 40
32 30
33 25
34 7
35 10
36 28
37 31
38 9
39 29
40 17
41 21
42 5
43 14
SIMILAR

27 22 40 17 19 13 12 9 42 34 11 26 31 39 38 30 5 36 37 43 3 41 16 0 6 35 28 29 25 10 8 18 15 21 7 23 32 20 33 14 24 1 4 2 
0 23
1 41
2 43
3 20
4 42
5 16
6 24
7 34
8 30
9 7
10 29
11 10
12 6
13 5
14 39
15 32
16 22
17 3
18 31
19 4
20 37
21 33
22 1
23 35
24 40
25 28
26 11
27 0
28 26
29 27
30 15
31 12
32 36
33 38
34 9
35 25
36 17
37 18
38 14
39 13
40 2
41 21
42 8
43 19
SIMILAR

24 4 15 10 23 8 34 17 18 0 11 30 35 20 39 1 16 3 22 43 37 5 12 33 31 14 40 19 42 28 36 27 7 26 41 25 38 21 29 6 13 9 32 2 
0 9
1 15
2 43
3 17
4 1
5 21
6 39
7 32
8 5
9 41
10 3
11 10
12 22
13 40
14 25
15 2
16 16
17 7
18 8
19 27
20 13
21 37
22 18
23 4
24 0
25 35
26 33
27 31
28 29
29 38
30 11
31 24
32 42
33 23
34 6
35 12
36 30
37 20
38 36
39 14
40 26
41 34
42 28
43 19
SIMILAR

41 2 32 34 20 31 29 35 7 19 43 9 24 21 13 1 8 6 36 30 28 33 0 40 3 37 10 27 5 16 18 42 15 17 23 12 25 22 38 4 26 14 11 39 
0 22
1 15
2 1
3 24
4 39
5 28
6 17
7 8
8 16
9 11
10 26
11 42
12 35
13 14
14 41
15 32
16 29
17 33
18 30
19 9
20 4
21 13
22 37
23 34
24 12
25 36
26 40
27 27
28 20
29 6
30 19
31 5
32 2
33 21
34 3
35 7
36 18
37 25
38 38
39 43
40 23
41 0
42 31
43 10
SIMILAR

6 13 33 31 32 27 35 37 17 19 29 12 20 28 16 4 5 1 36 0 38 9 39 8 30 7 24 41 14 43 15 42 10 3 18 34 21 25 23 22 11 2 40 26 
0 19
1 17
2 41
3 33
4 15
5 16
6 0
7 25
8 23
9 21
10 32
11 40
12 11
13 1
14 28
15 30
16 14
17 8
18 34
19 9
20 12
21 36
22 39
23 38
24 26
25 37
26 43
27 5
28 13
29 10
30 24
31 3
32 4
33 2
34 35
35 6
36 18
37 7
38 20
39 22
40 42
41 27
42 31
43 29
SIMILAR

25 21 18 20 14 35 6 34 22 10 40 32 39 38 15 24 17 23 42 7 33 3 8 13 30 2 19 0 36 1 41 5 29 43 28 9 4 26 37 16 27 12 11 31 
0 27
1 29
2 25
3 21
4 36
5 31
6 6
7 19
8 22
9 35
10 9
11 42
12 41
13 23
14 4
15 14
16 39
17 16
18 2
19 26
20 3
21 1
22 8
23 17
24 15
25 0
26 37
27 40
28 34
29 32
30 24
31 43
32 11
33 20
34 7
35 5
36 28
37 38
38 13
39 12
40 10
41 30
42 18
43 33
SIMILAR

4 38 12 28 40 3 27 14 15 5 18 42 25 26 35 10 19 13 22 41 11 1 21 36 29 32 9 2 24 7 20 37 23 17 6 30 16 8 33 0 34 39 43 31 
0 39
1 21
2 27
3 5
4 0
5 9
6 34
7 29
8 37
9 26
10 15
11 20
12 2
13 17
14 7
15 8
16 36
17 33
18 10
19 16
20 30
21 22
22 18
23 32
24 28
25 12
26 13
27 6
28 3
29 24
30 35
31 43
32 25
33 38
34 40
35 14
36 23
37 31
38 1
39 41
40 4
41 19
42 11
43 42
SIMILAR

21 29 14 13 15 3 40 23 0 17 8 12 6 41 1 26 19 30 33 4 31 2 20 24 9 34 43 11 10 22 42 16 5 36 7 39 25 28 35 38 27 37 18 32 
0 8
1 14
2 21
3 5
4 19
5 32
6 12
7 34
8 10
9 24
10 28
11 27
12 11
13 3
14 2
15 4
16 31
17 9
18 42
19 16
20 22
21 0
22 29
23 7
24 23
25 36
26 15
27 40
28 37
29 1
30 17
31 20
32 43
33 18
34 25
35 38
36 33
37 41
38 39
39 35
40 6
41 13
42 30
43 26
SIMILAR

33 8 0 34 13 28 43 6 27 19 32 31 3 30 42 17 26 9 29 7 22 21 40 12 4 15 1 11 37 2 5 36 35 18 24 14 10 41 16 20 23 39 38 25 
0 2
1 26
2 29
3 12
4 24
5 30
6 7
7 19
8 1
9 17
10 36
11 27
12 23
13 4
14 35
15 25
16 38
17 15
18 33
19 9
20 39
21 21
22 20
23 40
24 34
25 43
26 16
27 8
28 5
29 18
30 13
31 11
32 10
33 0
34 3
35 32
36 31
37 28
38 42
39 41
40 22
41 37
42 14
43 6
SIMILAR

23 0 32 27 33 34 39 2 37 24 10 30 36 19 4 21 7 42 9 14 11 41 25 13 28 17 22 20 8 18 15 6 35 5 38 3 31 26 40 43 1 16 29 12 
0 1
1 40
2 7
3 35
4 14
5 33
6 31
7 16
8 28
9 18
10 10
11 20
12 43
13 23
14 19
15 30
16 41
17 25
18 29
19 13
20 27
21 15
22 26
23 0
24 9
25 22
26 37
27 3
28 24
29 42
30 11
31 36
32 2
33 4
34 5
35 32
36 12
37 8
38 34
39 6
40 38
41 21
42 17
43 39
SIMILAR

28 33 29 24 39 32 16 7 31 10 9 18 3 36 15 14 38 20 27 0 6 5 42 43 13 23 12 21 41 34 26 19 37 11 25 2 8 22 35 1 4 30 40 17 
0 19
1 39
2 35
3 12
4 40
5 21
6 20
7 7
8 36
9 10
10 9
11 33
12 26
13 24
14 15
15 14
16 6
17 43
18 11
19 31
20 17
21 27
22 37
23 25
24 3
25 34
26 30
27 18
28 0
29 2
30 41
31 8
32 5
33 1
34 29
35 38
36 13
37 32
38 16
39 4
40 42
41 28
42 22
43 23
SIMILAR

6 3 40 16 15 25 35 0 18 14 29 2 31 5 43 26 4 22 39 10 28 27 7 13 20 42 24 8 11 30 21 23 1 34 36 38 33 19 37 17 9 32 41 12 
0 7
1 32
2 11
3 1
4 16
5 13
6 0
7 22
8 27
9 40
10 19
11 28
12 43
13 23
14 9
15 4
16 3
17 39
18 8
19 37
20 24
21 30
22 17
23 31
24 26
25 5
26 15
27 21
28 20
29 10
30 29
31 12
32 41
33 36
34 33
35 6
36 34
37 38
38 35
39 18
40 2
41 42
42 25
43 14
SIMILAR

25 40 0 42 1 8 30 9 27 31 10 43 6 5 36 11 33 23 14 13 22 38 34 2 18 12 3 35 41 32 26 20 16 29 28 4 24 15 37 19 21 17 7 39 
0 2
1 4
2 23
3 26
4 35
5 13
6 12
7 42
8 5
9 7
10 10
11 15
12 25
13 19
14 18
15 37
16 32
17 41
18 24
19 39
20 31
21 40
22 20
23 17
24 36
25 0
26 30
27 8
28 34
29 33
30 6
31 9
32 29
33 16
34 22
35 27
36 14
37 38
38 21
39 43
40 1
41 28
42 3
43 11
SIMILAR

16 33 27 41 19 30 0 26 28 37 8 11 10 38 20 5 1 43 17 3 31 12 18 15 4 32 21 34 2 35 9 7 25 42 29 36 39 23 6 24 40 14 13 22 
0 6
1 16
2 28
3 19
4 24
5 15
6 38
7 31
8 10
9 30
10 12
11 11
12 21
13 42
14 41
15 23
16 0
17 18
18 22
19 4
20 14
21 26
22 43
23 37
24 39
25 32
26 7
27 2
28 8
29 34
30 5
31 20
32 25
33 1
34 27
35 29
36 35
37 9
38 13
39 36
40 40
41 3
42 33
43 17
SIMILAR

43 0 24 26 22 7 33 11 16 38 37 27 1 12 30 34 6 13 36 15 2 5 4 41 29 19 31 10 39 14 40 35 42 18 32 21 28 17 23 20 8 9 3 25 
0 1
1 12
2 20
3 42
4 22
5 21
6 16
7 5
8 40
9 41
10 27
11 7
12 13
13 17
14 29
15 19
16 8
17 37
18 33
19 25
20 39
21 35
22 4
23 38
24 2
25 43
26 3
27 11
28 36
29 24
30 14
31 26
32 34
33 6
34 15
35 31
36 18
37 10
38 9
39 28
40 30
41 23
42 32
43 0
SIMILAR

10 7 17 40 27 15 41 8 31 19 0 26 12 28 43 18 33 14 6 4 30 25 11 38 3 29 24 1 23 39 32 22 16 9 36 42 34 21 5 37 20 13 35 2 
0 10
1 27
2 43
3 24
4 19
5 38
6 18
7 1
8 7
9 33
10 0
11 22
12 12
13 41
14 17
15 5
16 32
17 2
18 15
19 9
20 40
21 37
22 31
23 28
24 26
25 21
26 11
27 4
28 13
29 25
30 20
31 8
32 30
33 16
34 36
35 42
36 34
37 39
38 23
39 29
40 3
41 6
42 35
43 14
SIMILAR

0 32 39 10 22 35 42 23 34 43 37 26 6 28 8 31 40 7 36 17 5 20 14 33 30 27 9 25 15 38 2 21 41 12 1 24 13 4 11 16 19 29 3 18 
0 0
1 34
2 30
3 42
4 37
5 20
6 12
7 17
8 14
9 26
10 3
11 38
12 33
13 36
14 22
15 28
16 39
17 19
18 43
19 40
20 21
21 31
22 4
23 7
24 35
25 27
26 11
27 25
28 13
29 41
30 24
31 15
32 1
33 23
34 8
35 5
36 18
37 10
38 29
39 2
40 16
41 32
42 6
43 9
SIMILAR

42 23 30 2 9 8 13 36 33 40 20 22 19 38 18 26 34 39 11 17 24 3 15 28 4 37 12 27 0 41 7 6 5 29 14 10 25 21 32 35 31 16 43 1 
0 28
1 43
2 3
3 21
4 24
5 32
6 31
7 30
8 5
9 4
10 35
11 18
12 26
13 6
14 34
15 22
16 41
17 19
18 14
19 12
20 10
21 37
22 11
23 1
24 20
25 36
26 15
27 27
28 23
29 33
30 2
31 40
32 38
33 8
34 16
35 39
36 7
37 25
38 13
39 17
40 9
41 29
42 0
43 42
SIMILAR

33 37 26 3 32 1 36 22 38 16 42 31 7 10 24 0 8 23 14 30 34 13 35 20 21 12 4 11 40 19 15 18 17 27 41 29 25 39 28 5 43 9 2 6 
0 15
1 5
2 42
3 3
4 26
5 39
6 43
7 12
8 16
9 41
10 13
11 27
12 25
13 21
14 18
15 30
16 9
17 32
18 31
19 29
20 23
21 24
22 7
23 17
24 14
25 36
26 2
27 33
28 38
29 35
30 19
31 11
32 4
33 0
34 20
35 22
36 6
37 1
38 8
39 37
40 28
41 34
42 10
43 40
SIMILAR

42 0 29 16 34 13 28 17 15 5 37 41 31 40 36 10 12 19 23 2 3 14 9 20 26 25 30 24 27 32 35 38 39 18 1 4 21 7 6 22 11 33 8 43 
0 1
1 34
2 19
3 20
4 35
5 9
6 38
7 37
8 42
9 22
10 15
11 40
12 16
13 5
14 21
15 8
16 3
17 7
18 33
19 17
20 23
21 36
22 39
23 18
24 27
25 25
26 24
27 28
28 6
29 2
30 26
31 12
32 29
33 41
34 4
35 30
36 14
37 10
38 31
39 32
40 13
41 11
42 0
43 43
SIMILAR

5 40 12 31 26 8 22 20 35 41 6 38 0 23 4 2 32 16 1 7 43 37 42 17 19 33 36 24 10 30 28 14 29 3 34 21 9 13 27 39 11 15 18 25 
0 12
1 18
2 15
3 33
4 14
5 0
6 10
7 19
8 5
9 36
10 28
11 40
12 2
13 37
14 31
15 41
16 17
17 23
18 42
19 24
20 7
21 35
22 6
23 13
24 27
25 43
26 4
27 38
28 30
29 32
30 29
31 3
32 16
33 25
34 34
35 8
36 26
37 21
38 11
39 39
40 1
41 9
42 22
43 20
SIMILAR

2 16 20 28 34 21 11 22 39 25 24 40 6 42 5 30 12 3 8 32 17 4 37 9 36 7 0 41 27 35 31 18 13 14 33 38 1 29 15 43 19 10 26 23 
0 26
1 36
2 0
3 17
4 21
5 14
6 12
7 25
8 18
9 23
10 41
11 6
12 16
13 32
14 33
15 38
16 1
17 20
18 31
19 40
20 2
21 5
22 7
23 43
24 10
25 9
26 42
27 28
28 3
29 37
30 15
31 30
32 19
33 34
34 4
35 29
36 24
37 22
38 35
39 8
40 11
41 27
42 13
43 39
SIMILAR

3 10 36 18 11 15 41 24 39 7 6 17 13 5 29 19 33 4 35 12 2 28 9 32 43 34 14 23 8 42 25 16 21 40 38 30 31 26 1 37 0 22 27 20 
0 40
1 38
2 20
3 0
4 17
5 13
6 10
7 9
8 28
9 22
10 1
11 4
12 19
13 12
14 26
15 5
16 31
17 11
18 3
19 15
20 43
21 32
22 41
23 27
24 7
25 30
26 37
27 42
28 21
29 14
30 35
31 36
32 23
33 16
34 25
35 18
36 2
37 39
38 34
39 8
40 33
41 6
42 29
43 24
SIMILAR

41 13 33 31 11 24 40 30 26 5 23 36 9 10 18 14 43 6 42 17 2 1 34 4 21 25 15 35 32 20 19 7 29 3 0 8 37 39 16 27 38 22 28 12 
0 34
1 21
2 20
3 33
4 23
5 9
6 17
7 31
8 35
9 12
10 13
11 4
12 43
13 1
14 15
15 26
16 38
17 19
18 14
19 30
20 29
21 24
22 41
23 10
24 5
25 25
26 8
27 39
28 42
29 32
30 7
31 3
32 28
33 2
34 22
35 27
36 11
37 36
38 40
39 37
40 6
41 0
42 18
43 16
SIMILAR

7 19 5 4 22 27 13 1 38 35 16 2 3 31 32 24 0 12 17 36 26 14 9 11 10 25 28 37 42 33 34 29 41 21 39 40 20 6 15 18 23 43 30 8 
0 16
1 7
2 11
3 12
4 3
5 2
6 37
7 0
8 43
9 22
10 24
11 23
12 17
13 6
14 21
15 38
16 10
17 18
18 39
19 1
20 36
21 33
22 4
23 40
24 15
25 25
26 20
27 5
28 26
29 31
30 42
31 13
32 14
33 29
34 30
35 9
36 19
37 27
38 8
39 34
40 35
41 32
42 28
43 41
SIMILAR

8 39 42 32 4 37 34 3 6 0 15 27 18 19 12 23 38 24 16 28 21 33 1 5 20 31 22 43 41 11 30 29 7 2 9 17 25 26 35 36 14 40 10 13 
0 9
1 22
2 33
3 7
4 4
5 23
6 8
7 32
8 0
9 34
10 42
11 29
12 14
13 43
14 40
15 10
16 18
17 35
18 12
19 13
20 24
21 20
22 26
23 15
24 17
25 36
26 37
27 11
28 19
29 31
30 30
31 25
32 3
33 21
34 6
35 38
36 39
37 5
38 16
39 1
40 41
41 28
42 2
43 27
SIMILAR

3 11 33 20 38 4 34 41 27 9 23 1 7 2 31 43 30 24 0 36 37 13 14 22 17 32 28 25 42 16 6 19 12 26 8 10 35 18 29 21 5 39 15 40 
0 18
1 11
2 13
3 0
4 5
5 40
6 30
7 12
8 34
9 9
10 35
11 1
12 32
13 21
14 22
15 42
16 29
17 24
18 37
19 31
20 3
21 39
22 23
23 10
24 17
25 27
26 33
27 8
28 26
29 38
30 16
31 14
32 25
33 2
34 6
35 36
36 19
37 20
38 4
39 41
40 43
41 7
42 28
43 15
SIMILAR

3 39 7 2 1 0 28 43 30 32 24 6 20 8 29 19 15 22 26 37 31 27 16 17 35 14 13 23 40 18 33 4 25 42 36 12 21 38 34 9 5 41 10 11 
0 5
1 4
2 3
3 0
4 31
5 40
6 11
7 2
8 13
9 39
10 42
11 43
12 35
13 26
14 25
15 16
16 22
17 23
18 29
19 15
20 12
21 36
22 17
23 27
24 10
25 32
26 18
27 21
28 6
29 14
30 8
31 20
32 9
33 30
34 38
35 24
36 34
37 19
38 37
39 1
40 28
41 41
42 33
43 7
SIMILAR

27 12 32 28 3 35 42 9 11 17 33 43 22 13 16 26 39 23 18 15 7 2 1 20 30 0 29 37 6 19 14 38 31 4 8 36 21 5 34 10 41 25 24 40 
0 25
1 22
2 21
3 4
4 33
5 37
6 28
7 20
8 34
9 7
10 39
11 8
12 1
13 13
14 30
15 19
16 14
17 9
18 18
19 29
20 23
21 36
22 12
23 17
24 42
25 41
26 15
27 0
28 3
29 26
30 24
31 32
32 2
33 10
34 38
35 5
36 35
37 27
38 31
39 16
40 43
41 40
42 6
43 11
SIMILAR

6 4 29 27 36 22 9 33 26 8 0 35 25 32 37 21 12 19 24 41 3 16 39 42 13 28 38 18 5 14 31 40 17 34 10 43 1 11 20 23 7 15 30 2 
0 10
1 36
2 43
3 20
4 1
5 28
6 0
7 40
8 9
9 6
10 34
11 37
12 16
13 24
14 29
15 41
16 21
17 32
18 27
19 17
20 38
21 15
22 5
23 39
24 18
25 12
26 8
27 3
28 25
29 2
30 42
31 30
32 13
33 7
34 33
35 11
36 4
37 14
38 26
39 22
40 31
41 19
42 23
43 35
SIMILAR

19 40 5 36 1 37 27 43 22 2 25 32 34 20 17 18 12 28 14 10 38 21 23 6 26 30 15 41 9 3 35 7 4 0 33 31 29 11 24 13 8 16 39 42 
0 33
1 4
2 9
3 29
4 32
5 2
6 23
7 31
8 40
9 28
10 19
11 37
12 16
13 39
14 18
15 26
16 41
17 14
18 15
19 0
20 13
21 21
22 8
23 22
24 38
25 10
26 24
27 6
28 17
29 36
30 25
31 35
32 11
33 34
34 12
35 30
36 3
37 5
38 20
39 42
40 1
41 27
42 43
43 7
SIMILAR

10 2 42 0 4 29 19 9 39 3 24 7 6 13 35 34 5 43 11 25 1 27 8 41 14 38 15 21 18 40 32 16 12 33 26 17 36 20 37 22 30 23 28 31 
0 3
1 20
2 1
3 9
4 4
5 16
6 12
7 11
8 22
9 7
10 0
11 18
12 32
13 13
14 24
15 26
16 31
17 35
18 28
19 6
20 37
21 27
22 39
23 41
24 10
25 19
26 34
27 21
28 42
29 5
30 40
31 43
32 30
33 33
34 15
35 14
36 36
37 38
38 25
39 8
40 29
41 23
42 2
43 17
SIMILAR

16 31 41 10 37 12 29 25 7 18 15 26 2 22 0 36 42 38 33 13 39 40 3 20 6 1 43 32 27 5 17 28 35 4 34 19 23 21 14 30 9 11 24 8 
0 14
1 25
2 12
3 22
4 33
5 29
6 24
7 8
8 43
9 40
10 3
11 41
12 5
13 19
14 38
15 10
16 0
17 30
18 9
19 35
20 23
21 37
22 13
23 36
24 42
25 7
26 11
27 28
28 31
29 6
30 39
31 1
32 27
33 18
34 34
35 32
36 15
37 4
38 17
39 20
40 21
41 2
42 16
43 26
SIMILAR

0 30 10 26 21 1 9 4 25 28 24 42 19 43 5 29 32 14 15 33 41 38 7 3 11 34 31 37 40 17 16 12 6 35 22 39 13 8 20 27 18 36 23 2 
0 0
1 5
2 43
3 23
4 7
5 14
6 32
7 22
8 37
9 6
10 2
11 24
12 31
13 36
14 17
15 18
16 30
17 29
18 40
19 12
20 38
21 4
22 34
23 42
24 10
25 8
26 3
27 39
28 9
29 15
30 1
31 26
32 16
33 19
34 25
35 33
36 41
37 27
38 21
39 35
40 28
41 20
42 11
43 13
SIMILAR

38 6 43 37 2 39 18 30 27 42 8 14 10 28 33 41 15 1 36 12 3 0 29 17 19 20 13 24 7 11 40 4 26 23 25 31 5 9 34 35 22 32 21 16 
0 21
1 17
2 4
3 20
4 31
5 36
6 1
7 28
8 10
9 37
10 12
11 29
12 19
13 26
14 11
15 16
16 43
17 23
18 6
19 24
20 25
21 42
22 40
23 33
24 27
25 34
26 32
27 8
28 13
29 22
30 7
31 35
32 41
33 14
34 38
35 39
36 18
37 3
38 0
39 5
40 30
41 15
42 9
43 2
SIMILAR

13 31 14 4 8 37 11 33 15 25 9 43 26 22 27 42 24 0 35 32 38 2 30 19 28 17 16 41 7 21 36 1 29 6 20 3 40 18 5 34 39 23 12 10 
0 17
1 31
2 21
3 35
4 3
5 38
6 33
7 28
8 4
9 10
10 43
11 6
12 42
13 0
14 2
15 8
16 26
17 25
18 37
19 23
20 34
21 29
22 13
23 41
24 16
25 9
26 12
27 14
28 24
29 32
30 22
31 1
32 19
33 7
34 39
35 18
36 30
37 5
38 20
39 40
40 36
41 27
42 15
43 11
SIMILAR

43 7 21 6 10 0 25 22 27 39 35 33 26 24 8 14 11 20 38 30 40 32 1 23 31 9 4 36 37 16 19 17 34 3 41 13 29 2 42 5 18 28 12 15 
0 5
1 22
2 37
3 33
4 26
5 39
6 3
7 1
8 14
9 25
10 4
11 16
12 42
13 35
14 15
15 43
16 29
17 31
18 40
19 30
20 17
21 2
22 7
23 23
24 13
25 6
26 12
27 8
28 41
29 36
30 19
31 24
32 21
33 11
34 32
35 10
36 27
37 28
38 18
39 9
40 20
41 34
42 38
43 0
SIMILAR

29 35 0 38 43 3 41 19 33 31 37 20 18 24 22 30 8 25 40 12 36 1 6 27 13 15 34 5 9 11 21 42 10 28 26 4 23 16 2 39 14 7 17 32 
0 2
1 21
2 38
3 5
4 35
5 27
6 22
7 41
8 16
9 28
10 32
11 29
12 19
13 24
14 40
15 25
16 37
17 42
18 12
19 7
20 11
21 30
22 14
23 36
24 13
25 17
26 34
27 23
28 33
29 0
30 15
31 9
32 43
33 8
34 26
35 1
36 20
37 10
38 3
39 39
40 18
41 6
42 31
43 4
SIMILAR

43 18 27 17 14 5 25 1 31 21 3 20 23 28 39 37 12 29 36 26 34 11 35 32 22 42 6 10 16 41 38 33 24 15 13 2 19 0 7 8 4 40 9 30 
0 37
1 7
2 35
3 10
4 40
5 5
6 26
7 38
8 39
9 42
10 27
11 21
12 16
13 34
14 4
15 33
16 28
17 3
18 1
19 36
20 11
21 9
22 24
23 12
24 32
25 6
26 19
27 2
28 13
29 17
30 43
31 8
32 23
33 31
34 20
35 22
36 18
37 15
38 30
39 14
40 41
41 29
42 25
43 0
SIMILAR

28 12 7 29 23 22 15 25 37 4 35 39 9 18 1 34 20 0 38 42 2 33 32 11 27 40 13 16 6 41 24 26 43 8 5 36 30 3 14 17 19 10 21 31 
0 17
1 14
2 20
3 37
4 9
5 34
6 28
7 2
8 33
9 12
10 41
11 23
12 1
13 26
14 38
15 6
16 27
17 39
18 13
19 40
20 16
21 42
22 5
23 4
24 30
25 7
26 31
27 24
28 0
29 3
30 36
31 43
32 22
33 21
34 15
35 10
36 35
37 8
38 18
39 11
40 25
41 29
42 19
43 32
SIMILAR

11 43 2 1 13 16 31 38 26 29 33 39 3 5 32 21 34 42 10 15 6 0 28 40 36 8 25 22 24 37 30 4 23 9 18 7 17 19 14 12 20 41 27 35 
0 21
1 3
2 2
3 12
4 31
5 13
6 20
7 35
8 25
9 33
10 18
11 0
12 39
13 4
14 38
15 19
16 5
17 36
18 34
19 37
20 40
21 15
22 27
23 32
24 28
25 26
26 8
27 42
28 22
29 9
30 30
31 6
32 14
33 10
34 16
35 43
36 24
37 29
38 7
39 11
40 23
41 41
42 17
43 1
SIMILAR

40 32 12 24 10 38 30 16 34 18 19 6 27 3 26 37 33 43 0 20 22 9 11 2 5 1 36 28 7 23 29 39 21 4 17 31 14 13 41 15 42 8 35 25 
0 18
1 25
2 23
3 13
4 33
5 24
6 11
7 28
8 41
9 21
10 4
11 22
12 2
13 37
14 36
15 39
16 7
17 34
18 9
19 10
20 19
21 32
22 20
23 29
24 3
25 43
26 14
27 12
28 27
29 30
30 6
31 35
32 1
33 16
34 8
35 42
36 26
37 15
38 5
39 31
40 0
41 38
42 40
43 17
SIMILAR

3 16 26 14 10 41 5 39 31 0 40 15 21 25 7 18 32 20 43 33 38 23 17 42 30 4 11 1 24 6 8 37 22 9 34 12 35 29 36 28 2 27 13 19 
0 9
1 27
2 40
3 0
4 25
5 6
6 29
7 14
8 30
9 33
10 4
11 26
12 35
13 42
14 3
15 11
16 1
17 22
18 15
19 43
20 17
21 12
22 32
23 21
24 28
25 13
26 2
27 41
28 39
29 37
30 24
31 8
32 16
33 19
34 34
35 36
36 38
37 31
38 20
39 7
40 10
41 5
42 23
43 18
SIMILAR

3 40 29 10 34 22 20 1 4 11 33 25 16 26 8 24 35 9 5 32 36 14 37 17 6 15 43 39 27 41 31 23 13 0 2 21 38 7 28 12 30 19 18 42 
0 33
1 7
2 34
3 0
4 8
5 18
6 24
7 37
8 14
9 17
10 3
11 9
12 39
13 32
14 21
15 25
16 12
17 23
18 42
19 41
20 6
21 35
22 5
23 31
24 15
25 11
26 13
27 28
28 38
29 2
30 40
31 30
32 19
33 10
34 4
35 16
36 20
37 22
38 36
39 27
40 1
41 29
42 43
43 26
SIMILAR

23 27 11 12 2 41 16 7 33 32 24 17 18 42 5 37 34 0 21 43 29 3 31 26 9 10 20 25 8 13 39 19 35 4 40 38 14 30 1 36 28 6 22 15 
0 17
1 38
2 4
3 21
4 33
5 14
6 41
7 7
8 28
9 24
10 25
11 2
12 3
13 29
14 36
15 43
16 6
17 11
18 12
19 31
20 26
21 18
22 42
23 0
24 10
25 27
26 23
27 1
28 40
29 20
30 37
31 22
32 9
33 8
34 16
35 32
36 39
37 15
38 35
39 30
40 34
41 5
42 13
43 19
SIMILAR

5 40 3 0 19 32 27 12 6 25 42 10 41 11 1 7 43 33 38 8 28 2 13 22 34 4 9 35 30 26 24 21 20 16 36 23 37 39 17 18 15 31 29 14 
0 3
1 14
2 21
3 2
4 25
5 0
6 8
7 15
8 19
9 26
10 11
11 13
12 7
13 22
14 43
15 40
16 33
17 38
18 39
19 4
20 32
21 31
22 23
23 35
24 30
25 9
26 29
27 6
28 20
29 42
30 28
31 41
32 5
33 17
34 24
35 27
36 34
37 36
38 18
39 37
40 1
41 12
42 10
43 16
SIMILAR

4 14 38 27 18 21 2 33 36 42 41 20 26 13 15 22 3 29 6 12 8 0 39 16 17 34 40 32 19 11 1 43 31 23 5 28 9 35 25 30 24 7 10 37 
0 21
1 30
2 6
3 16
4 0
5 34
6 18
7 41
8 20
9 36
10 42
11 29
12 19
13 13
14 1
15 14
16 23
17 24
18 4
19 28
20 11
21 5
22 15
23 33
24 40
25 38
26 12
27 3
28 35
29 17
30 39
31 32
32 27
33 7
34 25
35 37
36 8
37 43
38 2
39 22
40 26
41 10
42 9
43 31
SIMILAR

0 19 8 29 36 14 30 31 21 23 28 3 9 42 20 33 15 26 4 39 7 6 43 12 22 40 25 37 1 41 35 16 38 32 17 24 2 11 13 5 18 27 34 10 
0 0
1 28
2 36
3 11
4 18
5 39
6 21
7 20
8 2
9 12
10 43
11 37
12 23
13 38
14 5
15 16
16 31
17 34
18 40
19 1
20 14
21 8
22 24
23 9
24 35
25 26
26 17
27 41
28 10
29 3
30 6
31 7
32 33
33 15
34 42
35 30
36 4
37 27
38 32
39 19
40 25
41 29
42 13
43 22
SIMILAR
100 0
2600 0
402600 0
