44
0 1 1 1 1 1 1 0 0 0 0 1 1 1 0 1 1 1 0 1 0 1 1 1 0 0 1 1 0 1 1 1 0 0 1 0 0 0 0 0 1 0 1 1 
1 0 1 1 0 1 1 0 1 0 0 0 1 0 1 1 0 0 0 0 1 0 0 1 1 0 1 1 1 1 1 1 1 1 0 0 1 1 0 1 1 1 0 0 
1 1 0 0 1 1 1 1 1 1 1 0 1 0 0 0 0 1 1 1 1 0 1 0 0 0 1 1 1 1 1 0 1 0 0 0 0 0 0 0 0 0 1 0 
1 1 0 0 0 1 1 0 1 0 1 0 1 1 0 1 1 0 0 0 0 0 0 1 0 0 1 0 0 1 0 0 0 0 1 0 0 0 0 0 1 0 0 0 
1 0 1 0 0 1 0 0 0 0 1 0 1 0 1 0 1 0 1 1 0 0 1 1 0 0 1 0 0 1 0 1 0 1 1 1 1 1 1 0 0 0 1 1 
1 1 1 1 1 0 0 1 1 1 0 0 0 1 0 0 0 0 0 0 0 1 1 0 0 0 0 0 0 1 1 0 0 0 1 0 1 0 1 0 0 1 1 1 
1 1 1 1 0 0 0 0 1 0 0 0 1 1 1 0 1 0 1 0 1 0 0 1 1 1 1 0 1 1 0 0 1 1 0 0 0 0 1 1 1 1 1 0 
0 0 1 0 0 1 0 0 1 1 1 1 1 0 0 0 0 0 0 0 0 0 0 1 1 0 0 1 1 1 1 1 0 0 1 0 0 1 1 1 0 0 0 0 
0 1 1 1 0 1 1 1 0 0 1 0 0 1 1 0 0 1 0 1 1 0 0 1 1 1 1 1 1 0 1 0 0 0 0 0 1 0 0 0 0 1 1 0 
0 0 1 0 0 1 0 1 0 0 1 0 1 0 0 1 0 1 1 1 1 0 0 0 0 0 1 1 1 0 1 1 0 1 1 0 1 1 1 0 0 0 0 1 
0 0 1 1 1 0 0 1 1 1 0 1 0 1 0 1 1 1 0 0 1 0 1 0 1 0 1 1 0 0 0 1 1 0 0 0 1 0 0 0 0 0 1 0 
1 0 0 0 0 0 0 1 0 0 1 0 0 0 1 1 1 1 0 0 1 0 1 1 1 0 1 1 0 0 0 0 0 1 1 1 0 0 1 1 1 1 0 1 
1 1 1 1 1 0 1 1 0 1 0 0 0 0 1 0 1 1 0 0 1 0 1 1 0 0 1 0 1 0 0 0 1 0 0 0 1 0 1 0 1 1 1 1 
1 0 0 1 0 1 1 0 1 0 1 0 0 0 1 1 1 0 0 1 0 0 1 1 0 0 1 0 1 0 0 0 0 1 0 0 1 1 1 1 0 1 0 1 
0 1 0 0 1 0 1 0 1 0 0 1 1 1 0 0 0 0 0 1 1 0 0 1 0 1 1 0 1 1 0 0 0 1 0 0 1 1 0 0 0 0 0 0 
1 1 0 1 0 0 0 0 0 1 1 1 0 1 0 0 1 1 1 1 0 1 1 1 0 1 1 0 0 1 0 1 1 1 1 1 0 0 0 1 0 0 1 0 
1 0 0 1 1 0 1 0 0 0 1 1 1 1 0 1 0 1 1 1 1 0 0 1 0 1 1 1 1 0 1 0 1 1 0 1 0 1 1 1 0 0 1 1 
1 0 1 0 0 0 0 0 1 1 1 1 1 0 0 1 1 0 1 1 1 1 1 0 0 1 0 0 1 0 1 0 1 1 0 0 0 1 0 0 1 0 1 1 
0 0 1 0 1 0 1 0 0 1 0 0 0 0 0 1 1 1 0 1 0 1 0 0 0 0 0 0 0 1 1 0 0 0 0 1 1 1 0 0 0 0 1 1 
1 0 1 0 1 0 0 0 1 1 0 0 0 1 1 1 1 1 1 0 1 1 0 0 1 1 0 0 0 1 0 0 1 0 1 0 1 1 0 0 1 1 1 0 
0 1 1 0 0 0 1 0 1 1 1 1 1 0 1 0 1 1 0 1 0 0 0 1 0 1 1 0 0 0 1 0 0 1 1 0 0 0 0 0 0 0 0 1 
1 0 0 0 0 1 0 0 0 0 0 0 0 0 0 1 0 1 1 1 0 0 1 1 1 1 1 1 0 0 0 1 0 1 0 1 1 0 1 0 0 0 1 1 
1 0 1 0 1 1 0 0 0 0 1 1 1 1 0 1 0 1 0 0 0 1 0 1 0 1 1 1 0 0 1 1 0 1 0 1 0 0 0 0 0 1 1 0 
1 1 0 1 1 0 1 1 1 0 0 1 1 1 1 1 1 0 0 0 1 1 1 0 0 1 1 0 0 0 0 0 0 1 1 0 0 1 1 0 0 0 0 0 
0 1 0 0 0 0 1 1 1 0 1 1 0 0 0 0 0 0 0 1 0 1 0 0 0 1 1 0 0 0 1 1 0 0 1 0 0 0 0 1 0 1 0 1 
0 0 0 0 0 0 1 0 1 0 0 0 0 0 1 1 1 1 0 1 1 1 1 1 1 0 0 0 0 0 1 1 0 0 1 0 1 1 1 0 1 0 0 0 
1 1 1 1 1 0 1 0 1 1 1 1 1 1 1 1 1 0 0 0 1 1 1 1 1 0 0 1 0 0 1 0 1 0 0 0 1 1 0 1 1 0 1 0 
1 1 1 0 0 0 0 1 1 1 1 1 0 0 0 0 1 0 0 0 0 1 1 0 0 0 1 0 1 1 1 0 1 1 0 1 1 1 1 0 0 1 0 1 
0 1 1 0 0 0 1 1 1 1 0 0 1 1 1 0 1 1 0 0 0 0 0 0 0 0 0 1 0 0 1 1 0 0 1 1 0 1 1 0 0 0 0 1 
1 1 1 1 1 1 1 1 0 0 0 0 0 0 1 1 0 0 1 1 0 0 0 0 0 0 0 1 0 0 0 0 0 1 0 1 1 0 1 0 1 1 0 1 
1 1 1 0 0 1 0 1 1 1 0 0 0 0 0 0 1 1 1 0 1 0 1 0 1 1 1 1 1 0 0 0 1 0 1 0 0 0 1 1 1 0 1 0 
1 1 0 0 1 0 0 1 0 1 1 0 0 0 0 1 0 0 0 0 0 1 1 0 1 1 0 0 1 0 0 0 1 0 1 1 1 0 0 1 1 0 0 0 
0 1 1 0 0 0 1 0 0 0 1 0 1 0 0 1 1 1 0 1 0 0 0 0 0 0 1 1 0 0 1 1 0 0 0 1 1 0 1 1 1 1 1 0 
0 1 0 0 1 0 1 0 0 1 0 1 0 1 1 1 1 1 0 0 1 1 1 1 0 0 0 1 0 1 0 0 0 0 1 1 0 1 0 0 1 1 0 0 
1 0 0 1 1 1 0 1 0 1 0 1 0 0 0 1 0 0 0 1 1 0 0 1 1 1 0 0 1 0 1 1 0 1 0 0 0 1 1 1 1 1 0 0 
0 0 0 0 1 0 0 0 0 0 0 1 0 0 0 1 1 0 1 0 0 1 1 0 0 0 0 1 1 1 0 1 1 1 0 0 0 1 0 0 1 0 0 1 
0 1 0 0 1 1 0 0 1 1 1 0 1 1 1 0 0 0 1 1 0 1 0 0 0 1 1 1 0 1 0 1 1 0 0 0 0 0 0 1 1 0 1 0 
0 1 0 0 1 0 0 1 0 1 0 0 0 1 1 0 1 1 1 1 0 0 0 1 0 1 1 1 1 0 0 0 0 1 1 1 0 0 0 0 0 0 0 0 
0 0 0 0 1 1 1 1 0 1 0 1 1 1 0 0 1 0 0 0 0 1 0 1 0 1 0 1 1 1 1 0 1 0 1 0 0 0 0 1 1 1 0 0 
0 1 0 0 0 0 1 1 0 0 0 1 0 1 0 1 1 0 0 0 0 0 0 0 1 0 1 0 0 0 1 1 1 0 1 0 1 0 1 0 0 0 0 0 
1 1 0 1 0 0 1 0 0 0 0 1 1 0 0 0 0 1 0 1 0 0 0 0 0 1 1 0 0 1 1 1 1 1 1 1 1 0 1 0 0 1 0 1 
0 1 0 0 0 1 1 0 1 0 0 1 1 1 0 0 0 0 0 1 0 0 1 0 1 0 0 1 0 1 0 0 1 1 1 0 0 0 1 0 1 0 1 1 
1 0 1 0 1 1 1 0 1 0 1 0 1 0 0 1 1 1 1 1 0 1 1 0 0 0 1 0 0 0 1 0 1 0 0 0 1 0 0 0 0 1 0 0 
1 0 0 0 1 1 0 0 0 1 0 1 1 1 0 0 1 1 1 0 1 1 0 0 1 0 0 1 1 1 0 0 0 0 0 1 0 0 0 0 1 1 0 0 

16 8 4 28 24 41 14 3 27 12 33 13 5 0 6 32 26 40 35 17 2 11 43 21 37 1 18 23 29 36 7 22 34 9 19 42 39 10 30 38 20 31 25 15 
0 13
1 25
2 20
3 7
4 2
5 12
6 14
7 30
8 1
9 33
10 37
11 21
12 9
13 11
14 6
15 43
16 0
17 19
18 26
19 34
20 40
21 23
22 31
23 27
24 4
25 42
26 16
27 8
28 3
29 28
30 38
31 41
32 15
33 10
34 32
35 18
36 29
37 24
38 39
39 36
40 17
41 5
42 35
43 22
SIMILAR

25 21 42 1 38 5 39 28 22 6 0 31 8 35 40 20 33 11 15 17 7 12 24 30 4 18 9 26 32 16 14 23 34 3 19 37 10 27 13 41 36 43 29 2 
0 10
1 3
2 43
3 33
4 24
5 5
6 9
7 20
8 12
9 26
10 36
11 17
12 21
13 38
14 30
15 18
16 29
17 19
18 25
19 34
20 15
21 1
22 8
23 31
24 22
25 0
26 27
27 37
28 7
29 42
30 23
31 11
32 28
33 16
34 32
35 13
36 40
37 35
38 4
39 6
40 14
41 39
42 2
43 41
SIMILAR

26 32 0 1 13 19 43 3 11 5 42 35 7 30 24 31 20 12 37 16 2 33 17 29 21 15 39 22 14 23 8 40 18 9 41 34 28 6 25 27 36 38 4 10 
0 2
1 3
2 20
3 7
4 42
5 9
6 37
7 12
8 30
9 33
10 43
11 8
12 17
13 4
14 28
15 25
16 19
17 22
18 32
19 5
20 16
21 24
22 27
23 29
24 14
25 38
26 0
27 39
28 36
29 23
30 13
31 15
32 1
33 21
34 35
35 11
36 40
37 18
38 41
39 26
40 31
41 34
42 10
43 6
SIMILAR

4 32 35 38 19 42 30 18 11 37 26 2 27 36 13 16 10 25 7 5 17 41 1 12 21 24 15 33 34 40 6 22 14 29 31 9 28 0 3 20 43 8 23 39 
0 37
1 22
2 11
3 38
4 0
5 19
6 30
7 18
8 41
9 35
10 16
11 8
12 23
13 14
14 32
15 26
16 15
17 20
18 7
19 4
20 39
21 24
22 31
23 42
24 25
25 17
26 10
27 12
28 36
29 33
30 6
31 34
32 1
33 27
34 28
35 2
36 13
37 9
38 3
39 43
40 29
41 21
42 5
43 40
SIMILAR

11 36 6 2 30 26 1 28 43 24 39 7 37 5 12 22 20 17 42 35 19 8 25 38 21 4 32 9 41 13 23 40 0 14 3 16 34 18 15 29 10 27 31 33 
0 32
1 6
2 3
3 34
4 25
5 13
6 2
7 11
8 21
9 27
10 40
11 0
12 14
13 29
14 33
15 38
16 35
17 17
18 37
19 20
20 16
21 24
22 15
23 30
24 9
25 22
26 5
27 41
28 7
29 39
30 4
31 42
32 26
33 43
34 36
35 19
36 1
37 12
38 23
39 10
40 31
41 28
42 18
43 8
SIMILAR

39 32 5 23 11 16 15 21 36 0 37 22 7 42 31 18 17 19 43 8 2 20 3 40 27 10 33 1 30 6 38 12 25 29 28 9 41 34 13 4 24 26 35 14 
0 9
1 27
2 20
3 22
4 39
5 2
6 29
7 12
8 19
9 35
10 25
11 4
12 31
13 38
14 43
15 6
16 5
17 16
18 15
19 17
20 21
21 7
22 11
23 3
24 40
25 32
26 41
27 24
28 34
29 33
30 28
31 14
32 1
33 26
34 37
35 42
36 8
37 10
38 30
39 0
40 23
41 36
42 13
43 18
SIMILAR

27 22 39 43 37 16 2 28 18 30 8 24 40 6 34 12 21 5 0 11 14 3 42 10 29 35 17 9 25 20 31 7 38 26 23 4 1 33 41 15 13 36 19 32 
0 18
1 36
2 6
3 21
4 35
5 17
6 13
7 31
8 10
9 27
10 23
11 19
12 15
13 40
14 20
15 39
16 5
17 26
18 8
19 42
20 29
21 16
22 1
23 34
24 11
25 28
26 33
27 0
28 7
29 24
30 9
31 30
32 43
33 37
34 14
35 25
36 41
37 4
38 32
39 2
40 12
41 38
42 22
43 3
SIMILAR

11 20 18 32 1 39 9 17 36 2 23 16 42 29 40 0 7 5 30 33 27 24 31 12 4 28 34 41 10 25 22 13 8 15 37 43 19 6 35 26 14 21 38 3 
0 15
1 4
2 9
3 43
4 24
5 17
6 37
7 16
8 32
9 6
10 28
11 0
12 23
13 31
14 40
15 33
16 11
17 7
18 2
19 36
20 1
21 41
22 30
23 10
24 21
25 29
26 39
27 20
28 25
29 13
30 18
31 22
32 3
33 19
34 26
35 38
36 8
37 34
38 42
39 5
40 14
41 27
42 12
43 35
SIMILAR

16 24 28 25 3 38 9 15 2 32 4 34 8 35 14 17 13 39 0 12 20 18 31 1 33 6 36 11 21 22 7 27 23 41 5 30 19 29 40 37 42 10 43 26 
0 18
1 23
2 8
3 4
4 10
5 34
6 25
7 30
8 12
9 6
10 41
11 27
12 19
13 16
14 14
15 7
16 0
17 15
18 21
19 36
20 20
21 28
22 29
23 32
24 1
25 3
26 43
27 31
28 2
29 37
30 35
31 22
32 9
33 24
34 11
35 13
36 26
37 39
38 5
39 17
40 38
41 33
42 40
43 42
SIMILAR

8 13 34 42 11 30 31 17 37 20 39 40 2 28 5 24 1 35 41 27 6 25 10 9 16 23 43 19 36 12 3 4 26 22 38 33 7 32 29 14 15 21 18 0 
0 43
1 16
2 12
3 30
4 31
5 14
6 20
7 36
8 0
9 23
10 22
11 4
12 29
13 1
14 39
15 40
16 24
17 7
18 42
19 27
20 9
21 41
22 33
23 25
24 15
25 21
26 32
27 19
28 13
29 38
30 5
31 6
32 37
33 35
34 2
35 17
36 28
37 8
38 34
39 10
40 11
41 18
42 3
43 26
SIMILAR

34 35 24 2 6 15 8 14 28 29 17 1 16 7 12 23 27 42 40 30 22 13 36 0 39 19 21 3 10 18 33 43 20 32 9 25 41 5 38 37 31 4 11 26 
0 23
1 11
2 3
3 27
4 41
5 37
6 4
7 13
8 6
9 34
10 28
11 42
12 14
13 21
14 7
15 5
16 12
17 10
18 29
19 25
20 32
21 26
22 20
23 15
24 2
25 35
26 43
27 16
28 8
29 9
30 19
31 40
32 33
33 30
34 0
35 1
36 22
37 39
38 38
39 24
40 18
41 36
42 17
43 31
SIMILAR

19 20 9 21 38 26 14 8 10 34 22 29 28 24 43 17 27 3 36 30 1 12 7 37 40 25 18 42 16 32 4 13 6 11 0 31 35 15 33 23 5 41 39 2 
0 34
1 20
2 43
3 17
4 30
5 40
6 32
7 22
8 7
9 2
10 8
11 33
12 21
13 31
14 6
15 37
16 28
17 15
18 26
19 0
20 1
21 3
22 10
23 39
24 13
25 25
26 5
27 16
28 12
29 11
30 19
31 35
32 29
33 38
34 9
35 36
36 18
37 23
38 4
39 42
40 24
41 41
42 27
43 14
SIMILAR

40 21 11 9 28 13 29 18 34 38 20 12 0 42 35 8 27 32 15 4 43 23 19 5 24 26 37 1 41 22 33 17 3 31 25 39 10 2 14 30 7 6 16 36 
0 12
1 27
2 37
3 32
4 19
5 23
6 41
7 40
8 15
9 3
10 36
11 2
12 11
13 5
14 38
15 18
16 42
17 31
18 7
19 22
20 10
21 1
22 29
23 21
24 24
25 34
26 25
27 16
28 4
29 6
30 39
31 33
32 17
33 30
34 8
35 14
36 43
37 26
38 9
39 35
40 0
41 28
42 13
43 20
SIMILAR

31 22 33 4 16 39 10 27 40 34 21 9 24 25 11 2 8 23 14 41 13 20 36 12 19 17 6 28 37 3 30 29 18 35 32 15 1 42 26 5 43 0 38 7 
0 41
1 36
2 15
3 29
4 3
5 39
6 26
7 43
8 16
9 11
10 6
11 14
12 23
13 20
14 18
15 35
16 4
17 25
18 32
19 24
20 21
21 10
22 1
23 17
24 12
25 13
26 38
27 7
28 27
29 31
30 30
31 0
32 34
33 2
34 9
35 33
36 22
37 28
38 42
39 5
40 8
41 19
42 37
43 40
SIMILAR

4 26 0 21 10 5 8 19 36 27 42 17 2 33 41 31 34 23 9 18 1 12 30 24 43 13 20 35 38 3 39 16 29 6 32 15 14 37 7 40 28 11 22 25 
0 2
1 20
2 12
3 29
4 0
5 5
6 33
7 38
8 6
9 18
10 4
11 41
12 21
13 25
14 36
15 35
16 31
17 11
18 19
19 7
20 26
21 3
22 42
23 17
24 23
25 43
26 1
27 9
28 40
29 32
30 22
31 15
32 34
33 13
34 16
35 27
36 8
37 37
38 28
39 30
40 39
41 14
42 10
43 24
SIMILAR

29 42 20 6 36 19 0 4 8 18 33 17 16 41 31 43 39 28 25 11 1 9 35 32 15 7 34 23 22 21 14 37 10 2 5 40 3 38 13 12 26 27 24 30 
0 6
1 20
2 33
3 36
4 7
5 34
6 3
7 25
8 8
9 21
10 32
11 19
12 39
13 38
14 30
15 24
16 12
17 11
18 9
19 5
20 2
21 29
22 28
23 27
24 42
25 18
26 40
27 41
28 17
29 0
30 43
31 14
32 23
33 10
34 26
35 22
36 4
37 31
38 37
39 16
40 35
41 13
42 1
43 15
SIMILAR

37 34 23 11 20 17 6 13 27 31 14 2 9 43 1 39 30 7 40 22 21 28 41 36 0 4 3 10 42 15 33 12 32 18 24 35 38 19 8 29 5 16 25 26 
0 24
1 14
2 11
3 26
4 25
5 40
6 6
7 17
8 38
9 12
10 27
11 3
12 31
13 7
14 10
15 29
16 41
17 5
18 33
19 37
20 4
21 20
22 19
23 2
24 34
25 42
26 43
27 8
28 21
29 39
30 16
31 9
32 32
33 30
34 1
35 35
36 23
37 0
38 36
39 15
40 18
41 22
42 28
43 13
SIMILAR

12 23 40 24 25 22 8 31 20 7 15 1 30 11 10 41 42 38 29 37 28 43 18 13 34 3 0 14 17 39 19 2 9 4 36 5 32 6 26 27 33 35 21 16 
0 26
1 11
2 31
3 25
4 33
5 35
6 37
7 9
8 6
9 32
10 14
11 13
12 0
13 23
14 27
15 10
16 43
17 28
18 22
19 30
20 8
21 42
22 5
23 1
24 3
25 4
26 38
27 39
28 20
29 18
30 12
31 7
32 36
33 40
34 24
35 41
36 34
37 19
38 17
39 29
40 2
41 15
42 16
43 21
SIMILAR

37 25 23 19 30 42 7 20 26 24 8 0 1 39 10 6 21 3 15 31 32 27 36 41 14 29 2 11 18 9 16 4 13 38 12 40 17 35 22 34 33 28 5 43 
0 11
1 12
2 26
3 17
4 31
5 42
6 15
7 6
8 10
9 29
10 14
11 27
12 34
13 32
14 24
15 18
16 30
17 36
18 28
19 3
20 7
21 16
22 38
23 2
24 9
25 1
26 8
27 21
28 41
29 25
30 4
31 19
32 20
33 40
34 39
35 37
36 22
37 0
38 33
39 13
40 35
41 23
42 5
43 43
SIMILAR

36 35 3 16 15 32 33 37 42 23 14 5 22 34 8 28 26 9 43 11 24 10 18 29 12 38 7 6 27 13 21 0 19 4 17 40 31 39 1 25 2 41 20 30 
0 31
1 38
2 40
3 2
4 33
5 11
6 27
7 26
8 14
9 17
10 21
11 19
12 24
13 29
14 10
15 4
16 3
17 34
18 22
19 32
20 42
21 30
22 12
23 9
24 20
25 39
26 16
27 28
28 15
29 23
30 43
31 36
32 5
33 6
34 13
35 1
36 0
37 7
38 25
39 37
40 35
41 41
42 8
43 18
SIMILAR

41 30 25 26 24 42 29 15 12 23 1 9 43 0 35 27 13 11 34 14 3 8 20 36 18 28 32 19 10 39 7 2 40 17 5 6 4 16 38 21 31 22 37 33 
0 13
1 10
2 31
3 20
4 36
5 34
6 35
7 30
8 21
9 11
10 28
11 17
12 8
13 16
14 19
15 7
16 37
17 33
18 24
19 27
20 22
21 39
22 41
23 9
24 4
25 2
26 3
27 15
28 25
29 6
30 1
31 40
32 26
33 43
34 18
35 14
36 23
37 42
38 38
39 29
40 32
41 0
42 5
43 12
SIMILAR

5 12 20 3 21 38 32 0 39 31 4 29 24 37 13 36 6 15 28 43 17 9 40 18 2 10 42 14 8 7 11 41 33 22 30 34 16 1 25 19 26 35 23 27 
0 7
1 37
2 24
3 3
4 10
5 0
6 16
7 29
8 28
9 21
10 25
11 30
12 1
13 14
14 27
15 17
16 36
17 20
18 23
19 39
20 2
21 4
22 33
23 42
24 12
25 38
26 40
27 43
28 18
29 11
30 34
31 9
32 6
33 32
34 35
35 41
36 15
37 13
38 5
39 8
40 22
41 31
42 26
43 19
SIMILAR

38 4 40 21 33 16 28 36 27 0 10 43 13 29 23 42 25 3 2 26 41 19 32 14 24 11 15 18 1 30 8 34 9 20 35 37 17 39 7 6 12 31 5 22 
0 9
1 28
2 18
3 17
4 1
5 42
6 39
7 38
8 30
9 32
10 10
11 25
12 40
13 12
14 23
15 26
16 5
17 36
18 27
19 21
20 33
21 3
22 43
23 14
24 24
25 16
26 19
27 8
28 6
29 13
30 29
31 41
32 22
33 4
34 31
35 34
36 7
37 35
38 0
39 37
40 2
41 20
42 15
43 11
SIMILAR

3 2 5 34 30 1 28 15 25 13 18 11 22 24 23 38 16 43 20 4 31 0 27 40 17 14 35 29 21 39 41 8 6 36 37 10 33 7 19 32 42 26 9 12 
0 21
1 5
2 1
3 0
4 19
5 2
6 32
7 37
8 31
9 42
10 35
11 11
12 43
13 9
14 25
15 7
16 16
17 24
18 10
19 38
20 18
21 28
22 12
23 14
24 13
25 8
26 41
27 22
28 6
29 27
30 4
31 20
32 39
33 36
34 3
35 26
36 33
37 34
38 15
39 29
40 23
41 30
42 40
43 17
SIMILAR

24 20 26 4 10 6 0 43 21 5 23 35 19 30 3 41 33 9 18 28 25 29 8 16 2 12 32 15 39 38 42 36 13 1 31 14 22 34 11 40 7 17 27 37 
0 6
1 33
2 24
3 14
4 3
5 9
6 5
7 40
8 22
9 17
10 4
11 38
12 25
13 32
14 35
15 27
16 23
17 41
18 18
19 12
20 1
21 8
22 36
23 10
24 0
25 20
26 2
27 42
28 19
29 21
30 13
31 34
32 26
33 16
34 37
35 11
36 31
37 43
38 29
39 28
40 39
41 15
42 30
43 7
SIMILAR

4 6 39 36 43 22 18 9 40 1 30 3 24 27 15 12 35 37 11 13 26 34 8 10 17 25 31 16 33 23 0 14 2 38 41 42 21 20 19 7 29 32 5 28 
0 30
1 9
2 32
3 11
4 0
5 42
6 1
7 39
8 22
9 7
10 23
11 18
12 15
13 19
14 31
15 14
16 27
17 24
18 6
19 38
20 37
21 36
22 5
23 29
24 12
25 25
26 20
27 13
28 43
29 40
30 10
31 26
32 41
33 28
34 21
35 16
36 3
37 17
38 33
39 2
40 8
41 34
42 35
43 4
SIMILAR

18 10 34 30 27 35 25 9 0 31 17 32 29 24 3 42 2 8 12 5 22 38 28 26 43 40 1 21 41 19 23 4 15 14 33 20 39 11 16 6 13 37 36 7 
0 8
1 26
2 16
3 14
4 31
5 19
6 39
7 43
8 17
9 7
10 1
11 37
12 18
13 40
14 33
15 32
16 38
17 10
18 0
19 29
20 35
21 27
22 20
23 30
24 13
25 6
26 23
27 4
28 22
29 12
30 3
31 9
32 11
33 34
34 2
35 5
36 42
37 41
38 21
39 36
40 25
41 28
42 15
43 24
SIMILAR

28 24 16 9 36 20 5 10 41 43 4 13 18 27 0 11 38 12 22 31 32 29 23 39 17 26 42 19 15 1 7 8 25 14 3 21 6 35 30 2 34 37 40 33 
0 14
1 29
2 39
3 34
4 10
5 6
6 36
7 30
8 31
9 3
10 7
11 15
12 17
13 11
14 33
15 28
16 2
17 24
18 12
19 27
20 5
21 35
22 18
23 22
24 1
25 32
26 25
27 13
28 0
29 21
30 38
31 19
32 20
33 43
34 40
35 37
36 4
37 41
38 16
39 23
40 42
41 8
42 26
43 9
SIMILAR

38 37 23 11 10 1 34 3 17 19 28 31 6 4 39 36 9 40 22 41 5 15 16 24 33 30 8 12 43 35 20 32 21 13 27 42 25 29 2 7 26 14 18 0 
0 43
1 5
2 38
3 7
4 13
5 20
6 12
7 39
8 26
9 16
10 4
11 3
12 27
13 33
14 41
15 21
16 22
17 8
18 42
19 9
20 30
21 32
22 18
23 2
24 23
25 36
26 40
27 34
28 10
29 37
30 25
31 11
32 31
33 24
34 6
35 29
36 15
37 1
38 0
39 14
40 17
41 19
42 35
43 28
SIMILAR

4 29 17 0 1 18 32 5 11 34 3 33 9 42 16 22 26 2 31 21 27 20 25 15 8 38 19 14 40 41 37 43 13 36 28 30 10 12 35 39 7 6 23 24 
0 3
1 4
2 17
3 10
4 0
5 7
6 41
7 40
8 24
9 12
10 36
11 8
12 37
13 32
14 27
15 23
16 14
17 2
18 5
19 26
20 21
21 19
22 15
23 42
24 43
25 22
26 16
27 20
28 34
29 1
30 35
31 18
32 6
33 11
34 9
35 38
36 33
37 30
38 25
39 39
40 28
41 29
42 13
43 31
SIMILAR

9 32 1 24 36 19 34 16 2 27 41 33 28 3 0 20 26 17 12 6 10 11 38 8 39 21 4 30 5 43 23 15 7 40 13 29 14 31 18 25 35 42 22 37 
0 14
1 2
2 8
3 13
4 26
5 28
6 19
7 32
8 23
9 0
10 20
11 21
12 18
13 34
14 36
15 31
16 7
17 17
18 38
19 5
20 15
21 25
22 42
23 30
24 3
25 39
26 16
27 9
28 12
29 35
30 27
31 37
32 1
33 11
34 6
35 40
36 4
37 43
38 22
39 24
40 33
41 10
42 41
43 29
SIMILAR

2 12 32 14 9 38 10 13 29 23 22 40 20 5 7 21 16 15 36 41 25 33 39 35 3 28 1 37 31 30 0 34 6 18 11 4 26 17 19 24 8 42 43 27 
0 30
1 26
2 0
3 24
4 35
5 13
6 32
7 14
8 40
9 4
10 6
11 34
12 1
13 7
14 3
15 17
16 16
17 37
18 33
19 38
20 12
21 15
22 10
23 9
24 39
25 20
26 36
27 43
28 25
29 8
30 29
31 28
32 2
33 21
34 31
35 23
36 18
37 27
38 5
39 22
40 11
41 19
42 41
43 42
SIMILAR

27 11 3 9 16 17 32 6 36 7 18 31 8 5 19 42 0 21 13 29 10 35 28 20 12 26 39 25 37 40 41 2 43 30 34 24 1 23 14 4 38 33 15 22 
0 16
1 36
2 31
3 2
4 39
5 13
6 7
7 9
8 12
9 3
10 20
11 1
12 24
13 18
14 38
15 42
16 4
17 5
18 10
19 14
20 23
21 17
22 43
23 37
24 35
25 27
26 25
27 0
28 22
29 19
30 33
31 11
32 6
33 41
34 34
35 21
36 8
37 28
38 40
39 26
40 29
41 30
42 15
43 32
SIMILAR

18 30 29 32 21 34 36 12 7 38 10 9 27 13 8 37 25 35 43 19 15 6 4 16 40 17 14 41 0 42 24 39 31 33 26 3 11 28 2 5 20 22 1 23 
0 28
1 42
2 38
3 35
4 22
5 39
6 21
7 8
8 14
9 11
10 10
11 36
12 7
13 13
14 26
15 20
16 23
17 25
18 0
19 19
20 40
21 4
22 41
23 43
24 30
25 16
26 34
27 12
28 37
29 2
30 1
31 32
32 3
33 33
34 5
35 17
36 6
37 15
38 9
39 31
40 24
41 27
42 29
43 18
SIMILAR

41 36 9 22 38 43 11 5 15 2 19 33 13 20 28 14 21 12 42 4 3 29 6 7 1 25 27 37 23 39 35 16 31 8 26 18 30 32 17 24 34 0 40 10 
0 41
1 24
2 9
3 20
4 19
5 7
6 22
7 23
8 33
9 2
10 43
11 6
12 17
13 12
14 15
15 8
16 31
17 38
18 35
19 10
20 13
21 16
22 3
23 28
24 39
25 25
26 34
27 26
28 14
29 21
30 36
31 32
32 37
33 11
34 40
35 30
36 1
37 27
38 4
39 29
40 42
41 0
42 18
43 5
SIMILAR

14 13 18 36 33 39 28 38 43 22 31 2 21 40 32 11 27 20 0 19 15 30 5 42 7 17 35 12 10 9 24 41 3 6 1 34 8 4 16 23 29 26 37 25 
0 18
1 34
2 11
3 32
4 37
5 22
6 33
7 24
8 36
9 29
10 28
11 15
12 27
13 1
14 0
15 20
16 38
17 25
18 2
19 19
20 17
21 12
22 9
23 39
24 30
25 43
26 41
27 16
28 6
29 40
30 21
31 10
32 14
33 4
34 35
35 26
36 3
37 42
38 7
39 5
40 13
41 31
42 23
43 8
SIMILAR

16 11 34 1 27 43 29 41 18 32 21 23 25 13 12 22 8 19 37 5 24 0 6 7 30 39 3 31 38 36 33 14 40 42 26 20 15 28 17 10 2 35 9 4 
0 21
1 3
2 40
3 26
4 43
5 19
6 22
7 23
8 16
9 42
10 39
11 1
12 14
13 13
14 31
15 36
16 0
17 38
18 8
19 17
20 35
21 10
22 15
23 11
24 20
25 12
26 34
27 4
28 37
29 6
30 24
31 27
32 9
33 30
34 2
35 41
36 29
37 18
38 28
39 25
40 32
41 7
42 33
43 5
SIMILAR

42 0 21 22 28 35 7 1 3 40 20 18 38 43 8 15 31 4 11 34 25 26 5 32 10 30 39 6 33 9 36 27 16 37 41 13 23 24 17 2 14 12 19 29 
0 1
1 7
2 39
3 8
4 17
5 22
6 27
7 6
8 14
9 29
10 24
11 18
12 41
13 35
14 40
15 15
16 32
17 38
18 11
19 42
20 10
21 2
22 3
23 36
24 37
25 20
26 21
27 31
28 4
29 43
30 25
31 16
32 23
33 28
34 19
35 5
36 30
37 33
38 12
39 26
40 9
41 34
42 0
43 13
SIMILAR

4 41 35 28 5 24 9 37 29 15 42 0 31 20 32 34 18 30 25 36 22 27 1 2 6 12 26 8 39 23 21 43 17 13 16 10 14 40 11 33 19 3 7 38 
0 11
1 22
2 23
3 41
4 0
5 4
6 24
7 42
8 27
9 6
10 35
11 38
12 25
13 33
14 36
15 9
16 34
17 32
18 16
19 40
20 13
21 30
22 20
23 29
24 5
25 18
26 26
27 21
28 3
29 8
30 17
31 12
32 14
33 39
34 15
35 2
36 19
37 7
38 43
39 28
40 37
41 1
42 10
43 31
SIMILAR

3 42 4 2 30 15 36 20 29 41 14 32 25 33 23 6 37 13 21 28 11 39 19 34 18 26 35 31 43 1 8 0 9 16 38 5 12 22 40 17 27 24 7 10 
0 31
1 29
2 3
3 0
4 2
5 35
6 15
7 42
8 30
9 32
10 43
11 20
12 36
13 17
14 10
15 5
16 33
17 39
18 24
19 22
20 7
21 18
22 37
23 14
24 41
25 12
26 25
27 40
28 19
29 8
30 4
31 27
32 11
33 13
34 23
35 26
36 6
37 16
38 34
39 21
40 38
41 9
42 1
43 28
SIMILAR

19 8 24 7 6 17 22 16 37 40 28 14 29 32 42 35 43 12 18 11 10 15 30 2 31 41 0 34 1 5 33 25 4 26 27 36 39 13 9 20 21 23 3 38 
0 26
1 28
2 23
3 42
4 32
5 29
6 4
7 3
8 1
9 38
10 20
11 19
12 17
13 37
14 11
15 21
16 7
17 5
18 18
19 0
20 39
21 40
22 6
23 41
24 2
25 31
26 33
27 34
28 10
29 12
30 22
31 24
32 13
33 30
34 27
35 15
36 35
37 8
38 43
39 36
40 9
41 25
42 14
43 16
SIMILAR

12 13 25 35 39 41 36 6 3 22 0 30 23 19 10 34 2 17 32 20 4 37 27 43 1 8 42 21 14 11 38 31 29 28 16 18 5 15 40 7 9 24 26 33 
0 10
1 24
2 16
3 8
4 20
5 36
6 7
7 39
8 25
9 40
10 14
11 29
12 0
13 1
14 28
15 37
16 34
17 17
18 35
19 13
20 19
21 27
22 9
23 12
24 41
25 2
26 42
27 22
28 33
29 32
30 11
31 31
32 18
33 43
34 15
35 3
36 6
37 21
38 30
39 4
40 38
41 5
42 26
43 23
SIMILAR

15 29 20 10 35 41 4 17 27 12 16 32 38 37 14 39 8 36 18 1 26 19 43 42 34 2 22 5 23 40 9 3 6 13 33 21 31 28 24 7 11 25 0 30 
0 42
1 19
2 25
3 31
4 6
5 27
6 32
7 39
8 16
9 30
10 3
11 40
12 9
13 33
14 14
15 0
16 10
17 7
18 18
19 21
20 2
21 35
22 26
23 28
24 38
25 41
26 20
27 8
28 37
29 1
30 43
31 36
32 11
33 34
34 24
35 4
36 17
37 13
38 12
39 15
40 29
41 5
42 23
43 22
SIMILAR

30 2 15 42 37 27 8 12 31 20 16 9 13 29 6 14 41 32 36 43 0 22 40 4 3 39 23 7 17 11 18 26 10 25 5 1 34 21 38 33 19 24 35 28 
0 20
1 35
2 1
3 24
4 23
5 34
6 14
7 27
8 6
9 11
10 32
11 29
12 7
13 12
14 15
15 2
16 10
17 28
18 30
19 40
20 9
21 37
22 21
23 26
24 41
25 33
26 31
27 5
28 43
29 13
30 0
31 8
32 17
33 39
34 36
35 42
36 18
37 4
38 38
39 25
40 22
41 16
42 3
43 19
SIMILAR

27 10 7 17 28 20 23 24 19 26 21 18 14 33 30 37 43 11 16 3 42 36 12 15 9 31 39 4 5 34 40 32 29 25 8 0 22 6 41 13 35 1 2 38 
0 35
1 41
2 42
3 19
4 27
5 28
6 37
7 2
8 34
9 24
10 1
11 17
12 22
13 39
14 12
15 23
16 18
17 3
18 11
19 8
20 5
21 10
22 36
23 6
24 7
25 33
26 9
27 0
28 4
29 32
30 14
31 25
32 31
33 13
34 29
35 40
36 21
37 15
38 43
39 26
40 30
41 38
42 20
43 16
SIMILAR

16 38 27 11 26 21 35 28 42 2 19 14 1 22 7 39 25 30 13 20 8 4 31 23 36 3 17 12 33 9 6 40 18 32 5 10 29 0 37 43 34 15 24 41 
0 37
1 12
2 9
3 25
4 21
5 34
6 30
7 14
8 20
9 29
10 35
11 3
12 27
13 18
14 11
15 41
16 0
17 26
18 32
19 10
20 19
21 5
22 13
23 23
24 42
25 16
26 4
27 2
28 7
29 36
30 17
31 22
32 33
33 28
34 40
35 6
36 24
37 38
38 1
39 15
40 31
41 43
42 8
43 39
SIMILAR

27 22 10 6 36 32 26 18 30 40 41 5 3 12 35 8 4 38 37 17 34 33 9 21 39 25 13 16 24 1 7 19 23 20 29 11 14 43 15 31 28 42 2 0 
0 43
1 29
2 42
3 12
4 16
5 11
6 3
7 30
8 15
9 22
10 2
11 35
12 13
13 26
14 36
15 38
16 27
17 19
18 7
19 31
20 33
21 23
22 1
23 32
24 28
25 25
26 6
27 0
28 40
29 34
30 8
31 39
32 5
33 21
34 20
35 14
36 4
37 18
38 17
39 24
40 9
41 10
42 41
43 37
SIMILAR

7 36 27 34 26 33 12 3 19 30 24 18 16 35 23 28 5 17 6 22 4 20 42 1 37 13 29 21 32 43 41 10 38 0 31 8 2 39 25 14 15 9 11 40 
0 33
1 23
2 36
3 7
4 20
5 16
6 18
7 0
8 35
9 41
10 31
11 42
12 6
13 25
14 39
15 40
16 12
17 17
18 11
19 8
20 21
21 27
22 19
23 14
24 10
25 38
26 4
27 2
28 15
29 26
30 9
31 34
32 28
33 5
34 3
35 13
36 1
37 24
38 32
39 37
40 43
41 30
42 22
43 29
SIMILAR

22 42 30 15 2 37 13 19 20 28 4 18 0 41 34 38 5 12 33 3 21 35 1 26 8 14 29 40 39 43 17 24 9 6 11 25 7 10 31 16 32 36 23 27 
0 12
1 22
2 4
3 19
4 10
5 16
6 33
7 36
8 24
9 32
10 37
11 34
12 17
13 6
14 25
15 3
16 39
17 30
18 11
19 7
20 8
21 20
22 0
23 42
24 31
25 35
26 23
27 43
28 9
29 26
30 2
31 38
32 40
33 18
34 14
35 21
36 41
37 5
38 15
39 28
40 27
41 13
42 1
43 29
SIMILAR

16 13 36 42 43 19 15 3 5 29 25 1 11 22 2 41 14 39 26 17 6 37 24 30 34 8 33 32 9 40 35 10 7 23 12 28 21 0 38 4 31 18 20 27 
0 37
1 11
2 14
3 7
4 39
5 8
6 20
7 32
8 25
9 28
10 31
11 12
12 34
13 1
14 16
15 6
16 0
17 19
18 41
19 5
20 42
21 36
22 13
23 33
24 22
25 10
26 18
27 43
28 35
29 9
30 23
31 40
32 27
33 26
34 24
35 30
36 2
37 21
38 38
39 17
40 29
41 15
42 3
43 4
SIMILAR

4 42 29 28 43 22 6 15 17 7 20 11 30 8 35 25 0 1 36 24 27 26 13 16 5 2 31 33 38 3 18 9 32 23 34 21 10 39 37 19 41 14 12 40 
0 16
1 17
2 25
3 29
4 0
5 24
6 6
7 9
8 13
9 31
10 36
11 11
12 42
13 22
14 41
15 7
16 23
17 8
18 30
19 39
20 10
21 35
22 5
23 33
24 19
25 15
26 21
27 20
28 3
29 2
30 12
31 26
32 32
33 27
34 34
35 14
36 18
37 38
38 28
39 37
40 43
41 40
42 1
43 4
SIMILAR

29 18 39 20 6 15 37 30 2 10 31 1 17 23 3 7 13 42 19 35 34 5 8 27 0 11 16 36 41 9 4 38 32 21 25 14 33 26 22 12 24 28 43 40 
0 24
1 11
2 8
3 14
4 30
5 21
6 4
7 15
8 22
9 29
10 9
11 25
12 39
13 16
14 35
15 5
16 26
17 12
18 1
19 18
20 3
21 33
22 38
23 13
24 40
25 34
26 37
27 23
28 41
29 0
30 7
31 10
32 32
33 36
34 20
35 19
36 27
37 6
38 31
39 2
40 43
41 28
42 17
43 42
SIMILAR

22 30 35 11 18 15 27 4 0 9 28 26 6 5 16 3 34 36 20 31 25 7 38 14 40 12 41 10 19 17 43 37 32 21 39 1 42 33 24 23 13 2 8 29 
0 8
1 35
2 41
3 15
4 7
5 13
6 12
7 21
8 42
9 9
10 27
11 3
12 25
13 40
14 23
15 5
16 14
17 29
18 4
19 28
20 18
21 33
22 0
23 39
24 38
25 20
26 11
27 6
28 10
29 43
30 1
31 19
32 32
33 37
34 16
35 2
36 17
37 31
38 22
39 34
40 24
41 26
42 36
43 30
SIMILAR

6 4 9 33 35 7 22 16 15 8 32 43 20 11 24 31 28 27 5 39 1 2 18 36 30 10 23 14 34 26 42 3 38 17 25 21 12 19 41 37 13 40 0 29 
0 42
1 20
2 21
3 31
4 1
5 18
6 0
7 5
8 9
9 2
10 25
11 13
12 36
13 40
14 27
15 8
16 7
17 33
18 22
19 37
20 12
21 35
22 6
23 26
24 14
25 34
26 29
27 17
28 16
29 43
30 24
31 15
32 10
33 3
34 28
35 4
36 23
37 39
38 32
39 19
40 41
41 38
42 30
43 11
SIMILAR

15 42 7 5 34 16 37 33 36 9 10 25 18 28 41 29 43 40 14 26 22 4 1 39 12 3 31 13 6 27 19 23 32 0 20 11 2 35 24 21 8 38 17 30 
0 33
1 22
2 36
3 25
4 21
5 3
6 28
7 2
8 40
9 9
10 10
11 35
12 24
13 27
14 18
15 0
16 5
17 42
18 12
19 30
20 34
21 39
22 20
23 31
24 38
25 11
26 19
27 29
28 13
29 15
30 43
31 26
32 32
33 7
34 4
35 37
36 8
37 6
38 41
39 23
40 17
41 14
42 1
43 16
SIMILAR

40 36 15 20 22 12 18 31 34 17 21 1 26 37 35 19 28 41 38 30 3 23 29 27 13 6 25 4 5 11 7 9 0 24 10 14 2 8 32 43 42 39 16 33 
0 32
1 11
2 36
3 20
4 27
5 28
6 25
7 30
8 37
9 31
10 34
11 29
12 5
13 24
14 35
15 2
16 42
17 9
18 6
19 15
20 3
21 10
22 4
23 21
24 33
25 26
26 12
27 23
28 16
29 22
30 19
31 7
32 38
33 43
34 8
35 14
36 1
37 13
38 18
39 41
40 0
41 17
42 40
43 39
SIMILAR

37 32 0 15 36 20 12 35 10 25 26 29 4 2 6 33 22 11 14 21 5 30 18 43 23 31 40 42 3 17 27 8 1 28 19 39 41 16 7 13 34 9 24 38 
0 2
1 32
2 13
3 28
4 12
5 20
6 14
7 38
8 31
9 41
10 8
11 17
12 6
13 39
14 18
15 3
16 37
17 29
18 22
19 34
20 5
21 19
22 16
23 24
24 42
25 9
26 10
27 30
28 33
29 11
30 21
31 25
32 1
33 15
34 40
35 7
36 4
37 0
38 43
39 35
40 26
41 36
42 27
43 23
SIMILAR

31 35 29 12 7 33 11 28 40 2 30 43 41 38 25 24 39 37 18 27 32 13 3 17 10 9 0 8 21 19 15 1 36 14 4 34 26 5 6 23 22 42 20 16 
0 26
1 31
2 9
3 22
4 34
5 37
6 38
7 4
8 27
9 25
10 24
11 6
12 3
13 21
14 33
15 30
16 43
17 23
18 18
19 29
20 42
21 28
22 40
23 39
24 15
25 14
26 36
27 19
28 7
29 2
30 10
31 0
32 20
33 5
34 35
35 1
36 32
37 17
38 13
39 16
40 8
41 12
42 41
43 11
SIMILAR

42 43 39 13 10 30 3 22 1 8 32 16 20 2 34 21 7 36 27 26 33 5 31 0 14 18 4 28 23 11 40 38 24 25 17 9 6 15 37 35 19 41 29 12 
0 23
1 8
2 13
3 6
4 26
5 21
6 36
7 16
8 9
9 35
10 4
11 29
12 43
13 3
14 24
15 37
16 11
17 34
18 25
19 40
20 12
21 15
22 7
23 28
24 32
25 33
26 19
27 18
28 27
29 42
30 5
31 22
32 10
33 20
34 14
35 39
36 17
37 38
38 31
39 2
40 30
41 41
42 0
43 1
SIMILAR

42 36 22 19 17 11 27 32 2 5 43 4 18 31 8 26 38 13 1 33 15 10 30 6 35 12 29 23 14 21 7 24 41 40 9 3 37 0 28 34 20 39 16 25 
0 37
1 18
2 8
3 35
4 11
5 9
6 23
7 30
8 14
9 34
10 21
11 5
12 25
13 17
14 28
15 20
16 42
17 4
18 12
19 3
20 40
21 29
22 2
23 27
24 31
25 43
26 15
27 6
28 38
29 26
30 22
31 13
32 7
33 19
34 39
35 24
36 1
37 36
38 16
39 41
40 33
41 32
42 0
43 10
SIMILAR

40 30 33 32 27 15 0 26 39 1 19 23 6 8 20 35 16 14 42 37 43 9 34 3 13 11 12 21 10 24 22 7 4 2 29 5 41 17 18 36 31 25 38 28 
0 6
1 9
2 33
3 23
4 32
5 35
6 12
7 31
8 13
9 21
10 28
11 25
12 26
13 24
14 17
15 5
16 16
17 37
18 38
19 10
20 14
21 27
22 30
23 11
24 29
25 41
26 7
27 4
28 43
29 34
30 1
31 40
32 3
33 2
34 22
35 15
36 39
37 19
38 42
39 8
40 0
41 36
42 18
43 20
SIMILAR

24 41 8 38 28 18 20 23 2 35 4 16 11 3 33 1 6 13 25 12 42 26 31 19 43 21 29 7 14 5 34 10 27 36 39 22 40 15 9 0 17 32 30 37 
0 39
1 15
2 8
3 13
4 10
5 29
6 16
7 27
8 2
9 38
10 31
11 12
12 19
13 17
14 28
15 37
16 11
17 40
18 5
19 23
20 6
21 25
22 35
23 7
24 0
25 18
26 21
27 32
28 4
29 26
30 42
31 22
32 41
33 14
34 30
35 9
36 33
37 43
38 3
39 34
40 36
41 1
42 20
43 24
SIMILAR

27 38 8 41 32 28 42 13 6 22 15 29 12 1 0 30 39 26 7 43 37 21 17 23 36 40 33 4 11 20 14 35 10 16 19 9 24 25 31 5 18 34 3 2 
0 14
1 13
2 43
3 42
4 27
5 39
6 8
7 18
8 2
9 35
10 32
11 28
12 12
13 7
14 30
15 10
16 33
17 22
18 40
19 34
20 29
21 21
22 9
23 23
24 36
25 37
26 17
27 0
28 5
29 11
30 15
31 38
32 4
33 26
34 41
35 31
36 24
37 20
38 1
39 16
40 25
41 3
42 6
43 19
SIMILAR

13 20 2 35 28 15 43 25 3 16 10 12 1 34 0 4 24 21 37 33 29 14 26 36 7 11 38 18 32 9 31 40 6 8 22 19 42 27 41 23 5 17 30 39 
0 14
1 12
2 2
3 8
4 15
5 40
6 32
7 24
8 33
9 29
10 10
11 25
12 11
13 0
14 21
15 5
16 9
17 41
18 27
19 35
20 1
21 17
22 34
23 39
24 16
25 7
26 22
27 37
28 4
29 20
30 42
31 30
32 28
33 19
34 13
35 3
36 23
37 18
38 26
39 43
40 31
41 38
42 36
43 6
SIMILAR

12 32 27 3 9 26 22 35 42 40 38 24 11 36 2 20 19 31 39 33 43 7 21 25 34 1 15 18 8 13 17 30 16 5 41 4 29 0 28 6 14 10 37 23 
0 37
1 25
2 14
3 3
4 35
5 33
6 39
7 21
8 28
9 4
10 41
11 12
12 0
13 29
14 40
15 26
16 32
17 30
18 27
19 16
20 15
21 22
22 6
23 43
24 11
25 23
26 5
27 2
28 38
29 36
30 31
31 17
32 1
33 19
34 24
35 7
36 13
37 42
38 10
39 18
40 9
41 34
42 8
43 20
SIMILAR

3 31 43 15 14 36 34 0 4 17 2 38 30 9 18 37 8 19 23 11 33 5 13 16 22 20 1 6 42 32 25 7 35 10 29 27 39 40 12 28 24 26 41 21 
0 7
1 26
2 10
3 0
4 8
5 21
6 27
7 31
8 16
9 13
10 33
11 19
12 38
13 22
14 4
15 3
16 23
17 9
18 14
19 17
20 25
21 43
22 24
23 18
24 40
25 30
26 41
27 35
28 39
29 34
30 12
31 1
32 29
33 20
34 6
35 32
36 5
37 15
38 11
39 36
40 37
41 42
42 28
43 2
SIMILAR

24 22 13 17 42 35 39 25 20 10 6 9 11 16 14 37 19 15 26 5 1 27 29 30 7 43 0 18 36 21 41 34 28 33 4 8 12 40 38 3 31 23 2 32 
0 26
1 20
2 42
3 39
4 34
5 19
6 10
7 24
8 35
9 11
10 9
11 12
12 36
13 2
14 14
15 17
16 13
17 3
18 27
19 16
20 8
21 29
22 1
23 41
24 0
25 7
26 18
27 21
28 32
29 22
30 23
31 40
32 43
33 33
34 31
35 5
36 28
37 15
38 38
39 6
40 37
41 30
42 4
43 25
SIMILAR

24 35 39 33 18 26 42 17 40 10 4 12 28 20 30 25 6 3 32 27 16 13 8 11 38 31 15 29 22 2 5 9 43 37 7 41 23 19 14 21 1 36 0 34 
0 42
1 40
2 29
3 17
4 10
5 30
6 16
7 34
8 22
9 31
10 9
11 23
12 11
13 21
14 38
15 26
16 20
17 7
18 4
19 37
20 13
21 39
22 28
23 36
24 0
25 15
26 5
27 19
28 12
29 27
30 14
31 25
32 18
33 3
34 43
35 1
36 41
37 33
38 24
39 2
40 8
41 35
42 6
43 32
SIMILAR

11 23 15 31 26 43 8 12 40 16 1 5 42 29 20 25 21 30 27 6 22 37 32 10 2 13 28 7 41 19 36 4 39 35 24 38 3 9 18 17 14 34 33 0 
0 43
1 10
2 24
3 36
4 31
5 11
6 19
7 27
8 6
9 37
10 23
11 0
12 7
13 25
14 40
15 2
16 9
17 39
18 38
19 29
20 14
21 16
22 20
23 1
24 34
25 15
26 4
27 18
28 26
29 13
30 17
31 3
32 22
33 42
34 41
35 33
36 30
37 21
38 35
39 32
40 8
41 28
42 12
43 5
SIMILAR

28 16 34 3 9 30 19 14 31 6 25 26 35 2 15 21 29 22 37 7 10 20 39 27 12 13 17 18 0 32 4 33 38 40 42 11 8 36 5 41 1 24 43 23 
0 28
1 40
2 13
3 3
4 30
5 38
6 9
7 19
8 36
9 4
10 20
11 35
12 24
13 25
14 7
15 14
16 1
17 26
18 27
19 6
20 21
21 15
22 17
23 43
24 41
25 10
26 11
27 23
28 0
29 16
30 5
31 8
32 29
33 31
34 2
35 12
36 37
37 18
38 32
39 22
40 33
41 39
42 34
43 42
SIMILAR

18 43 3 4 2 29 39 9 37 15 5 38 21 8 10 13 12 23 14 32 0 28 16 24 17 26 33 41 31 22 19 27 20 11 6 7 40 25 36 30 1 34 42 35 
0 20
1 40
2 4
3 2
4 3
5 10
6 34
7 35
8 13
9 7
10 14
11 33
12 16
13 15
14 18
15 9
16 22
17 24
18 0
19 30
20 32
21 12
22 29
23 17
24 23
25 37
26 25
27 31
28 21
29 5
30 39
31 28
32 19
33 26
34 41
35 43
36 38
37 8
38 11
39 6
40 36
41 27
42 42
43 1
SIMILAR

19 11 23 24 20 17 26 13 5 34 31 9 3 22 35 27 32 25 4 28 36 37 38 40 10 29 21 30 41 42 15 39 2 18 1 12 43 0 6 16 8 33 14 7 
0 37
1 34
2 32
3 12
4 18
5 8
6 38
7 43
8 40
9 11
10 24
11 1
12 35
13 7
14 42
15 30
16 39
17 5
18 33
19 0
20 4
21 26
22 13
23 2
24 3
25 17
26 6
27 15
28 19
29 25
30 27
31 10
32 16
33 41
34 9
35 14
36 20
37 21
38 22
39 31
40 23
41 28
42 29
43 36
SIMILAR

29 20 37 3 38 10 25 30 5 26 13 18 0 27 41 28 17 31 11 4 21 23 8 32 14 34 35 19 1 33 15 16 12 7 6 36 2 39 43 24 22 42 9 40 
0 12
1 28
2 36
3 3
4 19
5 8
6 34
7 33
8 22
9 42
10 5
11 18
12 32
13 10
14 24
15 30
16 31
17 16
18 11
19 27
20 1
21 20
22 40
23 21
24 39
25 6
26 9
27 13
28 15
29 0
30 7
31 17
32 23
33 29
34 25
35 26
36 35
37 2
38 4
39 37
40 43
41 14
42 41
43 38
SIMILAR

32 26 21 4 27 3 38 42 1 33 11 20 35 12 43 34 30 37 24 16 28 0 14 6 5 17 25 8 19 15 22 2 23 13 9 40 31 10 29 18 39 7 36 41 
0 21
1 8
2 31
3 5
4 3
5 24
6 23
7 41
8 27
9 34
10 37
11 10
12 13
13 33
14 22
15 29
16 19
17 25
18 39
19 28
20 11
21 2
22 30
23 32
24 18
25 26
26 1
27 4
28 20
29 38
30 16
31 36
32 0
33 9
34 15
35 12
36 42
37 17
38 6
39 40
40 35
41 43
42 7
43 14
SIMILAR

23 16 5 3 13 20 6 1 15 39 25 43 24 9 37 30 18 32 17 27 0 7 35 29 10 8 42 34 33 2 19 36 28 26 41 38 11 22 21 14 4 31 40 12 
0 20
1 7
2 29
3 3
4 40
5 2
6 6
7 21
8 25
9 13
10 24
11 36
12 43
13 4
14 39
15 8
16 1
17 18
18 16
19 30
20 5
21 38
22 37
23 0
24 12
25 10
26 33
27 19
28 32
29 23
30 15
31 41
32 17
33 28
34 27
35 22
36 31
37 14
38 35
39 9
40 42
41 34
42 26
43 11
SIMILAR

20 21 22 35 25 0 39 18 10 13 2 32 6 16 38 1 27 37 9 40 29 26 14 8 36 7 28 31 19 5 4 43 15 3 23 34 42 17 12 30 33 41 11 24 
0 5
1 15
2 10
3 33
4 30
5 29
6 12
7 25
8 23
9 18
10 8
11 42
12 38
13 9
14 22
15 32
16 13
17 37
18 7
19 28
20 0
21 1
22 2
23 34
24 43
25 4
26 21
27 16
28 26
29 20
30 39
31 27
32 11
33 40
34 35
35 3
36 24
37 17
38 14
39 6
40 19
41 41
42 36
43 31
SIMILAR

34 41 11 33 3 23 12 0 9 5 1 15 43 24 10 30 27 21 25 39 22 14 32 35 38 42 19 8 26 17 29 31 16 6 13 20 40 4 18 7 37 36 2 28 
0 7
1 10
2 42
3 4
4 37
5 9
6 33
7 39
8 27
9 8
10 14
11 2
12 6
13 34
14 21
15 11
16 32
17 29
18 38
19 26
20 35
21 17
22 20
23 5
24 13
25 18
26 28
27 16
28 43
29 30
30 15
31 31
32 22
33 3
34 0
35 23
36 41
37 40
38 24
39 19
40 36
41 1
42 25
43 12
SIMILAR

6 10 35 30 1 0 25 18 17 16 23 33 28 32 34 41 40 43 27 13 31 36 14 7 42 3 29 11 15 37 5 2 4 19 9 12 38 20 39 22 21 8 26 24 
0 5
1 4
2 31
3 25
4 32
5 30
6 0
7 23
8 41
9 34
10 1
11 27
12 35
13 19
14 22
15 28
16 9
17 8
18 7
19 33
20 37
21 40
22 39
23 10
24 43
25 6
26 42
27 18
28 12
29 26
30 3
31 20
32 13
33 11
34 14
35 2
36 21
37 29
38 36
39 38
40 16
41 15
42 24
43 17
SIMILAR

1 20 12 23 32 37 7 4 19 29 38 39 22 26 9 8 42 28 31 5 35 17 11 14 25 2 18 13 30 40 16 41 36 24 3 27 34 0 6 43 21 10 15 33 
0 37
1 0
2 25
3 34
4 7
5 19
6 38
7 6
8 15
9 14
10 41
11 22
12 2
13 27
14 23
15 42
16 30
17 21
18 26
19 8
20 1
21 40
22 12
23 3
24 33
25 24
26 13
27 35
28 17
29 9
30 28
31 18
32 4
33 43
34 36
35 20
36 32
37 5
38 10
39 11
40 29
41 31
42 16
43 39
SIMILAR

15 9 13 11 4 42 16 31 21 27 25 35 38 28 36 24 0 41 34 1 19 33 39 30 26 3 37 18 6 5 23 43 22 32 7 2 8 12 17 20 10 40 29 14 
0 16
1 19
2 35
3 25
4 4
5 29
6 28
7 34
8 36
9 1
10 40
11 3
12 37
13 2
14 43
15 0
16 6
17 38
18 27
19 20
20 39
21 8
22 32
23 30
24 15
25 10
26 24
27 9
28 13
29 42
30 23
31 7
32 33
33 21
34 18
35 11
36 14
37 26
38 12
39 22
40 41
41 17
42 5
43 31
SIMILAR

42 21 12 9 37 26 14 34 24 5 16 35 33 15 38 23 1 39 28 11 19 41 7 31 17 32 13 20 36 6 0 27 18 10 8 2 3 43 29 40 22 25 4 30 
0 30
1 16
2 35
3 36
4 42
5 9
6 29
7 22
8 34
9 3
10 33
11 19
12 2
13 26
14 6
15 13
16 10
17 24
18 32
19 20
20 27
21 1
22 40
23 15
24 8
25 41
26 5
27 31
28 18
29 38
30 43
31 23
32 25
33 12
34 7
35 11
36 28
37 4
38 14
39 17
40 39
41 21
42 0
43 37
SIMILAR

29 20 11 22 14 6 31 26 8 30 43 12 33 10 35 37 19 39 0 36 24 7 21 2 4 42 16 34 23 18 38 32 3 27 15 5 28 9 17 41 1 13 25 40 
0 18
1 40
2 23
3 32
4 24
5 35
6 5
7 21
8 8
9 37
10 13
11 2
12 11
13 41
14 4
15 34
16 26
17 38
18 29
19 16
20 1
21 22
22 3
23 28
24 20
25 42
26 7
27 33
28 36
29 0
30 9
31 6
32 31
33 12
34 27
35 14
36 19
37 15
38 30
39 17
40 43
41 39
42 25
43 10
SIMILAR

36 17 3 28 32 39 0 34 9 24 37 26 5 20 43 2 22 6 18 33 23 31 40 21 42 30 19 27 29 35 8 11 15 12 38 13 25 4 14 7 16 1 10 41 
0 6
1 41
2 15
3 2
4 37
5 12
6 17
7 39
8 30
9 8
10 42
11 31
12 33
13 35
14 38
15 32
16 40
17 1
18 18
19 26
20 13
21 23
22 16
23 20
24 9
25 36
26 11
27 27
28 3
29 28
30 25
31 21
32 4
33 19
34 7
35 29
36 0
37 10
38 34
39 5
40 22
41 43
42 24
43 14
SIMILAR

37 13 9 12 20 19 28 23 43 41 16 29 32 39 2 0 35 15 7 6 18 42 26 31 1 30 10 4 24 21 40 11 3 8 27 22 38 14 33 17 25 36 34 5 
0 15
1 24
2 14
3 32
4 27
5 43
6 19
7 18
8 33
9 2
10 26
11 31
12 3
13 1
14 37
15 17
16 10
17 39
18 20
19 5
20 4
21 29
22 35
23 7
24 28
25 40
26 22
27 34
28 6
29 11
30 25
31 23
32 12
33 38
34 42
35 16
36 41
37 0
38 36
39 13
40 30
41 9
42 21
43 8
SIMILAR

29 9 2 37 12 31 18 30 42 35 17 24 10 26 1 19 23 25 34 22 21 43 15 5 33 40 7 11 36 41 27 8 39 14 28 13 3 32 4 6 16 38 0 20 
0 42
1 14
2 2
3 36
4 38
5 23
6 39
7 26
8 31
9 1
10 12
11 27
12 4
13 35
14 33
15 22
16 40
17 10
18 6
19 15
20 43
21 20
22 19
23 16
24 11
25 17
26 13
27 30
28 34
29 0
30 7
31 5
32 37
33 24
34 18
35 9
36 28
37 3
38 41
39 32
40 25
41 29
42 8
43 21
SIMILAR

32 22 35 29 15 27 1 6 39 31 26 30 12 9 0 43 23 37 3 25 20 19 10 5 13 24 42 4 18 38 36 2 8 14 34 28 16 17 41 40 21 33 11 7 
0 14
1 6
2 31
3 18
4 27
5 23
6 7
7 43
8 32
9 13
10 22
11 42
12 12
13 24
14 33
15 4
16 36
17 37
18 28
19 21
20 20
21 40
22 1
23 16
24 25
25 19
26 10
27 5
28 35
29 3
30 11
31 9
32 0
33 41
34 34
35 2
36 30
37 17
38 29
39 8
40 39
41 38
42 26
43 15
SIMILAR

15 31 17 8 39 38 18 28 3 26 10 16 32 23 20 25 34 33 43 36 42 2 9 11 14 5 27 40 0 1 30 35 22 13 21 4 41 37 24 29 19 7 6 12 
0 28
1 29
2 21
3 8
4 35
5 25
6 42
7 41
8 3
9 22
10 10
11 23
12 43
13 33
14 24
15 0
16 11
17 2
18 6
19 40
20 14
21 34
22 32
23 13
24 38
25 15
26 9
27 26
28 7
29 39
30 30
31 1
32 12
33 17
34 16
35 31
36 19
37 37
38 5
39 4
40 27
41 36
42 20
43 18
SIMILAR

13 9 12 1 4 30 27 0 10 22 38 28 33 6 24 8 23 26 35 39 25 32 14 20 17 21 18 37 42 3 41 29 11 15 5 43 31 2 7 19 16 36 34 40 
0 7
1 3
2 37
3 29
4 4
5 34
6 13
7 38
8 15
9 1
10 8
11 32
12 2
13 0
14 22
15 33
16 40
17 24
18 26
19 39
20 23
21 25
22 9
23 16
24 14
25 20
26 17
27 6
28 11
29 31
30 5
31 36
32 21
33 12
34 42
35 18
36 41
37 27
38 10
39 19
40 43
41 30
42 28
43 35
SIMILAR

30 7 0 41 42 34 26 38 1 14 20 9 33 4 35 5 40 37 16 10 25 21 19 29 17 24 6 36 3 32 28 2 43 39 22 31 15 13 27 12 8 23 11 18 
0 2
1 8
2 31
3 28
4 13
5 15
6 26
7 1
8 40
9 11
10 19
11 42
12 39
13 37
14 9
15 36
16 18
17 24
18 43
19 22
20 10
21 21
22 34
23 41
24 25
25 20
26 6
27 38
28 30
29 23
30 0
31 35
32 29
33 12
34 5
35 14
36 27
37 17
38 7
39 33
40 16
41 3
42 4
43 32
SIMILAR

15 20 0 41 28 32 31 6 13 11 25 38 16 34 12 24 9 21 19 4 8 17 10 7 27 14 23 37 18 42 5 39 2 36 22 3 26 30 40 29 33 1 35 43 
0 2
1 41
2 32
3 35
4 19
5 30
6 7
7 23
8 20
9 16
10 22
11 9
12 14
13 8
14 25
15 0
16 12
17 21
18 28
19 18
20 1
21 17
22 34
23 26
24 15
25 10
26 36
27 24
28 4
29 39
30 37
31 6
32 5
33 40
34 13
35 42
36 33
37 27
38 11
39 31
40 38
41 3
42 29
43 43
SIMILAR

8 25 17 34 9 32 7 35 4 22 31 21 13 29 42 33 19 41 3 28 11 30 16 14 10 40 6 37 5 12 27 18 24 39 36 38 43 1 26 0 23 15 2 20 
0 39
1 37
2 42
3 18
4 8
5 28
6 26
7 6
8 0
9 4
10 24
11 20
12 29
13 12
14 23
15 41
16 22
17 2
18 31
19 16
20 43
21 11
22 9
23 40
24 32
25 1
26 38
27 30
28 19
29 13
30 21
31 10
32 5
33 15
34 3
35 7
36 34
37 27
38 35
39 33
40 25
41 17
42 14
43 36
SIMILAR

28 12 20 5 10 42 39 19 15 32 27 25 34 29 33 16 2 31 17 8 36 22 41 24 14 0 11 38 3 23 9 7 21 40 1 13 30 35 43 37 4 26 18 6 
0 25
1 34
2 16
3 28
4 40
5 3
6 43
7 31
8 19
9 30
10 4
11 26
12 1
13 35
14 24
15 8
16 15
17 18
18 42
19 7
20 2
21 32
22 21
23 29
24 23
25 11
26 41
27 10
28 0
29 13
30 36
31 17
32 9
33 14
34 12
35 37
36 20
37 39
38 27
39 6
40 33
41 22
42 5
43 38
SIMILAR

16 40 41 33 15 27 17 7 6 12 34 19 38 26 2 18 35 43 0 42 13 4 22 31 36 23 1 5 14 24 3 11 37 30 25 10 39 28 20 9 21 32 8 29 
0 18
1 26
2 14
3 30
4 21
5 27
6 8
7 7
8 42
9 39
10 35
11 31
12 9
13 20
14 28
15 4
16 0
17 6
18 15
19 11
20 38
21 40
22 22
23 25
24 29
25 34
26 13
27 5
28 37
29 43
30 33
31 23
32 41
33 3
34 10
35 16
36 24
37 32
38 12
39 36
40 1
41 2
42 19
43 17
SIMILAR

34 18 7 11 12 22 30 26 10 24 4 5 14 28 38 42 8 9 17 19 13 41 23 33 27 16 32 20 6 2 15 37 29 3 43 21 36 35 1 40 25 39 31 0 
0 43
1 38
2 29
3 33
4 10
5 11
6 28
7 2
8 16
9 17
10 8
11 3
12 4
13 20
14 12
15 30
16 25
17 18
18 1
19 19
20 27
21 35
22 5
23 22
24 9
25 40
26 7
27 24
28 13
29 32
30 6
31 42
32 26
33 23
34 0
35 37
36 36
37 31
38 14
39 41
40 39
41 21
42 15
43 34
SIMILAR

35 42 5 29 38 17 32 20 28 8 30 14 43 3 9 37 27 10 34 23 31 26 11 40 33 1 24 19 39 0 12 4 41 21 16 36 25 15 6 18 13 2 7 22 
0 29
1 25
2 41
3 13
4 31
5 2
6 38
7 42
8 9
9 14
10 17
11 22
12 30
13 40
14 11
15 37
16 34
17 5
18 39
19 27
20 7
21 33
22 43
23 19
24 26
25 36
26 21
27 16
28 8
29 3
30 10
31 20
32 6
33 24
34 18
35 0
36 35
37 15
38 4
39 28
40 23
41 32
42 1
43 12
SIMILAR

35 32 22 3 33 31 15 4 13 27 42 19 41 37 40 26 39 25 21 20 12 11 6 34 7 28 1 14 16 8 23 36 2 43 10 5 29 38 24 30 17 18 0 9 
0 42
1 26
2 32
3 3
4 7
5 35
6 22
7 24
8 29
9 43
10 34
11 21
12 20
13 8
14 27
15 6
16 28
17 40
18 41
19 11
20 19
21 18
22 2
23 30
24 38
25 17
26 15
27 9
28 25
29 36
30 39
31 5
32 1
33 4
34 23
35 0
36 31
37 13
38 37
39 16
40 14
41 12
42 10
43 33
SIMILAR

1 6 0 42 14 24 38 5 30 20 15 10 18 35 23 36 37 25 32 7 22 3 41 11 27 17 13 40 4 12 33 8 43 2 31 28 29 16 26 21 34 9 39 19 
0 2
1 0
2 33
3 21
4 28
5 7
6 1
7 19
8 31
9 41
10 11
11 23
12 29
13 26
14 4
15 10
16 37
17 25
18 12
19 43
20 9
21 39
22 20
23 14
24 5
25 17
26 38
27 24
28 35
29 36
30 8
31 34
32 18
33 30
34 40
35 13
36 15
37 16
38 6
39 42
40 27
41 22
42 3
43 32
SIMILAR

23 30 8 39 38 33 31 19 4 16 20 3 14 21 28 12 37 24 36 0 10 5 34 22 6 15 11 35 17 2 43 27 25 9 29 32 1 42 18 41 26 40 13 7 
0 19
1 36
2 29
3 11
4 8
5 21
6 24
7 43
8 2
9 33
10 20
11 26
12 15
13 42
14 12
15 25
16 9
17 28
18 38
19 7
20 10
21 13
22 23
23 0
24 17
25 32
26 40
27 31
28 14
29 34
30 1
31 6
32 35
33 5
34 22
35 27
36 18
37 16
38 4
39 3
40 41
41 39
42 37
43 30
SIMILAR

15 12 19 3 43 28 7 1 21 13 17 25 11 6 41 14 31 27 8 0 40 20 22 16 10 34 36 29 38 5 32 23 33 39 26 4 2 9 35 30 42 24 37 18 
0 19
1 7
2 36
3 3
4 35
5 29
6 13
7 6
8 18
9 37
10 24
11 12
12 1
13 9
14 15
15 0
16 23
17 10
18 43
19 2
20 21
21 8
22 22
23 31
24 41
25 11
26 34
27 17
28 5
29 27
30 39
31 16
32 30
33 32
34 25
35 38
36 26
37 42
38 28
39 33
40 20
41 14
42 40
43 4
SIMILAR

8 40 33 0 7 14 10 19 2 34 16 39 26 38 32 18 13 30 31 6 11 23 4 24 22 20 35 17 3 42 41 5 28 29 43 37 21 9 36 25 12 1 27 15 
0 3
1 41
2 8
3 28
4 22
5 31
6 19
7 4
8 0
9 37
10 6
11 20
12 40
13 16
14 5
15 43
16 10
17 27
18 15
19 7
20 25
21 36
22 24
23 21
24 23
25 39
26 12
27 42
28 32
29 33
30 17
31 18
32 14
33 2
34 9
35 26
36 38
37 35
38 13
39 11
40 1
41 30
42 29
43 34
SIMILAR
100 0
7500 0
407500 0
