131
0 0 0 0 0 0 1 1 0 1 0 0 1 0 1 1 1 0 1 0 0 1 0 0 0 0 1 0 1 0 0 1 1 1 0 1 1 1 0 0 0 1 0 1 0 1 1 1 1 1 1 0 1 0 1 0 0 1 1 0 1 1 1 0 1 0 1 1 0 0 0 0 1 1 0 0 1 1 1 0 1 0 0 0 1 0 1 0 0 1 0 1 1 1 0 0 0 1 1 1 0 1 0 1 0 1 0 0 1 0 0 1 1 0 0 1 0 1 0 0 0 0 0 1 1 0 0 0 0 1 0 
0 0 1 0 1 0 1 1 0 0 1 1 0 0 0 1 1 0 0 1 1 0 1 0 0 1 0 1 0 1 0 1 1 1 0 1 0 1 1 1 1 1 0 0 1 1 1 1 0 1 1 0 1 0 1 1 1 1 1 0 1 1 0 1 1 1 1 0 1 1 1 1 0 0 0 0 1 0 1 1 0 1 1 1 1 0 0 0 0 0 1 0 1 1 1 1 1 0 0 0 1 0 1 1 0 1 1 0 1 1 1 1 0 0 1 1 1 0 1 1 0 0 0 1 1 0 1 0 0 1 0 
0 1 0 0 0 1 0 0 1 0 1 0 1 0 0 0 1 1 1 0 1 1 0 1 1 0 1 0 1 0 0 0 0 1 0 1 0 0 0 0 1 0 1 1 1 1 1 0 1 1 0 0 1 0 1 0 1 1 1 0 1 1 0 0 0 0 0 1 0 0 1 0 0 0 1 0 1 0 1 0 1 0 1 0 1 1 0 0 1 1 1 1 0 0 0 1 1 0 1 1 1 1 0 0 0 0 0 0 1 1 1 0 1 1 0 1 0 0 0 1 1 0 0 0 1 0 0 1 1 0 0 
0 0 0 0 0 1 1 1 1 0 1 0 0 0 0 1 0 1 0 0 1 0 0 1 1 0 1 0 1 0 0 0 1 1 1 1 1 1 1 0 1 0 0 1 1 0 1 1 1 1 1 0 0 1 0 1 1 1 1 0 0 0 1 1 1 0 1 1 0 1 0 0 0 1 1 0 0 1 0 0 1 1 0 0 1 1 1 1 1 0 1 0 0 1 0 1 1 1 0 1 0 0 0 1 0 0 1 0 1 1 1 1 0 0 1 1 0 0 0 1 0 0 1 1 0 1 1 1 1 1 1 
0 1 0 0 0 0 1 0 1 1 1 0 0 1 1 0 0 0 0 0 0 0 1 1 0 1 1 0 1 0 1 1 0 1 0 1 1 0 0 0 0 1 1 0 0 0 0 1 0 0 0 0 1 0 1 0 1 0 0 1 0 1 0 1 1 1 0 0 1 0 0 1 1 1 0 0 1 0 1 0 1 0 1 1 0 1 0 1 1 0 0 0 1 1 0 0 0 1 0 0 1 1 0 1 1 1 0 1 1 1 0 0 1 1 1 0 1 0 1 0 1 1 1 0 0 1 0 1 1 1 0 
0 0 1 1 0 0 0 1 1 1 0 0 1 0 0 0 0 0 0 1 1 0 1 1 0 0 1 0 0 1 0 0 0 1 1 0 0 0 1 0 1 0 1 0 0 0 0 1 0 1 1 0 0 0 1 0 1 0 1 1 1 0 0 1 0 0 1 0 0 1 0 1 0 0 0 0 0 1 0 1 0 1 0 0 0 1 0 1 0 1 0 1 0 0 1 1 0 0 1 1 0 1 0 1 0 1 1 1 1 1 0 0 1 1 1 1 0 0 0 1 0 0 1 1 1 0 0 0 1 0 0 
1 1 0 1 1 0 0 1 0 1 1 0 0 0 0 1 0 0 1 0 1 1 1 1 0 0 1 0 0 0 1 1 1 0 1 0 1 0 0 1 0 1 0 0 1 1 1 0 1 1 1 1 0 1 0 1 0 1 0 0 0 0 1 1 1 1 1 1 1 1 1 0 1 1 0 1 1 1 0 1 0 0 0 1 1 0 0 0 1 0 1 0 0 1 1 0 0 0 0 0 0 1 1 0 1 1 1 0 1 0 1 0 0 1 0 0 1 1 0 0 1 1 0 1 1 0 0 1 0 1 0 
1 1 0 1 0 1 1 0 0 0 1 1 1 0 0 0 1 0 1 1 1 1 0 1 1 1 1 0 1 0 1 0 1 0 0 0 0 0 0 0 0 0 1 1 1 0 0 1 0 1 0 0 1 1 0 0 0 0 1 1 0 0 0 0 1 0 0 0 1 1 1 1 0 1 0 0 1 0 0 1 1 0 0 0 1 1 0 1 0 0 1 0 0 0 1 0 0 0 1 1 0 1 1 1 0 1 0 1 0 0 1 0 1 0 1 0 1 1 0 1 0 1 0 1 1 1 0 0 0 0 1 
0 0 1 1 1 1 0 0 0 1 0 0 1 0 1 1 1 1 0 0 1 0 0 1 0 0 1 1 0 1 0 0 0 0 1 0 1 1 1 1 1 1 0 1 0 0 1 0 0 1 1 1 0 0 1 0 0 1 0 1 0 1 1 1 0 0 0 1 0 1 0 0 1 0 0 1 1 0 1 1 0 1 0 1 0 0 0 0 0 1 0 0 0 0 1 0 1 1 1 0 1 0 0 1 0 0 0 0 0 1 0 0 0 0 0 0 0 1 1 1 1 1 1 0 1 1 1 1 1 1 1 
1 0 0 0 1 1 1 0 1 0 1 0 1 1 1 0 1 1 0 1 1 0 0 1 0 1 1 1 1 0 1 0 0 1 1 0 1 0 1 1 0 0 1 1 0 0 1 0 0 0 1 0 0 0 0 0 1 1 0 0 1 0 0 0 0 0 0 1 1 0 1 1 0 0 1 0 0 0 1 0 0 1 1 0 0 0 0 0 0 0 1 0 0 1 0 0 0 0 1 1 0 1 0 1 1 0 0 1 1 1 0 1 1 0 0 0 0 1 1 1 1 1 1 1 0 1 1 1 1 1 0 
0 1 1 1 1 0 1 1 0 1 0 1 1 0 0 0 0 1 0 0 0 1 1 1 0 1 0 0 1 1 1 1 1 1 0 1 0 0 1 1 1 1 0 1 0 0 0 1 1 0 1 1 0 1 0 1 1 1 0 1 1 0 1 1 1 0 0 0 1 1 0 1 0 0 1 0 0 1 1 1 0 0 1 0 1 0 0 0 1 1 0 1 0 0 0 1 1 0 1 1 0 1 0 1 1 0 1 0 0 0 1 1 1 0 0 0 0 0 0 1 0 1 1 0 1 0 1 0 1 1 0 
0 1 0 0 0 0 0 1 0 0 1 0 0 0 1 0 0 1 1 1 1 1 1 1 0 0 0 1 1 0 0 0 1 1 1 1 0 0 0 1 0 0 0 1 0 0 1 0 0 0 0 1 1 1 1 0 1 0 0 1 0 0 0 1 1 1 0 0 0 0 0 0 0 0 0 0 1 0 1 0 0 1 1 1 0 1 1 0 1 1 1 0 0 1 0 0 0 0 0 0 0 0 0 0 0 1 1 0 0 1 0 1 1 1 0 0 0 1 1 0 1 1 0 0 1 0 0 1 0 0 1 
1 0 1 0 0 1 0 1 1 1 1 0 0 1 1 0 1 0 1 1 0 1 1 0 1 0 0 0 0 0 1 1 1 1 0 0 0 1 0 0 0 1 1 0 1 1 1 1 0 0 0 0 1 1 0 0 1 1 1 1 1 1 1 1 0 1 1 0 0 1 0 1 0 1 0 1 0 0 0 0 0 0 0 0 0 1 1 0 0 1 0 0 1 0 0 0 1 1 0 1 1 1 1 0 0 0 1 1 0 1 1 0 1 0 0 1 0 1 0 0 0 1 0 0 0 1 0 0 0 0 0 
0 0 0 0 1 0 0 0 0 1 0 0 1 0 0 1 1 1 0 0 1 0 1 1 1 0 0 1 1 1 0 1 1 1 1 0 0 0 0 0 0 1 0 0 1 1 1 0 1 0 1 0 0 0 0 1 0 0 1 1 0 0 1 0 0 0 0 1 0 1 1 1 1 1 0 0 1 0 0 1 0 0 0 1 1 1 0 0 0 1 0 0 0 0 0 0 0 1 0 1 0 0 1 0 1 0 1 0 0 1 1 1 0 1 1 1 1 0 0 0 0 1 1 1 1 0 0 0 1 0 0 
1 0 0 0 1 0 0 0 1 1 0 1 1 0 0 0 1 1 1 1 0 0 0 0 0 1 0 0 1 1 0 1 1 0 1 1 1 0 1 0 0 1 1 1 1 1 1 1 1 0 1 0 0 0 1 1 0 1 0 0 0 0 0 0 0 0 1 0 1 1 1 1 0 0 0 0 1 0 1 1 1 0 1 0 0 0 1 0 1 0 1 0 1 0 0 0 1 1 0 1 1 0 1 1 1 1 1 0 0 1 1 0 0 0 1 1 0 1 1 1 0 1 1 0 0 0 0 1 0 0 0 
1 1 0 1 0 0 1 0 1 0 0 0 0 1 0 0 0 0 0 0 0 0 1 1 0 1 0 0 1 1 1 1 1 0 0 0 1 1 1 0 0 0 1 1 0 1 0 1 0 1 0 0 1 0 0 1 1 0 0 1 1 0 1 0 1 1 1 1 1 1 1 0 1 1 1 0 0 1 0 0 0 0 0 1 1 1 1 1 1 1 1 1 0 1 1 0 0 1 1 0 1 1 0 0 0 1 1 0 1 0 1 1 0 1 1 0 0 0 0 0 1 0 0 0 0 1 0 0 0 0 1 
1 1 1 0 0 0 0 1 1 1 0 0 1 1 1 0 0 0 1 1 1 0 1 1 1 0 0 0 0 0 0 0 0 0 1 0 0 1 0 0 0 1 0 0 1 1 1 1 1 0 0 0 1 0 0 1 1 1 0 1 0 1 0 0 1 1 0 1 1 0 1 0 1 1 1 0 0 0 0 0 1 1 1 1 1 0 0 1 1 0 1 0 0 0 1 1 0 1 0 0 1 1 1 1 0 1 1 1 1 1 0 1 1 0 0 1 1 0 1 0 1 1 1 0 1 0 0 1 1 0 0 
0 0 1 1 0 0 0 0 1 1 1 1 0 1 1 0 0 0 0 1 1 1 1 0 0 1 0 1 1 1 0 1 0 1 0 0 1 1 0 0 1 1 0 1 1 1 1 0 1 0 0 0 0 0 0 1 0 0 0 1 0 1 0 1 0 1 1 0 1 1 1 0 1 0 0 1 1 0 1 0 1 0 0 1 0 1 0 1 0 0 0 0 0 1 1 1 0 1 0 0 0 0 1 0 1 0 1 1 0 0 1 0 0 1 0 1 1 1 1 0 1 1 0 1 1 1 1 0 1 0 0 
1 0 1 0 0 0 1 1 0 0 0 1 1 0 1 0 1 0 0 0 0 0 1 0 1 0 0 0 0 0 0 0 0 0 0 0 1 0 0 0 0 0 1 1 0 1 1 1 0 0 0 1 1 1 1 1 0 1 1 0 0 0 0 1 1 1 1 0 0 1 1 1 0 0 0 1 1 0 1 0 1 1 0 1 1 0 1 1 0 1 1 0 0 0 1 0 0 1 1 0 0 0 0 1 1 1 1 1 1 1 1 0 1 0 0 0 0 0 0 1 1 0 1 1 0 0 0 1 0 1 0 
0 1 0 0 0 1 0 1 0 1 0 1 1 0 1 0 1 1 0 0 1 0 1 0 1 0 0 1 1 0 0 0 1 0 0 0 1 1 1 0 1 1 1 1 0 0 1 1 1 1 1 1 0 0 1 1 0 1 0 1 0 0 1 0 0 0 0 0 0 0 1 1 1 1 1 0 0 0 0 0 0 1 1 1 1 0 1 0 0 0 1 1 0 0 0 1 1 0 0 0 1 1 0 0 1 1 0 1 0 0 1 1 0 1 0 1 1 0 1 1 0 1 1 0 0 0 0 0 1 1 0 
0 1 1 1 0 1 1 1 1 1 0 1 0 1 0 0 1 1 0 1 0 0 1 1 1 1 0 0 1 0 1 1 0 1 1 1 1 0 0 0 1 0 1 0 1 1 0 0 0 1 0 1 1 0 1 0 1 0 0 1 0 0 0 1 0 0 0 0 0 0 1 1 0 0 1 0 0 1 1 0 0 0 0 1 1 0 1 0 0 0 0 1 1 0 0 0 1 0 1 1 0 1 0 1 0 1 1 1 0 0 1 0 0 0 1 0 1 0 0 1 0 1 1 0 0 1 0 0 1 0 1 
1 0 1 0 0 0 1 1 0 0 1 1 1 0 0 0 0 1 0 0 0 0 0 1 0 0 0 1 1 1 0 1 0 1 0 1 1 1 1 0 0 0 1 1 1 1 1 1 1 1 1 1 0 0 0 1 1 0 0 0 0 1 0 0 1 0 0 0 1 0 1 0 0 0 0 0 0 1 0 0 1 1 0 0 0 0 0 0 0 1 1 0 0 1 1 0 0 1 1 1 1 0 1 0 1 1 0 0 1 0 1 1 0 1 1 0 1 0 1 0 1 0 0 1 0 1 0 0 1 1 1 
0 1 0 0 1 1 1 0 0 0 1 1 1 1 0 1 1 1 1 1 1 0 0 0 1 1 1 0 1 0 0 1 0 0 1 0 0 1 0 1 1 0 0 1 1 0 1 1 1 1 1 0 0 1 0 1 1 1 0 1 0 1 0 0 1 1 1 1 0 0 1 0 0 1 0 1 1 0 0 0 1 1 0 0 0 0 0 1 1 0 1 0 1 1 0 1 1 1 1 1 0 0 0 0 1 1 0 0 0 1 1 1 0 1 0 1 0 1 1 1 0 1 1 1 1 1 0 0 0 0 0 
0 0 1 1 1 1 1 1 1 1 1 1 0 1 0 1 1 0 0 0 1 1 0 0 0 1 0 0 1 0 0 0 0 0 0 0 1 0 1 0 0 1 1 0 1 0 0 1 0 1 0 0 0 1 0 1 1 0 1 1 1 1 0 1 0 0 0 0 0 1 1 0 0 0 1 1 1 1 0 0 0 1 0 1 1 0 1 1 1 0 0 1 1 0 0 0 0 1 0 1 1 0 1 1 1 1 0 0 0 0 1 0 0 1 1 1 0 1 0 1 0 0 1 0 1 0 0 1 1 1 0 
0 0 1 1 0 0 0 1 0 0 0 0 1 1 0 0 1 0 1 1 1 0 1 0 0 1 0 1 1 0 1 0 0 1 1 1 0 0 0 1 0 0 1 0 0 0 0 0 0 0 1 0 1 1 0 1 1 0 1 0 0 0 0 0 0 0 0 0 1 1 1 0 1 0 0 1 1 0 0 1 0 0 0 1 0 0 1 0 1 0 1 0 0 0 1 0 0 0 1 0 1 1 1 0 0 1 0 1 0 0 1 1 0 0 0 1 1 1 0 0 1 1 0 1 0 1 0 1 1 1 0 
0 1 0 0 1 0 0 1 0 1 1 0 0 0 1 1 0 1 0 0 1 0 1 1 1 0 1 1 0 0 0 1 0 0 1 1 1 1 1 0 0 1 1 1 0 0 0 1 0 1 0 0 1 1 0 1 1 0 1 1 1 0 0 0 1 0 1 0 0 1 0 0 0 1 0 1 1 0 1 0 1 0 1 1 1 0 1 1 0 0 1 1 0 0 1 0 0 0 0 0 0 0 0 1 0 0 0 1 1 0 1 1 0 1 0 1 0 0 1 0 0 0 1 1 0 1 0 1 1 1 1 
1 0 1 1 1 1 1 1 1 1 0 0 0 0 0 0 0 0 0 0 0 0 1 0 0 1 0 1 1 0 0 0 0 0 1 1 0 1 1 1 1 1 1 1 1 1 1 1 0 0 1 1 0 0 1 1 0 1 1 0 0 1 1 0 0 0 1 1 0 0 0 0 0 0 0 0 1 0 1 1 0 0 1 1 0 0 1 1 0 1 0 1 0 0 0 1 1 0 0 1 0 1 0 0 0 1 0 0 0 1 0 1 0 1 0 1 1 1 1 1 0 1 0 0 0 0 1 0 1 0 1 
0 1 0 0 0 0 0 0 1 1 0 1 0 1 0 0 0 1 0 1 0 1 0 0 1 1 1 0 0 1 0 0 0 1 1 0 1 1 0 1 0 0 0 0 0 0 0 0 0 0 1 1 1 1 1 1 1 0 1 1 1 1 0 1 1 1 0 0 1 0 1 0 1 0 1 1 1 0 1 0 0 0 0 0 0 1 0 1 1 1 1 0 0 0 0 0 1 0 0 1 0 1 1 0 1 0 1 0 0 0 1 0 0 0 0 1 1 1 0 1 0 0 0 0 0 1 0 0 0 0 1 
1 0 1 1 1 0 0 1 0 1 1 1 0 1 1 1 0 1 0 1 1 1 1 1 1 0 1 0 0 0 1 0 0 0 1 0 0 1 0 1 1 1 0 1 0 0 0 1 1 0 1 0 0 1 0 0 1 1 1 0 0 0 1 1 0 0 0 1 0 0 0 0 1 1 1 1 1 0 1 1 1 1 1 1 1 1 0 1 0 1 1 0 0 1 0 1 1 1 1 1 0 0 0 1 0 1 0 1 1 1 1 1 1 0 1 1 1 1 1 1 1 1 1 1 1 1 0 0 0 0 1 
0 1 0 0 0 1 0 0 1 0 1 0 0 1 1 1 0 1 0 0 0 1 0 0 0 0 0 1 0 0 0 0 1 1 1 0 0 0 1 0 1 0 1 0 0 0 0 1 1 1 0 0 0 1 0 1 1 1 1 0 1 0 1 1 1 1 1 1 0 0 1 0 1 1 0 0 0 1 1 1 0 0 1 0 1 0 0 1 1 0 1 0 1 1 0 1 1 0 0 1 0 1 0 0 1 0 0 0 1 1 0 1 0 1 0 0 1 0 0 1 1 1 0 0 1 0 1 0 1 0 1 
0 0 0 0 1 0 1 1 0 1 1 0 1 0 0 1 0 0 0 0 1 0 0 0 1 0 0 0 1 0 0 0 1 0 1 1 1 0 0 0 1 1 0 1 1 0 0 0 0 0 0 1 1 1 1 0 1 1 0 1 1 0 0 0 1 0 0 1 0 1 1 0 0 0 1 0 1 0 0 1 0 0 1 1 1 0 1 1 0 1 1 1 0 0 0 0 1 0 0 0 0 0 1 0 0 1 1 1 0 1 0 0 0 1 1 1 0 1 1 0 1 0 0 0 0 1 0 1 0 1 0 
1 1 0 0 1 0 1 0 0 0 1 0 1 1 1 1 0 1 0 0 1 1 1 0 0 1 0 0 0 0 0 0 1 1 0 1 0 0 1 1 0 1 1 1 1 1 0 0 0 1 0 0 0 1 0 1 0 1 1 1 0 0 0 0 0 0 1 1 0 0 0 1 0 1 0 0 0 0 0 1 1 0 1 1 1 0 0 1 0 0 1 0 1 0 1 1 1 1 0 1 0 0 1 1 1 0 0 0 0 0 0 0 1 1 0 1 1 0 1 0 0 1 1 1 0 1 1 1 1 0 0 
1 1 0 1 0 0 1 1 0 0 1 1 1 1 1 1 0 0 0 1 0 0 0 0 0 0 0 0 0 1 1 1 0 1 0 1 0 1 1 0 0 0 0 1 1 1 1 0 1 0 1 1 0 0 1 0 0 1 1 0 0 1 1 1 1 1 0 0 0 1 1 1 0 1 0 0 0 0 1 1 0 1 0 0 0 1 1 1 0 1 1 1 0 1 1 0 1 0 1 0 1 1 1 1 1 0 0 0 0 1 1 1 1 1 0 1 0 1 0 1 1 0 1 0 0 1 1 1 1 0 1 
1 1 1 1 1 1 0 0 0 1 1 1 1 1 0 0 0 1 0 0 1 1 0 0 1 0 0 1 0 1 0 1 1 0 1 0 1 0 1 1 1 1 1 0 0 0 1 0 0 1 0 1 1 1 0 1 1 0 1 0 0 0 0 0 0 1 0 1 0 1 1 0 1 0 0 1 1 0 1 1 1 0 0 1 1 1 0 1 0 1 1 0 0 0 0 0 1 0 0 0 0 1 0 1 1 1 0 0 1 1 0 0 0 0 0 1 1 0 0 1 0 0 0 1 1 0 0 1 0 0 1 
0 0 0 1 0 1 1 0 1 1 0 1 0 1 1 0 1 0 0 0 1 0 1 0 1 1 1 1 1 1 1 0 0 1 0 0 1 1 0 0 1 1 1 1 0 0 1 0 0 1 1 1 1 0 0 0 0 1 0 0 1 0 1 1 0 1 0 1 0 0 1 0 0 1 0 1 0 1 1 1 1 0 0 0 1 0 0 0 1 0 0 0 0 0 0 1 1 0 0 1 0 0 0 0 0 1 0 0 1 0 0 0 1 0 1 0 0 0 1 0 0 0 1 0 0 1 0 1 0 0 0 
1 1 1 1 1 0 0 0 0 0 1 1 0 0 1 0 0 0 0 0 1 1 0 0 1 1 1 0 0 0 1 1 1 0 0 0 0 1 1 1 0 0 0 1 1 0 1 0 1 1 1 1 0 0 1 1 0 1 0 0 1 1 0 0 0 0 1 0 0 0 1 0 1 0 0 0 0 1 0 1 1 1 1 1 0 1 1 0 0 1 1 0 0 0 1 1 0 0 0 0 0 1 0 1 0 0 1 0 0 1 1 0 0 1 1 1 1 1 0 1 0 0 1 1 0 1 0 0 0 1 0 
1 0 0 1 1 0 1 0 1 1 0 0 0 0 1 1 0 1 1 1 1 1 0 1 0 1 0 1 0 0 1 0 0 1 1 0 0 1 0 0 0 1 1 1 1 1 0 1 1 1 1 0 0 1 1 0 1 0 0 0 0 0 0 0 0 1 0 1 1 1 0 0 1 0 0 1 0 0 1 0 0 0 1 1 0 0 1 1 0 1 0 1 1 1 0 0 1 0 0 1 1 0 1 1 0 0 1 0 0 0 0 1 0 0 0 0 0 0 0 0 0 0 0 1 1 1 1 0 0 0 0 
1 1 0 1 0 0 0 0 1 0 0 0 1 0 0 1 1 1 0 1 0 1 1 0 0 1 1 1 1 0 0 0 1 0 1 1 1 0 0 1 0 0 0 1 0 0 1 0 1 0 0 0 1 0 1 1 1 1 1 0 0 0 1 1 1 1 0 1 1 0 1 0 1 0 0 0 0 0 1 1 0 0 0 0 1 1 1 1 1 1 0 1 1 0 1 1 1 1 1 0 0 0 1 0 1 1 0 0 0 0 0 1 0 1 1 0 1 1 0 0 0 1 1 0 1 1 0 1 1 1 1 
0 1 0 1 0 1 0 0 1 1 1 0 0 0 1 1 0 0 0 1 0 1 0 1 0 1 1 0 0 1 0 1 1 1 0 1 0 0 0 0 1 0 0 0 0 0 1 1 1 0 0 0 0 0 1 0 1 0 1 1 0 0 0 0 1 0 1 0 1 0 1 0 0 0 1 1 1 0 1 1 1 1 0 0 0 0 1 0 1 0 1 1 1 1 0 1 1 1 0 1 1 1 1 0 1 0 1 1 1 0 1 1 0 0 0 1 1 0 1 0 0 1 0 0 1 1 1 1 1 1 0 
0 1 0 0 0 0 1 0 1 1 1 1 0 0 0 0 0 0 0 0 0 0 1 0 1 0 1 1 1 0 0 1 0 1 0 1 0 1 0 0 0 0 1 0 0 0 0 1 0 1 0 1 0 1 1 0 1 0 1 0 0 0 1 1 1 0 0 1 0 0 0 1 1 1 0 1 1 0 0 0 1 0 0 1 1 0 1 1 1 1 0 1 1 1 1 1 1 0 1 0 0 0 1 1 1 1 0 0 1 0 1 1 1 0 1 1 1 1 0 1 0 1 1 0 0 1 0 1 0 1 0 
0 1 1 1 0 1 0 0 1 0 1 0 0 0 0 0 0 1 0 1 1 0 1 0 0 0 1 0 1 1 1 0 0 1 1 0 0 0 1 0 0 0 1 1 0 1 1 0 0 1 0 0 1 0 0 1 0 0 0 0 0 1 0 1 1 1 0 1 0 0 0 1 0 0 1 0 0 0 0 1 1 1 1 0 1 0 1 1 0 0 0 0 0 1 1 1 0 1 0 1 0 0 0 1 1 0 1 1 1 0 0 1 0 1 1 0 1 0 0 0 0 0 1 1 0 0 1 0 1 0 1 
1 1 0 0 1 0 1 0 1 0 1 0 1 1 1 0 1 1 0 1 0 0 0 1 0 1 1 0 1 0 1 1 0 1 1 0 1 0 0 0 0 0 1 0 0 1 0 0 0 1 0 1 0 1 0 0 1 0 0 0 1 1 1 0 1 1 1 1 1 0 1 0 0 1 0 0 0 1 0 0 0 1 0 0 1 0 1 1 0 0 1 0 0 0 1 0 0 1 1 1 0 0 0 0 1 0 0 1 0 0 0 0 0 0 1 0 0 0 1 1 0 0 1 0 1 1 0 1 0 1 1 
0 0 1 0 1 1 0 1 0 1 0 0 1 0 1 1 0 0 1 1 1 1 0 1 1 1 1 0 0 1 0 1 0 1 1 0 1 0 0 1 1 1 0 0 0 0 0 0 1 1 1 1 0 1 0 0 0 1 1 1 0 1 1 1 0 0 1 1 1 0 1 0 1 0 1 0 1 0 0 1 0 1 0 1 0 1 1 0 1 0 1 1 0 1 1 0 0 0 1 1 1 1 0 0 0 0 0 1 1 1 1 0 0 0 1 1 1 1 0 1 1 1 1 0 0 0 0 1 1 1 1 
1 0 1 1 0 0 0 1 1 1 1 1 0 0 1 1 0 1 1 1 0 1 1 0 0 1 1 0 1 0 1 1 1 0 1 1 1 1 0 0 1 0 0 0 0 0 0 0 1 1 1 0 0 0 0 1 0 0 0 0 1 1 1 0 0 0 0 1 0 1 0 1 0 0 0 0 0 1 1 0 0 0 0 1 1 0 1 1 0 0 0 0 1 1 1 1 0 0 0 1 1 1 1 0 0 1 1 0 1 1 1 1 1 0 1 0 1 0 1 0 1 0 0 1 1 0 0 0 0 1 0 
0 1 1 1 0 0 1 1 0 0 0 0 1 1 1 0 1 1 0 0 1 1 1 1 0 0 1 0 0 0 1 1 1 0 0 1 1 0 0 0 0 0 0 0 0 1 0 0 0 0 0 0 0 1 1 0 0 0 0 1 1 1 0 0 0 0 0 1 0 1 1 1 1 0 0 0 0 0 1 0 0 1 1 0 0 1 0 1 1 1 0 0 0 0 0 1 0 0 0 1 1 1 1 1 1 1 0 1 0 1 1 1 1 0 1 1 1 0 1 1 1 0 1 0 0 1 0 0 1 1 0 
1 1 1 0 0 0 1 0 0 0 0 0 1 1 1 1 1 1 1 0 1 1 0 0 0 0 1 0 0 0 0 1 1 0 0 0 1 0 0 0 1 1 0 0 1 0 1 0 1 0 0 0 0 1 0 1 0 0 1 1 0 0 1 0 1 1 0 0 0 1 1 0 1 0 0 1 1 0 1 1 1 0 1 0 0 0 1 1 1 1 1 0 0 1 0 0 1 0 1 0 0 1 1 1 0 1 1 0 1 1 0 0 0 0 1 0 0 0 0 0 0 0 0 0 1 1 0 0 0 1 0 
1 1 1 1 0 0 1 0 1 1 0 1 1 1 1 0 1 1 1 1 0 1 1 0 0 0 1 0 0 0 0 0 1 1 1 1 0 1 1 0 1 0 0 0 0 1 0 0 1 0 1 1 0 1 0 1 0 1 1 0 0 0 1 0 0 1 0 0 1 0 0 1 1 1 1 1 0 1 0 1 0 1 1 0 0 1 1 1 0 1 0 1 1 0 0 1 0 0 1 1 1 0 1 0 0 0 1 0 1 0 1 1 1 1 1 1 0 1 0 1 0 1 0 0 1 1 0 0 1 0 1 
1 1 0 1 1 1 0 1 0 0 1 0 1 0 1 1 1 0 1 1 0 1 1 1 0 1 1 0 1 1 0 0 0 0 0 0 1 0 1 1 0 0 0 0 0 0 0 0 1 1 0 0 1 1 0 1 0 1 1 1 1 1 0 1 0 1 1 1 1 1 0 0 1 0 1 0 1 1 0 0 0 1 0 1 1 1 1 1 0 1 0 1 0 1 0 1 0 1 1 1 1 1 1 0 0 1 1 1 1 0 0 0 0 1 0 1 1 1 0 1 1 0 1 1 0 1 0 1 0 0 1 
1 0 1 1 0 0 1 0 0 0 1 0 0 1 1 0 1 1 0 1 0 1 1 0 0 0 0 0 1 1 0 0 1 0 0 1 1 1 1 0 0 0 1 1 0 1 1 1 0 0 0 1 1 0 0 1 0 0 0 0 0 0 1 1 0 1 1 0 0 1 1 1 0 0 1 1 0 0 1 0 1 1 0 0 1 1 0 0 0 0 1 0 1 0 1 1 0 1 0 0 0 1 1 0 1 0 0 0 0 0 0 1 1 0 0 0 0 1 0 0 1 1 0 1 1 0 0 0 0 0 1 
1 1 1 1 0 1 1 1 1 0 0 0 0 0 0 1 0 0 0 1 1 1 1 1 0 1 0 0 0 1 0 1 0 1 1 1 1 0 0 1 1 1 1 1 0 0 0 1 0 0 0 0 0 1 1 0 0 0 0 1 1 0 0 1 1 1 0 1 0 0 1 1 0 0 0 0 0 1 0 0 0 0 1 1 0 1 0 1 1 1 1 1 1 0 0 1 1 1 1 1 0 1 1 0 0 0 1 0 0 0 1 0 1 1 1 1 1 0 0 0 1 0 1 1 0 1 1 0 0 1 0 
1 1 0 1 0 1 1 0 1 1 1 0 0 1 1 0 0 0 0 1 0 1 1 0 1 0 1 1 1 0 0 0 1 0 1 1 1 0 0 0 0 0 1 1 0 0 1 0 0 0 0 1 1 1 1 0 0 0 1 1 0 1 0 1 1 1 1 1 1 1 0 1 1 0 0 0 1 0 1 1 1 1 1 0 1 1 0 1 1 1 1 0 1 1 1 0 0 0 0 1 1 0 1 0 0 1 0 1 0 1 0 0 0 0 0 1 0 1 1 0 1 1 1 1 1 1 0 1 1 1 0 
0 0 0 0 0 0 1 0 1 0 1 1 0 0 0 0 0 0 1 1 1 1 0 0 0 0 1 1 0 0 1 0 1 1 1 1 0 0 0 1 0 1 1 0 0 0 1 0 1 0 1 0 0 1 1 1 1 1 1 1 0 1 1 0 0 1 0 1 1 1 1 1 0 1 0 0 0 0 1 0 1 0 1 1 1 0 1 0 0 1 1 1 1 0 0 0 1 0 1 1 1 0 0 1 1 0 1 1 0 0 1 1 0 0 0 0 1 1 0 0 1 0 0 0 1 1 0 0 1 0 1 
1 1 1 0 1 0 0 1 0 0 0 1 1 0 0 1 1 0 1 0 1 0 0 0 1 1 0 1 0 0 1 0 0 1 1 0 0 1 0 0 1 0 0 0 0 0 0 1 1 0 1 0 0 0 1 1 0 0 0 1 1 0 1 1 0 1 0 0 1 1 1 1 1 1 0 1 0 0 0 0 0 1 1 1 1 0 0 0 0 0 0 1 1 0 0 0 0 1 1 1 0 0 0 1 0 0 0 0 0 1 0 0 1 1 1 0 1 0 0 1 1 0 1 1 1 0 1 1 1 1 0 
0 0 0 1 0 0 1 1 0 0 1 1 1 0 0 0 0 0 1 0 0 0 1 1 1 1 0 1 1 1 1 1 0 1 0 0 1 0 0 1 0 1 1 0 1 1 1 1 0 1 1 1 0 0 0 0 0 1 1 1 0 1 1 0 0 1 1 1 0 0 0 1 0 0 1 1 1 0 0 1 1 1 0 0 1 1 1 0 0 1 0 1 0 0 0 0 1 1 1 0 0 0 0 1 0 0 0 0 1 1 0 0 1 0 1 0 0 1 1 0 0 1 0 0 0 0 1 0 0 1 0 
1 1 1 0 1 1 0 0 1 0 0 1 0 0 1 0 0 0 1 1 1 0 0 0 0 0 1 1 0 0 1 0 1 0 0 1 1 1 1 1 0 0 0 0 1 0 0 0 0 1 1 1 1 0 0 1 1 1 0 0 0 1 0 0 0 0 0 1 0 1 0 1 0 0 1 0 1 1 1 1 0 1 1 0 0 1 0 0 0 1 1 1 1 0 1 0 0 0 1 1 0 1 1 1 1 0 0 1 1 0 1 0 0 0 0 0 0 1 0 1 0 0 1 1 0 0 1 1 0 1 1 
0 1 0 1 0 0 1 0 0 0 1 0 0 1 1 1 1 1 1 1 0 1 1 1 1 1 1 1 0 1 0 1 0 1 0 1 0 1 0 0 1 0 0 1 0 1 1 1 1 0 0 1 1 0 1 0 0 0 1 1 1 0 1 1 0 1 0 1 1 1 0 1 0 0 0 0 1 1 0 0 0 0 0 1 1 0 0 1 0 0 0 0 1 1 0 0 1 0 0 1 0 0 1 1 0 1 0 0 1 1 1 0 0 1 1 1 0 0 1 1 0 0 1 0 0 0 1 0 1 0 0 
0 1 1 1 1 1 0 0 0 1 1 1 1 0 0 1 1 0 0 0 1 1 1 1 1 1 0 1 1 1 1 0 0 1 0 0 1 1 1 1 0 1 0 0 0 0 0 0 0 0 0 1 0 0 1 0 0 1 1 0 1 0 0 0 0 0 1 0 0 1 0 0 0 1 0 1 0 1 1 1 1 0 0 1 1 0 1 0 1 1 1 1 0 1 1 0 0 0 1 0 1 0 1 0 0 1 0 1 1 1 1 0 1 1 1 0 0 1 1 1 1 1 1 1 0 0 1 0 1 0 0 
1 1 1 1 0 0 1 0 1 1 1 0 1 0 1 0 1 0 1 1 0 0 1 0 0 0 1 0 1 1 1 1 1 0 1 1 0 1 0 0 0 0 1 0 0 0 1 1 0 0 0 1 0 1 1 0 1 0 0 1 1 0 1 0 1 1 0 1 1 0 0 0 1 0 0 0 0 1 0 1 0 0 0 0 0 1 0 1 1 0 0 0 1 1 1 0 0 1 0 0 0 1 0 1 1 1 0 1 1 0 0 1 1 1 1 1 1 0 0 1 1 1 1 0 1 0 1 0 0 0 0 
1 1 1 1 0 1 0 1 0 0 0 0 1 1 0 0 0 0 1 0 0 0 0 1 1 1 1 1 1 1 0 1 1 1 0 0 0 1 1 1 0 0 1 0 0 1 1 1 0 0 1 1 0 1 0 1 1 0 0 1 0 1 0 1 1 1 0 0 1 1 1 0 0 0 0 1 1 0 1 0 0 0 1 0 0 0 1 1 1 1 1 0 0 0 0 0 1 1 0 1 1 0 1 1 0 1 1 1 1 1 0 1 1 0 0 0 1 0 1 1 1 1 0 1 1 1 1 1 0 1 0 
0 0 0 0 1 1 0 1 1 0 1 1 1 1 0 1 1 1 0 1 1 0 1 1 0 1 0 1 0 0 1 1 0 0 0 0 0 0 1 0 0 0 1 0 1 1 0 1 0 1 1 1 1 1 0 1 0 1 1 0 1 0 0 1 1 0 1 1 0 1 0 0 1 1 1 1 1 0 0 1 0 0 0 1 0 0 1 0 0 0 1 0 1 1 0 0 1 0 0 0 0 1 0 0 1 0 1 0 0 0 0 1 1 0 0 1 0 0 0 0 0 0 1 1 1 0 0 1 0 1 0 
1 1 1 0 0 1 0 0 0 1 1 0 1 0 0 1 0 0 0 0 0 0 0 1 0 1 0 1 0 1 1 0 0 0 1 1 0 0 0 0 0 1 0 1 1 0 0 1 0 1 0 0 1 0 0 1 1 1 0 1 0 0 0 0 1 0 0 1 1 1 1 0 1 1 0 0 1 1 1 1 0 0 1 1 0 0 1 0 0 1 1 0 0 0 0 1 0 1 1 0 1 0 0 0 0 0 0 0 0 1 0 0 0 0 0 1 1 1 1 1 1 0 0 1 0 0 1 0 0 0 1 
1 1 1 0 1 0 0 0 1 0 0 0 1 0 0 0 1 1 0 0 0 1 1 1 0 0 1 1 0 0 0 0 1 0 0 1 0 0 0 0 1 1 1 1 1 0 0 1 0 0 1 1 0 1 1 0 0 0 1 0 0 0 0 0 0 1 1 1 1 0 0 0 1 0 0 1 1 0 0 0 0 1 1 0 0 1 0 0 0 1 1 1 1 0 1 0 1 0 1 1 0 1 0 1 0 1 0 1 0 0 1 1 1 1 0 1 0 1 1 0 1 1 0 1 1 1 0 1 1 1 1 
1 0 0 1 0 0 1 0 1 0 1 0 1 1 0 1 0 0 0 1 0 0 0 0 0 0 1 0 1 1 0 0 1 0 1 0 0 1 0 1 0 1 1 1 0 1 1 0 1 0 0 1 1 1 0 1 0 1 0 0 0 0 0 1 0 0 0 1 1 1 1 1 1 1 0 1 0 1 0 0 0 0 0 0 1 1 0 1 1 0 0 0 1 0 1 1 1 0 1 1 1 0 1 0 1 0 1 0 0 1 0 0 0 0 0 0 0 1 0 0 1 0 1 0 1 1 1 1 0 0 1 
0 1 0 1 1 1 1 0 1 0 1 1 1 0 0 0 0 1 1 0 1 0 0 1 0 0 0 1 1 1 0 0 1 0 1 0 0 1 0 1 1 0 1 0 0 0 0 1 1 1 1 0 1 0 0 1 0 0 1 1 0 0 1 0 0 1 1 1 0 1 0 0 0 1 1 0 0 0 0 1 0 0 1 0 0 1 1 1 1 1 0 0 0 0 1 0 0 0 1 0 1 1 0 1 0 1 0 1 1 1 0 1 1 0 1 0 0 0 0 0 1 1 0 0 1 1 0 0 1 1 1 
1 1 0 1 1 0 1 1 0 0 1 1 0 0 0 1 1 0 1 0 0 1 1 0 0 1 0 1 0 1 1 0 1 0 0 0 0 1 1 1 1 1 0 0 0 1 0 0 0 1 1 0 0 0 0 0 0 1 1 1 1 0 0 0 0 1 0 0 1 0 1 1 1 0 1 0 1 0 0 0 1 1 1 0 1 0 1 0 0 0 0 0 0 1 1 0 0 1 0 1 0 0 1 1 0 1 0 0 0 0 0 0 1 1 1 1 1 0 1 1 0 0 0 0 0 0 1 1 0 1 1 
0 1 0 0 1 0 1 0 0 0 0 1 1 0 0 1 1 1 1 0 0 0 1 0 0 0 0 1 0 1 0 0 1 1 1 0 1 1 0 0 1 1 0 0 0 1 1 1 1 1 1 1 1 1 0 1 0 1 1 0 0 1 0 1 1 0 0 0 1 0 1 0 1 1 1 0 0 0 1 0 1 0 1 0 0 0 0 1 1 0 0 1 1 0 1 1 1 0 0 0 1 1 0 0 0 1 0 0 0 1 1 0 0 1 0 1 0 0 1 1 0 0 1 0 1 0 0 1 0 0 0 
1 1 0 1 0 1 1 0 0 0 0 0 1 0 1 1 0 1 1 0 0 0 1 0 0 1 1 0 0 1 0 1 0 0 0 1 0 0 1 0 0 1 1 0 0 0 0 1 1 0 1 0 0 1 0 0 1 0 0 1 0 1 0 1 0 0 0 1 0 0 0 0 1 1 0 1 0 1 0 0 0 1 1 1 0 1 0 0 1 0 1 1 1 1 1 1 1 1 0 1 0 0 1 1 0 1 1 1 0 1 1 0 0 0 0 1 1 0 1 1 1 1 0 1 0 0 0 1 1 1 1 
1 0 1 1 0 0 1 0 1 1 0 0 0 1 0 1 1 0 0 0 0 0 1 0 0 0 1 0 1 1 1 1 0 1 1 0 1 1 0 1 1 1 1 1 1 0 0 1 0 1 1 1 0 1 1 1 0 1 0 1 1 1 1 1 0 0 1 0 1 0 0 0 1 1 1 0 0 0 1 0 0 1 1 1 0 1 1 0 0 1 0 1 0 1 1 1 0 1 1 0 1 0 1 1 0 1 0 0 0 1 1 1 1 0 0 1 1 0 1 0 0 0 1 1 0 0 0 1 0 1 0 
0 1 0 0 1 0 1 1 0 1 1 0 0 0 1 1 1 1 0 0 0 1 0 0 1 0 0 1 0 0 0 0 0 0 0 0 1 1 1 0 0 1 1 0 0 0 1 1 0 0 1 1 1 0 0 1 0 1 1 0 1 1 1 0 1 1 0 1 0 1 1 0 0 0 0 0 1 1 1 1 0 1 1 0 1 1 1 0 1 0 1 1 1 1 0 0 0 0 0 0 0 1 0 0 0 0 1 0 0 0 0 0 0 0 1 0 0 1 0 1 1 0 1 0 0 0 0 1 0 0 0 
0 1 0 1 0 1 1 1 1 0 1 0 1 1 1 1 0 1 1 0 0 0 0 1 1 1 0 0 0 0 1 0 1 1 0 0 1 0 0 0 0 0 0 1 1 1 0 1 1 0 1 1 1 0 1 1 1 0 1 1 1 0 1 1 0 0 0 0 1 0 1 1 1 0 0 0 1 1 0 1 0 0 0 0 0 0 1 1 0 1 0 1 0 0 0 0 0 0 1 0 1 0 1 0 0 1 0 1 1 0 1 1 1 0 1 1 1 0 1 0 1 0 0 1 0 0 1 1 0 1 1 
0 1 1 0 0 0 1 1 0 1 0 0 0 1 1 1 1 1 1 1 1 1 1 1 1 0 0 1 0 1 1 0 1 1 1 1 0 1 1 0 0 1 1 0 1 1 0 0 1 1 0 1 1 0 0 0 0 0 1 0 1 0 1 0 1 1 0 0 1 1 0 0 1 0 1 0 0 0 1 0 1 0 1 1 0 0 0 1 0 1 1 1 1 0 1 0 1 1 1 1 1 0 1 1 1 0 1 0 1 0 1 1 1 1 0 1 0 1 1 0 1 1 0 0 0 1 0 1 1 1 0 
0 1 0 0 1 1 0 1 0 1 1 0 1 1 1 0 0 0 1 1 1 0 0 0 0 0 0 0 0 0 0 1 1 0 0 0 0 0 0 1 1 0 0 1 1 0 1 0 1 1 1 1 1 1 1 1 0 0 0 0 0 0 1 0 1 0 0 0 0 1 0 0 0 1 0 1 1 0 0 0 0 1 0 0 1 1 1 0 0 0 1 1 0 0 0 0 1 1 0 0 0 0 1 0 0 0 0 1 1 0 0 0 0 1 1 1 1 1 0 0 1 1 1 1 0 0 0 0 1 1 1 
1 0 0 0 1 0 1 0 1 0 0 0 0 1 0 1 1 1 0 1 0 0 0 0 1 0 0 1 1 1 0 0 0 1 0 1 1 1 0 1 0 0 1 0 1 1 1 1 0 0 1 0 1 0 0 0 0 1 0 1 1 1 1 0 1 1 1 1 0 1 1 0 0 1 1 1 1 0 1 1 1 1 0 1 0 1 1 1 0 1 0 1 0 1 0 1 1 0 0 1 1 0 0 0 1 0 0 0 0 0 1 0 0 1 0 1 0 1 0 1 0 0 1 0 0 1 1 0 0 1 0 
1 0 0 1 1 0 1 1 0 0 0 0 1 1 0 1 1 0 0 1 0 0 1 0 0 1 0 0 1 1 0 1 1 0 1 0 0 0 0 1 0 1 0 0 0 0 1 0 0 0 0 1 1 0 0 0 1 0 0 1 1 0 1 1 0 1 1 1 0 0 0 1 1 0 0 1 0 1 1 0 1 0 1 0 1 1 1 1 1 1 0 0 1 0 0 1 1 1 1 0 0 1 1 1 0 0 1 0 1 1 1 1 1 0 0 1 0 1 0 1 0 1 1 0 1 1 1 0 0 1 0 
0 0 1 1 0 0 0 0 0 1 1 0 0 0 0 1 1 0 0 1 1 0 0 1 0 0 0 1 1 0 1 0 0 0 0 0 0 0 1 0 1 0 1 0 0 0 1 1 1 0 0 0 0 1 1 0 0 0 0 1 0 0 0 1 1 1 0 1 0 0 1 0 1 0 0 1 1 1 1 1 0 0 0 1 0 0 0 1 1 0 0 0 0 0 1 0 0 1 0 0 1 1 1 1 1 0 1 1 0 1 1 1 1 0 1 1 1 0 1 1 0 1 1 1 0 1 0 1 1 1 1 
0 0 0 0 0 0 1 0 1 0 0 0 1 0 0 0 0 1 1 0 0 0 1 1 1 1 0 1 1 0 0 0 0 1 1 0 1 0 1 1 0 0 0 0 0 1 1 0 1 0 0 0 1 1 0 0 1 0 1 1 0 1 1 0 0 0 1 0 0 0 0 1 1 1 1 0 0 0 1 1 1 1 1 0 1 1 0 1 0 1 1 0 0 1 0 1 0 0 1 1 1 0 0 1 1 1 1 1 1 1 1 1 0 0 0 1 1 1 0 0 1 1 1 0 1 1 1 0 1 0 0 
1 1 1 0 1 0 1 1 1 0 0 1 0 1 1 0 0 1 1 0 0 0 1 1 1 1 1 1 1 0 1 0 0 1 0 0 0 0 1 1 0 0 1 0 0 1 0 1 0 0 1 0 0 1 1 1 0 0 1 1 1 1 0 0 1 0 0 0 1 1 0 1 1 0 1 0 0 1 1 1 1 0 0 1 1 0 1 0 0 0 1 1 0 1 1 0 0 1 1 1 0 1 0 0 1 1 1 0 1 1 1 0 1 1 1 1 1 0 1 1 1 1 0 1 1 1 1 1 1 0 1 
1 0 0 1 0 1 1 0 0 0 1 0 0 0 0 1 0 0 0 0 1 1 0 1 0 0 0 0 0 1 0 0 0 0 1 1 0 0 0 0 0 1 0 1 0 0 1 1 0 1 0 0 0 0 1 1 1 1 0 0 1 0 1 0 0 0 1 0 1 1 0 0 0 1 1 0 1 0 0 1 0 0 1 1 1 1 0 0 0 1 1 1 0 0 0 1 0 0 0 0 0 0 1 1 1 1 0 1 0 0 1 0 1 1 1 0 1 0 0 0 0 1 1 1 1 1 1 0 1 0 0 
1 1 1 0 1 0 0 0 1 1 1 1 0 0 1 0 0 1 1 0 1 0 0 0 0 1 1 1 1 1 0 0 1 1 1 0 1 1 1 0 0 0 0 1 1 1 0 0 1 0 1 1 0 0 1 0 1 0 1 0 1 0 0 0 0 1 0 1 1 0 1 0 1 1 1 1 1 0 0 0 1 1 0 1 1 1 0 1 0 1 0 1 0 0 0 0 1 1 0 1 1 1 0 0 1 1 1 0 0 0 0 1 1 0 0 1 1 1 0 1 1 1 1 0 0 1 1 1 0 1 1 
0 1 0 0 0 1 1 1 1 0 1 0 0 1 1 0 0 0 0 0 0 0 0 0 1 0 1 0 1 1 1 1 1 1 1 1 0 1 1 0 1 0 1 0 0 1 1 0 0 0 1 0 0 1 1 0 1 1 0 1 1 0 0 1 0 0 0 0 1 1 0 0 1 0 1 1 1 1 0 0 1 1 1 1 1 0 1 1 1 1 1 0 0 0 0 0 0 1 1 0 1 1 1 1 1 1 0 0 0 1 0 1 1 0 1 0 0 0 0 1 1 1 1 0 1 0 0 0 1 0 1 
1 0 1 1 1 0 0 1 0 0 0 0 0 0 1 0 1 1 1 0 0 1 1 0 0 1 0 0 1 0 0 1 0 1 1 1 0 0 1 1 1 0 0 0 0 1 0 0 1 0 1 1 0 1 0 0 1 0 0 0 0 0 0 0 1 1 0 0 0 0 1 0 1 1 0 1 1 0 1 1 0 1 0 1 1 0 0 1 1 1 0 0 1 0 0 1 1 1 0 0 1 0 1 0 0 0 1 1 1 0 0 0 1 1 1 1 0 0 0 0 0 0 1 0 0 0 0 1 1 1 1 
0 1 0 1 0 1 0 0 1 1 0 1 0 0 0 0 1 0 1 1 0 1 1 1 0 0 0 0 1 0 0 0 1 0 0 1 0 0 1 0 1 1 1 0 1 0 1 1 1 0 1 0 1 1 1 0 0 0 0 0 0 1 0 0 1 0 1 1 1 0 0 1 1 0 0 1 0 0 1 1 1 0 1 1 0 0 1 0 1 1 1 0 0 1 1 1 0 0 0 1 1 1 1 1 1 0 0 1 1 1 0 0 0 1 1 1 1 0 0 1 0 1 0 0 0 0 0 0 0 0 1 
0 1 1 0 1 0 0 0 0 1 1 1 0 0 1 0 1 0 0 1 0 0 0 0 0 1 1 0 1 1 1 1 0 0 0 1 1 0 0 0 1 0 0 0 1 1 1 0 0 1 1 1 1 0 1 0 0 0 1 0 1 1 0 1 1 1 1 1 1 0 1 0 0 1 0 1 0 1 0 1 0 1 0 1 1 1 0 0 0 0 0 1 0 0 1 1 1 0 1 0 0 0 1 1 1 0 0 0 1 0 1 1 1 0 0 0 0 0 1 1 0 1 1 0 1 1 1 0 0 0 0 
0 1 0 0 1 0 1 0 1 0 0 1 0 1 0 1 1 1 1 1 1 0 0 1 1 1 1 0 1 0 1 1 0 1 0 1 1 0 0 1 0 0 1 1 0 0 0 1 0 1 0 1 1 0 0 1 1 0 0 1 1 0 0 0 0 0 1 1 0 0 1 0 1 0 1 0 1 1 1 1 1 1 1 0 1 1 0 1 0 0 0 1 1 1 0 0 0 0 0 1 1 1 1 1 0 0 1 0 0 0 0 1 0 0 1 1 0 1 0 0 1 0 1 1 1 0 0 0 0 1 1 
1 1 1 1 0 0 1 1 0 0 1 0 0 1 0 1 1 0 1 1 1 0 0 1 0 1 0 0 1 1 1 1 0 1 1 0 0 1 0 1 1 1 0 1 0 0 0 1 1 0 1 1 1 1 0 1 1 0 0 0 0 0 1 0 1 0 0 0 1 0 0 1 0 1 0 1 1 1 1 1 1 0 1 1 0 0 0 0 1 0 1 0 1 1 0 1 0 1 1 0 0 1 1 1 1 0 1 1 0 0 1 0 0 1 1 1 1 1 0 1 0 0 1 0 0 1 1 0 0 1 0 
0 0 1 1 1 1 0 1 0 0 0 1 1 1 0 1 0 1 0 0 0 0 0 0 0 0 0 1 1 0 0 0 1 1 0 1 0 1 0 0 0 0 1 0 1 0 1 1 1 1 1 0 0 1 1 0 0 1 0 0 0 1 1 1 0 0 1 1 1 0 0 1 1 1 0 1 0 1 1 0 0 0 1 1 0 0 0 1 0 1 1 0 1 0 0 0 0 1 1 0 1 1 1 0 0 0 0 1 0 0 1 0 1 0 1 0 1 1 1 1 0 0 1 1 0 1 0 0 1 0 0 
1 0 0 1 0 0 0 0 0 0 0 1 1 0 1 1 0 0 1 1 1 0 0 1 1 1 1 0 0 0 1 0 1 0 0 1 1 1 1 1 1 1 1 1 0 1 1 1 0 0 0 1 0 1 0 0 1 0 1 1 1 0 0 1 1 0 0 1 1 1 0 1 1 1 0 0 1 0 0 1 0 1 0 0 0 0 0 1 1 1 0 0 1 1 1 0 0 1 1 0 1 0 1 0 0 1 0 1 0 1 0 0 0 1 1 0 1 0 1 0 1 1 1 1 0 0 1 1 0 0 1 
0 0 0 1 1 1 0 1 0 0 0 0 0 0 0 1 1 1 1 0 0 0 1 1 0 1 1 1 1 1 1 1 1 1 0 0 1 1 0 1 1 1 0 1 1 1 1 1 0 1 1 0 0 0 0 1 0 1 1 0 0 0 1 1 0 1 0 0 0 1 1 0 1 1 1 1 0 0 1 1 1 0 0 1 0 1 1 0 0 0 0 0 1 1 0 0 1 1 1 0 0 0 0 0 0 0 0 0 1 1 0 0 1 1 0 0 1 1 0 0 0 1 1 0 0 1 0 0 0 0 0 
0 0 1 1 1 0 1 0 0 0 1 1 0 0 1 1 1 0 0 0 0 0 1 1 1 0 0 1 0 1 0 0 0 0 1 0 0 1 1 1 0 0 1 0 1 1 0 0 0 1 1 0 0 0 0 0 1 1 1 0 0 0 1 1 0 1 1 0 1 0 0 0 0 1 1 0 0 0 0 1 1 1 0 0 1 0 1 0 0 1 1 0 1 1 1 1 0 1 0 0 0 0 1 0 0 0 1 1 1 0 0 0 0 1 1 0 1 0 1 0 1 1 1 1 0 0 0 0 0 0 0 
1 0 1 0 0 1 0 0 1 0 1 1 1 1 0 1 0 0 1 0 0 1 0 0 0 0 1 1 1 0 1 0 1 1 0 1 1 1 0 1 0 0 0 0 1 1 1 1 0 1 1 1 0 1 1 0 1 0 1 0 1 1 0 1 0 0 0 1 0 1 1 0 1 1 0 1 0 1 1 1 1 1 0 0 0 1 1 0 1 0 0 1 0 0 1 0 1 1 0 0 0 0 0 0 1 0 1 1 1 0 1 0 0 1 0 1 1 0 1 1 0 0 1 1 1 1 0 1 1 1 0 
0 1 1 1 0 0 1 1 0 1 0 1 0 0 1 1 1 0 1 1 0 1 1 0 1 1 0 1 1 1 1 1 1 1 0 1 0 0 1 0 0 1 1 0 0 1 0 0 1 1 1 1 0 0 1 0 1 0 1 1 1 1 0 0 0 0 1 0 1 0 1 1 0 0 0 1 1 1 0 1 0 1 0 0 1 1 0 0 1 0 0 0 0 0 0 1 1 1 1 0 1 1 0 0 0 0 1 0 0 1 1 0 1 0 0 0 0 0 0 1 0 0 0 1 0 0 1 0 1 1 0 
1 0 1 0 0 1 0 0 0 0 1 0 0 0 0 1 0 0 0 1 1 0 0 1 0 1 1 0 0 0 1 0 1 0 0 0 1 1 1 1 0 0 1 0 0 0 1 1 0 1 0 1 1 1 1 0 1 0 0 0 0 1 0 0 0 1 1 1 1 1 1 1 1 0 0 0 1 1 1 0 0 0 1 1 0 0 0 0 0 1 0 0 0 0 1 1 0 1 0 0 1 0 1 1 0 0 0 1 0 1 1 1 1 1 0 1 1 1 0 0 1 1 1 0 1 0 1 1 1 0 1 
1 1 0 0 1 0 0 0 0 0 0 0 1 0 1 0 0 0 0 0 1 0 1 1 0 0 0 0 0 1 0 1 0 0 0 0 1 1 1 1 0 0 0 1 0 0 1 0 1 1 1 1 1 0 1 1 0 1 0 1 0 1 1 0 0 1 1 0 1 0 1 0 0 1 0 0 0 0 0 0 1 0 0 1 1 1 1 1 1 0 0 0 0 1 0 1 1 0 0 0 0 0 0 1 0 1 1 0 1 0 0 0 0 1 1 1 1 1 1 1 1 1 0 1 0 0 1 0 0 0 1 
1 1 0 1 1 0 1 0 0 1 0 1 0 0 0 1 0 1 0 0 0 1 1 0 0 0 0 0 1 1 0 0 1 0 0 0 1 0 1 1 1 0 1 1 0 1 0 1 0 0 1 0 0 0 0 1 1 1 0 1 0 0 0 0 1 0 1 1 1 0 0 0 1 0 0 1 1 0 0 0 0 1 0 1 1 0 1 1 1 0 0 0 1 0 0 1 1 0 1 0 1 0 1 0 1 0 1 1 0 0 1 1 1 1 0 1 1 0 0 1 0 0 0 0 0 0 1 0 0 1 0 
0 1 0 0 0 1 1 1 1 0 0 0 0 0 0 1 1 1 1 0 0 1 0 0 1 1 0 0 0 0 0 1 1 0 0 1 0 1 0 1 1 1 1 1 0 0 0 0 1 0 1 0 0 0 1 0 1 1 0 0 0 1 1 1 1 1 1 1 0 0 1 0 0 0 1 0 1 0 0 0 0 1 1 0 0 0 1 0 1 1 0 1 0 0 0 0 0 0 0 0 1 1 1 1 0 1 0 1 1 1 1 0 1 0 0 0 1 1 0 1 1 1 1 1 0 1 1 1 1 1 1 
0 1 1 1 0 1 0 0 0 0 1 0 0 0 0 0 1 1 0 1 0 0 1 0 0 0 1 0 1 1 0 1 0 0 1 1 0 1 1 1 1 0 0 1 1 0 1 1 1 1 0 0 0 0 0 0 0 0 0 0 1 0 1 0 0 1 1 1 0 0 0 0 1 1 0 1 0 1 0 0 1 1 1 0 1 0 0 0 1 0 1 1 1 1 0 0 1 1 1 1 1 0 1 0 0 1 0 1 1 1 0 1 0 0 0 1 0 1 0 1 0 0 0 0 0 0 0 1 1 1 1 
0 1 1 1 0 0 0 0 1 0 1 0 1 0 1 0 0 0 0 1 1 0 1 0 0 0 1 1 1 1 1 1 1 1 1 0 1 1 1 1 0 0 0 0 0 1 0 0 0 1 0 1 0 1 0 1 0 0 1 1 0 1 1 0 0 1 1 0 0 0 1 1 1 1 0 0 0 0 1 0 1 0 1 0 0 0 0 1 0 1 1 0 1 1 0 1 0 0 0 1 1 1 1 0 0 1 1 1 1 0 0 1 1 1 0 1 0 1 0 0 1 0 1 1 1 0 0 1 0 1 0 
1 0 0 1 1 0 0 0 1 0 0 0 1 1 1 1 1 1 1 0 0 1 1 1 0 0 0 0 1 0 0 1 0 0 0 0 0 1 1 0 1 1 0 0 0 0 0 1 1 1 0 0 1 1 0 0 0 1 1 0 1 0 0 0 1 0 1 1 0 0 1 1 0 1 1 0 1 0 1 1 1 0 0 0 1 1 1 1 1 1 1 1 0 0 0 1 0 0 0 0 1 0 0 0 0 0 1 1 1 0 0 0 1 1 0 0 1 1 0 0 0 0 0 0 0 1 1 0 1 1 1 
1 0 1 0 0 1 0 1 1 1 1 0 0 0 0 1 0 0 1 0 1 1 1 0 1 0 0 0 1 0 0 0 1 0 0 0 0 1 0 1 0 1 1 0 0 1 1 1 0 1 0 1 1 1 1 0 1 0 0 0 1 1 1 1 0 0 0 1 0 1 1 0 0 1 0 1 1 0 0 1 0 0 1 0 1 1 1 1 0 0 1 0 0 1 0 1 0 0 0 1 0 1 1 0 1 0 1 1 0 0 0 0 0 0 1 1 0 1 0 0 1 1 0 0 1 1 1 0 0 0 0 
1 0 1 1 0 1 0 1 0 1 1 0 1 1 1 0 0 0 0 0 1 1 1 1 0 0 1 1 1 1 0 1 0 0 1 0 1 0 1 0 1 1 1 1 1 0 1 1 0 1 1 1 1 0 1 1 0 0 1 0 0 1 1 0 1 0 1 0 0 0 1 0 1 0 0 1 1 0 1 0 0 1 0 1 0 0 0 0 0 0 0 0 0 0 0 1 1 0 1 0 1 1 1 0 1 0 0 1 1 1 1 1 1 0 0 0 1 0 0 0 0 0 1 1 0 1 0 0 1 1 0 
0 1 1 0 1 0 0 0 1 0 0 0 1 0 1 1 1 0 0 1 0 1 0 1 1 0 0 0 0 0 0 0 1 0 0 0 1 0 1 0 0 0 1 1 1 0 1 1 0 0 1 1 0 0 0 0 1 0 1 0 1 0 1 1 0 1 0 1 0 1 1 0 1 0 1 1 0 0 1 1 1 1 0 1 0 1 1 0 0 0 1 1 0 1 1 1 1 1 0 1 0 0 1 0 1 1 0 0 1 1 0 1 1 1 0 0 1 1 1 0 0 1 0 0 1 0 1 1 0 1 1 
1 0 1 0 1 1 1 1 0 1 1 0 1 0 0 1 1 0 0 1 1 0 0 0 1 0 1 1 0 1 0 0 1 1 0 1 0 0 1 0 0 0 1 1 1 1 0 1 1 1 0 0 0 0 1 0 0 1 0 1 0 1 0 1 0 1 0 0 1 0 0 0 0 1 1 0 1 0 1 1 0 1 0 1 1 1 0 0 0 0 1 0 0 0 1 0 1 0 1 1 0 0 1 1 0 0 0 1 0 1 0 1 1 0 0 1 0 1 0 1 1 0 1 1 0 1 1 0 1 0 1 
0 1 0 0 0 0 1 1 0 0 0 0 1 1 1 0 1 1 0 0 0 1 0 1 1 0 0 1 0 0 1 1 1 0 0 0 1 1 1 1 0 0 0 1 1 1 1 1 1 1 1 0 0 0 1 1 1 0 1 0 0 0 1 0 1 0 1 1 0 1 1 1 0 1 1 0 0 1 0 1 1 1 1 1 1 1 1 0 1 0 0 1 0 1 1 1 1 0 1 1 1 1 0 0 0 1 1 0 1 1 0 1 1 0 0 0 1 0 1 1 1 1 1 1 1 1 0 1 1 0 0 
1 1 0 1 1 1 0 1 1 1 1 0 0 0 1 0 1 0 1 0 1 0 0 1 0 1 0 0 1 0 0 1 1 1 0 1 1 0 0 1 1 0 0 0 1 1 0 0 0 0 0 1 1 1 1 1 0 1 1 0 0 1 0 1 1 0 1 1 0 0 1 0 0 1 1 1 0 1 0 1 0 1 1 1 1 0 0 0 0 0 0 1 1 0 1 0 0 0 0 0 0 1 0 0 0 1 1 1 1 1 1 0 0 0 1 1 1 1 1 1 0 1 0 0 1 0 0 1 0 0 0 
0 0 0 0 1 0 1 0 0 1 1 0 0 1 1 0 0 1 1 1 0 1 1 1 0 0 0 1 0 1 0 1 1 1 0 0 0 1 1 1 1 1 0 0 1 0 0 0 1 0 0 1 0 0 1 0 0 1 0 1 0 0 1 0 0 0 0 0 0 0 1 0 1 0 1 1 1 1 1 1 0 1 1 0 1 0 0 0 0 1 0 0 0 1 0 0 0 0 1 1 1 0 0 0 0 0 1 0 1 0 1 1 1 1 1 0 1 0 1 1 1 0 0 0 0 1 1 1 1 1 0 
1 1 0 0 1 1 1 1 0 0 0 1 0 0 1 1 1 0 1 1 1 1 1 1 1 0 1 0 1 0 1 0 0 1 1 0 0 1 0 1 0 0 0 1 1 1 0 1 0 0 1 0 0 0 0 1 1 1 1 0 0 1 0 1 1 1 1 1 0 1 0 0 0 0 0 1 1 1 1 1 0 0 0 0 0 0 1 0 0 0 0 0 1 0 1 1 1 0 0 0 1 0 1 1 0 0 1 1 0 1 1 0 1 0 1 0 1 0 1 0 1 0 1 1 0 1 1 0 1 1 0 
0 1 0 1 0 1 1 0 0 0 1 1 1 1 1 1 1 1 1 0 1 0 0 0 0 0 0 1 0 0 1 0 0 0 0 1 1 0 1 0 1 0 0 1 0 1 1 1 0 1 0 1 0 0 0 0 0 0 1 1 0 0 1 0 0 0 1 0 1 0 1 0 0 1 1 1 1 0 1 0 1 0 0 1 1 0 0 0 1 1 1 0 1 1 0 0 1 1 1 0 0 0 1 1 1 1 0 1 1 1 0 0 1 1 1 1 0 0 0 1 0 1 0 0 1 0 0 1 0 0 1 
0 0 0 0 1 1 0 1 0 1 0 0 1 0 0 0 1 1 1 1 1 0 0 0 1 1 0 0 1 0 1 0 0 0 0 0 0 0 1 0 1 1 1 0 1 0 0 1 0 0 1 1 0 0 1 0 1 1 1 0 0 1 0 1 0 0 1 0 0 1 0 1 0 0 1 1 0 1 0 0 1 1 0 0 1 1 1 0 1 1 0 1 0 1 1 1 1 1 1 1 0 1 0 1 0 1 1 0 1 1 1 1 0 1 0 0 0 1 1 1 0 0 0 0 0 0 1 0 0 1 1 
1 1 1 1 1 1 1 0 0 1 0 0 0 0 0 1 1 0 1 0 0 1 0 0 0 1 0 0 1 1 0 0 0 1 1 0 0 0 1 1 1 0 1 1 0 1 1 1 0 0 0 0 0 1 1 1 1 1 1 0 0 0 0 1 0 0 0 0 0 1 1 1 0 1 0 1 1 0 0 0 1 1 1 0 0 0 0 1 1 1 0 0 1 0 1 1 1 1 0 1 1 0 1 1 1 0 1 1 0 0 0 1 0 1 1 0 0 0 1 0 0 1 0 0 1 0 1 1 0 0 0 
0 1 1 1 1 1 0 0 1 1 0 1 1 1 1 0 1 0 1 0 0 0 1 0 0 0 1 0 1 1 1 0 1 1 0 1 0 0 0 0 0 0 1 1 1 1 0 0 0 0 1 0 1 1 0 1 1 0 1 0 1 0 1 1 0 1 1 1 0 0 0 0 0 1 1 1 1 0 0 1 0 1 0 0 0 0 1 1 0 0 1 1 0 0 1 1 0 0 0 1 1 1 1 1 0 1 1 1 0 0 0 1 0 0 0 1 0 0 0 1 1 0 1 0 1 0 1 1 1 1 0 
0 1 1 1 0 0 1 1 0 0 1 0 1 1 1 1 0 1 1 1 1 1 1 1 1 1 0 1 1 0 0 0 1 0 0 1 0 0 1 1 0 0 1 1 1 0 1 0 0 1 0 1 0 0 1 1 1 0 0 0 0 1 0 0 0 1 1 1 0 1 1 0 1 1 1 1 1 1 0 0 0 0 1 0 1 1 0 0 0 1 1 1 0 1 1 0 0 0 0 1 0 0 0 1 1 1 0 1 0 0 0 0 0 0 0 1 0 0 0 0 0 1 1 1 0 1 1 0 0 1 1 
1 1 0 1 0 0 0 0 0 1 1 1 0 1 0 1 1 0 0 1 0 1 1 0 1 1 1 0 1 1 0 0 1 0 0 0 1 1 1 1 1 0 0 1 1 0 1 0 1 0 0 1 0 0 0 0 0 1 1 1 0 1 0 1 0 0 0 1 0 1 1 0 0 1 1 1 0 0 1 1 0 0 1 1 0 0 0 0 0 0 0 1 0 1 0 1 1 0 0 1 1 1 1 0 1 0 0 1 1 1 0 0 1 1 0 0 0 0 1 1 1 0 1 1 0 1 1 0 1 0 0 
1 0 1 0 1 1 0 1 0 1 1 1 1 0 0 0 1 0 1 0 0 0 0 0 0 0 0 0 1 0 0 1 1 0 1 0 0 0 0 1 0 0 0 1 1 0 1 0 1 1 0 0 1 1 0 0 1 1 1 1 0 1 0 1 1 0 0 1 0 1 1 0 0 1 1 0 1 1 1 1 1 0 1 0 0 1 0 1 0 0 1 1 0 1 1 0 1 1 0 1 1 1 1 0 1 1 1 0 0 0 0 1 0 0 1 1 0 1 0 0 1 0 1 1 1 1 1 1 0 1 1 
0 0 1 0 1 1 1 0 0 0 0 1 0 1 0 1 0 1 0 1 0 1 1 1 0 1 1 0 0 1 1 1 1 0 0 1 0 1 0 0 1 0 0 0 0 0 1 1 0 1 0 0 1 0 0 1 1 1 0 0 0 1 0 0 1 1 0 0 0 0 1 1 1 0 0 0 1 1 0 0 1 1 0 0 1 0 1 1 1 1 0 1 1 1 0 0 1 1 0 0 1 0 0 0 1 0 1 1 1 0 0 1 0 0 1 0 0 0 1 1 0 1 0 1 1 1 1 0 0 1 0 
0 1 0 1 1 1 0 1 0 0 0 0 0 1 1 1 0 0 0 0 1 1 0 1 0 0 0 0 1 0 1 0 0 0 1 1 0 1 0 1 1 1 1 1 1 1 1 0 0 1 0 0 1 1 0 1 1 1 0 0 0 0 0 1 1 0 0 0 1 1 0 1 0 0 1 0 1 1 0 1 1 1 0 1 1 1 1 0 1 0 0 0 1 0 0 0 0 0 1 0 0 0 0 1 1 1 1 0 1 0 0 0 1 1 0 0 0 0 0 1 0 1 0 1 0 0 1 1 1 0 1 
1 1 1 1 0 1 0 0 0 0 0 0 1 1 1 0 1 1 0 1 0 0 1 1 1 1 1 1 1 0 1 1 1 1 0 1 0 0 1 1 0 0 1 0 1 0 1 1 0 1 1 0 0 0 0 1 0 1 0 1 1 1 0 0 1 1 1 1 0 1 1 1 1 1 1 1 1 0 1 0 1 1 0 1 1 0 0 0 0 1 0 1 1 1 0 1 1 0 1 0 0 1 0 1 0 0 1 0 0 1 1 0 1 0 0 0 1 0 1 0 1 1 1 0 1 1 1 0 0 0 0 
0 1 0 0 1 0 1 1 0 0 0 0 0 1 0 0 1 1 0 1 1 1 0 0 1 0 1 1 1 1 0 1 0 1 0 1 0 1 1 1 1 0 1 1 1 0 0 1 0 1 0 1 1 0 0 0 0 1 1 0 1 0 0 0 1 0 1 1 0 1 0 1 0 0 1 1 1 1 1 0 0 1 0 0 1 1 1 1 1 1 0 1 1 1 1 0 0 1 0 1 1 0 1 1 1 1 0 0 0 0 0 0 0 0 0 1 0 0 0 0 0 1 0 1 0 1 1 1 1 1 1 
1 0 0 0 0 0 1 1 1 1 0 1 1 0 1 0 0 1 0 0 0 0 1 1 1 0 1 1 1 0 1 0 1 0 0 1 0 1 0 1 0 0 1 0 0 0 1 1 1 0 1 1 0 1 1 0 1 0 0 0 1 1 1 0 0 0 0 0 1 0 1 1 1 1 0 1 0 0 1 0 0 0 0 1 1 1 0 1 0 0 0 1 1 0 1 1 1 1 1 0 1 1 0 1 0 0 0 1 0 0 0 0 1 0 0 0 0 0 0 1 0 1 1 0 1 1 0 0 0 0 1 
0 1 0 0 1 0 0 0 1 1 0 1 0 0 1 0 1 1 0 1 0 1 1 0 0 1 1 0 1 0 1 1 0 0 1 0 0 0 1 0 0 1 0 1 1 0 0 0 0 0 1 0 0 1 0 1 1 0 1 0 1 1 0 0 1 1 1 1 0 1 1 0 0 0 1 0 1 0 0 0 0 0 1 0 0 1 1 0 1 1 0 0 1 0 0 0 0 0 0 0 1 0 1 1 1 1 0 1 1 0 0 1 0 1 0 1 0 0 0 1 0 1 1 0 0 0 0 1 1 0 0 
0 1 1 1 0 1 0 1 1 1 1 0 0 0 1 0 0 0 1 1 1 0 1 1 0 0 1 1 1 1 0 0 1 1 0 1 0 0 0 1 0 1 1 0 1 0 1 1 0 0 0 0 1 0 1 1 1 1 1 0 1 0 0 0 1 1 1 0 1 0 0 0 1 1 1 0 1 0 1 1 0 1 1 0 1 1 0 0 0 1 1 0 1 1 1 1 0 0 0 0 0 1 1 1 1 0 1 1 0 1 0 1 0 1 1 0 0 1 1 0 1 1 1 1 0 0 1 1 0 1 1 
0 0 1 0 1 0 1 0 1 1 0 1 0 0 0 1 1 1 1 0 0 1 0 0 1 0 0 0 1 1 1 0 1 0 0 0 0 0 0 0 0 0 1 1 1 0 0 1 1 1 1 1 1 0 0 0 1 1 1 0 1 1 1 1 0 0 1 0 1 1 1 1 0 0 0 1 1 0 1 1 0 0 0 1 0 0 1 0 1 0 0 1 1 0 1 0 1 0 1 0 0 1 1 0 1 1 0 0 0 1 0 1 1 0 0 1 0 0 0 1 0 0 1 1 1 1 1 0 1 1 0 
0 0 0 0 1 0 1 1 1 1 1 1 1 1 1 0 1 1 0 1 1 0 1 0 1 0 1 0 1 1 0 1 0 0 0 0 0 1 1 1 0 0 1 0 0 0 1 0 1 0 1 0 0 1 0 0 1 1 1 0 0 1 0 1 0 0 1 0 0 0 1 1 0 1 1 1 1 1 1 1 0 1 1 0 0 0 1 1 1 0 0 1 1 0 1 0 0 0 1 0 1 0 1 1 0 0 1 0 1 0 1 0 0 1 1 1 1 1 1 1 0 0 1 1 0 0 0 1 0 1 0 
0 0 0 1 1 1 0 0 1 1 1 0 0 1 1 0 1 0 1 1 1 0 1 1 0 1 0 0 1 0 0 1 1 0 1 1 0 1 0 1 1 1 1 0 1 0 0 1 0 1 1 0 1 0 1 1 1 1 0 1 0 0 1 0 0 1 0 1 1 0 0 1 1 1 1 1 0 1 1 1 1 0 1 1 1 1 1 1 1 1 0 1 0 0 1 0 1 0 0 1 0 1 1 0 0 1 0 0 0 1 1 1 1 0 0 1 0 1 1 1 1 1 0 1 0 1 1 0 1 1 0 
1 1 0 1 0 1 1 1 0 1 0 0 0 1 0 0 0 1 1 0 0 1 1 0 1 1 0 0 1 0 0 1 0 1 0 1 1 0 0 0 1 0 0 1 0 0 0 1 1 1 1 0 1 0 1 0 1 0 1 1 1 1 0 0 0 0 1 1 0 1 0 1 0 0 1 0 1 1 0 0 0 0 0 1 0 1 1 0 1 1 1 0 1 0 1 0 1 0 0 1 0 1 1 0 0 1 0 0 0 0 1 1 1 1 1 0 1 0 0 1 1 1 1 0 1 0 0 1 0 1 1 
1 1 1 0 0 1 1 1 1 0 1 1 0 1 0 0 1 1 0 0 0 0 1 1 0 0 0 0 1 1 0 0 0 1 0 0 1 1 1 0 0 1 0 1 0 1 1 0 1 0 1 1 1 0 0 0 0 1 1 1 0 1 1 1 0 1 0 0 0 0 0 0 0 1 0 1 1 1 0 1 0 0 1 1 0 0 0 0 0 1 0 1 0 0 0 0 1 0 1 0 1 0 1 1 0 0 1 0 1 1 0 0 1 1 0 1 0 1 0 0 1 0 0 1 0 1 1 0 1 1 1 
0 0 0 1 1 0 0 1 1 1 0 0 1 0 0 1 0 1 0 0 1 1 1 0 1 1 0 1 1 0 1 1 1 0 1 1 1 1 1 1 0 1 0 0 1 1 1 1 0 1 1 1 0 0 0 0 0 0 1 0 0 1 1 1 0 0 0 0 0 0 1 0 1 1 1 1 1 1 1 0 0 0 1 0 1 1 0 1 0 1 0 0 0 0 1 0 0 1 1 1 0 1 1 0 1 1 0 0 0 0 1 1 1 1 0 1 1 1 0 0 1 0 1 0 1 0 0 1 1 1 1 
0 1 0 1 0 0 0 0 1 1 1 0 0 0 0 0 0 1 0 0 0 0 0 0 0 0 1 0 0 1 0 1 1 0 0 0 1 0 1 0 1 0 0 0 0 0 0 0 0 1 0 0 1 1 1 1 1 1 1 0 1 0 1 0 1 0 0 0 0 1 0 0 1 1 0 1 1 1 1 0 0 0 1 0 1 0 1 0 0 0 1 1 1 1 1 0 0 1 1 0 1 1 0 0 1 1 0 1 1 1 1 1 1 1 1 1 1 0 0 1 1 0 1 0 1 0 0 1 1 1 0 
0 0 1 1 1 0 1 0 1 1 0 1 0 0 1 0 1 0 1 0 0 0 0 1 1 1 0 0 0 0 1 1 1 1 1 0 0 1 1 1 0 1 1 0 0 0 0 1 0 0 1 0 1 0 1 0 0 0 1 1 0 1 1 0 1 1 1 1 1 1 1 0 0 0 1 0 1 0 1 0 1 0 0 0 0 0 1 0 0 1 0 1 0 0 1 1 1 0 0 0 1 0 1 1 1 0 1 0 1 1 0 0 1 0 1 0 1 0 1 1 0 1 0 1 0 1 1 0 0 0 1 
0 0 1 1 1 1 0 0 1 1 1 0 0 1 0 0 1 1 0 1 1 1 0 1 1 1 1 0 0 1 0 1 1 0 0 0 0 1 1 0 1 0 1 0 1 0 1 0 0 0 1 1 1 0 0 1 1 0 0 0 0 1 0 1 0 0 1 0 0 0 1 1 0 0 1 1 1 1 0 1 1 0 0 0 0 1 0 0 0 1 1 1 0 0 1 1 0 1 0 1 0 1 1 0 1 1 0 0 0 1 0 1 0 0 1 0 1 0 1 0 1 0 1 0 1 1 1 0 0 0 0 
1 1 0 1 1 0 1 0 1 1 1 0 0 0 0 0 0 0 1 1 0 1 0 1 1 1 0 0 0 0 1 0 0 0 0 1 0 1 1 1 0 1 1 1 1 1 0 0 0 1 1 0 1 1 1 0 0 0 1 1 0 1 0 1 1 0 1 1 0 1 1 1 1 1 1 0 0 0 1 0 1 0 0 1 1 0 0 0 0 1 1 0 0 1 1 1 1 1 0 1 1 0 0 0 1 1 0 1 0 1 1 0 1 1 0 0 1 0 0 1 1 1 1 1 1 1 1 0 0 0 1 
0 0 0 1 0 0 0 1 1 0 0 1 0 0 0 1 0 0 0 0 1 1 0 0 0 1 1 1 1 1 0 0 1 1 0 0 0 1 0 0 1 1 1 0 0 0 1 1 1 0 0 1 0 0 1 0 0 0 0 0 1 1 1 1 1 0 1 0 0 1 0 1 0 0 1 0 1 0 1 1 1 1 0 1 0 0 1 0 0 0 0 1 1 0 1 1 0 1 0 0 1 1 0 0 0 0 1 1 0 0 1 0 1 0 1 0 1 1 0 1 0 0 0 1 1 1 0 1 0 1 0 

67 74 127 14 69 10 1 47 77 101 50 39 49 63 65 79 41 26 113 110 66 58 76 16 60 57 83 2 124 34 27 21 11 112 35 106 61 123 70 23 42 15 90 100 55 95 120 102 64 73 111 96 37 29 22 93 13 4 78 9 59 108 46 25 72 62 52 71 99 97 118 31 28 107 126 68 114 92 43 130 104 48 125 88 45 105 82 94 40 109 5 84 117 32 44 33 54 91 30 80 6 19 36 128 87 20 8 38 12 56 121 115 51 24 122 103 81 0 119 129 53 7 75 98 85 86 17 3 89 18 116 
0 117
1 6
2 27
3 127
4 57
5 90
6 100
7 121
8 106
9 59
10 5
11 32
12 108
13 56
14 3
15 41
16 23
17 126
18 129
19 101
20 105
21 31
22 54
23 39
24 113
25 63
26 17
27 30
28 72
29 53
30 98
31 71
32 93
33 95
34 29
35 34
36 102
37 52
38 107
39 11
40 88
41 16
42 40
43 78
44 94
45 84
46 62
47 7
48 81
49 12
50 10
51 112
52 66
53 120
54 96
55 44
56 109
57 25
58 21
59 60
60 24
61 36
62 65
63 13
64 48
65 14
66 20
67 0
68 75
69 4
70 38
71 67
72 64
73 49
74 1
75 122
76 22
77 8
78 58
79 15
80 99
81 116
82 86
83 26
84 91
85 124
86 125
87 104
88 83
89 128
90 42
91 97
92 77
93 55
94 87
95 45
96 51
97 69
98 123
99 68
100 43
101 9
102 47
103 115
104 80
105 85
106 35
107 73
108 61
109 89
110 19
111 50
112 33
113 18
114 76
115 111
116 130
117 92
118 70
119 118
120 46
121 110
122 114
123 37
124 28
125 82
126 74
127 2
128 103
129 119
130 79
SIMILAR
1 0
1 0
32 0
