181
0 1 0 1 0 0 0 1 0 0 1 1 0 0 0 1 1 1 0 0 1 0 0 0 0 1 0 0 1 0 0 1 1 1 1 0 0 0 0 0 1 1 1 1 0 0 1 0 1 0 0 0 1 1 0 0 0 0 1 0 1 0 1 1 0 0 0 1 0 0 1 1 0 1 0 0 0 0 1 1 0 1 1 1 1 0 0 1 0 0 0 0 1 1 0 1 1 1 0 0 0 0 1 1 0 0 1 1 1 0 1 0 1 1 0 1 1 0 0 1 1 1 0 0 1 1 0 1 1 1 0 0 0 1 0 1 1 0 1 1 0 0 1 0 0 0 0 0 1 0 0 1 0 1 1 0 1 0 0 1 0 1 1 0 0 1 0 1 0 1 1 0 1 0 0 1 0 1 0 1 0 
1 0 1 0 0 1 0 0 0 0 1 0 0 1 0 0 0 0 0 0 0 1 1 0 0 0 1 0 1 1 1 1 0 0 0 0 0 1 0 0 0 1 0 1 0 1 0 1 0 0 0 1 1 1 0 0 0 0 0 1 1 1 0 0 1 1 0 1 0 0 1 0 0 0 0 1 0 0 1 1 0 0 0 1 0 1 1 0 0 1 1 1 0 0 1 0 1 0 0 1 1 0 1 1 1 1 1 0 0 1 0 1 0 0 0 1 1 1 0 0 1 1 0 1 0 0 1 0 0 0 0 1 0 0 1 0 1 1 1 0 1 0 0 0 1 1 0 1 1 0 1 0 1 1 1 1 0 1 0 1 0 1 0 0 0 1 1 0 0 0 1 1 0 1 0 0 1 1 1 0 0 
0 1 0 0 1 1 0 0 0 0 1 0 1 0 1 1 1 0 0 0 1 1 0 0 0 1 1 1 1 0 0 0 1 0 1 1 1 1 0 0 0 0 0 0 1 0 1 1 0 0 0 1 0 0 1 1 1 0 1 1 1 0 0 1 1 0 1 0 1 0 0 1 1 1 0 0 0 0 0 1 1 1 1 0 1 1 0 1 1 0 1 0 1 1 1 1 1 0 0 0 0 1 0 0 1 1 0 0 1 0 0 1 1 1 1 0 0 1 1 0 1 1 0 0 1 0 0 0 1 0 1 1 1 1 1 1 1 0 0 0 1 1 0 0 1 0 0 0 0 0 0 0 0 1 1 1 0 0 1 0 1 0 0 0 1 1 0 1 1 1 1 1 1 1 0 1 0 0 0 1 0 
1 0 0 0 1 1 1 0 0 1 0 1 0 0 0 1 0 1 0 1 0 0 0 0 0 0 1 1 1 0 0 0 1 0 1 1 0 0 1 1 0 1 0 0 1 1 0 0 0 1 1 1 1 1 0 0 0 0 0 1 1 0 1 1 1 1 0 0 0 0 0 0 1 1 0 1 0 0 0 0 0 1 0 1 1 0 0 1 1 0 0 1 0 0 1 1 0 0 1 1 1 1 0 0 0 0 0 0 1 0 1 0 0 1 1 0 0 1 1 1 1 1 0 0 1 1 0 1 0 0 0 0 0 1 0 1 1 1 0 1 1 1 0 0 1 1 0 1 1 0 1 0 1 1 0 0 1 1 1 1 1 0 0 0 0 0 0 0 1 1 1 1 0 1 1 0 1 1 1 1 0 
0 0 1 1 0 1 0 1 1 1 0 1 1 0 1 1 0 1 0 0 0 0 0 0 1 0 0 1 1 0 0 1 1 1 0 1 0 0 1 1 0 0 0 0 0 0 1 0 1 1 0 1 1 0 1 0 1 1 1 0 1 0 0 1 1 1 1 1 1 0 0 0 1 0 1 0 1 1 0 0 1 1 1 0 0 0 0 0 0 0 0 1 0 1 1 0 1 0 1 1 0 1 1 0 0 1 0 0 1 0 1 1 0 0 1 1 0 1 1 0 1 1 0 0 1 0 0 0 0 0 1 0 1 1 1 1 1 0 0 1 1 1 1 1 1 1 1 1 0 0 0 0 0 0 0 1 0 1 1 0 0 0 1 0 1 0 1 1 0 1 1 1 0 1 1 1 0 1 0 1 1 
0 1 1 1 1 0 0 1 1 1 0 0 0 1 0 0 0 0 1 1 1 0 0 1 1 1 1 1 1 1 1 0 0 1 0 0 1 1 0 1 1 0 1 1 1 1 1 0 0 1 0 1 1 1 0 1 1 0 1 0 0 1 0 0 1 0 1 1 0 0 0 1 0 1 0 0 0 1 0 0 1 1 0 1 1 1 0 0 0 1 1 0 0 1 0 0 0 0 1 0 1 1 1 1 1 0 1 1 1 0 0 0 1 0 0 1 0 1 0 0 0 0 0 1 1 1 0 0 1 1 1 0 0 0 1 1 0 1 0 0 1 1 1 0 0 0 0 0 1 0 0 1 1 1 0 0 0 0 0 0 0 0 0 1 1 1 0 0 1 1 0 0 0 1 1 1 1 1 1 1 0 
0 0 0 1 0 0 0 1 0 0 0 0 1 1 1 1 1 1 0 1 1 0 1 0 1 1 1 1 1 0 0 1 0 1 0 1 0 0 0 1 0 0 1 1 1 1 0 1 0 0 0 1 0 1 0 0 1 0 0 1 0 0 0 0 0 1 1 0 1 1 0 1 0 1 0 1 0 1 1 0 1 1 1 0 0 1 0 1 0 1 0 0 1 1 1 1 1 1 1 0 0 0 0 0 1 1 1 0 1 1 1 1 1 0 1 1 0 1 1 1 1 0 0 1 0 0 0 0 0 1 0 1 0 1 1 0 1 1 0 1 0 1 1 0 1 0 0 0 0 1 1 1 0 0 0 0 1 1 1 0 1 0 0 0 1 0 0 0 0 0 0 0 0 0 0 0 1 1 0 1 0 
1 0 0 0 1 1 1 0 0 1 0 0 0 0 0 1 0 1 1 0 0 1 0 0 0 0 0 1 0 0 0 0 1 0 0 1 1 1 0 1 0 1 1 1 0 0 1 0 0 1 0 0 0 0 1 0 1 1 1 0 1 0 1 1 1 0 1 0 1 0 0 1 1 1 1 0 0 1 1 1 0 1 1 0 1 1 0 1 0 1 1 1 0 0 1 0 0 1 0 1 0 0 1 1 0 0 1 0 1 1 0 1 0 0 1 0 1 0 1 0 0 0 1 0 1 0 0 1 0 0 1 0 0 1 0 0 0 1 0 1 1 0 0 1 1 1 0 1 0 0 0 0 1 0 0 1 0 0 0 1 0 1 0 0 1 1 0 0 0 0 0 1 0 1 1 1 1 1 1 1 0 
0 0 0 0 1 1 0 0 0 1 1 0 0 0 1 0 0 1 1 1 1 0 0 1 0 0 1 0 0 0 1 1 1 0 1 0 0 0 0 0 0 1 1 1 0 1 0 1 1 1 1 0 1 1 1 0 1 0 0 0 0 0 0 1 1 1 0 0 0 0 0 1 0 1 0 0 1 1 1 1 1 0 0 1 0 0 1 1 0 0 0 0 1 1 1 1 0 1 0 1 0 0 0 0 1 1 1 0 1 1 1 0 0 1 0 0 0 0 1 1 0 0 1 0 0 1 0 1 0 0 1 1 1 0 1 0 0 1 0 1 1 1 1 0 0 0 1 0 1 0 1 1 0 0 1 0 0 1 0 1 0 0 1 0 0 0 0 0 0 0 1 0 1 0 0 1 1 0 1 0 1 
0 0 0 1 1 1 0 1 1 0 0 0 1 0 1 0 1 1 0 1 1 1 0 0 1 0 0 0 1 0 0 0 0 0 1 1 1 0 1 0 1 1 1 0 1 0 1 0 1 1 0 0 1 1 0 0 0 1 1 0 0 1 1 1 1 1 1 0 1 1 1 1 0 0 1 1 0 1 0 1 1 1 0 0 0 0 0 0 0 0 0 0 1 1 1 1 0 0 1 1 1 0 0 0 1 0 1 0 0 1 1 1 0 1 1 0 0 1 0 0 0 1 0 1 1 0 1 0 1 0 1 1 1 1 0 0 1 1 0 1 1 1 0 1 1 0 1 1 1 0 1 1 1 1 1 1 0 1 0 1 1 1 1 1 1 1 0 1 1 1 1 0 1 0 1 0 1 1 1 0 1 
1 1 1 0 0 0 0 0 1 0 0 1 0 1 1 1 0 1 0 1 1 0 0 0 0 0 1 1 1 0 0 0 1 0 0 0 1 0 0 0 0 0 0 1 0 1 1 1 0 1 1 0 0 1 0 0 0 0 0 1 1 1 1 0 0 0 0 1 0 0 1 0 0 0 1 1 1 1 1 1 1 0 0 0 1 1 0 1 1 0 0 0 0 0 0 0 0 1 1 1 0 0 1 1 0 1 0 1 0 1 1 0 0 0 1 1 0 0 0 1 1 1 1 0 0 1 0 0 0 0 0 1 0 0 1 0 1 0 1 1 0 1 1 1 0 0 1 0 0 1 1 1 1 0 1 1 1 1 1 1 1 1 1 1 0 1 0 0 0 0 0 1 1 1 0 1 0 0 1 0 0 
1 0 0 1 1 0 0 0 0 0 1 0 1 1 0 0 1 0 0 0 1 1 0 0 1 0 1 0 1 0 1 1 0 0 0 1 1 0 0 0 1 0 1 1 0 0 0 1 1 1 0 1 0 0 1 0 0 0 0 1 1 0 1 1 1 1 1 1 1 0 0 0 0 1 1 1 1 1 0 0 0 0 1 1 1 0 1 1 1 0 1 1 1 1 1 1 1 0 0 0 1 0 0 0 0 0 1 0 1 0 1 0 1 1 1 0 0 0 1 0 0 0 1 0 1 0 0 1 1 0 1 0 1 0 1 1 0 0 0 0 0 0 1 0 1 0 1 0 1 0 1 0 0 1 1 0 1 0 0 0 1 1 1 1 1 1 1 1 1 1 0 1 0 1 0 0 0 1 1 0 0 
0 0 1 0 1 0 1 0 0 1 0 1 0 1 1 1 1 1 1 0 1 1 0 1 0 1 0 1 1 1 0 0 0 1 1 0 1 0 1 1 0 0 1 0 0 0 0 0 0 0 1 0 1 0 0 0 0 1 0 0 0 1 0 1 0 0 1 1 1 0 1 0 0 1 0 0 0 1 1 0 1 1 1 0 1 0 1 0 0 1 1 0 0 1 1 1 0 1 1 0 1 1 0 1 0 1 1 0 0 1 0 1 1 0 1 1 1 0 0 0 1 1 1 1 0 0 1 1 0 0 0 0 0 0 1 1 0 0 0 0 1 0 1 0 1 1 0 1 0 1 1 0 0 1 0 0 0 1 1 1 1 1 0 0 0 0 0 1 1 0 1 1 1 0 1 0 0 0 0 0 0 
0 1 0 0 0 1 1 0 0 0 1 1 1 0 0 1 1 0 1 1 1 1 0 1 0 1 0 1 0 0 0 0 1 1 0 0 0 0 0 1 1 1 1 0 1 0 0 0 0 0 0 0 1 1 0 0 1 1 1 1 1 1 1 0 0 1 0 0 1 1 1 1 0 1 0 0 0 0 1 0 1 1 0 1 0 0 0 1 0 1 1 1 0 1 1 0 1 1 0 0 0 0 1 0 0 1 1 0 1 1 0 0 1 0 0 0 0 0 1 0 0 0 0 0 0 1 1 1 0 0 0 0 1 0 0 1 1 0 1 1 1 1 0 1 1 0 1 0 1 1 0 0 0 0 0 0 1 1 1 1 0 0 0 0 0 1 0 0 0 1 0 1 0 1 1 0 1 0 0 0 1 
0 0 1 0 1 0 1 0 1 1 1 0 1 0 0 1 1 0 1 0 1 0 1 1 1 0 0 0 0 1 0 1 0 1 0 1 0 1 0 0 0 1 0 1 0 0 0 0 1 0 1 0 1 0 0 1 0 1 1 1 0 0 1 0 1 1 1 1 1 0 1 0 0 0 1 1 1 1 0 0 0 0 0 1 0 0 0 1 1 1 1 0 1 1 1 0 1 1 0 1 0 1 0 0 0 0 1 1 0 1 0 1 0 1 1 0 0 1 0 0 0 0 1 0 1 0 1 1 0 1 0 0 1 1 1 1 1 0 1 1 1 0 1 1 1 0 1 0 0 1 1 0 0 1 0 0 0 1 1 0 0 0 1 0 0 1 0 1 0 1 1 0 0 1 1 0 1 1 1 0 0 
1 0 1 1 1 0 1 1 0 0 1 0 1 1 1 0 1 1 0 0 1 0 1 0 1 0 1 0 1 0 0 1 1 0 0 0 1 1 0 0 0 0 0 1 0 0 1 0 0 0 1 1 0 0 0 1 1 0 1 1 0 0 0 0 1 1 1 1 0 0 0 1 0 1 1 1 0 0 0 1 1 0 1 0 1 1 0 0 1 1 0 1 1 0 1 0 1 0 1 0 1 1 1 0 0 1 0 0 0 0 1 0 1 1 1 0 0 1 0 1 1 1 0 0 1 1 0 1 1 1 0 0 0 1 0 0 0 0 1 1 1 1 1 1 1 0 1 1 1 1 1 0 0 0 0 1 1 1 0 0 1 0 0 0 0 1 1 1 0 1 1 1 1 1 0 1 1 1 1 0 0 
1 0 1 0 0 0 1 0 0 1 0 1 1 1 1 1 0 0 1 1 1 1 0 0 1 0 0 1 1 1 1 1 0 1 0 1 0 1 0 1 0 1 1 0 1 0 1 0 1 0 1 0 0 1 1 1 0 1 1 0 0 0 0 1 0 1 0 1 1 1 1 1 1 0 0 1 1 0 0 0 0 0 1 0 1 0 0 1 1 1 0 1 0 0 1 1 1 0 0 1 1 1 0 0 1 0 0 0 1 1 0 1 0 1 0 1 0 0 1 0 0 1 0 1 1 0 1 0 1 1 0 1 0 1 1 1 0 0 1 0 1 0 0 1 0 0 0 1 0 1 1 1 1 0 0 1 0 0 0 1 1 1 0 1 0 1 0 0 0 1 0 0 1 1 0 1 1 1 0 0 0 
1 0 0 1 1 0 1 1 1 1 1 0 1 0 0 1 0 0 1 1 0 1 0 1 1 1 1 1 1 0 1 1 1 1 0 1 0 1 1 1 0 1 0 1 0 1 1 1 0 0 1 1 0 1 1 0 1 0 0 0 0 0 1 0 1 1 0 0 1 1 1 1 0 0 1 1 1 0 0 0 0 0 1 1 0 1 0 1 1 1 0 1 1 1 0 0 1 1 1 1 0 0 0 1 1 1 0 0 1 0 1 0 0 0 0 0 0 0 1 1 1 0 1 0 1 0 1 1 0 1 0 0 1 1 1 0 1 1 0 0 0 0 1 0 0 1 0 1 1 0 0 0 0 1 1 1 1 0 0 0 0 1 1 1 0 1 0 1 1 1 0 1 1 1 0 1 0 0 1 0 1 
0 0 0 0 0 1 0 1 1 0 0 0 1 1 1 0 1 1 0 1 1 1 0 1 0 0 0 1 0 1 1 0 0 0 0 1 0 1 1 0 0 1 1 0 0 0 0 1 0 1 0 1 1 0 1 0 1 1 0 0 0 1 0 0 0 1 1 1 0 1 1 0 0 0 1 1 1 0 0 1 1 0 0 0 1 0 1 0 0 0 0 1 0 0 1 1 1 1 0 1 0 0 1 0 0 0 0 0 1 0 1 0 0 0 1 0 0 1 1 1 1 1 1 1 1 1 0 1 1 0 1 1 1 1 0 0 0 1 0 1 0 1 1 0 1 1 0 0 0 1 1 0 1 0 0 1 0 1 1 0 1 1 1 0 1 0 1 0 1 1 0 0 0 0 0 0 0 0 1 1 0 
0 0 0 1 0 1 1 0 1 1 1 0 0 1 0 0 1 1 1 0 1 0 0 0 1 0 1 1 1 0 0 1 0 1 1 1 0 0 1 1 0 0 1 1 0 0 0 0 1 1 0 1 1 1 1 0 1 1 0 1 0 1 1 1 0 1 1 0 1 1 0 1 1 0 1 1 1 1 1 0 1 1 1 1 1 1 0 0 0 0 0 1 1 0 0 1 1 0 0 1 0 0 1 1 0 0 0 1 0 0 1 0 0 0 0 1 1 1 1 0 1 1 1 1 1 1 0 0 1 1 0 1 1 1 0 1 0 0 1 1 1 1 0 0 0 1 0 0 1 1 0 0 0 0 0 0 1 1 0 0 0 1 1 0 1 1 0 1 1 1 1 1 0 0 1 0 1 0 0 0 0 
1 0 1 0 0 1 1 0 1 1 1 1 1 1 1 1 1 0 1 1 0 0 0 1 0 1 0 1 0 1 1 1 0 1 1 1 0 0 1 1 0 1 0 0 0 1 1 0 1 0 0 0 0 0 1 1 1 0 0 1 1 0 0 0 1 1 0 0 0 0 1 0 1 1 1 1 1 0 0 1 0 0 0 1 1 1 0 0 0 0 0 0 1 0 1 1 1 0 1 0 0 1 1 1 0 0 1 0 1 1 0 1 0 1 1 0 0 1 0 1 0 1 0 0 0 0 1 0 0 0 0 0 0 1 0 0 1 0 0 0 1 1 0 0 1 0 0 1 0 1 1 0 1 0 1 1 0 0 0 0 0 1 0 0 0 1 0 1 0 0 0 0 0 0 0 1 1 1 1 0 0 
0 1 1 0 0 0 0 1 0 1 0 1 1 1 0 0 1 1 1 0 0 0 1 1 1 1 0 0 0 0 0 0 1 1 1 0 1 1 1 1 0 1 0 0 1 1 0 1 0 0 1 1 1 0 0 0 1 0 0 0 1 0 0 0 1 1 0 0 0 0 1 1 1 0 0 0 0 1 1 1 0 0 1 1 1 1 1 1 1 0 1 1 0 1 0 0 1 0 1 1 0 1 1 1 1 1 1 1 1 1 1 0 1 1 0 1 0 0 1 0 0 1 1 1 0 0 0 1 1 0 0 1 1 0 1 0 1 0 0 0 0 0 1 1 1 0 1 1 0 0 1 1 1 1 1 1 0 1 1 1 1 0 0 0 0 0 0 0 1 1 1 1 0 0 1 1 0 1 0 0 0 
0 1 0 0 0 0 1 0 0 0 0 0 0 0 1 1 0 0 0 0 0 1 0 1 1 0 1 1 0 1 1 0 1 0 1 0 0 0 0 1 0 0 0 0 1 1 0 0 1 0 0 1 0 1 1 1 0 1 1 0 0 0 0 0 0 0 0 1 1 1 1 1 1 0 1 1 1 0 1 0 1 0 0 0 0 0 0 1 0 0 0 0 0 1 1 1 1 1 1 1 0 1 0 1 1 0 1 0 0 1 0 1 1 0 1 1 1 0 1 0 1 0 0 0 0 0 0 1 1 0 1 1 1 0 0 1 0 1 0 0 1 1 1 1 0 0 1 0 0 1 1 1 0 1 1 1 1 0 0 0 0 0 0 1 1 0 1 0 0 1 0 1 1 0 0 1 0 0 0 0 1 
0 0 0 0 0 1 0 0 1 0 0 0 1 1 1 0 0 1 1 0 1 1 1 0 0 1 1 1 1 1 1 1 1 1 0 1 0 1 1 1 1 0 0 0 1 1 0 0 0 0 1 1 1 0 0 1 0 1 1 1 1 0 1 0 0 1 0 0 0 1 1 1 0 0 0 0 1 0 0 1 0 1 0 1 0 1 0 0 1 0 0 1 0 1 1 1 0 0 0 1 1 0 0 0 1 1 0 0 1 1 1 1 1 1 0 0 1 0 0 0 0 1 0 0 0 0 1 0 1 1 0 1 0 0 1 0 1 0 1 0 0 0 0 1 1 0 0 1 0 1 0 1 1 1 1 1 1 1 1 0 1 1 1 0 0 1 1 0 1 0 0 0 1 0 0 0 1 1 1 0 0 
0 0 0 0 1 1 1 0 0 1 0 1 0 0 1 1 1 1 0 1 0 1 1 0 0 1 0 1 0 0 0 0 1 1 1 1 1 1 0 0 0 1 1 0 1 0 0 1 0 1 1 0 0 1 0 1 1 0 1 1 0 1 1 0 1 0 1 1 0 1 0 1 1 1 1 0 1 0 0 1 1 1 1 0 0 1 0 0 1 0 0 1 0 0 1 1 0 1 1 1 0 0 1 1 0 0 1 1 0 0 1 0 1 1 0 1 1 1 0 1 0 0 1 0 1 0 0 1 0 0 1 1 0 1 0 0 0 0 1 1 1 0 0 0 0 1 0 0 0 0 1 0 0 0 1 1 1 0 1 0 1 1 1 0 0 0 0 0 0 1 0 1 0 1 0 1 0 1 1 0 0 
1 0 1 0 0 1 1 0 0 0 0 0 1 1 0 0 0 1 0 0 1 1 0 1 1 0 1 0 0 1 0 1 1 0 0 0 0 0 0 1 0 1 0 0 0 0 1 1 1 0 1 0 1 0 0 1 0 1 0 0 1 1 0 1 0 1 0 0 0 1 1 1 0 0 0 0 0 1 0 0 0 1 0 0 1 1 0 1 1 0 0 1 1 0 0 0 1 1 0 0 0 0 1 1 1 1 0 0 0 1 1 0 1 0 1 1 1 1 1 0 1 1 0 0 0 0 1 0 0 0 0 1 0 0 1 1 1 1 1 1 0 0 0 1 0 0 1 1 1 0 1 0 0 1 0 1 0 1 0 0 1 1 0 0 0 0 1 1 1 0 0 0 1 1 0 1 0 1 1 1 0 
0 1 1 1 0 1 1 0 1 0 1 1 0 0 0 1 0 1 0 1 0 0 1 1 0 1 0 1 1 0 0 1 1 1 0 1 1 0 0 1 0 0 0 0 1 0 0 0 1 0 1 1 1 0 0 0 0 1 1 0 1 0 0 1 0 0 0 1 0 1 0 1 0 0 1 0 1 0 1 0 1 0 0 0 1 0 1 1 0 0 0 1 1 1 0 0 0 1 0 1 1 1 1 0 0 1 1 1 1 0 1 1 1 0 0 0 0 0 0 0 1 0 0 0 0 1 1 0 1 0 0 1 0 0 1 1 0 0 0 0 0 1 1 0 0 0 1 0 0 0 1 0 0 1 1 1 0 1 0 1 0 1 0 0 0 0 1 1 1 1 0 1 0 1 0 1 0 1 0 0 0 
0 0 1 1 1 1 1 1 0 0 1 0 1 1 0 0 1 1 1 1 1 0 1 1 1 0 1 0 1 1 0 1 0 1 0 1 1 0 0 0 1 0 0 1 1 0 1 0 0 1 0 0 1 0 0 0 0 0 0 1 0 0 1 0 0 1 1 0 1 0 0 1 1 1 1 1 1 0 1 1 0 1 0 0 0 0 0 1 0 1 1 1 1 0 1 1 0 1 0 1 1 1 1 0 0 1 1 1 0 1 1 1 1 1 1 0 0 1 0 1 1 0 0 0 1 1 0 1 1 0 1 0 1 1 0 1 1 0 0 1 0 1 0 0 1 1 1 1 1 1 1 1 0 1 1 0 0 1 1 1 0 1 0 0 1 1 0 1 1 1 0 0 0 1 0 1 0 1 1 1 1 
1 1 1 1 1 1 1 0 0 1 1 1 1 0 0 1 1 1 0 1 0 0 0 1 0 0 1 1 0 1 1 1 1 1 0 1 0 1 1 0 0 1 1 1 1 0 1 1 1 1 0 0 0 0 0 1 1 0 0 0 0 1 0 0 0 0 0 0 1 1 1 0 0 1 1 1 1 0 0 0 1 0 0 1 1 0 1 1 0 1 0 0 1 1 1 1 0 1 1 1 1 0 1 0 1 1 0 1 1 0 1 1 1 1 0 1 1 1 1 1 1 0 1 0 1 0 1 1 1 1 1 1 1 1 1 1 1 0 0 1 1 0 0 0 0 0 1 0 0 0 1 0 1 0 1 0 0 1 0 1 1 1 1 0 1 1 0 1 0 0 0 1 1 0 1 1 1 1 1 1 1 
0 1 0 0 0 1 0 0 0 0 0 0 1 0 1 0 1 0 1 0 1 0 1 1 0 1 0 1 1 0 1 1 1 1 1 1 0 1 0 0 1 1 0 0 0 0 1 1 1 1 1 1 0 0 1 0 1 1 1 0 1 0 0 1 0 0 1 0 1 1 1 0 0 0 0 0 0 1 1 0 0 0 1 1 0 0 0 1 0 0 0 1 0 1 1 0 0 1 1 0 1 0 0 1 1 1 0 1 0 0 0 1 0 0 1 0 1 0 1 1 0 1 1 1 0 0 1 1 0 1 1 1 0 1 1 1 0 1 0 0 0 1 1 1 0 1 1 0 1 0 0 1 1 1 1 0 1 0 0 1 0 1 0 0 0 0 0 1 1 0 0 1 0 0 0 1 1 1 0 0 0 
0 1 0 0 0 1 0 0 1 0 0 1 0 0 0 0 1 1 1 0 1 0 1 1 0 0 0 0 1 1 0 1 1 0 0 1 0 0 1 0 1 0 1 0 1 0 0 1 0 0 1 0 0 1 1 0 0 1 1 1 1 1 1 1 1 0 0 1 0 0 1 0 1 0 0 1 0 1 1 1 0 0 0 0 0 0 1 0 1 0 1 1 1 1 1 0 1 1 0 0 0 1 1 0 1 1 1 0 1 1 0 0 0 1 0 0 1 0 0 0 0 1 0 1 1 0 0 0 1 1 0 0 0 1 0 0 1 1 1 0 1 0 1 1 1 0 1 0 1 0 1 0 1 0 0 0 1 1 0 0 1 1 1 0 0 0 0 0 0 0 1 1 0 1 0 0 0 0 0 1 0 
1 1 0 0 1 0 1 0 1 0 0 1 0 0 1 1 1 1 0 1 1 0 0 1 0 1 1 1 1 1 1 0 1 0 1 0 1 0 1 0 0 1 1 0 0 0 1 0 1 1 1 0 1 0 0 0 1 1 1 1 1 0 1 0 1 1 0 1 1 1 1 0 1 1 1 0 1 1 0 0 0 0 0 1 0 0 1 1 0 1 0 0 0 0 1 1 0 1 1 1 1 0 1 1 0 1 0 1 0 1 0 0 1 1 1 0 0 0 1 1 0 1 1 0 0 0 1 0 1 0 1 0 1 0 1 1 1 0 1 0 1 1 1 1 1 0 1 0 0 1 1 0 0 0 0 1 1 1 1 1 0 0 1 1 0 1 1 1 0 0 1 1 0 1 0 1 1 1 1 1 0 
1 0 1 1 1 0 0 1 1 0 1 0 0 1 0 1 0 1 0 0 0 1 1 1 1 1 1 0 1 1 1 1 0 1 0 1 0 0 0 1 1 0 0 0 0 0 1 1 1 1 0 1 1 1 0 1 1 0 1 0 1 0 1 0 0 1 0 0 0 1 1 0 1 1 0 1 1 0 0 1 0 1 0 1 1 1 1 0 0 1 1 0 1 0 0 0 1 0 1 1 0 1 0 1 0 1 1 0 1 0 0 1 1 0 1 1 1 0 1 1 0 0 1 1 1 0 0 0 0 0 0 0 0 0 1 0 0 1 0 1 1 0 1 0 1 1 0 1 0 0 0 1 1 0 1 0 0 1 1 1 0 0 0 1 0 1 0 0 1 0 0 1 0 1 1 1 1 1 1 0 1 
1 0 0 0 1 1 1 0 0 0 0 0 1 1 1 0 1 1 0 1 1 1 0 1 1 0 1 1 1 1 0 0 1 0 0 1 0 0 0 0 1 1 0 1 0 1 1 0 1 0 1 0 0 0 0 1 0 0 1 1 1 1 0 1 0 1 1 0 1 0 0 0 0 0 0 0 1 1 1 1 0 0 1 1 1 0 1 1 0 1 0 1 1 0 0 1 1 0 1 0 0 1 1 1 1 1 0 0 1 1 1 1 0 0 1 0 1 0 1 1 1 0 1 0 1 0 0 0 1 1 0 1 1 0 0 0 0 1 1 1 1 0 0 0 1 0 1 0 1 0 1 1 1 1 0 0 0 0 1 0 0 0 0 0 0 0 0 0 0 1 1 1 0 0 0 1 1 0 1 1 1 
1 0 1 1 0 0 0 0 1 1 0 0 1 0 0 0 0 0 0 1 1 1 1 0 1 0 0 0 0 1 0 1 0 0 0 0 1 1 1 0 1 1 0 1 0 1 0 1 0 1 1 1 1 0 1 1 0 0 1 1 0 0 0 1 1 1 1 1 1 0 1 0 1 0 1 1 0 0 1 1 0 0 1 1 0 1 0 1 1 0 0 1 1 0 1 1 1 0 0 0 0 0 1 0 0 1 0 0 1 0 0 0 0 1 0 1 0 0 0 1 0 1 0 0 0 1 0 0 1 0 1 0 1 0 1 0 0 1 0 1 0 0 1 1 1 0 1 1 1 0 0 0 0 1 0 0 1 0 1 1 0 1 0 1 1 0 1 0 0 0 1 1 0 1 0 0 1 1 1 0 0 
0 0 1 1 1 0 1 1 0 1 0 1 0 0 1 0 1 1 1 1 1 0 0 1 1 0 1 1 1 1 1 0 1 1 0 0 0 1 1 1 0 1 0 0 1 0 1 0 1 0 1 0 1 0 1 0 0 0 0 1 1 0 1 0 0 1 1 1 1 1 0 1 0 0 1 1 1 1 0 1 0 0 1 1 1 0 1 0 1 0 1 0 0 0 1 0 1 0 0 1 0 1 1 0 0 1 1 1 0 1 0 0 0 1 0 1 1 0 0 0 0 0 0 0 1 0 1 0 0 0 0 0 0 1 1 0 0 1 0 0 0 0 1 1 0 0 0 0 0 1 1 1 1 1 0 1 1 1 1 1 0 0 1 0 1 1 1 0 1 1 0 0 0 0 0 0 1 0 1 1 1 
0 0 1 0 0 1 0 1 0 1 1 1 1 0 0 1 0 0 0 0 0 1 0 0 1 0 1 1 0 0 0 1 0 0 1 0 0 0 1 1 1 0 0 0 1 1 1 0 1 1 0 1 0 0 1 1 0 0 1 0 1 1 0 0 1 1 0 1 1 1 0 0 1 1 0 0 1 1 0 1 0 0 0 0 1 0 1 1 1 1 1 1 0 1 1 1 1 0 0 1 1 1 0 1 1 1 0 1 0 1 0 1 1 0 1 0 1 0 1 0 1 1 1 0 0 1 1 1 1 0 1 1 0 0 0 0 0 1 1 0 0 0 0 1 1 1 1 0 0 1 0 0 1 0 1 0 1 1 1 1 0 0 0 1 1 1 0 0 1 0 0 0 1 1 0 1 0 0 1 0 1 
0 1 1 0 0 1 0 1 0 0 0 0 0 0 1 1 1 1 1 0 0 1 0 1 1 0 0 0 1 1 0 0 0 0 1 1 0 0 0 1 1 1 1 0 1 1 1 0 1 0 1 0 0 1 1 1 1 0 1 0 1 0 0 0 1 1 0 0 0 1 0 0 0 1 1 1 0 1 1 0 1 0 1 1 0 0 0 1 1 1 0 1 0 1 1 1 0 1 0 0 1 1 1 1 1 1 1 0 0 0 1 1 0 0 1 1 1 1 1 0 0 0 0 1 0 0 1 0 1 0 1 0 1 1 0 0 1 1 0 0 1 1 0 1 0 0 0 1 1 0 1 1 0 1 0 1 1 0 0 1 1 0 1 1 0 1 1 0 0 1 0 0 1 0 0 1 1 0 1 0 0 
0 0 0 1 1 0 0 0 0 1 0 0 1 0 0 0 0 1 1 1 1 1 0 1 0 0 0 0 1 0 1 1 0 0 1 1 1 0 0 0 0 1 0 1 1 0 0 0 1 0 1 1 1 1 0 1 0 0 0 1 0 0 1 0 1 0 1 0 1 0 0 1 0 0 1 1 0 0 0 1 0 0 0 1 0 0 1 1 1 0 0 0 1 0 1 1 1 0 1 0 0 0 1 0 0 0 1 1 1 1 0 0 1 1 1 0 1 1 1 0 0 1 1 1 0 1 1 0 0 1 1 0 1 1 1 1 1 0 0 0 1 1 0 1 0 0 0 0 1 1 0 1 0 1 0 0 0 0 1 1 0 0 1 0 0 1 0 1 1 0 0 1 1 0 1 0 0 1 1 1 0 
0 0 0 1 1 1 1 1 0 0 0 0 1 1 0 0 1 1 0 1 1 1 1 1 0 1 1 0 0 0 0 0 1 0 0 1 1 1 0 0 0 0 1 1 0 0 0 0 1 0 1 1 0 0 0 1 0 0 0 1 1 1 0 0 0 0 0 0 0 1 1 1 1 1 1 1 1 0 1 0 0 1 1 0 0 0 0 0 1 1 1 1 1 0 0 1 0 1 1 0 0 0 1 1 1 1 0 0 0 1 0 1 0 1 0 1 1 1 1 1 1 1 1 0 0 1 1 0 0 1 1 0 1 1 0 1 0 0 0 0 0 0 1 0 0 0 1 0 0 0 1 1 0 0 1 0 1 1 1 0 1 1 1 0 0 0 0 0 0 0 0 0 1 0 1 1 0 1 1 0 1 
1 0 0 0 0 1 0 0 0 1 0 1 0 1 0 0 0 0 0 0 0 0 0 1 0 0 0 1 0 1 1 0 1 1 1 0 1 1 0 0 0 1 1 0 0 0 0 0 0 0 1 0 0 1 1 0 0 1 0 1 0 0 0 0 1 0 0 1 1 1 1 1 0 0 1 1 0 1 1 1 0 0 1 1 1 0 0 1 1 1 0 1 1 1 1 0 0 1 0 0 0 1 0 1 0 0 0 1 1 0 1 1 0 1 0 0 1 1 1 1 1 0 0 0 1 1 1 0 0 0 1 0 1 1 1 0 0 1 0 0 0 0 0 0 0 1 0 0 1 0 1 0 0 0 1 1 0 1 1 0 0 0 1 0 0 1 0 0 1 1 0 1 1 1 1 1 0 1 1 1 1 
1 1 0 1 0 0 0 1 1 1 0 0 0 1 1 0 1 1 1 0 1 1 0 0 1 1 0 0 1 1 0 1 0 1 1 1 0 1 1 0 1 0 0 0 0 1 1 1 1 1 1 0 1 1 1 0 1 0 1 0 1 0 0 1 0 0 0 0 0 0 0 1 0 1 0 0 1 1 1 1 0 1 0 1 1 0 1 0 1 0 1 1 1 0 1 1 1 0 1 0 0 1 0 0 0 0 1 0 0 0 1 1 1 0 1 1 1 1 1 1 0 0 0 0 1 1 0 0 0 0 1 0 0 0 1 1 0 1 1 1 1 0 0 1 1 1 1 1 0 1 1 1 0 1 1 1 1 1 1 0 1 1 1 0 1 1 1 0 1 0 1 0 0 1 0 1 1 1 0 0 1 
1 0 0 0 0 1 1 1 1 1 0 1 1 1 0 0 1 0 1 1 0 0 0 0 1 0 0 0 1 0 1 1 0 0 0 0 0 1 0 1 1 0 0 0 0 0 0 0 0 1 1 1 1 1 1 1 0 1 0 0 0 0 1 1 0 0 1 0 1 1 0 0 1 1 0 0 0 1 1 1 0 0 1 0 0 1 0 0 1 1 1 1 1 1 1 1 0 1 0 0 1 1 1 1 1 1 0 0 1 0 1 0 1 1 1 0 1 0 1 1 0 0 1 1 0 1 0 1 0 1 0 1 0 0 1 0 0 0 1 1 1 0 0 0 0 0 0 1 0 1 1 1 1 1 0 1 0 1 1 0 1 1 1 1 1 0 0 1 1 1 0 1 0 1 1 0 0 0 0 0 1 
1 1 0 0 0 1 1 1 1 0 1 1 0 0 1 1 0 1 0 1 0 0 0 0 0 0 0 1 1 0 0 0 0 1 1 0 0 0 1 1 0 0 0 0 1 1 0 1 1 0 1 1 1 1 0 1 0 1 1 0 0 1 0 1 0 0 0 1 0 0 0 0 0 1 1 0 0 0 0 1 1 1 1 1 0 1 1 1 1 0 0 1 0 1 1 1 0 1 1 1 1 0 1 1 1 1 0 1 1 0 0 0 0 1 0 1 1 1 0 0 0 0 0 1 0 1 0 1 1 0 0 0 1 0 0 1 0 0 0 1 1 0 1 1 1 1 1 1 0 0 0 0 0 1 1 0 1 0 0 1 0 0 0 0 1 0 1 0 0 1 0 0 0 1 1 0 1 1 0 1 0 
0 0 1 1 0 1 1 0 0 1 0 0 0 1 0 0 1 0 0 0 0 1 1 1 1 0 1 1 1 0 1 0 0 0 0 1 1 1 1 0 0 0 0 1 0 1 1 0 0 0 1 0 1 0 0 0 1 1 1 1 1 1 0 1 0 0 0 1 1 0 1 0 1 1 1 1 0 1 0 1 1 1 1 0 1 0 1 0 1 1 1 1 1 0 0 1 0 0 0 0 0 0 0 0 0 1 1 0 0 1 0 1 1 0 0 1 0 1 1 1 0 0 1 1 1 0 0 1 0 0 1 1 1 1 0 0 1 1 0 0 0 1 0 1 1 1 0 0 0 0 0 1 1 0 1 1 1 0 0 0 1 1 1 1 0 0 1 0 1 0 0 1 0 0 1 0 1 0 1 1 0 
0 1 0 1 0 1 1 0 1 0 1 0 0 0 0 0 0 1 0 0 1 1 1 1 0 0 0 0 0 0 0 0 0 1 1 0 1 1 0 0 0 1 0 1 1 0 0 0 1 1 0 0 0 1 1 1 0 1 1 0 0 1 0 0 1 0 0 0 0 0 1 0 0 0 0 0 1 1 1 0 0 1 0 1 0 1 1 1 0 0 1 1 0 0 0 0 1 1 1 1 1 1 1 0 0 1 1 0 1 1 0 1 1 0 0 0 1 0 1 0 1 1 1 1 1 1 1 1 0 0 1 1 0 0 1 0 1 1 1 1 1 0 0 0 0 1 0 1 0 1 0 0 1 0 0 0 0 0 1 0 0 0 0 0 1 1 1 0 0 1 0 1 0 0 0 1 0 1 1 0 0 
1 0 1 0 1 1 0 1 0 1 1 0 0 0 0 1 1 1 0 0 1 0 0 0 0 1 0 1 1 1 0 1 1 1 0 1 1 1 0 0 0 1 0 0 1 0 0 0 1 1 1 0 1 0 1 1 1 0 1 1 1 1 1 1 0 0 1 1 0 0 1 1 1 0 0 1 1 0 0 0 1 1 0 0 0 0 0 0 0 1 1 0 0 0 1 1 1 0 1 0 1 1 1 0 0 1 0 0 1 1 1 0 0 0 0 1 0 1 0 1 1 1 0 0 1 1 1 1 1 1 1 0 0 1 0 0 1 0 1 0 0 1 0 0 1 0 0 0 0 1 1 0 1 1 0 0 0 1 1 0 1 0 1 0 1 0 0 1 1 1 0 0 1 0 0 1 1 1 1 0 0 
0 1 1 0 0 0 1 0 1 0 1 1 0 0 0 0 0 1 1 0 0 1 0 0 1 1 0 0 1 1 1 0 1 0 1 0 0 0 0 0 0 1 0 1 0 0 0 0 0 1 1 1 0 1 1 1 1 1 0 1 0 0 1 0 0 1 0 1 1 1 0 1 0 0 1 1 0 1 0 0 0 1 1 1 0 1 0 0 1 1 1 0 1 1 0 0 0 0 0 1 0 1 1 0 1 1 0 0 1 1 1 1 0 1 0 0 1 0 0 0 1 1 0 1 1 0 1 0 0 0 1 1 1 1 1 1 0 1 0 1 1 0 0 0 1 1 1 1 0 1 0 1 0 0 1 1 0 0 1 0 0 0 0 0 1 0 1 0 1 0 0 0 1 0 0 1 1 0 0 1 0 
1 0 0 0 1 0 0 0 1 1 0 1 0 0 1 0 1 0 0 1 1 0 1 0 0 1 1 0 1 1 0 1 1 1 0 1 1 1 1 1 0 1 0 1 0 1 1 0 0 0 1 1 1 1 1 1 0 0 1 1 1 0 1 0 0 0 1 1 0 0 0 0 1 0 0 1 0 0 0 1 0 1 0 1 1 0 0 0 1 0 0 1 0 1 0 0 1 1 1 0 0 1 1 0 1 1 1 0 0 1 1 1 0 1 0 0 1 1 0 0 0 1 1 0 1 0 1 1 1 1 0 0 0 1 1 1 0 1 0 1 0 1 1 0 0 1 1 0 0 0 1 0 1 0 1 1 0 1 1 1 0 1 0 1 0 0 1 0 1 1 1 0 1 1 0 1 1 1 0 0 0 
0 0 0 1 1 1 0 1 1 1 1 1 0 0 0 0 0 0 1 1 0 0 0 0 1 0 0 1 1 1 0 1 1 0 1 0 1 0 0 0 0 1 1 0 0 1 1 1 0 0 0 1 1 1 0 0 0 0 0 0 1 0 1 1 1 0 1 1 1 0 0 1 0 1 0 1 1 0 0 1 0 1 1 1 0 1 1 0 0 1 1 1 1 0 1 0 0 0 0 0 1 0 0 0 0 1 1 1 1 0 1 1 0 1 1 1 0 1 0 1 0 0 0 0 0 1 0 0 0 1 1 0 1 0 0 1 0 1 0 0 0 1 1 0 0 0 1 0 1 0 0 1 1 0 0 0 0 1 1 1 0 0 1 1 0 0 1 0 0 1 0 0 0 1 1 1 1 0 1 0 0 
0 0 0 1 0 0 0 0 1 0 1 0 1 0 1 1 1 1 0 0 0 1 0 1 1 1 1 0 0 1 1 1 0 1 1 1 0 1 1 1 1 1 1 1 1 0 1 1 1 0 0 0 1 1 0 1 1 1 1 0 1 0 1 1 1 1 1 0 0 0 1 0 0 0 0 1 1 1 1 1 1 1 0 0 1 0 1 1 0 0 0 1 1 1 1 0 0 1 0 1 0 0 1 0 0 1 1 0 1 1 0 0 1 0 0 1 1 1 1 0 1 1 1 1 1 1 1 0 0 1 0 0 1 1 0 0 0 1 0 0 0 0 0 1 0 1 1 0 1 1 0 1 0 0 0 0 1 1 0 1 0 0 0 1 1 0 0 0 1 1 1 1 0 1 1 0 0 1 0 0 1 
0 1 1 1 1 1 1 0 0 0 0 1 0 0 0 1 0 1 1 1 0 1 1 1 0 0 1 0 0 1 0 0 1 0 1 0 1 0 1 1 0 0 1 1 0 0 0 1 1 1 0 0 1 0 0 0 1 0 1 0 0 0 1 1 0 1 1 1 0 1 0 0 0 1 0 1 0 0 0 1 1 1 1 1 1 1 1 1 0 0 1 1 0 0 0 1 0 0 0 0 0 1 1 1 0 0 0 1 1 1 0 0 1 1 1 1 0 0 0 1 0 0 0 1 0 1 0 1 0 0 1 1 1 0 0 0 0 0 1 1 0 0 0 1 0 1 0 0 1 1 1 0 1 1 0 1 0 1 1 0 0 0 1 1 0 1 1 1 0 1 0 0 1 1 0 1 1 0 1 0 1 
1 1 0 1 1 1 0 0 1 1 0 0 1 1 1 0 0 0 1 1 0 1 0 1 0 1 1 1 0 0 0 1 1 0 1 1 0 0 1 0 0 1 1 1 1 0 1 0 1 1 1 1 0 1 0 1 0 0 0 1 0 0 1 1 0 0 0 0 0 0 0 0 0 0 0 1 1 0 0 0 0 1 0 1 0 1 0 0 0 0 1 0 1 0 0 0 0 0 1 0 0 1 0 1 1 1 1 0 1 1 1 0 1 0 0 0 0 0 1 1 1 0 1 1 1 1 0 1 0 0 0 0 1 1 1 0 1 1 1 0 0 0 0 1 0 0 0 0 0 1 1 1 1 1 1 0 0 0 1 1 0 1 1 0 0 1 0 0 1 0 1 0 0 0 1 1 1 0 0 1 0 
1 1 0 1 0 1 1 0 1 1 1 0 0 1 0 0 1 1 0 1 0 0 1 0 1 0 0 0 0 0 1 0 1 0 0 0 0 1 1 0 1 1 1 1 0 1 0 1 1 1 1 0 1 0 0 1 0 0 0 0 0 1 1 1 0 0 1 1 0 1 1 1 1 1 1 0 0 0 1 0 1 1 1 0 0 0 0 1 0 0 1 0 0 1 0 1 0 0 1 1 0 1 0 0 0 1 1 0 0 0 1 0 0 1 0 1 0 0 1 1 0 1 1 1 0 1 1 1 1 1 0 0 1 1 0 0 1 1 0 0 1 1 1 0 0 1 1 0 1 0 1 0 0 1 1 0 1 0 1 1 1 0 1 0 0 0 1 0 0 1 1 1 1 1 1 0 0 0 1 1 0 
0 0 1 0 1 0 0 1 1 0 0 1 0 0 0 0 1 1 1 1 1 0 1 0 0 0 0 0 0 1 1 0 0 0 1 1 1 1 0 0 1 1 1 0 0 1 1 1 1 0 0 0 0 0 0 1 0 1 0 0 1 0 0 0 0 0 0 1 1 1 0 0 0 0 1 0 1 1 0 1 0 0 1 1 1 1 0 1 1 0 1 0 1 1 1 0 1 1 0 1 1 0 1 0 1 0 0 0 1 0 1 0 0 0 0 0 0 0 0 0 0 1 1 1 0 0 1 0 1 0 0 0 1 0 0 0 0 1 0 0 0 1 1 1 1 1 1 0 1 1 1 1 1 1 0 1 0 0 1 1 1 1 1 1 0 0 0 1 1 1 0 0 0 1 0 1 1 0 0 1 0 
0 0 1 0 0 1 0 0 0 0 0 0 0 0 1 1 1 0 0 0 1 0 1 1 1 1 0 0 1 0 0 0 1 1 1 0 1 1 1 1 0 0 1 1 0 1 1 1 1 0 1 0 1 1 1 0 1 1 0 0 1 0 1 0 1 1 0 0 1 0 0 1 0 1 0 0 0 0 0 0 0 1 1 1 1 1 1 0 0 0 0 1 1 0 1 1 1 0 0 0 0 0 0 0 0 0 0 1 1 0 0 0 0 0 0 1 0 1 1 0 1 1 1 1 1 0 0 1 1 1 1 0 0 1 1 0 0 0 0 0 1 0 1 0 0 0 1 0 0 1 1 1 0 1 0 0 0 0 0 1 0 0 0 0 0 1 1 1 1 1 0 0 0 0 1 0 1 0 1 0 1 
0 0 1 0 1 1 1 1 1 0 0 0 0 1 0 1 0 1 1 1 1 1 0 0 1 0 0 0 1 1 0 1 1 0 0 0 0 1 0 0 0 1 0 0 1 0 1 1 0 0 1 1 0 0 0 1 0 0 0 0 1 1 1 0 0 1 0 0 0 0 0 0 1 0 0 0 1 0 0 1 0 1 1 0 0 0 1 1 1 0 0 0 1 0 1 1 1 1 0 1 1 0 0 0 1 0 0 1 0 0 1 1 0 1 0 1 1 1 0 0 0 0 1 0 1 0 1 1 0 0 0 1 0 1 1 1 0 1 1 0 0 0 1 1 0 1 0 1 0 0 0 1 0 1 1 0 0 0 0 0 0 1 0 1 0 1 0 1 1 1 1 0 0 0 0 1 0 1 1 1 0 
0 0 0 0 1 0 0 1 0 1 0 0 1 1 1 0 1 0 1 1 0 0 1 1 0 1 1 0 0 1 1 1 0 0 0 0 0 0 0 0 1 0 1 1 1 1 0 1 0 0 1 0 0 0 1 1 0 0 0 0 0 0 1 0 1 0 1 1 0 1 0 0 0 1 0 0 0 0 1 0 1 0 0 1 0 1 1 1 0 0 1 0 1 1 0 0 0 1 1 1 0 1 1 0 0 0 0 0 0 0 1 0 0 1 0 0 1 0 0 0 1 1 0 1 0 0 0 0 1 0 0 1 0 1 1 0 0 0 0 1 1 1 1 1 1 1 1 0 0 1 0 0 0 1 0 1 1 0 1 0 1 0 1 0 0 1 0 0 1 1 0 0 0 1 0 0 0 1 1 1 1 
1 0 1 0 1 1 0 1 0 1 0 0 0 1 1 1 1 0 0 0 0 0 1 1 1 0 1 0 0 1 1 1 1 1 1 0 1 1 0 0 0 1 0 1 1 1 1 0 1 0 1 1 0 0 0 0 0 0 0 0 1 1 0 0 1 1 0 1 0 1 1 0 0 1 1 1 0 0 0 0 0 0 1 1 1 1 0 0 0 1 1 0 1 1 1 1 0 1 0 1 1 1 0 0 1 1 0 0 0 0 1 1 1 0 1 1 1 1 1 0 1 1 0 1 0 0 1 1 0 1 1 1 1 0 1 0 0 1 1 1 0 0 1 0 0 1 1 0 0 0 0 0 1 1 1 0 1 1 0 0 1 0 1 1 0 1 1 1 1 1 1 0 0 0 0 1 0 1 0 1 1 
0 1 1 1 0 0 1 0 0 0 1 1 0 1 1 1 0 0 0 1 1 0 0 1 1 0 0 1 0 0 1 1 0 1 1 1 0 0 1 1 1 0 0 0 1 0 1 1 1 0 0 0 1 0 0 0 0 0 0 0 1 1 0 1 1 1 1 1 1 1 0 0 1 1 1 0 0 1 0 0 0 0 1 1 0 0 0 0 1 1 0 1 0 1 0 1 0 1 0 0 0 0 0 0 1 0 0 0 0 1 1 1 0 1 1 1 1 1 1 0 1 0 1 0 0 1 1 0 1 0 0 0 1 1 1 1 1 0 1 0 0 0 0 0 0 0 0 0 1 0 1 1 0 0 0 1 0 1 0 1 1 0 0 1 0 1 1 0 0 0 0 0 0 1 0 1 0 0 1 0 1 
1 1 1 1 1 0 0 1 0 0 1 1 0 1 0 0 0 0 0 0 1 1 0 1 0 1 1 0 0 1 1 1 1 1 0 1 1 1 0 1 0 1 0 0 1 0 1 0 1 1 1 0 0 0 1 1 1 0 1 1 0 1 1 0 0 1 0 1 0 0 0 0 1 0 0 1 0 1 1 0 1 0 1 0 0 1 0 0 1 0 0 1 0 1 0 1 0 1 0 1 0 1 1 0 1 0 0 1 1 1 0 0 0 0 0 1 0 1 0 1 1 0 1 0 0 0 0 0 1 1 0 1 0 1 1 0 0 0 1 1 0 1 0 0 1 1 0 1 0 1 1 1 0 0 1 0 0 0 1 0 0 0 0 1 0 1 0 1 0 0 1 1 1 1 1 1 1 1 0 0 0 
0 1 0 0 0 1 0 0 0 1 1 0 1 1 0 0 0 0 1 1 0 0 0 0 1 1 0 0 1 0 1 0 0 1 0 0 1 0 0 1 0 0 0 1 1 1 1 0 0 0 0 0 0 1 0 0 1 0 1 1 1 0 0 0 0 1 1 1 1 1 0 1 1 1 0 1 0 0 0 0 1 0 0 1 0 0 0 0 0 0 1 0 1 0 1 1 0 1 1 1 1 1 0 1 1 0 0 1 0 0 1 1 1 1 1 1 0 1 1 0 1 1 0 0 0 0 1 0 0 1 1 1 0 0 1 0 0 0 0 0 1 0 0 0 1 1 1 1 0 0 0 1 1 0 1 1 1 0 1 0 1 0 1 0 0 0 1 1 0 0 0 1 1 0 0 1 0 1 0 0 0 
1 0 0 1 0 0 0 1 0 1 1 1 0 1 1 0 0 1 0 1 0 0 0 1 1 0 0 1 0 0 1 1 1 0 0 1 0 0 1 0 0 0 1 0 0 0 1 1 1 1 1 1 1 1 0 1 1 1 0 0 1 0 0 1 1 0 1 0 1 0 0 1 1 0 1 1 1 0 0 1 1 0 1 0 1 1 0 1 0 1 1 1 0 1 0 0 1 0 1 1 0 1 0 0 0 0 1 1 1 1 1 1 0 1 1 0 1 0 0 0 0 1 0 1 0 0 1 1 0 1 0 0 1 0 0 1 1 1 0 0 0 0 0 0 0 0 0 1 0 0 1 1 1 1 1 0 0 1 1 0 1 1 1 0 0 1 1 1 1 0 1 0 1 0 1 1 0 1 0 0 0 
1 0 1 1 1 0 0 1 1 1 0 1 1 0 0 0 1 0 0 1 0 0 0 0 0 1 1 0 0 1 1 0 0 1 1 0 0 0 0 0 0 1 1 1 1 0 1 0 0 1 1 1 1 1 0 0 0 0 0 1 0 0 1 0 0 0 1 1 0 0 1 1 1 0 1 1 1 0 0 1 1 1 0 1 1 1 0 0 1 0 1 1 0 1 0 1 0 0 0 0 0 1 1 0 0 0 1 0 0 0 0 0 1 0 0 1 0 0 0 1 1 1 0 0 0 1 1 1 1 0 0 0 1 0 1 0 0 1 0 1 0 0 0 0 1 0 0 0 0 0 1 0 1 1 1 0 1 0 0 0 0 1 1 1 1 1 0 0 0 0 1 1 1 0 0 1 1 0 0 1 0 
0 1 1 1 1 1 0 1 1 1 0 1 0 0 1 1 0 1 0 0 1 1 0 0 1 0 0 0 0 0 1 1 0 0 1 0 1 1 1 0 1 0 0 0 0 1 0 0 0 1 1 0 0 0 0 1 0 1 1 1 0 0 1 0 0 0 1 1 0 1 0 0 0 0 1 1 0 1 0 0 0 0 1 0 1 0 0 1 0 1 0 0 0 1 1 1 0 1 1 1 1 0 0 0 0 1 1 0 0 0 1 1 0 1 1 1 1 0 0 0 0 0 1 0 0 0 1 1 1 0 1 0 1 0 1 1 1 0 0 1 1 0 1 1 0 0 1 1 0 0 1 1 0 1 0 0 1 1 0 0 1 0 0 0 1 1 0 0 0 1 1 1 1 1 0 1 1 1 0 0 1 
0 1 0 1 1 0 1 0 1 1 0 1 0 1 1 1 1 1 1 1 1 1 0 1 0 1 0 1 0 0 0 1 1 1 1 1 1 1 0 0 0 0 0 0 0 0 0 1 0 0 1 1 0 0 0 1 1 0 1 1 1 1 0 0 0 0 0 1 1 0 1 0 1 0 0 0 1 1 1 1 1 1 1 1 0 0 0 1 0 0 1 0 0 1 0 1 0 0 0 0 0 0 1 0 1 0 1 1 0 0 0 1 1 1 1 0 0 1 0 1 1 0 0 1 1 0 0 0 0 1 1 1 1 1 0 1 1 1 0 1 0 0 0 1 1 1 1 1 0 1 0 0 1 0 1 0 0 0 1 0 0 1 0 1 1 0 1 1 1 1 0 0 0 0 1 0 1 1 1 0 1 
0 0 1 0 1 1 1 1 0 1 0 1 1 0 1 1 0 0 1 1 0 0 0 0 1 0 0 1 0 1 0 0 0 1 1 1 0 0 1 0 0 0 1 0 0 0 1 0 1 1 1 1 0 1 0 0 0 1 0 1 0 1 1 1 1 0 0 1 1 1 0 1 0 1 0 1 1 1 0 1 0 0 0 0 0 1 1 1 0 1 0 0 1 1 1 1 0 1 0 0 1 1 0 0 1 1 0 1 1 0 0 1 1 0 1 1 1 0 0 1 0 0 1 0 1 1 1 1 0 0 0 0 1 1 0 0 1 0 1 1 0 1 0 1 1 1 0 1 1 1 0 0 0 0 0 1 1 1 1 0 1 1 0 1 0 0 0 0 1 0 0 0 1 1 1 0 0 1 1 1 1 
1 1 0 0 1 1 0 0 0 0 1 1 1 0 1 1 1 0 1 0 0 0 1 0 1 0 1 0 0 0 1 1 0 0 1 1 1 0 0 0 1 0 0 1 1 0 1 1 1 1 0 1 0 1 1 0 0 1 1 1 1 1 0 1 1 1 1 0 0 0 1 0 1 0 0 1 0 0 0 1 0 1 0 0 0 0 1 0 1 1 0 0 1 0 0 1 1 1 0 0 0 1 0 0 1 0 1 1 1 0 1 1 1 1 0 0 1 0 0 0 0 1 1 1 0 1 0 0 0 1 0 1 1 1 1 1 1 1 1 1 0 1 0 1 0 1 1 1 0 0 0 0 1 0 1 0 1 1 1 1 0 1 1 0 0 0 0 1 1 0 1 1 0 1 0 1 0 0 0 0 1 
0 0 1 0 1 0 1 1 0 1 0 1 1 1 1 0 1 1 0 1 0 0 1 0 0 0 0 1 1 1 0 1 0 1 1 1 1 0 1 0 1 0 1 0 1 0 0 1 0 1 0 0 0 0 1 1 0 0 0 1 0 1 1 0 0 1 1 0 0 0 0 1 1 0 0 0 1 0 0 1 0 0 0 1 0 1 0 0 0 1 1 1 1 0 1 0 1 1 0 1 0 0 0 1 1 1 0 1 1 1 0 0 0 1 0 1 0 0 1 1 1 1 0 1 0 0 1 0 0 1 1 0 1 1 1 1 1 1 0 0 0 0 0 0 1 1 1 1 1 1 1 0 0 1 0 1 1 0 0 0 1 0 1 0 1 1 1 0 1 1 0 1 1 0 1 1 1 1 0 0 1 
0 0 0 0 0 0 1 0 0 1 0 0 0 1 0 0 1 1 1 1 0 0 1 1 1 1 1 0 1 1 0 1 1 0 0 1 1 1 0 1 1 0 1 0 0 0 0 1 0 0 0 1 0 1 1 0 0 1 1 1 0 1 0 0 1 0 1 0 0 0 0 0 0 1 0 1 1 1 0 1 0 1 1 1 0 0 0 0 1 1 1 1 1 1 0 0 0 1 0 0 1 0 1 0 1 0 1 1 1 1 0 1 0 0 1 0 1 0 1 1 0 1 0 0 1 1 1 0 0 1 0 1 0 1 0 1 1 1 0 0 1 0 0 0 0 0 1 0 0 0 1 0 1 1 1 1 1 1 0 1 1 1 0 1 0 0 0 0 0 0 0 0 0 0 0 0 0 1 0 0 1 
1 1 0 0 0 0 0 0 0 1 1 0 1 1 1 0 1 1 1 0 1 1 1 1 0 1 0 0 1 1 1 1 1 0 1 0 0 0 0 1 1 0 0 0 1 1 1 0 0 0 1 0 0 1 0 0 0 0 1 0 0 0 0 1 0 1 0 1 0 0 0 1 0 0 1 1 0 1 0 0 1 0 1 1 0 1 0 1 1 1 0 1 0 0 1 1 1 0 1 0 0 1 1 0 1 0 0 1 0 1 1 0 1 1 0 1 0 0 0 1 1 0 0 0 1 1 0 0 1 1 0 0 0 1 1 0 0 0 0 1 0 1 1 0 0 0 0 1 0 0 1 0 0 0 1 1 0 1 0 0 0 0 1 1 1 0 1 0 0 0 1 0 1 1 0 0 0 0 1 1 0 
1 0 1 0 0 1 1 1 1 1 0 0 0 1 0 1 1 1 0 1 0 1 1 1 1 1 1 1 0 0 0 0 0 0 0 1 0 0 1 1 1 1 0 0 0 0 1 1 0 1 0 0 0 1 0 1 0 0 0 0 0 1 1 1 0 0 1 0 1 0 1 0 0 0 1 0 1 1 1 1 0 1 1 0 0 0 1 0 1 0 1 1 0 1 1 0 0 1 1 1 0 0 1 0 1 1 1 0 1 1 1 1 0 0 1 1 0 1 1 0 1 1 0 0 1 1 0 0 1 1 1 1 0 0 1 1 1 1 1 0 0 0 1 1 1 0 1 1 0 0 0 1 0 0 0 0 0 0 0 0 0 0 0 1 0 1 1 0 0 1 1 0 0 1 0 0 1 0 0 1 1 
0 0 1 1 1 0 0 1 0 0 0 0 0 0 0 0 1 0 0 1 1 1 1 0 1 0 0 1 0 0 1 1 1 0 1 0 1 0 0 1 0 0 1 0 1 0 1 0 1 0 0 0 0 1 0 0 1 0 0 1 1 1 1 1 0 1 0 1 1 0 0 0 0 0 0 0 1 0 1 1 1 0 0 0 1 1 1 1 1 1 1 1 1 1 1 0 1 0 0 1 1 1 1 1 1 1 0 1 1 0 0 1 0 1 0 1 1 1 0 1 1 0 1 0 1 0 0 0 0 1 1 0 0 1 0 1 0 0 1 0 0 0 1 1 1 1 1 0 1 0 1 1 1 0 0 0 0 1 1 0 1 0 0 0 0 0 0 0 0 1 1 1 0 1 1 0 1 0 1 0 1 
1 0 1 1 0 1 1 1 1 0 0 1 1 1 0 1 0 0 0 0 1 0 0 0 1 0 0 1 1 0 0 1 1 0 0 0 1 1 0 1 0 1 1 1 1 0 0 0 0 1 0 1 0 1 0 1 0 1 1 1 0 1 0 0 0 0 1 0 0 1 0 0 0 0 1 1 1 1 0 0 1 0 0 1 1 0 0 1 0 1 1 1 1 0 0 1 0 0 0 0 0 1 1 0 1 0 1 1 0 1 1 0 0 0 0 1 1 1 0 1 1 0 1 0 0 1 0 1 0 1 0 1 0 1 1 0 0 1 0 1 0 0 1 0 0 1 0 1 0 1 1 0 0 0 1 1 0 1 0 0 1 1 1 0 0 1 0 1 1 0 1 0 1 0 0 1 1 0 1 1 0 
0 0 0 0 1 0 0 1 0 1 1 1 0 0 1 1 0 1 1 1 1 0 1 0 1 0 1 1 1 0 0 1 0 0 1 1 0 1 1 1 1 0 0 1 1 0 0 1 0 0 0 0 0 1 1 0 0 0 1 1 0 0 1 1 1 0 0 0 0 0 1 1 0 1 0 1 1 0 0 0 0 1 1 1 1 0 0 0 1 1 1 0 0 1 0 1 1 0 1 0 0 1 0 1 1 0 1 1 1 1 0 0 0 1 1 1 0 0 0 1 0 1 1 1 1 0 1 1 0 0 0 0 1 0 1 0 0 1 0 0 0 1 0 0 0 0 1 1 0 0 1 1 1 0 1 0 1 0 1 1 1 1 0 0 0 0 0 0 0 1 1 0 0 0 1 1 0 1 1 0 0 
0 1 0 1 0 0 1 0 0 1 1 1 0 0 1 1 1 1 1 1 1 0 1 0 0 0 0 1 1 0 1 0 1 0 1 1 0 1 1 1 1 0 0 0 1 0 1 1 1 1 1 1 1 0 0 0 0 0 1 0 1 1 1 1 1 0 1 1 0 1 1 0 0 1 1 0 0 0 1 0 0 0 1 1 1 0 0 1 0 0 0 1 1 0 0 0 0 0 1 1 0 0 0 1 1 0 0 1 0 1 1 1 0 0 0 1 1 1 0 1 1 0 0 0 1 0 1 0 1 1 0 1 0 1 1 0 1 1 0 0 0 0 1 1 1 1 0 1 0 0 1 1 1 0 1 0 0 0 1 0 0 0 1 0 0 1 0 1 0 1 0 1 0 0 0 1 1 0 0 0 0 
0 0 0 0 1 0 0 0 1 0 1 1 0 0 1 0 1 1 1 1 1 0 1 1 1 0 1 1 1 0 0 1 1 1 0 1 1 0 0 1 0 1 0 0 0 1 1 0 0 1 1 0 1 0 1 0 1 0 0 0 0 0 1 1 0 1 1 0 1 1 0 1 1 1 1 0 0 0 0 1 1 1 0 1 0 1 0 1 0 0 1 1 1 1 0 0 1 1 0 0 0 0 1 0 0 1 0 0 0 0 1 1 0 0 0 1 1 0 1 0 1 1 1 0 1 0 0 1 1 1 0 1 0 0 0 1 1 0 0 1 0 0 1 0 0 1 0 1 1 0 1 0 0 0 0 0 0 1 1 0 1 0 0 0 0 1 1 0 0 1 1 0 1 1 1 0 1 1 0 1 0 
0 0 0 0 1 1 1 1 1 1 1 1 1 0 1 0 0 0 0 1 0 1 0 0 0 1 0 0 0 1 1 1 0 1 0 1 1 1 0 0 1 1 1 0 1 1 0 1 0 0 1 0 0 0 1 0 0 0 0 1 1 0 0 0 1 1 1 0 0 1 1 1 0 1 0 0 0 0 0 0 0 0 0 1 1 1 1 1 0 1 0 1 1 1 0 0 1 1 0 1 1 1 0 1 1 0 0 0 1 1 1 0 0 0 0 1 1 0 1 0 0 0 1 0 0 1 0 1 1 1 1 0 0 1 0 0 0 1 0 1 0 1 1 0 0 1 1 0 1 0 1 1 1 0 1 0 0 1 0 0 1 0 0 0 0 1 0 1 0 0 0 1 0 0 1 1 1 0 1 0 1 
1 1 0 0 0 0 1 1 1 0 1 0 1 1 0 0 0 0 0 1 0 1 1 0 0 0 1 1 0 1 1 0 0 1 1 0 0 1 0 1 1 1 1 0 0 1 0 0 0 0 1 0 0 1 0 0 0 1 0 0 1 0 0 0 0 1 0 0 0 0 0 1 1 0 0 1 0 0 0 0 0 1 0 0 1 1 1 1 1 0 0 1 0 1 1 1 0 0 0 1 0 0 1 1 0 1 1 0 1 1 1 0 1 1 1 0 1 0 1 0 1 0 1 0 1 1 1 1 1 1 1 0 1 1 0 0 1 1 0 0 1 1 1 0 1 1 0 1 0 0 1 0 1 1 0 1 1 1 1 0 0 1 1 0 0 0 1 1 1 0 0 1 0 0 1 0 1 1 1 0 1 
1 1 1 0 0 0 0 1 1 1 1 0 0 0 0 1 0 0 1 0 1 1 0 1 1 0 0 1 0 0 1 0 1 1 1 1 1 0 1 0 1 1 1 1 1 0 0 0 1 1 1 1 0 0 1 0 1 0 0 0 0 0 1 1 0 1 1 1 1 1 0 1 1 0 0 0 1 0 0 0 0 1 0 0 1 0 1 1 1 1 1 0 1 1 1 1 1 0 0 0 0 0 1 0 0 0 0 1 1 0 0 1 1 1 1 1 0 0 0 0 1 1 1 0 1 1 1 0 0 0 0 1 1 1 1 0 0 1 0 0 0 1 1 1 0 0 1 1 0 0 0 0 1 1 1 1 0 0 1 0 1 1 1 1 0 0 1 1 0 0 0 1 1 0 1 1 0 0 0 0 0 
0 0 1 0 1 1 1 0 1 1 1 0 1 1 0 1 0 0 1 1 0 0 1 0 1 0 1 0 1 0 0 0 0 0 0 0 0 1 0 0 0 0 0 1 1 0 1 0 0 0 1 1 0 1 0 0 0 1 0 0 1 1 1 1 0 1 0 0 0 0 1 0 1 1 0 0 1 0 0 0 0 1 0 0 0 0 1 0 0 1 1 1 0 1 0 1 0 1 0 1 0 1 0 1 1 0 1 0 0 1 0 1 1 0 1 0 1 1 1 1 1 0 0 1 1 0 1 0 1 1 0 0 1 0 0 1 1 1 0 0 1 0 1 0 0 1 0 1 0 1 1 1 1 1 0 0 1 1 0 0 0 1 0 0 1 1 1 1 1 1 0 1 1 1 1 1 1 1 0 1 0 
1 0 1 1 1 1 1 1 0 1 0 0 1 1 0 0 0 0 0 1 0 0 0 1 1 1 0 1 0 0 0 0 1 0 0 0 0 0 0 1 0 1 0 1 1 1 1 1 1 1 1 1 1 1 0 1 1 0 0 0 0 0 0 1 0 1 0 1 0 1 0 1 0 0 1 0 1 0 1 1 1 0 0 0 1 0 0 0 0 1 0 1 0 0 1 0 1 0 1 0 0 1 1 1 1 1 0 0 0 0 1 1 1 1 1 1 1 0 1 0 1 0 1 1 0 1 0 0 0 1 1 1 1 1 0 0 1 1 0 0 1 1 1 0 0 1 1 0 0 1 1 1 0 1 1 0 0 1 1 1 1 1 0 1 1 0 1 0 1 1 1 1 1 0 0 1 0 1 0 0 0 
1 0 1 0 1 0 1 1 0 0 0 1 1 0 0 1 1 1 0 1 0 1 0 0 1 0 0 0 0 1 0 0 0 1 1 1 0 1 0 1 1 0 1 1 1 0 0 1 0 1 0 1 0 1 1 1 1 0 1 1 1 0 1 0 1 1 0 0 0 1 1 1 0 0 1 1 0 0 0 0 0 0 0 1 1 0 1 1 0 1 0 1 0 1 0 1 0 0 1 1 0 0 1 0 1 0 0 1 1 1 1 1 0 1 1 0 0 0 0 0 0 0 0 0 0 0 0 0 1 1 1 1 0 0 1 1 0 0 1 1 0 1 0 0 1 1 1 1 0 0 1 1 0 1 1 0 0 1 1 0 1 0 0 0 0 1 1 0 1 1 1 1 0 0 0 0 1 1 0 0 0 
1 1 0 1 0 1 0 0 1 0 0 1 0 1 1 0 0 1 0 1 1 1 0 1 0 0 0 0 1 1 0 1 1 1 1 1 0 1 1 0 1 1 0 1 0 1 0 1 1 1 0 1 1 0 1 1 0 1 1 1 0 1 0 1 0 1 0 0 1 1 1 0 0 1 1 1 1 1 0 0 0 0 1 0 1 0 0 0 1 1 1 0 1 0 1 1 0 1 0 0 1 0 1 0 0 0 1 0 0 1 1 1 1 1 0 1 0 0 1 0 0 1 0 1 1 0 1 0 1 1 1 1 1 0 1 1 1 1 1 0 0 0 0 0 0 0 0 0 0 1 1 1 1 0 0 0 0 1 0 1 1 1 1 0 1 1 0 1 0 1 0 1 1 0 0 0 0 0 0 1 0 
1 0 1 1 0 1 0 1 0 0 1 1 1 0 0 1 1 0 1 1 1 1 0 0 0 1 1 0 1 0 0 0 1 1 0 1 1 0 0 0 1 1 0 0 1 0 0 0 1 0 1 1 0 0 1 1 0 0 1 0 0 0 1 1 1 0 0 0 0 0 0 0 1 1 1 1 0 1 1 1 0 1 1 1 0 1 0 1 1 0 0 0 0 1 1 0 0 0 0 0 0 1 0 0 0 1 1 0 0 1 1 0 1 0 0 0 0 0 1 0 0 0 0 1 0 1 0 1 0 1 1 1 1 0 0 1 1 0 1 0 0 0 1 1 1 1 1 1 0 0 1 0 1 1 0 0 0 0 1 0 1 0 0 1 1 0 1 0 0 1 0 1 0 1 1 0 0 0 0 0 1 
0 1 1 0 0 1 1 1 0 0 1 0 0 0 0 1 0 1 0 1 1 1 0 1 1 1 0 0 0 0 0 0 1 0 1 0 0 0 0 0 0 0 1 1 0 1 0 1 0 1 0 1 1 0 1 1 0 1 1 0 1 0 1 1 0 0 1 0 1 0 1 0 1 0 0 0 1 1 1 0 0 0 0 0 1 0 1 0 0 1 0 1 0 1 0 1 1 1 0 0 1 1 1 1 1 1 1 0 1 0 1 1 1 0 1 1 0 1 0 0 1 0 0 0 1 1 0 1 1 0 0 0 1 0 0 0 0 0 0 0 0 0 0 0 0 0 1 1 0 0 1 1 0 0 0 0 0 1 1 1 1 0 0 0 1 1 1 0 1 1 1 1 1 0 0 0 1 0 1 1 0 
0 1 0 0 0 0 0 0 1 0 0 1 1 0 0 0 0 0 1 0 0 1 0 0 0 0 1 0 1 0 1 1 1 1 0 1 1 0 1 0 0 1 0 1 1 1 0 0 0 1 1 1 0 0 0 1 1 1 0 0 0 0 0 0 0 0 1 1 0 0 0 1 1 0 0 0 0 1 1 1 1 0 1 0 0 1 0 0 0 0 1 1 1 1 1 1 1 1 1 0 1 1 1 1 0 0 1 0 1 1 0 0 0 1 1 1 0 1 1 0 1 1 1 1 1 1 1 0 1 0 1 0 1 1 0 1 0 1 0 1 0 0 1 1 0 0 0 1 1 1 1 0 0 0 1 0 1 1 0 0 0 0 1 1 0 1 1 0 0 1 1 1 1 1 1 0 0 0 0 0 1 
1 0 1 1 0 0 1 1 1 0 1 1 0 1 1 0 1 1 0 0 0 1 1 0 0 1 1 1 1 1 0 1 0 1 1 0 1 1 1 0 1 0 0 1 0 1 0 0 0 0 1 1 0 1 1 0 1 1 0 0 0 0 1 0 1 1 1 0 0 0 1 0 1 1 0 1 1 1 1 1 0 0 1 0 1 0 0 0 0 1 0 0 1 1 0 0 0 0 0 0 1 1 1 0 0 1 1 0 0 0 0 0 1 1 0 0 1 0 1 0 1 0 1 1 0 1 0 1 0 1 1 1 0 0 1 1 0 0 0 1 1 1 1 1 0 0 1 0 1 0 0 1 0 1 0 1 1 1 1 1 1 0 0 1 0 0 1 0 1 1 0 1 1 1 0 1 1 1 0 0 1 
0 0 1 1 0 0 0 0 0 0 1 1 0 0 1 1 1 1 0 0 0 1 0 1 1 1 0 0 0 0 1 0 0 0 1 1 1 1 1 1 1 1 1 1 1 0 0 1 1 0 0 0 0 0 1 0 1 0 0 1 1 0 0 1 0 0 0 1 0 1 1 1 1 0 1 0 0 0 1 1 0 0 0 1 1 0 0 0 0 0 0 1 0 1 0 0 1 1 1 0 0 0 0 0 1 1 0 1 0 1 1 1 0 0 1 1 1 0 1 1 1 1 0 0 0 0 0 0 0 0 1 1 0 0 0 1 1 0 1 1 0 0 0 1 0 0 1 1 0 0 1 1 1 1 0 0 0 0 1 0 0 1 1 1 1 0 1 0 1 1 0 1 1 1 1 0 0 1 0 1 0 
0 1 0 0 0 1 1 1 0 0 0 0 1 1 1 1 1 1 0 0 0 0 0 0 0 0 0 1 1 0 0 1 1 1 0 0 1 1 0 1 1 0 1 0 1 0 1 1 0 1 0 0 0 0 0 0 0 0 1 1 0 0 1 0 1 0 1 1 1 1 1 0 1 1 1 0 0 1 0 1 1 1 1 1 0 1 0 1 0 0 0 0 1 0 0 1 0 0 0 0 0 0 0 1 1 0 0 0 1 1 1 1 0 0 1 1 1 0 0 1 1 0 0 1 0 1 1 0 0 1 1 0 0 0 0 0 0 0 1 0 0 0 0 0 1 1 1 1 0 0 1 1 0 1 0 1 1 0 0 1 1 0 0 0 0 0 0 0 0 1 1 1 1 1 0 1 0 1 1 0 1 
0 1 1 0 0 1 0 1 0 0 0 1 1 1 1 0 0 0 0 0 0 1 0 0 0 0 0 1 0 0 1 0 1 0 0 1 1 0 0 1 0 1 1 0 1 1 1 1 0 1 0 1 1 1 1 0 0 1 1 0 0 1 1 1 0 1 0 0 1 1 0 1 1 1 1 0 1 0 0 1 1 0 0 1 0 0 1 0 0 0 0 1 0 0 1 1 1 1 0 1 1 0 0 1 0 0 0 0 1 0 0 1 0 1 1 1 1 0 0 1 1 1 1 1 0 1 0 1 1 1 0 1 0 0 1 0 1 1 1 0 1 0 1 1 0 1 0 1 1 1 0 1 1 1 0 1 1 1 1 0 0 1 1 0 0 0 1 0 0 1 1 0 0 0 0 0 0 1 0 0 1 
0 1 0 1 1 0 0 1 0 0 0 1 0 1 0 1 1 1 1 1 0 1 0 1 1 1 1 1 0 1 1 0 0 1 1 0 1 1 0 1 1 1 1 1 1 1 0 0 1 1 1 1 0 0 0 1 0 0 0 1 1 0 1 1 0 0 0 0 1 1 1 1 1 1 0 1 1 1 1 0 1 1 1 0 0 1 1 0 1 0 1 0 0 1 1 0 1 1 0 1 0 1 0 0 0 1 0 0 0 1 0 0 1 0 1 0 0 0 0 1 0 1 1 1 1 0 0 0 0 0 0 1 0 0 1 1 1 0 1 1 0 0 1 1 1 0 1 0 0 1 0 0 1 1 1 0 1 1 1 1 1 1 1 1 1 0 0 1 0 1 1 1 0 1 1 0 0 1 0 1 0 
1 0 1 0 0 0 1 0 1 1 0 1 0 0 1 1 0 1 0 1 1 0 0 0 0 1 1 1 1 0 1 0 1 1 1 0 0 0 1 1 1 1 1 0 1 0 0 1 0 1 1 0 1 0 1 1 1 1 1 0 0 1 0 0 0 0 1 1 1 1 0 0 1 1 0 1 1 1 0 1 0 0 0 1 0 0 1 1 0 1 0 0 0 0 1 1 0 1 1 0 1 1 0 0 1 0 1 1 1 1 0 0 1 0 1 1 1 1 0 0 1 1 0 0 0 0 1 1 0 1 1 1 1 1 0 0 1 0 1 0 1 0 1 0 1 0 0 0 1 1 1 1 1 0 0 1 0 0 0 1 1 1 0 0 0 0 0 0 0 0 0 0 0 1 0 1 1 1 1 0 1 
1 0 1 0 1 1 1 0 1 1 0 1 1 1 1 0 0 1 0 0 0 1 1 1 0 0 1 0 1 1 1 0 0 0 0 0 1 1 0 0 1 0 1 1 0 0 0 1 1 0 1 0 0 1 1 0 0 1 1 1 1 0 1 1 1 1 1 0 0 1 0 1 1 0 1 0 1 1 1 1 1 0 1 0 1 1 1 1 1 0 0 1 0 0 1 1 1 0 1 1 1 1 1 1 1 0 1 0 1 0 1 0 0 1 0 0 1 0 1 0 1 0 1 1 1 1 0 1 1 0 0 1 1 1 0 1 0 0 1 1 0 0 0 0 0 0 0 1 1 0 1 1 0 0 1 0 1 0 1 1 1 0 1 1 1 1 1 0 1 0 1 0 1 0 0 1 0 0 0 0 1 
0 1 1 1 1 0 1 1 1 1 0 1 1 1 1 1 1 0 1 0 1 0 1 1 1 0 0 1 1 1 1 1 0 0 1 1 1 1 1 0 1 1 1 1 0 0 1 0 0 1 1 0 0 0 1 1 1 0 1 0 0 1 0 0 1 0 1 0 1 0 1 1 1 0 0 0 0 0 1 1 0 1 0 1 1 0 1 0 0 0 1 1 1 1 0 1 0 1 0 0 1 0 0 0 1 1 0 1 1 1 0 1 1 0 1 1 0 0 1 1 1 0 1 1 0 1 1 1 0 1 1 0 0 0 1 1 1 0 0 0 0 1 1 0 1 0 0 0 0 1 0 1 1 1 1 0 1 0 1 1 0 0 1 1 0 0 1 1 1 0 1 0 0 0 1 0 0 1 0 0 1 
1 0 1 1 0 0 1 0 1 1 0 1 1 0 0 0 1 0 1 1 1 0 1 1 1 0 0 1 1 0 0 1 0 1 1 0 1 1 1 1 0 1 1 1 1 0 1 0 0 0 0 1 0 1 0 1 1 0 1 1 1 1 0 1 1 1 1 1 0 0 1 0 0 1 1 0 0 0 1 1 1 0 1 1 0 1 1 0 0 1 1 0 1 1 1 0 1 0 0 0 0 1 1 1 0 0 1 0 0 1 1 1 0 0 0 0 0 0 1 1 1 0 0 1 0 1 1 1 1 0 0 0 0 1 1 0 0 0 1 0 1 1 1 1 1 1 0 1 1 0 1 1 0 0 1 0 1 0 1 0 1 0 1 0 0 0 1 0 0 1 1 0 0 1 0 1 1 1 1 1 1 
1 1 1 0 1 0 1 0 0 0 0 1 0 1 1 1 1 1 1 1 1 1 1 0 0 1 0 0 0 0 1 0 1 1 1 1 1 0 1 0 0 1 0 0 0 1 1 0 1 0 0 0 0 0 1 1 1 0 0 0 0 0 1 0 0 0 0 1 1 0 1 0 1 0 1 0 1 1 0 1 0 1 0 0 0 1 1 0 1 0 1 1 0 1 0 1 0 1 1 0 1 0 1 0 0 1 1 1 1 1 1 0 1 1 0 1 0 0 0 0 0 0 1 0 0 1 1 1 1 0 0 0 1 0 1 0 0 0 1 0 0 1 0 1 1 0 1 0 1 1 0 1 0 1 1 0 0 1 0 1 1 0 1 0 0 0 0 1 0 0 1 1 1 1 0 0 0 0 1 1 0 
1 0 0 0 0 0 1 1 1 0 1 0 1 1 1 0 0 1 1 0 0 0 1 0 1 1 1 1 1 1 1 1 0 0 0 0 0 1 0 1 1 0 1 1 0 1 0 0 1 0 1 0 0 0 1 0 1 1 1 1 1 1 0 0 1 0 1 1 1 1 0 1 0 0 0 0 1 1 0 0 1 0 0 1 0 1 1 0 1 0 1 1 1 0 1 0 1 0 0 0 1 0 1 1 1 1 1 0 0 0 1 0 0 0 1 0 0 1 0 0 0 0 0 1 1 1 0 1 0 1 0 0 1 0 0 0 1 1 1 1 1 0 0 0 0 0 1 1 0 1 1 0 1 1 1 0 1 1 1 0 1 0 1 1 0 1 1 1 0 1 0 1 1 0 0 0 0 1 0 0 1 
0 0 0 1 1 1 1 0 0 1 1 0 1 0 0 1 0 1 0 0 1 1 1 0 1 0 0 0 1 1 0 1 1 1 0 0 0 0 1 1 0 1 0 1 0 1 1 0 1 0 0 0 1 1 0 0 0 1 0 0 0 1 1 0 1 0 0 0 0 0 1 1 0 0 1 1 0 0 0 0 0 1 1 0 0 0 1 0 1 0 0 0 1 1 0 0 1 0 0 0 1 0 1 1 0 1 0 1 1 1 0 0 1 1 1 0 1 1 1 1 0 1 1 1 0 1 0 1 0 0 0 1 1 1 0 0 1 1 0 1 1 1 0 1 0 1 1 1 0 0 0 1 1 1 1 1 1 1 1 0 1 1 0 1 0 0 0 0 1 0 1 1 0 1 1 1 1 1 0 0 1 
0 1 0 1 1 0 0 1 1 1 1 0 0 0 1 0 1 1 1 1 0 1 1 1 1 0 1 1 1 0 0 1 1 0 0 1 1 0 0 0 0 0 0 1 0 1 0 1 0 0 1 0 0 1 1 0 1 1 1 0 1 1 1 0 1 0 0 0 1 0 0 1 1 0 0 1 0 1 1 0 1 0 1 0 0 0 0 0 0 0 1 1 0 1 0 0 0 0 0 0 0 1 1 0 0 0 1 1 0 1 0 0 1 1 0 0 0 1 0 0 1 1 0 0 1 1 1 1 1 1 1 1 0 0 0 1 0 1 1 0 1 0 0 0 0 0 0 0 0 1 1 0 0 1 1 0 0 0 1 1 1 1 0 0 0 1 1 0 0 1 1 1 1 0 1 1 1 1 0 1 1 
0 1 0 1 0 1 0 0 0 1 0 1 1 0 0 1 1 0 0 0 0 0 0 1 0 0 1 1 1 1 0 1 0 0 0 0 1 1 0 0 0 0 1 1 0 1 1 0 0 1 0 0 0 0 1 0 1 0 1 0 0 1 0 0 1 0 1 0 0 1 0 0 1 0 0 0 0 1 0 0 0 0 0 1 0 1 1 1 0 0 1 0 1 1 1 0 1 1 1 0 0 1 1 0 0 1 0 1 0 0 1 1 1 1 1 1 0 1 0 0 0 1 0 1 1 1 1 1 0 1 1 0 0 1 0 0 0 0 1 1 0 1 1 1 0 0 1 1 1 0 0 1 1 1 1 1 0 0 0 0 0 0 1 1 0 1 1 0 0 1 1 1 0 0 1 1 0 0 1 0 1 
0 0 1 1 1 1 0 0 0 0 0 0 1 0 1 1 1 0 0 0 1 1 1 0 0 0 1 1 0 0 1 0 1 1 0 1 1 1 0 0 1 1 1 0 0 1 1 1 1 0 0 1 1 1 0 0 0 1 1 0 1 1 1 1 0 0 1 1 0 0 1 0 1 1 1 0 0 1 0 0 1 1 0 0 1 1 1 1 0 0 0 1 1 1 0 1 0 0 0 1 1 0 0 1 1 0 0 1 0 0 1 1 0 1 0 1 1 0 1 0 0 0 1 1 0 1 1 1 0 0 0 0 1 1 1 1 1 1 1 0 0 1 1 1 0 0 0 0 0 1 1 0 0 0 1 1 0 0 0 0 1 1 1 0 1 0 1 1 1 0 1 0 1 0 1 0 0 1 0 0 1 
1 1 0 0 1 1 0 1 0 0 1 0 0 1 0 1 0 0 1 1 1 1 0 0 1 1 1 1 1 0 1 1 0 1 1 1 0 1 1 1 0 0 1 1 0 1 1 1 1 0 1 1 0 0 1 0 0 1 0 0 1 0 0 1 0 1 0 0 0 1 1 1 1 1 0 0 1 0 1 1 0 1 1 1 0 1 1 1 0 0 0 0 0 1 0 1 1 1 1 1 1 0 0 0 1 1 1 0 1 0 0 0 1 0 1 1 0 1 1 1 1 0 1 1 1 1 0 0 0 0 0 0 1 1 1 0 1 1 0 0 0 1 1 0 0 1 0 0 0 1 1 1 1 0 1 0 0 1 1 0 0 1 1 1 1 0 0 1 0 1 1 0 1 0 0 1 0 0 0 0 1 
1 1 0 0 0 1 0 1 0 0 1 0 1 0 0 0 0 1 0 1 1 1 1 0 1 1 0 0 0 1 0 1 1 1 0 0 1 1 0 1 1 0 1 1 0 0 0 0 0 0 0 1 1 0 0 0 0 0 0 0 0 1 0 0 0 0 0 0 1 0 0 0 1 0 1 1 0 1 1 0 1 1 0 0 0 1 1 0 0 1 1 0 0 1 0 1 0 1 1 0 0 1 0 0 1 0 1 1 1 0 0 1 0 0 0 0 0 1 0 1 0 0 0 0 0 0 0 1 1 1 0 1 1 1 1 0 0 1 0 1 0 1 0 0 1 1 1 0 0 1 1 0 1 1 1 1 0 1 0 1 1 1 0 1 0 1 1 0 1 0 1 1 1 1 0 0 0 1 1 0 1 
0 1 1 0 0 1 1 0 1 1 0 0 0 0 0 0 1 1 0 0 0 1 1 1 0 1 0 0 1 1 1 0 0 1 0 0 1 1 0 1 0 0 1 1 0 0 0 1 1 0 0 0 1 0 1 0 1 0 1 1 1 1 0 0 0 1 1 1 1 1 1 1 1 1 1 1 0 1 0 0 1 1 1 0 0 1 0 0 1 1 0 0 1 1 1 0 0 1 0 0 0 1 1 1 0 1 0 0 0 1 1 0 1 0 1 1 1 1 0 0 1 1 0 0 0 0 1 1 0 0 1 0 0 1 1 0 1 1 1 0 0 0 0 0 0 0 0 0 1 1 1 0 0 1 0 1 1 0 1 1 0 1 0 0 0 0 1 1 1 0 0 1 1 0 1 1 1 0 1 1 0 
0 1 1 0 1 0 1 0 1 0 1 0 1 1 0 1 0 1 0 0 0 1 0 1 0 1 1 1 1 1 1 1 1 1 1 1 1 1 0 1 0 0 1 1 1 1 1 1 1 1 1 0 1 1 0 0 0 0 1 0 0 0 0 0 1 0 1 0 1 0 0 1 1 0 0 0 1 0 1 0 0 1 0 0 1 1 0 1 1 0 0 1 0 0 1 0 1 1 1 0 1 0 1 0 1 0 0 0 1 1 1 1 1 0 0 0 0 0 1 1 1 0 0 0 1 1 1 1 0 1 1 1 0 1 1 1 1 1 0 0 0 0 0 1 1 1 1 0 0 0 0 1 1 1 0 1 1 1 1 0 0 1 1 1 1 0 1 0 1 0 0 0 1 1 0 0 0 0 0 0 1 
1 1 0 0 0 1 1 1 1 1 0 1 1 1 1 0 0 0 0 0 1 1 1 0 1 0 1 1 0 0 1 0 1 0 0 1 0 1 1 0 0 1 0 0 1 1 0 0 1 1 1 0 1 1 0 0 0 0 0 0 0 0 1 1 1 1 0 1 0 1 0 1 0 1 1 0 0 0 1 0 1 0 0 1 1 1 1 1 0 0 0 0 1 1 0 1 1 1 0 1 0 0 1 1 0 0 0 0 0 0 0 1 1 1 1 0 1 1 1 0 0 0 1 0 0 1 1 1 1 0 0 0 0 1 1 0 1 0 0 0 1 1 1 0 1 1 1 1 0 1 0 0 0 1 0 0 0 0 0 1 0 1 0 1 0 0 1 0 1 1 1 1 1 0 1 0 1 0 0 0 1 
1 0 0 0 0 1 0 0 0 0 1 0 0 0 1 0 0 0 0 1 0 1 0 0 1 0 1 1 1 1 0 1 0 0 0 1 1 0 1 0 1 0 0 1 0 0 0 0 0 1 0 1 0 0 0 1 1 0 0 0 1 1 1 0 0 1 1 1 1 1 1 0 1 1 1 1 0 0 0 1 0 0 1 0 0 0 0 0 1 0 0 0 1 0 1 0 1 0 1 1 1 1 0 1 0 0 0 0 0 0 1 1 1 1 0 0 0 0 1 0 1 0 0 0 0 1 0 1 1 0 0 1 0 0 1 0 1 1 1 0 1 0 0 0 1 1 1 1 1 1 1 1 0 0 0 1 1 0 0 0 1 1 1 0 1 1 1 0 1 0 1 1 1 1 0 1 0 0 0 0 1 
1 0 1 1 1 1 1 1 1 0 0 1 0 1 0 0 1 1 1 0 1 1 0 1 0 0 1 0 1 0 1 0 1 1 1 0 0 0 1 0 1 0 1 1 0 1 1 1 0 1 1 1 1 0 1 1 0 0 0 0 1 0 1 0 0 0 1 1 1 1 0 1 1 0 1 0 0 1 1 1 0 0 1 0 0 1 1 0 0 1 1 0 1 1 1 0 1 0 1 0 0 0 1 1 0 1 0 0 0 1 0 0 1 1 1 1 0 0 1 0 1 0 0 0 1 1 1 0 1 0 1 1 0 0 0 0 1 0 1 1 0 0 1 1 0 1 1 0 1 0 0 1 1 1 0 0 0 1 0 1 1 1 1 0 1 0 0 0 1 0 0 0 0 1 0 1 1 0 1 0 0 
0 1 0 0 0 0 1 1 1 1 1 0 1 1 1 0 1 0 0 0 1 1 1 1 0 1 0 1 0 0 1 1 0 1 0 1 1 0 1 1 0 0 0 0 1 1 1 1 1 0 1 1 1 0 0 0 0 0 0 1 1 0 1 0 0 0 0 0 1 1 1 1 0 1 1 1 0 1 1 0 1 0 1 1 1 0 1 0 1 1 0 1 1 0 1 1 1 0 1 1 0 0 0 0 1 1 0 0 1 0 1 0 1 0 0 0 1 0 0 0 1 0 0 1 1 1 1 0 0 0 0 1 1 1 0 1 1 1 1 0 1 1 1 1 1 0 0 0 0 1 1 1 1 0 1 0 0 0 0 1 0 1 0 1 0 1 0 1 1 1 0 0 0 0 1 1 1 1 1 0 1 
1 0 0 1 1 0 1 0 1 1 1 1 0 0 0 1 0 1 1 1 0 1 0 1 1 1 1 1 1 0 0 0 0 1 0 0 0 1 0 0 1 1 1 0 0 0 1 1 1 1 0 0 1 1 1 0 1 1 1 1 0 1 1 0 1 0 0 1 0 0 1 1 0 1 0 1 1 1 1 0 0 1 1 1 1 1 0 0 1 1 0 0 0 1 0 1 1 1 0 0 1 1 0 0 1 1 0 1 0 1 0 1 0 1 0 0 1 0 1 0 0 0 1 0 0 1 0 0 0 1 0 0 0 1 0 1 1 1 1 0 1 0 0 0 0 0 1 0 1 1 1 1 1 0 0 0 0 1 0 0 0 1 1 1 0 0 1 0 1 0 0 0 0 1 1 1 0 0 1 1 1 
0 1 1 0 1 0 1 1 0 1 0 0 1 0 1 0 1 0 0 0 1 0 1 1 0 0 1 1 1 1 0 0 1 1 0 0 1 1 0 1 1 1 0 0 1 1 0 1 1 1 0 0 0 0 0 0 1 0 1 1 0 1 1 0 1 1 1 1 0 1 0 1 1 0 0 1 1 0 0 1 1 1 1 1 0 1 0 0 1 1 1 0 0 0 1 1 0 0 0 0 1 1 0 1 0 1 1 1 0 0 1 0 0 0 1 0 1 0 1 0 1 0 0 1 1 1 1 1 1 1 1 1 0 1 1 0 0 1 0 1 0 0 1 1 0 0 0 1 1 0 0 0 1 0 0 1 0 0 1 0 0 0 0 1 1 1 1 0 1 0 0 0 1 0 1 0 1 1 0 1 1 
1 0 1 0 0 1 1 0 0 0 0 1 1 1 0 1 0 0 0 0 0 1 1 1 1 1 1 1 1 0 0 1 1 0 0 0 1 0 1 0 0 1 1 0 1 1 0 0 0 0 1 1 1 0 0 0 0 0 1 0 0 1 0 1 0 1 1 1 0 0 1 0 0 0 0 0 0 0 1 1 1 1 0 1 1 1 0 1 0 0 0 1 1 0 1 0 1 0 1 1 1 0 1 0 1 1 1 1 1 1 0 0 0 0 0 1 0 0 1 0 1 1 1 1 0 0 1 0 0 1 1 0 0 0 1 0 1 0 1 0 1 0 1 0 0 0 0 1 1 0 1 0 0 1 1 1 0 0 0 0 0 1 1 0 0 0 1 1 0 1 0 1 0 1 1 0 0 1 0 0 0 
1 0 1 1 0 0 0 0 1 1 0 1 0 0 1 1 1 0 0 0 1 1 0 1 1 0 0 1 1 0 1 1 0 0 1 1 0 0 1 1 1 0 1 1 0 0 0 1 1 1 0 1 0 1 0 0 1 1 0 1 0 1 1 0 1 1 0 1 1 0 1 0 1 0 1 0 0 0 1 1 0 1 1 1 0 0 1 1 0 0 1 0 0 1 0 0 1 0 1 1 1 1 0 0 0 0 1 1 1 0 1 0 0 0 1 1 1 0 0 0 0 0 0 1 0 1 1 1 0 0 0 1 0 0 0 1 1 1 0 1 0 1 0 0 0 0 1 1 0 0 1 0 0 0 0 0 1 0 0 0 0 0 0 1 0 1 1 1 0 1 0 1 0 0 0 1 1 1 0 0 1 
0 0 1 1 1 0 1 1 0 1 1 1 1 0 1 1 0 0 1 0 1 0 1 0 0 1 0 1 0 1 0 1 1 1 0 0 1 1 1 0 0 1 1 0 0 0 0 0 0 1 0 1 0 0 0 0 0 0 1 1 0 1 1 0 1 1 1 0 0 1 0 1 0 0 1 0 0 0 1 1 1 1 1 0 0 1 1 0 1 1 1 1 1 0 1 0 0 1 1 0 1 0 1 0 1 0 1 0 1 0 0 1 0 1 0 0 1 1 1 1 1 0 0 0 1 0 1 0 1 1 1 1 1 1 0 0 1 0 0 0 0 0 0 1 1 1 1 1 0 0 0 1 1 1 0 1 1 0 1 0 1 1 1 1 1 0 1 0 1 0 1 1 0 1 1 1 0 0 1 1 1 
1 1 0 0 1 1 1 0 0 0 1 0 1 0 0 0 1 0 0 1 0 1 1 0 1 1 0 0 1 0 0 0 1 0 1 1 0 1 0 1 0 1 0 1 1 0 1 0 0 1 1 1 0 1 0 1 1 0 1 1 1 1 0 1 1 0 1 0 1 0 1 1 1 1 1 1 1 1 0 1 0 1 0 1 0 1 1 0 1 1 1 0 1 0 1 0 1 0 0 0 1 1 1 0 1 0 0 0 1 0 0 0 1 1 0 0 1 1 1 1 0 1 1 1 0 0 1 0 0 1 0 1 1 0 0 0 0 0 0 1 0 0 1 1 0 0 0 1 1 1 1 1 0 0 1 1 0 0 0 1 1 1 0 0 0 1 1 1 0 1 0 0 0 1 0 1 0 1 0 0 1 
1 1 0 0 0 0 0 1 0 0 0 0 1 0 0 0 0 0 0 1 0 0 1 1 1 1 0 0 1 1 1 0 1 1 0 1 1 1 1 1 1 1 1 1 0 1 0 1 1 0 1 0 0 0 0 0 1 1 1 1 0 0 1 0 1 0 1 1 0 1 0 0 1 1 0 1 1 1 1 0 1 1 0 0 0 0 0 1 1 1 1 0 1 1 0 0 0 0 1 0 0 1 0 0 1 0 1 0 0 1 1 1 0 1 1 1 0 1 1 1 1 0 0 0 1 1 1 0 0 0 1 1 1 0 1 1 0 0 1 1 0 1 0 0 0 0 1 1 0 0 0 1 0 0 0 1 1 0 0 1 1 1 0 1 1 0 0 1 0 1 1 0 1 0 1 0 0 0 1 1 1 
0 1 1 1 1 1 1 0 0 1 0 0 0 0 1 1 0 0 1 1 1 0 0 0 1 1 0 1 1 0 0 0 0 0 0 0 0 1 1 1 1 1 0 1 1 0 1 0 1 1 1 0 0 0 0 1 1 0 1 1 1 1 0 0 0 1 0 0 0 0 0 1 1 1 0 1 0 0 0 0 1 0 0 0 0 1 1 0 0 0 0 0 1 0 0 0 0 1 1 1 1 0 1 1 1 0 1 0 0 0 0 0 0 0 1 1 1 0 1 1 1 0 1 0 0 0 1 1 0 0 0 0 0 0 0 0 1 1 1 1 0 1 1 0 0 1 0 1 1 1 0 0 0 1 1 1 0 1 0 1 0 1 0 0 1 0 0 0 1 1 1 0 1 1 1 0 0 0 1 0 1 
0 0 1 1 1 0 1 1 1 0 0 1 0 1 0 0 1 1 1 1 0 1 1 0 0 1 0 0 1 1 0 1 1 1 0 0 1 1 1 1 1 1 1 0 1 1 0 0 0 0 1 0 1 1 0 1 0 0 1 1 0 1 0 0 0 0 0 0 1 1 0 1 0 0 0 0 1 1 1 0 1 1 0 1 1 0 1 1 1 0 0 0 0 1 1 1 0 0 1 0 0 1 1 0 0 1 1 1 1 0 1 1 1 0 1 1 1 1 0 1 0 1 1 1 1 1 0 1 1 1 0 1 1 0 0 0 1 1 1 1 1 0 1 1 1 1 0 1 0 0 1 0 1 1 0 0 0 0 0 1 0 1 1 1 1 0 0 0 1 1 0 0 1 0 0 0 0 1 1 0 1 
1 0 0 1 0 0 1 0 1 0 1 0 0 0 0 1 0 1 1 0 1 0 0 0 1 0 0 1 1 1 0 1 1 1 1 0 0 0 0 1 1 1 1 0 1 0 1 0 0 1 0 1 1 1 0 0 0 0 0 0 1 0 0 1 0 1 1 0 1 1 1 0 1 1 1 1 0 0 0 0 1 0 0 0 0 0 0 0 1 1 1 1 0 0 1 1 0 0 1 0 0 0 1 1 0 1 0 0 0 0 0 0 0 0 1 1 1 1 1 0 1 1 1 1 0 1 0 1 1 0 0 1 0 1 1 0 1 0 1 1 0 1 0 0 1 0 0 0 1 1 1 1 1 0 1 1 1 0 1 1 1 1 0 1 0 1 0 0 0 0 0 1 1 1 0 0 1 1 0 0 1 
1 1 1 1 1 0 1 0 0 0 1 0 1 0 0 1 0 1 1 1 0 0 1 0 0 1 1 1 1 0 0 0 0 1 0 0 1 0 0 1 1 0 0 0 0 1 1 1 0 0 1 0 1 0 0 1 0 1 1 1 1 1 0 1 0 1 0 0 1 0 1 1 1 1 0 1 1 0 1 1 1 1 0 0 0 1 1 1 1 1 1 0 1 1 1 1 0 0 0 1 0 0 1 0 1 1 0 1 1 1 0 1 1 0 1 0 1 1 0 1 0 0 1 1 0 0 1 1 0 1 1 1 0 1 1 0 1 0 1 0 1 0 0 0 0 0 0 0 0 1 1 0 1 1 0 0 0 1 0 0 1 1 1 1 1 1 0 0 0 0 0 0 0 0 0 1 1 0 0 1 1 
1 1 1 1 1 0 0 0 0 1 1 0 1 0 0 1 1 0 1 1 1 1 0 1 0 1 0 0 0 1 1 1 0 0 1 0 1 0 1 1 0 0 0 0 0 1 1 1 1 0 1 0 0 1 1 1 0 1 1 0 0 1 1 1 0 0 0 1 1 1 0 1 0 0 1 0 1 0 0 1 0 0 0 1 0 0 1 0 1 0 1 1 1 0 0 0 0 0 1 1 1 0 0 0 1 0 0 0 0 0 0 0 1 0 0 1 0 0 1 1 0 0 0 0 0 0 0 1 1 0 0 1 1 1 0 0 0 1 1 1 1 1 1 0 1 0 0 1 0 0 1 0 1 1 0 0 0 1 1 0 0 1 0 0 0 0 1 0 1 0 1 0 1 1 1 1 0 0 0 1 1 
0 0 0 0 0 0 0 1 1 0 1 1 1 0 1 0 0 1 1 1 0 1 0 0 1 0 0 0 1 1 0 1 1 1 0 0 1 0 1 1 0 0 1 0 1 1 0 0 1 0 1 0 1 1 1 1 1 0 0 1 1 0 0 0 1 0 1 1 0 0 0 0 1 1 1 0 1 1 1 1 0 1 0 0 0 0 1 1 0 0 1 1 0 1 1 0 1 0 1 0 0 1 1 0 0 0 1 0 0 0 1 0 1 0 0 1 0 1 1 1 1 0 0 1 1 0 1 0 0 0 1 0 0 0 0 1 0 0 1 1 0 0 0 0 0 0 1 0 0 1 0 0 0 0 0 0 1 1 0 0 1 1 1 1 0 1 1 0 1 1 1 1 1 0 1 0 1 1 1 0 1 
0 1 0 0 0 1 1 0 0 1 0 0 1 0 0 0 1 0 1 1 0 1 0 0 0 0 0 0 0 1 1 0 1 0 0 0 0 1 1 0 0 0 1 1 1 1 0 1 0 0 1 1 1 1 1 1 0 1 1 0 0 0 1 0 0 1 0 1 1 0 0 0 0 0 1 0 0 0 0 0 1 1 0 1 1 0 1 1 0 1 1 1 0 1 1 1 0 1 1 0 1 1 1 0 0 0 0 0 0 1 0 1 1 1 0 1 0 0 1 1 1 0 1 0 0 0 1 0 0 1 1 0 1 1 0 1 0 1 1 1 1 1 1 1 1 0 0 0 1 1 1 0 0 1 0 1 0 0 0 0 1 1 0 0 1 1 1 1 0 0 1 1 0 0 1 0 1 0 0 1 1 
1 0 1 1 1 1 0 1 0 1 0 1 0 0 1 1 1 1 1 1 0 0 0 0 1 0 0 1 1 0 1 0 1 1 0 1 0 0 0 0 1 1 0 0 1 1 1 1 1 0 1 0 1 0 0 1 1 0 0 0 0 0 0 0 0 1 1 0 0 1 1 1 1 0 1 1 1 0 1 1 1 0 0 1 0 1 1 0 0 0 0 1 0 1 0 0 0 1 0 1 1 0 1 0 0 1 0 0 1 1 0 1 0 0 1 0 1 0 1 0 0 0 1 0 0 0 1 0 0 1 1 0 1 1 1 0 0 0 1 1 0 1 0 1 0 1 1 1 0 0 1 1 1 1 1 1 1 1 0 0 0 1 1 1 1 0 1 0 0 0 0 1 0 0 1 0 1 1 1 1 1 
1 0 0 1 0 1 0 0 1 0 1 0 0 1 0 1 0 0 1 1 0 0 0 0 0 0 1 1 0 0 0 0 0 0 1 0 1 0 1 1 1 1 1 1 0 1 1 0 0 1 1 1 1 1 0 0 0 0 0 1 0 0 0 1 0 0 1 1 0 1 1 1 0 1 0 0 0 1 1 1 0 1 0 0 1 1 1 1 0 1 1 0 0 1 1 1 1 1 1 1 1 1 1 0 0 1 1 1 1 1 1 1 0 1 0 0 1 0 1 1 0 0 0 0 0 0 0 1 0 1 1 0 1 1 1 1 0 1 1 0 1 0 0 0 0 0 0 1 0 0 0 0 1 1 0 1 1 1 0 1 1 0 0 0 1 1 1 1 1 0 0 1 1 0 0 0 1 0 0 1 1 
0 1 0 0 0 0 0 0 0 1 0 0 1 1 1 0 1 1 0 0 1 0 0 1 0 1 1 0 1 1 0 1 0 0 0 1 1 1 1 1 1 0 0 0 0 1 1 1 1 0 1 0 0 1 1 0 1 0 1 1 0 1 1 1 1 0 1 0 1 1 0 0 0 0 1 1 0 0 1 1 1 0 0 1 0 0 1 0 0 1 0 0 1 0 1 1 1 0 0 1 1 1 0 0 1 1 1 0 1 1 0 1 1 1 1 1 1 1 0 0 1 0 1 1 1 0 0 1 0 0 1 1 1 0 0 0 1 0 0 1 0 1 1 1 1 1 0 1 0 0 1 1 0 1 1 1 1 0 0 1 1 0 0 1 0 1 0 0 0 1 0 1 0 1 1 1 0 1 0 0 1 
1 0 0 1 0 0 0 1 1 0 0 1 1 1 1 1 0 1 1 0 0 1 1 0 1 0 0 1 1 1 0 0 0 0 0 0 1 0 0 0 0 0 1 1 1 1 1 0 1 0 0 1 1 1 0 1 1 0 1 0 0 0 1 1 1 0 1 0 0 0 0 0 0 1 1 0 1 1 1 0 0 0 0 0 1 1 0 1 0 0 1 0 1 1 1 1 1 1 1 1 1 1 0 1 1 1 1 1 0 0 0 1 0 1 0 0 0 1 1 1 1 1 0 0 0 1 1 0 0 1 1 1 1 0 1 0 0 1 0 1 1 0 0 1 0 1 1 1 0 0 1 0 0 1 1 0 1 0 1 1 1 1 0 0 0 1 1 1 0 1 0 1 1 1 0 1 1 0 1 1 1 
1 0 1 0 0 1 0 0 0 1 0 1 0 0 0 1 1 0 1 1 0 1 1 1 0 0 1 1 1 0 1 1 0 1 1 0 1 1 0 0 0 0 0 1 0 0 1 0 1 0 0 0 0 1 1 1 0 1 0 1 1 0 0 1 1 0 0 0 0 0 1 1 0 0 0 1 1 1 1 0 1 0 1 1 0 1 1 0 0 0 1 0 0 1 0 1 1 0 0 1 0 0 0 1 0 0 1 1 1 0 0 1 0 0 1 0 0 0 1 1 0 1 0 0 0 0 0 0 0 1 0 0 1 0 1 1 0 0 0 0 1 0 0 0 1 1 1 0 1 0 1 1 0 0 0 0 0 1 1 0 1 1 1 1 1 1 1 1 1 0 0 1 1 0 1 0 1 1 0 0 1 
1 0 0 0 0 1 1 0 0 0 0 0 0 0 1 1 1 1 0 1 0 0 0 1 0 0 0 0 1 1 1 0 0 1 0 0 0 0 1 1 0 0 1 0 0 0 1 0 1 1 1 0 0 1 0 1 0 0 1 0 1 1 1 0 0 1 0 1 1 1 1 1 1 1 0 1 1 1 1 0 1 1 1 1 1 0 0 1 0 1 1 0 1 0 1 0 0 1 0 1 1 0 0 1 0 1 0 0 0 0 1 1 1 0 1 1 0 0 1 0 1 0 0 1 1 1 0 1 1 0 0 0 1 1 1 0 1 0 0 1 0 1 1 0 0 0 0 1 1 0 1 0 0 0 1 0 0 0 1 1 1 0 0 0 1 1 0 0 1 0 0 0 0 0 0 0 1 0 0 1 1 
0 0 1 0 1 1 0 1 1 1 0 1 0 0 0 0 0 0 1 0 0 0 1 0 1 0 0 1 1 1 0 1 0 0 1 0 1 1 1 1 1 1 0 0 1 1 1 1 0 1 0 1 0 0 0 1 0 0 1 0 0 1 0 0 1 1 0 0 1 0 0 1 1 0 0 0 0 1 1 0 0 1 1 1 1 0 1 1 1 1 0 0 1 0 1 0 0 0 0 1 1 0 0 0 1 1 0 0 1 0 0 1 1 0 1 0 1 0 0 0 1 0 1 1 1 1 1 1 0 0 0 0 0 1 1 0 0 1 1 0 1 1 0 0 0 1 1 0 0 1 0 0 1 0 1 0 0 1 1 0 0 1 1 0 0 1 0 1 1 1 0 0 1 1 0 0 0 0 0 0 1 
0 1 1 0 0 0 1 0 1 1 1 0 0 0 0 0 1 0 1 1 0 1 1 1 1 1 1 0 1 1 0 0 0 1 0 0 1 0 0 0 0 0 1 0 1 1 0 1 0 0 0 1 0 0 0 0 1 1 1 0 1 1 0 0 0 1 0 1 0 1 0 1 0 1 0 1 1 0 0 1 0 1 1 1 1 0 0 1 1 0 1 1 1 1 0 0 0 0 1 1 0 0 0 1 0 1 0 1 1 1 0 1 0 1 1 1 1 0 1 1 1 1 0 0 0 0 1 1 0 0 0 0 1 0 0 1 0 1 1 0 0 0 1 1 0 0 1 0 1 1 0 0 1 0 1 0 0 0 1 1 0 0 0 1 0 0 1 1 0 1 0 1 0 1 1 1 0 1 0 0 1 
0 0 1 0 1 0 0 0 1 1 0 1 0 1 1 0 0 1 1 1 0 1 1 0 0 0 0 1 1 0 0 1 0 1 1 0 0 1 1 1 1 0 0 1 1 0 0 1 0 1 1 1 1 1 1 0 0 0 1 1 0 0 1 1 1 1 1 1 1 0 0 0 0 0 1 0 0 0 1 1 1 1 0 1 1 1 1 0 0 0 0 0 1 1 0 0 1 1 1 0 0 1 1 1 0 0 0 0 0 1 0 0 0 0 1 1 1 0 1 0 0 1 0 1 1 1 1 1 1 1 0 1 0 1 1 0 1 0 0 0 1 1 1 1 1 0 1 0 0 0 0 1 0 0 0 1 1 0 0 0 0 0 0 1 0 0 1 1 0 0 1 0 1 1 0 0 0 1 1 1 1 
1 0 1 1 1 0 1 1 0 1 0 0 0 0 1 1 1 1 1 1 1 0 0 0 1 0 0 1 1 1 1 0 0 0 0 1 0 1 1 1 1 0 0 0 1 0 1 1 1 0 1 0 1 1 0 1 1 1 0 1 1 0 0 0 0 1 1 1 1 1 1 0 1 1 0 1 0 1 1 1 0 1 0 0 0 0 1 0 0 0 0 0 1 1 0 1 0 0 1 0 1 1 1 1 1 1 1 0 0 1 1 1 0 0 1 0 0 0 0 1 1 1 0 1 1 1 0 0 0 1 1 0 1 0 0 1 1 0 1 0 1 0 0 0 0 0 1 0 1 0 0 0 1 1 1 0 0 1 1 1 1 1 0 1 1 0 0 0 1 1 1 0 0 1 0 0 0 1 0 1 1 
0 1 1 0 1 1 1 0 1 0 1 1 1 0 1 0 1 1 0 0 0 1 0 1 0 1 1 0 1 1 0 1 1 0 1 1 0 0 1 0 1 1 1 0 0 1 0 1 1 0 0 0 1 0 0 1 1 1 1 1 1 1 0 1 1 0 0 1 1 0 1 1 0 1 1 1 0 0 0 1 0 0 1 1 0 0 0 1 0 0 1 1 0 0 1 1 1 0 0 0 0 1 1 1 1 1 1 1 0 0 0 1 1 0 0 0 1 0 0 1 1 0 0 0 1 1 0 1 1 1 1 0 1 0 0 0 1 0 1 0 1 0 1 0 1 1 0 1 0 0 1 1 0 1 1 0 1 0 0 0 0 1 0 1 0 1 0 0 1 0 1 1 0 0 0 1 1 0 1 0 1 
1 0 1 1 1 1 0 0 0 0 0 1 1 1 1 0 1 0 0 1 0 0 1 0 0 1 1 1 1 1 0 1 0 0 0 0 0 0 1 1 0 1 0 1 0 0 0 1 1 1 0 0 0 0 0 0 1 0 0 1 0 0 1 0 1 1 0 1 1 1 0 1 1 0 0 0 1 0 0 0 1 0 1 1 1 0 1 1 1 0 0 1 0 1 1 0 0 0 0 1 0 1 0 0 0 1 0 0 0 1 1 0 0 1 0 0 1 0 0 0 0 0 1 1 0 1 0 0 1 0 0 1 0 1 0 0 0 1 0 0 1 0 1 1 0 0 0 0 1 0 0 0 0 0 0 1 0 1 0 0 0 1 1 1 0 1 1 0 1 0 0 1 1 1 0 0 1 1 0 1 0 
1 1 1 1 1 0 1 0 0 1 1 0 0 1 1 0 0 1 0 0 1 1 0 1 0 1 0 1 1 0 1 1 0 0 0 0 0 1 1 0 0 0 0 0 1 1 1 0 0 0 0 0 1 1 0 0 0 0 0 1 0 0 1 0 1 1 1 1 1 1 0 1 0 0 0 1 1 0 1 0 1 1 0 1 1 0 0 0 1 0 1 1 1 0 1 0 0 1 1 0 0 1 1 0 1 1 1 1 1 1 1 0 1 1 1 0 0 1 1 1 1 0 0 0 0 0 1 0 0 1 0 0 1 1 1 0 0 1 0 0 0 1 1 1 1 1 1 1 1 1 1 1 1 0 0 0 0 1 0 1 1 0 0 1 0 1 1 1 1 1 0 0 0 1 0 1 0 0 0 0 1 
0 1 0 1 0 1 1 1 1 1 0 0 0 0 0 0 0 1 1 0 0 0 1 0 0 1 0 0 0 1 1 0 1 1 1 1 1 1 0 0 1 1 0 0 1 1 0 1 1 1 1 0 1 1 1 0 1 0 1 0 0 0 1 1 0 1 0 1 1 1 0 1 0 1 1 1 0 1 1 1 1 1 0 1 0 0 1 0 0 0 1 0 0 0 0 0 0 1 1 1 0 1 1 1 1 1 0 1 0 1 1 1 0 1 0 0 0 1 1 0 0 1 0 1 0 1 0 1 0 0 1 1 0 0 0 1 1 0 1 1 0 0 0 1 0 0 0 1 1 1 1 0 1 0 1 0 1 1 0 1 0 1 0 0 1 0 1 1 1 0 0 0 0 0 1 0 1 1 0 1 0 
1 1 0 0 0 0 0 0 0 0 1 0 0 1 1 1 1 0 0 1 0 0 0 1 1 1 0 0 0 0 1 1 0 1 0 0 1 0 0 0 0 1 1 0 0 1 1 0 0 0 0 1 1 0 0 0 1 0 1 1 1 0 0 0 0 0 1 1 0 0 0 1 1 0 0 0 0 0 0 0 0 0 1 1 1 0 0 0 1 1 1 1 1 1 0 1 1 1 0 1 1 1 0 0 1 0 0 1 1 1 1 0 1 0 0 0 1 1 1 1 1 1 1 1 1 1 0 0 0 0 1 1 0 1 1 0 0 1 0 0 0 0 1 0 0 0 0 0 1 1 1 0 1 0 1 0 1 1 1 0 0 1 1 1 0 1 0 0 0 1 1 1 1 0 1 0 1 0 1 0 0 
1 0 0 1 1 0 1 1 1 1 1 0 0 1 1 1 0 0 1 1 0 0 0 0 1 1 0 1 1 0 0 0 1 1 1 0 0 0 0 0 0 1 1 1 0 1 0 1 1 0 0 1 0 0 0 0 0 1 1 0 1 0 0 1 1 1 1 1 0 0 1 0 0 1 0 0 1 1 0 0 0 0 1 0 0 0 1 1 1 0 0 1 0 1 0 0 0 1 1 0 1 0 0 1 0 0 0 0 1 0 0 1 0 1 0 1 1 1 1 1 0 1 1 1 1 0 1 1 0 1 0 0 0 0 0 0 0 1 0 0 0 0 0 1 0 1 1 0 1 1 1 0 1 1 1 1 0 1 0 0 0 0 0 1 0 0 0 1 1 1 1 1 1 1 0 1 0 0 1 1 1 
0 1 1 1 1 1 0 1 1 1 0 0 1 1 1 1 1 0 0 1 1 0 1 0 1 0 0 0 1 0 1 1 1 1 0 0 0 1 1 0 0 1 1 1 0 1 0 1 0 0 0 0 0 1 0 1 0 1 0 0 0 1 0 0 1 0 0 0 0 1 0 0 0 0 0 0 0 0 1 0 1 1 0 0 0 0 0 1 0 0 1 0 1 0 0 1 0 1 1 1 0 0 0 0 0 0 1 1 0 1 1 0 1 0 0 0 0 0 1 0 1 1 0 1 0 1 0 1 1 0 1 0 1 1 1 1 0 0 0 0 0 1 1 1 0 1 1 0 1 1 1 1 1 1 1 0 1 1 0 0 0 0 0 1 1 0 1 1 1 0 0 1 0 0 0 1 1 1 0 0 1 
0 0 1 1 1 1 1 0 1 1 1 0 0 1 0 1 0 0 1 1 1 0 1 0 0 0 1 1 0 1 0 1 0 0 0 0 0 1 1 0 0 0 0 0 1 0 1 0 1 1 0 0 0 1 1 0 0 1 0 0 1 0 0 0 0 0 1 1 0 0 1 0 0 0 1 0 0 1 1 1 0 1 1 0 0 0 0 1 0 0 0 0 0 0 1 1 1 0 1 0 1 1 1 1 0 0 1 0 0 1 0 0 0 1 0 0 1 1 0 1 0 1 0 1 1 0 1 0 0 1 1 0 1 0 0 0 1 0 0 0 1 0 1 1 0 0 0 0 0 1 1 1 0 1 1 0 0 0 0 0 0 0 1 0 0 0 0 0 1 0 0 0 1 0 1 1 1 1 1 0 0 
1 0 0 0 1 1 1 0 1 0 1 1 1 0 1 1 0 1 1 0 0 1 1 0 0 0 1 0 0 1 1 1 1 0 1 1 0 0 0 1 0 0 0 1 0 0 0 0 1 1 0 0 0 1 1 1 1 1 1 0 0 0 0 0 1 0 0 0 0 0 1 1 1 1 0 1 1 1 1 1 1 1 0 0 1 0 1 1 0 0 1 1 1 0 1 1 0 0 0 0 1 1 1 0 0 0 1 0 1 1 0 1 1 0 0 1 0 1 1 0 0 1 0 1 0 0 1 0 0 1 0 1 1 0 1 1 1 0 1 0 1 1 0 1 1 0 0 1 0 1 0 1 1 1 1 0 1 1 0 0 1 1 0 0 1 1 1 1 1 0 1 1 0 0 0 1 0 0 1 0 1 
0 0 0 0 1 0 0 1 0 1 1 0 0 1 1 1 1 0 0 0 0 1 1 1 0 1 0 0 0 1 1 1 0 0 1 1 1 1 1 0 0 1 0 1 1 0 0 0 0 0 1 1 1 0 1 0 1 1 0 0 0 0 0 0 1 1 1 1 0 0 0 1 1 0 0 1 0 0 0 1 0 0 0 0 1 0 1 1 1 0 1 1 0 0 0 1 1 0 1 0 1 1 0 0 0 1 0 0 1 1 0 1 0 0 1 1 0 0 1 0 0 0 0 1 1 0 1 1 0 0 0 1 1 0 0 1 1 1 0 1 1 1 1 0 1 1 1 0 1 1 1 0 1 1 0 0 0 0 0 1 1 1 0 0 0 1 1 1 0 1 0 0 1 0 1 0 1 0 0 0 1 
0 1 1 1 1 0 1 1 0 1 0 1 1 1 1 1 0 0 1 0 1 1 0 1 0 0 0 1 0 0 1 1 1 1 1 0 1 0 0 0 0 1 0 1 1 0 1 1 0 0 0 0 0 0 1 0 0 1 0 0 1 1 0 1 0 1 1 0 1 0 0 1 1 0 0 1 0 0 1 0 0 0 1 0 1 0 0 0 0 1 0 1 1 0 1 1 1 0 0 0 0 0 0 1 0 1 1 1 0 1 0 0 0 0 1 0 0 0 1 1 0 1 0 1 0 0 1 0 1 0 0 0 1 0 1 0 1 0 0 0 0 0 1 1 0 0 0 1 0 1 1 0 1 0 1 1 1 1 1 0 1 1 0 1 0 1 0 0 1 0 0 1 1 1 1 1 1 0 1 0 1 
0 1 0 1 1 0 0 1 0 0 0 0 1 0 0 0 0 1 1 1 0 0 0 0 1 0 0 1 0 1 0 0 1 0 0 0 1 0 0 0 1 1 0 1 1 1 0 1 1 0 1 1 0 1 1 0 1 1 1 0 1 1 0 0 0 1 1 1 1 0 0 0 1 1 0 1 1 1 1 0 1 1 1 0 1 0 0 0 0 1 1 0 0 0 0 1 0 0 1 0 0 0 1 1 0 1 1 1 1 0 0 0 0 0 1 0 0 1 1 0 0 0 0 0 1 0 1 1 1 0 1 0 0 0 1 0 1 0 0 1 1 0 0 1 0 0 1 1 1 1 1 0 1 0 1 1 0 0 0 1 0 1 0 1 1 0 1 0 1 1 0 0 0 1 1 1 1 0 0 0 1 
0 0 0 0 1 0 0 0 1 1 1 1 0 1 1 1 0 0 0 0 0 1 1 0 0 1 1 1 1 1 1 1 0 1 1 0 1 0 0 1 0 1 0 1 0 0 0 1 1 1 1 0 0 1 1 1 0 1 1 0 0 1 0 0 1 1 0 1 1 1 0 1 1 0 1 0 0 1 0 1 0 1 1 0 1 1 0 1 1 1 0 1 0 0 0 0 1 1 1 0 1 0 0 1 0 1 1 1 1 0 1 0 0 1 1 0 1 0 0 0 0 0 1 0 1 0 0 1 1 0 1 1 1 1 0 0 1 0 0 1 1 0 0 1 0 1 0 1 1 1 0 0 0 0 1 0 1 0 0 1 1 1 1 0 1 1 0 0 0 0 0 0 0 0 0 1 0 0 0 1 1 
0 1 0 1 1 0 0 1 0 1 0 0 1 0 0 1 1 1 0 0 1 1 0 1 0 1 0 1 0 0 0 0 1 0 1 0 0 1 0 0 0 1 1 1 0 1 0 1 0 0 0 0 0 0 0 0 1 0 0 0 1 1 1 0 1 1 1 1 1 0 1 1 0 1 1 1 1 0 1 1 1 0 1 0 1 1 1 0 1 1 1 0 0 1 0 1 0 1 1 0 1 0 0 0 0 0 1 1 0 0 0 1 1 1 1 1 1 1 1 0 0 1 0 0 1 1 1 1 0 1 0 0 0 0 1 0 1 1 0 0 0 0 1 0 1 1 1 0 0 0 1 0 1 1 0 0 1 1 0 0 0 0 1 1 0 0 1 1 1 0 1 1 1 1 1 0 1 1 1 0 0 
1 1 0 1 0 1 0 0 1 1 0 1 0 1 0 1 0 1 0 1 0 0 0 0 0 1 0 1 0 1 1 0 0 1 1 0 0 1 1 0 1 0 0 0 0 0 0 0 0 1 1 1 0 1 1 0 0 0 0 1 0 0 0 0 0 0 1 0 1 0 0 0 1 0 0 0 1 1 0 0 0 0 0 0 0 0 1 1 0 0 1 0 1 1 0 1 1 0 0 0 1 0 0 0 1 0 0 1 1 0 1 1 1 0 0 1 0 1 0 1 0 0 0 1 0 0 0 0 1 1 0 1 0 1 0 1 1 1 1 1 1 0 0 1 0 1 1 0 0 1 1 1 1 1 0 0 1 1 0 1 0 1 0 0 1 1 0 1 0 1 1 0 1 0 0 1 1 1 0 0 1 
0 0 0 0 0 0 1 0 0 0 1 0 1 1 1 1 1 0 1 1 1 0 1 1 0 0 0 1 0 0 0 1 0 0 0 1 1 0 1 0 0 1 1 0 0 1 1 1 0 0 1 1 1 0 1 1 0 1 0 0 1 0 0 0 0 1 1 0 1 0 0 0 0 1 0 0 0 0 0 0 1 1 0 1 0 0 1 0 0 0 1 1 1 0 1 0 1 1 0 1 0 1 1 1 1 0 1 1 0 1 1 0 0 0 0 1 0 1 0 1 1 0 1 1 0 0 0 0 0 0 1 1 0 0 0 0 1 1 1 1 1 1 1 1 1 1 1 0 1 0 1 1 1 0 1 0 0 1 1 1 0 1 0 1 1 1 1 1 1 1 0 0 0 1 0 0 0 0 0 1 0 
0 1 0 1 0 0 1 0 1 1 1 1 1 0 1 1 1 0 1 0 1 1 1 0 1 1 1 1 1 0 1 1 0 1 0 1 0 1 0 1 1 1 1 0 0 0 1 0 1 0 0 1 1 1 1 1 0 0 0 1 1 0 1 1 1 0 0 0 1 1 1 0 1 1 1 1 1 1 1 0 1 1 1 1 1 1 1 0 1 1 0 0 1 1 0 1 0 1 0 1 0 1 1 1 1 0 0 1 0 1 1 0 1 1 0 1 0 0 1 1 1 1 0 1 1 0 1 1 1 1 0 0 0 0 1 0 1 1 1 1 1 1 0 1 1 1 0 1 1 1 0 1 1 0 1 0 1 1 1 0 1 1 1 1 0 1 1 1 1 1 1 0 0 0 0 0 1 1 1 0 0 
1 0 0 0 0 1 1 0 1 1 1 0 0 0 0 0 1 0 0 0 0 1 1 1 0 0 0 1 0 1 0 0 1 1 0 1 0 1 1 1 0 1 1 0 1 0 0 1 0 1 1 0 1 0 1 1 1 0 0 1 1 1 1 0 1 0 0 0 0 0 0 1 1 0 1 1 0 1 0 0 1 1 1 1 0 1 0 1 1 1 1 0 1 1 1 1 1 0 1 0 1 0 1 0 0 1 0 1 1 1 1 0 0 0 1 1 1 0 0 1 0 0 0 0 1 0 1 0 1 0 0 0 1 0 1 0 1 0 0 0 1 1 1 0 0 0 0 0 1 1 1 0 0 1 1 1 0 1 1 1 0 1 0 1 0 1 0 0 1 0 0 1 0 1 1 1 0 0 1 1 1 
0 1 0 1 0 1 0 1 0 1 1 0 0 0 0 0 1 0 1 0 1 1 0 1 0 0 0 0 1 1 1 0 1 1 0 1 1 0 0 0 0 0 1 0 1 1 1 0 1 1 0 1 1 0 1 0 0 0 1 0 0 1 1 1 0 1 0 1 0 1 0 0 1 0 1 1 0 1 1 1 1 0 0 1 1 0 0 0 1 0 1 1 1 0 1 0 0 1 1 0 1 0 1 1 0 1 0 0 1 1 1 1 0 0 1 0 0 0 1 1 1 1 0 0 1 1 0 0 0 0 1 1 0 1 0 0 1 1 1 1 1 0 1 1 1 1 0 1 1 1 1 0 0 0 1 1 0 0 1 1 1 1 1 1 0 1 0 1 0 1 0 0 1 1 1 1 1 0 0 0 1 
1 1 1 1 0 1 0 0 0 1 0 1 1 0 1 0 0 1 0 0 0 1 1 1 0 1 1 1 0 1 0 0 0 1 1 1 0 1 1 0 0 1 1 1 0 0 1 0 0 0 0 1 1 1 1 1 1 1 1 0 0 0 1 1 1 0 0 0 1 1 0 0 0 0 0 0 0 0 1 1 1 1 1 0 1 0 0 1 1 1 1 1 0 0 1 0 1 1 1 1 1 0 0 1 1 1 1 0 1 0 0 0 1 0 1 0 0 1 1 0 1 1 0 1 1 1 1 1 0 0 0 0 0 1 1 0 0 0 0 1 1 1 1 1 0 0 0 1 1 0 0 1 0 0 1 1 1 0 1 1 0 0 1 0 1 0 0 0 0 1 0 0 1 1 1 1 1 0 1 1 1 
1 1 1 0 0 0 0 0 1 1 1 1 0 0 0 0 0 1 0 0 1 1 1 1 1 0 1 1 1 1 0 0 1 0 0 0 1 0 0 1 1 1 0 1 1 0 0 1 1 0 0 0 1 1 0 0 1 0 1 0 1 1 1 1 0 1 0 1 0 1 1 0 0 1 1 1 0 1 0 1 0 1 1 0 0 0 1 0 0 0 0 1 0 1 1 1 1 1 1 1 1 1 1 1 0 0 0 0 0 1 0 0 1 0 0 1 0 1 0 1 0 0 0 0 1 0 1 1 0 1 1 1 0 1 1 0 0 1 1 1 1 1 1 0 1 1 1 0 0 1 1 1 1 1 0 1 0 1 0 1 0 1 0 1 1 1 0 0 0 0 1 0 0 0 0 1 0 0 1 1 1 
0 1 1 0 1 0 0 1 0 1 1 0 0 0 0 1 1 1 1 0 1 1 1 1 1 1 1 0 0 0 0 1 0 0 0 1 0 1 0 0 1 1 1 0 1 0 0 1 1 0 0 1 0 0 1 0 0 1 0 1 0 1 0 0 0 0 1 0 1 1 1 0 0 1 0 0 0 0 1 1 0 0 0 0 0 0 0 1 0 1 1 0 1 0 0 0 0 0 1 0 1 1 0 1 1 1 0 1 0 0 0 1 1 0 1 1 1 1 0 1 0 0 0 1 1 1 1 0 0 0 0 0 1 0 0 1 0 0 0 1 0 0 0 0 1 1 0 0 0 0 0 1 1 1 1 0 0 1 1 0 1 1 1 1 0 0 0 0 0 0 0 0 1 1 0 1 1 0 1 0 1 
1 0 0 1 0 0 1 0 0 0 1 1 0 1 0 1 0 1 0 1 0 0 1 1 1 0 0 0 0 1 1 1 0 0 1 1 1 1 0 1 0 1 0 1 1 0 0 0 0 0 1 0 0 1 0 0 0 1 1 0 0 1 0 1 1 0 1 1 1 1 0 0 0 0 1 0 0 0 1 0 1 0 0 0 0 0 1 1 0 1 1 1 0 1 1 1 0 1 1 0 0 0 0 0 1 1 0 1 0 0 0 0 0 1 1 0 1 0 0 1 0 0 1 0 1 1 1 1 0 0 0 0 1 0 1 0 0 1 1 0 1 0 1 0 1 0 1 1 1 0 1 0 0 1 0 0 0 0 1 0 1 0 0 1 1 0 0 1 1 0 0 0 1 0 1 0 1 0 1 0 0 
0 1 0 1 1 0 1 0 1 1 1 0 1 1 1 1 0 0 1 1 0 1 0 1 0 1 1 1 1 0 1 1 1 0 0 1 1 0 0 1 1 1 1 0 0 0 1 0 1 1 1 1 0 0 0 0 0 0 1 1 0 0 1 0 1 0 1 1 0 1 1 0 1 1 0 0 1 1 1 0 1 1 1 1 0 1 1 1 0 0 1 1 0 0 0 0 1 1 1 0 0 0 1 1 0 1 0 0 1 0 1 0 0 0 0 0 0 1 0 0 1 1 1 0 1 1 0 0 1 0 1 0 0 1 0 1 1 1 1 1 1 0 1 0 1 0 0 1 1 1 1 1 0 0 1 1 0 0 1 1 1 0 1 1 0 1 1 0 1 1 0 1 1 1 1 1 1 0 0 1 1 
0 0 1 1 1 0 1 0 0 0 1 0 1 1 1 0 0 0 1 0 0 1 0 1 1 0 0 1 0 0 0 1 1 1 1 1 1 0 1 1 1 1 1 0 0 1 1 1 1 1 0 1 1 1 1 0 0 1 0 0 1 1 1 0 0 1 1 1 0 0 0 0 1 0 1 1 1 0 1 1 0 1 1 0 1 1 0 1 1 0 1 1 0 1 1 1 0 1 1 1 0 0 1 0 1 1 0 0 0 0 0 1 0 0 1 0 0 0 0 1 0 1 0 0 0 0 0 1 1 1 1 1 0 1 0 0 0 0 1 0 0 0 0 0 1 0 0 0 0 1 1 1 1 1 0 1 1 1 0 0 1 1 0 1 0 1 0 0 1 0 0 1 0 1 0 1 0 0 1 0 1 
1 1 0 1 0 0 0 1 1 1 1 0 1 1 0 0 1 0 0 0 0 1 0 0 0 0 1 1 1 1 0 1 1 0 1 1 1 1 1 0 0 0 0 1 0 0 0 0 1 1 1 0 1 1 1 1 0 0 0 1 0 0 0 0 0 0 0 1 0 1 0 0 0 0 1 0 0 0 0 0 0 1 0 1 0 1 0 1 0 1 0 1 1 1 1 0 1 0 0 1 0 0 0 1 1 0 1 0 1 1 0 0 0 0 0 1 1 1 1 1 0 0 0 0 0 1 1 1 0 1 0 1 0 1 0 0 1 1 0 0 0 0 0 1 0 1 1 0 1 1 0 1 1 1 1 0 0 1 0 0 0 0 0 1 1 0 0 1 0 0 0 1 0 1 0 0 0 0 0 1 1 
0 0 1 1 0 0 1 0 0 1 1 1 1 0 0 1 1 0 1 0 0 1 0 1 1 1 0 0 1 0 1 0 0 0 0 0 0 1 0 1 0 1 1 0 1 0 1 0 0 0 0 0 0 1 1 0 0 1 1 1 0 1 1 0 1 0 1 0 1 1 0 0 1 1 1 0 1 1 0 1 0 1 1 1 1 1 0 1 0 1 0 1 1 1 0 1 1 1 1 1 0 1 0 1 0 0 0 1 1 0 0 0 0 0 1 1 1 0 0 1 1 0 1 1 0 1 1 1 1 1 0 0 0 1 0 0 1 0 0 0 0 0 1 1 1 0 1 0 0 0 1 0 1 0 0 1 1 1 1 0 0 0 0 0 1 0 0 0 1 1 1 0 1 0 1 0 0 1 0 1 1 
1 1 0 0 0 0 0 1 0 1 1 1 1 0 0 0 1 1 1 1 1 0 0 1 1 1 1 1 1 1 1 0 0 0 1 0 0 0 0 1 0 1 1 0 1 0 0 0 1 0 0 0 1 0 1 0 1 0 0 0 0 0 1 1 0 1 1 1 0 1 0 0 0 1 1 0 0 0 1 1 1 1 0 1 0 0 0 0 1 0 1 1 1 0 0 0 0 0 1 1 0 1 1 1 1 1 1 1 1 1 1 0 1 0 1 1 1 1 1 1 1 1 1 1 1 0 0 1 1 0 1 0 0 1 1 1 0 1 1 0 0 0 1 1 1 1 1 0 1 1 1 1 1 0 1 1 0 0 1 0 0 0 0 1 0 1 1 1 1 0 0 0 1 1 0 0 0 1 0 0 1 
1 0 0 0 1 0 0 0 1 1 1 1 0 0 1 0 0 1 1 1 0 0 0 1 1 0 0 0 1 0 1 1 0 0 0 1 0 1 1 1 1 1 1 0 1 0 1 0 0 1 0 1 1 1 1 0 0 1 1 0 0 1 1 1 0 0 0 1 1 0 1 0 0 1 0 1 0 0 1 1 0 0 0 1 0 0 1 0 1 0 1 1 0 1 1 1 1 1 0 0 1 1 1 0 0 1 0 1 1 0 1 0 1 0 1 0 0 0 1 0 1 0 1 0 1 0 0 0 1 0 1 0 0 0 0 1 0 0 1 0 0 1 0 0 0 0 1 1 0 0 1 0 1 1 0 1 0 1 0 0 0 0 0 0 0 1 0 1 1 0 1 1 1 0 0 0 1 0 0 1 1 
0 0 0 0 0 1 0 0 0 1 1 1 0 0 0 0 1 1 0 0 0 0 1 0 0 0 0 0 0 0 0 1 1 0 1 0 1 1 0 0 0 0 1 0 1 0 0 0 1 1 1 1 0 0 1 0 1 0 1 1 1 0 0 1 0 1 1 0 0 1 1 1 0 0 0 0 0 0 0 1 0 1 0 0 1 0 1 1 1 0 0 1 0 1 1 0 0 1 1 0 1 0 1 1 0 1 1 0 0 1 1 1 0 1 1 0 1 0 1 1 1 0 1 0 1 0 1 0 1 0 0 1 1 1 1 1 1 0 1 1 1 0 0 0 1 1 0 1 0 1 1 1 1 0 1 1 1 1 1 1 0 1 0 0 0 1 0 1 1 0 1 1 0 0 0 1 0 0 0 0 1 
0 0 1 0 1 1 1 1 0 1 0 1 0 0 0 0 0 0 1 1 0 0 1 0 0 0 0 1 1 0 0 0 0 0 1 1 1 0 0 0 0 1 1 1 0 1 1 1 0 0 1 0 0 0 0 0 0 0 0 0 0 0 0 1 1 1 0 0 1 0 1 0 0 0 0 0 0 0 0 0 1 1 0 1 1 1 0 0 1 0 0 1 0 1 0 0 0 0 0 0 0 1 1 0 0 1 0 1 1 0 0 1 0 0 1 0 1 1 1 0 1 0 0 1 1 1 0 0 1 1 0 0 0 1 0 0 0 1 0 0 1 0 1 0 0 1 1 0 1 1 0 0 0 1 1 0 1 0 0 1 1 0 0 0 0 1 1 0 0 1 1 0 1 0 1 1 1 0 0 0 0 
1 1 1 0 0 1 0 1 0 1 1 1 0 1 1 1 1 1 0 1 1 0 0 1 0 0 0 1 1 0 0 1 1 0 0 1 1 1 1 0 1 1 0 0 0 1 0 0 0 0 0 1 1 0 0 1 1 1 1 1 1 0 1 1 1 0 0 0 1 0 0 1 0 1 0 1 1 1 0 0 1 0 1 1 0 1 1 0 0 0 0 0 0 1 0 0 0 1 0 1 1 0 0 1 0 0 0 1 0 1 0 1 0 1 0 1 0 0 0 1 1 0 1 1 0 1 1 1 1 1 1 0 0 0 1 1 1 0 1 0 0 0 1 1 1 0 1 0 1 1 1 1 1 0 1 0 0 1 1 0 0 1 1 1 1 0 1 1 1 0 0 1 0 1 1 1 1 1 0 1 0 
0 1 0 0 1 0 0 0 0 0 0 1 0 0 0 1 0 0 1 0 0 0 1 1 0 1 1 0 0 0 0 1 0 0 1 1 0 1 0 0 0 1 0 1 1 1 0 1 1 1 0 1 0 1 0 1 0 0 1 1 0 1 1 0 0 1 0 0 1 0 1 1 0 0 0 0 1 0 1 1 1 1 1 0 1 1 1 1 1 0 1 0 0 1 1 1 0 1 0 1 1 1 0 1 1 1 1 1 0 0 1 1 1 1 1 1 0 0 0 0 0 1 1 1 1 1 0 1 1 0 0 1 1 0 0 1 1 1 0 0 1 0 1 1 0 1 0 1 0 1 1 0 0 0 0 0 0 1 0 0 0 1 0 0 1 1 0 0 0 1 1 0 1 0 1 1 0 0 0 1 0 
1 0 1 0 1 0 0 0 0 1 0 1 1 0 1 1 0 1 0 1 1 0 0 0 0 1 1 1 1 1 0 1 0 0 0 0 0 0 1 0 0 0 1 0 0 0 1 0 0 0 0 1 0 0 1 1 1 0 1 0 1 1 1 0 0 1 0 1 0 0 0 0 0 1 0 1 0 1 1 1 1 0 0 1 0 0 0 0 0 0 0 1 0 0 1 0 1 1 0 0 0 1 1 0 1 0 0 0 0 1 0 0 1 1 0 1 1 0 0 0 0 0 0 1 0 1 0 1 1 0 1 1 1 0 0 0 1 1 0 1 1 0 1 1 0 0 0 1 1 1 1 0 1 0 0 0 1 0 0 1 0 1 1 1 0 1 0 0 0 0 1 0 0 0 1 0 1 0 0 1 0 
0 0 1 1 0 1 0 0 0 1 0 1 1 0 0 0 0 1 1 1 0 1 0 1 0 1 1 1 0 1 0 0 1 0 0 1 1 0 1 0 1 1 1 0 1 0 1 1 1 0 1 0 1 0 1 1 1 1 1 0 0 0 1 0 0 1 1 1 1 0 0 0 0 1 0 0 0 0 1 0 1 1 1 0 0 1 0 1 1 0 0 0 0 1 1 0 0 0 1 0 0 1 0 1 1 1 1 1 1 1 1 1 0 0 1 0 0 1 1 0 0 1 1 0 0 1 0 0 1 1 1 0 0 1 1 1 1 1 0 1 1 1 1 0 1 1 0 1 0 1 1 1 0 0 0 0 1 1 1 0 1 1 1 1 0 1 0 0 0 1 1 0 0 1 0 1 1 0 0 0 1 
1 0 1 1 1 1 0 0 0 1 0 1 0 1 1 1 1 1 1 1 0 1 1 0 1 0 1 1 0 0 0 0 0 1 0 1 0 1 0 0 1 0 1 1 0 1 1 0 1 1 1 1 0 1 1 1 1 1 1 0 0 0 0 0 1 1 0 0 1 0 0 1 1 0 1 1 1 0 0 0 1 1 1 1 1 1 1 1 1 1 1 1 0 0 0 1 0 1 0 1 1 0 1 0 0 0 1 0 0 1 0 0 1 1 0 1 1 1 1 0 0 0 1 0 0 0 1 1 0 0 1 1 0 1 0 0 1 0 1 1 0 0 0 1 0 1 0 0 1 1 1 0 1 1 0 0 0 1 0 0 1 0 0 0 1 0 1 0 1 0 1 1 0 1 0 0 1 0 0 0 0 
1 1 1 1 1 0 0 0 1 1 0 0 1 0 1 1 0 0 0 1 0 1 0 0 0 0 0 0 0 0 1 1 0 1 1 0 0 0 0 0 0 1 0 0 0 0 0 0 1 0 1 0 1 1 0 0 1 0 1 0 1 0 1 1 1 0 0 1 0 0 1 1 1 1 1 0 1 0 0 0 0 1 1 0 0 1 1 0 0 1 1 1 0 1 1 1 1 0 1 1 1 1 1 1 0 0 1 1 0 0 0 0 0 0 1 0 1 1 0 0 0 1 1 1 0 0 0 0 0 0 0 0 1 1 1 0 0 0 1 1 0 0 1 0 0 0 0 1 1 0 1 0 0 0 1 0 0 0 0 0 1 0 1 1 1 0 1 1 1 1 0 0 1 0 0 0 1 1 1 1 1 
0 1 1 1 1 0 0 1 0 0 1 1 1 1 0 1 0 1 0 1 0 1 1 0 1 0 1 0 1 1 1 1 1 1 1 0 0 0 1 0 1 0 1 0 1 1 0 0 0 0 1 0 0 1 0 0 0 0 0 0 1 1 0 1 1 0 0 1 1 0 0 0 1 0 0 1 0 1 1 1 1 1 1 1 1 1 1 1 1 1 0 1 0 0 0 0 1 1 1 1 1 0 0 1 1 0 1 1 0 0 0 0 1 1 1 0 0 0 0 1 0 0 1 1 1 1 1 1 1 0 0 1 0 0 1 1 0 0 1 1 1 0 1 0 1 0 0 1 0 0 0 1 0 0 0 0 0 1 1 1 0 0 1 1 0 1 0 0 0 1 0 0 1 1 0 0 1 0 1 0 0 
1 0 1 0 0 0 0 0 1 1 1 0 1 0 0 1 1 1 0 0 0 0 1 1 0 1 0 0 1 0 0 0 0 0 0 0 1 1 1 1 1 0 0 0 0 0 1 1 1 0 0 1 0 1 0 0 0 0 0 0 1 1 1 1 1 0 1 0 1 0 1 0 0 1 0 0 1 0 0 1 1 1 0 1 0 1 1 1 1 1 0 0 0 1 0 0 1 1 0 1 0 1 1 1 1 1 1 1 0 0 0 1 0 0 0 0 1 1 1 1 0 1 1 0 0 1 0 1 1 0 1 0 1 0 0 1 0 0 1 1 0 1 0 1 1 0 0 1 1 0 0 0 1 1 0 1 1 1 0 0 1 1 1 0 1 0 1 0 0 0 1 1 0 1 0 0 1 0 1 0 1 
0 1 1 1 1 1 0 1 0 0 1 1 0 1 1 1 1 1 0 0 0 0 0 0 1 1 1 1 0 0 1 1 1 0 1 0 1 0 0 0 1 1 1 1 0 0 0 0 1 1 1 1 0 1 1 0 0 1 0 1 1 0 0 0 1 0 1 1 0 0 1 1 1 0 0 0 1 0 0 0 1 0 0 0 1 0 1 1 1 1 0 1 1 0 0 1 1 0 1 0 0 0 0 1 0 1 0 1 1 0 1 0 1 0 1 1 0 1 0 1 0 1 0 0 0 0 1 1 0 0 1 1 1 1 0 1 1 0 0 1 0 0 0 0 1 1 0 1 0 1 0 1 1 1 0 1 0 1 1 1 0 1 0 0 0 1 0 0 1 1 0 1 1 0 1 1 1 0 1 1 0 
0 0 0 1 1 1 0 1 0 1 0 0 1 1 1 0 0 0 0 1 0 1 0 0 0 0 0 0 1 0 0 0 1 0 0 0 0 0 1 1 1 0 1 1 1 0 0 0 0 1 1 0 1 1 0 1 0 0 0 0 1 0 1 0 0 1 1 0 1 0 0 0 1 0 1 0 1 1 1 1 1 0 0 0 1 0 1 0 1 0 0 1 0 0 1 0 0 0 1 1 1 1 0 0 1 0 1 0 0 1 1 1 1 0 1 0 1 1 0 0 0 1 1 1 1 0 1 0 1 0 0 1 0 0 0 0 0 1 1 0 0 1 0 1 1 1 0 1 0 0 0 1 1 1 0 0 1 1 0 0 1 0 0 0 1 1 1 1 0 0 0 0 0 1 0 1 1 1 0 1 0 
1 0 1 0 1 1 0 1 1 0 1 0 0 0 0 1 1 1 0 0 1 1 1 0 1 1 1 1 1 1 0 1 1 1 0 0 1 1 0 1 1 1 0 0 0 1 1 1 1 1 0 1 1 0 1 0 1 0 1 1 1 1 1 1 1 0 0 1 1 0 0 0 0 1 1 1 0 1 0 1 1 1 0 0 0 0 0 1 0 1 0 0 1 1 0 1 0 0 1 1 1 0 1 0 1 0 0 1 1 1 1 0 0 1 1 1 0 0 0 0 1 1 0 0 0 0 1 1 0 0 0 1 0 0 1 0 1 0 0 1 1 1 1 0 1 1 1 0 1 0 0 1 1 1 1 1 0 1 1 0 0 0 0 1 1 1 1 0 1 0 0 0 0 1 1 0 1 1 1 1 1 
0 1 0 1 0 1 1 1 1 1 0 0 0 1 1 1 1 0 0 1 1 0 0 1 0 0 0 0 1 1 0 1 1 1 1 1 0 1 0 0 0 1 0 1 1 0 1 1 1 1 0 1 1 0 1 1 0 0 0 0 1 0 0 1 1 1 0 0 1 0 0 1 1 1 0 1 1 1 1 0 1 0 1 0 0 1 0 1 0 0 0 0 1 0 0 1 0 0 1 1 0 0 0 0 1 0 1 0 1 1 0 1 0 1 0 0 0 0 0 1 1 0 1 1 1 1 0 1 1 1 0 0 0 0 1 1 0 1 1 0 1 1 0 1 1 1 0 1 1 0 1 0 1 1 0 1 1 1 0 0 0 0 1 0 1 1 0 1 1 1 1 1 1 1 1 1 0 1 0 0 0 
1 1 0 1 1 1 1 1 0 1 0 1 0 0 1 1 1 0 0 0 1 1 0 1 1 1 1 1 1 1 0 1 1 0 1 0 0 0 1 1 1 1 0 1 0 1 1 0 1 0 1 0 0 0 0 0 1 1 1 0 1 1 1 0 1 1 1 0 1 1 0 0 0 0 1 0 1 0 1 0 1 1 1 0 0 0 0 1 1 1 1 1 1 0 1 1 0 1 1 1 0 1 0 1 0 0 0 0 0 1 0 1 1 1 0 1 0 0 1 1 0 0 1 0 1 0 1 0 1 0 0 1 1 1 0 1 0 1 0 0 1 1 0 0 0 0 0 1 1 0 1 0 0 0 0 0 0 0 0 0 1 1 0 0 0 1 0 0 0 0 1 0 0 0 1 1 1 0 1 0 0 
0 1 0 1 0 1 0 1 1 1 1 1 0 0 1 1 0 1 1 0 1 0 0 1 1 1 0 1 1 0 0 1 1 1 1 1 1 1 1 1 1 0 0 0 1 1 1 0 0 1 0 1 0 1 0 1 1 1 0 1 0 0 0 0 0 1 1 0 0 0 1 0 1 1 1 0 0 1 1 0 0 0 0 0 0 1 0 0 0 1 0 0 1 0 0 1 1 0 0 0 1 0 0 1 1 0 0 0 1 1 1 0 0 0 1 0 1 1 1 0 0 0 1 0 1 0 0 1 0 0 0 0 1 0 1 0 0 0 1 1 0 1 1 0 1 0 0 1 0 0 1 1 0 1 1 1 1 0 1 0 0 0 0 0 0 0 0 0 0 0 1 1 1 1 0 1 0 1 0 0 1 
1 0 1 1 1 1 1 1 0 0 0 0 0 0 0 0 0 0 1 0 0 0 0 0 0 1 0 1 1 0 1 1 0 1 0 1 0 0 1 0 1 0 0 1 1 0 0 1 0 0 0 0 1 1 1 0 1 1 1 0 0 0 0 1 0 0 1 0 0 0 1 1 0 1 0 0 1 0 0 0 1 0 0 1 0 1 0 0 1 0 0 1 0 0 0 1 1 0 0 1 0 0 0 0 1 0 0 0 0 0 1 1 0 0 1 0 1 0 0 0 1 1 0 1 1 1 0 1 0 1 0 0 1 1 0 1 0 1 0 1 0 0 0 0 0 0 1 0 0 1 0 1 0 1 1 0 0 1 0 1 1 0 1 0 0 1 1 1 0 0 1 0 0 1 1 1 0 0 0 0 0 
0 0 0 0 1 0 0 0 1 1 0 0 0 1 0 0 0 1 0 0 0 0 1 0 0 0 0 1 1 0 0 0 1 1 0 1 1 0 0 1 1 1 1 0 0 0 0 0 0 0 1 1 0 0 0 1 0 1 1 1 0 0 0 0 1 1 1 1 1 1 0 1 1 0 0 0 0 1 1 0 0 0 0 0 1 0 1 1 0 1 1 0 1 1 1 1 0 1 1 1 1 1 1 1 0 1 1 1 0 1 1 1 0 1 1 1 1 1 1 1 1 1 1 1 1 1 1 1 1 1 1 1 1 1 1 0 1 0 0 1 1 0 1 1 1 1 1 0 1 0 0 1 1 1 1 1 0 1 1 1 1 1 1 1 0 0 0 0 1 0 1 0 1 0 0 1 0 0 1 0 0 

157 70 113 86 68 163 47 134 178 101 145 128 123 61 53 137 154 130 108 150 23 32 40 56 103 82 51 75 177 169 119 146 153 22 170 55 97 69 129 175 125 26 127 76 180 67 71 49 94 42 52 147 162 151 14 152 173 165 126 15 38 29 11 176 120 20 122 87 84 39 131 5 159 99 48 80 133 66 117 21 121 4 3 90 102 16 25 149 65 179 57 9 112 92 171 155 164 98 105 59 10 30 17 18 33 93 78 0 45 1 74 172 104 50 139 7 24 100 37 85 115 27 144 28 158 114 138 13 168 41 140 109 111 107 161 83 63 160 136 79 6 141 106 132 60 62 58 64 73 54 89 135 19 167 72 142 174 12 77 88 36 44 2 110 156 124 96 35 148 91 166 81 116 95 43 8 34 46 31 143 118 
0 107
1 109
2 162
3 82
4 81
5 71
6 140
7 115
8 175
9 91
10 100
11 62
12 157
13 127
14 54
15 59
16 85
17 102
18 103
19 152
20 65
21 79
22 33
23 20
24 116
25 86
26 41
27 121
28 123
29 61
30 101
31 178
32 21
33 104
34 176
35 167
36 160
37 118
38 60
39 69
40 22
41 129
42 49
43 174
44 161
45 108
46 177
47 6
48 74
49 47
50 113
51 26
52 50
53 14
54 149
55 35
56 23
57 90
58 146
59 99
60 144
61 13
62 145
63 136
64 147
65 88
66 77
67 45
68 4
69 37
70 1
71 46
72 154
73 148
74 110
75 27
76 43
77 158
78 106
79 139
80 75
81 171
82 25
83 135
84 68
85 119
86 3
87 67
88 159
89 150
90 83
91 169
92 93
93 105
94 48
95 173
96 166
97 36
98 97
99 73
100 117
101 9
102 84
103 24
104 112
105 98
106 142
107 133
108 18
109 131
110 163
111 132
112 92
113 2
114 125
115 120
116 172
117 78
118 180
119 30
120 64
121 80
122 66
123 12
124 165
125 40
126 58
127 42
128 11
129 38
130 17
131 70
132 143
133 76
134 7
135 151
136 138
137 15
138 126
139 114
140 130
141 141
142 155
143 179
144 122
145 10
146 31
147 51
148 168
149 87
150 19
151 53
152 55
153 32
154 16
155 95
156 164
157 0
158 124
159 72
160 137
161 134
162 52
163 5
164 96
165 57
166 170
167 153
168 128
169 29
170 34
171 94
172 111
173 56
174 156
175 39
176 63
177 28
178 8
179 89
180 44
SIMILAR
1 0
1 0
82 0
