167
0 0 0 0 0 1 1 1 1 1 1 1 0 1 1 0 0 0 1 0 0 0 0 1 1 0 1 0 1 0 1 0 0 1 0 1 1 1 1 0 0 0 1 1 0 1 1 1 0 1 0 0 0 1 0 1 1 0 1 1 1 1 1 0 1 1 1 1 1 0 1 1 1 1 1 1 1 1 1 1 0 1 1 0 0 1 1 1 0 1 0 1 0 1 1 0 1 0 0 1 0 0 0 0 0 0 1 1 1 1 0 1 1 1 1 0 0 1 1 0 1 1 1 1 0 1 1 0 0 0 0 1 0 0 0 1 0 1 0 0 0 0 0 0 0 1 0 0 0 1 0 1 1 0 0 1 1 1 1 0 1 0 1 1 0 1 1 
0 0 1 1 0 1 0 0 1 1 0 0 0 0 0 0 0 1 1 1 0 0 1 1 0 0 0 0 0 1 0 1 1 0 1 0 1 0 1 1 0 0 0 0 1 1 0 0 0 0 0 0 1 0 1 0 1 0 1 0 0 1 0 0 1 0 0 1 0 1 0 0 0 0 1 1 0 0 1 0 1 0 1 0 0 1 0 0 1 0 1 1 0 0 1 0 1 1 0 1 1 0 1 1 1 0 1 0 1 0 1 0 1 0 1 1 1 1 0 0 1 1 0 1 0 0 1 1 1 0 0 0 1 0 0 1 1 0 0 0 1 1 1 0 1 0 0 0 1 0 1 0 1 1 1 1 1 1 1 1 1 0 1 1 0 0 1 
0 1 0 0 1 0 1 0 0 1 1 0 1 1 1 1 1 0 0 1 0 1 1 1 1 0 1 0 1 1 1 1 0 0 1 1 0 1 0 0 0 1 1 1 1 1 1 0 0 1 1 1 1 1 1 1 0 1 1 1 0 0 1 1 0 1 1 0 0 0 1 1 1 0 0 1 0 1 0 0 1 0 0 1 1 1 0 0 0 0 0 1 0 1 0 0 1 1 0 0 0 1 0 1 1 0 0 1 1 0 1 1 0 1 0 1 1 0 0 1 1 0 0 0 0 0 1 1 1 0 0 0 1 0 1 1 0 1 1 1 0 0 1 0 0 1 1 1 1 1 1 0 0 0 1 1 1 1 0 1 1 1 0 0 0 0 1 
0 1 0 0 1 1 1 1 0 1 1 0 1 1 0 1 1 0 1 0 1 1 0 1 0 0 0 0 1 1 0 1 0 0 0 0 0 0 1 1 0 0 0 1 1 1 0 1 0 0 0 0 1 0 0 1 1 0 1 1 0 1 0 1 0 0 0 0 1 1 0 1 0 0 0 1 0 0 0 1 1 1 0 0 0 1 1 0 1 1 1 0 0 0 1 0 0 0 1 0 1 0 0 1 1 0 1 1 1 0 0 1 0 1 1 1 0 0 1 1 0 0 1 0 0 0 1 0 0 1 0 1 0 1 1 0 1 0 0 1 1 0 1 1 1 0 1 1 0 0 1 0 1 0 1 1 0 0 1 1 0 0 1 1 0 1 0 
0 0 1 1 0 0 0 0 0 0 1 0 0 0 1 1 0 1 0 1 1 1 0 0 1 1 1 1 0 0 0 0 0 1 0 0 0 1 0 0 1 1 0 0 1 0 1 0 1 0 1 1 1 0 1 1 1 0 1 0 0 0 0 0 0 0 1 0 1 1 1 1 1 0 1 0 0 1 1 0 0 0 1 0 0 0 0 0 1 0 1 0 1 1 1 0 0 1 1 1 1 1 1 0 1 0 1 1 1 0 0 0 0 1 1 0 0 0 1 1 1 1 1 1 0 1 0 1 0 0 0 1 0 0 0 1 0 0 0 1 1 1 1 0 0 0 1 1 0 1 1 1 0 1 0 0 1 0 1 0 1 1 1 1 1 0 0 
1 1 0 1 0 0 0 0 0 0 0 0 0 0 1 0 1 0 1 1 1 0 1 0 0 0 1 0 0 1 0 0 0 1 1 1 1 1 0 0 1 0 0 0 0 0 1 0 0 1 1 1 0 1 1 0 0 0 0 0 0 0 0 1 0 1 1 0 1 0 1 0 0 0 1 1 1 1 1 1 1 1 1 0 0 0 1 1 1 1 1 0 0 1 1 0 1 1 1 0 0 0 0 1 1 0 1 1 1 0 1 0 0 1 1 0 1 1 0 1 1 0 1 0 1 0 1 0 1 0 1 0 1 1 0 0 1 1 0 0 1 1 1 0 1 0 0 0 0 1 0 1 0 0 0 0 1 0 1 0 1 0 0 0 0 0 1 
1 0 1 1 0 0 0 1 1 1 1 1 1 1 0 1 0 1 0 1 0 0 0 0 1 0 1 1 0 1 0 0 0 0 1 0 1 1 0 1 0 1 0 0 1 0 0 1 1 1 1 1 1 1 1 0 0 1 1 0 0 1 0 1 1 0 0 1 1 0 0 0 0 0 1 1 0 0 1 1 1 1 1 0 1 0 1 1 1 1 1 1 1 0 1 1 1 1 0 0 0 0 0 0 1 1 1 1 0 1 0 0 0 0 0 0 0 0 1 0 1 1 0 0 0 0 0 1 0 0 0 1 0 1 1 0 1 0 0 1 1 1 0 0 0 1 0 0 0 1 1 0 1 1 0 1 0 1 1 0 1 0 0 0 0 0 0 
1 0 0 1 0 0 1 0 1 1 1 1 1 0 0 1 1 0 0 1 1 0 1 1 1 1 0 0 1 1 1 1 0 1 0 1 0 0 1 0 1 1 1 1 1 1 0 1 1 1 0 0 1 0 0 0 1 0 0 0 0 1 0 1 1 0 1 0 0 0 0 1 1 1 1 0 1 0 1 0 0 1 1 1 1 0 0 1 1 1 0 0 1 0 0 1 0 1 0 1 0 1 1 0 0 0 1 0 0 1 0 1 0 1 0 0 1 1 1 0 0 1 0 1 1 0 0 0 0 0 0 0 0 1 0 0 0 1 1 0 1 1 1 1 0 0 1 1 1 1 1 0 0 1 1 1 1 0 0 0 1 0 0 1 1 0 1 
1 1 0 0 0 0 1 1 0 0 0 1 0 0 0 0 1 0 1 1 1 0 0 0 0 0 0 1 1 1 0 1 1 1 0 0 1 0 1 0 0 1 0 1 1 0 1 0 0 0 1 0 1 0 0 1 0 1 1 1 1 0 1 1 1 0 1 0 0 0 0 0 0 1 0 1 1 0 1 0 1 0 0 0 0 1 0 0 0 0 1 0 0 0 0 1 1 0 1 0 1 1 1 1 1 1 0 1 0 0 0 0 0 0 0 0 1 1 0 1 1 0 1 1 1 1 1 0 1 1 1 0 1 1 0 0 0 0 0 0 1 0 0 0 0 0 1 0 1 0 0 1 1 1 1 1 1 0 1 1 0 0 1 0 0 0 1 
1 1 1 1 0 0 1 1 0 0 1 1 0 0 1 0 0 1 1 0 0 1 1 1 0 1 0 1 0 1 1 1 1 1 0 1 0 1 0 1 1 0 0 0 0 1 1 0 1 1 1 0 1 1 0 0 0 0 0 1 0 1 1 0 0 1 1 0 0 0 0 0 0 1 1 0 0 0 1 1 1 0 0 1 1 1 0 1 0 1 0 0 0 1 0 1 1 1 0 1 1 1 0 0 1 0 1 1 1 0 1 0 0 0 1 0 1 0 1 1 1 0 0 0 1 1 1 1 0 1 0 0 0 1 0 0 0 0 1 0 1 1 0 1 1 1 0 1 0 1 1 1 0 0 0 0 1 0 0 1 1 0 1 1 1 0 1 
1 0 1 1 1 0 1 1 0 1 0 1 1 1 0 0 0 1 1 0 1 1 1 0 1 0 1 1 0 1 1 0 1 1 1 0 1 1 1 0 1 0 1 1 1 1 0 1 1 0 0 0 0 0 0 1 0 0 0 0 1 0 1 0 0 0 1 0 0 0 1 1 1 0 0 0 1 1 1 1 0 1 0 0 1 0 0 0 0 0 1 0 0 1 0 0 1 1 0 0 0 1 1 0 0 1 1 1 1 1 1 0 0 1 0 1 0 0 1 0 1 0 1 0 1 0 0 0 1 0 0 0 1 1 1 1 1 1 1 1 0 1 0 0 1 1 0 0 0 0 1 0 1 0 0 0 1 0 0 0 0 1 1 0 1 1 0 
1 0 0 0 0 0 1 1 1 1 1 0 1 0 0 0 0 0 0 1 1 0 1 1 1 1 0 1 0 0 1 1 1 1 0 0 0 1 0 1 1 1 1 0 1 0 0 1 0 0 1 0 1 0 1 0 0 0 1 1 1 0 0 1 1 1 0 0 0 0 0 0 1 1 1 1 1 0 1 1 0 0 1 1 1 1 1 1 0 0 0 1 0 0 1 0 0 0 0 1 0 1 1 0 0 1 1 0 0 1 1 1 1 1 1 1 0 0 1 1 0 1 1 0 1 0 0 1 1 1 1 1 1 0 0 1 1 1 0 1 0 0 1 0 0 0 1 0 0 0 1 1 1 1 0 0 1 1 0 1 1 0 1 0 1 1 0 
0 0 1 1 0 0 1 1 0 0 1 1 0 1 1 1 1 0 0 0 1 0 1 1 1 1 0 0 0 1 1 1 0 1 0 0 0 0 1 1 0 1 1 1 1 1 1 1 0 1 0 1 0 1 1 0 1 0 1 1 0 0 1 0 1 0 0 0 0 1 0 1 1 0 1 0 0 0 0 0 1 1 1 0 1 0 0 0 1 1 1 0 0 1 1 0 1 1 1 0 1 1 1 1 1 1 1 1 0 0 1 0 1 0 1 0 0 0 1 1 0 1 1 1 1 0 0 0 1 0 1 0 0 0 1 1 0 1 0 1 1 0 1 1 0 0 0 1 0 0 0 1 0 0 1 1 1 0 0 0 0 0 0 1 1 1 0 
1 0 1 1 0 0 1 0 0 0 1 0 1 0 0 0 0 0 0 1 0 1 1 0 0 0 1 0 1 0 0 1 0 1 1 1 0 0 1 0 1 0 0 0 1 0 0 0 0 1 1 1 1 0 0 1 0 1 1 0 1 0 0 0 1 0 0 0 0 1 1 1 1 1 0 0 0 0 0 0 1 1 1 0 0 0 1 1 0 1 1 0 1 1 1 0 1 0 1 0 1 0 1 0 1 1 0 0 1 1 0 0 0 1 1 0 0 0 0 0 1 0 0 1 0 0 0 1 1 0 0 1 0 0 0 1 1 0 0 0 1 0 1 1 1 0 0 1 1 0 1 0 1 0 1 0 0 0 1 1 0 0 0 0 0 0 0 
1 0 1 0 1 1 0 0 0 1 0 0 1 0 0 1 1 0 1 1 1 1 0 0 0 0 1 0 1 1 0 1 0 1 0 1 1 0 1 1 0 0 0 1 0 1 1 0 1 1 0 0 1 1 1 1 0 1 1 0 0 1 1 1 1 0 0 0 0 1 1 1 1 0 1 1 0 0 0 0 0 1 0 1 0 1 0 0 1 1 0 0 1 1 0 0 0 1 1 0 1 0 0 1 1 1 0 1 0 0 1 0 0 0 0 0 1 0 0 0 0 0 1 0 0 0 0 0 1 1 1 0 0 0 0 0 0 1 0 1 1 0 0 1 1 1 0 0 0 0 1 1 1 1 1 0 1 1 1 0 0 0 1 1 1 0 1 
0 0 1 1 1 0 1 1 0 0 0 0 1 0 1 0 1 1 1 1 0 0 1 1 1 0 0 1 0 0 1 1 0 0 1 1 1 1 1 1 0 0 1 0 1 0 0 1 0 0 1 0 0 0 1 0 0 1 0 0 0 0 0 0 1 1 0 0 0 0 1 1 0 1 0 0 0 1 1 0 1 1 1 0 0 0 1 1 1 0 0 0 1 0 0 0 0 0 1 0 1 0 0 0 1 1 0 0 1 0 1 0 1 1 1 0 1 0 1 0 0 0 0 0 0 1 0 1 0 0 0 0 0 1 1 0 0 1 0 1 1 1 1 1 0 0 0 1 1 1 0 0 1 1 1 1 1 0 1 1 0 1 0 1 1 0 1 
0 0 1 1 0 1 0 1 1 0 0 0 1 0 1 1 0 0 1 1 0 0 0 0 1 1 1 1 0 1 0 1 0 1 1 1 0 1 0 1 1 1 0 0 1 0 0 0 1 0 0 0 1 0 1 1 0 1 0 0 0 1 1 1 0 1 1 1 1 1 0 1 0 1 0 1 0 0 1 0 0 1 1 0 0 0 1 0 1 1 1 1 1 0 1 0 1 1 1 1 0 0 0 1 1 1 1 0 1 1 1 0 1 1 1 1 1 0 1 1 1 1 1 0 1 1 0 0 0 0 1 1 1 0 0 0 1 0 1 0 0 0 1 1 1 1 1 1 0 1 0 1 1 0 1 1 0 1 1 1 0 0 0 1 0 1 1 
0 1 0 0 1 0 1 0 0 1 1 0 0 0 0 1 0 0 0 1 1 1 1 1 0 1 0 0 0 1 0 0 0 1 1 0 0 1 1 0 0 1 1 0 0 0 0 1 0 1 1 1 0 1 1 0 0 1 1 1 0 1 1 0 0 1 1 1 1 1 1 0 1 0 0 1 0 1 0 0 1 0 0 0 0 1 0 1 1 1 1 0 1 0 1 0 0 1 0 1 1 0 1 1 1 0 1 0 1 0 1 0 1 0 1 0 1 0 1 0 1 1 1 0 1 1 0 0 0 1 0 1 0 0 0 0 1 0 1 0 1 0 0 0 1 1 0 0 1 1 0 1 1 1 1 1 0 0 0 0 1 1 0 0 0 0 1 
1 1 0 1 0 1 0 0 1 1 1 0 0 0 1 1 1 0 0 0 0 1 1 0 1 1 1 0 0 1 1 0 1 0 1 0 0 0 0 0 1 1 1 1 0 1 1 1 1 0 1 1 0 1 0 1 0 1 0 1 1 0 0 1 1 1 1 1 1 1 1 0 0 0 1 1 0 0 0 1 0 0 0 1 0 1 0 1 0 1 0 1 0 0 1 0 1 1 0 0 1 0 0 0 1 0 1 1 0 1 0 1 1 1 0 0 0 1 1 1 1 1 1 0 0 1 0 0 1 0 0 1 1 1 0 1 0 0 1 1 1 1 1 1 0 1 0 1 0 0 1 1 0 0 1 1 0 0 1 0 1 0 0 1 1 1 0 
0 1 1 0 1 1 1 1 1 0 0 1 0 1 1 1 1 1 0 0 0 0 0 0 0 1 0 1 0 1 1 0 0 0 1 0 0 0 1 1 0 0 1 0 1 1 0 0 0 0 1 0 0 1 0 0 0 1 0 1 0 0 0 0 0 0 0 0 0 1 0 1 0 1 1 1 0 1 1 0 1 1 0 1 0 1 1 1 1 0 1 0 0 0 0 0 1 1 0 1 0 0 1 1 1 1 1 0 0 0 1 1 0 0 0 0 1 0 1 1 1 1 1 1 0 1 1 0 0 1 1 0 0 0 0 0 1 0 1 1 0 0 0 1 0 1 1 1 0 0 0 0 0 1 0 1 1 1 1 1 1 1 1 1 1 1 0 
0 0 0 1 1 1 0 1 1 0 1 1 1 0 1 0 0 1 0 0 0 0 0 1 1 0 0 1 1 0 1 1 0 1 0 0 1 1 0 0 1 0 0 0 1 0 0 0 1 0 1 0 1 1 0 1 0 1 1 0 0 1 1 0 0 1 1 1 1 1 1 1 0 1 0 1 1 1 1 0 0 0 1 1 1 0 1 0 1 1 1 1 1 0 0 1 1 0 0 1 0 0 1 1 0 0 0 0 1 0 0 0 0 0 0 1 0 1 1 0 0 0 1 1 1 1 0 1 1 0 1 1 0 0 0 1 0 0 1 0 1 1 1 0 0 0 1 0 0 0 0 1 0 0 1 1 1 0 1 1 1 0 1 0 0 1 0 
0 0 1 1 1 0 0 0 0 1 1 0 0 1 1 0 0 1 1 0 0 0 0 0 0 0 0 1 0 0 0 1 1 1 0 1 1 0 0 0 0 0 1 1 1 1 0 0 1 0 0 1 1 1 0 1 0 0 0 1 0 1 1 1 0 1 0 1 0 0 0 0 1 0 1 1 0 0 0 1 1 1 0 1 1 0 0 1 0 0 0 0 0 0 0 1 0 0 0 1 0 0 1 0 1 0 0 0 1 0 0 0 1 1 0 0 1 1 0 1 0 1 1 0 0 1 1 1 0 0 0 0 0 1 1 1 1 0 0 0 1 1 1 1 0 1 1 1 0 1 0 0 0 0 1 1 1 0 1 1 0 0 0 1 0 1 1 
0 1 1 0 0 1 0 1 0 1 1 1 1 1 0 1 0 1 1 0 0 0 0 0 0 1 0 0 1 1 1 1 0 1 0 0 0 0 0 1 1 1 0 0 0 1 1 1 1 0 0 1 0 1 1 1 1 0 1 1 0 1 1 1 0 1 0 1 1 1 1 1 0 1 0 0 0 0 0 1 1 1 0 1 0 1 0 1 1 0 0 0 1 0 1 1 1 0 1 1 0 0 1 0 0 0 1 1 1 0 1 1 1 1 0 1 0 0 1 0 0 0 0 0 1 0 0 1 1 1 0 0 1 1 0 0 0 1 1 1 1 1 1 0 0 1 1 0 1 1 0 1 0 1 1 0 1 0 0 1 1 1 1 0 0 0 0 
1 1 1 1 0 0 0 1 0 1 0 1 1 0 0 1 0 1 0 0 1 0 0 0 1 0 0 1 0 0 0 0 1 0 1 1 0 0 0 0 1 0 0 0 1 0 0 1 1 0 1 0 1 1 0 1 0 0 0 1 1 1 0 1 1 0 0 0 1 1 1 0 0 0 0 1 0 1 0 0 1 1 1 1 1 1 0 0 1 0 0 1 1 0 1 1 0 1 0 1 0 0 0 1 1 0 0 0 0 0 0 1 0 0 1 0 0 0 0 1 1 0 1 1 0 1 0 1 0 0 0 0 0 1 1 0 0 0 0 1 1 1 1 1 1 0 0 0 1 0 0 1 1 0 0 1 0 1 0 0 1 1 1 0 1 0 0 
1 0 1 0 1 0 1 1 0 0 1 1 1 0 0 1 1 0 1 0 1 0 0 1 0 0 1 1 1 0 0 1 1 0 0 0 0 1 0 0 1 1 1 0 0 0 0 0 1 0 0 1 0 1 1 0 1 1 1 0 1 0 0 0 1 0 1 0 0 1 1 0 0 0 1 1 0 0 1 0 1 0 0 1 0 1 1 1 1 0 1 0 1 1 0 1 1 1 0 1 0 0 1 0 1 1 0 1 1 1 1 0 0 0 0 1 0 0 1 1 1 0 0 1 1 1 0 0 1 0 1 0 1 0 0 0 0 0 1 0 0 1 0 0 0 0 0 0 1 1 1 1 1 0 0 0 0 0 0 1 0 1 0 1 1 0 0 
0 0 0 0 1 0 0 1 0 1 0 1 1 0 0 0 1 1 1 1 0 0 1 0 0 0 1 1 0 0 1 0 0 0 0 1 0 0 1 1 0 0 1 0 1 1 0 1 1 0 0 0 1 0 1 1 0 1 0 1 1 0 1 0 1 0 1 1 0 0 0 0 0 1 1 1 1 0 1 1 0 0 1 0 1 0 1 0 0 1 1 0 1 1 1 1 0 1 1 1 1 0 0 1 1 0 0 0 1 0 0 0 0 1 1 0 0 0 1 1 0 0 0 1 0 0 1 0 1 1 0 0 1 0 0 0 1 1 0 0 0 1 0 0 0 1 1 0 0 0 0 1 0 1 1 0 0 0 0 1 0 0 0 0 1 1 0 
1 0 1 0 1 1 1 0 0 0 1 0 0 1 1 0 1 0 1 0 0 0 0 0 1 1 0 1 1 0 1 1 1 0 1 0 1 1 1 0 0 1 1 1 0 0 0 0 0 1 1 1 1 0 0 0 0 1 1 1 1 0 0 1 1 0 0 1 0 1 1 1 1 0 0 0 1 1 1 1 0 0 0 0 1 0 0 1 0 1 0 0 0 0 1 0 1 0 0 1 1 1 1 1 0 0 0 1 1 0 1 1 0 1 0 0 1 1 0 1 0 0 1 1 0 0 0 0 1 1 1 0 1 0 1 1 0 1 0 1 0 0 1 0 0 0 0 0 1 1 1 1 1 0 1 1 1 0 0 0 0 1 0 1 0 0 0 
0 0 0 0 1 0 1 0 1 1 1 1 0 0 0 1 1 0 0 1 1 1 0 1 1 1 1 0 0 0 1 0 1 0 0 1 0 1 0 1 0 0 1 1 1 0 0 1 1 1 1 1 0 1 0 0 1 0 0 0 0 1 1 1 0 1 0 1 1 1 0 1 0 1 1 0 1 0 1 0 1 1 0 1 0 1 0 1 1 1 1 0 0 1 0 0 1 0 1 1 1 1 1 0 1 0 1 1 1 0 1 1 1 1 1 1 0 1 0 0 1 0 0 0 1 1 0 0 1 1 1 0 0 0 1 1 0 0 0 0 1 1 0 0 0 0 0 1 1 1 0 0 0 1 0 0 1 0 1 0 0 0 0 0 0 1 0 
1 0 1 1 0 0 0 1 1 0 0 0 0 1 1 0 0 0 0 0 1 0 1 0 1 0 1 0 0 0 0 0 0 1 1 1 1 1 1 1 1 1 1 0 1 1 0 1 0 1 0 0 0 0 1 1 1 1 1 1 1 1 0 0 0 1 1 1 1 1 1 1 1 1 0 1 1 0 0 1 0 1 0 0 0 0 1 0 0 0 1 0 1 0 1 0 1 0 1 0 0 1 1 0 1 1 0 1 1 0 0 0 0 0 1 0 0 1 1 0 0 1 1 1 1 0 0 0 0 0 1 0 0 0 1 1 1 0 1 1 0 0 1 1 0 0 1 0 0 0 1 1 0 0 1 0 1 0 1 0 0 0 1 0 0 0 1 
0 1 1 1 0 1 1 1 1 1 1 0 1 0 1 0 1 1 1 1 0 0 1 0 0 0 0 0 0 0 0 1 1 0 1 0 1 0 0 0 1 0 1 0 0 0 1 1 1 0 1 1 1 0 1 0 0 1 0 1 0 0 1 0 0 1 0 0 1 0 0 0 0 1 0 1 0 0 0 0 1 0 0 0 1 0 1 1 0 1 1 1 1 1 0 1 1 1 1 0 0 1 1 0 0 1 1 0 0 0 0 0 0 0 0 1 1 1 0 0 1 0 1 1 1 1 1 1 0 1 1 0 1 1 1 1 1 0 0 1 0 1 0 1 0 0 1 0 0 1 0 0 1 0 0 0 1 0 1 1 1 1 1 1 1 1 1 
1 0 1 0 0 0 0 1 0 1 1 1 1 0 0 1 0 0 1 1 1 0 1 0 0 1 1 1 0 0 0 1 1 1 1 0 1 0 0 1 0 1 1 1 0 1 0 1 0 0 1 0 0 1 0 0 1 0 0 0 1 0 1 0 0 0 1 1 1 0 0 0 0 0 0 1 0 1 0 0 0 0 0 1 1 1 0 0 1 1 0 0 0 0 0 1 0 1 1 0 0 1 0 0 1 1 0 1 1 0 0 0 1 1 1 0 0 1 1 0 1 0 0 1 0 1 1 0 0 1 1 1 0 0 0 1 1 0 0 1 0 1 0 0 0 1 1 0 0 1 1 0 1 1 1 1 0 0 1 1 1 0 1 1 0 1 0 
0 1 1 1 0 0 0 1 1 1 0 1 1 1 1 1 1 0 0 0 1 1 1 0 1 0 1 0 0 1 1 0 1 0 1 0 0 1 1 0 1 0 1 1 1 0 1 1 0 1 0 0 0 0 0 1 0 0 1 1 1 1 1 0 1 0 0 1 1 0 1 1 0 1 0 1 0 0 0 1 0 1 1 0 0 1 0 1 1 1 0 0 1 0 1 1 1 1 1 0 0 1 0 0 0 1 0 1 0 0 1 1 1 0 0 1 1 0 0 0 0 1 1 1 1 1 0 1 1 0 0 0 1 1 1 1 0 0 1 0 1 1 1 1 0 0 1 0 0 1 1 0 0 1 0 0 1 1 0 0 0 0 0 0 1 0 1 
0 1 0 0 0 0 0 0 1 1 1 1 0 0 0 0 0 0 1 0 0 1 0 1 1 0 1 1 0 1 1 1 0 1 1 0 1 0 1 1 1 1 1 1 1 0 1 1 1 1 1 1 1 1 1 1 0 1 0 1 0 1 1 0 1 0 1 0 0 0 1 0 0 1 1 0 1 0 1 1 0 1 1 1 0 1 1 1 1 1 1 0 0 1 1 0 0 1 1 1 1 1 0 0 1 1 0 1 1 1 1 0 1 0 0 0 1 0 0 0 0 0 1 0 1 1 0 1 1 0 1 0 1 1 0 1 0 0 0 0 0 0 1 0 0 1 1 0 0 1 1 1 1 1 0 0 1 0 1 0 1 0 1 1 0 1 0 
1 0 0 0 1 1 0 1 1 1 1 1 1 1 1 0 1 1 0 0 1 1 1 0 0 0 0 0 1 0 1 0 1 0 1 1 0 0 0 0 1 1 0 1 0 1 1 0 1 0 0 0 0 0 0 1 0 0 1 1 0 0 0 0 0 1 1 1 1 0 1 0 1 0 1 1 1 0 1 1 0 1 0 0 0 1 0 1 1 1 1 1 0 1 1 1 1 1 0 0 0 1 1 0 1 1 1 1 0 1 0 0 1 1 0 0 1 1 0 0 0 1 1 0 0 0 1 0 1 0 0 1 1 1 1 1 1 1 1 0 1 0 1 1 1 1 0 1 0 0 1 0 1 1 1 0 1 1 1 1 0 1 0 0 0 0 1 
0 1 1 0 0 1 1 0 0 0 1 0 0 1 0 1 1 1 1 1 0 0 0 1 0 0 1 0 1 1 1 1 1 1 0 1 0 0 0 1 1 1 1 1 1 0 1 0 0 0 0 1 1 1 0 1 1 1 0 1 1 1 0 0 1 1 1 0 0 0 0 1 0 1 1 0 0 0 0 1 1 1 0 1 1 0 1 0 0 0 0 0 0 0 1 1 0 1 0 0 0 0 0 1 0 0 1 1 1 1 0 0 1 0 1 0 1 0 1 1 0 0 1 1 1 0 0 0 1 0 0 1 0 1 1 1 1 1 1 1 0 0 1 0 1 1 0 0 0 0 0 0 1 0 1 0 0 0 1 0 0 0 1 1 0 1 0 
1 0 1 0 0 1 0 1 0 1 0 0 0 1 1 1 1 0 0 0 0 1 0 1 0 1 0 1 1 0 0 0 0 1 1 0 0 1 1 1 0 0 0 0 0 1 1 0 1 1 1 0 0 1 1 1 1 1 1 1 0 0 0 0 0 1 0 1 0 0 0 0 1 1 1 0 1 1 0 1 1 1 1 0 0 1 1 1 0 1 1 1 1 1 0 1 0 1 0 0 0 1 0 1 1 1 1 1 1 1 0 1 0 1 0 1 1 1 0 1 1 0 1 0 0 1 1 0 1 1 1 1 0 0 1 1 0 0 1 0 1 1 0 0 0 0 1 0 0 0 0 0 0 1 0 1 0 0 1 1 1 1 1 1 1 1 0 
1 1 0 0 0 1 1 0 1 0 1 0 0 0 1 1 0 0 0 0 1 1 0 0 0 0 1 0 1 1 1 0 1 0 0 0 0 0 0 1 0 1 1 1 0 0 1 1 1 0 0 1 0 0 1 1 0 0 0 0 0 0 1 1 1 0 1 1 1 0 0 0 1 1 1 1 1 0 0 0 0 1 0 1 1 1 0 1 0 1 1 0 1 0 1 0 0 0 1 1 0 1 1 1 0 1 0 0 1 0 1 0 1 0 0 0 1 1 1 0 0 1 0 0 1 0 0 0 0 0 1 1 1 0 1 0 1 0 0 0 0 1 1 0 0 0 1 0 1 1 0 0 0 1 0 0 0 0 0 0 1 1 0 0 0 1 0 
1 0 1 0 1 1 1 0 0 1 1 1 0 0 0 1 1 1 0 0 1 0 0 0 1 0 1 1 1 0 0 1 0 0 0 1 0 0 1 1 1 1 1 1 1 0 0 0 1 1 1 1 1 0 0 0 0 1 0 0 0 0 0 1 0 1 0 1 0 0 1 1 0 0 1 1 0 1 1 0 0 1 1 1 1 1 1 0 1 0 0 0 0 0 1 0 0 1 1 1 0 0 0 1 0 0 0 0 1 0 1 0 0 0 0 0 0 0 0 0 0 1 1 0 0 1 0 0 1 1 0 0 1 0 1 1 1 0 1 0 0 0 0 1 1 0 0 0 0 1 0 1 0 1 1 0 1 0 1 0 1 0 1 0 1 1 1 
1 1 0 1 0 0 0 1 1 0 1 0 1 1 1 1 0 1 0 1 0 0 0 0 0 1 1 0 1 0 0 1 1 0 0 1 0 1 0 1 0 1 0 0 1 0 1 1 0 0 1 0 0 1 1 0 1 0 0 1 0 1 1 0 1 1 1 0 1 1 1 1 0 0 1 0 0 0 1 0 0 0 0 0 0 0 0 0 0 1 0 0 1 0 1 1 0 0 1 0 1 1 0 1 1 0 0 1 0 0 0 0 1 0 1 0 0 1 0 1 0 1 1 1 0 1 0 0 1 0 1 0 1 1 0 0 0 1 0 0 1 0 1 1 0 1 0 1 1 1 0 1 1 1 0 0 1 0 1 1 1 1 1 0 0 1 0 
0 1 0 1 0 0 1 0 0 1 0 1 1 0 1 1 1 0 0 1 0 0 1 0 0 1 0 1 1 0 1 0 1 0 1 1 1 1 1 0 1 0 0 1 0 1 0 1 1 0 0 0 1 0 0 1 0 1 0 1 0 0 1 1 1 0 0 0 0 0 1 1 0 0 1 0 0 1 0 1 1 0 0 1 1 0 0 1 1 0 1 0 1 0 0 0 1 1 0 0 0 1 1 0 1 0 1 0 1 1 0 0 0 0 0 1 0 0 1 1 1 0 1 1 1 1 1 1 1 1 0 1 1 1 1 0 0 1 0 0 0 1 1 1 0 1 1 0 0 1 1 0 1 0 1 0 0 1 0 0 1 0 0 1 1 0 1 
0 0 0 0 1 1 0 1 0 1 1 1 0 1 0 0 1 0 1 0 1 0 1 1 1 0 0 0 1 1 0 1 1 1 1 0 0 1 0 1 0 0 1 0 1 1 0 1 0 1 1 0 0 0 1 0 0 1 1 1 0 1 0 1 0 1 0 0 1 0 0 1 1 0 0 1 0 1 0 0 1 0 1 1 0 1 1 1 0 1 1 0 1 0 0 1 1 0 1 0 0 0 1 1 1 1 0 1 1 1 0 1 1 1 0 1 0 1 1 0 1 0 1 1 1 0 1 1 0 0 0 0 0 0 0 0 1 0 0 1 1 1 1 1 0 1 0 0 0 1 0 0 1 1 1 1 0 1 0 0 1 0 1 0 0 0 1 
0 0 1 0 1 0 1 1 1 0 0 1 1 0 0 0 1 1 1 0 0 0 1 0 1 0 1 0 1 0 1 0 1 1 1 0 1 1 1 0 0 0 0 1 1 0 1 0 1 1 0 1 0 0 1 1 1 0 1 1 1 1 1 0 1 0 0 1 1 1 0 1 0 1 1 1 0 0 0 0 1 0 0 0 0 0 1 1 1 1 0 0 1 0 0 0 1 1 1 0 0 1 0 0 0 1 0 0 0 1 1 0 0 1 1 0 0 1 1 1 1 0 1 0 0 0 0 0 1 1 0 0 0 1 0 0 0 1 1 0 1 0 1 1 0 1 0 1 0 0 0 1 1 1 0 0 1 0 1 1 1 1 1 0 0 0 0 
1 0 1 0 0 0 0 1 0 0 1 1 1 0 0 1 0 1 1 1 0 1 0 0 1 1 1 1 1 1 1 1 1 0 1 0 1 1 0 0 1 0 0 0 1 1 0 0 0 0 0 1 0 0 0 1 1 1 0 0 0 0 0 0 1 1 1 0 1 1 0 0 0 1 0 1 1 0 0 1 0 1 0 0 1 0 0 0 0 1 0 0 0 1 1 0 0 1 1 1 1 1 0 1 1 0 1 0 0 1 1 1 1 1 1 1 0 0 0 0 1 1 0 0 1 0 1 1 1 1 1 1 1 0 1 1 0 1 1 0 0 0 1 1 0 1 0 0 0 0 0 1 1 1 1 0 1 0 0 1 1 0 1 0 1 0 1 
1 0 1 1 0 0 0 1 1 0 1 0 1 0 1 0 0 0 1 0 0 1 0 0 0 0 1 1 0 0 1 1 1 1 1 0 1 1 0 1 0 1 0 0 0 0 1 0 0 1 1 0 0 1 0 1 1 1 0 0 1 1 1 0 1 1 0 0 1 0 0 0 1 0 1 1 0 0 1 1 0 1 1 1 0 0 0 0 1 0 1 1 0 0 0 1 0 1 1 0 1 1 1 1 1 0 1 1 0 0 1 1 1 1 0 0 1 1 1 0 0 1 0 1 0 1 1 1 0 0 0 1 1 0 0 0 1 1 0 1 0 1 0 0 1 1 0 1 1 0 0 0 1 0 1 0 1 1 0 1 0 1 1 0 1 1 0 
0 1 1 1 1 0 1 1 1 0 1 1 1 1 0 1 1 0 0 1 1 1 0 1 0 1 0 1 1 0 0 1 1 0 1 0 0 1 1 0 1 1 1 0 0 0 0 1 0 1 1 0 1 1 1 1 0 1 0 0 0 1 0 0 0 1 1 1 1 0 1 0 0 0 1 0 1 0 1 0 0 1 1 0 0 1 1 1 1 0 0 1 0 1 0 1 0 0 0 1 1 0 0 1 0 0 1 1 1 1 1 1 0 0 0 0 1 1 0 1 1 0 1 0 0 1 1 0 1 1 1 0 1 0 1 1 1 1 1 1 1 0 0 0 0 1 0 0 1 1 1 0 0 0 1 0 0 0 0 0 1 0 0 1 0 1 1 
1 1 1 1 0 0 0 1 0 1 1 0 1 0 1 0 0 0 1 1 0 1 1 0 0 1 0 0 1 0 1 0 0 1 0 1 0 0 0 1 1 0 1 0 0 0 0 1 0 0 0 0 1 1 1 1 0 0 1 1 0 1 0 0 1 0 0 1 0 0 1 1 0 0 0 0 1 0 0 1 1 0 1 0 1 0 0 1 1 0 0 1 1 1 1 0 0 1 1 0 0 0 1 0 1 0 0 1 1 1 1 1 0 0 1 0 0 0 1 0 0 1 0 0 0 0 1 1 1 0 1 1 1 1 1 0 1 0 1 0 0 0 1 1 0 0 1 1 1 1 1 1 1 0 0 1 0 1 0 1 1 0 1 0 0 0 1 
1 0 1 0 1 1 0 0 1 1 0 0 1 0 1 0 0 0 1 0 0 0 1 0 0 0 0 0 0 1 0 1 1 1 1 1 1 0 1 0 0 1 0 1 0 0 0 1 1 1 1 0 0 0 0 1 1 0 0 1 1 0 0 1 1 1 1 0 0 1 1 0 0 1 0 1 1 0 1 0 1 0 1 0 0 1 1 1 1 1 0 0 0 1 0 0 1 0 0 1 1 1 0 1 1 0 1 0 0 0 1 1 0 1 0 0 1 0 0 1 1 1 0 1 1 1 1 0 1 1 1 1 1 0 1 1 0 1 1 1 0 1 1 1 0 0 0 0 1 1 1 0 1 1 1 1 1 0 1 0 1 0 1 1 0 1 0 
1 0 0 1 0 0 1 1 0 0 1 1 1 0 0 1 0 1 1 0 0 0 1 1 0 1 0 1 1 1 1 1 1 0 0 0 1 0 1 1 1 0 0 0 1 1 1 0 0 1 0 0 1 1 1 1 0 1 1 1 0 1 1 0 0 1 0 0 0 1 1 1 1 1 1 1 1 1 0 1 0 1 1 1 1 1 1 1 0 1 0 1 1 0 1 1 1 0 0 0 1 1 1 1 1 1 0 1 0 1 1 1 1 0 0 1 1 0 1 0 0 0 1 1 0 1 0 1 0 0 1 1 1 0 1 1 0 0 1 0 0 1 1 0 0 0 0 1 1 1 0 0 1 1 0 0 0 0 1 0 1 1 1 0 0 1 0 
0 0 0 0 1 0 1 1 0 1 1 0 0 0 1 0 1 0 1 0 1 1 1 1 1 1 0 1 0 1 0 0 1 1 0 1 1 1 0 1 0 1 0 0 0 0 1 0 0 1 1 0 0 1 1 0 0 0 0 1 1 0 1 1 0 1 1 1 0 0 0 1 1 0 0 0 0 0 0 0 1 1 0 1 0 1 1 0 1 1 1 0 1 0 1 1 0 0 0 0 0 1 0 0 1 1 1 1 0 0 0 0 1 1 1 0 0 1 0 0 1 1 1 1 0 0 1 1 0 1 1 1 0 1 0 0 0 1 0 0 1 1 1 0 1 0 1 1 0 0 0 1 0 0 1 0 1 1 0 0 1 0 0 1 1 1 0 
1 0 1 0 0 1 1 1 0 1 0 0 1 1 1 0 0 1 0 0 0 0 0 0 0 0 1 1 1 0 0 1 1 0 0 1 0 1 0 0 1 1 0 1 1 0 1 1 1 0 1 1 1 1 0 0 0 1 0 0 0 1 0 1 1 1 1 1 0 1 0 0 0 1 1 1 1 0 1 0 0 1 1 0 1 0 1 0 1 1 1 0 1 1 0 0 0 1 1 0 0 1 1 1 0 0 1 1 0 1 1 1 0 0 1 0 1 0 1 1 1 0 0 0 1 1 1 1 0 0 0 0 0 1 1 0 0 1 0 0 1 1 1 1 1 0 0 1 1 0 0 0 1 0 1 0 0 1 1 1 0 1 0 0 0 1 1 
0 0 1 0 1 1 1 0 1 1 0 1 0 1 0 1 0 1 1 1 1 0 0 1 0 0 1 1 0 1 1 0 1 0 0 1 0 1 1 0 1 0 0 1 1 0 1 0 1 1 0 1 1 1 0 1 0 1 1 0 0 1 1 0 1 1 1 0 0 1 1 1 1 0 1 0 0 0 0 1 1 1 1 1 1 1 1 1 1 0 0 0 1 1 1 1 0 0 1 1 1 0 1 1 0 1 1 0 1 0 1 0 1 1 1 0 1 0 1 1 1 0 1 1 1 0 0 1 1 0 1 0 0 0 1 1 1 0 1 1 1 0 1 1 0 1 0 1 0 0 0 0 1 1 1 1 1 0 0 0 0 1 1 1 0 1 0 
0 0 1 0 1 1 1 0 0 0 0 0 1 1 0 0 0 1 1 0 0 1 1 0 1 0 1 1 0 1 0 0 1 0 1 0 1 1 0 0 0 1 1 0 0 0 0 0 0 1 1 0 0 0 1 0 1 1 0 1 0 0 1 0 1 0 1 0 0 0 0 0 0 1 1 0 1 0 0 0 0 0 1 1 1 1 1 0 0 1 0 0 0 1 1 1 0 0 0 0 1 0 1 1 0 0 0 0 0 0 1 1 0 1 1 1 0 0 1 1 0 1 1 0 1 1 1 1 1 1 0 0 0 0 0 1 1 1 1 0 0 0 0 0 1 0 0 0 1 0 1 0 1 0 0 0 1 0 0 1 1 0 1 0 1 0 0 
0 1 1 1 1 0 1 1 1 1 0 1 0 1 1 0 1 0 0 0 1 1 0 1 0 1 1 0 0 1 0 0 1 0 1 0 0 1 0 1 0 0 0 0 1 1 0 1 0 1 1 0 0 0 1 1 1 0 0 1 0 1 0 0 0 1 1 1 1 1 1 0 1 1 1 1 0 0 0 0 1 1 0 0 0 0 0 1 1 1 1 0 1 0 1 1 0 1 1 1 1 0 0 0 1 0 1 0 1 1 0 0 1 0 0 0 0 1 0 0 1 0 0 1 0 1 0 0 1 0 0 0 0 1 0 0 1 1 0 1 0 0 1 1 0 0 1 0 0 1 1 1 0 0 0 0 1 1 1 0 1 1 1 0 1 0 1 
1 0 1 0 0 1 1 0 0 1 0 0 1 0 1 0 0 1 1 1 1 1 1 1 1 0 0 1 0 0 1 0 1 0 1 1 0 0 1 0 0 0 0 1 1 1 0 1 1 1 1 0 0 0 0 1 1 0 0 0 0 1 1 1 0 0 0 0 1 1 0 0 1 0 1 0 0 0 1 1 1 0 0 0 0 0 1 1 1 1 1 1 0 1 1 0 0 0 1 1 1 1 0 0 0 0 0 0 1 0 0 1 0 1 0 1 0 1 1 0 1 0 1 1 0 0 0 1 0 0 1 0 0 1 0 1 0 1 0 0 0 1 1 1 1 1 0 1 0 1 1 1 0 1 0 0 0 0 1 1 1 1 0 1 0 0 0 
0 1 1 0 1 1 1 0 0 0 0 1 1 0 1 1 1 1 0 0 0 0 1 0 1 1 0 0 1 1 0 0 1 0 0 1 1 0 1 0 1 1 0 0 1 1 0 1 1 0 0 1 1 0 0 0 1 1 1 0 1 0 0 1 1 1 0 1 0 1 1 0 0 0 0 1 0 0 1 1 0 0 1 1 1 1 1 0 0 1 1 0 1 1 0 1 0 0 1 1 0 1 0 0 0 0 1 1 0 1 0 1 0 0 1 0 0 0 1 1 0 1 0 1 0 0 0 1 1 0 1 1 0 0 1 0 0 0 1 0 1 1 1 1 0 0 0 0 1 0 0 1 1 0 1 1 0 0 0 0 1 0 1 1 1 1 0 
1 0 1 1 1 0 0 0 1 0 1 0 0 1 1 0 1 0 1 0 1 1 1 1 0 1 0 0 1 0 0 1 1 1 1 1 1 0 0 1 0 1 1 1 1 1 1 1 0 0 1 0 1 1 0 0 0 0 0 1 0 0 1 1 1 0 1 1 0 0 0 1 0 0 0 0 1 1 1 0 1 1 1 0 0 0 0 0 0 0 0 1 0 1 1 1 1 1 0 0 0 1 0 1 1 0 0 1 1 0 0 0 1 1 0 0 1 0 1 0 1 1 1 0 1 0 0 0 1 1 0 1 1 0 0 0 0 1 0 0 1 1 0 1 0 0 1 1 0 0 0 1 0 0 1 1 1 1 0 0 0 1 0 1 1 0 0 
1 1 0 1 1 0 0 1 0 0 0 0 1 0 0 0 0 0 0 0 0 0 1 0 1 0 0 1 1 0 1 0 0 0 1 1 0 0 1 0 0 1 1 1 0 0 1 0 0 0 0 1 1 1 1 0 0 0 0 0 1 1 0 0 1 0 0 1 0 0 1 1 1 0 1 0 0 1 0 0 0 0 1 0 1 0 0 0 0 1 0 0 0 1 1 0 0 1 1 0 0 1 0 0 0 0 0 1 1 0 0 0 0 1 0 0 1 0 1 0 0 0 0 1 0 1 0 1 0 0 0 1 0 0 0 1 1 0 0 1 0 1 0 1 0 0 1 1 1 1 1 0 0 0 0 0 0 1 1 1 1 1 0 1 1 1 0 
0 0 1 0 0 0 1 0 1 0 0 0 0 1 1 1 1 1 1 1 1 0 0 0 1 1 1 0 1 1 0 0 1 0 1 1 0 1 0 1 1 0 1 1 1 0 0 1 0 1 1 1 0 0 1 0 0 0 1 0 0 0 1 0 0 1 1 0 0 0 1 1 1 0 0 1 1 1 0 1 0 1 1 1 1 0 0 0 0 0 1 1 1 1 1 1 0 1 1 0 1 1 0 0 0 0 0 0 1 0 0 0 0 0 1 1 1 0 0 0 1 1 1 1 0 1 1 0 0 0 0 0 0 0 0 0 0 0 1 1 0 1 1 0 0 1 1 0 1 0 1 0 1 1 1 1 1 0 1 1 0 1 1 0 0 0 1 
1 1 1 1 1 0 1 0 1 0 0 1 1 1 1 0 0 1 0 0 1 0 1 0 1 0 1 0 1 0 0 1 0 1 0 1 0 0 0 0 1 1 0 0 0 1 0 1 0 0 1 0 0 0 1 0 0 1 0 0 0 0 0 1 1 1 1 0 0 0 0 0 1 0 1 0 0 0 1 1 1 1 1 1 1 0 0 1 0 0 1 1 0 1 0 1 1 0 0 0 1 1 0 1 0 0 0 0 0 1 0 0 0 1 1 1 0 1 0 1 1 0 0 0 0 1 1 1 0 1 1 1 0 1 1 1 0 0 0 1 1 0 0 0 0 1 1 0 1 0 0 1 1 0 0 0 0 0 1 0 0 1 1 1 1 0 1 
1 0 1 1 0 0 0 0 1 1 0 1 1 0 0 0 0 1 1 1 0 1 1 1 0 1 1 0 1 1 0 1 1 1 1 1 0 0 1 1 1 1 0 0 0 1 1 1 1 0 0 1 1 0 0 1 0 0 0 0 1 0 1 1 1 1 0 1 1 1 1 1 1 0 1 0 1 1 1 1 0 1 1 0 0 0 0 1 1 0 1 1 0 1 0 0 1 1 1 0 0 1 1 1 1 0 0 0 1 1 0 1 1 1 0 1 1 0 1 0 1 0 1 1 0 1 1 1 1 1 1 1 1 1 1 1 1 0 1 0 0 1 0 1 0 0 0 1 1 1 0 0 0 1 0 1 0 1 0 0 0 1 1 0 1 1 0 
1 0 0 0 0 0 0 0 1 0 1 1 0 1 0 0 0 0 1 0 0 0 0 1 1 1 1 0 1 0 1 1 0 0 1 0 0 0 0 0 0 1 0 1 0 0 1 0 1 0 0 0 0 0 1 0 1 0 0 1 0 1 0 0 1 0 0 1 1 1 0 0 0 1 0 0 1 1 0 1 0 0 0 1 0 0 0 1 0 1 0 0 0 1 1 1 1 1 0 1 1 1 0 1 0 1 0 1 1 0 1 0 1 0 0 1 0 0 0 1 0 1 0 1 1 1 1 1 0 1 1 0 1 0 1 0 0 1 1 1 1 0 0 0 0 1 0 1 1 0 1 1 1 1 1 1 1 1 1 1 1 1 1 0 0 1 1 
1 1 0 1 0 0 1 1 0 1 0 0 0 0 1 0 1 1 0 0 1 1 1 1 0 0 0 1 1 0 0 1 1 0 1 0 0 0 1 0 1 1 0 1 1 1 0 1 0 1 1 0 1 1 0 0 1 0 0 0 1 0 0 0 1 1 1 0 0 1 1 0 0 0 1 1 1 0 0 0 1 1 1 1 0 1 1 1 1 0 0 0 0 1 1 1 1 0 0 0 1 0 0 1 1 0 0 0 0 0 0 1 0 0 1 1 0 0 0 0 1 0 1 1 0 1 0 0 0 0 1 1 1 0 1 1 0 0 0 1 0 0 1 1 1 1 0 0 1 0 1 0 0 1 0 0 0 0 1 1 1 1 1 0 1 0 1 
1 0 1 0 0 0 0 0 1 1 1 0 1 0 1 0 1 1 0 0 1 1 1 0 0 1 0 1 0 1 1 1 1 0 0 0 1 0 1 1 0 1 0 1 0 0 0 1 1 0 1 1 0 1 0 1 0 1 0 1 0 0 0 0 0 0 0 1 0 1 0 0 1 0 1 0 0 0 0 0 0 1 0 0 1 0 1 0 0 1 1 0 0 0 1 1 1 0 1 0 0 0 0 0 1 0 1 0 0 0 1 1 1 0 1 0 0 0 0 1 1 0 1 0 0 0 0 1 1 0 0 0 0 0 1 0 0 1 1 1 1 1 1 1 1 0 0 0 1 1 1 1 0 1 0 0 0 1 0 0 1 0 0 0 1 0 0 
0 0 1 1 0 1 1 1 1 0 0 1 0 0 1 0 1 0 1 0 0 1 1 1 0 0 1 1 0 0 0 0 0 0 0 0 1 1 0 1 1 0 0 0 0 0 1 0 1 1 0 0 0 1 1 1 0 0 1 1 0 0 0 0 1 1 1 1 1 0 0 0 0 0 1 0 0 0 0 1 1 1 0 1 0 1 1 1 0 1 0 1 1 0 1 1 1 0 1 0 1 0 0 0 1 1 0 1 1 0 1 1 1 1 0 0 1 1 0 1 0 1 0 0 1 0 1 0 0 1 1 0 1 0 0 1 0 1 0 0 0 0 0 0 1 0 0 0 0 1 1 0 1 1 0 0 1 0 1 0 1 0 0 1 1 1 1 
1 1 0 0 0 0 1 1 1 0 0 1 1 1 1 1 0 0 1 0 0 0 0 1 1 1 1 0 0 0 0 1 1 0 1 0 1 0 1 1 0 1 1 1 0 1 1 0 0 1 1 1 0 0 1 1 1 0 1 1 1 1 0 1 0 1 1 0 1 1 1 1 0 0 0 0 0 1 1 0 0 0 1 1 1 1 0 0 1 1 0 1 1 1 0 1 0 0 1 0 0 1 0 0 0 0 1 0 1 1 0 0 0 1 0 1 1 0 0 0 0 0 0 1 0 0 1 0 0 0 1 1 1 0 1 1 0 0 0 0 0 1 0 0 1 1 0 1 1 1 1 1 0 0 1 1 1 1 1 1 0 0 1 1 1 0 0 
1 0 1 0 0 1 0 0 0 1 0 1 0 0 0 1 1 1 1 0 1 1 1 0 0 0 0 1 1 1 0 0 0 1 1 1 0 1 1 0 1 0 1 1 1 0 1 1 1 1 1 0 1 0 1 0 0 1 1 1 0 1 0 1 1 0 1 0 0 1 1 1 0 0 1 0 1 0 0 1 1 0 1 0 1 1 0 0 0 0 0 1 0 1 1 0 0 1 1 1 0 1 1 0 0 0 1 1 1 1 1 0 0 0 0 1 1 1 0 0 0 0 1 0 0 0 1 1 0 1 1 0 0 0 0 1 1 1 1 1 1 1 1 0 0 1 0 0 1 1 1 0 0 1 0 1 1 0 1 0 1 1 0 0 1 0 0 
1 0 1 0 1 1 0 1 1 1 1 0 0 0 0 0 1 1 1 0 1 0 0 0 1 1 0 0 1 0 1 0 1 1 1 0 1 0 1 0 0 0 1 0 1 0 1 0 1 1 1 1 1 0 0 1 0 1 1 0 0 1 0 1 1 1 0 0 1 0 0 1 0 0 0 1 1 0 0 0 1 0 1 1 0 1 0 1 0 1 0 1 1 1 0 1 1 0 1 1 1 1 0 0 0 1 0 1 0 0 1 0 1 1 1 0 1 0 0 0 1 0 0 0 0 1 0 0 0 0 0 0 0 0 0 1 1 1 1 0 1 1 0 1 1 1 0 1 0 1 1 1 1 0 0 1 1 1 1 1 0 1 1 1 0 0 1 
1 1 0 0 0 0 1 0 0 0 0 0 0 0 0 0 1 1 1 0 1 1 1 0 0 1 1 1 1 0 1 1 0 1 0 1 1 1 0 0 0 1 0 0 1 1 0 0 1 1 0 0 1 0 1 1 1 0 0 1 1 0 1 1 0 0 0 0 1 1 0 1 0 1 1 1 0 1 1 1 0 0 0 1 0 0 1 0 0 0 1 1 1 1 0 1 0 1 0 0 1 0 0 1 1 1 1 1 0 1 0 0 1 0 0 1 0 1 1 0 1 0 1 0 0 0 1 0 0 1 0 1 0 0 1 0 1 0 0 1 0 0 0 1 1 1 0 0 1 0 1 1 0 1 0 0 1 1 0 0 1 1 1 1 1 1 0 
1 0 0 1 1 1 1 0 0 0 0 0 0 0 0 0 1 1 1 0 1 0 1 1 0 0 0 1 1 1 1 1 0 1 0 0 1 0 1 0 1 1 1 1 1 0 0 0 0 0 0 0 1 1 0 0 0 0 0 1 1 0 0 1 1 0 1 1 0 1 0 0 0 1 1 0 1 0 0 0 0 0 1 0 0 0 1 0 1 1 1 0 1 0 0 0 0 1 0 0 0 0 1 0 0 0 0 1 1 0 1 1 1 0 1 0 0 0 0 0 0 1 1 1 1 0 1 0 1 1 0 1 1 1 1 1 1 1 0 1 0 1 0 1 1 1 0 0 1 0 0 1 1 1 0 0 1 0 1 1 0 0 1 0 1 0 0 
0 1 0 1 1 0 0 0 0 0 0 0 1 1 1 0 1 1 1 1 1 0 1 1 1 0 1 1 1 0 0 0 0 0 0 0 0 0 1 0 0 1 1 0 0 0 1 1 0 1 1 0 1 1 1 0 0 0 0 1 1 1 1 0 1 1 0 1 1 0 0 1 1 1 0 0 1 0 1 0 1 1 0 1 1 1 0 1 1 1 1 1 0 0 0 0 1 0 1 1 0 1 0 0 0 0 1 1 1 1 0 0 1 1 0 1 0 0 0 1 1 1 1 1 1 0 1 0 0 1 0 1 0 1 0 1 0 0 0 0 1 1 1 1 0 1 0 0 1 1 0 0 0 1 0 0 1 1 1 0 0 1 0 1 1 0 0 
1 0 1 0 1 1 0 0 0 0 1 0 0 1 1 1 0 1 1 0 1 0 1 1 1 0 1 0 1 0 0 1 1 1 0 0 0 1 1 1 0 0 0 0 1 1 1 1 0 0 1 0 1 0 1 0 1 1 0 1 0 1 0 0 1 1 0 0 0 0 0 1 1 0 1 1 1 0 0 1 0 0 1 0 0 1 1 0 1 0 0 0 0 1 1 1 0 0 1 0 1 1 1 0 1 0 0 0 1 0 0 1 0 0 1 1 0 0 0 1 0 1 1 1 1 0 1 1 0 0 1 1 0 0 1 0 1 1 1 0 0 1 0 0 1 1 0 1 0 1 0 0 0 1 1 1 0 0 0 1 1 0 0 0 0 1 0 
1 0 1 1 1 0 0 1 0 0 1 0 1 1 1 1 1 0 0 1 1 0 1 0 0 0 1 1 1 0 0 1 0 0 1 0 0 1 1 1 1 1 0 0 0 1 0 1 1 0 1 0 0 0 0 1 1 1 0 1 0 0 0 0 1 1 1 1 0 1 1 0 0 0 1 1 0 1 1 0 0 1 0 1 1 0 1 1 0 0 0 1 0 0 1 1 0 0 0 1 1 1 0 0 1 0 1 0 0 1 0 1 1 1 0 0 0 1 0 0 1 1 1 1 0 1 1 1 0 0 0 0 1 0 1 0 0 0 0 1 0 0 0 1 1 0 0 0 0 0 0 0 1 1 0 1 1 1 0 1 0 1 1 0 0 0 0 
1 0 1 0 1 0 0 1 0 0 1 1 1 1 1 0 0 1 0 0 0 1 0 0 0 0 1 0 1 0 0 0 0 1 0 1 1 0 0 0 1 0 0 1 0 0 0 1 1 0 1 0 1 1 0 0 1 1 1 1 0 0 1 0 0 0 0 0 0 1 1 0 0 1 1 0 1 1 0 0 1 1 0 0 0 0 0 0 1 1 1 1 0 1 1 0 0 0 0 0 0 0 1 1 1 0 0 1 1 1 1 1 1 1 0 0 1 0 0 1 1 0 0 0 1 1 0 0 1 1 0 0 1 0 1 1 0 0 0 0 1 0 0 0 0 0 0 1 0 0 0 1 0 1 1 0 0 0 0 0 1 0 1 1 0 0 0 
1 0 0 0 0 0 0 1 1 1 0 1 0 1 0 1 1 0 0 1 1 0 1 0 0 1 0 1 1 1 0 1 1 0 1 1 1 0 0 0 0 1 1 0 0 0 1 1 0 1 0 1 1 0 0 0 0 0 0 0 1 0 0 0 0 0 0 1 1 1 0 0 1 0 0 1 0 0 0 0 0 1 0 1 1 1 0 0 1 1 0 0 0 0 0 1 0 1 0 1 0 0 0 0 1 0 0 0 1 0 0 0 0 0 0 0 0 1 0 1 1 1 1 0 0 1 1 0 1 0 1 1 0 1 0 1 1 1 0 1 1 0 0 0 0 0 0 0 0 0 1 1 1 1 0 1 0 1 1 0 1 1 1 0 0 1 1 
1 1 0 0 1 1 1 1 0 1 0 1 1 0 1 0 0 0 1 1 0 1 0 0 1 1 0 1 0 0 0 0 1 1 1 1 1 1 1 1 0 1 0 1 1 0 0 1 0 1 1 1 1 1 0 0 1 0 1 1 0 1 1 1 0 1 0 1 1 0 1 1 1 0 0 1 0 0 0 0 1 0 0 0 0 1 0 1 0 0 1 1 0 1 1 1 0 1 1 0 0 0 0 0 1 1 0 1 0 1 0 0 0 0 1 1 1 1 0 0 1 1 1 0 1 1 1 1 0 1 0 1 1 0 1 0 1 1 0 1 1 0 1 1 1 0 1 1 1 0 0 1 0 1 0 1 1 0 0 0 0 1 0 0 1 0 0 
1 1 1 1 0 1 1 0 1 0 0 1 0 0 1 0 1 1 1 1 1 1 0 1 1 1 0 0 1 1 1 1 0 1 0 0 1 1 0 0 1 1 1 1 0 0 1 1 0 1 0 0 1 0 1 0 0 1 0 0 0 1 0 0 0 0 1 1 0 0 1 1 0 1 1 0 0 1 0 1 0 1 1 1 0 1 1 0 1 1 0 1 0 1 1 1 1 0 1 0 0 1 1 0 0 0 0 1 0 1 0 0 0 1 0 1 1 0 0 0 1 0 1 0 1 1 0 1 0 1 0 1 0 0 1 1 0 1 0 0 0 1 1 0 1 1 1 1 1 1 0 0 0 1 1 0 1 1 0 0 0 0 1 0 0 1 1 
1 0 0 0 0 1 0 1 1 0 1 1 0 0 0 0 0 0 0 0 1 0 0 0 0 1 1 1 1 0 0 0 1 1 0 1 1 0 0 0 0 0 1 0 1 1 1 1 0 1 0 1 0 0 0 1 0 1 0 1 1 1 0 0 0 1 1 0 1 1 1 0 1 0 0 0 0 0 0 1 0 1 0 0 1 1 0 1 1 1 0 1 1 1 0 1 0 1 1 0 1 0 0 1 1 0 0 0 0 1 0 0 1 1 0 0 0 0 1 1 0 1 1 1 1 0 0 0 0 1 1 1 0 0 1 0 0 0 0 1 1 1 1 1 0 1 0 1 0 0 0 1 0 1 1 0 0 1 1 1 1 0 1 1 0 0 0 
1 0 1 0 1 1 0 0 0 0 1 0 0 0 0 1 0 1 0 1 1 0 0 1 0 0 1 0 0 0 1 0 0 0 0 1 0 1 0 1 1 0 0 0 0 0 0 1 0 0 0 0 0 0 0 1 1 1 0 1 1 0 0 0 1 0 0 1 0 0 0 1 1 0 0 1 0 0 1 1 0 0 1 0 1 0 1 1 1 0 0 0 1 0 0 1 0 0 0 1 1 0 0 1 1 0 1 0 0 1 1 0 0 0 1 1 1 0 0 0 1 0 0 1 0 0 0 0 1 0 0 1 1 0 1 1 1 1 1 0 0 1 0 1 0 0 1 0 0 1 0 0 1 0 1 1 0 1 1 0 0 1 1 1 1 0 0 
1 1 0 0 1 1 1 1 1 1 1 1 0 0 0 1 1 0 0 1 1 0 0 0 1 1 1 1 0 0 0 0 1 1 0 0 0 1 1 0 0 0 0 1 1 0 1 0 0 1 0 0 0 1 1 1 0 0 1 1 0 0 0 0 1 0 0 1 0 1 0 1 0 0 0 0 0 1 0 1 1 0 0 0 1 0 0 1 1 0 1 1 1 0 0 0 1 0 1 0 0 0 1 1 1 1 0 1 0 1 1 1 1 0 1 1 0 1 1 0 0 0 0 0 0 0 1 0 0 1 1 0 0 1 0 0 0 0 0 1 1 0 1 0 1 0 0 0 0 0 0 1 0 0 0 0 0 0 1 0 1 1 1 1 1 0 1 
1 0 0 1 0 1 1 0 0 1 1 1 0 0 0 0 0 0 1 0 0 1 1 0 0 1 1 0 1 0 0 1 1 1 1 1 0 0 0 1 0 0 1 1 0 1 0 1 0 0 1 0 0 1 1 0 0 1 1 1 1 0 0 1 0 1 0 1 0 0 1 0 0 0 0 1 1 1 1 0 1 1 0 1 1 0 0 0 1 1 0 0 1 1 0 1 1 1 0 1 0 0 0 1 0 1 1 1 1 0 0 0 0 1 0 0 1 0 1 0 0 0 1 1 0 0 0 1 0 1 0 1 0 0 0 1 1 0 1 0 1 1 1 1 0 0 1 1 1 0 0 1 1 0 1 1 0 0 1 1 0 0 0 1 0 1 1 
0 1 1 1 0 1 1 0 1 1 0 0 1 1 0 1 0 1 0 1 0 1 1 1 1 0 0 1 0 1 0 0 0 0 1 1 0 0 0 1 1 1 0 0 0 1 1 0 1 0 1 0 1 1 0 1 0 0 1 0 0 1 0 1 0 1 1 0 0 1 0 0 1 0 1 0 0 0 1 1 0 0 0 0 0 0 0 1 1 0 0 1 1 0 0 0 1 1 1 1 1 1 0 1 0 0 1 0 1 1 1 0 0 0 1 1 0 0 0 1 1 1 0 0 1 1 1 1 1 1 0 0 1 0 0 0 0 1 0 0 1 0 0 1 0 0 0 0 1 0 1 1 1 1 0 1 1 0 0 0 0 1 0 1 0 0 1 
1 0 0 1 0 1 1 1 0 0 1 0 1 1 1 1 1 0 0 1 0 1 1 1 0 0 0 1 1 0 0 1 1 1 1 1 1 1 0 0 0 0 1 1 1 0 0 1 1 1 1 0 1 0 0 1 0 1 1 1 0 1 1 1 0 0 0 0 0 1 0 1 1 1 0 1 1 0 0 1 0 0 0 0 0 0 1 1 1 0 1 0 1 0 0 1 1 0 0 0 1 1 0 0 0 1 1 1 1 0 0 0 0 0 1 1 0 1 1 1 1 1 1 0 1 1 0 0 0 0 1 1 1 1 1 0 1 1 1 1 1 1 1 1 1 1 0 0 1 1 0 0 1 1 1 0 0 1 0 0 1 0 0 1 0 0 0 
1 1 0 0 1 1 1 1 0 0 0 1 1 1 0 1 1 0 0 0 1 0 0 1 0 1 0 0 0 0 0 1 1 0 0 1 0 1 0 0 1 0 0 1 1 1 1 1 0 1 1 1 0 0 1 1 1 1 1 1 0 1 0 0 1 1 1 0 1 0 1 0 0 0 0 1 0 1 0 0 0 0 0 0 0 1 1 1 1 1 1 1 0 1 0 1 1 1 0 0 1 1 0 1 1 1 0 1 1 0 0 0 1 1 1 0 0 0 0 1 0 0 1 0 0 0 0 1 0 1 1 1 0 0 1 0 0 0 0 1 1 0 0 0 0 1 1 0 1 0 0 1 0 1 0 0 0 0 0 0 1 1 0 1 1 0 1 
0 0 1 0 0 0 0 1 0 1 0 1 0 0 1 0 0 0 1 1 1 1 1 1 1 0 0 1 0 0 1 0 1 0 1 0 1 1 0 1 1 0 0 1 0 0 0 1 1 0 1 1 0 0 1 0 0 1 1 0 1 1 0 1 1 0 1 1 0 1 0 1 0 1 0 1 0 0 0 1 0 0 0 0 0 0 0 0 0 0 1 1 0 0 0 1 0 0 1 0 0 0 0 0 1 0 1 0 1 0 0 1 1 1 1 1 1 0 1 1 0 1 0 1 1 0 0 1 0 1 0 1 1 1 0 1 1 1 1 0 0 1 1 0 0 1 0 1 0 1 0 0 1 1 1 1 0 0 0 1 0 0 0 1 1 0 1 
0 0 1 0 0 0 1 1 0 1 1 1 1 0 0 0 0 0 0 0 1 1 0 1 0 1 1 0 0 1 1 0 0 0 1 0 1 1 0 1 0 0 1 0 0 1 0 1 0 1 1 1 0 0 1 0 1 1 1 0 0 0 1 0 1 1 0 0 0 1 0 1 0 1 0 0 1 1 1 1 0 0 0 0 0 1 1 0 0 1 0 0 0 0 0 1 0 1 0 0 0 1 1 1 0 0 0 0 0 0 0 0 1 1 1 1 1 1 1 0 1 1 1 1 1 1 1 0 0 0 0 1 1 0 0 1 0 0 1 0 0 1 0 0 1 0 1 1 1 0 0 0 0 0 0 1 1 1 0 1 0 1 0 1 1 1 1 
1 1 1 1 0 0 0 0 1 1 0 1 0 0 1 0 0 1 1 1 0 0 1 1 1 0 0 1 0 0 1 1 1 1 0 1 1 1 0 0 1 0 0 0 1 0 1 1 1 0 1 1 0 0 1 0 0 0 0 0 0 1 0 1 1 1 1 0 0 1 1 0 0 1 1 1 1 0 0 0 0 0 1 0 1 0 0 0 1 1 0 1 0 0 0 1 0 1 0 1 1 0 1 0 1 1 1 0 1 0 1 0 1 1 0 1 0 0 1 1 0 1 1 0 0 0 1 0 0 0 1 0 0 0 1 0 1 1 1 1 1 1 1 1 1 1 0 1 0 0 0 1 1 0 1 1 0 1 0 0 1 1 1 1 1 0 1 
1 0 0 1 0 1 1 0 0 0 0 1 0 1 0 1 1 0 0 1 1 0 0 0 1 1 0 0 1 1 0 0 1 0 1 1 0 1 0 0 1 1 0 0 1 0 1 1 1 1 1 1 0 1 1 0 0 0 0 0 0 1 1 1 0 0 0 1 1 0 1 1 0 0 0 1 0 1 0 0 0 1 1 0 1 0 0 0 1 1 0 0 1 0 0 0 1 1 1 1 1 1 0 0 0 1 0 0 1 1 0 0 1 1 0 0 0 1 0 1 0 0 0 1 0 0 0 1 1 0 1 0 1 0 1 1 1 0 0 0 1 1 0 1 1 0 1 1 1 0 0 0 0 1 0 1 0 1 0 0 0 1 1 1 1 1 0 
1 0 0 0 0 1 1 1 0 1 0 1 0 1 0 1 0 1 1 1 0 1 1 0 1 0 1 1 0 1 0 1 1 1 0 1 1 0 0 1 1 1 0 0 1 1 1 1 0 0 1 0 1 1 0 0 0 0 1 1 1 1 0 1 0 0 1 0 0 1 0 1 0 0 1 0 1 1 1 0 1 1 1 0 0 0 0 0 1 0 0 0 1 0 1 1 1 0 1 1 0 1 1 1 1 1 1 0 1 1 0 1 1 1 1 1 0 1 0 1 1 0 1 0 0 0 0 1 0 1 1 0 0 1 1 0 0 0 1 1 1 0 1 0 0 1 0 1 1 1 1 0 1 1 1 0 1 0 0 1 1 0 1 0 0 0 1 
0 1 0 1 1 1 1 1 0 0 0 0 1 0 1 1 1 1 0 1 1 0 1 1 1 0 0 1 0 0 1 1 1 1 0 0 0 1 0 1 0 1 0 1 1 1 1 0 1 1 1 0 1 1 0 0 0 0 0 1 0 1 0 0 1 0 0 0 1 1 1 0 1 1 0 1 1 1 1 1 1 1 1 0 0 1 1 1 0 1 0 0 0 0 1 1 0 0 1 1 0 1 0 0 1 0 1 1 1 0 0 0 0 0 1 0 1 1 0 0 1 1 0 0 1 0 0 0 0 1 1 1 0 1 0 1 1 1 1 1 1 0 0 0 1 1 0 1 1 1 0 1 1 1 0 1 0 0 0 0 1 0 1 0 0 0 0 
1 0 0 1 0 1 1 1 0 1 0 0 1 1 1 0 1 1 1 0 1 0 0 0 0 1 1 1 0 1 1 1 1 1 0 1 1 0 1 0 1 1 1 0 0 0 1 1 1 1 0 1 1 1 1 0 1 0 0 0 1 0 1 1 1 0 1 0 1 1 0 0 1 1 0 1 1 0 0 1 0 0 1 0 1 1 1 0 1 0 1 0 1 0 0 1 1 0 1 1 1 1 0 0 1 1 1 1 1 1 1 0 0 0 1 0 0 1 1 0 0 0 0 1 1 1 0 0 0 0 1 0 1 1 0 0 1 1 1 1 0 1 1 1 1 0 1 1 0 1 0 1 1 0 1 0 0 1 0 1 1 0 0 0 1 0 1 
0 1 0 1 1 1 1 0 1 0 1 0 1 1 0 0 1 1 0 1 1 0 0 0 1 1 0 1 1 1 0 0 1 1 0 1 1 0 0 1 1 0 0 1 0 0 0 0 1 1 0 0 1 1 1 0 0 1 1 1 0 0 1 0 0 0 0 1 1 1 0 0 1 0 1 0 0 0 1 0 0 1 1 1 0 0 0 0 0 1 0 1 1 0 0 0 0 0 0 0 1 0 0 0 1 1 0 1 1 1 0 1 0 1 1 1 1 1 1 1 0 0 1 1 1 1 1 1 1 0 0 1 0 1 1 1 1 1 0 1 0 0 0 0 1 1 1 1 0 1 0 1 1 0 0 0 0 1 0 0 1 1 1 1 0 0 0 
1 1 1 0 0 0 1 0 0 0 0 1 0 0 0 0 1 0 1 0 1 0 0 1 0 0 0 0 0 1 0 0 0 1 0 1 0 0 0 0 0 0 0 1 1 1 0 1 0 0 0 0 0 1 0 1 0 1 1 1 0 0 0 1 1 1 1 1 0 1 0 1 1 0 1 1 1 0 1 0 1 0 1 1 0 1 0 0 0 0 1 0 0 1 1 0 0 1 1 1 0 0 1 1 1 1 0 1 0 0 1 0 1 0 0 1 0 0 1 0 1 1 1 1 1 1 0 1 1 0 0 1 0 1 1 0 1 0 1 1 0 1 1 1 0 0 0 0 0 1 0 1 0 0 0 1 1 1 1 0 0 1 1 1 0 0 0 
0 0 0 0 1 0 1 1 0 0 0 0 0 1 1 1 1 1 0 0 1 0 1 1 1 1 0 0 1 1 0 1 0 0 0 1 1 0 1 1 1 1 0 0 0 1 0 1 1 1 1 0 1 0 1 0 0 1 0 0 0 0 0 1 1 0 1 1 1 0 0 0 0 0 0 0 1 1 1 1 1 1 0 0 0 0 1 1 0 1 1 0 0 1 0 0 1 0 1 1 1 1 1 1 0 0 0 0 0 0 0 1 0 0 0 1 0 1 1 0 1 1 1 0 1 1 0 0 0 0 0 0 0 0 1 0 0 1 1 0 1 1 1 0 1 0 1 1 1 1 1 1 1 1 1 1 1 0 1 0 0 1 0 1 0 0 0 
1 0 1 0 1 1 0 0 0 1 1 0 1 1 1 0 0 0 0 0 0 0 0 0 1 1 0 1 0 1 0 0 1 1 0 1 0 0 0 0 0 0 1 0 1 1 1 0 0 1 1 1 0 1 1 1 1 1 1 1 1 1 0 0 1 1 1 1 0 0 1 0 1 0 1 1 1 0 0 1 0 0 1 0 0 0 0 0 0 0 0 1 1 0 0 1 1 1 0 0 0 0 1 1 0 0 0 1 1 1 0 1 1 0 0 0 0 0 0 0 0 1 1 1 0 1 1 0 1 0 1 1 1 0 0 1 0 1 0 1 1 0 0 1 0 0 1 0 0 1 1 0 1 0 0 0 0 0 0 0 1 0 0 1 0 1 0 
1 1 0 1 1 1 1 0 0 0 0 1 1 1 0 0 1 1 1 0 0 0 1 1 0 1 1 0 1 0 0 1 1 1 1 0 1 1 1 0 0 0 1 0 0 1 0 1 1 0 1 1 1 1 0 1 1 1 0 0 1 1 1 1 0 1 0 0 0 0 1 1 1 0 1 1 0 0 0 0 0 0 0 0 0 0 0 1 1 0 0 1 0 0 0 0 0 1 0 0 0 1 1 1 0 1 1 1 1 1 1 0 0 1 1 0 0 0 1 0 1 1 1 1 1 1 1 0 1 0 1 0 1 1 1 0 1 0 1 1 0 1 0 0 0 1 1 1 1 1 0 1 1 1 1 1 1 1 1 1 1 1 1 1 1 1 1 
0 0 0 0 0 0 1 1 1 1 0 0 0 0 0 0 0 0 0 0 1 1 1 1 1 1 0 0 0 1 1 1 0 1 1 1 0 0 1 0 1 0 0 1 1 0 0 1 1 0 1 1 1 0 1 1 0 1 1 0 1 1 1 1 1 0 1 1 0 0 1 1 0 1 1 1 1 1 0 1 0 1 1 1 1 1 0 1 1 1 0 0 0 1 0 0 1 0 1 1 0 0 0 0 0 1 0 1 1 0 0 1 0 0 0 1 1 0 0 0 0 0 1 1 0 0 1 0 0 1 1 0 1 1 0 1 0 0 1 0 1 1 0 1 0 1 0 0 0 0 1 0 1 0 0 1 0 0 1 0 0 0 1 0 0 0 1 
1 1 1 0 0 1 1 0 1 1 1 0 1 1 0 0 1 0 1 1 1 0 1 0 1 0 1 1 1 1 0 1 0 1 0 0 0 0 0 1 1 1 0 0 0 0 1 1 0 0 0 0 0 0 0 1 0 0 1 1 1 1 1 1 0 0 1 0 0 1 0 0 0 0 0 1 0 0 1 1 1 1 1 0 0 0 1 1 0 1 0 0 1 1 0 1 0 1 0 1 0 1 0 1 0 0 0 1 1 1 1 0 0 1 0 0 0 1 1 1 0 0 1 0 1 1 0 0 0 1 0 1 1 1 1 1 1 0 0 0 1 0 0 1 0 0 0 0 1 1 1 0 0 0 1 1 0 1 0 1 0 1 0 1 0 0 0 
0 1 1 0 1 1 1 1 0 1 1 0 1 0 1 0 1 1 1 1 0 0 0 1 1 1 0 0 0 1 1 1 1 1 1 1 0 1 0 1 0 1 1 1 0 1 0 0 0 1 0 0 1 0 0 1 1 1 0 1 1 0 0 0 0 1 0 1 1 0 0 0 0 1 1 0 1 0 0 1 1 0 1 0 1 1 1 0 0 0 0 1 0 1 1 0 1 0 0 0 1 1 0 0 0 0 1 1 1 0 0 1 1 1 1 0 0 1 1 0 0 0 1 0 1 0 0 1 1 1 1 0 1 0 1 0 0 0 1 0 0 0 1 0 0 0 0 0 0 1 1 1 1 1 1 1 1 0 0 0 1 1 0 0 1 0 0 
0 0 0 1 1 1 0 0 1 0 0 0 1 1 1 1 1 0 0 0 0 0 1 0 0 1 0 1 1 1 1 1 1 0 0 0 1 1 1 0 1 1 1 1 0 1 0 0 0 1 1 0 1 1 1 0 1 1 0 1 0 0 1 1 1 1 1 0 0 1 1 0 0 0 1 1 1 0 1 0 1 0 0 1 0 0 1 1 1 1 0 1 1 0 0 1 0 0 0 1 1 0 0 1 0 0 1 0 0 1 0 1 1 0 1 1 0 0 1 1 1 1 1 1 0 1 1 1 0 0 0 1 0 0 1 1 0 1 1 1 0 0 0 1 1 1 1 0 0 1 1 0 0 1 0 0 1 1 1 0 0 1 0 1 1 1 0 
1 1 0 0 1 0 0 1 0 1 0 1 0 0 0 0 1 1 0 1 1 1 1 1 1 1 1 1 0 0 0 0 1 0 0 0 1 1 0 0 0 0 1 0 1 0 1 0 0 0 1 0 1 1 1 0 0 0 0 0 1 0 0 0 0 1 1 0 0 1 0 1 0 1 0 0 0 1 0 1 1 0 0 0 0 1 1 1 1 1 0 1 1 0 0 1 1 0 1 0 1 0 1 1 1 1 1 1 1 0 0 0 1 0 0 1 1 0 0 1 0 0 1 1 0 0 0 0 1 1 0 0 0 1 1 1 1 0 1 0 0 0 1 0 0 1 0 1 1 1 1 0 1 0 1 0 1 1 0 0 0 1 1 0 0 1 0 
0 1 0 1 1 0 0 0 1 1 0 0 1 1 1 1 0 1 1 0 0 0 0 0 0 1 1 1 0 0 0 0 1 0 0 0 0 0 1 0 0 0 1 1 1 0 1 1 0 0 1 1 1 1 0 0 0 1 1 0 1 1 0 1 0 0 1 1 0 0 1 1 0 0 0 0 1 1 0 0 1 1 1 0 0 1 1 0 0 1 1 0 1 0 0 0 0 1 1 1 0 1 0 0 1 1 1 1 0 1 0 1 1 1 1 1 1 0 0 1 1 1 0 1 0 0 1 0 1 0 1 0 1 1 0 1 1 0 1 0 0 0 0 1 0 1 1 0 0 1 1 1 1 0 1 1 0 0 0 1 1 1 0 1 1 0 0 
0 0 1 0 1 0 0 1 1 1 1 1 1 0 0 0 0 0 0 0 0 0 0 0 0 0 1 1 1 1 1 1 1 1 0 1 1 0 1 1 0 1 1 1 0 0 1 1 1 1 0 0 0 1 1 1 1 1 1 1 1 0 0 0 1 1 1 0 0 1 1 1 0 0 0 1 0 0 0 0 1 1 1 0 1 0 1 1 1 1 0 0 1 0 1 0 1 1 0 0 1 0 0 1 0 1 1 1 1 0 1 0 1 0 0 0 1 0 1 0 1 1 0 1 1 0 0 1 0 0 0 1 1 0 0 1 1 0 0 1 0 0 1 1 1 1 1 1 0 0 1 1 1 0 0 1 0 0 0 1 0 1 0 0 0 1 0 
0 1 0 0 1 0 0 1 1 0 1 1 1 1 0 0 0 1 0 1 1 1 1 0 1 0 1 1 1 1 0 0 0 1 0 0 1 0 0 1 1 0 0 1 0 1 0 1 0 1 1 1 0 0 0 0 0 0 0 1 0 0 0 0 0 1 0 0 1 0 1 0 1 0 0 1 0 0 1 0 0 0 0 0 1 1 0 1 0 0 0 1 1 1 1 0 0 0 0 1 0 0 0 1 1 1 1 0 1 0 1 0 1 1 0 0 1 1 0 1 0 1 1 0 0 0 1 0 1 1 0 1 0 1 1 1 0 1 0 0 0 1 0 1 1 0 1 0 0 0 0 0 0 1 1 1 1 0 1 1 1 1 0 1 0 1 1 
0 1 1 1 0 1 0 0 1 0 0 0 1 0 1 0 1 1 0 1 1 0 0 1 0 1 1 0 0 0 0 0 0 0 1 1 1 1 1 0 1 0 1 1 1 0 1 1 0 1 1 1 0 0 0 1 0 0 1 1 1 1 0 0 0 0 0 1 0 0 0 0 1 0 0 0 1 1 1 1 1 0 1 0 1 0 0 1 0 0 0 1 1 1 1 0 1 0 1 1 0 1 1 0 0 1 0 1 1 0 0 0 1 0 1 0 1 1 0 1 0 1 1 0 0 1 0 0 0 1 0 0 0 1 1 1 1 1 1 0 0 0 0 0 1 0 0 0 1 1 1 0 1 0 0 1 0 0 0 0 1 0 1 1 1 1 1 
0 1 1 1 1 1 1 0 1 1 0 0 1 1 1 1 1 1 1 1 0 1 0 1 1 1 0 1 1 0 1 0 1 1 0 1 0 0 1 1 1 0 1 1 0 1 1 1 1 0 0 0 1 0 0 1 0 0 0 1 0 1 1 1 0 0 0 1 0 0 1 1 1 1 1 0 1 1 1 0 0 0 1 1 0 1 0 1 1 1 1 1 0 0 0 0 0 0 0 1 1 0 1 0 0 0 0 1 0 0 1 0 0 0 1 1 0 1 1 0 1 1 0 0 1 0 0 1 1 0 1 1 0 1 0 0 1 1 1 1 0 1 0 0 0 0 1 0 0 1 1 0 0 1 0 0 1 1 0 1 0 0 1 1 0 0 1 
0 0 0 0 0 0 1 0 1 0 1 1 1 1 1 1 1 0 0 1 0 0 0 0 1 0 0 0 1 1 1 1 1 1 0 1 1 0 0 0 1 1 0 0 0 0 0 1 1 0 1 0 0 0 0 0 0 0 0 0 1 0 0 1 0 0 1 1 0 0 0 0 0 0 1 0 0 0 1 1 0 1 1 0 0 1 1 1 0 1 1 1 0 0 1 1 0 0 0 1 1 1 1 1 0 0 0 1 1 0 0 1 1 0 0 0 1 0 0 1 0 1 1 0 0 0 0 1 0 0 1 1 1 0 0 1 0 1 0 1 0 1 1 0 1 1 0 0 1 1 1 0 0 1 0 1 1 1 1 0 0 0 1 0 0 0 1 
1 1 0 1 1 1 1 1 0 1 1 1 1 0 0 0 1 1 1 1 0 0 1 0 0 0 0 1 0 1 0 0 0 1 1 1 0 0 0 1 0 0 1 1 1 0 1 0 1 1 1 0 1 0 1 0 0 0 0 0 0 0 1 0 1 1 0 1 0 1 0 1 0 0 0 0 0 1 0 1 1 1 0 1 0 1 0 1 1 1 0 0 0 0 1 0 0 1 1 1 1 1 1 0 0 0 0 1 1 1 0 1 1 0 0 1 1 1 1 1 1 0 0 1 1 1 0 1 1 0 0 1 1 1 1 1 1 1 1 1 1 1 0 1 1 0 0 1 0 0 0 0 1 0 0 1 1 1 1 0 0 0 1 1 0 0 1 
1 0 1 1 1 1 1 0 1 1 1 0 1 0 1 0 0 0 1 0 0 0 1 0 1 0 1 1 1 0 1 1 1 1 1 1 0 0 1 0 1 0 0 1 1 1 0 1 1 1 0 0 0 0 1 1 1 0 0 0 1 0 0 1 0 1 1 1 1 1 0 0 1 0 1 1 0 0 1 1 0 1 1 0 0 0 0 0 1 1 1 1 0 1 1 1 1 1 0 1 1 1 0 1 1 1 1 0 1 1 0 0 1 1 1 1 1 1 0 0 0 0 0 0 1 1 0 0 0 1 0 1 0 1 0 1 1 0 1 0 0 0 0 1 1 1 0 1 1 0 0 0 1 1 1 1 1 1 0 1 1 1 0 0 0 1 0 
1 1 1 1 1 1 0 0 0 1 1 0 0 1 0 1 1 1 0 0 1 1 1 0 1 1 1 1 1 0 1 0 1 0 1 1 1 1 0 1 1 0 0 0 1 1 0 0 0 0 1 0 1 1 0 1 1 1 0 1 1 0 0 1 1 1 0 0 1 1 1 0 1 1 0 0 0 0 0 1 1 1 1 1 0 1 1 1 1 1 1 0 0 1 1 1 1 1 0 1 0 1 1 1 0 1 1 1 0 1 0 0 0 0 0 0 0 1 0 1 0 0 0 1 0 1 1 1 1 1 0 0 0 1 1 1 1 0 0 1 1 1 0 1 1 1 0 0 0 0 1 1 1 1 0 0 1 0 1 1 1 0 0 0 1 0 1 
1 0 0 0 0 0 1 1 0 0 1 1 0 1 0 0 1 0 1 0 0 0 0 0 1 0 0 0 0 0 0 0 1 1 1 1 0 0 0 1 1 1 1 0 1 1 0 1 0 1 0 0 1 0 1 0 0 0 1 1 0 0 0 0 1 1 0 1 0 1 0 1 1 0 1 1 1 1 1 0 1 0 0 0 0 0 1 1 0 1 1 0 0 1 1 0 1 0 1 0 1 0 0 0 0 0 1 1 1 0 1 1 0 1 0 0 0 0 1 1 0 0 1 0 1 1 1 0 0 0 0 0 1 0 1 0 1 1 0 0 1 1 1 1 0 1 0 1 1 0 1 1 1 1 1 1 1 1 0 0 1 0 0 0 1 1 0 
0 1 1 0 0 1 0 0 0 1 1 1 1 0 1 1 1 1 0 1 0 0 1 0 1 0 1 1 0 0 0 1 1 0 0 0 1 1 0 0 0 1 1 1 1 1 1 1 0 1 1 1 0 0 0 0 0 0 0 0 1 0 1 1 0 1 1 0 1 0 0 0 1 0 0 0 0 1 1 0 1 0 0 0 0 1 0 0 0 1 0 1 0 0 1 0 1 0 0 0 0 1 1 0 1 0 0 0 0 1 0 1 1 0 1 1 1 0 0 0 0 1 0 0 1 0 1 1 0 1 0 1 0 0 0 1 1 1 1 1 1 1 0 1 1 1 0 0 1 1 0 0 1 1 0 0 0 1 1 1 1 0 0 1 1 1 1 
1 0 1 1 0 0 0 1 0 0 0 1 0 0 0 0 0 0 1 1 0 0 1 1 0 0 1 1 0 0 0 1 0 0 0 1 0 0 0 0 1 0 1 1 1 1 1 1 0 1 0 1 0 1 1 0 0 0 0 1 0 1 1 1 0 0 0 0 1 0 1 1 1 0 0 0 0 0 1 0 0 0 0 1 0 0 0 1 0 0 1 0 1 1 0 1 0 1 1 0 1 0 0 0 0 1 1 0 0 1 1 0 1 0 1 0 1 0 0 1 1 1 1 1 0 0 1 1 0 1 1 0 0 1 1 1 0 1 0 1 0 1 0 1 1 0 1 1 1 0 1 0 1 1 0 1 0 0 1 1 0 0 0 0 1 1 0 
1 1 0 0 0 0 0 0 0 0 0 1 1 0 0 1 1 1 1 0 0 1 1 0 0 0 0 1 0 0 1 1 1 1 1 0 1 0 1 0 1 0 1 1 0 0 0 1 1 0 1 0 1 0 0 1 0 0 0 1 1 0 1 1 0 0 1 1 1 1 0 1 1 0 0 0 1 0 1 0 0 0 1 1 1 1 1 1 0 0 0 1 0 1 0 0 0 1 1 1 1 1 1 1 0 1 1 1 0 0 1 1 0 0 1 1 1 1 0 0 0 0 1 0 0 1 0 0 0 1 0 1 0 0 1 0 0 1 0 1 0 0 1 0 1 0 0 0 1 1 0 1 1 0 1 0 0 1 0 1 0 0 0 1 0 0 1 
1 0 1 1 1 1 0 1 0 0 1 1 0 1 0 1 1 0 1 0 0 1 1 0 0 1 1 1 0 0 1 0 0 1 0 1 0 0 0 0 1 1 1 1 0 0 1 0 1 0 1 1 0 1 0 1 1 0 1 1 0 0 0 1 1 0 1 0 0 1 0 1 1 0 0 1 1 0 0 1 0 0 1 1 1 1 1 1 0 0 1 0 0 0 1 0 1 1 0 0 1 0 1 0 0 0 0 1 0 1 0 0 0 0 1 0 1 1 0 0 1 0 1 1 1 1 0 0 1 0 1 0 0 1 0 1 0 1 1 1 1 1 0 0 1 0 1 1 0 1 1 0 1 1 0 1 1 0 1 0 0 1 1 1 0 1 0 
1 1 0 1 1 1 0 0 0 1 0 1 1 1 0 1 1 1 0 0 0 0 0 1 0 1 0 1 1 0 1 0 0 0 1 0 0 0 1 0 0 1 1 0 0 1 0 0 1 1 1 1 0 0 1 0 0 1 1 0 0 1 1 0 0 0 1 0 1 0 1 0 0 0 1 0 0 1 1 0 1 1 1 1 1 0 0 1 1 1 1 0 0 0 1 0 0 1 1 0 1 0 0 1 1 0 0 1 0 0 1 1 1 1 0 1 1 0 1 0 0 0 1 1 1 0 0 1 1 1 1 0 1 1 0 0 0 0 1 0 0 1 1 1 0 0 0 0 1 0 1 1 1 1 0 1 1 1 1 0 0 1 0 0 0 0 0 
0 1 1 1 0 0 0 0 0 0 1 1 0 0 0 0 1 0 0 0 1 0 1 0 1 0 0 1 0 1 0 1 0 0 0 1 0 0 0 1 1 0 1 0 0 0 0 1 0 0 0 1 0 1 0 0 0 1 1 1 1 1 0 0 1 1 0 1 0 1 1 0 0 0 1 1 0 1 1 0 1 1 0 1 1 1 0 1 0 0 1 1 1 0 0 1 0 0 1 1 1 0 0 0 1 0 1 1 0 0 1 0 1 0 1 0 1 1 0 1 0 1 1 0 0 0 1 0 0 0 0 0 1 0 1 1 0 1 1 0 1 1 1 0 0 1 0 1 1 0 0 0 1 1 0 1 1 0 1 0 1 1 0 1 0 0 1 
0 1 1 0 0 1 0 1 1 1 0 0 0 0 1 1 1 1 0 1 0 1 0 0 0 0 1 0 0 1 0 1 1 1 1 1 1 0 0 0 0 0 0 1 1 0 1 1 0 1 1 0 0 0 0 1 1 1 0 1 0 0 0 1 1 1 1 0 0 0 0 0 1 0 1 1 0 1 0 1 0 0 0 1 1 0 0 0 1 0 1 0 0 0 0 1 0 0 0 1 1 1 1 1 0 1 1 1 0 0 1 1 1 1 1 1 0 0 0 0 1 1 1 1 0 1 1 1 0 0 0 1 0 1 1 0 0 0 0 1 1 1 0 1 0 1 1 1 0 1 0 1 1 0 1 0 1 0 1 0 1 1 1 0 1 0 0 
1 1 0 0 0 1 0 1 1 0 0 0 0 0 0 0 0 0 1 0 1 1 0 0 0 0 1 1 1 1 1 0 0 1 0 1 1 0 1 0 1 1 0 1 1 0 0 0 1 0 0 0 1 1 0 0 0 0 1 0 0 0 0 1 0 1 0 1 0 0 0 1 0 1 1 0 0 0 1 0 0 1 0 0 1 0 1 1 1 1 1 0 1 0 0 0 1 1 0 0 0 0 1 1 1 0 1 1 1 0 0 0 1 1 0 1 0 0 0 0 0 0 1 1 0 0 1 1 1 1 1 1 1 0 1 0 1 0 0 0 0 1 1 1 0 0 1 1 1 1 0 0 1 0 0 1 0 1 0 0 1 1 1 1 0 1 1 
1 0 0 1 1 0 1 1 0 1 1 1 1 0 0 1 1 1 1 1 1 0 1 0 1 1 0 0 1 0 1 0 0 0 1 0 1 0 0 1 1 1 0 1 0 1 0 1 0 1 1 1 0 1 1 1 1 0 0 1 0 0 0 0 0 0 0 1 0 0 0 0 0 0 0 0 1 0 1 1 0 1 0 1 1 1 0 0 0 1 1 1 1 0 1 0 1 1 1 0 0 1 0 0 1 0 1 0 0 1 0 0 0 0 1 0 0 0 0 1 0 1 1 1 0 1 1 1 0 0 0 0 0 0 1 0 0 1 0 0 0 0 0 1 0 0 0 1 0 0 1 0 1 0 1 1 0 1 1 0 0 1 1 0 1 0 1 
0 0 1 1 1 1 0 0 1 1 0 1 1 0 0 0 1 0 1 1 0 1 0 1 1 1 1 0 0 0 0 0 0 0 1 1 0 0 1 1 0 1 0 0 1 0 1 0 0 1 1 1 0 0 1 0 0 0 1 0 1 0 1 1 0 0 0 0 0 1 1 0 1 1 0 0 1 0 0 0 1 1 1 1 0 1 1 1 0 0 1 0 0 0 0 0 1 0 1 1 1 0 1 1 0 1 1 0 1 1 0 1 0 0 0 1 0 0 1 0 1 1 0 1 0 1 0 0 0 0 1 0 0 0 1 0 1 0 0 0 0 0 0 0 0 1 0 1 1 1 0 0 0 0 0 0 1 0 1 1 1 0 1 0 1 0 1 
1 1 1 0 1 1 1 0 1 1 1 0 0 1 0 0 1 1 1 1 0 0 0 1 1 0 0 1 0 1 1 0 0 0 0 1 0 0 0 1 1 1 1 0 1 0 1 0 1 1 1 0 1 1 0 1 0 1 1 1 0 1 1 0 0 0 1 1 0 1 0 1 1 1 1 1 0 1 0 0 1 1 0 0 1 0 0 1 1 0 0 1 1 0 1 0 0 0 1 0 1 1 0 0 1 0 1 0 0 0 0 1 0 1 0 0 1 0 0 1 0 1 1 1 0 1 1 0 0 0 1 0 1 0 1 1 0 1 0 1 0 1 0 0 0 1 0 1 1 0 1 0 1 0 1 0 1 0 1 1 0 0 0 1 1 0 0 
1 1 0 0 1 0 1 1 0 0 0 1 1 0 0 0 1 1 1 1 0 1 0 0 0 0 0 0 1 0 0 1 0 1 0 0 1 1 1 0 0 0 1 1 0 1 1 0 1 0 0 1 0 0 1 1 0 1 0 0 1 0 0 1 0 0 0 0 1 1 1 1 0 1 1 0 1 0 0 0 1 1 0 1 1 1 0 0 1 0 0 1 1 1 1 0 0 0 1 0 1 1 1 1 1 1 0 0 0 0 1 1 0 0 0 1 1 0 1 1 1 0 0 0 0 1 1 0 0 1 0 1 1 1 1 0 0 0 1 1 0 1 1 1 1 1 0 1 1 0 1 0 0 1 0 0 0 1 1 1 1 0 0 0 1 1 0 
1 0 0 1 1 1 0 0 1 0 1 1 1 0 1 0 1 1 1 1 1 1 0 1 0 0 1 0 1 1 0 1 1 1 1 1 0 1 1 1 1 1 0 0 1 0 0 1 1 0 1 1 0 1 0 1 0 1 0 1 0 1 1 0 0 1 0 1 1 1 1 1 0 1 1 1 1 0 0 1 0 1 1 0 1 1 0 1 0 0 1 1 1 1 1 1 1 1 1 1 0 0 1 1 0 1 0 0 0 1 0 1 1 1 1 1 1 1 1 0 1 0 0 0 1 0 1 1 1 0 0 0 0 1 0 1 0 1 1 1 1 1 1 0 0 0 0 1 0 1 0 1 0 1 0 1 1 0 0 1 0 1 0 1 1 1 1 
1 1 0 0 1 0 0 1 1 0 0 0 1 1 0 0 0 0 0 1 1 0 0 1 1 1 1 0 1 1 1 1 0 0 1 0 0 0 1 1 1 0 0 1 0 0 1 1 1 0 1 0 1 1 1 0 1 1 0 1 1 1 0 0 1 0 0 0 1 1 1 1 0 0 0 0 1 1 0 1 0 0 0 1 1 0 1 0 0 1 1 1 0 1 1 1 0 0 1 1 1 1 0 0 0 0 1 0 1 0 0 1 0 1 1 0 1 1 1 1 1 0 0 0 1 0 0 1 1 1 1 1 0 0 0 0 1 0 0 1 0 0 1 1 0 1 0 1 1 1 0 0 0 1 1 1 0 1 0 0 1 1 0 1 0 1 1 
0 0 0 0 0 1 0 1 1 1 1 1 1 0 0 0 1 1 0 0 1 0 1 0 1 0 0 1 1 1 0 1 1 0 1 0 1 0 0 1 1 0 1 0 0 0 1 0 0 1 1 1 0 0 0 1 0 0 0 0 1 0 0 1 0 0 0 0 1 1 1 0 1 0 1 1 1 0 0 0 1 1 0 1 1 0 0 0 1 1 1 1 1 0 1 0 1 1 0 0 0 1 0 0 1 0 1 1 0 1 1 0 0 1 1 0 0 0 0 0 0 0 1 1 0 1 0 1 1 1 1 0 1 0 1 0 0 0 0 0 1 0 1 0 1 0 0 0 1 1 0 1 1 0 1 1 0 0 1 1 0 1 0 1 1 0 0 
1 0 0 0 1 0 0 0 1 1 0 0 0 0 0 1 1 1 1 1 1 1 0 1 1 0 0 1 0 1 1 1 1 0 0 1 0 1 1 1 0 0 0 1 1 0 1 1 0 1 0 1 1 0 0 0 1 1 1 1 1 1 0 0 0 0 1 0 0 0 0 1 1 1 1 1 0 0 0 0 1 1 0 0 1 0 0 0 0 1 1 1 1 1 1 0 1 0 1 0 0 0 0 1 0 0 1 1 1 1 0 0 1 1 0 0 1 0 1 1 1 1 0 0 1 0 1 1 1 1 0 1 1 0 0 0 0 1 0 1 0 1 1 0 1 0 0 1 1 0 0 0 1 1 1 1 0 1 1 1 1 0 1 1 1 1 1 
1 1 1 1 0 1 0 0 1 1 0 0 0 0 0 0 0 0 0 1 0 1 0 0 0 1 0 0 0 1 1 0 0 1 0 1 0 0 0 1 1 0 1 1 1 1 1 0 1 1 0 1 0 0 0 0 0 1 1 1 1 0 0 1 1 1 0 1 1 1 1 1 0 1 1 0 0 0 1 0 1 0 0 0 1 1 0 0 0 0 1 0 0 1 1 1 0 0 1 0 1 0 1 0 0 0 0 0 1 1 1 1 0 0 0 1 1 1 1 0 1 1 1 0 0 1 0 0 0 1 0 1 0 1 0 1 0 1 0 1 0 0 0 0 1 0 1 1 0 1 0 0 0 0 0 1 1 1 1 0 0 0 1 0 0 1 0 
0 1 1 0 1 0 1 0 0 1 0 1 0 1 0 1 0 0 0 0 1 1 1 1 0 0 0 0 0 1 0 1 1 0 0 0 0 0 0 1 1 0 1 1 0 1 0 1 1 1 1 1 0 1 1 0 1 0 1 1 1 0 1 0 0 1 0 0 0 0 1 1 0 0 1 1 0 0 0 1 1 0 1 1 0 0 1 1 0 0 1 1 0 0 0 0 0 1 1 0 0 1 0 0 1 1 1 0 1 0 1 1 0 0 1 0 1 1 1 0 0 0 1 1 1 1 0 0 1 1 1 1 1 1 0 1 1 1 1 0 0 1 0 1 1 0 0 1 0 0 0 1 0 0 1 1 0 0 0 1 1 0 1 0 1 0 1 
0 1 1 0 0 1 0 0 1 0 1 1 1 1 1 0 0 0 1 0 1 0 1 0 1 1 1 1 0 0 0 1 1 1 1 1 0 1 1 1 0 1 1 0 1 1 1 0 0 0 1 1 1 0 1 1 0 0 0 1 0 0 1 0 0 0 0 0 1 0 0 0 1 1 0 0 0 1 0 0 1 0 0 0 0 0 1 0 0 0 1 1 0 1 1 0 0 1 0 1 1 0 1 0 1 0 1 0 1 0 0 0 0 1 1 0 0 1 0 0 0 0 1 1 1 1 0 1 0 1 0 1 0 1 1 0 0 0 1 0 0 1 1 1 0 1 0 1 1 1 0 1 0 1 1 0 1 1 0 1 0 1 0 0 1 1 0 
0 0 0 1 0 0 0 0 1 1 0 1 0 0 1 0 0 1 0 1 0 0 1 0 0 1 1 1 0 1 1 0 0 0 0 1 0 1 0 1 0 1 1 0 1 0 1 0 1 0 0 1 0 0 0 1 0 0 1 1 1 0 0 1 0 1 0 1 1 1 0 0 1 0 1 1 1 0 1 1 1 0 1 1 0 0 0 1 1 0 0 0 0 0 0 1 1 1 0 1 0 0 1 1 0 0 0 1 1 0 1 1 1 0 1 0 0 1 0 0 0 1 0 1 1 1 1 1 1 0 1 0 1 0 0 1 1 0 1 0 1 1 1 0 0 1 0 0 0 1 1 0 1 0 0 0 1 1 1 0 0 1 1 1 0 0 0 
0 0 0 0 0 1 0 0 1 0 0 1 1 0 1 0 1 0 0 1 1 0 0 0 1 0 1 1 1 1 1 0 1 0 0 1 1 0 1 0 0 0 1 0 1 1 1 1 1 0 1 0 0 1 1 0 0 0 1 1 1 1 0 1 1 1 0 0 0 0 1 0 0 1 0 0 1 0 1 0 0 1 1 0 0 1 1 1 1 1 0 0 0 1 1 1 0 1 0 0 1 0 0 0 1 1 0 0 0 0 0 1 0 1 1 0 0 1 0 1 1 0 0 1 1 0 0 1 0 1 0 1 1 1 0 1 1 0 1 1 1 1 1 0 0 0 1 0 1 1 1 0 1 0 0 0 1 1 1 0 0 0 0 0 0 1 0 
1 0 0 1 1 0 1 0 0 0 0 1 0 1 0 0 1 1 1 0 1 0 0 0 0 0 0 0 0 0 1 0 0 1 1 1 1 0 0 1 0 0 1 1 0 1 1 1 1 0 0 0 0 0 1 1 1 0 1 1 0 1 0 0 1 0 0 1 1 1 1 0 0 1 1 1 1 1 0 1 0 1 1 1 1 0 0 0 1 0 1 1 0 1 0 0 1 0 1 0 0 1 1 0 1 1 1 1 0 0 1 0 1 0 0 0 1 1 0 0 0 1 0 1 0 1 1 1 1 0 1 0 1 1 1 1 1 1 0 1 1 1 0 1 1 0 1 0 1 0 1 1 1 0 1 0 0 1 1 1 0 1 1 0 1 0 0 
0 1 1 0 0 1 0 0 1 0 1 1 0 0 0 0 1 0 1 0 0 0 1 0 1 1 1 0 0 1 0 1 1 1 0 0 1 1 1 1 0 0 1 1 1 1 1 1 0 0 0 0 0 0 0 1 0 0 0 1 1 1 0 1 1 0 0 0 1 0 0 1 1 0 1 0 0 1 0 0 1 1 0 1 1 0 1 0 0 1 0 0 0 1 1 1 1 1 0 0 1 1 0 0 0 1 1 0 0 1 0 0 0 0 1 1 0 1 0 0 1 1 0 0 1 1 0 1 0 1 1 1 0 1 0 1 1 1 1 0 1 1 1 1 0 1 0 0 0 0 0 1 0 0 0 0 1 1 0 1 1 1 1 1 0 0 1 
0 0 0 1 0 1 1 1 1 1 1 0 0 0 0 1 0 0 1 0 0 1 1 1 0 0 0 0 0 1 0 1 1 1 1 0 0 0 1 1 0 1 0 0 0 1 0 0 1 1 0 0 1 1 0 0 0 0 1 1 0 0 0 0 0 0 0 0 1 1 0 0 0 1 0 0 0 0 1 0 0 1 0 1 0 0 0 1 1 1 1 1 0 0 1 1 1 0 0 1 1 0 1 1 1 0 1 1 1 0 0 1 0 1 1 0 1 0 0 0 0 1 1 0 0 0 1 1 1 0 1 1 1 0 0 1 1 1 1 0 1 0 0 0 0 0 1 0 1 1 0 0 1 1 0 0 0 0 1 0 0 1 0 1 0 0 0 
0 0 1 1 0 0 1 0 0 0 1 0 1 0 0 1 0 0 0 0 0 1 0 1 0 0 1 1 1 1 0 1 0 1 1 1 1 1 0 1 0 0 1 0 1 1 1 1 0 1 1 0 0 0 1 0 0 0 1 1 1 1 1 0 1 0 0 1 1 0 1 1 1 0 1 1 1 1 0 0 0 1 1 0 0 1 1 1 0 0 1 1 1 0 1 0 1 1 1 1 0 0 1 1 0 0 1 0 1 1 0 1 1 0 0 1 1 1 1 1 1 1 0 0 1 0 0 0 1 0 0 1 0 0 0 0 0 1 0 0 1 1 0 0 1 0 1 1 1 1 1 1 1 0 0 1 1 1 1 1 0 0 0 1 1 1 0 
1 1 1 0 1 0 0 0 0 0 1 1 1 1 0 0 0 0 1 0 1 1 0 0 0 0 1 1 1 1 1 1 1 1 1 1 0 1 0 0 0 0 1 0 1 0 1 1 0 0 1 1 0 1 0 0 1 0 1 1 0 1 0 1 1 1 1 0 1 1 0 0 1 1 0 1 0 1 0 1 0 0 0 1 1 0 1 0 1 0 1 0 0 1 0 1 1 0 1 1 1 1 1 1 0 1 1 1 1 0 1 1 0 1 0 1 0 0 0 0 1 0 1 0 0 0 1 1 0 1 1 1 1 1 0 0 0 1 1 0 1 0 0 0 1 0 1 0 0 0 0 1 0 1 0 1 0 0 1 0 0 1 1 0 1 1 0 
0 1 0 1 0 1 1 0 0 0 1 1 0 1 0 0 1 1 0 1 0 1 0 0 0 1 0 0 1 1 1 0 0 1 1 0 1 1 0 0 1 0 0 1 1 1 0 0 0 0 1 1 1 0 0 0 1 0 0 1 0 0 0 0 0 1 1 1 1 0 1 0 0 1 1 0 0 1 0 1 0 1 0 1 0 1 1 0 1 1 1 1 0 0 1 0 1 0 0 1 1 1 0 1 1 0 1 1 1 1 1 0 0 0 0 0 0 1 0 1 0 0 0 1 0 0 0 1 0 1 1 1 1 1 0 0 0 1 0 1 0 1 1 1 1 1 0 1 0 0 0 1 0 0 0 1 1 1 1 1 0 0 1 1 1 0 0 
1 0 1 0 0 1 0 1 0 0 1 1 1 0 1 1 0 0 0 0 0 0 1 0 0 1 1 0 0 0 0 0 0 1 1 0 0 0 1 1 0 1 1 1 1 0 1 0 1 1 0 1 1 1 0 1 0 0 0 0 1 0 1 1 0 1 1 0 1 0 1 0 0 1 1 1 0 1 0 0 1 1 0 1 0 1 0 0 1 1 1 0 1 1 0 0 0 0 1 0 0 0 1 1 1 1 1 0 0 1 1 1 1 1 0 1 0 0 1 0 1 0 1 0 0 1 1 1 0 0 0 1 1 1 1 1 1 0 0 1 1 1 0 1 0 1 1 0 0 1 1 1 1 0 0 1 1 1 1 0 1 1 1 0 1 1 1 
0 0 1 0 0 0 0 1 0 1 1 0 0 0 0 0 1 1 1 1 1 0 1 0 1 0 0 0 1 0 0 1 0 1 1 1 0 1 0 0 0 1 1 0 1 1 1 1 0 0 1 1 0 0 1 0 0 1 0 1 1 0 1 0 0 1 1 0 0 0 1 0 0 0 0 0 0 1 0 1 0 1 0 1 1 1 0 1 1 1 0 1 1 0 1 1 0 1 1 1 1 0 0 1 1 0 1 1 0 0 1 0 0 1 1 1 0 0 0 0 0 1 1 0 0 0 0 1 1 1 1 0 1 1 0 1 0 0 0 1 1 0 1 0 1 0 1 1 0 1 0 0 1 0 0 1 0 1 1 1 1 1 0 1 1 1 0 
0 0 1 1 1 0 1 0 0 0 1 1 1 0 1 1 0 0 1 1 0 0 1 1 0 0 1 0 1 1 1 0 0 0 1 0 0 0 0 0 1 0 0 1 1 0 1 0 0 0 1 0 1 0 0 0 1 1 1 0 1 1 1 0 0 1 0 1 1 0 0 1 0 1 1 0 1 0 1 0 0 1 1 0 0 1 0 1 1 1 1 1 0 1 1 0 0 0 1 0 0 1 0 0 1 1 1 0 1 0 1 1 1 1 0 0 1 0 0 0 1 1 1 1 0 1 1 0 0 0 1 1 0 0 0 0 1 1 1 0 0 1 1 1 0 0 1 1 1 1 1 1 1 1 0 0 1 1 1 0 0 1 0 1 0 1 1 
0 1 0 1 1 1 1 1 1 1 0 0 1 1 1 1 0 1 1 0 1 1 1 1 0 0 0 1 0 0 0 1 0 1 0 1 0 0 1 0 1 1 0 0 1 0 0 0 1 1 1 0 0 0 1 1 0 0 1 0 1 0 1 0 0 1 1 0 0 1 0 0 1 1 1 0 1 0 1 1 1 1 1 0 0 1 1 1 1 0 0 0 1 1 0 1 1 0 0 0 0 0 0 0 0 0 1 0 1 1 1 0 0 1 0 1 1 0 0 0 0 0 1 0 1 0 0 0 0 1 1 1 1 1 1 1 0 1 1 0 0 1 1 1 1 0 0 0 1 1 1 1 1 0 0 1 0 0 0 1 0 1 1 1 1 0 1 
0 1 0 0 1 1 1 1 0 1 1 0 0 0 0 1 0 0 1 0 1 1 1 1 1 1 0 1 0 1 1 1 0 0 0 1 1 0 0 1 1 0 0 1 0 0 1 1 1 1 0 0 0 1 1 1 1 1 0 1 0 0 1 0 1 1 1 0 1 1 1 0 0 0 0 1 1 1 0 1 0 1 0 1 1 1 1 0 0 1 0 1 1 0 1 1 0 0 0 0 0 0 1 0 1 1 1 0 1 1 1 1 0 1 1 1 1 1 0 0 1 1 1 0 0 1 0 1 1 1 1 1 1 0 1 0 1 1 0 1 1 0 0 1 0 0 1 0 1 0 0 1 0 1 1 1 1 1 0 1 0 1 1 0 1 1 1 
0 1 1 1 1 1 0 1 0 0 0 1 1 1 0 1 1 0 1 0 1 1 1 1 0 0 1 0 1 0 0 1 1 1 1 0 1 0 1 1 1 1 1 0 0 1 1 1 1 1 1 0 1 1 1 0 0 1 0 0 0 1 1 0 0 1 0 0 0 1 0 0 0 0 1 1 1 0 1 1 0 1 0 1 0 1 0 1 0 1 0 1 1 0 0 0 0 1 0 1 0 1 0 0 0 1 0 0 0 1 0 0 1 0 1 1 0 1 0 0 0 1 1 1 1 1 0 0 1 1 1 0 1 0 0 0 1 0 1 1 1 0 0 1 0 0 0 1 1 0 1 0 0 1 0 1 0 1 0 0 0 1 0 0 1 1 0 
0 0 0 1 0 0 0 1 0 1 0 0 1 1 1 1 1 0 1 1 0 1 0 1 0 0 0 0 1 1 0 1 0 1 0 0 0 1 1 1 1 1 1 0 0 1 1 0 0 1 1 0 1 1 1 1 1 0 0 1 0 1 1 0 0 0 1 1 1 1 0 1 0 0 1 0 1 1 0 1 1 1 0 0 0 1 1 0 0 1 0 1 0 1 0 1 1 0 1 0 1 1 1 0 0 0 1 1 1 1 1 1 0 0 1 0 1 1 1 0 0 1 0 1 0 0 0 1 1 0 0 1 1 0 0 0 1 1 0 1 1 1 1 0 0 1 0 1 0 0 0 1 0 0 0 1 0 1 0 0 1 1 1 0 0 1 1 
0 1 0 1 0 1 0 0 0 1 1 0 0 1 1 0 1 1 0 0 0 0 0 1 0 0 0 0 0 0 0 0 0 1 1 0 0 1 0 0 0 0 0 1 0 0 0 0 1 1 0 1 0 1 0 0 0 0 0 0 0 1 1 1 1 0 1 1 1 0 1 1 0 0 1 1 0 0 1 0 0 1 0 0 1 1 1 0 1 1 1 0 1 0 0 0 0 0 1 0 0 1 1 1 0 1 1 1 1 0 1 1 1 1 0 0 0 0 0 0 0 1 0 0 1 1 1 1 0 0 0 1 0 0 1 1 1 0 1 0 1 0 0 0 0 0 0 0 0 0 1 1 0 0 0 1 1 0 0 0 1 1 0 0 0 0 0 
1 0 1 0 0 0 1 0 0 1 1 0 0 0 1 0 1 1 1 1 0 1 1 0 0 1 0 0 0 0 1 0 1 1 1 0 0 0 1 1 1 1 1 1 1 0 0 0 0 0 1 0 0 1 0 0 0 1 1 0 1 1 0 0 1 1 1 1 1 1 1 0 0 0 0 1 1 0 0 0 0 1 1 1 0 1 0 1 1 0 1 0 0 0 1 1 0 0 1 1 1 1 0 0 0 1 0 1 1 1 1 0 0 0 0 1 1 0 0 1 1 1 0 1 0 0 0 0 1 1 0 0 1 0 0 0 1 1 0 0 0 0 0 1 0 0 1 0 0 0 0 0 1 1 1 1 1 1 1 1 0 0 1 1 0 1 1 
0 0 1 1 1 0 0 1 1 0 0 1 0 0 0 0 1 0 0 1 1 1 1 0 0 1 0 0 1 1 1 1 1 0 0 1 1 0 0 1 0 0 0 0 0 1 0 0 1 0 0 0 1 0 0 1 1 1 1 0 0 0 0 0 0 0 0 0 0 0 0 0 0 0 1 1 0 1 0 1 0 0 1 0 1 0 1 0 0 1 1 0 1 1 1 0 0 0 1 0 1 1 1 0 1 0 0 0 0 0 0 1 0 1 0 0 1 1 0 0 0 0 0 0 0 0 1 0 0 0 1 1 0 1 1 1 0 1 1 1 0 1 0 0 0 1 0 0 0 1 1 1 1 1 0 0 0 1 0 1 1 1 1 0 1 1 0 
0 0 1 1 1 0 0 1 0 1 0 0 1 1 0 1 1 0 1 1 0 1 0 0 0 0 0 1 0 0 0 0 0 1 0 0 0 0 1 0 0 1 0 1 0 1 0 1 1 1 1 0 0 1 0 1 1 0 0 1 1 0 0 0 1 0 1 0 0 0 1 0 1 0 1 1 1 0 0 1 0 0 0 1 1 1 1 1 1 1 1 0 1 0 1 0 0 0 0 1 0 1 0 0 0 0 1 1 0 1 0 1 0 1 0 1 1 1 1 1 1 1 1 1 0 1 1 1 1 0 0 0 0 0 1 0 1 0 1 1 0 0 1 1 0 0 0 0 0 1 0 1 0 1 0 0 0 1 0 1 1 0 0 1 1 1 1 
0 1 1 0 0 0 0 1 1 0 0 0 0 1 0 1 0 1 0 0 0 0 1 1 1 0 1 1 0 0 0 0 0 0 0 0 1 0 1 0 0 0 0 1 1 1 1 1 0 1 0 1 0 0 1 0 1 1 1 1 1 1 1 0 1 1 0 1 1 1 0 0 0 0 1 1 0 0 0 1 1 1 1 0 1 0 1 1 1 0 0 0 1 0 1 0 1 0 0 1 0 0 0 1 0 1 0 1 0 1 1 1 1 0 1 1 0 1 0 1 1 1 0 1 1 1 0 0 1 0 1 1 0 1 1 0 0 0 0 1 1 1 1 0 0 0 0 0 0 0 1 0 1 1 0 1 0 0 0 1 1 1 1 0 0 0 0 
1 0 1 0 1 1 1 1 0 1 0 0 0 0 0 1 1 1 0 0 0 1 1 0 1 0 1 1 0 1 1 1 1 0 0 0 1 1 1 1 1 0 0 0 1 1 1 1 0 0 0 0 1 1 0 0 1 0 0 1 0 0 1 1 1 1 1 0 0 1 1 0 0 0 0 1 0 1 0 0 0 1 0 1 0 0 0 1 1 1 1 1 1 1 1 0 1 1 1 1 1 0 0 1 1 1 0 0 0 0 1 0 1 1 0 0 1 1 0 1 0 0 1 1 1 0 1 0 1 1 1 0 0 1 1 0 0 1 1 1 1 0 0 0 0 0 1 1 0 0 0 0 1 0 1 0 1 0 1 0 0 0 1 1 0 0 1 
0 1 1 1 1 0 1 1 0 1 1 1 0 1 1 0 0 0 1 0 0 0 0 0 1 0 1 0 1 0 1 1 1 1 0 0 0 0 0 1 0 0 0 0 1 1 1 0 0 0 0 1 1 1 0 0 1 1 0 0 1 1 1 1 1 1 1 1 0 0 0 0 0 1 0 0 0 0 0 0 1 0 0 0 0 0 0 1 0 0 0 0 1 1 0 1 1 1 1 1 1 1 0 1 1 1 0 0 1 1 0 1 0 1 1 0 0 0 1 0 1 1 0 0 0 0 0 0 0 1 1 1 0 0 1 0 0 1 0 1 1 0 1 0 1 0 1 0 1 0 0 0 1 0 0 0 0 1 1 1 1 1 1 1 1 0 1 
1 0 0 0 1 1 0 0 1 1 0 1 1 0 1 0 1 1 1 0 1 0 1 1 1 1 1 0 1 0 0 0 1 0 0 0 0 1 1 0 0 1 1 0 0 1 0 0 1 0 0 0 1 1 1 1 0 0 1 0 1 0 1 0 1 0 1 1 1 0 0 0 1 1 1 0 1 0 1 1 1 0 1 0 0 1 0 0 1 1 1 1 1 0 1 0 0 1 0 0 1 1 0 0 0 0 0 0 1 1 0 0 1 0 1 0 1 0 0 0 0 0 1 0 1 0 0 1 1 0 0 1 1 0 1 1 1 1 0 1 1 1 0 1 1 0 1 1 0 0 0 0 0 1 1 0 1 0 0 0 0 1 0 1 1 0 1 
1 1 0 1 0 0 1 0 1 0 1 1 0 1 1 1 1 1 0 0 0 0 0 1 1 0 1 0 0 1 1 0 1 1 1 0 0 0 1 1 1 1 1 1 0 1 1 1 0 1 1 1 0 0 1 0 0 1 1 0 1 0 0 1 0 0 1 0 1 0 0 1 0 1 0 0 0 1 0 1 1 1 0 1 0 1 0 1 1 1 1 0 1 1 1 1 0 1 0 1 1 1 0 1 0 0 1 1 1 1 1 1 1 1 1 1 1 1 1 0 1 0 0 0 1 1 0 0 0 1 1 1 0 1 1 0 0 1 1 1 1 0 0 0 0 1 1 0 1 1 1 0 0 0 0 0 0 0 1 1 1 1 1 1 1 0 1 
0 1 0 0 1 0 1 1 1 0 0 1 0 0 1 1 0 1 0 1 0 0 1 0 0 1 0 1 0 0 1 1 1 1 0 1 1 1 1 0 1 1 1 0 0 0 1 1 0 0 1 0 0 1 0 0 0 1 0 1 1 1 1 1 0 1 0 1 1 1 1 1 1 1 1 1 1 0 0 0 1 1 1 1 0 0 1 1 1 0 0 0 1 0 1 0 0 1 1 0 0 0 1 0 1 1 0 1 1 1 1 1 0 1 1 1 0 0 0 0 0 1 1 1 0 1 0 0 1 0 0 0 0 1 0 1 0 0 0 1 0 1 1 0 0 1 1 1 1 0 0 1 0 0 0 0 1 1 1 0 1 1 0 1 0 1 1 
0 1 1 1 0 0 0 1 1 0 0 0 1 1 1 1 1 1 1 0 1 1 1 0 0 1 1 0 1 0 1 0 0 1 1 0 0 1 0 1 1 0 1 1 1 0 1 0 1 1 1 0 0 0 1 1 0 1 0 0 1 0 0 0 1 0 0 0 0 0 1 0 1 0 0 1 1 1 0 1 0 1 0 1 0 1 0 1 0 1 0 0 1 0 1 0 1 1 0 1 1 0 1 0 0 0 0 1 0 1 0 0 1 0 0 0 1 0 1 0 1 0 0 1 1 1 0 1 1 0 0 1 0 0 0 0 0 0 0 0 0 1 0 0 0 1 0 0 0 1 0 1 0 0 0 0 0 1 1 1 1 0 0 1 0 1 1 
1 1 1 1 0 0 1 1 1 0 0 0 1 0 0 1 1 1 1 1 1 1 0 1 0 0 1 0 0 0 1 0 0 0 0 1 0 0 0 0 1 0 0 0 0 1 1 0 0 0 1 0 0 0 1 1 0 1 0 1 1 0 0 0 1 1 1 0 0 0 1 1 0 1 1 0 0 1 0 1 1 0 0 1 1 1 1 0 1 0 0 1 1 0 1 1 1 1 0 0 1 1 1 1 0 1 1 1 0 1 0 1 0 1 1 1 0 1 1 0 0 0 1 1 1 1 1 1 0 0 0 0 0 0 1 1 1 1 1 0 1 1 1 1 1 1 0 0 1 0 0 0 0 0 0 0 1 0 1 1 0 1 1 1 1 1 1 
1 1 1 0 1 1 0 1 1 1 1 1 1 0 1 1 0 0 0 1 1 1 1 0 0 0 1 1 1 1 0 1 1 1 0 0 0 1 1 0 0 1 1 1 0 0 1 0 1 0 1 1 1 0 0 1 0 1 0 0 1 0 0 1 1 1 1 1 1 1 0 1 0 0 1 1 0 0 0 0 1 0 0 0 1 0 0 1 0 0 0 1 1 0 1 0 0 1 1 1 0 0 1 0 1 1 1 1 1 1 0 0 0 1 1 1 1 0 0 1 1 0 1 0 0 0 1 0 1 1 1 0 1 0 1 0 1 1 0 1 0 1 0 0 1 1 0 0 0 1 0 1 0 1 0 1 0 1 1 0 0 0 0 1 0 1 1 
1 1 1 0 0 0 1 0 0 0 0 1 0 0 1 0 1 0 0 1 0 0 0 1 0 0 0 0 0 0 0 1 0 1 0 0 0 0 0 1 1 0 0 1 0 1 0 0 1 1 0 0 1 0 0 1 1 0 0 1 1 0 1 0 1 0 1 1 0 1 0 1 0 1 0 1 1 1 0 0 0 1 0 0 1 1 1 0 0 1 1 1 0 0 1 0 1 0 1 1 0 0 0 0 1 1 1 1 0 1 1 0 1 0 1 0 0 1 1 0 0 1 0 1 0 1 1 0 1 1 1 1 1 0 1 0 1 1 1 1 0 1 1 1 0 1 1 1 0 0 1 0 0 1 1 0 1 0 0 0 1 1 1 1 0 0 0 
1 1 0 1 1 1 1 0 1 0 0 0 0 1 1 1 1 0 1 1 1 1 0 0 0 0 0 1 1 1 1 0 1 1 1 1 0 1 1 0 0 1 0 0 0 0 1 1 0 1 0 0 1 1 0 0 1 1 1 0 1 1 0 1 1 1 1 0 1 1 0 0 0 1 0 0 1 1 1 1 0 0 0 0 0 0 0 0 0 0 0 1 1 0 1 1 0 0 1 0 0 0 1 0 0 1 1 0 1 0 1 1 0 1 1 1 1 0 1 1 1 1 0 0 1 1 1 0 0 1 1 1 0 1 1 1 1 1 1 1 0 0 0 0 0 1 0 0 0 1 1 0 1 1 1 1 1 0 0 1 0 1 1 1 1 1 0 
0 1 1 1 0 0 0 0 1 1 0 1 0 1 0 1 1 0 0 1 1 1 1 0 1 1 0 0 0 1 1 0 0 1 0 1 0 0 1 0 0 1 1 1 0 1 0 0 0 1 0 1 0 1 0 0 1 1 0 0 1 1 0 0 1 0 1 0 1 0 1 1 0 0 0 0 1 0 0 1 0 0 0 1 1 0 0 1 0 1 0 0 0 0 1 0 1 0 0 0 1 1 1 0 1 0 0 1 1 0 1 1 1 0 0 0 0 0 0 1 1 1 1 0 1 1 0 1 1 0 0 1 1 0 1 0 1 0 1 0 1 1 0 0 0 1 1 1 1 0 1 0 1 0 1 1 0 0 1 0 1 0 0 1 0 1 1 
1 1 1 0 1 1 1 1 0 1 0 1 0 0 0 0 0 1 1 1 1 0 1 1 0 0 0 0 0 1 1 0 1 0 0 1 1 1 1 1 1 1 1 0 1 1 1 1 1 0 0 1 1 1 1 0 1 0 0 0 1 1 1 1 0 1 0 1 0 0 1 0 1 1 0 0 1 0 1 0 0 1 1 0 0 1 0 1 1 1 1 0 0 1 1 0 0 1 0 0 1 0 1 1 0 0 0 1 1 1 1 0 0 0 0 1 1 1 0 1 0 1 0 1 0 1 0 1 0 0 0 0 1 0 0 0 0 1 1 0 0 0 0 1 1 0 1 1 1 0 1 0 1 1 1 0 0 1 0 1 0 1 1 0 1 0 0 
0 0 1 0 1 0 0 0 0 0 1 0 0 0 0 1 0 1 0 1 0 0 1 1 1 0 1 0 0 1 0 0 0 1 0 1 1 0 1 0 0 1 0 1 0 0 0 1 0 1 1 0 1 1 0 1 1 1 1 1 1 1 0 0 0 1 1 1 0 1 0 1 0 1 1 0 0 1 1 0 1 0 1 0 1 1 1 0 0 0 1 1 1 0 1 0 1 1 1 1 1 1 1 0 0 0 0 1 0 0 0 0 0 1 1 1 1 1 1 0 0 0 1 1 1 0 0 0 1 1 0 1 1 1 0 1 0 1 1 1 1 1 1 1 1 0 1 0 1 0 1 1 1 1 0 1 0 1 1 0 1 0 1 0 1 1 0 
1 1 0 1 1 0 0 0 1 1 1 1 0 0 1 0 0 0 0 1 1 0 1 1 0 0 0 0 1 1 1 0 1 0 1 1 0 1 1 0 1 1 1 1 0 1 1 1 0 0 1 1 1 0 1 0 0 1 1 1 1 1 0 0 1 0 1 1 1 0 0 1 1 1 0 1 1 1 1 0 0 0 0 0 0 1 1 1 1 0 1 1 0 0 1 1 0 0 0 1 0 0 0 1 1 1 1 0 0 0 0 0 0 1 0 0 1 1 1 1 0 0 0 0 0 1 1 1 0 1 0 1 1 0 0 1 1 1 0 0 1 1 0 1 0 1 1 0 1 1 1 0 1 0 0 1 0 1 1 0 1 1 0 1 0 1 0 
1 1 0 1 1 0 0 1 0 1 0 0 1 0 1 1 1 0 1 1 0 1 0 0 1 0 1 0 0 1 1 0 1 0 1 1 0 0 0 1 0 0 0 0 1 0 1 0 1 0 1 0 0 1 1 1 1 0 1 0 0 0 0 1 1 0 1 1 0 1 0 0 1 0 0 0 1 1 1 1 1 1 1 1 1 1 1 0 0 0 1 1 1 1 1 0 1 0 1 0 1 0 1 1 1 0 1 0 0 0 1 0 1 1 0 1 0 1 0 0 1 0 1 1 1 1 0 0 0 1 0 0 1 1 1 0 1 0 1 1 1 0 0 0 0 1 0 1 0 1 1 1 1 1 1 1 1 1 1 1 0 0 1 0 0 1 1 
0 0 0 0 1 0 0 1 0 1 1 1 1 0 1 1 0 0 1 1 0 0 0 1 1 1 0 0 0 1 0 1 0 0 0 1 0 1 0 1 0 0 1 1 0 0 0 0 1 0 0 1 1 0 1 1 1 0 1 1 0 1 1 1 1 1 0 1 1 1 0 0 0 0 1 0 0 1 1 0 0 0 1 1 1 1 1 0 0 1 0 0 0 0 1 0 0 1 1 0 1 0 0 1 0 0 0 0 1 1 1 1 0 0 0 0 1 0 1 1 1 1 1 0 1 1 0 1 1 0 0 1 0 0 1 1 1 1 1 0 1 1 1 0 0 0 1 1 0 0 1 1 1 0 0 1 0 0 1 0 1 1 0 0 0 1 1 
1 0 0 1 0 0 0 0 0 0 1 1 1 0 0 0 1 0 1 1 1 1 0 0 0 1 0 1 0 1 1 0 1 0 1 1 1 1 1 0 0 0 0 1 1 0 1 1 1 1 1 0 0 0 1 0 1 0 0 1 1 0 0 1 0 0 0 1 0 0 1 0 0 1 0 1 0 0 0 1 0 0 0 0 1 0 1 0 0 0 0 0 0 1 1 0 0 0 1 1 0 1 1 1 0 0 0 1 0 1 1 1 0 1 0 0 0 1 0 0 0 1 1 1 0 1 1 0 1 0 1 0 0 0 1 1 0 1 1 1 0 1 1 1 0 1 1 1 0 0 0 0 0 1 1 1 1 0 1 1 0 1 1 1 1 0 0 
1 1 1 0 0 1 0 1 1 1 0 0 0 0 1 1 1 1 0 0 0 1 0 0 0 0 0 0 1 1 0 1 0 1 0 0 0 1 0 1 1 0 1 0 1 1 0 0 0 1 0 0 1 0 0 0 0 1 1 0 1 1 0 1 0 0 1 0 0 0 0 0 0 1 0 1 0 0 1 1 1 0 1 1 1 1 0 1 0 1 0 0 0 0 1 1 0 0 0 0 0 0 1 1 1 1 1 0 1 0 1 0 1 0 0 1 0 1 1 1 0 0 1 1 0 1 0 1 0 0 0 0 1 0 0 0 0 1 0 1 1 1 0 1 0 1 0 1 0 1 1 1 1 1 1 1 1 0 0 1 0 0 0 1 1 0 0 

94 19 37 119 115 97 125 39 136 137 124 59 126 83 142 7 70 81 54 29 44 111 36 4 107 109 56 156 34 31 118 80 141 67 163 128 154 98 123 72 33 110 22 91 79 28 12 76 49 95 8 10 75 20 158 90 153 45 143 50 46 21 60 43 47 30 105 18 86 68 139 150 14 62 113 48 166 103 9 155 3 145 159 32 122 134 73 52 41 140 96 63 106 132 85 82 157 35 17 1 161 164 2 152 108 53 57 104 114 100 40 117 0 116 112 55 26 162 127 11 130 93 101 24 138 42 15 61 13 5 133 71 89 131 144 149 121 165 92 87 78 147 120 151 6 74 16 99 38 58 129 148 64 160 23 27 25 135 51 102 88 146 69 66 84 65 77 
0 112
1 99
2 102
3 80
4 23
5 129
6 144
7 15
8 50
9 78
10 51
11 119
12 46
13 128
14 72
15 126
16 146
17 98
18 67
19 1
20 53
21 61
22 42
23 154
24 123
25 156
26 116
27 155
28 45
29 19
30 65
31 29
32 83
33 40
34 28
35 97
36 22
37 2
38 148
39 7
40 110
41 88
42 125
43 63
44 20
45 57
46 60
47 64
48 75
49 48
50 59
51 158
52 87
53 105
54 18
55 115
56 26
57 106
58 149
59 11
60 62
61 127
62 73
63 91
64 152
65 165
66 163
67 33
68 69
69 162
70 16
71 131
72 39
73 86
74 145
75 52
76 47
77 166
78 140
79 44
80 31
81 17
82 95
83 13
84 164
85 94
86 68
87 139
88 160
89 132
90 55
91 43
92 138
93 121
94 0
95 49
96 90
97 5
98 37
99 147
100 109
101 122
102 159
103 77
104 107
105 66
106 92
107 24
108 104
109 25
110 41
111 21
112 114
113 74
114 108
115 4
116 113
117 111
118 30
119 3
120 142
121 136
122 84
123 38
124 10
125 6
126 12
127 118
128 35
129 150
130 120
131 133
132 93
133 130
134 85
135 157
136 8
137 9
138 124
139 70
140 89
141 32
142 14
143 58
144 134
145 81
146 161
147 141
148 151
149 135
150 71
151 143
152 103
153 56
154 36
155 79
156 27
157 96
158 54
159 82
160 153
161 100
162 117
163 34
164 101
165 137
166 76
SIMILAR
1 0
1 0
68 0
