37
0 0 1 0 1 0 1 0 0 0 1 0 0 0 0 0 1 1 0 0 0 1 1 0 1 1 1 0 1 0 0 0 0 0 1 0 0 
0 0 0 0 0 1 1 1 1 0 0 1 1 1 0 1 1 1 1 1 1 0 0 1 0 0 0 1 1 1 0 1 1 1 0 0 1 
1 0 0 0 1 0 1 0 1 0 1 1 1 1 1 0 1 0 1 0 0 1 0 1 1 1 0 0 0 0 1 0 0 0 1 0 1 
0 0 0 0 0 1 0 1 1 1 0 1 0 1 0 1 1 1 0 0 0 1 1 1 1 0 0 1 1 1 1 1 1 1 1 0 1 
1 0 1 0 0 1 0 0 1 1 0 1 0 1 0 1 1 0 0 1 0 1 1 0 0 1 1 1 0 0 0 1 1 0 0 0 0 
0 1 0 1 1 0 1 0 0 0 1 1 0 1 1 0 1 1 0 1 0 0 0 0 0 0 1 0 0 0 0 0 0 1 0 1 0 
1 1 1 0 0 1 0 1 0 0 1 0 0 0 1 0 0 0 1 0 1 0 0 1 0 0 1 1 0 0 1 1 1 0 0 0 1 
0 1 0 1 0 0 1 0 1 0 0 1 1 0 1 1 1 1 1 1 0 1 0 0 0 0 1 1 0 1 1 0 1 0 0 1 1 
0 1 1 1 1 0 0 1 0 1 0 0 1 1 1 0 0 1 1 0 0 1 0 0 0 1 0 0 1 1 0 1 1 0 1 1 0 
0 0 0 1 1 0 0 0 1 0 0 1 1 1 1 0 0 0 1 0 1 0 1 1 0 1 0 1 1 1 1 1 1 0 0 1 1 
1 0 1 0 0 1 1 0 0 0 0 1 1 0 0 0 1 0 1 0 0 0 0 1 1 0 1 0 0 1 1 1 1 0 1 0 1 
0 1 1 1 1 1 0 1 0 1 1 0 1 1 0 0 0 1 0 0 0 0 0 1 0 0 0 0 0 0 0 0 1 0 1 0 0 
0 1 1 0 0 0 0 1 1 1 1 1 0 1 1 1 0 0 1 1 1 1 1 0 1 1 1 0 1 1 1 1 1 1 0 1 1 
0 1 1 1 1 1 0 0 1 1 0 1 1 0 0 1 1 0 0 0 0 1 0 0 1 1 0 1 1 1 0 0 1 0 1 0 1 
0 0 1 0 0 1 1 1 1 1 0 0 1 0 0 0 1 1 1 1 1 0 0 0 1 1 0 0 0 0 0 1 0 0 1 1 0 
0 1 0 1 1 0 0 1 0 0 0 0 1 1 0 0 1 1 1 0 0 1 1 0 1 0 1 1 0 1 0 1 0 0 1 0 1 
1 1 1 1 1 1 0 1 0 0 1 0 0 1 1 1 0 1 0 1 1 1 1 1 0 0 0 0 0 0 0 0 0 1 0 1 0 
1 1 0 1 0 1 0 1 1 0 0 1 0 0 1 1 1 0 1 0 0 1 0 0 0 1 1 1 1 0 1 0 1 1 0 1 0 
0 1 1 0 0 0 1 1 1 1 1 0 1 0 1 1 0 1 0 1 0 0 0 0 0 1 1 0 1 1 0 1 1 1 1 1 1 
0 1 0 0 1 1 0 1 0 0 0 0 1 0 1 0 1 0 1 0 1 0 1 0 1 0 1 1 1 0 1 1 0 0 1 0 1 
0 1 0 0 0 0 1 0 0 1 0 0 1 0 1 0 1 0 0 1 0 0 1 0 0 1 0 0 1 0 1 1 1 0 1 0 1 
1 0 1 1 1 0 0 1 1 0 0 0 1 1 0 1 1 1 0 0 0 0 1 0 1 0 1 0 0 1 1 1 1 1 0 1 0 
1 0 0 1 1 0 0 0 0 1 0 0 1 0 0 1 1 0 0 1 1 1 0 1 0 1 0 1 0 1 0 0 1 0 1 0 1 
0 1 1 1 0 0 1 0 0 1 1 1 0 0 0 0 1 0 0 0 0 0 1 0 0 1 1 0 1 1 1 0 0 1 1 0 1 
1 0 1 1 0 0 0 0 0 0 1 0 1 1 1 1 0 0 0 1 0 1 0 0 0 1 0 0 0 1 1 0 1 1 0 1 1 
1 0 1 0 1 0 0 0 1 1 0 0 1 1 1 0 0 1 1 0 1 0 1 1 1 0 0 0 1 0 1 1 1 0 1 1 0 
1 0 0 0 1 1 1 1 0 0 1 0 1 0 0 1 0 1 1 1 0 1 0 1 0 0 0 0 0 1 1 0 0 0 0 0 1 
0 1 0 1 1 0 1 1 0 1 0 0 0 1 0 1 0 1 0 1 0 0 1 0 0 0 0 0 0 0 1 0 1 1 1 1 0 
1 1 0 1 0 0 0 0 1 1 0 0 1 1 0 0 0 1 1 1 1 0 0 1 0 1 0 0 0 1 0 1 0 1 0 1 1 
0 1 0 1 0 0 0 1 1 1 1 0 1 1 0 1 0 0 1 0 0 1 1 1 1 0 1 0 1 0 1 1 0 1 1 1 1 
0 0 1 1 0 0 1 1 0 1 1 0 1 0 0 0 0 1 0 1 1 1 0 1 1 1 1 1 0 1 0 0 1 0 1 0 1 
0 1 0 1 1 0 1 0 1 1 1 0 1 0 1 1 0 0 1 1 1 1 0 0 0 1 0 0 1 1 0 0 0 1 1 0 0 
0 1 0 1 1 0 1 1 1 1 1 1 1 1 0 0 0 1 1 0 1 1 1 0 1 1 0 1 0 0 1 0 0 0 1 1 1 
0 1 0 1 0 1 0 0 0 0 0 0 1 0 0 0 1 1 1 0 0 1 0 1 1 0 0 1 1 1 0 1 0 0 1 0 0 
1 0 1 1 0 0 0 0 1 0 1 1 0 1 1 1 0 0 1 1 1 0 1 1 0 1 0 1 0 1 1 1 1 1 0 0 0 
0 0 0 0 0 1 0 1 1 1 0 0 1 0 1 0 1 1 1 0 0 1 0 0 1 1 0 1 1 1 0 0 1 0 0 0 1 
0 1 1 1 0 0 1 1 0 1 1 0 1 1 0 1 0 0 1 1 1 0 1 1 1 0 1 0 1 1 1 0 1 0 0 1 0 

2 23 14 12 21 11 1 9 18 35 24 28 36 0 27 25 5 22 15 6 4 31 3 17 32 30 16 26 29 10 13 20 8 19 33 7 34 
0 13
1 6
2 0
3 22
4 20
5 16
6 19
7 35
8 32
9 7
10 29
11 5
12 3
13 30
14 2
15 18
16 26
17 23
18 8
19 33
20 31
21 4
22 17
23 1
24 10
25 15
26 27
27 14
28 11
29 28
30 25
31 21
32 24
33 34
34 36
35 9
36 12
SIMILAR

21 10 35 9 13 2 31 3 36 22 24 7 28 14 29 15 26 19 23 6 8 18 34 17 12 25 1 32 11 33 30 0 16 4 5 20 27 
0 31
1 26
2 5
3 7
4 33
5 34
6 19
7 11
8 20
9 3
10 1
11 28
12 24
13 4
14 13
15 15
16 32
17 23
18 21
19 17
20 35
21 0
22 9
23 18
24 10
25 25
26 16
27 36
28 12
29 14
30 30
31 6
32 27
33 29
34 22
35 2
36 8
SIMILAR

26 5 19 17 14 2 6 13 27 8 31 21 22 24 25 4 16 12 33 1 35 10 0 15 18 30 34 23 9 29 36 11 3 7 32 28 20 
0 22
1 19
2 5
3 32
4 15
5 1
6 6
7 33
8 9
9 28
10 21
11 31
12 17
13 7
14 4
15 23
16 16
17 3
18 24
19 2
20 36
21 11
22 12
23 27
24 13
25 14
26 0
27 8
28 35
29 29
30 25
31 10
32 34
33 18
34 26
35 20
36 30
SIMILAR

20 31 28 14 17 13 10 4 33 6 23 2 35 9 3 11 26 30 15 24 16 22 18 27 21 29 5 19 25 32 8 0 36 1 7 34 12 
0 31
1 33
2 11
3 14
4 7
5 26
6 9
7 34
8 30
9 13
10 6
11 15
12 36
13 5
14 3
15 18
16 20
17 4
18 22
19 27
20 0
21 24
22 21
23 10
24 19
25 28
26 16
27 23
28 2
29 25
30 17
31 1
32 29
33 8
34 35
35 12
36 32
SIMILAR

6 22 24 19 17 26 9 15 29 34 3 4 31 11 13 28 7 10 5 1 18 21 20 12 0 30 33 23 2 25 36 8 16 14 35 32 27 
0 24
1 19
2 28
3 10
4 11
5 18
6 0
7 16
8 31
9 6
10 17
11 13
12 23
13 14
14 33
15 7
16 32
17 4
18 20
19 3
20 22
21 21
22 1
23 27
24 2
25 29
26 5
27 36
28 15
29 8
30 25
31 12
32 35
33 26
34 9
35 34
36 30
SIMILAR

35 33 10 22 26 36 31 30 27 29 32 1 3 0 8 11 7 2 28 19 24 4 34 20 12 14 23 21 5 9 6 16 13 17 15 18 25 
0 13
1 11
2 17
3 12
4 21
5 28
6 30
7 16
8 14
9 29
10 2
11 15
12 24
13 32
14 25
15 34
16 31
17 33
18 35
19 19
20 23
21 27
22 3
23 26
24 20
25 36
26 4
27 8
28 18
29 9
30 7
31 6
32 10
33 1
34 22
35 0
36 5
SIMILAR

14 2 26 3 27 10 28 17 8 20 21 12 35 22 5 34 19 6 18 31 7 24 16 23 11 29 4 13 36 15 9 33 1 25 0 30 32 
0 34
1 32
2 1
3 3
4 26
5 14
6 17
7 20
8 8
9 30
10 5
11 24
12 11
13 27
14 0
15 29
16 22
17 7
18 18
19 16
20 9
21 10
22 13
23 23
24 21
25 33
26 2
27 4
28 6
29 25
30 35
31 19
32 36
33 31
34 15
35 12
36 28
SIMILAR

17 19 12 10 18 26 4 9 29 28 3 23 2 36 31 20 24 15 1 35 27 7 11 14 6 25 21 8 33 5 22 34 16 30 13 32 0 
0 36
1 18
2 12
3 10
4 6
5 29
6 24
7 21
8 27
9 7
10 3
11 22
12 2
13 34
14 23
15 17
16 32
17 0
18 4
19 1
20 15
21 26
22 30
23 11
24 16
25 25
26 5
27 20
28 9
29 8
30 33
31 14
32 35
33 28
34 31
35 19
36 13
SIMILAR

25 7 19 23 6 26 8 30 16 20 1 2 29 34 12 28 17 33 4 3 21 36 22 18 0 9 14 35 11 5 24 31 15 10 13 32 27 
0 24
1 10
2 11
3 19
4 18
5 29
6 4
7 1
8 6
9 25
10 33
11 28
12 14
13 34
14 26
15 32
16 8
17 16
18 23
19 2
20 9
21 20
22 22
23 3
24 30
25 0
26 5
27 36
28 15
29 12
30 7
31 31
32 35
33 17
34 13
35 27
36 21
SIMILAR

33 12 16 3 18 32 13 9 10 7 28 8 23 0 34 1 30 31 24 6 20 25 4 14 36 11 5 35 15 22 29 27 21 19 2 17 26 
0 13
1 15
2 34
3 3
4 22
5 26
6 19
7 9
8 11
9 7
10 8
11 25
12 1
13 6
14 23
15 28
16 2
17 35
18 4
19 33
20 20
21 32
22 29
23 12
24 18
25 21
26 36
27 31
28 10
29 30
30 16
31 17
32 5
33 0
34 14
35 27
36 24
SIMILAR

35 28 22 13 2 15 34 23 9 26 5 3 6 20 11 18 12 10 19 4 8 1 17 31 33 7 27 24 0 36 25 29 16 32 21 14 30 
0 28
1 21
2 4
3 11
4 19
5 10
6 12
7 25
8 20
9 8
10 17
11 14
12 16
13 3
14 35
15 5
16 32
17 22
18 15
19 18
20 13
21 34
22 2
23 7
24 27
25 30
26 9
27 26
28 1
29 31
30 36
31 23
32 33
33 24
34 6
35 0
36 29
SIMILAR

33 29 20 1 27 12 4 11 21 15 2 28 3 19 16 30 6 18 26 23 10 35 22 5 9 34 0 24 17 25 8 32 36 31 14 7 13 
0 26
1 3
2 10
3 12
4 6
5 23
6 16
7 35
8 30
9 24
10 20
11 7
12 5
13 36
14 34
15 9
16 14
17 28
18 17
19 13
20 2
21 8
22 22
23 19
24 27
25 29
26 18
27 4
28 11
29 1
30 15
31 33
32 31
33 0
34 25
35 21
36 32
SIMILAR

14 16 0 11 3 2 1 5 27 24 26 22 21 12 10 18 35 25 7 28 9 17 23 15 8 20 31 34 29 30 4 19 13 6 36 33 32 
0 2
1 6
2 5
3 4
4 30
5 7
6 33
7 18
8 24
9 20
10 14
11 3
12 13
13 32
14 0
15 23
16 1
17 21
18 15
19 31
20 25
21 12
22 11
23 22
24 9
25 17
26 10
27 8
28 19
29 28
30 29
31 26
32 36
33 35
34 27
35 16
36 34
SIMILAR

4 2 10 33 35 36 3 0 23 29 32 11 34 16 15 24 12 22 18 30 7 9 8 5 17 25 28 31 6 19 21 14 20 13 1 26 27 
0 7
1 34
2 1
3 6
4 0
5 23
6 28
7 20
8 22
9 21
10 2
11 11
12 16
13 33
14 31
15 14
16 13
17 24
18 18
19 29
20 32
21 30
22 17
23 8
24 15
25 25
26 35
27 36
28 26
29 9
30 19
31 27
32 10
33 3
34 12
35 4
36 5
SIMILAR

10 15 12 24 13 25 29 1 6 27 2 30 17 22 32 3 5 16 8 21 28 7 19 35 4 11 34 9 18 36 0 26 23 31 33 14 20 
0 30
1 7
2 10
3 15
4 24
5 16
6 8
7 21
8 18
9 27
10 0
11 25
12 2
13 4
14 35
15 1
16 17
17 12
18 28
19 22
20 36
21 19
22 13
23 32
24 3
25 5
26 31
27 9
28 20
29 6
30 11
31 33
32 14
33 34
34 26
35 23
36 29
SIMILAR

30 19 11 18 15 22 16 4 6 17 33 9 3 13 36 8 26 23 0 7 35 5 20 27 32 12 14 28 25 24 31 1 2 21 10 29 34 
0 18
1 31
2 32
3 12
4 7
5 21
6 8
7 19
8 15
9 11
10 34
11 2
12 25
13 13
14 26
15 4
16 6
17 9
18 3
19 1
20 22
21 33
22 5
23 17
24 29
25 28
26 16
27 23
28 27
29 35
30 0
31 30
32 24
33 10
34 36
35 20
36 14
SIMILAR

27 18 17 12 11 26 9 23 4 36 19 28 7 30 16 2 10 34 14 35 22 25 0 32 13 8 6 20 29 5 15 1 21 3 24 33 31 
0 22
1 31
2 15
3 33
4 8
5 29
6 26
7 12
8 25
9 6
10 16
11 4
12 3
13 24
14 18
15 30
16 14
17 2
18 1
19 10
20 27
21 32
22 20
23 7
24 34
25 21
26 5
27 0
28 11
29 28
30 13
31 36
32 23
33 35
34 17
35 19
36 9
SIMILAR

28 21 19 35 22 36 3 4 1 10 31 13 23 25 20 26 6 8 5 34 24 29 17 15 12 32 18 27 2 11 7 30 9 0 14 33 16 
0 33
1 8
2 28
3 6
4 7
5 18
6 16
7 30
8 17
9 32
10 9
11 29
12 24
13 11
14 34
15 23
16 36
17 22
18 26
19 2
20 14
21 1
22 4
23 12
24 20
25 13
26 15
27 27
28 0
29 21
30 31
31 10
32 25
33 35
34 19
35 3
36 5
SIMILAR

26 8 33 28 17 21 1 11 2 25 10 19 30 13 18 7 29 24 6 36 16 20 31 14 23 12 27 22 32 3 5 4 9 15 34 0 35 
0 35
1 6
2 8
3 29
4 31
5 30
6 18
7 15
8 1
9 32
10 10
11 7
12 25
13 13
14 23
15 33
16 20
17 4
18 14
19 11
20 21
21 5
22 27
23 24
24 17
25 9
26 0
27 26
28 3
29 16
30 12
31 22
32 28
33 2
34 34
35 36
36 19
SIMILAR

36 6 4 32 23 33 11 1 15 9 31 19 24 27 29 18 25 16 35 26 28 20 7 21 2 5 34 14 22 12 30 3 10 13 0 17 8 
0 34
1 7
2 24
3 31
4 2
5 25
6 1
7 22
8 36
9 9
10 32
11 6
12 29
13 33
14 27
15 8
16 17
17 35
18 15
19 11
20 21
21 23
22 28
23 4
24 12
25 16
26 19
27 13
28 20
29 14
30 30
31 10
32 3
33 5
34 26
35 18
36 0
SIMILAR

20 26 21 6 0 24 15 5 28 2 19 31 32 17 7 30 8 34 16 35 23 1 11 9 12 25 22 29 18 10 36 33 14 3 27 13 4 
0 4
1 21
2 9
3 33
4 36
5 7
6 3
7 14
8 16
9 23
10 29
11 22
12 24
13 35
14 32
15 6
16 18
17 13
18 28
19 10
20 0
21 2
22 26
23 20
24 5
25 25
26 1
27 34
28 8
29 27
30 15
31 11
32 12
33 31
34 17
35 19
36 30
SIMILAR

30 35 2 6 12 25 18 15 23 1 13 19 7 26 22 0 36 10 34 31 4 11 3 9 27 5 33 28 29 17 20 32 14 24 8 21 16 
0 15
1 9
2 2
3 22
4 20
5 25
6 3
7 12
8 34
9 23
10 17
11 21
12 4
13 10
14 32
15 7
16 36
17 29
18 6
19 11
20 30
21 35
22 14
23 8
24 33
25 5
26 13
27 24
28 27
29 28
30 0
31 19
32 31
33 26
34 18
35 1
36 16
SIMILAR

29 17 25 32 15 34 7 3 18 4 28 24 9 5 21 27 35 0 36 6 23 14 1 26 12 33 8 30 11 16 31 13 10 20 22 2 19 
0 17
1 22
2 35
3 7
4 9
5 13
6 19
7 6
8 26
9 12
10 32
11 28
12 24
13 31
14 21
15 4
16 29
17 1
18 8
19 36
20 33
21 14
22 34
23 20
24 11
25 2
26 23
27 15
28 10
29 0
30 27
31 30
32 3
33 25
34 5
35 16
36 18
SIMILAR

17 25 3 18 24 15 0 26 11 4 14 30 10 6 5 2 33 32 29 21 34 12 20 31 8 23 27 35 22 28 36 13 9 1 19 16 7 
0 6
1 33
2 15
3 2
4 9
5 14
6 13
7 36
8 24
9 32
10 12
11 8
12 21
13 31
14 10
15 5
16 35
17 0
18 3
19 34
20 22
21 19
22 28
23 25
24 4
25 1
26 7
27 26
28 29
29 18
30 11
31 23
32 17
33 16
34 20
35 27
36 30
SIMILAR

27 33 22 21 9 2 31 6 20 18 3 25 24 14 19 4 8 36 5 15 0 10 30 35 32 34 29 11 7 28 23 13 26 1 17 12 16 
0 20
1 33
2 5
3 10
4 15
5 18
6 7
7 28
8 16
9 4
10 21
11 27
12 35
13 31
14 13
15 19
16 36
17 34
18 9
19 14
20 8
21 3
22 2
23 30
24 12
25 11
26 32
27 0
28 29
29 26
30 22
31 6
32 24
33 1
34 25
35 23
36 17
SIMILAR

19 5 0 36 26 11 3 28 6 25 12 10 8 9 31 7 21 4 33 14 18 16 15 34 30 13 23 32 17 27 22 35 1 2 24 20 29 
0 2
1 32
2 33
3 6
4 17
5 1
6 8
7 15
8 12
9 13
10 11
11 5
12 10
13 25
14 19
15 22
16 21
17 28
18 20
19 0
20 35
21 16
22 30
23 26
24 34
25 9
26 4
27 29
28 7
29 36
30 24
31 14
32 27
33 18
34 23
35 31
36 3
SIMILAR

30 16 9 13 29 26 1 20 6 24 14 5 3 8 10 27 18 36 4 12 21 15 23 0 31 19 35 32 25 34 17 2 22 33 11 7 28 
0 23
1 6
2 31
3 12
4 18
5 11
6 8
7 35
8 13
9 2
10 14
11 34
12 19
13 3
14 10
15 21
16 1
17 30
18 16
19 25
20 7
21 20
22 32
23 22
24 9
25 28
26 5
27 15
28 36
29 4
30 0
31 24
32 27
33 33
34 29
35 26
36 17
SIMILAR

21 25 2 18 33 16 15 32 30 5 27 1 10 13 28 7 34 0 12 3 8 17 26 36 23 14 6 19 11 31 20 24 22 4 9 35 29 
0 17
1 11
2 2
3 19
4 33
5 9
6 26
7 15
8 20
9 34
10 12
11 28
12 18
13 13
14 25
15 6
16 5
17 21
18 3
19 27
20 30
21 0
22 32
23 24
24 31
25 1
26 22
27 10
28 14
29 36
30 8
31 29
32 7
33 4
34 16
35 35
36 23
SIMILAR

7 34 16 25 6 23 15 9 11 2 31 36 28 35 21 1 27 3 30 24 10 20 19 12 5 29 18 26 17 4 8 32 14 13 33 22 0 
0 36
1 15
2 9
3 17
4 29
5 24
6 4
7 0
8 30
9 7
10 20
11 8
12 23
13 33
14 32
15 6
16 2
17 28
18 26
19 22
20 21
21 14
22 35
23 5
24 19
25 3
26 27
27 16
28 12
29 25
30 18
31 10
32 31
33 34
34 1
35 13
36 11
SIMILAR

13 33 27 11 22 24 9 1 0 14 20 30 7 2 12 31 29 18 34 32 10 5 36 25 28 23 19 15 8 17 35 4 16 6 21 3 26 
0 8
1 7
2 13
3 35
4 31
5 21
6 33
7 12
8 28
9 6
10 20
11 3
12 14
13 0
14 9
15 27
16 32
17 29
18 17
19 26
20 10
21 34
22 4
23 25
24 5
25 23
26 36
27 2
28 24
29 16
30 11
31 15
32 19
33 1
34 18
35 30
36 22
SIMILAR

14 32 11 6 20 22 5 4 33 34 7 0 13 12 8 24 21 23 26 35 36 2 27 19 15 30 16 10 3 28 17 31 1 29 25 9 18 
0 11
1 32
2 21
3 28
4 7
5 6
6 3
7 10
8 14
9 35
10 27
11 2
12 13
13 12
14 0
15 24
16 26
17 30
18 36
19 23
20 4
21 16
22 5
23 17
24 15
25 34
26 18
27 22
28 29
29 33
30 25
31 31
32 1
33 8
34 9
35 19
36 20
SIMILAR

6 18 19 9 32 2 17 13 5 34 10 22 31 0 28 20 12 1 11 15 26 14 25 35 24 21 36 33 8 23 16 4 7 3 29 30 27 
0 13
1 17
2 5
3 33
4 31
5 8
6 0
7 32
8 28
9 3
10 10
11 18
12 16
13 7
14 21
15 19
16 30
17 6
18 1
19 2
20 15
21 25
22 11
23 29
24 24
25 22
26 20
27 36
28 14
29 34
30 35
31 12
32 4
33 27
34 9
35 23
36 26
SIMILAR

3 27 0 33 2 19 22 5 31 1 29 30 18 26 7 16 12 20 10 36 35 15 28 11 24 9 4 32 6 8 25 21 14 13 17 23 34 
0 2
1 9
2 4
3 0
4 26
5 7
6 28
7 14
8 29
9 25
10 18
11 23
12 16
13 33
14 32
15 21
16 15
17 34
18 12
19 5
20 17
21 31
22 6
23 35
24 24
25 30
26 13
27 1
28 22
29 10
30 11
31 8
32 27
33 3
34 36
35 20
36 19
SIMILAR

18 31 3 26 32 12 17 25 1 16 7 0 29 24 23 5 36 20 4 11 14 28 15 30 6 27 9 33 22 10 8 34 35 13 19 21 2 
0 11
1 8
2 36
3 2
4 18
5 15
6 24
7 10
8 30
9 26
10 29
11 19
12 5
13 33
14 20
15 22
16 9
17 6
18 0
19 34
20 17
21 35
22 28
23 14
24 13
25 7
26 3
27 25
28 21
29 12
30 23
31 1
32 4
33 27
34 31
35 32
36 16
SIMILAR

15 30 12 28 1 22 6 20 27 32 35 21 23 17 7 34 2 26 5 36 0 14 13 3 11 24 16 18 8 33 10 4 29 9 31 25 19 
0 20
1 4
2 16
3 23
4 31
5 18
6 6
7 14
8 28
9 33
10 30
11 24
12 2
13 22
14 21
15 0
16 26
17 13
18 27
19 36
20 7
21 11
22 5
23 12
24 25
25 35
26 17
27 8
28 3
29 32
30 1
31 34
32 9
33 29
34 15
35 10
36 19
SIMILAR

36 26 9 13 19 31 8 25 11 17 34 12 4 24 22 29 0 5 14 21 33 35 16 18 20 27 10 6 30 28 2 1 3 23 15 7 32 
0 16
1 31
2 30
3 32
4 12
5 17
6 27
7 35
8 6
9 2
10 26
11 8
12 11
13 3
14 18
15 34
16 22
17 9
18 23
19 4
20 24
21 19
22 14
23 33
24 13
25 7
26 1
27 25
28 29
29 15
30 28
31 5
32 36
33 20
34 10
35 21
36 0
SIMILAR

4 12 5 34 0 32 11 6 9 21 29 31 1 16 26 7 15 19 27 2 20 13 30 33 28 18 25 35 3 22 10 24 8 23 14 17 36 
0 4
1 12
2 19
3 28
4 0
5 2
6 7
7 15
8 32
9 8
10 30
11 6
12 1
13 21
14 34
15 16
16 13
17 35
18 25
19 17
20 20
21 9
22 29
23 33
24 31
25 26
26 14
27 18
28 24
29 10
30 22
31 11
32 5
33 23
34 3
35 27
36 36
SIMILAR

22 0 24 33 15 26 9 3 19 36 30 12 4 31 14 13 34 32 17 1 35 5 25 10 2 29 18 8 28 20 27 6 21 16 23 7 11 
0 1
1 19
2 24
3 7
4 12
5 21
6 31
7 35
8 27
9 6
10 23
11 36
12 11
13 15
14 14
15 4
16 33
17 18
18 26
19 8
20 29
21 32
22 0
23 34
24 2
25 22
26 5
27 30
28 28
29 25
30 10
31 13
32 17
33 3
34 16
35 20
36 9
SIMILAR

31 27 16 20 4 18 6 28 25 10 26 22 9 30 13 29 33 32 7 15 12 36 3 17 11 8 21 0 1 35 24 34 2 14 19 5 23 
0 27
1 28
2 32
3 22
4 4
5 35
6 6
7 18
8 25
9 12
10 9
11 24
12 20
13 14
14 33
15 19
16 2
17 23
18 5
19 34
20 3
21 26
22 11
23 36
24 30
25 8
26 10
27 1
28 7
29 15
30 13
31 0
32 17
33 16
34 31
35 29
36 21
SIMILAR

3 27 10 13 21 18 23 28 4 0 5 16 35 31 6 14 22 9 25 17 7 12 20 15 24 19 36 34 29 8 30 1 2 32 33 11 26 
0 9
1 31
2 32
3 0
4 8
5 10
6 14
7 20
8 29
9 17
10 2
11 35
12 21
13 3
14 15
15 23
16 11
17 19
18 5
19 25
20 22
21 4
22 16
23 6
24 24
25 18
26 36
27 1
28 7
29 28
30 30
31 13
32 33
33 34
34 27
35 12
36 26
SIMILAR

6 2 25 14 1 7 24 26 33 34 20 13 28 12 0 27 3 4 15 8 31 35 19 23 30 10 29 16 9 5 18 17 11 21 22 36 32 
0 14
1 4
2 1
3 16
4 17
5 29
6 0
7 5
8 19
9 28
10 25
11 32
12 13
13 11
14 3
15 18
16 27
17 31
18 30
19 22
20 10
21 33
22 34
23 23
24 6
25 2
26 7
27 15
28 12
29 26
30 24
31 20
32 36
33 8
34 9
35 21
36 35
SIMILAR

10 8 34 26 35 11 9 14 23 27 32 36 30 25 33 2 22 18 3 28 13 5 0 12 20 24 19 16 31 21 7 6 4 1 29 17 15 
0 22
1 33
2 15
3 18
4 32
5 21
6 31
7 30
8 1
9 6
10 0
11 5
12 23
13 20
14 7
15 36
16 27
17 35
18 17
19 26
20 24
21 29
22 16
23 8
24 25
25 13
26 3
27 9
28 19
29 34
30 12
31 28
32 10
33 14
34 2
35 4
36 11
SIMILAR

10 25 32 31 1 15 17 16 9 2 14 35 28 34 23 8 26 3 22 5 7 36 33 21 30 27 6 12 13 4 11 19 24 0 20 29 18 
0 33
1 4
2 9
3 17
4 29
5 19
6 26
7 20
8 15
9 8
10 0
11 30
12 27
13 28
14 10
15 5
16 7
17 6
18 36
19 31
20 34
21 23
22 18
23 14
24 32
25 1
26 16
27 25
28 12
29 35
30 24
31 3
32 2
33 22
34 13
35 11
36 21
SIMILAR

9 23 13 31 22 7 17 11 35 8 0 25 5 4 19 21 10 32 15 14 26 2 36 24 20 18 12 3 27 28 1 6 34 29 16 33 30 
0 10
1 30
2 21
3 27
4 13
5 12
6 31
7 5
8 9
9 0
10 16
11 7
12 26
13 2
14 19
15 18
16 34
17 6
18 25
19 14
20 24
21 15
22 4
23 1
24 23
25 11
26 20
27 28
28 29
29 33
30 36
31 3
32 17
33 35
34 32
35 8
36 22
SIMILAR

2 34 14 18 5 33 19 26 21 32 31 28 6 20 16 23 24 1 8 35 10 3 30 22 12 27 11 25 13 4 36 15 29 17 7 0 9 
0 35
1 17
2 0
3 21
4 29
5 4
6 12
7 34
8 18
9 36
10 20
11 26
12 24
13 28
14 2
15 31
16 14
17 33
18 3
19 6
20 13
21 8
22 23
23 15
24 16
25 27
26 7
27 25
28 11
29 32
30 22
31 10
32 9
33 5
34 1
35 19
36 30
SIMILAR

12 8 5 28 25 4 1 26 2 29 19 22 7 18 35 6 27 30 36 23 0 17 24 14 10 32 21 3 16 20 13 31 11 33 34 9 15 
0 20
1 6
2 8
3 27
4 5
5 2
6 15
7 12
8 1
9 35
10 24
11 32
12 0
13 30
14 23
15 36
16 28
17 21
18 13
19 10
20 29
21 26
22 11
23 19
24 22
25 4
26 7
27 16
28 3
29 9
30 17
31 31
32 25
33 33
34 34
35 14
36 18
SIMILAR

13 26 14 11 20 22 7 19 32 4 2 27 24 30 12 28 25 21 31 23 8 33 0 35 15 1 16 29 18 17 9 5 36 10 6 34 3 
0 22
1 25
2 10
3 36
4 9
5 31
6 34
7 6
8 20
9 30
10 33
11 3
12 14
13 0
14 2
15 24
16 26
17 29
18 28
19 7
20 4
21 17
22 5
23 19
24 12
25 16
26 1
27 11
28 15
29 27
30 13
31 18
32 8
33 21
34 35
35 23
36 32
SIMILAR

17 8 18 7 13 30 26 6 11 19 1 5 24 29 9 2 35 32 36 25 10 21 33 16 27 3 12 15 31 34 23 22 20 28 14 4 0 
0 36
1 10
2 15
3 25
4 35
5 11
6 7
7 3
8 1
9 14
10 20
11 8
12 26
13 4
14 34
15 27
16 23
17 0
18 2
19 9
20 32
21 21
22 31
23 30
24 12
25 19
26 6
27 24
28 33
29 13
30 5
31 28
32 17
33 22
34 29
35 16
36 18
SIMILAR

34 15 28 13 5 27 26 20 10 23 36 7 30 9 1 32 18 25 0 8 11 35 31 2 22 19 17 6 16 4 29 24 33 12 21 3 14 
0 18
1 14
2 23
3 35
4 29
5 4
6 27
7 11
8 19
9 13
10 8
11 20
12 33
13 3
14 36
15 1
16 28
17 26
18 16
19 25
20 7
21 34
22 24
23 9
24 31
25 17
26 6
27 5
28 2
29 30
30 12
31 22
32 15
33 32
34 0
35 21
36 10
SIMILAR

19 27 3 0 2 34 20 21 14 31 30 18 32 17 28 6 23 4 5 10 1 33 11 35 7 16 8 25 9 13 12 29 24 36 26 15 22 
0 3
1 20
2 4
3 2
4 17
5 18
6 15
7 24
8 26
9 28
10 19
11 22
12 30
13 29
14 8
15 35
16 25
17 13
18 11
19 0
20 6
21 7
22 36
23 16
24 32
25 27
26 34
27 1
28 14
29 31
30 10
31 9
32 12
33 21
34 5
35 23
36 33
SIMILAR

36 25 32 14 21 15 34 13 6 28 16 18 23 26 10 27 12 5 4 3 17 33 1 29 8 31 2 35 11 20 24 9 7 19 0 22 30 
0 34
1 22
2 26
3 19
4 18
5 17
6 8
7 32
8 24
9 31
10 14
11 28
12 16
13 7
14 3
15 5
16 10
17 20
18 11
19 33
20 29
21 4
22 35
23 12
24 30
25 1
26 13
27 15
28 9
29 23
30 36
31 25
32 2
33 21
34 6
35 27
36 0
SIMILAR

11 17 16 24 2 32 14 27 30 6 26 10 34 28 31 36 9 4 8 1 13 19 23 5 25 18 35 29 21 20 33 22 12 0 7 3 15 
0 33
1 19
2 4
3 35
4 17
5 23
6 9
7 34
8 18
9 16
10 11
11 0
12 32
13 20
14 6
15 36
16 2
17 1
18 25
19 21
20 29
21 28
22 31
23 22
24 3
25 24
26 10
27 7
28 13
29 27
30 8
31 14
32 5
33 30
34 12
35 26
36 15
SIMILAR

15 19 11 25 29 6 12 28 26 4 10 30 7 32 0 2 33 16 24 14 18 34 23 35 3 8 1 31 20 9 22 5 27 21 17 13 36 
0 14
1 26
2 15
3 24
4 9
5 31
6 5
7 12
8 25
9 29
10 10
11 2
12 6
13 35
14 19
15 0
16 17
17 34
18 20
19 1
20 28
21 33
22 30
23 22
24 18
25 3
26 8
27 32
28 7
29 4
30 11
31 27
32 13
33 16
34 21
35 23
36 36
SIMILAR

23 6 3 12 26 9 2 35 15 16 22 24 4 14 7 36 29 0 10 19 30 31 20 5 28 11 33 1 17 8 18 21 34 27 32 13 25 
0 17
1 27
2 6
3 2
4 12
5 23
6 1
7 14
8 29
9 5
10 18
11 25
12 3
13 35
14 13
15 8
16 9
17 28
18 30
19 19
20 22
21 31
22 10
23 0
24 11
25 36
26 4
27 33
28 24
29 16
30 20
31 21
32 34
33 26
34 32
35 7
36 15
SIMILAR

28 24 22 13 12 0 34 7 4 30 14 2 8 17 31 20 11 15 9 32 29 6 36 18 3 19 35 27 25 5 26 1 23 21 33 10 16 
0 5
1 31
2 11
3 24
4 8
5 29
6 21
7 7
8 12
9 18
10 35
11 16
12 4
13 3
14 10
15 17
16 36
17 13
18 23
19 25
20 15
21 33
22 2
23 32
24 1
25 28
26 30
27 27
28 0
29 20
30 9
31 14
32 19
33 34
34 6
35 26
36 22
SIMILAR

16 26 8 24 3 10 11 21 29 5 28 31 19 32 13 36 20 12 7 23 30 35 4 25 22 14 0 34 17 9 27 1 33 2 6 15 18 
0 26
1 31
2 33
3 4
4 22
5 9
6 34
7 18
8 2
9 29
10 5
11 6
12 17
13 14
14 25
15 35
16 0
17 28
18 36
19 12
20 16
21 7
22 24
23 19
24 3
25 23
26 1
27 30
28 10
29 8
30 20
31 11
32 13
33 32
34 27
35 21
36 15
SIMILAR

14 28 15 17 9 12 4 24 31 26 1 13 3 27 11 5 36 23 33 16 21 32 7 35 20 8 22 10 34 18 25 2 0 29 19 30 6 
0 32
1 10
2 31
3 12
4 6
5 15
6 36
7 22
8 25
9 4
10 27
11 14
12 5
13 11
14 0
15 2
16 19
17 3
18 29
19 34
20 24
21 20
22 26
23 17
24 7
25 30
26 9
27 13
28 1
29 33
30 35
31 8
32 21
33 18
34 28
35 23
36 16
SIMILAR

22 20 7 14 4 27 21 19 31 24 6 5 28 10 8 23 2 16 18 36 13 32 0 30 25 12 35 26 1 3 11 34 15 33 29 17 9 
0 22
1 28
2 16
3 29
4 4
5 11
6 10
7 2
8 14
9 36
10 13
11 30
12 25
13 20
14 3
15 32
16 17
17 35
18 18
19 7
20 1
21 6
22 0
23 15
24 9
25 24
26 27
27 5
28 12
29 34
30 23
31 8
32 21
33 33
34 31
35 26
36 19
SIMILAR

14 10 36 13 12 32 30 17 31 18 3 6 15 22 20 26 29 35 19 27 25 1 24 11 23 2 7 5 28 21 34 0 9 33 8 4 16 
0 31
1 21
2 25
3 10
4 35
5 27
6 11
7 26
8 34
9 32
10 1
11 23
12 4
13 3
14 0
15 12
16 36
17 7
18 9
19 18
20 14
21 29
22 13
23 24
24 22
25 20
26 15
27 19
28 28
29 16
30 6
31 8
32 5
33 33
34 30
35 17
36 2
SIMILAR

1 36 5 3 30 22 15 11 35 28 33 0 27 34 6 32 12 29 24 2 16 14 26 17 4 18 9 19 31 23 21 13 8 20 10 25 7 
0 11
1 0
2 19
3 3
4 24
5 2
6 14
7 36
8 32
9 26
10 34
11 7
12 16
13 31
14 21
15 6
16 20
17 23
18 25
19 27
20 33
21 30
22 5
23 29
24 18
25 35
26 22
27 12
28 9
29 17
30 4
31 28
32 15
33 10
34 13
35 8
36 1
SIMILAR

14 27 33 22 28 17 19 1 26 3 6 23 11 21 35 9 18 12 5 32 29 20 34 4 7 30 8 15 16 2 25 10 13 36 31 0 24 
0 35
1 7
2 29
3 9
4 23
5 18
6 10
7 24
8 26
9 15
10 31
11 12
12 17
13 32
14 0
15 27
16 28
17 5
18 16
19 6
20 21
21 13
22 3
23 11
24 36
25 30
26 8
27 1
28 4
29 20
30 25
31 34
32 19
33 2
34 22
35 14
36 33
SIMILAR

10 5 16 15 13 23 9 3 29 11 7 17 12 33 19 30 8 26 0 6 32 20 34 36 1 2 24 28 31 4 35 18 14 22 25 21 27 
0 18
1 24
2 25
3 7
4 29
5 1
6 19
7 10
8 16
9 6
10 0
11 9
12 12
13 4
14 32
15 3
16 2
17 11
18 31
19 14
20 21
21 35
22 33
23 5
24 26
25 34
26 17
27 36
28 27
29 8
30 15
31 28
32 20
33 13
34 22
35 30
36 23
SIMILAR

17 26 35 33 5 14 32 19 11 21 6 13 9 18 7 8 4 1 2 31 27 30 36 28 16 10 23 12 24 20 15 29 22 34 3 0 25 
0 35
1 17
2 18
3 34
4 16
5 4
6 10
7 14
8 15
9 12
10 25
11 8
12 27
13 11
14 5
15 30
16 24
17 0
18 13
19 7
20 29
21 9
22 32
23 26
24 28
25 36
26 1
27 20
28 23
29 31
30 21
31 19
32 6
33 3
34 33
35 2
36 22
SIMILAR

19 8 16 21 14 32 3 13 11 33 24 4 29 25 31 27 28 36 1 7 22 34 6 26 2 18 17 0 9 20 23 30 35 15 12 10 5 
0 27
1 18
2 24
3 6
4 11
5 36
6 22
7 19
8 1
9 28
10 35
11 8
12 34
13 7
14 4
15 33
16 2
17 26
18 25
19 0
20 29
21 3
22 20
23 30
24 10
25 13
26 23
27 15
28 16
29 12
30 31
31 14
32 5
33 9
34 21
35 32
36 17
SIMILAR

35 28 31 13 19 26 25 22 24 18 30 14 7 12 16 32 36 20 4 17 8 9 5 0 33 27 6 23 1 10 15 34 29 3 11 2 21 
0 23
1 28
2 35
3 33
4 18
5 22
6 26
7 12
8 20
9 21
10 29
11 34
12 13
13 3
14 11
15 30
16 14
17 19
18 9
19 4
20 17
21 36
22 7
23 27
24 8
25 6
26 5
27 25
28 1
29 32
30 10
31 2
32 15
33 24
34 31
35 0
36 16
SIMILAR

30 17 12 15 14 31 0 25 29 23 22 10 2 36 11 34 32 9 20 18 19 1 3 13 27 7 21 8 35 33 24 16 5 26 6 28 4 
0 6
1 21
2 12
3 22
4 36
5 32
6 34
7 25
8 27
9 17
10 11
11 14
12 2
13 23
14 4
15 3
16 31
17 1
18 19
19 20
20 18
21 26
22 10
23 9
24 30
25 7
26 33
27 24
28 35
29 8
30 0
31 5
32 16
33 29
34 15
35 28
36 13
SIMILAR

9 14 1 33 30 32 28 36 4 2 31 19 18 22 16 7 0 25 3 13 27 26 34 20 11 10 35 23 17 6 8 15 29 12 21 5 24 
0 16
1 2
2 9
3 18
4 8
5 35
6 29
7 15
8 30
9 0
10 25
11 24
12 33
13 19
14 1
15 31
16 14
17 28
18 12
19 11
20 23
21 34
22 13
23 27
24 36
25 17
26 21
27 20
28 6
29 32
30 4
31 10
32 5
33 3
34 22
35 26
36 7
SIMILAR

23 20 30 3 1 22 15 33 10 5 11 12 28 2 34 9 4 35 8 24 36 6 17 7 21 32 0 16 31 13 18 25 19 14 29 26 27 
0 26
1 4
2 13
3 3
4 16
5 9
6 21
7 23
8 18
9 15
10 8
11 10
12 11
13 29
14 33
15 6
16 27
17 22
18 30
19 32
20 1
21 24
22 5
23 0
24 19
25 31
26 35
27 36
28 12
29 34
30 2
31 28
32 25
33 7
34 14
35 17
36 20
SIMILAR

26 7 18 23 10 3 13 36 25 20 14 8 5 33 32 22 21 9 0 11 35 17 29 27 12 4 1 28 15 34 31 24 6 30 19 16 2 
0 18
1 26
2 36
3 5
4 25
5 12
6 32
7 1
8 11
9 17
10 4
11 19
12 24
13 6
14 10
15 28
16 35
17 21
18 2
19 34
20 9
21 16
22 15
23 3
24 31
25 8
26 0
27 23
28 27
29 22
30 33
31 30
32 14
33 13
34 29
35 20
36 7
SIMILAR

3 19 17 14 24 20 34 16 18 35 32 21 13 2 15 23 27 12 0 26 31 4 9 33 30 6 10 1 11 22 28 8 25 5 36 7 29 
0 18
1 27
2 13
3 0
4 21
5 33
6 25
7 35
8 31
9 22
10 26
11 28
12 17
13 12
14 3
15 14
16 7
17 2
18 8
19 1
20 5
21 11
22 29
23 15
24 4
25 32
26 19
27 16
28 30
29 36
30 24
31 20
32 10
33 23
34 6
35 9
36 34
SIMILAR

10 24 8 5 15 19 14 20 33 0 21 7 6 18 11 4 36 32 29 31 9 2 35 23 1 13 30 22 27 34 26 17 16 28 25 12 3 
0 9
1 24
2 21
3 36
4 15
5 3
6 12
7 11
8 2
9 20
10 0
11 14
12 35
13 25
14 6
15 4
16 32
17 31
18 13
19 5
20 7
21 10
22 27
23 23
24 1
25 34
26 30
27 28
28 33
29 18
30 26
31 19
32 17
33 8
34 29
35 22
36 16
SIMILAR

19 34 3 31 33 13 5 11 23 8 2 29 16 32 9 1 36 12 10 18 17 20 6 27 21 15 7 35 24 25 14 30 22 4 26 28 0 
0 36
1 15
2 10
3 2
4 33
5 6
6 22
7 26
8 9
9 14
10 18
11 7
12 17
13 5
14 30
15 25
16 12
17 20
18 19
19 0
20 21
21 24
22 32
23 8
24 28
25 29
26 34
27 23
28 35
29 11
30 31
31 3
32 13
33 4
34 1
35 27
36 16
SIMILAR

6 13 23 4 8 16 32 24 2 31 10 29 34 21 19 25 22 33 30 12 15 11 36 3 17 20 7 1 14 5 26 9 18 0 27 28 35 
0 33
1 27
2 8
3 23
4 3
5 29
6 0
7 26
8 4
9 31
10 10
11 21
12 19
13 1
14 28
15 20
16 5
17 24
18 32
19 14
20 25
21 13
22 16
23 2
24 7
25 15
26 30
27 34
28 35
29 11
30 18
31 9
32 6
33 17
34 12
35 36
36 22
SIMILAR

29 14 16 35 3 1 36 25 12 6 23 15 13 31 30 28 27 32 4 22 2 34 21 5 20 24 10 26 19 17 11 9 18 8 7 33 0 
0 36
1 5
2 20
3 4
4 18
5 23
6 9
7 34
8 33
9 31
10 26
11 30
12 8
13 12
14 1
15 11
16 2
17 29
18 32
19 28
20 24
21 22
22 19
23 10
24 25
25 7
26 27
27 16
28 15
29 0
30 14
31 13
32 17
33 35
34 21
35 3
36 6
SIMILAR

16 22 33 25 5 34 11 8 9 18 13 36 35 20 7 32 19 26 3 21 17 31 30 28 0 29 24 4 10 14 12 6 15 1 2 23 27 
0 24
1 33
2 34
3 18
4 27
5 4
6 31
7 14
8 7
9 8
10 28
11 6
12 30
13 10
14 29
15 32
16 0
17 20
18 9
19 16
20 13
21 19
22 1
23 35
24 26
25 3
26 17
27 36
28 23
29 25
30 22
31 21
32 15
33 2
34 5
35 12
36 11
SIMILAR

1 8 17 33 5 21 10 23 11 24 13 25 9 12 7 30 14 31 20 16 19 4 35 27 26 15 0 18 36 2 6 28 3 29 32 22 34 
0 26
1 0
2 29
3 32
4 21
5 4
6 30
7 14
8 1
9 12
10 6
11 8
12 13
13 10
14 16
15 25
16 19
17 2
18 27
19 20
20 18
21 5
22 35
23 7
24 9
25 11
26 24
27 23
28 31
29 33
30 15
31 17
32 34
33 3
34 36
35 22
36 28
SIMILAR

19 20 21 6 18 35 28 10 31 33 16 5 34 22 32 14 13 9 4 1 23 29 30 3 17 15 12 36 7 25 2 26 24 11 0 8 27 
0 34
1 19
2 30
3 23
4 18
5 11
6 3
7 28
8 35
9 17
10 7
11 33
12 26
13 16
14 15
15 25
16 10
17 24
18 4
19 0
20 1
21 2
22 13
23 20
24 32
25 29
26 31
27 36
28 6
29 21
30 22
31 8
32 14
33 9
34 12
35 5
36 27
SIMILAR

29 27 5 31 21 33 11 30 19 23 22 13 17 12 15 28 18 20 0 8 4 32 36 6 9 2 14 24 26 7 3 16 1 34 10 25 35 
0 18
1 32
2 25
3 30
4 20
5 2
6 23
7 29
8 19
9 24
10 34
11 6
12 13
13 11
14 26
15 14
16 31
17 12
18 16
19 8
20 17
21 4
22 10
23 9
24 27
25 35
26 28
27 1
28 15
29 0
30 7
31 3
32 21
33 5
34 33
35 36
36 22
SIMILAR

24 20 33 25 7 30 1 21 35 12 23 27 29 5 32 14 2 31 11 9 10 34 36 18 16 19 8 4 6 17 13 22 15 0 26 28 3 
0 33
1 6
2 16
3 36
4 27
5 13
6 28
7 4
8 26
9 19
10 20
11 18
12 9
13 30
14 15
15 32
16 24
17 29
18 23
19 25
20 1
21 7
22 31
23 10
24 0
25 3
26 34
27 11
28 35
29 12
30 5
31 17
32 14
33 2
34 21
35 8
36 22
SIMILAR

19 11 14 18 23 5 16 21 17 9 1 33 26 0 32 36 15 2 3 7 35 22 31 27 34 13 8 12 10 4 28 6 29 25 30 24 20 
0 13
1 10
2 17
3 18
4 29
5 5
6 31
7 19
8 26
9 9
10 28
11 1
12 27
13 25
14 2
15 16
16 6
17 8
18 3
19 0
20 36
21 7
22 21
23 4
24 35
25 33
26 12
27 23
28 30
29 32
30 34
31 22
32 14
33 11
34 24
35 20
36 15
SIMILAR

28 3 35 27 21 31 5 36 34 22 8 7 10 6 12 32 24 20 2 9 29 15 30 33 18 16 1 23 0 17 4 13 11 26 25 14 19 
0 28
1 26
2 18
3 1
4 30
5 6
6 13
7 11
8 10
9 19
10 12
11 32
12 14
13 31
14 35
15 21
16 25
17 29
18 24
19 36
20 17
21 4
22 9
23 27
24 16
25 34
26 33
27 3
28 0
29 20
30 22
31 5
32 15
33 23
34 8
35 2
36 7
SIMILAR

2 28 26 24 9 33 22 1 13 16 25 18 20 15 32 7 10 30 5 14 17 11 3 35 19 4 21 27 36 23 12 29 34 31 0 6 8 
0 34
1 7
2 0
3 22
4 25
5 18
6 35
7 15
8 36
9 4
10 16
11 21
12 30
13 8
14 19
15 13
16 9
17 20
18 11
19 24
20 12
21 26
22 6
23 29
24 3
25 10
26 2
27 27
28 1
29 31
30 17
31 33
32 14
33 5
34 32
35 23
36 28
SIMILAR

35 6 19 29 16 21 36 1 8 20 4 23 5 7 27 18 14 15 9 22 30 3 0 26 31 24 12 25 33 2 28 10 34 13 32 11 17 
0 22
1 7
2 29
3 21
4 10
5 12
6 1
7 13
8 8
9 18
10 31
11 35
12 26
13 33
14 16
15 17
16 4
17 36
18 15
19 2
20 9
21 5
22 19
23 11
24 25
25 27
26 23
27 14
28 30
29 3
30 20
31 24
32 34
33 28
34 32
35 0
36 6
SIMILAR

24 31 6 33 29 13 22 5 34 17 23 26 32 2 35 12 28 18 4 15 27 20 14 0 16 30 25 1 11 19 7 3 8 9 36 10 21 
0 23
1 27
2 13
3 31
4 18
5 7
6 2
7 30
8 32
9 33
10 35
11 28
12 15
13 5
14 22
15 19
16 24
17 9
18 17
19 29
20 21
21 36
22 6
23 10
24 0
25 26
26 11
27 20
28 16
29 4
30 25
31 1
32 12
33 3
34 8
35 14
36 34
SIMILAR

28 11 36 2 3 16 23 31 13 9 14 15 32 21 30 17 22 8 34 35 20 6 1 4 33 19 18 10 27 7 24 25 26 5 12 29 0 
0 36
1 22
2 3
3 4
4 23
5 33
6 21
7 29
8 17
9 9
10 27
11 1
12 34
13 8
14 10
15 11
16 5
17 15
18 26
19 25
20 20
21 13
22 16
23 6
24 30
25 31
26 32
27 28
28 0
29 35
30 14
31 7
32 12
33 24
34 18
35 19
36 2
SIMILAR

18 8 4 34 21 12 15 29 3 11 27 0 20 16 36 14 32 26 23 5 9 2 7 10 19 1 33 22 17 13 24 30 31 25 35 28 6 
0 11
1 25
2 21
3 8
4 2
5 19
6 36
7 22
8 1
9 20
10 23
11 9
12 5
13 29
14 15
15 6
16 13
17 28
18 0
19 24
20 12
21 4
22 27
23 18
24 30
25 33
26 17
27 10
28 35
29 7
30 31
31 32
32 16
33 26
34 3
35 34
36 14
SIMILAR

33 9 29 35 24 23 2 17 1 6 21 30 20 10 34 15 11 31 16 7 0 12 22 18 4 32 25 19 27 8 13 26 14 28 36 3 5 
0 20
1 8
2 6
3 35
4 24
5 36
6 9
7 19
8 29
9 1
10 13
11 16
12 21
13 30
14 32
15 15
16 18
17 7
18 23
19 27
20 12
21 10
22 22
23 5
24 4
25 26
26 31
27 28
28 33
29 2
30 11
31 17
32 25
33 0
34 14
35 3
36 34
SIMILAR

26 17 15 2 22 18 1 13 30 12 29 10 4 25 19 9 27 28 21 5 14 23 33 3 34 11 16 0 7 32 20 6 31 35 24 36 8 
0 27
1 6
2 3
3 23
4 12
5 19
6 31
7 28
8 36
9 15
10 11
11 25
12 9
13 7
14 20
15 2
16 26
17 1
18 5
19 14
20 30
21 18
22 4
23 21
24 34
25 13
26 0
27 16
28 17
29 10
30 8
31 32
32 29
33 22
34 24
35 33
36 35
SIMILAR

26 36 6 8 24 1 33 22 30 5 3 16 12 9 34 10 32 7 19 23 29 17 20 0 4 28 13 25 18 15 21 11 35 27 31 14 2 
0 23
1 5
2 36
3 10
4 24
5 9
6 2
7 17
8 3
9 13
10 15
11 31
12 12
13 26
14 35
15 29
16 11
17 21
18 28
19 18
20 22
21 30
22 7
23 19
24 4
25 27
26 0
27 33
28 25
29 20
30 8
31 34
32 16
33 6
34 14
35 32
36 1
SIMILAR

15 3 9 4 1 6 24 29 13 23 2 33 17 8 28 30 16 11 27 32 12 7 26 19 10 18 5 35 22 34 31 0 20 25 36 21 14 
0 31
1 4
2 10
3 1
4 3
5 26
6 5
7 21
8 13
9 2
10 24
11 17
12 20
13 8
14 36
15 0
16 16
17 12
18 25
19 23
20 32
21 35
22 28
23 9
24 6
25 33
26 22
27 18
28 14
29 7
30 15
31 30
32 19
33 11
34 29
35 27
36 34
SIMILAR

29 17 31 26 9 21 14 18 28 36 33 15 6 1 32 0 35 24 5 20 8 30 23 12 19 16 34 22 7 25 13 2 3 10 27 4 11 
0 15
1 13
2 31
3 32
4 35
5 18
6 12
7 28
8 20
9 4
10 33
11 36
12 23
13 30
14 6
15 11
16 25
17 1
18 7
19 24
20 19
21 5
22 27
23 22
24 17
25 29
26 3
27 34
28 8
29 0
30 21
31 2
32 14
33 10
34 26
35 16
36 9
SIMILAR

17 26 36 22 33 2 30 31 20 7 23 32 9 12 27 4 5 28 11 34 35 19 15 24 0 29 3 21 13 16 8 6 14 1 10 25 18 
0 24
1 33
2 5
3 26
4 15
5 16
6 31
7 9
8 30
9 12
10 34
11 18
12 13
13 28
14 32
15 22
16 29
17 0
18 36
19 21
20 8
21 27
22 3
23 10
24 23
25 35
26 1
27 14
28 17
29 25
30 6
31 7
32 11
33 4
34 19
35 20
36 2
SIMILAR

9 7 22 26 10 20 12 27 1 34 0 31 29 4 24 30 6 18 33 35 19 3 11 8 25 23 2 17 15 13 28 36 14 32 5 16 21 
0 10
1 8
2 26
3 21
4 13
5 34
6 16
7 1
8 23
9 0
10 4
11 22
12 6
13 29
14 32
15 28
16 35
17 27
18 17
19 20
20 5
21 36
22 2
23 25
24 14
25 24
26 3
27 7
28 30
29 12
30 15
31 11
32 33
33 18
34 9
35 19
36 31
SIMILAR

35 26 16 24 25 28 18 13 27 10 34 6 7 11 22 1 4 15 14 31 21 36 0 20 8 30 32 23 29 33 19 12 9 5 3 17 2 
0 22
1 15
2 36
3 34
4 16
5 33
6 11
7 12
8 24
9 32
10 9
11 13
12 31
13 7
14 18
15 17
16 2
17 35
18 6
19 30
20 23
21 20
22 14
23 27
24 3
25 4
26 1
27 8
28 5
29 28
30 25
31 19
32 26
33 29
34 10
35 0
36 21
SIMILAR

7 24 29 19 27 18 12 36 1 25 9 16 21 31 35 8 32 20 5 4 34 6 23 17 28 2 10 14 3 0 11 22 13 15 33 26 30 
0 29
1 8
2 25
3 28
4 19
5 18
6 21
7 0
8 15
9 10
10 26
11 30
12 6
13 32
14 27
15 33
16 11
17 23
18 5
19 3
20 17
21 12
22 31
23 22
24 1
25 9
26 35
27 4
28 24
29 2
30 36
31 13
32 16
33 34
34 20
35 14
36 7
SIMILAR

2 12 1 33 35 21 30 32 20 0 11 17 25 36 6 13 15 8 14 26 19 34 29 18 10 4 24 27 9 3 22 5 31 16 28 7 23 
0 9
1 2
2 0
3 29
4 25
5 31
6 14
7 35
8 17
9 28
10 24
11 10
12 1
13 15
14 18
15 16
16 33
17 11
18 23
19 20
20 8
21 5
22 30
23 36
24 26
25 12
26 19
27 27
28 34
29 22
30 6
31 32
32 7
33 3
34 21
35 4
36 13
SIMILAR

9 25 6 16 8 12 21 35 27 1 10 19 30 11 0 32 14 7 26 33 18 15 31 22 5 13 23 4 36 28 34 29 24 20 17 2 3 
0 14
1 9
2 35
3 36
4 27
5 24
6 2
7 17
8 4
9 0
10 10
11 13
12 5
13 25
14 16
15 21
16 3
17 34
18 20
19 11
20 33
21 6
22 23
23 26
24 32
25 1
26 18
27 8
28 29
29 31
30 12
31 22
32 15
33 19
34 30
35 7
36 28
SIMILAR

7 30 13 32 16 22 33 27 9 26 4 8 36 2 1 35 18 25 34 11 17 15 28 6 3 23 20 19 14 12 24 21 31 29 5 0 10 
0 35
1 14
2 13
3 24
4 10
5 34
6 23
7 0
8 11
9 8
10 36
11 19
12 29
13 2
14 28
15 21
16 4
17 20
18 16
19 27
20 26
21 31
22 5
23 25
24 30
25 17
26 9
27 7
28 22
29 33
30 1
31 32
32 3
33 6
34 18
35 15
36 12
SIMILAR

11 32 14 8 13 17 6 31 5 9 25 30 28 2 4 29 0 21 1 24 26 12 16 36 3 10 15 23 18 22 33 35 27 34 19 7 20 
0 16
1 18
2 13
3 24
4 14
5 8
6 6
7 35
8 3
9 9
10 25
11 0
12 21
13 4
14 2
15 26
16 22
17 5
18 28
19 34
20 36
21 17
22 29
23 27
24 19
25 10
26 20
27 32
28 12
29 15
30 11
31 7
32 1
33 30
34 33
35 31
36 23
SIMILAR

9 34 29 10 12 33 14 22 32 26 2 13 24 35 36 11 1 28 15 3 17 19 20 23 8 4 7 31 5 6 25 30 27 18 0 21 16 
0 34
1 16
2 10
3 19
4 25
5 28
6 29
7 26
8 24
9 0
10 3
11 15
12 4
13 11
14 6
15 18
16 36
17 20
18 33
19 21
20 22
21 35
22 7
23 23
24 12
25 30
26 9
27 32
28 17
29 2
30 31
31 27
32 8
33 5
34 1
35 13
36 14
SIMILAR
100 0
9200 0
339200 0
