37
0 0 0 0 0 1 0 1 1 1 1 1 0 1 0 1 1 0 1 1 1 1 1 0 0 1 1 1 0 1 0 1 1 0 0 0 0 
0 0 0 1 1 1 0 1 1 0 1 1 1 1 0 1 0 1 1 0 0 1 0 1 0 0 0 1 0 0 0 0 0 1 1 0 0 
0 0 0 0 0 1 1 1 1 1 0 1 1 1 1 0 0 1 0 1 1 1 0 1 1 1 1 0 1 1 1 1 0 1 1 0 0 
0 1 0 0 0 0 1 0 1 1 1 0 0 0 0 0 1 0 1 0 1 1 0 0 0 1 0 0 1 0 0 0 1 1 0 1 1 
0 1 0 0 0 1 1 1 1 0 0 0 0 0 1 1 0 1 0 0 1 0 0 0 0 1 0 1 0 0 1 0 0 0 1 1 0 
1 1 1 0 1 0 1 1 0 1 0 1 1 0 0 0 1 0 1 0 0 0 1 1 1 1 1 1 0 1 0 0 0 1 1 0 1 
0 0 1 1 1 1 0 0 1 1 1 1 0 1 0 1 1 1 1 0 1 0 1 0 1 1 1 1 1 0 0 1 0 0 0 0 0 
1 1 1 0 1 1 0 0 0 0 0 0 1 1 0 0 1 0 1 1 0 0 1 0 1 1 1 0 0 1 1 1 0 0 1 0 0 
1 1 1 1 1 0 1 0 0 1 1 1 1 0 0 1 1 0 0 0 1 0 1 1 1 0 0 0 0 0 1 1 0 1 1 1 0 
1 0 1 1 0 1 1 0 1 0 0 0 1 1 1 1 0 0 1 0 1 0 0 1 0 0 1 0 1 0 1 1 0 0 0 1 1 
1 1 0 1 0 0 1 0 1 0 0 0 0 0 1 1 1 0 1 1 0 0 1 0 0 1 0 0 0 0 0 1 0 0 0 0 0 
1 1 1 0 0 1 1 0 1 0 0 0 1 1 1 0 0 1 0 1 0 1 1 1 0 0 1 1 0 0 0 0 1 1 1 1 1 
0 1 1 0 0 1 0 1 1 1 0 1 0 1 1 0 0 1 1 0 1 1 0 1 1 0 0 0 1 0 1 0 1 1 1 1 1 
1 1 1 0 0 0 1 1 0 1 0 1 1 0 1 1 1 0 0 1 1 0 0 1 0 1 1 1 1 1 0 0 0 0 1 0 1 
0 0 1 0 1 0 0 0 0 1 1 1 1 1 0 0 1 0 0 1 0 0 0 0 0 1 0 0 0 0 0 1 1 1 0 0 1 
1 1 0 0 1 0 1 0 1 1 1 0 0 1 0 0 0 1 0 0 0 1 0 1 1 0 0 0 1 1 1 0 1 0 1 1 1 
1 0 0 1 0 1 1 1 1 0 1 0 0 1 1 0 0 0 1 1 1 1 1 1 0 0 1 1 0 0 1 1 1 0 0 1 1 
0 1 1 0 1 0 1 0 0 0 0 1 1 0 0 1 0 0 0 0 0 1 1 0 0 0 0 0 0 0 1 1 0 0 0 1 1 
1 1 0 1 0 1 1 1 0 1 1 0 1 0 0 0 1 0 0 1 0 1 0 1 1 1 0 0 1 0 0 1 1 1 0 0 0 
1 0 1 0 0 0 0 1 0 0 1 1 0 1 1 0 1 0 1 0 0 1 0 1 0 1 1 1 0 0 1 1 1 1 1 1 1 
1 0 1 1 1 0 1 0 1 1 0 0 1 1 0 0 1 0 0 0 0 0 0 1 0 0 1 0 1 0 0 1 0 0 1 0 0 
1 1 1 1 0 0 0 0 0 0 0 1 1 0 0 1 1 1 1 1 0 0 0 0 1 1 0 1 1 0 0 0 1 1 0 1 0 
1 0 0 0 0 1 1 1 1 0 1 1 0 0 0 0 1 1 0 0 0 0 0 1 0 1 0 0 1 1 1 0 0 1 0 0 1 
0 1 1 0 0 1 0 0 1 1 0 1 1 1 0 1 1 0 1 1 1 0 1 0 1 1 1 0 0 0 1 1 1 0 1 1 1 
0 0 1 0 0 1 1 1 1 0 0 0 1 0 0 1 0 0 1 0 0 1 0 1 0 1 1 0 1 0 0 1 0 0 1 0 1 
1 0 1 1 1 1 1 1 0 0 1 0 0 1 1 0 0 0 1 1 0 1 1 1 1 0 1 1 0 1 0 0 1 1 0 1 0 
1 0 1 0 0 1 1 1 0 1 0 1 0 1 0 0 1 0 0 1 1 0 0 1 1 1 0 0 0 1 1 1 0 1 0 0 1 
1 1 0 0 1 1 1 0 0 0 0 1 0 1 0 0 1 0 0 1 0 1 0 0 0 1 0 0 1 1 0 1 1 0 0 0 0 
0 0 1 1 0 0 1 0 0 1 0 0 1 1 0 1 0 0 1 0 1 1 1 0 1 0 0 1 0 0 1 0 1 1 0 1 1 
1 0 1 0 0 1 0 1 0 0 0 0 0 1 0 1 0 0 0 0 0 0 1 0 0 1 1 1 0 0 0 0 1 1 1 1 0 
0 0 1 0 1 0 0 1 1 1 0 0 1 0 0 1 1 1 0 1 0 0 1 1 0 0 1 0 1 0 0 1 0 0 1 0 0 
1 0 1 0 0 0 1 1 1 1 1 0 0 0 1 0 1 1 1 1 1 0 0 1 1 0 1 1 0 0 1 0 0 1 1 0 1 
1 0 0 1 0 0 0 0 0 0 0 1 1 0 1 1 1 0 1 1 0 1 0 1 0 1 0 1 1 1 0 0 0 1 0 1 0 
0 1 1 1 0 1 0 0 1 0 0 1 1 0 1 0 0 0 1 1 0 1 1 0 0 1 1 0 1 1 0 1 1 0 0 0 1 
0 1 1 0 1 1 0 1 1 0 0 1 1 1 0 1 0 0 0 1 1 0 0 1 1 0 0 0 0 1 1 1 0 0 0 1 1 
0 0 0 1 1 0 0 0 1 1 0 1 1 0 0 1 1 1 0 1 0 1 0 1 0 1 0 0 1 1 0 0 1 0 1 0 1 
0 0 0 1 0 1 0 0 0 1 0 1 1 1 1 1 1 1 0 1 0 0 1 1 1 0 1 0 1 0 0 1 0 1 1 1 0 

35 36 15 6 4 27 5 13 25 32 14 31 24 26 33 20 2 3 0 28 11 8 16 17 22 10 9 30 1 7 21 12 18 19 34 29 23 
0 18
1 28
2 16
3 17
4 4
5 6
6 3
7 29
8 21
9 26
10 25
11 20
12 31
13 7
14 10
15 2
16 22
17 23
18 32
19 33
20 15
21 30
22 24
23 36
24 12
25 8
26 13
27 5
28 19
29 35
30 27
31 11
32 9
33 14
34 34
35 0
36 1
SIMILAR

6 17 9 0 36 18 26 31 21 1 10 2 22 13 27 28 20 24 23 16 19 5 15 32 35 4 8 29 33 7 25 14 12 3 34 30 11 
0 3
1 9
2 11
3 33
4 25
5 21
6 0
7 29
8 26
9 2
10 10
11 36
12 32
13 13
14 31
15 22
16 19
17 1
18 5
19 20
20 16
21 8
22 12
23 18
24 17
25 30
26 6
27 14
28 15
29 27
30 35
31 7
32 23
33 28
34 34
35 24
36 4
SIMILAR

27 22 8 32 18 26 5 10 29 2 11 33 13 28 3 14 15 1 31 20 9 25 0 24 19 7 17 36 6 23 4 30 35 21 34 12 16 
0 22
1 17
2 9
3 14
4 30
5 6
6 28
7 25
8 2
9 20
10 7
11 10
12 35
13 12
14 15
15 16
16 36
17 26
18 4
19 24
20 19
21 33
22 1
23 29
24 23
25 21
26 5
27 0
28 13
29 8
30 31
31 18
32 3
33 11
34 34
35 32
36 27
SIMILAR

15 6 36 7 30 17 32 33 14 18 13 10 34 2 19 4 28 12 11 20 22 35 0 24 8 1 9 25 27 29 26 16 5 21 31 23 3 
0 22
1 25
2 13
3 36
4 15
5 32
6 1
7 3
8 24
9 26
10 11
11 18
12 17
13 10
14 8
15 0
16 31
17 5
18 9
19 14
20 19
21 33
22 20
23 35
24 23
25 27
26 30
27 28
28 16
29 29
30 4
31 34
32 6
33 7
34 12
35 21
36 2
SIMILAR

33 26 36 9 25 30 12 15 7 19 11 27 8 31 17 0 3 1 10 13 20 35 34 18 14 4 22 16 23 21 32 5 29 6 28 24 2 
0 15
1 17
2 36
3 16
4 25
5 31
6 33
7 8
8 12
9 3
10 18
11 10
12 6
13 19
14 24
15 7
16 27
17 14
18 23
19 9
20 20
21 29
22 26
23 28
24 35
25 4
26 1
27 11
28 34
29 32
30 5
31 13
32 30
33 0
34 22
35 21
36 2
SIMILAR

5 30 36 14 12 24 20 8 16 27 10 15 11 1 28 2 31 21 32 4 3 6 35 22 34 0 33 7 17 18 19 23 13 25 9 29 26 
0 25
1 13
2 15
3 20
4 19
5 0
6 21
7 27
8 7
9 34
10 10
11 12
12 4
13 32
14 3
15 11
16 8
17 28
18 29
19 30
20 6
21 17
22 23
23 31
24 5
25 33
26 36
27 9
28 14
29 35
30 1
31 16
32 18
33 26
34 24
35 22
36 2
SIMILAR

6 10 29 35 36 31 27 15 32 13 14 11 2 0 18 20 12 4 3 23 21 30 8 5 33 1 28 17 34 9 25 24 16 26 19 22 7 
0 13
1 25
2 12
3 18
4 17
5 23
6 0
7 36
8 22
9 29
10 1
11 11
12 16
13 9
14 10
15 7
16 32
17 27
18 14
19 34
20 15
21 20
22 35
23 19
24 31
25 30
26 33
27 6
28 26
29 2
30 21
31 5
32 8
33 24
34 28
35 3
36 4
SIMILAR

10 31 36 29 1 5 34 7 30 23 28 22 0 2 24 3 35 6 20 25 17 18 19 11 13 16 4 32 14 26 21 12 15 8 27 33 9 
0 12
1 4
2 13
3 15
4 26
5 5
6 17
7 7
8 33
9 36
10 0
11 23
12 31
13 24
14 28
15 32
16 25
17 20
18 21
19 22
20 18
21 30
22 11
23 9
24 14
25 19
26 29
27 34
28 10
29 3
30 8
31 1
32 27
33 35
34 6
35 16
36 2
SIMILAR

33 24 32 9 31 5 21 17 35 14 13 12 6 20 7 18 2 23 8 1 10 28 27 36 3 11 19 29 16 4 25 30 0 34 26 15 22 
0 32
1 19
2 16
3 24
4 29
5 5
6 12
7 14
8 18
9 3
10 20
11 25
12 11
13 10
14 9
15 35
16 28
17 7
18 15
19 26
20 13
21 6
22 36
23 17
24 1
25 30
26 34
27 22
28 21
29 27
30 31
31 4
32 2
33 0
34 33
35 8
36 23
SIMILAR

32 9 2 16 7 15 30 3 6 4 24 10 5 22 18 14 33 0 8 27 23 35 26 17 12 28 21 36 1 29 25 31 20 34 19 13 11 
0 17
1 28
2 2
3 7
4 9
5 12
6 8
7 4
8 18
9 1
10 11
11 36
12 24
13 35
14 15
15 5
16 3
17 23
18 14
19 34
20 32
21 26
22 13
23 20
24 10
25 30
26 22
27 19
28 25
29 29
30 6
31 31
32 0
33 16
34 33
35 21
36 27
SIMILAR

32 33 29 31 20 7 19 15 30 11 25 10 16 27 9 4 18 21 24 17 8 12 34 0 23 35 13 22 36 14 6 2 28 5 3 26 1 
0 23
1 36
2 31
3 34
4 15
5 33
6 30
7 5
8 20
9 14
10 11
11 9
12 21
13 26
14 29
15 7
16 12
17 19
18 16
19 6
20 4
21 17
22 27
23 24
24 18
25 10
26 35
27 13
28 32
29 2
30 8
31 3
32 0
33 1
34 22
35 25
36 28
SIMILAR

13 12 25 34 36 24 0 4 31 10 35 30 26 23 8 6 22 33 2 20 19 28 21 17 7 29 18 11 9 3 32 15 1 16 5 14 27 
0 6
1 32
2 18
3 29
4 7
5 34
6 15
7 24
8 14
9 28
10 9
11 27
12 1
13 0
14 35
15 31
16 33
17 23
18 26
19 20
20 19
21 22
22 16
23 13
24 5
25 2
26 12
27 36
28 21
29 25
30 11
31 8
32 30
33 17
34 3
35 10
36 4
SIMILAR

27 2 22 3 15 17 14 6 16 7 8 35 13 10 33 32 11 36 24 29 1 19 28 26 34 0 21 25 12 5 30 23 4 9 18 20 31 
0 25
1 20
2 1
3 3
4 32
5 29
6 7
7 9
8 10
9 33
10 13
11 16
12 28
13 12
14 6
15 4
16 8
17 5
18 34
19 21
20 35
21 26
22 2
23 31
24 18
25 27
26 23
27 0
28 22
29 19
30 30
31 36
32 15
33 14
34 24
35 11
36 17
SIMILAR

0 31 11 15 17 20 30 32 6 8 5 14 3 12 10 22 27 29 24 21 28 13 35 1 19 26 2 9 18 7 34 36 16 23 25 33 4 
0 0
1 23
2 26
3 12
4 36
5 10
6 8
7 29
8 9
9 27
10 14
11 2
12 13
13 21
14 11
15 3
16 32
17 4
18 28
19 24
20 5
21 19
22 15
23 33
24 18
25 34
26 25
27 16
28 20
29 17
30 6
31 1
32 7
33 35
34 30
35 22
36 31
SIMILAR

15 1 9 7 4 24 19 36 18 33 26 34 6 10 11 30 0 17 14 21 22 16 12 8 29 2 27 3 28 13 35 32 31 23 5 20 25 
0 16
1 1
2 25
3 27
4 4
5 34
6 12
7 3
8 23
9 2
10 13
11 14
12 22
13 29
14 18
15 0
16 21
17 17
18 8
19 6
20 35
21 19
22 20
23 33
24 5
25 36
26 10
27 26
28 28
29 24
30 15
31 32
32 31
33 9
34 11
35 30
36 7
SIMILAR

22 2 18 28 34 35 21 25 5 15 13 3 26 7 10 8 11 12 33 6 32 0 20 29 1 16 14 36 19 17 27 31 24 9 23 30 4 
0 21
1 24
2 1
3 11
4 36
5 8
6 19
7 13
8 15
9 33
10 14
11 16
12 17
13 10
14 26
15 9
16 25
17 29
18 2
19 28
20 22
21 6
22 0
23 34
24 32
25 7
26 12
27 30
28 3
29 23
30 35
31 31
32 20
33 18
34 4
35 5
36 27
SIMILAR

33 12 34 27 15 14 1 19 26 24 22 36 13 3 17 18 10 16 9 0 25 7 21 35 31 11 23 4 28 8 2 32 29 20 30 5 6 
0 19
1 6
2 30
3 13
4 27
5 35
6 36
7 21
8 29
9 18
10 16
11 25
12 1
13 12
14 5
15 4
16 17
17 14
18 15
19 7
20 33
21 22
22 10
23 26
24 9
25 20
26 8
27 3
28 28
29 32
30 34
31 24
32 31
33 0
34 2
35 23
36 11
SIMILAR

14 15 19 1 30 16 11 18 3 34 25 0 32 9 12 8 17 4 24 22 6 33 2 23 7 13 31 28 27 29 5 26 21 35 10 36 20 
0 11
1 3
2 22
3 8
4 17
5 30
6 20
7 24
8 15
9 13
10 34
11 6
12 14
13 25
14 0
15 1
16 5
17 16
18 7
19 2
20 36
21 32
22 19
23 23
24 18
25 10
26 31
27 28
28 27
29 29
30 4
31 26
32 12
33 21
34 9
35 33
36 35
SIMILAR

20 32 8 21 19 4 7 17 30 24 16 36 33 11 25 10 34 13 31 23 22 15 2 0 28 1 26 3 9 29 35 6 5 18 14 27 12 
0 23
1 25
2 22
3 27
4 5
5 32
6 31
7 6
8 2
9 28
10 15
11 13
12 36
13 17
14 34
15 21
16 10
17 7
18 33
19 4
20 0
21 3
22 20
23 19
24 9
25 14
26 26
27 35
28 24
29 29
30 8
31 18
32 1
33 12
34 16
35 30
36 11
SIMILAR

22 26 2 27 8 19 11 32 14 3 17 7 6 35 0 13 28 31 34 29 33 9 12 16 5 1 25 10 23 24 4 15 18 36 20 21 30 
0 14
1 25
2 2
3 9
4 30
5 24
6 12
7 11
8 4
9 21
10 27
11 6
12 22
13 15
14 8
15 31
16 23
17 10
18 32
19 5
20 34
21 35
22 0
23 28
24 29
25 26
26 1
27 3
28 16
29 19
30 36
31 17
32 7
33 20
34 18
35 13
36 33
SIMILAR

34 30 31 19 27 13 22 32 24 10 4 28 3 25 14 33 2 8 1 15 5 17 7 0 36 18 21 6 12 20 29 35 11 9 16 23 26 
0 23
1 18
2 16
3 12
4 10
5 20
6 27
7 22
8 17
9 33
10 9
11 32
12 28
13 5
14 14
15 19
16 34
17 21
18 25
19 3
20 29
21 26
22 6
23 35
24 8
25 13
26 36
27 4
28 11
29 30
30 1
31 2
32 7
33 15
34 0
35 31
36 24
SIMILAR

35 22 34 17 9 19 15 12 2 1 5 20 28 26 0 30 3 13 31 7 14 21 18 32 27 25 36 10 8 23 33 29 24 16 6 11 4 
0 14
1 9
2 8
3 16
4 36
5 10
6 34
7 19
8 28
9 4
10 27
11 35
12 7
13 17
14 20
15 6
16 33
17 3
18 22
19 5
20 11
21 21
22 1
23 29
24 32
25 25
26 13
27 24
28 12
29 31
30 15
31 18
32 23
33 30
34 2
35 0
36 26
SIMILAR

5 13 12 29 28 22 1 18 8 21 31 32 33 9 20 0 15 35 6 25 30 3 10 34 16 14 36 27 24 26 17 23 2 4 19 11 7 
0 15
1 6
2 32
3 21
4 33
5 0
6 18
7 36
8 8
9 13
10 22
11 35
12 2
13 1
14 25
15 16
16 24
17 30
18 7
19 34
20 14
21 9
22 5
23 31
24 28
25 19
26 29
27 27
28 4
29 3
30 20
31 10
32 11
33 12
34 23
35 17
36 26
SIMILAR

15 21 28 33 7 22 11 6 0 30 36 12 8 35 20 26 2 19 24 14 25 29 18 3 10 1 31 32 13 34 9 17 23 27 5 4 16 
0 8
1 25
2 16
3 23
4 35
5 34
6 7
7 4
8 12
9 30
10 24
11 6
12 11
13 28
14 19
15 0
16 36
17 31
18 22
19 17
20 14
21 1
22 5
23 32
24 18
25 20
26 15
27 33
28 2
29 21
30 9
31 26
32 27
33 3
34 29
35 13
36 10
SIMILAR

27 16 32 34 3 17 5 15 4 13 23 25 18 36 11 6 33 31 2 7 14 8 21 30 19 29 20 28 22 24 10 35 26 0 1 12 9 
0 33
1 34
2 18
3 4
4 8
5 6
6 15
7 19
8 21
9 36
10 30
11 14
12 35
13 9
14 20
15 7
16 1
17 5
18 12
19 24
20 26
21 22
22 28
23 10
24 29
25 11
26 32
27 0
28 27
29 25
30 23
31 17
32 2
33 16
34 3
35 31
36 13
SIMILAR

12 13 34 25 21 5 1 29 3 26 17 7 28 0 2 4 9 14 35 30 10 19 22 20 16 32 6 23 15 18 36 27 8 31 33 11 24 
0 13
1 6
2 14
3 8
4 15
5 5
6 26
7 11
8 32
9 16
10 20
11 35
12 0
13 1
14 17
15 28
16 24
17 10
18 29
19 21
20 23
21 4
22 22
23 27
24 36
25 3
26 9
27 31
28 12
29 7
30 19
31 33
32 25
33 34
34 2
35 18
36 30
SIMILAR

0 7 9 33 16 36 28 30 19 31 25 35 32 34 8 20 27 17 5 1 22 3 14 13 23 4 18 26 11 29 6 10 2 12 24 21 15 
0 0
1 19
2 32
3 21
4 25
5 18
6 30
7 1
8 14
9 2
10 31
11 28
12 33
13 23
14 22
15 36
16 4
17 17
18 26
19 8
20 15
21 35
22 20
23 24
24 34
25 10
26 27
27 16
28 6
29 29
30 7
31 9
32 12
33 3
34 13
35 11
36 5
SIMILAR

34 13 32 28 33 3 29 4 15 27 26 9 19 0 8 24 20 18 14 7 22 23 11 17 25 6 35 31 30 1 36 2 10 16 21 12 5 
0 13
1 29
2 31
3 5
4 7
5 36
6 25
7 19
8 14
9 11
10 32
11 22
12 35
13 1
14 18
15 8
16 33
17 23
18 17
19 12
20 16
21 34
22 20
23 21
24 15
25 24
26 10
27 9
28 3
29 6
30 28
31 27
32 2
33 4
34 0
35 26
36 30
SIMILAR

20 11 7 13 35 26 28 8 29 24 17 23 2 22 21 30 10 12 33 0 15 36 18 34 32 25 9 3 6 1 14 5 27 31 16 19 4 
0 19
1 29
2 12
3 27
4 36
5 31
6 28
7 2
8 7
9 26
10 16
11 1
12 17
13 3
14 30
15 20
16 34
17 10
18 22
19 35
20 0
21 14
22 13
23 11
24 9
25 25
26 5
27 32
28 6
29 8
30 15
31 33
32 24
33 18
34 23
35 4
36 21
SIMILAR

14 36 8 29 19 27 7 12 35 22 13 0 6 30 1 18 26 25 21 24 32 2 4 28 5 3 31 23 11 15 20 16 17 34 10 33 9 
0 11
1 14
2 21
3 25
4 22
5 24
6 12
7 6
8 2
9 36
10 34
11 28
12 7
13 10
14 0
15 29
16 31
17 32
18 15
19 4
20 30
21 18
22 9
23 27
24 19
25 17
26 16
27 5
28 23
29 3
30 13
31 26
32 20
33 35
34 33
35 8
36 1
SIMILAR

31 1 18 15 27 24 8 10 4 13 28 35 21 36 32 22 11 5 6 34 30 17 12 20 25 0 29 33 23 7 26 14 2 9 16 3 19 
0 25
1 1
2 32
3 35
4 8
5 17
6 18
7 29
8 6
9 33
10 7
11 16
12 22
13 9
14 31
15 3
16 34
17 21
18 2
19 36
20 23
21 12
22 15
23 28
24 5
25 24
26 30
27 4
28 10
29 26
30 20
31 0
32 14
33 27
34 19
35 11
36 13
SIMILAR

32 13 9 33 10 18 36 28 25 7 4 35 15 31 19 12 27 8 24 0 17 16 11 1 6 29 23 20 21 3 22 30 2 26 14 5 34 
0 19
1 23
2 32
3 29
4 10
5 35
6 24
7 9
8 17
9 2
10 4
11 22
12 15
13 1
14 34
15 12
16 21
17 20
18 5
19 14
20 27
21 28
22 30
23 26
24 18
25 8
26 33
27 16
28 7
29 25
30 31
31 13
32 0
33 3
34 36
35 11
36 6
SIMILAR

36 1 9 16 15 13 10 14 3 4 11 26 33 5 7 0 34 17 12 28 18 19 2 27 24 8 20 35 21 6 30 25 22 29 32 23 31 
0 15
1 1
2 22
3 8
4 9
5 13
6 29
7 14
8 25
9 2
10 6
11 10
12 18
13 5
14 7
15 4
16 3
17 17
18 20
19 21
20 26
21 28
22 32
23 35
24 24
25 31
26 11
27 23
28 19
29 33
30 30
31 36
32 34
33 12
34 16
35 27
36 0
SIMILAR

31 22 3 2 15 29 30 5 7 8 6 12 1 28 18 21 20 35 25 34 26 19 17 10 4 23 32 9 14 0 13 16 36 33 24 27 11 
0 29
1 12
2 3
3 2
4 24
5 7
6 10
7 8
8 9
9 27
10 23
11 36
12 11
13 30
14 28
15 4
16 31
17 22
18 14
19 21
20 16
21 15
22 1
23 25
24 34
25 18
26 20
27 35
28 13
29 5
30 6
31 0
32 26
33 33
34 19
35 17
36 32
SIMILAR

24 8 33 6 29 32 14 18 1 35 0 22 23 21 7 13 9 2 36 20 5 30 19 10 16 15 25 4 27 34 17 3 28 26 31 12 11 
0 10
1 8
2 17
3 31
4 27
5 20
6 3
7 14
8 1
9 16
10 23
11 36
12 35
13 15
14 6
15 25
16 24
17 30
18 7
19 22
20 19
21 13
22 11
23 12
24 0
25 26
26 33
27 28
28 32
29 4
30 21
31 34
32 5
33 2
34 29
35 9
36 18
SIMILAR

36 25 18 14 30 35 28 15 19 8 24 31 11 34 0 1 23 16 26 10 33 12 9 32 29 27 6 13 4 21 22 5 3 17 20 7 2 
0 14
1 15
2 36
3 32
4 28
5 31
6 26
7 35
8 9
9 22
10 19
11 12
12 21
13 27
14 3
15 7
16 17
17 33
18 2
19 8
20 34
21 29
22 30
23 16
24 10
25 1
26 18
27 25
28 6
29 24
30 4
31 11
32 23
33 20
34 13
35 5
36 0
SIMILAR

15 11 8 4 6 16 19 28 25 1 9 20 12 31 2 23 18 30 34 0 17 35 26 7 14 3 21 10 22 33 13 32 24 36 27 29 5 
0 19
1 9
2 14
3 25
4 3
5 36
6 4
7 23
8 2
9 10
10 27
11 1
12 12
13 30
14 24
15 0
16 5
17 20
18 16
19 6
20 11
21 26
22 28
23 15
24 32
25 8
26 22
27 34
28 7
29 35
30 17
31 13
32 31
33 29
34 18
35 21
36 33
SIMILAR

15 35 36 16 24 10 9 27 23 34 0 20 7 3 8 26 22 1 29 5 12 19 21 33 18 25 14 31 11 28 13 2 32 6 30 4 17 
0 10
1 17
2 31
3 13
4 35
5 19
6 33
7 12
8 14
9 6
10 5
11 28
12 20
13 30
14 26
15 0
16 3
17 36
18 24
19 21
20 11
21 22
22 16
23 8
24 4
25 25
26 15
27 7
28 29
29 18
30 34
31 27
32 32
33 23
34 9
35 1
36 2
SIMILAR

30 23 8 14 34 33 22 3 9 36 19 27 6 24 7 1 11 2 15 32 35 16 18 21 13 0 4 5 29 31 20 10 12 25 26 17 28 
0 25
1 15
2 17
3 7
4 26
5 27
6 12
7 14
8 2
9 8
10 31
11 16
12 32
13 24
14 3
15 18
16 21
17 35
18 22
19 10
20 30
21 23
22 6
23 1
24 13
25 33
26 34
27 11
28 36
29 28
30 0
31 29
32 19
33 5
34 4
35 20
36 9
SIMILAR

6 4 34 21 32 19 15 2 18 35 27 1 20 28 24 16 26 0 29 3 7 11 14 22 8 9 36 17 25 10 33 13 31 23 5 12 30 
0 17
1 11
2 7
3 19
4 1
5 34
6 0
7 20
8 24
9 25
10 29
11 21
12 35
13 31
14 22
15 6
16 15
17 27
18 8
19 5
20 12
21 3
22 23
23 33
24 14
25 28
26 16
27 10
28 13
29 18
30 36
31 32
32 4
33 30
34 2
35 9
36 26
SIMILAR

8 27 4 7 35 20 6 28 16 5 14 13 17 2 18 3 29 30 15 21 9 19 26 0 12 23 31 1 11 33 25 34 36 10 32 24 22 
0 23
1 27
2 13
3 15
4 2
5 9
6 6
7 3
8 0
9 20
10 33
11 28
12 24
13 11
14 10
15 18
16 8
17 12
18 14
19 21
20 5
21 19
22 36
23 25
24 35
25 30
26 22
27 1
28 7
29 16
30 17
31 26
32 34
33 29
34 31
35 4
36 32
SIMILAR

25 30 7 29 21 5 11 36 8 2 12 19 34 6 14 18 23 4 22 32 27 15 17 0 35 16 13 24 20 9 1 33 28 3 31 10 26 
0 23
1 30
2 9
3 33
4 17
5 5
6 13
7 2
8 8
9 29
10 35
11 6
12 10
13 26
14 14
15 21
16 25
17 22
18 15
19 11
20 28
21 4
22 18
23 16
24 27
25 0
26 36
27 20
28 32
29 3
30 1
31 34
32 19
33 31
34 12
35 24
36 7
SIMILAR

20 5 12 28 32 10 9 24 31 33 19 29 2 15 22 16 17 0 14 35 21 3 7 6 1 25 23 18 30 26 11 8 27 13 4 36 34 
0 17
1 24
2 12
3 21
4 34
5 1
6 23
7 22
8 31
9 6
10 5
11 30
12 2
13 33
14 18
15 13
16 15
17 16
18 27
19 10
20 0
21 20
22 14
23 26
24 7
25 25
26 29
27 32
28 3
29 11
30 28
31 8
32 4
33 9
34 36
35 19
36 35
SIMILAR

7 35 32 18 11 16 19 24 1 27 36 29 22 28 15 21 33 0 23 25 2 26 31 9 3 30 6 34 14 8 10 17 12 13 4 5 20 
0 17
1 8
2 20
3 24
4 34
5 35
6 26
7 0
8 29
9 23
10 30
11 4
12 32
13 33
14 28
15 14
16 5
17 31
18 3
19 6
20 36
21 15
22 12
23 18
24 7
25 19
26 21
27 9
28 13
29 11
30 25
31 22
32 2
33 16
34 27
35 1
36 10
SIMILAR

33 20 10 2 23 32 21 28 22 0 26 9 5 11 14 6 25 31 27 18 35 30 17 1 29 7 24 12 34 15 16 4 8 13 36 19 3 
0 9
1 23
2 3
3 36
4 31
5 12
6 15
7 25
8 32
9 11
10 2
11 13
12 27
13 33
14 14
15 29
16 30
17 22
18 19
19 35
20 1
21 6
22 8
23 4
24 26
25 16
26 10
27 18
28 7
29 24
30 21
31 17
32 5
33 0
34 28
35 20
36 34
SIMILAR

11 5 17 3 21 15 18 25 33 19 9 14 0 28 6 1 29 20 23 13 24 22 8 16 7 32 31 36 30 12 34 10 35 4 2 26 27 
0 12
1 15
2 34
3 3
4 33
5 1
6 14
7 24
8 22
9 10
10 31
11 0
12 29
13 19
14 11
15 5
16 23
17 2
18 6
19 9
20 17
21 4
22 21
23 18
24 20
25 7
26 35
27 36
28 13
29 16
30 28
31 26
32 25
33 8
34 30
35 32
36 27
SIMILAR

22 7 2 12 11 6 17 16 25 14 5 9 8 24 31 29 35 10 19 26 1 18 32 3 27 20 30 21 34 0 23 36 13 33 4 15 28 
0 29
1 20
2 2
3 23
4 34
5 10
6 5
7 1
8 12
9 11
10 17
11 4
12 3
13 32
14 9
15 35
16 7
17 6
18 21
19 18
20 25
21 27
22 0
23 30
24 13
25 8
26 19
27 24
28 36
29 15
30 26
31 14
32 22
33 33
34 28
35 16
36 31
SIMILAR

35 11 5 28 4 9 1 33 27 21 12 18 29 7 15 10 30 31 32 3 24 13 36 19 2 34 0 8 14 22 25 16 6 17 20 26 23 
0 26
1 6
2 24
3 19
4 4
5 2
6 32
7 13
8 27
9 5
10 15
11 1
12 10
13 21
14 28
15 14
16 31
17 33
18 11
19 23
20 34
21 9
22 29
23 36
24 20
25 30
26 35
27 8
28 3
29 12
30 16
31 17
32 18
33 7
34 25
35 0
36 22
SIMILAR

12 28 9 6 13 32 10 20 26 3 1 29 31 22 25 7 16 5 14 18 21 23 34 11 35 36 19 24 2 17 0 4 33 30 27 15 8 
0 30
1 10
2 28
3 9
4 31
5 17
6 3
7 15
8 36
9 2
10 6
11 23
12 0
13 4
14 18
15 35
16 16
17 29
18 19
19 26
20 7
21 20
22 13
23 21
24 27
25 14
26 8
27 34
28 1
29 11
30 33
31 12
32 5
33 32
34 22
35 24
36 25
SIMILAR

13 35 19 21 0 33 15 12 32 31 30 8 25 27 20 9 28 11 18 14 29 5 16 22 34 17 6 26 1 2 24 4 10 36 3 23 7 
0 4
1 28
2 29
3 34
4 31
5 21
6 26
7 36
8 11
9 15
10 32
11 17
12 7
13 0
14 19
15 6
16 22
17 25
18 18
19 2
20 14
21 3
22 23
23 35
24 30
25 12
26 27
27 13
28 16
29 20
30 10
31 9
32 8
33 5
34 24
35 1
36 33
SIMILAR

0 13 11 31 29 19 28 2 8 16 1 20 9 10 24 21 32 35 15 26 4 17 30 25 27 22 5 36 33 3 14 34 6 7 18 12 23 
0 0
1 10
2 7
3 29
4 20
5 26
6 32
7 33
8 8
9 12
10 13
11 2
12 35
13 1
14 30
15 18
16 9
17 21
18 34
19 5
20 11
21 15
22 25
23 36
24 14
25 23
26 19
27 24
28 6
29 4
30 22
31 3
32 16
33 28
34 31
35 17
36 27
SIMILAR

7 15 8 0 9 32 31 28 20 27 26 19 18 1 13 29 6 30 17 22 2 34 5 11 36 16 25 24 21 14 12 23 33 4 3 35 10 
0 3
1 13
2 20
3 34
4 33
5 22
6 16
7 0
8 2
9 4
10 36
11 23
12 30
13 14
14 29
15 1
16 25
17 18
18 12
19 11
20 8
21 28
22 19
23 31
24 27
25 26
26 10
27 9
28 7
29 15
30 17
31 6
32 5
33 32
34 21
35 35
36 24
SIMILAR

13 23 2 15 16 33 8 1 34 3 31 5 6 18 4 35 19 12 11 0 25 7 28 26 10 32 29 24 36 30 20 27 22 17 14 9 21 
0 19
1 7
2 2
3 9
4 14
5 11
6 12
7 21
8 6
9 35
10 24
11 18
12 17
13 0
14 34
15 3
16 4
17 33
18 13
19 16
20 30
21 36
22 32
23 1
24 27
25 20
26 23
27 31
28 22
29 26
30 29
31 10
32 25
33 5
34 8
35 15
36 28
SIMILAR

25 6 4 20 1 8 29 15 16 5 26 27 36 2 18 3 7 13 19 30 21 14 17 33 32 10 22 11 23 28 9 24 34 12 0 35 31 
0 34
1 4
2 13
3 15
4 2
5 9
6 1
7 16
8 5
9 30
10 25
11 27
12 33
13 17
14 21
15 7
16 8
17 22
18 14
19 18
20 3
21 20
22 26
23 28
24 31
25 0
26 10
27 11
28 29
29 6
30 19
31 36
32 24
33 23
34 32
35 35
36 12
SIMILAR

19 1 6 26 20 23 0 7 2 13 9 32 36 30 12 27 28 5 24 35 8 29 18 31 14 25 11 33 21 16 10 4 3 22 17 15 34 
0 6
1 1
2 8
3 32
4 31
5 17
6 2
7 7
8 20
9 10
10 30
11 26
12 14
13 9
14 24
15 35
16 29
17 34
18 22
19 0
20 4
21 28
22 33
23 5
24 18
25 25
26 3
27 15
28 16
29 21
30 13
31 23
32 11
33 27
34 36
35 19
36 12
SIMILAR

33 8 12 0 5 29 18 36 26 30 28 19 20 24 34 17 7 11 25 23 4 35 16 22 21 14 2 10 1 32 6 27 13 15 31 3 9 
0 3
1 28
2 26
3 35
4 20
5 4
6 30
7 16
8 1
9 36
10 27
11 17
12 2
13 32
14 25
15 33
16 22
17 15
18 6
19 11
20 12
21 24
22 23
23 19
24 13
25 18
26 8
27 31
28 10
29 5
30 9
31 34
32 29
33 0
34 14
35 21
36 7
SIMILAR

30 21 9 16 6 13 5 31 0 20 23 17 26 25 1 35 22 18 12 3 19 29 24 34 11 27 2 28 7 32 33 8 14 10 15 4 36 
0 8
1 14
2 26
3 19
4 35
5 6
6 4
7 28
8 31
9 2
10 33
11 24
12 18
13 5
14 32
15 34
16 3
17 11
18 17
19 20
20 9
21 1
22 16
23 10
24 22
25 13
26 12
27 25
28 27
29 21
30 0
31 7
32 29
33 30
34 23
35 15
36 36
SIMILAR

26 30 1 4 11 20 13 23 21 28 24 5 27 16 15 18 8 0 7 14 10 31 12 32 34 2 17 3 6 19 25 36 22 29 33 9 35 
0 17
1 2
2 25
3 27
4 3
5 11
6 28
7 18
8 16
9 35
10 20
11 4
12 22
13 6
14 19
15 14
16 13
17 26
18 15
19 29
20 5
21 8
22 32
23 7
24 10
25 30
26 0
27 12
28 9
29 33
30 1
31 21
32 23
33 34
34 24
35 36
36 31
SIMILAR

24 8 20 14 9 22 13 21 10 19 17 32 1 11 36 7 29 27 15 18 16 3 31 35 33 4 0 23 28 2 26 34 30 25 12 5 6 
0 26
1 12
2 29
3 21
4 25
5 35
6 36
7 15
8 1
9 4
10 8
11 13
12 34
13 6
14 3
15 18
16 20
17 10
18 19
19 9
20 2
21 7
22 5
23 27
24 0
25 33
26 30
27 17
28 28
29 16
30 32
31 22
32 11
33 24
34 31
35 23
36 14
SIMILAR

22 35 28 17 3 0 27 2 25 21 31 34 12 8 20 4 13 32 16 33 11 24 30 18 5 10 36 23 29 1 19 14 15 9 7 26 6 
0 5
1 29
2 7
3 4
4 15
5 24
6 36
7 34
8 13
9 33
10 25
11 20
12 12
13 16
14 31
15 32
16 18
17 3
18 23
19 30
20 14
21 9
22 0
23 27
24 21
25 8
26 35
27 6
28 2
29 28
30 22
31 10
32 17
33 19
34 11
35 1
36 26
SIMILAR

34 15 1 17 18 22 4 19 30 2 24 31 6 20 33 12 21 23 8 5 36 32 9 25 7 3 29 10 27 13 16 28 0 11 35 14 26 
0 32
1 2
2 9
3 25
4 6
5 19
6 12
7 24
8 18
9 22
10 27
11 33
12 15
13 29
14 35
15 1
16 30
17 3
18 4
19 7
20 13
21 16
22 5
23 17
24 10
25 23
26 36
27 28
28 31
29 26
30 8
31 11
32 21
33 14
34 0
35 34
36 20
SIMILAR

5 26 31 22 13 33 15 6 4 14 20 10 7 36 19 23 27 35 34 12 17 28 9 2 1 11 16 18 8 3 24 0 30 21 32 25 29 
0 31
1 24
2 23
3 29
4 8
5 0
6 7
7 12
8 28
9 22
10 11
11 25
12 19
13 4
14 9
15 6
16 26
17 20
18 27
19 14
20 10
21 33
22 3
23 15
24 30
25 35
26 1
27 16
28 21
29 36
30 32
31 2
32 34
33 5
34 18
35 17
36 13
SIMILAR

24 29 3 16 23 36 19 7 18 21 6 28 30 4 34 26 22 8 10 14 2 25 12 17 27 15 32 9 35 1 13 31 0 33 11 20 5 
0 32
1 29
2 20
3 2
4 13
5 36
6 10
7 7
8 17
9 27
10 18
11 34
12 22
13 30
14 19
15 25
16 3
17 23
18 8
19 6
20 35
21 9
22 16
23 4
24 0
25 21
26 15
27 24
28 11
29 1
30 12
31 31
32 26
33 33
34 14
35 28
36 5
SIMILAR

26 18 11 4 21 17 35 36 23 14 1 15 8 30 2 28 12 34 20 29 32 19 27 31 16 9 25 13 22 3 6 10 7 24 33 0 5 
0 35
1 10
2 14
3 29
4 3
5 36
6 30
7 32
8 12
9 25
10 31
11 2
12 16
13 27
14 9
15 11
16 24
17 5
18 1
19 21
20 18
21 4
22 28
23 8
24 33
25 26
26 0
27 22
28 15
29 19
30 13
31 23
32 20
33 34
34 17
35 6
36 7
SIMILAR

24 27 20 25 1 30 15 6 0 23 18 14 13 16 36 19 11 17 31 29 28 10 32 4 3 35 26 22 34 12 7 9 21 33 2 5 8 
0 8
1 4
2 34
3 24
4 23
5 35
6 7
7 30
8 36
9 31
10 21
11 16
12 29
13 12
14 11
15 6
16 13
17 17
18 10
19 15
20 2
21 32
22 27
23 9
24 0
25 3
26 26
27 1
28 20
29 19
30 5
31 18
32 22
33 33
34 28
35 25
36 14
SIMILAR

31 3 11 0 7 29 23 16 2 18 19 22 8 30 20 15 34 9 32 35 27 17 12 28 26 21 36 14 1 13 24 25 4 33 6 5 10 
0 3
1 28
2 8
3 1
4 32
5 35
6 34
7 4
8 12
9 17
10 36
11 2
12 22
13 29
14 27
15 15
16 7
17 21
18 9
19 10
20 14
21 25
22 11
23 6
24 30
25 31
26 24
27 20
28 23
29 5
30 13
31 0
32 18
33 33
34 16
35 19
36 26
SIMILAR

4 29 3 2 23 36 22 27 24 16 13 33 21 7 34 30 17 35 31 26 15 19 0 18 1 11 5 9 28 6 32 10 20 12 8 25 14 
0 22
1 24
2 3
3 2
4 0
5 26
6 29
7 13
8 34
9 27
10 31
11 25
12 33
13 10
14 36
15 20
16 9
17 16
18 23
19 21
20 32
21 12
22 6
23 4
24 8
25 35
26 19
27 7
28 28
29 1
30 15
31 18
32 30
33 11
34 14
35 17
36 5
SIMILAR

23 35 11 7 4 34 13 8 1 0 26 12 3 36 21 25 9 20 5 16 33 31 10 15 29 6 22 27 32 18 17 2 24 19 14 28 30 
0 9
1 8
2 31
3 12
4 4
5 18
6 25
7 3
8 7
9 16
10 22
11 2
12 11
13 6
14 34
15 23
16 19
17 30
18 29
19 33
20 17
21 14
22 26
23 0
24 32
25 15
26 10
27 27
28 35
29 24
30 36
31 21
32 28
33 20
34 5
35 1
36 13
SIMILAR

23 32 22 9 28 17 19 20 24 26 0 14 29 4 33 15 35 5 11 16 27 1 34 12 13 30 3 8 7 2 21 31 25 6 18 10 36 
0 10
1 21
2 29
3 26
4 13
5 17
6 33
7 28
8 27
9 3
10 35
11 18
12 23
13 24
14 11
15 15
16 19
17 5
18 34
19 6
20 7
21 30
22 2
23 0
24 8
25 32
26 9
27 20
28 4
29 12
30 25
31 31
32 1
33 14
34 22
35 16
36 36
SIMILAR

16 32 29 0 4 28 19 15 23 24 1 7 2 34 27 36 13 6 21 22 5 20 3 30 12 8 11 26 18 33 25 35 14 31 17 10 9 
0 3
1 10
2 12
3 22
4 4
5 20
6 17
7 11
8 25
9 36
10 35
11 26
12 24
13 16
14 32
15 7
16 0
17 34
18 28
19 6
20 21
21 18
22 19
23 8
24 9
25 30
26 27
27 14
28 5
29 2
30 23
31 33
32 1
33 29
34 13
35 31
36 15
SIMILAR

20 8 35 27 0 23 22 12 5 10 17 19 33 4 26 34 3 18 16 1 24 15 2 14 36 21 30 13 6 29 9 31 11 32 28 7 25 
0 4
1 19
2 22
3 16
4 13
5 8
6 28
7 35
8 1
9 30
10 9
11 32
12 7
13 27
14 23
15 21
16 18
17 10
18 17
19 11
20 0
21 25
22 6
23 5
24 20
25 36
26 14
27 3
28 34
29 29
30 26
31 31
32 33
33 12
34 15
35 2
36 24
SIMILAR

27 17 12 36 11 29 20 6 19 0 15 2 10 7 8 23 4 28 25 31 18 35 3 22 34 30 26 9 5 32 33 1 13 24 21 16 14 
0 9
1 31
2 11
3 22
4 16
5 28
6 7
7 13
8 14
9 27
10 12
11 4
12 2
13 32
14 36
15 10
16 35
17 1
18 20
19 8
20 6
21 34
22 23
23 15
24 33
25 18
26 26
27 0
28 17
29 5
30 25
31 19
32 29
33 30
34 24
35 21
36 3
SIMILAR

24 8 30 22 5 9 2 12 33 31 28 32 26 25 7 1 3 17 27 10 19 21 23 4 6 34 14 20 15 16 36 11 13 18 29 35 0 
0 36
1 15
2 6
3 16
4 23
5 4
6 24
7 14
8 1
9 5
10 19
11 31
12 7
13 32
14 26
15 28
16 29
17 17
18 33
19 20
20 27
21 21
22 3
23 22
24 0
25 13
26 12
27 18
28 10
29 34
30 2
31 9
32 11
33 8
34 25
35 35
36 30
SIMILAR

12 25 9 2 1 19 27 30 18 26 3 31 23 29 8 21 34 11 14 16 32 28 33 7 36 15 17 35 10 5 13 6 22 20 4 24 0 
0 36
1 4
2 3
3 10
4 34
5 29
6 31
7 23
8 14
9 2
10 28
11 17
12 0
13 30
14 18
15 25
16 19
17 26
18 8
19 5
20 33
21 15
22 32
23 12
24 35
25 1
26 9
27 6
28 21
29 13
30 7
31 11
32 20
33 22
34 16
35 27
36 24
SIMILAR

31 34 12 14 4 3 20 24 22 35 26 10 8 21 5 19 25 32 11 33 30 16 36 27 7 23 1 9 0 15 2 13 18 28 29 17 6 
0 28
1 26
2 30
3 5
4 4
5 14
6 36
7 24
8 12
9 27
10 11
11 18
12 2
13 31
14 3
15 29
16 21
17 35
18 32
19 15
20 6
21 13
22 8
23 25
24 7
25 16
26 10
27 23
28 33
29 34
30 20
31 0
32 17
33 19
34 1
35 9
36 22
SIMILAR

36 34 32 33 18 3 15 30 11 6 5 17 23 28 0 31 9 12 13 4 1 22 20 27 24 19 2 14 26 35 8 25 16 7 10 21 29 
0 14
1 20
2 26
3 5
4 19
5 10
6 9
7 33
8 30
9 16
10 34
11 8
12 17
13 18
14 27
15 6
16 32
17 11
18 4
19 25
20 22
21 35
22 21
23 12
24 24
25 31
26 28
27 23
28 13
29 36
30 7
31 15
32 2
33 3
34 1
35 29
36 0
SIMILAR

23 22 26 30 24 20 1 31 36 12 18 3 14 32 0 4 17 16 13 34 21 7 19 6 5 2 29 27 9 25 11 33 15 10 35 28 8 
0 14
1 6
2 25
3 11
4 15
5 24
6 23
7 21
8 36
9 28
10 33
11 30
12 9
13 18
14 12
15 32
16 17
17 16
18 10
19 22
20 5
21 20
22 1
23 0
24 4
25 29
26 2
27 27
28 35
29 26
30 3
31 7
32 13
33 31
34 19
35 34
36 8
SIMILAR

30 35 3 32 17 21 28 27 5 20 11 22 7 18 25 26 15 12 19 36 16 9 31 34 10 14 1 0 33 23 29 4 6 2 8 13 24 
0 27
1 26
2 33
3 2
4 31
5 8
6 32
7 12
8 34
9 21
10 24
11 10
12 17
13 35
14 25
15 16
16 20
17 4
18 13
19 18
20 9
21 5
22 11
23 29
24 36
25 14
26 15
27 7
28 6
29 30
30 0
31 22
32 3
33 28
34 23
35 1
36 19
SIMILAR

14 36 25 26 13 9 4 10 6 16 24 20 17 29 31 2 15 11 35 22 5 3 30 28 34 32 1 8 27 7 18 33 0 19 21 23 12 
0 32
1 26
2 15
3 21
4 6
5 20
6 8
7 29
8 27
9 5
10 7
11 17
12 36
13 4
14 0
15 16
16 9
17 12
18 30
19 33
20 11
21 34
22 19
23 35
24 10
25 2
26 3
27 28
28 23
29 13
30 22
31 14
32 25
33 31
34 24
35 18
36 1
SIMILAR

25 20 21 14 9 24 23 6 3 29 33 28 5 10 2 22 1 15 0 32 12 30 19 13 27 35 8 31 26 7 4 11 17 34 16 36 18 
0 18
1 16
2 14
3 8
4 30
5 12
6 7
7 29
8 26
9 4
10 13
11 31
12 20
13 23
14 3
15 17
16 34
17 32
18 36
19 22
20 1
21 2
22 15
23 6
24 5
25 0
26 28
27 24
28 11
29 9
30 21
31 27
32 19
33 10
34 33
35 25
36 35
SIMILAR

27 5 33 34 36 32 13 14 17 21 9 22 15 8 28 35 0 18 4 31 11 24 16 30 20 26 19 2 7 10 25 29 12 1 6 3 23 
0 16
1 33
2 27
3 35
4 18
5 1
6 34
7 28
8 13
9 10
10 29
11 20
12 32
13 6
14 7
15 12
16 22
17 8
18 17
19 26
20 24
21 9
22 11
23 36
24 21
25 30
26 25
27 0
28 14
29 31
30 23
31 19
32 5
33 2
34 3
35 15
36 4
SIMILAR

19 9 6 8 5 22 29 2 23 18 13 7 12 28 26 36 11 30 1 10 4 34 15 31 16 0 3 20 14 24 35 33 21 17 27 25 32 
0 25
1 18
2 7
3 26
4 20
5 4
6 2
7 11
8 3
9 1
10 19
11 16
12 12
13 10
14 28
15 22
16 24
17 33
18 9
19 0
20 27
21 32
22 5
23 8
24 29
25 35
26 14
27 34
28 13
29 6
30 17
31 23
32 36
33 31
34 21
35 30
36 15
SIMILAR

18 15 29 26 32 4 1 22 0 14 35 24 13 36 30 2 3 10 5 21 8 12 31 16 33 25 6 7 20 23 19 27 17 11 28 34 9 
0 8
1 6
2 15
3 16
4 5
5 18
6 26
7 27
8 20
9 36
10 17
11 33
12 21
13 12
14 9
15 1
16 23
17 32
18 0
19 30
20 28
21 19
22 7
23 29
24 11
25 25
26 3
27 31
28 34
29 2
30 14
31 22
32 4
33 24
34 35
35 10
36 13
SIMILAR

34 12 23 7 36 20 35 30 25 22 4 15 29 21 17 2 14 19 8 31 0 13 26 3 27 16 11 9 24 32 33 6 1 18 10 28 5 
0 20
1 32
2 15
3 23
4 10
5 36
6 31
7 3
8 18
9 27
10 34
11 26
12 1
13 21
14 16
15 11
16 25
17 14
18 33
19 17
20 5
21 13
22 9
23 2
24 28
25 8
26 22
27 24
28 35
29 12
30 7
31 19
32 29
33 30
34 0
35 6
36 4
SIMILAR

6 35 12 21 1 10 7 31 28 26 36 20 16 19 18 25 33 11 0 29 5 34 14 13 9 32 4 17 23 15 30 24 3 22 8 2 27 
0 18
1 4
2 35
3 32
4 26
5 20
6 0
7 6
8 34
9 24
10 5
11 17
12 2
13 23
14 22
15 29
16 12
17 27
18 14
19 13
20 11
21 3
22 33
23 28
24 31
25 15
26 9
27 36
28 8
29 19
30 30
31 7
32 25
33 16
34 21
35 1
36 10
SIMILAR

31 35 25 19 26 17 33 8 20 13 11 27 16 12 9 3 29 2 4 23 22 14 1 24 0 32 10 30 28 34 15 7 18 36 6 21 5 
0 24
1 22
2 17
3 15
4 18
5 36
6 34
7 31
8 7
9 14
10 26
11 10
12 13
13 9
14 21
15 30
16 12
17 5
18 32
19 3
20 8
21 35
22 20
23 19
24 23
25 2
26 4
27 11
28 28
29 16
30 27
31 0
32 25
33 6
34 29
35 1
36 33
SIMILAR

12 3 17 19 30 22 18 10 34 14 26 15 25 27 0 5 4 29 7 21 24 11 23 28 36 1 16 20 6 35 32 13 8 33 2 9 31 
0 14
1 25
2 34
3 1
4 16
5 15
6 28
7 18
8 32
9 35
10 7
11 21
12 0
13 31
14 9
15 11
16 26
17 2
18 6
19 3
20 27
21 19
22 5
23 22
24 20
25 12
26 10
27 13
28 23
29 17
30 4
31 36
32 30
33 33
34 8
35 29
36 24
SIMILAR

33 29 25 35 13 22 20 23 30 4 26 31 18 6 21 8 11 3 16 27 7 36 2 14 17 28 10 9 15 24 12 19 34 0 1 32 5 
0 33
1 34
2 22
3 17
4 9
5 36
6 13
7 20
8 15
9 27
10 26
11 16
12 30
13 4
14 23
15 28
16 18
17 24
18 12
19 31
20 6
21 14
22 5
23 7
24 29
25 2
26 10
27 19
28 25
29 1
30 8
31 11
32 35
33 0
34 32
35 3
36 21
SIMILAR

3 25 9 27 0 6 36 21 29 12 32 7 16 11 35 14 22 13 4 18 5 28 1 26 19 23 17 10 30 34 31 15 8 20 2 33 24 
0 4
1 22
2 34
3 0
4 18
5 20
6 5
7 11
8 32
9 2
10 27
11 13
12 9
13 17
14 15
15 31
16 12
17 26
18 19
19 24
20 33
21 7
22 16
23 25
24 36
25 1
26 23
27 3
28 21
29 8
30 28
31 30
32 10
33 35
34 29
35 14
36 6
SIMILAR

32 17 19 0 9 15 18 31 25 3 13 2 22 8 30 21 29 7 36 33 35 5 12 16 10 27 24 11 14 28 26 4 34 6 23 1 20 
0 3
1 35
2 11
3 9
4 31
5 21
6 33
7 17
8 13
9 4
10 24
11 27
12 22
13 10
14 28
15 5
16 23
17 1
18 6
19 2
20 36
21 15
22 12
23 34
24 26
25 8
26 30
27 25
28 29
29 16
30 14
31 7
32 0
33 19
34 32
35 20
36 18
SIMILAR

30 10 4 20 8 27 7 9 16 2 23 14 13 31 15 6 29 21 3 12 35 33 18 32 26 0 17 28 11 5 22 24 19 25 1 34 36 
0 25
1 34
2 9
3 18
4 2
5 29
6 15
7 6
8 4
9 7
10 1
11 28
12 19
13 12
14 11
15 14
16 8
17 26
18 22
19 32
20 3
21 17
22 30
23 10
24 31
25 33
26 24
27 5
28 27
29 16
30 0
31 13
32 23
33 21
34 35
35 20
36 36
SIMILAR

0 32 24 2 30 3 27 19 20 29 23 6 26 7 18 22 28 12 36 9 13 33 1 15 34 14 11 17 4 31 35 5 8 10 25 16 21 
0 0
1 22
2 3
3 5
4 28
5 31
6 11
7 13
8 32
9 19
10 33
11 26
12 17
13 20
14 25
15 23
16 35
17 27
18 14
19 7
20 8
21 36
22 15
23 10
24 2
25 34
26 12
27 6
28 16
29 9
30 4
31 29
32 1
33 21
34 24
35 30
36 18
SIMILAR

29 33 21 10 2 25 22 18 6 1 28 30 34 32 35 5 0 19 7 4 36 13 9 14 26 27 24 11 3 8 17 12 20 23 15 16 31 
0 16
1 9
2 4
3 28
4 19
5 15
6 8
7 18
8 29
9 22
10 3
11 27
12 31
13 21
14 23
15 34
16 35
17 30
18 7
19 17
20 32
21 2
22 6
23 33
24 26
25 5
26 24
27 25
28 10
29 0
30 11
31 36
32 13
33 1
34 12
35 14
36 20
SIMILAR

17 29 22 9 10 36 16 8 1 13 31 4 11 35 18 0 33 3 12 26 23 19 28 15 14 2 21 24 25 5 32 30 7 6 34 27 20 
0 15
1 8
2 25
3 17
4 11
5 29
6 33
7 32
8 7
9 3
10 4
11 12
12 18
13 9
14 24
15 23
16 6
17 0
18 14
19 21
20 36
21 26
22 2
23 20
24 27
25 28
26 19
27 35
28 22
29 1
30 31
31 10
32 30
33 16
34 34
35 13
36 5
SIMILAR

10 26 21 13 30 25 6 22 1 16 14 20 23 9 32 3 0 19 31 2 8 24 5 35 33 15 36 27 29 7 18 4 34 28 11 17 12 
0 16
1 8
2 19
3 15
4 31
5 22
6 6
7 29
8 20
9 13
10 0
11 34
12 36
13 3
14 10
15 25
16 9
17 35
18 30
19 17
20 11
21 2
22 7
23 12
24 21
25 5
26 1
27 27
28 33
29 28
30 4
31 18
32 14
33 24
34 32
35 23
36 26
SIMILAR

2 8 26 5 19 6 20 30 14 35 4 10 24 13 32 11 12 34 3 9 1 36 27 33 29 25 22 31 23 28 17 0 15 16 7 18 21 
0 31
1 20
2 0
3 18
4 10
5 3
6 5
7 34
8 1
9 19
10 11
11 15
12 16
13 13
14 8
15 32
16 33
17 30
18 35
19 4
20 6
21 36
22 26
23 28
24 12
25 25
26 2
27 22
28 29
29 24
30 7
31 27
32 14
33 23
34 17
35 9
36 21
SIMILAR

31 32 14 25 17 18 21 10 13 19 22 9 26 33 24 3 6 27 16 11 7 28 23 36 4 35 0 2 15 29 34 8 1 5 30 20 12 
0 26
1 32
2 27
3 15
4 24
5 33
6 16
7 20
8 31
9 11
10 7
11 19
12 36
13 8
14 2
15 28
16 18
17 4
18 5
19 9
20 35
21 6
22 10
23 22
24 14
25 3
26 12
27 17
28 21
29 29
30 34
31 0
32 1
33 13
34 30
35 25
36 23
SIMILAR

7 13 18 11 25 30 32 0 17 24 29 34 20 22 5 4 8 35 26 12 3 9 23 21 2 33 27 28 6 15 16 19 10 36 1 31 14 
0 7
1 34
2 24
3 20
4 15
5 14
6 28
7 0
8 16
9 21
10 32
11 3
12 19
13 1
14 36
15 29
16 30
17 8
18 2
19 31
20 12
21 23
22 13
23 22
24 9
25 4
26 18
27 26
28 27
29 10
30 5
31 35
32 6
33 25
34 11
35 17
36 33
SIMILAR

19 36 29 15 2 25 18 3 1 23 24 17 35 4 22 27 7 8 11 12 5 16 10 32 28 6 30 9 31 0 14 26 34 33 13 20 21 
0 29
1 8
2 4
3 7
4 13
5 20
6 25
7 16
8 17
9 27
10 22
11 18
12 19
13 34
14 30
15 3
16 21
17 11
18 6
19 0
20 35
21 36
22 14
23 9
24 10
25 5
26 31
27 15
28 24
29 2
30 26
31 28
32 23
33 33
34 32
35 12
36 1
SIMILAR

18 7 9 26 12 31 21 29 16 23 32 10 36 4 24 17 19 20 11 34 3 30 25 28 33 5 0 1 15 22 35 27 6 2 13 14 8 
0 26
1 27
2 33
3 20
4 13
5 25
6 32
7 1
8 36
9 2
10 11
11 18
12 4
13 34
14 35
15 28
16 8
17 15
18 0
19 16
20 17
21 6
22 29
23 9
24 14
25 22
26 3
27 31
28 23
29 7
30 21
31 5
32 10
33 24
34 19
35 30
36 12
SIMILAR
100 0
3800 0
333800 0
