37
0 1 1 0 0 1 1 0 1 1 0 1 1 0 0 0 1 0 1 0 1 1 1 1 1 1 1 1 0 0 1 1 0 0 1 0 1 
1 0 1 1 1 1 0 0 0 0 1 0 1 0 1 0 0 1 0 0 0 0 0 1 0 0 0 0 0 1 1 1 0 0 1 0 1 
1 1 0 0 0 0 1 0 1 1 0 0 0 1 1 1 0 1 0 1 1 1 0 1 1 1 1 1 1 0 0 1 1 0 0 1 1 
0 1 0 0 1 0 0 1 1 0 0 0 1 1 0 0 0 0 0 0 0 1 1 0 0 0 1 1 1 0 1 0 1 1 1 0 0 
0 1 0 1 0 1 0 0 1 1 1 0 0 0 0 1 0 1 0 1 1 1 0 0 1 1 1 1 1 1 1 0 0 1 0 0 1 
1 1 0 0 1 0 0 1 0 0 1 0 0 1 0 0 0 0 1 1 0 1 1 0 0 0 1 1 0 1 0 1 0 1 0 0 1 
1 0 1 0 0 0 0 1 1 0 0 1 0 0 1 1 1 1 0 0 0 1 1 1 0 1 1 1 1 1 0 1 0 0 1 0 0 
0 0 0 1 0 1 1 0 1 0 1 1 1 0 1 0 0 1 1 0 1 0 0 0 1 1 1 0 1 0 0 1 1 1 0 1 1 
1 0 1 1 1 0 1 1 0 0 0 0 0 0 1 0 1 1 0 1 1 0 0 1 1 1 1 0 1 0 0 1 0 0 0 1 1 
1 0 1 0 1 0 0 0 0 0 0 1 1 0 1 0 0 0 1 1 1 1 1 1 0 1 0 1 1 0 0 0 1 1 1 1 0 
0 1 0 0 1 1 0 1 0 0 0 1 0 1 0 0 1 1 0 0 1 0 0 0 0 0 1 0 1 0 1 0 0 0 1 0 0 
1 0 0 0 0 0 1 1 0 1 1 0 1 1 0 0 1 0 0 1 1 1 1 1 1 0 0 1 1 1 0 1 0 0 0 1 1 
1 1 0 1 0 0 0 1 0 1 0 1 0 0 0 0 0 1 0 0 1 0 0 0 1 0 1 0 1 1 0 0 0 1 0 0 1 
0 0 1 1 0 1 0 0 0 0 1 1 0 0 0 1 0 0 1 1 1 0 0 1 1 0 1 1 1 0 0 1 1 1 0 1 0 
0 1 1 0 0 0 1 1 1 1 0 0 0 0 0 0 1 1 0 0 0 1 1 0 1 0 1 1 1 1 0 0 0 1 1 1 0 
0 0 1 0 1 0 1 0 0 0 0 0 0 1 0 0 1 0 1 0 1 1 0 0 1 1 0 0 0 1 0 1 0 1 1 0 1 
1 0 0 0 0 0 1 0 1 0 1 1 0 0 1 1 0 1 1 0 1 0 1 0 0 1 0 1 1 1 0 1 1 0 1 1 1 
0 1 1 0 1 0 1 1 1 0 1 0 1 0 1 0 1 0 0 0 0 0 1 1 1 0 0 0 0 0 0 1 0 1 1 1 0 
1 0 0 0 0 1 0 1 0 1 0 0 0 1 0 1 1 0 0 1 1 1 0 0 1 0 1 0 1 1 0 0 1 0 1 1 1 
0 0 1 0 1 1 0 0 1 1 0 1 0 1 0 0 0 0 1 0 0 1 1 0 0 1 1 1 1 0 1 0 0 0 0 0 1 
1 0 1 0 1 0 0 1 1 1 1 1 1 1 0 1 1 0 1 0 0 0 0 0 0 1 1 1 1 0 1 1 0 1 1 1 0 
1 0 1 1 1 1 1 0 0 1 0 1 0 0 1 1 0 0 1 1 0 0 1 0 1 0 0 0 0 0 1 0 0 0 1 1 0 
1 0 0 1 0 1 1 0 0 1 0 1 0 0 1 0 1 1 0 1 0 1 0 1 0 0 1 0 1 0 0 0 1 1 0 0 0 
1 1 1 0 0 0 1 0 1 1 0 1 0 1 0 0 0 1 0 0 0 0 1 0 1 0 1 0 0 1 1 0 0 0 0 1 1 
1 0 1 0 1 0 0 1 1 0 0 1 1 1 1 1 0 1 1 0 0 1 0 1 0 1 0 0 1 1 0 0 1 0 0 1 0 
1 0 1 0 1 0 1 1 1 1 0 0 0 0 0 1 1 0 0 1 1 0 0 0 1 0 0 0 1 1 1 1 0 1 0 0 0 
1 0 1 1 1 1 1 1 1 0 1 0 1 1 1 0 0 0 1 1 1 0 1 1 0 0 0 1 1 0 1 1 1 1 0 1 0 
1 0 1 1 1 1 1 0 0 1 0 1 0 1 1 0 1 0 0 1 1 0 0 0 0 0 1 0 1 1 1 1 1 0 0 0 1 
0 0 1 1 1 0 1 1 1 1 1 1 1 1 1 0 1 0 1 1 1 0 1 0 1 1 1 1 0 0 0 0 0 1 1 1 1 
0 1 0 0 1 1 1 0 0 0 0 1 1 0 1 1 1 0 1 0 0 0 0 1 1 1 0 1 0 0 1 1 1 0 0 1 0 
1 1 0 1 1 0 0 0 0 0 1 0 0 0 0 0 0 0 0 1 1 1 0 1 0 1 1 1 0 1 0 1 1 0 0 0 1 
1 1 1 0 0 1 1 1 1 0 0 1 0 1 0 1 1 1 0 0 1 0 0 0 0 1 1 1 0 1 1 0 1 1 1 0 0 
0 0 1 1 0 0 0 1 0 1 0 0 0 1 0 0 1 0 1 0 0 0 1 0 1 0 1 1 0 1 1 1 0 1 0 1 0 
0 0 0 1 1 1 0 1 0 1 0 0 1 1 1 1 0 1 0 0 1 0 1 0 0 1 1 0 1 0 0 1 1 0 0 1 0 
1 1 0 1 0 0 1 0 0 1 1 0 0 0 1 1 1 1 1 0 1 1 0 0 0 0 0 0 1 0 0 1 0 0 0 0 1 
0 0 1 0 0 0 0 1 1 1 0 1 0 1 1 0 1 1 1 0 1 1 0 1 1 0 1 0 1 1 0 0 1 1 0 0 1 
1 1 1 0 1 1 0 1 1 0 0 1 1 0 0 1 1 0 1 1 0 0 0 1 0 0 0 1 1 0 1 0 0 0 1 1 0 

26 12 23 0 2 19 3 28 29 24 36 1 8 30 14 17 33 21 25 34 22 27 18 7 11 20 10 13 31 9 16 32 4 15 6 5 35 
0 3
1 11
2 4
3 6
4 32
5 35
6 34
7 23
8 12
9 29
10 26
11 24
12 1
13 27
14 14
15 33
16 30
17 15
18 22
19 5
20 25
21 17
22 20
23 2
24 9
25 18
26 0
27 21
28 7
29 8
30 13
31 28
32 31
33 16
34 19
35 36
36 10
SIMILAR

35 36 2 31 26 11 34 6 14 7 5 19 24 9 13 1 33 30 8 23 16 22 15 18 17 29 25 3 32 10 21 12 28 4 0 27 20 
0 34
1 15
2 2
3 27
4 33
5 10
6 7
7 9
8 18
9 13
10 29
11 5
12 31
13 14
14 8
15 22
16 20
17 24
18 23
19 11
20 36
21 30
22 21
23 19
24 12
25 26
26 4
27 35
28 32
29 25
30 17
31 3
32 28
33 16
34 6
35 0
36 1
SIMILAR

1 20 13 9 22 7 6 30 23 3 21 26 17 33 2 10 28 8 34 31 4 35 12 32 18 29 15 19 5 27 14 16 24 36 0 25 11 
0 34
1 0
2 14
3 9
4 20
5 28
6 6
7 5
8 17
9 3
10 15
11 36
12 22
13 2
14 30
15 26
16 31
17 12
18 24
19 27
20 1
21 10
22 4
23 8
24 32
25 35
26 11
27 29
28 16
29 25
30 7
31 19
32 23
33 13
34 18
35 21
36 33
SIMILAR

18 13 35 6 30 16 28 3 25 33 15 12 8 4 32 19 7 20 5 21 0 24 14 27 1 31 2 23 34 29 9 11 22 36 10 26 17 
0 20
1 24
2 26
3 7
4 13
5 18
6 3
7 16
8 12
9 30
10 34
11 31
12 11
13 1
14 22
15 10
16 5
17 36
18 0
19 15
20 17
21 19
22 32
23 27
24 21
25 8
26 35
27 23
28 6
29 29
30 4
31 25
32 14
33 9
34 28
35 2
36 33
SIMILAR

14 13 11 5 0 36 16 26 32 2 6 19 31 33 9 1 12 17 22 28 23 4 20 15 8 7 35 34 10 25 24 27 29 30 18 3 21 
0 4
1 15
2 9
3 35
4 21
5 3
6 10
7 25
8 24
9 14
10 28
11 2
12 16
13 1
14 0
15 23
16 6
17 17
18 34
19 11
20 22
21 36
22 18
23 20
24 30
25 29
26 7
27 31
28 19
29 32
30 33
31 12
32 8
33 13
34 27
35 26
36 5
SIMILAR

5 10 15 2 30 32 24 12 16 4 28 13 22 31 0 17 27 19 11 9 3 8 36 6 14 23 34 18 1 26 25 21 33 29 7 20 35 
0 14
1 28
2 3
3 20
4 9
5 0
6 23
7 34
8 21
9 19
10 1
11 18
12 7
13 11
14 24
15 2
16 8
17 15
18 27
19 17
20 35
21 31
22 12
23 25
24 6
25 30
26 29
27 16
28 10
29 33
30 4
31 13
32 5
33 32
34 26
35 36
36 22
SIMILAR

29 33 9 5 18 15 31 4 35 25 3 22 27 1 2 13 34 26 23 30 19 32 0 21 16 10 17 14 24 12 36 11 20 8 7 6 28 
0 22
1 13
2 14
3 10
4 7
5 3
6 35
7 34
8 33
9 2
10 25
11 31
12 29
13 15
14 27
15 5
16 24
17 26
18 4
19 20
20 32
21 23
22 11
23 18
24 28
25 9
26 17
27 12
28 36
29 0
30 19
31 6
32 21
33 1
34 16
35 8
36 30
SIMILAR

15 11 34 3 5 16 23 26 1 4 13 22 24 27 20 6 36 2 12 7 14 18 31 30 8 19 29 9 25 32 28 33 0 35 10 21 17 
0 32
1 8
2 17
3 3
4 9
5 4
6 15
7 19
8 24
9 27
10 34
11 1
12 18
13 10
14 20
15 0
16 5
17 36
18 21
19 25
20 14
21 35
22 11
23 6
24 12
25 28
26 7
27 13
28 30
29 26
30 23
31 22
32 29
33 31
34 2
35 33
36 16
SIMILAR

7 17 31 14 2 18 15 3 23 5 12 4 32 16 20 13 28 36 1 10 34 8 33 25 29 22 35 11 0 6 30 24 26 9 21 19 27 
0 28
1 18
2 4
3 7
4 11
5 9
6 29
7 0
8 21
9 33
10 19
11 27
12 10
13 15
14 3
15 6
16 13
17 1
18 5
19 35
20 14
21 34
22 25
23 8
24 31
25 23
26 32
27 36
28 16
29 24
30 30
31 2
32 12
33 22
34 20
35 26
36 17
SIMILAR

9 15 24 32 14 26 30 22 25 29 8 21 0 18 3 11 2 12 4 5 6 17 7 20 36 27 34 33 23 31 16 19 13 35 1 10 28 
0 12
1 34
2 16
3 14
4 18
5 19
6 20
7 22
8 10
9 0
10 35
11 15
12 17
13 32
14 4
15 1
16 30
17 21
18 13
19 31
20 23
21 11
22 7
23 28
24 2
25 8
26 5
27 25
28 36
29 9
30 6
31 29
32 3
33 27
34 26
35 33
36 24
SIMILAR

14 4 33 13 19 18 24 5 0 2 9 8 34 1 23 12 22 20 6 17 31 25 11 16 29 30 10 7 15 26 27 36 3 35 32 21 28 
0 8
1 13
2 9
3 32
4 1
5 7
6 18
7 27
8 11
9 10
10 26
11 22
12 15
13 3
14 0
15 28
16 23
17 19
18 5
19 4
20 17
21 35
22 16
23 14
24 6
25 21
26 29
27 30
28 36
29 24
30 25
31 20
32 34
33 2
34 12
35 33
36 31
SIMILAR

13 24 0 22 27 7 36 20 10 35 11 31 6 4 32 28 17 5 19 25 33 15 9 12 14 29 26 34 3 2 18 30 1 23 16 21 8 
0 2
1 32
2 29
3 28
4 13
5 17
6 12
7 5
8 36
9 22
10 8
11 10
12 23
13 0
14 24
15 21
16 34
17 16
18 30
19 18
20 7
21 35
22 3
23 33
24 1
25 19
26 26
27 4
28 15
29 25
30 31
31 11
32 14
33 20
34 27
35 9
36 6
SIMILAR

14 34 4 36 23 26 13 8 20 33 9 24 27 0 31 3 6 21 7 25 18 28 19 5 11 35 30 2 1 12 17 29 16 10 15 32 22 
0 13
1 28
2 27
3 15
4 2
5 23
6 16
7 18
8 7
9 10
10 33
11 24
12 29
13 6
14 0
15 34
16 32
17 30
18 20
19 22
20 8
21 17
22 36
23 4
24 11
25 19
26 5
27 12
28 21
29 31
30 26
31 14
32 35
33 9
34 1
35 25
36 3
SIMILAR

36 7 27 22 0 35 21 15 32 1 25 5 10 17 8 23 12 28 18 30 3 31 33 13 2 16 20 4 34 6 19 26 14 24 29 9 11 
0 4
1 9
2 24
3 20
4 27
5 11
6 29
7 1
8 14
9 35
10 12
11 36
12 16
13 23
14 32
15 7
16 25
17 13
18 18
19 30
20 26
21 6
22 3
23 15
24 33
25 10
26 31
27 2
28 17
29 34
30 19
31 21
32 8
33 22
34 28
35 5
36 0
SIMILAR

35 10 17 21 15 18 5 8 7 4 0 13 36 29 16 32 1 9 12 33 30 19 23 31 14 11 26 28 2 3 22 6 20 34 24 25 27 
0 10
1 16
2 28
3 29
4 9
5 6
6 31
7 8
8 7
9 17
10 1
11 25
12 18
13 11
14 24
15 4
16 14
17 2
18 5
19 21
20 32
21 3
22 30
23 22
24 34
25 35
26 26
27 36
28 27
29 13
30 20
31 23
32 15
33 19
34 33
35 0
36 12
SIMILAR

13 15 5 12 2 14 0 9 6 29 4 3 20 34 36 18 7 28 22 19 11 8 30 27 26 33 17 21 32 10 31 23 24 25 16 35 1 
0 6
1 36
2 4
3 11
4 10
5 2
6 8
7 16
8 21
9 7
10 29
11 20
12 3
13 0
14 5
15 1
16 34
17 26
18 15
19 19
20 12
21 27
22 18
23 31
24 32
25 33
26 24
27 23
28 17
29 9
30 22
31 30
32 28
33 25
34 13
35 35
36 14
SIMILAR

25 36 33 21 26 27 19 11 2 6 22 32 1 31 5 0 8 9 28 29 34 12 23 17 20 14 18 16 7 10 3 15 13 4 35 24 30 
0 15
1 12
2 8
3 30
4 33
5 14
6 9
7 28
8 16
9 17
10 29
11 7
12 21
13 32
14 25
15 31
16 27
17 23
18 26
19 6
20 24
21 3
22 10
23 22
24 35
25 0
26 4
27 5
28 18
29 19
30 36
31 13
32 11
33 2
34 20
35 34
36 1
SIMILAR

29 33 27 24 14 34 31 7 11 18 10 4 13 0 17 25 36 19 8 16 5 3 9 2 22 21 26 35 32 1 12 28 23 20 30 15 6 
0 13
1 29
2 23
3 21
4 11
5 20
6 36
7 7
8 18
9 22
10 10
11 8
12 30
13 12
14 4
15 35
16 19
17 14
18 9
19 17
20 33
21 25
22 24
23 32
24 3
25 15
26 26
27 2
28 31
29 0
30 34
31 6
32 28
33 1
34 5
35 27
36 16
SIMILAR

28 17 33 26 35 24 6 4 5 20 19 13 21 29 3 18 2 25 7 14 31 36 12 0 32 34 30 22 11 1 27 10 16 9 8 15 23 
0 23
1 29
2 16
3 14
4 7
5 8
6 6
7 18
8 34
9 33
10 31
11 28
12 22
13 11
14 19
15 35
16 32
17 1
18 15
19 10
20 9
21 12
22 27
23 36
24 5
25 17
26 3
27 30
28 0
29 13
30 26
31 20
32 24
33 2
34 25
35 4
36 21
SIMILAR

8 21 32 30 10 4 24 7 0 6 27 28 17 22 16 35 13 19 1 26 29 33 15 31 34 9 2 3 18 23 12 36 11 5 25 20 14 
0 8
1 18
2 26
3 27
4 5
5 33
6 9
7 7
8 0
9 25
10 4
11 32
12 30
13 16
14 36
15 22
16 14
17 12
18 28
19 17
20 35
21 1
22 13
23 29
24 6
25 34
26 19
27 10
28 11
29 20
30 3
31 23
32 2
33 21
34 24
35 15
36 31
SIMILAR

33 4 11 6 28 0 24 23 1 34 15 10 12 21 30 18 35 22 9 13 2 20 7 8 31 29 3 25 17 26 5 27 14 36 32 19 16 
0 5
1 8
2 20
3 26
4 1
5 30
6 3
7 22
8 23
9 18
10 11
11 2
12 12
13 19
14 32
15 10
16 36
17 28
18 15
19 35
20 21
21 13
22 17
23 7
24 6
25 27
26 29
27 31
28 4
29 25
30 14
31 24
32 34
33 0
34 9
35 16
36 33
SIMILAR

5 23 31 6 9 25 36 27 19 8 13 3 2 4 10 0 18 11 7 35 1 15 30 32 21 33 24 28 34 12 16 20 29 26 22 17 14 
0 15
1 20
2 12
3 11
4 13
5 0
6 3
7 18
8 9
9 4
10 14
11 17
12 29
13 10
14 36
15 21
16 30
17 35
18 16
19 8
20 31
21 24
22 34
23 1
24 26
25 5
26 33
27 7
28 27
29 32
30 22
31 2
32 23
33 25
34 28
35 19
36 6
SIMILAR

34 18 4 0 20 33 23 26 17 6 14 11 24 29 3 8 21 35 5 2 30 32 25 16 31 7 22 28 27 10 9 19 15 1 36 13 12 
0 3
1 33
2 19
3 14
4 2
5 18
6 9
7 25
8 15
9 30
10 29
11 11
12 36
13 35
14 10
15 32
16 23
17 8
18 1
19 31
20 4
21 16
22 26
23 6
24 12
25 22
26 7
27 28
28 27
29 13
30 20
31 24
32 21
33 5
34 0
35 17
36 34
SIMILAR

13 21 11 30 26 10 5 29 31 34 18 24 27 15 8 25 2 12 32 14 22 9 4 36 35 23 0 28 3 6 19 17 33 1 7 20 16 
0 26
1 33
2 16
3 28
4 22
5 6
6 29
7 34
8 14
9 21
10 5
11 2
12 17
13 0
14 19
15 13
16 36
17 31
18 10
19 30
20 35
21 1
22 20
23 25
24 11
25 15
26 4
27 12
28 27
29 7
30 3
31 8
32 18
33 32
34 9
35 24
36 23
SIMILAR

15 36 26 27 19 18 17 25 3 21 4 10 16 24 30 34 9 6 20 12 14 28 32 22 13 23 31 35 29 33 2 1 5 8 0 7 11 
0 34
1 31
2 30
3 8
4 10
5 32
6 17
7 35
8 33
9 16
10 11
11 36
12 19
13 24
14 20
15 0
16 12
17 6
18 5
19 4
20 18
21 9
22 23
23 25
24 13
25 7
26 2
27 3
28 21
29 28
30 14
31 26
32 22
33 29
34 15
35 27
36 1
SIMILAR

5 35 7 28 8 15 31 24 9 23 4 27 11 26 29 30 0 1 3 2 20 33 32 17 22 12 13 14 10 19 21 34 16 6 25 36 18 
0 16
1 17
2 19
3 18
4 10
5 0
6 33
7 2
8 4
9 8
10 28
11 12
12 25
13 26
14 27
15 5
16 32
17 23
18 36
19 29
20 20
21 30
22 24
23 9
24 7
25 34
26 13
27 11
28 3
29 14
30 15
31 6
32 22
33 21
34 31
35 1
36 35
SIMILAR

18 31 5 7 10 13 12 19 36 6 21 14 15 23 34 25 11 26 33 22 1 4 27 24 0 9 8 17 20 30 2 29 35 16 3 28 32 
0 24
1 20
2 30
3 34
4 21
5 2
6 9
7 3
8 26
9 25
10 4
11 16
12 6
13 5
14 11
15 12
16 33
17 27
18 0
19 7
20 28
21 10
22 19
23 13
24 23
25 15
26 17
27 22
28 35
29 31
30 29
31 1
32 36
33 18
34 14
35 32
36 8
SIMILAR

6 31 18 19 23 15 36 3 35 9 14 20 10 28 0 22 12 26 21 7 27 11 17 30 5 8 25 16 24 4 29 32 34 1 33 13 2 
0 14
1 33
2 36
3 7
4 29
5 24
6 0
7 19
8 25
9 9
10 12
11 21
12 16
13 35
14 10
15 5
16 27
17 22
18 2
19 3
20 11
21 18
22 15
23 4
24 28
25 26
26 17
27 20
28 13
29 30
30 23
31 1
32 31
33 34
34 32
35 8
36 6
SIMILAR

17 28 34 33 8 6 25 4 19 27 7 5 14 16 23 31 15 29 24 22 32 0 2 20 10 3 9 1 18 30 21 11 35 12 13 36 26 
0 21
1 27
2 22
3 25
4 7
5 11
6 5
7 10
8 4
9 26
10 24
11 31
12 33
13 34
14 12
15 16
16 13
17 0
18 28
19 8
20 23
21 30
22 19
23 14
24 18
25 6
26 36
27 9
28 1
29 17
30 29
31 15
32 20
33 3
34 2
35 32
36 35
SIMILAR

5 28 26 13 34 10 33 17 25 12 29 2 24 4 36 15 16 1 19 8 27 23 9 3 7 18 32 20 35 22 21 6 30 14 11 31 0 
0 36
1 17
2 11
3 23
4 13
5 0
6 31
7 24
8 19
9 22
10 5
11 34
12 9
13 3
14 33
15 15
16 16
17 7
18 25
19 18
20 27
21 30
22 29
23 21
24 12
25 8
26 2
27 20
28 1
29 10
30 32
31 35
32 26
33 6
34 4
35 28
36 14
SIMILAR

19 7 18 13 14 26 31 20 23 4 35 17 15 36 34 12 25 21 32 22 6 8 5 28 33 1 24 2 9 3 10 27 11 16 0 29 30 
0 34
1 25
2 27
3 29
4 9
5 22
6 20
7 1
8 21
9 28
10 30
11 32
12 15
13 3
14 4
15 12
16 33
17 11
18 2
19 0
20 7
21 17
22 19
23 8
24 26
25 16
26 5
27 31
28 23
29 35
30 36
31 6
32 18
33 24
34 14
35 10
36 13
SIMILAR

1 32 7 8 26 13 2 4 34 16 14 25 24 10 5 17 20 0 19 12 36 6 29 21 22 31 27 11 15 23 33 28 3 9 35 30 18 
0 17
1 0
2 6
3 32
4 7
5 14
6 21
7 2
8 3
9 33
10 13
11 27
12 19
13 5
14 10
15 28
16 9
17 15
18 36
19 18
20 16
21 23
22 24
23 29
24 12
25 11
26 4
27 26
28 31
29 22
30 35
31 25
32 1
33 30
34 8
35 34
36 20
SIMILAR

30 4 34 6 27 3 33 36 25 1 28 19 26 12 0 8 20 9 22 13 23 15 32 14 16 29 2 7 18 11 5 31 10 24 35 17 21 
0 14
1 9
2 26
3 5
4 1
5 30
6 3
7 27
8 15
9 17
10 32
11 29
12 13
13 19
14 23
15 21
16 24
17 35
18 28
19 11
20 16
21 36
22 18
23 20
24 33
25 8
26 12
27 4
28 10
29 25
30 0
31 31
32 22
33 6
34 2
35 34
36 7
SIMILAR

24 28 14 7 11 9 20 3 35 6 31 2 18 5 33 13 27 1 15 34 4 32 16 12 19 36 10 25 21 0 22 8 29 26 23 17 30 
0 29
1 17
2 11
3 7
4 20
5 13
6 9
7 3
8 31
9 5
10 26
11 4
12 23
13 15
14 2
15 18
16 22
17 35
18 12
19 24
20 6
21 28
22 30
23 34
24 0
25 27
26 33
27 16
28 1
29 32
30 36
31 10
32 21
33 14
34 19
35 8
36 25
SIMILAR

16 4 10 18 6 3 25 28 36 8 1 5 29 31 26 27 12 21 20 24 7 2 35 22 0 15 23 14 33 9 34 19 32 17 30 13 11 
0 24
1 10
2 21
3 5
4 1
5 11
6 4
7 20
8 9
9 29
10 2
11 36
12 16
13 35
14 27
15 25
16 0
17 33
18 3
19 31
20 18
21 17
22 23
23 26
24 19
25 6
26 14
27 15
28 7
29 12
30 34
31 13
32 32
33 28
34 30
35 22
36 8
SIMILAR

30 12 19 10 35 13 16 14 24 31 8 26 17 1 5 29 33 36 7 0 22 32 27 2 23 3 28 25 20 6 18 34 9 15 11 4 21 
0 19
1 13
2 23
3 25
4 35
5 14
6 29
7 18
8 10
9 32
10 3
11 34
12 1
13 5
14 7
15 33
16 6
17 12
18 30
19 2
20 28
21 36
22 20
23 24
24 8
25 27
26 11
27 22
28 26
29 15
30 0
31 9
32 21
33 16
34 31
35 4
36 17
SIMILAR

17 30 10 34 20 12 26 24 33 27 4 15 2 35 0 9 31 3 19 28 32 11 22 16 5 1 18 7 6 13 29 23 36 8 21 14 25 
0 14
1 25
2 12
3 17
4 10
5 24
6 28
7 27
8 33
9 15
10 2
11 21
12 5
13 29
14 35
15 11
16 23
17 0
18 26
19 18
20 4
21 34
22 22
23 31
24 7
25 36
26 6
27 9
28 19
29 30
30 1
31 16
32 20
33 8
34 3
35 13
36 32
SIMILAR

26 10 12 27 14 8 34 7 22 20 18 35 29 4 0 19 23 6 33 5 2 13 21 36 30 15 3 25 31 17 16 24 11 28 32 9 1 
0 14
1 36
2 20
3 26
4 13
5 19
6 17
7 7
8 5
9 35
10 1
11 32
12 2
13 21
14 4
15 25
16 30
17 29
18 10
19 15
20 9
21 22
22 8
23 16
24 31
25 27
26 0
27 3
28 33
29 12
30 24
31 28
32 34
33 18
34 6
35 11
36 23
SIMILAR

14 31 35 28 23 24 5 6 9 18 0 32 30 10 2 12 11 26 21 27 7 17 8 4 1 25 36 20 33 15 29 34 13 19 22 16 3 
0 10
1 24
2 14
3 36
4 23
5 6
6 7
7 20
8 22
9 8
10 13
11 16
12 15
13 32
14 0
15 29
16 35
17 21
18 9
19 33
20 27
21 18
22 34
23 4
24 5
25 25
26 17
27 19
28 3
29 30
30 12
31 1
32 11
33 28
34 31
35 2
36 26
SIMILAR

3 2 31 22 6 4 15 27 17 33 21 35 28 20 30 12 34 5 19 18 26 24 25 14 1 32 23 8 10 11 13 0 29 16 7 9 36 
0 31
1 24
2 1
3 0
4 5
5 17
6 4
7 34
8 27
9 35
10 28
11 29
12 15
13 30
14 23
15 6
16 33
17 8
18 19
19 18
20 13
21 10
22 3
23 26
24 21
25 22
26 20
27 7
28 12
29 32
30 14
31 2
32 25
33 9
34 16
35 11
36 36
SIMILAR

19 3 23 30 7 24 11 22 2 4 14 15 12 27 6 32 8 17 21 31 1 36 16 25 26 35 10 13 34 20 28 9 29 33 5 18 0 
0 36
1 20
2 8
3 1
4 9
5 34
6 14
7 4
8 16
9 31
10 26
11 6
12 12
13 27
14 10
15 11
16 22
17 17
18 35
19 0
20 29
21 18
22 7
23 2
24 5
25 23
26 24
27 13
28 30
29 32
30 3
31 19
32 15
33 33
34 28
35 25
36 21
SIMILAR

25 16 31 8 23 5 21 13 32 35 17 27 10 3 4 20 33 1 2 18 6 0 7 28 12 34 29 19 14 36 9 11 30 24 22 15 26 
0 21
1 17
2 18
3 13
4 14
5 5
6 20
7 22
8 3
9 30
10 12
11 31
12 24
13 7
14 28
15 35
16 1
17 10
18 19
19 27
20 15
21 6
22 34
23 4
24 33
25 0
26 36
27 11
28 23
29 26
30 32
31 2
32 8
33 16
34 25
35 9
36 29
SIMILAR

8 34 6 22 4 9 21 1 12 14 7 19 25 18 17 36 29 3 35 0 27 13 11 20 30 28 10 31 16 33 2 5 26 15 24 32 23 
0 19
1 7
2 30
3 17
4 4
5 31
6 2
7 10
8 0
9 5
10 26
11 22
12 8
13 21
14 9
15 33
16 28
17 14
18 13
19 11
20 23
21 6
22 3
23 36
24 34
25 12
26 32
27 20
28 25
29 16
30 24
31 27
32 35
33 29
34 1
35 18
36 15
SIMILAR

31 7 36 16 5 26 20 19 21 32 34 0 13 3 9 12 10 8 23 17 18 30 11 33 27 35 2 22 25 1 15 4 29 24 14 28 6 
0 11
1 29
2 26
3 13
4 31
5 4
6 36
7 1
8 17
9 14
10 16
11 22
12 15
13 12
14 34
15 30
16 3
17 19
18 20
19 7
20 6
21 8
22 27
23 18
24 33
25 28
26 5
27 24
28 35
29 32
30 21
31 0
32 9
33 23
34 10
35 25
36 2
SIMILAR

10 1 23 12 25 34 16 11 18 3 26 27 14 2 5 4 36 24 33 30 17 9 15 6 32 28 20 35 22 29 13 8 21 0 19 7 31 
0 33
1 1
2 13
3 9
4 15
5 14
6 23
7 35
8 31
9 21
10 0
11 7
12 3
13 30
14 12
15 22
16 6
17 20
18 8
19 34
20 26
21 32
22 28
23 2
24 17
25 4
26 10
27 11
28 25
29 29
30 19
31 36
32 24
33 18
34 5
35 27
36 16
SIMILAR

29 25 26 21 34 12 28 16 32 6 1 11 0 20 15 22 8 33 31 27 18 4 17 9 10 14 19 24 13 30 36 3 35 2 5 23 7 
0 12
1 10
2 33
3 31
4 21
5 34
6 9
7 36
8 16
9 23
10 24
11 11
12 5
13 28
14 25
15 14
16 7
17 22
18 20
19 26
20 13
21 3
22 15
23 35
24 27
25 1
26 2
27 19
28 6
29 0
30 29
31 18
32 8
33 17
34 4
35 32
36 30
SIMILAR

12 19 33 23 24 8 2 7 36 29 21 0 27 26 35 32 20 3 14 34 4 5 9 17 15 13 11 10 31 16 30 18 25 22 6 1 28 
0 11
1 35
2 6
3 17
4 20
5 21
6 34
7 7
8 5
9 22
10 27
11 26
12 0
13 25
14 18
15 24
16 29
17 23
18 31
19 1
20 16
21 10
22 33
23 3
24 4
25 32
26 13
27 12
28 36
29 9
30 30
31 28
32 15
33 2
34 19
35 14
36 8
SIMILAR

26 32 18 36 23 1 5 33 6 34 24 21 13 9 2 4 12 22 0 17 8 3 14 28 11 31 16 7 19 25 29 20 27 30 15 35 10 
0 18
1 5
2 14
3 21
4 15
5 6
6 8
7 27
8 20
9 13
10 36
11 24
12 16
13 12
14 22
15 34
16 26
17 19
18 2
19 28
20 31
21 11
22 17
23 4
24 10
25 29
26 0
27 32
28 23
29 30
30 33
31 25
32 1
33 7
34 9
35 35
36 3
SIMILAR

25 22 21 28 20 32 13 8 18 0 35 14 24 23 2 10 9 17 29 16 6 33 34 12 3 5 15 1 19 7 36 4 11 26 30 27 31 
0 9
1 27
2 14
3 24
4 31
5 25
6 20
7 29
8 7
9 16
10 15
11 32
12 23
13 6
14 11
15 26
16 19
17 17
18 8
19 28
20 4
21 2
22 1
23 13
24 12
25 0
26 33
27 35
28 3
29 18
30 34
31 36
32 5
33 21
34 22
35 10
36 30
SIMILAR

24 5 25 7 32 18 21 20 27 31 0 14 35 16 33 2 11 10 26 34 3 22 6 8 19 28 4 30 9 36 12 13 17 29 23 15 1 
0 10
1 36
2 15
3 20
4 26
5 1
6 22
7 3
8 23
9 28
10 17
11 16
12 30
13 31
14 11
15 35
16 13
17 32
18 5
19 24
20 7
21 6
22 21
23 34
24 0
25 2
26 18
27 8
28 25
29 33
30 27
31 9
32 4
33 14
34 19
35 12
36 29
SIMILAR

36 31 4 8 17 1 16 10 23 19 25 5 18 12 0 14 29 22 27 33 15 35 7 28 26 24 21 2 9 32 20 6 34 13 11 30 3 
0 14
1 5
2 27
3 36
4 2
5 11
6 31
7 22
8 3
9 28
10 7
11 34
12 13
13 33
14 15
15 20
16 6
17 4
18 12
19 9
20 30
21 26
22 17
23 8
24 25
25 10
26 24
27 18
28 23
29 16
30 35
31 1
32 29
33 19
34 32
35 21
36 0
SIMILAR

21 31 14 0 6 1 2 4 34 29 30 9 23 5 24 11 27 35 12 26 25 22 20 15 13 8 19 16 7 32 33 3 10 36 18 17 28 
0 3
1 5
2 6
3 31
4 7
5 13
6 4
7 28
8 25
9 11
10 32
11 15
12 18
13 24
14 2
15 23
16 27
17 35
18 34
19 26
20 22
21 0
22 21
23 12
24 14
25 20
26 19
27 16
28 36
29 9
30 10
31 1
32 29
33 30
34 8
35 17
36 33
SIMILAR

6 1 11 29 12 31 23 15 35 19 24 13 18 5 33 10 0 36 34 26 7 27 25 28 30 21 3 9 14 2 32 20 17 8 4 22 16 
0 16
1 1
2 29
3 26
4 34
5 13
6 0
7 20
8 33
9 27
10 15
11 2
12 4
13 11
14 28
15 7
16 36
17 32
18 12
19 9
20 31
21 25
22 35
23 6
24 10
25 22
26 19
27 21
28 23
29 3
30 24
31 5
32 30
33 14
34 18
35 8
36 17
SIMILAR

19 10 22 12 34 7 4 35 17 13 24 26 11 29 9 23 0 33 6 21 3 15 18 8 16 1 27 36 20 14 31 28 30 32 25 2 5 
0 16
1 25
2 35
3 20
4 6
5 36
6 18
7 5
8 23
9 14
10 1
11 12
12 3
13 9
14 29
15 21
16 24
17 8
18 22
19 0
20 28
21 19
22 2
23 15
24 10
25 34
26 11
27 26
28 31
29 13
30 32
31 30
32 33
33 17
34 4
35 7
36 27
SIMILAR

15 14 6 0 25 4 30 29 18 32 21 13 16 2 26 22 12 7 31 34 35 1 17 10 23 11 9 5 8 28 36 27 19 33 20 24 3 
0 3
1 21
2 13
3 36
4 5
5 27
6 2
7 17
8 28
9 26
10 23
11 25
12 16
13 11
14 1
15 0
16 12
17 22
18 8
19 32
20 34
21 10
22 15
23 24
24 35
25 4
26 14
27 31
28 29
29 7
30 6
31 18
32 9
33 33
34 19
35 20
36 30
SIMILAR

19 23 7 12 31 21 33 30 0 2 16 4 17 25 24 28 18 36 22 34 9 20 6 10 15 32 14 8 1 26 35 3 13 29 5 11 27 
0 8
1 28
2 9
3 31
4 11
5 34
6 22
7 2
8 27
9 20
10 23
11 35
12 3
13 32
14 26
15 24
16 10
17 12
18 16
19 0
20 21
21 5
22 18
23 1
24 14
25 13
26 29
27 36
28 15
29 33
30 7
31 4
32 25
33 6
34 19
35 30
36 17
SIMILAR

20 29 9 2 19 13 32 34 15 30 6 28 24 31 3 22 21 1 5 10 4 23 8 35 16 26 7 25 17 18 11 0 14 12 33 27 36 
0 31
1 17
2 3
3 14
4 20
5 18
6 10
7 26
8 22
9 2
10 19
11 30
12 33
13 5
14 32
15 8
16 24
17 28
18 29
19 4
20 0
21 16
22 15
23 21
24 12
25 27
26 25
27 35
28 11
29 1
30 9
31 13
32 6
33 34
34 7
35 23
36 36
SIMILAR

26 13 20 32 8 36 30 4 5 18 31 27 33 34 15 1 12 29 16 3 10 19 23 11 28 25 9 22 17 35 2 21 14 7 24 6 0 
0 36
1 15
2 30
3 19
4 7
5 8
6 35
7 33
8 4
9 26
10 20
11 23
12 16
13 1
14 32
15 14
16 18
17 28
18 9
19 21
20 2
21 31
22 27
23 22
24 34
25 25
26 0
27 11
28 24
29 17
30 6
31 10
32 3
33 12
34 13
35 29
36 5
SIMILAR

3 23 10 9 20 17 26 5 4 18 2 24 25 14 35 21 29 7 19 31 13 11 27 33 34 30 36 1 15 16 0 8 32 22 6 28 12 
0 30
1 27
2 10
3 0
4 8
5 7
6 34
7 17
8 31
9 3
10 2
11 21
12 36
13 20
14 13
15 28
16 29
17 5
18 9
19 18
20 4
21 15
22 33
23 1
24 11
25 12
26 6
27 22
28 35
29 16
30 25
31 19
32 32
33 23
34 24
35 14
36 26
SIMILAR

7 6 29 19 5 28 35 10 31 33 32 16 30 8 12 2 26 23 24 27 36 11 25 21 15 3 13 0 14 9 1 17 34 18 4 22 20 
0 27
1 30
2 15
3 25
4 34
5 4
6 1
7 0
8 13
9 29
10 7
11 21
12 14
13 26
14 28
15 24
16 11
17 31
18 33
19 3
20 36
21 23
22 35
23 17
24 18
25 22
26 16
27 19
28 5
29 2
30 12
31 8
32 10
33 9
34 32
35 6
36 20
SIMILAR

12 34 24 13 0 15 35 30 6 4 33 2 26 7 27 23 3 5 14 29 28 20 22 36 21 9 11 10 31 18 17 19 1 8 32 25 16 
0 4
1 32
2 11
3 16
4 9
5 17
6 8
7 13
8 33
9 25
10 27
11 26
12 0
13 3
14 18
15 5
16 36
17 30
18 29
19 31
20 21
21 24
22 22
23 15
24 2
25 35
26 12
27 14
28 20
29 19
30 7
31 28
32 34
33 10
34 1
35 6
36 23
SIMILAR

33 17 31 1 21 13 14 19 11 4 8 5 24 32 27 36 29 16 0 22 26 7 34 25 15 6 12 35 3 28 9 18 10 2 23 30 20 
0 18
1 3
2 33
3 28
4 9
5 11
6 25
7 21
8 10
9 30
10 32
11 8
12 26
13 5
14 6
15 24
16 17
17 1
18 31
19 7
20 36
21 4
22 19
23 34
24 12
25 23
26 20
27 14
28 29
29 16
30 35
31 2
32 13
33 0
34 22
35 27
36 15
SIMILAR

24 31 21 10 3 18 4 8 14 20 34 0 16 23 17 9 25 29 22 1 33 30 28 15 12 27 32 7 11 5 26 19 35 13 36 6 2 
0 11
1 19
2 36
3 4
4 6
5 29
6 35
7 27
8 7
9 15
10 3
11 28
12 24
13 33
14 8
15 23
16 12
17 14
18 5
19 31
20 9
21 2
22 18
23 13
24 0
25 16
26 30
27 25
28 22
29 17
30 21
31 1
32 26
33 20
34 10
35 32
36 34
SIMILAR

24 13 35 26 31 22 10 3 16 6 25 32 1 5 36 4 0 29 23 15 7 19 9 8 12 17 21 33 14 18 11 30 28 20 2 34 27 
0 16
1 12
2 34
3 7
4 15
5 13
6 9
7 20
8 23
9 22
10 6
11 30
12 24
13 1
14 28
15 19
16 8
17 25
18 29
19 21
20 33
21 26
22 5
23 18
24 0
25 10
26 3
27 36
28 32
29 17
30 31
31 4
32 11
33 27
34 35
35 2
36 14
SIMILAR

29 17 32 30 16 0 27 20 14 22 10 12 33 15 28 31 23 5 21 6 8 26 11 1 25 24 34 3 7 4 35 36 2 9 19 13 18 
0 5
1 23
2 32
3 27
4 29
5 17
6 19
7 28
8 20
9 33
10 10
11 22
12 11
13 35
14 8
15 13
16 4
17 1
18 36
19 34
20 7
21 18
22 9
23 16
24 25
25 24
26 21
27 6
28 14
29 0
30 3
31 15
32 2
33 12
34 26
35 30
36 31
SIMILAR

31 35 26 34 24 22 12 10 13 21 32 17 33 5 23 18 36 9 20 4 8 7 19 27 29 1 25 6 0 16 15 3 11 2 28 30 14 
0 28
1 25
2 33
3 31
4 19
5 13
6 27
7 21
8 20
9 17
10 7
11 32
12 6
13 8
14 36
15 30
16 29
17 11
18 15
19 22
20 18
21 9
22 5
23 14
24 4
25 26
26 2
27 23
28 34
29 24
30 35
31 0
32 10
33 12
34 3
35 1
36 16
SIMILAR

7 24 25 8 27 11 20 1 35 33 13 10 23 16 36 32 18 15 3 12 34 17 0 31 26 6 4 28 29 14 5 19 22 9 2 30 21 
0 22
1 7
2 34
3 18
4 26
5 30
6 25
7 0
8 3
9 33
10 11
11 5
12 19
13 10
14 29
15 17
16 13
17 21
18 16
19 31
20 6
21 36
22 32
23 12
24 1
25 2
26 24
27 4
28 27
29 28
30 35
31 23
32 15
33 9
34 20
35 8
36 14
SIMILAR

13 6 14 15 26 33 5 0 30 35 32 4 7 25 27 10 29 28 31 34 24 12 3 2 36 11 1 9 21 18 8 17 22 16 19 20 23 
0 7
1 26
2 23
3 22
4 11
5 6
6 1
7 12
8 30
9 27
10 15
11 25
12 21
13 0
14 2
15 3
16 33
17 31
18 29
19 34
20 35
21 28
22 32
23 36
24 20
25 13
26 4
27 14
28 17
29 16
30 8
31 18
32 10
33 5
34 19
35 9
36 24
SIMILAR

1 16 5 11 32 34 19 35 31 27 33 22 20 18 3 17 12 4 24 25 15 13 6 21 28 7 36 29 2 23 14 10 30 0 26 9 8 
0 33
1 0
2 28
3 14
4 17
5 2
6 22
7 25
8 36
9 35
10 31
11 3
12 16
13 21
14 30
15 20
16 1
17 15
18 13
19 6
20 12
21 23
22 11
23 29
24 18
25 19
26 34
27 9
28 24
29 27
30 32
31 8
32 4
33 10
34 5
35 7
36 26
SIMILAR

26 10 18 27 0 32 29 3 23 30 31 8 22 6 1 5 20 14 13 28 12 15 16 19 24 2 9 34 17 35 33 36 11 7 4 21 25 
0 4
1 14
2 25
3 7
4 34
5 15
6 13
7 33
8 11
9 26
10 1
11 32
12 20
13 18
14 17
15 21
16 22
17 28
18 2
19 23
20 16
21 35
22 12
23 8
24 24
25 36
26 0
27 3
28 19
29 6
30 9
31 10
32 5
33 30
34 27
35 29
36 31
SIMILAR

10 36 20 26 2 16 32 23 6 28 12 11 15 5 30 8 13 31 4 24 29 17 21 34 1 35 27 3 25 7 19 0 14 33 18 22 9 
0 31
1 24
2 4
3 27
4 18
5 13
6 8
7 29
8 15
9 36
10 0
11 11
12 10
13 16
14 32
15 12
16 5
17 21
18 34
19 30
20 2
21 22
22 35
23 7
24 19
25 28
26 3
27 26
28 9
29 20
30 14
31 17
32 6
33 33
34 23
35 25
36 1
SIMILAR

23 24 1 32 10 15 16 2 29 30 20 12 17 35 28 5 33 19 27 25 26 14 34 8 31 6 21 11 7 36 13 4 9 3 22 0 18 
0 35
1 2
2 7
3 33
4 31
5 15
6 25
7 28
8 23
9 32
10 4
11 27
12 11
13 30
14 21
15 5
16 6
17 12
18 36
19 17
20 10
21 26
22 34
23 0
24 1
25 19
26 20
27 18
28 14
29 8
30 9
31 24
32 3
33 16
34 22
35 13
36 29
SIMILAR

32 8 27 33 34 0 30 21 1 26 35 17 9 6 25 28 12 36 11 24 22 19 5 10 20 23 29 14 15 18 4 7 3 16 2 13 31 
0 5
1 8
2 34
3 32
4 30
5 22
6 13
7 31
8 1
9 12
10 23
11 18
12 16
13 35
14 27
15 28
16 33
17 11
18 29
19 21
20 24
21 7
22 20
23 25
24 19
25 14
26 9
27 2
28 15
29 26
30 6
31 36
32 0
33 3
34 4
35 10
36 17
SIMILAR

20 10 30 23 14 17 4 24 15 26 34 32 19 12 0 3 25 9 11 27 18 33 16 1 6 22 31 5 7 8 35 21 2 36 29 13 28 
0 14
1 23
2 32
3 15
4 6
5 27
6 24
7 28
8 29
9 17
10 1
11 18
12 13
13 35
14 4
15 8
16 22
17 5
18 20
19 12
20 0
21 31
22 25
23 3
24 7
25 16
26 9
27 19
28 36
29 34
30 2
31 26
32 11
33 21
34 10
35 30
36 33
SIMILAR

31 15 27 7 19 6 22 33 14 8 28 1 17 18 26 12 10 20 24 2 13 9 4 25 23 3 32 0 30 21 35 36 29 11 16 34 5 
0 27
1 11
2 19
3 25
4 22
5 36
6 5
7 3
8 9
9 21
10 16
11 33
12 15
13 20
14 8
15 1
16 34
17 12
18 13
19 4
20 17
21 29
22 6
23 24
24 18
25 23
26 14
27 2
28 10
29 32
30 28
31 0
32 26
33 7
34 35
35 30
36 31
SIMILAR

31 29 25 21 30 22 1 6 33 0 19 36 24 4 2 7 18 13 14 12 17 8 16 9 26 27 15 10 11 35 32 20 23 5 28 3 34 
0 9
1 6
2 14
3 35
4 13
5 33
6 7
7 15
8 21
9 23
10 27
11 28
12 19
13 17
14 18
15 26
16 22
17 20
18 16
19 10
20 31
21 3
22 5
23 32
24 12
25 2
26 24
27 25
28 34
29 1
30 4
31 0
32 30
33 8
34 36
35 29
36 11
SIMILAR

17 34 12 11 0 7 35 29 13 3 1 6 16 5 14 19 15 31 30 21 20 9 22 25 18 36 33 26 27 23 2 10 8 4 28 24 32 
0 4
1 10
2 30
3 9
4 33
5 13
6 11
7 5
8 32
9 21
10 31
11 3
12 2
13 8
14 14
15 16
16 12
17 0
18 24
19 15
20 20
21 19
22 22
23 29
24 35
25 23
26 27
27 28
28 34
29 7
30 18
31 17
32 36
33 26
34 1
35 6
36 25
SIMILAR

10 13 11 20 33 4 2 23 32 24 0 7 12 22 29 36 6 27 19 16 18 8 14 15 26 34 1 17 21 35 3 28 5 31 25 30 9 
0 10
1 26
2 6
3 30
4 5
5 32
6 16
7 11
8 21
9 36
10 0
11 2
12 12
13 1
14 22
15 23
16 19
17 27
18 20
19 18
20 3
21 28
22 13
23 7
24 9
25 34
26 24
27 17
28 31
29 14
30 35
31 33
32 8
33 4
34 25
35 29
36 15
SIMILAR

10 17 1 25 33 11 20 4 34 19 0 29 23 21 22 6 3 15 18 30 26 5 27 32 9 7 36 12 24 31 35 2 13 28 16 14 8 
0 10
1 2
2 31
3 16
4 7
5 21
6 15
7 25
8 36
9 24
10 0
11 5
12 27
13 32
14 35
15 17
16 34
17 1
18 18
19 9
20 6
21 13
22 14
23 12
24 28
25 3
26 20
27 22
28 33
29 11
30 19
31 29
32 23
33 4
34 8
35 30
36 26
SIMILAR

34 35 23 16 13 18 15 30 17 4 2 3 36 12 8 19 14 7 21 26 27 24 20 25 1 22 11 29 10 5 31 6 0 28 9 32 33 
0 32
1 24
2 10
3 11
4 9
5 29
6 31
7 17
8 14
9 34
10 28
11 26
12 13
13 4
14 16
15 6
16 3
17 8
18 5
19 15
20 22
21 18
22 25
23 2
24 21
25 23
26 19
27 20
28 33
29 27
30 7
31 30
32 35
33 36
34 0
35 1
36 12
SIMILAR

4 19 36 10 26 11 17 1 3 27 21 9 6 14 15 31 18 8 23 13 2 16 24 22 7 32 30 35 20 34 0 28 25 33 12 29 5 
0 30
1 7
2 20
3 8
4 0
5 36
6 12
7 24
8 17
9 11
10 3
11 5
12 34
13 19
14 13
15 14
16 21
17 6
18 16
19 1
20 28
21 10
22 23
23 18
24 22
25 32
26 4
27 9
28 31
29 35
30 26
31 15
32 25
33 33
34 29
35 27
36 2
SIMILAR

26 4 33 31 18 21 27 34 6 12 15 2 14 35 20 24 7 23 1 9 8 0 16 28 36 19 10 22 29 5 30 32 11 25 17 3 13 
0 21
1 18
2 11
3 35
4 1
5 29
6 8
7 16
8 20
9 19
10 26
11 32
12 9
13 36
14 12
15 10
16 22
17 34
18 4
19 25
20 14
21 5
22 27
23 17
24 15
25 33
26 0
27 6
28 23
29 28
30 30
31 3
32 31
33 2
34 7
35 13
36 24
SIMILAR

1 15 23 11 33 25 26 2 9 27 3 10 14 8 18 32 7 19 24 30 13 31 0 16 29 34 6 12 28 36 4 20 5 17 22 21 35 
0 22
1 0
2 7
3 10
4 30
5 32
6 26
7 16
8 13
9 8
10 11
11 3
12 27
13 20
14 12
15 1
16 23
17 33
18 14
19 17
20 31
21 35
22 34
23 2
24 18
25 5
26 6
27 9
28 28
29 24
30 19
31 21
32 15
33 4
34 25
35 36
36 29
SIMILAR

21 19 36 6 34 30 16 1 10 29 25 12 13 17 3 31 24 32 8 2 15 5 27 9 20 22 4 14 26 0 23 35 7 11 33 28 18 
0 29
1 7
2 19
3 14
4 26
5 21
6 3
7 32
8 18
9 23
10 8
11 33
12 11
13 12
14 27
15 20
16 6
17 13
18 36
19 1
20 24
21 0
22 25
23 30
24 16
25 10
26 28
27 22
28 35
29 9
30 5
31 15
32 17
33 34
34 4
35 31
36 2
SIMILAR

32 17 5 31 8 3 24 9 34 6 19 27 21 0 11 10 12 23 7 18 33 36 22 13 2 15 14 16 30 20 29 26 4 35 28 1 25 
0 13
1 35
2 24
3 5
4 32
5 2
6 9
7 18
8 4
9 7
10 15
11 14
12 16
13 23
14 26
15 25
16 27
17 1
18 19
19 10
20 29
21 12
22 22
23 17
24 6
25 36
26 31
27 11
28 34
29 30
30 28
31 3
32 0
33 20
34 8
35 33
36 21
SIMILAR

1 16 2 17 24 22 29 34 13 6 26 7 9 23 14 30 19 21 3 27 32 20 11 33 0 4 5 28 15 25 12 10 31 18 36 35 8 
0 24
1 0
2 2
3 18
4 25
5 26
6 9
7 11
8 36
9 12
10 31
11 22
12 30
13 8
14 14
15 28
16 1
17 3
18 33
19 16
20 21
21 17
22 5
23 13
24 4
25 29
26 10
27 19
28 27
29 6
30 15
31 32
32 20
33 23
34 7
35 35
36 34
SIMILAR

27 35 24 29 17 23 6 31 25 30 9 3 26 0 5 2 22 28 16 21 19 32 7 12 18 13 4 10 8 36 11 34 14 1 33 20 15 
0 13
1 33
2 15
3 11
4 26
5 14
6 6
7 22
8 28
9 10
10 27
11 30
12 23
13 25
14 32
15 36
16 18
17 4
18 24
19 20
20 35
21 19
22 16
23 5
24 2
25 8
26 12
27 0
28 17
29 3
30 9
31 7
32 21
33 34
34 31
35 1
36 29
SIMILAR

25 24 1 11 32 29 33 5 18 10 4 8 9 12 0 7 14 28 21 13 16 35 17 6 36 27 19 30 31 22 2 3 15 23 26 20 34 
0 14
1 2
2 30
3 31
4 10
5 7
6 23
7 15
8 11
9 12
10 9
11 3
12 13
13 19
14 16
15 32
16 20
17 22
18 8
19 26
20 35
21 18
22 29
23 33
24 1
25 0
26 34
27 25
28 17
29 5
30 27
31 28
32 4
33 6
34 36
35 21
36 24
SIMILAR

31 35 24 23 6 17 12 26 32 22 11 8 3 21 9 28 14 7 2 25 0 4 33 1 16 5 13 29 20 19 30 10 27 36 34 15 18 
0 20
1 23
2 18
3 12
4 21
5 25
6 4
7 17
8 11
9 14
10 31
11 10
12 6
13 26
14 16
15 35
16 24
17 5
18 36
19 29
20 28
21 13
22 9
23 3
24 2
25 19
26 7
27 32
28 15
29 27
30 30
31 0
32 8
33 22
34 34
35 1
36 33
SIMILAR

3 19 20 28 36 24 1 16 14 8 34 31 5 7 25 11 10 21 17 6 33 26 9 2 27 0 12 29 18 30 32 15 23 13 22 4 35 
0 25
1 6
2 23
3 0
4 35
5 12
6 19
7 13
8 9
9 22
10 16
11 15
12 26
13 33
14 8
15 31
16 7
17 18
18 28
19 1
20 2
21 17
22 34
23 32
24 5
25 14
26 21
27 24
28 3
29 27
30 29
31 11
32 30
33 20
34 10
35 36
36 4
SIMILAR

15 16 27 18 30 10 34 29 6 22 12 1 25 32 5 7 3 14 13 24 20 33 9 31 2 35 17 0 19 26 28 11 4 23 8 36 21 
0 27
1 11
2 24
3 16
4 32
5 14
6 8
7 15
8 34
9 22
10 5
11 31
12 10
13 18
14 17
15 0
16 1
17 26
18 3
19 28
20 20
21 36
22 9
23 33
24 19
25 12
26 29
27 2
28 30
29 7
30 4
31 23
32 13
33 21
34 6
35 25
36 35
SIMILAR

11 8 20 2 22 36 10 23 15 34 29 1 13 32 3 14 26 33 6 25 35 18 12 5 16 19 17 28 4 30 27 0 9 7 24 21 31 
0 31
1 11
2 3
3 14
4 28
5 23
6 18
7 33
8 1
9 32
10 6
11 0
12 22
13 12
14 15
15 8
16 24
17 26
18 21
19 25
20 2
21 35
22 4
23 7
24 34
25 19
26 16
27 30
28 27
29 10
30 29
31 36
32 13
33 17
34 9
35 20
36 5
SIMILAR

34 13 7 21 27 14 33 29 12 10 6 11 8 28 3 32 30 19 24 36 31 23 4 17 35 9 25 5 26 0 22 18 20 15 2 1 16 
0 29
1 35
2 34
3 14
4 22
5 27
6 10
7 2
8 12
9 25
10 9
11 11
12 8
13 1
14 5
15 33
16 36
17 23
18 31
19 17
20 32
21 3
22 30
23 21
24 18
25 26
26 28
27 4
28 13
29 7
30 16
31 20
32 15
33 6
34 0
35 24
36 19
SIMILAR

23 22 4 3 10 30 13 25 7 2 5 24 11 28 15 17 16 36 34 27 8 19 33 29 20 9 14 31 0 21 26 32 12 35 6 18 1 
0 28
1 36
2 9
3 3
4 2
5 10
6 34
7 8
8 20
9 25
10 4
11 12
12 32
13 6
14 26
15 14
16 16
17 15
18 35
19 21
20 24
21 29
22 1
23 0
24 11
25 7
26 30
27 19
28 13
29 23
30 5
31 27
32 31
33 22
34 18
35 33
36 17
SIMILAR

34 13 20 33 10 29 8 21 25 28 17 5 27 4 2 23 15 35 22 7 31 9 11 36 24 3 0 14 16 19 6 30 12 32 1 26 18 
0 26
1 34
2 14
3 25
4 13
5 11
6 30
7 19
8 6
9 21
10 4
11 22
12 32
13 1
14 27
15 16
16 28
17 10
18 36
19 29
20 2
21 7
22 18
23 15
24 24
25 8
26 35
27 12
28 9
29 5
30 31
31 20
32 33
33 3
34 0
35 17
36 23
SIMILAR

0 33 16 25 19 12 9 11 28 2 4 18 34 36 23 31 21 22 8 35 20 32 7 24 1 17 30 14 26 3 5 13 10 29 15 27 6 
0 0
1 24
2 9
3 29
4 10
5 30
6 36
7 22
8 18
9 6
10 32
11 7
12 5
13 31
14 27
15 34
16 2
17 25
18 11
19 4
20 20
21 16
22 17
23 14
24 23
25 3
26 28
27 35
28 8
29 33
30 26
31 15
32 21
33 1
34 12
35 19
36 13
SIMILAR

30 28 8 35 21 0 34 6 32 25 17 7 27 14 13 2 3 16 22 9 5 10 36 26 1 18 4 20 11 31 23 19 24 29 33 12 15 
0 5
1 24
2 15
3 16
4 26
5 20
6 7
7 11
8 2
9 19
10 21
11 28
12 35
13 14
14 13
15 36
16 17
17 10
18 25
19 31
20 27
21 4
22 18
23 30
24 32
25 9
26 23
27 12
28 1
29 33
30 0
31 29
32 8
33 34
34 6
35 3
36 22
SIMILAR

4 14 15 23 22 17 3 10 36 13 16 27 29 18 20 6 7 11 0 33 30 1 31 25 21 35 32 28 26 2 12 9 19 8 34 24 5 
0 18
1 21
2 29
3 6
4 0
5 36
6 15
7 16
8 33
9 31
10 7
11 17
12 30
13 9
14 1
15 2
16 10
17 5
18 13
19 32
20 14
21 24
22 4
23 3
24 35
25 23
26 28
27 11
28 27
29 12
30 20
31 22
32 26
33 19
34 34
35 25
36 8
SIMILAR

28 34 22 15 24 0 8 7 30 5 12 33 3 23 13 35 2 20 18 32 9 1 25 27 4 31 36 19 21 6 29 14 10 17 16 26 11 
0 5
1 21
2 16
3 12
4 24
5 9
6 29
7 7
8 6
9 20
10 32
11 36
12 10
13 14
14 31
15 3
16 34
17 33
18 18
19 27
20 17
21 28
22 2
23 13
24 4
25 22
26 35
27 23
28 0
29 30
30 8
31 25
32 19
33 11
34 1
35 15
36 26
SIMILAR

18 11 29 35 23 36 27 10 28 26 4 24 22 16 7 17 30 2 9 15 20 13 3 25 0 5 32 12 21 34 31 8 14 6 1 19 33 
0 24
1 34
2 17
3 22
4 10
5 25
6 33
7 14
8 31
9 18
10 7
11 1
12 27
13 21
14 32
15 19
16 13
17 15
18 0
19 35
20 20
21 28
22 12
23 4
24 11
25 23
26 9
27 6
28 8
29 2
30 16
31 30
32 26
33 36
34 29
35 3
36 5
SIMILAR
100 0
6600 0
336600 0
