37
0 0 0 0 0 0 1 1 0 1 1 1 0 0 1 0 0 0 0 1 1 0 0 0 0 1 0 1 0 1 1 1 1 0 1 1 0 
0 0 1 1 1 0 1 0 1 1 1 1 1 0 1 0 0 0 1 0 0 0 1 0 0 1 0 1 0 0 1 0 0 1 0 0 1 
0 1 0 0 1 0 1 0 1 0 0 0 0 1 1 1 0 1 0 1 1 1 1 0 1 0 0 0 0 1 1 1 1 0 0 1 0 
0 1 0 0 0 1 0 0 0 1 0 1 1 1 0 1 0 0 1 0 0 0 0 0 1 0 1 1 0 0 1 1 1 1 1 0 0 
0 1 1 0 0 1 1 1 0 0 1 0 0 1 0 1 1 0 1 1 1 0 1 1 1 0 1 0 1 0 1 0 1 0 1 0 0 
0 0 0 1 1 0 0 1 1 0 1 0 0 0 0 1 0 1 1 0 1 0 1 1 1 1 1 0 0 0 0 1 1 0 1 0 1 
1 1 1 0 1 0 0 0 0 0 0 0 1 1 1 1 0 1 0 1 0 0 1 1 0 1 0 1 1 0 0 1 0 1 0 1 1 
1 0 0 0 1 1 0 0 1 0 0 0 1 1 0 0 1 0 0 1 1 0 1 0 0 0 0 1 1 1 0 0 1 1 1 0 0 
0 1 1 0 0 1 0 1 0 0 0 1 1 1 1 1 0 1 0 1 1 1 1 0 1 0 0 1 1 1 0 0 1 0 1 1 0 
1 1 0 1 0 0 0 0 0 0 0 0 1 0 1 1 1 0 1 1 1 1 0 1 1 0 1 0 1 1 1 0 1 1 1 1 0 
1 1 0 0 1 1 0 0 0 0 0 0 0 1 1 1 1 0 1 1 1 0 0 1 1 0 0 1 1 1 0 0 0 1 0 1 1 
1 1 0 1 0 0 0 0 1 0 0 0 1 1 1 1 1 1 0 1 1 1 0 0 1 0 0 0 0 0 0 0 0 0 0 0 1 
0 1 0 1 0 0 1 1 1 1 0 1 0 1 1 1 0 0 0 0 0 0 0 0 0 0 1 0 1 1 0 0 1 1 1 0 1 
0 0 1 1 1 0 1 1 1 0 1 1 1 0 1 0 1 1 0 0 1 0 0 1 1 1 1 1 0 0 0 1 1 0 1 1 0 
1 1 1 0 0 0 1 0 1 1 1 1 1 1 0 0 1 0 0 1 1 0 1 0 1 0 1 1 1 0 0 0 0 1 1 1 1 
0 0 1 1 1 1 1 0 1 1 1 1 1 0 0 0 1 1 1 1 0 0 1 0 1 1 1 0 0 1 1 0 0 1 0 0 0 
0 0 0 0 1 0 0 1 0 1 1 1 0 1 1 1 0 0 0 1 0 1 0 0 1 0 0 0 0 1 1 1 1 0 0 1 1 
0 0 1 0 0 1 1 0 1 0 0 1 0 1 0 1 0 0 1 1 1 1 1 1 0 1 0 0 0 1 0 1 0 0 0 0 1 
0 1 0 1 1 1 0 0 0 1 1 0 0 0 0 1 0 1 0 1 1 0 0 0 0 0 0 0 1 1 0 1 0 1 1 0 1 
1 0 1 0 1 0 1 1 1 1 1 1 0 0 1 1 1 1 1 0 1 0 1 0 1 1 0 1 0 0 1 1 0 0 0 1 0 
1 0 1 0 1 1 0 1 1 1 1 1 0 1 1 0 0 1 1 1 0 1 1 1 1 0 0 0 0 1 0 0 0 0 0 1 1 
0 0 1 0 0 0 0 0 1 1 0 1 0 0 0 0 1 1 0 0 1 0 1 1 0 1 1 0 1 1 0 1 0 1 1 1 1 
0 1 1 0 1 1 1 1 1 0 0 0 0 0 1 1 0 1 0 1 1 1 0 1 0 0 0 1 0 1 1 1 0 0 1 0 0 
0 0 0 0 1 1 1 0 0 1 1 0 0 1 0 0 0 1 0 0 1 1 1 0 0 1 0 1 1 0 1 0 1 1 1 1 0 
0 0 1 1 1 1 0 0 1 1 1 1 0 1 1 1 1 0 0 1 1 0 0 0 0 1 0 0 1 0 1 1 0 0 0 1 1 
1 1 0 0 0 1 1 0 0 0 0 0 0 1 0 1 0 1 0 1 0 1 0 1 1 0 1 0 1 0 1 0 0 0 0 0 0 
0 0 0 1 1 1 0 0 0 1 0 0 1 1 1 1 0 0 0 0 0 1 0 0 0 1 0 1 1 1 1 0 0 1 1 1 0 
1 1 0 1 0 0 1 1 1 0 1 0 0 1 1 0 0 0 0 1 0 0 1 1 0 0 1 0 1 1 1 1 1 0 0 1 0 
0 0 0 0 1 0 1 1 1 1 1 0 1 0 1 0 0 0 1 0 0 1 0 1 1 1 1 1 0 1 1 1 0 0 0 1 1 
1 0 1 0 0 0 0 1 1 1 1 0 1 0 0 1 1 1 1 0 1 1 1 0 0 0 1 1 1 0 0 0 0 0 1 0 1 
1 1 1 1 1 0 0 0 0 1 0 0 0 0 0 1 1 0 0 1 0 0 1 1 1 1 1 1 1 0 0 1 0 0 1 1 0 
1 0 1 1 0 1 1 0 0 0 0 0 0 1 0 0 1 1 1 1 0 1 1 0 1 0 0 1 1 0 1 0 0 1 1 1 1 
1 0 1 1 1 1 0 1 1 1 0 0 1 1 0 0 1 0 0 0 0 0 0 1 0 0 0 1 0 0 0 0 0 1 1 0 0 
0 1 0 1 0 0 1 1 0 1 1 0 1 0 1 1 0 0 1 0 0 1 0 1 0 0 1 0 0 0 0 1 1 0 0 0 0 
1 0 0 1 1 1 0 1 1 1 0 0 1 1 1 0 0 0 1 0 0 1 1 1 0 0 1 0 0 1 1 1 1 0 0 0 0 
1 0 1 0 0 0 1 0 1 1 1 0 0 1 1 0 1 0 0 1 1 1 0 1 1 0 1 1 1 0 1 1 0 0 0 0 1 
0 1 0 0 0 1 1 0 0 0 1 1 1 0 1 0 1 1 1 0 1 1 0 0 1 0 0 0 1 1 0 1 0 0 0 1 0 

3 31 29 22 27 2 18 8 28 13 21 6 17 35 34 5 7 23 14 19 10 26 30 4 9 20 24 16 36 33 12 25 15 11 1 0 32 
0 35
1 34
2 5
3 0
4 23
5 15
6 11
7 16
8 7
9 24
10 20
11 33
12 30
13 9
14 18
15 32
16 27
17 12
18 6
19 19
20 25
21 10
22 3
23 17
24 26
25 31
26 21
27 4
28 8
29 2
30 22
31 1
32 36
33 29
34 14
35 13
36 28
SIMILAR

35 22 24 14 4 28 3 12 23 34 16 18 11 20 36 0 29 30 5 25 9 31 8 7 33 13 1 32 15 10 2 27 21 19 26 6 17 
0 15
1 26
2 30
3 6
4 4
5 18
6 35
7 23
8 22
9 20
10 29
11 12
12 7
13 25
14 3
15 28
16 10
17 36
18 11
19 33
20 13
21 32
22 1
23 8
24 2
25 19
26 34
27 31
28 5
29 16
30 17
31 21
32 27
33 24
34 9
35 0
36 14
SIMILAR

0 27 35 23 13 3 29 32 2 12 10 28 19 7 6 9 18 24 26 5 4 1 36 11 20 16 17 25 8 31 34 14 30 21 33 15 22 
0 0
1 21
2 8
3 5
4 20
5 19
6 14
7 13
8 28
9 15
10 10
11 23
12 9
13 4
14 31
15 35
16 25
17 26
18 16
19 12
20 24
21 33
22 36
23 3
24 17
25 27
26 18
27 1
28 11
29 6
30 32
31 29
32 7
33 34
34 30
35 2
36 22
SIMILAR

0 21 26 18 35 4 34 20 10 30 33 14 13 23 6 36 27 7 25 15 9 5 12 19 17 1 22 2 28 31 29 24 32 11 8 16 3 
0 0
1 25
2 27
3 36
4 5
5 21
6 14
7 17
8 34
9 20
10 8
11 33
12 22
13 12
14 11
15 19
16 35
17 24
18 3
19 23
20 7
21 1
22 26
23 13
24 31
25 18
26 2
27 16
28 28
29 30
30 9
31 29
32 32
33 10
34 6
35 4
36 15
SIMILAR

16 21 15 34 0 26 17 12 3 2 31 14 6 32 11 27 13 29 10 4 19 28 18 35 24 8 25 36 30 1 22 23 5 33 7 20 9 
0 4
1 29
2 9
3 8
4 19
5 32
6 12
7 34
8 25
9 36
10 18
11 14
12 7
13 16
14 11
15 2
16 0
17 6
18 22
19 20
20 35
21 1
22 30
23 31
24 24
25 26
26 5
27 15
28 21
29 17
30 28
31 10
32 13
33 33
34 3
35 23
36 27
SIMILAR

26 32 27 33 6 8 29 22 34 12 21 16 13 5 24 15 11 10 19 9 3 1 0 25 31 4 18 20 30 17 7 28 2 23 14 35 36 
0 22
1 21
2 32
3 20
4 25
5 13
6 4
7 30
8 5
9 19
10 17
11 16
12 9
13 12
14 34
15 15
16 11
17 29
18 26
19 18
20 27
21 10
22 7
23 33
24 14
25 23
26 0
27 2
28 31
29 6
30 28
31 24
32 1
33 3
34 8
35 35
36 36
SIMILAR

21 6 3 15 11 28 26 14 5 34 33 36 2 9 13 16 18 10 8 19 25 35 20 0 22 31 32 4 27 23 12 17 1 30 24 29 7 
0 23
1 32
2 12
3 2
4 27
5 8
6 1
7 36
8 18
9 13
10 17
11 4
12 30
13 14
14 7
15 3
16 15
17 31
18 16
19 19
20 22
21 0
22 24
23 29
24 34
25 20
26 6
27 28
28 5
29 35
30 33
31 25
32 26
33 10
34 9
35 21
36 11
SIMILAR

24 27 10 36 20 2 29 13 4 0 19 6 5 9 31 1 25 17 3 11 32 30 18 12 16 34 28 8 7 21 15 26 22 33 14 23 35 
0 9
1 15
2 5
3 18
4 8
5 12
6 11
7 28
8 27
9 13
10 2
11 19
12 23
13 7
14 34
15 30
16 24
17 17
18 22
19 10
20 4
21 29
22 32
23 35
24 0
25 16
26 31
27 1
28 26
29 6
30 21
31 14
32 20
33 33
34 25
35 36
36 3
SIMILAR

11 21 25 29 14 23 20 6 26 2 34 3 27 32 8 13 15 16 36 5 22 12 18 17 1 33 24 28 31 0 4 9 19 7 35 10 30 
0 29
1 24
2 9
3 11
4 30
5 19
6 7
7 33
8 14
9 31
10 35
11 0
12 21
13 15
14 4
15 16
16 17
17 23
18 22
19 32
20 6
21 1
22 20
23 5
24 26
25 2
26 8
27 12
28 27
29 3
30 36
31 28
32 13
33 25
34 10
35 34
36 18
SIMILAR

10 11 21 19 24 32 27 22 26 18 31 17 3 8 12 15 30 1 5 13 16 29 33 6 36 14 2 7 4 0 28 35 23 9 25 34 20 
0 29
1 17
2 26
3 12
4 28
5 18
6 23
7 27
8 13
9 33
10 0
11 1
12 14
13 19
14 25
15 15
16 20
17 11
18 9
19 3
20 36
21 2
22 7
23 32
24 4
25 34
26 8
27 6
28 30
29 21
30 16
31 10
32 5
33 22
34 35
35 31
36 24
SIMILAR

33 14 5 31 12 1 7 0 9 4 24 11 16 35 6 28 25 21 26 22 13 20 30 10 8 3 17 34 36 29 15 27 23 32 2 19 18 
0 7
1 5
2 34
3 25
4 9
5 2
6 14
7 6
8 24
9 8
10 23
11 11
12 4
13 20
14 1
15 30
16 12
17 26
18 36
19 35
20 21
21 17
22 19
23 32
24 10
25 16
26 18
27 31
28 15
29 29
30 22
31 3
32 33
33 0
34 27
35 13
36 28
SIMILAR

14 36 35 20 28 32 25 26 12 11 3 33 13 4 29 22 10 15 0 30 6 9 2 18 16 34 19 23 24 8 17 31 1 21 7 27 5 
0 18
1 32
2 22
3 10
4 13
5 36
6 20
7 34
8 29
9 21
10 16
11 9
12 8
13 12
14 0
15 17
16 24
17 30
18 23
19 26
20 3
21 33
22 15
23 27
24 28
25 6
26 7
27 35
28 4
29 14
30 19
31 31
32 5
33 11
34 25
35 2
36 1
SIMILAR

6 30 35 29 18 19 28 9 36 24 0 34 27 21 16 12 8 3 32 5 23 22 15 13 2 14 11 10 33 1 31 17 26 25 7 20 4 
0 10
1 29
2 24
3 17
4 36
5 19
6 0
7 34
8 16
9 7
10 27
11 26
12 15
13 23
14 25
15 22
16 14
17 31
18 4
19 5
20 35
21 13
22 21
23 20
24 9
25 33
26 32
27 12
28 6
29 3
30 1
31 30
32 18
33 28
34 11
35 2
36 8
SIMILAR

5 21 35 9 34 26 25 1 36 27 19 8 15 23 13 3 4 22 6 30 16 29 14 33 2 17 11 7 32 18 0 28 31 10 12 24 20 
0 30
1 7
2 24
3 15
4 16
5 0
6 18
7 27
8 11
9 3
10 33
11 26
12 34
13 14
14 22
15 12
16 20
17 25
18 29
19 10
20 36
21 1
22 17
23 13
24 35
25 6
26 5
27 9
28 31
29 21
30 19
31 32
32 28
33 23
34 4
35 2
36 8
SIMILAR

27 32 36 2 8 28 22 11 16 21 5 3 19 13 35 7 12 1 14 10 26 17 25 6 23 4 0 34 9 20 31 30 18 24 15 29 33 
0 26
1 17
2 3
3 11
4 25
5 10
6 23
7 15
8 4
9 28
10 19
11 7
12 16
13 13
14 18
15 34
16 8
17 21
18 32
19 12
20 29
21 9
22 6
23 24
24 33
25 22
26 20
27 0
28 5
29 35
30 31
31 30
32 1
33 36
34 27
35 14
36 2
SIMILAR

21 11 30 27 35 18 19 25 33 29 16 15 24 17 1 22 3 14 31 10 7 32 26 4 8 6 5 13 36 28 34 20 9 0 12 23 2 
0 33
1 14
2 36
3 16
4 23
5 26
6 25
7 20
8 24
9 32
10 19
11 1
12 34
13 27
14 17
15 11
16 10
17 13
18 5
19 6
20 31
21 0
22 15
23 35
24 12
25 7
26 22
27 3
28 29
29 9
30 2
31 18
32 21
33 8
34 30
35 4
36 28
SIMILAR

7 29 21 36 18 12 11 19 30 35 9 13 6 26 25 28 10 15 1 32 8 14 24 16 23 4 22 33 27 3 0 20 31 17 2 34 5 
0 30
1 18
2 34
3 29
4 25
5 36
6 12
7 0
8 20
9 10
10 16
11 6
12 5
13 11
14 21
15 17
16 23
17 33
18 4
19 7
20 31
21 2
22 26
23 24
24 22
25 14
26 13
27 28
28 15
29 1
30 8
31 32
32 19
33 27
34 35
35 9
36 3
SIMILAR

11 7 26 32 0 31 12 20 29 15 22 17 18 35 33 23 3 4 25 36 16 2 5 8 6 24 28 13 34 30 10 19 21 9 1 14 27 
0 4
1 34
2 21
3 16
4 17
5 22
6 24
7 1
8 23
9 33
10 30
11 0
12 6
13 27
14 35
15 9
16 20
17 11
18 12
19 31
20 7
21 32
22 10
23 15
24 25
25 18
26 2
27 36
28 26
29 8
30 29
31 5
32 3
33 14
34 28
35 13
36 19
SIMILAR

27 2 0 36 19 26 31 23 4 7 15 14 1 3 35 33 34 32 29 28 12 30 18 25 22 5 20 10 9 6 8 13 11 17 16 21 24 
0 2
1 12
2 1
3 13
4 8
5 25
6 29
7 9
8 30
9 28
10 27
11 32
12 20
13 31
14 11
15 10
16 34
17 33
18 22
19 4
20 26
21 35
22 24
23 7
24 36
25 23
26 5
27 0
28 19
29 18
30 21
31 6
32 17
33 15
34 16
35 14
36 3
SIMILAR

1 27 2 12 19 33 5 29 28 18 26 13 8 10 25 3 0 7 17 23 4 36 15 14 21 16 20 30 24 34 35 6 32 31 11 22 9 
0 16
1 0
2 2
3 15
4 20
5 6
6 31
7 17
8 12
9 36
10 13
11 34
12 3
13 11
14 23
15 22
16 25
17 18
18 9
19 4
20 26
21 24
22 35
23 19
24 28
25 14
26 10
27 1
28 8
29 7
30 27
31 33
32 32
33 5
34 29
35 30
36 21
SIMILAR

29 30 4 9 14 22 20 6 7 16 21 35 24 25 36 5 13 27 10 2 34 3 23 28 8 11 31 19 0 32 12 15 18 17 33 26 1 
0 28
1 36
2 19
3 21
4 2
5 15
6 7
7 8
8 24
9 3
10 18
11 25
12 30
13 16
14 4
15 31
16 9
17 33
18 32
19 27
20 6
21 10
22 5
23 22
24 12
25 13
26 35
27 17
28 23
29 0
30 1
31 26
32 29
33 34
34 20
35 11
36 14
SIMILAR

30 28 13 34 15 35 10 20 16 26 33 32 18 7 6 21 31 17 14 22 27 2 1 3 4 0 8 25 11 23 24 29 36 5 12 19 9 
0 25
1 22
2 21
3 23
4 24
5 33
6 14
7 13
8 26
9 36
10 6
11 28
12 34
13 2
14 18
15 4
16 8
17 17
18 12
19 35
20 7
21 15
22 19
23 29
24 30
25 27
26 9
27 20
28 1
29 31
30 0
31 16
32 11
33 10
34 3
35 5
36 32
SIMILAR

34 7 12 0 17 3 1 25 14 29 19 24 23 20 27 36 33 16 22 6 18 32 13 8 30 28 5 31 21 10 26 11 4 35 9 2 15 
0 3
1 6
2 35
3 5
4 32
5 26
6 19
7 1
8 23
9 34
10 29
11 31
12 2
13 22
14 8
15 36
16 17
17 4
18 20
19 10
20 13
21 28
22 18
23 12
24 11
25 7
26 30
27 14
28 25
29 9
30 24
31 27
32 21
33 16
34 0
35 33
36 15
SIMILAR

2 17 27 28 34 7 4 22 26 24 31 16 5 14 9 6 20 35 10 25 3 8 13 19 29 21 32 1 18 23 0 12 15 11 36 33 30 
0 30
1 27
2 0
3 20
4 6
5 12
6 15
7 5
8 21
9 14
10 18
11 33
12 31
13 22
14 13
15 32
16 11
17 1
18 28
19 23
20 16
21 25
22 7
23 29
24 9
25 19
26 8
27 2
28 3
29 24
30 36
31 10
32 26
33 35
34 4
35 17
36 34
SIMILAR

10 32 36 16 31 9 20 6 28 29 22 17 3 12 7 19 0 4 13 26 27 1 15 24 18 25 8 21 33 2 5 34 11 30 35 14 23 
0 16
1 21
2 29
3 12
4 17
5 30
6 7
7 14
8 26
9 5
10 0
11 32
12 13
13 18
14 35
15 22
16 3
17 11
18 24
19 15
20 6
21 27
22 10
23 36
24 23
25 25
26 19
27 20
28 8
29 9
30 33
31 4
32 1
33 28
34 31
35 34
36 2
SIMILAR

34 19 22 27 9 14 31 15 6 5 30 0 4 12 35 36 1 13 16 26 28 11 17 7 24 33 21 20 2 18 29 23 25 8 10 3 32 
0 11
1 16
2 28
3 35
4 12
5 9
6 8
7 23
8 33
9 4
10 34
11 21
12 13
13 17
14 5
15 7
16 18
17 22
18 29
19 1
20 27
21 26
22 2
23 31
24 24
25 32
26 19
27 3
28 20
29 30
30 10
31 6
32 36
33 25
34 0
35 14
36 15
SIMILAR

23 33 5 10 25 24 16 26 27 28 3 22 20 14 32 18 0 7 19 34 36 9 8 29 12 11 35 15 30 31 1 13 17 6 4 2 21 
0 16
1 30
2 35
3 10
4 34
5 2
6 33
7 17
8 22
9 21
10 3
11 25
12 24
13 31
14 13
15 27
16 6
17 32
18 15
19 18
20 12
21 36
22 11
23 0
24 5
25 4
26 7
27 8
28 9
29 23
30 28
31 29
32 14
33 1
34 19
35 26
36 20
SIMILAR

16 28 14 22 36 34 20 7 9 4 10 0 3 24 19 23 26 13 29 31 5 17 8 35 6 30 33 2 15 25 1 27 11 21 32 12 18 
0 11
1 30
2 27
3 12
4 9
5 20
6 24
7 7
8 22
9 8
10 10
11 32
12 35
13 17
14 2
15 28
16 0
17 21
18 36
19 14
20 6
21 33
22 3
23 15
24 13
25 29
26 16
27 31
28 1
29 18
30 25
31 19
32 34
33 26
34 5
35 23
36 4
SIMILAR

26 2 4 6 9 25 15 28 32 22 0 17 20 10 19 36 21 35 34 31 16 14 24 23 1 8 11 3 18 27 13 29 30 5 7 12 33 
0 10
1 24
2 1
3 27
4 2
5 33
6 3
7 34
8 25
9 4
10 13
11 26
12 35
13 30
14 21
15 6
16 20
17 11
18 28
19 14
20 12
21 16
22 9
23 23
24 22
25 5
26 0
27 29
28 7
29 31
30 32
31 19
32 8
33 36
34 18
35 17
36 15
SIMILAR

6 24 28 23 2 19 29 33 16 12 31 5 15 30 26 25 27 7 13 9 36 10 0 17 14 1 4 18 11 34 21 22 20 3 35 32 8 
0 22
1 25
2 4
3 33
4 26
5 11
6 0
7 17
8 36
9 19
10 21
11 28
12 9
13 18
14 24
15 12
16 8
17 23
18 27
19 5
20 32
21 30
22 31
23 3
24 1
25 15
26 14
27 16
28 2
29 6
30 13
31 10
32 35
33 7
34 29
35 34
36 20
SIMILAR

3 5 36 34 11 9 27 20 0 35 6 7 18 30 24 26 13 29 31 15 32 1 23 19 8 21 4 10 16 33 22 12 28 14 25 2 17 
0 8
1 21
2 35
3 0
4 26
5 1
6 10
7 11
8 24
9 5
10 27
11 4
12 31
13 16
14 33
15 19
16 28
17 36
18 12
19 23
20 7
21 25
22 30
23 22
24 14
25 34
26 15
27 6
28 32
29 17
30 13
31 18
32 20
33 29
34 3
35 9
36 2
SIMILAR

29 18 33 26 23 36 31 1 20 35 17 3 22 13 21 8 12 16 6 14 9 32 11 10 5 4 34 30 7 25 27 28 2 15 19 0 24 
0 35
1 7
2 32
3 11
4 25
5 24
6 18
7 28
8 15
9 20
10 23
11 22
12 16
13 13
14 19
15 33
16 17
17 10
18 1
19 34
20 8
21 14
22 12
23 4
24 36
25 29
26 3
27 30
28 31
29 0
30 27
31 6
32 21
33 2
34 26
35 9
36 5
SIMILAR

11 1 10 5 3 23 15 18 35 21 17 26 4 2 28 27 13 32 25 36 34 30 7 29 24 20 31 22 12 19 9 8 6 16 33 0 14 
0 35
1 1
2 13
3 4
4 12
5 3
6 32
7 22
8 31
9 30
10 2
11 0
12 28
13 16
14 36
15 6
16 33
17 10
18 7
19 29
20 25
21 9
22 27
23 5
24 24
25 18
26 11
27 15
28 14
29 23
30 21
31 26
32 17
33 34
34 20
35 8
36 19
SIMILAR

16 11 19 20 25 22 26 29 24 33 3 30 18 12 0 15 35 23 21 32 5 9 8 1 31 27 2 36 6 17 14 10 34 13 4 7 28 
0 14
1 23
2 26
3 10
4 34
5 20
6 28
7 35
8 22
9 21
10 31
11 1
12 13
13 33
14 30
15 15
16 0
17 29
18 12
19 2
20 3
21 18
22 5
23 17
24 8
25 4
26 6
27 25
28 36
29 7
30 11
31 24
32 19
33 9
34 32
35 16
36 27
SIMILAR

18 29 21 3 1 28 19 26 24 9 33 23 25 11 0 5 35 15 14 16 6 22 27 12 36 20 30 4 2 8 34 31 10 17 13 7 32 
0 14
1 4
2 28
3 3
4 27
5 15
6 20
7 35
8 29
9 9
10 32
11 13
12 23
13 34
14 18
15 17
16 19
17 33
18 0
19 6
20 25
21 2
22 21
23 11
24 8
25 12
26 7
27 22
28 5
29 1
30 26
31 31
32 36
33 10
34 30
35 16
36 24
SIMILAR

21 18 12 14 15 11 17 7 16 33 27 8 10 4 22 0 1 9 5 19 6 23 35 28 30 3 31 25 24 2 13 26 34 32 20 29 36 
0 15
1 16
2 29
3 25
4 13
5 18
6 20
7 7
8 11
9 17
10 12
11 5
12 2
13 30
14 3
15 4
16 8
17 6
18 1
19 19
20 34
21 0
22 14
23 21
24 28
25 27
26 31
27 10
28 23
29 35
30 24
31 26
32 33
33 9
34 32
35 22
36 36
SIMILAR

7 10 34 2 11 14 26 1 35 3 18 19 25 0 5 13 21 4 16 29 9 31 30 36 8 15 27 28 6 23 12 32 22 24 33 20 17 
0 13
1 7
2 3
3 9
4 17
5 14
6 28
7 0
8 24
9 20
10 1
11 4
12 30
13 15
14 5
15 25
16 18
17 36
18 10
19 11
20 35
21 16
22 32
23 29
24 33
25 12
26 6
27 26
28 27
29 19
30 22
31 21
32 31
33 34
34 2
35 8
36 23
SIMILAR

21 1 24 20 2 10 16 34 25 29 0 4 15 19 13 14 32 23 8 6 7 31 18 5 33 17 26 30 12 22 35 36 9 11 28 3 27 
0 10
1 1
2 4
3 35
4 11
5 23
6 19
7 20
8 18
9 32
10 5
11 33
12 28
13 14
14 15
15 12
16 6
17 25
18 22
19 13
20 3
21 0
22 29
23 17
24 2
25 8
26 26
27 36
28 34
29 9
30 27
31 21
32 16
33 24
34 7
35 30
36 31
SIMILAR

20 5 35 28 27 19 0 22 32 24 7 29 12 3 14 34 33 25 30 26 31 18 10 2 36 6 16 17 23 1 8 21 15 4 9 13 11 
0 6
1 29
2 23
3 13
4 33
5 1
6 25
7 10
8 30
9 34
10 22
11 36
12 12
13 35
14 14
15 32
16 26
17 27
18 21
19 5
20 0
21 31
22 7
23 28
24 9
25 17
26 19
27 4
28 3
29 11
30 18
31 20
32 8
33 16
34 15
35 2
36 24
SIMILAR

16 21 30 34 15 7 23 33 25 28 32 10 17 12 35 9 4 31 2 0 22 24 1 20 8 3 5 36 29 6 26 18 11 19 14 27 13 
0 19
1 22
2 18
3 25
4 16
5 26
6 29
7 5
8 24
9 15
10 11
11 32
12 13
13 36
14 34
15 4
16 0
17 12
18 31
19 33
20 23
21 1
22 20
23 6
24 21
25 8
26 30
27 35
28 9
29 28
30 2
31 17
32 10
33 7
34 3
35 14
36 27
SIMILAR

24 34 0 30 18 10 32 21 31 33 12 15 13 7 35 27 20 8 9 1 5 36 14 23 19 4 26 2 29 16 3 22 6 11 17 25 28 
0 2
1 19
2 27
3 30
4 25
5 20
6 32
7 13
8 17
9 18
10 5
11 33
12 10
13 12
14 22
15 11
16 29
17 34
18 4
19 24
20 16
21 7
22 31
23 23
24 0
25 35
26 26
27 15
28 36
29 28
30 3
31 8
32 6
33 9
34 1
35 14
36 21
SIMILAR

22 17 4 32 8 2 11 10 18 9 13 1 15 21 3 30 28 24 27 26 0 20 6 33 25 31 23 14 5 29 19 7 12 35 16 34 36 
0 20
1 11
2 5
3 14
4 2
5 28
6 22
7 31
8 4
9 9
10 7
11 6
12 32
13 10
14 27
15 12
16 34
17 1
18 8
19 30
20 21
21 13
22 0
23 26
24 17
25 24
26 19
27 18
28 16
29 29
30 15
31 25
32 3
33 23
34 35
35 33
36 36
SIMILAR

9 5 24 16 4 31 30 27 36 17 33 2 20 0 29 32 19 18 3 22 10 8 34 23 25 21 14 11 6 15 13 26 1 12 7 35 28 
0 13
1 32
2 11
3 18
4 4
5 1
6 28
7 34
8 21
9 0
10 20
11 27
12 33
13 30
14 26
15 29
16 3
17 9
18 17
19 16
20 12
21 25
22 19
23 23
24 2
25 24
26 31
27 7
28 36
29 14
30 6
31 5
32 15
33 10
34 22
35 35
36 8
SIMILAR

17 5 6 24 21 7 33 30 31 2 20 26 23 0 35 25 3 4 8 27 13 9 32 12 36 34 19 22 10 15 29 1 16 18 14 28 11 
0 13
1 31
2 9
3 16
4 17
5 1
6 2
7 5
8 18
9 21
10 28
11 36
12 23
13 20
14 34
15 29
16 32
17 0
18 33
19 26
20 10
21 4
22 27
23 12
24 3
25 15
26 11
27 19
28 35
29 30
30 7
31 8
32 22
33 6
34 25
35 14
36 24
SIMILAR

15 20 32 5 3 34 28 17 19 8 2 13 25 33 35 27 24 4 11 12 6 9 26 16 1 0 7 23 36 22 14 30 10 18 29 31 21 
0 25
1 24
2 10
3 4
4 17
5 3
6 20
7 26
8 9
9 21
10 32
11 18
12 19
13 11
14 30
15 0
16 23
17 7
18 33
19 8
20 1
21 36
22 29
23 27
24 16
25 12
26 22
27 15
28 6
29 34
30 31
31 35
32 2
33 13
34 5
35 14
36 28
SIMILAR

30 32 11 4 15 26 7 12 29 0 1 16 17 28 5 21 36 10 9 35 24 6 20 19 33 23 13 8 3 2 34 18 14 31 25 27 22 
0 9
1 10
2 29
3 28
4 3
5 14
6 21
7 6
8 27
9 18
10 17
11 2
12 7
13 26
14 32
15 4
16 11
17 12
18 31
19 23
20 22
21 15
22 36
23 25
24 20
25 34
26 5
27 35
28 13
29 8
30 0
31 33
32 1
33 24
34 30
35 19
36 16
SIMILAR

4 17 8 29 31 24 11 22 9 1 27 3 35 32 23 19 33 36 21 2 26 5 18 34 20 30 28 12 10 25 7 15 16 13 6 14 0 
0 36
1 9
2 19
3 11
4 0
5 21
6 34
7 30
8 2
9 8
10 28
11 6
12 27
13 33
14 35
15 31
16 32
17 1
18 22
19 15
20 24
21 18
22 7
23 14
24 5
25 29
26 20
27 10
28 26
29 3
30 25
31 4
32 13
33 16
34 23
35 12
36 17
SIMILAR

26 2 22 27 18 7 13 24 35 25 10 0 21 29 20 14 19 23 4 34 1 28 33 5 12 36 11 17 30 31 32 9 6 15 3 8 16 
0 11
1 20
2 1
3 34
4 18
5 23
6 32
7 5
8 35
9 31
10 10
11 26
12 24
13 6
14 15
15 33
16 36
17 27
18 4
19 16
20 14
21 12
22 2
23 17
24 7
25 9
26 0
27 3
28 21
29 13
30 28
31 29
32 30
33 22
34 19
35 8
36 25
SIMILAR

16 23 34 33 29 14 2 5 22 6 17 25 31 8 9 27 35 0 13 19 21 20 28 15 12 1 4 24 30 10 11 32 18 26 7 36 3 
0 17
1 25
2 6
3 36
4 26
5 7
6 9
7 34
8 13
9 14
10 29
11 30
12 24
13 18
14 5
15 23
16 0
17 10
18 32
19 19
20 21
21 20
22 8
23 1
24 27
25 11
26 33
27 15
28 22
29 4
30 28
31 12
32 31
33 3
34 2
35 16
36 35
SIMILAR

3 25 6 27 18 29 30 13 2 35 1 7 26 15 8 9 16 14 17 4 21 23 24 32 22 33 5 31 19 10 36 0 11 12 34 28 20 
0 31
1 10
2 8
3 0
4 19
5 26
6 2
7 11
8 14
9 15
10 29
11 32
12 33
13 7
14 17
15 13
16 16
17 18
18 4
19 28
20 36
21 20
22 24
23 21
24 22
25 1
26 12
27 3
28 35
29 5
30 6
31 27
32 23
33 25
34 34
35 9
36 30
SIMILAR

24 33 4 12 31 6 15 30 8 13 17 27 16 22 3 1 23 21 14 19 26 20 34 18 10 35 11 25 5 2 32 0 36 28 7 29 9 
0 31
1 15
2 29
3 14
4 2
5 28
6 5
7 34
8 8
9 36
10 24
11 26
12 3
13 9
14 18
15 6
16 12
17 10
18 23
19 19
20 21
21 17
22 13
23 16
24 0
25 27
26 20
27 11
28 33
29 35
30 7
31 4
32 30
33 1
34 22
35 25
36 32
SIMILAR

18 0 4 31 23 32 6 34 16 11 12 10 35 25 15 9 20 36 3 2 28 7 33 24 5 14 22 19 29 21 26 27 17 30 1 13 8 
0 1
1 34
2 19
3 18
4 2
5 24
6 6
7 21
8 36
9 15
10 11
11 9
12 10
13 35
14 25
15 14
16 8
17 32
18 0
19 27
20 16
21 29
22 26
23 4
24 23
25 13
26 30
27 31
28 20
29 28
30 33
31 3
32 5
33 22
34 7
35 12
36 17
SIMILAR

19 1 16 32 3 6 26 36 10 21 28 35 30 0 34 33 25 8 24 27 22 13 7 18 2 11 15 4 17 14 12 5 29 31 20 23 9 
0 13
1 1
2 24
3 4
4 27
5 31
6 5
7 22
8 17
9 36
10 8
11 25
12 30
13 21
14 29
15 26
16 2
17 28
18 23
19 0
20 34
21 9
22 20
23 35
24 18
25 16
26 6
27 19
28 10
29 32
30 12
31 33
32 3
33 15
34 14
35 11
36 7
SIMILAR

36 4 26 14 23 10 5 22 33 11 6 30 24 29 8 28 25 18 19 3 2 0 32 12 27 35 13 7 21 31 9 16 1 20 15 17 34 
0 21
1 32
2 20
3 19
4 1
5 6
6 10
7 27
8 14
9 30
10 5
11 9
12 23
13 26
14 3
15 34
16 31
17 35
18 17
19 18
20 33
21 28
22 7
23 4
24 12
25 16
26 2
27 24
28 15
29 13
30 11
31 29
32 22
33 8
34 36
35 25
36 0
SIMILAR

13 11 19 28 8 34 30 9 3 1 35 0 2 18 22 6 29 27 5 24 17 36 23 21 26 4 12 25 16 20 32 31 10 33 14 15 7 
0 11
1 9
2 12
3 8
4 25
5 18
6 15
7 36
8 4
9 7
10 32
11 1
12 26
13 0
14 34
15 35
16 28
17 20
18 13
19 2
20 29
21 23
22 14
23 22
24 19
25 27
26 24
27 17
28 3
29 16
30 6
31 31
32 30
33 33
34 5
35 10
36 21
SIMILAR

31 30 27 19 5 28 10 21 3 17 16 15 36 18 0 12 6 32 4 29 26 11 1 22 23 14 2 25 20 9 8 35 24 34 33 7 13 
0 14
1 22
2 26
3 8
4 18
5 4
6 16
7 35
8 30
9 29
10 6
11 21
12 15
13 36
14 25
15 11
16 10
17 9
18 13
19 3
20 28
21 7
22 23
23 24
24 32
25 27
26 20
27 2
28 5
29 19
30 1
31 0
32 17
33 34
34 33
35 31
36 12
SIMILAR

24 20 21 3 23 6 0 11 14 12 28 30 31 22 36 34 17 10 1 5 25 35 2 16 7 4 29 13 19 32 9 33 27 18 26 15 8 
0 6
1 18
2 22
3 3
4 25
5 19
6 5
7 24
8 36
9 30
10 17
11 7
12 9
13 27
14 8
15 35
16 23
17 16
18 33
19 28
20 1
21 2
22 13
23 4
24 0
25 20
26 34
27 32
28 10
29 26
30 11
31 12
32 29
33 31
34 15
35 21
36 14
SIMILAR

24 11 34 8 15 6 36 4 27 21 18 13 35 30 29 32 1 33 20 22 12 0 28 9 19 5 31 26 10 7 2 23 17 3 16 25 14 
0 21
1 16
2 30
3 33
4 7
5 25
6 5
7 29
8 3
9 23
10 28
11 1
12 20
13 11
14 36
15 4
16 34
17 32
18 10
19 24
20 18
21 9
22 19
23 31
24 0
25 35
26 27
27 8
28 22
29 14
30 13
31 26
32 15
33 17
34 2
35 12
36 6
SIMILAR

4 7 34 35 12 21 25 27 20 3 26 28 15 33 0 30 36 1 23 19 2 24 18 6 32 17 16 13 22 14 9 5 31 8 10 29 11 
0 14
1 17
2 20
3 9
4 0
5 31
6 23
7 1
8 33
9 30
10 34
11 36
12 4
13 27
14 29
15 12
16 26
17 25
18 22
19 19
20 8
21 5
22 28
23 18
24 21
25 6
26 10
27 7
28 11
29 35
30 15
31 32
32 24
33 13
34 2
35 3
36 16
SIMILAR

28 19 7 34 14 0 12 31 16 32 13 11 4 9 30 17 3 35 27 24 26 25 1 2 15 18 8 6 22 36 20 21 5 33 29 23 10 
0 5
1 22
2 23
3 16
4 12
5 32
6 27
7 2
8 26
9 13
10 36
11 11
12 6
13 10
14 4
15 24
16 8
17 15
18 25
19 1
20 30
21 31
22 28
23 35
24 19
25 21
26 20
27 18
28 0
29 34
30 14
31 7
32 9
33 33
34 3
35 17
36 29
SIMILAR

16 24 4 36 22 30 35 23 31 11 1 34 5 26 25 28 19 20 3 32 27 9 14 15 7 18 29 12 17 10 33 13 6 21 8 2 0 
0 36
1 10
2 35
3 18
4 2
5 12
6 32
7 24
8 34
9 21
10 29
11 9
12 27
13 31
14 22
15 23
16 0
17 28
18 25
19 16
20 17
21 33
22 4
23 7
24 1
25 14
26 13
27 20
28 15
29 26
30 5
31 8
32 19
33 30
34 11
35 6
36 3
SIMILAR

30 3 27 28 21 31 1 5 12 17 32 7 16 20 4 6 19 14 0 9 29 22 35 2 34 33 26 23 24 10 8 25 18 15 11 36 13 
0 18
1 6
2 23
3 1
4 14
5 7
6 15
7 11
8 30
9 19
10 29
11 34
12 8
13 36
14 17
15 33
16 12
17 9
18 32
19 16
20 13
21 4
22 21
23 27
24 28
25 31
26 26
27 2
28 3
29 20
30 0
31 5
32 10
33 25
34 24
35 22
36 35
SIMILAR

31 10 1 27 8 12 15 36 34 24 25 26 5 19 33 7 6 23 9 20 32 22 21 28 35 2 11 29 17 30 0 16 13 18 4 3 14 
0 30
1 2
2 25
3 35
4 34
5 12
6 16
7 15
8 4
9 18
10 1
11 26
12 5
13 32
14 36
15 6
16 31
17 28
18 33
19 13
20 19
21 22
22 21
23 17
24 9
25 10
26 11
27 3
28 23
29 27
30 29
31 0
32 20
33 14
34 8
35 24
36 7
SIMILAR

6 3 21 19 16 29 26 20 1 2 0 32 8 4 13 33 15 27 34 25 23 18 14 35 30 12 22 36 11 10 17 5 24 9 7 31 28 
0 10
1 8
2 9
3 1
4 13
5 31
6 0
7 34
8 12
9 33
10 29
11 28
12 25
13 14
14 22
15 16
16 4
17 30
18 21
19 3
20 7
21 2
22 26
23 20
24 32
25 19
26 6
27 17
28 36
29 5
30 24
31 35
32 11
33 15
34 18
35 23
36 27
SIMILAR

28 22 16 35 30 4 7 1 10 32 15 14 9 34 26 31 6 19 17 27 36 11 18 24 21 13 3 2 23 12 29 25 33 20 8 5 0 
0 36
1 7
2 27
3 26
4 5
5 35
6 16
7 6
8 34
9 12
10 8
11 21
12 29
13 25
14 11
15 10
16 2
17 18
18 22
19 17
20 33
21 24
22 1
23 28
24 23
25 31
26 14
27 19
28 0
29 30
30 4
31 15
32 9
33 32
34 13
35 3
36 20
SIMILAR

6 0 30 34 32 5 14 4 25 27 31 19 16 11 36 18 28 15 22 24 7 26 23 13 2 1 3 21 33 8 9 10 20 12 29 17 35 
0 1
1 25
2 24
3 26
4 7
5 5
6 0
7 20
8 29
9 30
10 31
11 13
12 33
13 23
14 6
15 17
16 12
17 35
18 15
19 11
20 32
21 27
22 18
23 22
24 19
25 8
26 21
27 9
28 16
29 34
30 2
31 10
32 4
33 28
34 3
35 36
36 14
SIMILAR

5 29 17 13 7 32 27 2 4 12 21 33 22 35 1 23 10 3 19 36 25 20 28 0 26 14 11 6 34 15 31 9 30 18 16 8 24 
0 23
1 14
2 7
3 17
4 8
5 0
6 27
7 4
8 35
9 31
10 16
11 26
12 9
13 3
14 25
15 29
16 34
17 2
18 33
19 18
20 21
21 10
22 12
23 15
24 36
25 20
26 24
27 6
28 22
29 1
30 32
31 30
32 5
33 11
34 28
35 13
36 19
SIMILAR

27 31 18 23 1 7 0 34 17 26 19 32 29 28 11 9 6 36 22 35 5 4 10 24 16 13 8 21 20 12 14 25 15 30 33 2 3 
0 6
1 4
2 35
3 36
4 21
5 20
6 16
7 5
8 26
9 15
10 22
11 14
12 29
13 25
14 30
15 32
16 24
17 8
18 2
19 10
20 28
21 27
22 18
23 3
24 23
25 31
26 9
27 0
28 13
29 12
30 33
31 1
32 11
33 34
34 7
35 19
36 17
SIMILAR

35 3 33 4 34 20 5 19 18 0 22 21 9 12 24 31 17 23 26 28 11 6 15 8 27 2 36 29 1 30 25 10 13 16 7 14 32 
0 9
1 28
2 25
3 1
4 3
5 6
6 21
7 34
8 23
9 12
10 31
11 20
12 13
13 32
14 35
15 22
16 33
17 16
18 8
19 7
20 5
21 11
22 10
23 17
24 14
25 30
26 18
27 24
28 19
29 27
30 29
31 15
32 36
33 2
34 4
35 0
36 26
SIMILAR

14 33 25 22 29 9 7 18 16 13 21 2 26 28 10 24 23 15 4 3 27 6 5 31 0 30 32 20 36 19 11 1 8 12 34 17 35 
0 24
1 31
2 11
3 19
4 18
5 22
6 21
7 6
8 32
9 5
10 14
11 30
12 33
13 9
14 0
15 17
16 8
17 35
18 7
19 29
20 27
21 10
22 3
23 16
24 15
25 2
26 12
27 20
28 13
29 4
30 25
31 23
32 26
33 1
34 34
35 36
36 28
SIMILAR

30 20 5 25 13 23 10 27 31 14 3 16 32 19 29 24 18 36 0 7 2 35 15 12 22 26 9 33 21 6 11 1 17 8 4 28 34 
0 18
1 31
2 20
3 10
4 34
5 2
6 29
7 19
8 33
9 26
10 6
11 30
12 23
13 4
14 9
15 22
16 11
17 32
18 16
19 13
20 1
21 28
22 24
23 5
24 15
25 3
26 25
27 7
28 35
29 14
30 0
31 8
32 12
33 27
34 36
35 21
36 17
SIMILAR

27 4 22 15 14 19 33 10 16 3 20 17 1 28 18 5 21 8 26 6 2 7 12 23 24 30 34 35 36 32 0 13 9 11 29 25 31 
0 30
1 12
2 20
3 9
4 1
5 15
6 19
7 21
8 17
9 32
10 7
11 33
12 22
13 31
14 4
15 3
16 8
17 11
18 14
19 5
20 10
21 16
22 2
23 23
24 24
25 35
26 18
27 0
28 13
29 34
30 25
31 36
32 29
33 6
34 26
35 27
36 28
SIMILAR

2 12 25 31 5 28 7 26 23 27 10 11 35 22 19 8 9 0 13 29 32 34 16 6 30 36 20 1 4 17 18 3 24 15 21 33 14 
0 17
1 27
2 0
3 31
4 28
5 4
6 23
7 6
8 15
9 16
10 10
11 11
12 1
13 18
14 36
15 33
16 22
17 29
18 30
19 14
20 26
21 34
22 13
23 8
24 32
25 2
26 7
27 9
28 5
29 19
30 24
31 3
32 20
33 35
34 21
35 12
36 25
SIMILAR

35 21 19 18 33 36 13 0 28 34 16 4 30 31 25 29 9 23 6 10 32 22 1 14 11 24 2 7 27 8 12 20 5 15 3 17 26 
0 7
1 22
2 26
3 34
4 11
5 32
6 18
7 27
8 29
9 16
10 19
11 24
12 30
13 6
14 23
15 33
16 10
17 35
18 3
19 2
20 31
21 1
22 21
23 17
24 25
25 14
26 36
27 28
28 8
29 15
30 12
31 13
32 20
33 4
34 9
35 0
36 5
SIMILAR

0 24 34 11 30 25 16 36 23 2 20 27 7 28 5 35 17 1 18 29 33 6 10 8 32 15 12 21 4 13 26 19 14 9 31 3 22 
0 0
1 17
2 9
3 35
4 28
5 14
6 21
7 12
8 23
9 33
10 22
11 3
12 26
13 29
14 32
15 25
16 6
17 16
18 18
19 31
20 10
21 27
22 36
23 8
24 1
25 5
26 30
27 11
28 13
29 19
30 4
31 34
32 24
33 20
34 2
35 15
36 7
SIMILAR

4 6 26 9 2 14 18 10 32 36 7 17 28 16 1 27 22 13 30 23 19 0 34 5 35 3 24 15 21 8 29 31 25 11 12 20 33 
0 21
1 14
2 4
3 25
4 0
5 23
6 1
7 10
8 29
9 3
10 7
11 33
12 34
13 17
14 5
15 27
16 13
17 11
18 6
19 20
20 35
21 28
22 16
23 19
24 26
25 32
26 2
27 15
28 12
29 30
30 18
31 31
32 8
33 36
34 22
35 24
36 9
SIMILAR

35 6 9 0 31 26 18 32 19 15 1 28 12 10 24 22 29 13 23 4 3 34 21 27 5 17 25 30 7 14 36 33 2 11 20 8 16 
0 3
1 10
2 32
3 20
4 19
5 24
6 1
7 28
8 35
9 2
10 13
11 33
12 12
13 17
14 29
15 9
16 36
17 25
18 6
19 8
20 34
21 22
22 15
23 18
24 14
25 26
26 5
27 23
28 11
29 16
30 27
31 4
32 7
33 31
34 21
35 0
36 30
SIMILAR

25 0 14 17 26 8 34 31 3 7 30 22 13 4 33 21 15 10 12 18 5 19 23 24 35 36 16 20 29 2 11 28 27 1 32 6 9 
0 1
1 33
2 29
3 8
4 13
5 20
6 35
7 9
8 5
9 36
10 17
11 30
12 18
13 12
14 2
15 16
16 26
17 3
18 19
19 21
20 27
21 15
22 11
23 22
24 23
25 0
26 4
27 32
28 31
29 28
30 10
31 7
32 34
33 14
34 6
35 24
36 25
SIMILAR

11 23 14 31 9 4 36 5 18 0 27 24 2 33 25 34 17 15 35 3 30 13 32 7 22 29 8 6 26 20 16 21 10 1 19 28 12 
0 9
1 33
2 12
3 19
4 5
5 7
6 27
7 23
8 26
9 4
10 32
11 0
12 36
13 21
14 2
15 17
16 30
17 16
18 8
19 34
20 29
21 31
22 24
23 1
24 11
25 14
26 28
27 10
28 35
29 25
30 20
31 3
32 22
33 13
34 15
35 18
36 6
SIMILAR

35 7 2 31 26 8 29 16 20 27 10 18 4 12 19 1 21 15 9 6 5 13 36 32 28 34 22 11 30 25 0 33 23 24 3 17 14 
0 30
1 15
2 2
3 34
4 12
5 20
6 19
7 1
8 5
9 18
10 10
11 27
12 13
13 21
14 36
15 17
16 7
17 35
18 11
19 14
20 8
21 16
22 26
23 32
24 33
25 29
26 4
27 9
28 24
29 6
30 28
31 3
32 23
33 31
34 25
35 0
36 22
SIMILAR

3 24 27 23 33 30 20 19 31 11 5 36 0 14 22 28 17 18 32 1 4 7 6 16 15 25 2 26 9 29 21 13 12 35 10 8 34 
0 12
1 19
2 26
3 0
4 20
5 10
6 22
7 21
8 35
9 28
10 34
11 9
12 32
13 31
14 13
15 24
16 23
17 16
18 17
19 7
20 6
21 30
22 14
23 3
24 1
25 25
26 27
27 2
28 15
29 29
30 5
31 8
32 18
33 4
34 36
35 33
36 11
SIMILAR

12 23 1 28 4 25 27 16 14 6 29 26 15 2 30 24 18 10 13 20 31 33 11 0 21 5 17 7 9 19 35 22 34 36 3 8 32 
0 23
1 2
2 13
3 34
4 4
5 25
6 9
7 27
8 35
9 28
10 17
11 22
12 0
13 18
14 8
15 12
16 7
17 26
18 16
19 29
20 19
21 24
22 31
23 1
24 15
25 5
26 11
27 6
28 3
29 10
30 14
31 20
32 36
33 21
34 32
35 30
36 33
SIMILAR

12 30 29 18 21 11 31 8 5 4 22 17 20 35 33 7 36 16 27 1 6 14 28 9 15 32 0 24 34 19 23 25 26 2 13 10 3 
0 26
1 19
2 33
3 36
4 9
5 8
6 20
7 15
8 7
9 23
10 35
11 5
12 0
13 34
14 21
15 24
16 17
17 11
18 3
19 29
20 12
21 4
22 10
23 30
24 27
25 31
26 32
27 18
28 22
29 2
30 1
31 6
32 25
33 14
34 28
35 13
36 16
SIMILAR

27 15 8 10 11 4 21 0 30 3 17 28 24 16 23 36 22 6 14 12 1 26 18 33 31 29 5 35 9 13 20 34 7 25 2 32 19 
0 7
1 20
2 34
3 9
4 5
5 26
6 17
7 32
8 2
9 28
10 3
11 4
12 19
13 29
14 18
15 1
16 13
17 10
18 22
19 36
20 30
21 6
22 16
23 14
24 12
25 33
26 21
27 0
28 11
29 25
30 8
31 24
32 35
33 23
34 31
35 27
36 15
SIMILAR

36 1 13 27 15 11 8 21 19 6 22 24 5 33 23 18 20 4 17 2 25 35 12 32 28 3 29 26 16 0 7 34 31 14 10 30 9 
0 29
1 1
2 19
3 25
4 17
5 12
6 9
7 30
8 6
9 36
10 34
11 5
12 22
13 2
14 33
15 4
16 28
17 18
18 15
19 8
20 16
21 7
22 10
23 14
24 11
25 20
26 27
27 3
28 24
29 26
30 35
31 32
32 23
33 13
34 31
35 21
36 0
SIMILAR

28 34 36 10 30 1 8 18 20 33 7 16 6 26 5 31 4 29 12 27 17 32 21 13 24 15 25 9 22 23 35 0 2 3 14 11 19 
0 31
1 5
2 32
3 33
4 16
5 14
6 12
7 10
8 6
9 27
10 3
11 35
12 18
13 23
14 34
15 25
16 11
17 20
18 7
19 36
20 8
21 22
22 28
23 29
24 24
25 26
26 13
27 19
28 0
29 17
30 4
31 15
32 21
33 9
34 1
35 30
36 2
SIMILAR

10 31 26 7 8 24 4 23 3 14 13 34 18 33 11 0 29 27 5 16 12 36 32 15 20 2 25 6 19 21 28 35 30 9 17 1 22 
0 15
1 35
2 25
3 8
4 6
5 18
6 27
7 3
8 4
9 33
10 0
11 14
12 20
13 10
14 9
15 23
16 19
17 34
18 12
19 28
20 24
21 29
22 36
23 7
24 5
25 26
26 2
27 17
28 30
29 16
30 32
31 1
32 22
33 13
34 11
35 31
36 21
SIMILAR

16 17 18 25 7 23 5 3 30 31 22 26 29 34 35 10 19 14 32 0 8 27 9 1 28 20 2 6 11 24 36 4 21 15 33 12 13 
0 19
1 23
2 26
3 7
4 31
5 6
6 27
7 4
8 20
9 22
10 15
11 28
12 35
13 36
14 17
15 33
16 0
17 1
18 2
19 16
20 25
21 32
22 10
23 5
24 29
25 3
26 11
27 21
28 24
29 12
30 8
31 9
32 18
33 34
34 13
35 14
36 30
SIMILAR

16 12 22 14 9 26 6 25 27 10 36 18 20 32 28 19 31 24 30 29 17 4 5 15 23 2 35 33 7 13 34 0 21 1 11 8 3 
0 31
1 33
2 25
3 36
4 21
5 22
6 6
7 28
8 35
9 4
10 9
11 34
12 1
13 29
14 3
15 23
16 0
17 20
18 11
19 15
20 12
21 32
22 2
23 24
24 17
25 7
26 5
27 8
28 14
29 19
30 18
31 16
32 13
33 27
34 30
35 26
36 10
SIMILAR

4 35 27 26 32 14 29 20 9 30 19 6 5 33 10 28 16 17 34 18 25 22 21 3 11 13 8 2 0 31 23 12 1 36 24 7 15 
0 28
1 32
2 27
3 23
4 0
5 12
6 11
7 35
8 26
9 8
10 14
11 24
12 31
13 25
14 5
15 36
16 16
17 17
18 19
19 10
20 7
21 22
22 21
23 30
24 34
25 20
26 3
27 2
28 15
29 6
30 9
31 29
32 4
33 13
34 18
35 1
36 33
SIMILAR

21 14 22 11 5 25 0 19 28 13 8 1 6 23 29 32 17 34 30 36 12 10 33 27 16 3 35 18 7 15 24 2 20 9 26 4 31 
0 6
1 11
2 31
3 25
4 35
5 4
6 12
7 28
8 10
9 33
10 21
11 3
12 20
13 9
14 1
15 29
16 24
17 16
18 27
19 7
20 32
21 0
22 2
23 13
24 30
25 5
26 34
27 23
28 8
29 14
30 18
31 36
32 15
33 22
34 17
35 26
36 19
SIMILAR

4 6 0 11 1 16 10 28 8 23 36 3 7 27 26 2 18 24 12 17 34 33 19 31 21 15 30 13 22 9 5 32 20 29 25 14 35 
0 2
1 4
2 15
3 11
4 0
5 30
6 1
7 12
8 8
9 29
10 6
11 3
12 18
13 27
14 35
15 25
16 5
17 19
18 16
19 22
20 32
21 24
22 28
23 9
24 17
25 34
26 14
27 13
28 7
29 33
30 26
31 23
32 31
33 21
34 20
35 36
36 10
SIMILAR

34 31 15 17 21 3 24 23 19 11 36 14 35 5 12 16 13 4 1 26 9 29 33 32 30 6 27 18 0 25 7 10 22 28 20 8 2 
0 28
1 18
2 36
3 5
4 17
5 13
6 25
7 30
8 35
9 20
10 31
11 9
12 14
13 16
14 11
15 2
16 15
17 3
18 27
19 8
20 34
21 4
22 32
23 7
24 6
25 29
26 19
27 26
28 33
29 21
30 24
31 1
32 23
33 22
34 0
35 12
36 10
SIMILAR

28 5 4 29 11 26 24 21 34 22 15 20 6 2 10 25 36 19 7 14 27 3 33 18 30 32 13 35 16 12 31 1 23 0 9 17 8 
0 33
1 31
2 13
3 21
4 2
5 1
6 12
7 18
8 36
9 34
10 14
11 4
12 29
13 26
14 19
15 10
16 28
17 35
18 23
19 17
20 11
21 7
22 9
23 32
24 6
25 15
26 5
27 20
28 0
29 3
30 24
31 30
32 25
33 22
34 8
35 27
36 16
SIMILAR

11 33 35 15 14 17 24 16 25 3 22 27 28 6 10 5 20 1 30 26 8 34 23 36 9 29 0 13 21 2 4 19 31 12 7 18 32 
0 26
1 17
2 29
3 9
4 30
5 15
6 13
7 34
8 20
9 24
10 14
11 0
12 33
13 27
14 4
15 3
16 7
17 5
18 35
19 31
20 16
21 28
22 10
23 22
24 6
25 8
26 19
27 11
28 12
29 25
30 18
31 32
32 36
33 1
34 21
35 2
36 23
SIMILAR

29 15 9 21 30 31 26 19 7 12 0 34 20 8 6 22 28 24 5 2 36 13 14 32 17 1 35 23 11 25 16 10 27 3 18 33 4 
0 10
1 25
2 19
3 33
4 36
5 18
6 14
7 8
8 13
9 2
10 31
11 28
12 9
13 21
14 22
15 1
16 30
17 24
18 34
19 7
20 12
21 3
22 15
23 27
24 17
25 29
26 6
27 32
28 16
29 0
30 4
31 5
32 23
33 35
34 11
35 26
36 20
SIMILAR

20 33 16 6 0 18 17 32 22 23 7 10 34 15 26 29 2 35 11 13 4 30 24 21 3 14 8 1 12 5 28 19 27 31 36 25 9 
0 4
1 27
2 16
3 24
4 20
5 29
6 3
7 10
8 26
9 36
10 11
11 18
12 28
13 19
14 25
15 13
16 2
17 6
18 5
19 31
20 0
21 23
22 8
23 9
24 22
25 35
26 14
27 32
28 30
29 15
30 21
31 33
32 7
33 1
34 12
35 17
36 34
SIMILAR

16 5 12 14 4 17 10 9 23 19 20 18 21 0 30 35 33 22 1 11 6 8 26 36 32 29 24 28 15 2 7 13 27 31 34 3 25 
0 13
1 18
2 29
3 35
4 4
5 1
6 20
7 30
8 21
9 7
10 6
11 19
12 2
13 31
14 3
15 28
16 0
17 5
18 11
19 9
20 10
21 12
22 17
23 8
24 26
25 36
26 22
27 32
28 27
29 25
30 14
31 33
32 24
33 16
34 34
35 15
36 23
SIMILAR

22 5 23 20 15 14 19 9 2 32 0 10 29 28 4 35 25 1 34 24 13 21 8 18 7 16 12 33 3 6 31 26 11 27 30 36 17 
0 10
1 17
2 8
3 28
4 14
5 1
6 29
7 24
8 22
9 7
10 11
11 32
12 26
13 20
14 5
15 4
16 25
17 36
18 23
19 6
20 3
21 21
22 0
23 2
24 19
25 16
26 31
27 33
28 13
29 12
30 34
31 30
32 9
33 27
34 18
35 15
36 35
SIMILAR

16 27 9 25 10 17 5 21 22 14 13 26 3 19 12 4 34 30 29 1 23 35 20 11 0 15 31 18 6 2 24 32 7 28 33 36 8 
0 24
1 19
2 29
3 12
4 15
5 6
6 28
7 32
8 36
9 2
10 4
11 23
12 14
13 10
14 9
15 25
16 0
17 5
18 27
19 13
20 22
21 7
22 8
23 20
24 30
25 3
26 11
27 1
28 33
29 18
30 17
31 26
32 31
33 34
34 16
35 21
36 35
SIMILAR
100 0
6700 0
336700 0
