37
0 0 0 0 1 1 1 0 0 0 0 1 0 1 0 1 1 0 1 0 1 0 1 1 0 1 0 0 1 1 0 0 0 0 1 0 1 
0 0 1 0 1 0 0 0 1 1 1 0 0 1 0 0 1 0 1 0 1 1 1 1 0 1 1 1 1 0 1 1 0 0 1 0 1 
0 1 0 0 0 0 1 0 0 0 0 1 0 1 0 1 0 0 0 0 0 0 0 0 0 1 1 0 0 0 1 1 0 1 0 0 0 
0 0 0 0 1 0 1 0 1 0 0 1 1 1 0 0 1 1 0 0 0 0 1 0 0 1 0 1 0 0 0 1 1 1 0 0 1 
1 1 0 1 0 0 1 0 1 0 0 0 1 0 0 0 1 0 0 1 0 1 0 1 1 0 0 1 0 1 0 1 1 1 1 0 1 
1 0 0 0 0 0 1 1 1 1 1 1 1 0 0 1 1 1 1 0 1 1 0 0 0 1 1 0 0 0 1 0 0 1 0 1 0 
1 0 1 1 1 1 0 0 0 1 0 1 1 0 1 1 0 0 0 1 1 0 1 1 0 0 1 1 1 1 1 1 0 0 0 1 0 
0 0 0 0 0 1 0 0 0 1 0 0 0 0 0 0 1 0 1 1 0 1 1 1 0 0 0 1 0 0 0 0 0 0 0 0 0 
0 1 0 1 1 1 0 0 0 0 1 1 1 1 0 1 1 0 0 1 1 0 0 1 0 1 1 1 1 0 0 1 1 0 0 0 1 
0 1 0 0 0 1 1 1 0 0 0 0 1 0 1 1 0 0 1 1 0 0 1 0 1 0 1 1 0 1 0 1 1 0 0 0 1 
0 1 0 0 0 1 0 0 1 0 0 0 1 0 0 0 1 0 1 0 1 0 0 1 1 0 1 0 0 1 0 0 0 1 0 1 0 
1 0 1 1 0 1 1 0 1 0 0 0 0 0 0 0 0 0 1 0 0 0 1 1 0 0 0 0 0 1 1 0 0 1 0 0 1 
0 0 0 1 1 1 1 0 1 1 1 0 0 0 0 1 0 1 1 0 0 0 1 0 1 0 1 0 0 0 0 0 1 1 1 1 1 
1 1 1 1 0 0 0 0 1 0 0 0 0 0 1 0 0 0 1 0 0 0 0 1 1 0 1 1 0 1 1 1 0 0 0 1 0 
0 0 0 0 0 0 1 0 0 1 0 0 0 1 0 0 1 0 0 0 1 1 1 1 1 0 0 1 1 1 1 1 0 0 0 0 1 
1 0 1 0 0 1 1 0 1 1 0 0 1 0 0 0 0 0 1 0 0 1 0 0 0 0 1 1 1 1 0 0 0 1 0 1 1 
1 1 0 1 1 1 0 1 1 0 1 0 0 0 1 0 0 1 1 1 0 1 0 0 0 0 0 1 1 1 0 0 0 1 0 0 0 
0 0 0 1 0 1 0 0 0 0 0 0 1 0 0 0 1 0 0 1 0 1 1 0 0 1 1 0 1 0 1 1 0 0 0 1 1 
1 1 0 0 0 1 0 1 0 1 1 1 1 1 0 1 1 0 0 0 0 1 0 0 0 1 1 0 1 1 0 0 1 0 0 1 0 
0 0 0 0 1 0 1 1 1 1 0 0 0 0 0 0 1 1 0 0 0 1 1 0 0 0 0 0 0 1 1 1 0 0 1 0 0 
1 1 0 0 0 1 1 0 1 0 1 0 0 0 1 0 0 0 0 0 0 1 0 0 0 1 1 1 1 0 1 0 0 1 1 0 1 
0 1 0 0 1 1 0 1 0 0 0 0 0 0 1 1 1 1 1 1 1 0 1 0 0 0 1 0 0 0 0 0 0 1 1 0 1 
1 1 0 1 0 0 1 1 0 1 0 1 1 0 1 0 0 1 0 1 0 1 0 1 0 0 0 1 1 1 1 1 0 1 1 1 1 
1 1 0 0 1 0 1 1 1 0 1 1 0 1 1 0 0 0 0 0 0 0 1 0 0 1 0 0 1 0 0 0 0 1 0 0 0 
0 0 0 0 1 0 0 0 0 1 1 0 1 1 1 0 0 0 0 0 0 0 0 0 0 0 0 0 0 1 1 0 1 1 0 1 0 
1 1 1 1 0 1 0 0 1 0 0 0 0 0 0 0 0 1 1 0 1 0 0 1 0 0 1 0 1 1 0 0 1 0 0 0 1 
0 1 1 0 0 1 1 0 1 1 1 0 1 1 0 1 0 1 1 0 1 1 0 0 0 1 0 1 0 0 1 1 1 0 1 1 0 
0 1 0 1 1 0 1 1 1 1 0 0 0 1 1 1 1 0 0 0 1 0 1 0 0 0 1 0 1 0 1 0 0 1 1 0 1 
1 1 0 0 0 0 1 0 1 0 0 0 0 0 1 1 1 1 1 0 1 0 1 1 0 1 0 1 0 1 0 1 0 0 1 0 0 
1 0 0 0 1 0 1 0 0 1 1 1 0 1 1 1 1 0 1 1 0 0 1 0 1 1 0 0 1 0 1 1 1 0 1 1 1 
0 1 1 0 0 1 1 0 0 0 0 1 0 1 1 0 0 1 0 1 1 0 1 0 1 0 1 1 0 1 0 0 1 0 0 0 0 
0 1 1 1 1 0 1 0 1 1 0 0 0 1 1 0 0 1 0 1 0 0 1 0 0 0 1 0 1 1 0 0 0 0 1 1 1 
0 0 0 1 1 0 0 0 1 1 0 0 1 0 0 0 0 0 1 0 0 0 0 0 1 1 1 0 0 1 1 0 0 0 0 0 1 
0 0 1 1 1 1 0 0 0 0 1 1 1 0 0 1 1 0 0 0 1 1 1 1 1 0 0 1 0 0 0 0 0 0 1 1 0 
1 1 0 0 1 0 0 0 0 0 0 0 1 0 0 0 0 0 0 1 1 1 1 0 0 0 1 1 1 1 0 1 0 1 0 1 0 
0 0 0 0 0 1 1 0 0 0 1 0 1 1 0 1 0 1 1 0 0 0 1 0 1 0 1 0 0 1 0 1 0 1 1 0 0 
1 1 0 1 1 0 0 0 1 1 0 1 1 0 1 1 0 1 0 0 1 1 1 0 0 1 0 1 0 1 0 1 1 0 0 0 0 

7 34 10 25 4 3 21 9 2 5 19 28 18 6 13 14 31 29 17 36 32 20 26 16 22 15 35 33 8 11 12 27 23 1 24 30 0 
0 36
1 33
2 8
3 5
4 4
5 9
6 13
7 0
8 28
9 7
10 2
11 29
12 30
13 14
14 15
15 25
16 23
17 18
18 12
19 10
20 21
21 6
22 24
23 32
24 34
25 3
26 22
27 31
28 11
29 17
30 35
31 16
32 20
33 27
34 1
35 26
36 19
SIMILAR

2 34 14 17 7 30 36 15 21 5 33 20 16 6 11 12 25 24 35 31 10 23 4 28 27 9 3 29 22 8 32 18 13 0 19 1 26 
0 33
1 35
2 0
3 26
4 22
5 9
6 13
7 4
8 29
9 25
10 20
11 14
12 15
13 32
14 2
15 7
16 12
17 3
18 31
19 34
20 11
21 8
22 28
23 21
24 17
25 16
26 36
27 24
28 23
29 27
30 5
31 19
32 30
33 10
34 1
35 18
36 6
SIMILAR

26 16 17 32 12 2 30 20 23 36 28 8 27 31 19 6 1 11 10 7 35 24 29 34 13 3 18 22 9 0 21 25 14 33 4 5 15 
0 29
1 16
2 5
3 25
4 34
5 35
6 15
7 19
8 11
9 28
10 18
11 17
12 4
13 24
14 32
15 36
16 1
17 2
18 26
19 14
20 7
21 30
22 27
23 8
24 21
25 31
26 0
27 12
28 10
29 22
30 6
31 13
32 3
33 33
34 23
35 20
36 9
SIMILAR

35 5 10 2 25 22 1 24 27 29 31 12 8 15 18 34 0 28 4 11 30 16 32 33 21 36 9 14 20 17 23 19 3 26 6 7 13 
0 16
1 6
2 3
3 32
4 18
5 1
6 34
7 35
8 12
9 26
10 2
11 19
12 11
13 36
14 27
15 13
16 21
17 29
18 14
19 31
20 28
21 24
22 5
23 30
24 7
25 4
26 33
27 8
28 17
29 9
30 20
31 10
32 22
33 23
34 15
35 0
36 25
SIMILAR

24 29 10 16 5 31 25 8 33 28 15 22 12 23 1 9 18 19 32 17 2 21 36 26 7 6 30 13 34 3 14 20 0 4 35 11 27 
0 32
1 14
2 20
3 29
4 33
5 4
6 25
7 24
8 7
9 15
10 2
11 35
12 12
13 27
14 30
15 10
16 3
17 19
18 16
19 17
20 31
21 21
22 11
23 13
24 0
25 6
26 23
27 36
28 9
29 1
30 26
31 5
32 18
33 8
34 28
35 34
36 22
SIMILAR

3 28 9 10 7 12 4 31 23 0 14 15 20 16 26 5 36 35 21 30 11 32 19 1 18 27 34 29 6 17 2 33 25 8 24 13 22 
0 9
1 23
2 30
3 0
4 6
5 15
6 28
7 4
8 33
9 2
10 3
11 20
12 5
13 35
14 10
15 11
16 13
17 29
18 24
19 22
20 12
21 18
22 36
23 8
24 34
25 32
26 14
27 25
28 1
29 27
30 19
31 7
32 21
33 31
34 26
35 17
36 16
SIMILAR

26 21 12 11 15 27 22 6 24 1 32 30 33 14 25 10 36 0 18 16 7 4 3 5 31 29 8 9 28 34 17 13 2 19 35 20 23 
0 17
1 9
2 32
3 22
4 21
5 23
6 7
7 20
8 26
9 27
10 15
11 3
12 2
13 31
14 13
15 4
16 19
17 30
18 18
19 33
20 35
21 1
22 6
23 36
24 8
25 14
26 0
27 5
28 28
29 25
30 11
31 24
32 10
33 12
34 29
35 34
36 16
SIMILAR

17 13 33 22 8 19 23 27 11 12 20 15 18 9 35 32 2 3 5 6 31 1 29 25 30 21 26 10 14 16 7 36 34 0 24 28 4 
0 33
1 21
2 16
3 17
4 36
5 18
6 19
7 30
8 4
9 13
10 27
11 8
12 9
13 1
14 28
15 11
16 29
17 0
18 12
19 5
20 10
21 25
22 3
23 6
24 34
25 23
26 26
27 7
28 35
29 22
30 24
31 20
32 15
33 2
34 32
35 14
36 31
SIMILAR

6 28 9 33 17 1 36 18 24 16 5 34 23 31 10 15 27 12 29 3 22 35 21 7 0 13 11 19 8 25 4 2 32 26 14 30 20 
0 24
1 5
2 31
3 19
4 30
5 10
6 0
7 23
8 28
9 2
10 14
11 26
12 17
13 25
14 34
15 15
16 9
17 4
18 7
19 27
20 36
21 22
22 20
23 12
24 8
25 29
26 33
27 16
28 1
29 18
30 35
31 13
32 32
33 3
34 11
35 21
36 6
SIMILAR

15 20 4 17 25 30 7 22 26 1 28 35 16 14 13 23 3 34 12 33 19 6 5 0 36 2 9 31 24 11 10 32 8 18 21 27 29 
0 23
1 9
2 25
3 16
4 2
5 22
6 21
7 6
8 32
9 26
10 30
11 29
12 18
13 14
14 13
15 0
16 12
17 3
18 33
19 20
20 1
21 34
22 7
23 15
24 28
25 4
26 8
27 35
28 10
29 36
30 5
31 27
32 31
33 19
34 17
35 11
36 24
SIMILAR

13 32 1 12 5 6 28 30 8 29 11 10 35 15 33 7 36 24 20 3 26 0 14 19 2 25 21 18 34 31 9 17 27 23 22 4 16 
0 21
1 2
2 24
3 19
4 35
5 4
6 5
7 15
8 8
9 30
10 11
11 10
12 3
13 0
14 22
15 13
16 36
17 31
18 27
19 23
20 18
21 26
22 34
23 33
24 17
25 25
26 20
27 32
28 6
29 9
30 7
31 29
32 1
33 14
34 28
35 12
36 16
SIMILAR

18 21 34 12 31 11 27 23 6 32 29 4 22 36 35 26 17 28 14 10 5 0 7 15 13 9 30 20 2 1 33 24 25 19 16 8 3 
0 21
1 29
2 28
3 36
4 11
5 20
6 8
7 22
8 35
9 25
10 19
11 5
12 3
13 24
14 18
15 23
16 34
17 16
18 0
19 33
20 27
21 1
22 12
23 7
24 31
25 32
26 15
27 6
28 17
29 10
30 26
31 4
32 9
33 30
34 2
35 14
36 13
SIMILAR

3 24 0 25 19 31 22 33 7 35 14 34 8 23 15 2 17 36 28 29 18 30 12 32 11 26 1 16 9 4 6 13 5 10 27 20 21 
0 2
1 26
2 15
3 0
4 29
5 32
6 30
7 8
8 12
9 28
10 33
11 24
12 22
13 31
14 10
15 14
16 27
17 16
18 20
19 4
20 35
21 36
22 6
23 13
24 1
25 3
26 25
27 34
28 18
29 19
30 21
31 5
32 23
33 7
34 11
35 9
36 17
SIMILAR

7 23 16 28 22 26 11 34 4 9 14 32 27 30 12 17 0 24 25 2 15 13 18 33 21 8 1 5 6 35 19 20 29 36 3 10 31 
0 16
1 26
2 19
3 34
4 8
5 27
6 28
7 0
8 25
9 9
10 35
11 6
12 14
13 21
14 10
15 20
16 2
17 15
18 22
19 30
20 31
21 24
22 4
23 1
24 17
25 18
26 5
27 12
28 3
29 32
30 13
31 36
32 11
33 23
34 7
35 29
36 33
SIMILAR

22 20 17 14 12 30 4 32 7 10 15 9 1 31 34 18 16 6 33 13 25 0 19 35 24 27 2 11 21 29 23 36 5 3 26 28 8 
0 21
1 12
2 26
3 33
4 6
5 32
6 17
7 8
8 36
9 11
10 9
11 27
12 4
13 19
14 3
15 10
16 16
17 2
18 15
19 22
20 1
21 28
22 0
23 30
24 24
25 20
26 34
27 25
28 35
29 29
30 5
31 13
32 7
33 18
34 14
35 23
36 31
SIMILAR

19 33 4 16 14 28 6 30 23 26 1 36 34 27 7 35 8 10 11 2 32 20 21 18 31 17 13 9 0 25 3 12 29 22 5 24 15 
0 28
1 10
2 19
3 30
4 2
5 34
6 6
7 14
8 16
9 27
10 17
11 18
12 31
13 26
14 4
15 36
16 3
17 25
18 23
19 0
20 21
21 22
22 33
23 8
24 35
25 29
26 9
27 13
28 5
29 32
30 7
31 24
32 20
33 1
34 12
35 15
36 11
SIMILAR

19 11 18 16 35 24 17 0 31 22 3 36 20 23 13 1 28 27 5 15 26 25 21 12 9 4 32 33 7 10 6 2 30 34 8 14 29 
0 7
1 15
2 31
3 10
4 25
5 18
6 30
7 28
8 34
9 24
10 29
11 1
12 23
13 14
14 35
15 19
16 3
17 6
18 2
19 0
20 12
21 22
22 9
23 13
24 5
25 21
26 20
27 17
28 16
29 36
30 32
31 8
32 26
33 27
34 33
35 4
36 11
SIMILAR

30 36 24 11 31 13 21 10 4 33 19 27 0 20 16 29 2 26 25 22 5 35 1 15 17 18 28 3 8 34 32 7 12 14 6 23 9 
0 12
1 22
2 16
3 27
4 8
5 20
6 34
7 31
8 28
9 36
10 7
11 3
12 32
13 5
14 33
15 23
16 14
17 24
18 25
19 10
20 13
21 6
22 19
23 35
24 2
25 18
26 17
27 11
28 26
29 15
30 0
31 4
32 30
33 9
34 29
35 21
36 1
SIMILAR

13 14 33 25 12 21 31 16 5 23 1 9 7 6 28 10 18 20 8 11 0 22 19 17 2 15 29 26 3 24 34 30 36 32 27 4 35 
0 20
1 10
2 24
3 28
4 35
5 8
6 13
7 12
8 18
9 11
10 15
11 19
12 4
13 0
14 1
15 25
16 7
17 23
18 16
19 22
20 17
21 5
22 21
23 9
24 29
25 3
26 27
27 34
28 14
29 26
30 31
31 6
32 33
33 2
34 30
35 36
36 32
SIMILAR

31 15 0 21 16 33 4 19 14 25 1 9 2 27 6 26 28 29 18 24 13 36 32 12 30 11 5 17 3 10 23 22 35 34 8 20 7 
0 2
1 10
2 12
3 28
4 6
5 26
6 14
7 36
8 34
9 11
10 29
11 25
12 23
13 20
14 8
15 1
16 4
17 27
18 18
19 7
20 35
21 3
22 31
23 30
24 19
25 9
26 15
27 13
28 16
29 17
30 24
31 0
32 22
33 5
34 33
35 32
36 21
SIMILAR

26 32 9 33 21 14 31 25 1 15 23 5 35 30 28 12 4 3 7 8 0 10 19 2 17 11 18 6 36 16 27 20 34 24 29 13 22 
0 20
1 8
2 23
3 17
4 16
5 11
6 27
7 18
8 19
9 2
10 21
11 25
12 15
13 35
14 5
15 9
16 29
17 24
18 26
19 22
20 31
21 4
22 36
23 10
24 33
25 7
26 0
27 30
28 14
29 34
30 13
31 6
32 1
33 3
34 32
35 12
36 28
SIMILAR

7 31 16 29 0 11 32 6 3 13 4 22 35 25 8 14 36 10 19 5 18 21 1 2 23 9 27 17 20 24 26 34 12 28 15 33 30 
0 4
1 22
2 23
3 8
4 10
5 19
6 7
7 0
8 14
9 25
10 17
11 5
12 32
13 9
14 15
15 34
16 2
17 27
18 20
19 18
20 28
21 21
22 11
23 24
24 29
25 13
26 30
27 26
28 33
29 3
30 36
31 1
32 6
33 35
34 31
35 12
36 16
SIMILAR

11 6 16 3 22 36 5 34 19 30 31 0 32 26 7 20 18 15 17 21 2 4 1 27 13 12 25 9 24 23 8 14 28 35 33 29 10 
0 11
1 22
2 20
3 3
4 21
5 6
6 1
7 14
8 30
9 27
10 36
11 0
12 25
13 24
14 31
15 17
16 2
17 18
18 16
19 8
20 15
21 19
22 4
23 29
24 28
25 26
26 13
27 23
28 32
29 35
30 9
31 10
32 12
33 34
34 7
35 33
36 5
SIMILAR

33 23 30 21 25 19 24 1 22 12 31 11 13 5 29 34 20 26 28 17 6 4 3 36 14 18 8 2 10 35 9 32 16 7 0 15 27 
0 34
1 7
2 27
3 22
4 21
5 13
6 20
7 33
8 26
9 30
10 28
11 11
12 9
13 12
14 24
15 35
16 32
17 19
18 25
19 5
20 16
21 3
22 8
23 1
24 6
25 4
26 17
27 36
28 18
29 14
30 2
31 10
32 31
33 0
34 15
35 29
36 23
SIMILAR

10 19 4 21 2 31 35 17 18 20 7 23 1 36 27 14 3 12 22 26 32 13 16 28 33 30 5 9 25 24 6 8 29 34 11 15 0 
0 36
1 12
2 4
3 16
4 2
5 26
6 30
7 10
8 31
9 27
10 0
11 34
12 17
13 21
14 15
15 35
16 22
17 7
18 8
19 1
20 9
21 3
22 18
23 11
24 29
25 28
26 19
27 14
28 23
29 32
30 25
31 5
32 20
33 24
34 33
35 6
36 13
SIMILAR

24 5 4 16 36 15 29 6 19 21 10 34 13 20 0 30 31 9 8 35 1 11 2 28 14 33 27 7 18 12 25 32 17 22 3 26 23 
0 14
1 20
2 22
3 34
4 2
5 1
6 7
7 27
8 18
9 17
10 10
11 21
12 29
13 12
14 24
15 5
16 3
17 32
18 28
19 8
20 13
21 9
22 33
23 36
24 0
25 30
26 35
27 26
28 23
29 6
30 15
31 16
32 31
33 25
34 11
35 19
36 4
SIMILAR

0 34 8 24 5 21 14 31 3 27 16 36 18 19 33 10 35 25 28 20 17 30 9 1 32 4 7 15 23 13 12 2 29 22 6 26 11 
0 0
1 23
2 31
3 8
4 25
5 4
6 34
7 26
8 2
9 22
10 15
11 36
12 30
13 29
14 6
15 27
16 10
17 20
18 12
19 13
20 19
21 5
22 33
23 28
24 3
25 17
26 35
27 9
28 18
29 32
30 21
31 7
32 24
33 14
34 1
35 16
36 11
SIMILAR

26 11 33 24 27 16 19 18 17 8 0 23 29 32 15 30 28 31 4 5 36 34 9 20 6 21 12 1 35 7 14 10 3 2 25 13 22 
0 10
1 27
2 33
3 32
4 18
5 19
6 24
7 29
8 9
9 22
10 31
11 1
12 26
13 35
14 30
15 14
16 5
17 8
18 7
19 6
20 23
21 25
22 36
23 11
24 3
25 34
26 0
27 4
28 16
29 12
30 15
31 17
32 13
33 2
34 21
35 28
36 20
SIMILAR

6 0 25 26 35 19 21 13 36 14 3 18 11 8 16 30 10 15 33 4 20 27 1 12 2 24 7 22 23 31 29 17 28 32 34 9 5 
0 1
1 22
2 24
3 10
4 19
5 36
6 0
7 26
8 13
9 35
10 16
11 12
12 23
13 7
14 9
15 17
16 14
17 31
18 11
19 5
20 20
21 6
22 27
23 28
24 25
25 2
26 3
27 21
28 32
29 30
30 15
31 29
32 33
33 18
34 34
35 4
36 8
SIMILAR

21 24 10 15 7 31 34 12 2 1 4 27 13 6 25 23 16 20 36 5 32 22 28 0 33 3 30 19 8 11 9 35 29 26 18 14 17 
0 23
1 9
2 8
3 25
4 10
5 19
6 13
7 4
8 28
9 30
10 2
11 29
12 7
13 12
14 35
15 3
16 16
17 36
18 34
19 27
20 17
21 0
22 21
23 15
24 1
25 14
26 33
27 11
28 22
29 32
30 26
31 5
32 20
33 24
34 6
35 31
36 18
SIMILAR

23 5 7 31 25 28 16 11 22 6 15 3 20 21 14 33 13 1 9 29 17 24 10 32 0 2 26 19 27 12 34 4 36 18 35 8 30 
0 24
1 17
2 25
3 11
4 31
5 1
6 9
7 2
8 35
9 18
10 22
11 7
12 29
13 16
14 14
15 10
16 6
17 20
18 33
19 27
20 12
21 13
22 8
23 0
24 21
25 4
26 26
27 28
28 5
29 19
30 36
31 3
32 23
33 15
34 30
35 34
36 32
SIMILAR

13 2 7 14 6 34 36 0 22 35 32 16 25 12 24 18 26 9 20 5 28 3 30 11 31 27 21 10 1 23 33 19 29 4 17 8 15 
0 7
1 28
2 1
3 21
4 33
5 19
6 4
7 2
8 35
9 17
10 27
11 23
12 13
13 0
14 3
15 36
16 11
17 34
18 15
19 31
20 18
21 26
22 8
23 29
24 14
25 12
26 16
27 25
28 20
29 32
30 22
31 24
32 10
33 30
34 5
35 9
36 6
SIMILAR

18 33 28 30 12 13 3 7 4 2 22 31 14 11 34 27 25 29 15 36 24 0 20 6 21 32 17 9 19 16 5 26 35 23 8 1 10 
0 21
1 35
2 9
3 6
4 8
5 30
6 23
7 7
8 34
9 27
10 36
11 13
12 4
13 5
14 12
15 18
16 29
17 26
18 0
19 28
20 22
21 24
22 10
23 33
24 20
25 16
26 31
27 15
28 2
29 17
30 3
31 11
32 25
33 1
34 14
35 32
36 19
SIMILAR

2 9 32 16 10 25 30 29 35 7 5 20 21 27 17 0 12 22 8 1 36 31 13 33 14 24 11 23 19 3 15 6 4 18 28 34 26 
0 15
1 19
2 0
3 29
4 32
5 10
6 31
7 9
8 18
9 1
10 4
11 26
12 16
13 22
14 24
15 30
16 3
17 14
18 33
19 28
20 11
21 12
22 17
23 27
24 25
25 5
26 36
27 13
28 34
29 7
30 6
31 21
32 2
33 23
34 35
35 8
36 20
SIMILAR

15 18 16 21 33 11 9 25 7 29 12 34 26 13 5 6 1 36 22 0 35 3 8 28 27 24 32 4 20 2 31 14 23 19 30 17 10 
0 19
1 16
2 29
3 21
4 27
5 14
6 15
7 8
8 22
9 6
10 36
11 5
12 10
13 13
14 31
15 0
16 2
17 35
18 1
19 33
20 28
21 3
22 18
23 32
24 25
25 7
26 12
27 24
28 23
29 9
30 34
31 30
32 26
33 4
34 11
35 20
36 17
SIMILAR

27 12 1 35 16 15 26 14 33 10 19 13 23 32 9 11 0 29 24 30 5 4 20 3 25 18 6 2 34 17 8 31 28 7 21 36 22 
0 16
1 2
2 27
3 23
4 21
5 20
6 26
7 33
8 30
9 14
10 9
11 15
12 1
13 11
14 7
15 5
16 4
17 29
18 25
19 10
20 22
21 34
22 36
23 12
24 18
25 24
26 6
27 0
28 32
29 17
30 19
31 31
32 13
33 8
34 28
35 3
36 35
SIMILAR

22 7 19 5 29 10 23 28 33 9 21 32 13 8 25 26 35 11 20 27 4 30 0 6 36 16 12 15 34 31 2 14 18 1 24 3 17 
0 22
1 33
2 30
3 35
4 20
5 3
6 23
7 1
8 13
9 9
10 5
11 17
12 26
13 12
14 31
15 27
16 25
17 36
18 32
19 2
20 18
21 10
22 0
23 6
24 34
25 14
26 15
27 19
28 7
29 4
30 21
31 29
32 11
33 8
34 28
35 16
36 24
SIMILAR

36 32 15 21 18 35 14 27 4 29 30 24 5 33 8 11 23 25 16 22 1 26 2 12 19 9 6 3 0 31 10 17 13 28 20 7 34 
0 28
1 20
2 22
3 27
4 8
5 12
6 26
7 35
8 14
9 25
10 30
11 15
12 23
13 32
14 6
15 2
16 18
17 31
18 4
19 24
20 34
21 3
22 19
23 16
24 11
25 17
26 21
27 7
28 33
29 9
30 10
31 29
32 1
33 13
34 36
35 5
36 0
SIMILAR

22 2 14 4 19 1 8 17 24 25 11 15 5 36 28 26 27 34 35 29 13 33 32 20 3 10 9 12 7 30 31 6 0 18 23 16 21 
0 32
1 5
2 1
3 24
4 3
5 12
6 31
7 28
8 6
9 26
10 25
11 10
12 27
13 20
14 2
15 11
16 35
17 7
18 33
19 4
20 23
21 36
22 0
23 34
24 8
25 9
26 15
27 16
28 14
29 19
30 29
31 30
32 22
33 21
34 17
35 18
36 13
SIMILAR

5 17 26 31 8 10 11 21 22 27 19 30 16 7 28 35 13 15 1 24 6 4 20 18 3 0 9 32 14 12 23 25 29 36 2 34 33 
0 25
1 18
2 34
3 24
4 21
5 0
6 20
7 13
8 4
9 26
10 5
11 6
12 29
13 16
14 28
15 17
16 12
17 1
18 23
19 10
20 22
21 7
22 8
23 30
24 19
25 31
26 2
27 9
28 14
29 32
30 11
31 3
32 27
33 36
34 35
35 15
36 33
SIMILAR

28 10 19 12 32 35 6 31 30 36 16 23 26 3 11 29 14 20 7 22 21 25 8 18 17 15 24 13 0 4 2 34 5 33 9 1 27 
0 28
1 35
2 30
3 13
4 29
5 32
6 6
7 18
8 22
9 34
10 1
11 14
12 3
13 27
14 16
15 25
16 10
17 24
18 23
19 2
20 17
21 20
22 19
23 11
24 26
25 21
26 12
27 36
28 0
29 15
30 8
31 7
32 4
33 33
34 31
35 5
36 9
SIMILAR

5 21 27 32 25 28 23 18 2 15 13 16 10 30 12 36 6 8 33 31 0 11 17 29 4 9 24 34 20 19 35 22 3 14 1 26 7 
0 20
1 34
2 8
3 32
4 24
5 0
6 16
7 36
8 17
9 25
10 12
11 21
12 14
13 10
14 33
15 9
16 11
17 22
18 7
19 29
20 28
21 1
22 31
23 6
24 26
25 4
26 35
27 2
28 5
29 23
30 13
31 19
32 3
33 18
34 27
35 30
36 15
SIMILAR

4 31 28 23 9 22 14 29 11 32 1 24 2 16 3 10 26 15 19 12 35 25 36 20 27 6 34 5 17 13 30 8 0 21 33 18 7 
0 32
1 10
2 12
3 14
4 0
5 27
6 25
7 36
8 31
9 4
10 15
11 8
12 19
13 29
14 6
15 17
16 13
17 28
18 35
19 18
20 23
21 33
22 5
23 3
24 11
25 21
26 16
27 24
28 2
29 7
30 30
31 1
32 9
33 34
34 26
35 20
36 22
SIMILAR

22 35 7 9 21 31 36 12 33 11 26 28 25 23 3 4 5 10 1 14 0 27 17 32 19 34 8 2 6 13 20 29 30 24 15 18 16 
0 20
1 18
2 27
3 14
4 15
5 16
6 28
7 2
8 26
9 3
10 17
11 9
12 7
13 29
14 19
15 34
16 36
17 22
18 35
19 24
20 30
21 4
22 0
23 13
24 33
25 12
26 10
27 21
28 11
29 31
30 32
31 5
32 23
33 8
34 25
35 1
36 6
SIMILAR

21 31 18 20 4 3 16 23 8 34 25 11 36 2 6 27 13 19 26 35 14 17 10 32 22 33 7 15 24 30 1 12 29 5 9 0 28 
0 35
1 30
2 13
3 5
4 4
5 33
6 14
7 26
8 8
9 34
10 22
11 11
12 31
13 16
14 20
15 27
16 6
17 21
18 2
19 17
20 3
21 0
22 24
23 7
24 28
25 10
26 18
27 15
28 36
29 32
30 29
31 1
32 23
33 25
34 9
35 19
36 12
SIMILAR

19 16 32 36 18 15 9 20 12 3 31 11 7 28 34 5 8 10 27 22 25 1 4 14 29 23 17 2 21 6 0 30 33 24 13 26 35 
0 30
1 21
2 27
3 9
4 22
5 15
6 29
7 12
8 16
9 6
10 17
11 11
12 8
13 34
14 23
15 5
16 1
17 26
18 4
19 0
20 7
21 28
22 19
23 25
24 33
25 20
26 35
27 18
28 13
29 24
30 31
31 10
32 2
33 32
34 14
35 36
36 3
SIMILAR

34 17 24 2 19 3 25 31 20 5 30 14 21 23 22 29 15 7 10 9 13 32 28 12 8 6 11 0 26 4 1 27 33 18 35 16 36 
0 27
1 30
2 3
3 5
4 29
5 9
6 25
7 17
8 24
9 19
10 18
11 26
12 23
13 20
14 11
15 16
16 35
17 1
18 33
19 4
20 8
21 12
22 14
23 13
24 2
25 6
26 28
27 31
28 22
29 15
30 10
31 7
32 21
33 32
34 0
35 34
36 36
SIMILAR

5 8 36 10 16 32 9 14 13 4 31 24 33 21 20 1 7 6 2 12 0 35 15 17 27 30 26 28 23 29 25 11 22 3 18 19 34 
0 20
1 15
2 18
3 33
4 9
5 0
6 17
7 16
8 1
9 6
10 3
11 31
12 19
13 8
14 7
15 22
16 4
17 23
18 34
19 35
20 14
21 13
22 32
23 28
24 11
25 30
26 26
27 24
28 27
29 29
30 25
31 10
32 5
33 12
34 36
35 21
36 2
SIMILAR

31 15 11 4 19 1 30 18 27 26 16 33 36 14 25 8 34 0 2 21 3 9 22 23 35 13 32 28 5 17 29 24 6 12 20 10 7 
0 17
1 5
2 18
3 20
4 3
5 28
6 32
7 36
8 15
9 21
10 35
11 2
12 33
13 25
14 13
15 1
16 10
17 29
18 7
19 4
20 34
21 19
22 22
23 23
24 31
25 14
26 9
27 8
28 27
29 30
30 6
31 0
32 26
33 11
34 16
35 24
36 12
SIMILAR

8 18 2 24 16 6 31 27 4 34 10 36 30 14 0 23 21 22 15 1 29 7 35 32 20 11 12 17 25 9 26 3 5 28 13 19 33 
0 14
1 19
2 2
3 31
4 8
5 32
6 5
7 21
8 0
9 29
10 10
11 25
12 26
13 34
14 13
15 18
16 4
17 27
18 1
19 35
20 24
21 16
22 17
23 15
24 3
25 28
26 30
27 7
28 33
29 20
30 12
31 6
32 23
33 36
34 9
35 22
36 11
SIMILAR

9 35 21 34 23 13 4 33 3 2 28 14 1 12 30 32 36 11 20 27 19 26 10 0 29 24 22 15 16 5 18 31 8 17 6 25 7 
0 23
1 12
2 9
3 8
4 6
5 29
6 34
7 36
8 32
9 0
10 22
11 17
12 13
13 5
14 11
15 27
16 28
17 33
18 30
19 20
20 18
21 2
22 26
23 4
24 25
25 35
26 21
27 19
28 10
29 24
30 14
31 31
32 15
33 7
34 3
35 1
36 16
SIMILAR

35 32 31 25 24 8 19 1 29 12 17 26 0 9 34 28 13 36 30 21 23 33 5 11 14 16 7 27 2 6 3 18 15 20 10 4 22 
0 12
1 7
2 28
3 30
4 35
5 22
6 29
7 26
8 5
9 13
10 34
11 23
12 9
13 16
14 24
15 32
16 25
17 10
18 31
19 6
20 33
21 19
22 36
23 20
24 4
25 3
26 11
27 27
28 15
29 8
30 18
31 2
32 1
33 21
34 14
35 0
36 17
SIMILAR

34 13 22 11 29 32 16 8 9 19 18 35 25 31 5 27 0 12 14 28 10 20 7 15 4 21 24 26 36 30 2 33 1 23 6 17 3 
0 16
1 32
2 30
3 36
4 24
5 14
6 34
7 22
8 7
9 8
10 20
11 3
12 17
13 1
14 18
15 23
16 6
17 35
18 10
19 9
20 21
21 25
22 2
23 33
24 26
25 12
26 27
27 15
28 19
29 4
30 29
31 13
32 5
33 31
34 0
35 11
36 28
SIMILAR

0 33 15 27 14 5 26 30 6 25 10 32 34 36 8 21 29 28 12 7 11 17 23 35 1 4 31 24 2 22 20 9 18 13 19 3 16 
0 0
1 24
2 28
3 35
4 25
5 5
6 8
7 19
8 14
9 31
10 10
11 20
12 18
13 33
14 4
15 2
16 36
17 21
18 32
19 34
20 30
21 15
22 29
23 22
24 27
25 9
26 6
27 3
28 17
29 16
30 7
31 26
32 11
33 1
34 12
35 23
36 13
SIMILAR

18 36 19 20 3 12 26 31 32 11 9 13 17 15 0 23 33 21 7 30 8 14 28 1 25 4 2 29 27 16 6 24 22 10 35 5 34 
0 14
1 23
2 26
3 4
4 25
5 35
6 30
7 18
8 20
9 10
10 33
11 9
12 5
13 11
14 21
15 13
16 29
17 12
18 0
19 2
20 3
21 17
22 32
23 15
24 31
25 24
26 6
27 28
28 22
29 27
30 19
31 7
32 8
33 16
34 36
35 34
36 1
SIMILAR

22 17 36 10 11 18 25 19 16 6 24 26 9 3 30 28 14 33 13 4 21 35 32 20 23 5 7 15 2 12 0 8 29 31 27 1 34 
0 30
1 35
2 28
3 13
4 19
5 25
6 9
7 26
8 31
9 12
10 3
11 4
12 29
13 18
14 16
15 27
16 8
17 1
18 5
19 7
20 23
21 20
22 0
23 24
24 10
25 6
26 11
27 34
28 15
29 32
30 14
31 33
32 22
33 17
34 36
35 21
36 2
SIMILAR

6 29 24 5 10 16 21 11 15 25 26 7 4 32 27 33 34 1 18 22 12 9 13 17 35 14 31 23 3 0 28 36 20 2 8 30 19 
0 29
1 17
2 33
3 28
4 12
5 3
6 0
7 11
8 34
9 21
10 4
11 7
12 20
13 22
14 25
15 8
16 5
17 23
18 18
19 36
20 32
21 6
22 19
23 27
24 2
25 9
26 10
27 14
28 30
29 1
30 35
31 26
32 13
33 15
34 16
35 24
36 31
SIMILAR

30 24 2 17 9 21 11 31 23 3 18 14 22 12 0 34 35 10 15 19 32 27 1 16 5 8 29 28 33 6 36 13 20 26 4 25 7 
0 14
1 22
2 2
3 9
4 34
5 24
6 29
7 36
8 25
9 4
10 17
11 6
12 13
13 31
14 11
15 18
16 23
17 3
18 10
19 19
20 32
21 5
22 12
23 8
24 1
25 35
26 33
27 21
28 27
29 26
30 0
31 7
32 20
33 28
34 15
35 16
36 30
SIMILAR

5 9 15 29 33 2 19 18 12 34 13 7 24 10 25 32 35 30 14 17 36 4 22 3 16 26 0 21 23 31 8 28 11 6 27 1 20 
0 26
1 35
2 5
3 23
4 21
5 0
6 33
7 11
8 30
9 1
10 13
11 32
12 8
13 10
14 18
15 2
16 24
17 19
18 7
19 6
20 36
21 27
22 22
23 28
24 12
25 14
26 25
27 34
28 31
29 3
30 17
31 29
32 15
33 4
34 9
35 16
36 20
SIMILAR

33 23 29 31 4 27 5 36 18 1 35 10 7 21 17 26 13 32 28 16 2 14 8 3 0 11 6 25 20 22 19 30 15 34 12 24 9 
0 24
1 9
2 20
3 23
4 4
5 6
6 26
7 12
8 22
9 36
10 11
11 25
12 34
13 16
14 21
15 32
16 19
17 14
18 8
19 30
20 28
21 13
22 29
23 1
24 35
25 27
26 15
27 5
28 18
29 2
30 31
31 3
32 17
33 0
34 33
35 10
36 7
SIMILAR

34 6 23 17 19 2 26 0 29 3 11 8 1 12 33 31 24 15 35 21 20 10 13 32 18 16 30 27 7 4 22 5 36 25 9 14 28 
0 7
1 12
2 5
3 9
4 29
5 31
6 1
7 28
8 11
9 34
10 21
11 10
12 13
13 22
14 35
15 17
16 25
17 3
18 24
19 4
20 20
21 19
22 30
23 2
24 16
25 33
26 6
27 27
28 36
29 8
30 26
31 15
32 23
33 14
34 0
35 18
36 32
SIMILAR

5 13 9 15 11 17 7 0 6 27 23 3 31 32 4 21 22 18 19 16 35 2 34 26 20 25 30 24 28 10 29 1 12 36 33 8 14 
0 7
1 31
2 21
3 11
4 14
5 0
6 8
7 6
8 35
9 2
10 29
11 4
12 32
13 1
14 36
15 3
16 19
17 5
18 17
19 18
20 24
21 15
22 16
23 10
24 27
25 25
26 23
27 9
28 28
29 30
30 26
31 12
32 13
33 34
34 22
35 20
36 33
SIMILAR

15 9 19 1 31 20 16 3 18 14 36 29 24 28 7 33 35 32 2 21 8 26 34 22 17 27 25 23 4 12 0 10 11 30 5 13 6 
0 30
1 3
2 18
3 7
4 28
5 34
6 36
7 14
8 20
9 1
10 31
11 32
12 29
13 35
14 9
15 0
16 6
17 24
18 8
19 2
20 5
21 19
22 23
23 27
24 12
25 26
26 21
27 25
28 13
29 11
30 33
31 4
32 17
33 15
34 22
35 16
36 10
SIMILAR

17 15 20 29 32 35 11 1 13 18 10 26 24 22 6 9 2 25 30 33 16 34 27 28 19 12 3 14 21 23 36 31 0 5 8 7 4 
0 32
1 7
2 16
3 26
4 36
5 33
6 14
7 35
8 34
9 15
10 10
11 6
12 25
13 8
14 27
15 1
16 20
17 0
18 9
19 24
20 2
21 28
22 13
23 29
24 12
25 17
26 11
27 22
28 23
29 3
30 18
31 31
32 4
33 19
34 21
35 5
36 30
SIMILAR

12 9 8 4 16 22 31 30 3 18 28 23 32 10 15 26 2 35 5 0 6 13 20 34 36 21 1 33 24 14 17 25 7 29 19 27 11 
0 19
1 26
2 16
3 8
4 3
5 18
6 20
7 32
8 2
9 1
10 13
11 36
12 0
13 21
14 29
15 14
16 4
17 30
18 9
19 34
20 22
21 25
22 5
23 11
24 28
25 31
26 15
27 35
28 10
29 33
30 7
31 6
32 12
33 27
34 23
35 17
36 24
SIMILAR

13 10 2 30 22 8 15 33 29 6 14 36 0 21 24 35 4 9 19 18 16 32 23 34 27 11 26 12 3 31 1 28 20 17 7 25 5 
0 12
1 30
2 2
3 28
4 16
5 36
6 9
7 34
8 5
9 17
10 1
11 25
12 27
13 0
14 10
15 6
16 20
17 33
18 19
19 18
20 32
21 13
22 4
23 22
24 14
25 35
26 26
27 24
28 31
29 8
30 3
31 29
32 21
33 7
34 23
35 15
36 11
SIMILAR

9 18 34 3 17 29 8 5 6 2 12 14 23 21 1 7 10 28 36 27 31 0 20 4 25 35 32 13 16 22 30 33 24 19 11 26 15 
0 21
1 14
2 9
3 3
4 23
5 7
6 8
7 15
8 6
9 0
10 16
11 34
12 10
13 27
14 11
15 36
16 28
17 4
18 1
19 33
20 22
21 13
22 29
23 12
24 32
25 24
26 35
27 19
28 17
29 5
30 30
31 20
32 26
33 31
34 2
35 25
36 18
SIMILAR

20 9 1 26 16 23 18 34 17 21 6 14 28 5 11 15 3 12 29 24 4 19 27 32 35 33 36 30 0 31 10 22 2 13 25 8 7 
0 28
1 2
2 32
3 16
4 20
5 13
6 10
7 36
8 35
9 1
10 30
11 14
12 17
13 33
14 11
15 15
16 4
17 8
18 6
19 21
20 0
21 9
22 31
23 5
24 19
25 34
26 3
27 22
28 12
29 18
30 27
31 29
32 23
33 25
34 7
35 24
36 26
SIMILAR

16 4 15 2 20 34 9 33 27 29 10 0 6 25 8 30 23 1 11 36 35 5 13 28 14 3 12 26 21 24 22 31 17 32 19 7 18 
0 11
1 17
2 3
3 25
4 1
5 21
6 12
7 35
8 14
9 6
10 10
11 18
12 26
13 22
14 24
15 2
16 0
17 32
18 36
19 34
20 4
21 28
22 30
23 16
24 29
25 13
26 27
27 8
28 23
29 9
30 15
31 31
32 33
33 7
34 5
35 20
36 19
SIMILAR

29 32 8 28 18 3 9 6 23 33 10 15 19 24 5 25 4 16 2 1 7 20 31 36 21 17 30 27 0 12 26 11 34 22 14 13 35 
0 28
1 19
2 18
3 5
4 16
5 14
6 7
7 20
8 2
9 6
10 10
11 31
12 29
13 35
14 34
15 11
16 17
17 25
18 4
19 12
20 21
21 24
22 33
23 8
24 13
25 15
26 30
27 27
28 3
29 0
30 26
31 22
32 1
33 9
34 32
35 36
36 23
SIMILAR

25 12 19 1 0 15 21 9 8 5 34 27 33 10 29 17 16 2 14 6 11 26 31 3 24 7 35 22 18 28 36 23 20 4 30 32 13 
0 4
1 3
2 17
3 23
4 33
5 9
6 19
7 25
8 8
9 7
10 13
11 20
12 1
13 36
14 18
15 5
16 16
17 15
18 28
19 2
20 32
21 6
22 27
23 31
24 24
25 0
26 21
27 11
28 29
29 14
30 34
31 22
32 35
33 12
34 10
35 26
36 30
SIMILAR

7 27 9 26 29 35 36 14 11 18 22 5 0 28 15 20 13 3 10 33 30 8 24 21 2 17 25 31 19 32 6 4 34 16 1 23 12 
0 12
1 34
2 24
3 17
4 31
5 11
6 30
7 0
8 21
9 2
10 18
11 8
12 36
13 16
14 7
15 14
16 33
17 25
18 9
19 28
20 15
21 23
22 10
23 35
24 22
25 26
26 3
27 1
28 13
29 4
30 20
31 27
32 29
33 19
34 32
35 5
36 6
SIMILAR

3 4 36 27 23 11 8 20 2 35 7 18 24 0 26 6 29 17 25 1 16 19 33 9 34 10 31 28 14 32 30 13 22 15 5 21 12 
0 13
1 19
2 8
3 0
4 1
5 34
6 15
7 10
8 6
9 23
10 25
11 5
12 36
13 31
14 28
15 33
16 20
17 17
18 11
19 21
20 7
21 35
22 32
23 4
24 12
25 18
26 14
27 3
28 27
29 16
30 30
31 26
32 29
33 22
34 24
35 9
36 2
SIMILAR

36 31 8 5 19 0 12 27 32 35 9 3 33 14 21 28 11 16 29 2 20 1 6 30 34 10 13 23 22 17 25 26 18 15 24 7 4 
0 5
1 21
2 19
3 11
4 36
5 3
6 22
7 35
8 2
9 10
10 25
11 16
12 6
13 26
14 13
15 33
16 17
17 29
18 32
19 4
20 20
21 14
22 28
23 27
24 34
25 30
26 31
27 7
28 15
29 18
30 23
31 1
32 8
33 12
34 24
35 9
36 0
SIMILAR

13 14 10 20 4 25 24 22 3 26 29 7 31 0 11 30 35 36 12 5 28 34 8 32 18 23 15 6 33 16 21 19 27 17 1 9 2 
0 13
1 34
2 36
3 8
4 4
5 19
6 27
7 11
8 22
9 35
10 2
11 14
12 18
13 0
14 1
15 26
16 29
17 33
18 24
19 31
20 3
21 30
22 7
23 25
24 6
25 5
26 9
27 32
28 20
29 10
30 15
31 12
32 23
33 28
34 21
35 16
36 17
SIMILAR

7 1 5 28 19 15 6 22 10 27 21 30 26 31 23 8 25 9 11 4 2 0 3 13 14 32 16 17 33 24 12 29 20 36 35 34 18 
0 21
1 1
2 20
3 22
4 19
5 2
6 6
7 0
8 15
9 17
10 8
11 18
12 30
13 23
14 24
15 5
16 26
17 27
18 36
19 4
20 32
21 10
22 7
23 14
24 29
25 16
26 12
27 9
28 3
29 31
30 11
31 13
32 25
33 28
34 35
35 34
36 33
SIMILAR

3 5 7 31 34 14 8 0 26 27 33 13 35 11 25 29 22 21 6 2 28 16 30 20 32 1 18 9 36 23 4 17 12 10 24 15 19 
0 7
1 25
2 19
3 0
4 30
5 1
6 18
7 2
8 6
9 27
10 33
11 13
12 32
13 11
14 5
15 35
16 21
17 31
18 26
19 36
20 23
21 17
22 16
23 29
24 34
25 14
26 8
27 9
28 20
29 15
30 22
31 3
32 24
33 10
34 4
35 12
36 28
SIMILAR

36 21 11 10 28 27 7 24 32 9 16 13 19 0 34 35 12 15 26 29 1 3 17 14 30 2 4 6 25 22 33 8 20 31 23 18 5 
0 13
1 20
2 25
3 21
4 26
5 36
6 27
7 6
8 31
9 9
10 3
11 2
12 16
13 11
14 23
15 17
16 10
17 22
18 35
19 12
20 32
21 1
22 29
23 34
24 7
25 28
26 18
27 5
28 4
29 19
30 24
31 33
32 8
33 30
34 14
35 15
36 0
SIMILAR

2 13 36 29 33 15 31 12 10 27 11 28 16 14 32 30 22 18 1 24 8 26 25 35 21 3 0 6 19 9 7 5 34 17 23 4 20 
0 26
1 18
2 0
3 25
4 35
5 31
6 27
7 30
8 20
9 29
10 8
11 10
12 7
13 1
14 13
15 5
16 12
17 33
18 17
19 28
20 36
21 24
22 16
23 34
24 19
25 22
26 21
27 9
28 11
29 3
30 15
31 6
32 14
33 4
34 32
35 23
36 2
SIMILAR

19 11 33 6 35 3 2 32 21 1 4 24 27 22 5 15 12 8 23 13 29 7 34 18 28 14 36 31 16 25 9 17 30 10 20 26 0 
0 36
1 9
2 6
3 5
4 10
5 14
6 3
7 21
8 17
9 30
10 33
11 1
12 16
13 19
14 25
15 15
16 28
17 31
18 23
19 0
20 34
21 8
22 13
23 18
24 11
25 29
26 35
27 12
28 24
29 20
30 32
31 27
32 7
33 2
34 22
35 4
36 26
SIMILAR

18 3 7 22 29 35 14 26 28 16 32 25 13 21 2 34 6 4 20 10 8 36 24 15 23 17 30 12 27 9 0 31 5 33 1 11 19 
0 30
1 34
2 14
3 1
4 17
5 32
6 16
7 2
8 20
9 29
10 19
11 35
12 27
13 12
14 6
15 23
16 9
17 25
18 0
19 36
20 18
21 13
22 3
23 24
24 22
25 11
26 7
27 28
28 8
29 4
30 26
31 31
32 10
33 33
34 15
35 5
36 21
SIMILAR

2 27 10 34 29 31 35 7 3 16 30 15 21 1 20 28 23 19 22 13 12 36 9 33 14 5 8 25 26 0 24 6 11 32 4 17 18 
0 29
1 13
2 0
3 8
4 34
5 25
6 31
7 7
8 26
9 22
10 2
11 32
12 20
13 19
14 24
15 11
16 9
17 35
18 36
19 17
20 14
21 12
22 18
23 16
24 30
25 27
26 28
27 1
28 15
29 4
30 10
31 5
32 33
33 23
34 3
35 6
36 21
SIMILAR

32 5 0 21 16 27 22 18 31 2 14 20 25 26 11 36 1 4 8 17 13 15 7 34 30 24 10 35 28 6 9 3 23 33 19 29 12 
0 2
1 16
2 9
3 31
4 17
5 1
6 29
7 22
8 18
9 30
10 26
11 14
12 36
13 20
14 10
15 21
16 4
17 19
18 7
19 34
20 11
21 3
22 6
23 32
24 25
25 12
26 13
27 5
28 28
29 35
30 24
31 8
32 0
33 33
34 23
35 27
36 15
SIMILAR

2 20 29 25 8 12 26 27 10 0 11 4 3 16 21 5 30 13 18 1 24 22 14 9 34 32 36 23 6 33 31 35 15 17 7 19 28 
0 9
1 19
2 0
3 12
4 11
5 15
6 28
7 34
8 4
9 23
10 8
11 10
12 5
13 17
14 22
15 32
16 13
17 33
18 18
19 35
20 1
21 14
22 21
23 27
24 20
25 3
26 6
27 7
28 36
29 2
30 16
31 30
32 25
33 29
34 24
35 31
36 26
SIMILAR

7 14 8 21 17 25 27 34 31 26 15 36 24 20 5 1 29 22 13 4 16 2 12 18 23 30 35 32 0 10 11 19 33 28 6 9 3 
0 28
1 15
2 21
3 36
4 19
5 14
6 34
7 0
8 2
9 35
10 29
11 30
12 22
13 18
14 1
15 10
16 20
17 4
18 23
19 31
20 13
21 3
22 17
23 24
24 12
25 5
26 9
27 6
28 33
29 16
30 25
31 8
32 27
33 32
34 7
35 26
36 11
SIMILAR

35 1 12 21 32 8 18 36 24 9 16 15 26 34 20 2 29 11 6 28 10 25 30 13 17 33 23 31 14 27 5 3 22 7 4 19 0 
0 36
1 1
2 15
3 31
4 34
5 30
6 18
7 33
8 5
9 9
10 20
11 17
12 2
13 23
14 28
15 11
16 10
17 24
18 6
19 35
20 14
21 3
22 32
23 26
24 8
25 21
26 12
27 29
28 19
29 16
30 22
31 27
32 4
33 25
34 13
35 0
36 7
SIMILAR

5 30 1 28 26 32 22 14 7 17 12 33 29 4 18 34 16 23 19 24 11 10 0 27 15 8 13 36 20 6 21 31 2 9 25 35 3 
0 22
1 2
2 32
3 36
4 13
5 0
6 29
7 8
8 25
9 33
10 21
11 20
12 10
13 26
14 7
15 24
16 16
17 9
18 14
19 18
20 28
21 30
22 6
23 17
24 19
25 34
26 4
27 23
28 3
29 12
30 1
31 31
32 5
33 11
34 15
35 35
36 27
SIMILAR

12 11 6 10 22 8 33 13 34 9 28 30 24 4 23 19 5 17 3 26 7 29 2 14 36 31 27 21 32 0 20 1 25 18 15 35 16 
0 29
1 31
2 22
3 18
4 13
5 16
6 2
7 20
8 5
9 9
10 3
11 1
12 0
13 7
14 23
15 34
16 36
17 17
18 33
19 15
20 30
21 27
22 4
23 14
24 12
25 32
26 19
27 26
28 10
29 21
30 11
31 25
32 28
33 6
34 8
35 35
36 24
SIMILAR

30 19 2 1 35 9 20 36 32 34 29 4 8 17 13 18 6 10 21 0 28 23 12 3 5 31 22 27 16 26 7 25 33 14 11 15 24 
0 19
1 3
2 2
3 23
4 11
5 24
6 16
7 30
8 12
9 5
10 17
11 34
12 22
13 14
14 33
15 35
16 28
17 13
18 15
19 1
20 6
21 18
22 26
23 21
24 36
25 31
26 29
27 27
28 20
29 10
30 0
31 25
32 8
33 32
34 9
35 4
36 7
SIMILAR

17 22 2 7 23 13 24 20 28 12 15 35 34 32 29 8 0 16 1 27 25 6 21 31 11 26 30 4 14 33 19 5 36 10 9 18 3 
0 16
1 18
2 2
3 36
4 27
5 31
6 21
7 3
8 15
9 34
10 33
11 24
12 9
13 5
14 28
15 10
16 17
17 0
18 35
19 30
20 7
21 22
22 1
23 4
24 6
25 20
26 25
27 19
28 8
29 14
30 26
31 23
32 13
33 29
34 12
35 11
36 32
SIMILAR

25 12 20 8 28 29 26 9 16 0 34 3 27 23 7 21 6 1 13 11 4 17 31 24 5 15 35 2 18 22 19 33 32 10 36 14 30 
0 9
1 17
2 27
3 11
4 20
5 24
6 16
7 14
8 3
9 7
10 33
11 19
12 1
13 18
14 35
15 25
16 8
17 21
18 28
19 30
20 2
21 15
22 29
23 13
24 23
25 0
26 6
27 12
28 4
29 5
30 36
31 22
32 32
33 31
34 10
35 26
36 34
SIMILAR

26 11 22 1 32 31 27 19 0 12 29 28 4 6 30 3 7 35 5 24 23 9 33 20 16 36 2 13 15 14 34 17 10 21 8 25 18 
0 8
1 3
2 26
3 15
4 12
5 18
6 13
7 16
8 34
9 21
10 32
11 1
12 9
13 27
14 29
15 28
16 24
17 31
18 36
19 7
20 23
21 33
22 2
23 20
24 19
25 35
26 0
27 6
28 11
29 10
30 14
31 5
32 4
33 22
34 30
35 17
36 25
SIMILAR

15 1 25 12 36 31 26 18 10 23 16 34 6 17 24 2 14 27 22 13 5 3 19 8 9 4 29 20 33 0 28 21 35 11 30 32 7 
0 29
1 1
2 15
3 21
4 25
5 20
6 12
7 36
8 23
9 24
10 8
11 33
12 3
13 19
14 16
15 0
16 10
17 13
18 7
19 22
20 27
21 31
22 18
23 9
24 14
25 2
26 6
27 17
28 30
29 26
30 34
31 5
32 35
33 28
34 11
35 32
36 4
SIMILAR

3 27 18 14 4 32 20 31 19 17 5 34 7 8 33 35 11 25 13 16 6 10 12 29 9 30 23 24 15 28 21 36 1 0 22 26 2 
0 33
1 32
2 36
3 0
4 4
5 10
6 20
7 12
8 13
9 24
10 21
11 16
12 22
13 18
14 3
15 28
16 19
17 9
18 2
19 8
20 6
21 30
22 34
23 26
24 27
25 17
26 35
27 1
28 29
29 23
30 25
31 7
32 5
33 14
34 11
35 15
36 31
SIMILAR

1 12 29 4 31 14 20 15 19 7 16 32 0 6 27 33 5 36 3 34 30 24 23 25 22 28 11 35 2 9 13 26 8 17 21 10 18 
0 12
1 0
2 28
3 18
4 3
5 16
6 13
7 9
8 32
9 29
10 35
11 26
12 1
13 30
14 5
15 7
16 10
17 33
18 36
19 8
20 6
21 34
22 24
23 22
24 21
25 23
26 31
27 14
28 25
29 2
30 20
31 4
32 11
33 15
34 19
35 27
36 17
SIMILAR

21 6 2 22 36 7 19 24 33 13 28 29 15 1 34 25 32 12 18 27 17 5 31 4 8 9 0 20 26 35 11 3 10 23 14 30 16 
0 26
1 13
2 2
3 31
4 23
5 21
6 1
7 5
8 24
9 25
10 32
11 30
12 17
13 9
14 34
15 12
16 36
17 20
18 18
19 6
20 27
21 0
22 3
23 33
24 7
25 15
26 28
27 19
28 10
29 11
30 35
31 22
32 16
33 8
34 14
35 29
36 4
SIMILAR

26 5 3 33 29 23 30 1 22 34 14 31 10 25 17 21 27 13 7 19 9 11 8 15 16 20 0 28 24 12 4 6 35 32 36 2 18 
0 26
1 7
2 35
3 2
4 30
5 1
6 31
7 18
8 22
9 20
10 12
11 21
12 29
13 17
14 10
15 23
16 24
17 14
18 36
19 19
20 25
21 15
22 8
23 5
24 28
25 13
26 0
27 16
28 27
29 4
30 6
31 11
32 33
33 3
34 9
35 32
36 34
SIMILAR

26 18 23 15 11 27 30 20 1 19 8 28 0 22 6 35 2 4 17 31 10 5 3 9 36 24 34 32 21 16 7 13 33 12 25 29 14 
0 12
1 8
2 16
3 22
4 17
5 21
6 14
7 30
8 10
9 23
10 20
11 4
12 33
13 31
14 36
15 3
16 29
17 18
18 1
19 9
20 7
21 28
22 13
23 2
24 25
25 34
26 0
27 5
28 11
29 35
30 6
31 19
32 27
33 32
34 26
35 15
36 24
SIMILAR

10 16 6 7 17 2 13 35 18 22 20 33 34 3 9 11 21 12 26 15 0 14 29 30 5 31 19 27 32 28 36 8 4 1 23 25 24 
0 20
1 33
2 5
3 13
4 32
5 24
6 2
7 3
8 31
9 14
10 0
11 15
12 17
13 6
14 21
15 19
16 1
17 4
18 8
19 26
20 10
21 16
22 9
23 34
24 36
25 35
26 18
27 27
28 29
29 22
30 23
31 25
32 28
33 11
34 12
35 7
36 30
SIMILAR

4 5 11 8 23 2 13 9 27 32 15 33 36 19 10 17 18 26 20 30 28 22 35 31 3 0 7 14 21 34 1 12 24 16 29 6 25 
0 25
1 30
2 5
3 24
4 0
5 1
6 35
7 26
8 3
9 7
10 14
11 2
12 31
13 6
14 27
15 10
16 33
17 15
18 16
19 13
20 18
21 28
22 21
23 4
24 32
25 36
26 17
27 8
28 20
29 34
30 19
31 23
32 9
33 11
34 29
35 22
36 12
SIMILAR
100 0
3100 0
333100 0
