45
0 1 1 1 1 0 0 1 1 0 0 1 1 0 1 1 1 0 1 1 0 1 1 1 1 1 1 1 1 1 1 1 0 1 0 1 0 0 1 1 0 1 0 1 0 
1 0 0 0 0 1 1 1 0 1 1 1 0 1 1 1 1 0 0 0 0 0 0 0 1 0 0 1 0 0 1 0 0 0 0 1 1 1 0 0 0 0 1 1 0 
1 0 0 1 1 0 1 0 0 1 1 1 1 0 1 0 0 0 0 0 1 1 1 0 1 0 1 1 0 0 0 0 1 1 0 0 0 1 0 0 0 1 0 1 0 
1 0 1 0 0 1 1 0 1 0 0 1 0 0 1 1 1 0 0 0 1 1 1 1 1 1 0 0 0 1 0 0 1 1 0 0 1 1 1 1 1 1 1 1 0 
1 0 1 0 0 0 0 1 1 0 0 1 0 1 0 0 0 0 0 0 1 1 1 0 1 0 0 1 0 1 0 1 0 0 1 1 1 0 0 0 0 0 1 0 0 
0 1 0 1 0 0 0 1 0 0 1 0 1 1 0 1 0 1 1 1 0 1 1 1 0 0 1 1 1 1 1 1 1 0 1 1 0 0 1 1 1 1 1 0 0 
0 1 1 1 0 0 0 1 0 1 0 0 1 1 1 1 1 1 0 1 0 0 0 1 1 0 1 0 0 0 1 0 1 1 1 0 1 0 0 0 1 0 0 1 0 
1 1 0 0 1 1 1 0 0 0 0 1 1 1 0 1 0 0 0 0 1 0 1 0 0 0 0 1 0 1 0 1 0 0 0 0 1 1 0 0 0 0 0 0 1 
1 0 0 1 1 0 0 0 0 1 0 1 1 0 0 0 1 1 1 0 1 0 1 0 1 1 1 1 1 1 1 1 1 1 1 0 1 1 1 0 0 1 1 1 1 
0 1 1 0 0 0 1 0 1 0 1 1 0 1 0 0 1 1 0 0 0 1 0 1 1 1 1 0 0 1 0 0 0 1 0 1 1 0 1 0 0 1 1 0 0 
0 1 1 0 0 1 0 0 0 1 0 0 1 1 0 0 1 1 0 1 1 0 1 0 1 0 0 0 0 0 1 0 1 0 0 0 1 1 0 0 1 0 0 0 1 
1 1 1 1 1 0 0 1 1 1 0 0 1 0 1 1 1 1 0 0 1 0 0 0 1 0 1 1 0 1 0 0 1 0 0 1 0 1 1 1 0 1 0 0 0 
1 0 1 0 0 1 1 1 1 0 1 1 0 1 0 1 0 1 1 1 1 0 0 0 1 1 1 0 0 0 0 0 1 1 1 1 0 1 1 0 0 0 1 1 0 
0 1 0 0 1 1 1 1 0 1 1 0 1 0 1 0 0 0 1 0 1 0 0 0 0 1 0 0 1 0 1 0 1 0 0 0 0 1 1 0 0 0 0 0 1 
1 1 1 1 0 0 1 0 0 0 0 1 0 1 0 0 0 1 1 1 0 1 0 1 0 0 0 0 1 1 0 1 1 1 0 0 0 0 0 0 1 0 1 1 0 
1 1 0 1 0 1 1 1 0 0 0 1 1 0 0 0 0 0 0 1 0 1 1 0 1 0 0 0 0 1 0 0 0 1 0 1 1 1 0 0 1 1 1 1 1 
1 1 0 1 0 0 1 0 1 1 1 1 0 0 0 0 0 0 0 0 0 0 0 1 1 1 0 0 0 1 1 1 0 1 0 0 0 0 1 0 1 1 1 1 1 
0 0 0 0 0 1 1 0 1 1 1 1 1 0 1 0 0 0 1 0 0 0 1 1 0 1 0 1 1 1 1 1 1 0 1 1 1 1 0 1 0 0 0 0 1 
1 0 0 0 0 1 0 0 1 0 0 0 1 1 1 0 0 1 0 1 1 0 1 1 0 0 0 1 0 1 1 0 0 1 1 1 0 1 1 0 0 0 0 1 1 
1 0 0 0 0 1 1 0 0 0 1 0 1 0 1 1 0 0 1 0 1 1 0 1 1 1 1 1 1 0 0 1 0 1 1 0 1 1 0 0 0 1 1 1 1 
0 0 1 1 1 0 0 1 1 0 1 1 1 1 0 0 0 0 1 1 0 1 0 1 1 0 1 0 0 0 1 1 1 0 1 0 0 1 0 0 0 1 0 0 0 
1 0 1 1 1 1 0 0 0 1 0 0 0 0 1 1 0 0 0 1 1 0 0 0 0 0 1 1 1 1 0 1 0 0 0 1 0 1 1 1 0 1 0 0 1 
1 0 1 1 1 1 0 1 1 0 1 0 0 0 0 1 0 1 1 0 0 0 0 0 0 1 1 0 1 1 0 1 0 1 0 1 0 1 1 1 0 0 1 1 0 
1 0 0 1 0 1 1 0 0 1 0 0 0 0 1 0 1 1 1 1 1 0 0 0 0 1 1 1 0 0 1 0 1 1 0 1 0 0 1 0 0 0 1 0 0 
1 1 1 1 1 0 1 0 1 1 1 1 1 0 0 1 1 0 0 1 1 0 0 0 0 0 1 0 1 1 0 0 0 0 1 0 0 1 0 1 1 0 1 0 0 
1 0 0 1 0 0 0 0 1 1 0 0 1 1 0 0 1 1 0 1 0 0 1 1 0 0 1 0 0 0 1 1 0 1 0 1 1 0 1 1 1 1 0 0 1 
1 0 1 0 0 1 1 0 1 1 0 1 1 0 0 0 0 0 0 1 1 1 1 1 1 1 0 0 1 1 1 1 1 1 1 1 0 0 1 1 0 1 0 0 1 
1 1 1 0 1 1 0 1 1 0 0 1 0 0 0 0 0 1 1 1 0 1 0 1 0 0 0 0 1 1 0 1 0 0 1 1 1 0 1 1 0 1 1 1 1 
1 0 0 0 0 1 0 0 1 0 0 0 0 1 1 0 0 1 0 1 0 1 1 0 1 0 1 1 0 1 1 1 1 0 1 0 0 1 1 1 1 0 0 0 1 
1 0 0 1 1 1 0 1 1 1 0 1 0 0 1 1 1 1 1 0 0 1 1 0 1 0 1 1 1 0 1 1 0 1 1 0 0 1 1 1 1 1 1 0 0 
1 1 0 0 0 1 1 0 1 0 1 0 0 1 0 0 1 1 1 0 1 0 0 1 0 1 1 0 1 1 0 1 0 0 0 0 1 0 0 1 0 1 0 1 1 
1 0 0 0 1 1 0 1 1 0 0 0 0 0 1 0 1 1 0 1 1 1 1 0 0 1 1 1 1 1 1 0 1 0 1 0 0 1 1 1 1 0 0 0 1 
0 0 1 1 0 1 1 0 1 0 1 1 1 1 1 0 0 1 0 0 1 0 0 1 0 0 1 0 1 0 0 1 0 1 1 0 0 0 0 1 0 0 0 0 1 
1 0 1 1 0 0 1 0 1 1 0 0 1 0 1 1 1 0 1 1 0 0 1 1 0 1 1 0 0 1 0 0 1 0 0 0 1 1 0 0 1 1 1 0 0 
0 0 0 0 1 1 1 0 1 0 0 0 1 0 0 0 0 1 1 1 1 0 0 0 1 0 1 1 1 1 0 1 1 0 0 1 0 1 1 1 1 0 0 0 1 
1 1 0 0 1 1 0 0 0 1 0 1 1 0 0 1 0 1 1 0 0 1 1 1 0 1 1 1 0 0 0 0 0 0 1 0 1 1 0 1 0 0 1 0 0 
0 1 0 1 1 0 1 1 1 1 1 0 0 0 0 1 0 1 0 1 0 0 0 0 0 1 0 1 0 0 1 0 0 1 0 1 0 0 1 0 0 0 0 0 0 
0 1 1 1 0 0 0 1 1 0 1 1 1 1 0 1 0 1 1 1 1 1 1 0 1 0 0 0 1 1 0 1 0 1 1 1 0 0 1 0 1 1 0 0 0 
1 0 0 1 0 1 0 0 1 1 0 1 1 1 0 0 1 0 1 0 0 1 1 1 0 1 1 1 1 1 0 1 0 0 1 0 1 1 0 1 1 0 0 1 1 
1 0 0 1 0 1 0 0 0 0 0 1 0 0 0 0 0 1 0 0 0 1 1 0 1 1 1 1 1 1 1 1 1 0 1 1 0 0 1 0 1 0 1 0 1 
0 0 0 1 0 1 1 0 0 0 1 0 0 0 1 1 1 0 0 0 0 0 0 0 1 1 0 0 1 1 0 1 0 1 1 0 0 1 1 1 0 1 1 1 1 
1 0 1 1 0 1 0 0 1 1 0 1 0 0 0 1 1 0 0 1 1 1 0 0 0 1 1 1 0 1 1 0 0 1 0 0 0 1 0 0 1 0 1 1 0 
0 1 0 1 1 1 0 0 1 1 0 0 1 0 1 1 1 0 0 1 0 0 1 1 1 0 0 1 0 1 0 0 0 1 0 1 0 0 0 1 1 1 0 1 1 
1 1 1 1 0 0 1 0 1 0 0 0 1 0 1 1 1 0 1 1 0 0 1 0 0 0 0 1 0 0 1 0 0 0 0 0 0 0 1 0 1 1 1 0 1 
0 0 0 0 0 0 0 1 1 0 1 0 0 1 0 1 1 1 1 1 0 1 0 0 0 1 1 1 1 0 1 1 1 0 1 0 0 0 1 1 1 0 1 1 0 

4 14 42 43 12 20 17 31 41 39 30 32 34 25 33 8 16 38 37 36 19 0 23 21 29 2 26 11 5 7 15 6 28 13 24 22 27 10 40 1 18 9 44 3 35 
0 21
1 39
2 25
3 43
4 0
5 28
6 31
7 29
8 15
9 41
10 37
11 27
12 4
13 33
14 1
15 30
16 16
17 6
18 40
19 20
20 5
21 23
22 35
23 22
24 34
25 13
26 26
27 36
28 32
29 24
30 10
31 7
32 11
33 14
34 12
35 44
36 19
37 18
38 17
39 9
40 38
41 8
42 2
43 3
44 42
SIMILAR

44 33 14 13 26 36 18 10 34 32 17 29 2 22 11 4 42 40 39 5 1 15 31 7 35 24 21 37 8 41 6 16 43 23 28 3 27 38 12 30 9 0 25 20 19 
0 41
1 20
2 12
3 35
4 15
5 19
6 30
7 23
8 28
9 40
10 7
11 14
12 38
13 3
14 2
15 21
16 31
17 10
18 6
19 44
20 43
21 26
22 13
23 33
24 25
25 42
26 4
27 36
28 34
29 11
30 39
31 22
32 9
33 1
34 8
35 24
36 5
37 27
38 37
39 18
40 17
41 29
42 16
43 32
44 0
SIMILAR

5 22 1 40 16 17 25 2 12 37 11 32 0 36 14 34 41 35 7 15 24 3 10 19 20 13 9 44 23 43 8 30 26 38 39 4 42 18 29 21 33 28 31 6 27 
0 12
1 2
2 7
3 21
4 35
5 0
6 43
7 18
8 30
9 26
10 22
11 10
12 8
13 25
14 14
15 19
16 4
17 5
18 37
19 23
20 24
21 39
22 1
23 28
24 20
25 6
26 32
27 44
28 41
29 38
30 31
31 42
32 11
33 40
34 15
35 17
36 13
37 9
38 33
39 34
40 3
41 16
42 36
43 29
44 27
SIMILAR

22 1 36 0 6 30 23 31 33 9 12 26 25 24 15 5 19 7 11 38 20 32 4 39 3 13 40 16 14 41 17 18 27 21 42 43 34 28 8 37 35 44 10 29 2 
0 3
1 1
2 44
3 24
4 22
5 15
6 4
7 17
8 38
9 9
10 42
11 18
12 10
13 25
14 28
15 14
16 27
17 30
18 31
19 16
20 20
21 33
22 0
23 6
24 13
25 12
26 11
27 32
28 37
29 43
30 5
31 7
32 21
33 8
34 36
35 40
36 2
37 39
38 19
39 23
40 26
41 29
42 34
43 35
44 41
SIMILAR

42 14 24 2 41 36 37 32 7 8 35 28 4 40 44 21 30 17 18 43 3 0 31 29 11 10 34 27 6 23 5 39 19 9 15 20 25 38 26 12 33 1 22 13 16 
0 21
1 41
2 3
3 20
4 12
5 30
6 28
7 8
8 9
9 33
10 25
11 24
12 39
13 43
14 1
15 34
16 44
17 17
18 18
19 32
20 35
21 15
22 42
23 29
24 2
25 36
26 38
27 27
28 11
29 23
30 16
31 22
32 7
33 40
34 26
35 10
36 5
37 6
38 37
39 31
40 13
41 4
42 0
43 19
44 14
SIMILAR

20 33 35 12 28 25 3 4 44 8 26 16 19 38 0 43 5 39 22 7 29 37 30 42 15 10 13 17 27 9 21 31 2 41 40 36 6 23 24 14 34 11 32 1 18 
0 14
1 43
2 32
3 6
4 7
5 16
6 36
7 19
8 9
9 29
10 25
11 41
12 3
13 26
14 39
15 24
16 11
17 27
18 44
19 12
20 0
21 30
22 18
23 37
24 38
25 5
26 10
27 28
28 4
29 20
30 22
31 31
32 42
33 1
34 40
35 2
36 35
37 21
38 13
39 17
40 34
41 33
42 23
43 15
44 8
SIMILAR

24 35 41 34 42 27 2 3 39 4 0 44 20 5 32 43 37 11 14 30 8 26 25 16 31 21 33 19 15 10 38 6 7 18 13 22 29 28 9 36 23 12 17 40 1 
0 10
1 44
2 6
3 7
4 9
5 13
6 31
7 32
8 20
9 38
10 29
11 17
12 41
13 34
14 18
15 28
16 23
17 42
18 33
19 27
20 12
21 25
22 35
23 40
24 0
25 22
26 21
27 5
28 37
29 36
30 19
31 24
32 14
33 26
34 3
35 1
36 39
37 16
38 30
39 8
40 43
41 2
42 4
43 15
44 11
SIMILAR

20 44 24 16 14 11 26 41 33 17 39 35 37 32 29 4 7 3 42 13 21 28 15 40 25 36 18 1 43 6 8 34 0 30 27 5 23 22 2 9 19 12 31 10 38 
0 32
1 27
2 38
3 17
4 15
5 35
6 29
7 16
8 30
9 39
10 43
11 5
12 41
13 19
14 4
15 22
16 3
17 9
18 26
19 40
20 0
21 20
22 37
23 36
24 2
25 24
26 6
27 34
28 21
29 14
30 33
31 42
32 13
33 8
34 31
35 11
36 25
37 12
38 44
39 10
40 23
41 7
42 18
43 28
44 1
SIMILAR

10 32 11 22 12 0 26 37 5 24 18 30 8 33 42 15 40 3 34 16 25 6 28 9 20 19 4 21 1 29 27 41 39 31 44 14 38 2 43 7 13 23 35 36 17 
0 5
1 28
2 37
3 17
4 26
5 8
6 21
7 39
8 12
9 23
10 0
11 2
12 4
13 40
14 35
15 15
16 19
17 44
18 10
19 25
20 24
21 27
22 3
23 41
24 9
25 20
26 6
27 30
28 22
29 29
30 11
31 33
32 1
33 13
34 18
35 42
36 43
37 7
38 36
39 32
40 16
41 31
42 14
43 38
44 34
SIMILAR

9 7 4 34 36 26 18 35 33 37 42 10 43 22 2 32 40 3 28 29 39 13 31 23 8 27 24 15 0 14 17 41 12 11 6 38 16 25 30 21 1 19 20 5 44 
0 28
1 40
2 14
3 17
4 2
5 43
6 34
7 1
8 24
9 0
10 11
11 33
12 32
13 21
14 29
15 27
16 36
17 30
18 6
19 41
20 42
21 39
22 13
23 23
24 26
25 37
26 5
27 25
28 18
29 19
30 38
31 22
32 15
33 8
34 3
35 7
36 4
37 9
38 35
39 20
40 16
41 31
42 10
43 12
44 44
SIMILAR

38 14 4 37 32 0 18 9 22 20 41 36 8 7 10 6 34 5 29 44 3 24 11 33 19 1 12 39 25 27 31 43 15 28 16 42 13 26 17 2 23 35 30 21 40 
0 5
1 25
2 39
3 20
4 2
5 17
6 15
7 13
8 12
9 7
10 14
11 22
12 26
13 36
14 1
15 32
16 34
17 38
18 6
19 24
20 9
21 43
22 8
23 40
24 21
25 28
26 37
27 29
28 33
29 18
30 42
31 30
32 4
33 23
34 16
35 41
36 11
37 3
38 0
39 27
40 44
41 10
42 35
43 31
44 19
SIMILAR

26 25 34 6 29 10 39 1 40 44 31 17 32 19 38 5 20 33 15 14 24 9 42 2 12 23 21 28 11 0 4 18 30 8 22 3 7 36 37 16 43 41 35 13 27 
0 29
1 7
2 23
3 35
4 30
5 15
6 3
7 36
8 33
9 21
10 5
11 28
12 24
13 43
14 19
15 18
16 39
17 11
18 31
19 13
20 16
21 26
22 34
23 25
24 20
25 1
26 0
27 44
28 27
29 4
30 32
31 10
32 12
33 17
34 2
35 42
36 37
37 38
38 14
39 6
40 8
41 41
42 22
43 40
44 9
SIMILAR

20 2 39 4 36 0 6 44 15 19 22 21 32 38 16 7 30 29 28 9 5 8 11 18 10 42 35 34 3 26 13 25 27 17 33 23 24 14 41 40 37 12 1 31 43 
0 5
1 42
2 1
3 28
4 3
5 20
6 6
7 15
8 21
9 19
10 24
11 22
12 41
13 30
14 37
15 8
16 14
17 33
18 23
19 9
20 0
21 11
22 10
23 35
24 36
25 31
26 29
27 32
28 18
29 17
30 16
31 43
32 12
33 34
34 27
35 26
36 4
37 40
38 13
39 2
40 39
41 38
42 25
43 44
44 7
SIMILAR

30 7 12 10 20 36 31 5 9 43 40 21 41 22 33 19 23 38 18 0 28 24 25 26 1 4 13 44 6 32 16 35 29 3 37 34 8 17 39 27 2 11 42 15 14 
0 19
1 24
2 40
3 33
4 25
5 7
6 28
7 1
8 36
9 8
10 3
11 41
12 2
13 26
14 44
15 43
16 30
17 37
18 18
19 15
20 4
21 11
22 13
23 16
24 21
25 22
26 23
27 39
28 20
29 32
30 0
31 6
32 29
33 14
34 35
35 31
36 5
37 34
38 17
39 38
40 10
41 12
42 42
43 9
44 27
SIMILAR

38 33 34 37 0 15 36 5 44 2 9 32 4 27 21 1 22 11 40 7 30 42 10 14 12 16 29 28 23 8 6 3 13 25 24 39 41 43 17 19 20 18 31 26 35 
0 4
1 15
2 9
3 31
4 12
5 7
6 30
7 19
8 29
9 10
10 22
11 17
12 24
13 32
14 23
15 5
16 25
17 38
18 41
19 39
20 40
21 14
22 16
23 28
24 34
25 33
26 43
27 13
28 27
29 26
30 20
31 42
32 11
33 1
34 2
35 44
36 6
37 3
38 0
39 35
40 18
41 36
42 21
43 37
44 8
SIMILAR

26 18 7 0 44 33 37 41 40 24 22 5 11 23 20 35 15 25 36 32 43 34 17 39 10 6 12 2 4 13 3 42 14 19 30 28 38 1 29 16 9 21 31 8 27 
0 3
1 37
2 27
3 30
4 28
5 11
6 25
7 2
8 43
9 40
10 24
11 12
12 26
13 29
14 32
15 16
16 39
17 22
18 1
19 33
20 14
21 41
22 10
23 13
24 9
25 17
26 0
27 44
28 35
29 38
30 34
31 42
32 19
33 5
34 21
35 15
36 18
37 6
38 36
39 23
40 8
41 7
42 31
43 20
44 4
SIMILAR

10 31 38 4 39 18 6 32 41 35 24 8 14 5 25 30 36 0 1 28 33 12 29 17 11 20 40 22 16 34 37 3 15 2 7 27 23 21 43 42 19 9 26 44 13 
0 17
1 18
2 33
3 31
4 3
5 13
6 6
7 34
8 11
9 41
10 0
11 24
12 21
13 44
14 12
15 32
16 28
17 23
18 5
19 40
20 25
21 37
22 27
23 36
24 10
25 14
26 42
27 35
28 19
29 22
30 15
31 1
32 7
33 20
34 29
35 9
36 16
37 30
38 2
39 4
40 26
41 8
42 39
43 38
44 43
SIMILAR

31 29 30 1 40 16 38 17 24 20 7 41 34 9 18 28 14 27 44 11 13 23 2 26 36 8 0 12 21 15 37 25 32 33 4 22 5 39 43 42 19 6 3 10 35 
0 26
1 3
2 22
3 42
4 34
5 36
6 41
7 10
8 25
9 13
10 43
11 19
12 27
13 20
14 16
15 29
16 5
17 7
18 14
19 40
20 9
21 28
22 35
23 21
24 8
25 31
26 23
27 17
28 15
29 1
30 2
31 0
32 32
33 33
34 12
35 44
36 24
37 30
38 6
39 37
40 4
41 11
42 39
43 38
44 18
SIMILAR

23 18 30 31 9 0 33 27 5 10 25 38 40 1 14 20 21 37 36 4 19 29 26 8 13 32 41 43 15 39 3 44 2 42 35 28 17 16 34 6 7 24 11 12 22 
0 5
1 13
2 32
3 30
4 19
5 8
6 39
7 40
8 23
9 4
10 9
11 42
12 43
13 24
14 14
15 28
16 37
17 36
18 1
19 20
20 15
21 16
22 44
23 0
24 41
25 10
26 22
27 7
28 35
29 21
30 2
31 3
32 25
33 6
34 38
35 34
36 18
37 17
38 11
39 29
40 12
41 26
42 33
43 27
44 31
SIMILAR

35 30 31 26 0 34 25 11 37 28 9 38 19 7 23 8 39 1 14 36 24 13 3 44 33 4 17 42 21 12 18 22 41 10 15 2 20 6 16 27 29 43 40 5 32 
0 4
1 17
2 35
3 22
4 25
5 43
6 37
7 13
8 15
9 10
10 33
11 7
12 29
13 21
14 18
15 34
16 38
17 26
18 30
19 12
20 36
21 28
22 31
23 14
24 20
25 6
26 3
27 39
28 9
29 40
30 1
31 2
32 44
33 24
34 5
35 0
36 19
37 8
38 11
39 16
40 42
41 32
42 27
43 41
44 23
SIMILAR

29 18 42 32 13 5 27 36 4 11 41 2 39 15 30 22 34 12 6 0 16 31 24 25 17 43 8 35 19 28 40 23 20 21 37 10 9 1 44 3 26 7 33 14 38 
0 19
1 37
2 11
3 39
4 8
5 5
6 18
7 41
8 26
9 36
10 35
11 9
12 17
13 4
14 43
15 13
16 20
17 24
18 1
19 28
20 32
21 33
22 15
23 31
24 22
25 23
26 40
27 6
28 29
29 0
30 14
31 21
32 3
33 42
34 16
35 27
36 7
37 34
38 44
39 12
40 30
41 10
42 2
43 25
44 38
SIMILAR

38 19 1 0 40 41 6 28 23 37 20 26 25 36 17 15 2 3 39 4 21 14 10 29 16 33 13 9 32 12 27 30 18 34 7 31 5 43 42 22 35 8 11 24 44 
0 3
1 2
2 16
3 17
4 19
5 36
6 6
7 34
8 41
9 27
10 22
11 42
12 29
13 26
14 21
15 15
16 24
17 14
18 32
19 1
20 10
21 20
22 39
23 8
24 43
25 12
26 11
27 30
28 7
29 23
30 31
31 35
32 28
33 25
34 33
35 40
36 13
37 9
38 0
39 18
40 4
41 5
42 38
43 37
44 44
SIMILAR

5 9 32 8 37 36 28 17 41 20 35 38 34 30 4 25 1 19 27 23 0 18 33 10 40 43 2 14 16 12 26 21 44 39 22 7 6 3 24 15 13 11 31 29 42 
0 20
1 16
2 26
3 37
4 14
5 0
6 36
7 35
8 3
9 1
10 23
11 41
12 29
13 40
14 27
15 39
16 28
17 7
18 21
19 17
20 9
21 31
22 34
23 19
24 38
25 15
26 30
27 18
28 6
29 43
30 13
31 42
32 2
33 22
34 12
35 10
36 5
37 4
38 11
39 33
40 24
41 8
42 44
43 25
44 32
SIMILAR

31 2 43 12 35 44 32 39 14 9 26 6 23 20 42 1 24 18 41 3 33 17 8 29 13 30 34 21 16 4 28 10 15 27 25 37 36 5 19 11 40 22 0 38 7 
0 42
1 15
2 1
3 19
4 29
5 37
6 11
7 44
8 22
9 9
10 31
11 39
12 3
13 24
14 8
15 32
16 28
17 21
18 17
19 38
20 13
21 27
22 41
23 12
24 16
25 34
26 10
27 33
28 30
29 23
30 25
31 0
32 6
33 20
34 26
35 4
36 36
37 35
38 43
39 7
40 40
41 18
42 14
43 2
44 5
SIMILAR

0 31 4 14 26 17 2 13 37 12 35 20 7 15 33 19 36 9 23 42 38 43 44 32 1 16 24 3 21 41 30 29 27 10 22 18 28 11 34 40 39 8 5 6 25 
0 0
1 24
2 6
3 27
4 2
5 42
6 43
7 12
8 41
9 17
10 33
11 37
12 9
13 7
14 3
15 13
16 25
17 5
18 35
19 15
20 11
21 28
22 34
23 18
24 26
25 44
26 4
27 32
28 36
29 31
30 30
31 1
32 23
33 14
34 38
35 10
36 16
37 8
38 20
39 40
40 39
41 29
42 19
43 21
44 22
SIMILAR

3 23 25 15 9 18 1 37 38 13 16 39 19 4 27 43 29 28 14 20 44 32 24 31 33 8 17 7 10 42 34 22 0 35 5 26 40 2 11 21 6 36 30 41 12 
0 32
1 6
2 37
3 0
4 13
5 34
6 40
7 27
8 25
9 4
10 28
11 38
12 44
13 9
14 18
15 3
16 10
17 26
18 5
19 12
20 19
21 39
22 31
23 1
24 22
25 2
26 35
27 14
28 17
29 16
30 42
31 23
32 21
33 24
34 30
35 33
36 41
37 7
38 8
39 11
40 36
41 43
42 29
43 15
44 20
SIMILAR

32 2 44 40 8 38 16 11 28 12 33 39 41 13 36 23 37 15 4 43 17 31 29 3 42 21 19 0 18 10 24 22 20 27 25 9 26 7 30 35 6 14 1 5 34 
0 27
1 42
2 1
3 23
4 18
5 43
6 40
7 37
8 4
9 35
10 29
11 7
12 9
13 13
14 41
15 17
16 6
17 20
18 28
19 26
20 32
21 25
22 31
23 15
24 30
25 34
26 36
27 33
28 8
29 22
30 38
31 21
32 0
33 10
34 44
35 39
36 14
37 16
38 5
39 11
40 3
41 12
42 24
43 19
44 2
SIMILAR

39 21 17 27 20 44 29 42 15 33 0 16 19 1 9 31 25 12 5 40 14 36 41 3 8 7 43 28 32 13 26 11 22 37 24 2 10 35 23 30 4 18 6 34 38 
0 10
1 13
2 35
3 23
4 40
5 18
6 42
7 25
8 24
9 14
10 36
11 31
12 17
13 29
14 20
15 8
16 11
17 2
18 41
19 12
20 4
21 1
22 32
23 38
24 34
25 16
26 30
27 3
28 27
29 6
30 39
31 15
32 28
33 9
34 43
35 37
36 21
37 33
38 44
39 0
40 19
41 22
42 7
43 26
44 5
SIMILAR

17 25 35 22 13 3 37 16 43 38 15 29 30 44 20 5 33 21 1 26 31 39 24 11 2 8 23 4 12 36 19 7 10 32 9 40 18 41 42 0 6 27 34 14 28 
0 39
1 18
2 24
3 5
4 27
5 15
6 40
7 31
8 25
9 34
10 32
11 23
12 28
13 4
14 43
15 10
16 7
17 0
18 36
19 30
20 14
21 17
22 3
23 26
24 22
25 1
26 19
27 41
28 44
29 11
30 12
31 20
32 33
33 16
34 42
35 2
36 29
37 6
38 9
39 21
40 35
41 37
42 38
43 8
44 13
SIMILAR

43 38 34 21 14 44 31 4 0 10 35 13 16 40 24 1 28 36 3 22 41 29 7 17 9 12 25 15 23 37 27 30 2 8 6 33 42 26 11 20 18 19 39 32 5 
0 8
1 15
2 32
3 18
4 7
5 44
6 34
7 22
8 33
9 24
10 9
11 38
12 25
13 11
14 4
15 27
16 12
17 23
18 40
19 41
20 39
21 3
22 19
23 28
24 14
25 26
26 37
27 30
28 16
29 21
30 31
31 6
32 43
33 35
34 2
35 10
36 17
37 29
38 1
39 42
40 13
41 20
42 36
43 0
44 5
SIMILAR

9 0 2 38 11 4 27 40 39 36 37 42 43 30 7 16 34 35 17 26 32 13 5 22 19 28 29 23 44 25 41 24 21 6 10 1 14 31 12 20 8 18 15 3 33 
0 1
1 35
2 2
3 43
4 5
5 22
6 33
7 14
8 40
9 0
10 34
11 4
12 38
13 21
14 36
15 42
16 15
17 18
18 41
19 24
20 39
21 32
22 23
23 27
24 31
25 29
26 19
27 6
28 25
29 26
30 13
31 37
32 20
33 44
34 16
35 17
36 9
37 10
38 3
39 8
40 7
41 30
42 11
43 12
44 28
SIMILAR

43 15 30 1 28 39 23 17 40 22 24 7 44 5 19 9 25 34 14 27 10 31 29 8 20 42 4 3 32 33 21 12 35 41 38 16 6 11 13 2 37 26 36 0 18 
0 43
1 3
2 39
3 27
4 26
5 13
6 36
7 11
8 23
9 15
10 20
11 37
12 31
13 38
14 18
15 1
16 35
17 7
18 44
19 14
20 24
21 30
22 9
23 6
24 10
25 16
26 41
27 19
28 4
29 22
30 2
31 21
32 28
33 29
34 17
35 32
36 42
37 40
38 34
39 5
40 8
41 33
42 25
43 0
44 12
SIMILAR

21 25 10 4 16 40 30 2 7 39 28 31 1 32 6 29 0 13 5 9 22 42 36 3 18 23 38 11 33 26 12 37 19 27 41 14 34 44 35 8 24 17 15 20 43 
0 16
1 12
2 7
3 23
4 3
5 18
6 14
7 8
8 39
9 19
10 2
11 27
12 30
13 17
14 35
15 42
16 4
17 41
18 24
19 32
20 43
21 0
22 20
23 25
24 40
25 1
26 29
27 33
28 10
29 15
30 6
31 11
32 13
33 28
34 36
35 38
36 22
37 31
38 26
39 9
40 5
41 34
42 21
43 44
44 37
SIMILAR

20 17 5 44 41 18 35 42 14 22 12 43 7 32 31 40 33 3 4 8 38 10 2 27 11 16 15 23 9 25 26 36 13 6 34 1 30 37 39 21 0 29 28 24 19 
0 40
1 35
2 22
3 17
4 18
5 2
6 33
7 12
8 19
9 28
10 21
11 24
12 10
13 32
14 8
15 26
16 25
17 1
18 5
19 44
20 0
21 39
22 9
23 27
24 43
25 29
26 30
27 23
28 42
29 41
30 36
31 14
32 13
33 16
34 34
35 6
36 31
37 37
38 20
39 38
40 15
41 4
42 7
43 11
44 3
SIMILAR

9 12 15 38 29 24 2 6 0 30 7 13 21 28 8 35 40 25 22 26 42 23 10 5 11 31 33 34 20 43 4 17 16 3 32 36 44 37 14 27 41 1 39 18 19 
0 8
1 41
2 6
3 33
4 30
5 23
6 7
7 10
8 14
9 0
10 22
11 24
12 1
13 11
14 38
15 2
16 32
17 31
18 43
19 44
20 28
21 12
22 18
23 21
24 5
25 17
26 19
27 39
28 13
29 4
30 9
31 25
32 34
33 26
34 27
35 15
36 35
37 37
38 3
39 42
40 16
41 40
42 20
43 29
44 36
SIMILAR

17 16 43 26 0 11 36 25 6 3 27 21 39 19 7 41 30 20 34 29 37 8 12 23 28 24 15 2 1 5 18 44 35 38 42 13 22 10 33 32 14 31 9 4 40 
0 4
1 28
2 27
3 9
4 43
5 29
6 8
7 14
8 21
9 42
10 37
11 5
12 22
13 35
14 40
15 26
16 1
17 0
18 30
19 13
20 17
21 11
22 36
23 23
24 25
25 7
26 3
27 10
28 24
29 19
30 16
31 41
32 39
33 38
34 18
35 32
36 6
37 20
38 33
39 12
40 44
41 15
42 34
43 2
44 31
SIMILAR

34 35 30 39 7 14 1 19 13 37 43 28 22 20 26 36 2 32 11 33 24 0 27 9 31 16 18 6 23 15 41 3 10 38 8 12 29 42 25 17 5 21 40 44 4 
0 21
1 6
2 16
3 31
4 44
5 40
6 27
7 4
8 34
9 23
10 32
11 18
12 35
13 8
14 5
15 29
16 25
17 39
18 26
19 7
20 13
21 41
22 12
23 28
24 20
25 38
26 14
27 22
28 11
29 36
30 2
31 24
32 17
33 19
34 0
35 1
36 15
37 9
38 33
39 3
40 42
41 30
42 37
43 10
44 43
SIMILAR

33 2 27 20 29 13 15 32 12 25 35 0 6 23 19 36 14 1 18 3 38 44 40 21 11 42 43 10 4 34 39 22 8 26 30 9 41 28 17 31 37 16 24 7 5 
0 11
1 17
2 1
3 19
4 28
5 44
6 12
7 43
8 32
9 35
10 27
11 24
12 8
13 5
14 16
15 6
16 41
17 38
18 18
19 14
20 3
21 23
22 31
23 13
24 42
25 9
26 33
27 2
28 37
29 4
30 34
31 39
32 7
33 0
34 29
35 10
36 15
37 40
38 20
39 30
40 22
41 36
42 25
43 26
44 21
SIMILAR

32 38 40 11 25 43 42 41 26 2 3 28 5 21 36 18 6 22 1 34 27 12 0 4 16 15 29 17 31 37 14 39 7 10 20 8 30 35 13 9 19 24 33 23 44 
0 22
1 18
2 9
3 10
4 23
5 12
6 16
7 32
8 35
9 39
10 33
11 3
12 21
13 38
14 30
15 25
16 24
17 27
18 15
19 40
20 34
21 13
22 17
23 43
24 41
25 4
26 8
27 20
28 11
29 26
30 36
31 28
32 0
33 42
34 19
35 37
36 14
37 29
38 1
39 31
40 2
41 7
42 6
43 5
44 44
SIMILAR

23 2 0 43 9 44 17 19 15 16 22 32 13 24 33 34 38 18 4 10 6 40 29 42 21 31 41 20 12 26 11 30 39 3 14 36 28 27 8 25 1 35 7 37 5 
0 2
1 40
2 1
3 33
4 18
5 44
6 20
7 42
8 38
9 4
10 19
11 30
12 28
13 12
14 34
15 8
16 9
17 6
18 17
19 7
20 27
21 24
22 10
23 0
24 13
25 39
26 29
27 37
28 36
29 22
30 31
31 25
32 11
33 14
34 15
35 41
36 35
37 43
38 16
39 32
40 21
41 26
42 23
43 3
44 5
SIMILAR

12 21 6 16 17 3 36 10 40 33 42 38 44 18 13 14 30 27 2 22 31 25 39 20 35 0 32 41 15 4 1 19 8 11 7 24 43 26 28 23 37 9 34 29 5 
0 25
1 30
2 18
3 5
4 29
5 44
6 2
7 34
8 32
9 41
10 7
11 33
12 0
13 14
14 15
15 28
16 3
17 4
18 13
19 31
20 23
21 1
22 19
23 39
24 35
25 21
26 37
27 17
28 38
29 43
30 16
31 20
32 26
33 9
34 42
35 24
36 6
37 40
38 11
39 22
40 8
41 27
42 10
43 36
44 12
SIMILAR

6 7 39 28 43 10 16 26 19 31 12 20 24 30 27 15 23 17 37 38 42 32 40 22 36 2 25 11 3 8 4 44 34 5 1 29 9 35 13 14 21 41 0 18 33 
0 42
1 34
2 25
3 28
4 30
5 33
6 0
7 1
8 29
9 36
10 5
11 27
12 10
13 38
14 39
15 15
16 6
17 17
18 43
19 8
20 11
21 40
22 23
23 16
24 12
25 26
26 7
27 14
28 3
29 35
30 13
31 9
32 21
33 44
34 32
35 37
36 24
37 18
38 19
39 2
40 22
41 41
42 20
43 4
44 31
SIMILAR

0 22 19 27 33 25 10 17 24 28 42 13 35 26 7 41 21 20 37 2 6 4 29 34 11 14 39 5 38 40 36 16 44 1 43 18 23 3 31 8 32 15 12 9 30 
0 0
1 33
2 19
3 37
4 21
5 27
6 20
7 14
8 39
9 43
10 6
11 24
12 42
13 11
14 25
15 41
16 31
17 7
18 35
19 2
20 17
21 16
22 1
23 36
24 8
25 5
26 13
27 3
28 9
29 22
30 44
31 38
32 40
33 4
34 23
35 12
36 30
37 18
38 28
39 26
40 29
41 15
42 10
43 34
44 32
SIMILAR

37 39 12 11 29 30 19 9 35 13 16 7 6 23 5 15 17 2 0 36 31 22 34 41 33 27 40 3 18 25 1 44 38 14 24 4 42 26 28 21 43 20 8 32 10 
0 18
1 30
2 17
3 27
4 35
5 14
6 12
7 11
8 42
9 7
10 44
11 3
12 2
13 9
14 33
15 15
16 10
17 16
18 28
19 6
20 41
21 39
22 21
23 13
24 34
25 29
26 37
27 25
28 38
29 4
30 5
31 20
32 43
33 24
34 22
35 8
36 19
37 0
38 32
39 1
40 26
41 23
42 36
43 40
44 31
SIMILAR

16 26 5 2 18 3 28 35 19 4 9 42 41 12 44 32 21 8 33 10 25 38 7 40 24 37 43 20 36 31 14 30 0 23 27 1 29 22 11 15 39 17 13 34 6 
0 32
1 35
2 3
3 5
4 9
5 2
6 44
7 22
8 17
9 10
10 19
11 38
12 13
13 42
14 30
15 39
16 0
17 41
18 4
19 8
20 27
21 16
22 37
23 33
24 24
25 20
26 1
27 34
28 6
29 36
30 31
31 29
32 15
33 18
34 43
35 7
36 28
37 25
38 21
39 40
40 23
41 12
42 11
43 26
44 14
SIMILAR

0 10 15 40 36 21 31 20 19 2 3 28 30 24 18 44 23 6 34 38 35 33 16 17 32 11 1 37 39 41 4 14 9 12 22 42 27 26 25 13 43 7 29 8 5 
0 0
1 26
2 9
3 10
4 30
5 44
6 17
7 41
8 43
9 32
10 1
11 25
12 33
13 39
14 31
15 2
16 22
17 23
18 14
19 8
20 7
21 5
22 34
23 16
24 13
25 38
26 37
27 36
28 11
29 42
30 12
31 6
32 24
33 21
34 18
35 20
36 4
37 27
38 19
39 28
40 3
41 29
42 35
43 40
44 15
SIMILAR

9 38 23 39 13 28 31 42 34 11 24 40 35 5 37 30 44 7 21 0 3 1 12 43 8 2 26 4 20 14 25 41 17 32 15 22 6 29 36 16 10 18 27 19 33 
0 19
1 21
2 25
3 20
4 27
5 13
6 36
7 17
8 24
9 0
10 40
11 9
12 22
13 4
14 29
15 34
16 39
17 32
18 41
19 43
20 28
21 18
22 35
23 2
24 10
25 30
26 26
27 42
28 5
29 37
30 15
31 6
32 33
33 44
34 8
35 12
36 38
37 14
38 1
39 3
40 11
41 31
42 7
43 23
44 16
SIMILAR

7 12 0 40 25 37 16 2 19 36 30 43 23 29 6 11 34 5 8 10 9 1 22 15 20 41 38 42 39 4 26 32 18 27 17 13 33 14 28 31 24 3 21 44 35 
0 2
1 21
2 7
3 41
4 29
5 17
6 14
7 0
8 18
9 20
10 19
11 15
12 1
13 35
14 37
15 23
16 6
17 34
18 32
19 8
20 24
21 42
22 22
23 12
24 40
25 4
26 30
27 33
28 38
29 13
30 10
31 39
32 31
33 36
34 16
35 44
36 9
37 5
38 26
39 28
40 3
41 25
42 27
43 11
44 43
SIMILAR

36 34 10 42 11 3 8 4 32 33 6 0 17 20 38 41 7 39 28 35 26 31 15 2 13 29 37 1 22 14 9 23 16 18 19 43 21 24 25 12 27 44 5 40 30 
0 11
1 27
2 23
3 5
4 7
5 42
6 10
7 16
8 6
9 30
10 2
11 4
12 39
13 24
14 29
15 22
16 32
17 12
18 33
19 34
20 13
21 36
22 28
23 31
24 37
25 38
26 20
27 40
28 18
29 25
30 44
31 21
32 8
33 9
34 1
35 19
36 0
37 26
38 14
39 17
40 43
41 15
42 3
43 35
44 41
SIMILAR

36 27 26 23 37 1 2 14 20 24 43 34 29 39 44 16 21 40 41 13 9 33 10 32 30 7 38 19 11 0 31 3 42 17 28 4 12 6 8 25 5 15 18 35 22 
0 29
1 5
2 6
3 31
4 35
5 40
6 37
7 25
8 38
9 20
10 22
11 28
12 36
13 19
14 7
15 41
16 15
17 33
18 42
19 27
20 8
21 16
22 44
23 3
24 9
25 39
26 2
27 1
28 34
29 12
30 24
31 30
32 23
33 21
34 11
35 43
36 0
37 4
38 26
39 13
40 17
41 18
42 32
43 10
44 14
SIMILAR

38 26 41 24 36 33 0 42 18 21 5 16 3 13 11 28 19 1 31 40 25 23 30 12 8 22 15 4 10 14 39 43 27 6 35 2 32 20 17 7 29 44 9 34 37 
0 6
1 17
2 35
3 12
4 27
5 10
6 33
7 39
8 24
9 42
10 28
11 14
12 23
13 13
14 29
15 26
16 11
17 38
18 8
19 16
20 37
21 9
22 25
23 21
24 3
25 20
26 1
27 32
28 15
29 40
30 22
31 18
32 36
33 5
34 43
35 34
36 4
37 44
38 0
39 30
40 19
41 2
42 7
43 31
44 41
SIMILAR

1 2 0 36 20 43 26 12 30 24 28 33 25 40 3 17 37 35 22 4 41 42 44 19 5 29 9 32 16 39 7 14 34 10 23 31 38 6 13 27 8 21 15 18 11 
0 2
1 0
2 1
3 14
4 19
5 24
6 37
7 30
8 40
9 26
10 33
11 44
12 7
13 38
14 31
15 42
16 28
17 15
18 43
19 23
20 4
21 41
22 18
23 34
24 9
25 12
26 6
27 39
28 10
29 25
30 8
31 35
32 27
33 11
34 32
35 17
36 3
37 16
38 36
39 29
40 13
41 20
42 21
43 5
44 22
SIMILAR

33 41 31 6 15 25 43 17 20 28 44 10 16 22 11 30 7 5 3 37 42 2 39 40 38 26 4 29 27 35 32 36 9 18 21 12 24 0 34 13 14 8 19 23 1 
0 37
1 44
2 21
3 18
4 26
5 17
6 3
7 16
8 41
9 32
10 11
11 14
12 35
13 39
14 40
15 4
16 12
17 7
18 33
19 42
20 8
21 34
22 13
23 43
24 36
25 5
26 25
27 28
28 9
29 27
30 15
31 2
32 30
33 0
34 38
35 29
36 31
37 19
38 24
39 22
40 23
41 1
42 20
43 6
44 10
SIMILAR

30 10 37 18 44 20 32 25 2 39 41 12 34 22 14 0 19 31 4 33 15 8 7 9 13 38 23 21 28 5 36 16 26 24 1 40 3 17 43 27 6 42 29 35 11 
0 15
1 34
2 8
3 36
4 18
5 29
6 40
7 22
8 21
9 23
10 1
11 44
12 11
13 24
14 14
15 20
16 31
17 37
18 3
19 16
20 5
21 27
22 13
23 26
24 33
25 7
26 32
27 39
28 28
29 42
30 0
31 17
32 6
33 19
34 12
35 43
36 30
37 2
38 25
39 9
40 35
41 10
42 41
43 38
44 4
SIMILAR

35 1 7 6 2 16 34 40 27 33 42 23 14 41 8 20 26 10 43 0 18 9 13 30 25 44 17 19 28 21 4 22 32 36 15 31 3 12 5 39 37 24 11 38 29 
0 19
1 1
2 4
3 36
4 30
5 38
6 3
7 2
8 14
9 21
10 17
11 42
12 37
13 22
14 12
15 34
16 5
17 26
18 20
19 27
20 15
21 29
22 31
23 11
24 41
25 24
26 16
27 8
28 28
29 44
30 23
31 35
32 32
33 9
34 6
35 0
36 33
37 40
38 43
39 39
40 7
41 13
42 10
43 18
44 25
SIMILAR

13 10 29 42 23 11 24 28 35 34 3 30 27 2 32 44 1 15 20 26 36 39 5 12 7 16 41 18 21 22 37 31 6 9 40 8 43 17 0 38 25 14 4 19 33 
0 38
1 16
2 13
3 10
4 42
5 22
6 32
7 24
8 35
9 33
10 1
11 5
12 23
13 0
14 41
15 17
16 25
17 37
18 27
19 43
20 18
21 28
22 29
23 4
24 6
25 40
26 19
27 12
28 7
29 2
30 11
31 31
32 14
33 44
34 9
35 8
36 20
37 30
38 39
39 21
40 34
41 26
42 3
43 36
44 15
SIMILAR

32 11 16 18 33 10 19 21 3 14 29 17 4 35 40 20 31 8 9 24 1 5 37 30 41 15 27 7 25 0 36 26 12 39 34 42 43 28 38 23 13 22 44 6 2 
0 29
1 20
2 44
3 8
4 12
5 21
6 43
7 27
8 17
9 18
10 5
11 1
12 32
13 40
14 9
15 25
16 2
17 11
18 3
19 6
20 15
21 7
22 41
23 39
24 19
25 28
26 31
27 26
28 37
29 10
30 23
31 16
32 0
33 4
34 34
35 13
36 30
37 22
38 38
39 33
40 14
41 24
42 35
43 36
44 42
SIMILAR

31 14 15 12 40 35 28 42 34 20 2 33 17 24 4 27 32 8 36 39 41 21 10 19 9 0 38 18 30 11 25 13 16 43 6 7 44 22 29 5 1 3 23 37 26 
0 25
1 40
2 10
3 41
4 14
5 39
6 34
7 35
8 17
9 24
10 22
11 29
12 3
13 31
14 1
15 2
16 32
17 12
18 27
19 23
20 9
21 21
22 37
23 42
24 13
25 30
26 44
27 15
28 6
29 38
30 28
31 0
32 16
33 11
34 8
35 5
36 18
37 43
38 26
39 19
40 4
41 20
42 7
43 33
44 36
SIMILAR

0 12 27 20 7 5 30 26 18 23 3 10 40 28 35 24 16 32 17 8 37 4 36 25 1 39 14 31 19 2 38 11 15 13 22 6 33 29 44 9 34 42 43 41 21 
0 0
1 24
2 29
3 10
4 21
5 5
6 35
7 4
8 19
9 39
10 11
11 31
12 1
13 33
14 26
15 32
16 16
17 18
18 8
19 28
20 3
21 44
22 34
23 9
24 15
25 23
26 7
27 2
28 13
29 37
30 6
31 27
32 17
33 36
34 40
35 14
36 22
37 20
38 30
39 25
40 12
41 43
42 41
43 42
44 38
SIMILAR

11 17 43 4 2 32 26 44 42 23 13 3 38 34 25 24 14 22 28 9 8 40 7 1 37 27 0 35 41 30 39 31 36 6 21 15 18 5 10 19 29 12 33 16 20 
0 26
1 23
2 4
3 11
4 3
5 37
6 33
7 22
8 20
9 19
10 38
11 0
12 41
13 10
14 16
15 35
16 43
17 1
18 36
19 39
20 44
21 34
22 17
23 9
24 15
25 14
26 6
27 25
28 18
29 40
30 29
31 31
32 5
33 42
34 13
35 27
36 32
37 24
38 12
39 30
40 21
41 28
42 8
43 2
44 7
SIMILAR

34 28 9 17 27 40 11 15 26 1 43 44 19 35 13 0 16 39 32 22 24 41 7 29 3 36 18 8 21 37 30 5 23 14 38 33 31 42 4 20 2 6 12 25 10 
0 15
1 9
2 40
3 24
4 38
5 31
6 41
7 22
8 27
9 2
10 44
11 6
12 42
13 14
14 33
15 7
16 16
17 3
18 26
19 12
20 39
21 28
22 19
23 32
24 20
25 43
26 8
27 4
28 1
29 23
30 30
31 36
32 18
33 35
34 0
35 13
36 25
37 29
38 34
39 17
40 5
41 21
42 37
43 10
44 11
SIMILAR

38 6 33 20 8 28 32 27 21 29 30 4 17 15 7 39 41 19 22 24 31 2 3 42 1 9 37 36 35 11 18 44 5 43 25 16 26 0 12 10 34 13 23 14 40 
0 37
1 24
2 21
3 22
4 11
5 32
6 1
7 14
8 4
9 25
10 39
11 29
12 38
13 41
14 43
15 13
16 35
17 12
18 30
19 17
20 3
21 8
22 18
23 42
24 19
25 34
26 36
27 7
28 5
29 9
30 10
31 20
32 6
33 2
34 40
35 28
36 27
37 26
38 0
39 15
40 44
41 16
42 23
43 33
44 31
SIMILAR

1 28 29 4 33 13 37 43 26 44 40 27 11 7 8 34 19 36 23 10 2 25 3 12 5 21 31 39 0 17 42 16 35 14 6 41 24 22 30 15 18 32 20 9 38 
0 28
1 0
2 20
3 22
4 3
5 24
6 34
7 13
8 14
9 43
10 19
11 12
12 23
13 5
14 33
15 39
16 31
17 29
18 40
19 16
20 42
21 25
22 37
23 18
24 36
25 21
26 8
27 11
28 1
29 2
30 38
31 26
32 41
33 4
34 15
35 32
36 17
37 6
38 44
39 27
40 10
41 35
42 30
43 7
44 9
SIMILAR

22 6 14 12 16 2 33 32 23 29 35 8 4 9 38 0 43 27 26 42 17 30 37 28 10 19 15 24 7 5 40 3 41 36 18 39 11 31 44 25 34 20 1 21 13 
0 15
1 42
2 5
3 31
4 12
5 29
6 1
7 28
8 11
9 13
10 24
11 36
12 3
13 44
14 2
15 26
16 4
17 20
18 34
19 25
20 41
21 43
22 0
23 8
24 27
25 39
26 18
27 17
28 23
29 9
30 21
31 37
32 7
33 6
34 40
35 10
36 33
37 22
38 14
39 35
40 30
41 32
42 19
43 16
44 38
SIMILAR

27 10 2 29 17 23 13 7 26 40 33 16 0 36 38 3 18 9 24 31 4 34 41 12 28 21 22 25 6 32 14 1 44 43 8 39 30 11 20 5 15 35 42 19 37 
0 12
1 31
2 2
3 15
4 20
5 39
6 28
7 7
8 34
9 17
10 1
11 37
12 23
13 6
14 30
15 40
16 11
17 4
18 16
19 43
20 38
21 25
22 26
23 5
24 18
25 27
26 8
27 0
28 24
29 3
30 36
31 19
32 29
33 10
34 21
35 41
36 13
37 44
38 14
39 35
40 9
41 22
42 42
43 33
44 32
SIMILAR

38 11 40 5 10 43 44 13 26 17 32 2 31 42 27 18 12 25 3 19 15 14 28 6 30 16 1 4 34 20 39 21 23 41 9 37 8 35 29 0 36 33 24 7 22 
0 39
1 26
2 11
3 18
4 27
5 3
6 23
7 43
8 36
9 34
10 4
11 1
12 16
13 7
14 21
15 20
16 25
17 9
18 15
19 19
20 29
21 31
22 44
23 32
24 42
25 17
26 8
27 14
28 22
29 38
30 24
31 12
32 10
33 41
34 28
35 37
36 40
37 35
38 0
39 30
40 2
41 33
42 13
43 5
44 6
SIMILAR

14 7 19 2 40 31 20 29 11 16 0 15 8 4 21 25 38 36 9 32 30 1 35 26 28 27 42 5 23 39 3 17 12 22 43 6 34 13 33 41 37 18 44 10 24 
0 10
1 21
2 3
3 30
4 13
5 27
6 35
7 1
8 12
9 18
10 43
11 8
12 32
13 37
14 0
15 11
16 9
17 31
18 41
19 2
20 6
21 14
22 33
23 28
24 44
25 15
26 23
27 25
28 24
29 7
30 20
31 5
32 19
33 38
34 36
35 22
36 17
37 40
38 16
39 29
40 4
41 39
42 26
43 34
44 42
SIMILAR

31 29 24 14 11 33 37 7 5 30 19 43 4 12 22 39 10 20 13 32 42 17 18 28 3 21 8 27 2 38 36 26 34 16 1 23 0 40 9 15 35 41 25 6 44 
0 36
1 34
2 28
3 24
4 12
5 8
6 43
7 7
8 26
9 38
10 16
11 4
12 13
13 18
14 3
15 39
16 33
17 21
18 22
19 10
20 17
21 25
22 14
23 35
24 2
25 42
26 31
27 27
28 23
29 1
30 9
31 0
32 19
33 5
34 32
35 40
36 30
37 6
38 29
39 15
40 37
41 41
42 20
43 11
44 44
SIMILAR

40 35 24 39 43 7 15 13 10 26 1 33 21 42 17 0 6 29 28 20 44 37 12 11 38 31 18 4 8 19 27 16 3 14 32 34 9 2 23 30 36 22 25 41 5 
0 15
1 10
2 37
3 32
4 27
5 44
6 16
7 5
8 28
9 36
10 8
11 23
12 22
13 7
14 33
15 6
16 31
17 14
18 26
19 29
20 19
21 12
22 41
23 38
24 2
25 42
26 9
27 30
28 18
29 17
30 39
31 25
32 34
33 11
34 35
35 1
36 40
37 21
38 24
39 3
40 0
41 43
42 13
43 4
44 20
SIMILAR

39 11 27 2 44 8 14 23 31 4 32 26 40 30 37 0 10 16 20 3 21 42 6 7 25 41 17 13 18 1 38 29 35 5 34 28 43 12 15 19 24 36 22 9 33 
0 15
1 29
2 3
3 19
4 9
5 33
6 22
7 23
8 5
9 43
10 16
11 1
12 37
13 27
14 6
15 38
16 17
17 26
18 28
19 39
20 18
21 20
22 42
23 7
24 40
25 24
26 11
27 2
28 35
29 31
30 13
31 8
32 10
33 44
34 34
35 32
36 41
37 14
38 30
39 0
40 12
41 25
42 21
43 36
44 4
SIMILAR

7 9 5 22 26 21 16 17 29 4 20 1 30 28 3 6 25 14 24 35 41 12 19 18 43 27 37 38 32 36 10 34 39 44 42 2 23 0 15 33 40 8 31 11 13 
0 37
1 11
2 35
3 14
4 9
5 2
6 15
7 0
8 41
9 1
10 30
11 43
12 21
13 44
14 17
15 38
16 6
17 7
18 23
19 22
20 10
21 5
22 3
23 36
24 18
25 16
26 4
27 25
28 13
29 8
30 12
31 42
32 28
33 39
34 31
35 19
36 29
37 26
38 27
39 32
40 40
41 20
42 34
43 24
44 33
SIMILAR

2 38 15 34 36 25 17 3 37 5 14 33 35 1 40 18 8 27 26 10 20 0 31 16 28 4 41 29 43 24 7 23 44 21 13 30 39 12 22 42 6 9 32 11 19 
0 21
1 13
2 0
3 7
4 25
5 9
6 40
7 30
8 16
9 41
10 19
11 43
12 37
13 34
14 10
15 2
16 23
17 6
18 15
19 44
20 20
21 33
22 38
23 31
24 29
25 5
26 18
27 17
28 24
29 27
30 35
31 22
32 42
33 11
34 3
35 12
36 4
37 8
38 1
39 36
40 14
41 26
42 39
43 28
44 32
SIMILAR

22 33 37 11 24 28 38 31 44 35 14 32 27 12 26 18 3 8 34 13 40 0 36 5 42 25 30 2 9 15 19 29 16 21 39 6 1 20 7 17 41 4 10 43 23 
0 21
1 36
2 27
3 16
4 41
5 23
6 35
7 38
8 17
9 28
10 42
11 3
12 13
13 19
14 10
15 29
16 32
17 39
18 15
19 30
20 37
21 33
22 0
23 44
24 4
25 25
26 14
27 12
28 5
29 31
30 26
31 7
32 11
33 1
34 18
35 9
36 22
37 2
38 6
39 34
40 20
41 40
42 24
43 43
44 8
SIMILAR

44 9 1 13 23 18 12 21 11 40 7 33 2 5 8 39 22 14 3 6 43 32 27 36 37 42 24 10 16 34 25 30 15 19 0 20 29 4 26 31 28 41 17 38 35 
0 34
1 2
2 12
3 18
4 37
5 13
6 19
7 10
8 14
9 1
10 27
11 8
12 6
13 3
14 17
15 32
16 28
17 42
18 5
19 33
20 35
21 7
22 16
23 4
24 26
25 30
26 38
27 22
28 40
29 36
30 31
31 39
32 21
33 11
34 29
35 44
36 23
37 24
38 43
39 15
40 9
41 41
42 25
43 20
44 0
SIMILAR

30 36 24 8 12 7 21 44 29 14 10 31 5 35 27 33 28 32 25 43 2 1 26 20 13 37 40 15 42 17 22 4 18 3 34 0 11 19 23 41 38 39 16 6 9 
0 35
1 21
2 20
3 33
4 31
5 12
6 43
7 5
8 3
9 44
10 10
11 36
12 4
13 24
14 9
15 27
16 42
17 29
18 32
19 37
20 23
21 6
22 30
23 38
24 2
25 18
26 22
27 14
28 16
29 8
30 0
31 11
32 17
33 15
34 34
35 13
36 1
37 25
38 40
39 41
40 26
41 39
42 28
43 19
44 7
SIMILAR

21 22 28 27 1 12 35 43 23 26 16 19 18 42 31 15 13 20 39 38 7 25 36 17 2 32 5 14 29 11 0 4 8 9 24 6 33 3 40 37 44 30 10 41 34 
0 30
1 4
2 24
3 37
4 31
5 26
6 35
7 20
8 32
9 33
10 42
11 29
12 5
13 16
14 27
15 15
16 10
17 23
18 12
19 11
20 17
21 0
22 1
23 8
24 34
25 21
26 9
27 3
28 2
29 28
30 41
31 14
32 25
33 36
34 44
35 6
36 22
37 39
38 19
39 18
40 38
41 43
42 13
43 7
44 40
SIMILAR

42 26 2 31 33 11 9 21 12 16 35 1 27 19 4 6 37 23 30 18 40 7 17 20 15 38 13 0 3 5 10 43 14 44 24 29 41 28 8 34 25 32 36 39 22 
0 27
1 11
2 2
3 28
4 14
5 29
6 15
7 21
8 38
9 6
10 30
11 5
12 8
13 26
14 32
15 24
16 9
17 22
18 19
19 13
20 23
21 7
22 44
23 17
24 34
25 40
26 1
27 12
28 37
29 35
30 18
31 3
32 41
33 4
34 39
35 10
36 42
37 16
38 25
39 43
40 20
41 36
42 0
43 31
44 33
SIMILAR

28 9 5 36 15 23 6 32 17 4 10 30 44 7 40 42 16 14 8 29 34 18 19 33 20 31 0 3 38 27 43 12 39 24 22 41 35 21 26 11 13 37 25 2 1 
0 26
1 44
2 43
3 27
4 9
5 2
6 6
7 13
8 18
9 1
10 10
11 39
12 31
13 40
14 17
15 4
16 16
17 8
18 21
19 22
20 24
21 37
22 34
23 5
24 33
25 42
26 38
27 29
28 0
29 19
30 11
31 25
32 7
33 23
34 20
35 36
36 3
37 41
38 28
39 32
40 14
41 35
42 15
43 30
44 12
SIMILAR

0 23 5 34 3 22 33 18 12 38 25 15 32 36 17 31 37 19 20 39 6 30 8 1 13 29 4 42 10 14 2 11 44 28 41 35 26 21 40 16 24 43 7 27 9 
0 0
1 23
2 30
3 4
4 26
5 2
6 20
7 42
8 22
9 44
10 28
11 31
12 8
13 24
14 29
15 11
16 39
17 14
18 7
19 17
20 18
21 37
22 5
23 1
24 40
25 10
26 36
27 43
28 33
29 25
30 21
31 15
32 12
33 6
34 3
35 35
36 13
37 16
38 9
39 19
40 38
41 34
42 27
43 41
44 32
SIMILAR

18 14 3 30 26 37 12 40 29 25 2 6 44 16 34 17 27 15 32 21 4 35 39 38 5 9 11 43 28 0 31 42 13 33 24 7 41 10 19 1 23 8 22 20 36 
0 29
1 39
2 10
3 2
4 20
5 24
6 11
7 35
8 41
9 25
10 37
11 26
12 6
13 32
14 1
15 17
16 13
17 15
18 0
19 38
20 43
21 19
22 42
23 40
24 34
25 9
26 4
27 16
28 28
29 8
30 3
31 30
32 18
33 33
34 14
35 21
36 44
37 5
38 23
39 22
40 7
41 36
42 31
43 27
44 12
SIMILAR

8 9 35 39 17 40 27 5 3 44 15 0 24 14 38 34 7 43 18 22 32 30 13 33 11 12 4 6 23 2 10 16 1 42 21 28 19 25 36 26 20 41 31 29 37 
0 11
1 32
2 29
3 8
4 26
5 7
6 27
7 16
8 0
9 1
10 30
11 24
12 25
13 22
14 13
15 10
16 31
17 4
18 18
19 36
20 40
21 34
22 19
23 28
24 12
25 37
26 39
27 6
28 35
29 43
30 21
31 42
32 20
33 23
34 15
35 2
36 38
37 44
38 14
39 3
40 5
41 41
42 33
43 17
44 9
SIMILAR

30 43 26 2 16 3 29 39 37 44 14 13 31 15 20 10 34 6 4 0 11 9 32 38 17 18 25 19 23 41 21 33 5 1 36 42 7 12 8 27 35 22 28 40 24 
0 19
1 33
2 3
3 5
4 18
5 32
6 17
7 36
8 38
9 21
10 15
11 20
12 37
13 11
14 10
15 13
16 4
17 24
18 25
19 27
20 14
21 30
22 41
23 28
24 44
25 26
26 2
27 39
28 42
29 6
30 0
31 12
32 22
33 31
34 16
35 40
36 34
37 8
38 23
39 7
40 43
41 29
42 35
43 1
44 9
SIMILAR

25 19 41 17 44 42 28 22 7 6 32 10 35 9 0 24 40 1 43 13 39 8 33 31 20 37 36 29 4 30 11 2 23 15 21 27 18 3 38 16 14 34 5 26 12 
0 14
1 17
2 31
3 37
4 28
5 42
6 9
7 8
8 21
9 13
10 11
11 30
12 44
13 19
14 40
15 33
16 39
17 3
18 36
19 1
20 24
21 34
22 7
23 32
24 15
25 0
26 43
27 35
28 6
29 27
30 29
31 23
32 10
33 22
34 41
35 12
36 26
37 25
38 38
39 20
40 16
41 2
42 5
43 18
44 4
SIMILAR

24 42 26 21 32 27 16 28 38 10 23 1 7 20 37 19 11 13 12 40 29 36 25 9 17 33 2 44 6 3 39 8 34 5 22 30 35 4 0 43 15 31 14 41 18 
0 38
1 11
2 26
3 29
4 37
5 33
6 28
7 12
8 31
9 23
10 9
11 16
12 18
13 17
14 42
15 40
16 6
17 24
18 44
19 15
20 13
21 3
22 34
23 10
24 0
25 22
26 2
27 5
28 7
29 20
30 35
31 41
32 4
33 25
34 32
35 36
36 21
37 14
38 8
39 30
40 19
41 43
42 1
43 39
44 27
SIMILAR

44 42 13 27 2 0 43 10 34 1 40 25 22 4 23 8 24 32 31 35 20 30 9 33 29 41 11 21 6 39 15 28 5 16 18 3 36 12 17 26 7 14 19 38 37 
0 5
1 9
2 4
3 35
4 13
5 32
6 28
7 40
8 15
9 22
10 7
11 26
12 37
13 2
14 41
15 30
16 33
17 38
18 34
19 42
20 20
21 27
22 12
23 14
24 16
25 11
26 39
27 3
28 31
29 24
30 21
31 18
32 17
33 23
34 8
35 19
36 36
37 44
38 43
39 29
40 10
41 25
42 1
43 6
44 0
SIMILAR

17 20 16 3 35 28 25 5 36 37 13 4 41 44 30 42 2 9 32 39 15 18 12 1 7 14 33 21 24 40 11 26 22 29 23 10 38 0 6 19 27 34 8 43 31 
0 37
1 23
2 16
3 3
4 11
5 7
6 38
7 24
8 42
9 17
10 35
11 30
12 22
13 10
14 25
15 20
16 2
17 0
18 21
19 39
20 1
21 27
22 32
23 34
24 28
25 6
26 31
27 40
28 5
29 33
30 14
31 44
32 18
33 26
34 41
35 4
36 8
37 9
38 36
39 19
40 29
41 12
42 15
43 43
44 13
SIMILAR

21 40 2 8 35 22 39 16 19 34 15 7 27 5 38 17 31 37 44 0 26 1 28 14 36 12 29 9 23 42 6 33 10 25 4 18 24 20 41 11 43 30 3 13 32 
0 19
1 21
2 2
3 42
4 34
5 13
6 30
7 11
8 3
9 27
10 32
11 39
12 25
13 43
14 23
15 10
16 7
17 15
18 35
19 8
20 37
21 0
22 5
23 28
24 36
25 33
26 20
27 12
28 22
29 26
30 41
31 16
32 44
33 31
34 9
35 4
36 24
37 17
38 14
39 6
40 1
41 38
42 29
43 40
44 18
SIMILAR

9 23 10 12 39 29 33 44 11 8 42 43 0 41 26 13 14 34 7 18 17 15 2 19 6 40 1 3 22 37 16 35 31 5 38 36 27 21 20 4 32 25 28 24 30 
0 12
1 26
2 22
3 27
4 39
5 33
6 24
7 18
8 9
9 0
10 2
11 8
12 3
13 15
14 16
15 21
16 30
17 20
18 19
19 23
20 38
21 37
22 28
23 1
24 43
25 41
26 14
27 36
28 42
29 5
30 44
31 32
32 40
33 6
34 17
35 31
36 35
37 29
38 34
39 4
40 25
41 13
42 10
43 11
44 7
SIMILAR

35 11 37 41 24 28 30 25 27 23 7 15 13 44 36 3 6 19 8 4 38 12 43 16 1 20 10 32 31 40 22 17 29 18 0 5 39 42 14 9 26 34 33 21 2 
0 34
1 24
2 44
3 15
4 19
5 35
6 16
7 10
8 18
9 39
10 26
11 1
12 21
13 12
14 38
15 11
16 23
17 31
18 33
19 17
20 25
21 43
22 30
23 9
24 4
25 7
26 40
27 8
28 5
29 32
30 6
31 28
32 27
33 42
34 41
35 0
36 14
37 2
38 20
39 36
40 29
41 3
42 37
43 22
44 13
SIMILAR

3 24 6 44 2 9 40 16 37 39 43 32 18 11 13 29 36 10 0 26 42 30 33 4 23 7 28 38 14 17 35 34 21 12 22 41 31 5 27 15 20 1 8 19 25 
0 18
1 41
2 4
3 0
4 23
5 37
6 2
7 25
8 42
9 5
10 17
11 13
12 33
13 14
14 28
15 39
16 7
17 29
18 12
19 43
20 40
21 32
22 34
23 24
24 1
25 44
26 19
27 38
28 26
29 15
30 21
31 36
32 11
33 22
34 31
35 30
36 16
37 8
38 27
39 9
40 6
41 35
42 20
43 10
44 3
SIMILAR

10 29 39 17 14 43 1 41 31 3 12 34 16 27 18 6 5 7 19 8 37 23 4 2 35 36 21 11 44 28 9 0 38 30 24 42 25 33 32 26 40 13 15 20 22 
0 31
1 6
2 23
3 9
4 22
5 16
6 15
7 17
8 19
9 30
10 0
11 27
12 10
13 41
14 4
15 42
16 12
17 3
18 14
19 18
20 43
21 26
22 44
23 21
24 34
25 36
26 39
27 13
28 29
29 1
30 33
31 8
32 38
33 37
34 11
35 24
36 25
37 20
38 32
39 2
40 40
41 7
42 35
43 5
44 28
SIMILAR

36 0 23 26 43 39 7 5 21 41 30 42 27 1 33 16 9 28 40 12 15 20 35 11 34 38 3 13 24 44 6 17 10 2 19 14 32 31 29 22 37 25 18 4 8 
0 1
1 13
2 33
3 26
4 43
5 7
6 30
7 6
8 44
9 16
10 32
11 23
12 19
13 27
14 35
15 20
16 15
17 31
18 42
19 34
20 21
21 8
22 39
23 2
24 28
25 41
26 3
27 12
28 17
29 38
30 10
31 37
32 36
33 14
34 24
35 22
36 0
37 40
38 25
39 5
40 18
41 9
42 11
43 4
44 29
SIMILAR

22 6 23 32 7 44 24 4 29 28 42 35 16 30 17 21 40 31 11 34 33 0 27 9 2 41 25 19 12 43 10 3 37 15 36 26 20 38 18 8 14 13 5 39 1 
0 21
1 44
2 24
3 31
4 7
5 42
6 1
7 4
8 39
9 23
10 30
11 18
12 28
13 41
14 40
15 33
16 12
17 14
18 38
19 27
20 36
21 15
22 0
23 2
24 6
25 26
26 35
27 22
28 9
29 8
30 13
31 17
32 3
33 20
34 19
35 11
36 34
37 32
38 37
39 43
40 16
41 25
42 10
43 29
44 5
SIMILAR

9 7 1 3 36 19 43 31 28 32 11 29 4 14 21 22 39 23 5 13 34 30 24 6 41 0 2 42 40 15 38 25 8 27 12 35 20 33 37 16 26 18 17 44 10 
0 25
1 2
2 26
3 3
4 12
5 18
6 23
7 1
8 32
9 0
10 44
11 10
12 34
13 19
14 13
15 29
16 39
17 42
18 41
19 5
20 36
21 14
22 15
23 17
24 22
25 31
26 40
27 33
28 8
29 11
30 21
31 7
32 9
33 37
34 20
35 35
36 4
37 38
38 30
39 16
40 28
41 24
42 27
43 6
44 43
SIMILAR

19 22 1 23 25 31 15 32 38 27 16 24 17 21 39 8 44 6 40 26 29 14 9 13 5 30 20 43 41 42 28 18 10 12 36 34 35 2 4 0 3 33 7 11 37 
0 39
1 2
2 37
3 40
4 38
5 24
6 17
7 42
8 15
9 22
10 32
11 43
12 33
13 23
14 21
15 6
16 10
17 12
18 31
19 0
20 26
21 13
22 1
23 3
24 11
25 4
26 19
27 9
28 30
29 20
30 25
31 5
32 7
33 41
34 35
35 36
36 34
37 44
38 8
39 14
40 18
41 28
42 29
43 27
44 16
SIMILAR

8 10 27 16 43 29 24 32 15 26 19 38 13 4 2 11 12 20 6 5 44 37 35 31 9 28 7 18 33 36 40 14 39 41 1 21 25 23 3 17 42 34 22 0 30 
0 43
1 34
2 14
3 38
4 13
5 19
6 18
7 26
8 0
9 24
10 1
11 15
12 16
13 12
14 31
15 8
16 3
17 39
18 27
19 10
20 17
21 35
22 42
23 37
24 6
25 36
26 9
27 2
28 25
29 5
30 44
31 23
32 7
33 28
34 41
35 22
36 29
37 21
38 11
39 32
40 30
41 33
42 40
43 4
44 20
SIMILAR

37 13 40 8 25 1 39 35 44 34 38 32 24 23 10 21 27 7 16 42 0 41 22 19 29 43 17 18 33 26 30 36 20 11 3 31 12 6 9 15 5 28 14 2 4 
0 20
1 5
2 43
3 34
4 44
5 40
6 37
7 17
8 3
9 38
10 14
11 33
12 36
13 1
14 42
15 39
16 18
17 26
18 27
19 23
20 32
21 15
22 22
23 13
24 12
25 4
26 29
27 16
28 41
29 24
30 30
31 35
32 11
33 28
34 9
35 7
36 31
37 0
38 10
39 6
40 2
41 21
42 19
43 25
44 8
SIMILAR

10 34 22 17 19 21 5 12 8 3 13 33 7 41 15 2 39 25 43 6 20 31 37 14 24 42 40 38 16 26 29 18 44 23 4 1 9 27 32 11 28 35 30 0 36 
0 43
1 35
2 15
3 9
4 34
5 6
6 19
7 12
8 8
9 36
10 0
11 39
12 7
13 10
14 23
15 14
16 28
17 3
18 31
19 4
20 20
21 5
22 2
23 33
24 24
25 17
26 29
27 37
28 40
29 30
30 42
31 21
32 38
33 11
34 1
35 41
36 44
37 22
38 27
39 16
40 26
41 13
42 25
43 18
44 32
SIMILAR

18 41 31 16 21 40 23 19 34 43 8 7 39 12 11 35 38 42 26 25 13 28 10 33 17 30 44 37 15 0 36 29 32 27 2 9 5 3 14 6 1 4 24 20 22 
0 29
1 40
2 34
3 37
4 41
5 36
6 39
7 11
8 10
9 35
10 22
11 14
12 13
13 20
14 38
15 28
16 3
17 24
18 0
19 7
20 43
21 4
22 44
23 6
24 42
25 19
26 18
27 33
28 21
29 31
30 25
31 2
32 32
33 23
34 8
35 15
36 30
37 27
38 16
39 12
40 5
41 1
42 17
43 9
44 26
SIMILAR

28 23 35 20 39 12 3 25 44 1 43 13 26 5 34 31 33 19 2 29 0 22 6 9 36 18 4 27 15 21 40 10 24 7 17 38 11 8 16 14 32 30 37 41 42 
0 20
1 9
2 18
3 6
4 26
5 13
6 22
7 33
8 37
9 23
10 31
11 36
12 5
13 11
14 39
15 28
16 38
17 34
18 25
19 17
20 3
21 29
22 21
23 1
24 32
25 7
26 12
27 27
28 0
29 19
30 41
31 15
32 40
33 16
34 14
35 2
36 24
37 42
38 35
39 4
40 30
41 43
42 44
43 10
44 8
SIMILAR
100 0
1500 0
411500 0
