45
0 1 1 1 0 0 0 0 1 1 1 0 0 0 0 0 1 0 1 1 0 0 1 1 1 1 0 1 1 1 1 1 0 0 0 0 0 0 1 0 1 0 1 0 1 
1 0 0 1 1 0 0 1 0 1 0 1 0 0 1 1 0 1 1 0 0 1 0 0 1 0 1 0 0 0 0 0 1 0 0 0 1 1 1 1 0 0 1 0 0 
1 0 0 0 1 0 1 1 1 1 1 1 1 0 0 0 0 0 0 1 1 1 0 1 0 0 0 0 0 0 0 1 1 1 1 1 1 0 1 0 1 0 1 0 1 
1 1 0 0 0 0 1 1 1 0 0 1 1 0 0 1 1 0 1 1 1 0 0 1 0 1 0 1 1 0 1 0 1 1 1 1 1 0 1 1 1 0 1 0 1 
0 1 1 0 0 1 0 1 1 0 1 1 0 1 0 0 0 1 1 0 0 0 1 1 0 0 0 1 0 0 0 1 0 0 0 1 0 1 0 1 1 1 1 0 0 
0 0 0 0 1 0 0 0 1 1 1 0 0 0 1 1 1 1 1 1 0 0 1 1 0 0 1 1 1 0 1 1 0 0 1 0 1 1 1 1 0 0 1 0 0 
0 0 1 1 0 0 0 0 0 1 0 0 0 1 1 0 1 1 1 1 1 1 0 0 0 0 1 0 0 0 0 1 0 0 0 1 1 1 0 1 0 1 1 0 0 
0 1 1 1 1 0 0 0 0 0 1 0 1 1 1 0 1 1 1 0 1 1 0 1 1 1 1 0 1 0 1 1 0 1 1 0 0 1 1 1 0 0 0 0 0 
1 0 1 1 1 1 0 0 0 1 1 1 1 0 0 0 1 0 0 0 1 0 0 0 0 1 1 1 1 1 1 1 0 1 1 1 0 0 1 1 0 1 1 1 1 
1 1 1 0 0 1 1 0 1 0 1 0 1 1 1 0 0 1 1 0 0 1 1 1 0 0 1 0 1 1 1 1 1 0 0 0 1 0 1 1 0 1 0 1 1 
1 0 1 0 1 1 0 1 1 1 0 1 0 1 1 0 0 0 1 0 1 1 0 1 0 1 0 1 1 0 0 0 0 1 0 0 0 1 0 1 0 0 0 0 0 
0 1 1 1 1 0 0 0 1 0 1 0 1 1 1 1 1 0 1 1 0 1 0 0 1 0 1 0 0 0 0 1 1 0 1 0 1 1 0 1 0 1 0 0 1 
0 0 1 1 0 0 0 1 1 1 0 1 0 1 1 0 0 1 0 0 0 0 0 1 0 0 0 1 0 1 1 0 0 1 0 1 0 0 0 0 0 1 0 1 0 
0 0 0 0 1 0 1 1 0 1 1 1 1 0 0 1 1 0 0 0 1 0 1 0 1 1 1 1 1 0 0 1 1 1 0 1 0 0 0 1 1 1 0 1 1 
0 1 0 0 0 1 1 1 0 1 1 1 1 0 0 1 0 0 0 0 0 1 1 1 0 0 0 1 0 0 1 0 1 0 0 1 1 0 1 1 1 0 0 1 1 
0 1 0 1 0 1 0 0 0 0 0 1 0 1 1 0 1 1 1 1 1 1 1 0 1 1 0 0 0 0 1 0 0 0 1 0 1 1 1 1 1 1 1 1 0 
1 0 0 1 0 1 1 1 1 0 0 1 0 1 0 1 0 1 1 1 0 0 0 0 1 1 1 0 1 1 0 0 0 1 0 1 0 1 1 0 0 1 0 1 0 
0 1 0 0 1 1 1 1 0 1 0 0 1 0 0 1 1 0 1 1 1 0 1 0 0 0 1 1 1 0 0 1 1 0 0 1 1 0 1 1 1 0 0 0 0 
1 1 0 1 1 1 1 1 0 1 1 1 0 0 0 1 1 1 0 0 0 1 1 0 0 1 1 0 0 1 0 1 0 0 1 0 1 0 0 1 0 0 0 1 0 
1 0 1 1 0 1 1 0 0 0 0 1 0 0 0 1 1 1 0 0 0 0 1 1 0 0 1 1 0 0 0 1 0 1 1 1 1 0 1 1 1 0 0 0 0 
0 0 1 1 0 0 1 1 1 0 1 0 0 1 0 1 0 1 0 0 0 1 0 0 1 1 1 1 0 1 0 1 1 0 0 0 0 0 1 1 1 0 0 0 1 
0 1 1 0 0 0 1 1 0 1 1 1 0 0 1 1 0 0 1 0 1 0 1 1 1 0 0 0 0 1 0 0 1 0 0 1 1 0 1 1 0 1 0 0 0 
1 0 0 0 1 1 0 0 0 1 0 0 0 1 1 1 0 1 1 1 0 1 0 0 1 1 0 1 1 1 1 0 1 1 1 0 0 1 1 0 0 0 0 1 1 
1 0 1 1 1 1 0 1 0 1 1 0 1 0 1 0 0 0 0 1 0 1 0 0 1 0 0 1 1 1 0 1 0 1 0 1 1 0 1 0 0 1 0 1 1 
1 1 0 0 0 0 0 1 0 0 0 1 0 1 0 1 1 0 0 0 1 1 1 1 0 0 1 0 1 1 1 0 0 1 0 0 1 1 0 1 1 0 1 0 0 
1 0 0 1 0 0 0 1 1 0 1 0 0 1 0 1 1 0 1 0 1 0 1 0 0 0 1 1 0 0 1 1 1 1 0 0 1 0 1 0 1 0 0 1 0 
0 1 0 0 0 1 1 1 1 1 0 1 0 1 0 0 1 1 1 1 1 0 0 0 1 1 0 1 1 0 0 0 0 1 1 0 0 0 1 0 0 1 0 1 1 
1 0 0 1 1 1 0 0 1 0 1 0 1 1 1 0 0 1 0 1 1 0 1 1 0 1 1 0 0 1 0 1 1 1 1 0 0 0 1 0 1 1 0 1 1 
1 0 0 1 0 1 0 1 1 1 1 0 0 1 0 0 1 1 0 0 0 0 1 1 1 0 1 0 0 1 1 1 1 0 0 1 1 0 1 0 1 0 0 1 0 
1 0 0 0 0 0 0 0 1 1 0 0 1 0 0 0 1 0 1 0 1 1 1 1 1 0 0 1 1 0 1 0 0 1 1 0 1 0 1 1 1 1 0 0 0 
1 0 0 1 0 1 0 1 1 1 0 0 1 0 1 1 0 0 0 0 0 0 1 0 1 1 0 0 1 1 0 1 1 1 1 1 1 0 0 1 0 1 1 1 1 
1 0 1 0 1 1 1 1 1 1 0 1 0 1 0 0 0 1 1 1 1 0 0 1 0 1 0 1 1 0 1 0 1 0 1 1 1 0 1 1 0 1 1 0 1 
0 1 1 1 0 0 0 0 0 1 0 1 0 1 1 0 0 1 0 0 1 1 1 0 0 1 0 1 1 0 1 1 0 1 0 1 1 0 0 1 1 0 0 1 1 
0 0 1 1 0 0 0 1 1 0 1 0 1 1 0 0 1 0 0 1 0 0 1 1 1 1 1 1 0 1 1 0 1 0 0 0 0 0 1 1 0 0 1 1 1 
0 0 1 1 0 1 0 1 1 0 0 1 0 0 0 1 0 0 1 1 0 0 1 0 0 0 1 1 0 1 1 1 0 0 0 0 1 0 1 0 1 1 1 0 0 
0 0 1 1 1 0 1 0 1 0 0 0 1 1 1 0 1 1 0 1 0 1 0 1 0 0 0 0 1 0 1 1 1 0 0 0 1 0 1 1 0 0 0 1 1 
0 1 1 1 0 1 1 0 0 1 0 1 0 0 1 1 0 1 1 1 0 1 0 1 1 1 0 0 1 1 1 1 1 0 1 1 0 0 1 0 1 0 1 0 0 
0 1 0 0 1 1 1 1 0 0 1 1 0 0 0 1 1 0 0 0 0 0 1 0 1 0 0 0 0 0 0 0 0 0 0 0 0 0 1 1 0 1 0 1 1 
1 1 1 1 0 1 0 1 1 1 0 0 0 0 1 1 1 1 0 1 1 1 1 1 0 1 1 1 1 1 0 1 0 1 1 1 1 1 0 1 1 1 0 1 1 
0 1 0 1 1 1 1 1 1 1 1 1 0 1 1 1 0 1 1 1 1 1 0 0 1 0 0 0 0 1 1 1 1 1 0 1 0 1 1 0 1 0 1 0 1 
1 0 1 1 1 0 0 0 0 0 0 0 0 1 1 1 0 1 0 1 1 0 0 0 1 1 0 1 1 1 0 0 1 0 1 0 1 0 1 1 0 0 0 0 1 
0 0 0 0 1 0 1 0 1 1 0 1 1 1 0 1 1 0 0 0 0 1 0 1 0 0 1 1 0 1 1 1 0 0 1 0 0 1 1 0 0 0 0 0 0 
1 1 1 1 1 1 1 0 1 0 0 0 0 0 0 1 0 0 0 0 0 0 0 0 1 0 0 0 0 0 1 1 0 1 1 0 1 0 0 1 0 0 0 1 1 
0 0 0 0 0 0 0 0 1 1 0 0 1 1 1 1 1 0 1 0 0 0 1 1 0 1 1 1 1 0 1 0 1 1 0 1 0 1 1 0 0 0 1 0 1 
1 0 1 1 0 0 0 0 1 1 0 1 0 1 1 0 0 0 0 0 1 0 1 1 0 0 1 1 0 0 1 1 1 1 0 1 0 1 1 1 1 0 1 1 0 

32 1 23 31 28 5 13 0 19 6 20 25 22 18 41 15 33 44 37 10 9 29 8 38 26 21 27 43 30 7 3 16 4 42 36 24 14 35 39 17 34 2 12 40 11 
0 7
1 1
2 41
3 30
4 32
5 5
6 9
7 29
8 22
9 20
10 19
11 44
12 42
13 6
14 36
15 15
16 31
17 39
18 13
19 8
20 10
21 25
22 12
23 2
24 35
25 11
26 24
27 26
28 4
29 21
30 28
31 3
32 0
33 16
34 40
35 37
36 34
37 18
38 23
39 38
40 43
41 14
42 33
43 27
44 17
SIMILAR

10 19 24 17 38 2 27 43 20 32 7 39 4 12 36 9 40 6 28 26 13 41 1 15 5 25 42 16 21 35 14 29 31 18 11 3 8 37 23 30 22 34 0 33 44 
0 42
1 22
2 5
3 35
4 12
5 24
6 17
7 10
8 36
9 15
10 0
11 34
12 13
13 20
14 30
15 23
16 27
17 3
18 33
19 1
20 8
21 28
22 40
23 38
24 2
25 25
26 19
27 6
28 18
29 31
30 39
31 32
32 9
33 43
34 41
35 29
36 14
37 37
38 4
39 11
40 16
41 21
42 26
43 7
44 44
SIMILAR

21 12 42 39 16 40 19 2 27 34 25 20 14 38 35 23 36 33 30 43 22 4 41 37 0 26 15 17 1 32 31 24 8 5 28 18 11 29 44 3 9 6 7 10 13 
0 24
1 28
2 7
3 39
4 21
5 33
6 41
7 42
8 32
9 40
10 43
11 36
12 1
13 44
14 12
15 26
16 4
17 27
18 35
19 6
20 11
21 0
22 20
23 15
24 31
25 10
26 25
27 8
28 34
29 37
30 18
31 30
32 29
33 17
34 9
35 14
36 16
37 23
38 13
39 3
40 5
41 22
42 2
43 19
44 38
SIMILAR

30 34 36 41 10 42 37 0 5 39 26 15 9 14 29 1 6 12 27 19 28 20 11 3 16 4 40 25 21 35 2 8 18 17 22 7 44 38 33 43 13 31 24 32 23 
0 7
1 15
2 30
3 23
4 25
5 8
6 16
7 35
8 31
9 12
10 4
11 22
12 17
13 40
14 13
15 11
16 24
17 33
18 32
19 19
20 21
21 28
22 34
23 44
24 42
25 27
26 10
27 18
28 20
29 14
30 0
31 41
32 43
33 38
34 1
35 29
36 2
37 6
38 37
39 9
40 26
41 3
42 5
43 39
44 36
SIMILAR

35 15 36 10 7 21 16 44 20 42 43 3 24 40 34 0 39 5 13 28 12 22 14 19 4 31 18 2 17 33 27 29 41 26 32 1 6 25 8 9 11 30 37 23 38 
0 15
1 35
2 27
3 11
4 24
5 17
6 36
7 4
8 38
9 39
10 3
11 40
12 20
13 18
14 22
15 1
16 6
17 28
18 26
19 23
20 8
21 5
22 21
23 43
24 12
25 37
26 33
27 30
28 19
29 31
30 41
31 25
32 34
33 29
34 14
35 0
36 2
37 42
38 44
39 16
40 13
41 32
42 9
43 10
44 7
SIMILAR

7 3 6 36 19 34 20 2 16 30 35 28 43 8 13 26 38 39 37 42 21 32 40 22 4 27 10 12 29 9 44 41 15 1 33 25 23 11 18 24 17 14 31 0 5 
0 43
1 33
2 7
3 1
4 24
5 44
6 2
7 0
8 13
9 29
10 26
11 37
12 27
13 14
14 41
15 32
16 8
17 40
18 38
19 4
20 6
21 20
22 23
23 36
24 39
25 35
26 15
27 25
28 11
29 28
30 9
31 42
32 21
33 34
34 5
35 10
36 3
37 18
38 16
39 17
40 22
41 31
42 19
43 12
44 30
SIMILAR

32 21 31 25 33 23 16 28 1 15 5 36 24 44 19 18 14 41 40 8 43 20 11 3 2 30 13 12 0 10 37 9 7 29 26 34 38 22 17 27 35 39 42 6 4 
0 28
1 8
2 24
3 23
4 44
5 10
6 43
7 32
8 19
9 31
10 29
11 22
12 27
13 26
14 16
15 9
16 6
17 38
18 15
19 14
20 21
21 1
22 37
23 5
24 12
25 3
26 34
27 39
28 7
29 33
30 25
31 2
32 0
33 4
34 35
35 40
36 11
37 30
38 36
39 41
40 18
41 17
42 42
43 20
44 13
SIMILAR

34 20 0 14 4 16 42 7 43 11 40 17 13 19 28 27 25 1 29 23 44 36 32 6 24 2 12 9 18 3 35 26 39 37 8 38 10 21 31 33 15 5 41 30 22 
0 2
1 17
2 25
3 29
4 4
5 41
6 23
7 7
8 34
9 27
10 36
11 9
12 26
13 12
14 3
15 40
16 5
17 11
18 28
19 13
20 1
21 37
22 44
23 19
24 24
25 16
26 31
27 15
28 14
29 18
30 43
31 38
32 22
33 39
34 0
35 30
36 21
37 33
38 35
39 32
40 10
41 42
42 6
43 8
44 20
SIMILAR

44 9 35 25 38 26 28 0 42 23 19 30 20 27 13 7 16 14 5 15 31 21 37 4 17 33 43 41 18 12 29 6 34 32 36 40 24 10 22 39 1 8 3 11 2 
0 7
1 40
2 44
3 42
4 23
5 18
6 31
7 15
8 41
9 1
10 37
11 43
12 29
13 14
14 17
15 19
16 16
17 24
18 28
19 10
20 12
21 21
22 38
23 9
24 36
25 3
26 5
27 13
28 6
29 30
30 11
31 20
32 33
33 25
34 32
35 2
36 34
37 22
38 4
39 39
40 35
41 27
42 8
43 26
44 0
SIMILAR

31 44 13 39 21 25 30 7 16 24 1 29 6 23 17 10 2 38 32 0 9 36 40 14 33 5 20 37 34 8 15 12 26 41 28 42 22 3 11 35 18 27 19 43 4 
0 19
1 10
2 16
3 37
4 44
5 25
6 12
7 7
8 29
9 20
10 15
11 38
12 31
13 2
14 23
15 30
16 8
17 14
18 40
19 42
20 26
21 4
22 36
23 13
24 9
25 5
26 32
27 41
28 34
29 11
30 6
31 0
32 18
33 24
34 28
35 39
36 21
37 27
38 17
39 3
40 22
41 33
42 35
43 43
44 1
SIMILAR

33 12 23 24 22 17 41 20 21 35 28 37 16 19 10 8 11 2 25 44 27 40 14 9 43 34 3 38 1 6 39 36 7 5 31 4 32 30 26 42 18 13 15 29 0 
0 44
1 28
2 17
3 26
4 35
5 33
6 29
7 32
8 15
9 23
10 14
11 16
12 1
13 41
14 22
15 42
16 12
17 5
18 40
19 13
20 7
21 8
22 4
23 2
24 3
25 18
26 38
27 20
28 10
29 43
30 37
31 34
32 36
33 0
34 25
35 9
36 31
37 11
38 27
39 30
40 21
41 6
42 39
43 24
44 19
SIMILAR

27 0 17 25 35 6 29 43 38 31 5 11 37 9 36 14 44 28 22 18 12 4 19 1 16 13 7 30 2 15 3 10 21 20 32 42 34 33 26 40 24 8 39 41 23 
0 1
1 23
2 28
3 30
4 21
5 10
6 5
7 26
8 41
9 13
10 31
11 11
12 20
13 25
14 15
15 29
16 24
17 2
18 19
19 22
20 33
21 32
22 18
23 44
24 40
25 3
26 38
27 0
28 17
29 6
30 27
31 9
32 34
33 37
34 36
35 4
36 14
37 12
38 8
39 42
40 39
41 43
42 35
43 7
44 16
SIMILAR

9 22 44 1 38 25 40 16 34 20 41 7 42 29 13 15 3 10 36 0 21 35 28 31 6 14 33 17 27 43 24 8 19 4 11 30 12 2 5 18 32 26 37 39 23 
0 19
1 3
2 37
3 16
4 33
5 38
6 24
7 11
8 31
9 0
10 17
11 34
12 36
13 14
14 25
15 15
16 7
17 27
18 39
19 32
20 9
21 20
22 1
23 44
24 30
25 5
26 41
27 28
28 22
29 13
30 35
31 23
32 40
33 26
34 8
35 21
36 18
37 42
38 4
39 43
40 6
41 10
42 12
43 29
44 2
SIMILAR

20 36 38 34 21 4 43 18 17 22 35 5 31 15 2 42 14 13 44 39 3 1 40 25 23 6 24 26 8 19 33 27 9 30 0 11 28 37 16 10 29 12 7 41 32 
0 34
1 21
2 14
3 20
4 5
5 11
6 25
7 42
8 28
9 32
10 39
11 35
12 41
13 17
14 16
15 13
16 38
17 8
18 7
19 29
20 0
21 4
22 9
23 24
24 26
25 23
26 27
27 31
28 36
29 40
30 33
31 12
32 44
33 30
34 3
35 10
36 1
37 37
38 2
39 19
40 22
41 43
42 15
43 6
44 18
SIMILAR

2 5 15 21 11 16 17 44 27 34 29 1 24 7 18 25 31 42 10 38 40 41 9 32 3 13 39 28 14 0 23 37 20 43 22 19 33 30 6 8 26 4 36 12 35 
0 29
1 11
2 0
3 24
4 41
5 1
6 38
7 13
8 39
9 22
10 18
11 4
12 43
13 25
14 28
15 2
16 5
17 6
18 14
19 35
20 32
21 3
22 34
23 30
24 12
25 15
26 40
27 8
28 27
29 10
30 37
31 16
32 23
33 36
34 9
35 44
36 42
37 31
38 19
39 26
40 20
41 21
42 17
43 33
44 7
SIMILAR

14 25 26 40 7 35 5 10 12 24 23 3 20 4 27 22 21 15 16 31 36 9 38 28 1 8 33 41 17 44 34 0 32 18 30 37 6 2 19 29 42 43 11 39 13 
0 31
1 24
2 37
3 11
4 13
5 6
6 36
7 4
8 25
9 21
10 7
11 42
12 8
13 44
14 0
15 17
16 18
17 28
18 33
19 38
20 12
21 16
22 15
23 10
24 9
25 1
26 2
27 14
28 23
29 39
30 34
31 19
32 32
33 26
34 30
35 5
36 20
37 35
38 22
39 43
40 3
41 27
42 40
43 41
44 29
SIMILAR

38 29 20 23 17 34 13 5 42 30 35 6 19 12 2 44 9 14 7 16 31 22 10 26 41 40 32 39 25 33 28 8 18 0 36 1 15 21 11 24 3 37 43 27 4 
0 33
1 35
2 14
3 40
4 44
5 7
6 11
7 18
8 31
9 16
10 22
11 38
12 13
13 6
14 17
15 36
16 19
17 4
18 32
19 12
20 2
21 37
22 21
23 3
24 39
25 28
26 23
27 43
28 30
29 1
30 9
31 20
32 26
33 29
34 5
35 10
36 34
37 41
38 0
39 27
40 25
41 24
42 8
43 42
44 15
SIMILAR

42 4 24 28 36 19 16 3 2 38 34 30 35 1 21 43 17 18 5 41 20 6 10 33 40 0 25 29 31 13 26 9 39 14 8 11 12 22 44 32 7 23 37 15 27 
0 25
1 13
2 8
3 7
4 1
5 18
6 21
7 40
8 34
9 31
10 22
11 35
12 36
13 29
14 33
15 43
16 6
17 16
18 17
19 5
20 20
21 14
22 37
23 41
24 2
25 26
26 30
27 44
28 3
29 27
30 11
31 28
32 39
33 23
34 10
35 12
36 4
37 42
38 9
39 32
40 24
41 19
42 0
43 15
44 38
SIMILAR

30 7 14 37 13 27 11 40 23 17 6 29 18 12 42 44 4 20 8 38 5 9 35 25 26 19 3 15 39 21 41 2 0 31 28 33 43 10 16 22 1 32 34 24 36 
0 32
1 40
2 31
3 26
4 16
5 20
6 10
7 1
8 18
9 21
10 37
11 6
12 13
13 4
14 2
15 27
16 38
17 9
18 12
19 25
20 17
21 29
22 39
23 8
24 43
25 23
26 24
27 5
28 34
29 11
30 0
31 33
32 41
33 35
34 42
35 22
36 44
37 3
38 19
39 28
40 7
41 30
42 14
43 36
44 15
SIMILAR

3 33 12 18 7 1 39 41 11 34 14 21 28 0 27 23 40 16 20 8 5 38 36 15 37 10 32 35 29 13 9 43 30 44 4 6 19 24 17 31 25 2 22 26 42 
0 13
1 5
2 41
3 0
4 34
5 20
6 35
7 4
8 19
9 30
10 25
11 8
12 2
13 29
14 10
15 23
16 17
17 38
18 3
19 36
20 18
21 11
22 42
23 15
24 37
25 40
26 43
27 14
28 12
29 28
30 32
31 39
32 26
33 1
34 9
35 27
36 22
37 24
38 21
39 6
40 16
41 7
42 44
43 31
44 33
SIMILAR

24 15 30 12 4 32 9 27 42 40 1 6 44 5 29 14 31 18 13 39 10 34 23 38 2 21 33 11 7 22 0 3 35 19 28 41 20 37 36 8 25 43 16 17 26 
0 30
1 10
2 24
3 31
4 4
5 13
6 11
7 28
8 39
9 6
10 20
11 27
12 3
13 18
14 15
15 1
16 42
17 43
18 17
19 33
20 36
21 25
22 29
23 22
24 0
25 40
26 44
27 7
28 34
29 14
30 2
31 16
32 5
33 26
34 21
35 32
36 38
37 37
38 23
39 19
40 9
41 35
42 8
43 41
44 12
SIMILAR

8 23 44 10 7 24 4 42 14 36 27 16 18 34 12 39 9 13 25 38 41 6 31 20 21 15 2 17 19 32 40 3 26 1 22 33 0 43 29 5 28 30 11 35 37 
0 36
1 33
2 26
3 31
4 6
5 39
6 21
7 4
8 0
9 16
10 3
11 42
12 14
13 17
14 8
15 25
16 11
17 27
18 12
19 28
20 23
21 24
22 34
23 1
24 5
25 18
26 32
27 10
28 40
29 38
30 41
31 22
32 29
33 35
34 13
35 43
36 9
37 44
38 19
39 15
40 30
41 20
42 7
43 37
44 2
SIMILAR

4 29 41 31 36 24 28 35 25 37 30 27 1 20 40 43 12 19 44 22 8 15 5 16 11 17 23 14 39 42 3 33 34 13 2 21 7 9 26 38 6 32 10 0 18 
0 43
1 12
2 34
3 30
4 0
5 22
6 40
7 36
8 20
9 37
10 42
11 24
12 16
13 33
14 27
15 21
16 23
17 25
18 44
19 17
20 13
21 35
22 19
23 26
24 5
25 8
26 38
27 11
28 6
29 1
30 10
31 3
32 41
33 31
34 32
35 7
36 4
37 9
38 39
39 28
40 14
41 2
42 29
43 15
44 18
SIMILAR

25 11 41 23 39 17 20 22 27 43 26 44 36 9 42 28 33 0 10 4 3 35 16 2 40 15 12 5 14 34 29 18 6 8 7 38 37 30 21 32 24 19 1 13 31 
0 17
1 42
2 23
3 20
4 19
5 27
6 32
7 34
8 33
9 13
10 18
11 1
12 26
13 43
14 28
15 25
16 22
17 5
18 31
19 41
20 6
21 38
22 7
23 3
24 40
25 0
26 10
27 8
28 15
29 30
30 37
31 44
32 39
33 16
34 29
35 21
36 12
37 36
38 35
39 4
40 24
41 2
42 14
43 9
44 11
SIMILAR

38 8 25 4 17 6 31 18 26 15 42 24 23 44 37 20 2 33 34 43 3 0 19 41 10 35 12 22 32 27 13 29 16 40 36 9 28 5 21 11 14 7 1 39 30 
0 21
1 42
2 16
3 20
4 3
5 37
6 5
7 41
8 1
9 35
10 24
11 39
12 26
13 30
14 40
15 9
16 32
17 4
18 7
19 22
20 15
21 38
22 27
23 12
24 11
25 2
26 8
27 29
28 36
29 31
30 44
31 6
32 28
33 17
34 18
35 25
36 34
37 14
38 0
39 43
40 33
41 23
42 10
43 19
44 13
SIMILAR

21 0 1 13 19 33 11 32 18 3 44 20 25 36 29 4 5 28 37 38 27 15 26 34 6 7 39 42 35 31 23 9 16 17 40 2 14 22 30 8 43 10 41 24 12 
0 1
1 2
2 35
3 9
4 15
5 16
6 24
7 25
8 39
9 31
10 41
11 6
12 44
13 3
14 36
15 21
16 32
17 33
18 8
19 4
20 11
21 0
22 37
23 30
24 43
25 12
26 22
27 20
28 17
29 14
30 38
31 29
32 7
33 5
34 23
35 28
36 13
37 18
38 19
39 26
40 34
41 42
42 27
43 40
44 10
SIMILAR

32 15 13 30 9 8 33 40 5 19 20 36 34 1 35 37 41 24 11 28 31 2 25 22 3 43 7 17 27 38 23 26 39 12 44 29 10 6 14 0 42 21 16 18 4 
0 39
1 13
2 21
3 24
4 44
5 8
6 37
7 26
8 5
9 4
10 36
11 18
12 33
13 2
14 38
15 1
16 42
17 27
18 43
19 9
20 10
21 41
22 23
23 30
24 17
25 22
26 31
27 28
28 19
29 35
30 3
31 20
32 0
33 6
34 12
35 14
36 11
37 15
38 29
39 32
40 7
41 16
42 40
43 25
44 34
SIMILAR

9 25 29 0 28 40 7 8 43 15 22 44 20 2 11 27 37 42 41 24 5 14 6 26 32 23 4 12 30 35 39 36 18 10 19 33 13 31 34 38 16 21 1 17 3 
0 3
1 42
2 13
3 44
4 26
5 20
6 22
7 6
8 7
9 0
10 33
11 14
12 27
13 36
14 21
15 9
16 40
17 43
18 32
19 34
20 12
21 41
22 10
23 25
24 19
25 1
26 23
27 15
28 4
29 2
30 28
31 37
32 24
33 35
34 38
35 29
36 31
37 16
38 39
39 30
40 5
41 18
42 17
43 8
44 11
SIMILAR

20 0 44 16 40 7 1 22 2 31 29 41 24 32 37 3 38 34 27 26 12 13 19 28 18 8 15 43 33 39 14 21 25 23 4 5 30 11 6 10 9 35 42 17 36 
0 1
1 6
2 8
3 15
4 34
5 35
6 38
7 5
8 25
9 40
10 39
11 37
12 20
13 21
14 30
15 26
16 3
17 43
18 24
19 22
20 0
21 31
22 7
23 33
24 12
25 32
26 19
27 18
28 23
29 10
30 36
31 9
32 13
33 28
34 17
35 41
36 44
37 14
38 16
39 29
40 4
41 11
42 42
43 27
44 2
SIMILAR

5 6 7 1 31 29 13 39 23 0 19 38 27 16 21 25 18 37 41 34 36 4 30 10 28 43 22 15 2 24 35 26 20 32 9 44 33 40 42 8 12 3 14 17 11 
0 9
1 3
2 28
3 41
4 21
5 0
6 1
7 2
8 39
9 34
10 23
11 44
12 40
13 6
14 42
15 27
16 13
17 43
18 16
19 10
20 32
21 14
22 26
23 8
24 29
25 15
26 31
27 12
28 24
29 5
30 22
31 4
32 33
33 36
34 19
35 30
36 20
37 17
38 11
39 7
40 37
41 18
42 38
43 25
44 35
SIMILAR

35 7 24 34 23 22 44 37 2 10 19 18 5 27 43 16 8 6 17 4 3 32 33 21 29 30 28 40 14 26 31 42 11 12 1 13 41 9 20 0 38 39 15 36 25 
0 39
1 34
2 8
3 20
4 19
5 12
6 17
7 1
8 16
9 37
10 9
11 32
12 33
13 35
14 28
15 42
16 15
17 18
18 11
19 10
20 38
21 23
22 5
23 4
24 2
25 44
26 29
27 13
28 26
29 24
30 25
31 30
32 21
33 22
34 3
35 0
36 43
37 7
38 40
39 41
40 27
41 36
42 31
43 14
44 6
SIMILAR

20 11 19 22 8 38 27 31 39 24 15 17 2 13 42 21 10 16 25 29 32 35 1 18 4 26 37 12 6 40 23 41 7 3 34 43 44 28 14 36 9 33 30 0 5 
0 43
1 22
2 12
3 33
4 24
5 44
6 28
7 32
8 4
9 40
10 16
11 1
12 27
13 13
14 38
15 10
16 17
17 11
18 23
19 2
20 0
21 15
22 3
23 30
24 9
25 18
26 25
27 6
28 37
29 19
30 42
31 7
32 20
33 41
34 34
35 21
36 39
37 26
38 5
39 8
40 29
41 31
42 14
43 35
44 36
SIMILAR

39 44 32 16 8 0 13 15 43 37 27 4 25 35 1 17 12 23 22 9 24 29 40 21 20 33 3 6 5 7 28 19 42 14 18 38 41 31 34 11 2 26 36 10 30 
0 5
1 14
2 40
3 26
4 11
5 28
6 27
7 29
8 4
9 19
10 43
11 39
12 16
13 6
14 33
15 7
16 3
17 15
18 34
19 31
20 24
21 23
22 18
23 17
24 20
25 12
26 41
27 10
28 30
29 21
30 44
31 37
32 2
33 25
34 38
35 13
36 42
37 9
38 35
39 0
40 22
41 36
42 32
43 8
44 1
SIMILAR

23 4 27 24 1 35 37 8 25 12 2 18 10 38 29 9 11 15 19 3 16 28 36 17 33 6 34 43 20 40 5 13 32 14 31 22 39 0 30 21 44 26 7 41 42 
0 37
1 4
2 10
3 19
4 1
5 30
6 25
7 42
8 7
9 15
10 12
11 16
12 9
13 31
14 33
15 17
16 20
17 23
18 11
19 18
20 28
21 39
22 35
23 0
24 3
25 8
26 41
27 2
28 21
29 14
30 38
31 34
32 32
33 24
34 26
35 5
36 22
37 6
38 13
39 36
40 29
41 43
42 44
43 27
44 40
SIMILAR

22 27 15 36 35 4 8 2 24 44 16 11 43 10 34 9 41 39 1 25 20 13 21 3 19 37 18 0 28 17 38 29 30 40 5 26 42 7 12 31 32 14 6 23 33 
0 27
1 18
2 7
3 23
4 5
5 34
6 42
7 37
8 6
9 15
10 13
11 11
12 38
13 21
14 41
15 2
16 10
17 29
18 26
19 24
20 20
21 22
22 0
23 43
24 8
25 19
26 35
27 1
28 28
29 31
30 32
31 39
32 40
33 44
34 14
35 4
36 3
37 25
38 30
39 17
40 33
41 16
42 36
43 12
44 9
SIMILAR

26 13 14 27 18 10 32 17 22 4 38 31 16 37 42 11 44 19 2 34 43 1 36 9 39 12 15 8 5 21 28 25 41 6 33 40 29 23 0 20 30 35 3 7 24 
0 38
1 21
2 18
3 42
4 9
5 28
6 33
7 43
8 27
9 23
10 5
11 15
12 25
13 1
14 2
15 26
16 12
17 7
18 4
19 17
20 39
21 29
22 8
23 37
24 44
25 31
26 0
27 3
28 30
29 36
30 40
31 11
32 6
33 34
34 19
35 41
36 22
37 13
38 10
39 24
40 35
41 32
42 14
43 20
44 16
SIMILAR

35 16 26 34 2 44 12 0 11 42 10 32 31 37 38 29 43 20 7 13 3 21 23 41 14 15 27 17 24 36 28 22 18 40 19 39 8 5 9 6 33 1 4 25 30 
0 7
1 41
2 4
3 20
4 42
5 37
6 39
7 18
8 36
9 38
10 10
11 8
12 6
13 19
14 24
15 25
16 1
17 27
18 32
19 34
20 17
21 21
22 31
23 22
24 28
25 43
26 2
27 26
28 30
29 15
30 44
31 12
32 11
33 40
34 3
35 0
36 29
37 13
38 14
39 35
40 33
41 23
42 9
43 16
44 5
SIMILAR

42 12 19 7 1 31 29 17 43 30 22 2 21 41 38 28 8 0 26 5 11 24 18 39 25 13 6 35 34 3 32 37 10 40 36 4 27 20 9 16 23 44 33 15 14 
0 17
1 4
2 11
3 29
4 35
5 19
6 26
7 3
8 16
9 38
10 32
11 20
12 1
13 25
14 44
15 43
16 39
17 7
18 22
19 2
20 37
21 12
22 10
23 40
24 21
25 24
26 18
27 36
28 15
29 6
30 9
31 5
32 30
33 42
34 28
35 27
36 34
37 31
38 14
39 23
40 33
41 13
42 0
43 8
44 41
SIMILAR

33 14 17 10 43 31 42 39 24 3 6 44 7 13 12 41 22 18 36 26 30 37 20 27 0 8 11 38 29 32 15 5 2 16 35 4 25 28 19 1 9 21 34 23 40 
0 24
1 39
2 32
3 9
4 35
5 31
6 10
7 12
8 25
9 40
10 3
11 26
12 14
13 13
14 1
15 30
16 33
17 2
18 17
19 38
20 22
21 41
22 16
23 43
24 8
25 36
26 19
27 23
28 37
29 28
30 20
31 5
32 29
33 0
34 42
35 34
36 18
37 21
38 27
39 7
40 44
41 15
42 6
43 4
44 11
SIMILAR

16 41 37 34 44 42 10 43 4 35 11 1 13 17 18 19 5 8 33 12 31 38 40 0 6 39 26 27 29 25 32 7 21 2 36 14 15 20 30 23 9 3 24 28 22 
0 23
1 11
2 33
3 41
4 8
5 16
6 24
7 31
8 17
9 40
10 6
11 10
12 19
13 12
14 35
15 36
16 0
17 13
18 14
19 15
20 37
21 32
22 44
23 39
24 42
25 29
26 26
27 27
28 43
29 28
30 38
31 20
32 30
33 18
34 3
35 9
36 34
37 2
38 21
39 25
40 22
41 1
42 5
43 7
44 4
SIMILAR

29 36 30 18 12 24 2 27 41 33 38 22 19 26 34 32 35 11 9 14 1 8 10 37 3 28 20 7 4 6 42 23 17 25 39 15 13 5 31 0 16 43 40 21 44 
0 39
1 20
2 6
3 24
4 28
5 37
6 29
7 27
8 21
9 18
10 22
11 17
12 4
13 36
14 19
15 35
16 40
17 32
18 3
19 12
20 26
21 43
22 11
23 31
24 5
25 33
26 13
27 7
28 25
29 0
30 2
31 38
32 15
33 9
34 14
35 16
36 1
37 23
38 10
39 34
40 42
41 8
42 30
43 41
44 44
SIMILAR

15 27 4 36 17 23 13 9 38 37 25 10 39 20 35 19 41 11 8 6 14 22 28 7 21 42 5 40 31 44 43 2 33 18 1 12 29 24 34 3 0 16 32 26 30 
0 40
1 34
2 31
3 39
4 2
5 26
6 19
7 23
8 18
9 7
10 11
11 17
12 35
13 6
14 20
15 0
16 41
17 4
18 33
19 15
20 13
21 24
22 21
23 5
24 37
25 10
26 43
27 1
28 22
29 36
30 44
31 28
32 42
33 32
34 38
35 14
36 3
37 9
38 8
39 12
40 27
41 16
42 25
43 30
44 29
SIMILAR

34 44 22 16 21 15 9 12 0 18 19 32 36 33 2 3 25 24 8 20 13 30 1 14 11 38 31 39 29 43 17 28 40 23 10 42 35 26 41 7 4 37 6 5 27 
0 8
1 22
2 14
3 15
4 40
5 43
6 42
7 39
8 18
9 6
10 34
11 24
12 7
13 20
14 23
15 5
16 3
17 30
18 9
19 10
20 19
21 4
22 2
23 33
24 17
25 16
26 37
27 44
28 31
29 28
30 21
31 26
32 11
33 13
34 0
35 36
36 12
37 41
38 25
39 27
40 32
41 38
42 35
43 29
44 1
SIMILAR

9 38 1 7 36 18 19 16 5 40 21 17 0 25 14 12 4 35 2 41 23 15 13 44 27 8 10 26 43 34 33 20 28 6 11 31 22 3 24 42 37 30 39 32 29 
0 12
1 2
2 18
3 37
4 16
5 8
6 33
7 3
8 25
9 0
10 26
11 34
12 15
13 22
14 14
15 21
16 7
17 11
18 5
19 6
20 31
21 10
22 36
23 20
24 38
25 13
26 27
27 24
28 32
29 44
30 41
31 35
32 43
33 30
34 29
35 17
36 4
37 40
38 1
39 42
40 9
41 19
42 39
43 28
44 23
SIMILAR

43 0 40 30 15 16 19 17 44 1 5 28 31 12 18 9 25 7 34 8 4 38 42 13 14 32 36 11 2 37 20 24 29 27 22 33 35 21 6 23 41 26 3 39 10 
0 1
1 9
2 28
3 42
4 20
5 10
6 38
7 17
8 19
9 15
10 44
11 27
12 13
13 23
14 24
15 4
16 5
17 7
18 14
19 6
20 30
21 37
22 34
23 39
24 31
25 16
26 41
27 33
28 11
29 32
30 3
31 12
32 25
33 35
34 18
35 36
36 26
37 29
38 21
39 43
40 2
41 40
42 22
43 0
44 8
SIMILAR

7 36 30 26 20 4 24 44 43 31 25 1 35 5 21 42 19 3 0 27 37 12 16 11 34 13 14 28 23 10 22 40 17 9 18 33 38 15 6 41 32 2 8 39 29 
0 18
1 11
2 41
3 17
4 5
5 13
6 38
7 0
8 42
9 33
10 29
11 23
12 21
13 25
14 26
15 37
16 22
17 32
18 34
19 16
20 4
21 14
22 30
23 28
24 6
25 10
26 3
27 19
28 27
29 44
30 2
31 9
32 40
33 35
34 24
35 12
36 1
37 20
38 36
39 43
40 31
41 39
42 15
43 8
44 7
SIMILAR

30 33 28 10 35 19 18 16 12 21 27 9 39 25 3 8 34 15 5 4 22 11 43 41 32 38 40 20 36 2 6 1 0 31 29 23 24 7 26 37 42 17 44 14 13 
0 32
1 31
2 29
3 14
4 19
5 18
6 30
7 37
8 15
9 11
10 3
11 21
12 8
13 44
14 43
15 17
16 7
17 41
18 6
19 5
20 27
21 9
22 20
23 35
24 36
25 13
26 38
27 10
28 2
29 34
30 0
31 33
32 24
33 1
34 16
35 4
36 28
37 39
38 25
39 12
40 26
41 23
42 40
43 22
44 42
SIMILAR

29 36 40 19 17 8 38 15 30 28 44 43 35 0 9 34 21 39 1 14 11 20 2 37 41 26 6 31 32 12 5 16 10 4 27 25 13 3 42 22 7 18 24 33 23 
0 13
1 18
2 22
3 37
4 33
5 30
6 26
7 40
8 5
9 14
10 32
11 20
12 29
13 36
14 19
15 7
16 31
17 4
18 41
19 3
20 21
21 16
22 39
23 44
24 42
25 35
26 25
27 34
28 9
29 0
30 8
31 27
32 28
33 43
34 15
35 12
36 1
37 23
38 6
39 17
40 2
41 24
42 38
43 11
44 10
SIMILAR

15 39 13 20 19 0 6 32 7 35 24 29 12 25 17 22 40 30 10 36 44 38 8 26 41 37 14 27 42 33 16 2 4 34 1 21 43 5 28 9 23 11 18 31 3 
0 5
1 34
2 31
3 44
4 32
5 37
6 6
7 8
8 22
9 39
10 18
11 41
12 12
13 2
14 26
15 0
16 30
17 14
18 42
19 4
20 3
21 35
22 15
23 40
24 10
25 13
26 23
27 27
28 38
29 11
30 17
31 43
32 7
33 29
34 33
35 9
36 19
37 25
38 21
39 1
40 16
41 24
42 28
43 36
44 20
SIMILAR

16 28 43 21 19 39 26 1 6 36 42 18 0 31 8 23 14 29 30 9 17 11 2 37 41 40 3 13 35 24 4 44 33 20 22 7 25 34 12 27 32 5 15 38 10 
0 12
1 7
2 22
3 26
4 30
5 41
6 8
7 35
8 14
9 19
10 44
11 21
12 38
13 27
14 16
15 42
16 0
17 20
18 11
19 4
20 33
21 3
22 34
23 15
24 29
25 36
26 6
27 39
28 1
29 17
30 18
31 13
32 40
33 32
34 37
35 28
36 9
37 23
38 43
39 5
40 25
41 24
42 10
43 2
44 31
SIMILAR

21 11 28 3 37 27 18 14 22 0 35 36 12 34 23 5 44 26 17 33 39 10 42 2 20 8 31 29 41 6 25 32 13 40 16 4 7 38 15 1 19 24 30 9 43 
0 9
1 39
2 23
3 3
4 35
5 15
6 29
7 36
8 25
9 43
10 21
11 1
12 12
13 32
14 7
15 38
16 34
17 18
18 6
19 40
20 24
21 0
22 8
23 14
24 41
25 30
26 17
27 5
28 2
29 27
30 42
31 26
32 31
33 19
34 13
35 10
36 11
37 4
38 37
39 20
40 33
41 28
42 22
43 44
44 16
SIMILAR

38 6 12 19 30 14 1 0 15 7 25 18 39 17 5 22 43 34 42 3 11 2 27 16 20 28 44 23 4 33 8 10 9 35 41 36 29 13 31 26 24 40 21 32 37 
0 7
1 6
2 21
3 19
4 28
5 14
6 1
7 9
8 30
9 32
10 31
11 20
12 2
13 37
14 5
15 8
16 23
17 13
18 11
19 3
20 24
21 42
22 15
23 27
24 40
25 10
26 39
27 22
28 25
29 36
30 4
31 38
32 43
33 29
34 17
35 33
36 35
37 44
38 0
39 12
40 41
41 34
42 18
43 16
44 26
SIMILAR

8 34 41 16 28 35 5 24 2 3 29 22 15 13 23 11 40 7 42 38 33 30 6 9 44 18 26 0 14 31 17 20 25 27 21 1 4 39 36 32 37 12 10 43 19 
0 27
1 35
2 8
3 9
4 36
5 6
6 22
7 17
8 0
9 23
10 42
11 15
12 41
13 13
14 28
15 12
16 3
17 30
18 25
19 44
20 31
21 34
22 11
23 14
24 7
25 32
26 26
27 33
28 4
29 10
30 21
31 29
32 39
33 20
34 1
35 5
36 38
37 40
38 19
39 37
40 16
41 2
42 18
43 43
44 24
SIMILAR

25 28 10 1 44 22 23 7 8 24 17 35 37 42 3 26 13 11 34 30 6 33 29 43 20 16 4 21 18 9 0 14 2 12 31 15 40 19 36 38 41 39 32 5 27 
0 30
1 3
2 32
3 14
4 26
5 43
6 20
7 7
8 8
9 29
10 2
11 17
12 33
13 16
14 31
15 35
16 25
17 10
18 28
19 37
20 24
21 27
22 5
23 6
24 9
25 0
26 15
27 44
28 1
29 22
30 19
31 34
32 42
33 21
34 18
35 11
36 38
37 12
38 39
39 41
40 36
41 40
42 13
43 23
44 4
SIMILAR

0 4 5 2 15 37 28 43 17 14 26 12 42 19 18 33 32 11 3 22 31 7 41 39 9 36 13 6 35 8 16 30 10 29 1 21 44 27 23 25 40 38 20 24 34 
0 0
1 34
2 3
3 18
4 1
5 2
6 27
7 21
8 29
9 24
10 32
11 17
12 11
13 26
14 9
15 4
16 30
17 8
18 14
19 13
20 42
21 35
22 19
23 38
24 43
25 39
26 10
27 37
28 6
29 33
30 31
31 20
32 16
33 15
34 44
35 28
36 25
37 5
38 41
39 23
40 40
41 22
42 12
43 7
44 36
SIMILAR

19 13 28 40 26 33 2 31 18 9 22 1 29 6 11 30 44 10 4 24 17 43 20 27 41 42 12 23 36 5 38 34 32 39 0 3 8 7 37 35 14 16 21 15 25 
0 34
1 11
2 6
3 35
4 18
5 29
6 13
7 37
8 36
9 9
10 17
11 14
12 26
13 1
14 40
15 43
16 41
17 20
18 8
19 0
20 22
21 42
22 10
23 27
24 19
25 44
26 4
27 23
28 2
29 12
30 15
31 7
32 32
33 5
34 31
35 39
36 28
37 38
38 30
39 33
40 3
41 24
42 25
43 21
44 16
SIMILAR

15 34 22 19 44 8 17 21 42 27 14 20 4 9 31 24 33 41 28 11 5 35 25 30 7 43 3 16 10 32 40 13 23 0 36 29 39 12 2 18 38 26 6 37 1 
0 33
1 44
2 38
3 26
4 12
5 20
6 42
7 24
8 5
9 13
10 28
11 19
12 37
13 31
14 10
15 0
16 27
17 6
18 39
19 3
20 11
21 7
22 2
23 32
24 15
25 22
26 41
27 9
28 18
29 35
30 23
31 14
32 29
33 16
34 1
35 21
36 34
37 43
38 40
39 36
40 30
41 17
42 8
43 25
44 4
SIMILAR

33 8 34 19 29 35 13 42 27 7 36 20 17 30 10 28 40 22 38 6 23 26 5 39 25 16 32 1 21 9 18 4 3 15 24 37 0 43 2 41 12 14 31 11 44 
0 36
1 27
2 38
3 32
4 31
5 22
6 19
7 9
8 1
9 29
10 14
11 43
12 40
13 6
14 41
15 33
16 25
17 12
18 30
19 3
20 11
21 28
22 17
23 20
24 34
25 24
26 21
27 8
28 15
29 4
30 13
31 42
32 26
33 0
34 2
35 5
36 10
37 35
38 18
39 23
40 16
41 39
42 7
43 37
44 44
SIMILAR

29 30 17 14 31 35 26 1 16 15 25 11 6 27 9 44 3 19 41 33 12 38 28 13 21 37 42 0 23 18 20 10 22 2 32 8 40 24 4 5 39 36 34 7 43 
0 27
1 7
2 33
3 16
4 38
5 39
6 12
7 43
8 35
9 14
10 31
11 11
12 20
13 23
14 3
15 9
16 8
17 2
18 29
19 17
20 30
21 24
22 32
23 28
24 37
25 10
26 6
27 13
28 22
29 0
30 1
31 4
32 34
33 19
34 42
35 5
36 41
37 25
38 21
39 40
40 36
41 18
42 26
43 44
44 15
SIMILAR

24 27 40 10 4 18 0 39 20 13 15 3 17 25 11 31 26 2 41 29 1 5 43 16 21 14 35 33 12 38 37 19 6 34 44 7 36 8 42 30 9 22 28 23 32 
0 6
1 20
2 17
3 11
4 4
5 21
6 32
7 35
8 37
9 40
10 3
11 14
12 28
13 9
14 25
15 10
16 23
17 12
18 5
19 31
20 8
21 24
22 41
23 43
24 0
25 13
26 16
27 1
28 42
29 19
30 39
31 15
32 44
33 27
34 33
35 26
36 36
37 30
38 29
39 7
40 2
41 18
42 38
43 22
44 34
SIMILAR

21 15 40 30 33 34 25 22 38 17 3 12 23 4 11 37 42 39 13 19 29 9 6 27 1 32 26 28 41 7 43 24 35 8 36 0 10 20 16 5 44 18 14 2 31 
0 35
1 24
2 43
3 10
4 13
5 39
6 22
7 29
8 33
9 21
10 36
11 14
12 11
13 18
14 42
15 1
16 38
17 9
18 41
19 19
20 37
21 0
22 7
23 12
24 31
25 6
26 26
27 23
28 27
29 20
30 3
31 44
32 25
33 4
34 5
35 32
36 34
37 15
38 8
39 17
40 2
41 28
42 16
43 30
44 40
SIMILAR

26 11 32 35 24 42 7 43 40 41 15 13 30 36 31 3 1 27 38 39 4 16 17 22 33 8 44 34 9 21 23 6 37 28 29 5 0 18 14 19 20 10 25 2 12 
0 36
1 16
2 43
3 15
4 20
5 35
6 31
7 6
8 25
9 28
10 41
11 1
12 44
13 11
14 38
15 10
16 21
17 22
18 37
19 39
20 40
21 29
22 23
23 30
24 4
25 42
26 0
27 17
28 33
29 34
30 12
31 14
32 2
33 24
34 27
35 3
36 13
37 32
38 18
39 19
40 8
41 9
42 5
43 7
44 26
SIMILAR

12 26 19 32 1 42 20 35 37 9 21 38 30 36 15 10 43 41 8 23 22 29 31 2 5 17 16 18 40 7 39 14 6 25 44 13 3 0 28 11 24 27 4 33 34 
0 37
1 4
2 23
3 36
4 42
5 24
6 32
7 29
8 18
9 9
10 15
11 39
12 0
13 35
14 31
15 14
16 26
17 25
18 27
19 2
20 6
21 10
22 20
23 19
24 40
25 33
26 1
27 41
28 38
29 21
30 12
31 22
32 3
33 43
34 44
35 7
36 13
37 8
38 11
39 30
40 28
41 17
42 5
43 16
44 34
SIMILAR

29 4 8 44 40 14 25 7 17 0 5 35 37 32 20 41 6 34 43 9 22 36 18 39 42 13 38 24 2 21 28 16 26 11 19 27 3 1 31 12 33 23 10 30 15 
0 9
1 37
2 28
3 36
4 1
5 10
6 16
7 7
8 2
9 19
10 42
11 33
12 39
13 25
14 5
15 44
16 31
17 8
18 22
19 34
20 14
21 29
22 20
23 41
24 27
25 6
26 32
27 35
28 30
29 0
30 43
31 38
32 13
33 40
34 17
35 11
36 21
37 12
38 26
39 23
40 4
41 15
42 24
43 18
44 3
SIMILAR

11 23 3 24 34 20 32 5 10 7 0 38 12 31 26 30 43 18 6 4 22 8 42 37 29 44 17 40 36 25 13 28 39 14 9 1 21 35 19 15 2 16 27 33 41 
0 10
1 35
2 40
3 2
4 19
5 7
6 18
7 9
8 21
9 34
10 8
11 0
12 12
13 30
14 33
15 39
16 41
17 26
18 17
19 38
20 5
21 36
22 20
23 1
24 3
25 29
26 14
27 42
28 31
29 24
30 15
31 13
32 6
33 43
34 4
35 37
36 28
37 23
38 11
39 32
40 27
41 44
42 22
43 16
44 25
SIMILAR

5 17 1 37 14 21 34 20 16 0 44 35 26 31 18 19 8 30 40 6 7 41 15 22 33 25 36 9 10 29 4 13 28 24 32 43 3 12 23 42 39 27 11 2 38 
0 9
1 2
2 43
3 36
4 30
5 0
6 19
7 20
8 16
9 27
10 28
11 42
12 37
13 31
14 4
15 22
16 8
17 1
18 14
19 15
20 7
21 5
22 23
23 38
24 33
25 25
26 12
27 41
28 32
29 29
30 17
31 13
32 34
33 24
34 6
35 11
36 26
37 3
38 44
39 40
40 18
41 21
42 39
43 35
44 10
SIMILAR

33 6 5 27 8 38 26 24 9 10 17 13 41 44 35 19 25 14 20 37 0 3 34 42 7 29 15 36 2 28 43 18 30 22 32 31 1 12 16 4 21 39 23 40 11 
0 20
1 36
2 28
3 21
4 39
5 2
6 1
7 24
8 4
9 8
10 9
11 44
12 37
13 11
14 17
15 26
16 38
17 10
18 31
19 15
20 18
21 40
22 33
23 42
24 7
25 16
26 6
27 3
28 29
29 25
30 32
31 35
32 34
33 0
34 22
35 14
36 27
37 19
38 5
39 41
40 43
41 12
42 23
43 30
44 13
SIMILAR

29 5 11 6 18 28 1 32 30 15 24 0 44 37 35 33 34 21 41 27 42 40 26 4 13 22 14 39 20 17 38 16 23 9 31 43 8 25 36 10 12 19 7 2 3 
0 11
1 6
2 43
3 44
4 23
5 1
6 3
7 42
8 36
9 33
10 39
11 2
12 40
13 24
14 26
15 9
16 31
17 29
18 4
19 41
20 28
21 17
22 25
23 32
24 10
25 37
26 22
27 19
28 5
29 0
30 8
31 34
32 7
33 15
34 16
35 14
36 38
37 13
38 30
39 27
40 21
41 18
42 20
43 35
44 12
SIMILAR

27 1 36 21 16 22 13 6 39 44 42 40 37 34 25 32 9 43 30 19 2 10 26 14 12 18 8 38 11 31 23 17 35 4 29 24 0 20 5 33 41 7 28 15 3 
0 36
1 1
2 20
3 44
4 33
5 38
6 7
7 41
8 26
9 16
10 21
11 28
12 24
13 6
14 23
15 43
16 4
17 31
18 25
19 19
20 37
21 3
22 5
23 30
24 35
25 14
26 22
27 0
28 42
29 34
30 18
31 29
32 15
33 39
34 13
35 32
36 2
37 12
38 27
39 8
40 11
41 40
42 10
43 17
44 9
SIMILAR

19 32 10 42 27 12 37 4 26 41 28 11 20 9 8 3 7 17 18 24 22 23 0 36 34 39 2 31 1 15 33 35 44 6 30 14 16 21 5 25 40 38 29 13 43 
0 22
1 28
2 26
3 15
4 7
5 38
6 33
7 16
8 14
9 13
10 2
11 11
12 5
13 43
14 35
15 29
16 36
17 17
18 18
19 0
20 12
21 37
22 20
23 21
24 19
25 39
26 8
27 4
28 10
29 42
30 34
31 27
32 1
33 30
34 24
35 31
36 23
37 6
38 41
39 25
40 40
41 9
42 3
43 44
44 32
SIMILAR

35 4 31 26 34 7 33 2 43 30 25 36 21 44 19 13 17 29 28 27 15 1 22 40 42 16 23 0 37 39 11 12 14 6 10 41 38 32 8 3 24 18 20 9 5 
0 27
1 21
2 7
3 39
4 1
5 44
6 33
7 5
8 38
9 43
10 34
11 30
12 31
13 15
14 32
15 20
16 25
17 16
18 41
19 14
20 42
21 12
22 22
23 26
24 40
25 10
26 3
27 19
28 18
29 17
30 9
31 2
32 37
33 6
34 4
35 0
36 11
37 28
38 36
39 29
40 23
41 35
42 24
43 8
44 13
SIMILAR

18 25 17 32 44 12 16 11 24 20 43 2 35 41 33 4 26 22 5 38 37 10 9 27 21 15 28 23 39 6 34 42 29 14 13 0 8 30 1 40 31 19 36 7 3 
0 35
1 38
2 11
3 44
4 15
5 18
6 29
7 43
8 36
9 22
10 21
11 7
12 5
13 34
14 33
15 25
16 6
17 2
18 0
19 41
20 9
21 24
22 17
23 27
24 8
25 1
26 16
27 23
28 26
29 32
30 37
31 40
32 3
33 14
34 30
35 12
36 42
37 20
38 19
39 28
40 39
41 13
42 31
43 10
44 4
SIMILAR

37 21 5 40 22 17 19 41 13 0 27 14 9 18 44 38 11 35 3 20 34 16 32 15 2 39 29 12 6 31 43 28 25 7 42 8 24 10 36 30 33 1 4 23 26 
0 9
1 41
2 24
3 18
4 42
5 2
6 28
7 33
8 35
9 12
10 37
11 16
12 27
13 8
14 11
15 23
16 21
17 5
18 13
19 6
20 19
21 1
22 4
23 43
24 36
25 32
26 44
27 10
28 31
29 26
30 39
31 29
32 22
33 40
34 20
35 17
36 38
37 0
38 15
39 25
40 3
41 7
42 34
43 30
44 14
SIMILAR

25 24 36 29 6 0 2 18 23 30 16 27 33 8 14 11 34 39 31 32 10 28 37 22 20 21 40 5 7 1 15 42 17 38 43 41 12 3 35 19 13 44 26 4 9 
0 5
1 29
2 6
3 37
4 43
5 27
6 4
7 28
8 13
9 44
10 20
11 15
12 36
13 40
14 14
15 30
16 10
17 32
18 7
19 39
20 24
21 25
22 23
23 8
24 1
25 0
26 42
27 11
28 21
29 3
30 9
31 18
32 19
33 12
34 16
35 38
36 2
37 22
38 33
39 17
40 26
41 35
42 31
43 34
44 41
SIMILAR

42 22 24 14 17 30 7 25 33 0 3 18 40 43 8 21 10 4 1 27 12 2 32 37 35 36 44 38 20 5 41 23 28 39 26 11 19 16 29 34 6 13 15 9 31 
0 9
1 18
2 21
3 10
4 17
5 29
6 40
7 6
8 14
9 43
10 16
11 35
12 20
13 41
14 3
15 42
16 37
17 4
18 11
19 36
20 28
21 15
22 1
23 31
24 2
25 7
26 34
27 19
28 32
29 38
30 5
31 44
32 22
33 8
34 39
35 24
36 25
37 23
38 27
39 33
40 12
41 30
42 0
43 13
44 26
SIMILAR

37 9 35 40 17 26 39 5 10 27 30 42 25 15 19 0 43 41 12 32 29 33 14 22 11 28 23 7 44 6 21 8 31 18 38 34 24 36 20 3 2 4 16 13 1 
0 15
1 44
2 40
3 39
4 41
5 7
6 29
7 27
8 31
9 1
10 8
11 24
12 18
13 43
14 22
15 13
16 42
17 4
18 33
19 14
20 38
21 30
22 23
23 26
24 36
25 12
26 5
27 9
28 25
29 20
30 10
31 32
32 19
33 21
34 35
35 2
36 37
37 0
38 34
39 6
40 3
41 17
42 11
43 16
44 28
SIMILAR

28 15 29 16 42 33 35 9 8 32 36 1 38 21 23 25 4 7 34 2 39 17 41 31 30 22 18 19 37 43 13 24 12 0 3 20 27 26 11 14 6 10 40 5 44 
0 33
1 11
2 19
3 34
4 16
5 43
6 40
7 17
8 8
9 7
10 41
11 38
12 32
13 30
14 39
15 1
16 3
17 21
18 26
19 27
20 35
21 13
22 25
23 14
24 31
25 15
26 37
27 36
28 0
29 2
30 24
31 23
32 9
33 5
34 18
35 6
36 10
37 28
38 12
39 20
40 42
41 22
42 4
43 29
44 44
SIMILAR

10 40 21 5 7 35 12 11 14 39 32 8 37 13 36 0 19 27 41 26 2 23 15 33 44 9 43 17 6 22 3 28 1 30 34 25 20 16 24 29 38 31 4 42 18 
0 15
1 32
2 20
3 30
4 42
5 3
6 28
7 4
8 11
9 25
10 0
11 7
12 6
13 13
14 8
15 22
16 37
17 27
18 44
19 16
20 36
21 2
22 29
23 21
24 38
25 35
26 19
27 17
28 31
29 39
30 33
31 41
32 10
33 23
34 34
35 5
36 14
37 12
38 40
39 9
40 1
41 18
42 43
43 26
44 24
SIMILAR

20 5 7 36 27 34 4 8 41 43 35 2 9 23 17 24 38 25 18 40 44 31 12 22 39 3 13 10 37 26 1 11 14 30 19 33 6 16 42 29 15 32 28 0 21 
0 43
1 30
2 11
3 25
4 6
5 1
6 36
7 2
8 7
9 12
10 27
11 31
12 22
13 26
14 32
15 40
16 37
17 14
18 18
19 34
20 0
21 44
22 23
23 13
24 15
25 17
26 29
27 4
28 42
29 39
30 33
31 21
32 41
33 35
34 5
35 10
36 3
37 28
38 16
39 24
40 19
41 8
42 38
43 9
44 20
SIMILAR

17 35 6 39 32 33 2 38 28 41 43 44 30 40 12 0 4 21 7 29 22 11 25 16 15 34 27 1 14 19 8 37 20 24 36 23 3 31 5 18 42 13 26 9 10 
0 15
1 27
2 6
3 36
4 16
5 38
6 2
7 18
8 30
9 43
10 44
11 21
12 14
13 41
14 28
15 24
16 23
17 0
18 39
19 29
20 32
21 17
22 20
23 35
24 33
25 22
26 42
27 26
28 8
29 19
30 12
31 37
32 4
33 5
34 25
35 1
36 34
37 31
38 7
39 3
40 13
41 9
42 40
43 10
44 11
SIMILAR

23 4 38 28 18 33 36 29 11 6 13 12 34 21 1 20 19 31 10 40 39 0 26 30 42 16 8 32 22 24 44 25 2 43 9 27 7 14 5 3 35 37 15 41 17 
0 21
1 14
2 32
3 39
4 1
5 38
6 9
7 36
8 26
9 34
10 18
11 8
12 11
13 10
14 37
15 42
16 25
17 44
18 4
19 16
20 15
21 13
22 28
23 0
24 29
25 31
26 22
27 35
28 3
29 7
30 23
31 17
32 27
33 5
34 12
35 40
36 6
37 41
38 2
39 20
40 19
41 43
42 24
43 33
44 30
SIMILAR

30 8 6 31 32 39 17 11 26 3 28 43 1 14 29 13 44 38 22 18 33 36 5 19 41 16 40 42 21 7 23 34 10 20 24 0 37 12 35 25 9 15 2 4 27 
0 35
1 12
2 42
3 9
4 43
5 22
6 2
7 29
8 1
9 40
10 32
11 7
12 37
13 15
14 13
15 41
16 25
17 6
18 19
19 23
20 33
21 28
22 18
23 30
24 34
25 39
26 8
27 44
28 10
29 14
30 0
31 3
32 4
33 20
34 31
35 38
36 21
37 36
38 17
39 5
40 26
41 24
42 27
43 11
44 16
SIMILAR

28 23 25 13 1 19 34 27 39 15 21 32 11 7 9 20 8 17 44 14 40 0 33 24 12 41 29 30 16 26 35 38 31 18 37 3 42 22 10 36 2 6 5 4 43 
0 21
1 4
2 40
3 35
4 43
5 42
6 41
7 13
8 16
9 14
10 38
11 12
12 24
13 3
14 19
15 9
16 28
17 17
18 33
19 5
20 15
21 10
22 37
23 1
24 23
25 2
26 29
27 7
28 0
29 26
30 27
31 32
32 11
33 22
34 6
35 30
36 39
37 34
38 31
39 8
40 20
41 25
42 36
43 44
44 18
SIMILAR

44 10 5 15 39 35 28 9 14 3 41 30 8 32 21 16 31 23 36 33 20 42 18 19 4 25 13 26 24 37 38 17 0 29 7 2 40 43 12 6 27 22 34 11 1 
0 32
1 44
2 35
3 9
4 24
5 2
6 39
7 34
8 12
9 7
10 1
11 43
12 38
13 26
14 8
15 3
16 15
17 31
18 22
19 23
20 20
21 14
22 41
23 17
24 28
25 25
26 27
27 40
28 6
29 33
30 11
31 16
32 13
33 19
34 42
35 5
36 18
37 29
38 30
39 4
40 36
41 10
42 21
43 37
44 0
SIMILAR

18 21 3 34 40 10 25 7 33 39 44 9 36 38 12 13 43 19 29 32 30 15 20 1 22 24 0 41 8 23 11 16 26 6 2 42 37 28 27 4 5 31 35 14 17 
0 26
1 23
2 34
3 2
4 39
5 40
6 33
7 7
8 28
9 11
10 5
11 30
12 14
13 15
14 43
15 21
16 31
17 44
18 0
19 17
20 22
21 1
22 24
23 29
24 25
25 6
26 32
27 38
28 37
29 18
30 20
31 41
32 19
33 8
34 3
35 42
36 12
37 36
38 13
39 9
40 4
41 27
42 35
43 16
44 10
SIMILAR

40 42 43 30 37 31 9 0 18 33 39 17 28 34 38 27 13 24 15 44 41 1 19 6 29 2 16 23 5 32 7 35 22 20 3 26 21 36 25 14 11 12 4 10 8 
0 7
1 21
2 25
3 34
4 42
5 28
6 23
7 30
8 44
9 6
10 43
11 40
12 41
13 16
14 39
15 18
16 26
17 11
18 8
19 22
20 33
21 36
22 32
23 27
24 17
25 38
26 35
27 15
28 12
29 24
30 3
31 5
32 29
33 9
34 13
35 31
36 37
37 4
38 14
39 10
40 0
41 20
42 1
43 2
44 19
SIMILAR

0 40 8 29 15 36 44 22 2 39 33 16 1 19 13 4 25 30 28 21 10 11 14 12 41 35 42 37 6 32 17 7 3 24 18 20 31 43 27 9 26 38 34 5 23 
0 0
1 12
2 8
3 32
4 15
5 43
6 28
7 31
8 2
9 39
10 20
11 21
12 23
13 14
14 22
15 4
16 11
17 30
18 34
19 13
20 35
21 19
22 7
23 44
24 33
25 16
26 40
27 38
28 18
29 3
30 17
31 36
32 29
33 10
34 42
35 25
36 5
37 27
38 41
39 9
40 1
41 24
42 26
43 37
44 6
SIMILAR

1 24 41 17 8 43 31 39 12 34 30 7 4 33 14 29 25 9 38 27 28 40 13 11 21 0 10 6 26 5 15 19 44 16 2 3 23 22 35 42 32 36 37 18 20 
0 25
1 0
2 34
3 35
4 12
5 29
6 27
7 11
8 4
9 17
10 26
11 23
12 8
13 22
14 14
15 30
16 33
17 3
18 43
19 31
20 44
21 24
22 37
23 36
24 1
25 16
26 28
27 19
28 20
29 15
30 10
31 6
32 40
33 13
34 9
35 38
36 41
37 42
38 18
39 7
40 21
41 2
42 39
43 5
44 32
SIMILAR

38 4 16 22 28 31 30 33 18 14 21 20 2 1 26 44 23 37 41 27 10 5 29 42 6 12 8 36 35 17 43 25 9 3 0 32 24 34 19 40 11 39 15 7 13 
0 34
1 13
2 12
3 33
4 1
5 21
6 24
7 43
8 26
9 32
10 20
11 40
12 25
13 44
14 9
15 42
16 2
17 29
18 8
19 38
20 11
21 10
22 3
23 16
24 36
25 31
26 14
27 19
28 4
29 22
30 6
31 5
32 35
33 7
34 37
35 28
36 27
37 17
38 0
39 41
40 39
41 18
42 23
43 30
44 15
SIMILAR

5 2 32 42 7 11 13 6 21 43 12 36 28 8 33 35 40 27 31 18 39 38 1 37 16 4 22 15 14 25 30 23 44 20 34 24 10 9 17 19 0 41 26 3 29 
0 40
1 22
2 1
3 43
4 25
5 0
6 7
7 4
8 13
9 37
10 36
11 5
12 10
13 6
14 28
15 27
16 24
17 38
18 19
19 39
20 33
21 8
22 26
23 31
24 35
25 29
26 42
27 17
28 12
29 44
30 30
31 18
32 2
33 14
34 34
35 15
36 11
37 23
38 21
39 20
40 16
41 41
42 3
43 9
44 32
SIMILAR

4 33 28 23 2 6 18 19 1 5 0 29 11 22 36 24 43 31 30 14 32 44 9 21 13 40 10 37 17 7 35 42 12 41 38 26 34 20 25 3 15 39 27 16 8 
0 10
1 8
2 4
3 39
4 0
5 9
6 5
7 29
8 44
9 22
10 26
11 12
12 32
13 24
14 19
15 40
16 43
17 28
18 6
19 7
20 37
21 23
22 13
23 3
24 15
25 38
26 35
27 42
28 2
29 11
30 18
31 17
32 20
33 1
34 36
35 30
36 14
37 27
38 34
39 41
40 25
41 33
42 31
43 16
44 21
SIMILAR

37 4 17 9 20 29 11 40 18 27 35 24 43 5 16 34 14 21 41 44 6 26 13 15 0 25 23 19 7 31 1 12 38 10 22 39 42 8 36 33 3 30 32 28 2 
0 24
1 30
2 44
3 40
4 1
5 13
6 20
7 28
8 37
9 3
10 33
11 6
12 31
13 22
14 16
15 23
16 14
17 2
18 8
19 27
20 4
21 17
22 34
23 26
24 11
25 25
26 21
27 9
28 43
29 5
30 41
31 29
32 42
33 39
34 15
35 10
36 38
37 0
38 32
39 35
40 7
41 18
42 36
43 12
44 19
SIMILAR

29 34 19 24 41 8 9 7 23 33 12 11 22 15 32 26 2 40 16 43 38 6 3 25 31 1 39 28 14 35 5 27 42 44 4 20 36 17 0 13 21 30 10 37 18 
0 38
1 25
2 16
3 22
4 34
5 30
6 21
7 7
8 5
9 6
10 42
11 11
12 10
13 39
14 28
15 13
16 18
17 37
18 44
19 2
20 35
21 40
22 12
23 8
24 3
25 23
26 15
27 31
28 27
29 0
30 41
31 24
32 14
33 9
34 1
35 29
36 36
37 43
38 20
39 26
40 17
41 4
42 32
43 19
44 33
SIMILAR

42 37 41 18 6 22 26 14 25 40 32 1 30 10 38 19 3 12 5 20 29 36 0 16 35 21 39 27 31 15 28 24 13 17 8 2 23 7 43 34 33 44 9 11 4 
0 22
1 11
2 35
3 16
4 44
5 18
6 4
7 37
8 34
9 42
10 13
11 43
12 17
13 32
14 7
15 29
16 23
17 33
18 3
19 15
20 19
21 25
22 5
23 36
24 31
25 8
26 6
27 27
28 30
29 20
30 12
31 28
32 10
33 40
34 39
35 24
36 21
37 1
38 14
39 26
40 9
41 2
42 0
43 38
44 41
SIMILAR

4 24 39 6 37 29 10 14 22 11 9 3 17 27 18 21 34 0 33 38 20 1 43 41 15 35 40 8 13 26 25 36 28 12 7 19 44 30 2 5 23 31 32 16 42 
0 17
1 21
2 38
3 11
4 0
5 39
6 3
7 34
8 27
9 10
10 6
11 9
12 33
13 28
14 7
15 24
16 43
17 12
18 14
19 35
20 20
21 15
22 8
23 40
24 1
25 30
26 29
27 13
28 32
29 5
30 37
31 41
32 42
33 18
34 16
35 25
36 31
37 4
38 19
39 2
40 26
41 23
42 44
43 22
44 36
SIMILAR

33 17 4 9 36 2 18 20 15 22 42 25 10 11 16 43 0 6 39 32 29 27 5 44 12 21 26 34 38 7 19 41 3 14 30 28 24 13 8 23 1 40 37 35 31 
0 16
1 40
2 5
3 32
4 2
5 22
6 17
7 29
8 38
9 3
10 12
11 13
12 24
13 37
14 33
15 8
16 14
17 1
18 6
19 30
20 7
21 25
22 9
23 39
24 36
25 11
26 26
27 21
28 35
29 20
30 34
31 44
32 19
33 0
34 27
35 43
36 4
37 42
38 28
39 18
40 41
41 31
42 10
43 15
44 23
SIMILAR

30 25 9 38 35 40 21 31 20 4 3 5 29 39 36 23 43 11 14 27 28 19 18 24 17 33 8 12 37 32 13 2 15 22 16 42 10 44 1 26 41 6 0 7 34 
0 42
1 38
2 31
3 10
4 9
5 11
6 41
7 43
8 26
9 2
10 36
11 17
12 27
13 30
14 18
15 32
16 34
17 24
18 22
19 21
20 8
21 6
22 33
23 15
24 23
25 1
26 39
27 19
28 20
29 12
30 0
31 7
32 29
33 25
34 44
35 4
36 14
37 28
38 3
39 13
40 5
41 40
42 35
43 16
44 37
SIMILAR

39 4 16 37 3 11 22 31 19 14 9 8 6 0 21 24 10 41 25 30 44 26 18 5 7 42 29 33 17 34 35 38 13 1 15 43 28 27 36 32 20 12 2 40 23 
0 13
1 33
2 42
3 4
4 1
5 23
6 12
7 24
8 11
9 10
10 16
11 5
12 41
13 32
14 9
15 34
16 2
17 28
18 22
19 8
20 40
21 14
22 6
23 44
24 15
25 18
26 21
27 37
28 36
29 26
30 19
31 7
32 39
33 27
34 29
35 30
36 38
37 3
38 31
39 0
40 43
41 17
42 25
43 35
44 20
SIMILAR

23 27 22 38 44 41 10 26 37 20 35 39 36 34 1 11 13 32 19 0 14 42 6 24 15 4 43 17 16 21 2 18 28 33 29 7 40 8 12 3 30 5 25 31 9 
0 19
1 14
2 30
3 39
4 25
5 41
6 22
7 35
8 37
9 44
10 6
11 15
12 38
13 16
14 20
15 24
16 28
17 27
18 31
19 18
20 9
21 29
22 2
23 0
24 23
25 42
26 7
27 1
28 32
29 34
30 40
31 43
32 17
33 33
34 13
35 10
36 12
37 8
38 3
39 11
40 36
41 5
42 21
43 26
44 4
SIMILAR

43 10 33 39 23 38 36 7 32 27 24 26 31 3 0 35 42 19 9 5 29 44 6 41 20 2 22 18 14 21 25 34 4 11 30 16 13 40 28 17 12 15 37 8 1 
0 14
1 44
2 25
3 13
4 32
5 19
6 22
7 7
8 43
9 18
10 1
11 33
12 40
13 36
14 28
15 41
16 35
17 39
18 27
19 17
20 24
21 29
22 26
23 4
24 10
25 30
26 11
27 9
28 38
29 20
30 34
31 12
32 8
33 2
34 31
35 15
36 6
37 42
38 5
39 3
40 37
41 23
42 16
43 0
44 21
SIMILAR
100 0
700 0
410700 0
