45
0 0 1 1 1 1 1 1 0 1 1 0 0 1 1 1 1 0 1 0 0 1 0 1 1 1 1 0 0 0 1 0 0 1 1 1 0 1 1 0 0 0 0 1 1 
0 0 0 1 0 1 1 0 1 1 1 1 0 0 0 0 0 1 0 1 0 1 1 1 1 0 1 0 1 1 0 1 0 1 1 1 1 1 1 0 1 1 0 1 0 
1 0 0 1 1 0 0 1 1 1 0 0 0 1 0 1 1 1 1 1 0 1 0 1 1 1 0 0 0 1 0 1 1 1 1 0 0 1 0 1 1 1 1 0 0 
1 1 1 0 1 1 1 1 1 0 1 1 0 0 0 0 0 0 0 0 1 1 1 0 0 0 0 1 0 1 1 1 0 1 1 0 1 1 1 0 1 1 0 0 0 
1 0 1 1 0 0 0 1 1 1 1 1 0 1 1 1 1 0 0 0 1 0 1 0 0 0 1 0 1 0 0 1 0 0 0 1 0 1 0 1 1 1 0 0 1 
1 1 0 1 0 0 0 0 1 0 0 0 0 1 1 0 0 1 0 1 0 1 1 0 1 0 1 1 0 0 1 0 1 1 0 1 0 1 1 1 1 1 1 0 1 
1 1 0 1 0 0 0 1 1 1 0 0 1 0 0 1 1 0 1 0 1 0 1 1 0 0 0 0 0 0 1 0 0 0 0 1 1 1 1 1 0 0 1 1 1 
1 0 1 1 1 0 1 0 0 0 0 0 1 1 0 0 1 0 0 0 1 0 1 1 0 1 1 0 1 1 1 1 0 1 0 0 1 1 1 0 1 0 0 1 1 
0 1 1 1 1 1 1 0 0 1 1 1 1 0 1 1 0 1 1 1 0 0 0 1 0 0 1 1 1 1 1 0 1 1 0 0 1 0 0 0 0 0 1 1 0 
1 1 1 0 1 0 1 0 1 0 0 0 0 0 0 1 1 0 0 0 1 1 0 1 1 0 0 0 1 1 0 1 0 1 1 0 0 1 0 1 0 0 1 1 1 
1 1 0 1 1 0 0 0 1 0 0 1 1 0 1 0 0 1 1 0 0 0 1 0 0 1 1 1 0 0 0 0 0 1 1 1 1 0 0 0 1 1 1 1 0 
0 1 0 1 1 0 0 0 1 0 1 0 1 1 1 0 0 1 0 0 1 1 1 1 0 0 0 0 0 0 0 0 1 1 0 1 1 0 0 0 1 1 0 1 0 
0 0 0 0 0 0 1 1 1 0 1 1 0 0 1 0 1 0 0 1 1 0 1 1 1 0 1 1 0 1 1 1 0 0 1 1 1 0 1 0 0 1 0 1 0 
1 0 1 0 1 1 0 1 0 0 0 1 0 0 1 0 1 0 0 0 1 0 0 1 0 0 0 0 1 1 1 0 1 0 1 1 0 1 0 0 0 1 0 1 1 
1 0 0 0 1 1 0 0 1 0 1 1 1 1 0 1 0 1 1 1 1 0 1 1 1 1 1 1 1 1 1 0 0 0 0 1 0 0 1 0 0 0 1 0 1 
1 0 1 0 1 0 1 0 1 1 0 0 0 0 1 0 0 0 0 0 1 1 0 0 0 0 0 1 0 0 0 1 1 0 0 0 1 0 1 0 0 0 1 0 0 
1 0 1 0 1 0 1 1 0 1 0 0 1 1 0 0 0 0 1 1 1 0 1 1 0 1 1 1 0 0 0 0 1 0 1 0 1 1 0 1 1 0 0 0 0 
0 1 1 0 0 1 0 0 1 0 1 1 0 0 1 0 0 0 0 1 0 1 1 0 1 1 0 1 0 0 1 0 1 0 1 1 1 0 1 1 0 1 0 1 1 
1 0 1 0 0 0 1 0 1 0 1 0 0 0 1 0 1 0 0 0 1 0 1 1 0 1 1 1 0 0 0 1 1 0 1 0 0 1 0 1 1 0 0 1 1 
0 1 1 0 0 1 0 0 1 0 0 0 1 0 1 0 1 1 0 0 0 0 0 0 0 0 1 0 1 1 1 0 0 1 0 1 1 1 1 1 0 1 1 1 0 
0 0 0 1 1 0 1 1 0 1 0 1 1 1 1 1 1 0 1 0 0 1 0 0 0 1 0 1 1 1 1 0 1 1 1 1 0 1 1 1 1 0 0 1 0 
1 1 1 1 0 1 0 0 0 1 0 1 0 0 0 1 0 1 0 0 1 0 0 0 1 0 1 1 1 1 1 1 0 0 0 0 1 0 1 0 0 1 0 0 0 
0 1 0 1 1 1 1 1 0 0 1 1 1 0 1 0 1 1 1 0 0 0 0 0 0 0 0 1 0 1 0 1 0 0 0 1 1 0 1 1 0 0 0 1 1 
1 1 1 0 0 0 1 1 1 1 0 1 1 1 1 0 1 0 1 0 0 0 0 0 0 1 0 0 1 1 0 1 0 1 1 1 0 0 0 1 1 0 1 0 1 
1 1 1 0 0 1 0 0 0 1 0 0 1 0 1 0 0 1 0 0 0 1 0 0 0 0 0 1 0 0 0 1 0 0 0 0 0 1 1 1 1 0 1 0 0 
1 0 1 0 0 0 0 1 0 0 1 0 0 0 1 0 1 1 1 0 1 0 0 1 0 0 1 0 1 1 1 1 0 0 0 0 1 1 0 0 1 0 1 1 1 
1 1 0 0 1 1 0 1 1 0 1 0 1 0 1 0 1 0 1 1 0 1 0 0 0 1 0 0 0 0 0 0 0 1 0 1 1 0 1 0 1 0 1 0 1 
0 0 0 1 0 1 0 0 1 0 1 0 1 0 1 1 1 1 1 0 1 1 1 0 1 0 0 0 1 1 1 0 0 0 0 1 0 1 1 0 0 1 1 1 0 
0 1 0 0 1 0 0 1 1 1 0 0 0 1 1 0 0 0 0 1 1 1 0 1 0 1 0 1 0 1 1 0 0 0 1 1 0 1 0 0 1 1 0 0 1 
0 1 1 1 0 0 0 1 1 1 0 0 1 1 1 0 0 0 0 1 1 1 1 1 0 1 0 1 1 0 0 0 0 1 1 0 1 1 0 1 1 0 0 1 0 
1 0 0 1 0 1 1 1 1 0 0 0 1 1 1 0 0 1 0 1 1 1 0 0 0 1 0 1 1 0 0 1 1 1 1 0 0 0 1 1 0 1 0 0 0 
0 1 1 1 1 0 0 1 0 1 0 0 1 0 0 1 0 0 1 0 0 1 1 1 1 1 0 0 0 0 1 0 1 0 1 1 1 0 1 1 0 1 1 0 0 
0 0 1 0 0 1 0 0 1 0 0 1 0 1 0 1 1 1 1 0 1 0 0 0 0 0 0 0 0 0 1 1 0 1 1 1 0 1 0 0 0 0 1 0 0 
1 1 1 1 0 1 0 1 1 1 1 1 0 0 0 0 0 0 0 1 1 0 0 1 0 0 1 0 0 1 1 0 1 0 1 1 0 0 1 1 0 1 0 0 0 
1 1 1 1 0 0 0 0 0 1 1 0 1 1 0 0 1 1 1 0 1 0 0 1 0 0 0 0 1 1 1 1 1 1 0 1 1 0 1 1 0 0 1 0 1 
1 1 0 0 1 1 1 0 0 0 1 1 1 1 1 0 0 1 0 1 1 0 1 1 0 0 1 1 1 0 0 1 1 1 1 0 0 1 1 1 0 0 0 1 1 
0 1 0 1 0 0 1 1 1 0 1 1 1 0 0 1 1 1 0 1 0 1 1 0 0 1 1 0 0 1 0 1 0 0 1 0 0 1 0 0 1 1 1 1 0 
1 1 1 1 1 1 1 1 0 1 0 0 0 1 0 0 1 0 1 1 1 0 0 0 1 1 0 1 1 1 0 0 1 0 0 1 1 0 1 1 1 0 0 1 0 
1 1 0 1 0 1 1 1 0 0 0 0 1 0 1 1 0 1 0 1 1 1 1 0 1 0 1 1 0 0 1 1 0 1 1 1 0 1 0 0 1 1 0 1 0 
0 0 1 0 1 1 1 0 0 1 0 0 0 0 0 0 1 1 1 1 1 0 1 1 1 0 0 0 0 1 1 1 0 1 1 1 0 1 0 0 0 1 0 0 1 
0 1 1 1 1 1 0 1 0 0 1 1 0 0 0 0 1 0 1 0 1 0 0 1 1 1 1 0 1 1 0 0 0 0 0 0 1 1 1 0 0 1 1 0 1 
0 1 1 1 1 1 0 0 0 0 1 1 1 1 0 0 0 1 0 1 0 1 0 0 0 0 0 1 1 0 1 1 0 1 0 0 1 0 1 1 1 0 1 0 0 
0 0 1 0 0 1 1 0 1 1 1 0 0 0 1 1 0 0 0 1 0 0 0 1 1 1 1 1 0 0 0 1 1 0 1 0 1 0 0 0 1 1 0 1 1 
1 1 0 0 0 0 1 1 1 1 1 1 1 1 0 0 0 1 1 1 1 0 1 0 0 1 0 1 0 1 0 0 0 0 0 1 1 1 1 0 0 0 1 0 1 
1 0 0 0 1 1 1 1 0 1 0 0 0 1 1 0 0 1 1 0 0 0 1 1 0 1 1 0 1 0 0 0 0 0 1 1 0 0 0 1 1 0 1 1 0 

12 24 40 5 17 25 20 8 33 27 42 41 19 37 30 6 31 1 7 35 26 10 4 44 43 9 13 0 21 14 29 22 23 11 39 32 38 16 34 28 3 15 2 36 18 
0 27
1 17
2 42
3 40
4 22
5 3
6 15
7 18
8 7
9 25
10 21
11 33
12 0
13 26
14 29
15 41
16 37
17 4
18 44
19 12
20 6
21 28
22 31
23 32
24 1
25 5
26 20
27 9
28 39
29 30
30 14
31 16
32 35
33 8
34 38
35 19
36 43
37 13
38 36
39 34
40 2
41 11
42 10
43 24
44 23
SIMILAR

24 10 40 22 18 13 34 43 16 42 0 39 3 32 33 36 31 1 28 25 21 2 6 9 37 30 7 8 44 38 27 11 23 4 15 41 35 19 29 26 12 14 5 20 17 
0 10
1 17
2 21
3 12
4 33
5 42
6 22
7 26
8 27
9 23
10 1
11 31
12 40
13 5
14 41
15 34
16 8
17 44
18 4
19 37
20 43
21 20
22 3
23 32
24 0
25 19
26 39
27 30
28 18
29 38
30 25
31 16
32 13
33 14
34 6
35 36
36 15
37 24
38 29
39 11
40 2
41 35
42 9
43 7
44 28
SIMILAR

35 0 44 38 33 32 37 23 19 12 18 16 1 13 31 5 29 2 41 39 43 9 28 20 27 24 21 10 15 8 17 3 42 30 34 11 40 36 7 4 25 26 6 22 14 
0 1
1 12
2 17
3 31
4 39
5 15
6 42
7 38
8 29
9 21
10 27
11 35
12 9
13 13
14 44
15 28
16 11
17 30
18 10
19 8
20 23
21 26
22 43
23 7
24 25
25 40
26 41
27 24
28 22
29 16
30 33
31 14
32 5
33 4
34 34
35 0
36 37
37 6
38 3
39 19
40 36
41 18
42 32
43 20
44 2
SIMILAR

2 43 37 31 41 15 44 27 42 12 18 29 30 8 36 0 38 13 28 25 34 1 10 16 22 6 17 5 26 35 9 4 32 39 14 3 24 21 7 40 23 33 20 19 11 
0 15
1 21
2 0
3 35
4 31
5 27
6 25
7 38
8 13
9 30
10 22
11 44
12 9
13 17
14 34
15 5
16 23
17 26
18 10
19 43
20 42
21 37
22 24
23 40
24 36
25 19
26 28
27 7
28 18
29 11
30 12
31 3
32 32
33 41
34 20
35 29
36 14
37 2
38 16
39 33
40 39
41 4
42 8
43 1
44 6
SIMILAR

13 11 6 24 18 16 40 10 41 37 20 12 34 15 21 44 33 14 36 2 8 43 4 28 7 42 32 27 39 5 25 0 1 29 38 23 17 31 22 30 9 3 35 19 26 
0 31
1 32
2 19
3 41
4 22
5 29
6 2
7 24
8 20
9 40
10 7
11 1
12 11
13 0
14 17
15 13
16 5
17 36
18 4
19 43
20 10
21 14
22 38
23 35
24 3
25 30
26 44
27 27
28 23
29 33
30 39
31 37
32 26
33 16
34 12
35 42
36 18
37 9
38 34
39 28
40 6
41 8
42 25
43 21
44 15
SIMILAR

25 35 41 6 12 5 44 27 18 14 22 33 26 21 4 40 9 42 43 23 13 31 16 29 34 7 17 28 2 38 11 32 3 36 30 20 19 10 39 0 24 15 1 37 8 
0 39
1 42
2 28
3 32
4 14
5 5
6 3
7 25
8 44
9 16
10 37
11 30
12 4
13 20
14 9
15 41
16 22
17 26
18 8
19 36
20 35
21 13
22 10
23 19
24 40
25 0
26 12
27 7
28 27
29 23
30 34
31 21
32 31
33 11
34 24
35 1
36 33
37 43
38 29
39 38
40 15
41 2
42 17
43 18
44 6
SIMILAR

7 18 40 21 6 43 4 25 41 19 8 13 3 2 10 26 42 35 44 15 24 37 34 27 39 32 11 30 33 22 1 14 12 38 0 36 23 9 16 28 31 5 17 29 20 
0 34
1 30
2 13
3 12
4 6
5 41
6 4
7 0
8 10
9 37
10 14
11 26
12 32
13 11
14 31
15 19
16 38
17 42
18 1
19 9
20 44
21 3
22 29
23 36
24 20
25 7
26 15
27 23
28 39
29 43
30 27
31 40
32 25
33 28
34 22
35 17
36 35
37 21
38 33
39 24
40 2
41 8
42 16
43 5
44 18
SIMILAR

42 0 32 6 11 34 44 26 25 39 1 2 22 9 3 8 33 23 15 17 31 21 40 37 20 24 19 29 28 7 38 12 16 13 10 14 41 18 36 27 4 5 30 43 35 
0 1
1 10
2 11
3 14
4 40
5 41
6 3
7 29
8 15
9 13
10 34
11 4
12 31
13 33
14 35
15 18
16 32
17 19
18 37
19 26
20 24
21 21
22 12
23 17
24 25
25 8
26 7
27 39
28 28
29 27
30 42
31 20
32 2
33 16
34 5
35 44
36 38
37 23
38 30
39 9
40 22
41 36
42 0
43 43
44 6
SIMILAR

31 43 3 37 30 14 11 17 8 27 18 26 32 16 41 35 42 29 21 12 2 10 1 15 22 33 36 24 28 23 38 44 40 5 39 4 7 25 0 20 6 9 13 34 19 
0 38
1 22
2 20
3 2
4 35
5 33
6 40
7 36
8 8
9 41
10 21
11 6
12 19
13 42
14 5
15 23
16 13
17 7
18 10
19 44
20 39
21 18
22 24
23 29
24 27
25 37
26 11
27 9
28 28
29 17
30 4
31 0
32 12
33 25
34 43
35 15
36 26
37 3
38 30
39 34
40 32
41 14
42 16
43 1
44 31
SIMILAR

43 23 31 10 20 4 38 19 0 33 7 29 34 15 1 16 6 14 17 41 2 11 25 36 30 21 24 8 12 28 5 13 35 9 27 44 42 37 39 26 40 18 22 3 32 
0 8
1 14
2 20
3 43
4 5
5 30
6 16
7 10
8 27
9 33
10 3
11 21
12 28
13 31
14 17
15 13
16 15
17 18
18 41
19 7
20 4
21 25
22 42
23 1
24 26
25 22
26 39
27 34
28 29
29 11
30 24
31 2
32 44
33 9
34 12
35 32
36 23
37 37
38 6
39 38
40 40
41 19
42 36
43 0
44 35
SIMILAR

15 8 10 34 5 18 14 17 9 26 25 0 39 11 13 31 3 16 22 19 1 35 40 7 32 24 37 2 33 12 28 6 4 44 38 23 21 29 30 20 42 41 43 27 36 
0 11
1 20
2 27
3 16
4 32
5 4
6 31
7 23
8 1
9 8
10 2
11 13
12 29
13 14
14 6
15 0
16 17
17 7
18 5
19 19
20 39
21 36
22 18
23 35
24 25
25 10
26 9
27 43
28 30
29 37
30 38
31 15
32 24
33 28
34 3
35 21
36 44
37 26
38 34
39 12
40 22
41 41
42 40
43 42
44 33
SIMILAR

32 28 40 33 11 3 37 20 7 10 31 39 4 0 35 34 22 6 16 8 43 38 30 24 12 29 42 13 26 19 21 17 15 14 23 2 25 1 18 27 5 41 44 9 36 
0 13
1 37
2 35
3 5
4 12
5 40
6 17
7 8
8 19
9 43
10 9
11 4
12 24
13 27
14 33
15 32
16 18
17 31
18 38
19 29
20 7
21 30
22 16
23 34
24 23
25 36
26 28
27 39
28 1
29 25
30 22
31 10
32 0
33 3
34 15
35 14
36 44
37 6
38 21
39 11
40 2
41 41
42 26
43 20
44 42
SIMILAR

23 31 3 18 40 7 41 12 17 4 35 20 24 29 22 38 13 34 39 14 10 9 27 43 8 33 6 21 11 42 37 5 15 16 19 44 0 32 1 2 36 28 25 26 30 
0 36
1 38
2 39
3 2
4 9
5 31
6 26
7 5
8 24
9 21
10 20
11 28
12 7
13 16
14 19
15 32
16 33
17 8
18 3
19 34
20 11
21 27
22 14
23 0
24 12
25 42
26 43
27 22
28 41
29 13
30 44
31 1
32 37
33 25
34 17
35 10
36 40
37 30
38 15
39 18
40 4
41 6
42 29
43 23
44 35
SIMILAR

20 31 16 11 38 22 3 36 8 6 42 37 41 13 33 18 28 35 10 25 0 23 27 43 17 29 39 34 4 2 21 40 14 44 24 5 32 15 19 1 7 30 9 26 12 
0 20
1 39
2 29
3 6
4 28
5 35
6 9
7 40
8 8
9 42
10 18
11 3
12 44
13 13
14 32
15 37
16 2
17 24
18 15
19 38
20 0
21 30
22 5
23 21
24 34
25 19
26 43
27 22
28 16
29 25
30 41
31 1
32 36
33 14
34 27
35 17
36 7
37 11
38 4
39 26
40 31
41 12
42 10
43 23
44 33
SIMILAR

39 25 38 40 14 28 23 19 10 44 4 2 7 9 26 17 21 37 20 22 1 30 8 35 31 24 18 43 13 11 0 12 34 36 5 29 33 41 16 6 32 42 27 15 3 
0 30
1 20
2 11
3 44
4 10
5 34
6 39
7 12
8 22
9 13
10 8
11 29
12 31
13 28
14 4
15 43
16 38
17 15
18 26
19 7
20 18
21 16
22 19
23 6
24 25
25 1
26 14
27 42
28 5
29 35
30 21
31 24
32 40
33 36
34 32
35 23
36 33
37 17
38 2
39 0
40 3
41 37
42 41
43 27
44 9
SIMILAR

3 36 29 22 30 20 38 19 34 0 16 32 26 2 9 11 4 40 8 27 15 31 6 18 43 37 7 24 21 10 42 23 28 35 17 41 33 25 44 5 13 1 39 12 14 
0 9
1 41
2 13
3 0
4 16
5 39
6 22
7 26
8 18
9 14
10 29
11 15
12 43
13 40
14 44
15 20
16 10
17 34
18 23
19 7
20 5
21 28
22 3
23 31
24 27
25 37
26 12
27 19
28 32
29 2
30 4
31 21
32 11
33 36
34 8
35 33
36 1
37 25
38 6
39 42
40 17
41 35
42 30
43 24
44 38
SIMILAR

1 40 33 26 28 17 14 35 22 4 2 30 27 16 9 21 36 6 19 39 24 25 38 41 12 8 44 37 3 7 29 34 43 11 18 32 10 23 31 13 0 20 5 15 42 
0 40
1 0
2 10
3 28
4 9
5 42
6 17
7 29
8 25
9 14
10 36
11 33
12 24
13 39
14 6
15 43
16 13
17 5
18 34
19 18
20 41
21 15
22 8
23 37
24 20
25 21
26 3
27 12
28 4
29 30
30 11
31 38
32 35
33 2
34 31
35 7
36 16
37 27
38 22
39 19
40 1
41 23
42 44
43 32
44 26
SIMILAR

34 26 22 31 37 13 32 10 44 18 17 40 6 4 23 29 27 11 38 25 12 30 24 0 3 8 35 1 19 33 43 15 28 16 5 36 14 20 21 9 2 7 39 41 42 
0 23
1 27
2 40
3 24
4 13
5 34
6 12
7 41
8 25
9 39
10 7
11 17
12 20
13 5
14 36
15 31
16 33
17 10
18 9
19 28
20 37
21 38
22 2
23 14
24 22
25 19
26 1
27 16
28 32
29 15
30 21
31 3
32 6
33 29
34 0
35 26
36 35
37 4
38 18
39 42
40 11
41 43
42 44
43 30
44 8
SIMILAR

28 35 25 12 29 30 44 14 19 34 16 7 15 0 1 21 41 3 42 32 9 38 22 26 2 33 4 10 11 27 23 37 8 39 6 31 18 36 43 13 17 20 24 5 40 
0 13
1 14
2 24
3 17
4 26
5 43
6 34
7 11
8 32
9 20
10 27
11 28
12 3
13 39
14 7
15 12
16 10
17 40
18 36
19 8
20 41
21 15
22 22
23 30
24 42
25 2
26 23
27 29
28 0
29 4
30 5
31 35
32 19
33 25
34 9
35 1
36 37
37 31
38 21
39 33
40 44
41 16
42 18
43 38
44 6
SIMILAR

39 20 16 12 9 23 31 29 44 36 26 15 3 38 42 35 5 7 17 43 11 18 33 27 22 40 6 28 1 25 24 34 19 0 41 14 13 2 30 32 8 4 21 37 10 
0 33
1 28
2 37
3 12
4 41
5 16
6 26
7 17
8 40
9 4
10 44
11 20
12 3
13 36
14 35
15 11
16 2
17 18
18 21
19 32
20 1
21 42
22 24
23 5
24 30
25 29
26 10
27 23
28 27
29 7
30 38
31 6
32 39
33 22
34 31
35 15
36 9
37 43
38 13
39 0
40 25
41 34
42 14
43 19
44 8
SIMILAR

12 35 13 24 16 21 28 6 1 8 31 23 7 42 14 32 15 44 4 25 33 18 9 2 3 20 19 11 40 34 37 36 43 38 26 22 30 27 41 29 17 0 39 5 10 
0 41
1 8
2 23
3 24
4 18
5 43
6 7
7 12
8 9
9 22
10 44
11 27
12 0
13 2
14 14
15 16
16 4
17 40
18 21
19 26
20 25
21 5
22 35
23 11
24 3
25 19
26 34
27 37
28 6
29 39
30 36
31 10
32 15
33 20
34 29
35 1
36 31
37 30
38 33
39 42
40 28
41 38
42 13
43 32
44 17
SIMILAR

20 25 27 24 10 43 0 17 38 8 6 37 26 3 18 16 35 11 13 29 34 31 5 30 36 23 42 22 4 21 28 32 12 7 1 41 44 39 14 33 15 9 19 40 2 
0 6
1 34
2 44
3 13
4 28
5 22
6 10
7 33
8 9
9 41
10 4
11 17
12 32
13 18
14 38
15 40
16 15
17 7
18 14
19 42
20 0
21 29
22 27
23 25
24 3
25 1
26 12
27 2
28 30
29 19
30 23
31 21
32 31
33 39
34 20
35 16
36 24
37 11
38 8
39 37
40 43
41 35
42 26
43 5
44 36
SIMILAR

8 29 35 25 16 9 22 34 30 3 2 39 27 24 13 23 40 5 14 28 7 32 18 33 19 1 31 44 0 20 4 17 12 42 10 21 15 11 37 36 6 43 38 26 41 
0 28
1 25
2 10
3 9
4 30
5 17
6 40
7 20
8 0
9 5
10 34
11 37
12 32
13 14
14 18
15 36
16 4
17 31
18 22
19 24
20 29
21 35
22 6
23 15
24 13
25 3
26 43
27 12
28 19
29 1
30 8
31 26
32 21
33 23
34 7
35 2
36 39
37 38
38 42
39 11
40 16
41 44
42 33
43 41
44 27
SIMILAR

30 32 2 17 38 8 11 36 20 34 14 0 4 6 16 35 43 13 15 40 33 23 42 5 7 27 29 10 28 12 31 39 41 22 25 18 9 24 3 19 21 1 37 44 26 
0 11
1 41
2 2
3 38
4 12
5 23
6 13
7 24
8 5
9 36
10 27
11 6
12 29
13 17
14 10
15 18
16 14
17 3
18 35
19 39
20 8
21 40
22 33
23 21
24 37
25 34
26 44
27 25
28 28
29 26
30 0
31 30
32 1
33 20
34 9
35 15
36 7
37 42
38 4
39 31
40 19
41 32
42 22
43 16
44 43
SIMILAR

16 28 10 38 36 17 41 20 40 32 35 30 31 43 23 21 26 25 8 11 3 18 42 7 19 1 33 6 5 2 34 9 37 14 12 15 44 29 22 13 39 4 27 0 24 
0 43
1 25
2 29
3 20
4 41
5 28
6 27
7 23
8 18
9 31
10 2
11 19
12 34
13 39
14 33
15 35
16 0
17 5
18 21
19 24
20 7
21 15
22 38
23 14
24 44
25 17
26 16
27 42
28 1
29 37
30 11
31 12
32 9
33 26
34 30
35 10
36 4
37 32
38 3
39 40
40 8
41 6
42 22
43 13
44 36
SIMILAR

12 19 10 40 25 30 33 20 28 15 16 29 9 42 27 7 17 24 44 37 31 13 11 6 14 23 18 5 26 0 32 21 34 38 2 3 1 39 41 43 36 8 35 22 4 
0 29
1 36
2 34
3 35
4 44
5 27
6 23
7 15
8 41
9 12
10 2
11 22
12 0
13 21
14 24
15 9
16 10
17 16
18 26
19 1
20 7
21 31
22 43
23 25
24 17
25 4
26 28
27 14
28 8
29 11
30 5
31 20
32 30
33 6
34 32
35 42
36 40
37 19
38 33
39 37
40 3
41 38
42 13
43 39
44 18
SIMILAR

16 15 29 19 23 20 33 43 18 1 28 3 14 2 39 34 42 7 38 30 22 12 36 9 44 13 32 24 10 21 17 25 6 11 5 0 35 4 26 31 37 27 40 8 41 
0 35
1 9
2 13
3 11
4 37
5 34
6 32
7 17
8 43
9 23
10 28
11 33
12 21
13 25
14 12
15 1
16 0
17 30
18 8
19 3
20 5
21 29
22 20
23 4
24 27
25 31
26 38
27 41
28 10
29 2
30 19
31 39
32 26
33 6
34 15
35 36
36 22
37 40
38 18
39 14
40 42
41 44
42 16
43 7
44 24
SIMILAR

27 20 16 11 6 1 25 9 18 35 24 3 32 15 36 10 29 41 30 13 4 8 21 5 12 40 31 0 39 42 38 17 28 7 14 23 2 33 34 26 44 37 22 43 19 
0 27
1 5
2 36
3 11
4 20
5 23
6 4
7 33
8 21
9 7
10 15
11 3
12 24
13 19
14 34
15 13
16 2
17 31
18 8
19 44
20 1
21 22
22 42
23 35
24 10
25 6
26 39
27 0
28 32
29 16
30 18
31 26
32 12
33 37
34 38
35 9
36 14
37 41
38 30
39 28
40 25
41 17
42 29
43 43
44 40
SIMILAR

19 43 20 15 12 40 2 26 7 30 41 10 33 11 23 18 3 5 42 34 28 31 9 39 13 21 35 25 6 36 24 37 1 8 4 27 16 32 29 22 14 17 38 0 44 
0 43
1 32
2 6
3 16
4 34
5 17
6 28
7 8
8 33
9 22
10 11
11 13
12 4
13 24
14 40
15 3
16 36
17 41
18 15
19 0
20 2
21 25
22 39
23 14
24 30
25 27
26 7
27 35
28 20
29 38
30 9
31 21
32 37
33 12
34 19
35 26
36 29
37 31
38 42
39 23
40 5
41 10
42 18
43 1
44 44
SIMILAR

30 12 6 17 23 26 7 14 10 21 1 44 0 39 5 19 36 15 42 9 34 24 2 29 22 43 41 8 13 20 16 25 3 40 28 33 18 37 35 38 31 4 32 27 11 
0 12
1 10
2 22
3 32
4 41
5 14
6 2
7 6
8 27
9 19
10 8
11 44
12 1
13 28
14 7
15 17
16 30
17 3
18 36
19 15
20 29
21 9
22 24
23 4
24 21
25 31
26 5
27 43
28 34
29 23
30 0
31 40
32 42
33 35
34 20
35 38
36 16
37 37
38 39
39 13
40 33
41 26
42 18
43 25
44 11
SIMILAR

30 23 20 8 0 32 41 6 21 38 3 13 17 9 11 15 19 1 16 18 7 12 39 5 27 33 10 31 37 25 28 24 4 22 36 14 43 44 34 35 29 2 40 42 26 
0 4
1 17
2 41
3 10
4 32
5 23
6 7
7 20
8 3
9 13
10 26
11 14
12 21
13 11
14 35
15 15
16 18
17 12
18 19
19 16
20 2
21 8
22 33
23 1
24 31
25 29
26 44
27 24
28 30
29 40
30 0
31 27
32 5
33 25
34 38
35 39
36 34
37 28
38 9
39 22
40 42
41 6
42 43
43 36
44 37
SIMILAR

4 34 23 16 29 27 19 35 5 15 2 44 20 18 10 32 3 33 38 24 36 6 17 22 28 0 8 25 13 40 31 7 12 37 41 11 30 9 21 43 1 26 39 14 42 
0 25
1 40
2 10
3 16
4 0
5 8
6 21
7 31
8 26
9 37
10 14
11 35
12 32
13 28
14 43
15 9
16 3
17 22
18 13
19 6
20 12
21 38
22 23
23 2
24 19
25 27
26 41
27 5
28 24
29 4
30 36
31 30
32 15
33 17
34 1
35 7
36 20
37 33
38 18
39 42
40 29
41 34
42 44
43 39
44 11
SIMILAR

21 39 24 33 30 42 36 10 18 38 12 1 11 7 3 13 44 15 16 5 0 4 20 37 23 19 40 6 9 31 29 14 34 27 17 25 35 8 22 32 2 41 28 26 43 
0 20
1 11
2 40
3 14
4 21
5 19
6 27
7 13
8 37
9 28
10 7
11 12
12 10
13 15
14 31
15 17
16 18
17 34
18 8
19 25
20 22
21 0
22 38
23 24
24 2
25 35
26 43
27 33
28 42
29 30
30 4
31 29
32 39
33 3
34 32
35 36
36 6
37 23
38 9
39 1
40 26
41 41
42 5
43 44
44 16
SIMILAR

13 18 29 2 42 37 36 21 27 6 33 31 7 1 14 24 35 40 39 11 44 15 16 17 4 5 20 25 26 28 0 32 22 10 34 41 9 38 43 8 30 19 3 12 23 
0 30
1 13
2 3
3 42
4 24
5 25
6 9
7 12
8 39
9 36
10 33
11 19
12 43
13 0
14 14
15 21
16 22
17 23
18 1
19 41
20 26
21 7
22 32
23 44
24 15
25 27
26 28
27 8
28 29
29 2
30 40
31 11
32 31
33 10
34 34
35 16
36 6
37 5
38 37
39 18
40 17
41 35
42 4
43 38
44 20
SIMILAR

4 12 27 36 0 1 16 39 43 2 17 13 31 32 8 37 7 23 5 3 35 24 38 44 30 21 20 34 18 25 14 19 9 22 40 10 15 42 28 33 26 41 6 11 29 
0 4
1 5
2 9
3 19
4 0
5 18
6 42
7 16
8 14
9 32
10 35
11 43
12 1
13 11
14 30
15 36
16 6
17 10
18 28
19 31
20 26
21 25
22 33
23 17
24 21
25 29
26 40
27 2
28 38
29 44
30 24
31 12
32 13
33 39
34 27
35 20
36 3
37 15
38 22
39 7
40 34
41 41
42 37
43 8
44 23
SIMILAR

21 3 42 10 8 14 25 27 0 31 23 1 15 32 34 2 38 36 12 40 35 16 28 18 20 39 29 19 44 6 5 41 33 13 7 37 43 4 17 11 30 9 26 24 22 
0 8
1 11
2 15
3 1
4 37
5 30
6 29
7 34
8 4
9 41
10 3
11 39
12 18
13 33
14 5
15 12
16 21
17 38
18 23
19 27
20 24
21 0
22 44
23 10
24 43
25 6
26 42
27 7
28 22
29 26
30 40
31 9
32 13
33 32
34 14
35 20
36 17
37 35
38 16
39 25
40 19
41 31
42 2
43 36
44 28
SIMILAR

23 1 17 32 35 8 21 44 2 28 25 5 33 18 15 20 19 7 24 36 27 12 16 4 39 14 42 26 43 11 0 3 22 13 10 40 6 30 34 29 38 41 37 9 31 
0 30
1 1
2 8
3 31
4 23
5 11
6 36
7 17
8 5
9 43
10 34
11 29
12 21
13 33
14 25
15 14
16 22
17 2
18 13
19 16
20 15
21 6
22 32
23 0
24 18
25 10
26 27
27 20
28 9
29 39
30 37
31 44
32 3
33 12
34 38
35 4
36 19
37 42
38 40
39 24
40 35
41 41
42 26
43 28
44 7
SIMILAR

5 37 1 22 44 42 32 16 43 19 31 2 25 39 36 34 12 13 8 23 41 38 0 3 24 7 15 4 20 26 27 29 14 28 11 9 6 33 10 17 40 30 18 35 21 
0 22
1 2
2 11
3 23
4 27
5 0
6 36
7 25
8 18
9 35
10 38
11 34
12 16
13 17
14 32
15 26
16 7
17 39
18 42
19 9
20 28
21 44
22 3
23 19
24 24
25 12
26 29
27 30
28 33
29 31
30 41
31 10
32 6
33 37
34 15
35 43
36 14
37 1
38 21
39 13
40 40
41 20
42 5
43 8
44 4
SIMILAR

28 37 39 0 35 4 36 30 9 18 1 21 3 38 20 11 19 42 43 27 16 33 17 25 5 2 32 40 6 41 14 12 34 44 22 13 31 24 10 15 23 8 29 7 26 
0 3
1 10
2 25
3 12
4 5
5 24
6 28
7 43
8 41
9 8
10 38
11 15
12 31
13 35
14 30
15 39
16 20
17 22
18 9
19 16
20 14
21 11
22 34
23 40
24 37
25 23
26 44
27 19
28 0
29 42
30 7
31 36
32 26
33 21
34 32
35 4
36 6
37 1
38 13
39 2
40 27
41 29
42 17
43 18
44 33
SIMILAR

10 24 40 32 37 28 41 1 34 13 7 2 4 3 9 22 30 31 6 26 16 19 44 33 17 21 11 23 25 43 0 14 27 29 5 12 38 35 18 39 15 36 42 20 8 
0 30
1 7
2 11
3 13
4 12
5 34
6 18
7 10
8 44
9 14
10 0
11 26
12 35
13 9
14 31
15 40
16 20
17 24
18 38
19 21
20 43
21 25
22 15
23 27
24 1
25 28
26 19
27 32
28 5
29 33
30 16
31 17
32 3
33 23
34 8
35 37
36 41
37 4
38 36
39 39
40 2
41 6
42 42
43 29
44 22
SIMILAR

28 27 32 44 31 15 19 13 36 29 11 21 34 16 2 1 14 43 25 18 10 30 9 12 33 23 8 40 35 24 6 38 7 37 5 20 22 17 4 3 0 41 42 39 26 
0 40
1 15
2 14
3 39
4 38
5 34
6 30
7 32
8 26
9 22
10 20
11 10
12 23
13 7
14 16
15 5
16 13
17 37
18 19
19 6
20 35
21 11
22 36
23 25
24 29
25 18
26 44
27 1
28 0
29 9
30 21
31 4
32 2
33 24
34 12
35 28
36 8
37 33
38 31
39 43
40 27
41 41
42 42
43 17
44 3
SIMILAR

35 24 17 10 29 23 32 14 9 19 26 5 28 31 13 21 8 25 41 3 37 4 36 38 2 34 22 7 11 44 6 33 30 42 12 43 15 27 18 40 39 0 1 20 16 
0 41
1 42
2 24
3 19
4 21
5 11
6 30
7 27
8 16
9 8
10 3
11 28
12 34
13 14
14 7
15 36
16 44
17 2
18 38
19 9
20 43
21 15
22 26
23 5
24 1
25 17
26 10
27 37
28 12
29 4
30 32
31 13
32 6
33 31
34 25
35 0
36 22
37 20
38 23
39 40
40 39
41 18
42 33
43 35
44 29
SIMILAR

10 15 1 38 28 24 5 26 43 40 31 21 20 44 35 14 6 2 7 42 39 32 41 37 25 8 3 11 27 22 9 23 12 19 4 34 30 33 36 17 13 29 0 18 16 
0 42
1 2
2 17
3 26
4 34
5 6
6 16
7 18
8 25
9 30
10 0
11 27
12 32
13 40
14 15
15 1
16 44
17 39
18 43
19 33
20 12
21 11
22 29
23 31
24 5
25 24
26 7
27 28
28 4
29 41
30 36
31 10
32 21
33 37
34 35
35 14
36 38
37 23
38 3
39 20
40 9
41 22
42 19
43 8
44 13
SIMILAR

37 42 6 21 0 12 25 38 43 13 31 33 20 10 35 8 14 1 32 16 27 23 41 44 7 19 40 30 17 2 5 18 34 39 3 15 22 9 11 36 28 29 4 26 24 
0 4
1 17
2 29
3 34
4 42
5 30
6 2
7 24
8 15
9 37
10 13
11 38
12 5
13 9
14 16
15 35
16 19
17 28
18 31
19 25
20 12
21 3
22 36
23 21
24 44
25 6
26 43
27 20
28 40
29 41
30 27
31 10
32 18
33 11
34 32
35 14
36 39
37 0
38 7
39 33
40 26
41 22
42 1
43 8
44 23
SIMILAR

0 44 14 29 21 10 27 24 9 1 38 36 26 25 15 11 34 30 32 23 22 8 6 12 42 33 7 40 18 19 41 43 37 28 17 16 39 31 4 2 35 5 20 13 3 
0 0
1 9
2 39
3 44
4 38
5 41
6 22
7 26
8 21
9 8
10 5
11 15
12 23
13 43
14 2
15 14
16 35
17 34
18 28
19 29
20 42
21 4
22 20
23 19
24 7
25 13
26 12
27 6
28 33
29 3
30 17
31 37
32 18
33 25
34 16
35 40
36 11
37 32
38 10
39 36
40 27
41 30
42 24
43 31
44 1
SIMILAR

3 20 36 12 11 18 41 29 39 23 30 37 31 10 7 2 0 8 25 9 16 28 5 21 27 14 19 6 40 24 34 35 17 44 1 42 33 4 13 32 22 26 15 43 38 
0 16
1 34
2 15
3 0
4 37
5 22
6 27
7 14
8 17
9 19
10 13
11 4
12 3
13 38
14 25
15 42
16 20
17 32
18 5
19 26
20 1
21 23
22 40
23 9
24 29
25 18
26 41
27 24
28 21
29 7
30 10
31 12
32 39
33 36
34 30
35 31
36 2
37 11
38 44
39 8
40 28
41 6
42 35
43 43
44 33
SIMILAR

29 34 22 44 15 26 1 17 24 7 40 32 8 16 38 27 19 0 25 23 13 37 2 43 31 10 21 5 20 12 11 42 4 6 30 28 9 33 14 35 39 3 36 41 18 
0 17
1 6
2 22
3 41
4 32
5 27
6 33
7 9
8 12
9 36
10 25
11 30
12 29
13 20
14 38
15 4
16 13
17 7
18 44
19 16
20 28
21 26
22 2
23 19
24 8
25 18
26 5
27 15
28 35
29 0
30 34
31 24
32 11
33 37
34 1
35 39
36 42
37 21
38 14
39 40
40 10
41 43
42 31
43 23
44 3
SIMILAR

13 37 2 32 40 41 35 3 21 15 9 23 1 14 20 24 25 19 44 28 29 6 5 43 34 17 4 42 16 31 22 7 33 26 11 36 30 27 8 0 39 18 10 38 12 
0 39
1 12
2 2
3 7
4 26
5 22
6 21
7 31
8 38
9 10
10 42
11 34
12 44
13 0
14 13
15 9
16 28
17 25
18 41
19 17
20 14
21 8
22 30
23 11
24 15
25 16
26 33
27 37
28 19
29 20
30 36
31 29
32 3
33 32
34 24
35 6
36 35
37 1
38 43
39 40
40 4
41 5
42 27
43 23
44 18
SIMILAR

10 35 41 15 16 17 5 9 4 31 43 39 1 26 23 6 44 32 34 33 22 20 7 12 19 25 30 0 40 29 42 11 24 28 27 13 2 21 38 3 14 8 18 36 37 
0 27
1 12
2 36
3 39
4 8
5 6
6 15
7 22
8 41
9 7
10 0
11 31
12 23
13 35
14 40
15 3
16 4
17 5
18 42
19 24
20 21
21 37
22 20
23 14
24 32
25 25
26 13
27 34
28 33
29 29
30 26
31 9
32 17
33 19
34 18
35 1
36 43
37 44
38 38
39 11
40 28
41 2
42 30
43 10
44 16
SIMILAR

6 27 14 22 36 21 31 24 7 28 40 18 0 41 1 2 9 42 11 23 37 16 12 10 32 3 33 34 26 35 13 4 20 17 25 39 19 15 38 5 44 8 30 43 29 
0 12
1 14
2 15
3 25
4 31
5 39
6 0
7 8
8 41
9 16
10 23
11 18
12 22
13 30
14 2
15 37
16 21
17 33
18 11
19 36
20 32
21 5
22 3
23 19
24 7
25 34
26 28
27 1
28 9
29 44
30 42
31 6
32 24
33 26
34 27
35 29
36 4
37 20
38 38
39 35
40 10
41 13
42 17
43 43
44 40
SIMILAR

42 32 1 40 19 29 11 38 4 17 14 34 30 35 6 27 10 22 33 15 43 39 0 41 12 5 21 23 2 13 36 37 18 8 31 7 26 16 24 9 20 28 3 44 25 
0 22
1 2
2 28
3 42
4 8
5 25
6 14
7 35
8 33
9 39
10 16
11 6
12 24
13 29
14 10
15 19
16 37
17 9
18 32
19 4
20 40
21 26
22 17
23 27
24 38
25 44
26 36
27 15
28 41
29 5
30 12
31 34
32 1
33 18
34 11
35 13
36 30
37 31
38 7
39 21
40 3
41 23
42 0
43 20
44 43
SIMILAR

5 30 20 33 44 28 23 25 16 19 4 9 0 18 21 40 37 26 31 6 39 34 27 12 8 24 10 7 13 17 35 32 15 2 42 29 3 38 11 41 36 43 1 22 14 
0 12
1 42
2 33
3 36
4 10
5 0
6 19
7 27
8 24
9 11
10 26
11 38
12 23
13 28
14 44
15 32
16 8
17 29
18 13
19 9
20 2
21 14
22 43
23 6
24 25
25 7
26 17
27 22
28 5
29 35
30 1
31 18
32 31
33 3
34 21
35 30
36 40
37 16
38 37
39 20
40 15
41 39
42 34
43 41
44 4
SIMILAR

6 16 41 19 28 27 32 34 15 12 29 23 8 26 30 37 18 9 10 21 3 33 44 5 36 7 11 40 22 43 13 31 25 38 39 0 24 2 35 14 17 1 42 4 20 
0 35
1 41
2 37
3 20
4 43
5 23
6 0
7 25
8 12
9 17
10 18
11 26
12 9
13 30
14 39
15 8
16 1
17 40
18 16
19 3
20 44
21 19
22 28
23 11
24 36
25 32
26 13
27 5
28 4
29 10
30 14
31 31
32 6
33 21
34 7
35 38
36 24
37 15
38 33
39 34
40 27
41 2
42 42
43 29
44 22
SIMILAR

7 20 34 33 13 4 10 39 6 25 14 28 29 24 3 42 30 17 23 5 32 18 8 1 0 15 37 38 31 40 16 36 27 2 9 12 11 22 19 44 21 26 35 41 43 
0 24
1 23
2 33
3 14
4 5
5 19
6 8
7 0
8 22
9 34
10 6
11 36
12 35
13 4
14 10
15 25
16 30
17 17
18 21
19 38
20 1
21 40
22 37
23 18
24 13
25 9
26 41
27 32
28 11
29 12
30 16
31 28
32 20
33 3
34 2
35 42
36 31
37 26
38 27
39 7
40 29
41 43
42 15
43 44
44 39
SIMILAR

7 40 5 37 30 0 33 31 23 28 27 18 17 38 35 9 10 13 21 22 3 36 43 19 16 29 26 1 32 20 4 34 2 15 24 11 14 39 44 8 12 42 41 6 25 
0 5
1 27
2 32
3 20
4 30
5 2
6 43
7 0
8 39
9 15
10 16
11 35
12 40
13 17
14 36
15 33
16 24
17 12
18 11
19 23
20 29
21 18
22 19
23 8
24 34
25 44
26 26
27 10
28 9
29 25
30 4
31 7
32 28
33 6
34 31
35 14
36 21
37 3
38 13
39 37
40 1
41 42
42 41
43 22
44 38
SIMILAR

7 15 21 9 12 38 33 37 14 44 13 24 28 41 23 35 36 11 8 30 18 29 19 39 10 6 0 43 4 26 25 40 20 32 42 31 22 1 34 27 17 5 16 2 3 
0 26
1 37
2 43
3 44
4 28
5 41
6 25
7 0
8 18
9 3
10 24
11 17
12 4
13 10
14 8
15 1
16 42
17 40
18 20
19 22
20 32
21 2
22 36
23 14
24 11
25 30
26 29
27 39
28 12
29 21
30 19
31 35
32 33
33 6
34 38
35 15
36 16
37 7
38 5
39 23
40 31
41 13
42 34
43 27
44 9
SIMILAR

27 31 23 2 41 32 9 3 12 35 5 16 25 19 29 10 6 13 11 28 7 15 44 34 38 1 4 30 20 8 18 17 24 0 36 37 14 43 33 26 39 42 22 40 21 
0 33
1 25
2 3
3 7
4 26
5 10
6 16
7 20
8 29
9 6
10 15
11 18
12 8
13 17
14 36
15 21
16 11
17 31
18 30
19 13
20 28
21 44
22 42
23 2
24 32
25 12
26 39
27 0
28 19
29 14
30 27
31 1
32 5
33 38
34 23
35 9
36 34
37 35
38 24
39 40
40 43
41 4
42 41
43 37
44 22
SIMILAR

27 2 29 8 10 14 31 11 3 42 36 6 25 13 12 18 9 38 40 41 7 5 37 30 44 16 4 32 22 43 35 39 28 23 26 24 33 34 0 15 20 17 21 1 19 
0 38
1 43
2 1
3 8
4 26
5 21
6 11
7 20
8 3
9 16
10 4
11 7
12 14
13 13
14 5
15 39
16 25
17 41
18 15
19 44
20 40
21 42
22 28
23 33
24 35
25 12
26 34
27 0
28 32
29 2
30 23
31 6
32 27
33 36
34 37
35 30
36 10
37 22
38 17
39 31
40 18
41 19
42 9
43 29
44 24
SIMILAR

29 25 36 9 11 23 33 19 42 40 2 21 26 31 6 13 44 39 0 22 4 15 7 30 18 16 1 12 43 8 24 34 14 38 32 20 17 3 37 5 35 28 27 41 10 
0 18
1 26
2 10
3 37
4 20
5 39
6 14
7 22
8 29
9 3
10 44
11 4
12 27
13 15
14 32
15 21
16 25
17 36
18 24
19 7
20 35
21 11
22 19
23 5
24 30
25 1
26 12
27 42
28 41
29 0
30 23
31 13
32 34
33 6
34 31
35 40
36 2
37 38
38 33
39 17
40 9
41 43
42 8
43 28
44 16
SIMILAR

11 29 38 43 5 27 26 24 1 0 8 13 31 23 41 40 4 3 6 15 14 21 16 17 36 9 39 18 19 42 20 12 7 34 32 28 35 33 10 30 2 25 22 44 37 
0 9
1 8
2 40
3 17
4 16
5 4
6 18
7 32
8 10
9 25
10 38
11 0
12 31
13 11
14 20
15 19
16 22
17 23
18 27
19 28
20 30
21 21
22 42
23 13
24 7
25 41
26 6
27 5
28 35
29 1
30 39
31 12
32 34
33 37
34 33
35 36
36 24
37 44
38 2
39 26
40 15
41 14
42 29
43 3
44 43
SIMILAR

36 4 40 25 1 33 44 0 32 22 30 8 15 9 14 41 3 7 2 39 19 34 37 29 26 35 28 18 42 24 20 11 21 10 13 6 31 16 5 23 43 12 27 17 38 
0 7
1 4
2 18
3 16
4 1
5 38
6 35
7 17
8 11
9 13
10 33
11 31
12 41
13 34
14 14
15 12
16 37
17 43
18 27
19 20
20 30
21 32
22 9
23 39
24 29
25 3
26 24
27 42
28 26
29 23
30 10
31 36
32 8
33 5
34 21
35 25
36 0
37 22
38 44
39 19
40 2
41 15
42 28
43 40
44 6
SIMILAR

24 12 13 40 39 26 25 17 28 23 9 7 19 37 36 14 8 2 35 43 3 34 21 33 31 6 27 32 16 42 11 20 4 5 1 15 0 22 18 30 10 38 44 29 41 
0 36
1 34
2 17
3 20
4 32
5 33
6 25
7 11
8 16
9 10
10 40
11 30
12 1
13 2
14 15
15 35
16 28
17 7
18 38
19 12
20 31
21 22
22 37
23 9
24 0
25 6
26 5
27 26
28 8
29 43
30 39
31 24
32 27
33 23
34 21
35 18
36 14
37 13
38 41
39 4
40 3
41 44
42 29
43 19
44 42
SIMILAR

44 37 36 10 18 4 29 19 34 32 28 11 7 20 13 26 16 2 21 15 22 12 14 40 27 0 43 38 9 33 31 39 35 25 5 1 3 8 24 17 41 30 6 23 42 
0 25
1 35
2 17
3 36
4 5
5 34
6 42
7 12
8 37
9 28
10 3
11 11
12 21
13 14
14 22
15 19
16 16
17 39
18 4
19 7
20 13
21 18
22 20
23 43
24 38
25 33
26 15
27 24
28 10
29 6
30 41
31 30
32 9
33 29
34 8
35 32
36 2
37 1
38 27
39 31
40 23
41 40
42 44
43 26
44 0
SIMILAR

30 16 2 24 44 7 9 41 17 19 10 34 29 8 28 13 37 20 11 0 40 23 39 21 35 27 42 1 33 36 3 31 22 4 18 26 12 43 32 6 25 38 14 5 15 
0 19
1 27
2 2
3 30
4 33
5 43
6 39
7 5
8 13
9 6
10 10
11 18
12 36
13 15
14 42
15 44
16 1
17 8
18 34
19 9
20 17
21 23
22 32
23 21
24 3
25 40
26 35
27 25
28 14
29 12
30 0
31 31
32 38
33 28
34 11
35 24
36 29
37 16
38 41
39 22
40 20
41 7
42 26
43 37
44 4
SIMILAR

9 22 1 20 16 21 41 14 32 37 17 11 43 33 24 42 18 31 25 19 30 38 23 4 3 39 34 35 5 2 8 15 40 27 0 12 26 13 44 7 10 6 29 28 36 
0 34
1 2
2 29
3 24
4 23
5 28
6 41
7 39
8 30
9 0
10 40
11 11
12 35
13 37
14 7
15 31
16 4
17 10
18 16
19 19
20 3
21 5
22 1
23 22
24 14
25 18
26 36
27 33
28 43
29 42
30 20
31 17
32 8
33 13
34 26
35 27
36 44
37 9
38 21
39 25
40 32
41 6
42 15
43 12
44 38
SIMILAR

33 8 29 41 15 27 30 7 1 16 26 17 42 4 11 5 34 37 3 14 19 9 32 22 31 0 12 40 38 2 20 44 25 35 21 28 39 36 10 18 23 13 6 24 43 
0 25
1 8
2 29
3 18
4 13
5 15
6 42
7 7
8 1
9 21
10 38
11 14
12 26
13 41
14 19
15 4
16 9
17 11
18 39
19 20
20 30
21 34
22 23
23 40
24 43
25 32
26 10
27 5
28 35
29 2
30 6
31 24
32 22
33 0
34 16
35 33
36 37
37 17
38 28
39 36
40 27
41 3
42 12
43 44
44 31
SIMILAR

37 8 9 3 0 11 42 24 31 27 10 23 40 29 13 44 26 12 34 35 14 18 22 17 5 19 28 25 1 33 43 39 2 15 7 16 36 30 21 32 6 38 41 4 20 
0 4
1 28
2 32
3 3
4 43
5 24
6 40
7 34
8 1
9 2
10 10
11 5
12 17
13 14
14 20
15 33
16 35
17 23
18 21
19 25
20 44
21 38
22 22
23 11
24 7
25 27
26 16
27 9
28 26
29 13
30 37
31 8
32 39
33 29
34 18
35 19
36 36
37 0
38 41
39 31
40 12
41 42
42 6
43 30
44 15
SIMILAR

13 4 22 12 32 5 31 17 10 35 30 34 24 26 43 7 36 14 2 42 21 39 15 18 29 20 37 44 38 27 3 25 16 23 1 0 40 33 9 6 41 11 19 8 28 
0 35
1 34
2 18
3 30
4 1
5 5
6 39
7 15
8 43
9 38
10 8
11 41
12 3
13 0
14 17
15 22
16 32
17 7
18 23
19 42
20 25
21 20
22 2
23 33
24 12
25 31
26 13
27 29
28 44
29 24
30 10
31 6
32 4
33 37
34 11
35 9
36 16
37 26
38 28
39 21
40 36
41 40
42 19
43 14
44 27
SIMILAR

37 44 10 21 0 36 13 14 41 27 22 23 38 28 7 25 33 39 30 19 40 1 15 29 12 18 43 42 5 32 4 6 20 16 8 31 3 26 17 24 34 2 35 11 9 
0 4
1 21
2 41
3 36
4 30
5 28
6 31
7 14
8 34
9 44
10 2
11 43
12 24
13 6
14 7
15 22
16 33
17 38
18 25
19 19
20 32
21 3
22 10
23 11
24 39
25 15
26 37
27 9
28 13
29 23
30 18
31 35
32 29
33 16
34 40
35 42
36 5
37 0
38 12
39 17
40 20
41 8
42 27
43 26
44 1
SIMILAR

16 18 6 33 34 39 17 35 30 0 19 38 24 3 41 1 15 7 43 44 12 27 11 4 2 26 22 40 5 29 28 36 21 14 8 9 10 32 42 13 31 20 25 37 23 
0 9
1 15
2 24
3 13
4 23
5 28
6 2
7 17
8 34
9 35
10 36
11 22
12 20
13 39
14 33
15 16
16 0
17 6
18 1
19 10
20 41
21 32
22 26
23 44
24 12
25 42
26 25
27 21
28 30
29 29
30 8
31 40
32 37
33 3
34 4
35 7
36 31
37 43
38 11
39 5
40 27
41 14
42 38
43 18
44 19
SIMILAR

1 4 15 36 5 19 43 42 31 3 11 35 38 21 20 17 8 22 24 32 2 39 33 9 37 14 30 28 16 13 10 25 23 18 41 40 29 27 7 44 26 34 12 0 6 
0 43
1 0
2 20
3 9
4 1
5 4
6 44
7 38
8 16
9 23
10 30
11 10
12 42
13 29
14 25
15 2
16 28
17 15
18 33
19 5
20 14
21 13
22 17
23 32
24 18
25 31
26 40
27 37
28 27
29 36
30 26
31 8
32 19
33 22
34 41
35 11
36 3
37 24
38 12
39 21
40 35
41 34
42 7
43 6
44 39
SIMILAR

5 13 9 10 0 43 44 12 18 19 14 8 33 31 34 42 32 26 23 24 11 27 29 30 25 28 6 17 39 40 16 3 15 35 20 2 4 38 21 37 22 36 1 41 7 
0 4
1 42
2 35
3 31
4 36
5 0
6 26
7 44
8 11
9 2
10 3
11 20
12 7
13 1
14 10
15 32
16 30
17 27
18 8
19 9
20 34
21 38
22 40
23 18
24 19
25 24
26 17
27 21
28 25
29 22
30 23
31 13
32 16
33 12
34 14
35 33
36 41
37 39
38 37
39 28
40 29
41 43
42 15
43 5
44 6
SIMILAR

25 17 39 16 24 30 6 40 37 34 1 22 23 14 11 26 8 9 33 41 35 43 7 38 28 15 12 20 32 5 36 13 0 4 19 18 27 31 2 3 10 29 42 44 21 
0 32
1 10
2 38
3 39
4 33
5 29
6 6
7 22
8 16
9 17
10 40
11 14
12 26
13 31
14 13
15 25
16 3
17 1
18 35
19 34
20 27
21 44
22 11
23 12
24 4
25 0
26 15
27 36
28 24
29 41
30 5
31 37
32 28
33 18
34 9
35 20
36 30
37 8
38 23
39 2
40 7
41 19
42 42
43 21
44 43
SIMILAR

15 34 12 31 21 8 14 32 19 18 9 30 33 40 36 13 24 28 35 20 17 6 0 25 11 26 5 22 4 3 38 27 1 43 2 23 7 42 44 39 29 41 16 37 10 
0 22
1 32
2 34
3 29
4 28
5 26
6 21
7 36
8 5
9 10
10 44
11 24
12 2
13 15
14 6
15 0
16 42
17 20
18 9
19 8
20 19
21 4
22 27
23 35
24 16
25 23
26 25
27 31
28 17
29 40
30 11
31 3
32 7
33 12
34 1
35 18
36 14
37 43
38 30
39 39
40 13
41 41
42 37
43 33
44 38
SIMILAR

10 19 0 35 6 36 2 14 18 11 31 30 39 34 41 40 32 5 23 24 38 22 13 16 7 43 28 33 20 4 25 42 9 12 21 27 26 17 15 29 44 37 3 8 1 
0 2
1 44
2 6
3 42
4 29
5 17
6 4
7 24
8 43
9 32
10 0
11 9
12 33
13 22
14 7
15 38
16 23
17 37
18 8
19 1
20 28
21 34
22 21
23 18
24 19
25 30
26 36
27 35
28 26
29 39
30 11
31 10
32 16
33 27
34 13
35 3
36 5
37 41
38 20
39 12
40 15
41 14
42 31
43 25
44 40
SIMILAR

42 3 6 22 25 19 35 26 37 7 21 15 18 13 5 10 32 4 12 31 16 23 33 11 27 36 43 40 8 28 44 20 9 41 30 38 24 0 2 34 17 39 14 1 29 
0 37
1 43
2 38
3 1
4 17
5 14
6 2
7 9
8 28
9 32
10 15
11 23
12 18
13 13
14 42
15 11
16 20
17 40
18 12
19 5
20 31
21 10
22 3
23 21
24 36
25 4
26 7
27 24
28 29
29 44
30 34
31 19
32 16
33 22
34 39
35 6
36 25
37 8
38 35
39 41
40 27
41 33
42 0
43 26
44 30
SIMILAR

23 36 32 4 35 19 20 21 24 25 16 31 44 17 42 40 12 37 8 15 39 43 3 13 27 22 10 1 30 7 14 26 18 6 34 11 5 41 29 33 9 0 38 2 28 
0 41
1 27
2 43
3 22
4 3
5 36
6 33
7 29
8 18
9 40
10 26
11 35
12 16
13 23
14 30
15 19
16 10
17 13
18 32
19 5
20 6
21 7
22 25
23 0
24 8
25 9
26 31
27 24
28 44
29 38
30 28
31 11
32 2
33 39
34 34
35 4
36 1
37 17
38 42
39 20
40 15
41 37
42 14
43 21
44 12
SIMILAR

3 9 28 43 10 31 33 42 34 16 30 4 19 5 24 25 1 41 15 13 8 44 7 0 40 23 17 35 27 18 38 2 29 11 26 21 22 36 14 32 39 37 6 20 12 
0 23
1 16
2 31
3 0
4 11
5 13
6 42
7 22
8 20
9 1
10 4
11 33
12 44
13 19
14 38
15 18
16 9
17 26
18 29
19 12
20 43
21 35
22 36
23 25
24 14
25 15
26 34
27 28
28 2
29 32
30 10
31 5
32 39
33 6
34 8
35 27
36 37
37 41
38 30
39 40
40 24
41 17
42 7
43 3
44 21
SIMILAR

15 37 34 21 42 19 17 14 5 9 33 31 41 40 43 1 44 28 0 22 38 30 27 29 24 7 11 10 8 32 2 3 16 26 6 39 20 4 25 18 35 12 36 23 13 
0 18
1 15
2 30
3 31
4 37
5 8
6 34
7 25
8 28
9 9
10 27
11 26
12 41
13 44
14 7
15 0
16 32
17 6
18 39
19 5
20 36
21 3
22 19
23 43
24 24
25 38
26 33
27 22
28 17
29 23
30 21
31 11
32 29
33 10
34 2
35 40
36 42
37 1
38 20
39 35
40 13
41 12
42 4
43 14
44 16
SIMILAR

25 18 14 9 31 21 17 4 34 39 22 1 2 16 44 42 13 8 27 11 38 40 5 7 29 28 37 0 3 6 33 10 30 26 43 24 32 20 41 15 12 19 23 36 35 
0 27
1 11
2 12
3 28
4 7
5 22
6 29
7 23
8 17
9 3
10 31
11 19
12 40
13 16
14 2
15 39
16 13
17 6
18 1
19 41
20 37
21 5
22 10
23 42
24 35
25 0
26 33
27 18
28 25
29 24
30 32
31 4
32 36
33 30
34 8
35 44
36 43
37 26
38 20
39 9
40 21
41 38
42 15
43 34
44 14
SIMILAR

3 0 5 41 2 38 19 30 34 8 14 7 21 16 24 12 44 17 23 42 25 11 4 29 37 39 35 9 15 6 31 28 36 1 32 20 27 22 33 10 18 40 13 43 26 
0 1
1 33
2 4
3 0
4 22
5 2
6 29
7 11
8 9
9 27
10 39
11 21
12 15
13 42
14 10
15 28
16 13
17 17
18 40
19 6
20 35
21 12
22 37
23 18
24 14
25 20
26 44
27 36
28 31
29 23
30 7
31 30
32 34
33 38
34 8
35 26
36 32
37 24
38 5
39 25
40 41
41 3
42 19
43 43
44 16
SIMILAR

42 12 31 16 6 38 19 10 39 34 41 3 11 8 9 40 5 44 35 15 2 33 21 17 0 1 27 25 13 30 24 32 14 20 7 29 36 4 26 18 43 37 23 22 28 
0 24
1 25
2 20
3 11
4 37
5 16
6 4
7 34
8 13
9 14
10 7
11 12
12 1
13 28
14 32
15 19
16 3
17 23
18 39
19 6
20 33
21 22
22 43
23 42
24 30
25 27
26 38
27 26
28 44
29 35
30 29
31 2
32 31
33 21
34 9
35 18
36 36
37 41
38 5
39 8
40 15
41 10
42 0
43 40
44 17
SIMILAR

20 18 12 0 5 41 34 11 40 19 2 33 44 38 32 29 17 26 24 31 8 14 36 4 21 27 10 16 25 39 23 22 1 9 13 37 6 15 7 35 30 28 43 42 3 
0 3
1 32
2 10
3 44
4 23
5 4
6 36
7 38
8 20
9 33
10 26
11 7
12 2
13 34
14 21
15 37
16 27
17 16
18 1
19 9
20 0
21 24
22 31
23 30
24 18
25 28
26 17
27 25
28 41
29 15
30 40
31 19
32 14
33 11
34 6
35 39
36 22
37 35
38 13
39 29
40 8
41 5
42 43
43 42
44 12
SIMILAR

42 35 17 31 32 23 1 20 34 6 27 0 9 39 40 7 36 33 24 12 30 29 37 14 16 38 43 8 44 19 5 26 25 15 18 4 10 11 21 28 3 22 2 13 41 
0 11
1 6
2 42
3 40
4 35
5 30
6 9
7 15
8 27
9 12
10 36
11 37
12 19
13 43
14 23
15 33
16 24
17 2
18 34
19 29
20 7
21 38
22 41
23 5
24 18
25 32
26 31
27 10
28 39
29 21
30 20
31 3
32 4
33 17
34 8
35 1
36 16
37 22
38 25
39 13
40 14
41 44
42 0
43 26
44 28
SIMILAR

27 14 25 26 30 2 7 29 44 4 42 39 38 13 21 28 36 9 1 34 35 12 31 8 6 23 5 24 40 19 18 43 41 0 11 17 22 37 10 16 15 3 33 20 32 
0 33
1 18
2 5
3 41
4 9
5 26
6 24
7 6
8 23
9 17
10 38
11 34
12 21
13 13
14 1
15 40
16 39
17 35
18 30
19 29
20 43
21 14
22 36
23 25
24 27
25 2
26 3
27 0
28 15
29 7
30 4
31 22
32 44
33 42
34 19
35 20
36 16
37 37
38 12
39 11
40 28
41 32
42 10
43 31
44 8
SIMILAR

10 32 25 29 15 31 5 7 23 37 35 2 12 18 30 11 27 43 22 17 4 38 28 3 44 42 0 6 9 33 14 16 26 8 34 20 39 21 1 13 36 24 19 40 41 
0 26
1 38
2 11
3 23
4 20
5 6
6 27
7 7
8 33
9 28
10 0
11 15
12 12
13 39
14 30
15 4
16 31
17 19
18 13
19 42
20 35
21 37
22 18
23 8
24 41
25 2
26 32
27 16
28 22
29 3
30 14
31 5
32 1
33 29
34 34
35 10
36 40
37 9
38 21
39 36
40 43
41 44
42 25
43 17
44 24
SIMILAR

11 44 19 5 2 33 24 15 40 34 32 31 0 14 8 37 21 3 38 27 22 7 17 26 20 4 6 29 25 41 1 16 12 30 39 35 13 9 10 18 43 23 42 36 28 
0 12
1 30
2 4
3 17
4 25
5 3
6 26
7 21
8 14
9 37
10 38
11 0
12 32
13 36
14 13
15 7
16 31
17 22
18 39
19 2
20 24
21 16
22 20
23 41
24 6
25 28
26 23
27 19
28 44
29 27
30 33
31 11
32 10
33 5
34 9
35 35
36 43
37 15
38 18
39 34
40 8
41 29
42 42
43 40
44 1
SIMILAR

28 18 9 11 26 42 35 20 14 33 16 7 38 29 41 19 25 1 23 24 34 13 12 22 4 3 6 10 40 31 2 37 43 8 17 32 27 0 36 5 44 39 30 21 15 
0 37
1 17
2 30
3 25
4 24
5 39
6 26
7 11
8 33
9 2
10 27
11 3
12 22
13 21
14 8
15 44
16 10
17 34
18 1
19 15
20 7
21 43
22 23
23 18
24 19
25 16
26 4
27 36
28 0
29 13
30 42
31 29
32 35
33 9
34 20
35 6
36 38
37 31
38 12
39 41
40 28
41 14
42 5
43 32
44 40
SIMILAR

16 15 23 21 31 30 5 1 9 17 10 13 18 6 43 2 44 22 34 29 11 20 4 7 27 35 12 33 32 37 24 0 28 3 8 41 38 26 39 14 36 42 40 25 19 
0 31
1 7
2 15
3 33
4 22
5 6
6 13
7 23
8 34
9 8
10 10
11 20
12 26
13 11
14 39
15 1
16 0
17 9
18 12
19 44
20 21
21 3
22 17
23 2
24 30
25 43
26 37
27 24
28 32
29 19
30 5
31 4
32 28
33 27
34 18
35 25
36 40
37 29
38 36
39 38
40 42
41 35
42 41
43 14
44 16
SIMILAR

4 19 41 33 20 1 30 38 23 18 44 6 16 32 7 17 12 29 21 37 34 42 10 39 15 11 24 40 8 26 27 35 25 22 0 9 36 13 2 43 3 28 14 5 31 
0 34
1 5
2 38
3 40
4 0
5 43
6 11
7 14
8 28
9 35
10 22
11 25
12 16
13 37
14 42
15 24
16 12
17 15
18 9
19 1
20 4
21 18
22 33
23 8
24 26
25 32
26 29
27 30
28 41
29 17
30 6
31 44
32 13
33 3
34 20
35 31
36 36
37 19
38 7
39 23
40 27
41 2
42 21
43 39
44 10
SIMILAR

10 32 9 21 22 4 5 11 44 19 12 7 3 30 17 16 14 24 1 31 35 2 33 29 13 39 27 8 43 34 40 0 36 15 20 37 28 18 42 38 26 25 23 6 41 
0 31
1 18
2 21
3 12
4 5
5 6
6 43
7 11
8 27
9 2
10 0
11 7
12 10
13 24
14 16
15 33
16 15
17 14
18 37
19 9
20 34
21 3
22 4
23 42
24 17
25 41
26 40
27 26
28 36
29 23
30 13
31 19
32 1
33 22
34 29
35 20
36 32
37 35
38 39
39 25
40 30
41 44
42 38
43 28
44 8
SIMILAR

18 38 23 10 28 43 6 21 2 22 29 5 31 32 7 42 26 16 39 8 4 12 1 9 11 40 24 17 25 13 0 34 27 20 41 36 35 3 33 14 44 37 19 30 15 
0 30
1 22
2 8
3 37
4 20
5 11
6 6
7 14
8 19
9 23
10 3
11 24
12 21
13 29
14 39
15 44
16 17
17 27
18 0
19 42
20 33
21 7
22 9
23 2
24 26
25 28
26 16
27 32
28 4
29 10
30 43
31 12
32 13
33 38
34 31
35 36
36 35
37 41
38 1
39 18
40 25
41 34
42 15
43 5
44 40
SIMILAR

22 17 25 34 14 37 1 38 2 0 4 3 28 5 26 13 41 30 44 21 20 6 31 12 35 8 15 32 43 39 18 29 19 24 11 16 36 33 10 42 40 9 7 23 27 
0 9
1 6
2 8
3 11
4 10
5 13
6 21
7 42
8 25
9 41
10 38
11 34
12 23
13 15
14 4
15 26
16 35
17 1
18 30
19 32
20 20
21 19
22 0
23 43
24 33
25 2
26 14
27 44
28 12
29 31
30 17
31 22
32 27
33 37
34 3
35 24
36 36
37 5
38 7
39 29
40 40
41 16
42 39
43 28
44 18
SIMILAR

1 12 25 7 31 4 39 16 27 35 32 23 9 44 15 26 33 20 42 18 21 14 29 0 41 17 37 28 34 43 22 3 24 36 13 38 2 6 10 40 30 11 8 5 19 
0 23
1 0
2 36
3 31
4 5
5 43
6 37
7 3
8 42
9 12
10 38
11 41
12 1
13 34
14 21
15 14
16 7
17 25
18 19
19 44
20 17
21 20
22 30
23 11
24 32
25 2
26 15
27 8
28 27
29 22
30 40
31 4
32 10
33 16
34 28
35 9
36 33
37 26
38 35
39 6
40 39
41 24
42 18
43 29
44 13
SIMILAR

42 33 37 22 34 30 23 15 19 38 28 9 10 24 20 21 12 17 14 1 16 6 26 40 43 4 5 18 41 0 25 27 8 32 31 11 29 44 13 7 3 2 39 36 35 
0 29
1 19
2 41
3 40
4 25
5 26
6 21
7 39
8 32
9 11
10 12
11 35
12 16
13 38
14 18
15 7
16 20
17 17
18 27
19 8
20 14
21 15
22 3
23 6
24 13
25 30
26 22
27 31
28 10
29 36
30 5
31 34
32 33
33 1
34 4
35 44
36 43
37 2
38 9
39 42
40 23
41 28
42 0
43 24
44 37
SIMILAR

24 21 30 3 38 1 0 20 6 23 16 44 33 28 18 27 29 35 43 7 4 25 15 12 40 8 36 9 39 5 19 26 41 42 2 37 13 32 14 22 31 10 34 11 17 
0 6
1 5
2 34
3 3
4 20
5 29
6 8
7 19
8 25
9 27
10 41
11 43
12 23
13 36
14 38
15 22
16 10
17 44
18 14
19 30
20 7
21 1
22 39
23 9
24 0
25 21
26 31
27 15
28 13
29 16
30 2
31 40
32 37
33 12
34 42
35 17
36 26
37 35
38 4
39 28
40 24
41 32
42 33
43 18
44 11
SIMILAR

35 41 22 42 19 25 36 16 18 17 12 30 8 2 31 11 3 1 24 21 32 28 29 27 10 5 40 39 37 9 7 14 44 6 23 38 26 13 20 15 43 33 0 34 4 
0 42
1 17
2 13
3 16
4 44
5 25
6 33
7 30
8 12
9 29
10 24
11 15
12 10
13 37
14 31
15 39
16 7
17 9
18 8
19 4
20 38
21 19
22 2
23 34
24 18
25 5
26 36
27 23
28 21
29 22
30 11
31 14
32 20
33 41
34 43
35 0
36 6
37 28
38 35
39 27
40 26
41 1
42 3
43 40
44 32
SIMILAR

24 34 8 43 27 30 3 20 31 41 23 36 14 35 32 29 42 9 6 17 19 18 0 4 26 11 1 16 5 12 40 38 37 10 39 33 15 22 13 2 21 28 7 25 44 
0 22
1 26
2 39
3 6
4 23
5 28
6 18
7 42
8 2
9 17
10 33
11 25
12 29
13 38
14 12
15 36
16 27
17 19
18 21
19 20
20 7
21 40
22 37
23 10
24 0
25 43
26 24
27 4
28 41
29 15
30 5
31 8
32 14
33 35
34 1
35 13
36 11
37 32
38 31
39 34
40 30
41 9
42 16
43 3
44 44
SIMILAR

35 0 7 20 31 9 5 40 8 18 13 24 19 32 17 36 23 37 4 10 43 41 6 33 29 25 12 11 16 28 39 38 14 1 2 3 21 42 15 27 44 26 22 30 34 
0 1
1 33
2 34
3 35
4 18
5 6
6 22
7 2
8 8
9 5
10 19
11 27
12 26
13 10
14 32
15 38
16 28
17 14
18 9
19 12
20 3
21 36
22 42
23 16
24 11
25 25
26 41
27 39
28 29
29 24
30 43
31 4
32 13
33 23
34 44
35 0
36 15
37 17
38 31
39 30
40 7
41 21
42 37
43 20
44 40
SIMILAR

15 31 9 1 36 23 30 29 24 21 44 34 37 25 7 13 39 11 0 26 42 5 3 20 4 27 41 22 32 18 19 38 16 2 43 28 10 8 40 33 6 12 14 35 17 
0 18
1 3
2 33
3 22
4 24
5 21
6 40
7 14
8 37
9 2
10 36
11 17
12 41
13 15
14 42
15 0
16 32
17 44
18 29
19 30
20 23
21 9
22 27
23 5
24 8
25 13
26 19
27 25
28 35
29 7
30 6
31 1
32 28
33 39
34 11
35 43
36 4
37 12
38 31
39 16
40 38
41 26
42 20
43 34
44 10
SIMILAR
100 0
9900 0
419900 0
