45
0 0 0 0 0 0 0 1 0 0 1 1 1 0 1 1 0 0 0 0 1 1 0 1 1 0 1 1 1 0 0 0 1 0 1 1 1 1 1 1 0 0 0 1 0 
0 0 1 0 0 0 0 1 0 0 0 1 0 1 1 1 1 1 1 0 0 0 1 1 1 1 1 0 1 0 1 1 0 0 0 0 0 1 1 0 1 1 0 0 1 
0 1 0 1 1 1 0 0 0 0 1 0 1 0 1 1 1 1 0 0 0 1 0 0 0 1 1 0 1 1 1 1 0 0 1 1 0 1 1 0 1 0 1 1 0 
0 0 1 0 0 0 1 0 1 1 0 1 0 0 0 0 1 1 1 0 1 0 1 0 0 1 1 0 1 1 0 1 0 1 1 0 1 1 1 1 1 1 1 0 1 
0 0 1 0 0 0 1 1 0 0 1 0 1 0 1 1 0 1 0 1 0 0 1 0 0 0 1 1 0 1 1 1 0 1 1 1 1 1 0 0 0 1 0 1 0 
0 0 1 0 0 0 0 0 1 0 1 0 1 0 0 1 1 0 0 1 1 1 0 0 1 1 0 0 0 0 0 0 1 0 0 0 0 1 1 0 0 1 0 1 0 
0 0 0 1 1 0 0 0 0 1 1 1 1 1 1 1 1 1 1 0 0 0 0 1 1 0 0 0 1 1 1 0 1 0 1 1 0 0 0 1 0 0 1 1 0 
1 1 0 0 1 0 0 0 1 1 1 0 1 0 0 1 0 1 0 1 0 0 0 0 1 1 0 0 1 0 0 0 1 0 0 1 0 0 0 1 0 0 0 0 0 
0 0 0 1 0 1 0 1 0 0 1 0 1 0 0 0 0 0 0 0 1 0 0 0 0 1 0 1 0 1 0 0 0 1 0 0 1 0 0 0 1 0 1 0 0 
0 0 0 1 0 0 1 1 0 0 1 1 1 1 1 0 0 0 1 1 1 0 1 1 1 0 1 1 1 1 1 1 0 1 0 0 0 1 0 0 1 1 0 1 1 
1 0 1 0 1 1 1 1 1 1 0 1 1 1 0 0 0 0 1 1 1 1 0 1 1 0 1 1 1 0 0 0 0 0 0 0 1 1 1 0 0 1 0 0 1 
1 1 0 1 0 0 1 0 0 1 1 0 1 1 1 1 1 1 1 0 0 0 1 1 0 0 1 0 1 0 1 0 0 1 1 1 0 0 1 1 1 0 0 0 0 
1 0 1 0 1 1 1 1 1 1 1 1 0 1 1 0 1 1 1 1 1 0 1 1 0 1 0 1 0 0 1 0 0 0 1 1 0 1 1 0 0 0 0 1 0 
0 1 0 0 0 0 1 0 0 1 1 1 1 0 0 0 0 0 0 0 0 0 0 1 0 1 1 1 1 1 0 0 0 1 0 1 1 0 1 1 0 0 1 1 0 
1 1 1 0 1 0 1 0 0 1 0 1 1 0 0 1 1 1 0 0 1 1 0 1 0 1 0 1 0 0 1 1 1 0 0 1 1 1 0 1 0 0 1 1 1 
1 1 1 0 1 1 1 1 0 0 0 1 0 0 1 0 0 0 0 1 0 1 1 0 1 1 1 1 0 0 1 0 0 0 0 0 0 0 1 1 1 1 0 0 0 
0 1 1 1 0 1 1 0 0 0 0 1 1 0 1 0 0 0 0 1 1 1 1 0 0 0 1 0 0 0 1 0 0 0 0 0 0 0 1 1 1 0 1 1 1 
0 1 1 1 1 0 1 1 0 0 0 1 1 0 1 0 0 0 1 1 0 1 0 1 0 1 0 0 0 1 1 1 0 1 1 1 0 1 0 1 1 0 0 1 0 
0 1 0 1 0 0 1 0 0 1 1 1 1 0 0 0 0 1 0 1 0 1 0 0 1 1 1 1 1 1 0 1 0 1 0 1 0 1 0 1 1 0 0 1 0 
0 0 0 0 1 1 0 1 0 1 1 0 1 0 0 1 1 1 1 0 1 1 1 0 0 0 0 0 0 0 0 0 0 1 0 1 0 1 1 1 0 0 1 1 0 
1 0 0 1 0 1 0 0 1 1 1 0 1 0 1 0 1 0 0 1 0 0 0 0 0 0 1 0 0 1 0 1 0 1 0 0 0 1 1 1 0 0 1 0 1 
1 0 1 0 0 1 0 0 0 0 1 0 0 0 1 1 1 1 1 1 0 0 0 0 1 1 0 1 1 1 1 1 1 1 0 1 0 1 1 1 1 0 1 1 1 
0 1 0 1 1 0 0 0 0 1 0 1 1 0 0 1 1 0 0 1 0 0 0 0 1 0 1 1 0 0 0 1 0 1 1 0 1 1 1 0 0 1 0 0 0 
1 1 0 0 0 0 1 0 0 1 1 1 1 1 1 0 0 1 0 0 0 0 0 0 1 0 1 0 1 1 0 0 1 1 0 0 0 1 0 0 1 0 0 1 0 
1 1 0 0 0 1 1 1 0 1 1 0 0 0 0 1 0 0 1 0 0 1 1 1 0 1 0 0 1 1 0 1 0 0 1 0 0 0 1 1 1 0 0 0 0 
0 1 1 1 0 1 0 1 1 0 0 0 1 1 1 1 0 1 1 0 0 1 0 0 1 0 1 1 0 0 1 1 1 1 1 1 0 0 1 1 1 1 0 1 0 
1 1 1 1 1 0 0 0 0 1 1 1 0 1 0 1 1 0 1 0 1 0 1 1 0 1 0 1 0 0 1 0 1 0 0 1 1 0 1 1 1 0 0 0 0 
1 0 0 0 1 0 0 0 1 1 1 0 1 1 1 1 0 0 1 0 0 1 1 0 0 1 1 0 0 1 1 1 1 1 0 0 1 0 0 0 1 0 1 1 1 
1 1 1 1 0 0 1 1 0 1 1 1 0 1 0 0 0 0 1 0 0 1 0 1 1 0 0 0 0 1 1 1 1 0 0 1 0 0 0 0 1 0 1 0 1 
0 0 1 1 1 0 1 0 1 1 0 0 0 1 0 0 0 1 1 0 1 1 0 1 1 0 0 1 1 0 0 1 1 1 1 0 0 1 1 1 1 1 0 0 0 
0 1 1 0 1 0 1 0 0 1 0 1 1 0 1 1 1 1 0 0 0 1 0 0 0 1 1 1 1 0 0 0 1 0 1 1 1 1 1 1 1 0 0 1 1 
0 1 1 1 1 0 0 0 0 1 0 0 0 0 1 0 0 1 1 0 1 1 1 0 1 1 0 1 1 1 0 0 0 0 0 0 0 0 0 1 1 0 1 1 0 
1 0 0 0 0 1 1 1 0 0 0 0 0 0 1 0 0 0 0 0 0 1 0 1 0 1 1 1 1 1 1 0 0 0 0 0 1 0 1 1 1 1 0 1 0 
0 0 0 1 1 0 0 0 1 1 0 1 0 1 0 0 0 1 1 1 1 1 1 1 0 1 0 1 0 1 0 0 0 0 0 1 0 1 1 1 0 1 0 0 0 
1 0 1 1 1 0 1 0 0 0 0 1 1 0 0 0 0 1 0 0 0 0 1 0 1 1 0 0 0 1 1 0 0 0 0 1 0 0 1 0 0 1 1 1 1 
1 0 1 0 1 0 1 1 0 0 0 1 1 1 1 0 0 1 1 1 0 1 0 0 0 1 1 0 1 0 1 0 0 1 1 0 0 1 1 0 0 1 0 0 1 
1 0 0 1 1 0 0 0 1 0 1 0 0 1 1 0 0 0 0 0 0 0 1 0 0 0 1 1 0 0 1 0 1 0 0 0 0 1 0 1 1 1 1 1 0 
1 1 1 1 1 1 0 0 0 1 1 0 1 0 1 0 0 1 1 1 1 1 1 1 0 0 0 0 0 1 1 0 0 1 0 1 1 0 1 1 1 1 1 1 0 
1 1 1 1 0 1 0 0 0 0 1 1 1 1 0 1 1 0 0 1 1 1 1 0 1 1 1 0 0 1 1 0 1 1 1 1 0 1 0 0 0 1 1 1 1 
1 0 0 1 0 0 1 1 0 0 0 1 0 1 1 1 1 1 1 1 1 1 0 0 1 1 1 0 0 1 1 1 1 1 0 0 1 1 0 0 0 1 1 0 0 
0 1 1 1 0 0 0 0 1 1 0 1 0 0 0 1 1 1 1 0 0 1 0 1 1 1 1 1 1 1 1 1 1 0 0 0 1 1 0 0 0 1 0 0 0 
0 1 0 1 1 1 0 0 0 1 1 0 0 0 0 1 0 0 0 0 0 0 1 0 0 1 0 0 0 1 0 0 1 1 1 1 1 1 1 1 1 0 0 1 0 
0 0 1 1 0 0 1 0 1 0 0 0 0 1 1 0 1 0 0 1 1 1 0 0 0 0 0 1 1 0 0 1 0 0 1 0 1 1 1 1 0 0 0 0 1 
1 0 1 0 1 1 1 0 0 1 0 0 1 1 1 0 1 1 1 1 0 1 0 1 0 1 0 1 0 0 1 1 1 0 1 0 1 1 1 0 0 1 0 0 0 
0 1 0 1 0 0 0 0 0 1 1 0 0 0 1 0 1 0 0 0 1 1 0 0 0 0 0 1 1 0 1 0 0 0 1 1 0 0 1 0 0 0 1 0 0 

0 27 38 21 6 33 28 26 8 43 18 1 16 15 23 25 44 31 13 32 39 42 37 3 2 35 10 12 19 24 20 36 11 40 30 4 9 14 22 41 17 29 34 7 5 
0 0
1 11
2 24
3 23
4 35
5 44
6 4
7 43
8 8
9 36
10 26
11 32
12 27
13 18
14 37
15 13
16 12
17 40
18 10
19 28
20 30
21 3
22 38
23 14
24 29
25 15
26 7
27 1
28 6
29 41
30 34
31 17
32 19
33 5
34 42
35 25
36 31
37 22
38 2
39 20
40 33
41 39
42 21
43 9
44 16
SIMILAR

25 31 2 10 42 33 15 16 7 6 37 38 41 27 36 3 8 29 18 21 30 23 26 20 13 34 1 44 35 14 9 19 39 43 32 0 17 28 5 40 4 11 24 12 22 
0 35
1 26
2 2
3 15
4 40
5 38
6 9
7 8
8 16
9 30
10 3
11 41
12 43
13 24
14 29
15 6
16 7
17 36
18 18
19 31
20 23
21 19
22 44
23 21
24 42
25 0
26 22
27 13
28 37
29 17
30 20
31 1
32 34
33 5
34 25
35 28
36 14
37 10
38 11
39 32
40 39
41 12
42 4
43 33
44 27
SIMILAR

10 20 5 11 14 43 40 19 41 15 3 16 36 33 34 13 17 7 12 23 4 27 29 28 6 30 32 2 37 39 44 31 8 18 25 21 35 42 24 0 26 38 1 9 22 
0 39
1 42
2 27
3 10
4 20
5 2
6 24
7 17
8 32
9 43
10 0
11 3
12 18
13 15
14 4
15 9
16 11
17 16
18 33
19 7
20 1
21 35
22 44
23 19
24 38
25 34
26 40
27 21
28 23
29 22
30 25
31 31
32 26
33 13
34 14
35 36
36 12
37 28
38 41
39 29
40 6
41 8
42 37
43 5
44 30
SIMILAR

1 44 9 43 7 33 40 27 6 0 42 35 34 11 8 16 24 41 29 22 38 28 23 14 36 4 32 15 10 2 39 26 3 19 25 20 17 30 18 37 31 21 5 12 13 
0 9
1 0
2 29
3 32
4 25
5 42
6 8
7 4
8 14
9 2
10 28
11 13
12 43
13 44
14 23
15 27
16 15
17 36
18 38
19 33
20 35
21 41
22 19
23 22
24 16
25 34
26 31
27 7
28 21
29 18
30 37
31 40
32 26
33 5
34 12
35 11
36 24
37 39
38 20
39 30
40 6
41 17
42 10
43 3
44 1
SIMILAR

31 34 21 10 40 28 27 7 12 42 32 36 18 33 24 39 41 19 25 35 20 1 3 13 38 30 8 15 11 17 2 44 0 22 14 4 29 23 43 6 37 26 5 9 16 
0 32
1 21
2 30
3 22
4 35
5 42
6 39
7 7
8 26
9 43
10 3
11 28
12 8
13 23
14 34
15 27
16 44
17 29
18 12
19 17
20 20
21 2
22 33
23 37
24 14
25 18
26 41
27 6
28 5
29 36
30 25
31 0
32 10
33 13
34 1
35 19
36 11
37 40
38 24
39 15
40 4
41 16
42 9
43 38
44 31
SIMILAR

18 16 31 35 14 39 17 22 4 5 10 38 13 37 8 44 40 30 41 28 20 3 6 34 43 36 15 32 26 7 24 11 21 42 33 23 29 27 25 19 12 1 2 9 0 
0 44
1 41
2 42
3 21
4 8
5 9
6 22
7 29
8 14
9 43
10 10
11 31
12 40
13 12
14 4
15 26
16 1
17 6
18 0
19 39
20 20
21 32
22 7
23 35
24 30
25 38
26 28
27 37
28 19
29 36
30 17
31 2
32 27
33 34
34 23
35 3
36 25
37 13
38 11
39 5
40 16
41 18
42 33
43 24
44 15
SIMILAR

32 0 43 38 9 20 40 10 26 6 33 39 29 7 34 8 30 21 36 17 2 4 15 22 1 12 44 28 37 41 27 19 25 11 5 14 42 18 16 13 35 3 31 23 24 
0 1
1 24
2 20
3 41
4 21
5 34
6 9
7 13
8 15
9 4
10 7
11 33
12 25
13 39
14 35
15 22
16 38
17 19
18 37
19 31
20 5
21 17
22 23
23 43
24 44
25 32
26 8
27 30
28 27
29 12
30 16
31 42
32 0
33 10
34 14
35 40
36 18
37 28
38 3
39 11
40 6
41 29
42 36
43 2
44 26
SIMILAR

5 8 24 22 9 35 27 30 13 1 6 31 21 32 26 34 37 3 15 29 16 7 43 42 4 0 25 10 33 28 39 12 11 38 23 19 14 2 18 41 40 44 17 36 20 
0 25
1 9
2 37
3 17
4 24
5 0
6 10
7 21
8 1
9 4
10 27
11 32
12 31
13 8
14 36
15 18
16 20
17 42
18 38
19 35
20 44
21 12
22 3
23 34
24 2
25 26
26 14
27 6
28 29
29 19
30 7
31 11
32 13
33 28
34 15
35 5
36 43
37 16
38 33
39 30
40 40
41 39
42 23
43 22
44 41
SIMILAR

43 10 26 16 13 44 3 12 17 22 29 30 37 23 14 38 41 20 1 39 40 28 0 19 15 6 5 32 4 34 31 9 33 11 2 42 8 21 24 35 36 18 27 7 25 
0 22
1 18
2 34
3 6
4 28
5 26
6 25
7 43
8 36
9 31
10 1
11 33
12 7
13 4
14 14
15 24
16 3
17 8
18 41
19 23
20 17
21 37
22 9
23 13
24 38
25 44
26 2
27 42
28 21
29 10
30 11
31 30
32 27
33 32
34 29
35 39
36 40
37 12
38 15
39 19
40 20
41 16
42 35
43 0
44 5
SIMILAR

13 21 27 31 38 32 40 35 16 4 18 25 10 1 22 2 9 28 5 17 33 14 26 36 3 34 12 11 7 44 23 19 37 29 42 15 6 43 8 41 20 39 0 24 30 
0 42
1 13
2 15
3 24
4 9
5 18
6 36
7 28
8 38
9 16
10 12
11 27
12 26
13 0
14 21
15 35
16 8
17 19
18 10
19 31
20 40
21 1
22 14
23 30
24 43
25 11
26 22
27 2
28 17
29 33
30 44
31 3
32 5
33 20
34 25
35 7
36 23
37 32
38 4
39 41
40 6
41 39
42 34
43 37
44 29
SIMILAR

27 25 21 20 14 1 3 36 5 42 23 30 19 9 18 8 34 0 7 17 40 4 15 41 2 44 11 13 29 35 28 12 26 10 31 37 39 16 38 33 22 24 6 32 43 
0 17
1 5
2 24
3 6
4 21
5 8
6 42
7 18
8 15
9 13
10 33
11 26
12 31
13 27
14 4
15 22
16 37
17 19
18 14
19 12
20 3
21 2
22 40
23 10
24 41
25 1
26 32
27 0
28 30
29 28
30 11
31 34
32 43
33 39
34 16
35 29
36 7
37 35
38 38
39 36
40 20
41 23
42 9
43 44
44 25
SIMILAR

42 33 17 31 26 32 37 43 30 6 19 41 18 38 10 24 22 9 44 7 16 0 15 21 29 23 3 27 4 35 1 28 34 39 14 25 5 12 40 20 13 2 8 11 36 
0 21
1 30
2 41
3 26
4 28
5 36
6 9
7 19
8 42
9 17
10 14
11 43
12 37
13 40
14 34
15 22
16 20
17 2
18 12
19 10
20 39
21 23
22 16
23 25
24 15
25 35
26 4
27 27
28 31
29 24
30 8
31 3
32 5
33 1
34 32
35 29
36 44
37 6
38 13
39 33
40 38
41 11
42 0
43 7
44 18
SIMILAR

18 39 41 44 38 11 16 0 34 35 10 28 33 31 13 7 5 25 26 15 6 12 4 19 20 37 2 23 21 14 43 40 3 9 22 30 17 29 42 1 8 24 27 32 36 
0 7
1 39
2 26
3 32
4 22
5 16
6 20
7 15
8 40
9 33
10 10
11 5
12 21
13 14
14 29
15 19
16 6
17 36
18 0
19 23
20 24
21 28
22 34
23 27
24 41
25 17
26 18
27 42
28 11
29 37
30 35
31 13
32 43
33 12
34 8
35 9
36 44
37 25
38 4
39 1
40 31
41 2
42 38
43 30
44 3
SIMILAR

11 0 28 30 15 23 38 31 13 10 9 36 4 12 21 33 32 1 7 37 2 24 42 22 41 27 8 19 25 20 40 6 3 5 43 39 16 35 18 14 17 29 44 34 26 
0 1
1 17
2 20
3 32
4 12
5 33
6 31
7 18
8 26
9 10
10 9
11 0
12 13
13 8
14 39
15 4
16 36
17 40
18 38
19 27
20 29
21 14
22 23
23 5
24 21
25 28
26 44
27 25
28 2
29 41
30 3
31 7
32 16
33 15
34 43
35 37
36 11
37 19
38 6
39 35
40 30
41 24
42 22
43 34
44 42
SIMILAR

10 21 12 36 31 25 27 44 33 2 9 30 39 38 19 34 17 23 22 28 5 26 15 42 37 13 40 0 11 7 8 4 1 20 16 24 32 35 3 6 41 18 43 14 29 
0 27
1 32
2 9
3 38
4 31
5 20
6 39
7 29
8 30
9 10
10 0
11 28
12 2
13 25
14 43
15 22
16 34
17 16
18 41
19 14
20 33
21 1
22 18
23 17
24 35
25 5
26 21
27 6
28 19
29 44
30 11
31 4
32 36
33 8
34 15
35 37
36 3
37 24
38 13
39 12
40 26
41 40
42 23
43 42
44 7
SIMILAR

11 37 19 16 44 24 3 10 28 4 43 18 9 26 32 2 39 21 0 29 6 25 41 13 20 27 7 40 23 17 38 22 30 34 36 35 15 42 12 5 1 33 8 31 14 
0 18
1 40
2 15
3 6
4 9
5 39
6 20
7 26
8 42
9 12
10 7
11 0
12 38
13 23
14 44
15 36
16 3
17 29
18 11
19 2
20 24
21 17
22 31
23 28
24 5
25 21
26 13
27 25
28 8
29 19
30 32
31 43
32 14
33 41
34 33
35 35
36 34
37 1
38 30
39 16
40 27
41 22
42 37
43 10
44 4
SIMILAR

5 3 24 0 42 30 2 6 26 16 4 44 15 37 14 31 10 27 7 29 40 36 23 35 1 32 13 18 25 8 21 38 11 9 20 17 43 19 41 39 33 12 34 28 22 
0 3
1 24
2 6
3 1
4 10
5 0
6 7
7 18
8 29
9 33
10 16
11 32
12 41
13 26
14 14
15 12
16 9
17 35
18 27
19 37
20 34
21 30
22 44
23 22
24 2
25 28
26 8
27 17
28 43
29 19
30 5
31 15
32 25
33 40
34 42
35 23
36 21
37 13
38 31
39 39
40 20
41 38
42 4
43 36
44 11
SIMILAR

42 36 8 21 17 26 27 37 1 22 32 33 20 28 19 43 15 30 0 39 23 10 44 31 24 16 9 13 41 5 4 3 2 6 38 25 7 35 14 12 40 34 18 29 11 
0 18
1 8
2 32
3 31
4 30
5 29
6 33
7 36
8 2
9 26
10 21
11 44
12 39
13 27
14 38
15 16
16 25
17 4
18 42
19 14
20 12
21 3
22 9
23 20
24 24
25 35
26 5
27 6
28 13
29 43
30 17
31 23
32 10
33 11
34 41
35 37
36 1
37 7
38 34
39 19
40 40
41 28
42 0
43 15
44 22
SIMILAR

13 43 10 44 33 11 12 32 15 19 37 9 31 41 23 25 0 8 30 27 4 17 14 3 5 39 38 28 22 36 7 1 18 2 35 42 34 26 20 40 24 21 16 6 29 
0 16
1 31
2 33
3 23
4 20
5 24
6 43
7 30
8 17
9 11
10 2
11 5
12 6
13 0
14 22
15 8
16 42
17 21
18 32
19 9
20 38
21 41
22 28
23 14
24 40
25 15
26 37
27 19
28 27
29 44
30 18
31 12
32 7
33 4
34 36
35 34
36 29
37 10
38 26
39 25
40 39
41 13
42 35
43 1
44 3
SIMILAR

16 32 10 21 29 43 15 31 17 6 28 18 7 27 34 41 3 40 2 8 37 20 5 22 38 23 24 14 36 13 39 42 25 35 19 12 26 1 0 11 4 30 9 44 33 
0 38
1 37
2 18
3 16
4 40
5 22
6 9
7 12
8 19
9 42
10 2
11 39
12 35
13 29
14 27
15 6
16 0
17 8
18 11
19 34
20 21
21 3
22 23
23 25
24 26
25 32
26 36
27 13
28 10
29 4
30 41
31 7
32 1
33 44
34 14
35 33
36 28
37 20
38 24
39 30
40 17
41 15
42 31
43 5
44 43
SIMILAR

13 7 5 15 38 39 16 21 20 30 0 28 12 18 2 10 3 36 4 42 14 23 32 22 19 40 29 9 6 1 11 26 44 24 25 37 41 17 27 8 35 31 33 34 43 
0 10
1 29
2 14
3 16
4 18
5 2
6 28
7 1
8 39
9 27
10 15
11 30
12 12
13 0
14 20
15 3
16 6
17 37
18 13
19 24
20 8
21 7
22 23
23 21
24 33
25 34
26 31
27 38
28 11
29 26
30 9
31 41
32 22
33 42
34 43
35 40
36 17
37 35
38 4
39 5
40 25
41 36
42 19
43 44
44 32
SIMILAR

27 2 9 30 15 34 11 28 3 44 18 29 32 5 25 39 35 21 16 17 8 38 43 37 41 33 42 20 19 13 24 22 1 0 10 40 36 26 7 6 14 12 23 4 31 
0 33
1 32
2 1
3 8
4 43
5 13
6 39
7 38
8 20
9 2
10 34
11 6
12 41
13 29
14 40
15 4
16 18
17 19
18 10
19 28
20 27
21 17
22 31
23 42
24 30
25 14
26 37
27 0
28 7
29 11
30 3
31 44
32 12
33 25
34 5
35 16
36 36
37 23
38 21
39 15
40 35
41 24
42 26
43 22
44 9
SIMILAR

38 28 8 19 37 20 3 16 44 30 17 18 15 42 23 21 4 24 41 40 10 22 6 32 29 26 11 39 27 36 25 7 35 31 5 14 9 43 0 33 2 12 34 13 1 
0 38
1 44
2 40
3 6
4 16
5 34
6 22
7 31
8 2
9 36
10 20
11 26
12 41
13 43
14 35
15 12
16 7
17 10
18 11
19 3
20 5
21 15
22 21
23 14
24 17
25 30
26 25
27 28
28 1
29 24
30 9
31 33
32 23
33 39
34 42
35 32
36 29
37 4
38 0
39 27
40 19
41 18
42 13
43 37
44 8
SIMILAR

2 7 5 40 41 44 14 13 29 11 27 39 32 23 36 8 16 0 18 38 17 35 4 12 24 37 3 6 25 20 31 42 34 26 43 22 9 30 19 10 21 1 15 33 28 
0 17
1 41
2 0
3 26
4 22
5 2
6 27
7 1
8 15
9 36
10 39
11 9
12 23
13 7
14 6
15 42
16 16
17 20
18 18
19 38
20 29
21 40
22 35
23 13
24 24
25 28
26 33
27 10
28 44
29 8
30 37
31 30
32 12
33 43
34 32
35 21
36 14
37 25
38 19
39 11
40 3
41 4
42 31
43 34
44 5
SIMILAR

7 13 4 23 31 20 22 40 38 3 42 26 33 2 32 11 6 5 0 15 21 41 8 39 37 19 17 14 43 25 30 18 29 36 35 28 24 1 10 44 9 16 34 12 27 
0 18
1 37
2 13
3 9
4 2
5 17
6 16
7 0
8 22
9 40
10 38
11 15
12 43
13 1
14 27
15 19
16 41
17 26
18 31
19 25
20 5
21 20
22 6
23 3
24 36
25 29
26 11
27 44
28 35
29 32
30 30
31 4
32 14
33 12
34 42
35 34
36 33
37 24
38 8
39 23
40 7
41 21
42 10
43 28
44 39
SIMILAR

17 34 42 27 7 8 38 29 44 12 13 40 36 32 25 5 2 31 11 4 43 35 33 23 15 18 3 9 24 30 14 21 1 39 6 26 16 41 22 19 37 28 20 10 0 
0 44
1 32
2 16
3 26
4 19
5 15
6 34
7 4
8 5
9 27
10 43
11 18
12 9
13 10
14 30
15 24
16 36
17 0
18 25
19 39
20 42
21 31
22 38
23 23
24 28
25 14
26 35
27 3
28 41
29 7
30 29
31 17
32 13
33 22
34 1
35 21
36 12
37 40
38 6
39 33
40 11
41 37
42 2
43 20
44 8
SIMILAR

4 14 15 28 21 20 43 40 32 25 9 35 17 29 2 39 19 24 6 12 11 38 30 10 34 1 27 33 22 8 0 18 16 3 7 13 31 41 26 5 42 23 44 37 36 
0 30
1 25
2 14
3 33
4 0
5 39
6 18
7 34
8 29
9 10
10 23
11 20
12 19
13 35
14 1
15 2
16 32
17 12
18 31
19 16
20 5
21 4
22 28
23 41
24 17
25 9
26 38
27 26
28 3
29 13
30 22
31 36
32 8
33 27
34 24
35 11
36 44
37 43
38 21
39 15
40 7
41 37
42 40
43 6
44 42
SIMILAR

32 16 21 8 30 23 44 34 31 7 3 4 14 41 1 15 42 22 13 2 29 9 25 35 12 37 27 40 5 20 18 36 11 24 43 0 28 39 26 33 38 17 10 19 6 
0 35
1 14
2 19
3 10
4 11
5 28
6 44
7 9
8 3
9 21
10 42
11 32
12 24
13 18
14 12
15 15
16 1
17 41
18 30
19 43
20 29
21 2
22 17
23 5
24 33
25 22
26 38
27 26
28 36
29 20
30 4
31 8
32 0
33 39
34 7
35 23
36 31
37 25
38 40
39 37
40 27
41 13
42 16
43 34
44 6
SIMILAR

30 17 31 44 14 20 26 1 15 5 34 36 4 22 21 13 28 42 19 25 23 6 39 0 29 27 32 2 33 35 43 41 24 18 10 7 3 8 12 11 16 40 9 37 38 
0 23
1 7
2 27
3 36
4 12
5 9
6 21
7 35
8 37
9 42
10 34
11 39
12 38
13 15
14 4
15 8
16 40
17 1
18 33
19 18
20 5
21 14
22 13
23 20
24 32
25 19
26 6
27 25
28 16
29 24
30 0
31 2
32 26
33 28
34 10
35 29
36 11
37 43
38 44
39 22
40 41
41 31
42 17
43 30
44 3
SIMILAR

38 39 2 23 5 41 25 26 32 13 18 36 0 12 33 1 8 6 15 29 44 24 43 31 27 40 4 34 10 11 9 20 16 3 17 30 37 42 19 14 7 28 35 21 22 
0 12
1 15
2 2
3 33
4 26
5 4
6 17
7 40
8 16
9 30
10 28
11 29
12 13
13 9
14 39
15 18
16 32
17 34
18 10
19 38
20 31
21 43
22 44
23 3
24 21
25 6
26 7
27 24
28 41
29 19
30 35
31 23
32 8
33 14
34 27
35 42
36 11
37 36
38 0
39 1
40 25
41 5
42 37
43 22
44 20
SIMILAR

33 43 27 12 30 3 22 44 31 18 38 39 42 32 11 35 24 4 19 7 16 10 15 5 20 34 6 29 28 26 13 1 36 21 0 41 17 25 37 9 2 14 23 8 40 
0 34
1 31
2 40
3 5
4 17
5 23
6 26
7 19
8 43
9 39
10 21
11 14
12 3
13 30
14 41
15 22
16 20
17 36
18 9
19 18
20 24
21 33
22 6
23 42
24 16
25 37
26 29
27 2
28 28
29 27
30 4
31 8
32 13
33 0
34 25
35 15
36 32
37 38
38 10
39 11
40 44
41 35
42 12
43 1
44 7
SIMILAR

35 27 29 33 12 8 20 15 32 24 30 22 31 16 2 38 17 11 13 23 4 19 39 0 34 40 6 36 10 5 3 1 37 18 25 43 7 28 14 21 44 9 42 26 41 
0 23
1 31
2 14
3 30
4 20
5 29
6 26
7 36
8 5
9 41
10 28
11 17
12 4
13 18
14 38
15 7
16 13
17 16
18 33
19 21
20 6
21 39
22 11
23 19
24 9
25 34
26 43
27 1
28 37
29 2
30 10
31 12
32 8
33 3
34 24
35 0
36 27
37 32
38 15
39 22
40 25
41 44
42 42
43 35
44 40
SIMILAR

23 5 42 1 14 33 27 24 25 12 19 38 32 4 26 10 28 3 41 21 31 43 22 30 18 40 17 15 0 8 39 6 29 36 16 11 44 34 7 9 20 13 35 2 37 
0 28
1 3
2 43
3 17
4 13
5 1
6 31
7 38
8 29
9 39
10 15
11 35
12 9
13 41
14 4
15 27
16 34
17 26
18 24
19 10
20 40
21 19
22 22
23 0
24 7
25 8
26 14
27 6
28 16
29 32
30 23
31 20
32 12
33 5
34 37
35 42
36 33
37 44
38 11
39 30
40 25
41 18
42 2
43 21
44 36
SIMILAR

27 40 4 44 25 19 14 36 12 21 17 15 41 6 43 2 33 22 34 32 11 30 35 10 3 31 8 5 18 13 9 1 37 0 26 39 23 29 42 38 7 20 28 16 24 
0 33
1 31
2 15
3 24
4 2
5 27
6 13
7 40
8 26
9 30
10 23
11 20
12 8
13 29
14 6
15 11
16 43
17 10
18 28
19 5
20 41
21 9
22 17
23 36
24 44
25 4
26 34
27 0
28 42
29 37
30 21
31 25
32 19
33 16
34 18
35 22
36 7
37 32
38 39
39 35
40 1
41 12
42 38
43 14
44 3
SIMILAR

21 34 9 4 37 25 24 36 15 8 7 1 13 0 5 12 44 16 27 18 29 2 22 10 32 35 14 39 41 6 43 3 20 28 17 26 40 33 38 19 31 42 30 23 11 
0 13
1 11
2 21
3 31
4 3
5 14
6 29
7 10
8 9
9 2
10 23
11 44
12 15
13 12
14 26
15 8
16 17
17 34
18 19
19 39
20 32
21 0
22 22
23 43
24 6
25 5
26 35
27 18
28 33
29 20
30 42
31 40
32 24
33 37
34 1
35 25
36 7
37 4
38 38
39 27
40 36
41 28
42 41
43 30
44 16
SIMILAR

11 34 44 1 7 30 4 16 36 0 10 17 19 26 23 3 27 20 25 32 18 35 9 43 15 6 42 13 14 22 5 39 28 38 31 2 37 41 8 40 24 12 33 29 21 
0 9
1 3
2 35
3 15
4 6
5 30
6 25
7 4
8 38
9 22
10 10
11 0
12 41
13 27
14 28
15 24
16 7
17 11
18 20
19 12
20 17
21 44
22 29
23 14
24 40
25 18
26 13
27 16
28 32
29 43
30 5
31 34
32 19
33 42
34 1
35 21
36 8
37 36
38 33
39 31
40 39
41 37
42 26
43 23
44 2
SIMILAR

33 15 2 8 13 31 39 7 1 41 17 36 9 0 23 35 18 26 4 6 5 10 34 22 14 29 3 16 19 40 11 24 20 27 25 21 32 30 43 37 28 38 12 42 44 
0 13
1 8
2 2
3 26
4 18
5 20
6 19
7 7
8 3
9 12
10 21
11 30
12 42
13 4
14 24
15 1
16 27
17 10
18 16
19 28
20 32
21 35
22 23
23 14
24 31
25 34
26 17
27 33
28 40
29 25
30 37
31 5
32 36
33 0
34 22
35 15
36 11
37 39
38 41
39 6
40 29
41 9
42 43
43 38
44 44
SIMILAR

2 26 10 39 31 9 38 24 15 30 29 5 1 33 19 6 13 17 27 37 41 18 36 8 16 34 3 21 43 22 32 25 23 14 0 20 28 44 40 42 7 35 11 4 12 
0 34
1 12
2 0
3 26
4 43
5 11
6 15
7 40
8 23
9 5
10 2
11 42
12 44
13 16
14 33
15 8
16 24
17 17
18 21
19 14
20 35
21 27
22 29
23 32
24 7
25 31
26 1
27 18
28 36
29 10
30 9
31 4
32 30
33 13
34 25
35 41
36 22
37 19
38 6
39 3
40 38
41 20
42 39
43 28
44 37
SIMILAR

31 43 29 33 23 37 7 21 34 27 10 44 36 6 30 5 13 2 26 28 1 38 39 9 8 3 0 15 17 18 22 19 24 20 25 14 41 16 42 4 32 12 40 11 35 
0 26
1 20
2 17
3 25
4 39
5 15
6 13
7 6
8 24
9 23
10 10
11 43
12 41
13 16
14 35
15 27
16 37
17 28
18 29
19 31
20 33
21 7
22 30
23 4
24 32
25 34
26 18
27 9
28 19
29 2
30 14
31 0
32 40
33 3
34 8
35 44
36 12
37 5
38 21
39 22
40 42
41 36
42 38
43 1
44 11
SIMILAR

12 30 20 3 0 22 2 9 6 21 19 28 35 44 17 39 7 42 15 40 18 14 43 32 41 38 10 31 23 13 25 11 16 33 29 24 26 27 36 5 37 8 1 34 4 
0 4
1 42
2 6
3 3
4 44
5 39
6 8
7 16
8 41
9 7
10 26
11 31
12 0
13 29
14 21
15 18
16 32
17 14
18 20
19 10
20 2
21 9
22 5
23 28
24 35
25 30
26 36
27 37
28 11
29 34
30 1
31 27
32 23
33 33
34 43
35 12
36 38
37 40
38 25
39 15
40 19
41 24
42 17
43 22
44 13
SIMILAR

31 43 41 25 24 38 44 34 19 42 14 32 16 11 10 3 29 35 7 4 28 26 21 2 15 27 39 18 0 20 17 22 30 13 5 40 37 8 9 33 6 1 36 12 23 
0 28
1 41
2 23
3 15
4 19
5 34
6 40
7 18
8 37
9 38
10 14
11 13
12 43
13 33
14 10
15 24
16 12
17 30
18 27
19 8
20 29
21 22
22 31
23 44
24 4
25 3
26 21
27 25
28 20
29 16
30 32
31 0
32 11
33 39
34 7
35 17
36 42
37 36
38 5
39 26
40 35
41 2
42 9
43 1
44 6
SIMILAR

4 30 36 25 1 42 23 32 8 33 26 27 24 14 13 31 9 43 44 3 20 41 15 40 11 10 6 21 5 38 18 19 16 39 17 0 37 28 29 22 12 7 2 35 34 
0 35
1 4
2 42
3 19
4 0
5 28
6 26
7 41
8 8
9 16
10 25
11 24
12 40
13 14
14 13
15 22
16 32
17 34
18 30
19 31
20 20
21 27
22 39
23 6
24 12
25 3
26 10
27 11
28 37
29 38
30 1
31 15
32 7
33 9
34 44
35 43
36 2
37 36
38 29
39 33
40 23
41 21
42 5
43 17
44 18
SIMILAR

4 12 5 11 42 39 9 15 7 20 3 35 40 19 33 6 25 32 22 37 28 30 34 16 44 17 38 14 10 26 43 0 8 23 2 1 27 24 41 21 18 29 13 31 36 
0 31
1 35
2 34
3 10
4 0
5 2
6 15
7 8
8 32
9 6
10 28
11 3
12 1
13 42
14 27
15 7
16 23
17 25
18 40
19 13
20 9
21 39
22 18
23 33
24 37
25 16
26 29
27 36
28 20
29 41
30 21
31 43
32 17
33 14
34 22
35 11
36 44
37 19
38 26
39 5
40 12
41 38
42 4
43 30
44 24
SIMILAR

35 43 30 15 34 23 29 2 5 13 28 21 3 38 4 8 11 31 10 41 39 12 18 42 6 40 24 36 20 17 0 33 32 27 26 19 16 1 7 22 14 9 25 44 37 
0 30
1 37
2 7
3 12
4 14
5 8
6 24
7 38
8 15
9 41
10 18
11 16
12 21
13 9
14 40
15 3
16 36
17 29
18 22
19 35
20 28
21 11
22 39
23 5
24 26
25 42
26 34
27 33
28 10
29 6
30 2
31 17
32 32
33 31
34 4
35 0
36 27
37 44
38 13
39 20
40 25
41 19
42 23
43 1
44 43
SIMILAR

14 18 42 38 21 12 17 7 4 41 0 37 30 32 15 23 36 13 24 10 44 11 25 31 33 22 26 35 1 29 20 43 39 19 8 40 28 34 9 3 16 6 2 27 5 
0 10
1 28
2 42
3 39
4 8
5 44
6 41
7 7
8 34
9 38
10 19
11 21
12 5
13 17
14 0
15 14
16 40
17 6
18 1
19 33
20 30
21 4
22 25
23 15
24 18
25 22
26 26
27 43
28 36
29 29
30 12
31 23
32 13
33 24
34 37
35 27
36 16
37 11
38 3
39 32
40 35
41 9
42 2
43 31
44 20
SIMILAR

28 10 15 38 30 20 3 23 39 5 32 0 34 13 24 42 9 4 18 22 40 27 19 8 26 12 43 41 44 29 21 33 37 6 25 7 36 2 11 14 35 1 17 16 31 
0 11
1 41
2 37
3 6
4 17
5 9
6 33
7 35
8 23
9 16
10 1
11 38
12 25
13 13
14 39
15 2
16 43
17 42
18 18
19 22
20 5
21 30
22 19
23 7
24 14
25 34
26 24
27 21
28 0
29 29
30 4
31 44
32 10
33 31
34 12
35 40
36 36
37 32
38 3
39 8
40 20
41 27
42 15
43 26
44 28
SIMILAR

9 27 32 33 28 42 21 26 0 40 29 14 3 4 24 44 17 35 39 10 34 19 37 43 18 38 1 16 7 6 23 31 15 30 41 12 22 36 25 11 13 8 20 2 5 
0 8
1 26
2 43
3 12
4 13
5 44
6 29
7 28
8 41
9 0
10 19
11 39
12 35
13 40
14 11
15 32
16 27
17 16
18 24
19 21
20 42
21 6
22 36
23 30
24 14
25 38
26 7
27 1
28 4
29 10
30 33
31 31
32 2
33 3
34 20
35 17
36 37
37 22
38 25
39 18
40 9
41 34
42 5
43 23
44 15
SIMILAR

44 26 10 42 12 43 5 31 1 8 20 3 32 37 17 34 39 19 22 7 35 27 11 0 2 33 15 38 21 29 23 25 24 6 16 14 28 36 41 40 13 4 18 9 30 
0 23
1 8
2 24
3 11
4 41
5 6
6 33
7 19
8 9
9 43
10 2
11 22
12 4
13 40
14 35
15 26
16 34
17 14
18 42
19 17
20 10
21 28
22 18
23 30
24 32
25 31
26 1
27 21
28 36
29 29
30 44
31 7
32 12
33 25
34 15
35 20
36 37
37 13
38 27
39 16
40 39
41 38
42 3
43 5
44 0
SIMILAR

14 25 15 36 7 2 43 22 9 13 42 0 39 19 41 28 18 10 27 40 16 33 44 26 21 38 35 11 5 24 8 31 12 17 1 20 37 4 34 3 23 29 32 6 30 
0 11
1 34
2 5
3 39
4 37
5 28
6 43
7 4
8 30
9 8
10 17
11 27
12 32
13 9
14 0
15 2
16 20
17 33
18 16
19 13
20 35
21 24
22 7
23 40
24 29
25 1
26 23
27 18
28 15
29 41
30 44
31 31
32 42
33 21
34 38
35 26
36 3
37 36
38 25
39 12
40 19
41 14
42 10
43 6
44 22
SIMILAR

11 21 4 30 23 7 31 27 22 16 44 35 3 20 19 39 12 9 32 26 8 24 17 18 14 43 10 6 13 42 41 1 40 38 0 36 34 28 33 29 37 15 25 5 2 
0 34
1 31
2 44
3 12
4 2
5 43
6 27
7 5
8 20
9 17
10 26
11 0
12 16
13 28
14 24
15 41
16 9
17 22
18 23
19 14
20 13
21 1
22 8
23 4
24 21
25 42
26 19
27 7
28 37
29 39
30 3
31 6
32 18
33 38
34 36
35 11
36 35
37 40
38 33
39 15
40 32
41 30
42 29
43 25
44 10
SIMILAR

11 2 39 36 30 26 10 3 34 32 40 42 37 31 14 7 25 24 13 17 12 18 8 16 5 0 9 4 15 35 28 29 27 21 43 20 22 38 6 33 1 19 44 41 23 
0 25
1 40
2 1
3 7
4 27
5 24
6 38
7 15
8 22
9 26
10 6
11 0
12 20
13 18
14 14
15 28
16 23
17 19
18 21
19 41
20 35
21 33
22 36
23 44
24 17
25 16
26 5
27 32
28 30
29 31
30 4
31 13
32 9
33 39
34 8
35 29
36 3
37 12
38 37
39 2
40 10
41 43
42 11
43 34
44 42
SIMILAR

35 1 39 43 12 13 34 4 14 27 37 40 21 25 17 42 7 6 30 16 5 38 11 23 9 41 44 20 36 10 29 22 24 3 32 26 2 28 31 19 0 18 8 15 33 
0 40
1 1
2 36
3 33
4 7
5 20
6 17
7 16
8 42
9 24
10 29
11 22
12 4
13 5
14 8
15 43
16 19
17 14
18 41
19 39
20 27
21 12
22 31
23 23
24 32
25 13
26 35
27 9
28 37
29 30
30 18
31 38
32 34
33 44
34 6
35 0
36 28
37 10
38 21
39 2
40 11
41 25
42 15
43 3
44 26
SIMILAR

20 23 32 28 25 21 42 17 22 4 33 44 40 41 24 38 15 31 5 34 1 8 27 14 35 39 26 3 6 19 13 16 10 7 37 2 18 30 12 9 29 36 0 11 43 
0 42
1 20
2 35
3 27
4 9
5 18
6 28
7 33
8 21
9 39
10 32
11 43
12 38
13 30
14 23
15 16
16 31
17 7
18 36
19 29
20 0
21 5
22 8
23 1
24 14
25 4
26 26
27 22
28 3
29 40
30 37
31 17
32 2
33 10
34 19
35 24
36 41
37 34
38 15
39 25
40 12
41 13
42 6
43 44
44 11
SIMILAR

32 44 18 5 31 6 27 23 17 41 13 43 37 22 34 30 40 12 35 8 2 20 16 19 25 24 21 36 11 38 4 1 33 9 39 42 10 28 7 26 15 29 3 14 0 
0 44
1 31
2 20
3 42
4 30
5 3
6 5
7 38
8 19
9 33
10 36
11 28
12 17
13 10
14 43
15 40
16 22
17 8
18 2
19 23
20 21
21 26
22 13
23 7
24 25
25 24
26 39
27 6
28 37
29 41
30 15
31 4
32 0
33 32
34 14
35 18
36 27
37 12
38 29
39 34
40 16
41 9
42 35
43 11
44 1
SIMILAR

34 13 42 15 35 36 38 21 11 8 16 10 17 4 14 30 23 39 31 29 28 32 20 40 19 41 22 44 3 25 26 27 24 5 9 0 1 37 43 2 7 12 33 6 18 
0 35
1 36
2 39
3 28
4 13
5 33
6 43
7 40
8 9
9 34
10 11
11 8
12 41
13 1
14 14
15 3
16 10
17 12
18 44
19 24
20 22
21 7
22 26
23 16
24 32
25 29
26 30
27 31
28 20
29 19
30 15
31 18
32 21
33 42
34 0
35 4
36 5
37 37
38 6
39 17
40 23
41 25
42 2
43 38
44 27
SIMILAR

21 8 28 23 33 0 12 36 32 1 9 39 43 3 11 40 29 26 37 34 7 41 14 13 38 10 18 15 42 31 17 30 44 22 6 20 24 16 35 2 27 25 4 5 19 
0 5
1 9
2 39
3 13
4 42
5 43
6 34
7 20
8 1
9 10
10 25
11 14
12 6
13 23
14 22
15 27
16 37
17 30
18 26
19 44
20 35
21 0
22 33
23 3
24 36
25 41
26 17
27 40
28 2
29 16
30 31
31 29
32 8
33 4
34 19
35 38
36 7
37 18
38 24
39 11
40 15
41 21
42 28
43 12
44 32
SIMILAR

26 31 18 24 16 38 33 8 20 14 23 29 7 21 42 17 0 35 37 10 19 9 1 40 12 27 15 39 6 11 5 3 25 30 13 2 22 4 44 36 32 34 28 43 41 
0 16
1 22
2 35
3 31
4 37
5 30
6 28
7 12
8 7
9 21
10 19
11 29
12 24
13 34
14 9
15 26
16 4
17 15
18 2
19 20
20 8
21 13
22 36
23 10
24 3
25 32
26 0
27 25
28 42
29 11
30 33
31 1
32 40
33 6
34 41
35 17
36 39
37 18
38 5
39 27
40 23
41 44
42 14
43 43
44 38
SIMILAR

25 23 6 20 22 16 24 19 38 39 13 14 9 1 29 27 12 5 33 41 15 10 44 26 28 21 43 35 0 11 4 7 3 31 8 34 42 37 32 2 18 30 17 36 40 
0 28
1 13
2 39
3 32
4 30
5 17
6 2
7 31
8 34
9 12
10 21
11 29
12 16
13 10
14 11
15 20
16 5
17 42
18 40
19 7
20 3
21 25
22 4
23 1
24 6
25 0
26 23
27 15
28 24
29 14
30 41
31 33
32 38
33 18
34 35
35 27
36 43
37 37
38 8
39 9
40 44
41 19
42 36
43 26
44 22
SIMILAR

3 40 4 8 26 9 27 23 10 41 28 42 22 30 5 44 21 20 12 34 43 33 16 1 29 14 18 6 2 24 17 35 37 39 25 13 19 36 0 15 38 7 11 31 32 
0 38
1 23
2 28
3 0
4 2
5 14
6 27
7 41
8 3
9 5
10 8
11 42
12 18
13 35
14 25
15 39
16 22
17 30
18 26
19 36
20 17
21 16
22 12
23 7
24 29
25 34
26 4
27 6
28 10
29 24
30 13
31 43
32 44
33 21
34 19
35 31
36 37
37 32
38 40
39 33
40 1
41 9
42 11
43 20
44 15
SIMILAR

37 12 33 40 8 44 15 22 7 26 9 0 16 10 29 6 2 18 42 4 14 17 11 35 36 38 3 43 5 13 1 39 21 41 30 19 28 31 20 23 25 34 24 32 27 
0 11
1 30
2 16
3 26
4 19
5 28
6 15
7 8
8 4
9 10
10 13
11 22
12 1
13 29
14 20
15 6
16 12
17 21
18 17
19 35
20 38
21 32
22 7
23 39
24 42
25 40
26 9
27 44
28 36
29 14
30 34
31 37
32 43
33 2
34 41
35 23
36 24
37 0
38 25
39 31
40 3
41 33
42 18
43 27
44 5
SIMILAR

2 38 20 6 19 13 12 44 7 0 39 18 28 40 10 30 8 26 1 43 3 15 33 22 27 21 17 4 36 5 11 25 29 9 14 34 32 23 16 35 31 41 24 42 37 
0 9
1 18
2 0
3 20
4 27
5 29
6 3
7 8
8 16
9 33
10 14
11 30
12 6
13 5
14 34
15 21
16 38
17 26
18 11
19 4
20 2
21 25
22 23
23 37
24 42
25 31
26 17
27 24
28 12
29 32
30 15
31 40
32 36
33 22
34 35
35 39
36 28
37 44
38 1
39 10
40 13
41 41
42 43
43 19
44 7
SIMILAR

2 24 14 40 41 34 1 12 31 6 22 43 17 33 13 11 37 32 21 15 16 5 29 4 10 23 28 19 0 18 42 39 3 8 30 26 7 36 20 25 27 35 9 38 44 
0 28
1 6
2 0
3 32
4 23
5 21
6 9
7 36
8 33
9 42
10 24
11 15
12 7
13 14
14 2
15 19
16 20
17 12
18 29
19 27
20 38
21 18
22 10
23 25
24 1
25 39
26 35
27 40
28 26
29 22
30 34
31 8
32 17
33 13
34 5
35 41
36 37
37 16
38 43
39 31
40 3
41 4
42 30
43 11
44 44
SIMILAR

14 30 0 31 34 27 24 15 18 6 43 44 13 28 26 4 7 17 19 25 9 5 3 40 41 21 16 37 2 8 29 11 12 1 33 39 35 22 10 38 23 32 42 36 20 
0 2
1 33
2 28
3 22
4 15
5 21
6 9
7 16
8 29
9 20
10 38
11 31
12 32
13 12
14 0
15 7
16 26
17 17
18 8
19 18
20 44
21 25
22 37
23 40
24 6
25 19
26 14
27 5
28 13
29 30
30 1
31 3
32 41
33 34
34 4
35 36
36 43
37 27
38 39
39 35
40 23
41 24
42 42
43 10
44 11
SIMILAR

5 30 42 44 23 3 1 11 43 18 10 13 39 34 17 2 20 15 9 33 21 12 4 31 16 32 36 0 28 14 8 24 6 27 19 37 26 41 25 29 35 22 40 38 7 
0 27
1 6
2 15
3 5
4 22
5 0
6 32
7 44
8 30
9 18
10 10
11 7
12 21
13 11
14 29
15 17
16 24
17 14
18 9
19 34
20 16
21 20
22 41
23 4
24 31
25 38
26 36
27 33
28 28
29 39
30 1
31 23
32 25
33 19
34 13
35 40
36 26
37 35
38 43
39 12
40 42
41 37
42 2
43 8
44 3
SIMILAR

22 17 1 37 40 24 10 8 11 4 21 30 5 26 32 38 31 20 42 39 33 13 43 34 25 9 3 18 19 29 7 16 15 23 14 2 27 35 6 12 28 41 44 0 36 
0 43
1 2
2 35
3 26
4 9
5 12
6 38
7 30
8 7
9 25
10 6
11 8
12 39
13 21
14 34
15 32
16 31
17 1
18 27
19 28
20 17
21 10
22 0
23 33
24 5
25 24
26 13
27 36
28 40
29 29
30 11
31 16
32 14
33 20
34 23
35 37
36 44
37 3
38 15
39 19
40 4
41 41
42 18
43 22
44 42
SIMILAR

3 17 5 43 12 4 39 0 30 38 9 41 22 18 14 27 31 33 34 35 1 7 10 20 21 11 16 42 32 36 6 29 15 26 19 25 40 24 2 37 23 13 8 44 28 
0 7
1 20
2 38
3 0
4 5
5 2
6 30
7 21
8 42
9 10
10 22
11 25
12 4
13 41
14 14
15 32
16 26
17 1
18 13
19 34
20 23
21 24
22 12
23 40
24 37
25 35
26 33
27 15
28 44
29 31
30 8
31 16
32 28
33 17
34 18
35 19
36 29
37 39
38 9
39 6
40 36
41 11
42 27
43 3
44 43
SIMILAR

38 9 17 4 26 22 19 40 5 37 30 1 44 10 29 34 2 23 13 43 33 16 11 8 41 32 0 12 24 36 42 27 35 3 31 18 15 21 39 6 25 14 28 7 20 
0 26
1 11
2 16
3 33
4 3
5 8
6 39
7 43
8 23
9 1
10 13
11 22
12 27
13 18
14 41
15 36
16 21
17 2
18 35
19 6
20 44
21 37
22 5
23 17
24 28
25 40
26 4
27 31
28 42
29 14
30 10
31 34
32 25
33 20
34 15
35 32
36 29
37 9
38 0
39 38
40 7
41 24
42 30
43 19
44 12
SIMILAR

10 2 25 35 26 12 24 3 18 7 37 22 38 15 36 19 27 29 16 23 32 0 5 31 9 11 14 4 8 21 33 39 34 28 30 20 42 13 1 17 40 6 41 44 43 
0 21
1 38
2 1
3 7
4 27
5 22
6 41
7 9
8 28
9 24
10 0
11 25
12 5
13 37
14 26
15 13
16 18
17 39
18 8
19 15
20 35
21 29
22 11
23 19
24 6
25 2
26 4
27 16
28 33
29 17
30 34
31 23
32 20
33 30
34 32
35 3
36 14
37 10
38 12
39 31
40 40
41 42
42 36
43 44
44 43
SIMILAR

25 1 4 23 26 37 40 17 22 44 10 14 11 31 13 32 7 29 34 41 19 35 6 3 9 18 5 2 38 42 0 30 16 28 12 21 15 39 43 33 20 24 36 27 8 
0 30
1 1
2 27
3 23
4 2
5 26
6 22
7 16
8 44
9 24
10 10
11 12
12 34
13 14
14 11
15 36
16 32
17 7
18 25
19 20
20 40
21 35
22 8
23 3
24 41
25 0
26 4
27 43
28 33
29 17
30 31
31 13
32 15
33 39
34 18
35 21
36 42
37 5
38 28
39 37
40 6
41 19
42 29
43 38
44 9
SIMILAR

20 27 14 44 3 41 11 23 37 28 40 9 22 38 1 6 32 26 25 24 12 33 30 29 8 15 2 43 7 13 34 39 31 18 10 4 36 16 21 35 17 19 5 42 0 
0 44
1 14
2 26
3 4
4 35
5 42
6 15
7 28
8 24
9 11
10 34
11 6
12 20
13 29
14 2
15 25
16 37
17 40
18 33
19 41
20 0
21 38
22 12
23 7
24 19
25 18
26 17
27 1
28 9
29 23
30 22
31 32
32 16
33 21
34 30
35 39
36 36
37 8
38 13
39 31
40 10
41 5
42 43
43 27
44 3
SIMILAR

24 10 29 43 22 30 2 34 44 33 6 25 38 13 17 5 19 3 1 11 37 42 40 8 20 39 35 21 0 32 16 9 26 15 4 12 18 31 7 36 14 23 28 41 27 
0 28
1 18
2 6
3 17
4 34
5 15
6 10
7 38
8 23
9 31
10 1
11 19
12 35
13 13
14 40
15 33
16 30
17 14
18 36
19 16
20 24
21 27
22 4
23 41
24 0
25 11
26 32
27 44
28 42
29 2
30 5
31 37
32 29
33 9
34 7
35 26
36 39
37 20
38 12
39 25
40 22
41 43
42 21
43 3
44 8
SIMILAR

7 29 18 31 19 28 3 33 41 43 4 13 15 39 36 40 22 42 11 37 8 5 34 6 16 0 21 25 44 14 10 38 9 2 32 20 17 26 23 30 35 1 12 24 27 
0 25
1 41
2 33
3 6
4 10
5 21
6 23
7 0
8 20
9 32
10 30
11 18
12 42
13 11
14 29
15 12
16 24
17 36
18 2
19 4
20 35
21 26
22 16
23 38
24 43
25 27
26 37
27 44
28 5
29 1
30 39
31 3
32 34
33 7
34 22
35 40
36 14
37 19
38 31
39 13
40 15
41 8
42 17
43 9
44 28
SIMILAR

11 16 42 27 10 31 30 0 38 39 17 22 9 19 25 41 5 20 37 6 3 35 15 1 2 14 26 40 7 33 29 24 13 28 34 4 44 32 36 23 43 12 8 21 18 
0 7
1 23
2 24
3 20
4 35
5 16
6 19
7 28
8 42
9 12
10 4
11 0
12 41
13 32
14 25
15 22
16 1
17 10
18 44
19 13
20 17
21 43
22 11
23 39
24 31
25 14
26 26
27 3
28 33
29 30
30 6
31 5
32 37
33 29
34 34
35 21
36 38
37 18
38 8
39 9
40 27
41 15
42 2
43 40
44 36
SIMILAR

28 22 8 5 11 23 15 41 19 38 25 9 10 3 24 18 31 12 43 1 2 34 42 35 40 17 32 6 16 26 20 0 37 27 36 13 14 7 33 4 39 44 30 21 29 
0 31
1 19
2 20
3 13
4 39
5 3
6 27
7 37
8 2
9 11
10 12
11 4
12 17
13 35
14 36
15 6
16 28
17 25
18 15
19 8
20 30
21 43
22 1
23 5
24 14
25 10
26 29
27 33
28 0
29 44
30 42
31 16
32 26
33 38
34 21
35 23
36 34
37 32
38 9
39 40
40 24
41 7
42 22
43 18
44 41
SIMILAR

19 5 0 22 34 2 33 44 1 26 11 24 28 8 12 14 38 35 31 41 39 7 30 42 17 10 20 37 32 18 40 9 29 27 25 21 13 4 6 3 16 43 36 15 23 
0 2
1 8
2 5
3 39
4 37
5 1
6 38
7 21
8 13
9 31
10 25
11 10
12 14
13 36
14 15
15 43
16 40
17 24
18 29
19 0
20 26
21 35
22 3
23 44
24 11
25 34
26 9
27 33
28 12
29 32
30 22
31 18
32 28
33 6
34 4
35 17
36 42
37 27
38 16
39 20
40 30
41 19
42 23
43 41
44 7
SIMILAR

5 42 31 13 12 25 37 21 14 17 22 41 20 15 7 36 23 6 24 19 39 1 35 4 30 18 26 10 27 2 29 38 34 44 43 28 33 32 16 40 3 9 11 0 8 
0 43
1 21
2 29
3 40
4 23
5 0
6 17
7 14
8 44
9 41
10 27
11 42
12 4
13 3
14 8
15 13
16 38
17 9
18 25
19 19
20 12
21 7
22 10
23 16
24 18
25 5
26 26
27 28
28 35
29 30
30 24
31 2
32 37
33 36
34 32
35 22
36 15
37 6
38 31
39 20
40 39
41 11
42 1
43 34
44 33
SIMILAR

42 8 39 14 5 20 33 43 3 7 6 19 0 41 37 27 38 10 17 40 44 12 29 26 28 34 2 31 4 16 1 35 11 22 18 9 23 36 21 30 24 13 32 25 15 
0 12
1 30
2 26
3 8
4 28
5 4
6 10
7 9
8 1
9 35
10 17
11 32
12 21
13 41
14 3
15 44
16 29
17 18
18 34
19 11
20 5
21 38
22 33
23 36
24 40
25 43
26 23
27 15
28 24
29 22
30 39
31 27
32 42
33 6
34 25
35 31
36 37
37 14
38 16
39 2
40 19
41 13
42 0
43 7
44 20
SIMILAR

0 30 42 16 5 41 29 43 36 17 24 2 32 23 35 6 8 28 37 12 26 4 21 3 39 38 40 27 11 22 15 9 18 34 25 1 44 31 19 20 14 10 33 7 13 
0 0
1 35
2 11
3 23
4 21
5 4
6 15
7 43
8 16
9 31
10 41
11 28
12 19
13 44
14 40
15 30
16 3
17 9
18 32
19 38
20 39
21 22
22 29
23 13
24 10
25 34
26 20
27 27
28 17
29 6
30 1
31 37
32 12
33 42
34 33
35 14
36 8
37 18
38 25
39 24
40 26
41 5
42 2
43 7
44 36
SIMILAR

44 28 37 13 0 31 39 17 16 40 26 12 36 32 3 38 4 24 22 1 14 34 29 41 6 18 35 10 9 42 2 23 21 15 7 20 19 11 33 43 25 8 27 30 5 
0 4
1 19
2 30
3 14
4 16
5 44
6 24
7 34
8 41
9 28
10 27
11 37
12 11
13 3
14 20
15 33
16 8
17 7
18 25
19 36
20 35
21 32
22 18
23 31
24 17
25 40
26 10
27 42
28 1
29 22
30 43
31 5
32 13
33 38
34 21
35 26
36 12
37 2
38 15
39 6
40 9
41 23
42 29
43 39
44 0
SIMILAR

3 21 15 41 30 14 32 10 24 31 26 12 17 2 8 16 35 22 36 6 25 5 0 33 7 23 44 34 39 11 38 27 29 42 40 19 4 20 37 18 9 13 43 28 1 
0 22
1 44
2 13
3 0
4 36
5 21
6 19
7 24
8 14
9 40
10 7
11 29
12 11
13 41
14 5
15 2
16 15
17 12
18 39
19 35
20 37
21 1
22 17
23 25
24 8
25 20
26 10
27 31
28 43
29 32
30 4
31 9
32 6
33 23
34 27
35 16
36 18
37 38
38 30
39 28
40 34
41 3
42 33
43 42
44 26
SIMILAR

6 34 7 15 2 1 10 28 4 30 18 11 25 16 3 8 44 14 19 9 29 37 20 13 12 38 17 33 43 42 27 40 23 21 22 31 26 39 32 36 35 5 0 24 41 
0 42
1 5
2 4
3 14
4 8
5 41
6 0
7 2
8 15
9 19
10 6
11 11
12 24
13 23
14 17
15 3
16 13
17 26
18 10
19 18
20 22
21 33
22 34
23 32
24 43
25 12
26 36
27 30
28 7
29 20
30 9
31 35
32 38
33 27
34 1
35 40
36 39
37 21
38 25
39 37
40 31
41 44
42 29
43 28
44 16
SIMILAR

30 8 5 44 20 43 42 34 1 23 22 27 14 19 31 37 2 35 3 28 24 16 40 10 11 29 12 18 32 25 33 15 4 26 13 7 0 38 36 41 9 6 39 17 21 
0 36
1 8
2 16
3 18
4 32
5 2
6 41
7 35
8 1
9 40
10 23
11 24
12 26
13 34
14 12
15 31
16 21
17 43
18 27
19 13
20 4
21 44
22 10
23 9
24 20
25 29
26 33
27 11
28 19
29 25
30 0
31 14
32 28
33 30
34 7
35 17
36 38
37 15
38 37
39 42
40 22
41 39
42 6
43 5
44 3
SIMILAR

36 33 16 39 41 13 23 4 0 11 1 28 30 25 2 37 17 35 20 3 31 12 40 19 9 24 43 14 27 26 42 38 18 15 44 6 5 22 32 34 10 7 21 29 8 
0 8
1 10
2 14
3 19
4 7
5 36
6 35
7 41
8 44
9 24
10 40
11 9
12 21
13 5
14 27
15 33
16 2
17 16
18 32
19 23
20 18
21 42
22 37
23 6
24 25
25 13
26 29
27 28
28 11
29 43
30 12
31 20
32 38
33 1
34 39
35 17
36 0
37 15
38 31
39 3
40 22
41 4
42 30
43 26
44 34
SIMILAR

26 33 29 9 36 25 32 19 17 39 13 30 28 44 23 31 18 22 3 37 43 15 11 8 27 24 6 20 21 1 14 4 35 0 16 5 7 2 41 40 34 42 12 38 10 
0 33
1 29
2 37
3 18
4 31
5 35
6 26
7 36
8 23
9 3
10 44
11 22
12 42
13 10
14 30
15 21
16 34
17 8
18 16
19 7
20 27
21 28
22 17
23 14
24 25
25 5
26 0
27 24
28 12
29 2
30 11
31 15
32 6
33 1
34 40
35 32
36 4
37 19
38 43
39 9
40 39
41 38
42 41
43 20
44 13
SIMILAR

28 9 8 39 7 43 6 4 12 30 34 33 24 22 36 15 41 26 10 2 40 31 13 19 38 37 42 23 29 11 0 17 32 35 3 18 44 14 21 5 20 16 27 1 25 
0 30
1 43
2 19
3 34
4 7
5 39
6 6
7 4
8 2
9 1
10 18
11 29
12 8
13 22
14 37
15 15
16 41
17 31
18 35
19 23
20 40
21 38
22 13
23 27
24 12
25 44
26 17
27 42
28 0
29 28
30 9
31 21
32 32
33 11
34 10
35 33
36 14
37 25
38 24
39 3
40 20
41 16
42 26
43 5
44 36
SIMILAR

19 27 42 36 25 6 21 7 39 24 16 1 28 4 44 33 23 40 31 17 29 12 0 30 37 18 34 43 22 13 35 5 10 15 41 2 20 38 11 8 3 14 26 9 32 
0 22
1 11
2 35
3 40
4 13
5 31
6 5
7 7
8 39
9 43
10 32
11 38
12 21
13 29
14 41
15 33
16 10
17 19
18 25
19 0
20 36
21 6
22 28
23 16
24 9
25 4
26 42
27 1
28 12
29 20
30 23
31 18
32 44
33 15
34 26
35 30
36 3
37 24
38 37
39 8
40 17
41 34
42 2
43 27
44 14
SIMILAR

9 31 6 21 10 7 33 1 5 38 25 11 19 3 39 27 28 16 35 8 0 34 44 13 36 23 22 30 43 40 4 37 24 18 29 12 20 2 17 15 32 41 26 42 14 
0 20
1 7
2 37
3 13
4 30
5 8
6 2
7 5
8 19
9 0
10 4
11 11
12 35
13 23
14 44
15 39
16 17
17 38
18 33
19 12
20 36
21 3
22 26
23 25
24 32
25 10
26 42
27 15
28 16
29 34
30 27
31 1
32 40
33 6
34 21
35 18
36 24
37 31
38 9
39 14
40 29
41 41
42 43
43 28
44 22
SIMILAR

43 13 25 3 20 14 37 36 6 27 1 9 42 4 39 24 10 26 21 35 33 18 32 17 22 15 40 7 30 2 16 11 34 41 23 8 28 5 38 29 19 0 12 31 44 
0 41
1 10
2 29
3 3
4 13
5 37
6 8
7 27
8 35
9 11
10 16
11 31
12 42
13 1
14 5
15 25
16 30
17 23
18 21
19 40
20 4
21 18
22 24
23 34
24 15
25 2
26 17
27 9
28 36
29 39
30 28
31 43
32 22
33 20
34 32
35 19
36 7
37 6
38 38
39 14
40 26
41 33
42 12
43 0
44 44
SIMILAR

26 10 0 37 29 36 11 31 39 34 23 16 9 43 30 13 27 22 4 32 33 5 1 14 17 21 7 42 19 28 2 15 40 3 24 18 41 20 12 8 6 35 25 44 38 
0 2
1 22
2 30
3 33
4 18
5 21
6 40
7 26
8 39
9 12
10 1
11 6
12 38
13 15
14 23
15 31
16 11
17 24
18 35
19 28
20 37
21 25
22 17
23 10
24 34
25 42
26 0
27 16
28 29
29 4
30 14
31 7
32 19
33 20
34 9
35 41
36 5
37 3
38 44
39 8
40 32
41 36
42 27
43 13
44 43
SIMILAR

10 23 44 30 9 35 12 36 33 13 0 3 31 42 32 41 24 15 1 29 27 26 5 43 11 19 4 16 40 20 38 7 8 14 2 37 17 25 22 39 34 28 18 21 6 
0 10
1 18
2 34
3 11
4 26
5 22
6 44
7 31
8 32
9 4
10 0
11 24
12 6
13 9
14 33
15 17
16 27
17 36
18 42
19 25
20 29
21 43
22 38
23 1
24 16
25 37
26 21
27 20
28 41
29 19
30 3
31 12
32 14
33 8
34 40
35 5
36 7
37 35
38 30
39 39
40 28
41 15
42 13
43 23
44 2
SIMILAR

6 35 11 27 9 1 2 44 21 14 43 38 33 40 36 20 28 3 5 13 24 19 16 25 41 39 10 8 22 37 0 15 30 32 29 34 26 17 7 4 31 23 18 42 12 
0 30
1 5
2 6
3 17
4 39
5 18
6 0
7 38
8 27
9 4
10 26
11 2
12 44
13 19
14 9
15 31
16 22
17 37
18 42
19 21
20 15
21 8
22 28
23 41
24 20
25 23
26 36
27 3
28 16
29 34
30 32
31 40
32 33
33 12
34 35
35 1
36 14
37 29
38 11
39 25
40 13
41 24
42 43
43 10
44 7
SIMILAR

15 20 1 23 39 40 8 26 9 30 4 33 34 2 11 13 25 37 19 18 3 24 14 43 17 16 41 29 38 10 5 44 22 12 0 28 35 27 6 36 7 32 31 42 21 
0 34
1 2
2 13
3 20
4 10
5 30
6 38
7 40
8 6
9 8
10 29
11 14
12 33
13 15
14 22
15 0
16 25
17 24
18 19
19 18
20 1
21 44
22 32
23 3
24 21
25 16
26 7
27 37
28 35
29 27
30 9
31 42
32 41
33 11
34 12
35 36
36 39
37 17
38 28
39 4
40 5
41 26
42 43
43 23
44 31
SIMILAR

21 29 0 11 3 34 24 15 25 22 42 2 36 17 35 27 38 31 39 13 4 28 9 32 33 6 14 20 12 7 5 1 23 44 26 30 43 41 8 16 19 40 37 10 18 
0 2
1 31
2 11
3 4
4 20
5 30
6 25
7 29
8 38
9 22
10 43
11 3
12 28
13 19
14 26
15 7
16 39
17 13
18 44
19 40
20 27
21 0
22 9
23 32
24 6
25 8
26 34
27 15
28 21
29 1
30 35
31 17
32 23
33 24
34 5
35 14
36 12
37 42
38 16
39 18
40 41
41 37
42 10
43 36
44 33
SIMILAR

42 13 3 34 44 26 2 41 20 0 7 28 37 27 29 18 23 35 43 19 36 15 11 30 10 25 40 39 12 38 16 33 32 14 4 8 6 17 9 24 1 22 21 31 5 
0 9
1 40
2 6
3 2
4 34
5 44
6 36
7 10
8 35
9 38
10 24
11 22
12 28
13 1
14 33
15 21
16 30
17 37
18 15
19 19
20 8
21 42
22 41
23 16
24 39
25 25
26 5
27 13
28 11
29 14
30 23
31 43
32 32
33 31
34 3
35 17
36 20
37 12
38 29
39 27
40 26
41 7
42 0
43 18
44 4
SIMILAR

42 31 1 9 35 10 21 0 2 27 14 3 4 26 8 18 30 5 20 44 7 23 41 24 37 38 25 29 36 32 17 15 11 12 28 13 33 6 34 43 40 22 19 39 16 
0 7
1 2
2 8
3 11
4 12
5 17
6 37
7 20
8 14
9 3
10 5
11 32
12 33
13 35
14 10
15 31
16 44
17 30
18 15
19 42
20 18
21 6
22 41
23 21
24 23
25 26
26 13
27 9
28 34
29 27
30 16
31 1
32 29
33 36
34 38
35 4
36 28
37 24
38 25
39 43
40 40
41 22
42 0
43 39
44 19
SIMILAR

6 0 41 9 40 13 25 20 16 3 17 32 26 38 5 33 8 42 27 15 31 14 28 36 7 22 39 1 10 18 11 37 23 4 43 34 12 44 21 30 35 19 24 2 29 
0 1
1 27
2 43
3 9
4 33
5 14
6 0
7 24
8 16
9 3
10 28
11 30
12 36
13 5
14 21
15 19
16 8
17 10
18 29
19 41
20 7
21 38
22 25
23 32
24 42
25 6
26 12
27 18
28 22
29 44
30 39
31 20
32 11
33 15
34 35
35 40
36 23
37 31
38 13
39 26
40 4
41 2
42 17
43 34
44 37
SIMILAR

10 39 33 13 25 6 24 12 16 27 5 23 28 2 42 20 21 30 36 37 9 4 3 31 7 1 26 8 18 19 22 32 41 15 44 38 14 0 29 17 43 35 40 11 34 
0 37
1 25
2 13
3 22
4 21
5 10
6 5
7 24
8 27
9 20
10 0
11 43
12 7
13 3
14 36
15 33
16 8
17 39
18 28
19 29
20 15
21 16
22 30
23 11
24 6
25 4
26 26
27 9
28 12
29 38
30 17
31 23
32 31
33 2
34 44
35 41
36 18
37 19
38 35
39 1
40 42
41 32
42 14
43 40
44 34
SIMILAR

17 44 18 6 14 34 13 0 11 7 2 27 29 15 1 31 4 33 38 28 43 23 39 32 3 37 42 41 19 40 8 20 9 35 24 5 21 30 22 26 25 12 36 16 10 
0 7
1 14
2 10
3 24
4 16
5 35
6 3
7 9
8 30
9 32
10 44
11 8
12 41
13 6
14 4
15 13
16 43
17 0
18 2
19 28
20 31
21 36
22 38
23 21
24 34
25 40
26 39
27 11
28 19
29 12
30 37
31 15
32 23
33 17
34 5
35 33
36 42
37 25
38 18
39 22
40 29
41 27
42 26
43 20
44 1
SIMILAR

36 42 43 38 21 25 3 22 18 1 7 29 44 19 37 30 11 40 41 33 6 9 31 16 27 35 24 20 17 10 8 4 23 39 34 26 13 14 12 2 15 0 28 32 5 
0 41
1 9
2 39
3 6
4 31
5 44
6 20
7 10
8 30
9 21
10 29
11 16
12 38
13 36
14 37
15 40
16 23
17 28
18 8
19 13
20 27
21 4
22 7
23 32
24 26
25 5
26 35
27 24
28 42
29 11
30 15
31 22
32 43
33 19
34 34
35 25
36 0
37 14
38 3
39 33
40 17
41 18
42 1
43 2
44 12
SIMILAR

39 19 11 21 29 0 33 37 26 27 42 35 2 43 34 12 17 32 31 16 36 6 20 7 10 25 14 5 44 3 23 41 4 28 9 15 1 13 24 18 38 40 8 22 30 
0 5
1 36
2 12
3 29
4 32
5 27
6 21
7 23
8 42
9 34
10 24
11 2
12 15
13 37
14 26
15 35
16 19
17 16
18 39
19 1
20 22
21 3
22 43
23 30
24 38
25 25
26 8
27 9
28 33
29 4
30 44
31 18
32 17
33 6
34 14
35 11
36 20
37 7
38 40
39 0
40 41
41 31
42 10
43 13
44 28
SIMILAR
100 0
2000 0
412000 0
