49
0 0 0 1 0 1 1 1 0 1 1 1 1 0 1 1 0 1 0 1 1 1 0 1 1 1 1 0 0 0 1 1 1 1 0 1 1 1 0 0 1 1 0 0 1 1 1 0 0 
0 0 0 1 0 1 1 1 1 1 1 1 1 0 1 1 1 0 0 1 0 0 0 0 0 0 0 0 0 0 0 1 1 1 1 0 0 0 0 0 0 0 0 0 0 1 0 1 1 
0 0 0 0 0 1 1 1 0 1 1 0 1 1 0 0 1 0 0 1 1 1 1 1 0 0 0 1 1 0 1 1 0 0 1 0 0 1 1 0 1 0 1 0 1 1 1 0 0 
1 1 0 0 0 0 1 1 1 1 1 1 1 1 0 0 1 0 1 1 1 0 0 1 1 0 0 1 0 0 0 0 0 1 0 1 0 0 1 0 0 0 0 1 1 1 1 0 0 
0 0 0 0 0 1 1 1 1 1 1 1 1 0 1 0 0 0 1 0 1 0 0 0 0 1 1 1 0 0 0 0 0 0 0 1 1 0 1 0 1 1 0 1 1 0 1 0 1 
1 1 1 0 1 0 1 0 1 0 0 1 1 0 0 0 1 0 1 1 1 1 0 0 0 0 1 0 0 0 0 0 1 1 1 1 0 1 1 0 1 1 0 1 0 1 1 1 1 
1 1 1 1 1 1 0 1 0 0 0 1 0 1 1 1 0 0 1 0 0 0 1 0 1 1 0 1 0 1 1 1 1 0 1 0 0 1 0 1 1 0 0 0 1 1 1 0 1 
1 1 1 1 1 0 1 0 0 1 0 0 0 0 0 0 1 1 1 1 0 0 1 1 1 0 1 1 1 1 1 0 0 1 0 1 1 1 0 0 0 1 1 0 0 0 0 1 0 
0 1 0 1 1 1 0 0 0 1 1 0 0 1 1 0 0 1 1 1 1 1 1 0 0 0 0 0 0 0 1 1 0 0 1 1 1 1 1 0 0 1 1 0 1 1 0 1 1 
1 1 1 1 1 0 0 1 1 0 0 1 0 1 0 1 1 0 1 0 0 1 1 1 0 0 0 1 0 0 0 0 1 1 1 0 0 0 1 0 1 1 0 0 1 0 1 0 1 
1 1 1 1 1 0 0 0 1 0 0 0 1 1 1 0 1 0 0 0 0 1 1 0 0 1 1 0 0 0 0 0 1 0 0 0 1 1 1 1 0 0 1 0 1 0 1 0 1 
1 1 0 1 1 1 1 0 0 1 0 0 0 1 1 1 0 1 0 0 1 1 1 1 1 0 1 0 0 0 0 0 1 0 1 0 0 0 1 1 1 1 0 0 0 1 0 1 0 
1 1 1 1 1 1 0 0 0 0 1 0 0 0 0 1 0 1 0 0 1 1 0 1 1 1 1 1 0 0 1 1 1 0 0 0 1 1 0 1 0 1 1 1 1 1 1 0 1 
0 0 1 1 0 0 1 0 1 1 1 1 0 0 1 1 1 0 0 0 1 0 0 1 1 1 0 1 0 0 1 0 1 1 0 1 1 0 1 1 1 0 1 0 0 1 1 0 0 
1 1 0 0 1 0 1 0 1 0 1 1 0 1 0 1 1 1 0 1 0 1 0 1 1 0 0 0 0 1 0 0 1 0 1 0 1 1 1 1 0 1 1 0 0 0 1 0 1 
1 1 0 0 0 0 1 0 0 1 0 1 1 1 1 0 0 0 0 1 0 1 1 1 1 0 1 0 1 1 1 0 0 0 0 1 0 1 1 0 1 0 1 1 0 0 0 1 0 
0 1 1 1 0 1 0 1 0 1 1 0 0 1 1 0 0 0 0 1 0 1 0 1 0 1 0 1 0 1 1 0 1 1 1 1 0 1 0 0 0 1 1 0 0 1 0 1 0 
1 0 0 0 0 0 0 1 1 0 0 1 1 0 1 0 0 0 1 0 1 1 0 1 0 0 0 1 1 1 1 0 0 0 0 1 1 1 1 1 1 1 1 0 1 0 0 1 0 
0 0 0 1 1 1 1 1 1 1 0 0 0 0 0 0 0 1 0 0 0 0 0 1 0 0 0 0 0 0 1 1 1 1 0 1 0 0 1 1 1 1 1 1 0 0 1 0 1 
1 1 1 1 0 1 0 1 1 0 0 0 0 0 1 1 1 0 0 0 0 0 0 0 1 0 0 1 0 1 0 0 1 1 1 1 1 0 1 0 0 0 1 1 0 1 0 1 0 
1 0 1 1 1 1 0 0 1 0 0 1 1 1 0 0 0 1 0 0 0 1 0 1 1 1 0 0 0 1 1 1 0 0 1 1 0 1 1 1 1 1 1 1 1 1 1 1 1 
1 0 1 0 0 1 0 0 1 1 1 1 1 0 1 1 1 1 0 0 1 0 1 0 0 1 1 1 1 1 0 1 1 1 1 1 0 0 0 0 0 0 0 1 0 0 1 1 1 
0 0 1 0 0 0 1 1 1 1 1 1 0 0 0 1 0 0 0 0 0 1 0 1 1 1 1 1 0 1 1 1 1 1 1 0 0 1 1 1 1 0 0 0 1 1 0 1 1 
1 0 1 1 0 0 0 1 0 1 0 1 1 1 1 1 1 1 1 0 1 0 1 0 1 0 0 1 1 1 0 1 0 1 1 1 1 1 1 1 0 0 0 0 0 0 0 0 0 
1 0 0 1 0 0 1 1 0 0 0 1 1 1 1 1 0 0 0 1 1 0 1 1 0 0 1 0 1 1 1 0 0 0 0 0 1 1 1 0 0 1 0 0 0 0 1 0 1 
1 0 0 0 1 0 1 0 0 0 1 0 1 1 0 0 1 0 0 0 1 1 1 0 0 0 0 1 0 1 1 1 0 1 1 1 1 1 1 0 1 0 0 1 0 1 0 0 0 
1 0 0 0 1 1 0 1 0 0 1 1 1 0 0 1 0 0 0 0 0 1 1 0 1 0 0 1 1 0 0 0 0 0 1 0 0 1 0 1 0 1 1 1 1 1 1 1 1 
0 0 1 1 1 0 1 1 0 1 0 0 1 1 0 0 1 1 0 1 0 1 1 1 0 1 1 0 0 0 1 1 0 0 1 1 1 0 0 1 0 1 0 0 0 0 0 0 1 
0 0 1 0 0 0 0 1 0 0 0 0 0 0 0 1 0 1 0 0 0 1 0 1 1 0 1 0 0 1 1 0 1 0 0 1 0 1 0 1 0 0 0 1 0 0 1 1 1 
0 0 0 0 0 0 1 1 0 0 0 0 0 0 1 1 1 1 0 1 1 1 1 1 1 1 0 0 1 0 0 1 0 0 1 1 1 0 1 1 1 1 0 0 1 1 1 1 1 
1 0 1 0 0 0 1 1 1 0 0 0 1 1 0 1 1 1 1 0 1 0 1 0 1 1 0 1 1 0 0 0 1 1 0 0 0 1 0 0 1 1 1 0 0 0 0 0 1 
1 1 1 0 0 0 1 0 1 0 0 0 1 0 0 0 0 0 1 0 1 1 1 1 0 1 0 1 0 1 0 0 1 1 1 1 1 1 0 1 0 0 0 0 1 0 0 1 0 
1 1 0 0 0 1 1 0 0 1 1 1 1 1 1 0 1 0 1 1 0 1 1 0 0 0 0 0 1 0 1 1 0 1 0 0 0 0 0 0 1 1 1 1 0 0 0 0 1 
1 1 0 1 0 1 0 1 0 1 0 0 0 1 0 0 1 0 1 1 0 1 1 1 0 1 0 0 0 0 1 1 1 0 0 1 0 1 0 1 1 1 1 0 0 0 0 1 0 
0 1 1 0 0 1 1 0 1 1 0 1 0 0 1 0 1 0 0 1 1 1 1 1 0 1 1 1 0 1 0 1 0 0 0 0 0 0 0 1 1 1 1 1 1 1 1 1 1 
1 0 0 1 1 1 0 1 1 0 0 0 0 1 0 1 1 1 1 1 1 1 0 1 0 1 0 1 1 1 0 1 0 1 0 0 0 1 1 1 0 0 1 0 0 1 0 1 1 
1 0 0 0 1 0 0 1 1 0 1 0 1 1 1 0 0 1 0 1 0 0 0 1 1 1 0 1 0 1 0 1 0 0 0 0 0 0 0 0 0 1 0 0 0 1 1 1 0 
1 0 1 0 0 1 1 1 1 0 1 0 1 0 1 1 1 1 0 0 1 0 1 1 1 1 1 0 1 0 1 1 0 1 0 1 0 0 0 0 0 1 1 1 1 1 0 0 0 
0 0 1 1 1 1 0 0 1 1 1 1 0 1 1 1 0 1 1 1 1 0 1 1 1 1 0 0 0 1 0 0 0 0 0 1 0 0 0 1 0 1 1 0 1 1 1 1 0 
0 0 0 0 0 0 1 0 0 0 1 1 1 1 1 0 0 1 1 0 1 0 1 1 0 0 1 1 1 1 0 1 0 1 1 1 0 0 1 0 1 0 0 0 0 1 1 0 1 
1 0 1 0 1 1 1 0 0 1 0 1 0 1 0 1 0 1 1 0 1 0 1 0 0 1 0 0 0 1 1 0 1 1 1 0 0 0 0 1 0 0 0 0 1 0 0 0 1 
1 0 0 0 1 1 0 1 1 1 0 1 1 0 1 0 1 1 1 0 1 0 0 0 1 0 1 1 0 1 1 0 1 1 1 0 1 1 1 0 0 0 1 1 1 1 1 0 1 
0 0 1 0 0 0 0 1 1 0 1 0 1 1 1 1 1 1 1 1 1 0 0 0 0 0 1 0 0 0 1 0 1 1 1 1 0 1 1 0 0 1 0 1 1 0 1 0 0 
0 0 0 1 1 1 0 0 0 0 0 0 1 0 0 1 0 0 1 1 1 1 0 0 0 1 1 0 1 0 0 0 1 0 1 0 0 1 0 0 0 1 1 0 0 0 0 0 0 
1 0 1 1 1 0 1 0 1 1 1 0 1 0 0 0 0 1 0 0 1 0 1 0 0 0 1 0 0 1 0 1 0 0 1 0 0 1 1 0 1 1 1 0 0 0 1 0 1 
1 1 1 1 0 1 1 0 1 0 0 1 1 1 0 0 1 0 0 1 1 0 1 0 0 1 1 0 0 1 0 0 0 0 1 1 1 1 1 1 0 1 0 0 0 0 1 0 0 
1 0 1 1 1 1 1 0 0 1 1 0 1 1 1 0 0 0 1 0 1 1 0 0 1 0 1 0 1 1 0 0 0 0 1 0 1 0 1 1 0 1 1 0 1 1 0 0 0 
0 1 0 0 0 1 0 1 1 0 0 1 0 0 0 1 1 1 0 1 1 1 1 0 0 0 1 0 1 1 0 1 0 1 1 1 1 0 1 0 0 0 0 0 0 0 0 0 0 
0 1 0 0 1 1 1 0 1 1 1 0 1 0 1 0 0 0 1 0 1 1 1 0 1 0 1 1 1 1 1 0 1 0 1 1 0 0 0 1 1 1 0 0 1 0 0 0 0 

25 32 6 5 30 14 19 12 31 4 1 11 33 37 46 20 22 15 0 17 10 40 36 47 42 26 21 43 2 8 39 41 3 44 48 24 28 9 34 27 23 13 29 16 35 38 45 7 18 
0 18
1 10
2 28
3 32
4 9
5 3
6 2
7 47
8 29
9 37
10 20
11 11
12 7
13 41
14 5
15 17
16 43
17 19
18 48
19 6
20 15
21 26
22 16
23 40
24 35
25 0
26 25
27 39
28 36
29 42
30 4
31 8
32 1
33 12
34 38
35 44
36 22
37 13
38 45
39 30
40 21
41 31
42 24
43 27
44 33
45 46
46 14
47 23
48 34
SIMILAR

26 32 17 9 19 10 18 40 39 3 27 6 31 11 13 44 28 12 30 43 4 16 0 42 45 37 24 23 29 36 34 46 38 8 35 20 15 5 2 1 33 7 21 48 47 41 22 14 25 
0 22
1 39
2 38
3 9
4 20
5 37
6 11
7 41
8 33
9 3
10 5
11 13
12 17
13 14
14 47
15 36
16 21
17 2
18 6
19 4
20 35
21 42
22 46
23 27
24 26
25 48
26 0
27 10
28 16
29 28
30 18
31 12
32 1
33 40
34 30
35 34
36 29
37 25
38 32
39 8
40 7
41 45
42 23
43 19
44 15
45 24
46 31
47 44
48 43
SIMILAR

16 8 14 23 9 38 10 41 40 32 47 35 26 43 12 42 1 5 17 21 48 33 20 31 36 29 25 24 15 28 3 34 6 18 39 37 22 4 7 11 2 44 13 30 27 46 0 19 45 
0 46
1 16
2 40
3 30
4 37
5 17
6 32
7 38
8 1
9 4
10 6
11 39
12 14
13 42
14 2
15 28
16 0
17 18
18 33
19 47
20 22
21 19
22 36
23 3
24 27
25 26
26 12
27 44
28 29
29 25
30 43
31 23
32 9
33 21
34 31
35 11
36 24
37 35
38 5
39 34
40 8
41 7
42 15
43 13
44 41
45 48
46 45
47 10
48 20
SIMILAR

17 16 1 5 46 4 45 33 43 42 41 12 47 21 0 40 18 19 8 6 34 15 25 24 32 36 14 20 26 13 9 38 11 27 48 35 30 44 28 7 22 3 23 29 39 10 31 37 2 
0 14
1 2
2 48
3 41
4 5
5 3
6 19
7 39
8 18
9 30
10 45
11 32
12 11
13 29
14 26
15 21
16 1
17 0
18 16
19 17
20 27
21 13
22 40
23 42
24 23
25 22
26 28
27 33
28 38
29 43
30 36
31 46
32 24
33 7
34 20
35 35
36 25
37 47
38 31
39 44
40 15
41 10
42 9
43 8
44 37
45 6
46 4
47 12
48 34
SIMILAR

9 33 28 42 35 14 31 17 30 40 11 38 23 48 8 1 3 47 13 41 10 29 21 39 46 24 2 43 19 26 25 15 12 32 34 0 20 7 45 4 18 6 36 27 16 22 44 5 37 
0 35
1 15
2 26
3 16
4 39
5 47
6 41
7 37
8 14
9 0
10 20
11 10
12 32
13 18
14 5
15 31
16 44
17 7
18 40
19 28
20 36
21 22
22 45
23 12
24 25
25 30
26 29
27 43
28 2
29 21
30 8
31 6
32 33
33 1
34 34
35 4
36 42
37 48
38 11
39 23
40 9
41 19
42 3
43 27
44 46
45 38
46 24
47 17
48 13
SIMILAR

44 18 17 26 28 10 32 30 20 3 46 24 7 5 1 15 38 9 43 47 21 6 41 39 25 12 19 35 31 34 14 37 36 42 27 40 22 33 16 8 4 13 2 48 11 45 0 29 23 
0 46
1 14
2 42
3 9
4 40
5 13
6 21
7 12
8 39
9 17
10 5
11 44
12 25
13 41
14 30
15 15
16 38
17 2
18 1
19 26
20 8
21 20
22 36
23 48
24 11
25 24
26 3
27 34
28 4
29 47
30 7
31 28
32 6
33 37
34 29
35 27
36 32
37 31
38 16
39 23
40 35
41 22
42 33
43 18
44 0
45 45
46 10
47 19
48 43
SIMILAR

47 19 45 22 34 7 9 15 32 20 41 0 24 42 23 33 11 29 21 6 2 4 1 36 18 12 14 48 26 27 8 13 40 30 38 3 25 5 17 44 39 46 31 16 35 10 43 37 28 
0 11
1 22
2 20
3 35
4 21
5 37
6 19
7 5
8 30
9 6
10 45
11 16
12 25
13 31
14 26
15 7
16 43
17 38
18 24
19 1
20 9
21 18
22 3
23 14
24 12
25 36
26 28
27 29
28 48
29 17
30 33
31 42
32 8
33 15
34 4
35 44
36 23
37 47
38 34
39 40
40 32
41 10
42 13
43 46
44 39
45 2
46 41
47 0
48 27
SIMILAR

27 41 42 29 7 48 44 23 39 38 37 4 32 18 30 2 17 10 25 1 13 33 16 8 15 46 12 45 3 26 36 43 19 9 28 47 11 0 22 40 34 35 5 21 20 14 31 6 24 
0 37
1 19
2 15
3 28
4 11
5 42
6 47
7 4
8 23
9 33
10 17
11 36
12 26
13 20
14 45
15 24
16 22
17 16
18 13
19 32
20 44
21 43
22 38
23 7
24 48
25 18
26 29
27 0
28 34
29 3
30 14
31 46
32 12
33 21
34 40
35 41
36 30
37 10
38 9
39 8
40 39
41 1
42 2
43 31
44 6
45 27
46 25
47 35
48 5
SIMILAR

44 30 31 10 24 18 46 35 7 13 43 3 27 22 36 39 34 25 28 41 48 37 20 0 15 14 38 11 45 21 33 42 17 29 16 8 2 1 5 19 32 26 40 6 12 4 47 23 9 
0 23
1 37
2 36
3 11
4 45
5 38
6 43
7 8
8 35
9 48
10 3
11 27
12 44
13 9
14 25
15 24
16 34
17 32
18 5
19 39
20 22
21 29
22 13
23 47
24 4
25 17
26 41
27 12
28 18
29 33
30 1
31 2
32 40
33 30
34 16
35 7
36 14
37 21
38 26
39 15
40 42
41 19
42 31
43 10
44 0
45 28
46 6
47 46
48 20
SIMILAR

15 17 1 38 16 35 32 29 13 26 36 43 47 39 2 34 7 11 42 3 14 41 19 12 22 30 48 23 0 8 31 28 46 18 24 25 37 4 9 10 20 45 33 44 6 40 5 27 21 
0 28
1 2
2 14
3 19
4 37
5 46
6 44
7 16
8 29
9 38
10 39
11 17
12 23
13 8
14 20
15 0
16 4
17 1
18 33
19 22
20 40
21 48
22 24
23 27
24 34
25 35
26 9
27 47
28 31
29 7
30 25
31 30
32 6
33 42
34 15
35 5
36 10
37 36
38 3
39 13
40 45
41 21
42 18
43 11
44 43
45 41
46 32
47 12
48 26
SIMILAR

13 40 16 36 39 3 1 34 11 42 0 6 10 18 41 48 37 9 29 27 25 20 44 46 21 14 32 17 35 7 47 22 45 38 28 31 2 4 33 8 24 15 23 30 12 43 26 5 19 
0 10
1 6
2 36
3 5
4 37
5 47
6 11
7 29
8 39
9 17
10 12
11 8
12 44
13 0
14 25
15 41
16 2
17 27
18 13
19 48
20 21
21 24
22 31
23 42
24 40
25 20
26 46
27 19
28 34
29 18
30 43
31 35
32 26
33 38
34 7
35 28
36 3
37 16
38 33
39 4
40 1
41 14
42 9
43 45
44 22
45 32
46 23
47 30
48 15
SIMILAR

1 29 44 45 48 7 43 34 24 39 6 0 27 5 12 10 42 32 11 47 20 25 21 41 22 28 37 38 3 40 13 26 23 16 46 19 30 9 18 4 36 14 31 17 2 15 33 8 35 
0 11
1 0
2 44
3 28
4 39
5 13
6 10
7 5
8 47
9 37
10 15
11 18
12 14
13 30
14 41
15 45
16 33
17 43
18 38
19 35
20 20
21 22
22 24
23 32
24 8
25 21
26 31
27 12
28 25
29 1
30 36
31 42
32 17
33 46
34 7
35 48
36 40
37 26
38 27
39 9
40 29
41 23
42 16
43 6
44 2
45 3
46 34
47 19
48 4
SIMILAR

33 23 41 40 47 42 27 45 25 43 7 34 26 10 12 0 13 36 11 8 9 48 44 16 18 38 39 46 24 15 21 28 20 17 31 4 2 29 32 35 30 22 3 19 5 1 6 37 14 
0 15
1 45
2 36
3 42
4 35
5 44
6 46
7 10
8 19
9 20
10 13
11 18
12 14
13 16
14 48
15 29
16 23
17 33
18 24
19 43
20 32
21 30
22 41
23 1
24 28
25 8
26 12
27 6
28 31
29 37
30 40
31 34
32 38
33 0
34 11
35 39
36 17
37 47
38 25
39 26
40 3
41 2
42 5
43 9
44 22
45 7
46 27
47 4
48 21
SIMILAR

36 20 19 0 24 26 28 8 15 48 17 45 7 14 38 25 23 4 40 31 33 30 6 41 21 10 22 32 47 1 34 3 44 2 43 11 42 29 12 16 13 27 39 35 46 18 37 5 9 
0 3
1 29
2 33
3 31
4 17
5 47
6 22
7 12
8 7
9 48
10 25
11 35
12 38
13 40
14 13
15 8
16 39
17 10
18 45
19 2
20 1
21 24
22 26
23 16
24 4
25 15
26 5
27 41
28 6
29 37
30 21
31 19
32 27
33 20
34 30
35 43
36 0
37 46
38 14
39 42
40 18
41 23
42 36
43 34
44 32
45 11
46 44
47 28
48 9
SIMILAR

12 32 15 17 46 40 7 21 18 44 8 42 25 38 24 45 3 5 34 20 13 10 43 47 28 11 35 1 16 0 14 39 41 4 36 48 27 19 29 26 33 2 31 30 6 37 9 23 22 
0 29
1 27
2 41
3 16
4 33
5 17
6 44
7 6
8 10
9 46
10 21
11 25
12 0
13 20
14 30
15 2
16 28
17 3
18 8
19 37
20 19
21 7
22 48
23 47
24 14
25 12
26 39
27 36
28 24
29 38
30 43
31 42
32 1
33 40
34 18
35 26
36 34
37 45
38 13
39 31
40 5
41 32
42 11
43 22
44 9
45 15
46 4
47 23
48 35
SIMILAR

30 9 14 43 46 33 16 0 37 45 26 15 25 8 36 47 32 41 29 3 13 11 10 5 27 7 35 6 1 17 4 31 23 24 44 38 2 28 39 22 40 18 42 20 19 21 48 12 34 
0 7
1 28
2 36
3 19
4 30
5 23
6 27
7 25
8 13
9 1
10 22
11 21
12 47
13 20
14 2
15 11
16 6
17 29
18 41
19 44
20 43
21 45
22 39
23 32
24 33
25 12
26 10
27 24
28 37
29 18
30 0
31 31
32 16
33 5
34 48
35 26
36 14
37 8
38 35
39 38
40 40
41 17
42 42
43 3
44 34
45 9
46 4
47 15
48 46
SIMILAR

37 12 8 13 41 7 33 18 9 31 5 29 38 10 6 46 45 17 4 28 1 47 43 2 25 39 22 27 15 26 35 36 44 20 24 16 42 11 48 30 40 3 21 23 32 19 14 34 0 
0 48
1 20
2 23
3 41
4 18
5 10
6 14
7 5
8 2
9 8
10 13
11 37
12 1
13 3
14 46
15 28
16 35
17 17
18 7
19 45
20 33
21 42
22 26
23 43
24 34
25 24
26 29
27 27
28 19
29 11
30 39
31 9
32 44
33 6
34 47
35 30
36 31
37 0
38 12
39 25
40 40
41 4
42 36
43 22
44 32
45 16
46 15
47 21
48 38
SIMILAR

36 47 33 42 20 14 8 44 37 6 34 24 39 25 15 19 2 23 41 11 13 28 32 43 1 7 17 27 18 45 29 16 48 12 3 10 4 35 22 38 46 0 40 30 26 21 5 31 9 
0 41
1 24
2 16
3 34
4 36
5 46
6 9
7 25
8 6
9 48
10 35
11 19
12 33
13 20
14 5
15 14
16 31
17 26
18 28
19 15
20 4
21 45
22 38
23 17
24 11
25 13
26 44
27 27
28 21
29 30
30 43
31 47
32 22
33 2
34 10
35 37
36 0
37 8
38 39
39 12
40 42
41 18
42 3
43 23
44 7
45 29
46 40
47 1
48 32
SIMILAR

19 21 47 40 5 48 6 2 16 46 24 0 27 32 41 39 45 23 1 38 9 44 3 14 10 28 43 25 35 30 26 8 31 29 11 34 42 22 36 17 4 7 37 18 33 15 20 12 13 
0 11
1 18
2 7
3 22
4 40
5 4
6 6
7 41
8 31
9 20
10 24
11 34
12 47
13 48
14 23
15 45
16 8
17 39
18 43
19 0
20 46
21 1
22 37
23 17
24 10
25 27
26 30
27 12
28 25
29 33
30 29
31 32
32 13
33 44
34 35
35 28
36 38
37 42
38 19
39 15
40 3
41 14
42 36
43 26
44 21
45 16
46 9
47 2
48 5
SIMILAR

3 20 46 8 10 36 41 25 14 48 33 39 16 38 34 22 2 4 21 40 47 17 26 32 44 18 31 15 35 45 28 29 12 30 42 0 1 7 43 37 27 19 13 6 9 24 5 11 23 
0 35
1 36
2 16
3 0
4 17
5 46
6 43
7 37
8 3
9 44
10 4
11 47
12 32
13 42
14 8
15 27
16 12
17 21
18 25
19 41
20 1
21 18
22 15
23 48
24 45
25 7
26 22
27 40
28 30
29 31
30 33
31 26
32 23
33 10
34 14
35 28
36 5
37 39
38 13
39 11
40 19
41 6
42 34
43 38
44 24
45 29
46 2
47 20
48 9
SIMILAR

35 21 22 4 47 8 45 32 3 6 0 5 39 1 17 40 25 23 15 36 28 37 7 13 29 41 19 2 48 42 20 11 10 26 16 24 43 33 38 18 46 31 27 12 44 34 9 14 30 
0 10
1 13
2 27
3 8
4 3
5 11
6 9
7 22
8 5
9 46
10 32
11 31
12 43
13 23
14 47
15 18
16 34
17 14
18 39
19 26
20 30
21 1
22 2
23 17
24 35
25 16
26 33
27 42
28 20
29 24
30 48
31 41
32 7
33 37
34 45
35 0
36 19
37 21
38 38
39 12
40 15
41 25
42 29
43 36
44 44
45 6
46 40
47 4
48 28
SIMILAR

19 23 38 9 18 0 47 25 42 20 27 35 16 15 33 41 29 37 24 3 10 31 5 13 40 43 45 8 44 39 30 28 34 17 11 48 21 4 7 1 6 36 22 32 46 14 2 26 12 
0 5
1 39
2 46
3 19
4 37
5 22
6 40
7 38
8 27
9 3
10 20
11 34
12 48
13 23
14 45
15 13
16 12
17 33
18 4
19 0
20 9
21 36
22 42
23 1
24 18
25 7
26 47
27 10
28 31
29 16
30 30
31 21
32 43
33 14
34 32
35 11
36 41
37 17
38 2
39 29
40 24
41 15
42 8
43 25
44 28
45 26
46 44
47 6
48 35
SIMILAR

37 21 30 29 39 44 16 18 35 9 24 19 13 12 34 14 38 10 5 8 15 4 6 0 45 33 42 26 23 22 41 48 20 31 3 32 1 2 43 17 40 25 36 7 28 46 11 47 27 
0 23
1 36
2 37
3 34
4 21
5 18
6 22
7 43
8 19
9 9
10 17
11 46
12 13
13 12
14 15
15 20
16 6
17 39
18 7
19 11
20 32
21 1
22 29
23 28
24 10
25 41
26 27
27 48
28 44
29 3
30 2
31 33
32 35
33 25
34 14
35 8
36 42
37 0
38 16
39 4
40 40
41 30
42 26
43 38
44 5
45 24
46 45
47 47
48 31
SIMILAR

29 8 5 42 20 6 15 18 35 28 17 33 16 46 30 7 47 1 0 41 2 12 48 43 32 23 26 10 22 4 24 37 45 21 9 19 31 25 13 40 3 36 34 44 39 38 14 11 27 
0 18
1 17
2 20
3 40
4 29
5 2
6 5
7 15
8 1
9 34
10 27
11 47
12 21
13 38
14 46
15 6
16 12
17 10
18 7
19 35
20 4
21 33
22 28
23 25
24 30
25 37
26 26
27 48
28 9
29 0
30 14
31 36
32 24
33 11
34 42
35 8
36 41
37 31
38 45
39 44
40 39
41 19
42 3
43 23
44 43
45 32
46 13
47 16
48 22
SIMILAR

3 29 32 39 12 7 30 5 10 34 9 38 2 21 33 43 37 42 23 40 48 24 6 22 31 17 16 46 8 13 14 36 28 15 44 18 11 1 25 26 45 47 41 20 35 4 19 0 27 
0 47
1 37
2 12
3 0
4 45
5 7
6 22
7 5
8 28
9 10
10 8
11 36
12 4
13 29
14 30
15 33
16 26
17 25
18 35
19 46
20 43
21 13
22 23
23 18
24 21
25 38
26 39
27 48
28 32
29 1
30 6
31 24
32 2
33 14
34 9
35 44
36 31
37 16
38 11
39 3
40 19
41 42
42 17
43 15
44 34
45 40
46 27
47 41
48 20
SIMILAR

44 38 5 35 23 39 7 1 40 28 42 46 11 27 17 6 45 10 24 32 15 30 25 34 29 2 9 4 13 37 48 41 19 8 21 16 33 43 14 20 26 18 47 22 31 36 3 12 0 
0 48
1 7
2 25
3 46
4 27
5 2
6 15
7 6
8 33
9 26
10 17
11 12
12 47
13 28
14 38
15 20
16 35
17 14
18 41
19 32
20 39
21 34
22 43
23 4
24 18
25 22
26 40
27 13
28 9
29 24
30 21
31 44
32 19
33 36
34 23
35 3
36 45
37 29
38 1
39 5
40 8
41 31
42 10
43 37
44 0
45 16
46 11
47 42
48 30
SIMILAR

37 3 6 11 31 42 33 8 47 44 4 24 18 26 20 32 40 46 25 1 38 16 5 45 13 19 30 7 10 14 21 39 48 27 2 35 34 29 23 28 43 36 22 12 41 0 15 9 17 
0 45
1 19
2 34
3 1
4 10
5 22
6 2
7 27
8 7
9 47
10 28
11 3
12 43
13 24
14 29
15 46
16 21
17 48
18 12
19 25
20 14
21 30
22 42
23 38
24 11
25 18
26 13
27 33
28 39
29 37
30 26
31 4
32 15
33 6
34 36
35 35
36 41
37 0
38 20
39 31
40 16
41 44
42 5
43 40
44 9
45 23
46 17
47 8
48 32
SIMILAR

45 41 46 1 8 6 28 19 37 18 36 4 44 35 32 2 20 48 22 12 24 39 5 43 21 23 26 10 33 47 38 14 13 30 0 11 9 17 31 27 7 15 3 40 25 34 29 42 16 
0 34
1 3
2 15
3 42
4 11
5 22
6 5
7 40
8 4
9 36
10 27
11 35
12 19
13 32
14 31
15 41
16 48
17 37
18 9
19 7
20 16
21 24
22 18
23 25
24 20
25 44
26 26
27 39
28 6
29 46
30 33
31 38
32 14
33 28
34 45
35 13
36 10
37 8
38 30
39 21
40 43
41 1
42 47
43 23
44 12
45 0
46 2
47 29
48 17
SIMILAR

23 31 22 11 42 20 25 1 47 32 33 27 44 30 38 37 16 5 3 48 12 7 13 21 19 29 35 6 40 8 0 43 46 45 10 34 14 39 17 2 41 18 15 9 4 36 26 28 24 
0 30
1 7
2 39
3 18
4 44
5 17
6 27
7 21
8 29
9 43
10 34
11 3
12 20
13 22
14 36
15 42
16 16
17 38
18 41
19 24
20 5
21 23
22 2
23 0
24 48
25 6
26 46
27 11
28 47
29 25
30 13
31 1
32 9
33 10
34 35
35 26
36 45
37 15
38 14
39 37
40 28
41 40
42 4
43 31
44 12
45 33
46 32
47 8
48 19
SIMILAR

29 26 31 16 44 22 32 23 48 10 7 45 41 46 5 39 40 8 36 42 38 43 12 6 47 19 11 25 1 17 4 24 30 34 18 13 37 3 9 20 2 15 14 0 21 27 28 33 35 
0 43
1 28
2 40
3 37
4 30
5 14
6 23
7 10
8 17
9 38
10 9
11 26
12 22
13 35
14 42
15 41
16 3
17 29
18 34
19 25
20 39
21 44
22 5
23 7
24 31
25 27
26 1
27 45
28 46
29 0
30 32
31 2
32 6
33 47
34 33
35 48
36 18
37 36
38 20
39 15
40 16
41 12
42 19
43 21
44 4
45 11
46 13
47 24
48 8
SIMILAR

16 15 20 34 14 31 37 5 44 32 46 30 45 21 4 9 3 11 7 17 36 39 48 42 18 27 2 38 22 35 19 6 8 1 33 40 26 47 13 23 29 24 12 43 41 10 25 0 28 
0 47
1 33
2 26
3 16
4 14
5 7
6 31
7 18
8 32
9 15
10 45
11 17
12 42
13 38
14 4
15 1
16 0
17 19
18 24
19 30
20 2
21 13
22 28
23 39
24 41
25 46
26 36
27 25
28 48
29 40
30 11
31 5
32 9
33 34
34 3
35 29
36 20
37 6
38 27
39 21
40 35
41 44
42 23
43 43
44 8
45 12
46 10
47 37
48 22
SIMILAR

15 34 23 43 28 40 10 12 38 3 21 36 22 42 30 37 32 5 16 1 39 31 11 45 29 26 24 27 4 17 46 6 8 41 18 33 9 19 2 47 13 48 14 20 0 7 44 25 35 
0 44
1 19
2 38
3 9
4 28
5 17
6 31
7 45
8 32
9 36
10 6
11 22
12 7
13 40
14 42
15 0
16 18
17 29
18 34
19 37
20 43
21 10
22 12
23 2
24 26
25 47
26 25
27 27
28 4
29 24
30 14
31 21
32 16
33 35
34 1
35 48
36 11
37 15
38 8
39 20
40 5
41 33
42 13
43 3
44 46
45 23
46 30
47 39
48 41
SIMILAR

24 3 19 39 32 42 13 8 41 38 17 27 30 29 31 2 10 43 20 45 34 12 28 14 26 4 47 18 44 37 7 23 48 9 16 0 15 22 6 40 46 36 21 35 33 5 11 1 25 
0 35
1 47
2 15
3 1
4 25
5 45
6 38
7 30
8 7
9 33
10 16
11 46
12 21
13 6
14 23
15 36
16 34
17 10
18 27
19 2
20 18
21 42
22 37
23 31
24 0
25 48
26 24
27 11
28 22
29 13
30 12
31 14
32 4
33 44
34 20
35 43
36 41
37 29
38 9
39 3
40 39
41 8
42 5
43 17
44 28
45 19
46 40
47 26
48 32
SIMILAR

23 28 43 14 30 31 21 24 33 27 26 44 1 3 8 4 16 15 36 17 25 6 38 22 34 5 35 37 42 29 7 48 40 12 41 10 2 39 20 18 19 9 0 45 13 47 46 32 11 
0 42
1 12
2 36
3 13
4 15
5 25
6 21
7 30
8 14
9 41
10 35
11 48
12 33
13 44
14 3
15 17
16 16
17 19
18 39
19 40
20 38
21 6
22 23
23 0
24 7
25 20
26 10
27 9
28 1
29 29
30 4
31 5
32 47
33 8
34 24
35 26
36 18
37 27
38 22
39 37
40 32
41 34
42 28
43 2
44 11
45 43
46 46
47 45
48 31
SIMILAR

21 40 3 30 36 28 4 10 14 25 47 46 8 24 16 37 31 5 33 6 19 35 44 41 2 9 1 22 17 39 27 11 26 18 13 45 42 0 38 34 43 48 20 12 7 23 29 32 15 
0 37
1 26
2 24
3 2
4 6
5 17
6 19
7 44
8 12
9 25
10 7
11 31
12 43
13 34
14 8
15 48
16 14
17 28
18 33
19 20
20 42
21 0
22 27
23 45
24 13
25 9
26 32
27 30
28 5
29 46
30 3
31 16
32 47
33 18
34 39
35 21
36 4
37 15
38 38
39 29
40 1
41 23
42 36
43 40
44 22
45 35
46 11
47 10
48 41
SIMILAR

42 25 9 45 21 22 43 5 3 44 37 48 1 36 41 39 12 33 47 40 35 38 8 46 16 11 23 15 32 6 4 2 19 31 26 27 34 10 7 24 29 20 0 13 28 14 17 30 18 
0 42
1 12
2 31
3 8
4 30
5 7
6 29
7 38
8 22
9 2
10 37
11 25
12 16
13 43
14 45
15 27
16 24
17 46
18 48
19 32
20 41
21 4
22 5
23 26
24 39
25 1
26 34
27 35
28 44
29 40
30 47
31 33
32 28
33 17
34 36
35 20
36 13
37 10
38 21
39 15
40 19
41 14
42 0
43 6
44 9
45 3
46 23
47 18
48 11
SIMILAR

16 11 15 36 20 10 23 43 41 13 7 42 25 4 1 2 27 8 26 3 32 33 40 18 46 35 24 28 48 12 19 21 34 29 9 44 37 0 14 45 22 5 17 38 39 47 6 31 30 
0 37
1 14
2 15
3 19
4 13
5 41
6 46
7 10
8 17
9 34
10 5
11 1
12 29
13 9
14 38
15 2
16 0
17 42
18 23
19 30
20 4
21 31
22 40
23 6
24 26
25 12
26 18
27 16
28 27
29 33
30 48
31 47
32 20
33 21
34 32
35 25
36 3
37 36
38 43
39 44
40 22
41 8
42 11
43 7
44 35
45 39
46 24
47 45
48 28
SIMILAR

7 30 28 32 1 38 17 16 43 27 45 35 29 41 34 20 4 25 40 39 47 12 48 46 10 23 3 31 9 6 0 15 36 21 42 24 5 19 44 37 26 33 13 2 8 22 14 18 11 
0 30
1 4
2 43
3 26
4 16
5 36
6 29
7 0
8 44
9 28
10 24
11 48
12 21
13 42
14 46
15 31
16 7
17 6
18 47
19 37
20 15
21 33
22 45
23 25
24 35
25 17
26 40
27 9
28 2
29 12
30 1
31 27
32 3
33 41
34 14
35 11
36 32
37 39
38 5
39 19
40 18
41 13
42 34
43 8
44 38
45 10
46 23
47 20
48 22
SIMILAR

16 42 45 30 35 18 10 25 22 34 31 6 32 44 14 7 24 11 13 39 27 40 37 4 28 5 21 15 38 46 12 26 23 33 2 41 29 36 20 17 19 3 1 8 43 9 47 48 0 
0 48
1 42
2 34
3 41
4 23
5 25
6 11
7 15
8 43
9 45
10 6
11 17
12 30
13 18
14 14
15 27
16 0
17 39
18 5
19 40
20 38
21 26
22 8
23 32
24 16
25 7
26 31
27 20
28 24
29 36
30 3
31 10
32 12
33 33
34 9
35 4
36 37
37 22
38 28
39 19
40 21
41 35
42 1
43 44
44 13
45 2
46 29
47 46
48 47
SIMILAR

32 25 12 20 35 21 23 47 13 9 28 48 37 15 14 41 24 0 29 11 30 6 39 44 1 26 45 27 38 34 33 19 18 5 43 16 46 3 4 8 7 22 2 10 31 36 42 17 40 
0 17
1 24
2 42
3 37
4 38
5 33
6 21
7 40
8 39
9 9
10 43
11 19
12 2
13 8
14 14
15 13
16 35
17 47
18 32
19 31
20 3
21 5
22 41
23 6
24 16
25 1
26 25
27 27
28 10
29 18
30 20
31 44
32 0
33 30
34 29
35 4
36 45
37 12
38 28
39 22
40 48
41 15
42 46
43 34
44 23
45 26
46 36
47 7
48 11
SIMILAR

45 8 20 22 34 9 6 10 24 39 16 12 42 21 48 17 25 2 43 38 4 29 44 13 5 47 23 3 33 28 30 0 19 46 26 18 32 37 31 40 41 14 15 1 35 36 7 27 11 
0 31
1 43
2 17
3 27
4 20
5 24
6 6
7 46
8 1
9 5
10 7
11 48
12 11
13 23
14 41
15 42
16 10
17 15
18 35
19 32
20 2
21 13
22 3
23 26
24 8
25 16
26 34
27 47
28 29
29 21
30 30
31 38
32 36
33 28
34 4
35 44
36 45
37 37
38 19
39 9
40 39
41 40
42 12
43 18
44 22
45 0
46 33
47 25
48 14
SIMILAR

14 38 41 39 48 8 46 7 3 30 10 37 42 9 36 0 16 26 35 20 11 33 34 6 25 43 31 47 29 2 28 12 24 22 4 21 5 23 32 40 17 45 44 15 1 18 13 19 27 
0 15
1 44
2 29
3 8
4 34
5 36
6 23
7 7
8 5
9 13
10 10
11 20
12 31
13 46
14 0
15 43
16 16
17 40
18 45
19 47
20 19
21 35
22 33
23 37
24 32
25 24
26 17
27 48
28 30
29 28
30 9
31 26
32 38
33 21
34 22
35 18
36 14
37 11
38 1
39 3
40 39
41 2
42 12
43 25
44 42
45 41
46 6
47 27
48 4
SIMILAR

40 24 33 3 7 19 43 35 30 36 32 45 42 22 15 1 37 14 48 27 4 38 44 39 8 21 31 28 23 25 41 16 20 6 9 12 2 11 18 34 0 17 47 5 29 10 46 13 26 
0 40
1 15
2 36
3 3
4 20
5 43
6 33
7 4
8 24
9 34
10 45
11 37
12 35
13 47
14 17
15 14
16 31
17 41
18 38
19 5
20 32
21 25
22 13
23 28
24 1
25 29
26 48
27 19
28 27
29 44
30 8
31 26
32 10
33 2
34 39
35 7
36 9
37 16
38 21
39 23
40 0
41 30
42 12
43 6
44 22
45 11
46 46
47 42
48 18
SIMILAR

28 36 47 9 40 19 16 46 14 29 12 20 24 39 18 10 45 33 11 48 13 2 23 30 43 42 41 4 27 1 6 21 17 3 15 34 38 37 7 32 22 44 8 0 35 31 5 25 26 
0 43
1 29
2 21
3 33
4 27
5 46
6 30
7 38
8 42
9 3
10 15
11 18
12 10
13 20
14 8
15 34
16 6
17 32
18 14
19 5
20 11
21 31
22 40
23 22
24 12
25 47
26 48
27 28
28 0
29 9
30 23
31 45
32 39
33 17
34 35
35 44
36 1
37 37
38 36
39 13
40 4
41 26
42 25
43 24
44 41
45 16
46 7
47 2
48 19
SIMILAR

2 1 9 41 23 0 45 21 17 6 8 11 48 19 20 36 44 7 37 32 4 43 29 46 24 12 28 42 15 47 38 31 33 3 5 34 22 10 16 14 26 25 27 35 13 18 30 39 40 
0 5
1 1
2 0
3 33
4 20
5 34
6 9
7 17
8 10
9 2
10 37
11 11
12 25
13 44
14 39
15 28
16 38
17 8
18 45
19 13
20 14
21 7
22 36
23 4
24 24
25 41
26 40
27 42
28 26
29 22
30 46
31 31
32 19
33 32
34 35
35 43
36 15
37 18
38 30
39 47
40 48
41 3
42 27
43 21
44 16
45 6
46 23
47 29
48 12
SIMILAR

41 23 26 45 4 7 21 24 22 40 8 35 13 37 48 1 17 33 25 46 5 29 43 2 10 18 44 9 27 11 34 30 15 32 20 6 12 42 0 14 28 31 38 36 39 16 3 19 47 
0 38
1 15
2 23
3 46
4 4
5 20
6 35
7 5
8 10
9 27
10 24
11 29
12 36
13 12
14 39
15 32
16 45
17 16
18 25
19 47
20 34
21 6
22 8
23 1
24 7
25 18
26 2
27 28
28 40
29 21
30 31
31 41
32 33
33 17
34 30
35 11
36 43
37 13
38 42
39 44
40 9
41 0
42 37
43 22
44 26
45 3
46 19
47 48
48 14
SIMILAR

31 12 23 41 9 39 40 42 4 7 3 36 5 37 27 28 35 0 30 44 48 22 47 16 21 18 11 34 25 20 14 45 38 19 46 29 13 15 32 17 24 2 33 6 1 26 43 8 10 
0 17
1 44
2 41
3 10
4 8
5 12
6 43
7 9
8 47
9 4
10 48
11 26
12 1
13 36
14 30
15 37
16 23
17 39
18 25
19 33
20 29
21 24
22 21
23 2
24 40
25 28
26 45
27 14
28 15
29 35
30 18
31 0
32 38
33 42
34 27
35 16
36 11
37 13
38 32
39 5
40 6
41 3
42 7
43 46
44 19
45 31
46 34
47 22
48 20
SIMILAR

5 21 1 29 19 27 14 45 37 16 41 36 46 7 35 15 13 40 0 20 31 3 25 17 11 48 18 8 2 38 4 43 39 9 28 23 12 6 32 26 22 33 24 44 47 42 34 10 30 
0 18
1 2
2 28
3 21
4 30
5 0
6 37
7 13
8 27
9 33
10 47
11 24
12 36
13 16
14 6
15 15
16 9
17 23
18 26
19 4
20 19
21 1
22 40
23 35
24 42
25 22
26 39
27 5
28 34
29 3
30 48
31 20
32 38
33 41
34 46
35 14
36 11
37 8
38 29
39 32
40 17
41 10
42 45
43 31
44 43
45 7
46 12
47 44
48 25
SIMILAR

34 38 15 14 20 24 11 18 19 32 36 13 1 35 47 33 46 48 41 37 39 5 2 22 25 6 9 8 7 0 23 10 29 12 4 45 42 21 26 27 40 17 16 28 44 3 31 43 30 
0 29
1 12
2 22
3 45
4 34
5 21
6 25
7 28
8 27
9 26
10 31
11 6
12 33
13 11
14 3
15 2
16 42
17 41
18 7
19 8
20 4
21 37
22 23
23 30
24 5
25 24
26 38
27 39
28 43
29 32
30 48
31 46
32 9
33 15
34 0
35 13
36 10
37 19
38 1
39 20
40 40
41 18
42 36
43 47
44 44
45 35
46 16
47 14
48 17
SIMILAR

20 10 5 26 32 19 13 48 11 42 39 29 30 38 18 31 8 33 35 3 37 16 2 23 24 14 1 15 43 28 40 41 25 27 36 4 6 21 44 7 46 17 9 34 12 47 22 45 0 
0 48
1 26
2 22
3 19
4 35
5 2
6 36
7 39
8 16
9 42
10 1
11 8
12 44
13 6
14 25
15 27
16 21
17 41
18 14
19 5
20 0
21 37
22 46
23 23
24 24
25 32
26 3
27 33
28 29
29 11
30 12
31 15
32 4
33 17
34 43
35 18
36 34
37 20
38 13
39 10
40 30
41 31
42 9
43 28
44 38
45 47
46 40
47 45
48 7
SIMILAR

39 5 24 7 27 29 31 25 40 43 10 36 14 17 32 16 19 38 15 20 34 9 44 11 47 8 13 2 45 18 46 12 4 33 6 3 41 1 37 42 35 22 0 28 26 30 21 23 48 
0 42
1 37
2 27
3 35
4 32
5 1
6 34
7 3
8 25
9 21
10 10
11 23
12 31
13 26
14 12
15 18
16 15
17 13
18 29
19 16
20 19
21 46
22 41
23 47
24 2
25 7
26 44
27 4
28 43
29 5
30 45
31 6
32 14
33 33
34 20
35 40
36 11
37 38
38 17
39 0
40 8
41 36
42 39
43 9
44 22
45 28
46 30
47 24
48 48
SIMILAR

44 13 27 42 11 26 5 20 12 35 25 29 38 32 6 24 18 7 23 9 16 4 43 3 46 22 15 33 37 39 1 31 48 14 8 21 19 34 10 45 40 36 2 28 41 0 47 30 17 
0 45
1 30
2 42
3 23
4 21
5 6
6 14
7 17
8 34
9 19
10 38
11 4
12 8
13 1
14 33
15 26
16 20
17 48
18 16
19 36
20 7
21 35
22 25
23 18
24 15
25 10
26 5
27 2
28 43
29 11
30 47
31 31
32 13
33 27
34 37
35 9
36 41
37 28
38 12
39 29
40 40
41 44
42 3
43 22
44 0
45 39
46 24
47 46
48 32
SIMILAR

18 6 38 0 9 42 43 33 32 44 1 40 7 37 46 47 41 2 25 10 27 45 16 21 39 20 13 24 26 19 23 36 12 14 8 11 22 29 4 15 34 35 30 31 17 5 3 28 48 
0 3
1 10
2 17
3 46
4 38
5 45
6 1
7 12
8 34
9 4
10 19
11 35
12 32
13 26
14 33
15 39
16 22
17 44
18 0
19 29
20 25
21 23
22 36
23 30
24 27
25 18
26 28
27 20
28 47
29 37
30 42
31 43
32 8
33 7
34 40
35 41
36 31
37 13
38 2
39 24
40 11
41 16
42 5
43 6
44 9
45 21
46 14
47 15
48 48
SIMILAR

6 11 43 19 40 1 36 21 18 5 2 35 37 20 17 42 44 8 29 31 3 24 48 30 4 38 33 34 14 13 7 23 32 12 39 10 41 22 28 47 0 46 15 45 26 25 27 16 9 
0 40
1 5
2 10
3 20
4 24
5 9
6 0
7 30
8 17
9 48
10 35
11 1
12 33
13 29
14 28
15 42
16 47
17 14
18 8
19 3
20 13
21 7
22 37
23 31
24 21
25 45
26 44
27 46
28 38
29 18
30 23
31 19
32 32
33 26
34 27
35 11
36 6
37 12
38 25
39 34
40 4
41 36
42 15
43 2
44 16
45 43
46 41
47 39
48 22
SIMILAR

23 19 38 42 16 14 30 4 29 25 10 26 37 34 28 46 47 12 7 32 27 15 13 8 24 0 35 21 43 9 45 41 11 31 40 6 36 17 39 48 20 2 44 33 3 18 5 22 1 
0 25
1 48
2 41
3 44
4 7
5 46
6 35
7 18
8 23
9 29
10 10
11 32
12 17
13 22
14 5
15 21
16 4
17 37
18 45
19 1
20 40
21 27
22 47
23 0
24 24
25 9
26 11
27 20
28 14
29 8
30 6
31 33
32 19
33 43
34 13
35 26
36 36
37 12
38 2
39 38
40 34
41 31
42 3
43 28
44 42
45 30
46 15
47 16
48 39
SIMILAR

34 45 5 6 15 33 30 17 32 20 26 21 29 43 7 47 44 48 18 11 9 2 36 41 0 40 14 24 1 46 19 3 28 27 35 31 37 39 16 8 4 13 25 10 42 38 23 12 22 
0 24
1 28
2 21
3 31
4 40
5 2
6 3
7 14
8 39
9 20
10 43
11 19
12 47
13 41
14 26
15 4
16 38
17 7
18 18
19 30
20 9
21 11
22 48
23 46
24 27
25 42
26 10
27 33
28 32
29 12
30 6
31 35
32 8
33 5
34 0
35 34
36 22
37 36
38 45
39 37
40 25
41 23
42 44
43 13
44 16
45 1
46 29
47 15
48 17
SIMILAR

12 4 10 26 27 9 28 24 39 36 43 48 11 13 40 35 18 44 6 25 16 19 1 31 41 32 17 2 34 7 45 23 46 20 22 38 14 3 15 47 30 37 21 5 33 0 29 8 42 
0 45
1 22
2 27
3 37
4 1
5 43
6 18
7 29
8 47
9 5
10 2
11 12
12 0
13 13
14 36
15 38
16 20
17 26
18 16
19 21
20 33
21 42
22 34
23 31
24 7
25 19
26 3
27 4
28 6
29 46
30 40
31 23
32 25
33 44
34 28
35 15
36 9
37 41
38 35
39 8
40 14
41 24
42 48
43 10
44 17
45 30
46 32
47 39
48 11
SIMILAR

18 47 13 5 38 19 34 28 30 40 10 16 6 17 14 23 12 33 8 26 48 7 3 31 0 36 37 25 22 15 20 44 41 46 2 21 43 9 45 4 1 35 27 32 11 29 24 42 39 
0 24
1 40
2 34
3 22
4 39
5 3
6 12
7 21
8 18
9 37
10 10
11 44
12 16
13 2
14 14
15 29
16 11
17 13
18 0
19 5
20 30
21 35
22 28
23 15
24 46
25 27
26 19
27 42
28 7
29 45
30 8
31 23
32 43
33 17
34 6
35 41
36 25
37 26
38 4
39 48
40 9
41 32
42 47
43 36
44 31
45 38
46 33
47 1
48 20
SIMILAR

46 34 3 17 18 21 47 37 32 20 0 14 40 11 44 36 41 39 27 48 6 12 43 33 28 38 42 16 4 30 45 23 31 19 26 10 9 29 15 1 22 5 8 2 24 25 7 13 35 
0 10
1 39
2 43
3 2
4 28
5 41
6 20
7 46
8 42
9 36
10 35
11 13
12 21
13 47
14 11
15 38
16 27
17 3
18 4
19 33
20 9
21 5
22 40
23 31
24 44
25 45
26 34
27 18
28 24
29 37
30 29
31 32
32 8
33 23
34 1
35 48
36 15
37 7
38 25
39 17
40 12
41 16
42 26
43 22
44 14
45 30
46 0
47 6
48 19
SIMILAR

47 36 34 45 27 35 23 9 20 24 40 8 10 19 7 48 11 15 28 21 42 4 25 6 32 33 2 0 37 3 31 43 22 41 38 26 17 14 1 46 39 16 44 5 13 18 12 29 30 
0 27
1 38
2 26
3 29
4 21
5 43
6 23
7 14
8 11
9 7
10 12
11 16
12 46
13 44
14 37
15 17
16 41
17 36
18 45
19 13
20 8
21 19
22 32
23 6
24 9
25 22
26 35
27 4
28 18
29 47
30 48
31 30
32 24
33 25
34 2
35 5
36 1
37 28
38 34
39 40
40 10
41 33
42 20
43 31
44 42
45 3
46 39
47 0
48 15
SIMILAR

25 3 5 12 17 26 31 38 45 29 48 4 21 33 22 32 1 7 41 43 14 28 39 19 13 35 40 46 30 44 27 16 34 9 2 8 42 10 15 11 36 47 24 23 18 6 37 20 0 
0 48
1 16
2 34
3 1
4 11
5 2
6 45
7 17
8 35
9 33
10 37
11 39
12 3
13 24
14 20
15 38
16 31
17 4
18 44
19 23
20 47
21 12
22 14
23 43
24 42
25 0
26 5
27 30
28 21
29 9
30 28
31 6
32 15
33 13
34 32
35 25
36 40
37 46
38 7
39 22
40 26
41 18
42 36
43 19
44 29
45 8
46 27
47 41
48 10
SIMILAR

12 37 22 5 10 45 26 44 4 11 14 36 30 17 24 7 43 15 38 23 29 16 46 40 32 13 33 39 1 8 25 48 47 6 20 18 2 34 31 9 35 0 21 41 28 19 27 42 3 
0 41
1 28
2 36
3 48
4 8
5 3
6 33
7 15
8 29
9 39
10 4
11 9
12 0
13 25
14 10
15 17
16 21
17 13
18 35
19 45
20 34
21 42
22 2
23 19
24 14
25 30
26 6
27 46
28 44
29 20
30 12
31 38
32 24
33 26
34 37
35 40
36 11
37 1
38 18
39 27
40 23
41 43
42 47
43 16
44 7
45 5
46 22
47 32
48 31
SIMILAR

3 38 45 17 47 19 9 24 26 18 40 31 21 4 30 23 48 5 6 12 10 33 41 20 0 8 37 7 43 28 16 13 35 15 11 44 27 46 42 29 36 39 34 1 2 22 25 14 32 
0 24
1 43
2 44
3 0
4 13
5 17
6 18
7 27
8 25
9 6
10 20
11 34
12 19
13 31
14 47
15 33
16 30
17 3
18 9
19 5
20 23
21 12
22 45
23 15
24 7
25 46
26 8
27 36
28 29
29 39
30 14
31 11
32 48
33 21
34 42
35 32
36 40
37 26
38 1
39 41
40 10
41 22
42 38
43 28
44 35
45 2
46 37
47 4
48 16
SIMILAR

36 42 29 25 8 0 32 46 41 14 23 39 22 12 24 20 16 18 35 7 43 11 3 45 34 6 17 44 13 5 26 38 10 31 21 33 9 40 47 4 28 27 19 48 15 30 37 2 1 
0 5
1 48
2 47
3 22
4 39
5 29
6 25
7 19
8 4
9 36
10 32
11 21
12 13
13 28
14 9
15 44
16 16
17 26
18 17
19 42
20 15
21 34
22 12
23 10
24 14
25 3
26 30
27 41
28 40
29 2
30 45
31 33
32 6
33 35
34 24
35 18
36 0
37 46
38 31
39 11
40 37
41 8
42 1
43 20
44 27
45 23
46 7
47 38
48 43
SIMILAR

13 33 20 42 43 6 23 45 24 31 18 9 26 11 37 3 16 19 5 8 2 15 35 40 44 32 38 25 29 47 36 21 10 28 22 4 34 1 7 17 48 30 14 27 39 0 12 46 41 
0 45
1 37
2 20
3 15
4 35
5 18
6 5
7 38
8 19
9 11
10 32
11 13
12 46
13 0
14 42
15 21
16 16
17 39
18 10
19 17
20 2
21 31
22 34
23 6
24 8
25 27
26 12
27 43
28 33
29 28
30 41
31 9
32 25
33 1
34 36
35 22
36 30
37 14
38 26
39 44
40 23
41 48
42 3
43 4
44 24
45 7
46 47
47 29
48 40
SIMILAR

29 19 0 22 31 3 27 21 14 32 33 26 12 42 25 34 5 28 46 45 23 2 43 11 41 30 37 6 44 36 18 17 8 4 47 7 40 16 1 20 48 39 38 10 35 24 15 9 13 
0 2
1 38
2 21
3 5
4 33
5 16
6 27
7 35
8 32
9 47
10 43
11 23
12 12
13 48
14 8
15 46
16 37
17 31
18 30
19 1
20 39
21 7
22 3
23 20
24 45
25 14
26 11
27 6
28 17
29 0
30 25
31 4
32 9
33 10
34 15
35 44
36 29
37 26
38 42
39 41
40 36
41 24
42 13
43 22
44 28
45 19
46 18
47 34
48 40
SIMILAR

40 13 45 29 20 8 27 24 34 2 41 26 11 23 43 48 31 25 32 19 18 12 1 16 28 30 7 17 0 10 46 42 15 38 9 6 22 14 39 36 4 21 35 47 44 37 5 3 33 
0 28
1 22
2 9
3 47
4 40
5 46
6 35
7 26
8 5
9 34
10 29
11 12
12 21
13 1
14 37
15 32
16 23
17 27
18 20
19 19
20 4
21 41
22 36
23 13
24 7
25 17
26 11
27 6
28 24
29 3
30 25
31 16
32 18
33 48
34 8
35 42
36 39
37 45
38 33
39 38
40 0
41 10
42 31
43 14
44 44
45 2
46 30
47 43
48 15
SIMILAR

25 16 28 26 45 5 36 19 11 8 12 14 13 23 20 21 43 6 41 47 18 7 33 0 44 1 22 10 38 29 27 37 30 48 40 9 15 35 32 4 17 46 24 42 3 2 31 39 34 
0 23
1 25
2 45
3 44
4 39
5 5
6 17
7 21
8 9
9 35
10 27
11 8
12 10
13 12
14 11
15 36
16 1
17 40
18 20
19 7
20 14
21 15
22 26
23 13
24 42
25 0
26 3
27 30
28 2
29 29
30 32
31 46
32 38
33 22
34 48
35 37
36 6
37 31
38 28
39 47
40 34
41 18
42 43
43 16
44 24
45 4
46 41
47 19
48 33
SIMILAR

4 37 0 2 35 31 34 28 5 43 9 26 7 23 19 22 15 17 40 42 32 11 13 36 41 12 38 1 25 20 3 47 48 16 6 45 44 27 8 18 33 21 24 10 46 30 14 39 29 
0 2
1 27
2 3
3 30
4 0
5 8
6 34
7 12
8 38
9 10
10 43
11 21
12 25
13 22
14 46
15 16
16 33
17 17
18 39
19 14
20 29
21 41
22 15
23 13
24 42
25 28
26 11
27 37
28 7
29 48
30 45
31 5
32 20
33 40
34 6
35 4
36 23
37 1
38 26
39 47
40 18
41 24
42 19
43 9
44 36
45 35
46 44
47 31
48 32
SIMILAR

26 22 12 16 6 44 31 24 35 33 30 8 28 48 5 34 7 25 36 23 40 3 17 9 20 46 19 38 1 45 15 18 27 32 42 2 14 21 4 13 39 47 11 43 41 37 0 29 10 
0 46
1 28
2 35
3 21
4 38
5 14
6 4
7 16
8 11
9 23
10 48
11 42
12 2
13 39
14 36
15 30
16 3
17 22
18 31
19 26
20 24
21 37
22 1
23 19
24 7
25 17
26 0
27 32
28 12
29 47
30 10
31 6
32 33
33 9
34 15
35 8
36 18
37 45
38 27
39 40
40 20
41 44
42 34
43 43
44 5
45 29
46 25
47 41
48 13
SIMILAR

19 10 16 7 2 42 0 31 43 32 6 35 4 44 33 29 12 15 28 36 37 22 24 45 3 34 48 17 14 46 39 41 5 47 26 23 13 18 9 40 20 38 30 1 11 8 25 21 27 
0 6
1 43
2 4
3 24
4 12
5 32
6 10
7 3
8 45
9 38
10 1
11 44
12 16
13 36
14 28
15 17
16 2
17 27
18 37
19 0
20 40
21 47
22 21
23 35
24 22
25 46
26 34
27 48
28 18
29 15
30 42
31 7
32 9
33 14
34 25
35 11
36 19
37 20
38 41
39 30
40 39
41 31
42 5
43 8
44 13
45 23
46 29
47 33
48 26
SIMILAR

38 42 2 47 32 24 11 45 37 22 36 34 26 40 30 13 35 29 8 27 33 19 16 17 15 28 23 48 18 9 14 1 46 21 4 5 7 12 39 31 44 6 43 20 25 0 41 10 3 
0 45
1 31
2 2
3 48
4 34
5 35
6 41
7 36
8 18
9 29
10 47
11 6
12 37
13 15
14 30
15 24
16 22
17 23
18 28
19 21
20 43
21 33
22 9
23 26
24 5
25 44
26 12
27 19
28 25
29 17
30 14
31 39
32 4
33 20
34 11
35 16
36 10
37 8
38 0
39 38
40 13
41 46
42 1
43 42
44 40
45 7
46 32
47 3
48 27
SIMILAR

33 12 9 38 17 34 42 40 21 29 16 30 14 11 8 19 25 41 3 15 23 45 4 32 13 36 22 26 44 48 10 43 47 1 28 0 31 5 46 37 39 27 20 6 7 2 35 24 18 
0 35
1 33
2 45
3 18
4 22
5 37
6 43
7 44
8 14
9 2
10 30
11 13
12 1
13 24
14 12
15 19
16 10
17 4
18 48
19 15
20 42
21 8
22 26
23 20
24 47
25 16
26 27
27 41
28 34
29 9
30 11
31 36
32 23
33 0
34 5
35 46
36 25
37 39
38 3
39 40
40 7
41 17
42 6
43 31
44 28
45 21
46 38
47 32
48 29
SIMILAR

16 35 7 26 27 4 39 11 33 5 34 45 15 36 8 17 25 31 12 9 37 19 14 29 28 3 44 1 20 0 23 24 43 32 21 38 18 13 46 30 22 2 6 10 47 42 41 48 40 
0 29
1 27
2 41
3 25
4 5
5 9
6 42
7 2
8 14
9 19
10 43
11 7
12 18
13 37
14 22
15 12
16 0
17 15
18 36
19 21
20 28
21 34
22 40
23 30
24 31
25 16
26 3
27 4
28 24
29 23
30 39
31 17
32 33
33 8
34 10
35 1
36 13
37 20
38 35
39 6
40 48
41 46
42 45
43 32
44 26
45 11
46 38
47 44
48 47
SIMILAR

22 20 32 17 47 8 16 12 45 31 25 29 21 35 26 36 7 39 15 14 27 11 5 4 33 40 13 43 42 37 44 9 19 28 2 24 30 10 6 18 48 41 46 0 34 23 1 3 38 
0 43
1 46
2 34
3 47
4 23
5 22
6 38
7 16
8 5
9 31
10 37
11 21
12 7
13 26
14 19
15 18
16 6
17 3
18 39
19 32
20 1
21 12
22 0
23 45
24 35
25 10
26 14
27 20
28 33
29 11
30 36
31 9
32 2
33 24
34 44
35 13
36 15
37 29
38 48
39 17
40 25
41 41
42 28
43 27
44 30
45 8
46 42
47 4
48 40
SIMILAR

24 21 34 23 27 35 8 45 13 47 14 10 46 40 7 43 6 1 30 32 37 9 17 33 0 41 5 44 19 16 12 42 11 22 39 18 3 25 26 29 15 38 48 31 2 4 20 36 28 
0 24
1 17
2 44
3 36
4 45
5 26
6 16
7 14
8 6
9 21
10 11
11 32
12 30
13 8
14 10
15 40
16 29
17 22
18 35
19 28
20 46
21 1
22 33
23 3
24 0
25 37
26 38
27 4
28 48
29 39
30 18
31 43
32 19
33 23
34 2
35 5
36 47
37 20
38 41
39 34
40 13
41 25
42 31
43 15
44 27
45 7
46 12
47 9
48 42
SIMILAR

19 23 40 20 33 22 27 1 5 26 38 30 32 18 34 12 6 39 42 25 47 15 14 31 17 24 28 3 8 48 0 43 2 35 36 44 4 41 11 29 21 10 46 45 37 7 13 16 9 
0 30
1 7
2 32
3 27
4 36
5 8
6 16
7 45
8 28
9 48
10 41
11 38
12 15
13 46
14 22
15 21
16 47
17 24
18 13
19 0
20 3
21 40
22 5
23 1
24 25
25 19
26 9
27 6
28 26
29 39
30 11
31 23
32 12
33 4
34 14
35 33
36 34
37 44
38 10
39 17
40 2
41 37
42 18
43 31
44 35
45 43
46 42
47 20
48 29
SIMILAR

35 23 39 37 28 29 18 15 41 8 27 34 12 31 21 5 19 9 42 26 11 3 1 16 0 40 45 30 25 20 14 4 32 7 2 47 33 10 6 17 13 24 48 36 22 46 44 43 38 
0 24
1 22
2 34
3 21
4 31
5 15
6 38
7 33
8 9
9 17
10 37
11 20
12 12
13 40
14 30
15 7
16 23
17 39
18 6
19 16
20 29
21 14
22 44
23 1
24 41
25 28
26 19
27 10
28 4
29 5
30 27
31 13
32 32
33 36
34 11
35 0
36 43
37 3
38 48
39 2
40 25
41 8
42 18
43 47
44 46
45 26
46 45
47 35
48 42
SIMILAR

13 47 9 33 2 42 48 39 31 35 43 46 25 27 32 0 41 20 18 40 12 24 36 23 21 6 38 17 10 22 15 28 14 29 1 8 5 34 19 44 11 7 30 45 4 37 3 16 26 
0 15
1 34
2 4
3 46
4 44
5 36
6 25
7 41
8 35
9 2
10 28
11 40
12 20
13 0
14 32
15 30
16 47
17 27
18 18
19 38
20 17
21 24
22 29
23 23
24 21
25 12
26 48
27 13
28 31
29 33
30 42
31 8
32 14
33 3
34 37
35 9
36 22
37 45
38 26
39 7
40 19
41 16
42 5
43 10
44 39
45 43
46 11
47 1
48 6
SIMILAR

45 40 25 38 17 5 26 46 48 11 32 10 8 1 9 37 16 0 33 47 36 19 24 7 21 42 14 31 15 27 29 2 34 12 30 28 39 43 13 44 22 20 35 18 3 41 4 6 23 
0 17
1 13
2 31
3 44
4 46
5 5
6 47
7 23
8 12
9 14
10 11
11 9
12 33
13 38
14 26
15 28
16 16
17 4
18 43
19 21
20 41
21 24
22 40
23 48
24 22
25 2
26 6
27 29
28 35
29 30
30 34
31 27
32 10
33 18
34 32
35 42
36 20
37 15
38 3
39 36
40 1
41 45
42 25
43 37
44 39
45 0
46 7
47 19
48 8
SIMILAR

37 4 24 12 40 27 15 41 22 45 44 11 32 9 23 43 13 18 33 47 10 39 21 38 14 26 28 20 1 17 31 36 25 5 42 2 29 35 19 34 16 3 7 8 0 30 6 48 46 
0 44
1 28
2 35
3 41
4 1
5 33
6 46
7 42
8 43
9 13
10 20
11 11
12 3
13 16
14 24
15 6
16 40
17 29
18 17
19 38
20 27
21 22
22 8
23 14
24 2
25 32
26 25
27 5
28 26
29 36
30 45
31 30
32 12
33 18
34 39
35 37
36 31
37 0
38 23
39 21
40 4
41 7
42 34
43 15
44 10
45 9
46 48
47 19
48 47
SIMILAR

32 46 42 41 0 33 1 15 24 30 13 43 27 39 35 8 2 22 9 28 14 29 19 5 7 48 36 4 26 21 31 6 3 23 34 44 25 45 37 38 16 11 10 18 47 20 17 12 40 
0 4
1 6
2 16
3 32
4 27
5 23
6 31
7 24
8 15
9 18
10 42
11 41
12 47
13 10
14 20
15 7
16 40
17 46
18 43
19 22
20 45
21 29
22 17
23 33
24 8
25 36
26 28
27 12
28 19
29 21
30 9
31 30
32 0
33 5
34 34
35 14
36 26
37 38
38 39
39 13
40 48
41 3
42 2
43 11
44 35
45 37
46 1
47 44
48 25
SIMILAR

43 32 3 28 47 36 6 7 37 21 9 2 45 27 23 16 11 26 4 0 42 19 14 25 24 8 38 22 31 34 40 30 20 33 46 17 48 44 29 13 35 39 15 18 1 12 41 10 5 
0 19
1 44
2 11
3 2
4 18
5 48
6 6
7 7
8 25
9 10
10 47
11 16
12 45
13 39
14 22
15 42
16 15
17 35
18 43
19 21
20 32
21 9
22 27
23 14
24 24
25 23
26 17
27 13
28 3
29 38
30 31
31 28
32 1
33 33
34 29
35 40
36 5
37 8
38 26
39 41
40 30
41 46
42 20
43 0
44 37
45 12
46 34
47 4
48 36
SIMILAR

42 9 34 44 37 41 13 10 28 19 4 2 48 20 18 47 22 12 30 15 26 43 16 35 31 39 0 6 40 21 36 8 1 7 24 32 25 5 46 45 29 17 27 3 14 11 23 38 33 
0 26
1 32
2 11
3 43
4 10
5 37
6 27
7 33
8 31
9 1
10 7
11 45
12 17
13 6
14 44
15 19
16 22
17 41
18 14
19 9
20 13
21 29
22 16
23 46
24 34
25 36
26 20
27 42
28 8
29 40
30 18
31 24
32 35
33 48
34 2
35 23
36 30
37 4
38 47
39 25
40 28
41 5
42 0
43 21
44 3
45 39
46 38
47 15
48 12
SIMILAR

38 4 33 6 5 48 29 8 18 45 30 35 7 21 25 14 23 42 19 20 40 26 44 32 46 0 24 10 39 15 41 34 11 12 28 36 47 3 17 16 9 1 22 43 37 2 31 27 13 
0 25
1 41
2 45
3 37
4 1
5 4
6 3
7 12
8 7
9 40
10 27
11 32
12 33
13 48
14 15
15 29
16 39
17 38
18 8
19 18
20 19
21 13
22 42
23 16
24 26
25 14
26 21
27 47
28 34
29 6
30 10
31 46
32 23
33 2
34 31
35 11
36 35
37 44
38 0
39 28
40 20
41 30
42 17
43 43
44 22
45 9
46 24
47 36
48 5
SIMILAR

4 34 27 24 41 0 3 37 25 1 48 10 15 28 26 6 40 21 30 42 11 9 39 2 38 33 19 13 14 16 8 18 17 7 22 35 45 47 36 12 23 31 32 5 44 46 29 20 43 
0 5
1 9
2 23
3 6
4 0
5 43
6 15
7 33
8 30
9 21
10 11
11 20
12 39
13 27
14 28
15 12
16 29
17 32
18 31
19 26
20 47
21 17
22 34
23 40
24 3
25 8
26 14
27 2
28 13
29 46
30 18
31 41
32 42
33 25
34 1
35 35
36 38
37 7
38 24
39 22
40 16
41 4
42 19
43 48
44 44
45 36
46 45
47 37
48 10
SIMILAR

39 8 34 30 32 28 1 15 48 17 46 0 44 7 27 10 9 14 3 36 18 31 21 5 4 40 47 41 16 37 2 6 29 33 11 35 19 42 25 22 13 12 26 24 20 45 38 43 23 
0 11
1 6
2 30
3 18
4 24
5 23
6 31
7 13
8 1
9 16
10 15
11 34
12 41
13 40
14 17
15 7
16 28
17 9
18 20
19 36
20 44
21 22
22 39
23 48
24 43
25 38
26 42
27 14
28 5
29 32
30 3
31 21
32 4
33 33
34 2
35 35
36 19
37 29
38 46
39 0
40 25
41 27
42 37
43 47
44 12
45 45
46 10
47 26
48 8
SIMILAR

36 27 31 13 43 11 19 45 7 16 44 40 39 34 9 28 37 29 25 5 46 47 41 8 10 35 42 4 26 21 6 22 14 23 32 18 2 17 48 38 12 1 20 3 0 33 15 24 30 
0 44
1 41
2 36
3 43
4 27
5 19
6 30
7 8
8 23
9 14
10 24
11 5
12 40
13 3
14 32
15 46
16 9
17 37
18 35
19 6
20 42
21 29
22 31
23 33
24 47
25 18
26 28
27 1
28 15
29 17
30 48
31 2
32 34
33 45
34 13
35 25
36 0
37 16
38 39
39 12
40 11
41 22
42 26
43 4
44 10
45 7
46 20
47 21
48 38
SIMILAR

41 31 10 24 15 40 29 39 14 26 36 3 17 12 45 23 25 20 33 46 28 27 4 5 21 37 18 0 47 22 16 7 9 43 8 13 38 34 2 44 11 1 30 42 19 32 35 48 6 
0 27
1 41
2 38
3 11
4 22
5 23
6 48
7 31
8 34
9 32
10 2
11 40
12 13
13 35
14 8
15 4
16 30
17 12
18 26
19 44
20 17
21 24
22 29
23 15
24 3
25 16
26 9
27 21
28 20
29 6
30 42
31 1
32 45
33 18
34 37
35 46
36 10
37 25
38 36
39 7
40 5
41 0
42 43
43 33
44 39
45 14
46 19
47 28
48 47
SIMILAR

14 18 23 47 12 41 44 45 33 29 13 6 21 39 2 10 46 17 5 1 4 38 48 8 40 9 24 22 19 31 11 28 30 20 7 35 25 3 43 15 32 16 26 36 34 42 27 37 0 
0 48
1 19
2 14
3 37
4 20
5 18
6 11
7 34
8 23
9 25
10 15
11 30
12 4
13 10
14 0
15 39
16 41
17 17
18 1
19 28
20 33
21 12
22 27
23 2
24 26
25 36
26 42
27 46
28 31
29 9
30 32
31 29
32 40
33 8
34 44
35 35
36 43
37 47
38 21
39 13
40 24
41 5
42 45
43 38
44 6
45 7
46 16
47 3
48 22
SIMILAR

20 16 4 46 0 17 21 8 35 29 36 13 39 3 31 40 48 41 26 37 5 22 18 6 43 23 14 34 12 15 33 44 1 9 42 30 2 10 47 7 38 25 19 28 45 24 11 32 27 
0 4
1 32
2 36
3 13
4 2
5 20
6 23
7 39
8 7
9 33
10 37
11 46
12 28
13 11
14 26
15 29
16 1
17 5
18 22
19 42
20 0
21 6
22 21
23 25
24 45
25 41
26 18
27 48
28 43
29 9
30 35
31 14
32 47
33 30
34 27
35 8
36 10
37 19
38 40
39 12
40 15
41 17
42 34
43 24
44 31
45 44
46 3
47 38
48 16
SIMILAR

11 13 30 45 1 25 26 3 16 33 14 41 46 31 15 10 29 17 34 8 19 42 2 44 6 4 22 37 18 24 21 28 7 36 38 48 39 35 43 32 5 47 40 27 23 12 20 9 0 
0 48
1 4
2 22
3 7
4 25
5 40
6 24
7 32
8 19
9 47
10 15
11 0
12 45
13 1
14 10
15 14
16 8
17 17
18 28
19 20
20 46
21 30
22 26
23 44
24 29
25 5
26 6
27 43
28 31
29 16
30 2
31 13
32 39
33 9
34 18
35 37
36 33
37 27
38 34
39 36
40 42
41 11
42 21
43 38
44 23
45 3
46 12
47 41
48 35
SIMILAR

22 32 18 25 26 0 8 27 23 16 34 7 37 4 43 29 36 31 24 45 6 11 35 3 19 12 21 10 28 17 20 42 13 46 47 14 30 33 1 5 2 15 38 9 39 44 48 41 40 
0 5
1 38
2 40
3 23
4 13
5 39
6 20
7 11
8 6
9 43
10 27
11 21
12 25
13 32
14 35
15 41
16 9
17 29
18 2
19 24
20 30
21 26
22 0
23 8
24 18
25 3
26 4
27 7
28 28
29 15
30 36
31 17
32 1
33 37
34 10
35 22
36 16
37 12
38 42
39 44
40 48
41 47
42 31
43 14
44 45
45 19
46 33
47 34
48 46
SIMILAR

4 47 20 0 7 26 31 46 24 40 1 38 12 28 25 30 44 39 45 16 11 32 19 29 43 37 21 22 35 42 5 14 41 27 8 34 18 13 3 15 23 33 10 17 6 48 9 36 2 
0 3
1 10
2 48
3 38
4 0
5 30
6 44
7 4
8 34
9 46
10 42
11 20
12 12
13 37
14 31
15 39
16 19
17 43
18 36
19 22
20 2
21 26
22 27
23 40
24 8
25 14
26 5
27 33
28 13
29 23
30 15
31 6
32 21
33 41
34 35
35 28
36 47
37 25
38 11
39 17
40 9
41 32
42 29
43 24
44 16
45 18
46 7
47 1
48 45
SIMILAR

14 6 19 22 40 4 33 30 28 10 47 48 35 27 29 23 31 12 0 24 45 34 46 13 43 1 37 11 7 18 38 32 15 8 39 44 5 2 26 3 21 16 20 42 9 36 25 41 17 
0 18
1 25
2 37
3 39
4 5
5 36
6 1
7 28
8 33
9 44
10 9
11 27
12 17
13 23
14 0
15 32
16 41
17 48
18 29
19 2
20 42
21 40
22 3
23 15
24 19
25 46
26 38
27 13
28 8
29 14
30 7
31 16
32 31
33 6
34 21
35 12
36 45
37 26
38 30
39 34
40 4
41 47
42 43
43 24
44 35
45 20
46 22
47 10
48 11
SIMILAR

27 13 42 37 39 41 46 22 12 21 25 11 30 1 28 43 35 17 10 8 47 4 20 5 45 6 24 48 38 18 36 23 44 26 34 32 31 0 19 2 3 40 29 9 7 33 16 15 14 
0 37
1 13
2 39
3 40
4 21
5 23
6 25
7 44
8 19
9 43
10 18
11 11
12 8
13 1
14 48
15 47
16 46
17 17
18 29
19 38
20 22
21 9
22 7
23 31
24 26
25 10
26 33
27 0
28 14
29 42
30 12
31 36
32 35
33 45
34 34
35 16
36 30
37 3
38 28
39 4
40 41
41 5
42 2
43 15
44 32
45 24
46 6
47 20
48 27
SIMILAR

30 15 18 4 2 26 32 5 42 23 10 12 1 31 8 3 39 19 24 33 6 45 36 44 20 43 9 28 47 14 22 7 40 11 37 21 35 13 46 16 34 25 38 29 41 48 17 0 27 
0 47
1 12
2 4
3 15
4 3
5 7
6 20
7 31
8 14
9 26
10 10
11 33
12 11
13 37
14 29
15 1
16 39
17 46
18 2
19 17
20 24
21 35
22 30
23 9
24 18
25 41
26 5
27 48
28 27
29 43
30 0
31 13
32 6
33 19
34 40
35 36
36 22
37 34
38 42
39 16
40 32
41 44
42 8
43 25
44 23
45 21
46 38
47 28
48 45
SIMILAR

25 42 48 36 17 8 6 30 33 27 44 35 39 2 0 1 21 46 14 28 37 19 15 24 47 34 41 38 13 29 9 10 31 16 32 11 43 3 26 12 4 23 20 40 45 5 7 22 18 
0 14
1 15
2 13
3 37
4 40
5 45
6 6
7 46
8 5
9 30
10 31
11 35
12 39
13 28
14 18
15 22
16 33
17 4
18 48
19 21
20 42
21 16
22 47
23 41
24 23
25 0
26 38
27 9
28 19
29 29
30 7
31 32
32 34
33 8
34 25
35 11
36 3
37 20
38 27
39 12
40 43
41 26
42 1
43 36
44 10
45 44
46 17
47 24
48 2
SIMILAR

2 7 6 5 30 0 39 22 12 35 11 40 4 47 8 46 14 10 24 31 37 33 16 18 26 28 29 3 42 38 9 27 23 17 45 41 34 43 25 36 1 15 21 13 20 32 44 19 48 
0 5
1 40
2 0
3 27
4 12
5 3
6 2
7 1
8 14
9 30
10 17
11 10
12 8
13 43
14 16
15 41
16 22
17 33
18 23
19 47
20 44
21 42
22 7
23 32
24 18
25 38
26 24
27 31
28 25
29 26
30 4
31 19
32 45
33 21
34 36
35 9
36 39
37 20
38 29
39 6
40 11
41 35
42 28
43 37
44 46
45 34
46 15
47 13
48 48
SIMILAR

14 32 26 6 5 30 47 15 33 8 40 4 35 34 9 11 22 48 7 17 36 10 12 42 27 24 1 45 44 19 20 38 41 0 39 31 37 23 13 16 43 25 3 21 18 29 2 46 28 
0 33
1 26
2 46
3 42
4 11
5 4
6 3
7 18
8 9
9 14
10 21
11 15
12 22
13 38
14 0
15 7
16 39
17 19
18 44
19 29
20 30
21 43
22 16
23 37
24 25
25 41
26 2
27 24
28 48
29 45
30 5
31 35
32 1
33 8
34 13
35 12
36 20
37 36
38 31
39 34
40 10
41 32
42 23
43 40
44 28
45 27
46 47
47 6
48 17
SIMILAR
100 0
9400 0
459400 0
