49
0 0 0 0 1 1 0 1 1 0 1 1 1 0 0 0 0 1 1 1 0 1 1 1 1 0 0 0 1 1 0 0 1 0 0 0 0 0 1 1 0 0 1 1 1 0 1 1 0 
0 0 0 1 1 1 0 1 1 0 0 1 1 0 1 0 1 1 1 1 0 0 1 0 0 0 1 0 0 0 1 0 1 1 0 1 0 1 0 1 1 1 0 1 0 0 0 1 1 
0 0 0 1 1 1 1 1 0 1 0 0 1 1 1 1 0 1 1 0 0 0 0 1 0 1 0 1 0 1 0 0 0 1 0 0 0 1 1 0 0 0 0 0 0 1 1 1 1 
0 1 1 0 0 0 0 0 0 1 0 1 1 1 0 0 0 1 0 0 0 0 0 0 0 1 0 0 1 1 1 0 0 1 0 0 0 1 1 1 0 1 0 0 0 1 0 0 1 
1 1 1 0 0 1 0 0 1 0 1 0 0 0 0 1 1 1 0 1 1 1 1 0 1 1 1 1 1 1 0 0 1 0 1 0 1 1 1 0 0 1 0 0 1 0 0 1 1 
1 1 1 0 1 0 0 1 1 1 1 1 1 1 1 0 0 0 1 1 0 0 0 0 1 0 0 0 1 1 1 0 1 0 0 1 0 1 0 0 0 1 0 0 1 0 1 1 1 
0 0 1 0 0 0 0 0 0 1 0 0 0 1 1 1 0 0 0 0 0 0 0 1 0 0 1 0 0 0 1 0 1 1 1 0 1 1 0 0 1 1 1 1 1 0 1 1 0 
1 1 1 0 0 1 0 0 0 0 1 1 1 1 1 1 1 1 1 1 0 0 0 0 1 0 0 0 1 0 0 0 0 1 1 1 0 1 1 1 0 1 1 0 0 1 1 1 1 
1 1 0 0 1 1 0 0 0 1 0 1 0 0 0 1 0 1 0 1 1 0 1 1 0 1 1 0 1 1 0 1 1 0 0 1 0 1 1 0 1 0 0 0 0 1 1 0 1 
0 0 1 1 0 1 1 0 1 0 1 0 0 1 0 0 1 0 1 1 0 0 0 0 0 0 1 0 1 1 1 0 0 0 0 1 1 0 0 0 1 1 1 0 1 1 0 0 1 
1 0 0 0 1 1 0 1 0 1 0 1 0 1 0 1 0 0 1 1 0 1 1 1 1 1 1 0 1 0 1 0 1 0 0 1 0 0 0 0 0 0 1 1 1 1 1 0 0 
1 1 0 1 0 1 0 1 1 0 1 0 1 1 0 0 1 1 1 1 1 1 1 0 0 0 0 0 1 0 1 0 0 0 0 0 0 0 1 1 1 1 0 1 0 0 0 1 1 
1 1 1 1 0 1 0 1 0 0 0 1 0 1 1 1 1 0 0 0 0 0 0 1 0 0 0 0 0 0 1 0 1 1 0 1 0 0 0 1 0 1 1 1 1 0 0 1 0 
0 0 1 1 0 1 1 1 0 1 1 1 1 0 0 0 0 0 1 1 1 0 0 1 0 1 0 0 0 0 0 1 0 1 1 0 0 1 1 1 1 1 0 0 1 0 1 0 0 
0 1 1 0 0 1 1 1 0 0 0 0 1 0 0 1 0 1 0 0 0 0 1 1 0 1 0 0 1 0 1 0 1 0 0 0 0 0 0 1 1 1 1 0 0 1 1 1 0 
0 0 1 0 1 0 1 1 1 0 1 0 1 0 1 0 1 1 1 0 0 1 0 1 0 0 0 1 1 1 0 0 0 1 0 0 0 1 1 1 0 1 1 1 1 1 0 1 1 
0 1 0 0 1 0 0 1 0 1 0 1 1 0 0 1 0 0 1 0 0 1 1 0 0 1 0 1 0 1 1 0 0 1 0 0 1 1 1 0 1 0 0 1 1 1 0 1 1 
1 1 1 1 1 0 0 1 1 0 0 1 0 0 1 1 0 0 0 1 0 0 1 1 1 1 0 1 1 0 0 0 1 0 0 1 1 1 0 1 0 0 1 0 1 0 1 1 1 
1 1 1 0 0 1 0 1 0 1 1 1 0 1 0 1 1 0 0 1 1 0 1 1 1 0 0 1 1 0 0 1 1 1 0 0 0 0 1 0 1 0 1 1 0 1 1 0 0 
1 1 0 0 1 1 0 1 1 1 1 1 0 1 0 0 0 1 1 0 0 0 1 0 1 0 0 0 1 1 1 1 0 1 1 1 1 0 1 1 1 1 0 0 0 1 0 0 0 
0 0 0 0 1 0 0 0 1 0 0 1 0 1 0 0 0 0 1 0 0 0 0 1 1 0 0 1 1 1 1 0 1 1 1 0 0 0 1 1 1 1 1 0 1 0 1 0 1 
1 0 0 0 1 0 0 0 0 0 1 1 0 0 0 1 1 0 0 0 0 0 0 0 1 0 0 1 1 0 1 1 0 1 0 1 1 0 1 1 0 0 1 0 1 1 1 1 1 
1 1 0 0 1 0 0 0 1 0 1 1 0 0 1 0 1 1 1 1 0 0 0 1 0 1 0 0 0 0 1 0 1 1 1 1 1 0 1 1 0 1 0 1 1 1 0 1 1 
1 0 1 0 0 0 1 0 1 0 1 0 1 1 1 1 0 1 1 0 1 0 1 0 1 0 1 0 1 1 1 1 0 0 1 1 0 1 1 1 1 0 0 1 1 1 0 0 1 
1 0 0 0 1 1 0 1 0 0 1 0 0 0 0 0 0 1 1 1 1 1 0 1 0 0 0 1 0 0 0 1 1 0 0 1 1 0 1 0 0 1 0 0 0 1 0 0 0 
0 0 1 1 1 0 0 0 1 0 1 0 0 1 1 0 1 1 0 0 0 0 1 0 0 0 1 0 0 0 0 1 1 0 1 0 0 0 1 0 1 0 0 0 1 0 1 0 0 
0 1 0 0 1 0 1 0 1 1 1 0 0 0 0 0 0 0 0 0 0 0 0 1 0 1 0 1 1 1 1 0 0 1 0 0 1 1 0 1 1 1 1 1 1 1 0 1 1 
0 0 1 0 1 0 0 0 0 0 0 0 0 0 0 1 1 1 1 0 1 1 0 0 1 0 1 0 0 0 0 0 1 0 0 0 0 1 0 0 0 0 0 0 1 0 0 1 1 
1 0 0 1 1 1 0 1 1 1 1 1 0 0 1 1 0 1 1 1 1 1 0 1 0 0 1 0 0 1 1 1 1 0 0 1 1 1 0 0 1 1 0 1 1 1 1 1 0 
1 0 1 1 1 1 0 0 1 1 0 0 0 0 0 1 1 0 0 1 1 0 0 1 0 0 1 0 1 0 1 1 1 1 0 1 1 1 1 1 1 0 1 0 0 1 1 0 1 
0 1 0 1 0 1 1 0 0 1 1 1 1 0 1 0 1 0 0 1 1 1 1 1 0 0 1 0 1 1 0 1 1 1 0 1 0 0 0 0 0 1 1 1 1 0 1 0 1 
0 0 0 0 0 0 0 0 1 0 0 0 0 1 0 0 0 0 1 1 0 1 0 1 1 1 0 0 1 1 1 0 1 1 0 0 1 0 0 1 1 1 0 1 0 1 1 0 0 
1 1 0 0 1 1 1 0 1 0 1 0 1 0 1 0 0 1 1 0 1 0 1 0 1 1 0 1 1 1 1 1 0 1 1 1 0 0 0 1 0 0 1 0 0 1 0 1 0 
0 1 1 1 0 0 1 1 0 0 0 0 1 1 0 1 1 0 1 1 1 1 1 0 0 0 1 0 0 1 1 1 1 0 0 1 1 1 0 0 0 0 1 1 0 1 0 1 0 
0 0 0 0 1 0 1 1 0 0 0 0 0 1 0 0 0 0 0 1 1 0 1 1 0 1 0 0 0 0 0 0 1 0 0 0 1 0 1 0 0 0 1 1 1 1 1 0 0 
0 1 0 0 0 1 0 1 1 1 1 0 1 0 0 0 0 1 0 1 0 1 1 1 1 0 0 0 1 1 1 0 1 1 0 0 1 0 1 0 0 0 0 0 0 0 1 0 1 
0 0 0 0 1 0 1 0 0 1 0 0 0 0 0 0 1 1 0 1 0 1 1 0 1 0 1 0 1 1 0 1 0 1 1 1 0 0 0 0 1 1 1 0 1 1 1 1 0 
0 1 1 1 1 1 1 1 1 0 0 0 0 1 0 1 1 1 0 0 0 0 0 1 0 0 1 1 1 1 0 0 0 1 0 0 0 0 0 1 0 1 0 1 1 1 0 0 0 
1 0 1 1 1 0 0 1 1 0 0 1 0 1 0 1 1 0 1 1 1 1 1 1 1 1 0 0 0 1 0 0 0 0 1 1 0 0 0 0 1 1 0 1 1 1 0 1 0 
1 1 0 1 0 0 0 1 0 0 0 1 1 1 1 1 0 1 0 1 1 1 1 1 0 0 1 0 0 1 0 1 1 0 0 0 0 1 0 0 1 0 1 1 1 1 1 1 0 
0 1 0 0 0 0 1 0 1 1 0 1 0 1 1 0 1 0 1 1 1 0 0 1 0 1 1 0 1 1 0 1 0 0 0 0 1 0 1 1 0 0 0 1 1 1 1 1 1 
0 1 0 1 1 1 1 1 0 1 0 1 1 1 1 1 0 0 0 1 1 0 1 0 1 0 1 0 1 0 1 1 0 0 0 0 1 1 1 0 0 0 1 0 1 0 0 0 1 
1 0 0 0 0 0 1 1 0 1 1 0 1 0 1 1 0 1 1 0 1 1 0 0 0 0 1 0 0 1 1 0 1 1 1 0 1 0 0 1 0 1 0 0 1 0 0 0 1 
1 1 0 0 0 0 1 0 0 0 1 1 1 0 0 1 1 0 1 0 0 0 1 1 0 0 1 0 1 0 1 1 0 1 1 0 0 1 1 1 1 0 0 0 0 1 0 0 1 
1 0 0 0 1 1 1 0 0 1 1 0 1 1 0 1 1 1 0 0 1 1 1 1 0 1 1 1 1 0 1 0 0 0 1 0 1 1 1 1 1 1 1 0 0 0 1 0 0 
0 0 1 1 0 0 0 1 1 1 1 0 0 0 1 1 1 0 1 1 0 1 1 1 1 0 1 0 1 1 0 1 1 1 1 0 1 1 1 1 1 0 0 1 0 0 1 0 0 
1 0 1 0 0 1 1 1 1 0 1 0 0 1 1 0 0 1 1 0 1 1 0 0 0 1 0 0 1 1 1 1 0 0 1 1 1 0 0 1 1 0 0 0 1 1 0 0 1 
1 1 1 0 1 1 1 1 0 0 0 1 1 0 1 1 1 1 0 0 0 1 1 0 0 0 1 1 1 0 0 0 1 1 0 0 1 0 1 1 1 0 0 0 0 0 0 0 0 
0 1 1 1 1 1 0 1 1 1 0 1 0 0 0 1 1 1 0 0 1 1 1 1 0 0 1 1 0 1 1 0 0 0 0 1 0 0 0 0 1 1 1 1 0 0 1 0 0 

44 9 38 43 42 4 29 24 28 16 34 45 18 12 0 8 3 48 31 5 14 25 35 46 19 17 11 6 47 30 27 23 39 10 32 26 33 20 21 22 13 1 7 2 15 40 41 37 36 
0 14
1 41
2 43
3 16
4 5
5 19
6 27
7 42
8 15
9 1
10 33
11 26
12 13
13 40
14 20
15 44
16 9
17 25
18 12
19 24
20 37
21 38
22 39
23 31
24 7
25 21
26 35
27 30
28 8
29 6
30 29
31 18
32 34
33 36
34 10
35 22
36 48
37 47
38 2
39 32
40 45
41 46
42 4
43 3
44 0
45 11
46 23
47 28
48 17
SIMILAR

22 28 8 2 26 34 5 38 48 33 25 9 46 41 20 11 27 19 31 1 24 43 6 40 36 16 45 3 30 12 4 14 29 32 0 7 35 21 23 15 17 44 47 39 42 10 37 18 13 
0 34
1 19
2 3
3 27
4 30
5 6
6 22
7 35
8 2
9 11
10 45
11 15
12 29
13 48
14 31
15 39
16 25
17 40
18 47
19 17
20 14
21 37
22 0
23 38
24 20
25 10
26 4
27 16
28 1
29 32
30 28
31 18
32 33
33 9
34 5
35 36
36 24
37 46
38 7
39 43
40 23
41 13
42 44
43 21
44 41
45 26
46 12
47 42
48 8
SIMILAR

31 40 26 7 25 43 46 2 29 34 13 14 21 37 33 28 8 41 39 44 24 12 42 36 23 17 10 11 16 22 38 45 35 30 27 0 1 5 3 9 48 15 19 32 6 18 20 4 47 
0 35
1 36
2 7
3 38
4 47
5 37
6 44
7 3
8 16
9 39
10 26
11 27
12 21
13 10
14 11
15 41
16 28
17 25
18 45
19 42
20 46
21 12
22 29
23 24
24 20
25 4
26 2
27 34
28 15
29 8
30 33
31 0
32 43
33 14
34 9
35 32
36 23
37 13
38 30
39 18
40 1
41 17
42 22
43 5
44 19
45 31
46 6
47 48
48 40
SIMILAR

25 33 4 48 40 29 22 2 32 20 46 34 12 31 23 6 45 8 47 16 41 1 36 14 37 30 35 38 0 5 17 43 26 7 15 3 39 28 27 42 19 13 10 21 44 9 24 18 11 
0 28
1 21
2 7
3 35
4 2
5 29
6 15
7 33
8 17
9 45
10 42
11 48
12 12
13 41
14 23
15 34
16 19
17 30
18 47
19 40
20 9
21 43
22 6
23 14
24 46
25 0
26 32
27 38
28 37
29 5
30 25
31 13
32 8
33 1
34 11
35 26
36 22
37 24
38 27
39 36
40 4
41 20
42 39
43 31
44 44
45 16
46 10
47 18
48 3
SIMILAR

29 26 9 38 22 0 19 43 28 3 11 15 47 10 14 17 33 45 13 5 40 23 16 2 36 18 30 12 34 1 42 27 25 32 37 31 48 6 20 41 35 8 21 46 4 39 7 44 24 
0 5
1 29
2 23
3 9
4 44
5 19
6 37
7 46
8 41
9 2
10 13
11 10
12 27
13 18
14 14
15 11
16 22
17 15
18 25
19 6
20 38
21 42
22 4
23 21
24 48
25 32
26 1
27 31
28 8
29 0
30 26
31 35
32 33
33 16
34 28
35 40
36 24
37 34
38 3
39 45
40 20
41 39
42 30
43 7
44 47
45 17
46 43
47 12
48 36
SIMILAR

10 36 22 34 21 1 48 24 14 27 30 6 42 0 9 29 11 3 38 33 41 43 20 31 35 25 26 18 47 12 28 7 40 2 16 44 37 15 4 17 46 45 13 5 39 23 32 19 8 
0 13
1 5
2 33
3 17
4 38
5 43
6 11
7 31
8 48
9 14
10 0
11 16
12 29
13 42
14 8
15 37
16 34
17 39
18 27
19 47
20 22
21 4
22 2
23 45
24 7
25 25
26 26
27 9
28 30
29 15
30 10
31 23
32 46
33 19
34 3
35 24
36 1
37 36
38 18
39 44
40 32
41 20
42 12
43 21
44 35
45 41
46 40
47 28
48 6
SIMILAR

0 46 43 25 9 47 27 16 32 41 34 35 15 26 21 23 44 3 20 29 48 19 2 30 6 18 37 45 5 4 8 24 7 22 1 10 36 38 17 31 13 12 33 11 40 28 14 42 39 
0 0
1 34
2 22
3 17
4 29
5 28
6 24
7 32
8 30
9 4
10 35
11 43
12 41
13 40
14 46
15 12
16 7
17 38
18 25
19 21
20 18
21 14
22 33
23 15
24 31
25 3
26 13
27 6
28 45
29 19
30 23
31 39
32 8
33 42
34 10
35 11
36 36
37 26
38 37
39 48
40 44
41 9
42 47
43 2
44 16
45 27
46 1
47 5
48 20
SIMILAR

32 15 4 30 7 12 22 25 36 11 42 24 27 28 13 35 47 10 5 6 40 23 8 33 29 14 20 38 44 2 39 0 34 1 41 37 21 3 16 46 43 31 18 45 48 26 17 19 9 
0 31
1 33
2 29
3 37
4 2
5 18
6 19
7 4
8 22
9 48
10 17
11 9
12 5
13 14
14 25
15 1
16 38
17 46
18 42
19 47
20 26
21 36
22 6
23 21
24 11
25 7
26 45
27 12
28 13
29 24
30 3
31 41
32 0
33 23
34 32
35 15
36 8
37 35
38 27
39 30
40 20
41 34
42 10
43 40
44 28
45 43
46 39
47 16
48 44
SIMILAR

43 11 3 48 34 32 39 44 1 15 28 10 9 12 30 31 19 14 2 8 35 45 20 4 37 29 33 16 6 23 25 17 24 22 18 36 40 13 38 7 5 41 26 42 27 0 47 21 46 
0 45
1 8
2 18
3 2
4 23
5 40
6 28
7 39
8 19
9 12
10 11
11 1
12 13
13 37
14 17
15 9
16 27
17 31
18 34
19 16
20 22
21 47
22 33
23 29
24 32
25 30
26 42
27 44
28 10
29 25
30 14
31 15
32 5
33 26
34 4
35 20
36 35
37 24
38 38
39 6
40 36
41 41
42 43
43 0
44 7
45 21
46 48
47 46
48 3
SIMILAR

44 41 37 18 32 20 12 27 10 21 16 9 45 29 19 8 31 30 38 35 6 23 2 17 3 34 5 4 14 1 24 7 0 28 22 46 40 33 13 26 48 43 42 36 11 25 47 15 39 
0 32
1 29
2 22
3 24
4 27
5 26
6 20
7 31
8 15
9 11
10 8
11 44
12 6
13 38
14 28
15 47
16 10
17 23
18 3
19 14
20 5
21 9
22 34
23 21
24 30
25 45
26 39
27 7
28 33
29 13
30 17
31 16
32 4
33 37
34 25
35 19
36 43
37 2
38 18
39 48
40 36
41 1
42 42
43 41
44 0
45 12
46 35
47 46
48 40
SIMILAR

30 6 32 2 45 13 21 44 37 24 10 35 31 9 36 47 22 16 14 17 38 40 8 33 46 43 27 23 7 29 1 25 12 34 3 19 20 48 0 18 4 26 5 15 11 41 39 42 28 
0 38
1 30
2 3
3 34
4 40
5 42
6 1
7 28
8 22
9 13
10 10
11 44
12 32
13 5
14 18
15 43
16 17
17 19
18 39
19 35
20 36
21 6
22 16
23 27
24 9
25 31
26 41
27 26
28 48
29 29
30 0
31 12
32 2
33 23
34 33
35 11
36 14
37 8
38 20
39 46
40 21
41 45
42 47
43 25
44 7
45 4
46 24
47 15
48 37
SIMILAR

44 34 46 21 16 47 2 39 19 40 4 7 5 29 32 26 28 27 45 24 13 42 38 22 17 11 48 41 6 10 3 9 0 14 31 36 15 43 20 8 1 35 23 12 18 33 25 37 30 
0 32
1 40
2 6
3 30
4 10
5 12
6 28
7 11
8 39
9 31
10 29
11 25
12 43
13 20
14 33
15 36
16 4
17 24
18 44
19 8
20 38
21 3
22 23
23 42
24 19
25 46
26 15
27 17
28 16
29 13
30 48
31 34
32 14
33 45
34 1
35 41
36 35
37 47
38 22
39 7
40 9
41 27
42 21
43 37
44 0
45 18
46 2
47 5
48 26
SIMILAR

13 44 24 25 39 33 32 30 29 5 7 0 19 36 45 1 10 23 2 37 21 12 40 43 28 46 8 35 38 20 34 3 42 22 6 31 18 26 11 27 4 16 47 14 17 9 41 48 15 
0 11
1 15
2 18
3 31
4 40
5 9
6 34
7 10
8 26
9 45
10 16
11 38
12 21
13 0
14 43
15 48
16 41
17 44
18 36
19 12
20 29
21 20
22 33
23 17
24 2
25 3
26 37
27 39
28 24
29 8
30 7
31 35
32 6
33 5
34 30
35 27
36 13
37 19
38 28
39 4
40 22
41 46
42 32
43 23
44 1
45 14
46 25
47 42
48 47
SIMILAR

29 41 25 46 0 17 5 27 7 38 43 9 8 3 22 37 34 11 44 16 23 33 1 47 13 20 24 6 42 39 45 19 10 14 40 35 15 21 31 4 32 2 48 30 36 26 12 18 28 
0 4
1 22
2 41
3 13
4 39
5 6
6 27
7 8
8 12
9 11
10 32
11 17
12 46
13 24
14 33
15 36
16 19
17 5
18 47
19 31
20 25
21 37
22 14
23 20
24 26
25 2
26 45
27 7
28 48
29 0
30 43
31 38
32 40
33 21
34 16
35 35
36 44
37 15
38 9
39 29
40 34
41 1
42 28
43 10
44 18
45 30
46 3
47 23
48 42
SIMILAR

39 8 7 43 41 10 19 31 34 32 26 25 35 6 28 13 5 24 36 30 37 14 48 18 2 27 4 45 47 15 1 22 17 38 21 29 12 42 46 3 33 40 9 23 11 16 20 44 0 
0 48
1 30
2 24
3 39
4 26
5 16
6 13
7 2
8 1
9 42
10 5
11 44
12 36
13 15
14 21
15 29
16 45
17 32
18 23
19 6
20 46
21 34
22 31
23 43
24 17
25 11
26 10
27 25
28 14
29 35
30 19
31 7
32 9
33 40
34 8
35 12
36 18
37 20
38 33
39 0
40 41
41 4
42 37
43 3
44 47
45 27
46 38
47 28
48 22
SIMILAR

17 14 7 30 19 25 41 10 22 5 45 48 16 33 9 2 29 15 43 35 1 42 38 46 27 11 4 26 12 18 28 36 31 6 13 8 37 20 39 23 32 0 47 3 21 40 44 24 34 
0 41
1 20
2 15
3 43
4 26
5 9
6 33
7 2
8 35
9 14
10 7
11 25
12 28
13 34
14 1
15 17
16 12
17 0
18 29
19 4
20 37
21 44
22 8
23 39
24 47
25 5
26 27
27 24
28 30
29 16
30 3
31 32
32 40
33 13
34 48
35 19
36 31
37 36
38 22
39 38
40 45
41 6
42 21
43 18
44 46
45 10
46 23
47 42
48 11
SIMILAR

22 1 48 3 38 46 34 20 36 19 18 23 26 45 2 13 47 17 6 43 21 12 28 37 24 25 7 14 4 35 30 0 32 39 42 8 29 31 5 11 41 40 33 15 44 16 10 9 27 
0 31
1 1
2 14
3 3
4 28
5 38
6 18
7 26
8 35
9 47
10 46
11 39
12 21
13 15
14 27
15 43
16 45
17 17
18 10
19 9
20 7
21 20
22 0
23 11
24 24
25 25
26 12
27 48
28 22
29 36
30 30
31 37
32 32
33 42
34 6
35 29
36 8
37 23
38 4
39 33
40 41
41 40
42 34
43 19
44 44
45 13
46 5
47 16
48 2
SIMILAR

29 34 7 10 28 14 22 47 35 36 24 5 33 15 38 16 0 43 18 40 23 3 17 27 26 42 1 13 37 6 4 39 48 46 30 45 2 20 19 25 8 12 9 21 31 44 32 11 41 
0 16
1 26
2 36
3 21
4 30
5 11
6 29
7 2
8 40
9 42
10 3
11 47
12 41
13 27
14 5
15 13
16 15
17 22
18 18
19 38
20 37
21 43
22 6
23 20
24 10
25 39
26 24
27 23
28 4
29 0
30 34
31 44
32 46
33 12
34 1
35 8
36 9
37 28
38 14
39 31
40 19
41 48
42 25
43 17
44 45
45 35
46 33
47 7
48 32
SIMILAR

10 31 25 5 17 18 16 14 26 11 2 19 29 15 0 35 46 6 41 7 48 9 47 3 44 28 33 8 20 21 1 45 4 40 37 23 39 27 13 42 43 32 38 34 22 36 12 30 24 
0 14
1 30
2 10
3 23
4 32
5 3
6 17
7 19
8 27
9 21
10 0
11 9
12 46
13 38
14 7
15 13
16 6
17 4
18 5
19 11
20 28
21 29
22 44
23 35
24 48
25 2
26 8
27 37
28 25
29 12
30 47
31 1
32 41
33 26
34 43
35 15
36 45
37 34
38 42
39 36
40 33
41 18
42 39
43 40
44 24
45 31
46 16
47 22
48 20
SIMILAR

15 3 31 37 18 44 47 29 16 22 20 0 25 17 5 13 41 30 26 14 38 8 7 48 42 28 19 35 2 45 1 24 36 34 21 9 27 40 6 4 46 10 39 43 32 11 12 23 33 
0 11
1 30
2 28
3 1
4 39
5 14
6 38
7 22
8 21
9 35
10 41
11 45
12 46
13 15
14 19
15 0
16 8
17 13
18 4
19 26
20 10
21 34
22 9
23 47
24 31
25 12
26 18
27 36
28 25
29 7
30 17
31 2
32 44
33 48
34 33
35 27
36 32
37 3
38 20
39 42
40 37
41 16
42 24
43 43
44 5
45 29
46 40
47 6
48 23
SIMILAR

25 28 44 23 32 40 3 20 26 8 11 46 36 9 48 16 7 6 5 24 30 15 42 31 13 38 21 45 2 43 10 27 37 35 14 17 29 39 22 47 18 0 33 19 34 4 41 12 1 
0 41
1 48
2 28
3 6
4 45
5 18
6 17
7 16
8 9
9 13
10 30
11 10
12 47
13 24
14 34
15 21
16 15
17 35
18 40
19 43
20 7
21 26
22 38
23 3
24 19
25 0
26 8
27 31
28 1
29 36
30 20
31 23
32 4
33 42
34 44
35 33
36 12
37 32
38 25
39 37
40 5
41 46
42 22
43 29
44 2
45 27
46 11
47 39
48 14
SIMILAR

12 9 23 29 30 2 27 41 33 13 21 5 18 8 25 20 11 26 0 3 39 14 48 36 16 34 28 44 38 32 10 7 22 42 31 37 6 43 45 46 19 35 1 40 15 17 4 47 24 
0 18
1 42
2 5
3 19
4 46
5 11
6 36
7 31
8 13
9 1
10 30
11 16
12 0
13 9
14 21
15 44
16 24
17 45
18 12
19 40
20 15
21 10
22 32
23 2
24 48
25 14
26 17
27 6
28 26
29 3
30 4
31 34
32 29
33 8
34 25
35 41
36 23
37 35
38 28
39 20
40 43
41 7
42 33
43 37
44 27
45 38
46 39
47 47
48 22
SIMILAR

7 34 31 6 21 0 17 19 14 36 39 37 3 5 8 42 12 24 47 15 29 41 33 28 2 4 30 38 11 35 46 48 9 18 43 20 13 22 23 27 10 1 45 32 16 44 40 25 26 
0 5
1 41
2 24
3 12
4 25
5 13
6 3
7 0
8 14
9 32
10 40
11 28
12 16
13 36
14 8
15 19
16 44
17 6
18 33
19 7
20 35
21 4
22 37
23 38
24 17
25 47
26 48
27 39
28 23
29 20
30 26
31 2
32 43
33 22
34 1
35 29
36 9
37 11
38 27
39 10
40 46
41 21
42 15
43 34
44 45
45 42
46 30
47 18
48 31
SIMILAR

31 16 11 38 27 32 28 5 29 47 42 45 6 9 41 0 13 25 21 19 37 2 20 14 10 44 35 8 22 40 36 7 30 4 17 26 23 18 33 39 12 34 46 43 3 1 15 48 24 
0 15
1 45
2 21
3 44
4 33
5 7
6 12
7 31
8 27
9 13
10 24
11 2
12 40
13 16
14 23
15 46
16 1
17 34
18 37
19 19
20 22
21 18
22 28
23 36
24 48
25 17
26 35
27 4
28 6
29 8
30 32
31 0
32 5
33 38
34 41
35 26
36 30
37 20
38 3
39 39
40 29
41 14
42 10
43 43
44 25
45 11
46 42
47 9
48 47
SIMILAR

42 23 36 10 34 12 44 33 28 45 38 13 0 14 30 43 48 41 20 24 25 8 40 16 19 5 11 47 27 21 32 29 31 2 18 15 26 46 7 4 1 17 22 37 3 39 6 9 35 
0 12
1 40
2 33
3 44
4 39
5 25
6 46
7 38
8 21
9 47
10 3
11 26
12 5
13 11
14 13
15 35
16 23
17 41
18 34
19 24
20 18
21 29
22 42
23 1
24 19
25 20
26 36
27 28
28 8
29 31
30 14
31 32
32 30
33 7
34 4
35 48
36 2
37 43
38 10
39 45
40 22
41 17
42 0
43 15
44 6
45 9
46 37
47 27
48 16
SIMILAR

48 29 10 26 16 47 4 15 6 30 32 17 19 37 20 18 9 0 33 45 8 35 3 14 23 25 38 36 1 2 31 28 11 40 22 34 21 12 44 46 13 41 24 43 7 27 39 42 5 
0 17
1 28
2 29
3 22
4 6
5 48
6 8
7 44
8 20
9 16
10 2
11 32
12 37
13 40
14 23
15 7
16 4
17 11
18 15
19 12
20 14
21 36
22 34
23 24
24 42
25 25
26 3
27 45
28 31
29 1
30 9
31 30
32 10
33 18
34 35
35 21
36 27
37 13
38 26
39 46
40 33
41 41
42 47
43 43
44 38
45 19
46 39
47 5
48 0
SIMILAR

31 1 7 13 24 46 9 21 11 12 16 27 29 41 47 23 25 37 5 3 40 17 44 10 30 42 14 0 20 38 18 6 35 19 2 4 36 34 15 48 22 26 39 8 45 43 33 28 32 
0 27
1 1
2 34
3 19
4 35
5 18
6 31
7 2
8 43
9 6
10 23
11 8
12 9
13 3
14 26
15 38
16 10
17 21
18 30
19 33
20 28
21 7
22 40
23 15
24 4
25 16
26 41
27 11
28 47
29 12
30 24
31 0
32 48
33 46
34 37
35 32
36 36
37 17
38 29
39 42
40 20
41 13
42 25
43 45
44 22
45 44
46 5
47 14
48 39
SIMILAR

24 31 16 37 8 19 18 48 30 36 42 7 11 45 17 23 13 41 26 29 1 47 34 39 21 25 3 28 33 44 46 2 22 20 12 5 35 14 10 15 32 9 0 4 27 38 43 40 6 
0 42
1 20
2 31
3 26
4 43
5 35
6 48
7 11
8 4
9 41
10 38
11 12
12 34
13 16
14 37
15 39
16 2
17 14
18 6
19 5
20 33
21 24
22 32
23 15
24 0
25 25
26 18
27 44
28 27
29 19
30 8
31 1
32 40
33 28
34 22
35 36
36 9
37 3
38 45
39 23
40 47
41 17
42 10
43 46
44 29
45 13
46 30
47 21
48 7
SIMILAR

34 46 5 38 47 0 29 6 27 17 1 19 41 42 36 3 12 44 4 7 21 15 37 26 10 39 13 14 28 8 32 23 48 43 11 9 33 35 40 31 18 24 2 22 45 25 16 20 30 
0 5
1 10
2 42
3 15
4 18
5 2
6 7
7 19
8 29
9 35
10 24
11 34
12 16
13 26
14 27
15 21
16 46
17 9
18 40
19 11
20 47
21 20
22 43
23 31
24 41
25 45
26 23
27 8
28 28
29 6
30 48
31 39
32 30
33 36
34 0
35 37
36 14
37 22
38 3
39 25
40 38
41 12
42 13
43 33
44 17
45 44
46 1
47 4
48 32
SIMILAR

34 35 29 1 23 13 40 25 44 16 30 15 20 14 9 43 37 36 21 2 27 11 41 46 31 45 32 39 6 24 38 28 42 17 10 5 0 3 22 48 19 4 12 18 26 7 47 8 33 
0 36
1 3
2 19
3 37
4 41
5 35
6 28
7 45
8 47
9 14
10 34
11 21
12 42
13 5
14 13
15 11
16 9
17 33
18 43
19 40
20 12
21 18
22 38
23 4
24 29
25 7
26 44
27 20
28 31
29 2
30 10
31 24
32 26
33 48
34 0
35 1
36 17
37 16
38 30
39 27
40 6
41 22
42 32
43 15
44 8
45 25
46 23
47 46
48 39
SIMILAR

37 1 30 32 41 5 0 2 45 25 6 28 10 43 29 13 33 12 36 23 31 47 17 18 26 38 24 46 8 11 44 7 40 35 4 42 34 20 48 3 39 14 22 27 21 15 19 16 9 
0 6
1 1
2 7
3 39
4 34
5 5
6 10
7 31
8 28
9 48
10 12
11 29
12 17
13 15
14 41
15 45
16 47
17 22
18 23
19 46
20 37
21 44
22 42
23 19
24 26
25 9
26 24
27 43
28 11
29 14
30 2
31 20
32 3
33 16
34 36
35 33
36 18
37 0
38 25
39 40
40 32
41 4
42 35
43 13
44 30
45 8
46 27
47 21
48 38
SIMILAR

28 47 0 15 10 38 33 18 30 9 25 13 43 31 42 35 17 12 48 21 22 7 37 44 41 29 4 19 27 1 11 8 32 16 20 40 45 36 6 14 39 23 34 26 3 24 46 5 2 
0 2
1 29
2 48
3 44
4 26
5 47
6 38
7 21
8 31
9 9
10 4
11 30
12 17
13 11
14 39
15 3
16 33
17 16
18 7
19 27
20 34
21 19
22 20
23 41
24 45
25 10
26 43
27 28
28 0
29 25
30 8
31 13
32 32
33 6
34 42
35 15
36 37
37 22
38 5
39 40
40 35
41 24
42 14
43 12
44 23
45 36
46 46
47 1
48 18
SIMILAR

46 35 27 38 19 6 24 9 48 44 16 41 12 29 3 37 14 42 28 15 32 17 5 36 18 11 40 20 30 43 26 13 31 4 25 23 0 1 33 47 45 7 21 34 2 8 39 22 10 
0 36
1 37
2 44
3 14
4 33
5 22
6 5
7 41
8 45
9 7
10 48
11 25
12 12
13 31
14 16
15 19
16 10
17 21
18 24
19 4
20 27
21 42
22 47
23 35
24 6
25 34
26 30
27 2
28 18
29 13
30 28
31 32
32 20
33 38
34 43
35 1
36 23
37 15
38 3
39 46
40 26
41 11
42 17
43 29
44 9
45 40
46 0
47 39
48 8
SIMILAR

26 32 39 35 47 28 1 33 13 9 8 37 19 7 40 15 48 22 31 17 2 3 43 36 21 29 42 45 34 30 5 20 10 27 6 41 24 18 44 0 11 12 38 4 23 46 25 16 14 
0 39
1 6
2 20
3 21
4 43
5 30
6 34
7 13
8 10
9 9
10 32
11 40
12 41
13 8
14 48
15 15
16 47
17 19
18 37
19 12
20 31
21 24
22 17
23 44
24 36
25 46
26 0
27 33
28 5
29 25
30 29
31 18
32 1
33 7
34 28
35 3
36 23
37 11
38 42
39 2
40 14
41 35
42 26
43 22
44 38
45 27
46 45
47 4
48 16
SIMILAR

42 8 27 17 4 32 13 6 39 21 29 5 23 44 41 12 46 25 2 7 40 35 22 36 16 30 26 45 47 48 10 37 3 28 43 19 38 24 34 0 14 31 15 11 9 18 33 20 1 
0 39
1 48
2 18
3 32
4 4
5 11
6 7
7 19
8 1
9 44
10 30
11 43
12 15
13 6
14 40
15 42
16 24
17 3
18 45
19 35
20 47
21 9
22 22
23 12
24 37
25 17
26 26
27 2
28 33
29 10
30 25
31 41
32 5
33 46
34 38
35 21
36 23
37 31
38 36
39 8
40 20
41 14
42 0
43 34
44 13
45 27
46 16
47 28
48 29
SIMILAR

48 35 47 5 4 42 45 44 30 25 1 46 10 9 21 39 38 12 11 22 20 32 41 7 16 37 36 40 29 43 24 28 18 0 15 31 34 6 33 8 14 17 27 2 19 23 13 26 3 
0 33
1 10
2 43
3 48
4 4
5 3
6 37
7 23
8 39
9 13
10 12
11 18
12 17
13 46
14 40
15 34
16 24
17 41
18 32
19 44
20 20
21 14
22 19
23 45
24 30
25 9
26 47
27 42
28 31
29 28
30 8
31 35
32 21
33 38
34 36
35 1
36 26
37 25
38 16
39 15
40 27
41 22
42 5
43 29
44 7
45 6
46 11
47 2
48 0
SIMILAR

9 34 28 4 11 20 48 15 27 29 5 36 33 24 35 44 43 1 42 2 26 22 46 41 18 40 47 32 6 8 39 21 12 16 19 38 37 10 0 17 13 3 31 14 30 25 45 23 7 
0 38
1 17
2 19
3 41
4 3
5 10
6 28
7 48
8 29
9 0
10 37
11 4
12 32
13 40
14 43
15 7
16 33
17 39
18 24
19 34
20 5
21 31
22 21
23 47
24 13
25 45
26 20
27 8
28 2
29 9
30 44
31 42
32 27
33 12
34 1
35 14
36 11
37 36
38 35
39 30
40 25
41 23
42 18
43 16
44 15
45 46
46 22
47 26
48 6
SIMILAR

34 16 36 11 4 31 41 23 33 45 1 40 20 15 48 6 13 21 43 5 46 25 24 29 30 39 18 44 32 22 27 10 35 12 26 37 0 17 28 7 3 9 2 14 47 19 42 8 38 
0 36
1 10
2 42
3 40
4 4
5 19
6 15
7 39
8 47
9 41
10 31
11 3
12 33
13 16
14 43
15 13
16 1
17 37
18 26
19 45
20 12
21 17
22 29
23 7
24 22
25 21
26 34
27 30
28 38
29 23
30 24
31 5
32 28
33 8
34 0
35 32
36 2
37 35
38 48
39 25
40 11
41 6
42 46
43 18
44 27
45 9
46 20
47 44
48 14
SIMILAR

43 39 26 21 25 29 20 34 1 0 4 32 41 30 24 7 33 28 19 36 38 12 18 23 17 6 3 40 48 10 16 45 44 11 9 42 47 31 5 22 15 27 13 8 35 46 2 37 14 
0 9
1 8
2 46
3 26
4 10
5 38
6 25
7 15
8 43
9 34
10 29
11 33
12 21
13 42
14 48
15 40
16 30
17 24
18 22
19 18
20 6
21 3
22 39
23 23
24 14
25 4
26 2
27 41
28 17
29 5
30 13
31 37
32 11
33 16
34 7
35 44
36 19
37 47
38 20
39 1
40 27
41 12
42 35
43 0
44 32
45 31
46 45
47 36
48 28
SIMILAR

43 5 38 15 44 3 41 12 20 23 0 8 29 9 37 7 31 6 46 28 10 25 48 19 21 32 26 18 22 42 39 14 34 13 35 30 1 47 16 36 4 33 17 2 11 45 40 24 27 
0 10
1 36
2 43
3 5
4 40
5 1
6 17
7 15
8 11
9 13
10 20
11 44
12 7
13 33
14 31
15 3
16 38
17 42
18 27
19 23
20 8
21 24
22 28
23 9
24 47
25 21
26 26
27 48
28 19
29 12
30 35
31 16
32 25
33 41
34 32
35 34
36 39
37 14
38 2
39 30
40 46
41 6
42 29
43 0
44 4
45 45
46 18
47 37
48 22
SIMILAR

2 42 3 32 35 39 41 7 31 12 15 22 13 1 23 8 21 46 25 24 45 30 43 16 10 11 9 26 34 6 4 17 48 37 40 14 47 18 44 33 28 0 36 29 27 5 38 20 19 
0 41
1 13
2 0
3 2
4 30
5 45
6 29
7 7
8 15
9 26
10 24
11 25
12 9
13 12
14 35
15 10
16 23
17 31
18 37
19 48
20 47
21 16
22 11
23 14
24 19
25 18
26 27
27 44
28 40
29 43
30 21
31 8
32 3
33 39
34 28
35 4
36 42
37 33
38 46
39 5
40 34
41 6
42 1
43 22
44 38
45 20
46 17
47 36
48 32
SIMILAR

47 2 37 6 30 12 17 19 18 22 11 4 27 24 35 32 0 20 36 40 8 23 1 13 38 33 3 46 9 15 26 48 34 45 28 39 10 21 42 41 25 31 43 29 5 16 44 14 7 
0 16
1 22
2 1
3 26
4 11
5 44
6 3
7 48
8 20
9 28
10 36
11 10
12 5
13 23
14 47
15 29
16 45
17 6
18 8
19 7
20 17
21 37
22 9
23 21
24 13
25 40
26 30
27 12
28 34
29 43
30 4
31 41
32 15
33 25
34 32
35 14
36 18
37 2
38 24
39 35
40 19
41 39
42 38
43 42
44 46
45 33
46 27
47 0
48 31
SIMILAR

38 29 11 47 37 4 7 13 3 39 41 12 17 2 25 21 10 32 16 45 20 18 28 40 48 6 30 44 15 1 46 36 14 34 35 19 24 43 0 27 22 23 26 8 33 31 5 9 42 
0 38
1 29
2 13
3 8
4 5
5 46
6 25
7 6
8 43
9 47
10 16
11 2
12 11
13 7
14 32
15 28
16 18
17 12
18 21
19 35
20 20
21 15
22 40
23 41
24 36
25 14
26 42
27 39
28 22
29 1
30 26
31 45
32 17
33 44
34 33
35 34
36 31
37 4
38 0
39 9
40 23
41 10
42 48
43 37
44 27
45 19
46 30
47 3
48 24
SIMILAR

20 46 33 38 21 48 31 1 3 45 42 9 27 12 47 14 37 43 35 44 19 39 36 11 2 22 28 15 0 16 30 18 26 17 23 5 24 13 41 25 29 7 4 10 40 6 32 8 34 
0 28
1 7
2 24
3 8
4 42
5 35
6 45
7 41
8 47
9 11
10 43
11 23
12 13
13 37
14 15
15 27
16 29
17 33
18 31
19 20
20 0
21 4
22 25
23 34
24 36
25 39
26 32
27 12
28 26
29 40
30 30
31 6
32 46
33 2
34 48
35 18
36 22
37 16
38 3
39 21
40 44
41 38
42 10
43 17
44 19
45 9
46 1
47 14
48 5
SIMILAR

6 37 12 46 9 41 27 31 19 21 10 44 22 42 29 16 40 39 48 33 7 25 8 23 47 14 38 20 4 3 17 43 5 34 15 18 13 28 24 1 2 26 11 35 0 45 32 30 36 
0 44
1 39
2 40
3 29
4 28
5 32
6 0
7 20
8 22
9 4
10 10
11 42
12 2
13 36
14 25
15 34
16 15
17 30
18 35
19 8
20 27
21 9
22 12
23 23
24 38
25 21
26 41
27 6
28 37
29 14
30 47
31 7
32 46
33 19
34 33
35 43
36 48
37 1
38 26
39 17
40 16
41 5
42 13
43 31
44 11
45 45
46 3
47 24
48 18
SIMILAR

26 38 47 32 15 30 29 46 6 19 11 8 21 37 9 42 1 33 17 44 16 35 4 27 13 7 43 23 12 36 31 0 5 41 39 45 2 24 25 3 48 40 22 28 34 14 10 18 20 
0 31
1 16
2 36
3 39
4 22
5 32
6 8
7 25
8 11
9 14
10 46
11 10
12 28
13 24
14 45
15 4
16 20
17 18
18 47
19 9
20 48
21 12
22 42
23 27
24 37
25 38
26 0
27 23
28 43
29 6
30 5
31 30
32 3
33 17
34 44
35 21
36 29
37 13
38 1
39 34
40 41
41 33
42 15
43 26
44 19
45 35
46 7
47 2
48 40
SIMILAR

41 39 47 38 11 32 29 6 40 48 22 37 14 7 9 1 2 44 13 8 20 5 25 16 23 30 19 3 43 31 28 12 27 35 18 34 21 46 15 24 0 17 42 26 33 10 36 4 45 
0 40
1 15
2 16
3 27
4 47
5 21
6 7
7 13
8 19
9 14
10 45
11 4
12 31
13 18
14 12
15 38
16 23
17 41
18 34
19 26
20 20
21 36
22 10
23 24
24 39
25 22
26 43
27 32
28 30
29 6
30 25
31 29
32 5
33 44
34 35
35 33
36 46
37 11
38 3
39 1
40 8
41 0
42 42
43 28
44 17
45 48
46 37
47 2
48 9
SIMILAR

6 5 36 7 24 15 32 8 31 3 45 38 27 2 42 18 44 47 29 35 0 43 22 11 19 20 10 30 12 1 46 28 21 39 40 9 26 17 23 13 25 37 33 48 4 16 34 41 14 
0 20
1 29
2 13
3 9
4 44
5 1
6 0
7 3
8 7
9 35
10 26
11 23
12 28
13 39
14 48
15 5
16 45
17 37
18 15
19 24
20 25
21 32
22 22
23 38
24 4
25 40
26 36
27 12
28 31
29 18
30 27
31 8
32 6
33 42
34 46
35 19
36 2
37 41
38 11
39 33
40 34
41 47
42 14
43 21
44 16
45 10
46 30
47 17
48 43
SIMILAR

38 10 28 25 29 4 31 9 20 8 5 42 44 35 7 2 22 46 23 15 18 19 6 14 32 1 21 37 39 30 12 17 3 13 47 36 34 48 45 43 24 40 16 27 0 41 11 26 33 
0 44
1 25
2 15
3 32
4 5
5 10
6 22
7 14
8 9
9 7
10 1
11 46
12 30
13 33
14 23
15 19
16 42
17 31
18 20
19 21
20 8
21 26
22 16
23 18
24 40
25 3
26 47
27 43
28 2
29 4
30 29
31 6
32 24
33 48
34 36
35 13
36 35
37 27
38 0
39 28
40 41
41 45
42 11
43 39
44 12
45 38
46 17
47 34
48 37
SIMILAR

6 29 16 45 19 35 13 37 7 0 18 28 14 3 9 1 11 43 15 27 22 5 41 32 42 25 26 2 23 46 40 30 47 38 20 33 24 17 34 12 44 8 4 31 21 10 36 39 48 
0 9
1 15
2 27
3 13
4 42
5 21
6 0
7 8
8 41
9 14
10 45
11 16
12 39
13 6
14 12
15 18
16 2
17 37
18 10
19 4
20 34
21 44
22 20
23 28
24 36
25 25
26 26
27 19
28 11
29 1
30 31
31 43
32 23
33 35
34 38
35 5
36 46
37 7
38 33
39 47
40 30
41 22
42 24
43 17
44 40
45 3
46 29
47 32
48 48
SIMILAR

28 36 12 10 24 0 39 11 22 1 25 9 26 46 32 18 44 6 40 5 30 3 4 29 19 27 37 33 35 8 47 42 16 21 34 38 2 23 41 31 43 17 13 48 15 7 20 45 14 
0 5
1 9
2 36
3 21
4 22
5 19
6 17
7 45
8 29
9 11
10 3
11 7
12 2
13 42
14 48
15 44
16 32
17 41
18 15
19 24
20 46
21 33
22 8
23 37
24 4
25 10
26 12
27 25
28 0
29 23
30 20
31 39
32 14
33 27
34 34
35 28
36 1
37 26
38 35
39 6
40 18
41 38
42 31
43 40
44 16
45 47
46 13
47 30
48 43
SIMILAR

41 30 15 23 5 35 12 48 0 47 18 38 26 14 9 31 34 7 40 6 1 27 39 25 43 19 10 29 16 32 28 21 3 37 22 20 24 46 44 45 13 8 2 36 17 4 33 11 42 
0 8
1 20
2 42
3 32
4 45
5 4
6 19
7 17
8 41
9 14
10 26
11 47
12 6
13 40
14 13
15 2
16 28
17 44
18 10
19 25
20 35
21 31
22 34
23 3
24 36
25 23
26 12
27 21
28 30
29 27
30 1
31 15
32 29
33 46
34 16
35 5
36 43
37 33
38 11
39 22
40 18
41 0
42 48
43 24
44 38
45 39
46 37
47 9
48 7
SIMILAR

4 47 40 13 5 1 46 2 11 24 30 38 23 37 7 10 25 6 36 21 22 3 17 44 48 26 34 20 8 41 28 15 0 29 39 18 35 31 9 27 32 33 43 45 14 42 19 16 12 
0 32
1 5
2 7
3 21
4 0
5 4
6 17
7 14
8 28
9 38
10 15
11 8
12 48
13 3
14 44
15 31
16 47
17 22
18 35
19 46
20 27
21 19
22 20
23 12
24 9
25 16
26 25
27 39
28 30
29 33
30 10
31 37
32 40
33 41
34 26
35 36
36 18
37 13
38 11
39 34
40 2
41 29
42 45
43 42
44 23
45 43
46 6
47 1
48 24
SIMILAR

8 12 27 20 45 37 26 23 43 42 36 19 48 38 13 6 21 11 47 41 9 32 35 22 39 15 10 40 16 5 1 25 33 7 4 18 44 28 46 0 17 30 29 34 31 24 2 14 3 
0 39
1 30
2 46
3 48
4 34
5 29
6 15
7 33
8 0
9 20
10 26
11 17
12 1
13 14
14 47
15 25
16 28
17 40
18 35
19 11
20 3
21 16
22 23
23 7
24 45
25 31
26 6
27 2
28 37
29 42
30 41
31 44
32 21
33 32
34 43
35 22
36 10
37 5
38 13
39 24
40 27
41 19
42 9
43 8
44 36
45 4
46 38
47 18
48 12
SIMILAR

0 34 29 15 21 25 12 48 5 27 46 36 43 13 16 28 39 37 31 2 11 47 41 19 20 40 38 1 33 24 30 3 26 6 18 17 9 42 44 8 7 23 4 32 22 35 45 10 14 
0 0
1 27
2 19
3 31
4 42
5 8
6 33
7 40
8 39
9 36
10 47
11 20
12 6
13 13
14 48
15 3
16 14
17 35
18 34
19 23
20 24
21 4
22 44
23 41
24 29
25 5
26 32
27 9
28 15
29 2
30 30
31 18
32 43
33 28
34 1
35 45
36 11
37 17
38 26
39 16
40 25
41 22
42 37
43 12
44 38
45 46
46 10
47 21
48 7
SIMILAR

11 19 5 21 34 46 25 0 4 14 2 8 48 22 45 30 38 29 7 36 16 13 3 39 1 23 28 32 17 41 10 44 31 33 37 24 43 20 40 9 6 42 47 35 12 18 27 26 15 
0 7
1 24
2 10
3 22
4 8
5 2
6 40
7 18
8 11
9 39
10 30
11 0
12 44
13 21
14 9
15 48
16 20
17 28
18 45
19 1
20 37
21 3
22 13
23 25
24 35
25 6
26 47
27 46
28 26
29 17
30 15
31 32
32 27
33 33
34 4
35 43
36 19
37 34
38 16
39 23
40 38
41 29
42 41
43 36
44 31
45 14
46 5
47 42
48 12
SIMILAR

3 29 28 13 31 24 6 39 43 18 35 37 34 23 5 36 1 4 26 16 11 47 42 38 22 27 17 30 20 21 41 7 12 48 25 44 14 0 9 15 40 10 45 32 19 33 2 8 46 
0 37
1 16
2 46
3 0
4 17
5 14
6 6
7 31
8 47
9 38
10 41
11 20
12 32
13 3
14 36
15 39
16 19
17 26
18 9
19 44
20 28
21 29
22 24
23 13
24 5
25 34
26 18
27 25
28 2
29 1
30 27
31 4
32 43
33 45
34 12
35 10
36 15
37 11
38 23
39 7
40 40
41 30
42 22
43 8
44 35
45 42
46 48
47 21
48 33
SIMILAR

15 16 31 33 5 7 0 40 27 37 34 46 30 36 18 3 48 20 8 26 2 23 35 41 28 9 39 19 1 38 25 32 12 21 22 17 6 43 42 24 47 13 29 4 45 11 14 44 10 
0 6
1 28
2 20
3 15
4 43
5 4
6 36
7 5
8 18
9 25
10 48
11 45
12 32
13 41
14 46
15 0
16 1
17 35
18 14
19 27
20 17
21 33
22 34
23 21
24 39
25 30
26 19
27 8
28 24
29 42
30 12
31 2
32 31
33 3
34 10
35 22
36 13
37 9
38 29
39 26
40 7
41 23
42 38
43 37
44 47
45 44
46 11
47 40
48 16
SIMILAR

42 47 43 6 26 22 4 5 33 8 45 0 29 16 10 7 19 37 15 27 40 9 24 11 32 38 2 23 21 30 28 12 1 41 31 17 14 35 39 36 48 25 18 13 34 3 44 20 46 
0 11
1 32
2 26
3 45
4 6
5 7
6 3
7 15
8 9
9 21
10 14
11 23
12 31
13 43
14 36
15 18
16 13
17 35
18 42
19 16
20 47
21 28
22 5
23 27
24 22
25 41
26 4
27 19
28 30
29 12
30 29
31 34
32 24
33 8
34 44
35 37
36 39
37 17
38 25
39 38
40 20
41 33
42 0
43 2
44 46
45 10
46 48
47 1
48 40
SIMILAR

29 43 0 17 42 24 4 19 21 32 14 28 37 47 39 46 26 15 20 34 44 11 6 3 41 27 22 30 25 40 10 1 33 23 38 45 8 2 31 12 9 13 35 7 16 48 18 5 36 
0 2
1 31
2 37
3 23
4 6
5 47
6 22
7 43
8 36
9 40
10 30
11 21
12 39
13 41
14 10
15 17
16 44
17 3
18 46
19 7
20 18
21 8
22 26
23 33
24 5
25 28
26 16
27 25
28 11
29 0
30 27
31 38
32 9
33 32
34 19
35 42
36 48
37 12
38 34
39 14
40 29
41 24
42 4
43 1
44 20
45 35
46 15
47 13
48 45
SIMILAR

24 33 1 14 23 21 27 6 4 45 46 36 39 16 10 41 13 22 0 7 32 12 3 35 25 17 29 44 5 2 37 11 28 40 48 15 42 19 38 20 47 43 31 30 34 8 18 26 9 
0 18
1 2
2 29
3 22
4 8
5 28
6 7
7 19
8 45
9 48
10 14
11 31
12 21
13 16
14 3
15 35
16 13
17 25
18 46
19 37
20 39
21 5
22 17
23 4
24 0
25 24
26 47
27 6
28 32
29 26
30 43
31 42
32 20
33 1
34 44
35 23
36 11
37 30
38 38
39 12
40 33
41 15
42 36
43 41
44 27
45 9
46 10
47 40
48 34
SIMILAR

16 24 7 42 34 6 45 30 17 5 37 14 29 2 22 43 20 35 32 41 28 48 9 25 40 44 26 33 8 39 15 4 1 13 3 36 27 46 12 10 47 21 0 11 19 23 18 31 38 
0 42
1 32
2 13
3 34
4 31
5 9
6 5
7 2
8 28
9 22
10 39
11 43
12 38
13 33
14 11
15 30
16 0
17 8
18 46
19 44
20 16
21 41
22 14
23 45
24 1
25 23
26 26
27 36
28 20
29 12
30 7
31 47
32 18
33 27
34 4
35 17
36 35
37 10
38 48
39 29
40 24
41 19
42 3
43 15
44 25
45 6
46 37
47 40
48 21
SIMILAR

29 8 5 1 38 30 33 26 0 47 22 4 40 12 3 36 41 48 18 24 32 7 37 2 11 21 35 10 6 46 20 19 44 45 14 31 13 17 39 42 28 9 16 43 25 23 34 15 27 
0 8
1 3
2 23
3 14
4 11
5 2
6 28
7 21
8 1
9 41
10 27
11 24
12 13
13 36
14 34
15 47
16 42
17 37
18 18
19 31
20 30
21 25
22 10
23 45
24 19
25 44
26 7
27 48
28 40
29 0
30 5
31 35
32 20
33 6
34 46
35 26
36 15
37 22
38 4
39 38
40 12
41 16
42 39
43 43
44 32
45 33
46 29
47 9
48 17
SIMILAR

26 3 30 45 18 40 34 38 37 19 21 1 13 24 48 32 31 9 27 14 20 22 7 25 44 4 11 12 23 42 8 39 41 28 43 36 29 46 17 2 35 15 0 47 10 16 6 33 5 
0 42
1 11
2 39
3 1
4 25
5 48
6 46
7 22
8 30
9 17
10 44
11 26
12 27
13 12
14 19
15 41
16 45
17 38
18 4
19 9
20 20
21 10
22 21
23 28
24 13
25 23
26 0
27 18
28 33
29 36
30 2
31 16
32 15
33 47
34 6
35 40
36 35
37 8
38 7
39 31
40 5
41 32
42 29
43 34
44 24
45 3
46 37
47 43
48 14
SIMILAR

48 28 40 5 2 12 0 34 23 24 33 25 8 22 20 46 36 43 29 31 26 32 7 19 35 17 15 18 14 13 45 44 30 3 10 9 1 16 39 11 38 4 47 6 21 37 41 42 27 
0 6
1 36
2 4
3 33
4 41
5 3
6 43
7 22
8 12
9 35
10 34
11 39
12 5
13 29
14 28
15 26
16 37
17 25
18 27
19 23
20 14
21 44
22 13
23 8
24 9
25 11
26 20
27 48
28 1
29 18
30 32
31 19
32 21
33 10
34 7
35 24
36 16
37 45
38 40
39 38
40 2
41 46
42 47
43 17
44 31
45 30
46 15
47 42
48 0
SIMILAR

15 24 4 16 22 39 27 28 32 43 47 7 0 13 30 6 8 29 12 35 37 36 10 40 33 19 11 31 45 1 18 44 34 48 14 23 26 2 41 25 21 42 3 17 9 5 20 46 38 
0 12
1 29
2 37
3 42
4 2
5 45
6 15
7 11
8 16
9 44
10 22
11 26
12 18
13 13
14 34
15 0
16 3
17 43
18 30
19 25
20 46
21 40
22 4
23 35
24 1
25 39
26 36
27 6
28 7
29 17
30 14
31 27
32 8
33 24
34 32
35 19
36 21
37 20
38 48
39 5
40 23
41 38
42 41
43 9
44 31
45 28
46 47
47 10
48 33
SIMILAR

27 11 23 18 10 28 20 14 43 48 37 46 31 5 32 26 9 2 12 45 7 40 21 35 42 6 16 3 22 39 47 19 8 44 4 36 38 24 13 41 1 33 25 0 34 15 29 30 17 
0 43
1 40
2 17
3 27
4 34
5 13
6 25
7 20
8 32
9 16
10 4
11 1
12 18
13 38
14 7
15 45
16 26
17 48
18 3
19 31
20 6
21 22
22 28
23 2
24 37
25 42
26 15
27 0
28 5
29 46
30 47
31 12
32 14
33 41
34 44
35 23
36 35
37 10
38 36
39 29
40 21
41 39
42 24
43 8
44 33
45 19
46 11
47 30
48 9
SIMILAR

35 37 45 25 21 20 13 30 8 6 1 7 24 28 26 40 17 47 3 4 38 22 0 19 48 14 16 12 42 33 2 46 11 44 32 31 43 41 15 29 5 10 18 39 23 27 9 36 34 
0 22
1 10
2 30
3 18
4 19
5 40
6 9
7 11
8 8
9 46
10 41
11 32
12 27
13 6
14 25
15 38
16 26
17 16
18 42
19 23
20 5
21 4
22 21
23 44
24 12
25 3
26 14
27 45
28 13
29 39
30 7
31 35
32 34
33 29
34 48
35 0
36 47
37 1
38 20
39 43
40 15
41 37
42 28
43 36
44 33
45 2
46 31
47 17
48 24
SIMILAR

26 36 4 24 15 32 37 1 25 46 30 22 44 23 40 34 9 45 38 3 19 48 47 28 12 42 33 18 31 10 35 21 6 11 43 20 5 8 0 14 16 39 17 2 29 27 7 41 13 
0 38
1 7
2 43
3 19
4 2
5 36
6 32
7 46
8 37
9 16
10 29
11 33
12 24
13 48
14 39
15 4
16 40
17 42
18 27
19 20
20 35
21 31
22 11
23 13
24 3
25 8
26 0
27 45
28 23
29 44
30 10
31 28
32 5
33 26
34 15
35 30
36 1
37 6
38 18
39 41
40 14
41 47
42 25
43 34
44 12
45 17
46 9
47 22
48 21
SIMILAR

28 26 0 10 27 13 42 14 47 33 1 12 15 24 41 2 20 35 31 48 16 8 17 32 45 39 34 44 23 46 29 37 19 21 3 18 25 6 7 5 22 40 36 30 9 38 11 4 43 
0 2
1 10
2 15
3 34
4 47
5 39
6 37
7 38
8 21
9 44
10 3
11 46
12 11
13 5
14 7
15 12
16 20
17 22
18 35
19 32
20 16
21 33
22 40
23 28
24 13
25 36
26 1
27 4
28 0
29 30
30 43
31 18
32 23
33 9
34 26
35 17
36 42
37 31
38 45
39 25
40 41
41 14
42 6
43 48
44 27
45 24
46 29
47 8
48 19
SIMILAR

41 32 25 38 5 29 35 45 31 3 47 7 9 4 15 27 40 28 13 46 20 30 33 2 12 16 26 19 22 43 6 21 37 17 39 48 1 8 0 36 23 14 18 10 42 44 11 24 34 
0 38
1 36
2 23
3 9
4 13
5 4
6 30
7 11
8 37
9 12
10 43
11 46
12 24
13 18
14 41
15 14
16 25
17 33
18 42
19 27
20 20
21 31
22 28
23 40
24 47
25 2
26 26
27 15
28 17
29 5
30 21
31 8
32 1
33 22
34 48
35 6
36 39
37 32
38 3
39 34
40 16
41 0
42 44
43 29
44 45
45 7
46 19
47 10
48 35
SIMILAR

34 47 17 31 14 32 7 26 44 24 42 22 28 3 4 0 48 46 5 21 39 20 9 40 1 36 30 43 11 13 29 45 15 8 2 6 41 19 37 27 33 16 25 35 12 18 38 10 23 
0 15
1 24
2 34
3 13
4 14
5 18
6 35
7 6
8 33
9 22
10 47
11 28
12 44
13 29
14 4
15 32
16 41
17 2
18 45
19 37
20 21
21 19
22 11
23 48
24 9
25 42
26 7
27 39
28 12
29 30
30 26
31 3
32 5
33 40
34 0
35 43
36 25
37 38
38 46
39 20
40 23
41 36
42 10
43 27
44 8
45 31
46 17
47 1
48 16
SIMILAR

33 34 15 22 42 28 23 3 27 12 32 48 26 41 5 19 29 47 37 16 21 7 8 24 45 44 14 39 2 40 18 36 25 11 10 6 0 38 30 13 1 20 46 35 31 43 9 4 17 
0 36
1 40
2 28
3 7
4 47
5 14
6 35
7 21
8 22
9 46
10 34
11 33
12 9
13 39
14 26
15 2
16 19
17 48
18 30
19 15
20 41
21 20
22 3
23 6
24 23
25 32
26 12
27 8
28 5
29 16
30 38
31 44
32 10
33 0
34 1
35 43
36 31
37 18
38 37
39 27
40 29
41 13
42 4
43 45
44 25
45 24
46 42
47 17
48 11
SIMILAR

33 3 36 32 11 7 41 13 15 42 14 47 46 26 23 27 39 19 25 8 2 12 24 44 45 20 1 4 30 16 31 29 5 38 17 10 22 37 0 48 6 28 18 9 40 35 21 43 34 
0 38
1 26
2 20
3 1
4 27
5 32
6 40
7 5
8 19
9 43
10 35
11 4
12 21
13 7
14 10
15 8
16 29
17 34
18 42
19 17
20 25
21 46
22 36
23 14
24 22
25 18
26 13
27 15
28 41
29 31
30 28
31 30
32 3
33 0
34 48
35 45
36 2
37 37
38 33
39 16
40 44
41 6
42 9
43 47
44 23
45 24
46 12
47 11
48 39
SIMILAR

12 19 45 14 30 32 44 4 43 2 41 18 15 21 36 40 22 24 25 37 28 33 26 48 39 47 11 6 23 27 42 8 17 20 34 35 38 1 3 16 46 31 7 10 29 13 0 5 9 
0 46
1 37
2 9
3 38
4 7
5 47
6 27
7 42
8 31
9 48
10 43
11 26
12 0
13 45
14 3
15 12
16 39
17 32
18 11
19 1
20 33
21 13
22 16
23 28
24 17
25 18
26 22
27 29
28 20
29 44
30 4
31 41
32 5
33 21
34 34
35 35
36 14
37 19
38 36
39 24
40 15
41 10
42 30
43 8
44 6
45 2
46 40
47 25
48 23
SIMILAR

15 16 11 27 7 4 40 47 30 39 43 3 9 18 29 0 36 38 22 12 44 19 31 33 32 23 1 45 10 26 20 21 34 14 41 42 35 24 25 6 2 5 48 17 13 37 8 46 28 
0 15
1 26
2 40
3 11
4 5
5 41
6 39
7 4
8 46
9 12
10 28
11 2
12 19
13 44
14 33
15 0
16 1
17 43
18 13
19 21
20 30
21 31
22 18
23 25
24 37
25 38
26 29
27 3
28 48
29 14
30 8
31 22
32 24
33 23
34 32
35 36
36 16
37 45
38 17
39 9
40 6
41 34
42 35
43 10
44 20
45 27
46 47
47 7
48 42
SIMILAR

18 28 20 44 22 36 5 11 6 35 23 19 45 33 34 43 38 25 37 15 9 16 41 26 30 32 3 24 10 17 0 21 31 7 12 47 29 1 46 40 39 2 48 14 8 42 13 27 4 
0 30
1 37
2 41
3 26
4 48
5 6
6 8
7 33
8 44
9 20
10 28
11 7
12 34
13 46
14 43
15 19
16 21
17 29
18 0
19 11
20 2
21 31
22 4
23 10
24 27
25 17
26 23
27 47
28 1
29 36
30 24
31 32
32 25
33 13
34 14
35 9
36 5
37 18
38 16
39 40
40 39
41 22
42 45
43 15
44 3
45 12
46 38
47 35
48 42
SIMILAR

21 22 38 32 23 12 34 9 6 47 40 17 43 36 26 18 30 5 19 27 1 11 41 25 48 31 2 37 10 20 39 8 14 29 16 35 24 46 42 13 0 7 44 33 4 15 3 45 28 
0 40
1 20
2 26
3 46
4 44
5 17
6 8
7 41
8 31
9 7
10 28
11 21
12 5
13 39
14 32
15 45
16 34
17 11
18 15
19 18
20 29
21 0
22 1
23 4
24 36
25 23
26 14
27 19
28 48
29 33
30 16
31 25
32 3
33 43
34 6
35 35
36 13
37 27
38 2
39 30
40 10
41 22
42 38
43 12
44 42
45 47
46 37
47 9
48 24
SIMILAR

33 23 27 4 17 48 6 19 9 46 20 0 16 14 22 25 32 35 47 7 3 38 44 2 40 11 42 41 45 29 37 18 21 5 28 8 39 12 24 10 34 31 13 1 15 43 36 26 30 
0 11
1 43
2 23
3 20
4 3
5 33
6 6
7 19
8 35
9 8
10 39
11 25
12 37
13 42
14 13
15 44
16 12
17 4
18 31
19 7
20 10
21 32
22 14
23 1
24 38
25 15
26 47
27 2
28 34
29 29
30 48
31 41
32 16
33 0
34 40
35 17
36 46
37 30
38 21
39 36
40 24
41 27
42 26
43 45
44 22
45 28
46 9
47 18
48 5
SIMILAR

28 36 42 30 10 8 2 15 23 39 38 44 40 33 46 43 47 48 7 1 25 11 5 0 6 13 32 31 9 22 34 19 26 35 3 41 4 24 18 12 14 16 27 21 17 29 20 45 37 
0 23
1 19
2 6
3 34
4 36
5 22
6 24
7 18
8 5
9 28
10 4
11 21
12 39
13 25
14 40
15 7
16 41
17 44
18 38
19 31
20 46
21 43
22 29
23 8
24 37
25 20
26 32
27 42
28 0
29 45
30 3
31 27
32 26
33 13
34 30
35 33
36 1
37 48
38 10
39 9
40 12
41 35
42 2
43 15
44 11
45 47
46 14
47 16
48 17
SIMILAR

31 8 18 27 25 4 19 20 32 35 9 41 3 30 10 21 34 40 28 37 7 46 48 0 1 47 12 45 26 23 43 39 2 42 17 13 14 5 33 29 36 15 24 11 22 38 16 6 44 
0 23
1 24
2 32
3 12
4 5
5 37
6 47
7 20
8 1
9 10
10 14
11 43
12 26
13 35
14 36
15 41
16 46
17 34
18 2
19 6
20 7
21 15
22 44
23 29
24 42
25 4
26 28
27 3
28 18
29 39
30 13
31 0
32 8
33 38
34 16
35 9
36 40
37 19
38 45
39 31
40 17
41 11
42 33
43 30
44 48
45 27
46 21
47 25
48 22
SIMILAR

5 26 36 35 14 12 27 16 37 31 43 4 15 1 38 10 19 48 30 3 34 6 29 17 25 45 24 44 41 22 7 8 32 47 0 20 33 28 39 42 9 13 2 18 21 46 11 40 23 
0 34
1 13
2 42
3 19
4 11
5 0
6 21
7 30
8 31
9 40
10 15
11 46
12 5
13 41
14 4
15 12
16 7
17 23
18 43
19 16
20 35
21 44
22 29
23 48
24 26
25 24
26 1
27 6
28 37
29 22
30 18
31 9
32 32
33 36
34 20
35 3
36 2
37 8
38 14
39 38
40 47
41 28
42 39
43 10
44 27
45 25
46 45
47 33
48 17
SIMILAR

5 2 37 13 25 39 21 4 34 45 46 24 10 32 7 30 19 0 38 6 47 35 16 42 43 44 14 40 12 27 48 8 17 41 11 26 23 1 28 3 36 22 31 20 18 33 15 29 9 
0 17
1 37
2 1
3 39
4 7
5 0
6 19
7 14
8 31
9 48
10 12
11 34
12 28
13 3
14 26
15 46
16 22
17 32
18 44
19 16
20 43
21 6
22 41
23 36
24 11
25 4
26 35
27 29
28 38
29 47
30 15
31 42
32 13
33 45
34 8
35 21
36 40
37 2
38 18
39 5
40 27
41 33
42 23
43 24
44 25
45 9
46 10
47 20
48 30
SIMILAR

36 35 3 24 17 39 4 47 28 46 29 42 15 30 14 13 0 20 16 41 9 7 1 37 2 25 40 18 38 26 22 23 48 34 33 8 10 5 44 6 43 12 11 45 19 32 27 21 31 
0 16
1 22
2 24
3 2
4 6
5 37
6 39
7 21
8 35
9 20
10 36
11 42
12 41
13 15
14 14
15 12
16 18
17 4
18 27
19 44
20 17
21 47
22 30
23 31
24 3
25 25
26 29
27 46
28 8
29 10
30 13
31 48
32 45
33 34
34 33
35 1
36 0
37 23
38 28
39 5
40 26
41 19
42 11
43 40
44 38
45 43
46 9
47 7
48 32
SIMILAR

47 1 6 27 30 21 40 22 31 5 45 38 44 35 12 16 34 8 0 3 2 14 28 17 41 33 42 46 10 15 20 36 37 32 7 25 29 18 48 9 4 26 24 13 19 11 39 43 23 
0 18
1 1
2 20
3 19
4 40
5 9
6 2
7 34
8 17
9 39
10 28
11 45
12 14
13 43
14 21
15 29
16 15
17 23
18 37
19 44
20 30
21 5
22 7
23 48
24 42
25 35
26 41
27 3
28 22
29 36
30 4
31 8
32 33
33 25
34 16
35 13
36 31
37 32
38 11
39 46
40 6
41 24
42 26
43 47
44 12
45 10
46 27
47 0
48 38
SIMILAR

26 33 48 16 0 20 28 8 13 5 30 15 36 31 22 18 21 11 10 25 29 1 45 24 46 12 2 6 14 35 7 40 19 47 4 39 37 44 43 42 32 38 27 41 3 34 17 23 9 
0 4
1 21
2 26
3 44
4 34
5 9
6 27
7 30
8 7
9 48
10 18
11 17
12 25
13 8
14 28
15 11
16 3
17 46
18 15
19 32
20 5
21 16
22 14
23 47
24 23
25 19
26 0
27 42
28 6
29 20
30 10
31 13
32 40
33 1
34 45
35 29
36 12
37 36
38 41
39 35
40 31
41 43
42 39
43 38
44 37
45 22
46 24
47 33
48 2
SIMILAR

2 43 36 4 8 3 12 17 29 45 20 46 44 38 40 42 35 34 18 48 11 14 31 25 16 33 10 1 37 26 30 0 24 22 27 15 19 7 47 39 9 41 21 23 6 28 5 13 32 
0 31
1 27
2 0
3 5
4 3
5 46
6 44
7 37
8 4
9 40
10 26
11 20
12 6
13 47
14 21
15 35
16 24
17 7
18 18
19 36
20 10
21 42
22 33
23 43
24 32
25 23
26 29
27 34
28 45
29 8
30 30
31 22
32 48
33 25
34 17
35 16
36 2
37 28
38 13
39 39
40 14
41 41
42 15
43 1
44 12
45 9
46 11
47 38
48 19
SIMILAR

42 32 47 33 19 28 23 31 17 30 9 43 26 46 4 2 39 25 1 37 48 12 21 10 15 5 13 24 29 0 27 16 6 36 38 3 22 44 35 20 18 34 40 45 8 14 11 41 7 
0 29
1 18
2 15
3 35
4 14
5 25
6 32
7 48
8 44
9 10
10 23
11 46
12 21
13 26
14 45
15 24
16 31
17 8
18 40
19 4
20 39
21 22
22 36
23 6
24 27
25 17
26 12
27 30
28 5
29 28
30 9
31 7
32 1
33 3
34 41
35 38
36 33
37 19
38 34
39 16
40 42
41 47
42 0
43 11
44 37
45 43
46 13
47 2
48 20
SIMILAR

32 40 9 45 39 11 12 37 7 23 10 26 28 18 48 3 36 14 31 35 25 30 21 8 38 15 4 46 41 19 27 24 13 2 22 17 29 34 6 43 5 0 47 20 42 33 16 1 44 
0 41
1 47
2 33
3 15
4 26
5 40
6 38
7 8
8 23
9 2
10 10
11 5
12 6
13 32
14 17
15 25
16 46
17 35
18 13
19 29
20 43
21 22
22 34
23 9
24 31
25 20
26 11
27 30
28 12
29 36
30 21
31 18
32 0
33 45
34 37
35 19
36 16
37 7
38 24
39 4
40 1
41 28
42 44
43 39
44 48
45 3
46 27
47 42
48 14
SIMILAR

10 16 4 45 14 21 43 15 25 0 28 36 17 35 29 18 32 19 22 1 8 46 12 37 44 3 47 20 38 9 24 33 11 48 7 42 27 41 40 2 34 5 23 39 31 6 13 30 26 
0 9
1 19
2 39
3 25
4 2
5 41
6 45
7 34
8 20
9 29
10 0
11 32
12 22
13 46
14 4
15 7
16 1
17 12
18 15
19 17
20 27
21 5
22 18
23 42
24 30
25 8
26 48
27 36
28 10
29 14
30 47
31 44
32 16
33 31
34 40
35 13
36 11
37 23
38 28
39 43
40 38
41 37
42 35
43 6
44 24
45 3
46 21
47 26
48 33
SIMILAR

19 3 26 42 20 32 18 38 0 12 21 33 29 8 34 10 48 1 24 6 16 5 47 43 13 41 9 44 46 36 37 2 23 35 27 22 4 40 30 31 15 7 14 17 11 45 28 39 25 
0 8
1 17
2 31
3 1
4 36
5 21
6 19
7 41
8 13
9 26
10 15
11 44
12 9
13 24
14 42
15 40
16 20
17 43
18 6
19 0
20 4
21 10
22 35
23 32
24 18
25 48
26 2
27 34
28 46
29 12
30 38
31 39
32 5
33 11
34 14
35 33
36 29
37 30
38 7
39 47
40 37
41 25
42 3
43 23
44 27
45 45
46 28
47 22
48 16
SIMILAR

35 8 34 40 33 26 28 18 20 4 46 48 3 14 1 11 31 22 10 21 45 17 9 39 19 29 2 25 36 47 42 37 13 44 23 38 27 6 0 5 41 12 24 16 7 30 15 43 32 
0 38
1 14
2 26
3 12
4 9
5 39
6 37
7 44
8 1
9 22
10 18
11 15
12 41
13 32
14 13
15 46
16 43
17 21
18 7
19 24
20 8
21 19
22 17
23 34
24 42
25 27
26 5
27 36
28 6
29 25
30 45
31 16
32 48
33 4
34 2
35 0
36 28
37 31
38 35
39 23
40 3
41 40
42 30
43 47
44 33
45 20
46 10
47 29
48 11
SIMILAR

39 8 31 2 1 18 38 23 13 17 32 48 19 29 6 10 5 4 34 28 40 3 9 16 37 15 46 20 12 0 25 21 47 27 30 41 45 42 26 24 35 36 14 7 44 33 43 11 22 
0 29
1 4
2 3
3 21
4 17
5 16
6 14
7 43
8 1
9 22
10 15
11 47
12 28
13 8
14 42
15 25
16 23
17 9
18 5
19 12
20 27
21 31
22 48
23 7
24 39
25 30
26 38
27 33
28 19
29 13
30 34
31 2
32 10
33 45
34 18
35 40
36 41
37 24
38 6
39 0
40 20
41 35
42 37
43 46
44 44
45 36
46 26
47 32
48 11
SIMILAR

1 19 0 14 28 13 30 11 35 23 39 3 5 36 24 44 48 20 16 46 4 25 21 32 37 9 17 27 33 29 42 31 43 8 45 34 7 38 22 10 12 2 18 15 41 26 40 47 6 
0 2
1 0
2 41
3 11
4 20
5 12
6 48
7 36
8 33
9 25
10 39
11 7
12 40
13 5
14 3
15 43
16 18
17 26
18 42
19 1
20 17
21 22
22 38
23 9
24 14
25 21
26 45
27 27
28 4
29 29
30 6
31 31
32 23
33 28
34 35
35 8
36 13
37 24
38 37
39 10
40 46
41 44
42 30
43 32
44 15
45 34
46 19
47 47
48 16
SIMILAR

45 24 38 0 39 32 21 9 12 13 47 46 22 27 29 34 20 40 25 15 5 4 42 48 35 7 16 23 33 26 43 30 19 1 10 14 36 6 44 8 18 2 11 37 28 41 17 3 31 
0 3
1 33
2 41
3 47
4 21
5 20
6 37
7 25
8 39
9 7
10 34
11 42
12 8
13 9
14 35
15 19
16 26
17 46
18 40
19 32
20 16
21 6
22 12
23 27
24 1
25 18
26 29
27 13
28 44
29 14
30 31
31 48
32 5
33 28
34 15
35 24
36 36
37 43
38 2
39 4
40 17
41 45
42 22
43 30
44 38
45 0
46 11
47 10
48 23
SIMILAR

13 15 43 47 27 46 21 3 7 31 30 34 2 8 40 23 38 14 39 4 35 9 33 48 11 44 42 1 12 17 28 24 6 0 19 37 25 16 20 41 29 45 32 36 10 5 26 18 22 
0 33
1 27
2 12
3 7
4 19
5 45
6 32
7 8
8 13
9 21
10 44
11 24
12 28
13 0
14 17
15 1
16 37
17 29
18 47
19 34
20 38
21 6
22 48
23 15
24 31
25 36
26 46
27 4
28 30
29 40
30 10
31 9
32 42
33 22
34 11
35 20
36 43
37 35
38 16
39 18
40 14
41 39
42 26
43 2
44 25
45 41
46 5
47 3
48 23
SIMILAR

41 43 22 9 0 13 27 42 29 48 24 47 16 34 26 45 12 10 32 23 11 39 14 44 46 21 40 18 30 17 5 8 1 2 3 4 7 6 38 37 19 31 25 28 15 33 35 36 20 
0 4
1 32
2 33
3 34
4 35
5 30
6 37
7 36
8 31
9 3
10 17
11 20
12 16
13 5
14 22
15 44
16 12
17 29
18 27
19 40
20 48
21 25
22 2
23 19
24 10
25 42
26 14
27 6
28 43
29 8
30 28
31 41
32 18
33 45
34 13
35 46
36 47
37 39
38 38
39 21
40 26
41 0
42 7
43 1
44 23
45 15
46 24
47 11
48 9
SIMILAR

2 32 40 16 21 12 6 9 37 42 20 47 27 48 13 14 36 7 1 43 34 23 17 19 26 5 35 44 30 18 22 15 41 31 0 33 28 45 46 29 3 10 24 38 8 4 25 11 39 
0 34
1 18
2 0
3 40
4 45
5 25
6 6
7 17
8 44
9 7
10 41
11 47
12 5
13 14
14 15
15 31
16 3
17 22
18 29
19 23
20 10
21 4
22 30
23 21
24 42
25 46
26 24
27 12
28 36
29 39
30 28
31 33
32 1
33 35
34 20
35 26
36 16
37 8
38 43
39 48
40 2
41 32
42 9
43 19
44 27
45 37
46 38
47 11
48 13
SIMILAR

33 7 25 45 15 26 1 39 27 4 21 47 6 14 32 10 40 48 0 23 38 46 16 12 13 11 34 43 41 44 42 20 3 8 2 22 19 37 31 29 18 5 17 36 30 24 28 9 35 
0 18
1 6
2 34
3 32
4 9
5 41
6 12
7 1
8 33
9 47
10 15
11 25
12 23
13 24
14 13
15 4
16 22
17 42
18 40
19 36
20 31
21 10
22 35
23 19
24 45
25 2
26 5
27 8
28 46
29 39
30 44
31 38
32 14
33 0
34 26
35 48
36 43
37 37
38 20
39 7
40 16
41 28
42 30
43 27
44 29
45 3
46 21
47 11
48 17
SIMILAR

6 28 11 18 0 23 25 7 35 5 34 10 31 12 43 24 15 26 32 27 17 29 16 33 39 48 1 42 45 3 14 46 30 20 22 8 40 9 21 2 19 36 47 41 37 38 4 44 13 
0 4
1 26
2 39
3 29
4 46
5 9
6 0
7 7
8 35
9 37
10 11
11 2
12 13
13 48
14 30
15 16
16 22
17 20
18 3
19 40
20 33
21 38
22 34
23 5
24 15
25 6
26 17
27 19
28 1
29 21
30 32
31 12
32 18
33 23
34 10
35 8
36 41
37 44
38 45
39 24
40 36
41 43
42 27
43 14
44 47
45 28
46 31
47 42
48 25
SIMILAR
100 0
4500 0
454500 0
