49
0 1 0 1 0 0 0 1 0 0 1 0 0 0 0 0 0 0 1 1 1 0 0 1 1 0 1 1 1 1 0 0 1 0 1 1 1 1 0 0 0 1 0 1 0 0 0 0 0 
1 0 0 1 0 0 0 0 1 1 0 1 0 1 1 0 1 0 0 1 0 0 1 0 1 1 0 1 0 1 1 1 0 0 0 0 1 1 1 0 1 0 1 1 1 0 0 1 1 
0 0 0 1 1 1 0 1 1 1 0 0 1 0 0 1 1 1 0 1 1 0 0 0 0 0 0 0 0 1 1 1 1 1 0 1 0 0 0 1 0 0 1 1 1 1 1 0 1 
1 1 1 0 1 1 0 1 0 1 0 1 0 1 0 1 1 0 0 1 1 0 1 1 0 0 0 0 1 1 1 1 0 1 1 0 1 0 0 0 0 1 1 1 1 0 1 0 0 
0 0 1 1 0 0 1 0 0 1 0 1 0 0 0 1 0 0 0 1 1 1 1 1 1 1 1 1 1 1 1 1 0 1 0 1 1 0 0 1 0 1 1 0 0 0 0 0 0 
0 0 1 1 0 0 0 1 1 0 1 0 1 1 1 0 0 0 1 1 1 1 0 0 0 0 0 0 1 0 0 1 1 0 1 0 1 0 0 0 0 1 1 1 0 1 1 0 0 
0 0 0 0 1 0 0 0 1 1 0 1 1 0 0 1 0 1 1 1 1 1 1 0 1 1 1 0 0 0 0 1 1 0 1 1 0 0 0 0 1 0 0 1 0 1 1 1 1 
1 0 1 1 0 1 0 0 0 0 1 0 0 0 1 0 1 1 0 0 0 1 0 1 1 0 1 0 0 1 1 1 0 0 1 0 1 1 1 1 0 1 0 1 1 0 0 1 0 
0 1 1 0 0 1 1 0 0 1 1 0 1 1 0 0 1 1 1 1 1 0 0 0 1 0 0 1 0 0 1 0 1 1 1 1 1 0 1 0 0 0 0 1 1 0 0 1 0 
0 1 1 1 1 0 1 0 1 0 1 1 1 1 1 0 0 1 0 0 1 1 0 1 1 0 0 1 1 0 0 1 1 1 1 0 0 0 0 1 0 1 1 0 1 1 1 0 1 
1 0 0 0 0 1 0 1 1 1 0 0 1 1 1 1 1 0 0 0 1 0 1 1 1 0 1 1 1 1 0 1 1 1 1 0 1 0 1 0 0 0 0 0 1 1 0 1 0 
0 1 0 1 1 0 1 0 0 1 0 0 0 1 1 1 0 0 0 0 0 0 0 1 1 1 1 0 0 0 1 0 0 1 1 0 1 1 0 1 0 0 1 1 1 0 1 0 0 
0 0 1 0 0 1 1 0 1 1 1 0 0 1 0 0 0 0 0 0 0 0 1 1 1 1 0 1 1 0 1 1 0 1 0 1 0 0 0 0 0 1 0 1 1 1 1 0 0 
0 1 0 1 0 1 0 0 1 1 1 1 1 0 0 0 1 0 1 0 0 0 1 1 1 1 1 1 1 0 0 1 1 0 1 1 0 0 0 0 0 1 1 0 0 1 0 0 0 
0 1 0 0 0 1 0 1 0 1 1 1 0 0 0 1 1 0 0 1 1 0 1 0 1 0 1 1 0 1 0 1 0 1 0 1 1 1 1 1 1 1 1 0 0 1 0 0 1 
0 0 1 1 1 0 1 0 0 0 1 1 0 0 1 0 1 1 1 1 0 0 1 1 0 1 1 1 0 0 1 1 0 0 1 1 1 0 0 1 0 1 1 0 1 0 1 1 0 
0 1 1 1 0 0 0 1 1 0 1 0 0 1 1 1 0 0 1 0 1 0 1 1 0 1 0 1 1 0 0 1 0 1 0 1 1 1 0 0 0 0 0 1 1 0 1 1 0 
0 0 1 0 0 0 1 1 1 1 0 0 0 0 0 1 0 0 1 1 1 0 0 1 1 0 1 0 1 0 0 1 1 0 1 1 0 0 1 1 1 0 0 1 1 1 1 1 1 
1 0 0 0 0 1 1 0 1 0 0 0 0 1 0 1 1 1 0 0 0 1 1 1 1 1 0 1 1 0 0 0 1 1 1 1 0 1 1 0 0 0 1 1 1 1 0 0 1 
1 1 1 1 1 1 1 0 1 0 0 0 0 0 1 1 0 1 0 0 1 1 0 1 0 0 0 0 1 1 1 0 0 0 0 0 1 0 0 0 0 1 0 1 0 1 0 0 0 
1 0 1 1 1 1 1 0 1 1 1 0 0 0 1 0 1 1 0 1 0 1 1 0 1 1 1 1 0 0 0 0 0 1 1 0 1 1 0 1 1 1 0 0 0 1 0 1 0 
0 0 0 0 1 1 1 1 0 1 0 0 0 0 0 0 0 0 1 1 1 0 1 0 1 0 0 0 1 0 1 1 0 0 1 1 1 1 1 1 1 1 1 1 1 1 1 1 0 
0 1 0 1 1 0 1 0 0 0 1 0 1 1 1 1 1 0 1 0 1 1 0 0 0 0 1 0 0 0 0 1 0 1 1 1 0 0 1 0 0 0 0 0 1 0 1 0 0 
1 0 0 1 1 0 0 1 0 1 1 1 1 1 0 1 1 1 1 1 0 0 0 0 0 1 0 0 1 0 1 1 1 0 0 1 0 1 1 1 0 0 0 1 1 0 0 1 0 
1 1 0 0 1 0 1 1 1 1 1 1 1 1 1 0 0 1 1 0 1 1 0 0 0 0 1 0 0 0 1 1 1 0 1 0 1 0 1 0 1 0 1 0 0 1 0 1 1 
0 1 0 0 1 0 1 0 0 0 0 1 1 1 0 1 1 0 1 0 1 0 0 1 0 0 0 0 0 0 1 1 0 1 0 0 1 0 1 0 0 0 1 0 0 0 0 0 1 
1 0 0 0 1 0 1 1 0 0 1 1 0 1 1 1 0 1 0 0 1 0 1 0 1 0 0 1 0 0 0 1 0 1 0 0 1 0 0 1 1 0 0 0 1 1 0 1 0 
1 1 0 0 1 0 0 0 1 1 1 0 1 1 1 1 1 0 1 0 1 0 0 0 0 0 1 0 0 0 0 1 0 1 1 1 0 1 1 1 1 1 1 1 0 0 1 0 0 
1 0 0 1 1 1 0 0 0 1 1 0 1 1 0 0 1 1 1 1 0 1 0 1 0 0 0 0 0 1 1 0 1 1 0 1 0 0 0 1 0 1 0 1 1 0 0 1 0 
1 1 1 1 1 0 0 1 0 0 1 0 0 0 1 0 0 0 0 1 0 0 0 0 0 0 0 0 1 0 0 1 0 0 0 1 1 1 0 0 0 0 0 1 0 0 1 1 1 
0 1 1 1 1 0 0 1 1 0 0 1 1 0 0 1 0 0 0 1 0 1 0 1 1 1 0 0 1 0 0 0 0 0 0 0 1 0 1 1 0 0 0 1 1 1 0 0 0 
0 1 1 1 1 1 1 1 0 1 1 0 1 1 1 1 1 1 0 0 0 1 1 1 1 1 1 1 0 1 0 0 1 0 1 1 1 1 1 0 0 1 0 1 1 0 0 0 0 
1 0 1 0 0 1 1 0 1 1 1 0 0 1 0 0 0 1 1 0 0 0 0 1 1 0 0 0 1 0 0 1 0 1 0 1 0 0 0 1 1 0 1 0 1 0 0 1 0 
0 0 1 1 1 0 0 0 1 1 1 1 1 0 1 0 1 0 1 0 1 0 1 0 0 1 1 1 1 0 0 0 1 0 0 0 1 1 1 0 1 1 1 1 1 0 1 0 1 
1 0 0 1 0 1 1 1 1 1 1 1 0 1 0 1 0 1 1 0 1 1 1 0 1 0 0 1 0 0 0 1 0 0 0 1 0 0 0 0 1 0 0 0 1 0 1 1 0 
1 0 1 0 1 0 1 0 1 0 0 0 1 1 1 1 1 1 1 0 0 1 1 1 0 0 0 1 1 1 0 1 1 0 1 0 1 1 0 0 0 0 1 0 1 0 0 0 0 
1 1 0 1 1 1 0 1 1 0 1 1 0 0 1 1 1 0 0 1 1 1 0 0 1 1 1 0 0 1 1 1 0 1 0 1 0 1 0 1 0 0 0 1 1 1 1 0 1 
1 1 0 0 0 0 0 1 0 0 0 1 0 0 1 0 1 0 1 0 1 1 0 1 0 0 0 1 0 1 0 1 0 1 0 1 1 0 0 1 1 1 0 1 1 1 0 0 0 
0 1 0 0 0 0 0 1 1 0 1 0 0 0 1 0 0 1 1 0 0 1 1 1 1 1 0 1 0 0 1 1 0 1 0 0 0 0 0 1 0 1 1 1 0 1 0 1 0 
0 0 1 0 1 0 0 1 0 1 0 1 0 0 1 1 0 1 0 0 1 1 0 1 0 0 1 1 1 0 1 0 1 0 0 0 1 1 1 0 0 0 1 1 0 1 1 1 1 
0 1 0 0 0 0 1 0 0 0 0 0 0 0 1 0 0 1 0 0 1 1 0 0 1 0 1 1 0 0 0 0 1 1 1 0 0 1 0 0 0 0 1 1 1 1 0 1 1 
1 0 0 1 1 1 0 1 0 1 0 0 1 1 1 1 0 0 0 1 1 1 0 0 0 0 0 1 1 0 0 1 0 1 0 0 0 1 1 0 0 0 0 0 0 1 0 1 1 
0 1 1 1 1 1 0 0 0 1 0 1 0 1 1 1 0 0 1 0 0 1 0 0 1 1 0 1 0 0 0 0 1 1 0 1 0 0 1 1 1 0 0 0 1 1 0 1 0 
1 1 1 1 0 1 1 1 1 0 0 1 1 0 0 0 1 1 1 1 0 1 0 1 0 0 0 1 1 1 1 1 0 1 0 0 1 1 1 1 1 0 0 0 0 0 1 1 0 
0 1 1 1 0 0 0 1 1 1 1 1 1 0 0 1 1 1 1 0 0 1 1 1 0 0 1 0 1 0 1 1 1 1 1 1 1 1 0 0 1 0 1 0 0 1 1 0 1 
0 0 1 0 0 1 1 0 0 1 1 0 1 1 1 0 0 1 1 1 1 1 0 0 1 0 1 0 0 0 1 0 0 0 0 0 1 1 1 1 1 1 1 0 1 0 1 1 1 
0 0 1 1 0 1 1 0 0 1 0 1 1 0 0 1 1 1 0 0 0 1 1 0 0 0 0 1 0 1 0 0 0 1 1 0 1 0 0 1 0 0 0 1 1 1 0 0 0 
0 1 0 0 0 0 1 1 1 0 1 0 0 0 0 1 1 1 0 0 1 1 0 1 1 0 1 0 1 1 0 0 1 0 1 0 0 0 1 1 1 1 1 1 0 1 0 0 1 
0 1 1 0 0 0 1 0 0 1 0 0 0 0 1 0 0 1 1 0 0 0 0 0 1 1 0 0 0 1 0 0 0 1 0 0 1 0 0 1 1 1 0 0 1 1 0 1 0 

24 30 1 46 27 47 7 31 32 26 21 36 2 6 28 10 35 4 9 11 39 23 37 48 18 14 33 42 12 17 8 16 40 15 25 20 43 3 41 13 19 5 22 38 0 34 44 29 45 
0 44
1 2
2 12
3 37
4 17
5 41
6 13
7 6
8 30
9 18
10 15
11 19
12 28
13 39
14 25
15 33
16 31
17 29
18 24
19 40
20 35
21 10
22 42
23 21
24 0
25 34
26 9
27 4
28 14
29 47
30 1
31 7
32 8
33 26
34 45
35 16
36 11
37 22
38 43
39 20
40 32
41 38
42 27
43 36
44 46
45 48
46 3
47 5
48 23
SIMILAR

17 28 12 11 6 37 10 42 7 27 43 18 45 38 15 23 47 19 22 40 29 36 24 48 44 1 9 8 20 31 35 0 32 16 2 41 30 21 3 34 26 5 14 4 13 46 25 39 33 
0 31
1 25
2 34
3 38
4 43
5 41
6 4
7 8
8 27
9 26
10 6
11 3
12 2
13 44
14 42
15 14
16 33
17 0
18 11
19 17
20 28
21 37
22 18
23 15
24 22
25 46
26 40
27 9
28 1
29 20
30 36
31 29
32 32
33 48
34 39
35 30
36 21
37 5
38 13
39 47
40 19
41 35
42 7
43 10
44 24
45 12
46 45
47 16
48 23
SIMILAR

7 26 46 21 0 41 38 19 37 33 40 45 28 32 14 44 30 20 24 47 12 8 31 35 6 22 29 2 18 11 48 43 9 39 10 17 27 1 25 42 36 23 34 15 3 5 13 4 16 
0 4
1 37
2 27
3 44
4 47
5 45
6 24
7 0
8 21
9 32
10 34
11 29
12 20
13 46
14 14
15 43
16 48
17 35
18 28
19 7
20 17
21 3
22 25
23 41
24 18
25 38
26 1
27 36
28 12
29 26
30 16
31 22
32 13
33 9
34 42
35 23
36 40
37 8
38 6
39 33
40 10
41 5
42 39
43 31
44 15
45 11
46 2
47 19
48 30
SIMILAR

4 30 34 19 12 39 24 20 17 44 10 14 3 9 33 7 32 26 8 35 13 37 27 45 0 2 15 1 16 22 21 38 5 18 47 31 36 28 43 46 42 29 11 25 41 6 23 48 40 
0 24
1 27
2 25
3 12
4 0
5 32
6 45
7 15
8 18
9 13
10 10
11 42
12 4
13 20
14 11
15 26
16 28
17 8
18 33
19 3
20 7
21 30
22 29
23 46
24 6
25 43
26 17
27 22
28 37
29 41
30 1
31 35
32 16
33 14
34 2
35 19
36 36
37 21
38 31
39 5
40 48
41 44
42 40
43 38
44 9
45 23
46 39
47 34
48 47
SIMILAR

14 23 26 2 44 45 30 15 28 31 5 47 46 35 38 32 1 40 24 8 18 48 13 39 25 36 27 4 16 22 12 41 29 6 20 9 42 21 19 43 17 11 37 33 34 0 3 10 7 
0 45
1 16
2 3
3 46
4 27
5 10
6 33
7 48
8 19
9 35
10 47
11 41
12 30
13 22
14 0
15 7
16 28
17 40
18 20
19 38
20 34
21 37
22 29
23 1
24 18
25 24
26 2
27 26
28 8
29 32
30 6
31 9
32 15
33 43
34 44
35 13
36 25
37 42
38 14
39 23
40 17
41 31
42 36
43 39
44 4
45 5
46 12
47 11
48 21
SIMILAR

42 22 14 16 35 28 31 30 29 7 44 2 11 36 10 33 32 46 1 6 47 3 18 8 20 15 13 19 0 48 26 23 27 24 12 40 21 25 45 34 37 43 9 17 5 39 38 4 41 
0 28
1 18
2 11
3 21
4 47
5 44
6 19
7 9
8 23
9 42
10 14
11 12
12 34
13 26
14 2
15 25
16 3
17 43
18 22
19 27
20 24
21 36
22 1
23 31
24 33
25 37
26 30
27 32
28 5
29 8
30 7
31 6
32 16
33 15
34 39
35 4
36 13
37 40
38 46
39 45
40 35
41 48
42 0
43 41
44 10
45 38
46 17
47 20
48 29
SIMILAR

20 18 44 48 8 47 41 36 22 24 29 30 11 45 14 46 9 37 25 13 16 4 28 5 19 7 2 43 27 26 3 38 17 21 39 35 32 1 34 33 15 23 42 40 12 0 6 31 10 
0 45
1 37
2 26
3 30
4 21
5 23
6 46
7 25
8 4
9 16
10 48
11 12
12 44
13 19
14 14
15 40
16 20
17 32
18 1
19 24
20 0
21 33
22 8
23 41
24 9
25 18
26 29
27 28
28 22
29 10
30 11
31 47
32 36
33 39
34 38
35 35
36 7
37 17
38 31
39 34
40 43
41 6
42 42
43 27
44 2
45 13
46 15
47 5
48 3
SIMILAR

34 17 8 40 20 19 5 23 24 47 41 42 22 27 45 15 21 12 26 7 6 2 4 1 48 44 3 46 0 11 28 43 39 30 38 37 31 36 10 14 18 33 9 16 32 13 35 29 25 
0 28
1 23
2 21
3 26
4 22
5 6
6 20
7 19
8 2
9 42
10 38
11 29
12 17
13 45
14 39
15 15
16 43
17 1
18 40
19 5
20 4
21 16
22 12
23 7
24 8
25 48
26 18
27 13
28 30
29 47
30 33
31 36
32 44
33 41
34 0
35 46
36 37
37 35
38 34
39 32
40 3
41 10
42 11
43 31
44 25
45 14
46 27
47 9
48 24
SIMILAR

43 39 37 23 4 16 6 47 35 1 26 36 40 15 20 14 18 10 29 8 7 21 5 48 46 0 44 30 3 28 42 11 31 32 27 22 17 13 9 45 34 24 19 25 38 2 41 33 12 
0 25
1 9
2 45
3 28
4 4
5 22
6 6
7 20
8 19
9 38
10 17
11 31
12 48
13 37
14 15
15 13
16 5
17 36
18 16
19 42
20 14
21 21
22 35
23 3
24 41
25 43
26 10
27 34
28 29
29 18
30 27
31 32
32 33
33 47
34 40
35 8
36 11
37 2
38 44
39 1
40 12
41 46
42 30
43 0
44 26
45 39
46 24
47 7
48 23
SIMILAR

40 20 9 46 48 37 11 5 15 42 21 24 18 28 31 33 7 2 26 32 27 19 35 8 23 13 22 17 38 43 6 30 14 34 1 4 39 29 0 36 45 16 25 44 3 47 41 12 10 
0 38
1 34
2 17
3 44
4 35
5 7
6 30
7 16
8 23
9 2
10 48
11 6
12 47
13 25
14 32
15 8
16 41
17 27
18 12
19 21
20 1
21 10
22 26
23 24
24 11
25 42
26 18
27 20
28 13
29 37
30 31
31 14
32 19
33 15
34 33
35 22
36 39
37 5
38 28
39 36
40 0
41 46
42 9
43 29
44 43
45 40
46 3
47 45
48 4
SIMILAR

5 0 22 21 8 18 26 38 46 23 17 32 24 41 48 10 47 25 43 40 16 4 28 7 1 2 20 19 29 37 13 44 39 27 36 42 3 9 12 15 11 34 31 30 45 35 6 14 33 
0 1
1 24
2 25
3 36
4 21
5 0
6 46
7 23
8 4
9 37
10 15
11 40
12 38
13 30
14 47
15 39
16 20
17 10
18 5
19 27
20 26
21 3
22 2
23 9
24 12
25 17
26 6
27 33
28 22
29 28
30 43
31 42
32 11
33 48
34 41
35 45
36 34
37 29
38 7
39 32
40 19
41 13
42 35
43 18
44 31
45 44
46 8
47 16
48 14
SIMILAR

36 44 16 37 40 34 29 2 47 32 11 39 26 22 8 6 30 0 46 48 5 28 42 20 38 1 27 7 25 43 33 41 14 17 19 18 3 45 21 15 23 9 10 31 4 13 35 12 24 
0 17
1 25
2 7
3 36
4 44
5 20
6 15
7 27
8 14
9 41
10 42
11 10
12 47
13 45
14 32
15 39
16 2
17 33
18 35
19 34
20 23
21 38
22 13
23 40
24 48
25 28
26 12
27 26
28 21
29 6
30 16
31 43
32 9
33 30
34 5
35 46
36 0
37 3
38 24
39 11
40 4
41 31
42 22
43 29
44 1
45 37
46 18
47 8
48 19
SIMILAR

24 4 6 43 27 32 35 2 9 38 46 34 37 0 16 5 20 42 45 33 25 14 17 23 39 30 18 40 3 22 31 7 41 11 8 48 36 1 21 10 29 12 13 15 28 44 26 47 19 
0 13
1 37
2 7
3 28
4 1
5 15
6 2
7 31
8 34
9 8
10 39
11 33
12 41
13 42
14 21
15 43
16 14
17 22
18 26
19 48
20 16
21 38
22 29
23 23
24 0
25 20
26 46
27 4
28 44
29 40
30 25
31 30
32 5
33 19
34 11
35 6
36 36
37 12
38 9
39 24
40 27
41 32
42 17
43 3
44 45
45 18
46 10
47 47
48 35
SIMILAR

38 47 16 46 48 41 12 44 27 30 1 13 39 33 10 17 5 15 20 22 19 26 18 8 25 45 43 3 11 29 31 35 9 28 36 37 24 2 14 42 0 4 21 23 6 7 34 40 32 
0 40
1 10
2 37
3 27
4 41
5 16
6 44
7 45
8 23
9 32
10 14
11 28
12 6
13 11
14 38
15 17
16 2
17 15
18 22
19 20
20 18
21 42
22 19
23 43
24 36
25 24
26 21
27 8
28 33
29 29
30 9
31 30
32 48
33 13
34 46
35 31
36 34
37 35
38 0
39 12
40 47
41 5
42 39
43 26
44 7
45 25
46 3
47 1
48 4
SIMILAR

43 34 23 30 17 8 36 4 12 33 41 26 35 16 15 27 22 7 5 37 29 46 19 20 31 21 18 45 44 25 32 13 39 40 42 11 6 48 0 38 3 14 47 10 24 2 1 9 28 
0 38
1 46
2 45
3 40
4 7
5 18
6 36
7 17
8 5
9 47
10 43
11 35
12 8
13 31
14 41
15 14
16 13
17 4
18 26
19 22
20 23
21 25
22 16
23 2
24 44
25 29
26 11
27 15
28 48
29 20
30 3
31 24
32 30
33 9
34 1
35 12
36 6
37 19
38 39
39 32
40 33
41 10
42 34
43 0
44 28
45 27
46 21
47 42
48 37
SIMILAR

31 44 2 13 41 33 43 32 45 22 0 17 8 14 25 23 3 46 7 48 30 1 28 26 12 20 4 47 24 38 16 10 29 34 9 18 11 5 37 39 6 35 15 27 40 21 36 42 19 
0 10
1 21
2 2
3 16
4 26
5 37
6 40
7 18
8 12
9 34
10 31
11 36
12 24
13 3
14 13
15 42
16 30
17 11
18 35
19 48
20 25
21 45
22 9
23 15
24 28
25 14
26 23
27 43
28 22
29 32
30 20
31 0
32 7
33 5
34 33
35 41
36 46
37 38
38 29
39 39
40 44
41 4
42 47
43 6
44 1
45 8
46 17
47 27
48 19
SIMILAR

8 37 25 41 39 15 29 45 36 11 47 22 48 42 27 17 24 12 1 35 2 20 3 14 26 30 7 32 31 13 5 6 28 43 10 23 0 40 9 16 46 21 4 33 44 19 38 18 34 
0 36
1 18
2 20
3 22
4 42
5 30
6 31
7 26
8 0
9 38
10 34
11 9
12 17
13 29
14 23
15 5
16 39
17 15
18 47
19 45
20 21
21 41
22 11
23 35
24 16
25 2
26 24
27 14
28 32
29 6
30 25
31 28
32 27
33 43
34 48
35 19
36 8
37 1
38 46
39 4
40 37
41 3
42 13
43 33
44 44
45 7
46 40
47 10
48 12
SIMILAR

41 35 6 14 8 12 43 16 40 46 0 18 19 48 3 29 33 7 2 22 26 28 45 15 36 39 13 24 27 44 5 34 31 4 47 11 25 1 37 21 20 10 9 30 23 38 17 42 32 
0 10
1 37
2 18
3 14
4 33
5 30
6 2
7 17
8 4
9 42
10 41
11 35
12 5
13 26
14 3
15 23
16 7
17 46
18 11
19 12
20 40
21 39
22 19
23 44
24 27
25 36
26 20
27 28
28 21
29 15
30 43
31 32
32 48
33 16
34 31
35 1
36 24
37 38
38 45
39 25
40 8
41 0
42 47
43 6
44 29
45 22
46 9
47 34
48 13
SIMILAR

0 13 37 44 45 5 7 9 41 11 23 47 3 30 35 40 24 31 26 34 25 10 43 42 8 36 2 28 6 21 29 27 20 19 4 1 38 15 16 18 22 12 39 33 48 46 17 14 32 
0 0
1 35
2 26
3 12
4 34
5 5
6 28
7 6
8 24
9 7
10 21
11 9
12 41
13 1
14 47
15 37
16 38
17 46
18 39
19 33
20 32
21 29
22 40
23 10
24 16
25 20
26 18
27 31
28 27
29 30
30 13
31 17
32 48
33 43
34 19
35 14
36 25
37 2
38 36
39 42
40 15
41 8
42 23
43 22
44 3
45 4
46 45
47 11
48 44
SIMILAR

13 37 48 41 12 43 47 15 29 23 4 18 17 14 36 32 28 30 38 0 45 20 44 11 39 35 40 25 42 2 24 31 26 22 16 7 3 21 9 33 6 10 19 5 27 34 8 1 46 
0 19
1 47
2 29
3 36
4 10
5 43
6 40
7 35
8 46
9 38
10 41
11 23
12 4
13 0
14 13
15 7
16 34
17 12
18 11
19 42
20 21
21 37
22 33
23 9
24 30
25 27
26 32
27 44
28 16
29 8
30 17
31 31
32 15
33 39
34 45
35 25
36 14
37 1
38 18
39 24
40 26
41 3
42 28
43 5
44 22
45 20
46 48
47 6
48 2
SIMILAR

39 13 33 19 2 17 20 10 16 15 42 26 47 41 11 46 1 38 22 21 31 40 44 18 34 32 48 12 28 9 36 3 37 45 27 30 5 25 35 6 14 29 23 43 4 8 24 0 7 
0 47
1 16
2 4
3 31
4 44
5 36
6 39
7 48
8 45
9 29
10 7
11 14
12 27
13 1
14 40
15 9
16 8
17 5
18 23
19 3
20 6
21 19
22 18
23 42
24 46
25 37
26 11
27 34
28 28
29 41
30 35
31 20
32 25
33 2
34 24
35 38
36 30
37 32
38 17
39 0
40 21
41 13
42 10
43 43
44 22
45 33
46 15
47 12
48 26
SIMILAR

45 8 48 37 19 28 22 14 44 25 36 47 39 27 17 24 42 29 34 23 16 26 5 10 33 3 43 21 38 31 32 6 18 41 35 4 9 11 46 2 7 40 0 13 12 15 1 20 30 
0 42
1 46
2 39
3 25
4 35
5 22
6 31
7 40
8 1
9 36
10 23
11 37
12 44
13 43
14 7
15 45
16 20
17 14
18 32
19 4
20 47
21 27
22 6
23 19
24 15
25 9
26 21
27 13
28 5
29 17
30 48
31 29
32 30
33 24
34 18
35 34
36 10
37 3
38 28
39 12
40 41
41 33
42 16
43 26
44 8
45 0
46 38
47 11
48 2
SIMILAR

16 0 26 3 19 34 47 42 11 29 7 32 5 15 38 13 46 8 10 1 9 25 4 37 35 39 33 23 17 48 24 44 14 12 27 45 36 31 30 6 43 41 20 2 28 40 22 21 18 
0 1
1 19
2 43
3 3
4 22
5 12
6 39
7 10
8 17
9 20
10 18
11 8
12 33
13 15
14 32
15 13
16 0
17 28
18 48
19 4
20 42
21 47
22 46
23 27
24 30
25 21
26 2
27 34
28 44
29 9
30 38
31 37
32 11
33 26
34 5
35 24
36 36
37 23
38 14
39 25
40 45
41 41
42 7
43 40
44 31
45 35
46 16
47 6
48 29
SIMILAR

41 28 9 35 10 25 18 26 17 22 27 39 34 47 43 38 46 13 40 12 31 1 45 4 16 48 32 36 20 29 8 15 30 3 19 42 5 7 37 33 14 21 11 24 23 0 6 2 44 
0 45
1 21
2 47
3 33
4 23
5 36
6 46
7 37
8 30
9 2
10 4
11 42
12 19
13 17
14 40
15 31
16 24
17 8
18 6
19 34
20 28
21 41
22 9
23 44
24 43
25 5
26 7
27 10
28 1
29 29
30 32
31 20
32 26
33 39
34 12
35 3
36 27
37 38
38 15
39 11
40 18
41 0
42 35
43 14
44 48
45 22
46 16
47 13
48 25
SIMILAR

36 44 40 4 15 18 21 31 16 8 39 41 47 2 43 6 19 20 22 23 14 46 13 5 34 25 9 30 26 35 27 48 28 3 12 1 0 17 37 29 42 32 24 7 38 11 33 45 10 
0 36
1 35
2 13
3 33
4 3
5 23
6 15
7 43
8 9
9 26
10 48
11 45
12 34
13 22
14 20
15 4
16 8
17 37
18 5
19 16
20 17
21 6
22 18
23 19
24 42
25 25
26 28
27 30
28 32
29 39
30 27
31 7
32 41
33 46
34 24
35 29
36 0
37 38
38 44
39 10
40 2
41 11
42 40
43 14
44 1
45 47
46 21
47 12
48 31
SIMILAR

8 6 30 45 19 29 28 15 48 3 31 37 21 16 27 44 2 36 0 13 40 7 23 26 32 10 11 4 5 33 22 9 20 24 25 17 38 1 43 46 42 12 39 41 14 34 18 35 47 
0 18
1 37
2 16
3 9
4 27
5 28
6 1
7 21
8 0
9 31
10 25
11 26
12 41
13 19
14 44
15 7
16 13
17 35
18 46
19 4
20 32
21 12
22 30
23 22
24 33
25 34
26 23
27 14
28 6
29 5
30 2
31 10
32 24
33 29
34 45
35 47
36 17
37 11
38 36
39 42
40 20
41 43
42 40
43 38
44 15
45 3
46 39
47 48
48 8
SIMILAR

48 23 11 33 1 9 5 19 12 40 10 28 32 42 7 37 31 29 43 6 14 35 0 18 41 39 44 15 13 17 45 30 16 8 3 34 24 4 25 38 27 22 46 47 36 2 26 21 20 
0 22
1 4
2 45
3 34
4 37
5 6
6 19
7 14
8 33
9 5
10 10
11 2
12 8
13 28
14 20
15 27
16 32
17 29
18 23
19 7
20 48
21 47
22 41
23 1
24 36
25 38
26 46
27 40
28 11
29 17
30 31
31 16
32 12
33 3
34 35
35 21
36 44
37 15
38 39
39 25
40 9
41 24
42 13
43 18
44 26
45 30
46 42
47 43
48 0
SIMILAR

12 7 43 21 24 1 36 39 38 26 25 27 34 13 4 11 17 37 10 6 19 20 33 9 46 32 14 47 28 31 2 42 22 41 23 30 45 44 16 18 29 3 0 15 40 5 48 8 35 
0 42
1 5
2 30
3 41
4 14
5 45
6 19
7 1
8 47
9 23
10 18
11 15
12 0
13 13
14 26
15 43
16 38
17 16
18 39
19 20
20 21
21 3
22 32
23 34
24 4
25 10
26 9
27 11
28 28
29 40
30 35
31 29
32 25
33 22
34 12
35 48
36 6
37 17
38 8
39 7
40 44
41 33
42 31
43 2
44 37
45 36
46 24
47 27
48 46
SIMILAR

34 7 24 21 5 18 45 9 10 46 44 13 28 8 14 2 43 27 37 36 26 38 23 47 29 22 20 25 30 42 15 1 31 4 35 3 11 39 12 41 17 33 16 48 40 19 0 32 6 
0 46
1 31
2 15
3 35
4 33
5 4
6 48
7 1
8 13
9 7
10 8
11 36
12 38
13 11
14 14
15 30
16 42
17 40
18 5
19 45
20 26
21 3
22 25
23 22
24 2
25 27
26 20
27 17
28 12
29 24
30 28
31 32
32 47
33 41
34 0
35 34
36 19
37 18
38 21
39 37
40 44
41 39
42 29
43 16
44 10
45 6
46 9
47 23
48 43
SIMILAR

16 46 4 37 6 38 1 41 34 27 5 48 18 15 35 0 33 22 21 19 17 32 14 24 3 28 8 11 47 45 43 42 40 25 26 12 36 23 13 44 2 20 7 31 10 29 39 30 9 
0 15
1 6
2 40
3 24
4 2
5 10
6 4
7 42
8 26
9 48
10 44
11 27
12 35
13 38
14 22
15 13
16 0
17 20
18 12
19 19
20 41
21 18
22 17
23 37
24 23
25 33
26 34
27 9
28 25
29 45
30 47
31 43
32 21
33 16
34 8
35 14
36 36
37 3
38 5
39 46
40 32
41 7
42 31
43 30
44 39
45 29
46 1
47 28
48 11
SIMILAR

28 22 23 47 43 24 6 25 1 14 20 45 12 42 8 38 30 7 32 21 33 39 0 13 36 11 15 9 4 40 10 2 29 37 34 41 5 17 26 44 35 48 16 3 18 46 27 19 31 
0 22
1 8
2 31
3 43
4 28
5 36
6 6
7 17
8 14
9 27
10 30
11 25
12 12
13 23
14 9
15 26
16 42
17 37
18 44
19 47
20 10
21 19
22 1
23 2
24 5
25 7
26 38
27 46
28 0
29 32
30 16
31 48
32 18
33 20
34 34
35 40
36 24
37 33
38 15
39 21
40 29
41 35
42 13
43 4
44 39
45 11
46 45
47 3
48 41
SIMILAR

12 48 42 33 27 15 44 3 10 23 8 28 17 13 45 34 29 2 26 14 4 9 7 16 24 37 20 47 22 43 41 1 5 30 18 11 36 6 46 39 31 25 0 40 35 38 21 19 32 
0 42
1 31
2 17
3 7
4 20
5 32
6 37
7 22
8 10
9 21
10 8
11 35
12 0
13 13
14 19
15 5
16 23
17 12
18 34
19 47
20 26
21 46
22 28
23 9
24 24
25 41
26 18
27 4
28 11
29 16
30 33
31 40
32 48
33 3
34 15
35 44
36 36
37 25
38 45
39 39
40 43
41 30
42 2
43 29
44 6
45 14
46 38
47 27
48 1
SIMILAR

1 3 17 26 42 8 11 25 44 27 4 14 30 28 40 33 16 37 24 38 29 18 35 5 19 15 41 46 31 9 21 2 36 43 45 10 22 7 48 39 13 6 12 20 23 34 47 0 32 
0 47
1 0
2 31
3 1
4 10
5 23
6 41
7 37
8 5
9 29
10 35
11 6
12 42
13 40
14 11
15 25
16 16
17 2
18 21
19 24
20 43
21 30
22 36
23 44
24 18
25 7
26 3
27 9
28 13
29 20
30 12
31 28
32 48
33 15
34 45
35 22
36 32
37 17
38 19
39 39
40 14
41 26
42 4
43 33
44 8
45 34
46 27
47 46
48 38
SIMILAR

2 23 44 12 11 10 22 21 4 20 41 32 14 45 6 31 25 3 37 17 0 40 34 19 27 24 48 46 38 16 9 15 43 47 30 42 26 29 35 18 1 39 33 5 28 36 13 7 8 
0 20
1 40
2 0
3 17
4 8
5 43
6 14
7 47
8 48
9 30
10 5
11 4
12 3
13 46
14 12
15 31
16 29
17 19
18 39
19 23
20 9
21 7
22 6
23 1
24 25
25 16
26 36
27 24
28 44
29 37
30 34
31 15
32 11
33 42
34 22
35 38
36 45
37 18
38 28
39 41
40 21
41 10
42 35
43 32
44 2
45 13
46 27
47 33
48 26
SIMILAR

2 17 16 32 42 38 39 48 1 22 25 30 40 45 41 28 13 23 6 36 21 14 26 24 46 29 37 27 43 0 9 33 20 11 8 44 19 18 47 15 10 3 4 5 34 31 35 12 7 
0 29
1 8
2 0
3 41
4 42
5 43
6 18
7 48
8 34
9 30
10 40
11 33
12 47
13 16
14 21
15 39
16 2
17 1
18 37
19 36
20 32
21 20
22 9
23 17
24 23
25 10
26 22
27 27
28 15
29 25
30 11
31 45
32 3
33 31
34 44
35 46
36 19
37 26
38 5
39 6
40 12
41 14
42 4
43 28
44 35
45 13
46 24
47 38
48 7
SIMILAR

28 25 0 6 47 5 23 36 4 27 21 46 48 37 8 39 29 30 14 26 13 20 24 35 15 2 3 12 22 43 44 31 18 40 10 41 1 11 19 42 34 45 32 16 9 33 17 38 7 
0 2
1 36
2 25
3 26
4 8
5 5
6 3
7 48
8 14
9 44
10 34
11 37
12 27
13 20
14 18
15 24
16 43
17 46
18 32
19 38
20 21
21 10
22 28
23 6
24 22
25 1
26 19
27 9
28 0
29 16
30 17
31 31
32 42
33 45
34 40
35 23
36 7
37 13
38 47
39 15
40 33
41 35
42 39
43 29
44 30
45 41
46 11
47 4
48 12
SIMILAR

17 34 45 18 25 15 4 2 31 48 12 29 35 8 44 42 7 37 13 36 26 22 11 38 5 33 43 24 16 9 27 40 21 39 41 3 23 0 30 32 14 46 6 10 28 47 1 20 19 
0 37
1 46
2 7
3 35
4 6
5 24
6 42
7 16
8 13
9 29
10 43
11 22
12 10
13 18
14 40
15 5
16 28
17 0
18 3
19 48
20 47
21 32
22 21
23 36
24 27
25 4
26 20
27 30
28 44
29 11
30 38
31 8
32 39
33 25
34 1
35 12
36 19
37 17
38 23
39 33
40 31
41 34
42 15
43 26
44 14
45 2
46 41
47 45
48 9
SIMILAR

19 43 22 40 5 28 14 45 32 17 25 41 1 37 46 13 11 27 36 38 42 18 3 29 0 4 7 24 12 9 35 44 33 23 16 47 48 30 31 26 10 20 21 34 8 39 2 6 15 
0 24
1 12
2 46
3 22
4 25
5 4
6 47
7 26
8 44
9 29
10 40
11 16
12 28
13 15
14 6
15 48
16 34
17 9
18 21
19 0
20 41
21 42
22 2
23 33
24 27
25 10
26 39
27 17
28 5
29 23
30 37
31 38
32 8
33 32
34 43
35 30
36 18
37 13
38 19
39 45
40 3
41 11
42 20
43 1
44 31
45 7
46 14
47 35
48 36
SIMILAR

42 9 17 6 39 10 5 2 3 15 24 18 30 36 22 41 48 13 37 45 35 47 34 0 11 33 4 21 44 40 29 19 32 23 14 43 20 46 25 28 1 16 12 8 26 27 38 7 31 
0 23
1 40
2 7
3 8
4 26
5 6
6 3
7 47
8 43
9 1
10 5
11 24
12 42
13 17
14 34
15 9
16 41
17 2
18 11
19 31
20 36
21 27
22 14
23 33
24 10
25 38
26 44
27 45
28 39
29 30
30 12
31 48
32 32
33 25
34 22
35 20
36 13
37 18
38 46
39 4
40 29
41 15
42 0
43 35
44 28
45 19
46 37
47 21
48 16
SIMILAR

11 39 31 37 9 13 29 16 17 27 42 23 7 10 6 22 0 48 2 15 46 32 43 12 21 8 44 5 14 34 36 24 26 45 35 41 40 4 20 18 19 25 38 3 47 30 28 33 1 
0 16
1 48
2 18
3 43
4 37
5 27
6 14
7 12
8 25
9 4
10 13
11 0
12 23
13 5
14 28
15 19
16 7
17 8
18 39
19 40
20 38
21 24
22 15
23 11
24 31
25 41
26 32
27 9
28 46
29 6
30 45
31 2
32 21
33 47
34 29
35 34
36 30
37 3
38 42
39 1
40 36
41 35
42 10
43 22
44 26
45 33
46 20
47 44
48 17
SIMILAR

46 1 29 5 12 34 15 33 32 31 19 16 26 41 36 35 8 4 13 20 25 2 42 38 23 28 27 40 24 44 6 30 18 45 21 17 10 0 14 7 47 9 48 3 11 22 43 37 39 
0 37
1 1
2 21
3 43
4 17
5 3
6 30
7 39
8 16
9 41
10 36
11 44
12 4
13 18
14 38
15 6
16 11
17 35
18 32
19 10
20 19
21 34
22 45
23 24
24 28
25 20
26 12
27 26
28 25
29 2
30 31
31 9
32 8
33 7
34 5
35 15
36 14
37 47
38 23
39 48
40 27
41 13
42 22
43 46
44 29
45 33
46 0
47 40
48 42
SIMILAR

28 25 15 7 26 44 37 11 6 36 45 3 22 9 46 2 24 8 12 23 14 5 42 27 48 10 16 4 34 32 31 0 20 1 41 39 18 17 40 33 30 38 29 21 47 19 13 43 35 
0 31
1 33
2 15
3 11
4 27
5 21
6 8
7 3
8 17
9 13
10 25
11 7
12 18
13 46
14 20
15 2
16 26
17 37
18 36
19 45
20 32
21 43
22 12
23 19
24 16
25 1
26 4
27 23
28 0
29 42
30 40
31 30
32 29
33 39
34 28
35 48
36 9
37 6
38 41
39 35
40 38
41 34
42 22
43 47
44 5
45 10
46 14
47 44
48 24
SIMILAR

42 7 26 38 48 16 28 3 22 25 9 43 5 12 18 41 30 39 47 19 35 20 32 31 24 46 2 14 29 6 1 4 33 23 11 45 15 40 13 44 0 36 37 17 10 27 8 21 34 
0 40
1 30
2 26
3 7
4 31
5 12
6 29
7 1
8 46
9 10
10 44
11 34
12 13
13 38
14 27
15 36
16 5
17 43
18 14
19 19
20 21
21 47
22 8
23 33
24 24
25 9
26 2
27 45
28 6
29 28
30 16
31 23
32 22
33 32
34 48
35 20
36 41
37 42
38 3
39 17
40 37
41 15
42 0
43 11
44 39
45 35
46 25
47 18
48 4
SIMILAR

43 6 13 38 19 18 10 46 22 26 11 41 34 1 35 20 33 29 23 39 24 27 7 2 3 28 32 31 45 16 42 40 48 37 14 5 9 30 44 36 8 12 4 47 21 15 0 25 17 
0 46
1 13
2 23
3 24
4 42
5 35
6 1
7 22
8 40
9 36
10 6
11 10
12 41
13 2
14 34
15 45
16 29
17 48
18 5
19 4
20 15
21 44
22 8
23 18
24 20
25 47
26 9
27 21
28 25
29 17
30 37
31 27
32 26
33 16
34 12
35 14
36 39
37 33
38 3
39 19
40 31
41 11
42 30
43 0
44 38
45 28
46 7
47 43
48 32
SIMILAR

7 29 3 46 0 34 6 4 22 14 2 8 36 28 30 45 31 1 19 12 40 18 42 47 41 35 26 21 10 25 24 43 48 38 11 13 23 39 27 20 9 33 17 44 5 16 37 32 15 
0 4
1 17
2 10
3 2
4 7
5 44
6 6
7 0
8 11
9 40
10 28
11 34
12 19
13 35
14 9
15 48
16 45
17 42
18 21
19 18
20 39
21 27
22 8
23 36
24 30
25 29
26 26
27 38
28 13
29 1
30 14
31 16
32 47
33 41
34 5
35 25
36 12
37 46
38 33
39 37
40 20
41 24
42 22
43 31
44 43
45 15
46 3
47 23
48 32
SIMILAR

24 46 11 12 42 10 7 14 21 26 30 18 43 27 23 48 38 9 36 0 4 41 16 25 35 40 1 45 8 47 28 32 34 6 3 37 20 2 13 5 19 22 31 44 15 29 33 17 39 
0 19
1 26
2 37
3 34
4 20
5 39
6 33
7 6
8 28
9 17
10 5
11 2
12 3
13 38
14 7
15 44
16 22
17 47
18 11
19 40
20 36
21 8
22 41
23 14
24 0
25 23
26 9
27 13
28 30
29 45
30 10
31 42
32 31
33 46
34 32
35 24
36 18
37 35
38 16
39 48
40 25
41 21
42 4
43 12
44 43
45 27
46 1
47 29
48 15
SIMILAR

43 7 33 0 2 4 14 40 21 37 48 41 35 11 36 22 6 9 38 20 3 5 16 13 29 45 34 30 19 27 12 1 42 18 15 47 44 31 39 28 32 10 23 17 25 24 46 26 8 
0 3
1 31
2 4
3 20
4 5
5 21
6 16
7 1
8 48
9 17
10 41
11 13
12 30
13 23
14 6
15 34
16 22
17 43
18 33
19 28
20 19
21 8
22 15
23 42
24 45
25 44
26 47
27 29
28 39
29 24
30 27
31 37
32 40
33 2
34 26
35 12
36 14
37 9
38 18
39 38
40 7
41 11
42 32
43 0
44 36
45 25
46 46
47 35
48 10
SIMILAR

46 7 30 27 16 29 45 40 32 14 13 6 44 48 1 35 41 4 47 39 8 26 36 0 3 24 34 10 21 17 22 2 20 15 5 23 42 28 11 43 33 38 37 12 19 25 31 18 9 
0 23
1 14
2 31
3 24
4 17
5 34
6 11
7 1
8 20
9 48
10 27
11 38
12 43
13 10
14 9
15 33
16 4
17 29
18 47
19 44
20 32
21 28
22 30
23 35
24 25
25 45
26 21
27 3
28 37
29 5
30 2
31 46
32 8
33 40
34 26
35 15
36 22
37 42
38 41
39 19
40 7
41 16
42 36
43 39
44 12
45 6
46 0
47 18
48 13
SIMILAR

38 16 43 15 1 28 44 35 6 7 25 36 46 34 5 3 41 40 18 45 12 37 32 22 31 47 39 17 21 42 9 48 29 27 10 14 24 30 4 23 20 26 11 2 19 33 8 0 13 
0 47
1 4
2 43
3 15
4 38
5 14
6 8
7 9
8 46
9 30
10 34
11 42
12 20
13 48
14 35
15 3
16 1
17 27
18 18
19 44
20 40
21 28
22 23
23 39
24 36
25 10
26 41
27 33
28 5
29 32
30 37
31 24
32 22
33 45
34 13
35 7
36 11
37 21
38 0
39 26
40 17
41 16
42 29
43 2
44 6
45 19
46 12
47 25
48 31
SIMILAR

44 42 9 14 27 34 29 17 15 5 1 25 26 45 33 11 13 2 22 10 21 39 30 12 31 3 38 48 32 23 7 37 35 19 46 16 40 4 28 43 8 36 24 18 20 6 41 0 47 
0 47
1 10
2 17
3 25
4 37
5 9
6 45
7 30
8 40
9 2
10 19
11 15
12 23
13 16
14 3
15 8
16 35
17 7
18 43
19 33
20 44
21 20
22 18
23 29
24 42
25 11
26 12
27 4
28 38
29 6
30 22
31 24
32 28
33 14
34 5
35 32
36 41
37 31
38 26
39 21
40 36
41 46
42 1
43 39
44 0
45 13
46 34
47 48
48 27
SIMILAR

12 42 3 36 46 1 40 39 16 14 35 26 47 9 5 13 29 25 18 45 34 28 23 15 21 41 6 32 33 4 0 7 37 2 30 17 31 27 20 24 44 38 10 48 19 8 22 11 43 
0 30
1 5
2 33
3 2
4 29
5 14
6 26
7 31
8 45
9 13
10 42
11 47
12 0
13 15
14 9
15 23
16 8
17 35
18 18
19 44
20 38
21 24
22 46
23 22
24 39
25 17
26 11
27 37
28 21
29 16
30 34
31 36
32 27
33 28
34 20
35 10
36 3
37 32
38 41
39 7
40 6
41 25
42 1
43 48
44 40
45 19
46 4
47 12
48 43
SIMILAR

13 26 10 28 37 4 11 23 15 5 7 9 30 24 45 18 25 48 47 0 8 40 21 6 46 34 41 31 32 2 42 35 29 12 1 22 14 20 36 3 43 44 38 16 19 17 27 39 33 
0 19
1 34
2 29
3 39
4 5
5 9
6 23
7 10
8 20
9 11
10 2
11 6
12 33
13 0
14 36
15 8
16 43
17 45
18 15
19 44
20 37
21 22
22 35
23 7
24 13
25 16
26 1
27 46
28 3
29 32
30 12
31 27
32 28
33 48
34 25
35 31
36 38
37 4
38 42
39 47
40 21
41 26
42 30
43 40
44 41
45 14
46 24
47 18
48 17
SIMILAR

31 6 3 28 26 35 7 37 23 19 38 43 21 34 22 15 25 14 46 9 32 44 12 27 29 47 18 0 10 20 48 17 1 24 36 40 33 16 5 13 4 42 45 39 41 30 2 8 11 
0 27
1 32
2 46
3 2
4 40
5 38
6 1
7 6
8 47
9 19
10 28
11 48
12 22
13 39
14 17
15 15
16 37
17 31
18 26
19 9
20 29
21 12
22 14
23 8
24 33
25 16
26 4
27 23
28 3
29 24
30 45
31 0
32 20
33 36
34 13
35 5
36 34
37 7
38 10
39 43
40 35
41 44
42 41
43 11
44 21
45 42
46 18
47 25
48 30
SIMILAR

3 12 34 13 18 46 5 31 35 44 17 19 25 32 27 23 4 42 22 48 37 20 45 43 9 6 28 11 36 38 8 24 29 30 16 47 14 41 1 33 2 21 7 15 10 39 26 40 0 
0 48
1 38
2 40
3 0
4 16
5 6
6 25
7 42
8 30
9 24
10 44
11 27
12 1
13 3
14 36
15 43
16 34
17 10
18 4
19 11
20 21
21 41
22 18
23 15
24 31
25 12
26 46
27 14
28 26
29 32
30 33
31 7
32 13
33 39
34 2
35 8
36 28
37 20
38 29
39 45
40 47
41 37
42 17
43 23
44 9
45 22
46 5
47 35
48 19
SIMILAR

18 37 45 26 7 29 0 34 3 12 27 28 32 5 48 46 2 35 8 43 30 16 33 13 31 11 24 25 22 14 38 42 4 9 40 6 17 39 20 23 15 21 41 1 19 36 44 47 10 
0 6
1 43
2 16
3 8
4 32
5 13
6 35
7 4
8 18
9 33
10 48
11 25
12 9
13 23
14 29
15 40
16 21
17 36
18 0
19 44
20 38
21 41
22 28
23 39
24 26
25 27
26 3
27 10
28 11
29 5
30 20
31 24
32 12
33 22
34 7
35 17
36 45
37 1
38 30
39 37
40 34
41 42
42 31
43 19
44 46
45 2
46 15
47 47
48 14
SIMILAR

36 23 30 1 16 24 26 29 44 32 14 41 28 45 17 0 48 7 18 38 13 2 46 8 37 33 25 27 6 3 4 39 35 10 47 20 43 19 42 40 5 12 22 31 34 11 15 21 9 
0 15
1 3
2 21
3 29
4 30
5 40
6 28
7 17
8 23
9 48
10 33
11 45
12 41
13 20
14 10
15 46
16 4
17 14
18 18
19 37
20 35
21 47
22 42
23 1
24 5
25 26
26 6
27 27
28 12
29 7
30 2
31 43
32 9
33 25
34 44
35 32
36 0
37 24
38 19
39 31
40 39
41 11
42 38
43 36
44 8
45 13
46 22
47 34
48 16
SIMILAR

19 36 35 44 31 32 28 6 9 3 46 41 2 40 43 21 34 16 4 26 39 5 25 1 27 42 20 37 8 7 12 11 14 33 22 18 29 23 10 17 30 48 47 45 15 38 13 0 24 
0 47
1 23
2 12
3 9
4 18
5 21
6 7
7 29
8 28
9 8
10 38
11 31
12 30
13 46
14 32
15 44
16 17
17 39
18 35
19 0
20 26
21 15
22 34
23 37
24 48
25 22
26 19
27 24
28 6
29 36
30 40
31 4
32 5
33 33
34 16
35 2
36 1
37 27
38 45
39 20
40 13
41 11
42 25
43 14
44 3
45 43
46 10
47 42
48 41
SIMILAR

35 20 12 46 14 22 45 47 17 5 48 30 13 27 10 41 37 15 29 43 31 8 26 19 33 28 24 34 6 1 16 21 9 38 18 23 2 44 32 0 39 7 4 36 40 25 42 11 3 
0 39
1 29
2 36
3 48
4 42
5 9
6 28
7 41
8 21
9 32
10 14
11 47
12 2
13 12
14 4
15 17
16 30
17 8
18 34
19 23
20 1
21 31
22 5
23 35
24 26
25 45
26 22
27 13
28 25
29 18
30 11
31 20
32 38
33 24
34 27
35 0
36 43
37 16
38 33
39 40
40 44
41 15
42 46
43 19
44 37
45 6
46 3
47 7
48 10
SIMILAR

47 1 48 40 14 4 26 16 43 22 23 29 31 24 33 18 10 28 39 45 3 11 8 21 32 36 0 27 35 38 9 37 19 46 17 25 7 42 44 30 13 20 2 6 5 41 15 12 34 
0 26
1 1
2 42
3 20
4 5
5 44
6 43
7 36
8 22
9 30
10 16
11 21
12 47
13 40
14 4
15 46
16 7
17 34
18 15
19 32
20 41
21 23
22 9
23 10
24 13
25 35
26 6
27 27
28 17
29 11
30 39
31 12
32 24
33 14
34 48
35 28
36 25
37 31
38 29
39 18
40 3
41 45
42 37
43 8
44 38
45 19
46 33
47 0
48 2
SIMILAR

22 12 6 28 8 26 31 19 25 27 16 48 44 24 13 41 4 35 17 5 47 1 29 15 46 42 43 7 38 18 40 9 3 36 34 32 14 45 30 23 33 0 39 37 20 2 10 21 11 
0 41
1 21
2 45
3 32
4 16
5 19
6 2
7 27
8 4
9 31
10 46
11 48
12 1
13 14
14 36
15 23
16 10
17 18
18 29
19 7
20 44
21 47
22 0
23 39
24 13
25 8
26 5
27 9
28 3
29 22
30 38
31 6
32 35
33 40
34 34
35 17
36 33
37 43
38 28
39 42
40 30
41 15
42 25
43 26
44 12
45 37
46 24
47 20
48 11
SIMILAR

32 45 35 24 18 38 9 34 28 44 40 12 19 4 15 22 2 47 42 0 1 41 17 37 46 23 33 7 21 6 31 10 11 8 43 5 30 13 26 20 3 48 27 14 16 25 39 29 36 
0 19
1 20
2 16
3 40
4 13
5 35
6 29
7 27
8 33
9 6
10 31
11 32
12 11
13 37
14 43
15 14
16 44
17 22
18 4
19 12
20 39
21 28
22 15
23 25
24 3
25 45
26 38
27 42
28 8
29 47
30 36
31 30
32 0
33 26
34 7
35 2
36 48
37 23
38 5
39 46
40 10
41 21
42 18
43 34
44 9
45 1
46 24
47 17
48 41
SIMILAR

28 45 39 31 32 6 29 19 41 1 12 37 3 9 7 44 34 0 46 47 2 13 18 33 43 17 5 40 36 10 27 16 30 21 42 20 11 14 15 8 26 23 24 22 38 48 4 25 35 
0 17
1 9
2 20
3 12
4 46
5 26
6 5
7 14
8 39
9 13
10 29
11 36
12 10
13 21
14 37
15 38
16 31
17 25
18 22
19 7
20 35
21 33
22 43
23 41
24 42
25 47
26 40
27 30
28 0
29 6
30 32
31 3
32 4
33 23
34 16
35 48
36 28
37 11
38 44
39 2
40 27
41 8
42 34
43 24
44 15
45 1
46 18
47 19
48 45
SIMILAR

40 42 3 48 2 13 24 23 19 11 27 10 21 12 16 29 36 33 15 26 18 37 14 6 43 39 8 22 32 4 5 9 28 41 44 25 46 45 7 34 17 35 47 38 0 1 20 31 30 
0 44
1 45
2 4
3 2
4 29
5 30
6 23
7 38
8 26
9 31
10 11
11 9
12 13
13 5
14 22
15 18
16 14
17 40
18 20
19 8
20 46
21 12
22 27
23 7
24 6
25 35
26 19
27 10
28 32
29 15
30 48
31 47
32 28
33 17
34 39
35 41
36 16
37 21
38 43
39 25
40 0
41 33
42 1
43 24
44 34
45 37
46 36
47 42
48 3
SIMILAR

3 26 5 43 39 9 8 6 24 20 34 1 21 29 18 46 41 40 4 13 36 14 33 19 23 22 37 38 42 32 2 45 47 0 31 17 10 11 27 28 12 16 30 25 44 7 15 48 35 
0 33
1 11
2 30
3 0
4 18
5 2
6 7
7 45
8 6
9 5
10 36
11 37
12 40
13 19
14 21
15 46
16 41
17 35
18 14
19 23
20 9
21 12
22 25
23 24
24 8
25 43
26 1
27 38
28 39
29 13
30 42
31 34
32 29
33 22
34 10
35 48
36 20
37 26
38 27
39 4
40 17
41 16
42 28
43 3
44 44
45 31
46 15
47 32
48 47
SIMILAR

12 32 20 15 26 5 30 41 48 37 10 45 38 4 18 9 36 40 1 47 0 24 8 19 31 25 42 39 13 28 27 21 16 11 33 23 34 43 35 3 44 17 29 46 22 2 6 7 14 
0 20
1 18
2 45
3 39
4 13
5 5
6 46
7 47
8 22
9 15
10 10
11 33
12 0
13 28
14 48
15 3
16 32
17 41
18 14
19 23
20 2
21 31
22 44
23 35
24 21
25 25
26 4
27 30
28 29
29 42
30 6
31 24
32 1
33 34
34 36
35 38
36 16
37 9
38 12
39 27
40 17
41 7
42 26
43 37
44 40
45 11
46 43
47 19
48 8
SIMILAR

33 1 6 19 13 47 16 18 26 3 17 40 36 11 29 2 31 10 34 39 15 9 41 46 25 5 27 48 28 0 35 4 21 43 42 23 38 12 20 37 24 32 14 44 45 22 7 8 30 
0 29
1 1
2 15
3 9
4 31
5 25
6 2
7 46
8 47
9 21
10 17
11 13
12 37
13 4
14 42
15 20
16 6
17 10
18 7
19 3
20 38
21 32
22 45
23 35
24 40
25 24
26 8
27 26
28 28
29 14
30 48
31 16
32 41
33 0
34 18
35 30
36 12
37 39
38 36
39 19
40 11
41 22
42 34
43 33
44 43
45 44
46 23
47 5
48 27
SIMILAR

12 27 10 16 15 2 26 44 31 40 37 43 14 21 5 29 36 13 17 28 4 0 23 3 9 38 6 8 48 32 42 11 47 1 46 35 22 30 39 34 24 33 7 20 19 41 45 18 25 
0 21
1 33
2 5
3 23
4 20
5 14
6 26
7 42
8 27
9 24
10 2
11 31
12 0
13 17
14 12
15 4
16 3
17 18
18 47
19 44
20 43
21 13
22 36
23 22
24 40
25 48
26 6
27 1
28 19
29 15
30 37
31 8
32 29
33 41
34 39
35 35
36 16
37 10
38 25
39 38
40 9
41 45
42 30
43 11
44 7
45 46
46 34
47 32
48 28
SIMILAR

12 34 0 42 20 48 13 7 29 39 32 24 44 31 41 46 33 28 43 14 25 40 17 30 22 19 9 11 15 1 3 35 36 27 21 37 6 23 26 2 5 8 16 38 45 10 4 18 47 
0 2
1 29
2 39
3 30
4 46
5 40
6 36
7 7
8 41
9 26
10 45
11 27
12 0
13 6
14 19
15 28
16 42
17 22
18 47
19 25
20 4
21 34
22 24
23 37
24 11
25 20
26 38
27 33
28 17
29 8
30 23
31 13
32 10
33 16
34 1
35 31
36 32
37 35
38 43
39 9
40 21
41 14
42 3
43 18
44 12
45 44
46 15
47 48
48 5
SIMILAR

16 25 32 34 6 35 11 15 42 13 9 1 4 0 8 5 21 22 12 23 41 33 43 24 38 47 19 10 2 29 17 31 20 14 26 3 46 39 37 7 40 44 27 48 28 36 30 18 45 
0 13
1 11
2 28
3 35
4 12
5 15
6 4
7 39
8 14
9 10
10 27
11 6
12 18
13 9
14 33
15 7
16 0
17 30
18 47
19 26
20 32
21 16
22 17
23 19
24 23
25 1
26 34
27 42
28 44
29 29
30 46
31 31
32 2
33 21
34 3
35 5
36 45
37 38
38 24
39 37
40 40
41 20
42 8
43 22
44 41
45 48
46 36
47 25
48 43
SIMILAR

19 22 18 3 39 44 35 46 29 13 26 38 8 30 31 15 12 9 37 5 10 21 27 24 48 28 1 6 14 20 2 42 40 25 17 47 45 43 16 34 33 36 11 4 32 0 7 23 41 
0 45
1 26
2 30
3 3
4 43
5 19
6 27
7 46
8 12
9 17
10 20
11 42
12 16
13 9
14 28
15 15
16 38
17 34
18 2
19 0
20 29
21 21
22 1
23 47
24 23
25 33
26 10
27 22
28 25
29 8
30 13
31 14
32 44
33 40
34 39
35 6
36 41
37 18
38 11
39 4
40 32
41 48
42 31
43 37
44 5
45 36
46 7
47 35
48 24
SIMILAR

48 22 2 14 9 11 39 21 41 47 32 8 6 44 45 4 25 18 20 43 12 23 30 1 17 37 3 19 26 29 38 24 13 16 5 34 27 35 36 28 15 31 7 42 46 0 33 40 10 
0 45
1 23
2 2
3 26
4 15
5 34
6 12
7 42
8 11
9 4
10 48
11 5
12 20
13 32
14 3
15 40
16 33
17 24
18 17
19 27
20 18
21 7
22 1
23 21
24 31
25 16
26 28
27 36
28 39
29 29
30 22
31 41
32 10
33 46
34 35
35 37
36 38
37 25
38 30
39 6
40 47
41 8
42 43
43 19
44 13
45 14
46 44
47 9
48 0
SIMILAR

24 43 20 37 44 29 27 22 32 4 13 34 41 10 28 48 17 45 8 42 38 1 40 11 31 5 7 21 3 14 30 15 16 33 19 46 39 25 35 6 18 26 0 23 36 47 2 12 9 
0 42
1 21
2 46
3 28
4 9
5 25
6 39
7 26
8 18
9 48
10 13
11 23
12 47
13 10
14 29
15 31
16 32
17 16
18 40
19 34
20 2
21 27
22 7
23 43
24 0
25 37
26 41
27 6
28 14
29 5
30 30
31 24
32 8
33 33
34 11
35 38
36 44
37 3
38 20
39 36
40 22
41 12
42 19
43 1
44 4
45 17
46 35
47 45
48 15
SIMILAR

17 10 14 0 4 43 11 3 2 9 18 41 30 38 8 48 22 39 37 21 28 40 13 25 16 32 20 12 1 31 19 29 23 15 26 34 47 5 45 35 46 44 33 6 7 24 42 27 36 
0 3
1 28
2 8
3 7
4 4
5 37
6 43
7 44
8 14
9 9
10 1
11 6
12 27
13 22
14 2
15 33
16 24
17 0
18 10
19 30
20 26
21 19
22 16
23 32
24 45
25 23
26 34
27 47
28 20
29 31
30 12
31 29
32 25
33 42
34 35
35 39
36 48
37 18
38 13
39 17
40 21
41 11
42 46
43 5
44 41
45 38
46 40
47 36
48 15
SIMILAR

2 43 46 18 3 30 19 28 40 35 26 47 36 4 8 23 12 1 33 38 29 24 6 39 17 44 42 27 37 22 5 45 31 11 16 10 20 32 7 41 25 34 48 13 14 0 21 15 9 
0 45
1 17
2 0
3 4
4 13
5 30
6 22
7 38
8 14
9 48
10 35
11 33
12 16
13 43
14 44
15 47
16 34
17 24
18 3
19 6
20 36
21 46
22 29
23 15
24 21
25 40
26 10
27 27
28 7
29 20
30 5
31 32
32 37
33 18
34 41
35 9
36 12
37 28
38 19
39 23
40 8
41 39
42 26
43 1
44 25
45 31
46 2
47 11
48 42
SIMILAR

38 42 31 35 8 48 24 47 44 7 19 33 21 3 36 2 39 20 25 12 5 17 30 37 9 16 40 4 13 28 6 27 34 1 15 23 46 0 45 11 29 22 26 43 41 32 14 10 18 
0 37
1 33
2 15
3 13
4 27
5 20
6 30
7 9
8 4
9 24
10 47
11 39
12 19
13 28
14 46
15 34
16 25
17 21
18 48
19 10
20 17
21 12
22 41
23 35
24 6
25 18
26 42
27 31
28 29
29 40
30 22
31 2
32 45
33 11
34 32
35 3
36 14
37 23
38 0
39 16
40 26
41 44
42 1
43 43
44 8
45 38
46 36
47 7
48 5
SIMILAR

25 8 6 34 2 18 13 10 38 21 15 41 48 45 42 0 43 26 37 24 33 35 46 28 36 29 44 11 31 32 9 12 47 30 17 20 40 7 1 16 23 5 4 39 3 22 27 19 14 
0 15
1 38
2 4
3 44
4 42
5 41
6 2
7 37
8 1
9 30
10 7
11 27
12 31
13 6
14 48
15 10
16 39
17 34
18 5
19 47
20 35
21 9
22 45
23 40
24 19
25 0
26 17
27 46
28 23
29 25
30 33
31 28
32 29
33 20
34 3
35 21
36 24
37 18
38 8
39 43
40 36
41 11
42 14
43 16
44 26
45 13
46 22
47 32
48 12
SIMILAR

41 9 13 45 10 34 20 44 1 23 16 43 26 36 28 3 40 32 30 38 0 35 15 17 39 42 29 48 11 6 5 25 7 33 2 19 37 46 47 31 21 27 4 14 8 12 18 24 22 
0 20
1 8
2 34
3 15
4 42
5 30
6 29
7 32
8 44
9 1
10 4
11 28
12 45
13 2
14 43
15 22
16 10
17 23
18 46
19 35
20 6
21 40
22 48
23 9
24 47
25 31
26 12
27 41
28 14
29 26
30 18
31 39
32 17
33 33
34 5
35 21
36 13
37 36
38 19
39 24
40 16
41 0
42 25
43 11
44 7
45 3
46 37
47 38
48 27
SIMILAR

13 34 3 47 40 0 29 4 33 21 6 8 30 7 11 32 37 23 1 17 18 22 42 12 20 15 36 19 43 24 27 25 46 45 5 26 2 44 9 31 39 35 16 28 48 14 10 38 41 
0 5
1 18
2 36
3 2
4 7
5 34
6 10
7 13
8 11
9 38
10 46
11 14
12 23
13 0
14 45
15 25
16 42
17 19
18 20
19 27
20 24
21 9
22 21
23 17
24 29
25 31
26 35
27 30
28 43
29 6
30 12
31 39
32 15
33 8
34 1
35 41
36 26
37 16
38 47
39 40
40 4
41 48
42 22
43 28
44 37
45 33
46 32
47 3
48 44
SIMILAR

5 34 19 48 32 11 39 44 9 30 10 12 40 45 7 31 13 36 6 27 33 8 0 35 37 26 22 1 42 4 41 24 28 18 43 23 21 46 47 38 14 15 16 2 20 3 25 17 29 
0 22
1 27
2 43
3 45
4 29
5 0
6 18
7 14
8 21
9 8
10 10
11 5
12 11
13 16
14 40
15 41
16 42
17 47
18 33
19 2
20 44
21 36
22 26
23 35
24 31
25 46
26 25
27 19
28 32
29 48
30 9
31 15
32 4
33 20
34 1
35 23
36 17
37 24
38 39
39 6
40 12
41 30
42 28
43 34
44 7
45 13
46 37
47 38
48 3
SIMILAR

26 18 17 46 24 33 37 1 23 9 10 19 16 15 0 2 25 32 38 47 43 34 7 39 13 3 44 21 12 8 41 28 20 5 30 6 40 22 4 14 27 48 45 11 31 29 42 35 36 
0 14
1 7
2 15
3 25
4 38
5 33
6 35
7 22
8 29
9 9
10 10
11 43
12 28
13 24
14 39
15 13
16 12
17 2
18 1
19 11
20 32
21 27
22 37
23 8
24 4
25 16
26 0
27 40
28 31
29 45
30 34
31 44
32 17
33 5
34 21
35 47
36 48
37 6
38 18
39 23
40 36
41 30
42 46
43 20
44 26
45 42
46 3
47 19
48 41
SIMILAR

0 36 19 34 43 21 41 30 48 31 32 23 18 11 37 1 16 45 3 5 35 20 12 33 28 17 46 47 7 22 10 8 13 14 4 42 15 40 6 27 24 9 44 26 2 25 39 38 29 
0 0
1 15
2 44
3 18
4 34
5 19
6 38
7 28
8 31
9 41
10 30
11 13
12 22
13 32
14 33
15 36
16 16
17 25
18 12
19 2
20 21
21 5
22 29
23 11
24 40
25 45
26 43
27 39
28 24
29 48
30 7
31 9
32 10
33 23
34 3
35 20
36 1
37 14
38 47
39 46
40 37
41 6
42 35
43 4
44 42
45 17
46 26
47 27
48 8
SIMILAR

44 4 29 0 17 34 25 14 32 24 37 27 3 41 5 7 33 43 12 26 28 31 36 20 23 39 30 6 46 38 10 2 42 48 16 47 21 13 15 35 1 9 45 40 19 18 11 22 8 
0 3
1 40
2 31
3 12
4 1
5 14
6 27
7 15
8 48
9 41
10 30
11 46
12 18
13 37
14 7
15 38
16 34
17 4
18 45
19 44
20 23
21 36
22 47
23 24
24 9
25 6
26 19
27 11
28 20
29 2
30 26
31 21
32 8
33 16
34 5
35 39
36 22
37 10
38 29
39 25
40 43
41 13
42 32
43 17
44 0
45 42
46 28
47 35
48 33
SIMILAR

7 15 27 25 29 9 42 40 20 36 28 48 11 0 12 33 23 24 26 47 21 14 38 19 5 8 35 32 39 2 16 18 44 13 1 3 37 34 46 43 41 22 31 6 45 17 30 4 10 
0 13
1 34
2 29
3 35
4 47
5 24
6 43
7 0
8 25
9 5
10 48
11 12
12 14
13 33
14 21
15 1
16 30
17 45
18 31
19 23
20 8
21 20
22 41
23 16
24 17
25 3
26 18
27 2
28 10
29 4
30 46
31 42
32 27
33 15
34 37
35 26
36 9
37 36
38 22
39 28
40 7
41 40
42 6
43 39
44 32
45 44
46 38
47 19
48 11
SIMILAR

38 24 41 29 5 0 27 12 44 40 45 28 23 37 48 15 46 32 10 1 14 8 26 39 17 2 18 35 3 36 34 4 7 22 42 13 21 30 6 33 31 19 43 20 11 47 16 9 25 
0 5
1 19
2 25
3 28
4 31
5 4
6 38
7 32
8 21
9 47
10 18
11 44
12 7
13 35
14 20
15 15
16 46
17 24
18 26
19 41
20 43
21 36
22 33
23 12
24 1
25 48
26 22
27 6
28 11
29 3
30 37
31 40
32 17
33 39
34 30
35 27
36 29
37 13
38 0
39 23
40 9
41 2
42 34
43 42
44 8
45 10
46 16
47 45
48 14
SIMILAR

35 17 2 8 43 24 23 12 7 44 39 10 20 14 1 41 46 15 48 22 3 4 25 34 19 5 37 18 30 38 11 16 36 13 21 42 0 33 27 47 29 40 9 28 6 32 45 31 26 
0 36
1 14
2 2
3 20
4 21
5 25
6 44
7 8
8 3
9 42
10 11
11 30
12 7
13 33
14 13
15 17
16 31
17 1
18 27
19 24
20 12
21 34
22 19
23 6
24 5
25 22
26 48
27 38
28 43
29 40
30 28
31 47
32 45
33 37
34 23
35 0
36 32
37 26
38 29
39 10
40 41
41 15
42 35
43 4
44 9
45 46
46 16
47 39
48 18
SIMILAR

24 25 40 5 22 35 29 9 2 16 30 45 37 13 0 8 21 48 17 41 27 3 10 36 42 14 19 46 43 38 32 18 6 15 4 33 26 23 31 47 11 12 28 1 20 34 44 39 7 
0 14
1 43
2 8
3 21
4 34
5 3
6 32
7 48
8 15
9 7
10 22
11 40
12 41
13 13
14 25
15 33
16 9
17 18
18 31
19 26
20 44
21 16
22 4
23 37
24 0
25 1
26 36
27 20
28 42
29 6
30 10
31 38
32 30
33 35
34 45
35 5
36 23
37 12
38 29
39 47
40 2
41 19
42 24
43 28
44 46
45 11
46 27
47 39
48 17
SIMILAR

35 14 28 8 13 38 6 18 27 41 40 9 45 31 34 19 44 37 5 2 22 3 29 1 7 17 20 30 10 12 33 16 39 23 11 15 4 48 47 21 26 42 43 24 25 36 46 32 0 
0 48
1 23
2 19
3 21
4 36
5 18
6 6
7 24
8 3
9 11
10 28
11 34
12 29
13 4
14 1
15 35
16 31
17 25
18 7
19 15
20 26
21 39
22 20
23 33
24 43
25 44
26 40
27 8
28 2
29 22
30 27
31 13
32 47
33 30
34 14
35 0
36 45
37 17
38 5
39 32
40 10
41 9
42 41
43 42
44 16
45 12
46 46
47 38
48 37
SIMILAR

2 37 39 0 13 47 34 25 4 38 48 5 35 20 36 26 17 40 29 19 46 31 22 1 10 18 8 32 12 21 41 15 24 9 3 23 28 27 45 7 14 16 11 42 44 6 30 33 43 
0 3
1 23
2 0
3 34
4 8
5 11
6 45
7 39
8 26
9 33
10 24
11 42
12 28
13 4
14 40
15 31
16 41
17 16
18 25
19 19
20 13
21 29
22 22
23 35
24 32
25 7
26 15
27 37
28 36
29 18
30 46
31 21
32 27
33 47
34 6
35 12
36 14
37 1
38 9
39 2
40 17
41 30
42 43
43 48
44 44
45 38
46 20
47 5
48 10
SIMILAR

20 38 39 43 24 29 23 6 42 45 41 5 30 2 8 27 11 22 46 0 28 12 48 21 35 3 16 1 36 37 32 4 15 19 31 25 26 47 18 40 33 7 14 34 17 13 10 9 44 
0 19
1 27
2 13
3 25
4 31
5 11
6 7
7 41
8 14
9 47
10 46
11 16
12 21
13 45
14 42
15 32
16 26
17 44
18 38
19 33
20 0
21 23
22 17
23 6
24 4
25 35
26 36
27 15
28 20
29 5
30 12
31 34
32 30
33 40
34 43
35 24
36 28
37 29
38 1
39 2
40 39
41 10
42 8
43 3
44 48
45 9
46 18
47 37
48 22
SIMILAR

8 10 4 12 31 39 37 38 5 47 28 21 24 43 42 15 27 2 30 22 17 33 13 34 48 41 9 26 44 45 19 20 11 7 23 3 46 36 40 29 14 1 32 16 0 25 35 6 18 
0 44
1 41
2 17
3 35
4 2
5 8
6 47
7 33
8 0
9 26
10 1
11 32
12 3
13 22
14 40
15 15
16 43
17 20
18 48
19 30
20 31
21 11
22 19
23 34
24 12
25 45
26 27
27 16
28 10
29 39
30 18
31 4
32 42
33 21
34 23
35 46
36 37
37 6
38 7
39 5
40 38
41 25
42 14
43 13
44 28
45 29
46 36
47 9
48 24
SIMILAR

22 5 16 12 13 3 43 45 7 35 6 37 48 25 9 30 24 38 21 2 0 42 23 1 44 33 17 18 32 47 31 19 28 34 10 15 8 29 27 39 11 41 40 14 46 36 26 20 4 
0 20
1 23
2 19
3 5
4 48
5 1
6 10
7 8
8 36
9 14
10 34
11 40
12 3
13 4
14 43
15 35
16 2
17 26
18 27
19 31
20 47
21 18
22 0
23 22
24 16
25 13
26 46
27 38
28 32
29 37
30 15
31 30
32 28
33 25
34 33
35 9
36 45
37 11
38 17
39 39
40 42
41 41
42 21
43 6
44 24
45 7
46 44
47 29
48 12
SIMILAR

39 24 20 15 3 30 4 34 28 22 47 36 13 6 43 10 9 40 29 38 8 16 2 21 11 48 27 31 7 26 32 19 1 23 45 37 12 44 0 33 35 42 25 41 18 46 17 14 5 
0 38
1 32
2 22
3 4
4 6
5 48
6 13
7 28
8 20
9 16
10 15
11 24
12 36
13 12
14 47
15 3
16 21
17 46
18 44
19 31
20 2
21 23
22 9
23 33
24 1
25 42
26 29
27 26
28 8
29 18
30 5
31 27
32 30
33 39
34 7
35 40
36 11
37 35
38 19
39 0
40 17
41 43
42 41
43 14
44 37
45 34
46 45
47 10
48 25
SIMILAR

39 13 3 43 19 36 8 18 22 24 42 27 20 25 14 0 45 7 32 40 21 44 38 37 41 47 35 1 26 15 6 29 4 12 2 16 48 5 33 17 28 46 31 23 34 10 11 30 9 
0 15
1 27
2 34
3 2
4 32
5 37
6 30
7 17
8 6
9 48
10 45
11 46
12 33
13 1
14 14
15 29
16 35
17 39
18 7
19 4
20 12
21 20
22 8
23 43
24 9
25 13
26 28
27 11
28 40
29 31
30 47
31 42
32 18
33 38
34 44
35 26
36 5
37 23
38 22
39 0
40 19
41 24
42 10
43 3
44 21
45 16
46 41
47 25
48 36
SIMILAR

7 22 45 2 13 44 1 39 43 38 5 36 18 19 10 23 29 46 37 3 20 32 33 48 6 21 26 0 30 40 16 31 14 11 35 28 24 4 15 12 9 47 42 25 27 41 8 34 17 
0 27
1 6
2 3
3 19
4 37
5 10
6 24
7 0
8 46
9 40
10 14
11 33
12 39
13 4
14 32
15 38
16 30
17 48
18 12
19 13
20 20
21 25
22 1
23 15
24 36
25 43
26 26
27 44
28 35
29 16
30 28
31 31
32 21
33 22
34 47
35 34
36 11
37 18
38 9
39 7
40 29
41 45
42 42
43 8
44 5
45 2
46 17
47 41
48 23
SIMILAR

33 18 6 40 36 38 43 22 28 15 7 29 41 17 48 11 24 35 45 14 42 10 23 13 26 12 31 5 3 0 34 20 1 2 21 39 8 19 32 46 4 30 47 16 37 9 27 25 44 
0 29
1 32
2 33
3 28
4 40
5 27
6 2
7 10
8 36
9 45
10 21
11 15
12 25
13 23
14 19
15 9
16 43
17 13
18 1
19 37
20 31
21 34
22 7
23 22
24 16
25 47
26 24
27 46
28 8
29 11
30 41
31 26
32 38
33 0
34 30
35 17
36 4
37 44
38 5
39 35
40 3
41 12
42 20
43 6
44 48
45 18
46 39
47 42
48 14
SIMILAR

29 13 18 17 33 38 28 42 43 12 5 15 0 8 40 21 48 23 47 34 19 27 26 39 20 11 2 7 37 4 46 31 9 36 22 10 30 1 41 6 45 14 35 24 44 3 25 16 32 
0 12
1 37
2 26
3 45
4 29
5 10
6 39
7 27
8 13
9 32
10 35
11 25
12 9
13 1
14 41
15 11
16 47
17 3
18 2
19 20
20 24
21 15
22 34
23 17
24 43
25 46
26 22
27 21
28 6
29 0
30 36
31 31
32 48
33 4
34 19
35 42
36 33
37 28
38 5
39 23
40 14
41 38
42 7
43 8
44 44
45 40
46 30
47 18
48 16
SIMILAR

13 9 32 16 33 17 31 35 4 30 36 38 0 28 37 22 11 25 44 14 7 19 1 3 12 47 43 48 27 41 34 24 2 6 18 45 5 21 40 8 20 15 23 46 39 26 10 42 29 
0 12
1 22
2 32
3 23
4 8
5 36
6 33
7 20
8 39
9 1
10 46
11 16
12 24
13 0
14 19
15 41
16 3
17 5
18 34
19 21
20 40
21 37
22 15
23 42
24 31
25 17
26 45
27 28
28 13
29 48
30 9
31 6
32 2
33 4
34 30
35 7
36 10
37 14
38 11
39 44
40 38
41 29
42 47
43 26
44 18
45 35
46 43
47 25
48 27
SIMILAR

13 18 35 4 33 20 7 3 27 26 21 31 23 44 37 1 30 24 42 19 36 34 16 47 43 9 14 8 41 40 32 45 11 0 17 10 22 48 29 2 15 46 39 5 25 12 38 6 28 
0 33
1 15
2 39
3 7
4 3
5 43
6 47
7 6
8 27
9 25
10 35
11 32
12 45
13 0
14 26
15 40
16 22
17 34
18 1
19 19
20 5
21 10
22 36
23 12
24 17
25 44
26 9
27 8
28 48
29 38
30 16
31 11
32 30
33 4
34 21
35 2
36 20
37 14
38 46
39 42
40 29
41 28
42 18
43 24
44 13
45 31
46 41
47 23
48 37
SIMILAR

14 41 6 19 1 44 21 9 37 46 13 39 11 31 29 40 10 18 23 25 35 12 30 47 17 20 15 34 4 45 27 3 43 36 33 8 38 32 48 26 7 28 0 22 16 24 42 5 2 
0 42
1 4
2 48
3 31
4 28
5 47
6 2
7 40
8 35
9 7
10 16
11 12
12 21
13 10
14 0
15 26
16 44
17 24
18 17
19 3
20 25
21 6
22 43
23 18
24 45
25 19
26 39
27 30
28 41
29 14
30 22
31 13
32 37
33 34
34 27
35 20
36 33
37 8
38 36
39 11
40 15
41 1
42 46
43 32
44 5
45 29
46 9
47 23
48 38
SIMILAR

16 17 19 42 24 23 9 48 7 27 10 14 26 31 18 4 25 47 28 11 0 30 39 1 5 41 32 20 44 3 43 38 22 46 37 45 12 15 2 21 6 34 8 29 35 36 40 33 13 
0 20
1 23
2 38
3 29
4 15
5 24
6 40
7 8
8 42
9 6
10 10
11 19
12 36
13 48
14 11
15 37
16 0
17 1
18 14
19 2
20 27
21 39
22 32
23 5
24 4
25 16
26 12
27 9
28 18
29 43
30 21
31 13
32 26
33 47
34 41
35 44
36 45
37 34
38 31
39 22
40 46
41 25
42 3
43 30
44 28
45 35
46 33
47 17
48 7
SIMILAR
100 0
4200 0
454200 0
