49
0 0 1 1 1 1 0 1 1 0 0 0 0 0 0 1 0 0 0 0 1 0 1 1 1 1 1 1 1 0 0 0 1 0 1 1 1 1 1 0 0 0 1 0 0 0 1 0 0 
0 0 1 0 1 0 0 1 1 1 1 1 1 1 0 1 1 1 0 0 1 1 1 1 1 0 0 1 1 1 1 0 0 1 0 1 0 1 1 1 0 1 0 0 0 1 0 1 1 
1 1 0 1 1 1 0 1 1 1 0 0 0 0 1 1 1 1 1 1 1 0 1 1 0 0 0 0 1 0 0 0 0 0 0 1 1 0 0 0 0 0 1 1 1 0 0 1 1 
1 0 1 0 1 1 0 1 0 0 1 0 0 1 1 0 1 1 1 0 0 0 1 0 1 0 1 1 1 0 0 1 1 1 0 0 0 0 1 0 1 0 1 1 0 1 0 1 1 
1 1 1 1 0 0 0 1 0 1 1 0 0 1 1 0 0 0 0 0 1 1 1 0 1 0 0 1 0 1 1 1 0 1 0 0 0 1 1 0 0 1 1 1 0 1 0 0 1 
1 0 1 1 0 0 1 0 1 0 0 0 0 1 1 1 0 0 0 0 0 1 1 1 1 0 1 1 0 0 0 1 0 1 1 0 0 1 0 0 0 0 0 1 1 1 0 1 1 
0 0 0 0 0 1 0 1 0 1 1 0 1 1 1 1 1 1 1 1 1 1 0 0 1 0 1 1 0 1 1 1 1 0 1 1 1 1 1 1 0 1 0 1 1 1 1 1 1 
1 1 1 1 1 0 1 0 1 0 0 0 1 1 1 1 1 0 1 0 0 0 1 0 0 1 0 0 1 0 0 1 0 1 1 1 1 0 0 0 1 0 1 1 1 1 0 0 1 
1 1 1 0 0 1 0 1 0 1 1 1 0 0 1 0 0 0 1 1 1 0 0 1 0 1 0 0 0 0 1 0 0 1 0 1 0 0 0 1 0 0 0 1 1 1 1 1 1 
0 1 1 0 1 0 1 0 1 0 1 1 0 0 1 0 1 0 1 0 0 1 1 0 1 1 1 0 1 0 0 1 0 1 0 1 1 1 1 0 1 1 1 0 0 0 1 1 0 
0 1 0 1 1 0 1 0 1 1 0 1 0 0 1 0 1 0 0 0 1 1 1 1 0 0 0 1 0 1 1 0 1 0 1 0 0 0 1 0 1 1 0 1 1 1 1 1 0 
0 1 0 0 0 0 0 0 1 1 1 0 1 0 0 1 1 0 0 0 1 0 0 1 0 1 0 1 0 1 0 0 0 1 1 0 1 0 0 0 0 0 0 0 0 1 0 1 1 
0 1 0 0 0 0 1 1 0 0 0 1 0 0 0 0 0 1 1 0 1 0 0 1 0 0 1 0 0 0 0 0 0 0 1 0 0 1 0 1 1 0 0 1 1 0 1 1 1 
0 1 0 1 1 1 1 1 0 0 0 0 0 0 0 1 1 0 0 0 0 1 1 1 1 0 0 0 1 0 1 1 1 0 1 1 0 1 0 1 1 0 0 1 1 1 0 0 1 
0 0 1 1 1 1 1 1 1 1 1 0 0 0 0 0 0 1 0 0 0 1 0 0 0 0 1 0 1 0 0 1 0 1 1 1 0 1 0 0 1 0 0 0 1 0 0 1 1 
1 1 1 0 0 1 1 1 0 0 0 1 0 1 0 0 1 1 1 0 0 0 0 0 1 0 0 0 1 0 0 0 0 0 1 1 0 0 0 0 1 1 1 0 0 1 0 0 0 
0 1 1 1 0 0 1 1 0 1 1 1 0 1 0 1 0 0 0 0 0 1 1 0 0 1 0 1 1 1 0 1 0 0 1 0 0 1 0 1 1 1 1 0 1 1 1 0 1 
0 1 1 1 0 0 1 0 0 0 0 0 1 0 1 1 0 0 1 1 1 1 1 1 0 0 1 1 0 0 0 0 0 1 1 1 1 1 0 1 0 0 1 0 0 1 0 0 1 
0 0 1 1 0 0 1 1 1 1 0 0 1 0 0 1 0 1 0 0 0 0 0 0 1 0 0 1 1 1 0 0 0 1 1 0 1 1 1 1 0 0 0 0 1 0 1 1 0 
0 0 1 0 0 0 1 0 1 0 0 0 0 0 0 0 0 1 0 0 0 0 0 1 1 1 0 1 1 1 0 1 1 1 0 0 1 1 1 1 1 1 1 1 0 1 0 0 1 
1 1 1 0 1 0 1 0 1 0 1 1 1 0 0 0 0 1 0 0 0 1 0 1 0 1 0 1 0 1 0 1 0 1 1 0 1 1 1 0 1 0 0 1 1 0 0 0 0 
0 1 0 0 1 1 1 0 0 1 1 0 0 1 1 0 1 1 0 0 1 0 0 0 0 1 1 0 1 1 0 0 0 1 0 0 1 0 0 0 1 1 1 1 1 1 0 0 1 
1 1 1 1 1 1 0 1 0 1 1 0 0 1 0 0 1 1 0 0 0 0 0 0 1 0 0 1 0 0 0 0 1 1 1 0 1 0 0 0 0 0 0 1 0 0 0 1 1 
1 1 1 0 0 1 0 0 1 0 1 1 1 1 0 0 0 1 0 1 1 0 0 0 1 0 1 0 1 0 1 0 1 1 0 0 0 0 0 1 0 0 1 0 0 0 0 0 1 
1 1 0 1 1 1 1 0 0 1 0 0 0 1 0 1 0 0 1 1 0 0 1 1 0 1 0 1 0 1 1 0 0 1 0 1 1 0 0 0 1 0 0 1 0 0 1 1 0 
1 0 0 0 0 0 0 1 1 1 0 1 0 0 0 0 1 0 0 1 1 1 0 0 1 0 1 0 0 1 0 0 1 0 1 1 1 0 1 1 0 0 1 0 1 0 1 0 0 
1 0 0 1 0 1 1 0 0 1 0 0 1 0 1 0 0 1 0 0 0 1 0 1 0 1 0 0 0 0 1 0 1 1 1 1 0 0 1 1 1 0 1 1 0 1 0 0 0 
1 1 0 1 1 1 1 0 0 0 1 1 0 0 0 0 1 1 1 1 1 0 1 0 1 0 0 0 0 0 1 1 1 1 0 0 0 1 0 0 0 1 1 1 0 0 0 0 0 
1 1 1 1 0 0 0 1 0 1 0 0 0 1 1 1 1 0 1 1 0 1 0 1 0 0 0 0 0 1 1 1 1 1 0 1 1 1 1 0 0 1 0 1 0 1 1 1 0 
0 1 0 0 1 0 1 0 0 0 1 1 0 0 0 0 1 0 1 1 1 1 0 0 1 1 0 0 1 0 0 0 1 1 1 1 0 0 0 0 0 1 0 0 0 1 0 0 1 
0 1 0 0 1 0 1 0 1 0 1 0 0 1 0 0 0 0 0 0 0 0 0 1 1 0 1 1 1 0 0 0 0 1 1 0 1 0 0 0 0 1 0 1 0 1 1 1 1 
0 0 0 1 1 1 1 1 0 1 0 0 0 1 1 0 1 0 0 1 1 0 0 0 0 0 0 1 1 0 0 0 0 0 0 0 1 1 1 0 1 0 0 1 0 0 1 1 0 
1 0 0 1 0 0 1 0 0 0 1 0 0 1 0 0 0 0 0 1 0 0 1 1 0 1 1 1 1 1 0 0 0 1 0 1 1 1 0 0 1 1 1 0 1 0 1 1 0 
0 1 0 1 1 1 0 1 1 1 0 1 0 0 1 0 0 1 1 1 1 1 1 1 1 0 1 1 1 1 1 0 1 0 0 0 1 1 1 1 0 1 1 0 1 0 1 1 1 
1 0 0 0 0 1 1 1 0 0 1 1 1 1 1 1 1 1 1 0 1 0 1 0 0 1 1 0 0 1 1 0 0 0 0 1 1 0 0 1 1 1 0 0 1 0 0 0 1 
1 1 1 0 0 0 1 1 1 1 0 0 0 1 1 1 0 1 0 0 0 0 0 0 1 1 1 0 1 1 0 0 1 0 1 0 1 1 0 1 1 1 1 0 1 0 1 0 0 
1 0 1 0 0 0 1 1 0 1 0 1 0 0 0 0 0 1 1 1 1 1 1 0 1 1 0 0 1 0 1 1 1 1 1 1 0 1 1 1 1 0 1 0 1 1 1 0 0 
1 1 0 0 1 1 1 0 0 1 0 0 1 1 1 0 1 1 1 1 1 0 0 0 0 0 0 1 1 0 0 1 1 1 0 1 1 0 1 1 0 0 0 1 1 0 0 1 0 
1 1 0 1 1 0 1 0 0 1 1 0 0 0 0 0 0 0 1 1 1 0 0 0 0 1 1 0 1 0 0 1 0 1 0 0 1 1 0 1 1 0 0 0 0 1 1 0 1 
0 1 0 0 0 0 1 0 1 0 0 0 1 1 0 0 1 1 1 1 0 0 0 1 0 1 1 0 0 0 0 0 0 1 1 1 1 1 1 0 0 0 0 0 0 1 1 1 0 
0 0 0 1 0 0 0 1 0 1 1 0 1 1 1 1 1 0 0 1 1 1 0 0 1 0 1 0 0 0 0 1 1 0 1 1 1 0 1 0 0 0 0 1 1 0 1 0 1 
0 1 0 0 1 0 1 0 0 1 1 0 0 0 0 1 1 0 0 1 0 1 0 0 0 0 0 1 1 1 1 0 1 1 1 1 0 0 0 0 0 0 1 0 0 1 1 1 0 
1 0 1 1 1 0 0 1 0 1 0 0 0 0 0 1 1 1 0 1 0 1 0 1 0 1 1 1 0 0 0 0 1 1 0 1 1 0 0 0 0 1 0 0 1 0 0 1 1 
0 0 1 1 1 1 1 1 1 0 1 0 1 1 0 0 0 0 0 1 1 1 1 0 1 0 1 1 1 0 1 1 0 0 0 0 0 1 0 0 1 0 0 0 1 0 1 1 1 
0 0 1 0 0 1 1 1 1 0 1 0 1 1 1 0 1 0 1 0 1 1 0 0 0 1 0 0 0 0 0 0 1 1 1 1 1 1 0 0 1 0 1 1 0 1 0 0 1 
0 1 0 1 1 1 1 1 1 0 1 1 0 1 0 1 1 1 0 1 0 1 0 0 0 0 1 0 1 1 1 0 0 0 0 0 1 0 1 1 0 1 0 0 1 0 1 1 1 
1 0 0 0 0 0 1 0 1 1 1 0 1 0 0 0 1 0 1 0 0 0 0 0 1 1 0 0 1 0 1 1 1 1 0 1 1 0 1 1 1 1 0 1 0 1 0 0 0 
0 1 1 1 0 1 1 0 1 1 1 1 1 0 1 0 0 0 1 0 0 0 1 0 1 0 0 0 1 0 1 1 1 1 0 0 0 1 0 1 0 1 1 1 0 1 0 0 1 
0 1 1 1 1 1 1 1 1 0 0 1 1 1 1 0 1 1 0 1 0 1 1 1 0 0 0 0 0 1 1 0 0 1 1 0 0 0 1 0 1 0 1 1 1 1 0 1 0 

6 47 31 16 11 5 24 40 35 36 26 41 8 33 7 43 10 20 19 44 37 12 45 18 30 4 23 3 14 29 28 42 48 1 46 34 21 15 17 27 39 32 22 13 9 2 0 38 25 
0 46
1 33
2 45
3 27
4 25
5 5
6 0
7 14
8 12
9 44
10 16
11 4
12 21
13 43
14 28
15 37
16 3
17 38
18 23
19 18
20 17
21 36
22 42
23 26
24 6
25 48
26 10
27 39
28 30
29 29
30 24
31 2
32 41
33 13
34 35
35 8
36 9
37 20
38 47
39 40
40 7
41 11
42 31
43 15
44 19
45 22
46 34
47 1
48 32
SIMILAR

15 17 30 27 45 11 38 44 28 41 1 33 22 0 21 48 19 20 43 32 4 25 26 16 7 8 12 13 42 6 5 37 39 34 2 14 47 35 40 31 9 3 29 24 46 23 10 36 18 
0 13
1 10
2 34
3 41
4 20
5 30
6 29
7 24
8 25
9 40
10 46
11 5
12 26
13 27
14 35
15 0
16 23
17 1
18 48
19 16
20 17
21 14
22 12
23 45
24 43
25 21
26 22
27 3
28 8
29 42
30 2
31 39
32 19
33 11
34 33
35 37
36 47
37 31
38 6
39 32
40 38
41 9
42 28
43 18
44 7
45 4
46 44
47 36
48 15
SIMILAR

35 12 13 33 44 7 19 8 2 42 32 46 4 17 3 14 24 0 27 41 5 34 30 48 43 6 23 31 36 28 38 15 9 11 18 16 47 21 45 29 25 10 20 22 40 1 37 26 39 
0 17
1 45
2 8
3 14
4 12
5 20
6 25
7 5
8 7
9 32
10 41
11 33
12 1
13 2
14 15
15 31
16 35
17 13
18 34
19 6
20 42
21 37
22 43
23 26
24 16
25 40
26 47
27 18
28 29
29 39
30 22
31 27
32 10
33 3
34 21
35 0
36 28
37 46
38 30
39 48
40 44
41 19
42 9
43 24
44 4
45 38
46 11
47 36
48 23
SIMILAR

47 27 37 5 36 44 35 39 45 3 2 12 24 22 30 13 21 14 15 34 10 18 46 40 33 43 17 19 4 1 9 25 42 29 11 28 32 20 26 6 41 48 0 31 8 38 23 7 16 
0 42
1 29
2 10
3 9
4 28
5 3
6 39
7 47
8 44
9 30
10 20
11 34
12 11
13 15
14 17
15 18
16 48
17 26
18 21
19 27
20 37
21 16
22 13
23 46
24 12
25 31
26 38
27 1
28 35
29 33
30 14
31 43
32 36
33 24
34 19
35 6
36 4
37 2
38 45
39 7
40 23
41 40
42 32
43 25
44 5
45 8
46 22
47 0
48 41
SIMILAR

21 40 12 19 33 4 15 29 36 1 18 2 39 41 42 30 24 38 43 11 8 34 44 10 32 28 14 7 37 3 48 13 27 9 23 26 22 16 35 17 45 25 31 46 47 20 6 5 0 
0 48
1 9
2 11
3 29
4 5
5 47
6 46
7 27
8 20
9 33
10 23
11 19
12 2
13 31
14 26
15 6
16 37
17 39
18 10
19 3
20 45
21 0
22 36
23 34
24 16
25 41
26 35
27 32
28 25
29 7
30 15
31 42
32 24
33 4
34 21
35 38
36 8
37 28
38 17
39 12
40 1
41 13
42 14
43 18
44 22
45 40
46 43
47 44
48 30
SIMILAR

45 22 48 27 34 1 47 39 17 44 6 33 2 9 8 5 35 26 13 0 37 14 28 30 36 38 10 21 46 4 24 31 32 16 15 25 42 23 29 41 7 20 40 3 43 12 18 11 19 
0 19
1 5
2 12
3 43
4 29
5 15
6 10
7 40
8 14
9 13
10 26
11 47
12 45
13 18
14 21
15 34
16 33
17 8
18 46
19 48
20 41
21 27
22 1
23 37
24 30
25 35
26 17
27 3
28 22
29 38
30 23
31 31
32 32
33 11
34 4
35 16
36 24
37 20
38 25
39 7
40 42
41 39
42 36
43 44
44 9
45 0
46 28
47 6
48 2
SIMILAR

17 43 45 41 3 5 42 21 11 36 18 7 12 44 48 0 26 46 33 34 38 15 1 32 31 10 30 19 39 13 29 23 40 6 16 8 22 20 14 37 35 25 2 28 9 27 47 24 4 
0 15
1 22
2 42
3 4
4 48
5 5
6 33
7 11
8 35
9 44
10 25
11 8
12 12
13 29
14 38
15 21
16 34
17 0
18 10
19 27
20 37
21 7
22 36
23 31
24 47
25 41
26 16
27 45
28 43
29 30
30 26
31 24
32 23
33 18
34 19
35 40
36 9
37 39
38 20
39 28
40 32
41 3
42 6
43 1
44 13
45 2
46 17
47 46
48 14
SIMILAR

46 37 40 43 30 2 35 5 4 0 36 47 17 39 48 7 12 34 25 21 8 31 32 33 6 18 20 9 22 41 13 3 42 15 19 28 45 38 23 1 14 44 27 11 26 10 24 29 16 
0 9
1 39
2 5
3 31
4 8
5 7
6 24
7 15
8 20
9 27
10 45
11 43
12 16
13 30
14 40
15 33
16 48
17 12
18 25
19 34
20 26
21 19
22 28
23 38
24 46
25 18
26 44
27 42
28 35
29 47
30 4
31 21
32 22
33 23
34 17
35 6
36 10
37 1
38 37
39 13
40 2
41 29
42 32
43 3
44 41
45 36
46 0
47 11
48 14
SIMILAR

31 7 27 2 42 6 37 44 14 36 32 26 30 15 24 10 17 4 5 16 41 18 45 47 48 13 40 33 21 20 9 3 25 0 19 11 46 12 34 35 23 1 38 43 28 39 29 22 8 
0 33
1 41
2 3
3 31
4 17
5 18
6 5
7 1
8 48
9 30
10 15
11 35
12 37
13 25
14 8
15 13
16 19
17 16
18 21
19 34
20 29
21 28
22 47
23 40
24 14
25 32
26 11
27 2
28 44
29 46
30 12
31 0
32 10
33 27
34 38
35 39
36 9
37 6
38 42
39 45
40 26
41 20
42 4
43 43
44 7
45 22
46 36
47 23
48 24
SIMILAR

4 31 41 21 19 17 48 3 6 44 32 24 47 9 43 0 34 39 11 33 16 10 13 38 45 27 42 40 35 5 26 7 8 18 30 20 12 46 37 28 25 29 23 15 2 14 36 1 22 
0 15
1 47
2 44
3 7
4 0
5 29
6 8
7 31
8 32
9 13
10 21
11 18
12 36
13 22
14 45
15 43
16 20
17 5
18 33
19 4
20 35
21 3
22 48
23 42
24 11
25 40
26 30
27 25
28 39
29 41
30 34
31 1
32 10
33 19
34 16
35 28
36 46
37 38
38 23
39 17
40 27
41 2
42 26
43 14
44 9
45 24
46 37
47 12
48 6
SIMILAR

48 1 17 37 6 0 42 2 9 16 30 26 4 20 29 39 11 15 35 5 34 40 46 18 36 27 41 28 7 38 47 8 22 25 32 31 24 33 44 23 3 21 45 10 19 12 43 14 13 
0 5
1 1
2 7
3 40
4 12
5 19
6 4
7 28
8 31
9 8
10 43
11 16
12 45
13 48
14 47
15 17
16 9
17 2
18 23
19 44
20 13
21 41
22 32
23 39
24 36
25 33
26 11
27 25
28 27
29 14
30 10
31 35
32 34
33 37
34 20
35 18
36 24
37 3
38 29
39 15
40 21
41 26
42 6
43 46
44 38
45 42
46 22
47 30
48 0
SIMILAR

9 46 5 29 31 40 4 24 3 41 27 23 2 6 14 25 35 28 48 43 36 15 44 21 16 10 20 32 34 45 0 22 38 42 19 37 26 17 8 12 1 47 11 30 39 33 13 7 18 
0 30
1 40
2 12
3 8
4 6
5 2
6 13
7 47
8 38
9 0
10 25
11 42
12 39
13 46
14 14
15 21
16 24
17 37
18 48
19 34
20 26
21 23
22 31
23 11
24 7
25 15
26 36
27 10
28 17
29 3
30 43
31 4
32 27
33 45
34 28
35 16
36 20
37 35
38 32
39 44
40 5
41 9
42 33
43 19
44 22
45 29
46 1
47 41
48 18
SIMILAR

23 14 20 34 27 48 30 0 36 9 26 39 8 43 41 46 10 38 5 24 7 29 19 35 16 17 4 6 15 13 28 45 12 11 2 40 47 3 1 33 22 21 42 18 25 31 37 32 44 
0 7
1 38
2 34
3 37
4 26
5 18
6 27
7 20
8 12
9 9
10 16
11 33
12 32
13 29
14 1
15 28
16 24
17 25
18 43
19 22
20 2
21 41
22 40
23 0
24 19
25 44
26 10
27 4
28 30
29 21
30 6
31 45
32 47
33 39
34 3
35 23
36 8
37 46
38 17
39 11
40 35
41 14
42 42
43 13
44 48
45 31
46 15
47 36
48 5
SIMILAR

30 11 22 48 10 7 27 40 44 15 17 38 5 4 0 3 29 41 2 31 20 1 43 9 18 6 34 46 24 23 39 16 47 28 26 14 42 8 13 25 21 35 12 36 45 19 37 33 32 
0 14
1 21
2 18
3 15
4 13
5 12
6 25
7 5
8 37
9 23
10 4
11 1
12 42
13 38
14 35
15 9
16 31
17 10
18 24
19 45
20 20
21 40
22 2
23 29
24 28
25 39
26 34
27 6
28 33
29 16
30 0
31 19
32 48
33 47
34 26
35 41
36 43
37 46
38 11
39 30
40 7
41 17
42 36
43 22
44 8
45 44
46 27
47 32
48 3
SIMILAR

16 44 2 41 42 29 21 5 28 13 12 47 46 37 4 30 24 8 31 20 34 48 9 0 18 6 33 38 14 15 19 43 25 26 11 27 17 40 1 45 35 23 10 32 36 22 7 3 39 
0 23
1 38
2 2
3 47
4 14
5 7
6 25
7 46
8 17
9 22
10 42
11 34
12 10
13 9
14 28
15 29
16 0
17 36
18 24
19 30
20 19
21 6
22 45
23 41
24 16
25 32
26 33
27 35
28 8
29 5
30 15
31 18
32 43
33 26
34 20
35 40
36 44
37 13
38 27
39 48
40 37
41 3
42 4
43 31
44 1
45 39
46 12
47 11
48 21
SIMILAR

21 39 15 43 26 0 32 42 2 25 22 6 18 31 16 45 38 36 20 41 35 37 5 40 48 9 30 23 10 28 44 33 8 19 11 24 7 17 3 29 27 13 12 1 4 46 14 34 47 
0 5
1 43
2 8
3 38
4 44
5 22
6 11
7 36
8 32
9 25
10 28
11 34
12 42
13 41
14 46
15 2
16 14
17 37
18 12
19 33
20 18
21 0
22 10
23 27
24 35
25 9
26 4
27 40
28 29
29 39
30 26
31 13
32 6
33 31
34 47
35 20
36 17
37 21
38 16
39 1
40 23
41 19
42 7
43 3
44 30
45 15
46 45
47 48
48 24
SIMILAR

25 4 36 46 38 43 18 14 41 2 9 1 11 30 37 40 17 39 7 22 45 13 42 0 26 27 44 15 32 6 34 16 20 29 28 33 21 3 12 19 35 5 47 24 48 23 31 10 8 
0 23
1 11
2 9
3 37
4 1
5 41
6 29
7 18
8 48
9 10
10 47
11 12
12 38
13 21
14 7
15 27
16 31
17 16
18 6
19 39
20 32
21 36
22 19
23 45
24 43
25 0
26 24
27 25
28 34
29 33
30 13
31 46
32 28
33 35
34 30
35 40
36 2
37 14
38 4
39 17
40 15
41 8
42 22
43 5
44 26
45 20
46 3
47 42
48 44
SIMILAR

39 46 47 13 1 29 10 19 24 7 42 16 31 0 48 35 22 45 4 28 36 33 40 20 23 6 38 18 11 17 41 43 5 26 32 3 27 12 15 2 44 8 14 34 37 21 25 9 30 
0 13
1 4
2 39
3 35
4 18
5 32
6 25
7 9
8 41
9 47
10 6
11 28
12 37
13 3
14 42
15 38
16 11
17 29
18 27
19 7
20 23
21 45
22 16
23 24
24 8
25 46
26 33
27 36
28 19
29 5
30 48
31 12
32 34
33 21
34 43
35 15
36 20
37 44
38 26
39 0
40 22
41 30
42 10
43 31
44 40
45 17
46 1
47 2
48 14
SIMILAR

1 37 5 36 47 46 27 34 25 17 40 19 10 48 15 8 2 12 24 30 18 21 44 43 6 23 35 11 4 45 33 0 31 42 9 28 39 14 32 20 7 41 26 16 13 3 29 22 38 
0 31
1 0
2 16
3 45
4 28
5 2
6 24
7 40
8 15
9 34
10 12
11 27
12 17
13 44
14 37
15 14
16 43
17 9
18 20
19 11
20 39
21 21
22 47
23 25
24 18
25 8
26 42
27 6
28 35
29 46
30 19
31 32
32 38
33 30
34 7
35 26
36 3
37 1
38 48
39 36
40 10
41 41
42 33
43 23
44 22
45 29
46 5
47 4
48 13
SIMILAR

42 27 44 47 39 19 30 15 43 14 18 40 45 41 13 36 1 48 4 21 33 31 38 11 22 20 6 34 9 2 10 28 26 32 12 29 5 3 16 25 35 24 7 37 23 46 8 17 0 
0 48
1 16
2 29
3 37
4 18
5 36
6 26
7 42
8 46
9 28
10 30
11 23
12 34
13 14
14 9
15 7
16 38
17 47
18 10
19 5
20 25
21 19
22 24
23 44
24 41
25 39
26 32
27 1
28 31
29 35
30 6
31 21
32 33
33 20
34 27
35 40
36 15
37 43
38 22
39 4
40 11
41 13
42 0
43 8
44 2
45 12
46 45
47 3
48 17
SIMILAR

13 41 12 48 5 2 39 8 14 35 28 6 47 10 27 17 44 1 42 16 20 0 30 40 46 25 22 26 38 7 23 36 24 3 29 11 9 43 19 4 34 21 45 31 32 37 15 18 33 
0 21
1 17
2 5
3 33
4 39
5 4
6 11
7 29
8 7
9 36
10 13
11 35
12 2
13 0
14 8
15 46
16 19
17 15
18 47
19 38
20 20
21 41
22 26
23 30
24 32
25 25
26 27
27 14
28 10
29 34
30 22
31 43
32 44
33 48
34 40
35 9
36 31
37 45
38 28
39 6
40 23
41 1
42 18
43 37
44 16
45 42
46 24
47 12
48 3
SIMILAR

36 15 35 41 48 16 39 5 12 14 40 30 13 27 10 32 34 17 22 25 31 4 20 42 23 11 1 47 26 29 18 44 7 0 3 2 38 28 43 33 9 45 21 6 37 19 46 8 24 
0 33
1 26
2 35
3 34
4 21
5 7
6 43
7 32
8 47
9 40
10 14
11 25
12 8
13 12
14 9
15 1
16 5
17 17
18 30
19 45
20 22
21 42
22 18
23 24
24 48
25 19
26 28
27 13
28 37
29 29
30 11
31 20
32 15
33 39
34 16
35 2
36 0
37 44
38 36
39 6
40 10
41 3
42 23
43 38
44 31
45 41
46 46
47 27
48 4
SIMILAR

26 20 29 45 38 19 25 42 33 5 18 30 36 11 0 2 21 27 24 31 13 40 47 6 22 39 23 15 3 17 16 35 28 34 14 32 10 48 46 41 44 4 1 43 7 8 9 12 37 
0 14
1 42
2 15
3 28
4 41
5 9
6 23
7 44
8 45
9 46
10 36
11 13
12 47
13 20
14 34
15 27
16 30
17 29
18 10
19 5
20 1
21 16
22 24
23 26
24 18
25 6
26 0
27 17
28 32
29 2
30 11
31 19
32 35
33 8
34 33
35 31
36 12
37 48
38 4
39 25
40 21
41 39
42 7
43 43
44 40
45 3
46 38
47 22
48 37
SIMILAR

32 0 23 35 4 34 27 25 22 24 10 46 38 3 1 26 11 17 2 12 7 14 43 45 9 28 5 48 13 36 8 42 15 16 37 47 18 21 29 39 31 33 6 19 41 20 40 44 30 
0 1
1 14
2 18
3 13
4 4
5 26
6 42
7 20
8 30
9 24
10 10
11 16
12 19
13 28
14 21
15 32
16 33
17 17
18 36
19 43
20 45
21 37
22 8
23 2
24 9
25 7
26 15
27 6
28 25
29 38
30 48
31 40
32 0
33 41
34 5
35 3
36 29
37 34
38 12
39 39
40 46
41 44
42 31
43 22
44 47
45 23
46 11
47 35
48 27
SIMILAR

45 46 33 30 43 23 24 22 5 38 35 18 39 7 42 4 44 6 16 29 37 28 47 10 2 20 32 13 21 19 12 40 0 1 26 25 9 41 36 27 31 34 11 3 14 48 8 15 17 
0 32
1 33
2 24
3 43
4 15
5 8
6 17
7 13
8 46
9 36
10 23
11 42
12 30
13 27
14 44
15 47
16 18
17 48
18 11
19 29
20 25
21 28
22 7
23 5
24 6
25 35
26 34
27 39
28 21
29 19
30 3
31 40
32 26
33 2
34 41
35 10
36 38
37 20
38 9
39 12
40 31
41 37
42 14
43 4
44 16
45 0
46 1
47 22
48 45
SIMILAR

14 21 17 13 38 35 1 36 20 27 23 11 30 39 47 5 18 9 40 29 10 2 28 3 0 48 45 8 16 34 15 24 12 25 37 33 26 22 6 32 46 44 41 42 4 43 7 19 31 
0 24
1 6
2 21
3 23
4 44
5 15
6 38
7 46
8 27
9 17
10 20
11 11
12 32
13 3
14 0
15 30
16 28
17 2
18 16
19 47
20 8
21 1
22 37
23 10
24 31
25 33
26 36
27 9
28 22
29 19
30 12
31 48
32 39
33 35
34 29
35 5
36 7
37 34
38 4
39 13
40 18
41 42
42 43
43 45
44 41
45 26
46 40
47 14
48 25
SIMILAR

41 29 28 34 45 24 31 5 9 3 35 14 27 7 48 39 19 11 33 8 26 43 18 22 15 20 38 10 36 2 47 1 13 23 42 37 40 44 30 4 21 6 0 46 16 25 12 17 32 
0 42
1 31
2 29
3 9
4 39
5 7
6 41
7 13
8 19
9 8
10 27
11 17
12 46
13 32
14 11
15 24
16 44
17 47
18 22
19 16
20 25
21 40
22 23
23 33
24 5
25 45
26 20
27 12
28 2
29 1
30 38
31 6
32 48
33 18
34 3
35 10
36 28
37 35
38 26
39 15
40 36
41 0
42 34
43 21
44 37
45 4
46 43
47 30
48 14
SIMILAR

2 36 24 34 14 6 37 23 1 13 19 29 42 43 12 45 33 26 22 3 25 39 11 48 21 31 18 30 8 28 44 41 7 15 32 4 38 0 46 16 20 10 27 17 47 40 35 5 9 
0 37
1 8
2 0
3 19
4 35
5 47
6 5
7 32
8 28
9 48
10 41
11 22
12 14
13 9
14 4
15 33
16 39
17 43
18 26
19 10
20 40
21 24
22 18
23 7
24 2
25 20
26 17
27 42
28 29
29 11
30 27
31 25
32 34
33 16
34 3
35 46
36 1
37 6
38 36
39 21
40 45
41 31
42 12
43 13
44 30
45 15
46 38
47 44
48 23
SIMILAR

44 25 1 24 9 43 48 10 42 28 40 39 27 30 22 35 19 18 46 33 14 2 26 20 17 13 5 31 23 7 36 32 45 37 3 11 0 41 21 12 15 16 4 34 6 38 8 29 47 
0 36
1 2
2 21
3 34
4 42
5 26
6 44
7 29
8 46
9 4
10 7
11 35
12 39
13 25
14 20
15 40
16 41
17 24
18 17
19 16
20 23
21 38
22 14
23 28
24 3
25 1
26 22
27 12
28 9
29 47
30 13
31 27
32 31
33 19
34 43
35 15
36 30
37 33
38 45
39 11
40 10
41 37
42 8
43 5
44 0
45 32
46 18
47 48
48 6
SIMILAR

11 42 45 4 26 15 35 36 18 31 16 7 43 48 24 32 21 2 30 33 44 8 39 28 40 13 46 23 1 5 22 25 12 29 34 9 3 17 47 0 14 6 20 10 37 19 38 41 27 
0 39
1 28
2 17
3 36
4 3
5 29
6 41
7 11
8 21
9 35
10 43
11 0
12 32
13 25
14 40
15 5
16 10
17 37
18 8
19 45
20 42
21 16
22 30
23 27
24 14
25 31
26 4
27 48
28 23
29 33
30 18
31 9
32 15
33 19
34 34
35 6
36 7
37 44
38 46
39 22
40 24
41 47
42 1
43 12
44 20
45 2
46 26
47 38
48 13
SIMILAR

23 32 37 0 6 45 18 42 8 14 27 30 11 17 7 24 40 20 44 47 46 13 39 15 10 26 16 3 31 36 33 1 28 2 19 38 12 41 4 25 29 34 9 48 43 22 35 21 5 
0 3
1 31
2 33
3 27
4 38
5 48
6 4
7 14
8 8
9 42
10 24
11 12
12 36
13 21
14 9
15 23
16 26
17 13
18 6
19 34
20 17
21 47
22 45
23 0
24 15
25 39
26 25
27 10
28 32
29 40
30 11
31 28
32 1
33 30
34 41
35 46
36 29
37 2
38 35
39 22
40 16
41 37
42 7
43 44
44 18
45 5
46 20
47 19
48 43
SIMILAR

33 46 6 9 44 31 41 23 2 24 0 39 22 40 3 18 14 34 7 43 17 35 36 8 29 37 38 48 12 11 19 13 5 1 4 32 42 28 30 27 15 26 45 20 25 21 47 16 10 
0 10
1 33
2 8
3 14
4 34
5 32
6 2
7 18
8 23
9 3
10 48
11 29
12 28
13 31
14 16
15 40
16 47
17 20
18 15
19 30
20 43
21 45
22 12
23 7
24 9
25 44
26 41
27 39
28 37
29 24
30 38
31 5
32 35
33 0
34 17
35 21
36 22
37 25
38 26
39 11
40 13
41 6
42 36
43 19
44 4
45 42
46 1
47 46
48 27
SIMILAR

34 40 15 9 16 22 41 20 18 26 4 5 1 21 30 47 44 0 45 32 13 43 46 23 37 17 14 28 24 12 38 33 31 36 2 10 29 48 3 25 11 8 6 27 35 19 42 7 39 
0 17
1 12
2 34
3 38
4 10
5 11
6 42
7 47
8 41
9 3
10 35
11 40
12 29
13 20
14 26
15 2
16 4
17 25
18 8
19 45
20 7
21 13
22 5
23 23
24 28
25 39
26 9
27 43
28 27
29 36
30 14
31 32
32 19
33 31
34 0
35 44
36 33
37 24
38 30
39 48
40 1
41 6
42 46
43 21
44 16
45 18
46 22
47 15
48 37
SIMILAR

22 47 3 16 1 39 48 36 28 33 2 13 40 44 9 24 43 20 17 0 8 4 37 46 32 5 38 29 7 42 27 6 21 12 15 45 31 30 34 11 18 41 10 23 25 35 26 19 14 
0 19
1 4
2 10
3 2
4 21
5 25
6 31
7 28
8 20
9 14
10 42
11 39
12 33
13 11
14 48
15 34
16 3
17 18
18 40
19 47
20 17
21 32
22 0
23 43
24 15
25 44
26 46
27 30
28 8
29 27
30 37
31 36
32 24
33 9
34 38
35 45
36 7
37 22
38 26
39 5
40 12
41 41
42 29
43 16
44 13
45 35
46 23
47 1
48 6
SIMILAR

12 41 22 4 13 28 24 46 39 11 43 17 36 30 27 7 10 6 5 23 40 38 0 18 44 3 25 29 19 31 42 26 33 16 8 37 48 32 45 34 15 14 2 20 1 47 35 21 9 
0 22
1 44
2 42
3 25
4 3
5 18
6 17
7 15
8 34
9 48
10 16
11 9
12 0
13 4
14 41
15 40
16 33
17 11
18 23
19 28
20 43
21 47
22 2
23 19
24 6
25 26
26 31
27 14
28 5
29 27
30 13
31 29
32 37
33 32
34 39
35 46
36 12
37 35
38 21
39 8
40 20
41 1
42 30
43 10
44 24
45 38
46 7
47 45
48 36
SIMILAR

22 11 3 26 33 18 41 21 36 32 28 7 34 46 20 15 43 17 30 48 6 44 25 5 8 16 38 45 40 2 0 23 39 19 13 10 47 29 9 31 14 27 37 42 35 1 24 12 4 
0 30
1 45
2 29
3 2
4 48
5 23
6 20
7 11
8 24
9 38
10 35
11 1
12 47
13 34
14 40
15 15
16 25
17 17
18 5
19 33
20 14
21 7
22 0
23 31
24 46
25 22
26 3
27 41
28 10
29 37
30 18
31 39
32 9
33 4
34 12
35 44
36 8
37 42
38 26
39 32
40 28
41 6
42 43
43 16
44 21
45 27
46 13
47 36
48 19
SIMILAR

17 48 33 29 18 22 12 9 24 44 0 42 23 39 45 31 34 19 13 25 40 43 2 36 5 7 20 47 30 1 16 32 35 28 8 38 37 10 11 41 15 26 46 21 27 14 6 4 3 
0 10
1 29
2 22
3 48
4 47
5 24
6 46
7 25
8 34
9 7
10 37
11 38
12 6
13 18
14 45
15 40
16 30
17 0
18 4
19 17
20 26
21 43
22 5
23 12
24 8
25 19
26 41
27 44
28 33
29 3
30 28
31 15
32 31
33 2
34 16
35 32
36 23
37 36
38 35
39 13
40 20
41 39
42 11
43 21
44 9
45 14
46 42
47 27
48 1
SIMILAR

23 42 35 39 11 48 34 7 8 19 29 37 27 38 20 28 26 46 45 30 32 4 25 44 36 3 0 1 18 33 31 13 21 43 5 47 2 12 10 17 6 15 14 40 24 22 41 16 9 
0 26
1 27
2 36
3 25
4 21
5 34
6 40
7 7
8 8
9 48
10 38
11 4
12 37
13 31
14 42
15 41
16 47
17 39
18 28
19 9
20 14
21 32
22 45
23 0
24 44
25 22
26 16
27 12
28 15
29 10
30 19
31 30
32 20
33 29
34 6
35 2
36 24
37 11
38 13
39 3
40 43
41 46
42 1
43 33
44 23
45 18
46 17
47 35
48 5
SIMILAR

9 42 20 0 10 43 6 25 46 31 13 47 34 19 30 41 40 28 24 32 5 29 4 17 39 11 23 38 21 45 2 16 18 27 14 33 1 35 36 3 26 48 37 12 44 15 7 22 8 
0 3
1 36
2 30
3 39
4 22
5 20
6 6
7 46
8 48
9 0
10 4
11 25
12 43
13 10
14 34
15 45
16 31
17 23
18 32
19 13
20 2
21 28
22 47
23 26
24 18
25 7
26 40
27 33
28 17
29 21
30 14
31 9
32 19
33 35
34 12
35 37
36 38
37 42
38 27
39 24
40 16
41 15
42 1
43 5
44 44
45 29
46 8
47 11
48 41
SIMILAR

43 45 11 18 47 22 0 8 26 34 24 25 38 12 37 10 35 23 44 20 4 5 32 31 6 15 28 21 39 17 7 2 16 46 48 41 13 33 19 14 29 30 1 9 3 36 42 40 27 
0 6
1 42
2 31
3 44
4 20
5 21
6 24
7 30
8 7
9 43
10 15
11 2
12 13
13 36
14 39
15 25
16 32
17 29
18 3
19 38
20 19
21 27
22 5
23 17
24 10
25 11
26 8
27 48
28 26
29 40
30 41
31 23
32 22
33 37
34 9
35 16
36 45
37 14
38 12
39 28
40 47
41 35
42 46
43 0
44 18
45 1
46 33
47 4
48 34
SIMILAR

8 36 3 28 21 45 31 35 2 15 43 19 12 13 4 46 14 26 44 42 25 32 24 10 6 9 38 30 47 48 29 0 27 37 33 20 17 22 41 23 5 39 1 40 18 34 16 7 11 
0 31
1 42
2 8
3 2
4 14
5 40
6 24
7 47
8 0
9 25
10 23
11 48
12 12
13 13
14 16
15 9
16 46
17 36
18 44
19 11
20 35
21 4
22 37
23 39
24 22
25 20
26 17
27 32
28 3
29 30
30 27
31 6
32 21
33 34
34 45
35 7
36 1
37 33
38 26
39 41
40 43
41 38
42 19
43 10
44 18
45 5
46 15
47 28
48 29
SIMILAR

36 15 10 31 17 4 8 28 44 46 30 41 5 33 1 26 11 47 3 6 14 2 48 25 43 23 0 39 20 16 35 32 12 34 37 19 27 29 45 9 24 13 42 40 22 18 21 38 7 
0 26
1 14
2 21
3 18
4 5
5 12
6 19
7 48
8 6
9 39
10 2
11 16
12 32
13 41
14 20
15 1
16 29
17 4
18 45
19 35
20 28
21 46
22 44
23 25
24 40
25 23
26 15
27 36
28 7
29 37
30 10
31 3
32 31
33 13
34 33
35 30
36 0
37 34
38 47
39 27
40 43
41 11
42 42
43 24
44 8
45 38
46 9
47 17
48 22
SIMILAR

7 28 45 3 25 32 21 35 44 0 33 19 20 48 37 39 16 15 38 27 8 46 5 47 31 40 34 42 23 41 14 2 18 24 10 29 22 43 1 13 4 30 12 26 6 17 9 11 36 
0 9
1 38
2 31
3 3
4 40
5 22
6 44
7 0
8 20
9 46
10 34
11 47
12 42
13 39
14 30
15 17
16 16
17 45
18 32
19 11
20 12
21 6
22 36
23 28
24 33
25 4
26 43
27 19
28 1
29 35
30 41
31 24
32 5
33 10
34 26
35 7
36 48
37 14
38 18
39 15
40 25
41 29
42 27
43 37
44 8
45 2
46 21
47 23
48 13
SIMILAR

13 16 44 20 46 2 33 34 6 7 14 36 1 15 37 38 21 22 23 17 27 39 40 5 19 3 18 28 10 35 41 45 29 32 12 26 11 9 30 43 24 47 4 0 31 25 42 8 48 
0 43
1 12
2 5
3 25
4 42
5 23
6 8
7 9
8 47
9 37
10 28
11 36
12 34
13 0
14 10
15 13
16 1
17 19
18 26
19 24
20 3
21 16
22 17
23 18
24 40
25 45
26 35
27 20
28 27
29 32
30 38
31 44
32 33
33 6
34 7
35 29
36 11
37 14
38 15
39 21
40 22
41 30
42 46
43 39
44 2
45 31
46 4
47 41
48 48
SIMILAR

4 27 30 8 37 14 13 15 47 20 18 42 35 39 17 45 36 16 43 41 25 33 23 7 11 31 2 32 34 26 40 48 19 5 21 12 9 1 10 38 28 6 46 3 24 22 44 0 29 
0 47
1 37
2 26
3 43
4 0
5 33
6 41
7 23
8 3
9 36
10 38
11 24
12 35
13 6
14 5
15 7
16 17
17 14
18 10
19 32
20 9
21 34
22 45
23 22
24 44
25 20
26 29
27 1
28 40
29 48
30 2
31 25
32 27
33 21
34 28
35 12
36 16
37 4
38 39
39 13
40 30
41 19
42 11
43 18
44 46
45 15
46 42
47 8
48 31
SIMILAR

35 14 16 26 37 27 18 28 46 32 42 33 23 22 7 25 1 3 40 8 47 21 11 19 5 34 6 9 12 15 13 4 0 30 2 24 45 31 41 36 17 48 10 20 43 39 38 29 44 
0 32
1 16
2 34
3 17
4 31
5 24
6 26
7 14
8 19
9 27
10 42
11 22
12 28
13 30
14 1
15 29
16 2
17 40
18 6
19 23
20 43
21 21
22 13
23 12
24 35
25 15
26 3
27 5
28 7
29 47
30 33
31 37
32 9
33 11
34 25
35 0
36 39
37 4
38 46
39 45
40 18
41 38
42 10
43 44
44 48
45 36
46 8
47 20
48 41
SIMILAR

45 26 24 3 38 27 7 15 46 35 42 19 34 2 16 8 41 1 20 36 25 32 11 10 5 22 0 43 6 13 31 39 18 30 40 4 47 44 9 33 17 21 23 48 37 14 29 12 28 
0 26
1 17
2 13
3 3
4 35
5 24
6 28
7 6
8 15
9 38
10 23
11 22
12 47
13 29
14 45
15 7
16 14
17 40
18 32
19 11
20 18
21 41
22 25
23 42
24 2
25 20
26 1
27 5
28 48
29 46
30 33
31 30
32 21
33 39
34 12
35 9
36 19
37 44
38 4
39 31
40 34
41 16
42 10
43 27
44 37
45 0
46 8
47 36
48 43
SIMILAR

16 33 36 19 31 3 8 1 28 45 2 21 25 17 32 38 5 30 6 42 22 47 39 15 24 9 12 44 11 23 41 37 13 43 0 7 27 18 20 35 26 46 34 14 4 40 10 48 29 
0 34
1 7
2 10
3 5
4 44
5 16
6 18
7 35
8 6
9 25
10 46
11 28
12 26
13 32
14 43
15 23
16 0
17 13
18 37
19 3
20 38
21 11
22 20
23 29
24 24
25 12
26 40
27 36
28 8
29 48
30 17
31 4
32 14
33 1
34 42
35 39
36 2
37 31
38 15
39 22
40 45
41 30
42 19
43 33
44 27
45 9
46 41
47 21
48 47
SIMILAR

1 24 4 18 29 42 11 8 7 2 23 41 10 40 0 31 30 12 19 26 35 34 3 37 36 20 28 45 21 46 27 6 5 17 44 39 13 47 25 14 15 43 16 33 32 22 48 38 9 
0 14
1 0
2 9
3 22
4 2
5 32
6 31
7 8
8 7
9 48
10 12
11 6
12 17
13 36
14 39
15 40
16 42
17 33
18 3
19 18
20 25
21 28
22 45
23 10
24 1
25 38
26 19
27 30
28 26
29 4
30 16
31 15
32 44
33 43
34 21
35 20
36 24
37 23
38 47
39 35
40 13
41 11
42 5
43 41
44 34
45 27
46 29
47 37
48 46
SIMILAR

30 4 0 39 36 33 31 3 14 24 29 9 12 32 17 20 5 43 22 8 40 45 28 16 48 18 2 47 34 13 42 37 7 1 44 46 10 41 21 38 25 6 19 23 26 35 15 11 27 
0 2
1 33
2 26
3 7
4 1
5 16
6 41
7 32
8 19
9 11
10 36
11 47
12 12
13 29
14 8
15 46
16 23
17 14
18 25
19 42
20 15
21 38
22 18
23 43
24 9
25 40
26 44
27 48
28 22
29 10
30 0
31 6
32 13
33 5
34 28
35 45
36 4
37 31
38 39
39 3
40 20
41 37
42 30
43 17
44 34
45 21
46 35
47 27
48 24
SIMILAR

2 20 9 22 12 16 35 4 7 45 5 8 1 21 28 23 15 33 42 48 26 38 0 14 19 37 30 47 27 43 44 32 31 13 24 10 36 6 11 29 3 46 34 40 18 41 39 25 17 
0 22
1 12
2 0
3 40
4 7
5 10
6 37
7 8
8 11
9 2
10 35
11 38
12 4
13 33
14 23
15 16
16 5
17 48
18 44
19 24
20 1
21 13
22 3
23 15
24 34
25 47
26 20
27 28
28 14
29 39
30 26
31 32
32 31
33 17
34 42
35 6
36 36
37 25
38 21
39 46
40 43
41 45
42 18
43 29
44 30
45 9
46 41
47 27
48 19
SIMILAR

32 14 16 3 1 7 43 33 24 48 15 18 21 23 5 17 27 38 28 37 10 8 47 22 46 26 40 34 9 42 11 2 13 20 4 25 29 0 30 12 19 31 41 35 6 39 36 45 44 
0 37
1 4
2 31
3 3
4 34
5 14
6 44
7 5
8 21
9 28
10 20
11 30
12 39
13 32
14 1
15 10
16 2
17 15
18 11
19 40
20 33
21 12
22 23
23 13
24 8
25 35
26 25
27 16
28 18
29 36
30 38
31 41
32 0
33 7
34 27
35 43
36 46
37 19
38 17
39 45
40 26
41 42
42 29
43 6
44 48
45 47
46 24
47 22
48 9
SIMILAR

4 14 32 33 43 40 37 0 31 36 21 17 1 13 28 30 26 10 42 6 15 44 3 29 5 18 24 11 25 23 20 8 7 2 27 16 38 35 41 39 22 48 19 47 9 34 45 46 12 
0 7
1 12
2 33
3 22
4 0
5 24
6 19
7 32
8 31
9 44
10 17
11 27
12 48
13 13
14 1
15 20
16 35
17 11
18 25
19 42
20 30
21 10
22 40
23 29
24 26
25 28
26 16
27 34
28 14
29 23
30 15
31 8
32 2
33 3
34 45
35 37
36 9
37 6
38 36
39 39
40 5
41 38
42 18
43 4
44 21
45 46
46 47
47 43
48 41
SIMILAR

31 22 25 0 32 41 40 2 24 13 45 21 3 28 26 48 34 10 27 16 6 1 43 14 8 7 15 9 17 19 4 18 23 12 29 11 39 35 44 5 33 38 46 47 37 30 20 42 36 
0 3
1 21
2 7
3 12
4 30
5 39
6 20
7 25
8 24
9 27
10 17
11 35
12 33
13 9
14 23
15 26
16 19
17 28
18 31
19 29
20 46
21 11
22 1
23 32
24 8
25 2
26 14
27 18
28 13
29 34
30 45
31 0
32 4
33 40
34 16
35 37
36 48
37 44
38 41
39 36
40 6
41 5
42 47
43 22
44 38
45 10
46 42
47 43
48 15
SIMILAR

46 42 26 47 1 9 12 40 48 41 36 16 24 35 14 37 45 30 27 23 44 20 13 3 33 10 4 39 0 18 31 17 22 2 38 15 6 5 11 28 8 25 7 19 21 29 32 43 34 
0 28
1 4
2 33
3 23
4 26
5 37
6 36
7 42
8 40
9 5
10 25
11 38
12 6
13 22
14 14
15 35
16 11
17 31
18 29
19 43
20 21
21 44
22 32
23 19
24 12
25 41
26 2
27 18
28 39
29 45
30 17
31 30
32 46
33 24
34 48
35 13
36 10
37 15
38 34
39 27
40 7
41 9
42 1
43 47
44 20
45 16
46 0
47 3
48 8
SIMILAR

40 39 42 11 23 18 16 47 35 46 0 37 2 32 12 34 10 30 5 45 8 43 13 29 21 41 44 22 9 1 31 48 27 24 14 15 17 38 33 28 25 26 20 6 3 7 19 36 4 
0 10
1 29
2 12
3 44
4 48
5 18
6 43
7 45
8 20
9 28
10 16
11 3
12 14
13 22
14 34
15 35
16 6
17 36
18 5
19 46
20 42
21 24
22 27
23 4
24 33
25 40
26 41
27 32
28 39
29 23
30 17
31 30
32 13
33 38
34 15
35 8
36 47
37 11
38 37
39 1
40 0
41 25
42 2
43 21
44 26
45 19
46 9
47 7
48 31
SIMILAR

20 38 27 23 11 22 40 2 14 30 28 37 34 24 0 45 41 1 12 44 32 17 39 36 46 15 31 10 6 47 29 43 42 5 13 16 3 33 18 26 7 21 4 35 48 25 19 8 9 
0 14
1 17
2 7
3 36
4 42
5 33
6 28
7 40
8 47
9 48
10 27
11 4
12 18
13 34
14 8
15 25
16 35
17 21
18 38
19 46
20 0
21 41
22 5
23 3
24 13
25 45
26 39
27 2
28 10
29 30
30 9
31 26
32 20
33 37
34 12
35 43
36 23
37 11
38 1
39 22
40 6
41 16
42 32
43 31
44 19
45 15
46 24
47 29
48 44
SIMILAR

36 41 3 18 1 32 38 46 20 16 0 30 10 35 21 39 24 11 42 9 37 29 26 45 14 43 34 17 25 48 19 28 40 5 12 22 4 8 6 33 23 2 27 7 31 13 15 44 47 
0 10
1 4
2 41
3 2
4 36
5 33
6 38
7 43
8 37
9 19
10 12
11 17
12 34
13 45
14 24
15 46
16 9
17 27
18 3
19 30
20 8
21 14
22 35
23 40
24 16
25 28
26 22
27 42
28 31
29 21
30 11
31 44
32 5
33 39
34 26
35 13
36 0
37 20
38 6
39 15
40 32
41 1
42 18
43 25
44 47
45 23
46 7
47 48
48 29
SIMILAR

0 20 15 41 40 30 32 45 46 1 3 23 31 35 38 39 18 44 27 9 8 26 24 47 28 42 2 25 16 7 6 17 37 12 34 13 29 5 21 43 19 48 22 14 10 11 36 33 4 
0 0
1 9
2 26
3 10
4 48
5 37
6 30
7 29
8 20
9 19
10 44
11 45
12 33
13 35
14 43
15 2
16 28
17 31
18 16
19 40
20 1
21 38
22 42
23 11
24 22
25 27
26 21
27 18
28 24
29 36
30 5
31 12
32 6
33 47
34 34
35 13
36 46
37 32
38 14
39 15
40 4
41 3
42 25
43 39
44 17
45 7
46 8
47 23
48 41
SIMILAR

0 25 13 6 24 35 37 20 41 8 30 19 18 34 22 23 15 12 29 26 39 16 17 45 14 1 9 4 10 38 7 2 47 11 27 5 40 36 28 21 32 48 44 43 33 46 31 3 42 
0 0
1 25
2 31
3 47
4 27
5 35
6 3
7 30
8 9
9 26
10 28
11 33
12 17
13 2
14 24
15 16
16 21
17 22
18 12
19 11
20 7
21 39
22 14
23 15
24 4
25 1
26 19
27 34
28 38
29 18
30 10
31 46
32 40
33 44
34 13
35 5
36 37
37 6
38 29
39 20
40 36
41 8
42 48
43 43
44 42
45 23
46 45
47 32
48 41
SIMILAR

37 31 18 13 10 48 35 2 15 33 22 21 40 5 24 36 46 29 14 26 0 30 43 9 27 38 8 44 42 25 7 20 19 12 1 41 16 11 4 47 28 45 39 32 3 34 6 17 23 
0 20
1 34
2 7
3 44
4 38
5 13
6 46
7 30
8 26
9 23
10 4
11 37
12 33
13 3
14 18
15 8
16 36
17 47
18 2
19 32
20 31
21 11
22 10
23 48
24 14
25 29
26 19
27 24
28 40
29 17
30 21
31 1
32 43
33 9
34 45
35 6
36 15
37 0
38 25
39 42
40 12
41 35
42 28
43 22
44 27
45 41
46 16
47 39
48 5
SIMILAR

29 21 48 27 16 14 46 6 39 30 32 41 40 7 1 0 42 15 13 25 35 24 2 4 10 8 11 45 47 12 36 18 26 20 17 23 38 28 33 34 3 19 37 5 31 43 22 44 9 
0 15
1 14
2 22
3 40
4 23
5 43
6 7
7 13
8 25
9 48
10 24
11 26
12 29
13 18
14 5
15 17
16 4
17 34
18 31
19 41
20 33
21 1
22 46
23 35
24 21
25 19
26 32
27 3
28 37
29 0
30 9
31 44
32 10
33 38
34 39
35 20
36 30
37 42
38 36
39 8
40 12
41 11
42 16
43 45
44 47
45 27
46 6
47 28
48 2
SIMILAR

24 23 1 33 48 42 32 11 45 16 7 44 40 18 41 43 30 15 29 38 34 6 2 5 8 47 9 35 25 39 27 26 0 12 46 14 28 19 31 36 13 21 4 17 37 20 3 10 22 
0 32
1 2
2 22
3 46
4 42
5 23
6 21
7 10
8 24
9 26
10 47
11 7
12 33
13 40
14 35
15 17
16 9
17 43
18 13
19 37
20 45
21 41
22 48
23 1
24 0
25 28
26 31
27 30
28 36
29 18
30 16
31 38
32 6
33 3
34 20
35 27
36 39
37 44
38 19
39 29
40 12
41 14
42 5
43 15
44 11
45 8
46 34
47 25
48 4
SIMILAR

23 37 17 43 29 10 7 36 13 21 16 27 39 32 41 44 20 4 0 47 33 6 19 28 45 8 9 15 11 46 48 2 40 42 25 31 35 22 1 24 14 18 30 5 12 3 38 34 26 
0 18
1 38
2 31
3 45
4 17
5 43
6 21
7 6
8 25
9 26
10 5
11 28
12 44
13 8
14 40
15 27
16 10
17 2
18 41
19 22
20 16
21 9
22 37
23 0
24 39
25 34
26 48
27 11
28 23
29 4
30 42
31 35
32 13
33 20
34 47
35 36
36 7
37 1
38 46
39 12
40 32
41 14
42 33
43 3
44 15
45 24
46 29
47 19
48 30
SIMILAR

5 36 34 32 12 6 40 9 45 14 24 41 16 25 11 15 7 37 13 44 38 39 22 43 18 1 33 3 23 46 42 28 47 17 2 29 10 20 48 0 19 30 31 8 26 27 35 21 4 
0 39
1 25
2 34
3 27
4 48
5 0
6 5
7 16
8 43
9 7
10 36
11 14
12 4
13 18
14 9
15 15
16 12
17 33
18 24
19 40
20 37
21 47
22 22
23 28
24 10
25 13
26 44
27 45
28 31
29 35
30 41
31 42
32 3
33 26
34 2
35 46
36 1
37 17
38 20
39 21
40 6
41 11
42 30
43 23
44 19
45 8
46 29
47 32
48 38
SIMILAR

45 9 6 23 37 24 14 17 15 38 13 33 2 7 35 22 8 34 41 31 44 16 19 30 21 29 5 10 4 20 1 26 42 43 27 48 28 11 18 0 12 3 46 40 47 25 32 39 36 
0 39
1 30
2 12
3 41
4 28
5 26
6 2
7 13
8 16
9 1
10 27
11 37
12 40
13 10
14 6
15 8
16 21
17 7
18 38
19 22
20 29
21 24
22 15
23 3
24 5
25 45
26 31
27 34
28 36
29 25
30 23
31 19
32 46
33 11
34 17
35 14
36 48
37 4
38 9
39 47
40 43
41 18
42 32
43 33
44 20
45 0
46 42
47 44
48 35
SIMILAR

43 20 3 0 28 33 39 25 30 22 1 15 23 41 34 47 9 6 19 24 32 36 11 45 21 37 8 5 12 13 4 18 7 16 26 29 38 31 10 2 27 42 44 14 35 48 17 46 40 
0 3
1 10
2 39
3 2
4 30
5 27
6 17
7 32
8 26
9 16
10 38
11 22
12 28
13 29
14 43
15 11
16 33
17 46
18 31
19 18
20 1
21 24
22 9
23 12
24 19
25 7
26 34
27 40
28 4
29 35
30 8
31 37
32 20
33 5
34 14
35 44
36 21
37 25
38 36
39 6
40 48
41 13
42 41
43 0
44 42
45 23
46 47
47 15
48 45
SIMILAR

8 46 9 32 0 15 37 3 28 26 12 14 39 4 33 11 2 38 7 6 48 27 34 20 23 41 44 13 45 31 10 17 19 24 47 30 16 43 36 18 29 25 21 5 40 35 22 1 42 
0 4
1 47
2 16
3 7
4 13
5 43
6 19
7 18
8 0
9 2
10 30
11 15
12 10
13 27
14 11
15 5
16 36
17 31
18 39
19 32
20 23
21 42
22 46
23 24
24 33
25 41
26 9
27 21
28 8
29 40
30 35
31 29
32 3
33 14
34 22
35 45
36 38
37 6
38 17
39 12
40 44
41 25
42 48
43 37
44 26
45 28
46 1
47 34
48 20
SIMILAR

30 19 9 31 22 12 5 11 6 21 26 36 7 10 46 16 13 29 33 34 17 18 25 40 38 4 20 44 39 28 32 47 37 48 27 3 43 41 15 35 42 24 8 23 1 14 2 45 0 
0 48
1 44
2 46
3 35
4 25
5 6
6 8
7 12
8 42
9 2
10 13
11 7
12 5
13 16
14 45
15 38
16 15
17 20
18 21
19 1
20 26
21 9
22 4
23 43
24 41
25 22
26 10
27 34
28 29
29 17
30 0
31 3
32 30
33 18
34 19
35 39
36 11
37 32
38 24
39 28
40 23
41 37
42 40
43 36
44 27
45 47
46 14
47 31
48 33
SIMILAR

0 44 8 17 12 32 25 18 3 10 13 46 4 37 39 47 27 24 41 31 22 36 16 21 33 19 1 11 40 2 28 42 48 30 6 29 9 14 34 35 7 20 45 5 38 26 23 43 15 
0 0
1 26
2 29
3 8
4 12
5 43
6 34
7 40
8 2
9 36
10 9
11 27
12 4
13 10
14 37
15 48
16 22
17 3
18 7
19 25
20 41
21 23
22 20
23 46
24 17
25 6
26 45
27 16
28 30
29 35
30 33
31 19
32 5
33 24
34 38
35 39
36 21
37 13
38 44
39 14
40 28
41 18
42 31
43 47
44 1
45 42
46 11
47 15
48 32
SIMILAR

43 13 27 44 29 48 39 3 35 7 38 31 8 5 30 19 28 25 1 15 34 24 33 36 26 2 22 20 32 23 6 0 4 17 37 12 40 9 10 18 47 11 41 21 46 16 42 45 14 
0 31
1 18
2 25
3 7
4 32
5 13
6 30
7 9
8 12
9 37
10 38
11 41
12 35
13 1
14 48
15 19
16 45
17 33
18 39
19 15
20 27
21 43
22 26
23 29
24 21
25 17
26 24
27 2
28 16
29 4
30 14
31 11
32 28
33 22
34 20
35 8
36 23
37 34
38 10
39 6
40 36
41 42
42 46
43 0
44 3
45 47
46 44
47 40
48 5
SIMILAR

41 25 31 35 24 1 4 34 46 23 9 2 32 43 11 15 28 26 21 17 38 8 20 39 10 40 44 12 3 18 5 27 7 37 36 19 30 16 22 42 14 45 0 48 47 6 13 29 33 
0 42
1 5
2 11
3 28
4 6
5 30
6 45
7 32
8 21
9 10
10 24
11 14
12 27
13 46
14 40
15 15
16 37
17 19
18 29
19 35
20 22
21 18
22 38
23 9
24 4
25 1
26 17
27 31
28 16
29 47
30 36
31 2
32 12
33 48
34 7
35 3
36 34
37 33
38 20
39 23
40 25
41 0
42 39
43 13
44 26
45 41
46 8
47 44
48 43
SIMILAR

22 40 6 36 41 10 8 15 48 2 28 12 18 34 44 3 30 0 26 20 24 11 33 27 17 9 5 45 42 43 38 47 39 16 7 23 31 37 35 21 13 19 29 4 25 1 32 14 46 
0 17
1 45
2 9
3 15
4 43
5 26
6 2
7 34
8 6
9 25
10 5
11 21
12 11
13 40
14 47
15 7
16 33
17 24
18 12
19 41
20 19
21 39
22 0
23 35
24 20
25 44
26 18
27 23
28 10
29 42
30 16
31 36
32 46
33 22
34 13
35 38
36 3
37 37
38 30
39 32
40 1
41 4
42 28
43 29
44 14
45 27
46 48
47 31
48 8
SIMILAR

44 4 8 9 17 16 33 22 32 24 30 18 23 48 26 47 11 39 46 42 7 13 2 37 35 15 38 6 45 0 20 28 21 36 14 25 10 34 29 1 41 27 12 43 5 31 3 19 40 
0 29
1 39
2 22
3 46
4 1
5 44
6 27
7 20
8 2
9 3
10 36
11 16
12 42
13 21
14 34
15 25
16 5
17 4
18 11
19 47
20 30
21 32
22 7
23 12
24 9
25 35
26 14
27 41
28 31
29 38
30 10
31 45
32 8
33 6
34 37
35 24
36 33
37 23
38 26
39 17
40 48
41 40
42 19
43 43
44 0
45 28
46 18
47 15
48 13
SIMILAR

29 33 10 26 21 19 14 25 36 31 0 28 7 44 42 3 40 18 48 22 35 47 41 37 30 24 17 8 23 45 15 43 2 1 4 39 12 11 27 5 9 32 34 16 46 38 13 6 20 
0 10
1 33
2 32
3 15
4 34
5 39
6 47
7 12
8 27
9 40
10 2
11 37
12 36
13 46
14 6
15 30
16 43
17 26
18 17
19 5
20 48
21 4
22 19
23 28
24 25
25 7
26 3
27 38
28 11
29 0
30 24
31 9
32 41
33 1
34 42
35 20
36 8
37 23
38 45
39 35
40 16
41 22
42 14
43 31
44 13
45 29
46 44
47 21
48 18
SIMILAR

32 33 12 42 26 38 22 21 27 1 48 16 34 4 17 47 15 14 20 11 0 19 45 41 9 24 44 37 23 43 5 6 46 10 25 35 40 2 3 18 36 30 13 28 29 8 31 39 7 
0 20
1 9
2 37
3 38
4 13
5 30
6 31
7 48
8 45
9 24
10 33
11 19
12 2
13 42
14 17
15 16
16 11
17 14
18 39
19 21
20 18
21 7
22 6
23 28
24 25
25 34
26 4
27 8
28 43
29 44
30 41
31 46
32 0
33 1
34 12
35 35
36 40
37 27
38 5
39 47
40 36
41 23
42 3
43 29
44 26
45 22
46 32
47 15
48 10
SIMILAR

42 25 6 33 35 14 5 11 28 2 41 20 8 26 37 7 44 3 31 22 47 15 39 13 18 9 0 30 1 48 19 32 40 17 46 45 27 4 38 16 43 24 12 10 34 21 36 23 29 
0 26
1 28
2 9
3 17
4 37
5 6
6 2
7 15
8 12
9 25
10 43
11 7
12 42
13 23
14 5
15 21
16 39
17 33
18 24
19 30
20 11
21 45
22 19
23 47
24 41
25 1
26 13
27 36
28 8
29 48
30 27
31 18
32 31
33 3
34 44
35 4
36 46
37 14
38 38
39 22
40 32
41 10
42 0
43 40
44 16
45 35
46 34
47 20
48 29
SIMILAR

18 30 41 29 3 26 33 5 37 17 20 42 40 43 13 34 4 23 12 15 9 0 2 21 31 19 38 16 8 24 1 27 47 14 32 44 36 28 45 35 22 11 39 48 6 10 25 46 7 
0 21
1 30
2 22
3 4
4 16
5 7
6 44
7 48
8 28
9 20
10 45
11 41
12 18
13 14
14 33
15 19
16 27
17 9
18 0
19 25
20 10
21 23
22 40
23 17
24 29
25 46
26 5
27 31
28 37
29 3
30 1
31 24
32 34
33 6
34 15
35 39
36 36
37 8
38 26
39 42
40 12
41 2
42 11
43 13
44 35
45 38
46 47
47 32
48 43
SIMILAR

29 15 34 44 27 35 43 26 24 30 11 21 22 3 10 6 12 47 7 38 36 46 0 17 39 18 19 5 14 13 41 20 48 37 40 45 8 23 4 33 2 16 32 1 28 42 25 31 9 
0 22
1 43
2 40
3 13
4 38
5 27
6 15
7 18
8 36
9 48
10 14
11 10
12 16
13 29
14 28
15 1
16 41
17 23
18 25
19 26
20 31
21 11
22 12
23 37
24 8
25 46
26 7
27 4
28 44
29 0
30 9
31 47
32 42
33 39
34 2
35 5
36 20
37 33
38 19
39 24
40 34
41 30
42 45
43 6
44 3
45 35
46 21
47 17
48 32
SIMILAR

10 4 31 21 34 5 3 17 26 11 42 27 45 1 22 38 44 13 40 41 28 48 43 8 32 46 39 37 20 18 23 16 7 47 25 2 24 15 33 36 30 0 9 14 6 35 29 12 19 
0 41
1 13
2 35
3 6
4 1
5 5
6 44
7 32
8 23
9 42
10 0
11 9
12 47
13 17
14 43
15 37
16 31
17 7
18 29
19 48
20 28
21 3
22 14
23 30
24 36
25 34
26 8
27 11
28 20
29 46
30 40
31 2
32 24
33 38
34 4
35 45
36 39
37 27
38 15
39 26
40 18
41 19
42 10
43 22
44 16
45 12
46 25
47 33
48 21
SIMILAR

23 33 0 24 6 28 8 27 10 42 47 3 48 13 30 38 39 46 19 4 40 7 31 37 36 15 5 9 17 41 1 45 18 21 12 26 34 2 35 32 22 44 25 14 11 16 20 43 29 
0 2
1 30
2 37
3 11
4 19
5 26
6 4
7 21
8 6
9 27
10 8
11 44
12 34
13 13
14 43
15 25
16 45
17 28
18 32
19 18
20 46
21 33
22 40
23 0
24 3
25 42
26 35
27 7
28 5
29 48
30 14
31 22
32 39
33 1
34 36
35 38
36 24
37 23
38 15
39 16
40 20
41 29
42 9
43 47
44 41
45 31
46 17
47 10
48 12
SIMILAR

30 0 24 25 10 19 8 40 29 37 4 32 33 28 3 2 18 26 13 27 15 9 20 12 39 47 17 45 43 44 11 22 36 31 48 46 5 16 34 35 6 42 21 7 1 38 23 41 14 
0 1
1 44
2 15
3 14
4 10
5 36
6 40
7 43
8 6
9 21
10 4
11 30
12 23
13 18
14 48
15 20
16 37
17 26
18 16
19 5
20 22
21 42
22 31
23 46
24 2
25 3
26 17
27 19
28 13
29 8
30 0
31 33
32 11
33 12
34 38
35 39
36 32
37 9
38 45
39 24
40 7
41 47
42 41
43 28
44 29
45 27
46 35
47 25
48 34
SIMILAR

20 42 31 5 14 47 23 21 19 34 45 11 13 16 39 36 46 48 37 41 10 17 6 44 12 30 8 2 1 43 29 18 0 25 40 26 32 4 7 24 15 33 28 3 27 22 35 9 38 
0 32
1 28
2 27
3 43
4 37
5 3
6 22
7 38
8 26
9 47
10 20
11 11
12 24
13 12
14 4
15 40
16 13
17 21
18 31
19 8
20 0
21 7
22 45
23 6
24 39
25 33
26 35
27 44
28 42
29 30
30 25
31 2
32 36
33 41
34 9
35 46
36 15
37 18
38 48
39 14
40 34
41 19
42 1
43 29
44 23
45 10
46 16
47 5
48 17
SIMILAR

48 31 7 47 16 25 6 34 2 12 28 15 8 38 43 3 11 36 44 9 10 27 46 29 42 32 1 20 35 24 14 19 4 0 21 22 17 40 18 13 5 26 39 30 33 37 23 41 45 
0 33
1 26
2 8
3 15
4 32
5 40
6 6
7 2
8 12
9 19
10 20
11 16
12 9
13 39
14 30
15 11
16 4
17 36
18 38
19 31
20 27
21 34
22 35
23 46
24 29
25 5
26 41
27 21
28 10
29 23
30 43
31 1
32 25
33 44
34 7
35 28
36 17
37 45
38 13
39 42
40 37
41 47
42 24
43 14
44 18
45 48
46 22
47 3
48 0
SIMILAR

0 46 24 27 4 10 1 33 9 36 7 3 13 38 30 17 20 45 32 11 48 6 31 43 28 23 39 2 34 15 41 40 29 12 5 22 37 42 14 44 16 8 25 47 19 26 21 35 18 
0 0
1 6
2 27
3 11
4 4
5 34
6 21
7 10
8 41
9 8
10 5
11 19
12 33
13 12
14 38
15 29
16 40
17 15
18 48
19 44
20 16
21 46
22 35
23 25
24 2
25 42
26 45
27 3
28 24
29 32
30 14
31 22
32 18
33 7
34 28
35 47
36 9
37 36
38 13
39 26
40 31
41 30
42 37
43 23
44 39
45 17
46 1
47 43
48 20
SIMILAR

26 17 21 43 46 39 44 10 27 31 23 15 22 28 32 0 13 3 4 20 25 16 8 14 38 19 42 47 12 35 48 7 34 41 9 40 36 30 24 18 1 45 33 11 37 2 5 29 6 
0 15
1 40
2 45
3 17
4 18
5 46
6 48
7 31
8 22
9 34
10 7
11 43
12 28
13 16
14 23
15 11
16 21
17 1
18 39
19 25
20 19
21 2
22 12
23 10
24 38
25 20
26 0
27 8
28 13
29 47
30 37
31 9
32 14
33 42
34 32
35 29
36 36
37 44
38 24
39 5
40 35
41 33
42 26
43 3
44 6
45 41
46 4
47 27
48 30
SIMILAR

5 3 1 10 35 45 36 15 39 38 2 24 43 37 22 14 16 20 44 26 9 48 40 13 47 25 19 12 23 6 7 0 18 21 34 30 17 41 33 8 31 28 4 32 46 11 42 27 29 
0 31
1 2
2 10
3 1
4 42
5 0
6 29
7 30
8 39
9 20
10 3
11 45
12 27
13 23
14 15
15 7
16 16
17 36
18 32
19 26
20 17
21 33
22 14
23 28
24 11
25 25
26 19
27 47
28 41
29 48
30 35
31 40
32 43
33 38
34 34
35 4
36 6
37 13
38 9
39 8
40 22
41 37
42 46
43 12
44 18
45 5
46 44
47 24
48 21
SIMILAR

29 15 40 13 28 34 5 32 11 42 18 12 27 0 37 46 31 16 9 14 35 21 6 19 17 45 41 10 22 20 36 24 39 48 2 7 44 38 8 4 1 25 23 47 33 43 3 26 30 
0 13
1 40
2 34
3 46
4 39
5 6
6 22
7 35
8 38
9 18
10 27
11 8
12 11
13 3
14 19
15 1
16 17
17 24
18 10
19 23
20 29
21 21
22 28
23 42
24 31
25 41
26 47
27 12
28 4
29 0
30 48
31 16
32 7
33 44
34 5
35 20
36 30
37 14
38 37
39 32
40 2
41 26
42 9
43 45
44 36
45 25
46 15
47 43
48 33
SIMILAR

44 43 18 22 36 2 17 42 10 30 20 14 6 7 12 41 47 1 8 48 5 24 13 26 4 3 45 31 29 32 34 39 27 28 25 0 16 35 11 9 21 38 23 19 33 37 46 40 15 
0 35
1 17
2 5
3 25
4 24
5 20
6 12
7 13
8 18
9 39
10 8
11 38
12 14
13 22
14 11
15 48
16 36
17 6
18 2
19 43
20 10
21 40
22 3
23 42
24 21
25 34
26 23
27 32
28 33
29 28
30 9
31 27
32 29
33 44
34 30
35 37
36 4
37 45
38 41
39 31
40 47
41 15
42 7
43 1
44 0
45 26
46 46
47 16
48 19
SIMILAR

26 31 6 46 30 15 41 20 39 11 40 1 7 5 42 18 2 3 36 0 32 44 14 38 35 9 47 37 10 24 28 43 22 16 8 45 13 33 19 27 17 48 21 29 34 25 12 4 23 
0 19
1 11
2 16
3 17
4 47
5 13
6 2
7 12
8 34
9 25
10 28
11 9
12 46
13 36
14 22
15 5
16 33
17 40
18 15
19 38
20 7
21 42
22 32
23 48
24 29
25 45
26 0
27 39
28 30
29 43
30 4
31 1
32 20
33 37
34 44
35 24
36 18
37 27
38 23
39 8
40 10
41 6
42 14
43 31
44 21
45 35
46 3
47 26
48 41
SIMILAR

5 14 16 46 9 25 7 1 34 13 36 38 33 29 48 12 31 4 32 21 3 42 39 11 44 41 43 10 17 27 20 28 18 26 37 22 30 47 23 8 45 6 19 0 24 2 15 40 35 
0 43
1 7
2 45
3 20
4 17
5 0
6 41
7 6
8 39
9 4
10 27
11 23
12 15
13 9
14 1
15 46
16 2
17 28
18 32
19 42
20 30
21 19
22 35
23 38
24 44
25 5
26 33
27 29
28 31
29 13
30 36
31 16
32 18
33 12
34 8
35 48
36 10
37 34
38 11
39 22
40 47
41 25
42 21
43 26
44 24
45 40
46 3
47 37
48 14
SIMILAR

43 24 28 13 36 45 3 5 42 17 26 31 34 29 37 20 14 18 6 7 35 39 40 46 16 25 0 9 21 27 30 23 44 12 8 2 41 4 32 15 1 33 11 19 10 38 47 22 48 
0 26
1 40
2 35
3 6
4 37
5 7
6 18
7 19
8 34
9 27
10 44
11 42
12 33
13 3
14 16
15 39
16 24
17 9
18 17
19 43
20 15
21 28
22 47
23 31
24 1
25 25
26 10
27 29
28 2
29 13
30 30
31 11
32 38
33 41
34 12
35 20
36 4
37 14
38 45
39 21
40 22
41 36
42 8
43 0
44 32
45 5
46 23
47 46
48 48
SIMILAR

33 15 11 21 43 30 40 19 4 16 27 1 22 8 29 38 32 7 20 28 46 47 42 34 26 18 25 23 41 45 9 44 35 31 17 24 37 10 0 5 6 3 2 14 39 13 36 48 12 
0 38
1 11
2 42
3 41
4 8
5 39
6 40
7 17
8 13
9 30
10 37
11 2
12 48
13 45
14 43
15 1
16 9
17 34
18 25
19 7
20 18
21 3
22 12
23 27
24 35
25 26
26 24
27 10
28 19
29 14
30 5
31 33
32 16
33 0
34 23
35 32
36 46
37 36
38 15
39 44
40 6
41 28
42 22
43 4
44 31
45 29
46 20
47 21
48 47
SIMILAR

27 17 42 5 8 6 3 23 25 45 43 47 38 31 15 10 11 19 37 34 20 22 30 18 0 41 33 39 24 35 12 7 48 1 21 29 28 40 44 26 36 13 9 16 32 4 14 46 2 
0 24
1 33
2 48
3 6
4 45
5 3
6 5
7 31
8 4
9 42
10 15
11 16
12 30
13 41
14 46
15 14
16 43
17 1
18 23
19 17
20 20
21 34
22 21
23 7
24 28
25 8
26 39
27 0
28 36
29 35
30 22
31 13
32 44
33 26
34 19
35 29
36 40
37 18
38 12
39 27
40 37
41 25
42 2
43 10
44 38
45 9
46 47
47 11
48 32
SIMILAR

0 7 10 12 6 24 38 37 17 29 39 4 16 47 23 14 35 32 8 42 25 41 27 20 28 44 36 2 1 30 11 48 13 22 34 18 9 46 19 45 31 3 5 21 26 43 40 15 33 
0 0
1 28
2 27
3 41
4 11
5 42
6 4
7 1
8 18
9 36
10 2
11 30
12 3
13 32
14 15
15 47
16 12
17 8
18 35
19 38
20 23
21 43
22 33
23 14
24 5
25 20
26 44
27 22
28 24
29 9
30 29
31 40
32 17
33 48
34 34
35 16
36 26
37 7
38 6
39 10
40 46
41 21
42 19
43 45
44 25
45 39
46 37
47 13
48 31
SIMILAR

38 0 43 29 39 11 40 2 45 10 30 19 32 41 17 16 34 7 44 47 25 33 5 36 26 13 1 46 8 31 23 24 20 42 3 14 37 9 12 6 21 15 48 18 22 4 27 28 35 
0 1
1 26
2 7
3 34
4 45
5 22
6 39
7 17
8 28
9 37
10 9
11 5
12 38
13 25
14 35
15 41
16 15
17 14
18 43
19 11
20 32
21 40
22 44
23 30
24 31
25 20
26 24
27 46
28 47
29 3
30 10
31 29
32 12
33 21
34 16
35 48
36 23
37 36
38 0
39 4
40 6
41 13
42 33
43 2
44 18
45 8
46 27
47 19
48 42
SIMILAR

9 46 42 34 21 0 18 37 22 13 31 12 44 26 20 39 2 17 33 19 35 30 45 28 40 8 10 24 11 38 29 6 16 5 43 32 25 4 1 7 47 14 36 41 3 23 15 27 48 
0 5
1 38
2 16
3 44
4 37
5 33
6 31
7 39
8 25
9 0
10 26
11 28
12 11
13 9
14 41
15 46
16 32
17 17
18 6
19 19
20 14
21 4
22 8
23 45
24 27
25 36
26 13
27 47
28 23
29 30
30 21
31 10
32 35
33 18
34 3
35 20
36 42
37 7
38 29
39 15
40 24
41 43
42 2
43 34
44 12
45 22
46 1
47 40
48 48
SIMILAR

44 32 46 27 21 29 30 4 10 23 9 19 48 47 35 12 14 15 13 41 16 5 11 45 6 25 40 18 43 2 28 0 42 38 39 24 26 33 20 22 34 1 3 17 7 8 31 37 36 
0 31
1 41
2 29
3 42
4 7
5 21
6 24
7 44
8 45
9 10
10 8
11 22
12 15
13 18
14 16
15 17
16 20
17 43
18 27
19 11
20 38
21 4
22 39
23 9
24 35
25 25
26 36
27 3
28 30
29 5
30 6
31 46
32 1
33 37
34 40
35 14
36 48
37 47
38 33
39 34
40 26
41 19
42 32
43 28
44 0
45 23
46 2
47 13
48 12
SIMILAR

28 47 8 29 40 13 7 34 43 14 31 12 42 0 11 18 6 45 4 37 39 25 33 2 9 41 35 1 23 21 3 32 36 24 15 26 27 22 19 44 30 10 17 48 38 16 46 5 20 
0 13
1 27
2 23
3 30
4 18
5 47
6 16
7 6
8 2
9 24
10 41
11 14
12 11
13 5
14 9
15 34
16 45
17 42
18 15
19 38
20 48
21 29
22 37
23 28
24 33
25 21
26 35
27 36
28 0
29 3
30 40
31 10
32 31
33 22
34 7
35 26
36 32
37 19
38 44
39 20
40 4
41 25
42 12
43 8
44 39
45 17
46 46
47 1
48 43
SIMILAR

6 32 12 4 2 16 48 45 26 42 3 33 18 31 36 38 44 1 11 37 7 19 43 14 9 27 22 15 39 23 47 20 17 0 21 13 40 28 30 24 25 8 29 34 46 5 10 35 41 
0 33
1 17
2 4
3 10
4 3
5 45
6 0
7 20
8 41
9 24
10 46
11 18
12 2
13 35
14 23
15 27
16 5
17 32
18 12
19 21
20 31
21 34
22 26
23 29
24 39
25 40
26 8
27 25
28 37
29 42
30 38
31 13
32 1
33 11
34 43
35 47
36 14
37 19
38 15
39 28
40 36
41 48
42 9
43 22
44 16
45 7
46 44
47 30
48 6
SIMILAR
100 0
4000 0
454000 0
