49
0 0 1 1 0 0 1 1 1 1 1 0 1 0 0 1 0 0 0 1 0 0 1 1 0 1 0 1 0 1 1 0 0 0 1 0 0 0 0 1 1 1 0 0 1 1 1 0 1 
0 0 0 1 1 0 1 0 1 1 0 0 1 1 1 0 1 1 0 0 1 0 0 1 1 1 1 1 0 1 0 1 0 1 1 0 1 1 0 1 1 0 1 1 1 1 0 1 1 
1 0 0 1 0 1 1 0 1 0 1 0 1 0 1 1 1 0 1 0 0 1 1 0 0 0 0 1 0 0 1 1 0 0 1 1 1 1 1 1 0 1 0 1 1 0 0 0 1 
1 1 1 0 0 1 0 1 1 0 1 0 0 0 1 1 1 0 1 0 1 1 1 0 0 0 1 1 1 0 1 0 0 0 0 0 1 0 1 1 1 1 1 1 1 0 0 1 1 
0 1 0 0 0 0 1 1 0 0 0 1 1 1 0 0 0 0 1 0 0 1 1 0 1 0 1 0 0 1 0 0 1 0 1 1 1 0 0 1 0 0 1 0 1 0 0 1 0 
0 0 1 1 0 0 1 1 0 1 1 0 1 1 1 1 0 0 0 0 1 0 0 1 0 0 1 0 0 1 1 1 0 0 0 1 0 1 1 0 1 0 1 1 1 0 1 1 1 
1 1 1 0 1 1 0 1 0 0 0 0 0 0 0 1 0 0 1 1 1 1 0 1 1 1 0 0 0 0 1 0 1 0 0 0 0 0 1 0 0 0 1 0 0 1 1 0 0 
1 0 0 1 1 1 1 0 1 0 1 1 1 0 1 0 1 1 1 0 1 1 0 1 1 0 1 0 1 0 1 1 1 0 1 0 0 0 1 0 1 0 1 1 0 1 0 1 1 
1 1 1 1 0 0 0 1 0 1 0 1 1 1 0 0 0 1 1 1 0 0 0 0 0 1 1 0 0 0 1 1 0 1 0 0 1 0 1 1 1 1 0 1 1 1 0 0 1 
1 1 0 0 0 1 0 0 1 0 1 0 1 0 1 1 0 1 0 0 0 1 1 1 0 1 1 0 0 1 1 1 0 1 0 1 0 1 1 1 0 0 0 1 1 1 1 1 1 
1 0 1 1 0 1 0 1 0 1 0 0 0 0 0 1 1 0 0 0 1 1 1 1 0 1 1 1 0 0 0 1 1 0 1 0 0 0 1 1 1 1 1 0 1 1 0 1 1 
0 0 0 0 1 0 0 1 1 0 0 0 0 0 1 0 1 1 1 0 0 0 0 1 1 1 1 1 0 0 1 0 0 0 0 1 0 1 1 1 0 0 1 0 0 1 0 0 0 
1 1 1 0 1 1 0 1 1 1 0 0 0 1 0 0 0 0 0 1 0 0 1 0 0 0 1 0 1 0 0 0 0 0 1 1 1 0 1 0 1 1 1 1 1 1 1 0 1 
0 1 0 0 1 1 0 0 1 0 0 0 1 0 0 1 1 1 0 0 1 0 0 1 0 1 0 0 1 0 1 0 0 0 0 1 0 1 1 0 0 1 0 1 1 0 1 1 0 
0 1 1 1 0 1 0 1 0 1 0 1 0 0 0 0 1 0 1 0 1 0 1 1 0 0 0 1 0 0 0 0 1 1 1 1 1 1 1 0 1 1 1 0 0 0 0 0 0 
1 0 1 1 0 1 1 0 0 1 1 0 0 1 0 0 0 0 1 0 0 0 1 1 1 1 1 0 1 1 1 1 0 1 0 0 1 0 0 0 1 0 0 0 1 1 1 1 1 
0 1 1 1 0 0 0 1 0 0 1 1 0 1 1 0 0 0 1 0 0 1 1 0 0 1 1 1 0 1 0 1 0 0 1 0 0 0 1 1 0 0 1 0 0 0 0 1 0 
0 1 0 0 0 0 0 1 1 1 0 1 0 1 0 0 0 0 1 0 0 0 0 1 1 0 1 0 1 1 1 1 0 0 1 0 0 0 0 1 0 0 0 1 1 1 0 1 0 
0 0 1 1 1 0 1 1 1 0 0 1 0 0 1 1 1 1 0 0 0 0 1 0 1 0 0 0 1 1 1 0 0 0 0 1 1 0 1 0 0 1 1 1 1 0 0 0 1 
1 0 0 0 0 0 1 0 1 0 0 0 1 0 0 0 0 0 0 0 0 1 1 0 0 0 1 1 0 1 0 0 0 1 1 0 1 0 0 0 0 0 1 0 1 0 1 0 1 
0 1 0 1 0 1 1 1 0 0 1 0 0 1 1 0 0 0 0 0 0 1 1 1 0 0 0 0 1 0 1 1 1 0 1 1 1 1 0 1 0 1 0 1 0 0 1 1 0 
0 0 1 1 1 0 1 1 0 1 1 0 0 0 0 0 1 0 0 1 1 0 1 0 0 0 1 1 0 1 1 0 1 0 1 1 1 0 1 0 0 0 0 0 0 0 1 0 1 
1 0 1 1 1 0 0 0 0 1 1 0 1 0 1 1 1 0 1 1 1 1 0 0 0 1 1 0 0 1 1 1 0 0 1 1 0 0 1 1 0 0 1 1 0 0 0 0 1 
1 1 0 0 0 1 1 1 0 1 1 1 0 1 1 1 0 1 0 0 1 0 0 0 1 0 0 0 0 0 1 1 1 0 1 1 0 0 0 1 0 1 0 1 1 0 1 1 1 
0 1 0 0 1 0 1 1 0 0 0 1 0 0 0 1 0 1 1 0 0 0 0 1 0 0 0 0 0 1 1 1 1 0 0 0 1 0 1 0 1 0 0 1 0 1 0 0 1 
1 1 0 0 0 0 1 0 1 1 1 1 0 1 0 1 1 0 0 0 0 0 1 0 0 0 0 1 0 0 0 1 1 1 1 1 0 0 1 1 1 0 1 1 1 0 0 0 0 
0 1 0 1 1 1 0 1 1 1 1 1 1 0 0 1 1 1 0 1 0 1 1 0 0 0 0 0 1 0 1 0 1 0 0 1 0 0 1 1 0 1 0 0 0 1 0 1 1 
1 1 1 1 0 0 0 0 0 0 1 1 0 0 1 0 1 0 0 1 0 1 0 0 0 1 0 0 1 1 0 0 0 1 1 1 0 0 0 0 0 1 0 1 1 0 0 0 1 
0 0 0 1 0 0 0 1 0 0 0 0 1 1 0 1 0 1 1 0 1 0 0 0 0 0 1 1 0 0 1 1 0 1 1 1 1 1 0 0 0 1 0 1 0 0 0 1 1 
1 1 0 0 1 1 0 0 0 1 0 0 0 0 0 1 1 1 1 1 0 1 1 0 1 0 0 1 0 0 1 1 0 1 0 1 1 1 1 0 0 1 1 1 0 1 1 0 0 
1 0 1 1 0 1 1 1 1 1 0 1 0 1 0 1 0 1 1 0 1 1 1 1 1 0 1 0 1 1 0 1 0 0 1 0 0 0 1 1 1 0 1 1 1 1 0 0 0 
0 1 1 0 0 1 0 1 1 1 1 0 0 0 0 1 1 1 0 0 1 0 1 1 1 1 0 0 1 1 1 0 1 0 1 1 0 0 0 1 1 1 0 1 1 0 1 1 0 
0 0 0 0 1 0 1 1 0 0 1 0 0 0 1 0 0 0 0 0 1 1 0 1 1 1 1 0 0 0 0 1 0 0 0 0 0 0 1 1 1 0 1 1 0 1 0 0 0 
0 1 0 0 0 0 0 0 1 1 0 0 0 0 1 1 0 0 0 1 0 0 0 0 0 1 0 1 1 1 0 0 0 0 0 0 0 0 0 0 0 1 0 0 0 0 0 1 1 
1 1 1 0 1 0 0 1 0 0 1 0 1 0 1 0 1 1 0 1 1 1 1 1 0 1 0 1 1 0 1 1 0 0 0 0 1 1 1 0 0 0 0 0 0 0 1 1 1 
0 0 1 0 1 1 0 0 0 1 0 1 1 1 1 0 0 0 1 0 1 1 1 1 0 1 1 1 1 1 0 1 0 0 0 0 0 0 1 1 0 1 0 0 0 1 0 1 0 
0 1 1 1 1 0 0 0 1 0 0 0 1 0 1 1 0 0 1 1 1 1 0 0 1 0 0 0 1 1 0 0 0 0 1 0 0 1 0 0 1 0 1 1 0 0 0 1 1 
0 1 1 0 0 1 0 0 0 1 0 1 0 1 1 0 0 0 0 0 1 0 0 0 0 0 0 0 1 1 0 0 0 0 1 0 1 0 1 0 1 0 0 1 0 1 1 1 1 
0 0 1 1 0 1 1 1 1 1 1 1 1 1 1 0 1 0 1 0 0 1 1 0 1 1 1 0 0 1 1 0 1 0 1 1 0 1 0 0 1 1 0 0 0 0 0 0 1 
1 1 1 1 1 0 0 0 1 1 1 1 0 0 0 0 1 1 0 0 1 0 1 1 0 1 1 0 0 0 1 1 1 0 0 1 0 0 0 0 1 0 1 0 1 1 0 1 1 
1 1 0 1 0 1 0 1 1 0 1 0 1 0 1 1 0 0 0 0 0 0 0 0 1 1 0 0 0 0 1 1 1 0 0 0 1 1 1 1 0 0 1 0 1 0 0 0 0 
1 0 1 1 0 0 0 0 1 0 1 0 1 1 1 0 0 0 1 0 1 0 0 1 0 0 1 1 1 1 0 1 0 1 0 1 0 0 1 0 0 0 1 0 1 0 0 1 0 
0 1 0 1 1 1 1 1 0 0 1 1 1 0 1 0 1 0 1 1 0 0 1 0 0 1 0 0 0 1 1 0 1 0 0 0 1 0 0 1 1 1 0 1 0 0 1 0 1 
0 1 1 1 0 1 0 1 1 1 0 0 1 1 0 0 0 1 1 0 1 0 1 1 1 1 0 1 1 1 1 1 1 0 0 0 1 1 0 0 0 0 1 0 1 1 1 1 0 
1 1 1 1 1 1 0 0 1 1 1 0 1 1 0 1 0 1 1 1 0 0 0 1 0 1 0 1 0 0 1 1 0 0 0 0 0 0 0 1 1 1 0 1 0 1 0 1 1 
1 1 0 0 0 0 1 1 1 1 1 1 1 0 0 1 0 1 0 0 0 0 0 0 1 0 1 0 0 1 1 0 1 0 0 1 0 1 0 1 0 0 0 1 1 0 1 0 0 
1 0 0 0 0 1 1 0 0 1 0 0 1 1 0 1 0 0 0 1 1 1 0 1 0 0 0 0 0 1 0 1 0 0 1 0 0 1 0 0 0 0 1 1 0 1 0 1 0 
0 1 0 1 1 1 0 1 0 1 1 0 0 1 0 1 1 1 0 0 1 0 0 1 0 0 1 0 1 0 0 1 0 1 1 1 1 1 0 1 0 1 0 1 1 0 1 0 0 
1 1 1 1 0 1 0 1 1 1 1 0 1 0 0 1 0 0 1 1 0 1 1 1 1 0 1 1 1 0 0 0 0 1 1 0 1 1 1 1 0 0 1 0 1 0 0 0 0 

13 15 3 42 19 34 20 11 31 46 26 28 7 1 17 4 23 32 16 25 41 8 36 24 39 2 30 9 22 35 33 40 29 45 0 14 18 44 27 47 12 5 10 6 37 43 48 38 21 
0 34
1 13
2 25
3 2
4 15
5 41
6 43
7 12
8 21
9 27
10 42
11 7
12 40
13 0
14 35
15 1
16 18
17 14
18 36
19 4
20 6
21 48
22 28
23 16
24 23
25 19
26 10
27 38
28 11
29 32
30 26
31 8
32 17
33 30
34 5
35 29
36 22
37 44
38 47
39 24
40 31
41 20
42 3
43 45
44 37
45 33
46 9
47 39
48 46
SIMILAR

14 6 42 5 21 46 10 13 26 36 17 3 43 38 47 27 44 8 31 2 11 32 23 24 15 35 12 7 16 19 37 18 1 28 41 29 0 45 25 48 39 20 33 9 34 4 30 40 22 
0 36
1 32
2 19
3 11
4 45
5 3
6 1
7 27
8 17
9 43
10 6
11 20
12 26
13 7
14 0
15 24
16 28
17 10
18 31
19 29
20 41
21 4
22 48
23 22
24 23
25 38
26 8
27 15
28 33
29 35
30 46
31 18
32 21
33 42
34 44
35 25
36 9
37 30
38 13
39 40
40 47
41 34
42 2
43 12
44 16
45 37
46 5
47 14
48 39
SIMILAR

32 1 3 28 35 33 24 14 20 2 18 40 10 39 12 21 19 27 23 31 5 41 7 6 30 11 0 48 37 38 17 8 4 9 26 36 29 13 43 22 46 47 42 45 15 25 34 44 16 
0 26
1 1
2 9
3 2
4 32
5 20
6 23
7 22
8 31
9 33
10 12
11 25
12 14
13 37
14 7
15 44
16 48
17 30
18 10
19 16
20 8
21 15
22 39
23 18
24 6
25 45
26 34
27 17
28 3
29 36
30 24
31 19
32 0
33 5
34 46
35 4
36 35
37 28
38 29
39 13
40 11
41 21
42 42
43 38
44 47
45 43
46 40
47 41
48 27
SIMILAR

45 36 22 30 46 17 20 18 2 48 39 9 6 47 21 12 1 4 38 3 14 15 42 34 23 16 0 13 11 29 7 43 10 19 8 31 24 40 37 27 33 41 25 26 32 5 35 44 28 
0 26
1 16
2 8
3 19
4 17
5 45
6 12
7 30
8 34
9 11
10 32
11 28
12 15
13 27
14 20
15 21
16 25
17 5
18 7
19 33
20 6
21 14
22 2
23 24
24 36
25 42
26 43
27 39
28 48
29 29
30 3
31 35
32 44
33 40
34 23
35 46
36 1
37 38
38 18
39 10
40 37
41 41
42 22
43 31
44 47
45 0
46 4
47 13
48 9
SIMILAR

28 32 48 41 27 17 39 2 47 8 24 1 11 22 35 29 0 14 9 3 20 12 45 40 10 34 4 37 38 46 42 18 16 43 30 7 25 15 44 19 36 23 6 33 31 26 13 5 21 
0 16
1 11
2 7
3 19
4 26
5 47
6 42
7 35
8 9
9 18
10 24
11 12
12 21
13 46
14 17
15 37
16 32
17 5
18 31
19 39
20 20
21 48
22 13
23 41
24 10
25 36
26 45
27 4
28 0
29 15
30 34
31 44
32 1
33 43
34 25
35 14
36 40
37 27
38 28
39 6
40 23
41 3
42 30
43 33
44 38
45 22
46 29
47 8
48 2
SIMILAR

20 47 41 18 0 39 45 9 14 40 2 19 1 44 26 17 35 4 36 25 5 32 30 22 33 23 6 16 29 10 43 42 38 27 34 3 21 24 48 37 13 31 7 12 11 46 28 15 8 
0 4
1 12
2 10
3 35
4 17
5 20
6 26
7 42
8 48
9 7
10 29
11 44
12 43
13 40
14 8
15 47
16 27
17 15
18 3
19 11
20 0
21 36
22 23
23 25
24 37
25 19
26 14
27 33
28 46
29 28
30 22
31 41
32 21
33 24
34 34
35 16
36 18
37 39
38 32
39 5
40 9
41 2
42 31
43 30
44 13
45 6
46 45
47 1
48 38
SIMILAR

48 36 4 47 13 0 22 31 5 26 33 1 37 29 27 39 25 3 6 21 17 23 45 44 35 11 28 40 38 9 15 7 16 19 46 20 42 18 12 8 2 10 24 32 30 41 14 34 43 
0 5
1 11
2 40
3 17
4 2
5 8
6 18
7 31
8 39
9 29
10 41
11 25
12 38
13 4
14 46
15 30
16 32
17 20
18 37
19 33
20 35
21 19
22 6
23 21
24 42
25 16
26 9
27 14
28 26
29 13
30 44
31 7
32 43
33 10
34 47
35 24
36 1
37 12
38 28
39 15
40 27
41 45
42 36
43 48
44 23
45 22
46 34
47 3
48 0
SIMILAR

40 33 31 44 15 23 42 38 43 18 26 27 1 11 12 29 17 34 30 48 20 3 7 22 16 13 5 39 35 21 41 32 46 25 10 47 37 9 2 28 6 24 8 14 0 36 4 19 45 
0 44
1 12
2 38
3 21
4 46
5 26
6 40
7 22
8 42
9 37
10 34
11 13
12 14
13 25
14 43
15 4
16 24
17 16
18 9
19 47
20 20
21 29
22 23
23 5
24 41
25 33
26 10
27 11
28 39
29 15
30 18
31 2
32 31
33 1
34 17
35 28
36 45
37 36
38 7
39 27
40 0
41 30
42 6
43 8
44 3
45 48
46 32
47 35
48 19
SIMILAR

35 31 15 10 8 9 47 14 44 20 17 45 25 24 23 12 0 27 29 6 34 19 48 22 46 38 28 3 7 43 2 5 13 36 41 40 16 1 33 37 32 21 4 30 18 42 11 26 39 
0 16
1 37
2 30
3 27
4 42
5 31
6 19
7 28
8 4
9 5
10 3
11 46
12 15
13 32
14 7
15 2
16 36
17 10
18 44
19 21
20 9
21 41
22 23
23 14
24 13
25 12
26 47
27 17
28 26
29 18
30 43
31 1
32 40
33 38
34 20
35 0
36 33
37 39
38 25
39 48
40 35
41 34
42 45
43 29
44 8
45 11
46 24
47 6
48 22
SIMILAR

43 4 2 34 25 47 32 36 16 20 19 6 11 44 27 48 28 45 35 30 33 14 21 22 7 31 17 26 41 37 29 24 5 39 40 10 15 23 42 8 38 46 1 18 0 9 13 12 3 
0 44
1 42
2 2
3 48
4 1
5 32
6 11
7 24
8 39
9 45
10 35
11 12
12 47
13 46
14 21
15 36
16 8
17 26
18 43
19 10
20 9
21 22
22 23
23 37
24 31
25 4
26 27
27 14
28 16
29 30
30 19
31 25
32 6
33 20
34 3
35 18
36 7
37 29
38 40
39 33
40 34
41 28
42 38
43 0
44 13
45 17
46 41
47 5
48 15
SIMILAR

1 26 36 27 3 22 29 35 9 2 44 47 17 25 45 6 31 39 28 5 7 8 48 15 40 23 43 13 16 12 11 14 18 30 20 34 32 10 41 38 33 0 4 37 42 19 21 46 24 
0 41
1 0
2 9
3 4
4 42
5 19
6 15
7 20
8 21
9 8
10 37
11 30
12 29
13 27
14 31
15 23
16 28
17 12
18 32
19 45
20 34
21 46
22 5
23 25
24 48
25 13
26 1
27 3
28 18
29 6
30 33
31 16
32 36
33 40
34 35
35 7
36 2
37 43
38 39
39 17
40 24
41 38
42 44
43 26
44 10
45 14
46 47
47 11
48 22
SIMILAR

37 0 11 22 26 1 3 6 14 40 17 43 9 24 32 29 46 30 33 20 34 27 25 21 41 13 23 2 12 31 15 18 35 45 47 44 10 28 4 16 7 19 8 42 39 5 36 48 38 
0 1
1 5
2 27
3 6
4 38
5 45
6 7
7 40
8 42
9 12
10 36
11 2
12 28
13 25
14 8
15 30
16 39
17 10
18 31
19 41
20 19
21 23
22 3
23 26
24 13
25 22
26 4
27 21
28 37
29 15
30 17
31 29
32 14
33 18
34 20
35 32
36 46
37 0
38 48
39 44
40 9
41 24
42 43
43 11
44 35
45 33
46 16
47 34
48 47
SIMILAR

22 6 19 29 44 11 5 21 41 24 32 0 26 35 1 46 45 2 38 48 27 7 13 8 3 9 43 47 20 17 34 10 4 25 16 39 31 40 18 30 28 23 33 36 15 14 37 12 42 
0 11
1 14
2 17
3 24
4 32
5 6
6 1
7 21
8 23
9 25
10 31
11 5
12 47
13 22
14 45
15 44
16 34
17 29
18 38
19 2
20 28
21 7
22 0
23 41
24 9
25 33
26 12
27 20
28 40
29 3
30 39
31 36
32 10
33 42
34 30
35 13
36 43
37 46
38 18
39 35
40 37
41 8
42 48
43 26
44 4
45 16
46 15
47 27
48 19
SIMILAR

37 45 29 47 1 36 39 8 48 6 15 38 3 25 16 27 42 23 10 11 18 22 13 41 7 31 33 12 21 0 5 32 30 34 19 44 9 17 14 26 2 28 43 24 20 35 4 40 46 
0 29
1 4
2 40
3 12
4 46
5 30
6 9
7 24
8 7
9 36
10 18
11 19
12 27
13 22
14 38
15 10
16 14
17 37
18 20
19 34
20 44
21 28
22 21
23 17
24 43
25 13
26 39
27 15
28 41
29 2
30 32
31 25
32 31
33 26
34 33
35 45
36 5
37 0
38 11
39 6
40 47
41 23
42 16
43 42
44 35
45 1
46 48
47 3
48 8
SIMILAR

14 35 17 39 8 23 16 40 44 34 41 48 13 15 31 45 32 43 4 10 19 2 30 0 7 47 42 5 29 28 11 37 27 38 6 24 3 33 22 9 12 26 1 20 25 46 36 18 21 
0 23
1 42
2 21
3 36
4 18
5 27
6 34
7 24
8 4
9 39
10 19
11 30
12 40
13 12
14 0
15 13
16 6
17 2
18 47
19 20
20 43
21 48
22 38
23 5
24 35
25 44
26 41
27 32
28 29
29 28
30 22
31 14
32 16
33 37
34 9
35 1
36 46
37 31
38 33
39 3
40 7
41 10
42 26
43 17
44 8
45 15
46 45
47 25
48 11
SIMILAR

36 1 19 10 25 35 24 17 44 22 12 23 46 40 4 3 48 14 31 30 42 6 18 8 7 9 21 15 37 47 34 2 13 43 39 32 16 33 27 5 28 41 0 11 45 29 38 26 20 
0 42
1 1
2 31
3 15
4 14
5 39
6 21
7 24
8 23
9 25
10 3
11 43
12 10
13 32
14 17
15 27
16 36
17 7
18 22
19 2
20 48
21 26
22 9
23 11
24 6
25 4
26 47
27 38
28 40
29 45
30 19
31 18
32 35
33 37
34 30
35 5
36 0
37 28
38 46
39 34
40 13
41 41
42 20
43 33
44 8
45 44
46 12
47 29
48 16
SIMILAR

42 19 29 31 13 10 22 9 47 25 40 20 32 34 24 39 38 4 16 35 37 27 0 1 36 18 6 46 15 3 12 30 2 33 14 11 48 8 17 44 26 43 7 21 23 28 41 45 5 
0 22
1 23
2 32
3 29
4 17
5 48
6 26
7 42
8 37
9 7
10 5
11 35
12 30
13 4
14 34
15 28
16 18
17 38
18 25
19 1
20 11
21 43
22 6
23 44
24 14
25 9
26 40
27 21
28 45
29 2
30 31
31 3
32 12
33 33
34 13
35 19
36 24
37 20
38 16
39 15
40 10
41 46
42 0
43 41
44 39
45 47
46 27
47 8
48 36
SIMILAR

47 21 33 25 39 22 40 15 5 31 28 2 30 27 4 7 24 35 12 45 8 16 6 36 20 17 26 19 0 34 14 38 11 32 44 13 48 9 1 3 18 29 41 37 43 23 10 42 46 
0 28
1 38
2 11
3 39
4 14
5 8
6 22
7 15
8 20
9 37
10 46
11 32
12 18
13 35
14 30
15 7
16 21
17 25
18 40
19 27
20 24
21 1
22 5
23 45
24 16
25 3
26 26
27 13
28 10
29 41
30 12
31 9
32 33
33 2
34 29
35 17
36 23
37 43
38 31
39 4
40 6
41 42
42 47
43 44
44 34
45 19
46 48
47 0
48 36
SIMILAR

44 1 19 42 13 28 4 22 25 46 11 30 37 21 8 32 39 7 10 17 26 29 47 41 23 18 48 12 2 34 43 40 45 3 15 16 24 35 38 5 31 9 33 6 14 0 36 27 20 
0 45
1 1
2 28
3 33
4 6
5 39
6 43
7 17
8 14
9 41
10 18
11 10
12 27
13 4
14 44
15 34
16 35
17 19
18 25
19 2
20 48
21 13
22 7
23 24
24 36
25 8
26 20
27 47
28 5
29 21
30 11
31 40
32 15
33 42
34 29
35 37
36 46
37 12
38 38
39 16
40 31
41 23
42 3
43 30
44 0
45 32
46 9
47 22
48 26
SIMILAR

8 21 7 45 18 40 41 17 16 38 34 4 26 35 10 29 19 28 39 42 14 2 44 43 12 6 24 47 13 9 15 0 22 48 33 31 32 25 27 37 5 20 23 1 3 11 46 30 36 
0 31
1 43
2 21
3 44
4 11
5 40
6 25
7 2
8 0
9 29
10 14
11 45
12 24
13 28
14 20
15 30
16 8
17 7
18 4
19 16
20 41
21 1
22 32
23 42
24 26
25 37
26 12
27 38
28 17
29 15
30 47
31 35
32 36
33 34
34 10
35 13
36 48
37 39
38 9
39 18
40 5
41 6
42 19
43 23
44 22
45 3
46 46
47 27
48 33
SIMILAR

40 43 19 48 24 17 16 38 1 42 25 26 33 21 14 37 8 6 2 44 0 11 9 31 5 27 46 13 23 45 41 20 18 3 34 10 4 36 22 47 15 32 7 30 28 29 35 39 12 
0 20
1 8
2 18
3 33
4 36
5 24
6 17
7 42
8 16
9 22
10 35
11 21
12 48
13 27
14 14
15 40
16 6
17 5
18 32
19 2
20 31
21 13
22 38
23 28
24 4
25 10
26 11
27 25
28 44
29 45
30 43
31 23
32 41
33 12
34 34
35 46
36 37
37 15
38 7
39 47
40 0
41 30
42 9
43 1
44 19
45 29
46 26
47 39
48 3
SIMILAR

0 8 4 11 25 32 47 35 42 44 33 34 37 27 46 29 17 31 38 39 6 5 3 15 9 48 23 2 36 7 1 22 12 19 20 24 28 10 26 14 40 13 41 21 45 43 30 16 18 
0 0
1 30
2 27
3 22
4 2
5 21
6 20
7 29
8 1
9 24
10 37
11 3
12 32
13 41
14 39
15 23
16 47
17 16
18 48
19 33
20 34
21 43
22 31
23 26
24 35
25 4
26 38
27 13
28 36
29 15
30 46
31 17
32 5
33 10
34 11
35 7
36 28
37 12
38 18
39 19
40 40
41 42
42 8
43 45
44 9
45 44
46 14
47 6
48 25
SIMILAR

44 29 18 20 5 26 22 38 33 14 23 43 30 9 6 28 16 47 17 39 37 27 36 34 1 2 41 8 31 7 35 45 21 42 19 25 4 11 13 12 15 10 46 24 0 40 3 32 48 
0 44
1 24
2 25
3 46
4 36
5 4
6 14
7 29
8 27
9 13
10 41
11 37
12 39
13 38
14 9
15 40
16 16
17 18
18 2
19 34
20 3
21 32
22 6
23 10
24 43
25 35
26 5
27 21
28 15
29 1
30 12
31 28
32 47
33 8
34 23
35 30
36 22
37 20
38 7
39 19
40 45
41 26
42 33
43 11
44 0
45 31
46 42
47 17
48 48
SIMILAR

26 25 0 12 38 32 18 4 29 39 48 13 27 21 24 34 2 7 33 15 3 1 45 30 43 36 8 14 10 11 31 41 22 20 28 35 40 47 19 44 17 16 23 6 9 42 46 5 37 
0 2
1 21
2 16
3 20
4 7
5 47
6 43
7 17
8 26
9 44
10 28
11 29
12 3
13 11
14 27
15 19
16 41
17 40
18 6
19 38
20 33
21 13
22 32
23 42
24 14
25 1
26 0
27 12
28 34
29 8
30 23
31 30
32 5
33 18
34 15
35 35
36 25
37 48
38 4
39 9
40 36
41 31
42 45
43 24
44 39
45 22
46 46
47 37
48 10
SIMILAR

2 19 15 16 38 30 18 27 46 42 17 3 43 37 39 13 23 29 8 4 7 36 31 28 24 34 9 22 45 41 40 12 21 6 5 1 11 44 10 14 20 48 26 47 35 0 25 32 33 
0 45
1 35
2 0
3 11
4 19
5 34
6 33
7 20
8 18
9 26
10 38
11 36
12 31
13 15
14 39
15 2
16 3
17 10
18 6
19 1
20 40
21 32
22 27
23 16
24 24
25 46
26 42
27 7
28 23
29 17
30 5
31 22
32 47
33 48
34 25
35 44
36 21
37 13
38 4
39 14
40 30
41 29
42 9
43 12
44 37
45 28
46 8
47 43
48 41
SIMILAR

46 32 14 34 10 47 4 38 36 11 5 44 3 39 23 27 31 0 8 42 2 24 37 26 9 48 25 43 22 19 41 20 33 30 6 17 40 29 15 45 16 12 28 13 21 35 18 7 1 
0 17
1 48
2 20
3 12
4 6
5 10
6 34
7 47
8 18
9 24
10 4
11 9
12 41
13 43
14 2
15 38
16 40
17 35
18 46
19 29
20 31
21 44
22 28
23 14
24 21
25 26
26 23
27 15
28 42
29 37
30 33
31 16
32 1
33 32
34 3
35 45
36 8
37 22
38 7
39 13
40 36
41 30
42 19
43 27
44 11
45 39
46 0
47 5
48 25
SIMILAR

10 26 20 30 22 46 9 1 14 0 23 19 33 47 43 32 44 2 28 6 35 40 38 24 3 36 7 11 25 48 21 4 45 41 42 13 16 29 27 8 31 17 12 15 39 37 18 5 34 
0 9
1 7
2 17
3 24
4 31
5 47
6 19
7 26
8 39
9 6
10 0
11 27
12 42
13 35
14 8
15 43
16 36
17 41
18 46
19 11
20 2
21 30
22 4
23 10
24 23
25 28
26 1
27 38
28 18
29 37
30 3
31 40
32 15
33 12
34 48
35 20
36 25
37 45
38 22
39 44
40 21
41 33
42 34
43 14
44 16
45 32
46 5
47 13
48 29
SIMILAR

14 32 11 29 43 47 28 35 6 26 24 33 38 44 13 9 16 0 25 20 30 46 34 21 37 17 2 10 3 7 4 8 31 18 5 27 41 45 1 15 40 19 48 23 12 39 22 42 36 
0 17
1 38
2 26
3 28
4 30
5 34
6 8
7 29
8 31
9 15
10 27
11 2
12 44
13 14
14 0
15 39
16 16
17 25
18 33
19 41
20 19
21 23
22 46
23 43
24 10
25 18
26 9
27 35
28 6
29 3
30 20
31 32
32 1
33 11
34 22
35 7
36 48
37 24
38 12
39 45
40 40
41 36
42 47
43 4
44 13
45 37
46 21
47 5
48 42
SIMILAR

44 26 37 14 4 24 41 1 42 9 45 17 29 25 31 27 34 32 2 33 38 16 3 7 47 21 13 20 46 11 40 10 48 8 15 36 22 39 5 0 28 18 43 19 23 6 35 30 12 
0 39
1 7
2 18
3 22
4 4
5 38
6 45
7 23
8 33
9 9
10 31
11 29
12 48
13 26
14 3
15 34
16 21
17 11
18 41
19 43
20 27
21 25
22 36
23 44
24 5
25 13
26 1
27 15
28 40
29 12
30 47
31 14
32 17
33 19
34 16
35 46
36 35
37 2
38 20
39 37
40 30
41 6
42 8
43 42
44 0
45 10
46 28
47 24
48 32
SIMILAR

7 47 28 44 17 35 4 11 27 25 30 34 22 42 1 41 29 19 3 37 45 6 20 48 12 24 13 26 18 40 9 43 23 31 0 33 16 2 8 32 5 46 21 15 10 36 39 14 38 
0 34
1 14
2 37
3 18
4 6
5 40
6 21
7 0
8 38
9 30
10 44
11 7
12 24
13 26
14 47
15 43
16 36
17 4
18 28
19 17
20 22
21 42
22 12
23 32
24 25
25 9
26 27
27 8
28 2
29 16
30 10
31 33
32 39
33 35
34 11
35 5
36 45
37 19
38 48
39 46
40 29
41 15
42 13
43 31
44 3
45 20
46 41
47 1
48 23
SIMILAR

39 15 34 27 22 4 35 2 5 47 10 8 9 48 29 24 20 1 36 38 28 42 11 26 25 16 18 23 0 19 21 13 45 41 17 14 30 12 33 7 44 3 37 43 40 46 31 32 6 
0 28
1 17
2 7
3 41
4 5
5 8
6 48
7 39
8 11
9 12
10 10
11 22
12 37
13 31
14 35
15 1
16 25
17 34
18 26
19 29
20 16
21 30
22 4
23 27
24 15
25 24
26 23
27 3
28 20
29 14
30 36
31 46
32 47
33 38
34 2
35 6
36 18
37 42
38 19
39 0
40 44
41 33
42 21
43 43
44 40
45 32
46 45
47 9
48 13
SIMILAR

22 45 32 43 24 6 23 33 36 11 29 1 40 3 41 0 15 44 10 38 14 19 31 5 46 18 37 21 39 34 48 9 7 20 27 47 2 16 26 42 28 4 17 12 13 35 30 8 25 
0 15
1 11
2 36
3 13
4 41
5 23
6 5
7 32
8 47
9 31
10 18
11 9
12 43
13 44
14 20
15 16
16 37
17 42
18 25
19 21
20 33
21 27
22 0
23 6
24 4
25 48
26 38
27 34
28 40
29 10
30 46
31 22
32 2
33 7
34 29
35 45
36 8
37 26
38 19
39 28
40 12
41 14
42 39
43 3
44 17
45 1
46 24
47 35
48 30
SIMILAR

44 20 32 13 36 4 29 46 45 8 9 15 34 37 35 47 41 16 22 18 38 42 11 0 23 7 5 14 12 3 27 40 30 17 2 28 48 33 10 24 19 25 6 43 1 26 31 21 39 
0 23
1 44
2 34
3 29
4 5
5 26
6 42
7 25
8 9
9 10
10 38
11 22
12 28
13 3
14 27
15 11
16 17
17 33
18 19
19 40
20 1
21 47
22 18
23 24
24 39
25 41
26 45
27 30
28 35
29 6
30 32
31 46
32 2
33 37
34 12
35 14
36 4
37 13
38 20
39 48
40 31
41 16
42 21
43 43
44 0
45 8
46 7
47 15
48 36
SIMILAR

19 7 15 6 22 3 26 17 33 34 13 48 18 44 32 21 30 40 46 5 11 8 27 42 38 29 28 20 41 47 43 10 45 35 1 39 23 2 0 9 25 31 12 4 37 14 36 16 24 
0 38
1 34
2 37
3 5
4 43
5 19
6 3
7 1
8 21
9 39
10 31
11 20
12 42
13 10
14 45
15 2
16 47
17 7
18 12
19 0
20 27
21 15
22 4
23 36
24 48
25 40
26 6
27 22
28 26
29 25
30 16
31 41
32 14
33 8
34 9
35 33
36 46
37 44
38 24
39 35
40 17
41 28
42 23
43 30
44 13
45 32
46 18
47 29
48 11
SIMILAR

19 22 28 38 16 10 26 39 36 47 12 40 25 7 13 6 31 3 4 11 27 15 29 20 30 32 33 8 17 41 18 0 5 37 42 21 14 35 9 1 46 43 34 2 48 24 44 23 45 
0 31
1 39
2 43
3 17
4 18
5 32
6 15
7 13
8 27
9 38
10 5
11 19
12 10
13 14
14 36
15 21
16 4
17 28
18 30
19 0
20 23
21 35
22 1
23 47
24 45
25 12
26 6
27 20
28 2
29 22
30 24
31 16
32 25
33 26
34 42
35 37
36 8
37 33
38 3
39 7
40 11
41 29
42 34
43 41
44 46
45 48
46 40
47 9
48 44
SIMILAR

42 45 7 28 29 31 0 26 14 3 5 46 8 21 36 6 25 30 11 41 16 2 15 23 4 34 1 48 44 27 38 32 18 40 39 35 10 43 19 17 20 47 9 37 33 22 13 24 12 
0 6
1 26
2 21
3 9
4 24
5 10
6 15
7 2
8 12
9 42
10 36
11 18
12 48
13 46
14 8
15 22
16 20
17 39
18 32
19 38
20 40
21 13
22 45
23 23
24 47
25 16
26 7
27 29
28 3
29 4
30 17
31 5
32 31
33 44
34 25
35 35
36 14
37 43
38 30
39 34
40 33
41 19
42 0
43 37
44 28
45 1
46 11
47 41
48 27
SIMILAR

8 25 23 11 5 29 13 38 40 34 10 33 31 7 45 26 32 3 36 12 22 2 30 0 47 21 4 18 20 44 17 19 24 46 39 37 27 15 14 28 43 1 41 35 9 16 42 48 6 
0 23
1 41
2 21
3 17
4 26
5 4
6 48
7 13
8 0
9 44
10 10
11 3
12 19
13 6
14 38
15 37
16 45
17 30
18 27
19 31
20 28
21 25
22 20
23 2
24 32
25 1
26 15
27 36
28 39
29 5
30 22
31 12
32 16
33 11
34 9
35 43
36 18
37 35
38 7
39 34
40 8
41 42
42 46
43 40
44 29
45 14
46 33
47 24
48 47
SIMILAR

48 33 21 22 38 12 25 40 29 30 16 32 4 41 35 6 20 3 46 43 14 26 8 10 31 27 44 9 18 5 15 17 47 13 0 2 23 42 34 45 37 7 11 36 24 28 1 39 19 
0 34
1 46
2 35
3 17
4 12
5 29
6 15
7 41
8 22
9 27
10 23
11 42
12 5
13 33
14 20
15 30
16 10
17 31
18 28
19 48
20 16
21 2
22 3
23 36
24 44
25 6
26 21
27 25
28 45
29 8
30 9
31 24
32 11
33 1
34 38
35 14
36 43
37 40
38 4
39 47
40 7
41 13
42 37
43 19
44 26
45 39
46 18
47 32
48 0
SIMILAR

16 0 24 28 10 39 41 42 3 48 34 29 22 11 30 23 43 27 47 44 17 20 15 13 6 33 7 12 31 25 32 46 18 19 40 1 21 35 14 38 8 2 4 5 37 9 45 36 26 
0 1
1 35
2 41
3 8
4 42
5 43
6 24
7 26
8 40
9 45
10 4
11 13
12 27
13 23
14 38
15 22
16 0
17 20
18 32
19 33
20 21
21 36
22 12
23 15
24 2
25 29
26 48
27 17
28 3
29 11
30 14
31 28
32 30
33 25
34 10
35 37
36 47
37 44
38 39
39 5
40 34
41 6
42 7
43 16
44 19
45 46
46 31
47 18
48 9
SIMILAR

14 24 37 7 36 13 28 48 34 3 21 17 5 1 19 12 10 39 15 6 0 43 25 32 38 45 30 31 11 46 35 9 47 44 4 16 22 42 27 40 29 8 33 20 26 23 2 18 41 
0 20
1 13
2 46
3 9
4 34
5 12
6 19
7 3
8 41
9 31
10 16
11 28
12 15
13 5
14 0
15 18
16 35
17 11
18 47
19 14
20 43
21 10
22 36
23 45
24 1
25 22
26 44
27 38
28 6
29 40
30 26
31 27
32 23
33 42
34 8
35 30
36 4
37 2
38 24
39 17
40 39
41 48
42 37
43 21
44 33
45 25
46 29
47 32
48 7
SIMILAR

29 5 30 11 28 41 45 31 24 4 1 42 21 48 2 0 15 37 13 39 14 35 12 34 44 6 27 25 3 8 17 23 40 18 22 16 32 19 43 26 36 20 10 46 47 33 7 9 38 
0 15
1 10
2 14
3 28
4 9
5 1
6 25
7 46
8 29
9 47
10 42
11 3
12 22
13 18
14 20
15 16
16 35
17 30
18 33
19 37
20 41
21 12
22 34
23 31
24 8
25 27
26 39
27 26
28 4
29 0
30 2
31 7
32 36
33 45
34 23
35 21
36 40
37 17
38 48
39 19
40 32
41 5
42 11
43 38
44 24
45 6
46 43
47 44
48 13
SIMILAR

35 24 14 2 36 15 39 19 30 44 40 48 6 7 26 13 20 10 3 33 37 5 16 17 0 9 47 41 43 1 4 32 21 23 8 38 42 22 12 34 25 29 18 11 46 31 45 27 28 
0 24
1 29
2 3
3 18
4 30
5 21
6 12
7 13
8 34
9 25
10 17
11 43
12 38
13 15
14 2
15 5
16 22
17 23
18 42
19 7
20 16
21 32
22 37
23 33
24 1
25 40
26 14
27 47
28 48
29 41
30 8
31 45
32 31
33 19
34 39
35 0
36 4
37 20
38 35
39 6
40 10
41 27
42 36
43 28
44 9
45 46
46 44
47 26
48 11
SIMILAR

47 34 24 5 35 25 9 19 43 21 29 20 15 3 11 1 26 45 33 41 0 17 30 27 32 13 36 44 12 10 39 42 18 37 14 22 31 16 8 7 23 48 28 2 46 6 38 40 4 
0 20
1 15
2 43
3 13
4 48
5 3
6 45
7 39
8 38
9 6
10 29
11 14
12 28
13 25
14 34
15 12
16 37
17 21
18 32
19 7
20 11
21 9
22 35
23 40
24 2
25 5
26 16
27 23
28 42
29 10
30 22
31 36
32 24
33 18
34 1
35 4
36 26
37 33
38 46
39 30
40 47
41 19
42 31
43 8
44 27
45 17
46 44
47 0
48 41
SIMILAR

8 29 11 37 30 35 20 6 40 5 47 21 3 19 10 45 14 4 27 41 9 23 17 2 43 31 32 18 16 26 48 7 15 44 22 36 12 39 33 13 25 24 46 28 0 42 34 1 38 
0 44
1 47
2 23
3 12
4 17
5 9
6 7
7 31
8 0
9 20
10 14
11 2
12 36
13 39
14 16
15 32
16 28
17 22
18 27
19 13
20 6
21 11
22 34
23 21
24 41
25 40
26 29
27 18
28 43
29 1
30 4
31 25
32 26
33 38
34 46
35 5
36 35
37 3
38 48
39 37
40 8
41 19
42 45
43 24
44 33
45 15
46 42
47 10
48 30
SIMILAR

34 30 46 14 25 33 29 5 8 36 18 15 10 20 41 32 9 27 3 2 40 13 0 1 35 19 42 6 48 31 47 28 45 24 39 43 7 26 16 44 17 37 38 4 21 23 11 22 12 
0 22
1 23
2 19
3 18
4 43
5 7
6 27
7 36
8 8
9 16
10 12
11 46
12 48
13 21
14 3
15 11
16 38
17 40
18 10
19 25
20 13
21 44
22 47
23 45
24 33
25 4
26 37
27 17
28 31
29 6
30 1
31 29
32 15
33 5
34 0
35 24
36 9
37 41
38 42
39 34
40 20
41 14
42 26
43 35
44 39
45 32
46 2
47 30
48 28
SIMILAR

15 33 31 42 6 26 29 19 21 18 12 36 0 5 8 24 40 30 38 2 39 25 10 1 43 13 7 3 4 32 37 28 47 35 34 22 44 46 20 45 23 9 48 27 16 17 14 41 11 
0 12
1 23
2 19
3 27
4 28
5 13
6 4
7 26
8 14
9 41
10 22
11 48
12 10
13 25
14 46
15 0
16 44
17 45
18 9
19 7
20 38
21 8
22 35
23 40
24 15
25 21
26 5
27 43
28 31
29 6
30 17
31 2
32 29
33 1
34 34
35 33
36 11
37 30
38 18
39 20
40 16
41 47
42 3
43 24
44 36
45 39
46 37
47 32
48 42
SIMILAR

4 2 24 8 38 35 47 48 39 34 18 21 9 29 44 1 17 33 14 42 45 32 46 3 41 31 30 6 15 27 5 40 11 16 37 43 20 36 12 7 10 25 19 28 22 23 26 0 13 
0 47
1 15
2 1
3 23
4 0
5 30
6 27
7 39
8 3
9 12
10 40
11 32
12 38
13 48
14 18
15 28
16 33
17 16
18 10
19 42
20 36
21 11
22 44
23 45
24 2
25 41
26 46
27 29
28 43
29 13
30 26
31 25
32 21
33 17
34 9
35 5
36 37
37 34
38 4
39 8
40 31
41 24
42 19
43 35
44 14
45 20
46 22
47 6
48 7
SIMILAR

39 8 3 11 40 26 13 7 37 20 32 4 46 41 18 22 33 23 38 5 12 48 29 15 14 9 27 28 42 6 25 30 36 35 44 45 21 17 47 10 2 31 43 1 34 19 24 16 0 
0 48
1 43
2 40
3 2
4 11
5 19
6 29
7 7
8 1
9 25
10 39
11 3
12 20
13 6
14 24
15 23
16 47
17 37
18 14
19 45
20 9
21 36
22 15
23 17
24 46
25 30
26 5
27 26
28 27
29 22
30 31
31 41
32 10
33 16
34 44
35 33
36 32
37 8
38 18
39 0
40 4
41 13
42 28
43 42
44 34
45 35
46 12
47 38
48 21
SIMILAR

27 18 45 17 30 0 15 2 47 38 24 16 20 12 42 22 10 5 43 8 46 4 6 9 31 41 34 19 48 23 39 28 35 11 44 25 14 33 29 32 36 1 40 7 13 21 37 26 3 
0 5
1 41
2 7
3 48
4 21
5 17
6 22
7 43
8 19
9 23
10 16
11 33
12 13
13 44
14 36
15 6
16 11
17 3
18 1
19 27
20 12
21 45
22 15
23 29
24 10
25 35
26 47
27 0
28 31
29 38
30 4
31 24
32 39
33 37
34 26
35 32
36 40
37 46
38 9
39 30
40 42
41 25
42 14
43 18
44 34
45 2
46 20
47 8
48 28
SIMILAR

13 39 25 4 46 12 45 36 27 11 23 19 17 26 32 40 2 10 6 8 22 41 0 15 37 34 47 5 21 18 31 29 28 35 24 38 14 33 44 1 7 20 9 43 42 3 30 48 16 
0 22
1 39
2 16
3 45
4 3
5 27
6 18
7 40
8 19
9 42
10 17
11 9
12 5
13 0
14 36
15 23
16 48
17 12
18 29
19 11
20 41
21 28
22 20
23 10
24 34
25 2
26 13
27 8
28 32
29 31
30 46
31 30
32 14
33 37
34 25
35 33
36 7
37 24
38 35
39 1
40 15
41 21
42 44
43 43
44 38
45 6
46 4
47 26
48 47
SIMILAR

6 33 28 42 0 13 8 35 3 5 19 39 37 15 14 12 18 46 4 21 20 38 11 45 16 25 29 40 44 23 34 26 47 31 10 36 1 17 9 7 30 43 24 41 22 27 48 32 2 
0 4
1 36
2 48
3 8
4 18
5 9
6 0
7 39
8 6
9 38
10 34
11 22
12 15
13 5
14 14
15 13
16 24
17 37
18 16
19 10
20 20
21 19
22 44
23 29
24 42
25 25
26 31
27 45
28 2
29 26
30 40
31 33
32 47
33 1
34 30
35 7
36 35
37 12
38 21
39 11
40 27
41 43
42 3
43 41
44 28
45 23
46 17
47 32
48 46
SIMILAR

24 8 46 6 16 28 34 45 23 36 30 22 11 38 12 4 33 26 42 7 13 37 44 25 0 20 43 31 3 14 27 29 41 17 5 10 48 15 2 21 32 18 39 35 47 40 9 19 1 
0 24
1 48
2 38
3 28
4 15
5 34
6 3
7 19
8 1
9 46
10 35
11 12
12 14
13 20
14 29
15 37
16 4
17 33
18 41
19 47
20 25
21 39
22 11
23 8
24 0
25 23
26 17
27 30
28 5
29 31
30 10
31 27
32 40
33 16
34 6
35 43
36 9
37 21
38 13
39 42
40 45
41 32
42 18
43 26
44 22
45 7
46 2
47 44
48 36
SIMILAR

11 48 28 41 24 3 33 5 4 14 15 13 9 16 27 47 30 46 43 12 37 38 20 42 25 8 17 22 7 32 45 40 23 35 19 6 18 21 26 10 29 36 31 1 44 0 2 34 39 
0 45
1 43
2 46
3 5
4 8
5 7
6 35
7 28
8 25
9 12
10 39
11 0
12 19
13 11
14 9
15 10
16 13
17 26
18 36
19 34
20 22
21 37
22 27
23 32
24 4
25 24
26 38
27 14
28 2
29 40
30 16
31 42
32 29
33 6
34 47
35 33
36 41
37 20
38 21
39 48
40 31
41 3
42 23
43 18
44 44
45 30
46 17
47 15
48 1
SIMILAR

12 42 3 39 40 48 30 47 37 18 38 11 10 8 21 34 26 41 15 19 35 20 44 0 14 5 27 7 46 24 25 13 23 29 9 43 22 32 2 36 4 31 6 1 28 33 45 16 17 
0 23
1 43
2 38
3 2
4 40
5 25
6 42
7 27
8 13
9 34
10 12
11 11
12 0
13 31
14 24
15 18
16 47
17 48
18 9
19 19
20 21
21 14
22 36
23 32
24 29
25 30
26 16
27 26
28 44
29 33
30 6
31 41
32 37
33 45
34 15
35 20
36 39
37 8
38 10
39 3
40 4
41 17
42 1
43 35
44 22
45 46
46 28
47 7
48 5
SIMILAR

33 12 21 28 14 9 6 25 34 42 23 35 32 10 47 44 31 24 8 22 27 37 0 18 43 11 5 40 17 15 36 3 4 26 19 41 45 7 39 2 46 29 30 13 20 48 38 16 1 
0 22
1 48
2 39
3 31
4 32
5 26
6 6
7 37
8 18
9 5
10 13
11 25
12 1
13 43
14 4
15 29
16 47
17 28
18 23
19 34
20 44
21 2
22 19
23 10
24 17
25 7
26 33
27 20
28 3
29 41
30 42
31 16
32 12
33 0
34 8
35 11
36 30
37 21
38 46
39 38
40 27
41 35
42 9
43 24
44 15
45 36
46 40
47 14
48 45
SIMILAR

38 20 43 25 35 21 46 33 40 15 47 42 13 11 27 22 10 32 39 4 19 0 8 48 6 34 1 36 41 7 26 29 28 2 31 14 3 12 45 44 5 23 9 16 17 24 30 18 37 
0 21
1 26
2 33
3 36
4 19
5 40
6 24
7 29
8 22
9 42
10 16
11 13
12 37
13 12
14 35
15 9
16 43
17 44
18 47
19 20
20 1
21 5
22 15
23 41
24 45
25 3
26 30
27 14
28 32
29 31
30 46
31 34
32 17
33 7
34 25
35 4
36 27
37 48
38 0
39 18
40 8
41 28
42 11
43 2
44 39
45 38
46 6
47 10
48 23
SIMILAR

19 34 38 46 16 22 26 33 7 0 14 37 8 28 9 12 43 35 15 11 20 21 31 18 45 32 25 40 30 1 39 2 6 44 47 42 23 36 3 24 4 5 41 13 29 17 48 10 27 
0 9
1 29
2 31
3 38
4 40
5 41
6 32
7 8
8 12
9 14
10 47
11 19
12 15
13 43
14 10
15 18
16 4
17 45
18 23
19 0
20 20
21 21
22 5
23 36
24 39
25 26
26 6
27 48
28 13
29 44
30 28
31 22
32 25
33 7
34 1
35 17
36 37
37 11
38 2
39 30
40 27
41 42
42 35
43 16
44 33
45 24
46 3
47 34
48 46
SIMILAR

36 37 0 26 47 41 29 33 7 44 19 35 17 40 28 45 25 9 4 23 11 3 21 22 10 24 1 18 46 16 38 13 43 8 30 48 14 5 15 34 31 42 32 27 39 2 12 20 6 
0 2
1 26
2 45
3 21
4 18
5 37
6 48
7 8
8 33
9 17
10 24
11 20
12 46
13 31
14 36
15 38
16 29
17 12
18 27
19 10
20 47
21 22
22 23
23 19
24 25
25 16
26 3
27 43
28 14
29 6
30 34
31 40
32 42
33 7
34 39
35 11
36 0
37 1
38 30
39 44
40 13
41 5
42 41
43 32
44 9
45 15
46 28
47 4
48 35
SIMILAR

12 48 42 27 3 44 20 11 32 10 41 35 23 13 16 43 21 5 46 25 0 34 28 2 29 37 9 14 45 36 18 4 17 39 15 31 24 33 6 30 26 38 1 47 7 40 19 8 22 
0 20
1 42
2 23
3 4
4 31
5 17
6 38
7 44
8 47
9 26
10 9
11 7
12 0
13 13
14 27
15 34
16 14
17 32
18 30
19 46
20 6
21 16
22 48
23 12
24 36
25 19
26 40
27 3
28 22
29 24
30 39
31 35
32 8
33 37
34 21
35 11
36 29
37 25
38 41
39 33
40 45
41 10
42 2
43 15
44 5
45 28
46 18
47 43
48 1
SIMILAR

28 36 41 7 46 47 38 4 8 43 33 2 22 44 1 0 3 32 25 12 16 40 20 39 34 29 11 26 5 14 35 31 37 9 18 15 30 6 13 24 45 48 10 23 42 19 17 27 21 
0 15
1 14
2 11
3 16
4 7
5 28
6 37
7 3
8 8
9 33
10 42
11 26
12 19
13 38
14 29
15 35
16 20
17 46
18 34
19 45
20 22
21 48
22 12
23 43
24 39
25 18
26 27
27 47
28 0
29 25
30 36
31 31
32 17
33 10
34 24
35 30
36 1
37 32
38 6
39 23
40 21
41 2
42 44
43 9
44 13
45 40
46 4
47 5
48 41
SIMILAR

9 26 12 3 11 1 29 30 47 28 0 27 22 35 16 13 19 38 15 39 24 6 48 14 21 5 18 44 4 42 46 45 34 23 2 8 17 40 10 43 20 25 31 37 33 41 7 32 36 
0 10
1 5
2 34
3 3
4 28
5 25
6 21
7 46
8 35
9 0
10 38
11 4
12 2
13 15
14 23
15 18
16 14
17 36
18 26
19 16
20 40
21 24
22 12
23 33
24 20
25 41
26 1
27 11
28 9
29 6
30 7
31 42
32 47
33 44
34 32
35 13
36 48
37 43
38 17
39 19
40 37
41 45
42 29
43 39
44 27
45 31
46 30
47 8
48 22
SIMILAR

22 23 29 31 39 43 20 36 12 2 30 41 3 25 11 46 42 44 17 9 47 37 0 28 7 27 13 48 5 16 1 18 33 6 26 8 19 32 24 15 45 34 40 10 4 21 35 14 38 
0 22
1 30
2 9
3 12
4 44
5 28
6 33
7 24
8 35
9 19
10 43
11 14
12 8
13 26
14 47
15 39
16 29
17 18
18 31
19 36
20 6
21 45
22 0
23 1
24 38
25 13
26 34
27 25
28 23
29 2
30 10
31 3
32 37
33 32
34 41
35 46
36 7
37 21
38 48
39 4
40 42
41 11
42 16
43 5
44 17
45 40
46 15
47 20
48 27
SIMILAR

48 18 0 22 31 29 14 12 46 43 11 13 20 9 33 6 8 16 17 41 45 40 37 4 1 39 24 19 47 15 30 5 7 21 23 25 27 35 28 26 3 2 34 42 44 10 38 36 32 
0 2
1 24
2 41
3 40
4 23
5 31
6 15
7 32
8 16
9 13
10 45
11 10
12 7
13 11
14 6
15 29
16 17
17 18
18 1
19 27
20 12
21 33
22 3
23 34
24 26
25 35
26 39
27 36
28 38
29 5
30 30
31 4
32 48
33 14
34 42
35 37
36 47
37 22
38 46
39 25
40 21
41 19
42 43
43 9
44 44
45 20
46 8
47 28
48 0
SIMILAR

9 20 23 2 28 0 18 21 3 1 5 24 29 43 46 6 14 30 13 8 35 15 19 17 32 38 12 44 33 47 42 22 48 31 11 10 45 4 25 39 27 34 26 40 37 41 36 7 16 
0 5
1 9
2 3
3 8
4 37
5 10
6 15
7 47
8 19
9 0
10 35
11 34
12 26
13 18
14 16
15 21
16 48
17 23
18 6
19 22
20 1
21 7
22 31
23 2
24 11
25 38
26 42
27 40
28 4
29 12
30 17
31 33
32 24
33 28
34 41
35 20
36 46
37 44
38 25
39 39
40 43
41 45
42 30
43 13
44 27
45 36
46 14
47 29
48 32
SIMILAR

4 23 21 11 34 10 32 42 46 12 0 26 44 3 14 6 45 38 33 31 35 19 13 37 30 17 24 16 8 41 22 48 29 18 9 1 47 7 25 5 20 2 43 40 27 15 36 39 28 
0 10
1 35
2 41
3 13
4 0
5 39
6 15
7 37
8 28
9 34
10 5
11 3
12 9
13 22
14 14
15 45
16 27
17 25
18 33
19 21
20 40
21 2
22 30
23 1
24 26
25 38
26 11
27 44
28 48
29 32
30 24
31 19
32 6
33 18
34 4
35 20
36 46
37 23
38 17
39 47
40 43
41 29
42 7
43 42
44 12
45 16
46 8
47 36
48 31
SIMILAR

40 28 41 1 25 20 36 11 0 15 39 45 18 34 33 48 38 43 23 37 26 31 5 7 42 47 30 13 4 8 10 32 22 29 6 21 16 19 14 9 12 44 35 17 24 2 3 27 46 
0 8
1 3
2 45
3 46
4 28
5 22
6 34
7 23
8 29
9 39
10 30
11 7
12 40
13 27
14 38
15 9
16 36
17 43
18 12
19 37
20 5
21 35
22 32
23 18
24 44
25 4
26 20
27 47
28 1
29 33
30 26
31 21
32 31
33 14
34 13
35 42
36 6
37 19
38 16
39 10
40 0
41 2
42 24
43 17
44 41
45 11
46 48
47 25
48 15
SIMILAR

8 0 33 18 11 42 7 46 45 31 22 3 43 34 1 40 48 47 41 5 35 44 17 12 4 9 36 6 28 10 14 27 21 29 24 13 20 38 26 15 2 23 16 32 39 19 37 30 25 
0 1
1 14
2 40
3 11
4 24
5 19
6 27
7 6
8 0
9 25
10 29
11 4
12 23
13 35
14 30
15 39
16 42
17 22
18 3
19 45
20 36
21 32
22 10
23 41
24 34
25 48
26 38
27 31
28 28
29 33
30 47
31 9
32 43
33 2
34 13
35 20
36 26
37 46
38 37
39 44
40 15
41 18
42 5
43 12
44 21
45 8
46 7
47 17
48 16
SIMILAR

9 2 20 23 8 31 34 13 46 3 38 0 21 26 5 17 44 35 37 24 6 41 29 30 19 39 22 32 15 4 10 12 28 7 36 25 11 43 18 47 48 1 45 33 16 14 42 40 27 
0 11
1 41
2 1
3 9
4 29
5 14
6 20
7 33
8 4
9 0
10 30
11 36
12 31
13 7
14 45
15 28
16 44
17 15
18 38
19 24
20 2
21 12
22 26
23 3
24 19
25 35
26 13
27 48
28 32
29 22
30 23
31 5
32 27
33 43
34 6
35 17
36 34
37 18
38 10
39 25
40 47
41 21
42 46
43 37
44 16
45 42
46 8
47 39
48 40
SIMILAR

40 41 27 30 14 34 44 42 35 5 38 17 48 36 46 12 24 18 39 16 32 47 13 37 4 6 25 22 33 0 15 7 45 20 23 29 43 10 11 9 26 31 28 21 19 1 2 3 8 
0 29
1 45
2 46
3 47
4 24
5 9
6 25
7 31
8 48
9 39
10 37
11 38
12 15
13 22
14 4
15 30
16 19
17 11
18 17
19 44
20 33
21 43
22 27
23 34
24 16
25 26
26 40
27 2
28 42
29 35
30 3
31 41
32 20
33 28
34 5
35 8
36 13
37 23
38 10
39 18
40 0
41 1
42 7
43 36
44 6
45 32
46 14
47 21
48 12
SIMILAR

10 21 43 46 6 35 24 11 26 1 30 2 4 22 28 20 40 48 47 25 33 34 9 42 16 0 39 5 13 38 31 14 41 36 29 27 7 17 32 12 45 19 18 8 37 3 44 15 23 
0 25
1 9
2 11
3 45
4 12
5 27
6 4
7 36
8 43
9 22
10 0
11 7
12 39
13 28
14 31
15 47
16 24
17 37
18 42
19 41
20 15
21 1
22 13
23 48
24 6
25 19
26 8
27 35
28 14
29 34
30 10
31 30
32 38
33 20
34 21
35 5
36 33
37 44
38 29
39 26
40 16
41 32
42 23
43 2
44 46
45 40
46 3
47 18
48 17
SIMILAR

14 2 31 7 24 36 25 42 44 27 20 6 22 1 32 48 11 40 28 43 12 3 46 35 45 19 21 17 8 23 30 0 34 15 4 47 39 9 38 13 16 5 26 41 18 37 29 33 10 
0 31
1 13
2 1
3 21
4 34
5 41
6 11
7 3
8 28
9 37
10 48
11 16
12 20
13 39
14 0
15 33
16 40
17 27
18 44
19 25
20 10
21 26
22 12
23 29
24 4
25 6
26 42
27 9
28 18
29 46
30 30
31 2
32 14
33 47
34 32
35 23
36 5
37 45
38 38
39 36
40 17
41 43
42 7
43 19
44 8
45 24
46 22
47 35
48 15
SIMILAR

38 47 7 42 23 5 3 29 41 12 11 35 26 37 15 17 31 0 16 8 24 28 34 21 13 48 40 32 14 4 25 39 6 36 46 43 20 2 33 10 22 45 9 18 30 44 1 19 27 
0 17
1 46
2 37
3 6
4 29
5 5
6 32
7 2
8 19
9 42
10 39
11 10
12 9
13 24
14 28
15 14
16 18
17 15
18 43
19 47
20 36
21 23
22 40
23 4
24 20
25 30
26 12
27 48
28 21
29 7
30 44
31 16
32 27
33 38
34 22
35 11
36 33
37 13
38 0
39 31
40 26
41 8
42 3
43 35
44 45
45 41
46 34
47 1
48 25
SIMILAR

2 1 32 40 33 28 27 24 18 26 34 21 30 15 44 23 35 6 3 42 19 45 0 11 29 38 31 10 12 39 37 13 9 25 46 43 22 16 8 48 5 41 4 7 20 47 17 36 14 
0 22
1 1
2 0
3 18
4 42
5 40
6 17
7 43
8 38
9 32
10 27
11 23
12 28
13 31
14 48
15 13
16 37
17 46
18 8
19 20
20 44
21 11
22 36
23 15
24 7
25 33
26 9
27 6
28 5
29 24
30 12
31 26
32 2
33 4
34 10
35 16
36 47
37 30
38 25
39 29
40 3
41 41
42 19
43 35
44 14
45 21
46 34
47 45
48 39
SIMILAR

9 24 47 7 32 31 38 33 30 26 20 36 13 0 48 15 43 21 25 23 6 4 45 28 29 42 12 22 17 2 10 1 11 8 41 18 40 3 46 5 27 37 35 14 39 44 19 34 16 
0 13
1 31
2 29
3 37
4 21
5 39
6 20
7 3
8 33
9 0
10 30
11 32
12 26
13 12
14 43
15 15
16 48
17 28
18 35
19 46
20 10
21 17
22 27
23 19
24 1
25 18
26 9
27 40
28 23
29 24
30 8
31 5
32 4
33 7
34 47
35 42
36 11
37 41
38 6
39 44
40 36
41 34
42 25
43 16
44 45
45 22
46 38
47 2
48 14
SIMILAR

23 19 12 34 20 30 15 37 46 2 14 8 45 17 26 33 16 24 22 44 5 9 32 6 25 28 47 1 29 43 4 0 11 13 10 21 42 38 31 48 18 36 27 39 3 35 40 7 41 
0 31
1 27
2 9
3 44
4 30
5 20
6 23
7 47
8 11
9 21
10 34
11 32
12 2
13 33
14 10
15 6
16 16
17 13
18 40
19 1
20 4
21 35
22 18
23 0
24 17
25 24
26 14
27 42
28 25
29 28
30 5
31 38
32 22
33 15
34 3
35 45
36 41
37 7
38 37
39 43
40 46
41 48
42 36
43 29
44 19
45 12
46 8
47 26
48 39
SIMILAR

6 13 7 36 12 25 41 33 26 45 40 15 28 11 46 8 35 19 37 44 20 23 47 48 14 3 34 1 30 24 32 43 38 9 5 29 21 18 0 16 39 10 22 27 42 4 17 31 2 
0 38
1 27
2 48
3 25
4 45
5 34
6 0
7 2
8 15
9 33
10 41
11 13
12 4
13 1
14 24
15 11
16 39
17 46
18 37
19 17
20 20
21 36
22 42
23 21
24 29
25 5
26 8
27 43
28 12
29 35
30 28
31 47
32 30
33 7
34 26
35 16
36 3
37 18
38 32
39 40
40 10
41 6
42 44
43 31
44 19
45 9
46 14
47 22
48 23
SIMILAR

0 23 6 21 37 32 47 1 14 4 31 13 11 16 42 40 3 34 38 41 15 18 48 17 33 43 45 28 44 46 20 35 29 36 26 24 7 12 30 2 10 25 19 27 39 5 22 8 9 
0 0
1 7
2 39
3 16
4 9
5 45
6 2
7 36
8 47
9 48
10 40
11 12
12 37
13 11
14 8
15 20
16 13
17 23
18 21
19 42
20 30
21 3
22 46
23 1
24 35
25 41
26 34
27 43
28 27
29 32
30 38
31 10
32 5
33 24
34 17
35 31
36 33
37 4
38 18
39 44
40 15
41 19
42 14
43 25
44 28
45 26
46 29
47 6
48 22
SIMILAR

14 26 32 24 1 6 45 15 0 31 46 42 25 18 40 37 5 11 47 4 16 10 19 20 8 34 7 23 43 38 2 44 3 9 30 33 48 12 22 39 17 29 36 35 41 21 27 28 13 
0 8
1 4
2 30
3 32
4 19
5 16
6 5
7 26
8 24
9 33
10 21
11 17
12 37
13 48
14 0
15 7
16 20
17 40
18 13
19 22
20 23
21 45
22 38
23 27
24 3
25 12
26 1
27 46
28 47
29 41
30 34
31 9
32 2
33 35
34 25
35 43
36 42
37 15
38 29
39 39
40 14
41 44
42 11
43 28
44 31
45 6
46 10
47 18
48 36
SIMILAR

30 37 36 38 7 15 33 29 17 6 45 5 31 3 28 43 22 0 8 47 23 18 12 9 1 46 11 32 19 25 34 10 26 24 20 16 13 35 41 42 40 48 27 39 14 44 2 21 4 
0 17
1 24
2 46
3 13
4 48
5 11
6 9
7 4
8 18
9 23
10 31
11 26
12 22
13 36
14 44
15 5
16 35
17 8
18 21
19 28
20 34
21 47
22 16
23 20
24 33
25 29
26 32
27 42
28 14
29 7
30 0
31 12
32 27
33 6
34 30
35 37
36 2
37 1
38 3
39 43
40 40
41 38
42 39
43 15
44 45
45 10
46 25
47 19
48 41
SIMILAR

40 42 1 15 7 45 29 27 43 34 21 16 2 37 32 31 36 12 14 47 11 3 6 39 8 9 35 18 0 48 25 19 26 20 24 22 17 30 13 46 5 23 44 38 28 41 4 33 10 
0 28
1 2
2 12
3 21
4 46
5 40
6 22
7 4
8 24
9 25
10 48
11 20
12 17
13 38
14 18
15 3
16 11
17 36
18 27
19 31
20 33
21 10
22 35
23 41
24 34
25 30
26 32
27 7
28 44
29 6
30 37
31 15
32 14
33 47
34 9
35 26
36 16
37 13
38 43
39 23
40 0
41 45
42 1
43 8
44 42
45 5
46 39
47 19
48 29
SIMILAR

25 32 28 18 36 22 9 1 8 27 47 15 10 5 42 40 13 34 20 17 44 3 45 0 33 31 30 7 29 48 39 6 37 21 12 23 38 35 14 16 41 26 19 2 46 24 11 43 4 
0 23
1 7
2 43
3 21
4 48
5 13
6 31
7 27
8 8
9 6
10 12
11 46
12 34
13 16
14 38
15 11
16 39
17 19
18 3
19 42
20 18
21 33
22 5
23 35
24 45
25 0
26 41
27 9
28 2
29 28
30 26
31 25
32 1
33 24
34 17
35 37
36 4
37 32
38 36
39 30
40 15
41 40
42 14
43 47
44 20
45 22
46 44
47 10
48 29
SIMILAR

36 10 11 31 18 46 2 35 47 28 38 25 48 15 23 43 12 20 22 26 21 42 8 0 3 17 13 6 44 5 7 34 19 9 4 37 40 45 27 1 29 41 30 14 32 39 24 16 33 
0 23
1 39
2 6
3 24
4 34
5 29
6 27
7 30
8 22
9 33
10 1
11 2
12 16
13 26
14 43
15 13
16 47
17 25
18 4
19 32
20 17
21 20
22 18
23 14
24 46
25 11
26 19
27 38
28 9
29 40
30 42
31 3
32 44
33 48
34 31
35 7
36 0
37 35
38 10
39 45
40 36
41 41
42 21
43 15
44 28
45 37
46 5
47 8
48 12
SIMILAR

6 10 27 18 13 36 9 23 31 3 29 14 34 24 39 47 26 4 20 17 16 33 43 2 46 5 32 37 21 45 11 48 25 44 12 28 8 38 0 1 7 40 42 19 30 41 35 15 22 
0 38
1 39
2 23
3 9
4 17
5 25
6 0
7 40
8 36
9 6
10 1
11 30
12 34
13 4
14 11
15 47
16 20
17 19
18 3
19 43
20 18
21 28
22 48
23 7
24 13
25 32
26 16
27 2
28 35
29 10
30 44
31 8
32 26
33 21
34 12
35 46
36 5
37 27
38 37
39 14
40 41
41 45
42 42
43 22
44 33
45 29
46 24
47 15
48 31
SIMILAR

43 28 5 7 39 44 34 24 23 30 21 19 35 10 46 6 20 42 15 25 22 32 1 45 40 38 18 0 9 12 4 2 11 33 8 13 27 47 29 48 3 36 41 17 31 16 14 26 37 
0 27
1 22
2 31
3 40
4 30
5 2
6 15
7 3
8 34
9 28
10 13
11 32
12 29
13 35
14 46
15 18
16 45
17 43
18 26
19 11
20 16
21 10
22 20
23 8
24 7
25 19
26 47
27 36
28 1
29 38
30 9
31 44
32 21
33 33
34 6
35 12
36 41
37 48
38 25
39 4
40 24
41 42
42 17
43 0
44 5
45 23
46 14
47 37
48 39
SIMILAR

12 35 38 32 1 42 48 5 40 36 47 33 30 43 23 27 2 39 7 6 18 45 29 17 25 44 26 41 22 28 20 34 11 15 9 46 8 0 13 4 19 14 31 24 3 16 10 37 21 
0 37
1 4
2 16
3 44
4 39
5 7
6 19
7 18
8 36
9 34
10 46
11 32
12 0
13 38
14 41
15 33
16 45
17 23
18 20
19 40
20 30
21 48
22 28
23 14
24 43
25 24
26 26
27 15
28 29
29 22
30 12
31 42
32 3
33 11
34 31
35 1
36 9
37 47
38 2
39 17
40 8
41 27
42 5
43 13
44 25
45 21
46 35
47 10
48 6
SIMILAR

19 36 32 40 10 21 25 30 39 18 5 29 45 43 20 26 22 23 9 4 35 48 3 31 14 11 7 0 17 13 27 34 42 16 12 28 47 1 41 2 15 38 8 24 6 37 33 44 46 
0 27
1 37
2 39
3 22
4 19
5 10
6 44
7 26
8 42
9 18
10 4
11 25
12 34
13 29
14 24
15 40
16 33
17 28
18 9
19 0
20 14
21 5
22 16
23 17
24 43
25 6
26 15
27 30
28 35
29 11
30 7
31 23
32 2
33 46
34 31
35 20
36 1
37 45
38 41
39 8
40 3
41 38
42 32
43 13
44 47
45 12
46 48
47 36
48 21
SIMILAR

27 5 48 26 3 7 13 15 4 43 12 10 40 21 32 47 31 46 20 34 24 11 29 9 17 28 38 22 41 19 30 25 33 14 39 8 44 16 37 23 45 36 35 1 0 2 42 18 6 
0 44
1 43
2 45
3 4
4 8
5 1
6 48
7 5
8 35
9 23
10 11
11 21
12 10
13 6
14 33
15 7
16 37
17 24
18 47
19 29
20 18
21 13
22 27
23 39
24 20
25 31
26 3
27 0
28 25
29 22
30 30
31 16
32 14
33 32
34 19
35 42
36 41
37 38
38 26
39 34
40 12
41 28
42 46
43 9
44 36
45 40
46 17
47 15
48 2
SIMILAR

18 2 36 7 4 3 17 45 35 22 23 47 28 15 14 42 24 40 29 31 12 26 34 8 1 37 13 6 33 48 44 21 41 16 0 32 10 9 43 11 38 25 5 19 20 39 27 46 30 
0 34
1 24
2 1
3 5
4 4
5 42
6 27
7 3
8 23
9 37
10 36
11 39
12 20
13 26
14 14
15 13
16 33
17 6
18 0
19 43
20 44
21 31
22 9
23 10
24 16
25 41
26 21
27 46
28 12
29 18
30 48
31 19
32 35
33 28
34 22
35 8
36 2
37 25
38 40
39 45
40 17
41 32
42 15
43 38
44 30
45 7
46 47
47 11
48 29
SIMILAR

43 21 3 48 45 13 25 36 14 16 8 35 4 5 44 0 24 40 46 47 22 15 2 17 32 41 28 34 9 27 31 23 37 29 42 11 33 7 6 30 38 26 1 19 12 39 18 20 10 
0 15
1 42
2 22
3 2
4 12
5 13
6 38
7 37
8 10
9 28
10 48
11 35
12 44
13 5
14 8
15 21
16 9
17 23
18 46
19 43
20 47
21 1
22 20
23 31
24 16
25 6
26 41
27 29
28 26
29 33
30 39
31 30
32 24
33 36
34 27
35 11
36 7
37 32
38 40
39 45
40 17
41 25
42 34
43 0
44 14
45 4
46 18
47 19
48 3
SIMILAR

22 24 46 35 23 42 17 5 0 15 34 21 13 38 14 39 25 20 27 26 2 40 41 37 7 8 33 45 16 28 43 1 47 10 18 32 44 29 3 30 9 48 11 4 12 6 36 19 31 
0 8
1 31
2 20
3 38
4 43
5 7
6 45
7 24
8 25
9 40
10 33
11 42
12 44
13 12
14 14
15 9
16 28
17 6
18 34
19 47
20 17
21 11
22 0
23 4
24 1
25 16
26 19
27 18
28 29
29 37
30 39
31 48
32 35
33 26
34 10
35 3
36 46
37 23
38 13
39 15
40 21
41 22
42 5
43 30
44 36
45 27
46 2
47 32
48 41
SIMILAR

41 30 26 37 40 23 8 29 31 28 32 47 42 35 12 43 17 11 38 16 3 7 39 34 48 6 15 46 10 20 1 44 5 22 4 27 9 13 25 18 19 45 14 0 36 24 33 21 2 
0 43
1 30
2 48
3 20
4 34
5 32
6 25
7 21
8 6
9 36
10 28
11 17
12 14
13 37
14 42
15 26
16 19
17 16
18 39
19 40
20 29
21 47
22 33
23 5
24 45
25 38
26 2
27 35
28 9
29 7
30 1
31 8
32 10
33 46
34 23
35 13
36 44
37 3
38 18
39 22
40 4
41 0
42 12
43 15
44 31
45 41
46 27
47 11
48 24
SIMILAR

10 21 38 8 4 43 30 11 2 41 17 39 12 18 40 13 44 7 37 36 27 48 31 26 47 3 14 33 46 9 1 29 15 0 20 19 34 16 23 45 28 42 5 24 32 6 22 25 35 
0 33
1 30
2 8
3 25
4 4
5 42
6 45
7 17
8 3
9 29
10 0
11 7
12 12
13 15
14 26
15 32
16 37
17 10
18 13
19 35
20 34
21 1
22 46
23 38
24 43
25 47
26 23
27 20
28 40
29 31
30 6
31 22
32 44
33 27
34 36
35 48
36 19
37 18
38 2
39 11
40 14
41 9
42 41
43 5
44 16
45 39
46 28
47 24
48 21
SIMILAR

15 3 46 48 29 42 45 27 28 32 12 36 18 35 39 2 47 20 9 6 19 7 34 44 26 43 40 41 25 33 21 22 5 11 37 0 16 38 17 8 24 23 30 14 13 4 1 31 10 
0 35
1 46
2 15
3 1
4 45
5 32
6 19
7 21
8 39
9 18
10 48
11 33
12 10
13 44
14 43
15 0
16 36
17 38
18 12
19 20
20 17
21 30
22 31
23 41
24 40
25 28
26 24
27 7
28 8
29 4
30 42
31 47
32 9
33 29
34 22
35 13
36 11
37 34
38 37
39 14
40 26
41 27
42 5
43 25
44 23
45 6
46 2
47 16
48 3
SIMILAR

47 14 34 27 19 33 1 40 32 15 44 0 5 8 30 21 48 23 45 43 16 17 36 11 28 9 12 4 24 31 38 20 25 41 39 10 42 18 29 26 7 3 6 46 37 2 35 13 22 
0 11
1 6
2 45
3 41
4 27
5 12
6 42
7 40
8 13
9 25
10 35
11 23
12 26
13 47
14 1
15 9
16 20
17 21
18 37
19 4
20 31
21 15
22 48
23 17
24 28
25 32
26 39
27 3
28 24
29 38
30 14
31 29
32 8
33 5
34 2
35 46
36 22
37 44
38 30
39 34
40 7
41 33
42 36
43 19
44 10
45 18
46 43
47 0
48 16
SIMILAR

6 46 43 38 26 2 12 0 24 10 35 37 4 41 27 36 3 45 39 32 25 42 8 13 17 14 33 44 34 20 40 22 18 48 23 47 28 31 21 29 15 7 19 1 30 9 5 16 11 
0 7
1 43
2 5
3 16
4 12
5 46
6 0
7 41
8 22
9 45
10 9
11 48
12 6
13 23
14 25
15 40
16 47
17 24
18 32
19 42
20 29
21 38
22 31
23 34
24 8
25 20
26 4
27 14
28 36
29 39
30 44
31 37
32 19
33 26
34 28
35 10
36 15
37 11
38 3
39 18
40 30
41 13
42 21
43 2
44 27
45 17
46 1
47 35
48 33
SIMILAR

29 4 21 10 9 25 43 48 17 39 36 5 35 40 13 19 14 1 26 12 0 28 34 30 15 32 46 27 11 6 3 44 20 37 47 18 16 7 41 24 22 8 23 42 2 31 45 33 38 
0 20
1 17
2 44
3 30
4 1
5 11
6 29
7 37
8 41
9 4
10 3
11 28
12 19
13 14
14 16
15 24
16 36
17 8
18 35
19 15
20 32
21 2
22 40
23 42
24 39
25 5
26 18
27 27
28 21
29 0
30 23
31 45
32 25
33 47
34 22
35 12
36 10
37 33
38 48
39 9
40 13
41 38
42 43
43 6
44 31
45 46
46 26
47 34
48 7
SIMILAR

45 5 12 4 1 39 44 0 17 31 6 46 43 48 40 21 7 15 25 16 22 34 2 35 33 11 42 14 3 41 47 18 27 19 24 38 37 13 23 10 36 28 26 9 20 8 29 30 32 
0 7
1 4
2 22
3 28
4 3
5 1
6 10
7 16
8 45
9 43
10 39
11 25
12 2
13 37
14 27
15 17
16 19
17 8
18 31
19 33
20 44
21 15
22 20
23 38
24 34
25 18
26 42
27 32
28 41
29 46
30 47
31 9
32 48
33 24
34 21
35 23
36 40
37 36
38 35
39 5
40 14
41 29
42 26
43 12
44 6
45 0
46 11
47 30
48 13
SIMILAR

11 30 18 0 47 35 26 46 14 45 4 7 8 43 5 39 3 41 20 28 13 23 19 27 36 22 38 17 48 32 25 29 21 16 9 42 44 10 33 6 34 31 1 24 12 37 15 40 2 
0 3
1 42
2 48
3 16
4 10
5 14
6 39
7 11
8 12
9 34
10 37
11 0
12 44
13 20
14 8
15 46
16 33
17 27
18 2
19 22
20 18
21 32
22 25
23 21
24 43
25 30
26 6
27 23
28 19
29 31
30 1
31 41
32 29
33 38
34 40
35 5
36 24
37 45
38 26
39 15
40 47
41 17
42 35
43 13
44 36
45 9
46 7
47 4
48 28
SIMILAR

43 36 17 30 23 5 22 31 7 25 40 21 2 32 33 35 4 9 16 29 15 41 39 46 14 18 24 19 12 27 37 13 3 1 0 38 26 48 6 8 47 44 42 28 10 45 20 34 11 
0 34
1 33
2 12
3 32
4 16
5 5
6 38
7 8
8 39
9 17
10 44
11 48
12 28
13 31
14 24
15 20
16 18
17 2
18 25
19 27
20 46
21 11
22 6
23 4
24 26
25 9
26 36
27 29
28 43
29 19
30 3
31 7
32 13
33 14
34 47
35 15
36 1
37 30
38 35
39 22
40 10
41 21
42 42
43 0
44 41
45 45
46 23
47 40
48 37
SIMILAR

44 45 35 21 11 18 15 19 23 33 1 27 41 10 39 43 4 22 37 26 16 31 5 38 3 8 36 32 20 25 24 6 12 42 34 7 17 40 9 46 47 29 2 14 30 48 0 13 28 
0 46
1 10
2 42
3 24
4 16
5 22
6 31
7 35
8 25
9 38
10 13
11 4
12 32
13 47
14 43
15 6
16 20
17 36
18 5
19 7
20 28
21 3
22 17
23 8
24 30
25 29
26 19
27 11
28 48
29 41
30 44
31 21
32 27
33 9
34 34
35 2
36 26
37 18
38 23
39 14
40 37
41 12
42 33
43 15
44 0
45 1
46 39
47 40
48 45
SIMILAR
100 0
9200 0
459200 0
