49
0 1 1 1 0 0 0 0 1 0 1 1 0 0 0 1 0 1 1 1 0 1 1 1 0 1 1 0 1 0 1 0 1 0 1 1 1 0 0 1 1 1 1 1 1 0 0 0 1 
1 0 0 1 0 1 0 1 1 0 0 0 0 1 1 0 0 1 1 1 1 0 1 1 0 1 1 1 1 0 0 1 1 1 0 0 1 0 1 0 0 0 1 0 1 1 0 0 0 
1 0 0 1 0 1 1 1 0 0 1 1 0 1 1 0 1 1 0 1 0 0 1 0 1 1 1 1 1 1 0 0 1 0 1 1 1 1 0 0 1 1 0 0 1 0 0 0 1 
1 1 1 0 0 0 1 0 1 1 1 1 1 1 0 0 0 0 0 1 0 1 0 0 0 1 1 0 0 1 0 0 0 1 0 0 1 1 1 0 0 0 1 1 1 1 0 0 1 
0 0 0 0 0 0 1 1 1 0 1 1 0 1 0 0 0 0 1 1 0 1 1 1 0 1 0 1 0 0 1 1 0 0 1 0 1 0 0 0 1 0 1 1 0 1 1 0 1 
0 1 1 0 0 0 1 1 1 0 1 0 1 1 1 0 1 1 0 0 0 1 0 1 0 1 1 0 1 1 0 0 0 0 0 1 1 0 1 0 0 0 1 1 1 0 1 1 0 
0 0 1 1 1 1 0 0 1 0 0 1 0 0 0 1 0 0 0 1 0 1 0 1 0 1 0 1 0 0 0 0 0 0 0 1 0 0 1 1 0 0 1 1 0 0 0 1 0 
0 1 1 0 1 1 0 0 0 1 0 1 1 0 1 0 0 1 0 0 0 0 1 1 0 0 1 1 1 0 0 0 1 1 0 1 1 0 1 0 0 0 1 0 1 0 1 1 0 
1 1 0 1 1 1 1 0 0 1 0 0 0 0 0 1 0 0 0 0 0 1 1 1 1 1 0 1 1 1 1 0 0 1 1 0 0 0 0 0 1 1 1 1 0 0 0 1 0 
0 0 0 1 0 0 0 1 1 0 0 0 1 1 1 1 0 0 0 0 1 1 0 1 1 1 0 0 0 1 1 0 0 1 1 1 1 0 0 0 0 1 1 0 1 0 0 0 0 
1 0 1 1 1 1 0 0 0 0 0 1 1 0 0 1 1 1 0 0 1 0 0 1 1 1 1 1 0 1 1 1 1 0 1 1 0 0 0 1 0 1 0 1 0 1 0 1 0 
1 0 1 1 1 0 1 1 0 0 1 0 1 0 0 1 0 1 1 0 1 0 0 1 0 1 0 0 0 0 0 1 1 0 0 1 0 1 0 0 1 1 0 1 1 0 0 0 1 
0 0 0 1 0 1 0 1 0 1 1 1 0 1 0 1 0 1 1 0 1 0 1 0 0 0 0 0 1 1 0 0 1 1 1 0 1 1 0 0 0 0 0 0 1 0 0 0 0 
0 1 1 1 1 1 0 0 0 1 0 0 1 0 0 0 0 1 0 1 1 1 0 1 1 1 1 0 1 0 1 1 0 1 0 1 0 1 1 0 0 0 0 0 1 1 1 1 0 
0 1 1 0 0 1 0 1 0 1 0 0 0 0 0 0 0 0 0 0 0 1 0 1 0 1 0 0 1 0 1 1 1 0 0 0 0 0 1 1 0 0 1 1 0 0 0 1 1 
1 0 0 0 0 0 1 0 1 1 1 1 1 0 0 0 0 0 1 1 0 0 0 1 0 0 1 1 0 0 0 0 0 1 0 0 1 0 1 0 0 0 0 0 1 1 0 1 0 
0 0 1 0 0 1 0 0 0 0 1 0 0 0 0 0 0 1 1 1 0 0 1 0 0 1 0 1 0 1 0 1 0 1 1 0 0 1 1 0 1 0 1 1 0 0 0 0 0 
1 1 1 0 0 1 0 1 0 0 1 1 1 1 0 0 1 0 1 0 0 1 1 1 1 1 1 1 1 1 1 1 1 1 0 0 0 0 1 1 0 0 1 1 0 0 1 0 1 
1 1 0 0 1 0 0 0 0 0 0 1 1 0 0 1 1 1 0 1 0 0 0 0 1 1 0 0 1 0 0 1 1 0 0 1 0 1 1 1 1 0 0 1 0 0 0 0 1 
1 1 1 1 1 0 1 0 0 0 0 0 0 1 0 1 1 0 1 0 1 1 1 0 0 1 1 1 0 1 1 1 0 0 0 1 0 1 0 0 1 0 1 1 0 1 0 1 1 
0 1 0 0 0 0 0 0 0 1 1 1 1 1 0 0 0 0 0 1 0 1 0 1 1 0 0 0 0 0 1 0 1 1 0 1 1 0 1 0 0 1 0 1 0 0 0 0 0 
1 0 0 1 1 1 1 0 1 1 0 0 0 1 1 0 0 1 0 1 1 0 1 0 0 0 0 0 1 1 1 1 1 1 1 1 1 1 0 0 0 0 1 1 1 1 0 1 0 
1 1 1 0 1 0 0 1 1 0 0 0 1 0 0 0 1 1 0 1 0 1 0 0 0 0 1 0 0 1 0 1 0 1 0 0 1 1 1 1 1 1 0 1 0 1 0 0 1 
1 1 0 0 1 1 1 1 1 1 1 1 0 1 1 1 0 1 0 0 1 0 0 0 1 1 1 0 0 1 1 1 1 1 1 0 1 1 1 0 0 1 1 0 0 1 0 1 1 
0 0 1 0 0 0 0 0 1 1 1 0 0 1 0 0 0 1 1 0 1 0 0 1 0 1 1 1 0 1 1 1 1 0 1 0 1 0 1 0 0 0 0 1 1 0 0 1 0 
1 1 1 1 1 1 1 0 1 1 1 1 0 1 1 0 1 1 1 1 0 0 0 1 1 0 1 1 1 0 0 0 0 0 0 1 1 0 1 0 0 1 1 1 1 0 1 0 1 
1 1 1 1 0 1 0 1 0 0 1 0 0 1 0 1 0 1 0 1 0 0 1 1 1 1 0 1 0 0 1 0 1 1 0 1 0 1 0 0 1 1 1 1 1 0 0 1 1 
0 1 1 0 1 0 1 1 1 0 1 0 0 0 0 1 1 1 0 1 0 0 0 0 1 1 1 0 0 1 0 1 0 1 0 0 0 1 1 0 0 0 0 0 0 0 1 0 1 
1 1 1 0 0 1 0 1 1 0 0 0 1 1 1 0 0 1 1 0 0 1 0 0 0 1 0 0 0 0 0 0 1 0 0 1 0 1 1 0 1 1 1 0 0 1 0 0 1 
0 0 1 1 0 1 0 0 1 1 1 0 1 0 0 0 1 1 0 1 0 1 1 1 1 0 0 1 0 0 1 1 0 1 1 1 1 1 1 1 1 1 1 1 1 1 0 0 1 
1 0 0 0 1 0 0 0 1 1 1 0 0 1 1 0 0 1 0 1 1 1 0 1 1 0 1 0 0 1 0 1 0 0 1 1 1 1 1 0 0 0 0 1 1 1 0 0 0 
0 1 0 0 1 0 0 0 0 0 1 1 0 1 1 0 1 1 1 1 0 1 1 1 1 0 0 1 0 1 1 0 1 0 0 0 0 0 1 1 1 0 1 0 0 1 1 1 1 
1 1 1 0 0 0 0 1 0 0 1 1 1 0 1 0 0 1 1 0 1 1 0 1 1 0 1 0 1 0 0 1 0 0 0 0 0 0 0 0 0 0 1 0 0 0 0 1 1 
0 1 0 1 0 0 0 1 1 1 0 0 1 1 0 1 1 1 0 0 1 1 1 1 0 0 1 1 0 1 0 0 0 0 0 1 0 0 1 1 1 0 0 0 1 0 0 1 0 
1 0 1 0 1 0 0 0 1 1 1 0 1 0 0 0 1 0 0 0 0 1 0 1 1 0 0 0 0 1 1 0 0 0 0 0 0 0 0 0 0 1 0 1 0 1 0 0 1 
1 0 1 0 0 1 1 1 0 1 1 1 0 1 0 0 0 0 1 1 1 1 0 0 0 1 1 0 1 1 1 0 0 1 0 0 0 1 0 1 0 1 1 0 0 1 1 1 0 
1 1 1 1 1 1 0 1 0 1 0 0 1 0 0 1 0 0 0 0 1 1 1 1 1 1 0 0 0 1 1 0 0 0 0 0 0 0 0 0 1 1 1 0 1 0 0 1 1 
0 0 1 1 0 0 0 0 0 0 0 1 1 1 0 0 1 0 1 1 0 1 1 1 0 0 1 1 1 1 1 0 0 0 0 1 0 0 1 1 0 0 1 0 0 1 1 0 0 
0 1 0 1 0 1 1 1 0 0 0 0 0 1 1 1 1 1 1 0 1 0 1 1 1 1 0 1 1 1 1 1 0 1 0 0 0 1 0 0 0 0 0 1 1 1 1 1 0 
1 0 0 0 0 0 1 0 0 0 1 0 0 0 1 0 0 1 1 0 0 0 1 0 0 0 0 0 0 1 0 1 0 1 0 1 0 1 0 0 1 0 1 1 0 0 1 1 1 
1 0 1 0 1 0 0 0 1 0 0 1 0 0 0 0 1 0 1 1 0 0 1 0 0 0 1 0 1 1 0 1 0 1 0 0 1 0 0 1 0 1 1 1 0 0 0 1 1 
1 0 1 0 0 0 0 0 1 1 1 1 0 0 0 0 0 0 0 0 1 0 1 1 0 1 1 0 1 1 0 0 0 0 1 1 1 0 0 0 1 0 0 0 1 1 1 1 1 
1 1 0 1 1 1 1 1 1 1 0 0 0 0 1 0 1 1 0 1 0 1 0 1 0 1 1 0 1 1 0 1 1 0 0 1 1 1 0 1 1 0 0 0 0 1 1 0 1 
1 0 0 1 1 1 1 0 1 0 1 1 0 0 1 0 1 1 1 1 1 1 1 0 1 1 1 0 0 1 1 0 0 0 1 0 0 0 1 1 1 0 0 0 0 1 0 1 0 
1 1 1 1 0 1 0 1 0 1 0 1 1 1 0 1 0 0 0 0 0 1 0 0 1 1 1 0 0 1 1 0 0 1 0 0 1 0 1 0 0 1 0 0 0 0 1 0 1 
0 1 0 1 1 0 0 0 0 0 1 0 0 1 0 1 0 0 0 1 0 1 1 1 0 0 0 0 1 1 1 1 0 0 1 1 0 1 1 0 0 1 1 1 0 0 0 1 0 
0 0 0 0 1 1 0 1 0 0 0 0 0 1 0 0 0 1 0 0 0 0 0 0 0 1 0 1 0 0 0 1 0 0 0 1 0 1 1 1 0 1 1 0 1 0 0 0 0 
0 0 0 0 0 1 1 1 1 0 1 0 0 1 1 1 0 0 0 1 0 1 0 1 1 0 1 0 0 0 0 1 1 1 0 1 1 0 1 1 1 1 0 1 0 1 0 0 1 
1 0 1 1 1 0 0 0 0 0 0 1 0 0 1 0 0 1 1 1 0 0 1 1 0 1 1 1 1 1 0 1 1 0 1 0 1 0 0 1 1 1 1 0 1 0 0 1 0 

38 7 22 37 40 42 27 0 2 13 35 1 41 32 21 4 20 6 3 14 31 48 26 25 33 44 19 8 24 43 10 5 28 47 34 29 12 16 11 36 18 9 39 46 17 23 15 45 30 
0 7
1 11
2 8
3 18
4 15
5 31
6 17
7 1
8 27
9 41
10 30
11 38
12 36
13 9
14 19
15 46
16 37
17 44
18 40
19 26
20 16
21 14
22 2
23 45
24 28
25 23
26 22
27 6
28 32
29 35
30 48
31 20
32 13
33 24
34 34
35 10
36 39
37 3
38 0
39 42
40 4
41 12
42 5
43 29
44 25
45 47
46 43
47 33
48 21
SIMILAR

11 43 9 18 31 48 39 21 6 1 36 12 44 34 19 38 4 30 32 13 22 5 2 16 23 20 47 45 46 0 29 14 17 15 37 41 28 35 24 33 27 25 7 10 8 40 42 26 3 
0 29
1 9
2 22
3 48
4 16
5 21
6 8
7 42
8 44
9 2
10 43
11 0
12 11
13 19
14 31
15 33
16 23
17 32
18 3
19 14
20 25
21 7
22 20
23 24
24 38
25 41
26 47
27 40
28 36
29 30
30 17
31 4
32 18
33 39
34 13
35 37
36 10
37 34
38 15
39 6
40 45
41 35
42 46
43 1
44 12
45 27
46 28
47 26
48 5
SIMILAR

3 24 5 39 31 21 10 43 0 48 11 22 38 13 19 8 45 7 33 23 29 37 1 46 44 20 35 15 16 32 9 12 30 34 40 41 25 27 47 26 18 42 36 17 28 14 2 4 6 
0 8
1 22
2 46
3 0
4 47
5 2
6 48
7 17
8 15
9 30
10 6
11 10
12 31
13 13
14 45
15 27
16 28
17 43
18 40
19 14
20 25
21 5
22 11
23 19
24 1
25 36
26 39
27 37
28 44
29 20
30 32
31 4
32 29
33 18
34 33
35 26
36 42
37 21
38 12
39 3
40 34
41 35
42 41
43 7
44 24
45 16
46 23
47 38
48 9
SIMILAR

7 48 3 6 31 45 47 35 41 24 16 8 4 9 14 39 46 32 25 19 12 28 15 42 26 1 44 40 5 38 22 23 43 17 11 21 36 2 29 20 37 13 34 10 18 30 0 27 33 
0 46
1 25
2 37
3 2
4 12
5 28
6 3
7 0
8 11
9 13
10 43
11 34
12 20
13 41
14 14
15 22
16 10
17 33
18 44
19 19
20 39
21 35
22 30
23 31
24 9
25 18
26 24
27 47
28 21
29 38
30 45
31 4
32 17
33 48
34 42
35 7
36 36
37 40
38 29
39 15
40 27
41 8
42 23
43 32
44 26
45 5
46 16
47 6
48 1
SIMILAR

31 39 38 47 41 5 0 2 1 29 36 6 12 7 46 23 45 42 30 32 15 4 17 16 10 44 8 20 48 24 27 26 19 34 9 25 33 18 13 11 22 28 37 14 21 43 35 40 3 
0 6
1 8
2 7
3 48
4 21
5 5
6 11
7 13
8 26
9 34
10 24
11 39
12 12
13 38
14 43
15 20
16 23
17 22
18 37
19 32
20 27
21 44
22 40
23 15
24 29
25 35
26 31
27 30
28 41
29 9
30 18
31 0
32 19
33 36
34 33
35 46
36 10
37 42
38 2
39 1
40 47
41 4
42 17
43 45
44 25
45 16
46 14
47 3
48 28
SIMILAR

21 12 48 31 6 39 43 14 24 46 5 33 22 35 15 30 16 27 13 7 37 11 19 29 0 45 17 47 26 20 28 1 8 44 25 41 42 9 2 10 36 3 40 38 32 18 4 34 23 
0 24
1 31
2 38
3 41
4 46
5 10
6 4
7 19
8 32
9 37
10 39
11 21
12 1
13 18
14 7
15 14
16 16
17 26
18 45
19 22
20 29
21 0
22 12
23 48
24 8
25 34
26 28
27 17
28 30
29 23
30 15
31 3
32 44
33 11
34 47
35 13
36 40
37 20
38 43
39 5
40 42
41 35
42 36
43 6
44 33
45 25
46 9
47 27
48 2
SIMILAR

39 47 36 18 32 5 31 4 45 28 9 29 14 19 34 26 7 38 11 8 23 37 43 17 3 41 42 46 10 30 44 12 22 0 48 6 25 40 13 20 16 35 33 27 2 24 1 15 21 
0 33
1 46
2 44
3 24
4 7
5 5
6 35
7 16
8 19
9 10
10 28
11 18
12 31
13 38
14 12
15 47
16 40
17 23
18 3
19 13
20 39
21 48
22 32
23 20
24 45
25 36
26 15
27 43
28 9
29 11
30 29
31 6
32 4
33 42
34 14
35 41
36 2
37 21
38 17
39 0
40 37
41 25
42 26
43 22
44 30
45 8
46 27
47 1
48 34
SIMILAR

12 46 11 41 7 8 40 26 20 42 27 45 23 9 31 10 48 35 24 1 47 36 38 21 13 4 19 16 15 2 28 25 43 29 18 32 39 30 6 14 0 37 22 5 3 17 44 33 34 
0 40
1 19
2 29
3 44
4 25
5 43
6 38
7 4
8 5
9 13
10 15
11 2
12 0
13 24
14 39
15 28
16 27
17 45
18 34
19 26
20 8
21 23
22 42
23 12
24 18
25 31
26 7
27 10
28 30
29 33
30 37
31 14
32 35
33 47
34 48
35 17
36 21
37 41
38 22
39 36
40 6
41 3
42 9
43 32
44 46
45 11
46 1
47 20
48 16
SIMILAR

31 16 38 2 9 4 32 10 33 3 44 45 8 47 29 46 1 23 30 5 41 20 37 40 21 13 14 18 17 19 36 25 24 22 43 27 12 6 35 7 28 0 15 42 48 26 34 39 11 
0 41
1 16
2 3
3 9
4 5
5 19
6 37
7 39
8 12
9 4
10 7
11 48
12 36
13 25
14 26
15 42
16 1
17 28
18 27
19 29
20 21
21 24
22 33
23 17
24 32
25 31
26 45
27 35
28 40
29 14
30 18
31 0
32 6
33 8
34 46
35 38
36 30
37 22
38 2
39 47
40 23
41 20
42 43
43 34
44 10
45 11
46 15
47 13
48 44
SIMILAR

22 14 13 32 3 7 41 19 45 40 11 27 48 26 36 30 4 15 38 43 24 28 8 2 33 18 20 0 47 25 12 9 17 29 6 39 46 42 21 16 5 10 37 23 35 44 31 1 34 
0 27
1 47
2 23
3 4
4 16
5 40
6 34
7 5
8 22
9 31
10 41
11 10
12 30
13 2
14 1
15 17
16 39
17 32
18 25
19 7
20 26
21 38
22 0
23 43
24 20
25 29
26 13
27 11
28 21
29 33
30 15
31 46
32 3
33 24
34 48
35 44
36 14
37 42
38 18
39 35
40 9
41 6
42 37
43 19
44 45
45 8
46 36
47 28
48 12
SIMILAR

29 2 19 41 33 15 45 31 35 1 47 6 10 12 23 39 28 30 11 13 25 0 22 14 18 7 20 37 8 17 3 34 36 21 16 43 24 5 46 38 4 26 44 48 27 9 40 42 32 
0 21
1 9
2 1
3 30
4 40
5 37
6 11
7 25
8 28
9 45
10 12
11 18
12 13
13 19
14 23
15 5
16 34
17 29
18 24
19 2
20 26
21 33
22 22
23 14
24 36
25 20
26 41
27 44
28 16
29 0
30 17
31 7
32 48
33 4
34 31
35 8
36 32
37 27
38 39
39 15
40 46
41 3
42 47
43 35
44 42
45 6
46 38
47 10
48 43
SIMILAR

18 40 24 44 23 19 38 32 11 26 33 0 16 7 6 30 27 13 14 8 48 25 2 45 37 4 39 20 41 36 35 46 9 22 47 1 43 5 28 21 34 31 42 10 3 17 29 15 12 
0 11
1 35
2 22
3 44
4 25
5 37
6 14
7 13
8 19
9 32
10 43
11 8
12 48
13 17
14 18
15 47
16 12
17 45
18 0
19 5
20 27
21 39
22 33
23 4
24 2
25 21
26 9
27 16
28 38
29 46
30 15
31 41
32 7
33 10
34 40
35 30
36 29
37 24
38 6
39 26
40 1
41 28
42 42
43 36
44 3
45 23
46 31
47 34
48 20
SIMILAR

44 42 17 22 8 26 18 13 37 14 33 39 11 32 45 9 30 7 31 41 29 25 24 38 15 1 27 10 12 43 47 40 6 19 46 4 48 5 34 35 2 28 23 16 36 21 20 0 3 
0 47
1 25
2 40
3 48
4 35
5 37
6 32
7 17
8 4
9 15
10 27
11 12
12 28
13 7
14 9
15 24
16 43
17 2
18 6
19 33
20 46
21 45
22 3
23 42
24 22
25 21
26 5
27 26
28 41
29 20
30 16
31 18
32 13
33 10
34 38
35 39
36 44
37 8
38 23
39 11
40 31
41 19
42 1
43 29
44 0
45 14
46 34
47 30
48 36
SIMILAR

32 16 26 13 29 24 46 47 39 10 20 11 0 30 41 17 6 3 43 18 7 8 42 23 38 1 44 25 45 31 33 12 19 4 14 9 34 5 27 21 22 28 35 2 37 40 48 15 36 
0 12
1 25
2 43
3 17
4 33
5 37
6 16
7 20
8 21
9 35
10 9
11 11
12 31
13 3
14 34
15 47
16 1
17 15
18 19
19 32
20 10
21 39
22 40
23 23
24 5
25 27
26 2
27 38
28 41
29 4
30 13
31 29
32 0
33 30
34 36
35 42
36 48
37 44
38 24
39 8
40 45
41 14
42 22
43 18
44 26
45 28
46 6
47 7
48 46
SIMILAR

12 41 9 7 13 19 3 31 23 35 32 21 47 6 15 24 28 0 42 5 10 37 44 25 36 16 11 14 8 30 40 43 27 18 39 4 45 46 2 22 34 20 33 26 48 17 29 38 1 
0 17
1 48
2 38
3 6
4 35
5 19
6 13
7 3
8 28
9 2
10 20
11 26
12 0
13 4
14 27
15 14
16 25
17 45
18 33
19 5
20 41
21 11
22 39
23 8
24 15
25 23
26 43
27 32
28 16
29 46
30 29
31 7
32 10
33 42
34 40
35 9
36 24
37 21
38 47
39 34
40 30
41 1
42 18
43 31
44 22
45 36
46 37
47 12
48 44
SIMILAR

44 14 10 42 36 40 4 45 17 43 8 19 28 39 5 21 31 16 26 33 25 22 41 32 27 48 29 2 7 20 0 35 1 6 47 9 46 34 30 37 3 23 13 18 24 15 12 38 11 
0 30
1 32
2 27
3 40
4 6
5 14
6 33
7 28
8 10
9 35
10 2
11 48
12 46
13 42
14 1
15 45
16 17
17 8
18 43
19 11
20 29
21 15
22 21
23 41
24 44
25 20
26 18
27 24
28 12
29 26
30 38
31 16
32 23
33 19
34 37
35 31
36 4
37 39
38 47
39 13
40 5
41 22
42 3
43 9
44 0
45 7
46 36
47 34
48 25
SIMILAR

3 44 4 5 26 32 25 0 6 1 42 28 10 35 24 18 14 2 15 13 9 7 47 17 12 22 41 20 29 36 39 21 40 34 43 46 23 38 27 45 31 33 30 16 8 11 37 48 19 
0 7
1 9
2 17
3 0
4 2
5 3
6 8
7 21
8 44
9 20
10 12
11 45
12 24
13 19
14 16
15 18
16 43
17 23
18 15
19 48
20 27
21 31
22 25
23 36
24 14
25 6
26 4
27 38
28 11
29 28
30 42
31 40
32 5
33 41
34 33
35 13
36 29
37 46
38 37
39 30
40 32
41 26
42 10
43 34
44 1
45 39
46 35
47 22
48 47
SIMILAR

44 9 12 28 21 30 14 22 6 19 41 11 2 27 5 46 32 47 17 0 18 8 10 26 40 7 33 36 4 29 24 16 48 25 34 45 39 23 42 1 15 31 20 13 37 38 35 3 43 
0 19
1 39
2 12
3 47
4 28
5 14
6 8
7 25
8 21
9 1
10 22
11 11
12 2
13 43
14 6
15 40
16 31
17 18
18 20
19 9
20 42
21 4
22 7
23 37
24 30
25 33
26 23
27 13
28 3
29 29
30 5
31 41
32 16
33 26
34 34
35 46
36 27
37 44
38 45
39 36
40 24
41 10
42 38
43 48
44 0
45 35
46 15
47 17
48 32
SIMILAR

0 47 27 30 15 34 4 16 9 12 24 25 17 8 28 48 45 31 35 29 38 5 46 22 7 2 23 41 6 43 18 1 13 3 37 40 39 42 32 33 44 20 14 36 21 26 10 11 19 
0 0
1 31
2 25
3 33
4 6
5 21
6 28
7 24
8 13
9 8
10 46
11 47
12 9
13 32
14 42
15 4
16 7
17 12
18 30
19 48
20 41
21 44
22 23
23 26
24 10
25 11
26 45
27 2
28 14
29 19
30 3
31 17
32 38
33 39
34 5
35 18
36 43
37 34
38 20
39 36
40 35
41 27
42 37
43 29
44 40
45 16
46 22
47 1
48 15
SIMILAR

11 39 32 21 20 37 38 27 36 23 24 3 18 0 22 1 26 8 25 7 45 46 14 29 13 10 15 41 9 2 34 6 16 47 43 40 42 33 35 30 19 12 48 4 17 5 31 44 28 
0 13
1 15
2 29
3 11
4 43
5 45
6 31
7 19
8 17
9 28
10 25
11 0
12 41
13 24
14 22
15 26
16 32
17 44
18 12
19 40
20 4
21 3
22 14
23 9
24 10
25 18
26 16
27 7
28 48
29 23
30 39
31 46
32 2
33 37
34 30
35 38
36 8
37 5
38 6
39 1
40 35
41 27
42 36
43 34
44 47
45 20
46 21
47 33
48 42
SIMILAR

3 42 35 46 12 24 37 30 4 25 13 14 9 1 17 34 15 38 40 7 6 29 11 10 27 47 20 16 2 26 43 0 31 39 19 23 18 48 8 45 44 28 41 21 33 32 36 22 5 
0 31
1 13
2 28
3 0
4 8
5 48
6 20
7 19
8 38
9 12
10 23
11 22
12 4
13 10
14 11
15 16
16 27
17 14
18 36
19 34
20 26
21 43
22 47
23 35
24 5
25 9
26 29
27 24
28 41
29 21
30 7
31 32
32 45
33 44
34 15
35 2
36 46
37 6
38 17
39 33
40 18
41 42
42 1
43 30
44 40
45 39
46 3
47 25
48 37
SIMILAR

6 18 22 32 38 19 12 48 40 43 15 41 2 13 5 9 26 31 33 37 35 10 44 45 0 30 47 28 1 29 25 39 7 4 34 23 8 36 27 46 14 24 3 21 11 20 16 17 42 
0 24
1 28
2 12
3 42
4 33
5 14
6 0
7 32
8 36
9 15
10 21
11 44
12 6
13 13
14 40
15 10
16 46
17 47
18 1
19 5
20 45
21 43
22 2
23 35
24 41
25 30
26 16
27 38
28 27
29 29
30 25
31 17
32 3
33 18
34 34
35 20
36 37
37 19
38 4
39 31
40 8
41 11
42 48
43 9
44 22
45 23
46 39
47 26
48 7
SIMILAR

10 15 30 46 43 25 41 4 39 36 1 6 13 38 16 23 17 26 48 31 8 45 14 35 0 27 7 29 44 37 24 5 3 34 42 21 32 2 12 20 33 9 19 40 11 22 47 28 18 
0 24
1 10
2 37
3 32
4 7
5 31
6 11
7 26
8 20
9 41
10 0
11 44
12 38
13 12
14 22
15 1
16 14
17 16
18 48
19 42
20 39
21 35
22 45
23 15
24 30
25 5
26 17
27 25
28 47
29 27
30 2
31 19
32 36
33 40
34 33
35 23
36 9
37 29
38 13
39 8
40 43
41 6
42 34
43 4
44 28
45 21
46 3
47 46
48 18
SIMILAR

8 36 48 39 45 1 29 24 12 35 5 14 32 7 30 20 19 11 47 0 3 2 4 6 21 26 43 28 37 13 15 46 31 25 27 34 44 33 10 16 41 17 42 9 40 22 18 23 38 
0 19
1 5
2 21
3 20
4 22
5 10
6 23
7 13
8 0
9 43
10 38
11 17
12 8
13 29
14 11
15 30
16 39
17 41
18 46
19 16
20 15
21 24
22 45
23 47
24 7
25 33
26 25
27 34
28 27
29 6
30 14
31 32
32 12
33 37
34 35
35 9
36 1
37 28
38 48
39 3
40 44
41 40
42 42
43 26
44 36
45 4
46 31
47 18
48 2
SIMILAR

4 11 6 45 1 35 39 38 46 32 34 18 10 37 36 48 29 21 2 33 44 5 13 40 30 17 19 28 16 41 22 12 42 26 47 20 0 43 24 9 25 7 3 27 23 14 15 8 31 
0 36
1 4
2 18
3 42
4 0
5 21
6 2
7 41
8 47
9 39
10 12
11 1
12 31
13 22
14 45
15 46
16 28
17 25
18 11
19 26
20 35
21 17
22 30
23 44
24 38
25 40
26 33
27 43
28 27
29 16
30 24
31 48
32 9
33 19
34 10
35 5
36 14
37 13
38 7
39 6
40 23
41 29
42 32
43 37
44 20
45 3
46 8
47 34
48 15
SIMILAR

24 14 47 39 41 11 6 1 45 28 44 0 35 27 38 17 43 31 42 30 21 20 34 7 10 18 46 15 22 25 8 29 2 26 4 48 40 23 12 16 32 9 5 3 33 13 19 37 36 
0 11
1 7
2 32
3 43
4 34
5 42
6 6
7 23
8 30
9 41
10 24
11 5
12 38
13 45
14 1
15 27
16 39
17 15
18 25
19 46
20 21
21 20
22 28
23 37
24 0
25 29
26 33
27 13
28 9
29 31
30 19
31 17
32 40
33 44
34 22
35 12
36 48
37 47
38 14
39 3
40 36
41 4
42 18
43 16
44 10
45 8
46 26
47 2
48 35
SIMILAR

19 33 36 45 20 9 32 8 12 28 44 31 39 34 27 6 7 2 38 11 24 18 16 26 5 4 48 1 13 46 0 3 15 17 30 37 43 25 35 42 21 40 29 22 10 47 41 23 14 
0 30
1 27
2 17
3 31
4 25
5 24
6 15
7 16
8 7
9 5
10 44
11 19
12 8
13 28
14 48
15 32
16 22
17 33
18 21
19 0
20 4
21 40
22 43
23 47
24 20
25 37
26 23
27 14
28 9
29 42
30 34
31 11
32 6
33 1
34 13
35 38
36 2
37 35
38 18
39 12
40 41
41 46
42 39
43 36
44 10
45 3
46 29
47 45
48 26
SIMILAR

3 24 1 0 17 19 47 38 33 5 48 29 9 7 41 43 42 25 14 27 45 13 40 31 8 35 21 22 11 32 26 46 6 23 4 2 15 36 10 12 30 39 16 37 18 34 20 44 28 
0 3
1 2
2 35
3 0
4 34
5 9
6 32
7 13
8 24
9 12
10 38
11 28
12 39
13 21
14 18
15 36
16 42
17 4
18 44
19 5
20 46
21 26
22 27
23 33
24 1
25 17
26 30
27 19
28 48
29 11
30 40
31 23
32 29
33 8
34 45
35 25
36 37
37 43
38 7
39 41
40 22
41 14
42 16
43 15
44 47
45 20
46 31
47 6
48 10
SIMILAR

35 30 40 36 47 45 20 21 14 9 37 22 16 0 15 25 17 3 32 13 39 6 11 31 33 24 10 26 8 12 18 38 23 28 34 43 42 5 44 1 27 4 29 2 48 46 41 7 19 
0 13
1 39
2 43
3 17
4 41
5 37
6 21
7 47
8 28
9 9
10 26
11 22
12 29
13 19
14 8
15 14
16 12
17 16
18 30
19 48
20 6
21 7
22 11
23 32
24 25
25 15
26 27
27 40
28 33
29 42
30 1
31 23
32 18
33 24
34 34
35 0
36 3
37 10
38 31
39 20
40 2
41 46
42 36
43 35
44 38
45 5
46 45
47 4
48 44
SIMILAR

40 30 45 27 36 21 6 33 2 7 14 35 22 10 4 8 0 48 24 41 19 25 20 9 3 37 17 23 15 5 26 13 38 34 11 16 32 44 29 1 39 12 28 43 31 47 46 18 42 
0 16
1 39
2 8
3 24
4 14
5 29
6 6
7 9
8 15
9 23
10 13
11 34
12 41
13 31
14 10
15 28
16 35
17 26
18 47
19 20
20 22
21 5
22 12
23 27
24 18
25 21
26 30
27 3
28 42
29 38
30 1
31 44
32 36
33 7
34 33
35 11
36 4
37 25
38 32
39 40
40 0
41 19
42 48
43 43
44 37
45 2
46 46
47 45
48 17
SIMILAR

30 24 25 18 41 32 37 1 28 9 14 29 22 17 38 12 3 19 5 10 31 33 21 40 16 43 4 34 26 48 46 36 13 39 0 8 42 15 44 27 2 47 20 6 45 35 23 11 7 
0 34
1 7
2 40
3 16
4 26
5 18
6 43
7 48
8 35
9 9
10 19
11 47
12 15
13 32
14 10
15 37
16 24
17 13
18 3
19 17
20 42
21 22
22 12
23 46
24 1
25 2
26 28
27 39
28 8
29 11
30 0
31 20
32 5
33 21
34 27
35 45
36 31
37 6
38 14
39 33
40 23
41 4
42 36
43 25
44 38
45 44
46 30
47 41
48 29
SIMILAR

48 13 38 18 41 19 45 27 30 14 10 36 17 2 15 9 22 7 46 11 44 29 39 21 6 12 34 32 31 42 23 43 47 24 3 33 20 28 25 0 35 4 40 8 5 16 1 26 37 
0 39
1 46
2 13
3 34
4 41
5 44
6 24
7 17
8 43
9 15
10 10
11 19
12 25
13 1
14 9
15 14
16 45
17 12
18 3
19 5
20 36
21 23
22 16
23 30
24 33
25 38
26 47
27 7
28 37
29 21
30 8
31 28
32 27
33 35
34 26
35 40
36 11
37 48
38 2
39 22
40 42
41 4
42 29
43 31
44 20
45 6
46 18
47 32
48 0
SIMILAR

31 35 30 3 34 8 29 22 11 9 10 27 33 41 37 46 38 14 36 39 6 18 24 2 47 23 12 15 26 48 42 4 43 28 40 45 17 44 25 5 20 21 1 16 13 7 32 0 19 
0 47
1 42
2 23
3 3
4 31
5 39
6 20
7 45
8 5
9 9
10 10
11 8
12 26
13 44
14 17
15 27
16 43
17 36
18 21
19 48
20 40
21 41
22 7
23 25
24 22
25 38
26 28
27 11
28 33
29 6
30 2
31 0
32 46
33 12
34 4
35 1
36 18
37 14
38 16
39 19
40 34
41 13
42 30
43 32
44 37
45 35
46 15
47 24
48 29
SIMILAR

28 7 32 1 24 34 20 31 27 0 40 19 2 46 38 30 12 22 37 5 6 26 15 33 21 25 45 8 43 42 10 16 11 39 29 13 4 36 17 48 14 23 18 35 41 47 9 44 3 
0 9
1 3
2 12
3 48
4 36
5 19
6 20
7 1
8 27
9 46
10 30
11 32
12 16
13 35
14 40
15 22
16 31
17 38
18 42
19 11
20 6
21 24
22 17
23 41
24 4
25 25
26 21
27 8
28 0
29 34
30 15
31 7
32 2
33 23
34 5
35 43
36 37
37 18
38 14
39 33
40 10
41 44
42 29
43 28
44 47
45 26
46 13
47 45
48 39
SIMILAR

36 43 14 33 31 29 0 17 41 21 11 28 6 35 32 12 25 18 2 15 22 7 13 44 47 3 46 26 20 5 10 9 38 1 24 39 30 34 16 37 4 48 40 19 27 42 45 23 8 
0 6
1 33
2 18
3 25
4 40
5 29
6 12
7 21
8 48
9 31
10 30
11 10
12 15
13 22
14 2
15 19
16 38
17 7
18 17
19 43
20 28
21 9
22 20
23 47
24 34
25 16
26 27
27 44
28 11
29 5
30 36
31 4
32 14
33 3
34 37
35 13
36 0
37 39
38 32
39 35
40 42
41 8
42 45
43 1
44 23
45 46
46 26
47 24
48 41
SIMILAR

17 21 32 23 22 29 37 48 12 36 20 3 4 18 45 28 25 31 11 1 38 44 7 43 5 2 27 10 6 16 33 26 35 24 19 40 42 47 0 9 8 39 34 41 14 13 15 30 46 
0 38
1 19
2 25
3 11
4 12
5 24
6 28
7 22
8 40
9 39
10 27
11 18
12 8
13 45
14 44
15 46
16 29
17 0
18 13
19 34
20 10
21 1
22 4
23 3
24 33
25 16
26 31
27 26
28 15
29 5
30 47
31 17
32 2
33 30
34 42
35 32
36 9
37 6
38 20
39 41
40 35
41 43
42 36
43 23
44 21
45 14
46 48
47 37
48 7
SIMILAR

43 47 38 37 39 11 45 19 12 3 23 44 28 31 17 0 18 35 24 48 36 33 30 34 5 29 22 4 7 41 21 1 42 46 32 40 2 16 26 10 14 6 25 27 13 9 15 8 20 
0 15
1 31
2 36
3 9
4 27
5 24
6 41
7 28
8 47
9 45
10 39
11 5
12 8
13 44
14 40
15 46
16 37
17 14
18 16
19 7
20 48
21 30
22 26
23 10
24 18
25 42
26 38
27 43
28 12
29 25
30 22
31 13
32 34
33 21
34 23
35 17
36 20
37 3
38 2
39 4
40 35
41 29
42 32
43 0
44 11
45 6
46 33
47 1
48 19
SIMILAR

26 13 42 25 46 4 32 3 47 14 23 38 12 0 21 18 35 1 48 5 37 15 33 43 39 20 41 6 45 31 16 30 19 8 2 7 29 36 9 28 44 34 40 10 22 24 17 27 11 
0 13
1 17
2 34
3 7
4 5
5 19
6 27
7 35
8 33
9 38
10 43
11 48
12 12
13 1
14 9
15 21
16 30
17 46
18 15
19 32
20 25
21 14
22 44
23 10
24 45
25 3
26 0
27 47
28 39
29 36
30 31
31 29
32 6
33 22
34 41
35 16
36 37
37 20
38 11
39 24
40 42
41 26
42 2
43 23
44 40
45 28
46 4
47 8
48 18
SIMILAR

7 16 30 12 21 44 47 18 37 42 22 48 15 4 9 31 23 38 39 32 27 25 19 33 5 26 11 36 6 20 1 43 45 14 34 3 17 28 0 29 24 10 35 41 2 46 40 8 13 
0 38
1 30
2 44
3 35
4 13
5 24
6 28
7 0
8 47
9 14
10 41
11 26
12 3
13 48
14 33
15 12
16 1
17 36
18 7
19 22
20 29
21 4
22 10
23 16
24 40
25 21
26 25
27 20
28 37
29 39
30 2
31 15
32 19
33 23
34 34
35 42
36 27
37 8
38 17
39 18
40 46
41 43
42 9
43 31
44 5
45 32
46 45
47 6
48 11
SIMILAR

41 29 0 6 47 9 10 33 12 18 27 40 31 1 32 28 34 5 39 13 35 23 14 4 42 37 2 48 46 36 22 17 8 7 11 19 3 24 45 38 16 44 43 21 15 20 25 26 30 
0 2
1 13
2 26
3 36
4 23
5 17
6 3
7 33
8 32
9 5
10 6
11 34
12 8
13 19
14 22
15 44
16 40
17 31
18 9
19 35
20 45
21 43
22 30
23 21
24 37
25 46
26 47
27 10
28 15
29 1
30 48
31 12
32 14
33 7
34 16
35 20
36 29
37 25
38 39
39 18
40 11
41 0
42 24
43 42
44 41
45 38
46 28
47 4
48 27
SIMILAR

14 8 9 41 7 33 20 39 34 1 42 5 26 46 44 29 48 6 12 13 21 25 10 23 36 40 45 16 35 30 15 3 38 19 22 18 27 37 31 2 0 43 47 24 4 17 28 32 11 
0 40
1 9
2 39
3 31
4 44
5 11
6 17
7 4
8 1
9 2
10 22
11 48
12 18
13 19
14 0
15 30
16 27
17 45
18 35
19 33
20 6
21 20
22 34
23 23
24 43
25 21
26 12
27 36
28 46
29 15
30 29
31 38
32 47
33 5
34 8
35 28
36 24
37 37
38 32
39 7
40 25
41 3
42 10
43 41
44 14
45 26
46 13
47 42
48 16
SIMILAR

19 35 37 39 0 21 44 27 40 29 30 8 1 3 24 20 48 16 36 43 2 22 38 28 9 12 31 10 11 6 14 47 4 26 33 41 32 46 42 7 23 18 34 17 45 15 13 5 25 
0 4
1 12
2 20
3 13
4 32
5 47
6 29
7 39
8 11
9 24
10 27
11 28
12 25
13 46
14 30
15 45
16 17
17 43
18 41
19 0
20 15
21 5
22 21
23 40
24 14
25 48
26 33
27 7
28 23
29 9
30 10
31 26
32 36
33 34
34 42
35 1
36 18
37 2
38 22
39 3
40 8
41 35
42 38
43 19
44 6
45 44
46 37
47 31
48 16
SIMILAR

9 38 21 47 46 1 43 37 32 35 29 13 33 23 44 28 11 3 45 2 20 42 19 6 30 17 18 0 31 36 34 16 27 48 22 40 24 4 15 14 12 39 10 7 41 25 26 5 8 
0 27
1 5
2 19
3 17
4 37
5 47
6 23
7 43
8 48
9 0
10 42
11 16
12 40
13 11
14 39
15 38
16 31
17 25
18 26
19 22
20 20
21 2
22 34
23 13
24 36
25 45
26 46
27 32
28 15
29 10
30 24
31 28
32 8
33 12
34 30
35 9
36 29
37 7
38 1
39 41
40 35
41 44
42 21
43 6
44 14
45 18
46 4
47 3
48 33
SIMILAR

38 37 18 27 24 34 25 11 10 3 42 5 16 32 12 1 26 8 29 43 22 21 36 41 35 17 48 40 30 7 47 14 28 4 20 44 33 6 9 19 45 0 13 2 46 39 15 23 31 
0 41
1 15
2 43
3 9
4 33
5 11
6 37
7 29
8 17
9 38
10 8
11 7
12 14
13 42
14 31
15 46
16 12
17 25
18 2
19 39
20 34
21 21
22 20
23 47
24 4
25 6
26 16
27 3
28 32
29 18
30 28
31 48
32 13
33 36
34 5
35 24
36 22
37 1
38 0
39 45
40 27
41 23
42 10
43 19
44 35
45 40
46 44
47 30
48 26
SIMILAR

33 41 29 26 30 46 43 7 1 14 0 21 40 12 45 38 8 13 25 27 31 44 39 28 5 48 9 23 42 47 35 16 18 36 4 20 15 37 22 3 24 2 6 10 17 11 19 34 32 
0 10
1 8
2 41
3 39
4 34
5 24
6 42
7 7
8 16
9 26
10 43
11 45
12 13
13 17
14 9
15 36
16 31
17 44
18 32
19 46
20 35
21 11
22 38
23 27
24 40
25 18
26 3
27 19
28 23
29 2
30 4
31 20
32 48
33 0
34 47
35 30
36 33
37 37
38 15
39 22
40 12
41 1
42 28
43 6
44 21
45 14
46 5
47 29
48 25
SIMILAR

19 3 17 22 20 5 47 34 2 43 15 9 1 39 25 13 30 6 45 7 48 18 29 10 11 14 40 41 4 36 28 35 12 31 46 33 42 23 44 37 32 24 26 38 21 8 27 16 0 
0 48
1 12
2 8
3 1
4 28
5 5
6 17
7 19
8 45
9 11
10 23
11 24
12 32
13 15
14 25
15 10
16 47
17 2
18 21
19 0
20 4
21 44
22 3
23 37
24 41
25 14
26 42
27 46
28 30
29 22
30 16
31 33
32 40
33 35
34 7
35 31
36 29
37 39
38 43
39 13
40 26
41 27
42 36
43 9
44 38
45 18
46 34
47 6
48 20
SIMILAR

45 26 17 25 22 46 31 8 5 21 35 34 47 13 9 1 2 39 3 11 29 27 44 12 41 7 28 32 10 40 4 14 43 6 20 23 42 0 30 19 37 24 48 18 16 36 15 38 33 
0 37
1 15
2 16
3 18
4 30
5 8
6 33
7 25
8 7
9 14
10 28
11 19
12 23
13 13
14 31
15 46
16 44
17 2
18 43
19 39
20 34
21 9
22 4
23 35
24 41
25 3
26 1
27 21
28 26
29 20
30 38
31 6
32 27
33 48
34 11
35 10
36 45
37 40
38 47
39 17
40 29
41 24
42 36
43 32
44 22
45 0
46 5
47 12
48 42
SIMILAR

12 18 4 15 14 43 42 6 37 29 19 21 10 36 41 13 34 23 47 3 39 46 44 31 32 1 8 0 16 45 2 35 9 11 24 30 28 48 33 17 38 25 40 20 5 7 22 26 27 
0 27
1 25
2 30
3 19
4 2
5 44
6 7
7 45
8 26
9 32
10 12
11 33
12 0
13 15
14 4
15 3
16 28
17 39
18 1
19 10
20 43
21 11
22 46
23 17
24 34
25 41
26 47
27 48
28 36
29 9
30 35
31 23
32 24
33 38
34 16
35 31
36 13
37 8
38 40
39 20
40 42
41 14
42 6
43 5
44 22
45 29
46 21
47 18
48 37
SIMILAR

31 27 35 14 9 1 15 3 33 26 39 16 25 18 42 32 5 2 17 34 22 41 28 8 10 13 29 47 4 45 6 20 12 38 48 46 43 40 24 19 37 21 30 44 23 11 7 0 36 
0 47
1 5
2 17
3 7
4 28
5 16
6 30
7 46
8 23
9 4
10 24
11 45
12 32
13 25
14 3
15 6
16 11
17 18
18 13
19 39
20 31
21 41
22 20
23 44
24 38
25 12
26 9
27 1
28 22
29 26
30 42
31 0
32 15
33 8
34 19
35 2
36 48
37 40
38 33
39 10
40 37
41 21
42 14
43 36
44 43
45 29
46 35
47 27
48 34
SIMILAR

36 10 25 14 1 34 4 42 45 30 15 16 43 38 13 46 28 27 7 40 9 2 5 11 23 37 17 3 8 31 18 21 24 48 12 29 6 20 44 39 35 33 41 22 47 32 0 26 19 
0 46
1 4
2 21
3 27
4 6
5 22
6 36
7 18
8 28
9 20
10 1
11 23
12 34
13 14
14 3
15 10
16 11
17 26
18 30
19 48
20 37
21 31
22 43
23 24
24 32
25 2
26 47
27 17
28 16
29 35
30 9
31 29
32 45
33 41
34 5
35 40
36 0
37 25
38 13
39 39
40 19
41 42
42 7
43 12
44 38
45 8
46 15
47 44
48 33
SIMILAR

5 32 47 0 8 3 10 14 38 15 22 26 37 30 40 29 18 11 27 17 42 20 28 12 7 4 19 39 34 25 36 1 24 16 35 43 13 23 6 33 9 31 45 46 41 48 2 44 21 
0 3
1 31
2 46
3 5
4 25
5 0
6 38
7 24
8 4
9 40
10 6
11 17
12 23
13 36
14 7
15 9
16 33
17 19
18 16
19 26
20 21
21 48
22 10
23 37
24 32
25 29
26 11
27 18
28 22
29 15
30 13
31 41
32 1
33 39
34 28
35 34
36 30
37 12
38 8
39 27
40 14
41 44
42 20
43 35
44 47
45 42
46 43
47 2
48 45
SIMILAR

40 17 21 3 25 23 29 32 48 5 38 12 19 44 43 20 10 15 39 22 14 34 9 35 37 28 45 24 6 11 13 27 7 36 8 30 4 46 16 47 42 33 1 0 2 26 18 31 41 
0 43
1 42
2 44
3 3
4 36
5 9
6 28
7 32
8 34
9 22
10 16
11 29
12 11
13 30
14 20
15 17
16 38
17 1
18 46
19 12
20 15
21 2
22 19
23 5
24 27
25 4
26 45
27 31
28 25
29 6
30 35
31 47
32 7
33 41
34 21
35 23
36 33
37 24
38 10
39 18
40 0
41 48
42 40
43 14
44 13
45 26
46 37
47 39
48 8
SIMILAR

44 10 27 36 21 43 38 46 6 47 30 1 34 13 4 26 3 39 42 48 24 45 8 41 20 18 23 22 37 17 19 2 28 15 12 33 40 0 11 35 16 14 32 7 9 29 25 31 5 
0 37
1 11
2 31
3 16
4 14
5 48
6 8
7 43
8 22
9 44
10 1
11 38
12 34
13 13
14 41
15 33
16 40
17 29
18 25
19 30
20 24
21 4
22 27
23 26
24 20
25 46
26 15
27 2
28 32
29 45
30 10
31 47
32 42
33 35
34 12
35 39
36 3
37 28
38 6
39 17
40 36
41 23
42 18
43 5
44 0
45 21
46 7
47 9
48 19
SIMILAR

12 37 46 34 11 25 6 29 48 41 18 19 45 28 26 36 13 43 44 27 15 1 39 21 17 4 24 0 38 33 35 10 20 31 14 32 40 30 22 23 8 3 2 47 16 7 42 5 9 
0 27
1 21
2 42
3 41
4 25
5 47
6 6
7 45
8 40
9 48
10 31
11 4
12 0
13 16
14 34
15 20
16 44
17 24
18 10
19 11
20 32
21 23
22 38
23 39
24 26
25 5
26 14
27 19
28 13
29 7
30 37
31 33
32 35
33 29
34 3
35 30
36 15
37 1
38 28
39 22
40 36
41 9
42 46
43 17
44 18
45 12
46 2
47 43
48 8
SIMILAR

24 44 25 12 37 11 27 4 1 32 18 47 17 6 22 8 14 10 26 20 9 39 40 2 21 29 34 41 48 13 35 0 16 5 42 46 31 28 23 3 19 45 7 38 36 15 43 33 30 
0 31
1 8
2 23
3 39
4 7
5 33
6 13
7 42
8 15
9 20
10 17
11 5
12 3
13 29
14 16
15 45
16 32
17 12
18 10
19 40
20 19
21 24
22 14
23 38
24 0
25 2
26 18
27 6
28 37
29 25
30 48
31 36
32 9
33 47
34 26
35 30
36 44
37 4
38 43
39 21
40 22
41 27
42 34
43 46
44 1
45 41
46 35
47 11
48 28
SIMILAR

13 8 6 33 23 1 29 37 7 27 14 34 36 17 4 18 2 35 15 16 20 11 22 38 45 47 42 21 46 40 28 25 19 32 30 43 12 3 39 41 9 0 44 26 31 48 10 24 5 
0 41
1 5
2 16
3 37
4 14
5 48
6 2
7 8
8 1
9 40
10 46
11 21
12 36
13 0
14 10
15 18
16 19
17 13
18 15
19 32
20 20
21 27
22 22
23 4
24 47
25 31
26 43
27 9
28 30
29 6
30 34
31 44
32 33
33 3
34 11
35 17
36 12
37 7
38 23
39 38
40 29
41 39
42 26
43 35
44 42
45 24
46 28
47 25
48 45
SIMILAR

37 31 44 41 6 7 46 0 21 4 29 27 2 13 10 11 8 40 25 43 1 48 26 45 9 33 34 24 36 14 15 19 18 38 23 42 35 17 5 39 3 16 30 12 22 28 47 20 32 
0 7
1 20
2 12
3 40
4 9
5 38
6 4
7 5
8 16
9 24
10 14
11 15
12 43
13 13
14 29
15 30
16 41
17 37
18 32
19 31
20 47
21 8
22 44
23 34
24 27
25 18
26 22
27 11
28 45
29 10
30 42
31 1
32 48
33 25
34 26
35 36
36 28
37 0
38 33
39 39
40 17
41 3
42 35
43 19
44 2
45 23
46 6
47 46
48 21
SIMILAR

19 13 2 30 27 12 0 37 17 44 22 47 18 36 15 3 46 31 21 29 34 25 1 28 10 33 42 14 26 6 35 40 32 41 24 16 4 43 45 8 38 20 48 7 5 39 11 23 9 
0 6
1 22
2 2
3 15
4 36
5 44
6 29
7 43
8 39
9 48
10 24
11 46
12 5
13 1
14 27
15 14
16 35
17 8
18 12
19 0
20 41
21 18
22 10
23 47
24 34
25 21
26 28
27 4
28 23
29 19
30 3
31 17
32 32
33 25
34 20
35 30
36 13
37 7
38 40
39 45
40 31
41 33
42 26
43 37
44 9
45 38
46 16
47 11
48 42
SIMILAR

10 12 25 13 39 48 7 35 15 33 41 3 37 5 28 2 43 11 30 26 47 42 14 6 36 4 34 8 20 32 24 21 46 18 31 16 17 38 29 0 45 44 27 1 9 19 40 23 22 
0 39
1 43
2 15
3 11
4 25
5 13
6 23
7 6
8 27
9 44
10 0
11 17
12 1
13 3
14 22
15 8
16 35
17 36
18 33
19 45
20 28
21 31
22 48
23 47
24 30
25 2
26 19
27 42
28 14
29 38
30 18
31 34
32 29
33 9
34 26
35 7
36 24
37 12
38 37
39 4
40 46
41 10
42 21
43 16
44 41
45 40
46 32
47 20
48 5
SIMILAR

47 23 6 3 28 27 10 17 30 18 5 20 38 42 31 44 32 40 37 7 21 34 48 39 13 22 24 26 8 41 1 4 29 19 14 25 9 33 36 45 12 43 46 16 2 15 0 35 11 
0 46
1 30
2 44
3 3
4 31
5 10
6 2
7 19
8 28
9 36
10 6
11 48
12 40
13 24
14 34
15 45
16 43
17 7
18 9
19 33
20 11
21 20
22 25
23 1
24 26
25 35
26 27
27 5
28 4
29 32
30 8
31 14
32 16
33 37
34 21
35 47
36 38
37 18
38 12
39 23
40 17
41 29
42 13
43 41
44 15
45 39
46 42
47 0
48 22
SIMILAR

24 17 37 48 23 43 44 45 2 39 4 3 9 42 33 0 26 18 40 31 36 28 35 41 5 8 11 34 22 15 12 27 1 32 6 46 10 30 20 13 29 47 38 7 25 19 16 21 14 
0 15
1 32
2 8
3 11
4 10
5 24
6 34
7 43
8 25
9 12
10 36
11 26
12 30
13 39
14 48
15 29
16 46
17 1
18 17
19 45
20 38
21 47
22 28
23 4
24 0
25 44
26 16
27 31
28 21
29 40
30 37
31 19
32 33
33 14
34 27
35 22
36 20
37 2
38 42
39 9
40 18
41 23
42 13
43 5
44 6
45 7
46 35
47 41
48 3
SIMILAR

31 27 15 12 34 2 33 11 48 13 10 40 17 24 19 28 30 46 29 26 45 47 14 43 6 37 38 23 25 5 18 22 3 36 8 1 39 44 32 9 21 35 4 41 0 7 42 20 16 
0 44
1 35
2 5
3 32
4 42
5 29
6 24
7 45
8 34
9 39
10 10
11 7
12 3
13 9
14 22
15 2
16 48
17 12
18 30
19 14
20 47
21 40
22 31
23 27
24 13
25 28
26 19
27 1
28 15
29 18
30 16
31 0
32 38
33 6
34 4
35 41
36 33
37 25
38 26
39 36
40 11
41 43
42 46
43 23
44 37
45 20
46 17
47 21
48 8
SIMILAR

30 35 29 42 26 6 3 21 44 14 10 32 40 24 8 46 12 23 22 2 9 28 16 13 4 31 25 0 34 11 38 18 1 15 47 19 48 33 17 36 43 27 20 39 37 45 7 5 41 
0 27
1 32
2 19
3 6
4 24
5 47
6 5
7 46
8 14
9 20
10 10
11 29
12 16
13 23
14 9
15 33
16 22
17 38
18 31
19 35
20 42
21 7
22 18
23 17
24 13
25 26
26 4
27 41
28 21
29 2
30 0
31 25
32 11
33 37
34 28
35 1
36 39
37 44
38 30
39 43
40 12
41 48
42 3
43 40
44 8
45 45
46 15
47 34
48 36
SIMILAR

19 36 16 2 26 28 29 11 5 39 20 18 24 33 41 27 12 9 44 17 7 14 22 45 10 38 23 40 0 13 37 35 31 46 47 43 48 30 4 8 34 42 32 1 21 3 6 15 25 
0 28
1 43
2 3
3 45
4 38
5 8
6 46
7 20
8 39
9 17
10 24
11 7
12 16
13 29
14 21
15 47
16 2
17 19
18 11
19 0
20 10
21 44
22 22
23 26
24 12
25 48
26 4
27 15
28 5
29 6
30 37
31 32
32 42
33 13
34 40
35 31
36 1
37 30
38 25
39 9
40 27
41 14
42 41
43 35
44 18
45 23
46 33
47 34
48 36
SIMILAR

4 43 19 12 2 7 17 28 6 30 34 29 22 41 11 8 33 35 39 9 25 45 24 27 23 26 46 16 0 13 31 36 48 38 44 20 1 21 15 10 32 14 3 18 47 37 42 40 5 
0 28
1 36
2 4
3 42
4 0
5 48
6 8
7 5
8 15
9 19
10 39
11 14
12 3
13 29
14 41
15 38
16 27
17 6
18 43
19 2
20 35
21 37
22 12
23 24
24 22
25 20
26 25
27 23
28 7
29 11
30 9
31 30
32 40
33 16
34 10
35 17
36 31
37 45
38 33
39 18
40 47
41 13
42 46
43 1
44 34
45 21
46 26
47 44
48 32
SIMILAR

32 33 25 6 19 46 41 11 23 35 14 30 9 2 8 40 27 31 0 38 37 16 7 47 43 45 17 18 4 10 34 39 13 48 29 20 36 26 28 24 21 42 44 3 12 1 5 15 22 
0 18
1 45
2 13
3 43
4 28
5 46
6 3
7 22
8 14
9 12
10 29
11 7
12 44
13 32
14 10
15 47
16 21
17 26
18 27
19 4
20 35
21 40
22 48
23 8
24 39
25 2
26 37
27 16
28 38
29 34
30 11
31 17
32 0
33 1
34 30
35 9
36 36
37 20
38 19
39 31
40 15
41 6
42 41
43 24
44 42
45 25
46 5
47 23
48 33
SIMILAR

48 32 31 43 7 44 21 42 16 34 0 28 9 47 8 22 17 46 10 37 5 14 36 38 26 15 30 33 13 3 24 23 12 41 27 18 6 29 4 25 20 45 1 40 39 2 19 11 35 
0 10
1 42
2 45
3 29
4 38
5 20
6 36
7 4
8 14
9 12
10 18
11 47
12 32
13 28
14 21
15 25
16 8
17 16
18 35
19 46
20 40
21 6
22 15
23 31
24 30
25 39
26 24
27 34
28 11
29 37
30 26
31 2
32 1
33 27
34 9
35 48
36 22
37 19
38 23
39 44
40 43
41 33
42 7
43 3
44 5
45 41
46 17
47 13
48 0
SIMILAR

16 33 30 1 4 24 7 48 25 29 5 12 37 23 11 13 20 46 8 19 39 34 36 26 45 40 17 28 38 22 21 32 35 31 27 9 2 0 18 41 6 44 47 42 3 43 10 14 15 
0 37
1 3
2 36
3 44
4 4
5 10
6 40
7 6
8 18
9 35
10 46
11 14
12 11
13 15
14 47
15 48
16 0
17 26
18 38
19 19
20 16
21 30
22 29
23 13
24 5
25 8
26 23
27 34
28 27
29 9
30 2
31 33
32 31
33 1
34 21
35 32
36 22
37 12
38 28
39 20
40 25
41 39
42 43
43 45
44 41
45 24
46 17
47 42
48 7
SIMILAR

45 11 19 48 9 21 7 38 4 27 3 40 20 22 31 34 1 13 6 30 43 23 10 28 24 33 37 25 32 15 47 8 35 44 42 14 12 18 46 0 5 17 39 16 41 2 36 29 26 
0 39
1 16
2 45
3 10
4 8
5 40
6 18
7 6
8 31
9 4
10 22
11 1
12 36
13 17
14 35
15 29
16 43
17 41
18 37
19 2
20 12
21 5
22 13
23 21
24 24
25 27
26 48
27 9
28 23
29 47
30 19
31 14
32 28
33 25
34 15
35 32
36 46
37 26
38 7
39 42
40 11
41 44
42 34
43 20
44 33
45 0
46 38
47 30
48 3
SIMILAR

35 19 17 32 4 47 38 2 6 34 8 21 39 41 45 46 16 37 31 13 44 43 26 9 12 0 40 15 14 33 30 7 28 24 11 42 25 5 36 10 27 48 23 3 18 22 20 1 29 
0 25
1 47
2 7
3 43
4 4
5 37
6 8
7 31
8 10
9 23
10 39
11 34
12 24
13 19
14 28
15 27
16 16
17 2
18 44
19 1
20 46
21 11
22 45
23 42
24 33
25 36
26 22
27 40
28 32
29 48
30 30
31 18
32 3
33 29
34 9
35 0
36 38
37 17
38 6
39 12
40 26
41 13
42 35
43 21
44 20
45 14
46 15
47 5
48 41
SIMILAR

13 24 12 23 15 41 32 44 47 36 45 27 46 28 6 39 48 3 5 42 25 1 9 17 38 2 0 43 7 4 33 29 40 26 35 34 14 11 21 31 10 30 16 20 8 19 37 18 22 
0 26
1 21
2 25
3 17
4 29
5 18
6 14
7 28
8 44
9 22
10 40
11 37
12 2
13 0
14 36
15 4
16 42
17 23
18 47
19 45
20 43
21 38
22 48
23 3
24 1
25 20
26 33
27 11
28 13
29 31
30 41
31 39
32 6
33 30
34 35
35 34
36 9
37 46
38 24
39 15
40 32
41 5
42 19
43 27
44 7
45 10
46 12
47 8
48 16
SIMILAR

47 42 8 27 41 36 40 28 35 18 10 20 17 19 16 46 25 31 0 37 43 38 11 6 4 34 2 15 3 29 1 5 33 13 32 48 30 24 7 44 22 9 39 26 23 21 45 12 14 
0 18
1 30
2 26
3 28
4 24
5 31
6 23
7 38
8 2
9 41
10 10
11 22
12 47
13 33
14 48
15 27
16 14
17 12
18 9
19 13
20 11
21 45
22 40
23 44
24 37
25 16
26 43
27 3
28 7
29 29
30 36
31 17
32 34
33 32
34 25
35 8
36 5
37 19
38 21
39 42
40 6
41 4
42 1
43 20
44 39
45 46
46 15
47 0
48 35
SIMILAR

30 34 36 32 10 27 12 6 7 0 17 33 11 26 43 1 9 21 22 46 28 8 45 48 15 37 41 31 3 25 13 18 38 24 14 4 23 19 42 16 29 44 40 2 20 35 39 47 5 
0 9
1 15
2 43
3 28
4 35
5 48
6 7
7 8
8 21
9 16
10 4
11 12
12 6
13 30
14 34
15 24
16 39
17 10
18 31
19 37
20 44
21 17
22 18
23 36
24 33
25 29
26 13
27 5
28 20
29 40
30 0
31 27
32 3
33 11
34 1
35 45
36 2
37 25
38 32
39 46
40 42
41 26
42 38
43 14
44 41
45 22
46 19
47 47
48 23
SIMILAR

4 12 0 39 30 1 5 48 36 25 6 10 22 24 42 9 46 11 29 45 41 28 16 31 44 3 7 23 18 33 32 20 47 15 2 27 26 21 14 43 38 37 19 34 35 17 13 40 8 
0 2
1 5
2 34
3 25
4 0
5 6
6 10
7 26
8 48
9 15
10 11
11 17
12 1
13 46
14 38
15 33
16 22
17 45
18 28
19 42
20 31
21 37
22 12
23 27
24 13
25 9
26 36
27 35
28 21
29 18
30 4
31 23
32 30
33 29
34 43
35 44
36 8
37 41
38 40
39 3
40 47
41 20
42 14
43 39
44 24
45 19
46 16
47 32
48 7
SIMILAR

26 27 24 35 16 33 10 28 18 8 47 19 46 30 25 17 14 15 42 4 31 43 34 23 29 0 40 13 11 32 6 38 37 2 20 22 41 45 9 3 36 44 48 7 39 12 21 5 1 
0 25
1 48
2 33
3 39
4 19
5 47
6 30
7 43
8 9
9 38
10 6
11 28
12 45
13 27
14 16
15 17
16 4
17 15
18 8
19 11
20 34
21 46
22 35
23 23
24 2
25 14
26 0
27 1
28 7
29 24
30 13
31 20
32 29
33 5
34 22
35 3
36 40
37 32
38 31
39 44
40 26
41 36
42 18
43 21
44 41
45 37
46 12
47 10
48 42
SIMILAR

16 6 37 48 19 30 7 14 8 25 3 22 27 4 42 28 21 44 36 39 35 24 43 10 26 9 40 18 5 45 38 1 47 31 41 29 15 20 17 46 32 34 11 33 23 0 2 13 12 
0 45
1 31
2 46
3 10
4 13
5 28
6 1
7 6
8 8
9 25
10 23
11 42
12 48
13 47
14 7
15 36
16 0
17 38
18 27
19 4
20 37
21 16
22 11
23 44
24 21
25 9
26 24
27 12
28 15
29 35
30 5
31 33
32 40
33 43
34 41
35 20
36 18
37 2
38 30
39 19
40 26
41 34
42 14
43 22
44 17
45 29
46 39
47 32
48 3
SIMILAR

21 23 31 30 37 15 22 24 13 28 0 47 26 29 6 34 38 9 11 18 3 35 40 48 17 19 2 8 45 27 42 36 10 14 46 44 25 16 43 32 12 33 20 4 7 39 41 1 5 
0 10
1 47
2 26
3 20
4 43
5 48
6 14
7 44
8 27
9 17
10 32
11 18
12 40
13 8
14 33
15 5
16 37
17 24
18 19
19 25
20 42
21 0
22 6
23 1
24 7
25 36
26 12
27 29
28 9
29 13
30 3
31 2
32 39
33 41
34 15
35 21
36 31
37 4
38 16
39 45
40 22
41 46
42 30
43 38
44 35
45 28
46 34
47 11
48 23
SIMILAR

1 26 41 27 21 13 48 14 25 38 7 17 24 32 8 42 46 33 18 10 28 23 15 45 34 35 0 6 19 29 20 2 4 12 30 37 11 43 22 31 39 5 40 9 3 36 16 47 44 
0 26
1 0
2 31
3 44
4 32
5 41
6 27
7 10
8 14
9 43
10 19
11 36
12 33
13 5
14 7
15 22
16 46
17 11
18 18
19 28
20 30
21 4
22 38
23 21
24 12
25 8
26 1
27 3
28 20
29 29
30 34
31 39
32 13
33 17
34 24
35 25
36 45
37 35
38 9
39 40
40 42
41 2
42 15
43 37
44 48
45 23
46 16
47 47
48 6
SIMILAR

10 11 33 46 47 0 43 22 5 40 27 20 12 35 3 7 45 21 28 6 29 30 23 26 13 38 17 2 1 4 37 41 9 16 42 31 36 15 48 24 44 14 39 19 8 25 18 34 32 
0 5
1 28
2 27
3 14
4 29
5 8
6 19
7 15
8 44
9 32
10 0
11 1
12 12
13 24
14 41
15 37
16 33
17 26
18 46
19 43
20 11
21 17
22 7
23 22
24 39
25 45
26 23
27 10
28 18
29 20
30 21
31 35
32 48
33 2
34 47
35 13
36 36
37 30
38 25
39 42
40 9
41 31
42 34
43 6
44 40
45 16
46 3
47 4
48 38
SIMILAR

10 5 0 48 30 36 13 45 18 37 35 11 23 41 44 21 34 25 42 2 22 7 27 14 3 46 47 40 9 24 4 28 1 6 31 16 15 20 12 17 39 26 32 29 33 19 38 8 43 
0 2
1 32
2 19
3 24
4 30
5 1
6 33
7 21
8 47
9 28
10 0
11 11
12 38
13 6
14 23
15 36
16 35
17 39
18 8
19 45
20 37
21 15
22 20
23 12
24 29
25 17
26 41
27 22
28 31
29 43
30 4
31 34
32 42
33 44
34 16
35 10
36 5
37 9
38 46
39 40
40 27
41 13
42 18
43 48
44 14
45 7
46 25
47 26
48 3
SIMILAR

31 48 46 19 33 41 9 27 10 2 40 1 12 29 15 13 37 14 32 24 22 35 25 7 4 17 45 0 38 44 28 43 47 11 18 30 21 23 20 3 34 5 8 36 26 6 39 16 42 
0 27
1 11
2 9
3 39
4 24
5 41
6 45
7 23
8 42
9 6
10 8
11 33
12 12
13 15
14 17
15 14
16 47
17 25
18 34
19 3
20 38
21 36
22 20
23 37
24 19
25 22
26 44
27 7
28 30
29 13
30 35
31 0
32 18
33 4
34 40
35 21
36 43
37 16
38 28
39 46
40 10
41 5
42 48
43 31
44 29
45 26
46 2
47 32
48 1
SIMILAR

29 26 12 19 48 33 2 0 43 35 8 34 47 5 18 6 13 44 3 38 27 16 7 42 15 20 41 25 24 11 46 1 45 30 32 4 36 39 14 22 17 28 31 23 40 37 10 21 9 
0 7
1 31
2 6
3 18
4 35
5 13
6 15
7 22
8 10
9 48
10 46
11 29
12 2
13 16
14 38
15 24
16 21
17 40
18 14
19 3
20 25
21 47
22 39
23 43
24 28
25 27
26 1
27 20
28 41
29 0
30 33
31 42
32 34
33 5
34 11
35 9
36 36
37 45
38 19
39 37
40 44
41 26
42 23
43 8
44 17
45 32
46 30
47 12
48 4
SIMILAR

28 26 20 15 40 2 0 36 25 44 45 46 4 21 10 31 41 38 32 48 23 19 22 34 1 12 42 35 47 24 37 18 3 30 13 6 11 43 5 7 14 9 33 17 39 8 16 29 27 
0 6
1 24
2 5
3 32
4 12
5 38
6 35
7 39
8 45
9 41
10 14
11 36
12 25
13 34
14 40
15 3
16 46
17 43
18 31
19 21
20 2
21 13
22 22
23 20
24 29
25 8
26 1
27 48
28 0
29 47
30 33
31 15
32 18
33 42
34 23
35 27
36 7
37 30
38 17
39 44
40 4
41 16
42 26
43 37
44 9
45 10
46 11
47 28
48 19
SIMILAR

15 16 18 24 28 47 40 6 31 9 30 17 41 20 46 21 37 19 14 38 5 23 36 2 7 48 29 32 43 39 13 11 44 3 0 4 1 8 27 42 26 10 45 25 12 35 33 34 22 
0 34
1 36
2 23
3 33
4 35
5 20
6 7
7 24
8 37
9 9
10 41
11 31
12 44
13 30
14 18
15 0
16 1
17 11
18 2
19 17
20 13
21 15
22 48
23 21
24 3
25 43
26 40
27 38
28 4
29 26
30 10
31 8
32 27
33 46
34 47
35 45
36 22
37 16
38 19
39 29
40 6
41 12
42 39
43 28
44 32
45 42
46 14
47 5
48 25
SIMILAR

8 25 26 34 22 5 14 23 2 48 21 38 27 45 15 24 1 47 30 3 7 29 28 46 11 32 10 9 37 17 31 6 33 13 35 43 40 20 42 4 39 44 36 0 41 16 18 19 12 
0 43
1 16
2 8
3 19
4 39
5 5
6 31
7 20
8 0
9 27
10 26
11 24
12 48
13 33
14 6
15 14
16 45
17 29
18 46
19 47
20 37
21 10
22 4
23 7
24 15
25 1
26 2
27 12
28 22
29 21
30 18
31 30
32 25
33 32
34 3
35 34
36 42
37 28
38 11
39 40
40 36
41 44
42 38
43 35
44 41
45 13
46 23
47 17
48 9
SIMILAR

0 2 8 23 9 40 46 45 29 5 44 21 16 11 30 4 1 20 39 14 22 17 15 26 27 38 28 7 35 24 41 37 19 6 47 10 18 31 42 12 48 25 34 32 36 13 33 43 3 
0 0
1 16
2 1
3 48
4 15
5 9
6 33
7 27
8 2
9 4
10 35
11 13
12 39
13 45
14 19
15 22
16 12
17 21
18 36
19 32
20 17
21 11
22 20
23 3
24 29
25 41
26 23
27 24
28 26
29 8
30 14
31 37
32 43
33 46
34 42
35 28
36 44
37 31
38 25
39 18
40 5
41 30
42 38
43 47
44 10
45 7
46 6
47 34
48 40
SIMILAR

39 32 46 30 5 42 2 43 20 37 14 33 17 11 25 12 21 48 45 31 10 6 4 36 18 9 3 29 0 8 26 34 28 15 7 38 35 41 27 16 19 22 47 23 44 1 24 40 13 
0 28
1 45
2 6
3 26
4 22
5 4
6 21
7 34
8 29
9 25
10 20
11 13
12 15
13 48
14 10
15 33
16 39
17 12
18 24
19 40
20 8
21 16
22 41
23 43
24 46
25 14
26 30
27 38
28 32
29 27
30 3
31 19
32 1
33 11
34 31
35 36
36 23
37 9
38 35
39 0
40 47
41 37
42 5
43 7
44 44
45 18
46 2
47 42
48 17
SIMILAR

27 15 2 14 5 45 31 12 24 4 7 38 42 10 13 8 39 16 19 35 41 40 9 48 18 0 44 11 6 20 25 32 47 3 26 37 33 1 34 22 21 23 28 17 30 29 43 46 36 
0 25
1 37
2 2
3 33
4 9
5 4
6 28
7 10
8 15
9 22
10 13
11 27
12 7
13 14
14 3
15 1
16 17
17 43
18 24
19 18
20 29
21 40
22 39
23 41
24 8
25 30
26 34
27 0
28 42
29 45
30 44
31 6
32 31
33 36
34 38
35 19
36 48
37 35
38 11
39 16
40 21
41 20
42 12
43 46
44 26
45 5
46 47
47 32
48 23
SIMILAR

22 37 21 12 29 25 27 9 8 15 24 6 26 38 28 2 3 19 46 36 14 17 31 48 5 43 1 32 10 42 16 47 35 13 11 4 7 34 30 0 41 33 23 45 40 20 18 44 39 
0 39
1 26
2 15
3 16
4 35
5 24
6 11
7 36
8 8
9 7
10 28
11 34
12 3
13 33
14 20
15 9
16 30
17 21
18 46
19 17
20 45
21 2
22 0
23 42
24 10
25 5
26 12
27 6
28 14
29 4
30 38
31 22
32 27
33 41
34 37
35 32
36 19
37 1
38 13
39 48
40 44
41 40
42 29
43 25
44 47
45 43
46 18
47 31
48 23
SIMILAR

14 4 44 35 10 9 1 7 13 30 34 22 38 46 36 25 28 20 37 32 17 2 11 47 6 8 43 29 23 21 26 27 12 18 48 33 39 41 31 16 45 19 42 5 40 15 0 3 24 
0 46
1 6
2 21
3 47
4 1
5 43
6 24
7 7
8 25
9 5
10 4
11 22
12 32
13 8
14 0
15 45
16 39
17 20
18 33
19 41
20 17
21 29
22 11
23 28
24 48
25 15
26 30
27 31
28 16
29 27
30 9
31 38
32 19
33 35
34 10
35 3
36 14
37 18
38 12
39 36
40 44
41 37
42 42
43 26
44 2
45 40
46 13
47 23
48 34
SIMILAR

42 26 46 6 24 15 44 31 9 16 21 14 7 0 23 45 11 1 32 47 3 12 28 37 13 30 20 40 10 38 17 33 2 4 5 25 27 29 41 22 39 18 34 43 36 48 35 8 19 
0 13
1 17
2 32
3 20
4 33
5 34
6 3
7 12
8 47
9 8
10 28
11 16
12 21
13 24
14 11
15 5
16 9
17 30
18 41
19 48
20 26
21 10
22 39
23 14
24 4
25 35
26 1
27 36
28 22
29 37
30 25
31 7
32 18
33 31
34 42
35 46
36 44
37 23
38 29
39 40
40 27
41 38
42 0
43 43
44 6
45 15
46 2
47 19
48 45
SIMILAR

15 42 1 36 23 10 5 11 46 6 22 7 43 24 40 30 21 35 26 33 48 9 20 16 45 4 39 14 41 13 2 27 28 18 19 37 32 25 44 31 12 38 0 17 8 29 47 3 34 
0 42
1 2
2 30
3 47
4 25
5 6
6 9
7 11
8 44
9 21
10 5
11 7
12 40
13 29
14 27
15 0
16 23
17 43
18 33
19 34
20 22
21 16
22 10
23 4
24 13
25 37
26 18
27 31
28 32
29 45
30 15
31 39
32 36
33 19
34 48
35 17
36 3
37 35
38 41
39 26
40 14
41 28
42 1
43 12
44 38
45 24
46 8
47 46
48 20
SIMILAR

9 39 0 14 11 19 16 2 17 31 3 15 34 44 5 29 32 4 6 23 30 25 45 1 47 22 26 41 46 7 10 43 48 12 38 8 33 21 37 27 18 28 13 24 40 20 36 42 35 
0 2
1 23
2 7
3 10
4 17
5 14
6 18
7 29
8 35
9 0
10 30
11 4
12 33
13 42
14 3
15 11
16 6
17 8
18 40
19 5
20 45
21 37
22 25
23 19
24 43
25 21
26 26
27 39
28 41
29 15
30 20
31 9
32 16
33 36
34 12
35 48
36 46
37 38
38 34
39 1
40 44
41 27
42 47
43 31
44 13
45 22
46 28
47 24
48 32
SIMILAR

2 0 46 23 11 48 33 18 31 15 13 27 14 24 22 38 47 26 12 44 4 29 40 6 7 30 8 45 41 35 20 37 17 25 39 10 34 3 42 28 16 32 19 5 43 9 21 1 36 
0 1
1 47
2 0
3 37
4 20
5 43
6 23
7 24
8 26
9 45
10 35
11 4
12 18
13 10
14 12
15 9
16 40
17 32
18 7
19 42
20 30
21 46
22 14
23 3
24 13
25 33
26 17
27 11
28 39
29 21
30 25
31 8
32 41
33 6
34 36
35 29
36 48
37 31
38 15
39 34
40 22
41 28
42 38
43 44
44 19
45 27
46 2
47 16
48 5
SIMILAR

21 15 14 26 19 7 37 1 23 16 4 38 41 48 5 34 27 8 17 3 35 43 24 31 2 33 25 0 20 12 6 32 46 18 13 36 28 9 39 11 45 30 42 10 44 29 47 22 40 
0 27
1 7
2 24
3 19
4 10
5 14
6 30
7 5
8 17
9 37
10 43
11 39
12 29
13 34
14 2
15 1
16 9
17 18
18 33
19 4
20 28
21 0
22 47
23 8
24 22
25 26
26 3
27 16
28 36
29 45
30 41
31 23
32 31
33 25
34 15
35 20
36 35
37 6
38 11
39 38
40 48
41 12
42 42
43 21
44 44
45 40
46 32
47 46
48 13
SIMILAR

28 22 43 2 19 16 44 37 31 20 3 21 23 34 24 10 29 40 27 17 32 47 13 9 8 39 14 38 12 18 11 48 35 6 45 4 42 7 46 33 5 30 15 25 41 36 26 0 1 
0 47
1 48
2 3
3 10
4 35
5 40
6 33
7 37
8 24
9 23
10 15
11 30
12 28
13 22
14 26
15 42
16 5
17 19
18 29
19 4
20 9
21 11
22 1
23 12
24 14
25 43
26 46
27 18
28 0
29 16
30 41
31 8
32 20
33 39
34 13
35 32
36 45
37 7
38 27
39 25
40 17
41 44
42 36
43 2
44 6
45 34
46 38
47 21
48 31
SIMILAR

8 18 12 20 23 7 24 27 10 31 21 33 35 39 9 28 19 11 4 14 45 0 40 42 32 6 29 13 36 34 30 48 37 16 41 25 43 17 44 38 3 26 47 22 46 15 2 5 1 
0 21
1 48
2 46
3 40
4 18
5 47
6 25
7 5
8 0
9 14
10 8
11 17
12 2
13 27
14 19
15 45
16 33
17 37
18 1
19 16
20 3
21 10
22 43
23 4
24 6
25 35
26 41
27 7
28 15
29 26
30 30
31 9
32 24
33 11
34 29
35 12
36 28
37 32
38 39
39 13
40 22
41 34
42 23
43 36
44 38
45 20
46 44
47 42
48 31
SIMILAR

14 2 31 21 18 24 5 0 10 6 13 28 16 46 43 29 19 7 12 34 47 32 36 20 39 23 25 41 48 8 35 44 37 3 17 27 45 38 4 26 42 11 40 1 9 22 33 30 15 
0 7
1 43
2 1
3 33
4 38
5 6
6 9
7 17
8 29
9 44
10 8
11 41
12 18
13 10
14 0
15 48
16 12
17 34
18 4
19 16
20 23
21 3
22 45
23 25
24 5
25 26
26 39
27 35
28 11
29 15
30 47
31 2
32 21
33 46
34 19
35 30
36 22
37 32
38 37
39 24
40 42
41 27
42 40
43 14
44 31
45 36
46 13
47 20
48 28
SIMILAR

13 36 35 48 14 40 9 38 8 5 22 10 17 37 15 21 42 44 43 1 6 12 0 19 31 41 28 45 18 25 4 32 20 34 47 39 23 3 30 26 33 46 29 27 11 2 16 24 7 
0 22
1 19
2 45
3 37
4 30
5 9
6 20
7 48
8 8
9 6
10 11
11 44
12 21
13 0
14 4
15 14
16 46
17 12
18 28
19 23
20 32
21 15
22 10
23 36
24 47
25 29
26 39
27 43
28 26
29 42
30 38
31 24
32 31
33 40
34 33
35 2
36 1
37 13
38 7
39 35
40 5
41 25
42 16
43 18
44 17
45 27
46 41
47 34
48 3
SIMILAR

13 11 27 32 41 40 8 30 16 26 24 39 25 29 4 0 21 6 34 44 3 18 14 42 17 43 45 22 2 19 28 47 46 38 5 37 1 7 10 20 36 9 31 23 48 35 33 12 15 
0 15
1 36
2 28
3 20
4 14
5 34
6 17
7 37
8 6
9 41
10 38
11 1
12 47
13 0
14 22
15 48
16 8
17 24
18 21
19 29
20 39
21 16
22 27
23 43
24 10
25 12
26 9
27 2
28 30
29 13
30 7
31 42
32 3
33 46
34 18
35 45
36 40
37 35
38 33
39 11
40 5
41 4
42 23
43 25
44 19
45 26
46 32
47 31
48 44
SIMILAR
100 0
8000 0
458000 0
