42
0 0 0 0 1 1 0 1 1 0 0 1 0 1 0 1 0 1 1 1 1 1 1 0 0 1 1 0 0 1 1 1 0 1 0 0 0 1 0 0 0 1 
0 0 1 1 0 0 1 0 0 0 1 1 0 0 1 0 0 1 1 1 0 0 1 0 0 0 1 0 1 1 0 1 0 0 0 1 1 1 0 1 1 1 
0 1 0 1 1 0 1 1 0 0 1 1 1 1 0 0 0 1 1 0 1 1 1 0 1 1 0 0 1 1 0 1 0 1 1 0 0 1 0 0 1 0 
0 1 1 0 0 0 1 0 1 0 0 1 1 1 1 0 1 0 0 1 1 1 0 1 0 0 1 0 1 0 0 0 1 1 0 0 1 1 0 0 0 0 
1 0 1 0 0 1 0 1 0 0 0 1 0 0 0 0 0 1 1 1 0 0 1 0 0 0 0 1 1 1 0 1 1 0 0 1 1 0 0 1 0 1 
1 0 0 0 1 0 0 0 0 0 0 0 0 1 1 1 0 1 0 1 0 1 0 0 1 1 1 0 0 0 1 0 1 1 0 0 0 1 0 0 0 0 
0 1 1 1 0 0 0 1 1 1 1 0 0 0 1 0 1 1 1 0 0 0 1 1 1 0 1 1 1 0 0 0 1 0 1 0 1 0 0 0 0 1 
1 0 1 0 1 0 1 0 1 1 0 0 0 0 1 0 1 1 1 1 0 1 1 0 1 1 0 1 1 1 1 1 0 1 1 1 1 1 1 1 1 1 
1 0 0 1 0 0 1 1 0 0 1 0 0 1 1 0 1 1 1 0 1 0 0 1 1 0 0 0 0 1 1 0 0 0 1 1 1 1 0 0 1 0 
0 0 0 0 0 0 1 1 0 0 0 0 1 0 0 0 1 0 1 1 1 1 1 0 0 1 0 0 1 1 1 1 0 1 0 0 0 0 0 1 0 0 
0 1 1 0 0 0 1 0 1 0 0 1 0 0 1 0 0 1 1 1 1 0 0 0 1 0 1 1 0 0 0 0 0 0 0 1 1 1 0 0 1 1 
1 1 1 1 1 0 0 0 0 0 1 0 0 0 0 1 1 0 1 0 0 1 1 0 0 1 0 0 0 1 1 1 1 0 0 0 1 0 0 0 0 1 
0 0 1 1 0 0 0 0 0 1 0 0 0 1 0 0 0 1 0 1 1 1 0 1 1 1 0 1 1 0 1 0 1 1 0 1 0 0 1 0 1 1 
1 0 1 1 0 1 0 0 1 0 0 0 1 0 1 0 1 1 1 0 1 1 1 1 1 1 1 0 0 1 1 0 0 0 0 0 1 0 1 1 0 1 
0 1 0 1 0 1 1 1 1 0 1 0 0 1 0 1 1 0 1 0 1 0 0 1 0 1 0 0 0 0 0 0 1 1 0 1 0 1 0 1 0 0 
1 0 0 0 0 1 0 0 0 0 0 1 0 0 1 0 0 0 0 0 1 1 1 1 0 0 1 1 1 1 1 1 1 1 1 1 0 0 1 1 0 0 
0 0 0 1 0 0 1 1 1 1 0 1 0 1 1 0 0 1 0 0 0 0 1 0 1 1 1 1 0 0 0 0 1 0 1 0 0 1 0 0 0 1 
1 1 1 0 1 1 1 1 1 0 1 0 1 1 0 0 1 0 1 0 0 0 1 1 0 0 0 1 0 0 0 1 0 0 0 0 0 1 0 1 0 1 
1 1 1 0 1 0 1 1 1 1 1 1 0 1 1 0 0 1 0 0 0 0 0 0 1 0 1 0 1 1 0 0 0 1 0 0 1 0 0 1 0 0 
1 1 0 1 1 1 0 1 0 1 1 0 1 0 0 0 0 0 0 0 0 0 0 0 1 1 0 0 0 1 0 0 1 1 1 0 1 0 0 0 1 0 
1 0 1 1 0 0 0 0 1 1 1 0 1 1 1 1 0 0 0 0 0 1 1 0 0 0 0 0 0 1 0 0 1 0 0 1 1 1 1 0 1 0 
1 0 1 1 0 1 0 1 0 1 0 1 1 1 0 1 0 0 0 0 1 0 1 0 0 0 0 0 1 1 0 1 0 0 0 1 1 0 0 0 0 0 
1 1 1 0 1 0 1 1 0 1 0 1 0 1 0 1 1 1 0 0 1 1 0 0 0 1 0 0 0 0 0 0 1 0 1 0 0 1 0 1 1 1 
0 0 0 1 0 0 1 0 1 0 0 0 1 1 1 1 0 1 0 0 0 0 0 0 0 1 1 0 0 0 1 1 1 1 1 1 1 1 1 1 1 1 
0 0 1 0 0 1 1 1 1 0 1 0 1 1 0 0 1 0 1 1 0 0 0 0 0 0 1 0 1 0 0 0 0 1 0 0 0 1 0 1 1 1 
1 0 1 0 0 1 0 1 0 1 0 1 1 1 1 0 1 0 0 1 0 0 1 1 0 0 0 1 1 1 0 1 0 1 1 1 0 1 0 0 0 0 
1 1 0 1 0 1 1 0 0 0 1 0 0 1 0 1 1 0 1 0 0 0 0 1 1 0 0 1 1 0 0 0 1 0 1 0 0 1 1 1 1 1 
0 0 0 0 1 0 1 1 0 0 1 0 1 0 0 1 1 1 0 0 0 0 0 0 0 1 1 0 0 1 1 0 0 1 0 0 0 0 0 1 0 0 
0 1 1 1 1 0 1 1 0 1 0 0 1 0 0 1 0 0 1 0 0 1 0 0 1 1 1 0 0 1 0 0 0 1 1 1 1 1 0 0 0 0 
1 1 1 0 1 0 0 1 1 1 0 1 0 1 0 1 0 0 1 1 1 1 0 0 0 1 0 1 1 0 1 1 0 0 1 1 0 0 1 1 1 0 
1 0 0 0 0 1 0 1 1 1 0 1 1 1 0 1 0 0 0 0 0 0 0 1 0 0 0 1 0 1 0 1 1 0 0 1 1 0 0 0 0 1 
1 1 1 0 1 0 0 1 0 1 0 1 0 0 0 1 0 1 0 0 0 1 0 1 0 1 0 0 0 1 1 0 1 0 0 1 1 0 1 0 0 0 
0 0 0 1 1 1 1 0 0 0 0 1 1 0 1 1 1 0 0 1 1 0 1 1 0 0 1 0 0 0 1 1 0 0 0 0 0 1 1 1 1 1 
1 0 1 1 0 1 0 1 0 1 0 0 1 0 1 1 0 0 1 1 0 0 0 1 1 1 0 1 1 0 0 0 0 0 1 0 0 0 1 0 0 1 
0 0 1 0 0 0 1 1 1 0 0 0 0 0 0 1 1 0 0 1 0 0 1 1 0 1 1 0 1 1 0 0 0 1 0 1 1 1 1 0 1 0 
0 1 0 0 1 0 0 1 1 0 1 0 1 0 1 1 0 0 0 0 1 1 0 1 0 1 0 0 1 1 1 1 0 0 1 0 0 1 1 1 0 0 
0 1 0 1 1 0 1 1 1 0 1 1 0 1 0 0 0 0 1 1 1 1 0 1 0 0 0 0 1 0 1 1 0 0 1 0 0 1 0 0 0 0 
1 1 1 1 0 1 0 1 1 0 1 0 0 0 1 0 1 1 0 0 1 0 1 1 1 1 1 0 1 0 0 0 1 0 1 1 1 0 0 1 0 0 
0 0 0 0 0 0 0 1 0 0 0 0 1 1 0 1 0 0 0 0 1 0 0 1 0 0 1 0 0 1 0 1 1 1 1 1 0 0 0 0 1 1 
0 1 0 0 1 0 0 1 0 1 0 0 0 1 1 1 0 1 1 0 0 0 1 1 1 0 1 1 0 1 0 0 1 0 0 1 0 1 0 0 0 1 
0 1 1 0 0 0 0 1 1 0 1 0 1 0 0 0 0 0 0 1 1 0 1 1 1 0 1 0 0 1 0 0 1 0 1 0 0 0 1 0 0 1 
1 1 0 0 1 0 1 1 0 0 1 1 1 1 0 0 1 1 0 0 0 0 1 1 1 0 1 0 0 0 1 0 1 1 0 0 0 0 1 1 1 0 

0 34 5 9 30 29 24 1 37 21 10 8 7 33 28 22 39 25 19 36 26 17 40 14 16 3 41 15 31 35 13 6 12 23 2 20 27 4 38 18 32 11 
0 0
1 7
2 34
3 25
4 37
5 2
6 31
7 12
8 11
9 3
10 10
11 41
12 32
13 30
14 23
15 27
16 24
17 21
18 39
19 18
20 35
21 9
22 15
23 33
24 6
25 17
26 20
27 36
28 14
29 5
30 4
31 28
32 40
33 13
34 1
35 29
36 19
37 8
38 38
39 16
40 22
41 26
SIMILAR

16 36 1 2 41 38 27 10 17 32 37 0 20 3 9 33 15 23 35 34 22 21 31 40 29 8 26 19 14 13 28 25 5 4 12 7 30 39 24 6 11 18 
0 11
1 2
2 3
3 13
4 33
5 32
6 39
7 35
8 25
9 14
10 7
11 40
12 34
13 29
14 28
15 16
16 0
17 8
18 41
19 27
20 12
21 21
22 20
23 17
24 38
25 31
26 26
27 6
28 30
29 24
30 36
31 22
32 9
33 15
34 19
35 18
36 1
37 10
38 5
39 37
40 23
41 4
SIMILAR

25 12 0 36 14 15 17 8 23 7 4 10 11 26 19 28 22 32 5 29 41 24 1 27 21 13 31 6 40 9 3 33 20 16 39 30 35 37 38 34 18 2 
0 2
1 22
2 41
3 30
4 10
5 18
6 27
7 9
8 7
9 29
10 11
11 12
12 1
13 25
14 4
15 5
16 33
17 6
18 40
19 14
20 32
21 24
22 16
23 8
24 21
25 0
26 13
27 23
28 15
29 19
30 35
31 26
32 17
33 31
34 39
35 36
36 3
37 37
38 38
39 34
40 28
41 20
SIMILAR

29 36 34 35 28 13 32 6 1 30 23 31 12 8 24 10 7 16 38 11 37 0 40 2 5 18 27 19 21 15 3 41 33 17 25 14 26 9 4 20 22 39 
0 21
1 8
2 23
3 30
4 38
5 24
6 7
7 16
8 13
9 37
10 15
11 19
12 12
13 5
14 35
15 29
16 17
17 33
18 25
19 27
20 39
21 28
22 40
23 10
24 14
25 34
26 36
27 26
28 4
29 0
30 9
31 11
32 6
33 32
34 2
35 3
36 1
37 20
38 18
39 41
40 22
41 31
SIMILAR

12 13 18 37 27 30 17 9 21 39 34 28 26 20 32 31 10 36 38 11 41 5 15 19 25 14 33 7 29 3 6 16 8 24 4 1 0 35 23 40 2 22 
0 36
1 35
2 40
3 29
4 34
5 21
6 30
7 27
8 32
9 7
10 16
11 19
12 0
13 1
14 25
15 22
16 31
17 6
18 2
19 23
20 13
21 8
22 41
23 38
24 33
25 24
26 12
27 4
28 11
29 28
30 5
31 15
32 14
33 26
34 10
35 37
36 17
37 3
38 18
39 9
40 39
41 20
SIMILAR

3 39 33 2 35 13 25 37 11 27 5 28 38 18 40 8 14 17 6 1 30 10 9 21 0 23 36 34 41 4 32 19 15 12 24 31 20 22 26 16 7 29 
0 24
1 19
2 3
3 0
4 29
5 10
6 18
7 40
8 15
9 22
10 21
11 8
12 33
13 5
14 16
15 32
16 39
17 17
18 13
19 31
20 36
21 23
22 37
23 25
24 34
25 6
26 38
27 9
28 11
29 41
30 20
31 35
32 30
33 2
34 27
35 4
36 26
37 7
38 12
39 1
40 14
41 28
SIMILAR

35 3 40 14 16 2 7 26 30 38 13 11 22 21 15 28 32 18 4 12 37 17 20 41 10 24 5 8 29 39 25 9 34 1 27 33 31 6 36 19 23 0 
0 41
1 33
2 5
3 1
4 18
5 26
6 37
7 6
8 27
9 31
10 24
11 11
12 19
13 10
14 3
15 14
16 4
17 21
18 17
19 39
20 22
21 13
22 12
23 40
24 25
25 30
26 7
27 34
28 15
29 28
30 8
31 36
32 16
33 35
34 32
35 0
36 38
37 20
38 9
39 29
40 2
41 23
SIMILAR

0 34 1 23 26 12 35 31 16 20 2 37 38 24 14 33 3 5 10 6 19 21 8 25 9 36 15 4 29 30 27 18 41 39 11 32 28 17 7 22 40 13 
0 0
1 2
2 10
3 16
4 27
5 17
6 19
7 38
8 22
9 24
10 18
11 34
12 5
13 41
14 14
15 26
16 8
17 37
18 31
19 20
20 9
21 21
22 39
23 3
24 13
25 23
26 4
27 30
28 36
29 28
30 29
31 7
32 35
33 15
34 1
35 6
36 25
37 11
38 12
39 33
40 40
41 32
SIMILAR

24 4 38 28 36 8 15 14 19 20 40 0 32 31 5 26 37 27 35 6 21 13 25 2 30 1 23 10 29 12 7 17 34 9 18 41 22 16 3 33 11 39 
0 11
1 25
2 23
3 38
4 1
5 14
6 19
7 30
8 5
9 33
10 27
11 40
12 29
13 21
14 7
15 6
16 37
17 31
18 34
19 8
20 9
21 20
22 36
23 26
24 0
25 22
26 15
27 17
28 3
29 28
30 24
31 13
32 12
33 39
34 32
35 18
36 4
37 16
38 2
39 41
40 10
41 35
SIMILAR

5 4 12 14 17 26 9 25 19 2 10 0 37 24 22 39 33 1 34 11 31 20 23 16 41 36 38 6 27 18 7 21 40 15 29 30 35 32 3 28 13 8 
0 11
1 17
2 9
3 38
4 1
5 0
6 27
7 30
8 41
9 6
10 10
11 19
12 2
13 40
14 3
15 33
16 23
17 4
18 29
19 8
20 21
21 31
22 14
23 22
24 13
25 7
26 5
27 28
28 39
29 34
30 35
31 20
32 37
33 16
34 18
35 36
36 25
37 12
38 26
39 15
40 32
41 24
SIMILAR

35 0 33 5 13 26 32 1 34 30 36 18 2 25 4 14 10 23 38 12 37 6 22 19 15 39 20 31 9 24 21 17 8 41 16 7 11 28 29 3 40 27 
0 1
1 7
2 12
3 39
4 14
5 3
6 21
7 35
8 32
9 28
10 16
11 36
12 19
13 4
14 15
15 24
16 34
17 31
18 11
19 23
20 26
21 30
22 22
23 17
24 29
25 13
26 5
27 41
28 37
29 38
30 9
31 27
32 6
33 2
34 8
35 0
36 10
37 20
38 18
39 25
40 40
41 33
SIMILAR

41 7 38 0 26 25 33 27 31 11 12 15 13 30 18 6 3 22 9 20 10 21 35 36 17 1 2 32 5 16 40 34 14 23 37 24 39 28 19 8 29 4 
0 3
1 25
2 26
3 16
4 41
5 28
6 15
7 1
8 39
9 18
10 20
11 9
12 10
13 12
14 32
15 11
16 29
17 24
18 14
19 38
20 19
21 21
22 17
23 33
24 35
25 5
26 4
27 7
28 37
29 40
30 13
31 8
32 27
33 6
34 31
35 22
36 23
37 34
38 2
39 36
40 30
41 0
SIMILAR

29 41 9 5 39 36 37 21 12 0 35 15 7 10 34 1 31 8 32 40 38 6 13 26 27 3 17 11 16 4 25 18 28 19 24 30 14 22 2 23 20 33 
0 9
1 15
2 38
3 25
4 29
5 3
6 21
7 12
8 17
9 2
10 13
11 27
12 8
13 22
14 36
15 11
16 28
17 26
18 31
19 33
20 40
21 7
22 37
23 39
24 34
25 30
26 23
27 24
28 32
29 0
30 35
31 16
32 18
33 41
34 14
35 10
36 5
37 6
38 20
39 4
40 19
41 1
SIMILAR

2 9 6 40 17 28 20 27 24 35 25 16 18 19 34 13 22 29 26 10 8 38 21 7 1 31 4 32 3 41 39 14 30 5 33 11 15 23 36 0 37 12 
0 39
1 24
2 0
3 28
4 26
5 33
6 2
7 23
8 20
9 1
10 19
11 35
12 41
13 15
14 31
15 36
16 11
17 4
18 12
19 13
20 6
21 22
22 16
23 37
24 8
25 10
26 18
27 7
28 5
29 17
30 32
31 25
32 27
33 34
34 14
35 9
36 38
37 40
38 21
39 30
40 3
41 29
SIMILAR

17 40 19 29 22 16 9 5 20 37 7 28 21 24 13 39 23 31 26 30 1 15 27 8 25 33 2 11 41 12 0 4 14 10 3 32 18 34 35 38 6 36 
0 30
1 20
2 26
3 34
4 31
5 7
6 40
7 10
8 23
9 6
10 33
11 27
12 29
13 14
14 32
15 21
16 5
17 0
18 36
19 2
20 8
21 12
22 4
23 16
24 13
25 24
26 18
27 22
28 11
29 3
30 19
31 17
32 35
33 25
34 37
35 38
36 41
37 9
38 39
39 15
40 1
41 28
SIMILAR

24 4 3 30 41 37 13 23 25 9 27 29 16 21 35 31 22 36 32 20 1 33 7 5 34 28 11 39 0 15 26 40 18 2 10 12 17 19 6 14 38 8 
0 28
1 20
2 33
3 2
4 1
5 23
6 38
7 22
8 41
9 9
10 34
11 26
12 35
13 6
14 39
15 29
16 12
17 36
18 32
19 37
20 19
21 13
22 16
23 7
24 0
25 8
26 30
27 10
28 25
29 11
30 3
31 15
32 18
33 21
34 24
35 14
36 17
37 5
38 40
39 27
40 31
41 4
SIMILAR

9 33 3 36 21 0 25 19 40 35 1 14 27 23 17 4 12 15 5 6 38 37 16 11 8 13 32 24 26 20 18 22 28 2 29 30 39 7 31 10 34 41 
0 5
1 10
2 33
3 2
4 15
5 18
6 19
7 37
8 24
9 0
10 39
11 23
12 16
13 25
14 11
15 17
16 22
17 14
18 30
19 7
20 29
21 4
22 31
23 13
24 27
25 6
26 28
27 12
28 32
29 34
30 35
31 38
32 26
33 1
34 40
35 9
36 3
37 21
38 20
39 36
40 8
41 41
SIMILAR

20 41 0 39 24 26 40 19 8 3 31 33 2 38 13 15 9 22 5 28 6 21 27 7 17 12 25 23 14 37 1 35 18 34 11 4 36 30 29 32 10 16 
0 2
1 30
2 12
3 9
4 35
5 18
6 20
7 23
8 8
9 16
10 40
11 34
12 25
13 14
14 28
15 15
16 41
17 24
18 32
19 7
20 0
21 21
22 17
23 27
24 4
25 26
26 5
27 22
28 19
29 38
30 37
31 10
32 39
33 11
34 33
35 31
36 36
37 29
38 13
39 3
40 6
41 1
SIMILAR

24 14 15 3 38 11 18 40 9 20 25 39 6 13 22 34 32 30 12 29 26 35 27 33 37 1 31 19 8 21 16 23 4 41 2 7 10 28 0 5 17 36 
0 38
1 25
2 34
3 3
4 32
5 39
6 12
7 35
8 28
9 8
10 36
11 5
12 18
13 13
14 1
15 2
16 30
17 40
18 6
19 27
20 9
21 29
22 14
23 31
24 0
25 10
26 20
27 22
28 37
29 19
30 17
31 26
32 16
33 23
34 15
35 21
36 41
37 24
38 4
39 11
40 7
41 33
SIMILAR

37 8 34 12 38 21 28 27 33 29 40 0 11 7 14 13 19 18 6 36 22 24 3 26 39 41 17 30 35 9 31 32 2 15 23 10 4 25 20 5 16 1 
0 11
1 41
2 32
3 22
4 36
5 39
6 18
7 13
8 1
9 29
10 35
11 12
12 3
13 15
14 14
15 33
16 40
17 26
18 17
19 16
20 38
21 5
22 20
23 34
24 21
25 37
26 23
27 7
28 6
29 9
30 27
31 30
32 31
33 8
34 2
35 28
36 19
37 0
38 4
39 24
40 10
41 25
SIMILAR

40 7 18 31 25 10 41 2 1 11 37 4 32 35 12 38 29 0 19 21 14 20 22 6 33 13 26 28 17 3 5 24 23 36 15 27 8 30 16 9 34 39 
0 17
1 8
2 7
3 29
4 11
5 30
6 23
7 1
8 36
9 39
10 5
11 9
12 14
13 25
14 20
15 34
16 38
17 28
18 2
19 18
20 21
21 19
22 22
23 32
24 31
25 4
26 26
27 35
28 27
29 16
30 37
31 3
32 12
33 24
34 40
35 13
36 33
37 10
38 15
39 41
40 0
41 6
SIMILAR

17 18 0 8 34 37 39 33 16 20 35 40 2 6 12 11 4 28 29 38 31 10 30 26 13 14 36 25 41 24 1 3 19 21 22 5 23 32 27 7 15 9 
0 2
1 30
2 12
3 31
4 16
5 35
6 13
7 39
8 3
9 41
10 21
11 15
12 14
13 24
14 25
15 40
16 8
17 0
18 1
19 32
20 9
21 33
22 34
23 36
24 29
25 27
26 23
27 38
28 17
29 18
30 22
31 20
32 37
33 7
34 4
35 10
36 26
37 5
38 19
39 6
40 11
41 28
SIMILAR

6 4 26 37 41 10 11 34 3 15 25 32 7 0 9 28 24 35 29 2 19 33 39 36 30 16 8 23 31 13 38 17 12 22 21 40 27 18 1 5 20 14 
0 13
1 38
2 19
3 8
4 1
5 39
6 0
7 12
8 26
9 14
10 5
11 6
12 32
13 29
14 41
15 9
16 25
17 31
18 37
19 20
20 40
21 34
22 33
23 27
24 16
25 10
26 2
27 36
28 15
29 18
30 24
31 28
32 11
33 21
34 7
35 17
36 23
37 3
38 30
39 22
40 35
41 4
SIMILAR

38 11 41 28 12 16 19 34 27 25 33 7 4 13 5 26 2 35 6 39 22 31 3 9 30 32 24 40 23 10 17 36 15 29 20 1 0 14 21 8 18 37 
0 36
1 35
2 16
3 22
4 12
5 14
6 18
7 11
8 39
9 23
10 29
11 1
12 4
13 13
14 37
15 32
16 5
17 30
18 40
19 6
20 34
21 38
22 20
23 28
24 26
25 9
26 15
27 8
28 3
29 33
30 24
31 21
32 25
33 10
34 7
35 17
36 31
37 41
38 0
39 19
40 27
41 2
SIMILAR

5 31 26 3 17 23 22 29 11 19 2 16 27 21 8 10 24 34 33 28 0 41 40 1 30 12 14 13 15 25 9 4 38 36 7 37 32 20 35 39 18 6 
0 20
1 23
2 10
3 3
4 31
5 0
6 41
7 34
8 14
9 30
10 15
11 8
12 25
13 27
14 26
15 28
16 11
17 4
18 40
19 9
20 37
21 13
22 6
23 5
24 16
25 29
26 2
27 12
28 19
29 7
30 24
31 1
32 36
33 18
34 17
35 38
36 33
37 35
38 32
39 39
40 22
41 21
SIMILAR

37 28 8 12 41 25 34 0 15 9 4 35 30 38 16 17 11 1 3 14 36 26 20 32 22 40 2 13 24 27 33 19 39 31 23 5 21 18 29 7 10 6 
0 7
1 17
2 26
3 18
4 10
5 35
6 41
7 39
8 2
9 9
10 40
11 16
12 3
13 27
14 19
15 8
16 14
17 15
18 37
19 31
20 22
21 36
22 24
23 34
24 28
25 5
26 21
27 29
28 1
29 38
30 12
31 33
32 23
33 30
34 6
35 11
36 20
37 0
38 13
39 32
40 25
41 4
SIMILAR

3 15 0 5 31 9 29 41 30 17 39 21 32 24 26 14 16 38 1 34 8 6 23 10 12 7 4 19 20 13 27 11 28 37 33 35 18 36 22 2 40 25 
0 2
1 18
2 39
3 0
4 26
5 3
6 21
7 25
8 20
9 5
10 23
11 31
12 24
13 29
14 15
15 1
16 16
17 9
18 36
19 27
20 28
21 11
22 38
23 22
24 13
25 41
26 14
27 30
28 32
29 6
30 8
31 4
32 12
33 34
34 19
35 35
36 37
37 33
38 17
39 10
40 40
41 7
SIMILAR

10 3 5 37 38 29 7 25 15 30 9 40 19 28 1 21 4 0 8 16 2 14 18 27 23 34 41 26 24 12 33 6 11 36 35 32 20 22 13 39 31 17 
0 17
1 14
2 20
3 1
4 16
5 2
6 31
7 6
8 18
9 10
10 0
11 32
12 29
13 38
14 21
15 8
16 19
17 41
18 22
19 12
20 36
21 15
22 37
23 24
24 28
25 7
26 27
27 23
28 13
29 5
30 9
31 40
32 35
33 30
34 25
35 34
36 33
37 3
38 4
39 39
40 11
41 26
SIMILAR

3 15 16 9 8 5 1 36 27 26 21 37 28 38 12 0 11 14 29 30 35 17 20 22 2 18 39 32 19 33 6 31 24 23 34 13 40 41 10 4 25 7 
0 15
1 6
2 24
3 0
4 39
5 5
6 30
7 41
8 4
9 3
10 38
11 16
12 14
13 35
14 17
15 1
16 2
17 21
18 25
19 28
20 22
21 10
22 23
23 33
24 32
25 40
26 9
27 8
28 12
29 18
30 19
31 31
32 27
33 29
34 34
35 20
36 7
37 11
38 13
39 26
40 36
41 37
SIMILAR

39 0 30 18 7 38 5 12 3 40 4 31 26 19 14 21 11 2 9 28 36 25 24 15 41 32 34 17 27 6 16 20 23 22 29 33 35 13 1 37 10 8 
0 1
1 38
2 17
3 8
4 10
5 6
6 29
7 4
8 41
9 18
10 40
11 16
12 7
13 37
14 14
15 23
16 30
17 27
18 3
19 13
20 31
21 15
22 33
23 32
24 22
25 21
26 12
27 28
28 19
29 34
30 2
31 11
32 25
33 35
34 26
35 36
36 20
37 39
38 5
39 0
40 9
41 24
SIMILAR

13 18 40 5 7 0 41 4 1 9 20 21 22 33 25 19 26 3 31 30 27 38 34 37 29 32 39 16 35 36 17 12 15 8 2 14 24 11 23 28 6 10 
0 5
1 8
2 34
3 17
4 7
5 3
6 40
7 4
8 33
9 9
10 41
11 37
12 31
13 0
14 35
15 32
16 27
17 30
18 1
19 15
20 10
21 11
22 12
23 38
24 36
25 14
26 16
27 20
28 39
29 24
30 19
31 18
32 25
33 13
34 22
35 28
36 29
37 23
38 21
39 26
40 2
41 6
SIMILAR

32 15 33 5 12 38 11 37 9 30 10 3 2 8 26 17 6 41 1 22 24 18 16 29 31 4 19 7 0 36 21 39 20 34 35 23 13 40 28 27 14 25 
0 28
1 18
2 12
3 11
4 25
5 3
6 16
7 27
8 13
9 8
10 10
11 6
12 4
13 36
14 40
15 1
16 22
17 15
18 21
19 26
20 32
21 30
22 19
23 35
24 20
25 41
26 14
27 39
28 38
29 23
30 9
31 24
32 0
33 2
34 33
35 34
36 29
37 7
38 5
39 31
40 37
41 17
SIMILAR

35 41 40 13 26 34 4 31 14 6 3 27 20 19 38 15 25 22 5 29 17 16 18 9 8 24 12 0 21 23 39 37 32 7 28 10 2 11 33 1 36 30 
0 27
1 39
2 36
3 10
4 6
5 18
6 9
7 33
8 24
9 23
10 35
11 37
12 26
13 3
14 8
15 15
16 21
17 20
18 22
19 13
20 12
21 28
22 17
23 29
24 25
25 16
26 4
27 11
28 34
29 19
30 41
31 7
32 32
33 38
34 5
35 0
36 40
37 31
38 14
39 30
40 2
41 1
SIMILAR

2 40 13 11 41 5 20 18 1 0 9 30 39 31 28 21 3 33 10 4 34 36 26 19 35 23 6 14 29 25 8 17 32 38 15 22 37 24 16 27 7 12 
0 9
1 8
2 0
3 16
4 19
5 5
6 26
7 40
8 30
9 10
10 18
11 3
12 41
13 2
14 27
15 34
16 38
17 31
18 7
19 23
20 6
21 15
22 35
23 25
24 37
25 29
26 22
27 39
28 14
29 28
30 11
31 13
32 32
33 17
34 20
35 24
36 21
37 36
38 33
39 12
40 1
41 4
SIMILAR

40 9 24 37 39 15 38 33 10 30 20 27 34 8 32 0 26 28 22 18 11 3 41 25 1 21 17 19 35 2 13 23 16 36 4 7 14 31 12 29 5 6 
0 15
1 24
2 29
3 21
4 34
5 40
6 41
7 35
8 13
9 1
10 8
11 20
12 38
13 30
14 36
15 5
16 32
17 26
18 19
19 27
20 10
21 25
22 18
23 31
24 2
25 23
26 16
27 11
28 17
29 39
30 9
31 37
32 14
33 7
34 12
35 28
36 33
37 3
38 6
39 4
40 0
41 22
SIMILAR

0 32 36 29 31 14 20 21 40 27 39 30 15 33 6 12 13 23 7 37 2 35 17 19 18 11 28 24 10 41 38 9 1 25 34 26 4 3 16 5 8 22 
0 0
1 32
2 20
3 37
4 36
5 39
6 14
7 18
8 40
9 31
10 28
11 25
12 15
13 16
14 5
15 12
16 38
17 22
18 24
19 23
20 6
21 7
22 41
23 17
24 27
25 33
26 35
27 9
28 26
29 3
30 11
31 4
32 1
33 13
34 34
35 21
36 2
37 19
38 30
39 10
40 8
41 29
SIMILAR

24 8 41 7 19 35 23 25 14 0 1 13 15 21 34 38 6 29 3 36 5 37 22 27 18 32 10 16 26 2 39 30 20 11 17 12 4 33 31 40 9 28 
0 9
1 10
2 29
3 18
4 36
5 20
6 16
7 3
8 1
9 40
10 26
11 33
12 35
13 11
14 8
15 12
16 27
17 34
18 24
19 4
20 32
21 13
22 22
23 6
24 0
25 7
26 28
27 23
28 41
29 17
30 31
31 38
32 25
33 37
34 14
35 5
36 19
37 21
38 15
39 30
40 39
41 2
SIMILAR

38 1 13 6 17 8 28 16 39 30 3 11 4 7 40 21 23 24 2 36 41 9 32 33 0 15 19 31 12 35 10 14 27 25 20 26 29 22 37 34 18 5 
0 24
1 1
2 18
3 10
4 12
5 41
6 3
7 13
8 5
9 21
10 30
11 11
12 28
13 2
14 31
15 25
16 7
17 4
18 40
19 26
20 34
21 15
22 37
23 16
24 17
25 33
26 35
27 32
28 6
29 36
30 9
31 27
32 22
33 23
34 39
35 29
36 19
37 38
38 0
39 8
40 14
41 20
SIMILAR

25 14 10 31 23 2 3 1 36 4 5 29 28 16 26 41 40 38 37 8 18 11 0 13 7 6 21 30 35 34 32 22 19 15 24 39 12 17 20 27 9 33 
0 22
1 7
2 5
3 6
4 9
5 10
6 25
7 24
8 19
9 40
10 2
11 21
12 36
13 23
14 1
15 33
16 13
17 37
18 20
19 32
20 38
21 26
22 31
23 4
24 34
25 0
26 14
27 39
28 12
29 11
30 27
31 3
32 30
33 41
34 29
35 28
36 8
37 18
38 17
39 35
40 16
41 15
SIMILAR

3 13 15 35 14 18 28 9 22 1 7 25 6 20 27 19 36 2 31 5 24 33 39 38 34 11 26 4 32 12 10 40 0 16 17 30 23 21 37 29 8 41 
0 32
1 9
2 17
3 0
4 27
5 19
6 12
7 10
8 40
9 7
10 30
11 25
12 29
13 1
14 4
15 2
16 33
17 34
18 5
19 15
20 13
21 37
22 8
23 36
24 20
25 11
26 26
27 14
28 6
29 39
30 35
31 18
32 28
33 21
34 24
35 3
36 16
37 38
38 23
39 22
40 31
41 41
SIMILAR

33 26 22 20 41 7 30 19 0 14 36 31 13 25 1 38 34 16 27 28 11 17 40 39 37 21 10 32 18 8 3 35 2 15 6 5 23 29 24 9 4 12 
0 8
1 14
2 32
3 30
4 40
5 35
6 34
7 5
8 29
9 39
10 26
11 20
12 41
13 12
14 9
15 33
16 17
17 21
18 28
19 7
20 3
21 25
22 2
23 36
24 38
25 13
26 1
27 18
28 19
29 37
30 6
31 11
32 27
33 0
34 16
35 31
36 10
37 24
38 15
39 23
40 22
41 4
SIMILAR

13 3 25 2 11 31 39 30 12 7 22 36 37 21 26 16 8 19 32 9 1 29 33 28 14 35 27 38 20 5 23 0 24 6 15 18 41 10 34 40 17 4 
0 31
1 20
2 3
3 1
4 41
5 29
6 33
7 9
8 16
9 19
10 37
11 4
12 8
13 0
14 24
15 34
16 15
17 40
18 35
19 17
20 28
21 13
22 10
23 30
24 32
25 2
26 14
27 26
28 23
29 21
30 7
31 5
32 18
33 22
34 38
35 25
36 11
37 12
38 27
39 6
40 39
41 36
SIMILAR

15 3 33 18 11 19 37 9 16 30 24 12 41 2 7 28 10 22 21 0 4 13 36 32 31 34 29 1 20 27 26 5 17 25 35 23 38 8 39 40 14 6 
0 19
1 27
2 13
3 1
4 20
5 31
6 41
7 14
8 37
9 7
10 16
11 4
12 11
13 21
14 40
15 0
16 8
17 32
18 3
19 5
20 28
21 18
22 17
23 35
24 10
25 33
26 30
27 29
28 15
29 26
30 9
31 24
32 23
33 2
34 25
35 34
36 22
37 6
38 36
39 38
40 39
41 12
SIMILAR

33 15 7 26 20 17 1 5 35 11 32 4 24 6 9 22 14 10 3 41 27 37 40 39 8 28 16 12 2 29 38 13 25 0 18 23 34 31 21 36 30 19 
0 33
1 6
2 28
3 18
4 11
5 7
6 13
7 2
8 24
9 14
10 17
11 9
12 27
13 31
14 16
15 1
16 26
17 5
18 34
19 41
20 4
21 38
22 15
23 35
24 12
25 32
26 3
27 20
28 25
29 29
30 40
31 37
32 10
33 0
34 36
35 8
36 39
37 21
38 30
39 23
40 22
41 19
SIMILAR

22 9 8 11 15 41 37 26 2 4 23 34 1 30 29 35 5 3 21 32 10 18 25 24 39 0 19 40 7 38 33 6 36 20 27 16 28 14 17 12 13 31 
0 25
1 12
2 8
3 17
4 9
5 16
6 31
7 28
8 2
9 1
10 20
11 3
12 39
13 40
14 37
15 4
16 35
17 38
18 21
19 26
20 33
21 18
22 0
23 10
24 23
25 22
26 7
27 34
28 36
29 14
30 13
31 41
32 19
33 30
34 11
35 15
36 32
37 6
38 29
39 24
40 27
41 5
SIMILAR

35 29 21 28 0 41 31 39 19 22 23 27 26 36 6 1 14 38 37 12 24 8 20 40 2 33 34 18 32 30 10 11 16 3 13 7 25 17 15 4 5 9 
0 4
1 15
2 24
3 33
4 39
5 40
6 14
7 35
8 21
9 41
10 30
11 31
12 19
13 34
14 16
15 38
16 32
17 37
18 27
19 8
20 22
21 2
22 9
23 10
24 20
25 36
26 12
27 11
28 3
29 1
30 29
31 6
32 28
33 25
34 26
35 0
36 13
37 18
38 17
39 7
40 23
41 5
SIMILAR

23 34 15 32 19 35 11 1 29 36 38 40 21 5 0 10 37 41 13 14 6 26 18 8 12 33 30 25 20 16 24 22 31 28 39 2 7 4 27 3 9 17 
0 14
1 7
2 35
3 39
4 37
5 13
6 20
7 36
8 23
9 40
10 15
11 6
12 24
13 18
14 19
15 2
16 29
17 41
18 22
19 4
20 28
21 12
22 31
23 0
24 30
25 27
26 21
27 38
28 33
29 8
30 26
31 32
32 3
33 25
34 1
35 5
36 9
37 16
38 10
39 34
40 11
41 17
SIMILAR

5 31 38 33 11 19 15 29 23 36 35 10 27 6 26 13 8 34 20 37 24 7 17 12 30 14 25 1 16 18 32 21 22 9 39 2 4 41 40 3 28 0 
0 41
1 27
2 35
3 39
4 36
5 0
6 13
7 21
8 16
9 33
10 11
11 4
12 23
13 15
14 25
15 6
16 28
17 22
18 29
19 5
20 18
21 31
22 32
23 8
24 20
25 26
26 14
27 12
28 40
29 7
30 24
31 1
32 30
33 3
34 17
35 10
36 9
37 19
38 2
39 34
40 38
41 37
SIMILAR

2 21 7 41 37 39 38 34 1 30 14 19 23 17 33 22 4 8 9 32 12 25 18 29 15 36 6 20 10 28 35 31 16 11 5 27 0 40 26 3 13 24 
0 36
1 8
2 0
3 39
4 16
5 34
6 26
7 2
8 17
9 18
10 28
11 33
12 20
13 40
14 10
15 24
16 32
17 13
18 22
19 11
20 27
21 1
22 15
23 12
24 41
25 21
26 38
27 35
28 29
29 23
30 9
31 31
32 19
33 14
34 7
35 30
36 25
37 4
38 6
39 5
40 37
41 3
SIMILAR

14 38 31 32 18 24 36 12 29 16 11 40 39 41 10 2 6 1 20 28 23 15 33 8 17 21 35 13 30 5 37 26 0 9 19 25 3 27 4 7 22 34 
0 32
1 17
2 15
3 36
4 38
5 29
6 16
7 39
8 23
9 33
10 14
11 10
12 7
13 27
14 0
15 21
16 9
17 24
18 4
19 34
20 18
21 25
22 40
23 20
24 5
25 35
26 31
27 37
28 19
29 8
30 28
31 2
32 3
33 22
34 41
35 26
36 6
37 30
38 1
39 12
40 11
41 13
SIMILAR

32 39 37 34 20 10 35 15 41 17 40 8 14 9 26 11 22 21 31 28 24 6 5 38 30 4 27 1 16 7 33 19 2 36 0 3 12 13 25 18 29 23 
0 34
1 27
2 32
3 35
4 25
5 22
6 21
7 29
8 11
9 13
10 5
11 15
12 36
13 37
14 12
15 7
16 28
17 9
18 39
19 31
20 4
21 17
22 16
23 41
24 20
25 38
26 14
27 26
28 19
29 40
30 24
31 18
32 0
33 30
34 3
35 6
36 33
37 2
38 23
39 1
40 10
41 8
SIMILAR

13 2 12 6 26 22 9 24 8 40 34 18 29 25 7 11 14 39 20 31 23 19 32 16 30 37 36 27 10 5 17 33 4 1 38 15 3 41 35 0 21 28 
0 39
1 33
2 1
3 36
4 32
5 29
6 3
7 14
8 8
9 6
10 28
11 15
12 2
13 0
14 16
15 35
16 23
17 30
18 11
19 21
20 18
21 40
22 5
23 20
24 7
25 13
26 4
27 27
28 41
29 12
30 24
31 19
32 22
33 31
34 10
35 38
36 26
37 25
38 34
39 17
40 9
41 37
SIMILAR

33 39 0 9 24 22 23 38 41 4 32 1 29 37 14 8 6 27 30 21 3 5 2 40 19 31 11 36 20 13 34 35 28 25 26 12 16 7 10 15 17 18 
0 2
1 11
2 22
3 20
4 9
5 21
6 16
7 37
8 15
9 3
10 38
11 26
12 35
13 29
14 14
15 39
16 36
17 40
18 41
19 24
20 28
21 19
22 5
23 6
24 4
25 33
26 34
27 17
28 32
29 12
30 18
31 25
32 10
33 0
34 30
35 31
36 27
37 13
38 7
39 1
40 23
41 8
SIMILAR

6 34 16 24 13 9 20 30 37 31 11 23 40 4 5 1 25 18 36 17 32 2 19 15 41 29 3 14 0 38 22 26 21 35 27 8 33 7 28 12 10 39 
0 28
1 15
2 21
3 26
4 13
5 14
6 0
7 37
8 35
9 5
10 40
11 10
12 39
13 4
14 27
15 23
16 2
17 19
18 17
19 22
20 6
21 32
22 30
23 11
24 3
25 16
26 31
27 34
28 38
29 25
30 7
31 9
32 20
33 36
34 1
35 33
36 18
37 8
38 29
39 41
40 12
41 24
SIMILAR

35 25 34 7 12 4 17 41 10 2 39 13 9 6 26 21 16 20 40 18 8 19 36 22 5 11 32 29 37 28 3 15 1 33 31 14 27 24 30 0 23 38 
0 39
1 32
2 9
3 30
4 5
5 24
6 13
7 3
8 20
9 12
10 8
11 25
12 4
13 11
14 35
15 31
16 16
17 6
18 19
19 21
20 17
21 15
22 23
23 40
24 37
25 1
26 14
27 36
28 29
29 27
30 38
31 34
32 26
33 33
34 2
35 0
36 22
37 28
38 41
39 10
40 18
41 7
SIMILAR

15 25 8 12 20 1 5 3 26 23 17 32 18 11 10 40 41 6 39 2 24 37 35 19 31 14 22 28 33 13 4 27 30 34 9 16 0 29 36 21 7 38 
0 36
1 5
2 19
3 7
4 30
5 6
6 17
7 40
8 2
9 34
10 14
11 13
12 3
13 29
14 25
15 0
16 35
17 10
18 12
19 23
20 4
21 39
22 26
23 9
24 20
25 1
26 8
27 31
28 27
29 37
30 32
31 24
32 11
33 28
34 33
35 22
36 38
37 21
38 41
39 18
40 15
41 16
SIMILAR

0 28 22 15 37 16 27 14 33 13 34 30 19 6 26 24 4 20 21 41 35 18 8 23 12 10 2 11 3 36 39 29 17 32 25 7 40 1 9 38 5 31 
0 0
1 37
2 26
3 28
4 16
5 40
6 13
7 35
8 22
9 38
10 25
11 27
12 24
13 9
14 7
15 3
16 5
17 32
18 21
19 12
20 17
21 18
22 2
23 23
24 15
25 34
26 14
27 6
28 1
29 31
30 11
31 41
32 33
33 8
34 10
35 20
36 29
37 4
38 39
39 30
40 36
41 19
SIMILAR

30 20 27 14 18 2 41 37 24 8 26 9 12 40 16 39 38 36 4 33 31 28 6 34 32 25 17 21 11 23 10 1 22 35 0 3 7 15 13 5 19 29 
0 34
1 31
2 5
3 35
4 18
5 39
6 22
7 36
8 9
9 11
10 30
11 28
12 12
13 38
14 3
15 37
16 14
17 26
18 4
19 40
20 1
21 27
22 32
23 29
24 8
25 25
26 10
27 2
28 21
29 41
30 0
31 20
32 24
33 19
34 23
35 33
36 17
37 7
38 16
39 15
40 13
41 6
SIMILAR

7 16 10 1 14 11 6 35 25 3 39 4 26 36 9 33 12 21 23 2 41 38 17 20 18 5 13 32 22 40 28 24 37 31 27 30 0 8 29 15 19 34 
0 36
1 3
2 19
3 9
4 11
5 25
6 6
7 0
8 37
9 14
10 2
11 5
12 16
13 26
14 4
15 39
16 1
17 22
18 24
19 40
20 23
21 17
22 28
23 18
24 31
25 8
26 12
27 34
28 30
29 38
30 35
31 33
32 27
33 15
34 41
35 7
36 13
37 32
38 21
39 10
40 29
41 20
SIMILAR

36 22 23 30 17 27 39 9 3 20 4 31 41 38 14 35 13 11 15 33 6 26 25 19 2 0 7 5 34 28 29 12 18 32 21 10 37 1 16 8 24 40 
0 25
1 37
2 24
3 8
4 10
5 27
6 20
7 26
8 39
9 7
10 35
11 17
12 31
13 16
14 14
15 18
16 38
17 4
18 32
19 23
20 9
21 34
22 1
23 2
24 40
25 22
26 21
27 5
28 29
29 30
30 3
31 11
32 33
33 19
34 28
35 15
36 0
37 36
38 13
39 6
40 41
41 12
SIMILAR

22 34 10 18 25 38 21 14 9 39 36 40 12 30 6 1 24 3 28 31 35 41 16 11 4 37 2 8 5 19 7 17 13 32 27 20 15 33 26 0 23 29 
0 39
1 15
2 26
3 17
4 24
5 28
6 14
7 30
8 27
9 8
10 2
11 23
12 12
13 32
14 7
15 36
16 22
17 31
18 3
19 29
20 35
21 6
22 0
23 40
24 16
25 4
26 38
27 34
28 18
29 41
30 13
31 19
32 33
33 37
34 1
35 20
36 10
37 25
38 5
39 9
40 11
41 21
SIMILAR

1 41 40 21 23 18 20 30 3 22 13 36 27 9 2 39 0 29 32 5 19 25 28 38 15 10 33 26 8 14 12 34 17 31 11 4 16 7 24 37 6 35 
0 16
1 0
2 14
3 8
4 35
5 19
6 40
7 37
8 28
9 13
10 25
11 34
12 30
13 10
14 29
15 24
16 36
17 32
18 5
19 20
20 6
21 3
22 9
23 4
24 38
25 21
26 27
27 12
28 22
29 17
30 7
31 33
32 18
33 26
34 31
35 41
36 11
37 39
38 23
39 15
40 2
41 1
SIMILAR

15 11 22 34 16 2 32 21 37 4 9 18 7 35 29 3 12 0 1 20 14 6 8 5 28 19 24 33 17 13 36 27 38 41 26 23 39 31 40 25 10 30 
0 17
1 18
2 5
3 15
4 9
5 23
6 21
7 12
8 22
9 10
10 40
11 1
12 16
13 29
14 20
15 0
16 4
17 28
18 11
19 25
20 19
21 7
22 2
23 35
24 26
25 39
26 34
27 31
28 24
29 14
30 41
31 37
32 6
33 27
34 3
35 13
36 30
37 8
38 32
39 36
40 38
41 33
SIMILAR

1 10 3 24 31 0 38 7 40 2 30 12 11 9 23 14 33 4 17 28 6 16 5 41 25 26 13 19 37 18 21 8 22 15 36 29 35 34 27 20 32 39 
0 5
1 0
2 9
3 2
4 17
5 22
6 20
7 7
8 31
9 13
10 1
11 12
12 11
13 26
14 15
15 33
16 21
17 18
18 29
19 27
20 39
21 30
22 32
23 14
24 3
25 24
26 25
27 38
28 19
29 35
30 10
31 4
32 40
33 16
34 37
35 36
36 34
37 28
38 6
39 41
40 8
41 23
SIMILAR

21 8 18 15 19 24 36 16 17 7 9 40 28 27 26 5 14 33 23 32 1 22 29 39 30 13 35 41 4 25 20 38 0 10 12 2 31 34 6 37 3 11 
0 32
1 20
2 35
3 40
4 28
5 15
6 38
7 9
8 1
9 10
10 33
11 41
12 34
13 25
14 16
15 3
16 7
17 8
18 2
19 4
20 30
21 0
22 21
23 18
24 5
25 29
26 14
27 13
28 12
29 22
30 24
31 36
32 19
33 17
34 37
35 26
36 6
37 39
38 31
39 23
40 11
41 27
SIMILAR

16 32 9 22 6 25 15 12 34 40 7 2 8 11 30 19 39 41 31 1 17 28 5 37 26 20 4 18 13 0 3 14 38 29 35 33 23 21 10 24 36 27 
0 29
1 19
2 11
3 30
4 26
5 22
6 4
7 10
8 12
9 2
10 38
11 13
12 7
13 28
14 31
15 6
16 0
17 20
18 27
19 15
20 25
21 37
22 3
23 36
24 39
25 5
26 24
27 41
28 21
29 33
30 14
31 18
32 1
33 35
34 8
35 34
36 40
37 23
38 32
39 16
40 9
41 17
SIMILAR

26 15 28 24 23 40 39 12 36 4 7 18 0 17 13 29 16 25 33 1 2 38 21 19 6 14 34 22 35 37 3 11 30 41 31 10 20 27 5 9 32 8 
0 12
1 19
2 20
3 30
4 9
5 38
6 24
7 10
8 41
9 39
10 35
11 31
12 7
13 14
14 25
15 1
16 16
17 13
18 11
19 23
20 36
21 22
22 27
23 4
24 3
25 17
26 0
27 37
28 2
29 15
30 32
31 34
32 40
33 18
34 26
35 28
36 8
37 29
38 21
39 6
40 5
41 33
SIMILAR

23 2 12 14 29 10 36 13 7 11 9 38 27 40 25 5 35 19 33 20 16 37 34 32 3 8 18 4 1 6 17 21 26 31 0 22 41 39 24 15 28 30 
0 34
1 28
2 1
3 24
4 27
5 15
6 29
7 8
8 25
9 10
10 5
11 9
12 2
13 7
14 3
15 39
16 20
17 30
18 26
19 17
20 19
21 31
22 35
23 0
24 38
25 14
26 32
27 12
28 40
29 4
30 41
31 33
32 23
33 18
34 22
35 16
36 6
37 21
38 11
39 37
40 13
41 36
SIMILAR

5 6 14 30 3 31 10 12 13 36 38 2 19 17 27 33 1 28 22 9 7 25 34 4 35 41 21 23 37 0 20 11 18 39 8 16 29 24 15 32 26 40 
0 29
1 16
2 11
3 4
4 23
5 0
6 1
7 20
8 34
9 19
10 6
11 31
12 7
13 8
14 2
15 38
16 35
17 13
18 32
19 12
20 30
21 26
22 18
23 27
24 37
25 21
26 40
27 14
28 17
29 36
30 3
31 5
32 39
33 15
34 22
35 24
36 9
37 28
38 10
39 33
40 41
41 25
SIMILAR

1 20 0 33 25 17 23 41 2 34 37 12 6 7 10 18 26 40 13 15 16 4 24 8 11 31 22 29 30 36 32 28 3 5 9 14 39 19 27 35 38 21 
0 2
1 0
2 8
3 32
4 21
5 33
6 12
7 13
8 23
9 34
10 14
11 24
12 11
13 18
14 35
15 19
16 20
17 5
18 15
19 37
20 1
21 41
22 26
23 6
24 22
25 4
26 16
27 38
28 31
29 27
30 28
31 25
32 30
33 3
34 9
35 39
36 29
37 10
38 40
39 36
40 17
41 7
SIMILAR

25 9 29 26 16 40 11 5 39 12 41 38 27 0 10 33 34 1 36 31 32 7 17 28 19 14 18 30 35 8 21 24 20 15 37 13 2 6 22 23 3 4 
0 13
1 17
2 36
3 40
4 41
5 7
6 37
7 21
8 29
9 1
10 14
11 6
12 9
13 35
14 25
15 33
16 4
17 22
18 26
19 24
20 32
21 30
22 38
23 39
24 31
25 0
26 3
27 12
28 23
29 2
30 27
31 19
32 20
33 15
34 16
35 28
36 18
37 34
38 11
39 8
40 5
41 10
SIMILAR

14 13 15 16 21 31 24 17 29 18 41 37 4 19 28 2 10 39 34 9 0 3 5 40 25 8 26 23 12 38 7 6 20 1 27 11 30 22 36 32 35 33 
0 20
1 33
2 15
3 21
4 12
5 22
6 31
7 30
8 25
9 19
10 16
11 35
12 28
13 1
14 0
15 2
16 3
17 7
18 9
19 13
20 32
21 4
22 37
23 27
24 6
25 24
26 26
27 34
28 14
29 8
30 36
31 5
32 39
33 41
34 18
35 40
36 38
37 11
38 29
39 17
40 23
41 10
SIMILAR

26 9 23 37 0 18 6 38 41 17 34 27 12 4 10 7 33 25 28 24 2 11 5 32 16 36 40 35 29 3 21 39 30 31 13 1 15 8 20 19 22 14 
0 4
1 35
2 20
3 29
4 13
5 22
6 6
7 15
8 37
9 1
10 14
11 21
12 12
13 34
14 41
15 36
16 24
17 9
18 5
19 39
20 38
21 30
22 40
23 2
24 19
25 17
26 0
27 11
28 18
29 28
30 32
31 33
32 23
33 16
34 10
35 27
36 25
37 3
38 7
39 31
40 26
41 8
SIMILAR

30 20 13 32 17 10 1 35 7 15 3 18 5 9 12 0 33 23 25 16 22 24 39 31 2 19 26 4 14 34 6 21 37 38 27 11 40 8 28 41 29 36 
0 15
1 6
2 24
3 10
4 27
5 12
6 30
7 8
8 37
9 13
10 5
11 35
12 14
13 2
14 28
15 9
16 19
17 4
18 11
19 25
20 1
21 31
22 20
23 17
24 21
25 18
26 26
27 34
28 38
29 40
30 0
31 23
32 3
33 16
34 29
35 7
36 41
37 32
38 33
39 22
40 36
41 39
SIMILAR

27 33 9 23 1 6 5 8 17 20 0 41 26 16 11 12 29 2 7 28 24 15 40 34 19 39 13 30 35 10 38 36 22 31 25 37 14 32 4 18 21 3 
0 10
1 4
2 17
3 41
4 38
5 6
6 5
7 18
8 7
9 2
10 29
11 14
12 15
13 26
14 36
15 21
16 13
17 8
18 39
19 24
20 9
21 40
22 32
23 3
24 20
25 34
26 12
27 0
28 19
29 16
30 27
31 33
32 37
33 1
34 23
35 28
36 31
37 35
38 30
39 25
40 22
41 11
SIMILAR

41 26 27 4 18 29 14 13 22 34 39 36 30 15 16 3 33 24 21 23 32 31 9 19 38 6 1 25 2 37 28 8 0 20 12 7 17 11 5 10 35 40 
0 32
1 26
2 28
3 15
4 3
5 38
6 25
7 35
8 31
9 22
10 39
11 37
12 34
13 7
14 6
15 13
16 14
17 36
18 4
19 23
20 33
21 18
22 8
23 19
24 17
25 27
26 1
27 2
28 30
29 5
30 12
31 21
32 20
33 16
34 9
35 40
36 11
37 29
38 24
39 10
40 41
41 0
SIMILAR

16 30 20 25 3 34 11 37 9 36 6 17 4 18 0 26 2 1 31 27 29 40 19 7 8 14 5 13 33 35 24 28 10 41 15 32 12 38 22 39 21 23 
0 14
1 17
2 16
3 4
4 12
5 26
6 10
7 23
8 24
9 8
10 32
11 6
12 36
13 27
14 25
15 34
16 0
17 11
18 13
19 22
20 2
21 40
22 38
23 41
24 30
25 3
26 15
27 19
28 31
29 20
30 1
31 18
32 35
33 28
34 5
35 29
36 9
37 7
38 37
39 39
40 21
41 33
SIMILAR

24 36 6 23 17 33 34 14 22 27 16 1 2 32 3 10 40 29 35 8 11 13 25 41 9 37 5 0 21 31 12 39 30 18 26 15 38 19 7 20 4 28 
0 27
1 11
2 12
3 14
4 40
5 26
6 2
7 38
8 19
9 24
10 15
11 20
12 30
13 21
14 7
15 35
16 10
17 4
18 33
19 37
20 39
21 28
22 8
23 3
24 0
25 22
26 34
27 9
28 41
29 17
30 32
31 29
32 13
33 5
34 6
35 18
36 1
37 25
38 36
39 31
40 16
41 23
SIMILAR

9 6 12 2 0 31 3 29 41 21 23 34 7 38 13 11 40 5 35 20 8 37 17 24 39 30 22 36 14 1 19 33 10 4 32 16 28 15 27 26 18 25 
0 4
1 29
2 3
3 6
4 33
5 17
6 1
7 12
8 20
9 0
10 32
11 15
12 2
13 14
14 28
15 37
16 35
17 22
18 40
19 30
20 19
21 9
22 26
23 10
24 23
25 41
26 39
27 38
28 36
29 7
30 25
31 5
32 34
33 31
34 11
35 18
36 27
37 21
38 13
39 24
40 16
41 8
SIMILAR

37 13 26 2 3 32 1 4 0 35 38 10 12 25 34 18 41 30 28 17 31 15 27 29 20 33 5 39 11 7 16 9 8 24 40 36 23 21 22 6 19 14 
0 8
1 6
2 3
3 4
4 7
5 26
6 39
7 29
8 32
9 31
10 11
11 28
12 12
13 1
14 41
15 21
16 30
17 19
18 15
19 40
20 24
21 37
22 38
23 36
24 33
25 13
26 2
27 22
28 18
29 23
30 17
31 20
32 5
33 25
34 14
35 9
36 35
37 0
38 10
39 27
40 34
41 16
SIMILAR

15 40 22 26 16 25 24 29 28 31 8 14 33 34 41 19 3 32 23 4 0 1 12 35 13 6 39 7 5 21 10 38 27 30 20 37 11 36 9 18 2 17 
0 20
1 21
2 40
3 16
4 19
5 28
6 25
7 27
8 10
9 38
10 30
11 36
12 22
13 24
14 11
15 0
16 4
17 41
18 39
19 15
20 34
21 29
22 2
23 18
24 6
25 5
26 3
27 32
28 8
29 7
30 33
31 9
32 17
33 12
34 13
35 23
36 37
37 35
38 31
39 26
40 1
41 14
SIMILAR

9 28 30 39 21 0 19 33 16 17 12 4 5 25 35 36 26 7 22 27 23 31 37 32 24 41 29 10 40 34 1 15 3 6 38 18 14 13 11 20 2 8 
0 5
1 30
2 40
3 32
4 11
5 12
6 33
7 17
8 41
9 0
10 27
11 38
12 10
13 37
14 36
15 31
16 8
17 9
18 35
19 6
20 39
21 4
22 18
23 20
24 24
25 13
26 16
27 19
28 1
29 26
30 2
31 21
32 23
33 7
34 29
35 14
36 15
37 22
38 34
39 3
40 28
41 25
SIMILAR

24 30 2 33 1 16 13 36 21 19 34 11 14 6 25 9 10 8 12 38 27 35 28 31 39 7 40 37 26 15 3 23 0 5 41 17 4 20 29 18 22 32 
0 32
1 4
2 2
3 30
4 36
5 33
6 13
7 25
8 17
9 15
10 16
11 11
12 18
13 6
14 12
15 29
16 5
17 35
18 39
19 9
20 37
21 8
22 40
23 31
24 0
25 14
26 28
27 20
28 22
29 38
30 1
31 23
32 41
33 3
34 10
35 21
36 7
37 27
38 19
39 24
40 26
41 34
SIMILAR

35 6 29 10 24 32 22 18 13 1 17 5 38 39 36 15 27 23 40 41 26 34 7 25 3 37 19 11 9 30 4 33 0 20 2 14 28 8 31 12 16 21 
0 32
1 9
2 34
3 24
4 30
5 11
6 1
7 22
8 37
9 28
10 3
11 27
12 39
13 8
14 35
15 15
16 40
17 10
18 7
19 26
20 33
21 41
22 6
23 17
24 4
25 23
26 20
27 16
28 36
29 2
30 29
31 38
32 5
33 31
34 21
35 0
36 14
37 25
38 12
39 13
40 18
41 19
SIMILAR

29 10 6 33 41 26 21 20 40 23 32 35 30 22 31 13 8 19 4 37 16 1 18 27 11 36 39 2 17 24 15 28 5 3 9 14 0 34 12 7 25 38 
0 36
1 21
2 27
3 33
4 18
5 32
6 2
7 39
8 16
9 34
10 1
11 24
12 38
13 15
14 35
15 30
16 20
17 28
18 22
19 17
20 7
21 6
22 13
23 9
24 29
25 40
26 5
27 23
28 31
29 0
30 12
31 14
32 10
33 3
34 37
35 11
36 25
37 19
38 41
39 26
40 8
41 4
SIMILAR

14 32 23 40 9 37 26 8 31 3 41 4 19 36 28 2 13 7 33 17 25 15 27 22 18 38 29 6 11 24 20 1 10 16 39 34 12 35 30 21 0 5 
0 40
1 31
2 15
3 9
4 11
5 41
6 27
7 17
8 7
9 4
10 32
11 28
12 36
13 16
14 0
15 21
16 33
17 19
18 24
19 12
20 30
21 39
22 23
23 2
24 29
25 20
26 6
27 22
28 14
29 26
30 38
31 8
32 1
33 18
34 35
35 37
36 13
37 5
38 25
39 34
40 3
41 10
SIMILAR

34 18 23 4 6 7 2 12 31 14 0 16 38 13 21 22 41 1 9 32 8 28 11 3 35 30 37 40 29 33 24 27 20 15 26 25 36 17 39 19 5 10 
0 10
1 17
2 6
3 23
4 3
5 40
6 4
7 5
8 20
9 18
10 41
11 22
12 7
13 13
14 9
15 33
16 11
17 37
18 1
19 39
20 32
21 14
22 15
23 2
24 30
25 35
26 34
27 31
28 21
29 28
30 25
31 8
32 19
33 29
34 0
35 24
36 36
37 26
38 12
39 38
40 27
41 16
SIMILAR

29 39 13 26 32 31 17 14 9 38 28 6 4 33 12 0 20 34 23 35 37 40 22 10 19 2 11 1 7 25 41 15 27 18 16 5 21 30 3 24 8 36 
0 15
1 27
2 25
3 38
4 12
5 35
6 11
7 28
8 40
9 8
10 23
11 26
12 14
13 2
14 7
15 31
16 34
17 6
18 33
19 24
20 16
21 36
22 22
23 18
24 39
25 29
26 3
27 32
28 10
29 0
30 37
31 5
32 4
33 13
34 17
35 19
36 41
37 20
38 9
39 1
40 21
41 30
SIMILAR

34 35 36 14 31 22 28 11 40 23 39 7 20 30 17 8 21 19 26 29 32 2 27 25 16 4 41 10 3 12 9 24 5 18 0 37 13 15 38 33 1 6 
0 34
1 40
2 21
3 28
4 25
5 32
6 41
7 11
8 15
9 30
10 27
11 7
12 29
13 36
14 3
15 37
16 24
17 14
18 33
19 17
20 12
21 16
22 5
23 9
24 31
25 23
26 18
27 22
28 6
29 19
30 13
31 4
32 20
33 39
34 0
35 1
36 2
37 35
38 38
39 10
40 8
41 26
SIMILAR

2 14 9 35 27 10 8 41 26 23 13 32 20 40 4 39 21 24 12 0 15 37 17 34 29 16 3 19 31 22 28 11 38 36 7 5 1 25 6 18 30 33 
0 19
1 36
2 0
3 26
4 14
5 35
6 38
7 34
8 6
9 2
10 5
11 31
12 18
13 10
14 1
15 20
16 25
17 22
18 39
19 27
20 12
21 16
22 29
23 9
24 17
25 37
26 8
27 4
28 30
29 24
30 40
31 28
32 11
33 41
34 23
35 3
36 33
37 21
38 32
39 15
40 13
41 7
SIMILAR

0 27 41 9 23 6 1 17 4 20 10 32 3 30 36 31 33 16 40 22 35 7 12 21 15 2 25 5 19 18 34 28 24 13 11 29 26 39 14 37 38 8 
0 0
1 6
2 25
3 12
4 8
5 27
6 5
7 21
8 41
9 3
10 10
11 34
12 22
13 33
14 38
15 24
16 17
17 7
18 29
19 28
20 9
21 23
22 19
23 4
24 32
25 26
26 36
27 1
28 31
29 35
30 13
31 15
32 11
33 16
34 30
35 20
36 14
37 39
38 40
39 37
40 18
41 2
SIMILAR

6 8 19 36 14 17 28 23 35 1 9 24 12 0 21 25 11 22 27 33 7 40 41 13 34 20 10 37 26 31 30 15 2 4 39 16 5 18 32 29 38 3 
0 13
1 9
2 32
3 41
4 33
5 36
6 0
7 20
8 1
9 10
10 26
11 16
12 12
13 23
14 4
15 31
16 35
17 5
18 37
19 2
20 25
21 14
22 17
23 7
24 11
25 15
26 28
27 18
28 6
29 39
30 30
31 29
32 38
33 19
34 24
35 8
36 3
37 27
38 40
39 34
40 21
41 22
SIMILAR

24 40 16 0 2 3 37 35 21 26 5 20 17 18 23 1 6 22 11 39 38 14 25 12 13 29 41 31 7 15 8 32 33 34 36 28 4 19 27 9 10 30 
0 3
1 15
2 4
3 5
4 36
5 10
6 16
7 28
8 30
9 39
10 40
11 18
12 23
13 24
14 21
15 29
16 2
17 12
18 13
19 37
20 11
21 8
22 17
23 14
24 0
25 22
26 9
27 38
28 35
29 25
30 41
31 27
32 31
33 32
34 33
35 7
36 34
37 6
38 20
39 19
40 1
41 26
SIMILAR

18 19 10 13 6 20 11 31 4 1 14 25 34 17 7 22 38 23 3 32 0 33 30 27 8 9 24 2 36 26 29 39 15 12 40 35 28 41 37 16 5 21 
0 20
1 9
2 27
3 18
4 8
5 40
6 4
7 14
8 24
9 25
10 2
11 6
12 33
13 3
14 10
15 32
16 39
17 13
18 0
19 1
20 5
21 41
22 15
23 17
24 26
25 11
26 29
27 23
28 36
29 30
30 22
31 7
32 19
33 21
34 12
35 35
36 28
37 38
38 16
39 31
40 34
41 37
SIMILAR

9 36 23 3 2 10 1 14 20 24 30 7 39 28 37 29 33 35 18 21 12 34 16 25 27 6 13 38 15 41 4 40 26 22 19 0 11 32 8 5 17 31 
0 35
1 6
2 4
3 3
4 30
5 39
6 25
7 11
8 38
9 0
10 5
11 36
12 20
13 26
14 7
15 28
16 22
17 40
18 18
19 34
20 8
21 19
22 33
23 2
24 9
25 23
26 32
27 24
28 13
29 15
30 10
31 41
32 37
33 16
34 21
35 17
36 1
37 14
38 27
39 12
40 31
41 29
SIMILAR

6 37 4 24 32 20 9 11 16 17 5 18 15 30 39 21 28 1 3 7 29 2 31 34 35 33 13 0 27 23 19 26 12 8 10 25 41 22 14 36 38 40 
0 27
1 17
2 21
3 18
4 2
5 10
6 0
7 19
8 33
9 6
10 34
11 7
12 32
13 26
14 38
15 12
16 8
17 9
18 11
19 30
20 5
21 15
22 37
23 29
24 3
25 35
26 31
27 28
28 16
29 20
30 13
31 22
32 4
33 25
34 23
35 24
36 39
37 1
38 40
39 14
40 41
41 36
SIMILAR

20 30 12 5 11 38 21 16 19 9 17 4 7 6 37 2 14 39 3 31 25 22 23 13 33 29 10 36 18 35 8 40 0 27 28 24 32 15 1 41 34 26 
0 32
1 38
2 15
3 18
4 11
5 3
6 13
7 12
8 30
9 9
10 26
11 4
12 2
13 23
14 16
15 37
16 7
17 10
18 28
19 8
20 0
21 6
22 21
23 22
24 35
25 20
26 41
27 33
28 34
29 25
30 1
31 19
32 36
33 24
34 40
35 29
36 27
37 14
38 5
39 17
40 31
41 39
SIMILAR

3 18 37 34 19 13 9 15 5 40 35 33 29 1 41 10 6 22 25 14 31 21 23 2 11 17 38 8 4 30 36 28 20 26 27 39 24 32 7 0 12 16 
0 39
1 13
2 23
3 0
4 28
5 8
6 16
7 38
8 27
9 6
10 15
11 24
12 40
13 5
14 19
15 7
16 41
17 25
18 1
19 4
20 32
21 21
22 17
23 22
24 36
25 18
26 33
27 34
28 31
29 12
30 29
31 20
32 37
33 11
34 3
35 10
36 30
37 2
38 26
39 35
40 9
41 14
SIMILAR

10 34 11 0 28 33 12 8 41 5 19 15 30 9 35 13 26 16 39 37 24 29 31 22 27 23 1 20 3 2 17 25 36 7 18 21 6 32 4 14 38 40 
0 3
1 26
2 29
3 28
4 38
5 9
6 36
7 33
8 7
9 13
10 0
11 2
12 6
13 15
14 39
15 11
16 17
17 30
18 34
19 10
20 27
21 35
22 23
23 25
24 20
25 31
26 16
27 24
28 4
29 21
30 12
31 22
32 37
33 5
34 1
35 14
36 32
37 19
38 40
39 18
40 41
41 8
SIMILAR

17 36 30 8 20 27 31 25 35 7 14 5 38 22 28 11 21 24 37 26 34 19 39 15 32 6 4 13 9 3 12 41 2 18 16 1 33 23 0 40 10 29 
0 38
1 35
2 32
3 29
4 26
5 11
6 25
7 9
8 3
9 28
10 40
11 15
12 30
13 27
14 10
15 23
16 34
17 0
18 33
19 21
20 4
21 16
22 13
23 37
24 17
25 7
26 19
27 5
28 14
29 41
30 2
31 6
32 24
33 36
34 20
35 8
36 1
37 18
38 12
39 22
40 39
41 31
SIMILAR
100 0
2400 0
382400 0
