21
0 1 1 1 1 0 1 1 1 0 1 1 1 0 1 1 1 1 0 0 1 
1 0 0 1 0 0 0 1 1 1 0 1 1 1 0 1 0 1 1 1 0 
1 0 0 0 0 0 1 1 1 1 1 1 1 1 1 1 0 1 1 0 0 
1 1 0 0 0 1 0 1 0 0 1 0 1 1 0 0 0 0 0 1 1 
1 0 0 0 0 1 0 0 0 1 0 1 1 0 1 0 0 0 0 1 0 
0 0 0 1 1 0 1 1 0 0 1 0 1 1 0 0 1 0 1 0 0 
1 0 1 0 0 1 0 1 1 0 0 0 0 0 1 1 0 0 0 0 0 
1 1 1 1 0 1 1 0 1 0 0 1 0 0 0 1 1 1 1 1 1 
1 1 1 0 0 0 1 1 0 1 1 1 0 1 1 1 1 0 0 1 0 
0 1 1 0 1 0 0 0 1 0 1 1 0 0 0 1 0 0 1 0 0 
1 0 1 1 0 1 0 0 1 1 0 1 1 1 0 1 0 0 0 1 1 
1 1 1 0 1 0 0 1 1 1 1 0 1 1 1 0 1 0 1 1 1 
1 1 1 1 1 1 0 0 0 0 1 1 0 1 1 1 1 1 1 1 1 
0 1 1 1 0 1 0 0 1 0 1 1 1 0 0 1 0 0 0 0 1 
1 0 1 0 1 0 1 0 1 0 0 1 1 0 0 1 1 1 0 1 0 
1 1 1 0 0 0 1 1 1 1 1 0 1 1 1 0 0 0 1 0 1 
1 0 0 0 0 1 0 1 1 0 0 1 1 0 1 0 0 0 1 0 0 
1 1 1 0 0 0 0 1 0 0 0 0 1 0 1 0 0 0 1 1 0 
0 1 1 0 0 1 0 1 0 1 0 1 1 0 0 1 1 1 0 0 1 
0 1 0 1 1 0 0 1 1 0 1 1 1 0 1 0 0 1 0 0 1 
1 0 0 1 0 0 0 1 0 0 1 1 1 1 0 1 0 0 1 1 0 

11 10 5 18 3 13 12 15 4 2 20 19 1 7 0 16 14 9 8 17 6 
0 14
1 12
2 9
3 4
4 8
5 2
6 20
7 13
8 18
9 17
10 1
11 0
12 6
13 5
14 16
15 7
16 15
17 19
18 3
19 11
20 10
SIMILAR

0 16 4 6 3 17 18 13 15 12 10 14 5 19 1 2 11 9 7 20 8 
0 0
1 14
2 15
3 4
4 2
5 12
6 3
7 18
8 20
9 17
10 10
11 16
12 9
13 7
14 11
15 8
16 1
17 5
18 6
19 13
20 19
SIMILAR

11 20 7 6 19 13 10 15 17 5 2 1 8 12 14 16 3 4 0 9 18 
0 18
1 11
2 10
3 16
4 17
5 9
6 3
7 2
8 12
9 19
10 6
11 0
12 13
13 5
14 14
15 7
16 15
17 8
18 20
19 4
20 1
SIMILAR

1 19 18 13 15 3 8 14 10 9 5 6 0 7 4 16 2 17 12 20 11 
0 12
1 0
2 16
3 5
4 14
5 10
6 11
7 13
8 6
9 9
10 8
11 20
12 18
13 3
14 7
15 4
16 15
17 17
18 2
19 1
20 19
SIMILAR

16 17 2 8 6 18 4 11 19 10 1 0 12 5 13 9 3 15 7 20 14 
0 11
1 10
2 2
3 16
4 6
5 13
6 4
7 18
8 3
9 15
10 9
11 7
12 12
13 14
14 20
15 17
16 0
17 1
18 5
19 8
20 19
SIMILAR

3 5 6 17 16 1 7 18 8 14 11 13 10 9 12 15 19 20 4 0 2 
0 19
1 5
2 20
3 0
4 18
5 1
6 2
7 6
8 8
9 13
10 12
11 10
12 14
13 11
14 9
15 15
16 4
17 3
18 7
19 16
20 17
SIMILAR

19 13 18 8 14 2 3 10 6 5 15 0 4 12 20 7 1 9 17 11 16 
0 11
1 16
2 5
3 6
4 12
5 9
6 8
7 15
8 3
9 17
10 7
11 19
12 13
13 1
14 4
15 10
16 20
17 18
18 2
19 0
20 14
SIMILAR

15 8 11 12 19 4 17 14 6 7 9 2 13 3 0 1 18 10 16 20 5 
0 14
1 15
2 11
3 13
4 5
5 20
6 8
7 9
8 1
9 10
10 17
11 2
12 3
13 12
14 7
15 0
16 18
17 6
18 16
19 4
20 19
SIMILAR

7 18 0 3 19 8 17 10 4 20 2 14 12 16 5 9 15 11 1 13 6 
0 2
1 18
2 10
3 3
4 8
5 14
6 20
7 0
8 5
9 15
10 7
11 17
12 12
13 19
14 11
15 16
16 13
17 6
18 1
19 4
20 9
SIMILAR

5 18 0 2 9 16 12 11 4 6 17 14 20 15 3 13 7 8 10 1 19 
0 2
1 19
2 3
3 14
4 8
5 0
6 9
7 16
8 17
9 4
10 18
11 7
12 6
13 15
14 11
15 13
16 5
17 10
18 1
19 20
20 12
SIMILAR

7 12 8 10 9 14 19 11 16 18 6 17 20 15 13 1 4 3 2 0 5 
0 19
1 15
2 18
3 17
4 16
5 20
6 10
7 0
8 2
9 4
10 3
11 7
12 1
13 14
14 5
15 13
16 8
17 11
18 9
19 6
20 12
SIMILAR

2 3 9 6 11 8 5 7 15 18 10 1 17 12 20 16 13 4 14 19 0 
0 20
1 11
2 0
3 1
4 17
5 6
6 3
7 7
8 5
9 2
10 10
11 4
12 13
13 16
14 18
15 8
16 15
17 12
18 9
19 19
20 14
SIMILAR

20 15 2 3 5 17 19 14 11 0 9 4 6 10 18 7 16 8 12 13 1 
0 9
1 20
2 2
3 3
4 11
5 4
6 12
7 15
8 17
9 10
10 13
11 8
12 18
13 19
14 7
15 1
16 16
17 5
18 14
19 6
20 0
SIMILAR

3 18 13 12 5 17 19 0 8 4 11 6 7 20 14 1 10 2 9 15 16 
0 7
1 15
2 17
3 0
4 9
5 4
6 11
7 12
8 8
9 18
10 16
11 10
12 3
13 2
14 14
15 19
16 20
17 5
18 1
19 6
20 13
SIMILAR

2 16 4 1 0 10 6 19 9 3 20 8 17 12 7 14 18 15 5 11 13 
0 4
1 3
2 0
3 9
4 2
5 18
6 6
7 14
8 11
9 8
10 5
11 19
12 13
13 20
14 15
15 17
16 1
17 12
18 16
19 7
20 10
SIMILAR

11 15 19 12 8 2 1 7 9 3 20 14 16 17 4 10 6 5 18 13 0 
0 20
1 6
2 5
3 9
4 14
5 17
6 16
7 7
8 4
9 8
10 15
11 0
12 3
13 19
14 11
15 1
16 12
17 13
18 18
19 2
20 10
SIMILAR

1 4 7 13 11 10 9 15 0 2 8 3 5 16 20 19 17 18 12 6 14 
0 8
1 0
2 9
3 11
4 1
5 12
6 19
7 2
8 10
9 6
10 5
11 4
12 18
13 3
14 20
15 7
16 13
17 16
18 17
19 15
20 14
SIMILAR

16 9 1 6 8 7 2 5 10 14 19 4 0 17 13 20 12 11 18 15 3 
0 12
1 2
2 6
3 20
4 11
5 7
6 3
7 5
8 4
9 1
10 8
11 17
12 16
13 14
14 9
15 19
16 0
17 13
18 18
19 10
20 15
SIMILAR

2 4 17 18 16 1 8 9 7 14 3 19 15 12 11 13 5 20 0 6 10 
0 18
1 5
2 0
3 10
4 1
5 16
6 19
7 8
8 6
9 7
10 20
11 14
12 13
13 15
14 9
15 12
16 4
17 2
18 3
19 11
20 17
SIMILAR

5 4 15 0 1 2 20 12 6 7 16 17 14 3 19 8 10 18 13 9 11 
0 3
1 4
2 5
3 13
4 1
5 0
6 8
7 9
8 15
9 19
10 16
11 20
12 7
13 18
14 12
15 2
16 10
17 11
18 17
19 14
20 6
SIMILAR

14 8 18 10 1 3 15 17 6 11 16 9 7 5 4 13 20 19 0 2 12 
0 18
1 4
2 19
3 5
4 14
5 13
6 8
7 12
8 1
9 11
10 3
11 9
12 20
13 15
14 0
15 6
16 10
17 7
18 2
19 17
20 16
SIMILAR

19 20 6 5 18 2 4 12 16 11 17 3 0 1 13 8 7 14 10 9 15 
0 12
1 13
2 5
3 11
4 6
5 3
6 2
7 16
8 15
9 19
10 18
11 9
12 7
13 14
14 17
15 20
16 8
17 10
18 4
19 0
20 1
SIMILAR

17 18 4 6 13 3 0 15 14 19 20 10 9 1 5 16 7 2 12 11 8 
0 6
1 13
2 17
3 5
4 2
5 14
6 3
7 16
8 20
9 12
10 11
11 19
12 18
13 4
14 8
15 7
16 15
17 0
18 1
19 9
20 10
SIMILAR

15 10 2 19 3 20 6 13 5 9 0 14 4 7 16 1 18 11 17 8 12 
0 10
1 15
2 2
3 4
4 12
5 8
6 6
7 13
8 19
9 9
10 1
11 17
12 20
13 7
14 11
15 0
16 14
17 18
18 16
19 3
20 5
SIMILAR

10 3 15 14 19 1 12 2 9 13 16 8 20 18 4 6 11 5 7 17 0 
0 20
1 5
2 7
3 1
4 14
5 17
6 15
7 18
8 11
9 8
10 0
11 16
12 6
13 9
14 3
15 2
16 10
17 19
18 13
19 4
20 12
SIMILAR

1 11 12 9 13 6 8 15 18 19 4 20 10 14 0 7 16 5 2 17 3 
0 14
1 0
2 18
3 20
4 10
5 17
6 5
7 15
8 6
9 3
10 12
11 1
12 2
13 4
14 13
15 7
16 16
17 19
18 8
19 9
20 11
SIMILAR

7 0 13 10 20 17 8 14 12 11 5 19 2 6 15 1 3 4 18 9 16 
0 1
1 15
2 12
3 16
4 17
5 10
6 13
7 0
8 6
9 19
10 3
11 9
12 8
13 2
14 7
15 14
16 20
17 5
18 18
19 11
20 4
SIMILAR

10 8 7 15 18 14 12 5 11 17 3 6 16 2 9 13 0 20 1 4 19 
0 16
1 18
2 13
3 10
4 19
5 7
6 11
7 2
8 1
9 14
10 0
11 8
12 6
13 15
14 5
15 3
16 12
17 9
18 4
19 20
20 17
SIMILAR

10 6 4 13 2 8 11 1 19 15 3 5 0 7 20 12 16 14 17 18 9 
0 12
1 7
2 4
3 10
4 2
5 11
6 1
7 13
8 5
9 20
10 0
11 6
12 15
13 3
14 17
15 9
16 16
17 18
18 19
19 8
20 14
SIMILAR

19 8 14 6 7 18 2 10 3 4 20 1 12 17 11 9 5 0 13 15 16 
0 17
1 11
2 6
3 8
4 9
5 16
6 3
7 4
8 1
9 15
10 7
11 14
12 12
13 18
14 2
15 19
16 20
17 13
18 5
19 0
20 10
SIMILAR

7 1 15 6 10 11 16 9 14 12 18 3 17 0 5 19 13 8 4 20 2 
0 13
1 1
2 20
3 11
4 18
5 14
6 3
7 0
8 17
9 7
10 4
11 5
12 9
13 16
14 8
15 2
16 6
17 12
18 10
19 15
20 19
SIMILAR

8 14 0 11 5 16 15 3 10 17 7 9 4 19 20 12 6 2 13 18 1 
0 2
1 20
2 17
3 7
4 12
5 4
6 16
7 10
8 0
9 11
10 8
11 3
12 15
13 18
14 1
15 6
16 5
17 9
18 19
19 13
20 14
SIMILAR

17 0 3 18 15 9 12 16 4 19 6 1 7 20 14 8 10 13 5 11 2 
0 1
1 11
2 20
3 2
4 8
5 18
6 10
7 12
8 15
9 5
10 16
11 19
12 6
13 17
14 14
15 4
16 7
17 0
18 3
19 9
20 13
SIMILAR

20 1 2 7 11 12 6 16 18 14 10 8 17 9 4 0 3 15 5 19 13 
0 15
1 1
2 2
3 16
4 14
5 18
6 6
7 3
8 11
9 13
10 10
11 4
12 5
13 20
14 9
15 17
16 7
17 12
18 8
19 19
20 0
SIMILAR

17 9 12 7 8 0 1 20 19 6 3 10 2 5 18 11 15 16 14 4 13 
0 5
1 6
2 12
3 10
4 19
5 13
6 9
7 3
8 4
9 1
10 11
11 15
12 2
13 20
14 18
15 16
16 17
17 0
18 14
19 8
20 7
SIMILAR

5 18 15 20 2 14 11 6 16 4 12 17 10 1 19 9 8 13 3 7 0 
0 20
1 13
2 4
3 18
4 9
5 0
6 7
7 19
8 16
9 15
10 12
11 6
12 10
13 17
14 5
15 2
16 8
17 11
18 1
19 14
20 3
SIMILAR

16 5 9 14 4 19 12 7 15 18 13 11 1 2 20 6 3 8 0 17 10 
0 18
1 12
2 13
3 16
4 4
5 1
6 15
7 7
8 17
9 2
10 20
11 11
12 6
13 10
14 3
15 8
16 0
17 19
18 9
19 5
20 14
SIMILAR

14 3 9 10 18 7 8 6 1 19 16 20 2 4 13 0 17 11 15 12 5 
0 15
1 8
2 12
3 1
4 13
5 20
6 7
7 5
8 6
9 2
10 3
11 17
12 19
13 14
14 0
15 18
16 10
17 16
18 4
19 9
20 11
SIMILAR

9 1 10 18 12 16 2 11 15 0 19 17 4 5 6 13 7 14 20 3 8 
0 9
1 1
2 6
3 19
4 12
5 13
6 14
7 16
8 20
9 0
10 2
11 7
12 4
13 15
14 17
15 8
16 5
17 11
18 3
19 10
20 18
SIMILAR

5 0 12 7 11 15 13 1 3 16 2 19 9 8 18 20 10 4 14 6 17 
0 1
1 7
2 10
3 8
4 17
5 0
6 19
7 3
8 13
9 12
10 16
11 4
12 2
13 6
14 18
15 5
16 9
17 20
18 14
19 11
20 15
SIMILAR

16 5 18 15 1 11 2 10 7 12 0 19 4 17 6 14 9 13 3 8 20 
0 10
1 4
2 6
3 18
4 12
5 1
6 14
7 8
8 19
9 16
10 7
11 5
12 9
13 17
14 15
15 3
16 0
17 13
18 2
19 11
20 20
SIMILAR

20 3 16 19 5 11 1 12 15 17 14 8 9 2 6 7 18 4 10 13 0 
0 20
1 6
2 13
3 1
4 17
5 4
6 14
7 15
8 11
9 12
10 18
11 5
12 7
13 19
14 10
15 8
16 2
17 9
18 16
19 3
20 0
SIMILAR

13 20 1 16 19 0 17 6 4 12 11 5 3 2 10 15 14 18 9 7 8 
0 5
1 2
2 13
3 12
4 8
5 11
6 7
7 19
8 20
9 18
10 14
11 10
12 9
13 0
14 16
15 15
16 3
17 6
18 17
19 4
20 1
SIMILAR

20 6 18 17 14 11 15 13 0 7 8 19 12 4 2 9 10 16 3 5 1 
0 8
1 20
2 14
3 18
4 13
5 19
6 1
7 9
8 10
9 15
10 16
11 5
12 12
13 7
14 4
15 6
16 17
17 3
18 2
19 11
20 0
SIMILAR

15 4 17 1 5 8 13 2 16 10 12 11 6 7 20 3 18 0 14 19 9 
0 17
1 3
2 7
3 15
4 1
5 4
6 12
7 13
8 5
9 20
10 9
11 11
12 10
13 6
14 18
15 0
16 8
17 2
18 16
19 19
20 14
SIMILAR

9 10 3 5 8 2 15 19 14 12 4 6 11 16 0 17 13 7 20 1 18 
0 14
1 19
2 5
3 2
4 10
5 3
6 11
7 17
8 4
9 0
10 1
11 12
12 9
13 16
14 8
15 6
16 13
17 15
18 20
19 7
20 18
SIMILAR

3 12 15 7 19 4 20 17 9 2 1 8 14 10 16 13 6 5 18 11 0 
0 20
1 10
2 9
3 0
4 5
5 17
6 16
7 3
8 11
9 8
10 13
11 19
12 1
13 15
14 12
15 2
16 14
17 7
18 18
19 4
20 6
SIMILAR

0 1 9 6 8 2 5 18 7 4 12 14 11 19 17 20 10 13 3 16 15 
0 0
1 1
2 5
3 18
4 9
5 6
6 3
7 8
8 4
9 2
10 16
11 12
12 10
13 17
14 11
15 20
16 19
17 14
18 7
19 13
20 15
SIMILAR

17 3 7 9 8 2 0 10 18 19 14 6 16 15 13 11 12 1 4 20 5 
0 6
1 17
2 5
3 1
4 18
5 20
6 11
7 2
8 4
9 3
10 7
11 15
12 16
13 14
14 10
15 13
16 12
17 0
18 8
19 9
20 19
SIMILAR

1 5 9 14 18 4 7 13 6 15 2 8 17 16 3 12 19 0 11 20 10 
0 17
1 0
2 10
3 14
4 5
5 1
6 8
7 6
8 11
9 2
10 20
11 18
12 15
13 7
14 3
15 9
16 13
17 12
18 4
19 16
20 19
SIMILAR

14 8 15 1 19 13 3 5 18 9 16 12 4 7 10 20 17 0 6 11 2 
0 17
1 3
2 20
3 6
4 12
5 7
6 18
7 13
8 1
9 9
10 14
11 19
12 11
13 5
14 0
15 2
16 10
17 16
18 8
19 4
20 15
SIMILAR

1 14 15 10 16 13 9 17 18 6 11 20 7 19 4 5 12 8 3 2 0 
0 20
1 0
2 19
3 18
4 14
5 15
6 9
7 12
8 17
9 6
10 3
11 10
12 16
13 5
14 1
15 2
16 4
17 7
18 8
19 13
20 11
SIMILAR

17 0 5 10 19 18 12 20 3 15 13 9 16 6 1 11 7 14 4 2 8 
0 1
1 14
2 19
3 8
4 18
5 2
6 13
7 16
8 20
9 11
10 3
11 15
12 6
13 10
14 17
15 9
16 12
17 0
18 5
19 4
20 7
SIMILAR

17 13 20 9 11 14 1 3 19 4 6 10 18 12 8 16 7 2 15 0 5 
0 19
1 6
2 17
3 7
4 9
5 20
6 10
7 16
8 14
9 3
10 11
11 4
12 13
13 1
14 5
15 18
16 15
17 0
18 12
19 8
20 2
SIMILAR

11 8 7 3 17 4 6 10 5 1 13 12 14 19 20 9 18 0 2 16 15 
0 17
1 9
2 18
3 3
4 5
5 8
6 6
7 2
8 1
9 15
10 7
11 0
12 11
13 10
14 12
15 20
16 19
17 4
18 16
19 13
20 14
SIMILAR

1 9 18 11 10 13 20 15 12 0 3 4 5 19 17 14 8 7 16 2 6 
0 9
1 0
2 19
3 10
4 11
5 12
6 20
7 17
8 16
9 1
10 4
11 3
12 8
13 5
14 15
15 7
16 18
17 14
18 2
19 13
20 6
SIMILAR

17 7 11 8 1 9 0 14 12 3 19 4 13 18 15 16 6 2 10 20 5 
0 6
1 4
2 17
3 9
4 11
5 20
6 16
7 1
8 3
9 5
10 18
11 2
12 8
13 12
14 7
15 14
16 15
17 0
18 13
19 10
20 19
SIMILAR

18 11 9 15 6 7 0 19 13 1 16 5 3 17 10 4 2 12 14 20 8 
0 6
1 9
2 16
3 12
4 15
5 11
6 4
7 5
8 20
9 2
10 14
11 1
12 17
13 8
14 18
15 3
16 10
17 13
18 0
19 7
20 19
SIMILAR

4 11 20 7 5 14 16 19 0 2 15 9 10 6 3 8 13 17 12 18 1 
0 8
1 20
2 9
3 14
4 0
5 4
6 13
7 3
8 15
9 11
10 12
11 1
12 18
13 16
14 5
15 10
16 6
17 17
18 19
19 7
20 2
SIMILAR

20 18 10 4 7 1 16 6 12 9 3 2 13 19 14 0 17 15 11 8 5 
0 15
1 5
2 11
3 10
4 3
5 20
6 7
7 4
8 19
9 9
10 2
11 18
12 8
13 12
14 14
15 17
16 6
17 16
18 1
19 13
20 0
SIMILAR

12 11 13 20 3 4 19 0 7 9 2 1 18 5 10 16 8 6 15 14 17 
0 7
1 11
2 10
3 4
4 5
5 13
6 17
7 8
8 16
9 9
10 14
11 1
12 0
13 2
14 19
15 18
16 15
17 20
18 12
19 6
20 3
SIMILAR

15 0 17 14 12 13 19 7 8 3 16 5 9 11 6 10 20 18 1 4 2 
0 1
1 18
2 20
3 9
4 19
5 11
6 14
7 7
8 8
9 12
10 15
11 13
12 4
13 5
14 3
15 0
16 10
17 2
18 17
19 6
20 16
SIMILAR

14 11 20 17 16 12 18 4 5 7 13 15 0 2 1 3 8 9 19 6 10 
0 12
1 14
2 13
3 15
4 7
5 8
6 19
7 9
8 16
9 17
10 20
11 1
12 5
13 10
14 0
15 11
16 4
17 3
18 6
19 18
20 2
SIMILAR

13 16 8 14 17 0 12 20 7 5 2 18 1 15 3 9 19 11 10 4 6 
0 5
1 12
2 10
3 14
4 19
5 9
6 20
7 8
8 2
9 15
10 18
11 17
12 6
13 0
14 3
15 13
16 1
17 4
18 11
19 16
20 7
SIMILAR

16 19 6 17 1 14 9 12 2 13 18 15 0 8 4 10 11 3 20 5 7 
0 12
1 4
2 8
3 17
4 14
5 19
6 2
7 20
8 13
9 6
10 15
11 16
12 7
13 9
14 5
15 11
16 0
17 3
18 10
19 1
20 18
SIMILAR

2 6 12 7 20 10 18 1 16 4 8 17 3 19 14 9 13 0 11 15 5 
0 17
1 7
2 0
3 12
4 9
5 20
6 1
7 3
8 10
9 15
10 5
11 18
12 2
13 16
14 14
15 19
16 8
17 11
18 6
19 13
20 4
SIMILAR

6 15 7 4 5 12 8 10 11 3 17 19 13 20 0 18 9 1 16 14 2 
0 14
1 17
2 20
3 9
4 3
5 4
6 0
7 2
8 6
9 16
10 7
11 8
12 5
13 12
14 19
15 1
16 18
17 10
18 15
19 11
20 13
SIMILAR

10 20 16 9 17 18 0 11 6 1 12 14 15 4 13 8 2 7 3 5 19 
0 6
1 9
2 16
3 18
4 13
5 19
6 8
7 17
8 15
9 3
10 0
11 7
12 10
13 14
14 11
15 12
16 2
17 4
18 5
19 20
20 1
SIMILAR

13 17 9 1 2 0 3 7 10 20 15 16 18 12 14 19 11 8 5 4 6 
0 5
1 3
2 4
3 6
4 19
5 18
6 20
7 7
8 17
9 2
10 8
11 16
12 13
13 0
14 14
15 10
16 11
17 1
18 12
19 15
20 9
SIMILAR

1 20 13 15 17 2 19 12 18 11 10 8 16 14 6 9 4 5 7 0 3 
0 19
1 0
2 5
3 20
4 16
5 17
6 14
7 18
8 11
9 15
10 10
11 9
12 7
13 2
14 13
15 3
16 12
17 4
18 8
19 6
20 1
SIMILAR

6 15 1 10 20 14 17 8 12 4 11 9 19 5 2 3 18 13 0 7 16 
0 18
1 2
2 14
3 15
4 9
5 13
6 0
7 19
8 7
9 11
10 3
11 10
12 8
13 17
14 5
15 1
16 20
17 6
18 16
19 12
20 4
SIMILAR

20 0 13 4 15 2 7 12 18 17 11 5 1 3 19 6 14 9 8 10 16 
0 1
1 12
2 5
3 13
4 3
5 11
6 15
7 6
8 18
9 17
10 19
11 10
12 7
13 2
14 16
15 4
16 20
17 9
18 8
19 14
20 0
SIMILAR

15 4 19 5 6 0 16 1 12 9 14 18 11 13 17 7 20 10 8 3 2 
0 5
1 7
2 20
3 19
4 1
5 3
6 4
7 15
8 18
9 9
10 17
11 12
12 8
13 13
14 10
15 0
16 6
17 14
18 11
19 2
20 16
SIMILAR

16 19 5 8 1 0 18 3 2 7 6 13 15 9 12 20 11 17 14 4 10 
0 5
1 4
2 8
3 7
4 19
5 2
6 10
7 9
8 3
9 13
10 20
11 16
12 14
13 11
14 18
15 12
16 0
17 17
18 6
19 1
20 15
SIMILAR

9 6 20 17 10 14 15 19 4 12 1 11 16 5 2 13 18 8 3 0 7 
0 19
1 10
2 14
3 18
4 8
5 13
6 1
7 20
8 17
9 0
10 4
11 11
12 9
13 15
14 5
15 6
16 12
17 3
18 16
19 7
20 2
SIMILAR

20 1 13 5 18 3 4 16 0 19 12 11 15 2 10 14 8 7 17 6 9 
0 8
1 1
2 13
3 5
4 6
5 3
6 19
7 17
8 16
9 20
10 14
11 11
12 10
13 2
14 15
15 12
16 7
17 18
18 4
19 9
20 0
SIMILAR

11 14 10 7 20 8 9 2 5 18 3 12 13 17 1 19 0 6 16 4 15 
0 16
1 14
2 7
3 10
4 19
5 8
6 17
7 3
8 5
9 6
10 2
11 0
12 11
13 12
14 1
15 20
16 18
17 13
18 9
19 15
20 4
SIMILAR

3 5 13 17 14 20 15 18 12 10 7 8 11 4 19 0 6 9 2 16 1 
0 15
1 20
2 18
3 0
4 13
5 1
6 16
7 10
8 11
9 17
10 9
11 12
12 8
13 2
14 4
15 6
16 19
17 3
18 7
19 14
20 5
SIMILAR

10 4 20 17 11 3 0 6 7 13 9 5 14 8 16 2 12 19 15 18 1 
0 6
1 20
2 15
3 5
4 1
5 11
6 7
7 8
8 13
9 10
10 0
11 4
12 16
13 9
14 12
15 18
16 14
17 3
18 19
19 17
20 2
SIMILAR

13 18 10 14 2 11 16 5 1 15 7 17 20 8 9 12 19 3 0 4 6 
0 18
1 8
2 4
3 17
4 19
5 7
6 20
7 10
8 13
9 14
10 2
11 5
12 15
13 0
14 3
15 9
16 6
17 11
18 1
19 16
20 12
SIMILAR

8 14 4 0 7 13 5 3 16 15 6 17 10 19 1 12 18 20 2 11 9 
0 3
1 14
2 18
3 7
4 2
5 6
6 10
7 4
8 0
9 20
10 12
11 19
12 15
13 5
14 1
15 9
16 8
17 11
18 16
19 13
20 17
SIMILAR

7 15 14 2 4 6 5 0 12 20 13 10 18 8 9 1 19 3 11 16 17 
0 7
1 15
2 3
3 17
4 4
5 6
6 5
7 0
8 13
9 14
10 11
11 18
12 8
13 10
14 2
15 1
16 19
17 20
18 12
19 16
20 9
SIMILAR

8 20 10 12 9 1 14 4 11 7 17 13 3 15 0 2 18 19 6 5 16 
0 14
1 5
2 15
3 12
4 7
5 19
6 18
7 9
8 0
9 4
10 2
11 8
12 3
13 11
14 6
15 13
16 20
17 10
18 16
19 17
20 1
SIMILAR

15 12 18 20 2 6 4 17 7 11 1 14 16 10 5 9 0 19 3 8 13 
0 16
1 10
2 4
3 18
4 6
5 14
6 5
7 8
8 19
9 15
10 13
11 9
12 1
13 20
14 11
15 0
16 12
17 7
18 2
19 17
20 3
SIMILAR

12 18 5 8 2 4 15 13 20 14 19 9 16 17 10 0 11 1 6 7 3 
0 15
1 17
2 4
3 20
4 5
5 2
6 18
7 19
8 3
9 11
10 14
11 16
12 0
13 7
14 9
15 6
16 12
17 13
18 1
19 10
20 8
SIMILAR

4 13 11 20 8 16 10 7 2 15 12 1 3 17 9 5 18 14 6 19 0 
0 20
1 11
2 8
3 12
4 0
5 15
6 18
7 7
8 4
9 14
10 6
11 2
12 10
13 1
14 17
15 9
16 5
17 13
18 16
19 19
20 3
SIMILAR

7 13 18 10 11 15 1 2 4 12 0 8 17 14 6 19 20 3 5 16 9 
0 10
1 6
2 7
3 17
4 8
5 18
6 14
7 0
8 11
9 20
10 3
11 4
12 9
13 1
14 13
15 5
16 19
17 12
18 2
19 15
20 16
SIMILAR

13 18 1 7 9 12 0 6 19 16 8 17 14 5 3 10 4 15 2 20 11 
0 6
1 2
2 18
3 14
4 16
5 13
6 7
7 3
8 10
9 4
10 15
11 20
12 5
13 0
14 12
15 17
16 9
17 11
18 1
19 8
20 19
SIMILAR

15 16 19 2 3 5 14 6 11 17 4 10 20 13 0 7 12 1 8 9 18 
0 14
1 17
2 3
3 4
4 10
5 5
6 7
7 15
8 18
9 19
10 11
11 8
12 16
13 13
14 6
15 0
16 1
17 9
18 20
19 2
20 12
SIMILAR

10 14 11 7 17 4 0 6 2 8 18 20 1 16 13 9 5 12 3 15 19 
0 6
1 12
2 8
3 18
4 5
5 16
6 7
7 3
8 9
9 15
10 0
11 2
12 17
13 14
14 1
15 19
16 13
17 4
18 10
19 20
20 11
SIMILAR

8 12 18 0 1 13 5 19 10 4 2 20 7 17 14 16 15 11 3 6 9 
0 3
1 4
2 10
3 18
4 9
5 6
6 19
7 12
8 0
9 20
10 8
11 17
12 1
13 5
14 14
15 16
16 15
17 13
18 2
19 7
20 11
SIMILAR

10 19 2 5 3 16 7 14 20 1 4 12 17 15 9 8 18 13 0 11 6 
0 18
1 9
2 2
3 4
4 10
5 3
6 20
7 6
8 15
9 14
10 0
11 19
12 11
13 17
14 7
15 13
16 5
17 12
18 16
19 1
20 8
SIMILAR

2 18 9 4 1 11 7 12 3 19 6 14 0 15 20 8 13 10 16 5 17 
0 12
1 4
2 0
3 8
4 3
5 19
6 10
7 6
8 15
9 2
10 17
11 5
12 7
13 16
14 11
15 13
16 18
17 20
18 1
19 9
20 14
SIMILAR

4 8 0 9 15 7 14 17 11 16 5 20 3 18 12 2 19 13 1 6 10 
0 2
1 18
2 15
3 12
4 0
5 10
6 19
7 5
8 1
9 3
10 20
11 8
12 14
13 17
14 6
15 4
16 9
17 7
18 13
19 16
20 11
SIMILAR

1 16 10 13 2 19 3 5 11 4 8 12 15 17 7 0 6 9 14 20 18 
0 15
1 0
2 4
3 6
4 9
5 7
6 16
7 14
8 10
9 17
10 2
11 8
12 11
13 3
14 18
15 12
16 1
17 13
18 20
19 5
20 19
SIMILAR

14 6 3 13 8 5 1 0 10 7 2 19 18 12 11 15 20 16 17 4 9 
0 7
1 6
2 10
3 2
4 19
5 5
6 1
7 9
8 4
9 20
10 8
11 14
12 13
13 3
14 0
15 15
16 17
17 18
18 12
19 11
20 16
SIMILAR

17 3 6 10 19 13 12 14 9 20 0 18 15 8 2 1 11 5 7 16 4 
0 10
1 15
2 14
3 1
4 20
5 17
6 2
7 18
8 13
9 8
10 3
11 16
12 6
13 5
14 7
15 12
16 19
17 0
18 11
19 4
20 9
SIMILAR

18 8 11 20 6 1 12 5 19 15 3 17 10 9 7 4 16 14 13 0 2 
0 19
1 5
2 20
3 10
4 15
5 7
6 4
7 14
8 1
9 13
10 12
11 2
12 6
13 18
14 17
15 9
16 16
17 11
18 0
19 8
20 3
SIMILAR

7 18 6 15 12 20 16 11 14 17 9 8 3 4 19 1 13 5 2 0 10 
0 19
1 15
2 18
3 12
4 13
5 17
6 2
7 0
8 11
9 10
10 20
11 7
12 4
13 16
14 8
15 3
16 6
17 9
18 1
19 14
20 5
SIMILAR

20 14 16 5 15 7 3 18 11 13 2 12 10 8 1 17 4 6 19 9 0 
0 20
1 14
2 10
3 6
4 16
5 3
6 17
7 5
8 13
9 19
10 12
11 8
12 11
13 9
14 1
15 4
16 2
17 15
18 7
19 18
20 0
SIMILAR
100 0
7100 0
177100 0
