21
0 1 0 0 1 1 0 0 0 1 1 1 1 1 1 0 1 0 0 1 0 
1 0 1 1 1 0 0 0 1 1 0 0 0 1 1 1 0 0 1 1 1 
0 1 0 1 1 1 0 0 1 0 0 0 0 1 0 0 1 0 0 1 0 
0 1 1 0 0 0 0 1 0 1 1 1 1 0 1 1 0 0 0 0 1 
1 1 1 0 0 0 1 0 0 1 0 0 0 0 1 1 1 0 1 0 1 
1 0 1 0 0 0 0 0 1 1 0 0 0 1 1 0 0 0 1 1 1 
0 0 0 0 1 0 0 1 0 0 0 0 0 1 1 0 1 1 1 1 1 
0 0 0 1 0 0 1 0 1 0 1 1 0 0 0 0 1 1 1 1 1 
0 1 1 0 0 1 0 1 0 0 1 1 1 1 1 1 1 1 1 1 0 
1 1 0 1 1 1 0 0 0 0 0 1 1 0 0 1 1 1 0 0 1 
1 0 0 1 0 0 0 1 1 0 0 0 0 1 0 0 1 0 0 0 0 
1 0 0 1 0 0 0 1 1 1 0 0 0 1 1 1 1 1 1 1 0 
1 0 0 1 0 0 0 0 1 1 0 0 0 1 0 1 1 1 0 0 1 
1 1 1 0 0 1 1 0 1 0 1 1 1 0 1 0 1 1 1 0 1 
1 1 0 1 1 1 1 0 1 0 0 1 0 1 0 1 0 0 0 1 1 
0 1 0 1 1 0 0 0 1 1 0 1 1 0 1 0 1 0 0 0 0 
1 0 1 0 1 0 1 1 1 1 1 1 1 1 0 1 0 1 0 0 1 
0 0 0 0 0 0 1 1 1 1 0 1 1 1 0 0 1 0 0 0 0 
0 1 0 0 1 1 1 1 1 0 0 1 0 1 0 0 0 0 0 0 1 
1 1 1 0 0 1 1 1 1 0 0 1 0 0 1 0 0 0 0 0 0 
0 1 0 1 1 1 1 1 0 1 0 0 1 1 1 0 1 0 1 0 0 

10 11 20 9 12 2 16 4 0 7 6 19 13 8 14 15 17 18 1 3 5 
0 8
1 18
2 5
3 19
4 7
5 20
6 10
7 9
8 13
9 3
10 0
11 1
12 4
13 12
14 14
15 15
16 6
17 16
18 17
19 11
20 2
SIMILAR

5 10 6 16 0 11 18 20 12 15 9 14 2 13 17 1 4 7 8 19 3 
0 4
1 15
2 12
3 20
4 16
5 0
6 2
7 17
8 18
9 10
10 1
11 5
12 8
13 13
14 11
15 9
16 3
17 14
18 6
19 19
20 7
SIMILAR

10 17 6 15 2 14 13 18 16 8 12 11 7 4 20 3 5 9 19 1 0 
0 20
1 19
2 4
3 15
4 13
5 16
6 2
7 12
8 9
9 17
10 0
11 11
12 10
13 6
14 5
15 3
16 8
17 1
18 7
19 18
20 14
SIMILAR

7 15 3 6 5 18 13 0 19 12 11 2 8 10 14 17 16 4 20 9 1 
0 7
1 20
2 11
3 2
4 17
5 4
6 3
7 0
8 12
9 19
10 13
11 10
12 9
13 6
14 14
15 1
16 16
17 15
18 5
19 8
20 18
SIMILAR

5 15 20 3 17 12 9 4 19 10 11 6 8 16 2 1 0 13 7 14 18 
0 16
1 15
2 14
3 3
4 7
5 0
6 11
7 18
8 12
9 6
10 9
11 10
12 5
13 17
14 19
15 1
16 13
17 4
18 20
19 8
20 2
SIMILAR

3 5 9 13 17 11 0 12 18 7 20 19 8 6 15 16 1 14 4 10 2 
0 6
1 16
2 20
3 0
4 18
5 1
6 13
7 9
8 12
9 2
10 19
11 5
12 7
13 3
14 17
15 14
16 15
17 4
18 8
19 11
20 10
SIMILAR

3 19 18 13 17 5 20 11 1 4 10 6 12 9 15 0 2 7 8 16 14 
0 15
1 8
2 16
3 0
4 9
5 5
6 11
7 17
8 18
9 13
10 10
11 7
12 12
13 3
14 20
15 14
16 19
17 4
18 2
19 1
20 6
SIMILAR

11 16 20 12 1 9 4 19 0 5 10 6 8 2 15 18 7 13 14 3 17 
0 8
1 4
2 13
3 19
4 6
5 9
6 11
7 16
8 12
9 5
10 10
11 0
12 3
13 17
14 18
15 14
16 1
17 20
18 15
19 7
20 2
SIMILAR

0 7 5 13 2 14 12 4 20 17 11 16 3 18 6 15 19 10 1 8 9 
0 0
1 18
2 4
3 12
4 7
5 2
6 14
7 1
8 19
9 20
10 17
11 10
12 6
13 3
14 5
15 15
16 11
17 9
18 13
19 16
20 8
SIMILAR

16 19 18 6 13 17 4 15 10 3 2 1 7 20 9 14 5 8 0 11 12 
0 18
1 11
2 10
3 9
4 6
5 16
6 3
7 12
8 17
9 14
10 8
11 19
12 20
13 4
14 15
15 7
16 0
17 5
18 2
19 1
20 13
SIMILAR

13 4 2 11 12 6 19 0 18 5 7 10 8 9 14 16 20 3 17 1 15 
0 7
1 19
2 2
3 17
4 1
5 9
6 5
7 10
8 12
9 13
10 11
11 3
12 4
13 0
14 14
15 20
16 15
17 18
18 8
19 6
20 16
SIMILAR

19 4 1 3 18 14 7 11 16 10 17 9 6 8 5 15 12 2 20 0 13 
0 19
1 2
2 17
3 3
4 1
5 14
6 12
7 6
8 13
9 11
10 9
11 7
12 16
13 20
14 5
15 15
16 8
17 10
18 4
19 0
20 18
SIMILAR

20 0 18 9 4 14 12 8 17 1 10 3 15 7 2 13 19 11 6 16 5 
0 1
1 9
2 14
3 11
4 4
5 20
6 18
7 13
8 7
9 3
10 10
11 17
12 6
13 15
14 5
15 12
16 19
17 8
18 2
19 16
20 0
SIMILAR

19 5 12 4 14 18 15 16 6 2 17 20 1 3 9 8 13 7 0 10 11 
0 18
1 12
2 9
3 13
4 3
5 1
6 8
7 17
8 15
9 14
10 19
11 20
12 2
13 16
14 4
15 6
16 7
17 10
18 5
19 0
20 11
SIMILAR

11 16 4 20 12 10 1 6 15 19 14 18 17 13 0 2 8 5 3 9 7 
0 14
1 6
2 15
3 18
4 2
5 17
6 7
7 20
8 16
9 19
10 5
11 0
12 4
13 13
14 10
15 8
16 1
17 12
18 11
19 9
20 3
SIMILAR

14 5 0 16 9 4 15 17 6 2 8 12 19 7 10 20 13 18 1 3 11 
0 2
1 18
2 9
3 19
4 5
5 1
6 8
7 13
8 10
9 4
10 14
11 20
12 11
13 16
14 0
15 6
16 3
17 7
18 17
19 12
20 15
SIMILAR

16 15 5 3 11 14 7 1 4 8 12 10 18 2 20 17 19 0 6 13 9 
0 17
1 7
2 13
3 3
4 8
5 2
6 18
7 6
8 9
9 20
10 11
11 4
12 10
13 19
14 5
15 1
16 0
17 15
18 12
19 16
20 14
SIMILAR

4 9 3 15 19 8 5 17 7 0 2 6 18 20 10 11 14 16 1 13 12 
0 9
1 18
2 10
3 2
4 0
5 6
6 11
7 8
8 5
9 1
10 14
11 15
12 20
13 19
14 16
15 3
16 17
17 7
18 12
19 4
20 13
SIMILAR

3 12 0 7 19 20 1 11 2 15 4 13 8 17 10 9 18 5 16 14 6 
0 2
1 6
2 8
3 0
4 10
5 17
6 20
7 3
8 12
9 15
10 14
11 7
12 1
13 11
14 19
15 9
16 18
17 13
18 16
19 4
20 5
SIMILAR

5 14 2 18 17 13 19 15 16 7 10 1 12 4 6 9 11 3 8 0 20 
0 19
1 11
2 2
3 17
4 13
5 0
6 14
7 9
8 18
9 15
10 10
11 16
12 12
13 5
14 1
15 7
16 8
17 4
18 3
19 6
20 20
SIMILAR

1 7 16 18 12 2 19 6 14 8 20 11 10 4 17 15 0 3 5 9 13 
0 16
1 0
2 5
3 17
4 13
5 18
6 7
7 1
8 9
9 19
10 12
11 11
12 4
13 20
14 8
15 15
16 2
17 14
18 3
19 6
20 10
SIMILAR

4 6 15 5 8 13 19 17 9 7 16 0 18 20 14 2 11 1 3 12 10 
0 11
1 17
2 15
3 18
4 0
5 3
6 1
7 9
8 4
9 8
10 20
11 16
12 19
13 5
14 14
15 2
16 10
17 7
18 12
19 6
20 13
SIMILAR

6 0 4 13 10 12 7 16 19 18 14 15 11 9 20 8 3 5 2 1 17 
0 1
1 19
2 18
3 16
4 2
5 17
6 0
7 6
8 15
9 13
10 4
11 12
12 5
13 3
14 10
15 11
16 7
17 20
18 9
19 8
20 14
SIMILAR

17 8 16 7 15 4 20 1 0 6 13 18 10 14 11 2 5 12 3 9 19 
0 8
1 7
2 15
3 18
4 5
5 16
6 9
7 3
8 1
9 19
10 12
11 14
12 17
13 10
14 13
15 4
16 2
17 0
18 11
19 20
20 6
SIMILAR

4 20 3 14 17 7 6 2 16 13 11 12 15 5 9 8 19 18 10 1 0 
0 20
1 19
2 7
3 2
4 0
5 13
6 6
7 5
8 15
9 14
10 18
11 10
12 11
13 9
14 3
15 12
16 8
17 4
18 17
19 16
20 1
SIMILAR

2 17 13 12 20 11 9 8 14 19 15 10 7 4 5 16 6 1 3 0 18 
0 19
1 17
2 0
3 18
4 13
5 14
6 16
7 12
8 7
9 6
10 11
11 5
12 3
13 2
14 8
15 10
16 15
17 1
18 20
19 9
20 4
SIMILAR

17 14 13 5 12 4 1 0 3 16 2 8 19 15 7 6 10 11 9 18 20 
0 7
1 6
2 10
3 8
4 5
5 3
6 15
7 14
8 11
9 18
10 16
11 17
12 4
13 2
14 1
15 13
16 9
17 0
18 19
19 12
20 20
SIMILAR

1 17 8 11 15 0 2 13 19 20 12 4 9 7 10 18 3 14 6 16 5 
0 5
1 0
2 6
3 16
4 11
5 20
6 18
7 13
8 2
9 12
10 14
11 3
12 10
13 7
14 17
15 4
16 19
17 1
18 15
19 8
20 9
SIMILAR

3 6 8 18 1 12 7 17 2 15 19 11 0 10 4 14 9 5 16 20 13 
0 12
1 4
2 8
3 0
4 14
5 17
6 1
7 6
8 2
9 16
10 13
11 11
12 5
13 20
14 15
15 9
16 18
17 7
18 3
19 10
20 19
SIMILAR

13 12 10 7 14 0 19 8 17 15 2 18 3 5 6 1 4 20 11 9 16 
0 5
1 15
2 10
3 12
4 16
5 13
6 14
7 3
8 7
9 19
10 2
11 18
12 1
13 0
14 4
15 9
16 20
17 8
18 11
19 6
20 17
SIMILAR

13 7 11 20 8 17 12 10 0 14 18 1 6 15 4 2 9 5 19 3 16 
0 8
1 11
2 15
3 19
4 14
5 17
6 12
7 1
8 4
9 16
10 7
11 2
12 6
13 0
14 9
15 13
16 20
17 5
18 10
19 18
20 3
SIMILAR

20 8 10 19 5 18 15 14 17 11 16 9 7 3 4 12 13 1 6 0 2 
0 19
1 17
2 20
3 13
4 14
5 4
6 18
7 12
8 1
9 11
10 2
11 9
12 15
13 16
14 7
15 6
16 10
17 8
18 5
19 3
20 0
SIMILAR

11 19 10 14 2 12 17 8 18 1 20 3 7 15 9 5 0 4 13 16 6 
0 16
1 9
2 4
3 11
4 17
5 15
6 20
7 12
8 7
9 14
10 2
11 0
12 5
13 18
14 3
15 13
16 19
17 6
18 8
19 1
20 10
SIMILAR

10 6 18 15 2 0 5 9 17 13 11 1 16 3 14 12 20 8 19 4 7 
0 5
1 11
2 4
3 13
4 19
5 6
6 1
7 20
8 17
9 7
10 0
11 10
12 15
13 9
14 14
15 3
16 12
17 8
18 2
19 18
20 16
SIMILAR

20 13 4 19 3 12 18 16 14 7 17 11 10 2 8 5 0 9 15 6 1 
0 16
1 20
2 13
3 4
4 2
5 15
6 19
7 9
8 14
9 17
10 12
11 11
12 5
13 1
14 8
15 18
16 7
17 10
18 6
19 3
20 0
SIMILAR

16 10 20 6 14 9 7 12 2 5 3 4 17 15 1 11 18 8 0 19 13 
0 18
1 14
2 8
3 10
4 11
5 9
6 3
7 6
8 17
9 5
10 1
11 15
12 7
13 20
14 4
15 13
16 0
17 12
18 16
19 19
20 2
SIMILAR

4 6 3 2 5 9 7 8 12 19 14 15 13 17 11 18 16 0 20 1 10 
0 17
1 19
2 3
3 2
4 0
5 4
6 1
7 6
8 7
9 5
10 20
11 14
12 8
13 12
14 10
15 11
16 16
17 13
18 15
19 9
20 18
SIMILAR

16 1 5 12 18 19 10 14 2 8 9 0 20 3 7 11 17 13 15 4 6 
0 11
1 1
2 8
3 13
4 19
5 2
6 20
7 14
8 9
9 10
10 6
11 15
12 3
13 17
14 7
15 18
16 0
17 16
18 4
19 5
20 12
SIMILAR

5 19 18 13 6 15 1 7 14 8 11 0 10 17 3 20 16 4 12 9 2 
0 11
1 6
2 20
3 14
4 17
5 0
6 4
7 7
8 9
9 19
10 12
11 10
12 18
13 3
14 8
15 5
16 16
17 13
18 2
19 1
20 15
SIMILAR

8 18 0 19 10 12 15 13 9 20 14 11 4 7 16 6 1 3 17 5 2 
0 2
1 16
2 20
3 17
4 12
5 19
6 15
7 13
8 0
9 8
10 4
11 11
12 5
13 7
14 10
15 6
16 14
17 18
18 1
19 3
20 9
SIMILAR

8 20 13 15 2 4 19 9 5 10 3 18 12 1 16 0 14 11 6 17 7 
0 15
1 13
2 4
3 10
4 5
5 8
6 18
7 20
8 0
9 7
10 9
11 17
12 12
13 2
14 16
15 3
16 14
17 19
18 11
19 6
20 1
SIMILAR

4 9 14 19 13 18 1 10 2 7 11 8 6 12 3 0 5 16 20 15 17 
0 15
1 6
2 8
3 14
4 0
5 16
6 12
7 9
8 11
9 1
10 7
11 10
12 13
13 4
14 2
15 19
16 17
17 20
18 5
19 3
20 18
SIMILAR

2 14 20 19 7 6 10 8 16 11 18 4 3 9 1 17 0 15 13 5 12 
0 16
1 14
2 0
3 12
4 11
5 19
6 5
7 4
8 7
9 13
10 6
11 9
12 20
13 18
14 1
15 17
16 8
17 15
18 10
19 3
20 2
SIMILAR

0 7 1 3 17 19 4 20 14 8 12 2 11 18 16 10 6 13 9 5 15 
0 0
1 2
2 11
3 3
4 6
5 19
6 16
7 1
8 9
9 18
10 15
11 12
12 10
13 17
14 8
15 20
16 14
17 4
18 13
19 5
20 7
SIMILAR

12 16 5 8 20 1 7 0 15 10 17 2 9 18 19 4 3 6 14 11 13 
0 7
1 5
2 11
3 16
4 15
5 2
6 17
7 6
8 3
9 12
10 9
11 19
12 0
13 20
14 18
15 8
16 1
17 10
18 13
19 14
20 4
SIMILAR

18 5 15 14 0 19 13 10 7 8 1 4 20 2 3 6 9 12 17 11 16 
0 4
1 10
2 13
3 14
4 11
5 1
6 15
7 8
8 9
9 16
10 7
11 19
12 17
13 6
14 3
15 2
16 20
17 18
18 0
19 5
20 12
SIMILAR

7 1 18 10 17 19 16 4 0 8 14 6 3 2 13 15 11 12 5 9 20 
0 8
1 1
2 13
3 12
4 7
5 18
6 11
7 0
8 9
9 19
10 3
11 16
12 17
13 14
14 10
15 15
16 6
17 4
18 2
19 5
20 20
SIMILAR

16 15 3 0 20 8 14 2 11 17 6 1 4 9 18 10 7 13 12 19 5 
0 3
1 11
2 7
3 2
4 12
5 20
6 10
7 16
8 5
9 13
10 15
11 8
12 18
13 17
14 6
15 1
16 0
17 9
18 14
19 19
20 4
SIMILAR

12 15 9 13 0 2 7 8 11 18 20 10 4 6 3 14 17 19 5 1 16 
0 4
1 19
2 5
3 14
4 12
5 18
6 13
7 6
8 7
9 2
10 11
11 8
12 0
13 3
14 15
15 1
16 20
17 16
18 9
19 17
20 10
SIMILAR

17 3 14 13 20 9 6 18 16 8 11 7 0 2 12 10 1 19 5 4 15 
0 12
1 16
2 13
3 1
4 19
5 18
6 6
7 11
8 9
9 5
10 15
11 10
12 14
13 3
14 2
15 20
16 8
17 0
18 7
19 17
20 4
SIMILAR

11 20 14 16 4 2 19 9 17 5 10 0 12 3 6 18 15 7 13 8 1 
0 11
1 20
2 5
3 13
4 4
5 9
6 14
7 17
8 19
9 7
10 10
11 0
12 12
13 18
14 2
15 16
16 3
17 8
18 15
19 6
20 1
SIMILAR

19 7 15 17 2 4 12 5 14 6 10 20 11 18 9 8 13 3 0 1 16 
0 18
1 19
2 4
3 17
4 5
5 7
6 9
7 1
8 15
9 14
10 10
11 12
12 6
13 16
14 8
15 2
16 20
17 3
18 13
19 0
20 11
SIMILAR

5 6 19 11 15 13 7 4 10 18 14 1 12 9 16 17 2 0 8 3 20 
0 17
1 11
2 16
3 19
4 7
5 0
6 1
7 6
8 18
9 13
10 8
11 3
12 12
13 5
14 10
15 4
16 14
17 15
18 9
19 2
20 20
SIMILAR

6 14 13 11 3 18 4 20 7 2 9 19 15 5 1 16 0 17 12 10 8 
0 16
1 14
2 9
3 4
4 6
5 13
6 0
7 8
8 20
9 10
10 19
11 3
12 18
13 2
14 1
15 12
16 15
17 17
18 5
19 11
20 7
SIMILAR

4 9 10 7 8 2 5 20 12 15 18 17 0 1 14 11 19 16 3 13 6 
0 12
1 13
2 5
3 18
4 0
5 6
6 20
7 3
8 4
9 1
10 2
11 15
12 8
13 19
14 14
15 9
16 17
17 11
18 10
19 16
20 7
SIMILAR

0 1 13 18 7 14 12 5 20 4 10 2 11 17 19 6 3 16 15 8 9 
0 0
1 1
2 11
3 16
4 9
5 7
6 15
7 4
8 19
9 20
10 10
11 12
12 6
13 2
14 5
15 18
16 17
17 13
18 3
19 14
20 8
SIMILAR

6 15 12 2 19 10 3 16 11 5 0 4 20 9 8 1 18 7 17 14 13 
0 10
1 15
2 3
3 6
4 11
5 9
6 0
7 17
8 14
9 13
10 5
11 8
12 2
13 20
14 19
15 1
16 7
17 18
18 16
19 4
20 12
SIMILAR

8 5 11 14 6 20 19 13 2 16 12 15 1 17 9 3 18 7 0 10 4 
0 18
1 12
2 8
3 15
4 20
5 1
6 4
7 17
8 0
9 14
10 19
11 2
12 10
13 7
14 3
15 11
16 9
17 13
18 16
19 6
20 5
SIMILAR

1 6 5 11 15 17 2 4 18 10 7 13 3 20 9 12 14 0 8 16 19 
0 17
1 0
2 6
3 12
4 7
5 2
6 1
7 10
8 18
9 14
10 9
11 3
12 15
13 11
14 16
15 4
16 19
17 5
18 8
19 20
20 13
SIMILAR

17 9 10 19 4 20 13 14 7 5 8 18 3 2 12 0 15 16 11 6 1 
0 15
1 20
2 13
3 12
4 4
5 9
6 19
7 8
8 10
9 1
10 2
11 18
12 14
13 6
14 7
15 16
16 17
17 0
18 11
19 3
20 5
SIMILAR

16 11 7 10 6 13 4 17 12 15 14 0 2 18 20 5 3 9 19 1 8 
0 11
1 19
2 12
3 16
4 6
5 15
6 4
7 2
8 20
9 17
10 3
11 1
12 8
13 5
14 10
15 9
16 0
17 7
18 13
19 18
20 14
SIMILAR

7 16 12 20 11 1 0 6 2 8 4 19 18 9 3 13 17 15 14 10 5 
0 6
1 5
2 8
3 14
4 10
5 20
6 7
7 0
8 9
9 13
10 19
11 4
12 2
13 15
14 18
15 17
16 1
17 16
18 12
19 11
20 3
SIMILAR

14 5 12 20 2 4 19 13 6 1 18 3 11 10 7 15 8 17 9 16 0 
0 20
1 9
2 4
3 11
4 5
5 1
6 8
7 14
8 16
9 18
10 13
11 12
12 2
13 7
14 0
15 15
16 19
17 17
18 10
19 6
20 3
SIMILAR

13 18 0 20 15 4 17 8 10 9 2 6 14 11 12 5 19 1 3 7 16 
0 2
1 17
2 10
3 18
4 5
5 15
6 11
7 19
8 7
9 9
10 8
11 13
12 14
13 0
14 12
15 4
16 20
17 6
18 1
19 16
20 3
SIMILAR

12 5 6 1 9 0 2 4 17 15 14 16 20 13 8 19 18 11 10 3 7 
0 5
1 3
2 6
3 19
4 7
5 1
6 2
7 20
8 14
9 4
10 18
11 17
12 0
13 13
14 10
15 9
16 11
17 8
18 16
19 15
20 12
SIMILAR

12 1 14 9 7 5 6 13 19 15 11 17 0 8 20 10 16 3 2 4 18 
0 12
1 1
2 18
3 17
4 19
5 5
6 6
7 4
8 13
9 3
10 15
11 10
12 0
13 7
14 2
15 9
16 16
17 11
18 20
19 8
20 14
SIMILAR

20 13 3 11 5 6 10 0 17 18 12 15 14 8 19 2 1 4 16 7 9 
0 7
1 16
2 15
3 2
4 17
5 4
6 5
7 19
8 13
9 20
10 6
11 3
12 10
13 1
14 12
15 11
16 18
17 8
18 9
19 14
20 0
SIMILAR

5 18 1 16 10 2 13 7 20 12 3 14 8 9 17 6 15 4 19 11 0 
0 20
1 2
2 5
3 10
4 17
5 0
6 15
7 7
8 12
9 13
10 4
11 19
12 9
13 6
14 11
15 16
16 3
17 14
18 1
19 18
20 8
SIMILAR

9 15 7 1 6 20 5 13 10 0 8 3 19 2 18 14 12 11 4 16 17 
0 9
1 3
2 13
3 11
4 18
5 6
6 4
7 2
8 10
9 0
10 8
11 17
12 16
13 7
14 15
15 1
16 19
17 20
18 14
19 12
20 5
SIMILAR

1 11 14 10 17 13 15 3 8 5 20 6 0 9 12 18 2 4 16 19 7 
0 12
1 0
2 16
3 7
4 17
5 9
6 11
7 20
8 8
9 13
10 3
11 1
12 14
13 5
14 2
15 6
16 18
17 4
18 15
19 19
20 10
SIMILAR

18 1 6 12 7 10 0 17 15 5 8 2 13 20 4 14 11 19 9 16 3 
0 6
1 1
2 11
3 20
4 14
5 9
6 2
7 4
8 10
9 18
10 5
11 16
12 3
13 12
14 15
15 8
16 19
17 7
18 0
19 17
20 13
SIMILAR

1 7 2 19 4 16 3 18 20 13 17 11 0 14 5 15 9 12 10 8 6 
0 12
1 0
2 2
3 6
4 4
5 14
6 20
7 1
8 19
9 16
10 18
11 11
12 17
13 9
14 13
15 15
16 5
17 10
18 7
19 3
20 8
SIMILAR

12 0 19 15 2 1 3 10 16 20 17 18 7 8 14 5 11 4 6 9 13 
0 1
1 5
2 4
3 6
4 17
5 15
6 18
7 12
8 13
9 19
10 7
11 16
12 0
13 20
14 14
15 3
16 8
17 10
18 11
19 2
20 9
SIMILAR

19 14 5 10 20 13 7 9 2 11 17 3 12 1 6 16 0 8 15 18 4 
0 16
1 13
2 8
3 11
4 20
5 2
6 14
7 6
8 17
9 7
10 3
11 9
12 12
13 5
14 1
15 18
16 15
17 10
18 19
19 0
20 4
SIMILAR

15 0 16 19 4 3 11 6 8 9 1 5 10 13 20 18 2 12 7 17 14 
0 1
1 10
2 16
3 5
4 4
5 11
6 7
7 18
8 8
9 9
10 12
11 6
12 17
13 13
14 20
15 0
16 2
17 19
18 15
19 3
20 14
SIMILAR

3 16 11 5 17 9 7 19 14 13 10 4 18 12 2 6 0 8 1 20 15 
0 16
1 18
2 14
3 0
4 11
5 3
6 15
7 6
8 17
9 5
10 10
11 2
12 13
13 9
14 8
15 20
16 1
17 4
18 12
19 7
20 19
SIMILAR

17 5 1 10 12 4 16 15 20 7 9 3 2 8 13 6 0 11 14 19 18 
0 16
1 2
2 12
3 11
4 5
5 1
6 15
7 9
8 13
9 10
10 3
11 17
12 4
13 14
14 18
15 7
16 6
17 0
18 20
19 19
20 8
SIMILAR

8 18 15 10 11 1 4 3 14 19 13 16 20 6 17 5 7 2 12 0 9 
0 19
1 5
2 17
3 7
4 6
5 15
6 13
7 16
8 0
9 20
10 3
11 4
12 18
13 10
14 8
15 2
16 11
17 14
18 1
19 9
20 12
SIMILAR

5 12 2 11 8 20 9 18 7 1 10 16 3 6 19 13 0 14 15 17 4 
0 16
1 9
2 2
3 12
4 20
5 0
6 13
7 8
8 4
9 6
10 10
11 3
12 1
13 15
14 17
15 18
16 11
17 19
18 7
19 14
20 5
SIMILAR

10 14 18 15 1 2 9 4 5 7 17 8 11 3 6 16 20 19 13 0 12 
0 19
1 4
2 5
3 13
4 7
5 8
6 14
7 9
8 11
9 6
10 0
11 12
12 20
13 18
14 1
15 3
16 15
17 10
18 2
19 17
20 16
SIMILAR

1 16 4 12 11 2 8 20 14 7 18 0 17 10 15 9 5 3 19 6 13 
0 11
1 0
2 5
3 17
4 2
5 16
6 19
7 9
8 6
9 15
10 13
11 4
12 3
13 20
14 8
15 14
16 1
17 12
18 10
19 18
20 7
SIMILAR

4 1 14 10 8 2 11 3 15 12 6 16 18 13 20 17 7 0 19 5 9 
0 17
1 1
2 5
3 7
4 0
5 19
6 10
7 16
8 4
9 20
10 3
11 6
12 9
13 13
14 2
15 8
16 11
17 15
18 12
19 18
20 14
SIMILAR

7 10 19 4 12 9 13 6 2 17 16 20 15 1 5 11 3 0 8 18 14 
0 17
1 13
2 8
3 16
4 3
5 14
6 7
7 0
8 18
9 5
10 1
11 15
12 4
13 6
14 20
15 12
16 10
17 9
18 19
19 2
20 11
SIMILAR

11 5 14 12 1 15 20 0 3 13 18 8 4 9 7 6 17 2 16 10 19 
0 7
1 4
2 17
3 8
4 12
5 1
6 15
7 14
8 11
9 13
10 19
11 0
12 3
13 9
14 2
15 5
16 18
17 16
18 10
19 20
20 6
SIMILAR

18 10 8 0 15 7 6 11 2 1 13 4 14 17 19 20 3 9 16 5 12 
0 3
1 9
2 8
3 16
4 11
5 19
6 6
7 5
8 2
9 17
10 1
11 7
12 20
13 10
14 12
15 4
16 18
17 13
18 0
19 14
20 15
SIMILAR

11 4 15 0 12 10 19 13 17 8 6 2 3 18 20 7 14 5 16 1 9 
0 3
1 19
2 11
3 12
4 1
5 17
6 10
7 15
8 9
9 20
10 5
11 0
12 4
13 7
14 16
15 2
16 18
17 8
18 13
19 6
20 14
SIMILAR

0 8 5 12 20 4 16 7 3 6 19 18 11 10 15 2 17 14 9 13 1 
0 0
1 20
2 15
3 8
4 5
5 2
6 9
7 7
8 1
9 18
10 13
11 12
12 3
13 19
14 17
15 14
16 6
17 16
18 11
19 10
20 4
SIMILAR

13 15 9 3 1 19 2 12 10 6 14 5 8 18 17 20 7 4 11 0 16 
0 19
1 4
2 6
3 3
4 17
5 11
6 9
7 16
8 12
9 2
10 8
11 18
12 7
13 0
14 10
15 1
16 20
17 14
18 13
19 5
20 15
SIMILAR

16 11 3 8 18 2 1 10 6 0 5 9 13 20 17 12 19 15 14 7 4 
0 9
1 6
2 5
3 2
4 20
5 10
6 8
7 19
8 3
9 11
10 7
11 1
12 15
13 12
14 18
15 17
16 0
17 14
18 4
19 16
20 13
SIMILAR

4 6 0 11 16 2 9 5 10 20 17 18 3 14 13 1 12 8 19 7 15 
0 2
1 15
2 5
3 12
4 0
5 7
6 1
7 19
8 17
9 6
10 8
11 3
12 16
13 14
14 13
15 20
16 4
17 10
18 11
19 18
20 9
SIMILAR

9 4 11 5 3 13 0 10 1 20 6 19 15 2 12 16 8 14 7 18 17 
0 6
1 8
2 13
3 4
4 1
5 3
6 10
7 18
8 16
9 0
10 7
11 2
12 14
13 5
14 17
15 12
16 15
17 20
18 19
19 11
20 9
SIMILAR

7 9 11 15 12 20 18 14 16 19 6 0 8 17 1 2 10 4 5 3 13 
0 11
1 14
2 15
3 19
4 17
5 18
6 10
7 0
8 12
9 1
10 16
11 2
12 4
13 20
14 7
15 3
16 8
17 13
18 6
19 9
20 5
SIMILAR

5 6 2 17 10 4 18 12 13 8 1 3 0 20 14 16 15 19 9 11 7 
0 12
1 10
2 2
3 11
4 5
5 0
6 1
7 20
8 9
9 18
10 4
11 19
12 7
13 8
14 14
15 16
16 15
17 3
18 6
19 17
20 13
SIMILAR

13 15 11 20 17 16 10 5 18 1 9 14 4 6 0 12 2 3 19 8 7 
0 14
1 9
2 16
3 17
4 12
5 7
6 13
7 20
8 19
9 10
10 6
11 2
12 15
13 0
14 11
15 1
16 5
17 4
18 8
19 18
20 3
SIMILAR

9 2 5 10 13 6 11 14 18 17 15 16 12 7 8 19 3 20 1 4 0 
0 20
1 18
2 1
3 16
4 19
5 2
6 5
7 13
8 14
9 0
10 3
11 6
12 12
13 4
14 7
15 10
16 11
17 9
18 8
19 15
20 17
SIMILAR

12 6 8 1 16 4 17 3 14 0 18 11 5 9 2 15 20 10 19 7 13 
0 9
1 3
2 14
3 7
4 5
5 12
6 1
7 19
8 2
9 13
10 17
11 11
12 0
13 20
14 8
15 15
16 4
17 6
18 10
19 18
20 16
SIMILAR

18 10 1 6 7 11 19 15 3 16 17 2 12 13 14 8 0 20 4 9 5 
0 16
1 2
2 11
3 8
4 18
5 20
6 3
7 4
8 15
9 19
10 1
11 5
12 12
13 13
14 14
15 7
16 9
17 10
18 0
19 6
20 17
SIMILAR

8 5 11 19 0 18 2 15 10 9 12 17 7 3 20 13 16 14 1 6 4 
0 4
1 18
2 6
3 13
4 20
5 1
6 19
7 12
8 0
9 9
10 8
11 2
12 10
13 15
14 17
15 7
16 16
17 11
18 5
19 3
20 14
SIMILAR

13 14 4 19 15 2 5 3 11 7 12 0 18 17 6 10 16 8 1 20 9 
0 11
1 18
2 5
3 7
4 2
5 6
6 14
7 9
8 17
9 20
10 15
11 8
12 10
13 0
14 1
15 4
16 16
17 13
18 12
19 3
20 19
SIMILAR

8 10 16 12 11 2 20 6 7 4 15 13 9 19 0 14 5 17 1 18 3 
0 14
1 18
2 5
3 20
4 9
5 16
6 7
7 8
8 0
9 12
10 1
11 4
12 3
13 11
14 15
15 10
16 2
17 17
18 19
19 13
20 6
SIMILAR
100 0
5300 0
175300 0
