21
0 0 1 0 1 1 1 1 1 1 1 0 0 0 1 0 0 0 1 0 0 
0 0 0 0 0 1 1 1 0 0 1 0 1 1 0 1 1 1 1 1 0 
1 0 0 1 0 1 0 1 1 0 0 0 0 1 1 0 1 1 1 0 0 
0 0 1 0 1 1 1 1 1 1 0 0 0 1 1 1 0 0 0 0 0 
1 0 0 1 0 0 0 0 0 0 1 0 1 1 0 0 0 1 1 0 1 
1 1 1 1 0 0 0 0 1 1 1 1 0 1 0 0 1 1 0 1 0 
1 1 0 1 0 0 0 0 0 0 1 1 0 0 1 0 1 0 0 0 0 
1 1 1 1 0 0 0 0 0 1 1 0 0 0 0 1 0 1 0 1 1 
1 0 1 1 0 1 0 0 0 0 0 0 1 0 1 1 0 0 1 0 1 
1 0 0 1 0 1 0 1 0 0 1 0 1 1 0 1 0 0 1 1 1 
1 1 0 0 1 1 1 1 0 1 0 1 0 1 1 0 0 0 1 0 1 
0 0 0 0 0 1 1 0 0 0 1 0 0 0 0 1 1 1 1 0 1 
0 1 0 0 1 0 0 0 1 1 0 0 0 1 0 1 0 0 1 0 1 
0 1 1 1 1 1 0 0 0 1 1 0 1 0 0 0 0 0 1 1 0 
1 0 1 1 0 0 1 0 1 0 1 0 0 0 0 1 1 1 1 1 1 
0 1 0 1 0 0 0 1 1 1 0 1 1 0 1 0 1 0 0 1 1 
0 1 1 0 0 1 1 0 0 0 0 1 0 0 1 1 0 0 1 1 0 
0 1 1 0 1 1 0 1 0 0 0 1 0 0 1 0 0 0 1 1 0 
1 1 1 0 1 0 0 0 1 1 1 1 1 1 1 0 1 1 0 0 1 
0 1 0 0 0 1 0 1 0 1 0 0 0 1 1 1 1 1 0 0 1 
0 0 0 0 1 0 0 1 1 1 1 1 1 0 1 1 0 0 1 1 0 

8 6 7 13 14 0 4 10 1 20 3 12 18 2 15 17 11 19 5 9 16 
0 5
1 8
2 13
3 10
4 6
5 18
6 1
7 2
8 0
9 19
10 7
11 16
12 11
13 3
14 4
15 14
16 20
17 15
18 12
19 17
20 9
SIMILAR

16 9 18 17 5 0 14 19 2 20 13 12 7 6 11 8 4 1 15 3 10 
0 5
1 17
2 8
3 19
4 16
5 4
6 13
7 12
8 15
9 1
10 20
11 14
12 11
13 10
14 6
15 18
16 0
17 3
18 2
19 7
20 9
SIMILAR

9 20 12 5 7 18 4 6 2 14 13 16 15 10 19 17 11 0 8 3 1 
0 17
1 20
2 8
3 19
4 6
5 3
6 7
7 4
8 18
9 0
10 13
11 16
12 2
13 10
14 9
15 12
16 11
17 15
18 5
19 14
20 1
SIMILAR

11 13 19 2 3 4 10 15 7 1 20 12 18 0 17 9 6 14 16 8 5 
0 13
1 9
2 3
3 4
4 5
5 20
6 16
7 8
8 19
9 15
10 6
11 0
12 11
13 1
14 17
15 7
16 18
17 14
18 12
19 2
20 10
SIMILAR

2 9 20 0 16 14 4 5 18 13 6 8 19 3 12 10 17 11 1 7 15 
0 3
1 18
2 0
3 13
4 6
5 7
6 10
7 19
8 11
9 1
10 15
11 17
12 14
13 9
14 5
15 20
16 4
17 16
18 8
19 12
20 2
SIMILAR

1 14 5 10 2 9 15 16 11 19 8 20 3 13 0 12 17 4 18 7 6 
0 14
1 0
2 4
3 12
4 17
5 2
6 20
7 19
8 10
9 5
10 3
11 8
12 15
13 13
14 1
15 6
16 7
17 16
18 18
19 9
20 11
SIMILAR

11 13 7 10 3 16 12 15 5 6 9 20 18 14 4 19 8 2 0 17 1 
0 18
1 20
2 17
3 4
4 14
5 8
6 9
7 2
8 16
9 10
10 3
11 0
12 6
13 1
14 13
15 7
16 5
17 19
18 12
19 15
20 11
SIMILAR

17 6 19 9 13 8 0 20 10 3 4 5 12 16 14 7 11 1 2 18 15 
0 6
1 17
2 18
3 9
4 10
5 11
6 1
7 15
8 5
9 3
10 8
11 16
12 12
13 4
14 14
15 20
16 13
17 0
18 19
19 2
20 7
SIMILAR

6 8 15 18 16 4 10 14 17 20 13 7 19 9 3 5 1 11 12 2 0 
0 20
1 16
2 19
3 14
4 5
5 15
6 0
7 11
8 1
9 13
10 6
11 17
12 18
13 10
14 7
15 2
16 4
17 8
18 3
19 12
20 9
SIMILAR

8 19 17 12 20 6 2 1 9 14 11 13 18 16 7 3 4 0 5 10 15 
0 17
1 7
2 6
3 15
4 16
5 18
6 5
7 14
8 0
9 8
10 19
11 10
12 3
13 11
14 9
15 20
16 13
17 2
18 12
19 1
20 4
SIMILAR

6 13 20 10 5 9 19 8 4 2 12 11 18 3 1 7 0 15 16 14 17 
0 16
1 14
2 9
3 13
4 8
5 4
6 0
7 15
8 7
9 5
10 3
11 11
12 10
13 1
14 19
15 17
16 18
17 20
18 12
19 6
20 2
SIMILAR

4 3 11 20 13 17 10 5 9 0 12 1 16 18 15 14 7 8 19 2 6 
0 9
1 11
2 19
3 1
4 0
5 7
6 20
7 16
8 17
9 8
10 6
11 2
12 10
13 4
14 15
15 14
16 12
17 5
18 13
19 18
20 3
SIMILAR

15 5 14 2 16 0 9 1 7 4 3 19 17 10 8 13 11 20 18 12 6 
0 5
1 7
2 3
3 10
4 9
5 1
6 20
7 8
8 14
9 6
10 13
11 16
12 19
13 15
14 2
15 0
16 4
17 12
18 18
19 11
20 17
SIMILAR

0 9 19 5 3 14 12 16 20 8 17 4 10 2 6 15 1 7 18 11 13 
0 0
1 16
2 13
3 4
4 11
5 3
6 14
7 17
8 9
9 1
10 12
11 19
12 6
13 20
14 5
15 15
16 7
17 10
18 18
19 2
20 8
SIMILAR

20 10 4 7 14 9 5 1 6 11 18 15 3 13 16 12 17 19 2 0 8 
0 19
1 7
2 18
3 12
4 2
5 6
6 8
7 3
8 20
9 5
10 1
11 9
12 15
13 13
14 4
15 11
16 14
17 16
18 10
19 17
20 0
SIMILAR

12 5 10 2 4 19 3 7 14 1 0 18 16 9 15 20 13 11 6 17 8 
0 10
1 9
2 3
3 6
4 4
5 1
6 18
7 7
8 20
9 13
10 2
11 17
12 0
13 16
14 8
15 14
16 12
17 19
18 11
19 5
20 15
SIMILAR

7 19 2 10 4 13 14 8 16 5 6 20 9 12 0 18 1 11 17 15 3 
0 14
1 16
2 2
3 20
4 4
5 9
6 10
7 0
8 7
9 12
10 3
11 17
12 13
13 5
14 6
15 19
16 8
17 18
18 15
19 1
20 11
SIMILAR

6 9 17 4 14 10 0 19 20 11 18 16 7 8 1 3 12 5 15 2 13 
0 6
1 14
2 19
3 15
4 3
5 17
6 0
7 12
8 13
9 1
10 5
11 9
12 16
13 20
14 4
15 18
16 11
17 2
18 10
19 7
20 8
SIMILAR

5 16 15 2 7 8 14 3 1 9 20 13 4 18 19 11 12 0 6 10 17 
0 17
1 8
2 3
3 7
4 12
5 0
6 18
7 4
8 5
9 9
10 19
11 15
12 16
13 11
14 6
15 2
16 1
17 20
18 13
19 14
20 10
SIMILAR

1 13 15 3 19 11 7 18 9 17 6 12 20 4 2 0 8 16 10 5 14 
0 15
1 0
2 14
3 3
4 13
5 19
6 10
7 6
8 16
9 8
10 18
11 5
12 11
13 1
14 20
15 2
16 17
17 9
18 7
19 4
20 12
SIMILAR

16 20 1 10 6 19 15 4 8 0 9 13 11 17 3 12 5 2 14 7 18 
0 9
1 2
2 17
3 14
4 7
5 16
6 4
7 19
8 8
9 10
10 3
11 12
12 15
13 11
14 18
15 6
16 0
17 13
18 20
19 5
20 1
SIMILAR

3 9 16 15 5 1 20 2 10 13 11 6 4 0 14 7 17 12 19 18 8 
0 13
1 5
2 7
3 0
4 12
5 4
6 11
7 15
8 20
9 1
10 8
11 10
12 17
13 9
14 14
15 3
16 2
17 16
18 19
19 18
20 6
SIMILAR

15 3 9 14 20 6 7 12 4 1 18 0 10 2 5 8 17 13 16 11 19 
0 11
1 9
2 13
3 1
4 8
5 14
6 5
7 6
8 15
9 2
10 12
11 19
12 7
13 17
14 3
15 0
16 18
17 16
18 10
19 20
20 4
SIMILAR

12 3 20 17 9 1 16 14 7 2 6 18 8 10 15 13 11 0 5 19 4 
0 17
1 5
2 9
3 1
4 20
5 18
6 10
7 8
8 12
9 4
10 13
11 16
12 0
13 15
14 7
15 14
16 6
17 3
18 11
19 19
20 2
SIMILAR

8 7 5 9 12 17 13 14 4 1 10 6 16 19 3 18 2 11 0 20 15 
0 18
1 9
2 16
3 14
4 8
5 2
6 11
7 1
8 0
9 3
10 10
11 17
12 4
13 6
14 7
15 20
16 12
17 5
18 15
19 13
20 19
SIMILAR

13 0 11 15 5 6 14 8 20 16 3 2 17 4 10 12 7 19 1 18 9 
0 1
1 18
2 11
3 10
4 13
5 4
6 5
7 16
8 7
9 20
10 14
11 2
12 15
13 0
14 6
15 3
16 9
17 12
18 19
19 17
20 8
SIMILAR

6 11 16 9 5 19 1 10 2 4 12 8 15 14 0 13 18 17 7 3 20 
0 14
1 6
2 8
3 19
4 9
5 4
6 0
7 18
8 11
9 3
10 7
11 1
12 10
13 15
14 13
15 12
16 2
17 17
18 16
19 5
20 20
SIMILAR

4 16 15 2 19 12 20 18 3 10 1 9 0 14 11 8 17 6 7 13 5 
0 12
1 10
2 3
3 8
4 0
5 20
6 17
7 18
8 15
9 11
10 9
11 14
12 5
13 19
14 13
15 2
16 1
17 16
18 7
19 4
20 6
SIMILAR

18 4 10 19 16 11 9 14 7 0 3 2 8 15 12 20 13 5 1 17 6 
0 9
1 18
2 11
3 10
4 1
5 17
6 20
7 8
8 12
9 6
10 2
11 5
12 14
13 16
14 7
15 13
16 4
17 19
18 0
19 3
20 15
SIMILAR

3 9 17 5 14 0 19 1 11 8 7 18 12 15 16 6 2 13 4 20 10 
0 5
1 7
2 16
3 0
4 18
5 3
6 15
7 10
8 9
9 1
10 20
11 8
12 12
13 17
14 4
15 13
16 14
17 2
18 11
19 6
20 19
SIMILAR

4 1 7 19 16 10 11 5 12 18 3 9 2 6 13 20 8 14 17 15 0 
0 20
1 1
2 12
3 10
4 0
5 7
6 13
7 2
8 16
9 11
10 5
11 6
12 8
13 14
14 17
15 19
16 4
17 18
18 9
19 3
20 15
SIMILAR

9 8 2 17 7 14 18 3 20 4 11 1 16 13 19 10 15 6 0 12 5 
0 18
1 11
2 2
3 7
4 9
5 20
6 17
7 4
8 1
9 0
10 15
11 10
12 19
13 13
14 5
15 16
16 12
17 3
18 6
19 14
20 8
SIMILAR

11 4 14 16 9 2 0 8 5 10 7 18 3 1 17 19 20 6 15 12 13 
0 6
1 13
2 5
3 12
4 1
5 8
6 17
7 10
8 7
9 4
10 9
11 0
12 19
13 20
14 2
15 18
16 3
17 14
18 11
19 15
20 16
SIMILAR

3 9 20 11 6 8 7 2 10 15 18 17 0 19 14 12 13 4 5 16 1 
0 12
1 20
2 7
3 0
4 17
5 18
6 4
7 6
8 5
9 1
10 8
11 3
12 15
13 16
14 14
15 9
16 19
17 11
18 10
19 13
20 2
SIMILAR

8 5 12 3 20 0 13 4 19 11 18 16 1 15 2 7 9 10 14 6 17 
0 5
1 12
2 14
3 3
4 7
5 1
6 19
7 15
8 0
9 16
10 17
11 9
12 2
13 6
14 18
15 13
16 11
17 20
18 10
19 8
20 4
SIMILAR

15 2 7 3 4 18 0 1 5 19 12 17 10 13 6 9 8 20 11 16 14 
0 6
1 7
2 1
3 3
4 4
5 8
6 14
7 2
8 16
9 15
10 12
11 18
12 10
13 13
14 20
15 0
16 19
17 11
18 5
19 9
20 17
SIMILAR

8 12 14 17 19 1 16 4 20 10 11 0 3 7 18 13 6 9 5 15 2 
0 11
1 5
2 20
3 12
4 7
5 18
6 16
7 13
8 0
9 17
10 9
11 10
12 1
13 15
14 2
15 19
16 6
17 3
18 14
19 4
20 8
SIMILAR

2 12 6 13 4 15 16 5 0 17 19 3 9 8 20 11 18 10 14 1 7 
0 8
1 19
2 0
3 11
4 4
5 7
6 2
7 20
8 13
9 12
10 17
11 15
12 1
13 3
14 18
15 5
16 6
17 9
18 16
19 10
20 14
SIMILAR

1 13 20 19 10 12 14 16 7 8 18 4 2 5 6 15 11 0 3 9 17 
0 17
1 0
2 12
3 18
4 11
5 13
6 14
7 8
8 9
9 19
10 4
11 16
12 5
13 1
14 6
15 15
16 7
17 20
18 10
19 3
20 2
SIMILAR

12 16 4 5 11 1 19 3 2 10 6 13 0 9 8 17 7 14 15 18 20 
0 12
1 5
2 8
3 7
4 2
5 3
6 10
7 16
8 14
9 13
10 9
11 4
12 0
13 11
14 17
15 18
16 1
17 15
18 19
19 6
20 20
SIMILAR

2 20 11 7 19 15 18 17 4 14 1 6 9 10 5 12 13 0 3 16 8 
0 17
1 10
2 0
3 18
4 8
5 14
6 11
7 3
8 20
9 12
10 13
11 2
12 15
13 16
14 9
15 5
16 19
17 7
18 6
19 4
20 1
SIMILAR

20 16 0 19 8 7 12 18 10 11 1 14 3 2 13 4 15 5 9 6 17 
0 2
1 10
2 13
3 12
4 15
5 17
6 19
7 5
8 4
9 18
10 8
11 9
12 6
13 14
14 11
15 16
16 1
17 20
18 7
19 3
20 0
SIMILAR

12 20 0 10 18 13 1 17 3 6 5 16 15 14 19 7 9 4 11 8 2 
0 2
1 6
2 20
3 8
4 17
5 10
6 9
7 15
8 19
9 16
10 3
11 18
12 0
13 5
14 13
15 12
16 11
17 7
18 4
19 14
20 1
SIMILAR

15 11 18 8 20 14 13 3 10 1 17 0 12 4 16 9 7 2 6 5 19 
0 11
1 9
2 17
3 7
4 13
5 19
6 18
7 16
8 3
9 15
10 8
11 1
12 12
13 6
14 5
15 0
16 14
17 10
18 2
19 20
20 4
SIMILAR

10 9 16 18 6 7 2 20 12 1 8 5 4 15 3 0 13 11 14 17 19 
0 15
1 9
2 6
3 14
4 12
5 11
6 4
7 5
8 10
9 1
10 0
11 17
12 8
13 16
14 18
15 13
16 2
17 19
18 3
19 20
20 7
SIMILAR

0 16 2 12 20 10 9 7 6 18 4 14 15 8 5 11 3 1 19 17 13 
0 0
1 17
2 2
3 16
4 10
5 14
6 8
7 7
8 13
9 6
10 5
11 15
12 3
13 20
14 11
15 12
16 1
17 19
18 9
19 18
20 4
SIMILAR

18 13 3 20 9 7 19 15 16 0 8 4 2 12 1 14 5 17 10 6 11 
0 9
1 14
2 12
3 2
4 11
5 16
6 19
7 5
8 10
9 4
10 18
11 20
12 13
13 1
14 15
15 7
16 8
17 17
18 0
19 6
20 3
SIMILAR

4 1 0 10 20 3 6 14 5 16 15 12 8 13 19 17 7 18 2 9 11 
0 2
1 1
2 18
3 5
4 0
5 8
6 6
7 16
8 12
9 19
10 3
11 20
12 11
13 13
14 7
15 10
16 9
17 15
18 17
19 14
20 4
SIMILAR

1 18 9 12 6 0 15 11 4 19 2 20 5 16 7 14 13 10 17 3 8 
0 5
1 0
2 10
3 19
4 8
5 12
6 4
7 14
8 20
9 2
10 17
11 7
12 3
13 16
14 15
15 6
16 13
17 18
18 1
19 9
20 11
SIMILAR

11 9 4 19 13 8 15 7 20 1 0 10 17 5 2 12 3 16 14 18 6 
0 10
1 9
2 14
3 16
4 2
5 13
6 20
7 7
8 5
9 1
10 11
11 0
12 15
13 4
14 18
15 6
16 17
17 12
18 19
19 3
20 8
SIMILAR

1 17 12 15 18 8 4 7 13 9 16 3 11 0 19 2 5 10 20 6 14 
0 13
1 0
2 15
3 11
4 6
5 16
6 19
7 7
8 5
9 9
10 17
11 12
12 2
13 8
14 20
15 3
16 10
17 1
18 4
19 14
20 18
SIMILAR

1 3 16 0 9 5 2 15 13 19 10 6 17 7 14 11 20 4 18 12 8 
0 3
1 0
2 6
3 1
4 17
5 5
6 11
7 13
8 20
9 4
10 10
11 15
12 19
13 8
14 14
15 7
16 2
17 12
18 18
19 9
20 16
SIMILAR

19 13 14 18 15 4 9 2 16 0 5 12 8 3 11 20 10 6 7 17 1 
0 9
1 20
2 7
3 13
4 5
5 10
6 17
7 18
8 12
9 6
10 16
11 14
12 11
13 1
14 2
15 4
16 8
17 19
18 3
19 0
20 15
SIMILAR

6 17 3 5 7 19 9 16 4 0 12 13 14 10 8 1 2 11 20 18 15 
0 9
1 15
2 16
3 2
4 8
5 3
6 0
7 4
8 14
9 6
10 13
11 17
12 10
13 11
14 12
15 20
16 7
17 1
18 19
19 5
20 18
SIMILAR

18 8 17 1 14 6 20 13 19 4 2 7 10 12 11 0 15 3 9 5 16 
0 15
1 3
2 10
3 17
4 9
5 19
6 5
7 11
8 1
9 18
10 12
11 14
12 13
13 7
14 4
15 16
16 20
17 2
18 0
19 8
20 6
SIMILAR

2 0 20 3 17 12 4 8 19 13 14 7 10 16 9 5 6 11 1 18 15 
0 1
1 18
2 0
3 3
4 6
5 15
6 16
7 11
8 7
9 14
10 12
11 17
12 5
13 9
14 10
15 20
16 13
17 4
18 19
19 8
20 2
SIMILAR

16 4 3 1 8 7 20 12 18 5 6 2 14 15 0 10 13 19 17 11 9 
0 14
1 3
2 11
3 2
4 1
5 9
6 10
7 5
8 4
9 20
10 15
11 19
12 7
13 16
14 12
15 13
16 0
17 18
18 8
19 17
20 6
SIMILAR

19 16 18 4 8 20 5 12 3 9 14 11 17 2 6 10 1 13 7 0 15 
0 19
1 16
2 13
3 8
4 3
5 6
6 14
7 18
8 4
9 9
10 15
11 11
12 7
13 17
14 10
15 20
16 1
17 12
18 2
19 0
20 5
SIMILAR

10 13 16 0 15 14 17 5 4 1 6 3 12 7 9 11 19 2 8 20 18 
0 3
1 9
2 17
3 11
4 8
5 7
6 10
7 13
8 18
9 14
10 0
11 15
12 12
13 1
14 5
15 4
16 2
17 6
18 20
19 16
20 19
SIMILAR

16 10 9 17 14 3 0 20 15 12 6 11 7 4 13 19 1 5 8 2 18 
0 6
1 16
2 19
3 5
4 13
5 17
6 10
7 12
8 18
9 2
10 1
11 11
12 9
13 14
14 4
15 8
16 0
17 3
18 20
19 15
20 7
SIMILAR

18 3 0 1 19 11 2 8 20 9 5 10 17 6 13 7 15 16 12 14 4 
0 2
1 3
2 6
3 1
4 20
5 10
6 13
7 15
8 7
9 9
10 11
11 5
12 18
13 14
14 19
15 16
16 17
17 12
18 0
19 4
20 8
SIMILAR

7 0 14 9 5 3 1 12 18 4 6 15 20 8 16 2 10 17 11 19 13 
0 1
1 6
2 15
3 5
4 9
5 4
6 10
7 0
8 13
9 3
10 16
11 18
12 7
13 20
14 2
15 11
16 14
17 17
18 8
19 19
20 12
SIMILAR

19 11 15 6 20 13 16 4 2 14 5 10 8 17 9 12 3 1 0 7 18 
0 18
1 17
2 8
3 16
4 7
5 10
6 3
7 19
8 12
9 14
10 11
11 1
12 15
13 5
14 9
15 2
16 6
17 13
18 20
19 0
20 4
SIMILAR

8 1 10 14 3 0 7 9 13 12 5 11 18 19 6 2 17 4 16 15 20 
0 5
1 1
2 15
3 4
4 17
5 10
6 14
7 6
8 0
9 7
10 2
11 11
12 9
13 8
14 3
15 19
16 18
17 16
18 12
19 13
20 20
SIMILAR

12 3 17 5 18 15 11 10 8 6 19 7 9 2 4 13 16 20 14 1 0 
0 20
1 19
2 13
3 1
4 14
5 3
6 9
7 11
8 8
9 12
10 7
11 6
12 0
13 15
14 18
15 5
16 16
17 2
18 4
19 10
20 17
SIMILAR

8 4 19 7 1 16 3 14 2 20 12 17 11 6 15 0 9 5 18 13 10 
0 15
1 4
2 8
3 6
4 1
5 17
6 13
7 3
8 0
9 16
10 20
11 12
12 10
13 19
14 7
15 14
16 5
17 11
18 18
19 2
20 9
SIMILAR

5 4 10 9 17 7 18 16 14 13 1 12 8 19 11 3 15 20 0 6 2 
0 18
1 10
2 20
3 15
4 1
5 0
6 19
7 5
8 12
9 3
10 2
11 14
12 11
13 9
14 8
15 16
16 7
17 4
18 6
19 13
20 17
SIMILAR

18 5 2 15 14 7 13 10 6 12 4 8 19 9 3 11 20 0 16 1 17 
0 17
1 19
2 2
3 14
4 10
5 1
6 8
7 5
8 11
9 13
10 7
11 15
12 9
13 6
14 4
15 3
16 18
17 20
18 0
19 12
20 16
SIMILAR

8 7 1 10 18 19 0 2 11 15 16 9 3 13 4 5 17 20 12 6 14 
0 6
1 2
2 7
3 12
4 14
5 15
6 19
7 1
8 0
9 11
10 3
11 8
12 18
13 13
14 20
15 9
16 10
17 16
18 4
19 5
20 17
SIMILAR

13 12 11 20 0 4 1 5 9 10 18 3 7 15 8 14 2 6 16 19 17 
0 4
1 6
2 16
3 11
4 5
5 7
6 17
7 12
8 14
9 8
10 9
11 2
12 1
13 0
14 15
15 13
16 18
17 20
18 10
19 19
20 3
SIMILAR

3 20 8 10 12 17 14 18 5 11 19 13 16 7 0 9 2 6 15 4 1 
0 14
1 20
2 16
3 0
4 19
5 8
6 17
7 13
8 2
9 15
10 3
11 9
12 4
13 11
14 6
15 18
16 12
17 5
18 7
19 10
20 1
SIMILAR

19 5 0 1 3 9 13 20 18 12 17 14 7 2 4 15 16 8 11 10 6 
0 2
1 3
2 13
3 4
4 14
5 1
6 20
7 12
8 17
9 5
10 19
11 18
12 9
13 6
14 11
15 15
16 16
17 10
18 8
19 0
20 7
SIMILAR

2 19 17 6 7 14 20 13 3 0 11 18 1 4 9 8 15 10 16 12 5 
0 9
1 12
2 0
3 8
4 13
5 20
6 3
7 4
8 15
9 14
10 17
11 10
12 19
13 7
14 5
15 16
16 18
17 2
18 11
19 1
20 6
SIMILAR

5 0 3 17 13 10 7 14 16 9 8 19 18 11 6 4 15 12 20 1 2 
0 1
1 19
2 20
3 2
4 15
5 0
6 14
7 6
8 10
9 9
10 5
11 13
12 17
13 4
14 7
15 16
16 8
17 3
18 12
19 11
20 18
SIMILAR

13 10 4 12 5 0 11 20 8 18 6 1 16 9 19 17 14 7 2 15 3 
0 5
1 11
2 18
3 20
4 2
5 4
6 10
7 17
8 8
9 13
10 1
11 6
12 3
13 0
14 16
15 19
16 12
17 15
18 9
19 14
20 7
SIMILAR

17 8 16 5 0 2 12 11 1 19 10 13 6 18 15 7 20 14 9 4 3 
0 4
1 8
2 5
3 20
4 19
5 3
6 12
7 15
8 1
9 18
10 10
11 7
12 6
13 11
14 17
15 14
16 2
17 0
18 13
19 9
20 16
SIMILAR

6 0 4 9 3 14 17 7 11 5 20 10 18 16 13 12 15 19 1 2 8 
0 1
1 18
2 19
3 4
4 2
5 9
6 0
7 7
8 20
9 3
10 11
11 8
12 15
13 14
14 5
15 16
16 13
17 6
18 12
19 17
20 10
SIMILAR

17 20 1 9 3 8 12 15 4 18 14 6 5 0 13 16 10 11 7 2 19 
0 13
1 2
2 19
3 4
4 8
5 12
6 11
7 18
8 5
9 3
10 16
11 17
12 6
13 14
14 10
15 7
16 15
17 0
18 9
19 20
20 1
SIMILAR

14 19 13 3 10 6 16 20 1 18 12 4 11 9 2 15 17 0 7 8 5 
0 17
1 8
2 14
3 3
4 11
5 20
6 5
7 18
8 19
9 13
10 4
11 12
12 10
13 2
14 0
15 15
16 6
17 16
18 9
19 1
20 7
SIMILAR

6 8 7 20 15 1 10 2 17 11 12 5 4 18 3 14 16 13 9 0 19 
0 19
1 5
2 7
3 14
4 12
5 11
6 0
7 2
8 1
9 18
10 6
11 9
12 10
13 17
14 15
15 4
16 16
17 8
18 13
19 20
20 3
SIMILAR

0 3 20 7 4 5 10 8 18 1 17 12 13 15 2 16 19 14 11 6 9 
0 0
1 9
2 14
3 1
4 4
5 5
6 19
7 3
8 7
9 20
10 6
11 18
12 11
13 12
14 17
15 13
16 15
17 10
18 8
19 16
20 2
SIMILAR

16 5 17 8 11 13 18 3 19 4 14 7 2 20 6 12 0 9 10 15 1 
0 16
1 20
2 12
3 7
4 9
5 1
6 14
7 11
8 3
9 17
10 18
11 4
12 15
13 5
14 10
15 19
16 0
17 2
18 6
19 8
20 13
SIMILAR

20 10 2 9 13 12 8 17 19 3 1 11 5 18 4 7 14 0 15 16 6 
0 17
1 10
2 2
3 9
4 14
5 12
6 20
7 15
8 6
9 3
10 1
11 11
12 5
13 4
14 16
15 18
16 19
17 7
18 13
19 8
20 0
SIMILAR

14 10 1 19 7 6 3 9 13 18 2 11 8 0 20 5 16 17 15 4 12 
0 13
1 2
2 10
3 6
4 19
5 15
6 5
7 4
8 12
9 7
10 1
11 11
12 20
13 8
14 0
15 18
16 16
17 17
18 9
19 3
20 14
SIMILAR

20 12 6 17 16 18 7 8 3 13 0 4 5 15 9 10 11 19 14 2 1 
0 10
1 20
2 19
3 8
4 11
5 12
6 2
7 6
8 7
9 14
10 15
11 16
12 1
13 9
14 18
15 13
16 4
17 3
18 5
19 17
20 0
SIMILAR

8 17 11 0 19 10 16 15 5 9 18 4 3 14 1 13 7 12 2 6 20 
0 3
1 14
2 18
3 12
4 11
5 8
6 19
7 16
8 0
9 9
10 5
11 2
12 17
13 15
14 13
15 7
16 6
17 1
18 10
19 4
20 20
SIMILAR

2 3 13 10 20 7 12 4 0 14 16 1 5 9 6 17 11 19 15 18 8 
0 8
1 11
2 0
3 1
4 7
5 12
6 14
7 5
8 20
9 13
10 3
11 16
12 6
13 2
14 9
15 18
16 10
17 15
18 19
19 17
20 4
SIMILAR

2 9 1 4 17 6 13 19 18 8 10 15 14 7 16 12 5 20 3 0 11 
0 19
1 2
2 0
3 18
4 3
5 16
6 5
7 13
8 9
9 1
10 10
11 20
12 15
13 6
14 12
15 11
16 14
17 4
18 8
19 7
20 17
SIMILAR

9 8 20 12 19 14 13 5 11 10 17 7 15 6 2 4 18 16 1 3 0 
0 20
1 18
2 14
3 19
4 15
5 7
6 13
7 11
8 1
9 0
10 9
11 8
12 3
13 6
14 5
15 12
16 17
17 10
18 16
19 4
20 2
SIMILAR

16 10 13 11 7 15 14 9 5 0 8 12 6 20 4 18 19 17 3 2 1 
0 9
1 20
2 19
3 18
4 14
5 8
6 12
7 4
8 10
9 7
10 1
11 3
12 11
13 2
14 6
15 5
16 0
17 17
18 15
19 16
20 13
SIMILAR

14 13 4 7 0 9 5 16 8 12 17 11 3 10 18 15 19 2 1 6 20 
0 4
1 18
2 17
3 12
4 2
5 6
6 19
7 3
8 8
9 5
10 13
11 11
12 9
13 1
14 0
15 15
16 7
17 10
18 14
19 16
20 20
SIMILAR

0 4 5 19 8 7 12 10 17 14 6 16 9 2 1 15 18 3 11 13 20 
0 0
1 14
2 13
3 17
4 1
5 2
6 10
7 5
8 4
9 12
10 7
11 18
12 6
13 19
14 9
15 15
16 11
17 8
18 16
19 3
20 20
SIMILAR

2 7 3 20 1 12 0 6 15 9 11 13 16 10 5 4 8 18 17 19 14 
0 6
1 4
2 0
3 2
4 15
5 14
6 7
7 1
8 16
9 9
10 13
11 10
12 5
13 11
14 20
15 8
16 12
17 18
18 17
19 19
20 3
SIMILAR

15 9 5 4 18 20 17 10 19 13 3 8 11 6 0 12 1 16 2 14 7 
0 14
1 16
2 18
3 10
4 3
5 2
6 13
7 20
8 11
9 1
10 7
11 12
12 15
13 9
14 19
15 0
16 17
17 6
18 4
19 8
20 5
SIMILAR

20 8 6 9 12 2 1 17 7 0 11 3 15 18 10 5 13 14 4 16 19 
0 9
1 6
2 5
3 11
4 18
5 15
6 2
7 8
8 1
9 3
10 14
11 10
12 4
13 16
14 17
15 12
16 19
17 7
18 13
19 20
20 0
SIMILAR

11 3 20 18 19 8 14 15 13 12 2 17 7 1 6 4 0 5 9 16 10 
0 16
1 13
2 10
3 1
4 15
5 17
6 14
7 12
8 5
9 18
10 20
11 0
12 9
13 8
14 6
15 7
16 19
17 11
18 3
19 4
20 2
SIMILAR

20 0 7 18 15 9 13 16 10 6 12 8 14 4 17 5 2 3 11 19 1 
0 1
1 20
2 16
3 17
4 13
5 15
6 9
7 2
8 11
9 5
10 8
11 18
12 10
13 6
14 12
15 4
16 7
17 14
18 3
19 19
20 0
SIMILAR

2 18 15 12 20 8 1 4 9 14 16 3 17 19 0 10 13 11 7 5 6 
0 14
1 6
2 0
3 11
4 7
5 19
6 20
7 18
8 5
9 8
10 15
11 17
12 3
13 16
14 9
15 2
16 10
17 12
18 1
19 13
20 4
SIMILAR

18 19 12 7 0 13 17 2 15 14 4 5 16 10 20 11 8 3 9 6 1 
0 4
1 20
2 7
3 17
4 10
5 11
6 19
7 3
8 16
9 18
10 13
11 15
12 2
13 5
14 9
15 8
16 12
17 6
18 0
19 1
20 14
SIMILAR

12 5 20 8 11 4 2 16 3 18 7 6 14 0 10 17 19 13 9 1 15 
0 13
1 19
2 6
3 8
4 5
5 1
6 11
7 10
8 3
9 18
10 14
11 4
12 0
13 17
14 12
15 20
16 7
17 15
18 9
19 16
20 2
SIMILAR
100 0
6900 0
176900 0
