21
0 1 1 0 1 0 0 1 0 1 0 0 0 1 0 0 0 1 1 0 0 
1 0 0 0 0 0 0 1 0 0 1 1 0 0 0 0 0 1 1 0 1 
1 0 0 0 1 1 0 0 0 0 0 0 1 0 1 1 1 0 0 1 0 
0 0 0 0 1 1 1 0 1 0 0 0 1 0 1 1 1 0 1 1 0 
1 0 1 1 0 1 1 1 1 0 0 0 1 0 1 1 1 1 0 1 0 
0 0 1 1 1 0 1 1 1 1 0 1 0 1 0 1 1 1 1 0 0 
0 0 0 1 1 1 0 1 1 1 1 1 1 0 0 1 0 0 1 1 1 
1 1 0 0 1 1 1 0 0 0 0 1 0 1 0 1 0 0 0 0 0 
0 0 0 1 1 1 1 0 0 0 0 0 0 0 0 1 0 0 0 1 1 
1 0 0 0 0 1 1 0 0 0 0 0 0 0 0 0 1 0 1 1 0 
0 1 0 0 0 0 1 0 0 0 0 0 1 1 1 0 1 0 0 0 0 
0 1 0 0 0 1 1 1 0 0 0 0 1 1 0 1 1 1 0 1 0 
0 0 1 1 1 0 1 0 0 0 1 1 0 0 1 0 1 1 0 0 1 
1 0 0 0 0 1 0 1 0 0 1 1 0 0 1 1 0 0 1 1 0 
0 0 1 1 1 0 0 0 0 0 1 0 1 1 0 0 1 0 0 1 0 
0 0 1 1 1 1 1 1 1 0 0 1 0 1 0 0 1 0 1 1 1 
0 0 1 1 1 1 0 0 0 1 1 1 1 0 1 1 0 1 1 0 1 
1 1 0 0 1 1 0 0 0 0 0 1 1 0 0 0 1 0 0 1 1 
1 1 0 1 0 1 1 0 0 1 0 0 0 1 0 1 1 0 0 1 0 
0 0 1 1 1 0 1 0 1 1 0 1 0 1 1 1 0 1 1 0 0 
0 1 0 0 0 0 1 0 1 0 0 0 1 0 0 1 1 1 0 0 0 

18 6 12 8 17 20 3 15 5 0 10 19 11 9 1 14 7 4 2 13 16 
0 9
1 14
2 18
3 6
4 17
5 8
6 1
7 16
8 3
9 13
10 10
11 12
12 2
13 19
14 15
15 7
16 20
17 4
18 0
19 11
20 5
SIMILAR

4 3 6 2 12 7 11 20 13 17 18 0 15 16 14 8 10 1 9 5 19 
0 11
1 17
2 3
3 1
4 0
5 19
6 2
7 5
8 15
9 18
10 16
11 6
12 4
13 8
14 14
15 12
16 13
17 9
18 10
19 20
20 7
SIMILAR

2 9 3 13 11 6 16 5 15 0 18 7 14 19 1 20 12 10 8 17 4 
0 9
1 14
2 0
3 2
4 20
5 7
6 5
7 11
8 18
9 1
10 17
11 4
12 16
13 3
14 12
15 8
16 6
17 19
18 10
19 13
20 15
SIMILAR

12 0 14 4 8 13 10 17 2 7 1 9 15 20 18 5 11 19 3 16 6 
0 1
1 10
2 8
3 18
4 3
5 15
6 20
7 9
8 4
9 11
10 6
11 16
12 0
13 5
14 2
15 12
16 19
17 7
18 14
19 17
20 13
SIMILAR

0 13 18 6 1 19 11 10 20 17 3 5 9 4 8 12 16 14 15 7 2 
0 0
1 4
2 20
3 10
4 13
5 11
6 3
7 19
8 14
9 12
10 7
11 6
12 15
13 1
14 17
15 18
16 16
17 9
18 2
19 5
20 8
SIMILAR

4 15 2 10 16 7 12 5 6 20 9 14 17 19 3 0 11 18 1 8 13 
0 15
1 18
2 2
3 14
4 0
5 7
6 8
7 5
8 19
9 10
10 3
11 16
12 6
13 20
14 11
15 1
16 4
17 12
18 17
19 13
20 9
SIMILAR

10 2 0 14 17 19 12 4 11 16 20 5 15 13 8 1 7 6 3 9 18 
0 2
1 15
2 1
3 18
4 7
5 11
6 17
7 16
8 14
9 19
10 0
11 8
12 6
13 13
14 3
15 12
16 9
17 4
18 20
19 5
20 10
SIMILAR

1 6 7 19 10 16 20 15 13 2 18 0 4 5 8 11 9 17 14 3 12 
0 11
1 0
2 9
3 19
4 12
5 13
6 1
7 2
8 14
9 16
10 4
11 15
12 20
13 8
14 18
15 7
16 5
17 17
18 10
19 3
20 6
SIMILAR

9 13 12 19 20 4 15 18 17 2 16 5 0 1 14 10 7 8 6 11 3 
0 12
1 13
2 9
3 20
4 5
5 11
6 18
7 16
8 17
9 0
10 15
11 19
12 2
13 1
14 14
15 6
16 10
17 8
18 7
19 3
20 4
SIMILAR

18 20 11 15 17 6 9 0 10 1 19 4 8 2 5 14 12 7 3 16 13 
0 7
1 9
2 13
3 18
4 11
5 14
6 5
7 17
8 12
9 6
10 8
11 2
12 16
13 20
14 15
15 3
16 19
17 4
18 0
19 10
20 1
SIMILAR

17 14 3 4 1 18 10 11 7 12 0 16 5 19 15 6 20 9 2 8 13 
0 10
1 4
2 18
3 2
4 3
5 12
6 15
7 8
8 19
9 17
10 6
11 7
12 9
13 20
14 1
15 14
16 11
17 0
18 5
19 13
20 16
SIMILAR

11 0 7 15 17 3 16 9 4 1 12 19 2 13 18 20 8 10 6 5 14 
0 1
1 9
2 12
3 5
4 8
5 19
6 18
7 2
8 16
9 7
10 17
11 0
12 10
13 13
14 20
15 3
16 6
17 4
18 14
19 11
20 15
SIMILAR

8 17 5 6 1 0 15 11 2 16 20 7 18 13 12 19 4 14 3 9 10 
0 5
1 4
2 8
3 18
4 16
5 2
6 3
7 11
8 0
9 19
10 20
11 7
12 14
13 13
14 17
15 6
16 9
17 1
18 12
19 15
20 10
SIMILAR

3 11 10 20 5 1 15 19 18 13 14 9 4 2 6 12 0 16 7 8 17 
0 16
1 5
2 13
3 0
4 12
5 4
6 14
7 18
8 19
9 11
10 2
11 1
12 15
13 9
14 10
15 6
16 17
17 20
18 8
19 7
20 3
SIMILAR

10 17 15 9 14 16 7 8 18 11 1 2 0 12 13 20 6 3 5 4 19 
0 12
1 10
2 11
3 17
4 19
5 18
6 16
7 6
8 7
9 3
10 0
11 9
12 13
13 14
14 4
15 2
16 5
17 1
18 8
19 20
20 15
SIMILAR

10 20 2 4 14 8 11 17 3 6 0 16 18 15 12 19 5 13 7 1 9 
0 10
1 19
2 2
3 8
4 3
5 16
6 9
7 18
8 5
9 20
10 0
11 6
12 14
13 17
14 4
15 13
16 11
17 7
18 12
19 15
20 1
SIMILAR

5 8 0 10 4 11 12 6 2 16 20 13 9 14 1 7 3 17 18 15 19 
0 2
1 14
2 8
3 16
4 4
5 0
6 7
7 15
8 1
9 12
10 3
11 5
12 6
13 11
14 13
15 19
16 9
17 17
18 18
19 20
20 10
SIMILAR

2 8 18 9 19 17 16 12 7 3 14 20 13 4 6 0 11 10 5 15 1 
0 15
1 20
2 0
3 9
4 13
5 18
6 14
7 8
8 1
9 3
10 17
11 16
12 7
13 12
14 10
15 19
16 6
17 5
18 2
19 4
20 11
SIMILAR

14 6 3 17 4 10 0 5 7 15 1 18 20 2 8 16 13 19 12 11 9 
0 6
1 10
2 13
3 2
4 4
5 7
6 1
7 8
8 14
9 20
10 5
11 19
12 18
13 16
14 0
15 9
16 15
17 3
18 11
19 17
20 12
SIMILAR

13 8 11 5 17 4 0 7 3 16 6 20 19 18 2 1 15 14 10 9 12 
0 6
1 15
2 14
3 8
4 5
5 3
6 10
7 7
8 1
9 19
10 18
11 2
12 20
13 0
14 17
15 16
16 9
17 4
18 13
19 12
20 11
SIMILAR

17 7 18 14 4 1 3 6 13 12 15 9 20 10 8 5 2 11 16 0 19 
0 19
1 5
2 16
3 6
4 4
5 15
6 7
7 1
8 14
9 11
10 13
11 17
12 9
13 8
14 3
15 10
16 18
17 0
18 2
19 20
20 12
SIMILAR

9 19 14 12 13 3 6 10 0 18 1 15 7 16 20 11 4 5 8 17 2 
0 8
1 10
2 20
3 5
4 16
5 17
6 6
7 12
8 18
9 0
10 7
11 15
12 3
13 4
14 2
15 11
16 13
17 19
18 9
19 1
20 14
SIMILAR

15 2 0 13 4 9 8 16 14 19 6 11 17 7 10 5 20 1 12 3 18 
0 2
1 17
2 1
3 19
4 4
5 15
6 10
7 13
8 6
9 5
10 14
11 11
12 18
13 3
14 8
15 0
16 7
17 12
18 20
19 9
20 16
SIMILAR

20 12 17 19 6 16 13 11 14 2 3 4 9 7 10 1 18 15 8 0 5 
0 19
1 15
2 9
3 10
4 11
5 20
6 4
7 13
8 18
9 12
10 14
11 7
12 1
13 6
14 8
15 17
16 5
17 2
18 16
19 3
20 0
SIMILAR

4 6 10 3 7 15 8 18 16 0 5 13 11 9 1 19 20 2 12 14 17 
0 9
1 14
2 17
3 3
4 0
5 10
6 1
7 4
8 6
9 13
10 2
11 12
12 18
13 11
14 19
15 5
16 8
17 20
18 7
19 15
20 16
SIMILAR

10 16 2 7 5 8 18 17 19 3 6 13 14 12 11 9 4 1 15 0 20 
0 19
1 17
2 2
3 9
4 16
5 4
6 10
7 3
8 5
9 15
10 0
11 14
12 13
13 11
14 12
15 18
16 1
17 7
18 6
19 8
20 20
SIMILAR

20 5 10 15 6 8 7 17 1 2 18 16 4 13 3 0 19 9 14 11 12 
0 15
1 8
2 9
3 14
4 12
5 1
6 4
7 6
8 5
9 17
10 2
11 19
12 20
13 13
14 18
15 3
16 11
17 7
18 10
19 16
20 0
SIMILAR

11 1 14 2 3 12 4 8 17 7 6 18 13 19 16 20 0 10 15 9 5 
0 16
1 1
2 3
3 4
4 6
5 20
6 10
7 9
8 7
9 19
10 17
11 0
12 5
13 12
14 2
15 18
16 14
17 8
18 11
19 13
20 15
SIMILAR

16 7 5 11 18 20 12 15 9 2 6 0 10 13 3 4 8 19 14 1 17 
0 11
1 19
2 9
3 14
4 15
5 2
6 10
7 1
8 16
9 8
10 12
11 3
12 6
13 13
14 18
15 7
16 0
17 20
18 4
19 17
20 5
SIMILAR

5 13 0 17 11 18 9 12 14 6 1 15 2 4 16 7 10 19 20 3 8 
0 2
1 10
2 12
3 19
4 13
5 0
6 9
7 15
8 20
9 6
10 16
11 4
12 7
13 1
14 8
15 11
16 14
17 3
18 5
19 17
20 18
SIMILAR

10 19 5 9 11 3 4 16 2 17 7 14 0 13 18 6 1 15 8 12 20 
0 12
1 16
2 8
3 5
4 6
5 2
6 15
7 10
8 18
9 3
10 0
11 4
12 19
13 13
14 11
15 17
16 7
17 9
18 14
19 1
20 20
SIMILAR

4 18 12 20 0 11 16 3 17 7 6 1 15 5 8 9 14 10 2 13 19 
0 4
1 11
2 18
3 7
4 0
5 13
6 10
7 9
8 14
9 15
10 17
11 5
12 2
13 19
14 16
15 12
16 6
17 8
18 1
19 20
20 3
SIMILAR

10 16 13 9 17 11 7 2 15 5 18 3 14 19 0 4 1 12 8 6 20 
0 14
1 16
2 7
3 11
4 15
5 9
6 19
7 6
8 18
9 3
10 0
11 5
12 17
13 2
14 12
15 8
16 1
17 4
18 10
19 13
20 20
SIMILAR

1 7 15 16 3 5 11 0 14 2 10 20 4 17 6 13 12 8 9 18 19 
0 7
1 0
2 9
3 4
4 12
5 5
6 14
7 1
8 17
9 18
10 10
11 6
12 16
13 15
14 8
15 2
16 3
17 13
18 19
19 20
20 11
SIMILAR

20 10 4 14 8 3 7 16 2 19 6 5 0 1 15 11 18 13 9 12 17 
0 12
1 13
2 8
3 5
4 2
5 11
6 10
7 6
8 4
9 18
10 1
11 15
12 19
13 17
14 3
15 14
16 7
17 20
18 16
19 9
20 0
SIMILAR

14 0 5 17 20 12 1 18 7 6 16 11 19 3 2 4 9 13 8 15 10 
0 1
1 6
2 14
3 13
4 15
5 2
6 9
7 8
8 18
9 16
10 20
11 11
12 5
13 17
14 0
15 19
16 10
17 3
18 7
19 12
20 4
SIMILAR

8 2 0 15 3 12 6 10 1 14 20 9 18 16 5 17 19 11 4 7 13 
0 2
1 8
2 1
3 4
4 18
5 14
6 6
7 19
8 0
9 11
10 7
11 17
12 5
13 20
14 9
15 3
16 13
17 15
18 12
19 16
20 10
SIMILAR

13 6 8 5 12 20 7 18 11 2 15 4 0 9 10 16 1 14 17 3 19 
0 12
1 16
2 9
3 19
4 11
5 3
6 1
7 6
8 2
9 13
10 14
11 8
12 4
13 0
14 17
15 10
16 15
17 18
18 7
19 20
20 5
SIMILAR

18 6 11 19 3 5 14 17 10 9 7 8 2 13 12 20 0 16 15 4 1 
0 16
1 20
2 12
3 4
4 19
5 5
6 1
7 10
8 11
9 9
10 8
11 2
12 14
13 13
14 6
15 18
16 17
17 7
18 0
19 3
20 15
SIMILAR

10 13 3 7 0 6 18 8 20 2 4 19 14 15 11 12 1 17 5 9 16 
0 4
1 16
2 9
3 2
4 10
5 18
6 5
7 3
8 7
9 19
10 0
11 14
12 15
13 1
14 12
15 13
16 20
17 17
18 6
19 11
20 8
SIMILAR

6 10 2 9 4 0 8 18 19 14 1 11 5 12 20 17 16 15 3 7 13 
0 5
1 10
2 2
3 18
4 4
5 12
6 0
7 19
8 6
9 3
10 1
11 11
12 13
13 20
14 9
15 17
16 16
17 15
18 7
19 8
20 14
SIMILAR

20 19 17 9 2 16 0 5 14 10 4 11 8 7 6 1 18 3 15 12 13 
0 6
1 15
2 4
3 17
4 10
5 7
6 14
7 13
8 12
9 3
10 9
11 11
12 19
13 20
14 8
15 18
16 5
17 2
18 16
19 1
20 0
SIMILAR

14 0 7 4 3 15 5 18 8 17 16 19 2 20 10 9 6 12 13 1 11 
0 1
1 19
2 12
3 4
4 3
5 6
6 16
7 2
8 8
9 15
10 14
11 20
12 17
13 18
14 0
15 5
16 10
17 9
18 7
19 11
20 13
SIMILAR

19 4 6 5 3 16 15 10 2 13 9 20 7 1 0 17 18 11 14 12 8 
0 14
1 13
2 8
3 4
4 1
5 3
6 2
7 12
8 20
9 10
10 7
11 17
12 19
13 9
14 18
15 6
16 5
17 15
18 16
19 0
20 11
SIMILAR

5 15 2 11 14 20 10 16 4 8 0 1 3 12 18 7 9 13 17 19 6 
0 10
1 11
2 2
3 12
4 8
5 0
6 20
7 15
8 9
9 16
10 6
11 3
12 13
13 17
14 4
15 1
16 7
17 18
18 14
19 19
20 5
SIMILAR

3 11 10 9 18 15 13 19 4 17 16 20 6 5 14 0 2 8 12 7 1 
0 15
1 20
2 16
3 0
4 8
5 13
6 12
7 19
8 17
9 3
10 2
11 1
12 18
13 6
14 14
15 5
16 10
17 9
18 4
19 7
20 11
SIMILAR

3 4 11 12 10 9 15 16 8 14 7 19 6 2 5 17 13 20 18 0 1 
0 19
1 20
2 13
3 0
4 1
5 14
6 12
7 10
8 8
9 5
10 4
11 2
12 3
13 16
14 9
15 6
16 7
17 15
18 18
19 11
20 17
SIMILAR

9 2 0 16 10 11 5 12 20 8 14 18 19 13 7 15 3 1 6 4 17 
0 2
1 17
2 1
3 16
4 19
5 6
6 18
7 14
8 9
9 0
10 4
11 5
12 7
13 13
14 10
15 15
16 3
17 20
18 11
19 12
20 8
SIMILAR

5 14 13 0 3 12 8 7 4 15 1 20 11 19 10 9 17 2 18 6 16 
0 3
1 10
2 17
3 4
4 8
5 0
6 19
7 7
8 6
9 15
10 14
11 12
12 5
13 2
14 1
15 9
16 20
17 16
18 18
19 13
20 11
SIMILAR

13 2 19 12 7 10 11 18 20 16 15 14 9 0 8 5 3 1 6 4 17 
0 13
1 17
2 1
3 16
4 19
5 15
6 18
7 4
8 14
9 12
10 5
11 6
12 3
13 0
14 11
15 10
16 9
17 20
18 7
19 2
20 8
SIMILAR

20 11 7 5 0 4 6 14 3 13 9 17 16 8 18 19 1 10 15 12 2 
0 4
1 16
2 20
3 8
4 5
5 3
6 6
7 2
8 13
9 10
10 17
11 1
12 19
13 9
14 7
15 18
16 12
17 11
18 14
19 15
20 0
SIMILAR

3 0 5 9 2 8 14 7 13 15 12 18 17 1 10 6 11 19 20 4 16 
0 1
1 13
2 4
3 0
4 19
5 2
6 15
7 7
8 5
9 3
10 14
11 16
12 10
13 8
14 6
15 9
16 20
17 12
18 11
19 17
20 18
SIMILAR

18 0 11 14 10 2 19 15 5 8 1 12 16 20 9 13 3 17 4 6 7 
0 1
1 10
2 5
3 16
4 18
5 8
6 19
7 20
8 9
9 14
10 4
11 2
12 11
13 15
14 3
15 7
16 12
17 17
18 0
19 6
20 13
SIMILAR

2 0 3 20 11 7 9 10 6 5 16 4 17 12 8 13 1 15 19 18 14 
0 1
1 16
2 0
3 2
4 11
5 9
6 8
7 5
8 14
9 6
10 7
11 4
12 13
13 15
14 20
15 17
16 10
17 12
18 19
19 18
20 3
SIMILAR

7 12 10 2 18 16 5 9 14 20 4 0 1 17 15 8 19 6 3 13 11 
0 11
1 12
2 3
3 18
4 10
5 6
6 17
7 0
8 15
9 7
10 2
11 20
12 1
13 19
14 8
15 14
16 5
17 13
18 4
19 16
20 9
SIMILAR

4 13 17 10 3 7 1 15 0 5 6 8 19 20 16 9 18 12 14 2 11 
0 8
1 6
2 19
3 4
4 0
5 9
6 10
7 5
8 11
9 15
10 3
11 20
12 17
13 1
14 18
15 7
16 14
17 2
18 16
19 12
20 13
SIMILAR

16 7 15 20 9 8 2 13 11 1 17 10 6 14 3 18 4 12 0 19 5 
0 18
1 9
2 6
3 14
4 16
5 20
6 12
7 1
8 5
9 4
10 11
11 8
12 17
13 7
14 13
15 2
16 0
17 10
18 15
19 19
20 3
SIMILAR

13 16 9 2 20 19 3 5 17 1 8 0 10 11 7 15 6 4 18 14 12 
0 11
1 9
2 3
3 6
4 17
5 7
6 16
7 14
8 10
9 2
10 12
11 13
12 20
13 0
14 19
15 15
16 1
17 8
18 18
19 5
20 4
SIMILAR

13 1 7 2 17 18 10 12 5 9 8 11 20 0 16 14 6 19 15 3 4 
0 13
1 1
2 3
3 19
4 20
5 8
6 16
7 2
8 10
9 9
10 6
11 11
12 7
13 0
14 15
15 18
16 14
17 4
18 5
19 17
20 12
SIMILAR

20 6 0 8 18 15 4 1 5 19 10 3 17 16 12 2 11 13 14 9 7 
0 2
1 7
2 15
3 11
4 6
5 8
6 1
7 20
8 3
9 19
10 10
11 16
12 14
13 17
14 18
15 5
16 13
17 12
18 4
19 9
20 0
SIMILAR

16 13 15 20 8 4 10 3 17 11 9 2 1 6 0 5 7 18 12 19 14 
0 14
1 12
2 11
3 7
4 5
5 15
6 13
7 16
8 4
9 10
10 6
11 9
12 18
13 1
14 20
15 2
16 0
17 8
18 17
19 19
20 3
SIMILAR

1 0 7 16 17 3 10 8 2 14 19 11 15 18 5 9 20 13 4 12 6 
0 1
1 0
2 8
3 5
4 18
5 14
6 20
7 2
8 7
9 15
10 6
11 11
12 19
13 17
14 9
15 12
16 3
17 4
18 13
19 10
20 16
SIMILAR

4 16 15 17 13 19 11 9 12 5 3 1 7 18 14 20 0 8 10 6 2 
0 16
1 11
2 20
3 10
4 0
5 9
6 19
7 12
8 17
9 7
10 18
11 6
12 8
13 4
14 14
15 2
16 1
17 3
18 13
19 5
20 15
SIMILAR

15 10 2 11 16 5 13 7 1 20 9 12 6 17 3 14 19 4 8 18 0 
0 20
1 8
2 2
3 14
4 17
5 5
6 12
7 7
8 18
9 10
10 1
11 3
12 11
13 6
14 15
15 0
16 4
17 13
18 19
19 16
20 9
SIMILAR

14 7 9 5 6 11 1 13 3 15 8 0 20 2 12 18 17 16 10 19 4 
0 11
1 6
2 13
3 8
4 20
5 3
6 4
7 1
8 10
9 2
10 18
11 5
12 14
13 7
14 0
15 9
16 17
17 16
18 15
19 19
20 12
SIMILAR

10 11 12 15 2 8 3 19 6 20 16 18 17 14 13 4 1 5 0 9 7 
0 18
1 16
2 4
3 6
4 15
5 17
6 8
7 20
8 5
9 19
10 0
11 1
12 2
13 14
14 13
15 3
16 10
17 12
18 11
19 7
20 9
SIMILAR

15 14 6 5 13 12 20 18 2 7 19 17 9 4 11 10 1 3 0 16 8 
0 18
1 16
2 8
3 17
4 13
5 3
6 2
7 9
8 20
9 12
10 15
11 14
12 5
13 4
14 1
15 0
16 19
17 11
18 7
19 10
20 6
SIMILAR

9 19 0 3 5 15 17 7 8 18 14 6 11 12 2 13 10 1 16 4 20 
0 2
1 17
2 14
3 3
4 19
5 4
6 11
7 7
8 8
9 0
10 16
11 12
12 13
13 15
14 10
15 5
16 18
17 6
18 9
19 1
20 20
SIMILAR

11 5 7 9 0 13 18 17 19 12 3 15 8 1 6 2 10 20 14 16 4 
0 4
1 13
2 15
3 10
4 20
5 1
6 14
7 2
8 12
9 3
10 16
11 0
12 9
13 5
14 18
15 11
16 19
17 7
18 6
19 8
20 17
SIMILAR

2 7 11 18 4 12 15 16 0 3 14 9 5 20 19 8 10 6 17 13 1 
0 8
1 20
2 0
3 9
4 4
5 12
6 17
7 1
8 15
9 11
10 16
11 2
12 5
13 19
14 10
15 6
16 7
17 18
18 3
19 14
20 13
SIMILAR

6 0 9 13 14 19 18 15 2 11 10 17 12 16 5 8 20 4 1 7 3 
0 1
1 18
2 8
3 20
4 17
5 14
6 0
7 19
8 15
9 2
10 10
11 9
12 12
13 3
14 4
15 7
16 13
17 11
18 6
19 5
20 16
SIMILAR

14 5 16 11 3 15 6 20 7 13 0 9 17 2 19 12 8 1 4 18 10 
0 10
1 17
2 13
3 4
4 18
5 1
6 6
7 8
8 16
9 11
10 20
11 3
12 15
13 9
14 0
15 5
16 2
17 12
18 19
19 14
20 7
SIMILAR

15 6 18 14 4 11 9 12 8 5 17 7 3 20 10 13 0 19 16 1 2 
0 16
1 19
2 20
3 12
4 4
5 9
6 1
7 11
8 8
9 6
10 14
11 5
12 7
13 15
14 3
15 0
16 18
17 10
18 2
19 17
20 13
SIMILAR

0 8 14 18 17 1 13 9 7 19 10 5 4 6 2 11 15 12 20 16 3 
0 0
1 5
2 14
3 20
4 12
5 11
6 13
7 8
8 1
9 7
10 10
11 15
12 17
13 6
14 2
15 16
16 19
17 4
18 3
19 9
20 18
SIMILAR

3 10 18 15 6 20 2 13 0 17 14 16 8 4 19 12 9 11 7 5 1 
0 8
1 20
2 6
3 0
4 13
5 19
6 4
7 18
8 12
9 16
10 1
11 17
12 15
13 7
14 10
15 3
16 11
17 9
18 2
19 14
20 5
SIMILAR

11 6 4 14 12 0 7 2 20 3 15 1 13 8 16 10 5 17 19 18 9 
0 5
1 11
2 7
3 9
4 2
5 16
6 1
7 6
8 13
9 20
10 15
11 0
12 4
13 12
14 3
15 10
16 14
17 17
18 19
19 18
20 8
SIMILAR

10 1 9 6 0 17 8 16 4 13 7 15 12 14 20 19 18 3 2 5 11 
0 4
1 1
2 18
3 17
4 8
5 19
6 3
7 10
8 6
9 2
10 0
11 20
12 12
13 9
14 13
15 11
16 7
17 5
18 16
19 15
20 14
SIMILAR

18 11 1 2 9 7 15 13 0 8 3 19 14 4 12 20 17 10 16 6 5 
0 8
1 2
2 3
3 10
4 13
5 20
6 19
7 5
8 9
9 4
10 17
11 1
12 14
13 7
14 12
15 6
16 18
17 16
18 0
19 11
20 15
SIMILAR

0 13 7 4 2 16 8 11 15 17 14 6 3 18 12 10 1 19 20 5 9 
0 0
1 16
2 4
3 12
4 3
5 19
6 11
7 2
8 6
9 20
10 15
11 7
12 14
13 1
14 10
15 8
16 5
17 9
18 13
19 17
20 18
SIMILAR

11 9 13 15 18 4 16 20 8 1 12 3 2 7 14 6 19 5 17 0 10 
0 19
1 9
2 12
3 11
4 5
5 17
6 15
7 13
8 8
9 1
10 20
11 0
12 10
13 2
14 14
15 3
16 6
17 18
18 4
19 16
20 7
SIMILAR

9 15 18 10 14 19 1 8 13 3 20 17 0 4 16 7 2 5 12 11 6 
0 12
1 6
2 16
3 9
4 13
5 17
6 20
7 15
8 7
9 0
10 3
11 19
12 18
13 8
14 4
15 1
16 14
17 11
18 2
19 5
20 10
SIMILAR

5 15 8 10 20 13 17 16 0 7 14 1 2 12 4 9 19 11 18 6 3 
0 8
1 11
2 12
3 20
4 14
5 0
6 19
7 9
8 2
9 15
10 3
11 17
12 13
13 5
14 10
15 1
16 7
17 6
18 18
19 16
20 4
SIMILAR

20 5 3 17 6 14 10 9 0 1 15 16 19 18 2 13 4 11 8 7 12 
0 8
1 9
2 14
3 2
4 16
5 1
6 4
7 19
8 18
9 7
10 6
11 17
12 20
13 15
14 5
15 10
16 11
17 3
18 13
19 12
20 0
SIMILAR

13 6 17 10 9 8 14 18 3 12 15 16 7 4 1 19 5 2 0 11 20 
0 18
1 14
2 17
3 8
4 13
5 16
6 1
7 12
8 5
9 4
10 3
11 19
12 9
13 0
14 6
15 10
16 11
17 2
18 7
19 15
20 20
SIMILAR

18 9 16 17 14 7 5 20 4 3 19 13 2 11 8 6 12 10 0 15 1 
0 18
1 20
2 12
3 9
4 8
5 6
6 15
7 5
8 14
9 1
10 17
11 13
12 16
13 11
14 4
15 19
16 2
17 3
18 0
19 10
20 7
SIMILAR

18 20 11 6 1 2 14 7 8 13 0 4 10 16 3 5 15 19 12 9 17 
0 10
1 4
2 5
3 14
4 11
5 15
6 3
7 7
8 8
9 19
10 12
11 2
12 18
13 9
14 6
15 16
16 13
17 20
18 0
19 17
20 1
SIMILAR

20 4 13 11 17 1 9 10 3 7 14 15 12 18 19 5 0 16 2 8 6 
0 16
1 5
2 18
3 8
4 1
5 15
6 20
7 9
8 19
9 6
10 7
11 3
12 12
13 2
14 10
15 11
16 17
17 4
18 13
19 14
20 0
SIMILAR

14 1 9 2 8 0 16 20 7 17 19 10 3 13 5 15 6 18 11 12 4 
0 5
1 1
2 3
3 12
4 20
5 14
6 16
7 8
8 4
9 2
10 11
11 18
12 19
13 13
14 0
15 15
16 6
17 9
18 17
19 10
20 7
SIMILAR

13 20 11 17 18 7 8 1 14 6 12 19 16 9 4 10 3 0 2 5 15 
0 17
1 7
2 18
3 16
4 14
5 19
6 9
7 5
8 6
9 13
10 15
11 2
12 10
13 0
14 8
15 20
16 12
17 3
18 4
19 11
20 1
SIMILAR

6 0 2 19 20 4 7 15 5 9 3 13 18 10 14 8 12 17 1 11 16 
0 1
1 18
2 2
3 10
4 5
5 8
6 0
7 6
8 15
9 9
10 13
11 19
12 16
13 11
14 14
15 7
16 20
17 17
18 12
19 3
20 4
SIMILAR

15 19 4 10 18 17 13 16 12 1 2 11 0 7 20 14 5 3 8 6 9 
0 12
1 9
2 10
3 17
4 2
5 16
6 19
7 13
8 18
9 20
10 3
11 11
12 8
13 6
14 15
15 0
16 7
17 5
18 4
19 1
20 14
SIMILAR

10 9 14 1 5 19 7 2 20 12 11 17 13 18 0 8 6 15 4 3 16 
0 14
1 3
2 7
3 19
4 18
5 4
6 16
7 6
8 15
9 1
10 0
11 10
12 9
13 12
14 2
15 17
16 20
17 11
18 13
19 5
20 8
SIMILAR

1 16 9 17 6 2 20 12 5 13 18 0 14 3 7 10 8 11 19 4 15 
0 11
1 0
2 5
3 13
4 19
5 8
6 4
7 14
8 16
9 2
10 15
11 17
12 7
13 9
14 12
15 20
16 1
17 3
18 10
19 18
20 6
SIMILAR

1 2 8 11 6 20 10 9 4 13 15 16 5 7 18 3 17 12 14 19 0 
0 20
1 0
2 1
3 15
4 8
5 12
6 4
7 13
8 2
9 7
10 6
11 3
12 17
13 9
14 18
15 10
16 11
17 16
18 14
19 19
20 5
SIMILAR

12 14 13 5 11 9 2 19 15 20 6 8 0 18 17 4 10 3 7 16 1 
0 12
1 20
2 6
3 17
4 15
5 3
6 10
7 18
8 11
9 5
10 16
11 4
12 0
13 2
14 1
15 8
16 19
17 14
18 13
19 7
20 9
SIMILAR

13 3 6 7 15 16 1 0 9 4 19 20 10 14 5 12 8 18 11 17 2 
0 7
1 6
2 20
3 1
4 9
5 14
6 2
7 3
8 16
9 8
10 12
11 18
12 15
13 0
14 13
15 4
16 5
17 19
18 17
19 10
20 11
SIMILAR

6 2 3 15 14 18 13 7 5 17 9 0 1 20 4 11 19 8 10 16 12 
0 11
1 12
2 1
3 2
4 14
5 8
6 0
7 7
8 17
9 10
10 18
11 15
12 20
13 6
14 4
15 3
16 19
17 9
18 5
19 16
20 13
SIMILAR

6 2 0 18 10 16 20 8 3 19 15 13 12 5 14 7 1 17 4 9 11 
0 2
1 16
2 1
3 8
4 18
5 13
6 0
7 15
8 7
9 19
10 4
11 20
12 12
13 11
14 14
15 10
16 5
17 17
18 3
19 9
20 6
SIMILAR

6 19 14 4 7 13 11 9 0 2 5 15 3 17 20 10 8 16 1 12 18 
0 8
1 18
2 9
3 12
4 3
5 10
6 0
7 4
8 16
9 7
10 15
11 6
12 19
13 5
14 2
15 11
16 17
17 13
18 20
19 1
20 14
SIMILAR

3 10 19 9 14 13 6 16 2 5 0 17 11 4 18 15 12 20 1 8 7 
0 10
1 18
2 8
3 0
4 13
5 9
6 6
7 20
8 19
9 3
10 1
11 12
12 16
13 5
14 4
15 15
16 7
17 11
18 14
19 2
20 17
SIMILAR
100 0
9200 0
179200 0
