21
0 1 1 0 1 1 1 1 1 1 1 0 0 0 0 1 0 1 0 1 1 
1 0 1 1 1 1 0 0 1 1 1 0 0 1 0 0 0 1 0 0 0 
1 1 0 1 0 0 0 0 1 1 1 0 1 1 1 0 1 0 1 1 1 
0 1 1 0 1 1 0 1 1 0 1 1 1 1 1 1 0 0 0 1 0 
1 1 0 1 0 1 0 0 0 1 0 1 0 1 0 1 1 0 1 1 0 
1 1 0 1 1 0 0 0 0 1 0 0 1 0 1 1 1 1 0 0 1 
1 0 0 0 0 0 0 1 0 1 1 0 0 1 0 0 0 0 0 0 1 
1 0 0 1 0 0 1 0 1 1 1 0 1 1 0 1 0 0 0 1 1 
1 1 1 1 0 0 0 1 0 0 0 0 1 0 1 1 0 1 0 0 1 
1 1 1 0 1 1 1 1 0 0 0 1 0 1 0 0 0 1 0 1 1 
1 1 1 1 0 0 1 1 0 0 0 0 0 1 0 1 0 1 0 1 0 
0 0 0 1 1 0 0 0 0 1 0 0 0 0 0 0 1 1 0 1 1 
0 0 1 1 0 1 0 1 1 0 0 0 0 1 0 1 1 0 0 0 0 
0 1 1 1 1 0 1 1 0 1 1 0 1 0 1 1 0 0 1 1 1 
0 0 1 1 0 1 0 0 1 0 0 0 0 1 0 1 0 1 0 1 0 
1 0 0 1 1 1 0 1 1 0 1 0 1 1 1 0 0 0 1 1 0 
0 0 1 0 1 1 0 0 0 0 0 1 1 0 0 0 0 1 1 0 0 
1 1 0 0 0 1 0 0 1 1 1 1 0 0 1 0 1 0 1 1 0 
0 0 1 0 1 0 0 0 0 0 0 0 0 1 0 1 1 1 0 0 0 
1 0 1 1 1 0 0 1 0 1 1 1 0 1 1 1 0 1 0 0 0 
1 0 1 0 0 1 1 1 1 1 0 1 0 1 0 0 0 0 0 0 0 

17 10 6 4 19 9 3 5 20 15 1 16 0 11 13 14 8 7 2 18 12 
0 12
1 10
2 18
3 6
4 3
5 7
6 2
7 17
8 16
9 5
10 1
11 13
12 20
13 14
14 15
15 9
16 11
17 0
18 19
19 4
20 8
SIMILAR

15 8 17 19 7 3 10 6 14 2 20 12 9 18 11 4 13 1 16 5 0 
0 20
1 17
2 9
3 5
4 15
5 19
6 7
7 4
8 1
9 12
10 6
11 14
12 11
13 16
14 8
15 0
16 18
17 2
18 13
19 3
20 10
SIMILAR

5 17 15 4 1 6 3 7 8 16 13 19 12 10 9 11 0 18 20 2 14 
0 16
1 4
2 19
3 6
4 3
5 0
6 5
7 7
8 8
9 14
10 13
11 15
12 12
13 10
14 20
15 2
16 9
17 1
18 17
19 11
20 18
SIMILAR

15 1 14 4 17 3 13 11 0 2 12 6 8 20 16 7 5 18 9 19 10 
0 8
1 1
2 9
3 5
4 3
5 16
6 11
7 15
8 12
9 18
10 20
11 7
12 10
13 6
14 2
15 0
16 14
17 4
18 17
19 19
20 13
SIMILAR

6 7 5 20 2 8 9 19 11 18 1 0 10 14 3 13 12 4 17 15 16 
0 11
1 10
2 4
3 14
4 17
5 2
6 0
7 1
8 5
9 6
10 12
11 8
12 16
13 15
14 13
15 19
16 20
17 18
18 9
19 7
20 3
SIMILAR

17 20 8 15 4 12 3 11 9 10 7 14 18 6 16 13 19 1 2 5 0 
0 20
1 17
2 18
3 6
4 4
5 19
6 13
7 10
8 2
9 8
10 9
11 7
12 5
13 15
14 11
15 3
16 14
17 0
18 12
19 16
20 1
SIMILAR

13 19 0 15 1 18 8 3 17 9 16 2 12 6 4 10 20 7 14 11 5 
0 2
1 4
2 11
3 7
4 14
5 20
6 13
7 17
8 6
9 9
10 15
11 19
12 12
13 0
14 18
15 3
16 10
17 8
18 5
19 1
20 16
SIMILAR

8 3 19 15 16 20 10 6 1 13 0 17 14 7 2 11 18 9 4 12 5 
0 10
1 8
2 14
3 1
4 18
5 20
6 7
7 13
8 0
9 17
10 6
11 15
12 19
13 9
14 12
15 3
16 4
17 11
18 16
19 2
20 5
SIMILAR

14 18 6 3 11 20 13 1 9 19 17 4 12 16 7 0 5 10 15 8 2 
0 15
1 7
2 20
3 3
4 11
5 16
6 2
7 14
8 19
9 8
10 17
11 4
12 12
13 6
14 0
15 18
16 13
17 10
18 1
19 9
20 5
SIMILAR

7 3 15 0 17 20 2 1 18 19 10 9 5 11 16 13 14 12 6 4 8 
0 3
1 7
2 6
3 1
4 19
5 12
6 18
7 0
8 20
9 11
10 10
11 13
12 17
13 15
14 16
15 2
16 14
17 4
18 8
19 9
20 5
SIMILAR

9 20 5 0 1 17 4 7 12 3 8 2 13 18 19 14 15 11 16 10 6 
0 3
1 4
2 11
3 9
4 6
5 2
6 20
7 7
8 10
9 0
10 19
11 17
12 8
13 12
14 15
15 16
16 18
17 5
18 13
19 14
20 1
SIMILAR

2 18 8 7 4 3 1 13 16 20 11 9 17 12 10 6 14 19 15 5 0 
0 20
1 6
2 0
3 5
4 4
5 19
6 15
7 3
8 2
9 11
10 14
11 10
12 13
13 7
14 16
15 18
16 8
17 12
18 1
19 17
20 9
SIMILAR

7 15 6 13 14 8 4 16 2 5 0 17 1 10 19 11 20 9 12 3 18 
0 10
1 12
2 8
3 19
4 6
5 9
6 2
7 0
8 5
9 17
10 13
11 15
12 18
13 3
14 4
15 1
16 7
17 11
18 20
19 14
20 16
SIMILAR

16 8 18 11 3 19 6 1 13 17 12 2 5 9 10 20 0 7 14 4 15 
0 16
1 7
2 11
3 4
4 19
5 12
6 6
7 17
8 1
9 13
10 14
11 3
12 10
13 8
14 18
15 20
16 0
17 9
18 2
19 5
20 15
SIMILAR

10 6 20 14 4 5 1 3 13 19 18 16 2 0 15 12 17 9 8 11 7 
0 13
1 6
2 12
3 7
4 4
5 5
6 1
7 20
8 18
9 17
10 0
11 19
12 15
13 8
14 3
15 14
16 11
17 16
18 10
19 9
20 2
SIMILAR

15 7 11 8 20 5 17 2 19 12 14 10 0 18 16 3 13 9 4 6 1 
0 12
1 20
2 7
3 15
4 18
5 5
6 19
7 1
8 3
9 17
10 11
11 2
12 9
13 16
14 10
15 0
16 14
17 6
18 13
19 8
20 4
SIMILAR

9 14 11 18 20 8 15 12 2 10 0 7 5 3 4 1 16 13 6 17 19 
0 10
1 15
2 8
3 13
4 14
5 12
6 18
7 11
8 5
9 0
10 9
11 2
12 7
13 17
14 1
15 6
16 16
17 19
18 3
19 20
20 4
SIMILAR

9 4 11 18 14 8 17 6 10 15 20 3 1 12 13 7 19 5 0 16 2 
0 18
1 12
2 20
3 11
4 1
5 17
6 7
7 15
8 5
9 0
10 8
11 2
12 13
13 14
14 4
15 9
16 19
17 6
18 3
19 16
20 10
SIMILAR

9 5 0 11 19 4 18 14 6 8 7 15 2 1 17 3 10 16 20 13 12 
0 2
1 13
2 12
3 15
4 5
5 1
6 8
7 10
8 9
9 0
10 16
11 3
12 20
13 19
14 7
15 11
16 17
17 14
18 6
19 4
20 18
SIMILAR

8 13 7 15 16 12 6 18 9 19 5 10 2 11 17 0 1 20 3 4 14 
0 15
1 16
2 12
3 18
4 19
5 10
6 6
7 2
8 0
9 8
10 11
11 13
12 5
13 1
14 20
15 3
16 4
17 14
18 7
19 9
20 17
SIMILAR

12 8 11 19 16 5 10 7 6 0 18 14 15 13 9 4 20 17 2 3 1 
0 9
1 20
2 18
3 19
4 15
5 5
6 8
7 7
8 1
9 14
10 6
11 2
12 0
13 13
14 11
15 12
16 4
17 17
18 10
19 3
20 16
SIMILAR

17 16 3 14 6 5 19 7 13 11 9 8 10 18 2 4 0 15 12 1 20 
0 16
1 19
2 14
3 2
4 15
5 5
6 4
7 7
8 11
9 10
10 12
11 9
12 18
13 8
14 3
15 17
16 1
17 0
18 13
19 6
20 20
SIMILAR

5 10 19 7 6 20 3 18 8 14 4 0 12 13 17 16 15 1 11 2 9 
0 11
1 17
2 19
3 6
4 10
5 0
6 4
7 3
8 8
9 20
10 1
11 18
12 12
13 13
14 9
15 16
16 15
17 14
18 7
19 2
20 5
SIMILAR

1 12 2 10 19 16 0 14 5 4 6 11 17 7 9 20 15 3 13 18 8 
0 6
1 0
2 2
3 17
4 9
5 8
6 10
7 13
8 20
9 14
10 3
11 11
12 1
13 18
14 7
15 16
16 5
17 12
18 19
19 4
20 15
SIMILAR

6 14 5 17 3 8 10 11 20 0 2 7 16 4 9 1 19 12 15 18 13 
0 9
1 15
2 10
3 4
4 13
5 2
6 0
7 11
8 5
9 14
10 6
11 7
12 17
13 20
14 1
15 18
16 12
17 3
18 19
19 16
20 8
SIMILAR

8 6 13 1 12 9 15 20 16 18 0 11 4 19 5 17 2 3 7 14 10 
0 10
1 3
2 16
3 17
4 12
5 14
6 1
7 18
8 0
9 5
10 20
11 11
12 4
13 2
14 19
15 6
16 8
17 15
18 9
19 13
20 7
SIMILAR

6 3 8 12 7 1 13 2 5 11 16 20 18 17 0 9 10 4 19 14 15 
0 14
1 5
2 7
3 1
4 17
5 8
6 0
7 4
8 2
9 15
10 16
11 9
12 3
13 6
14 19
15 20
16 10
17 13
18 12
19 18
20 11
SIMILAR

4 7 9 10 19 17 8 2 14 16 13 3 12 15 11 0 1 6 20 18 5 
0 15
1 16
2 7
3 11
4 0
5 20
6 17
7 1
8 6
9 2
10 3
11 14
12 12
13 10
14 8
15 13
16 9
17 5
18 19
19 4
20 18
SIMILAR

12 10 11 19 3 9 20 16 2 15 8 6 1 18 0 4 5 13 14 17 7 
0 14
1 12
2 8
3 4
4 15
5 16
6 11
7 20
8 10
9 5
10 1
11 2
12 0
13 17
14 18
15 9
16 7
17 19
18 13
19 3
20 6
SIMILAR

20 7 5 16 10 0 14 4 17 2 13 15 3 6 9 18 12 11 1 8 19 
0 5
1 18
2 9
3 12
4 7
5 2
6 13
7 1
8 19
9 14
10 4
11 17
12 16
13 10
14 6
15 11
16 3
17 8
18 15
19 20
20 0
SIMILAR

2 19 12 0 1 9 7 3 17 16 4 10 13 15 6 11 20 8 18 5 14 
0 3
1 4
2 0
3 7
4 10
5 19
6 14
7 6
8 17
9 5
10 11
11 15
12 2
13 12
14 20
15 13
16 9
17 8
18 18
19 1
20 16
SIMILAR

8 20 7 15 10 9 19 18 2 16 12 17 1 13 3 11 14 5 0 6 4 
0 18
1 12
2 8
3 14
4 20
5 17
6 19
7 2
8 0
9 5
10 4
11 15
12 10
13 13
14 16
15 3
16 9
17 11
18 7
19 6
20 1
SIMILAR

8 2 15 5 18 4 12 3 16 11 13 0 14 9 6 17 19 10 7 1 20 
0 11
1 19
2 1
3 7
4 5
5 3
6 14
7 18
8 0
9 13
10 17
11 9
12 6
13 10
14 12
15 2
16 8
17 15
18 4
19 16
20 20
SIMILAR

9 8 11 13 16 5 4 19 0 17 18 2 3 10 20 14 6 15 7 1 12 
0 8
1 19
2 11
3 12
4 6
5 5
6 16
7 18
8 1
9 0
10 13
11 2
12 20
13 3
14 15
15 17
16 4
17 9
18 10
19 7
20 14
SIMILAR

7 16 12 1 5 13 4 18 14 6 2 20 8 3 11 19 17 9 0 15 10 
0 18
1 3
2 10
3 13
4 6
5 4
6 9
7 0
8 12
9 17
10 20
11 14
12 2
13 5
14 8
15 19
16 1
17 16
18 7
19 15
20 11
SIMILAR

8 18 6 19 2 5 10 15 1 17 12 4 11 20 7 13 14 3 0 9 16 
0 18
1 8
2 4
3 17
4 11
5 5
6 2
7 14
8 0
9 19
10 6
11 12
12 10
13 15
14 16
15 7
16 20
17 9
18 1
19 3
20 13
SIMILAR

0 20 13 18 2 15 11 1 8 16 6 14 12 19 3 5 9 10 17 7 4 
0 0
1 7
2 4
3 14
4 20
5 15
6 10
7 19
8 8
9 16
10 17
11 6
12 12
13 2
14 11
15 5
16 9
17 18
18 3
19 13
20 1
SIMILAR

5 15 7 14 18 17 19 20 6 0 2 12 8 3 1 9 11 10 16 13 4 
0 9
1 14
2 10
3 13
4 20
5 0
6 8
7 2
8 12
9 15
10 17
11 16
12 11
13 19
14 3
15 1
16 18
17 5
18 4
19 6
20 7
SIMILAR

1 13 5 8 17 7 15 3 4 6 19 0 18 16 14 10 12 2 20 11 9 
0 11
1 0
2 17
3 7
4 8
5 2
6 9
7 5
8 3
9 20
10 15
11 19
12 16
13 1
14 14
15 6
16 13
17 4
18 12
19 10
20 18
SIMILAR

12 19 6 10 1 3 5 16 11 18 17 8 7 13 15 4 2 9 20 0 14 
0 19
1 4
2 16
3 5
4 15
5 6
6 2
7 12
8 11
9 17
10 3
11 8
12 0
13 13
14 20
15 14
16 7
17 10
18 9
19 1
20 18
SIMILAR

19 1 0 9 12 8 2 4 6 15 13 10 5 20 16 11 3 14 18 17 7 
0 2
1 1
2 6
3 16
4 7
5 12
6 8
7 20
8 5
9 3
10 11
11 15
12 4
13 10
14 17
15 9
16 14
17 19
18 18
19 0
20 13
SIMILAR

2 16 19 1 18 17 6 14 9 12 4 10 11 13 15 20 8 3 5 0 7 
0 19
1 3
2 0
3 17
4 10
5 18
6 6
7 20
8 16
9 8
10 11
11 12
12 9
13 13
14 7
15 14
16 1
17 5
18 4
19 2
20 15
SIMILAR

19 15 13 4 2 18 7 8 12 0 11 17 14 6 10 20 1 5 9 16 3 
0 9
1 16
2 4
3 20
4 3
5 17
6 13
7 6
8 7
9 18
10 14
11 10
12 8
13 2
14 12
15 1
16 19
17 11
18 5
19 0
20 15
SIMILAR

2 3 11 6 15 14 18 19 17 12 8 5 16 0 4 20 13 7 10 9 1 
0 13
1 20
2 0
3 1
4 14
5 11
6 3
7 17
8 10
9 19
10 18
11 2
12 9
13 16
14 5
15 4
16 12
17 8
18 6
19 7
20 15
SIMILAR

18 1 2 13 7 6 4 19 11 14 3 12 5 20 16 17 8 15 9 0 10 
0 19
1 1
2 2
3 10
4 6
5 12
6 5
7 4
8 16
9 18
10 20
11 8
12 11
13 3
14 9
15 17
16 14
17 15
18 0
19 7
20 13
SIMILAR

15 14 7 9 3 17 18 4 2 0 20 10 16 5 19 1 11 13 6 12 8 
0 9
1 15
2 8
3 4
4 7
5 13
6 18
7 2
8 20
9 3
10 11
11 16
12 19
13 17
14 1
15 0
16 12
17 5
18 6
19 14
20 10
SIMILAR

8 16 13 14 19 9 5 20 10 12 18 4 0 15 2 11 3 6 7 1 17 
0 12
1 19
2 14
3 16
4 11
5 6
6 17
7 18
8 0
9 5
10 8
11 15
12 9
13 2
14 3
15 13
16 1
17 20
18 10
19 4
20 7
SIMILAR

18 6 12 15 0 19 11 8 16 14 1 5 7 20 13 10 4 17 9 2 3 
0 4
1 10
2 19
3 20
4 16
5 11
6 1
7 12
8 7
9 18
10 15
11 6
12 2
13 14
14 9
15 3
16 8
17 17
18 0
19 5
20 13
SIMILAR

13 8 12 19 7 0 4 18 15 20 16 1 9 3 11 10 14 17 2 5 6 
0 5
1 11
2 18
3 13
4 6
5 19
6 20
7 4
8 1
9 12
10 15
11 14
12 2
13 0
14 16
15 8
16 10
17 17
18 7
19 3
20 9
SIMILAR

14 10 6 13 15 12 18 16 8 5 3 20 7 9 1 2 17 4 19 11 0 
0 20
1 14
2 15
3 10
4 17
5 9
6 2
7 12
8 8
9 13
10 1
11 19
12 5
13 3
14 0
15 4
16 7
17 16
18 6
19 18
20 11
SIMILAR

4 6 0 12 9 15 8 13 5 3 2 17 7 20 11 10 1 14 18 19 16 
0 2
1 16
2 10
3 9
4 0
5 8
6 1
7 12
8 6
9 4
10 15
11 14
12 3
13 7
14 17
15 5
16 20
17 11
18 18
19 19
20 13
SIMILAR

0 3 6 12 5 2 11 14 9 13 16 10 15 17 19 20 4 1 8 7 18 
0 0
1 17
2 5
3 1
4 16
5 4
6 2
7 19
8 18
9 8
10 11
11 6
12 3
13 9
14 7
15 12
16 10
17 13
18 20
19 14
20 15
SIMILAR

14 5 12 11 2 3 19 16 7 10 1 8 18 6 15 4 9 13 0 17 20 
0 18
1 10
2 4
3 5
4 15
5 1
6 13
7 8
8 11
9 16
10 9
11 3
12 2
13 17
14 0
15 14
16 7
17 19
18 12
19 6
20 20
SIMILAR

10 12 2 6 8 14 1 11 9 17 15 18 4 13 7 0 20 5 3 19 16 
0 15
1 6
2 2
3 18
4 12
5 17
6 3
7 14
8 4
9 8
10 0
11 7
12 1
13 13
14 5
15 10
16 20
17 9
18 11
19 19
20 16
SIMILAR

9 10 12 7 20 6 2 15 14 4 13 1 16 8 17 19 5 18 0 3 11 
0 18
1 11
2 6
3 19
4 9
5 16
6 5
7 3
8 13
9 0
10 1
11 20
12 2
13 10
14 8
15 7
16 12
17 14
18 17
19 15
20 4
SIMILAR

10 0 16 20 17 1 14 8 6 15 11 3 13 4 2 5 7 12 9 19 18 
0 1
1 5
2 14
3 11
4 13
5 15
6 8
7 16
8 7
9 18
10 0
11 10
12 17
13 12
14 6
15 9
16 2
17 4
18 20
19 19
20 3
SIMILAR

3 6 17 19 1 13 15 7 9 2 14 18 12 16 8 10 5 0 4 11 20 
0 17
1 4
2 9
3 0
4 18
5 16
6 1
7 7
8 14
9 8
10 15
11 19
12 12
13 5
14 10
15 6
16 13
17 2
18 11
19 3
20 20
SIMILAR

9 14 12 4 7 11 20 16 17 1 5 3 13 10 2 15 8 18 0 6 19 
0 18
1 9
2 14
3 11
4 3
5 10
6 19
7 4
8 16
9 0
10 13
11 5
12 2
13 12
14 1
15 15
16 7
17 8
18 17
19 20
20 6
SIMILAR

16 9 6 1 5 7 17 11 8 12 20 19 18 13 14 0 4 10 3 2 15 
0 15
1 3
2 19
3 18
4 16
5 4
6 2
7 5
8 8
9 1
10 17
11 7
12 9
13 13
14 14
15 20
16 0
17 6
18 12
19 11
20 10
SIMILAR

20 10 19 8 16 7 18 13 15 5 14 17 6 9 4 0 1 3 11 2 12 
0 15
1 16
2 19
3 17
4 14
5 9
6 12
7 5
8 3
9 13
10 1
11 18
12 20
13 7
14 10
15 8
16 4
17 11
18 6
19 2
20 0
SIMILAR

3 13 9 16 5 2 15 6 17 10 11 7 14 4 12 8 0 1 20 18 19 
0 16
1 17
2 5
3 0
4 13
5 4
6 7
7 11
8 15
9 2
10 9
11 10
12 14
13 1
14 12
15 6
16 3
17 8
18 19
19 20
20 18
SIMILAR

12 14 0 19 1 6 16 2 11 9 7 15 20 17 3 18 5 10 4 13 8 
0 2
1 4
2 7
3 14
4 18
5 16
6 5
7 10
8 20
9 9
10 17
11 8
12 0
13 19
14 1
15 11
16 6
17 13
18 15
19 3
20 12
SIMILAR

19 9 7 12 2 4 11 14 1 13 16 20 8 0 5 18 15 17 3 6 10 
0 13
1 8
2 4
3 18
4 5
5 14
6 19
7 2
8 12
9 1
10 20
11 6
12 3
13 9
14 7
15 16
16 10
17 17
18 15
19 0
20 11
SIMILAR

14 4 12 20 9 8 2 16 3 6 19 7 13 15 0 10 17 5 18 11 1 
0 14
1 20
2 6
3 8
4 1
5 17
6 9
7 11
8 5
9 4
10 15
11 19
12 2
13 12
14 0
15 13
16 7
17 16
18 18
19 10
20 3
SIMILAR

2 1 18 8 7 15 12 17 5 9 3 0 13 16 14 6 4 11 19 20 10 
0 11
1 1
2 0
3 10
4 16
5 8
6 15
7 4
8 3
9 9
10 20
11 17
12 6
13 12
14 14
15 5
16 13
17 7
18 2
19 18
20 19
SIMILAR

17 11 16 20 8 7 5 13 12 9 6 14 2 10 0 3 1 19 18 4 15 
0 14
1 16
2 12
3 15
4 19
5 6
6 10
7 5
8 4
9 9
10 13
11 1
12 8
13 7
14 11
15 20
16 2
17 0
18 18
19 17
20 3
SIMILAR

15 4 5 1 17 18 7 3 6 14 16 20 9 12 2 19 0 11 8 10 13 
0 16
1 3
2 14
3 7
4 1
5 2
6 8
7 6
8 18
9 12
10 19
11 17
12 13
13 20
14 9
15 0
16 10
17 4
18 5
19 15
20 11
SIMILAR

3 16 1 2 14 18 6 19 9 10 20 5 13 12 11 17 7 15 4 8 0 
0 20
1 2
2 3
3 0
4 18
5 11
6 6
7 16
8 19
9 8
10 9
11 14
12 13
13 12
14 4
15 17
16 1
17 15
18 5
19 7
20 10
SIMILAR

19 10 3 4 20 1 12 8 14 2 16 17 5 0 7 13 9 15 18 11 6 
0 13
1 5
2 9
3 2
4 3
5 12
6 20
7 14
8 7
9 16
10 1
11 19
12 6
13 15
14 8
15 17
16 10
17 11
18 18
19 0
20 4
SIMILAR

10 17 8 5 16 14 7 1 4 12 6 3 19 18 13 20 9 0 11 15 2 
0 17
1 7
2 20
3 11
4 8
5 3
6 10
7 6
8 2
9 16
10 0
11 18
12 9
13 14
14 5
15 19
16 4
17 1
18 13
19 12
20 15
SIMILAR

12 1 2 20 3 11 5 4 13 8 16 17 6 10 7 14 18 15 9 19 0 
0 20
1 1
2 2
3 4
4 7
5 6
6 12
7 14
8 9
9 18
10 13
11 5
12 0
13 8
14 15
15 17
16 10
17 11
18 16
19 19
20 3
SIMILAR

15 11 17 1 2 14 12 13 20 4 19 18 16 9 0 10 3 8 7 5 6 
0 14
1 3
2 4
3 16
4 9
5 19
6 20
7 18
8 17
9 13
10 15
11 1
12 6
13 7
14 5
15 0
16 12
17 2
18 11
19 10
20 8
SIMILAR

6 18 2 0 20 16 4 3 1 10 5 13 12 7 8 17 15 11 9 14 19 
0 3
1 8
2 2
3 7
4 6
5 10
6 0
7 13
8 14
9 18
10 9
11 17
12 12
13 11
14 19
15 16
16 5
17 15
18 1
19 20
20 4
SIMILAR

13 17 1 15 19 9 16 6 18 5 8 0 20 2 14 11 4 3 7 12 10 
0 11
1 2
2 13
3 17
4 16
5 9
6 7
7 18
8 10
9 5
10 20
11 15
12 19
13 0
14 14
15 3
16 6
17 1
18 8
19 4
20 12
SIMILAR

14 3 8 5 18 16 0 9 17 11 15 7 12 10 20 4 19 6 2 1 13 
0 6
1 19
2 18
3 1
4 15
5 3
6 17
7 11
8 2
9 7
10 13
11 9
12 12
13 20
14 0
15 10
16 5
17 8
18 4
19 16
20 14
SIMILAR

2 0 14 18 12 1 3 8 15 11 7 5 16 10 20 4 13 9 19 6 17 
0 1
1 5
2 0
3 6
4 15
5 11
6 19
7 10
8 7
9 17
10 13
11 9
12 4
13 16
14 2
15 8
16 12
17 20
18 3
19 18
20 14
SIMILAR

2 18 14 20 6 17 16 1 4 9 0 5 19 10 7 11 8 3 13 15 12 
0 10
1 7
2 0
3 17
4 8
5 11
6 4
7 14
8 16
9 9
10 13
11 15
12 20
13 18
14 2
15 19
16 6
17 5
18 1
19 12
20 3
SIMILAR

1 11 17 5 20 12 15 18 8 3 9 16 4 13 0 7 2 6 14 10 19 
0 14
1 0
2 16
3 9
4 12
5 3
6 17
7 15
8 8
9 10
10 19
11 1
12 5
13 13
14 18
15 6
16 11
17 2
18 7
19 20
20 4
SIMILAR

5 0 16 18 3 12 11 17 9 7 20 14 10 4 15 13 6 19 2 8 1 
0 1
1 20
2 18
3 4
4 13
5 0
6 16
7 9
8 19
9 8
10 12
11 6
12 5
13 15
14 11
15 14
16 2
17 7
18 3
19 17
20 10
SIMILAR

5 2 15 0 14 17 8 10 18 3 12 13 9 1 6 7 20 11 4 16 19 
0 3
1 13
2 1
3 9
4 18
5 0
6 14
7 15
8 6
9 12
10 7
11 17
12 10
13 11
14 4
15 2
16 19
17 5
18 8
19 20
20 16
SIMILAR

15 3 14 8 5 1 2 6 17 0 9 11 4 19 12 7 13 18 20 10 16 
0 9
1 5
2 6
3 1
4 12
5 4
6 7
7 15
8 3
9 10
10 19
11 11
12 14
13 16
14 2
15 0
16 20
17 8
18 17
19 13
20 18
SIMILAR

6 15 1 3 18 5 7 12 19 4 0 2 16 10 20 11 17 9 8 14 13 
0 10
1 2
2 11
3 3
4 9
5 5
6 0
7 6
8 18
9 17
10 13
11 15
12 7
13 20
14 19
15 1
16 12
17 16
18 4
19 8
20 14
SIMILAR

13 0 1 11 7 6 4 12 14 15 20 19 2 3 8 10 9 5 17 16 18 
0 1
1 2
2 12
3 13
4 6
5 17
6 5
7 4
8 14
9 16
10 15
11 3
12 7
13 0
14 8
15 9
16 19
17 18
18 20
19 11
20 10
SIMILAR

7 12 8 2 10 5 16 13 15 4 9 3 19 18 1 20 17 0 11 14 6 
0 17
1 14
2 3
3 11
4 9
5 5
6 20
7 0
8 2
9 10
10 4
11 18
12 1
13 7
14 19
15 8
16 6
17 16
18 13
19 12
20 15
SIMILAR

11 18 10 8 9 2 5 16 0 19 13 1 3 4 7 17 6 15 14 20 12 
0 8
1 11
2 5
3 12
4 13
5 6
6 16
7 14
8 3
9 4
10 2
11 0
12 20
13 10
14 18
15 17
16 7
17 15
18 1
19 9
20 19
SIMILAR

3 10 0 4 7 20 16 8 9 19 1 5 2 15 18 14 17 11 13 6 12 
0 2
1 10
2 12
3 0
4 3
5 11
6 19
7 4
8 7
9 8
10 1
11 17
12 20
13 18
14 15
15 13
16 6
17 16
18 14
19 9
20 5
SIMILAR

1 16 2 19 3 5 10 8 20 17 7 11 6 12 13 9 0 4 15 18 14 
0 16
1 0
2 2
3 4
4 17
5 5
6 12
7 10
8 7
9 15
10 6
11 11
12 13
13 14
14 20
15 18
16 1
17 9
18 19
19 3
20 8
SIMILAR

11 13 19 18 10 12 15 4 16 2 9 5 6 14 3 17 0 8 7 20 1 
0 16
1 20
2 9
3 14
4 7
5 11
6 12
7 18
8 17
9 10
10 4
11 0
12 5
13 1
14 13
15 6
16 8
17 15
18 3
19 2
20 19
SIMILAR

7 11 20 4 18 6 14 19 8 16 5 9 2 10 0 12 13 15 1 3 17 
0 14
1 18
2 12
3 19
4 3
5 10
6 5
7 0
8 8
9 11
10 13
11 1
12 15
13 16
14 6
15 17
16 9
17 20
18 4
19 7
20 2
SIMILAR

3 13 11 10 16 7 15 4 1 5 0 18 17 6 8 20 12 14 2 9 19 
0 10
1 8
2 18
3 0
4 7
5 9
6 13
7 5
8 14
9 19
10 3
11 2
12 16
13 1
14 17
15 6
16 4
17 12
18 11
19 20
20 15
SIMILAR

2 10 1 16 17 3 9 0 6 5 19 20 12 18 13 7 8 11 4 15 14 
0 7
1 2
2 0
3 5
4 18
5 9
6 8
7 15
8 16
9 6
10 1
11 17
12 12
13 14
14 20
15 19
16 3
17 4
18 13
19 10
20 11
SIMILAR

13 3 7 15 6 1 18 8 5 4 9 2 0 11 14 19 20 16 12 17 10 
0 12
1 5
2 11
3 1
4 9
5 8
6 4
7 2
8 7
9 10
10 20
11 13
12 18
13 0
14 14
15 3
16 17
17 19
18 6
19 15
20 16
SIMILAR

2 4 6 11 20 15 19 16 3 18 17 12 10 9 5 14 13 0 7 1 8 
0 17
1 19
2 0
3 8
4 1
5 14
6 2
7 18
8 20
9 13
10 12
11 3
12 11
13 16
14 15
15 5
16 7
17 10
18 9
19 6
20 4
SIMILAR

9 3 0 5 18 13 19 7 11 1 2 20 14 4 17 15 8 10 16 6 12 
0 2
1 9
2 10
3 1
4 13
5 3
6 19
7 7
8 16
9 0
10 17
11 8
12 20
13 5
14 12
15 15
16 18
17 14
18 4
19 6
20 11
SIMILAR

18 7 0 16 8 10 1 9 12 15 14 4 13 20 3 17 11 6 2 19 5 
0 2
1 6
2 18
3 14
4 11
5 20
6 17
7 1
8 4
9 7
10 5
11 16
12 8
13 12
14 10
15 9
16 3
17 15
18 0
19 19
20 13
SIMILAR

20 5 14 13 15 8 6 7 9 4 18 0 19 3 1 17 2 11 10 12 16 
0 11
1 14
2 16
3 13
4 9
5 1
6 6
7 7
8 5
9 8
10 18
11 17
12 19
13 3
14 2
15 4
16 20
17 15
18 10
19 12
20 0
SIMILAR

8 12 5 7 3 4 9 16 14 10 13 18 6 2 19 1 17 11 15 0 20 
0 19
1 15
2 13
3 4
4 5
5 2
6 12
7 3
8 0
9 6
10 9
11 17
12 1
13 10
14 8
15 18
16 7
17 16
18 11
19 14
20 20
SIMILAR

15 2 17 10 11 8 7 16 5 13 9 14 12 3 18 4 0 1 6 19 20 
0 16
1 17
2 1
3 13
4 15
5 8
6 18
7 6
8 5
9 10
10 3
11 4
12 12
13 9
14 11
15 0
16 7
17 2
18 14
19 19
20 20
SIMILAR

0 2 16 18 12 19 9 11 5 1 20 6 7 10 15 14 4 3 13 17 8 
0 0
1 9
2 1
3 17
4 16
5 8
6 11
7 12
8 20
9 6
10 13
11 7
12 4
13 18
14 15
15 14
16 2
17 19
18 3
19 5
20 10
SIMILAR

7 17 19 12 2 8 9 15 10 5 4 20 3 1 6 14 0 11 18 13 16 
0 16
1 13
2 4
3 12
4 10
5 9
6 14
7 0
8 5
9 6
10 8
11 17
12 3
13 19
14 15
15 7
16 20
17 1
18 18
19 2
20 11
SIMILAR
100 0
8600 0
178600 0
