35
0 0 1 0 0 0 0 1 1 1 1 0 0 0 1 0 0 1 0 1 0 0 0 0 0 0 1 1 0 1 0 1 0 0 0 
0 0 1 1 1 1 0 0 1 0 1 1 1 0 0 1 0 1 0 0 1 1 0 1 1 1 1 1 0 1 1 0 1 0 0 
1 1 0 1 0 0 1 1 0 1 1 1 0 0 1 1 0 0 0 1 0 0 0 1 0 0 1 1 1 0 0 0 0 0 0 
0 1 1 0 0 1 0 1 0 0 0 0 1 1 0 0 1 0 1 1 1 0 0 1 0 0 0 1 0 0 0 1 1 0 0 
0 1 0 0 0 1 0 1 0 1 0 1 1 0 1 1 0 0 0 0 0 1 0 1 0 1 0 0 1 1 0 0 0 0 1 
0 1 0 1 1 0 0 0 1 1 0 1 0 0 0 0 0 0 0 1 1 1 1 0 1 0 0 1 0 0 1 0 0 0 1 
0 0 1 0 0 0 0 1 1 1 1 1 1 0 1 1 1 0 0 0 0 0 0 0 1 1 1 0 1 0 0 0 1 0 1 
1 0 1 1 1 0 1 0 1 1 0 1 0 1 0 0 0 0 0 0 1 0 1 1 1 1 1 1 0 1 0 1 0 1 1 
1 1 0 0 0 1 1 1 0 1 1 1 0 1 0 0 0 0 1 0 0 0 1 0 0 0 0 0 0 1 1 0 1 1 0 
1 0 1 0 1 1 1 1 1 0 0 1 1 1 1 1 0 1 0 1 0 1 1 1 0 1 1 0 0 1 1 1 1 0 1 
1 1 1 0 0 0 1 0 1 0 0 0 1 0 1 0 0 1 1 0 0 1 1 0 1 1 1 0 1 0 1 1 1 1 1 
0 1 1 0 1 1 1 1 1 1 0 0 1 0 0 0 0 0 0 0 1 1 0 0 1 0 0 0 0 1 0 1 0 0 0 
0 1 0 1 1 0 1 0 0 1 1 1 0 0 1 1 0 1 0 1 0 0 0 0 1 1 0 0 1 0 1 1 0 1 1 
0 0 0 1 0 0 0 1 1 1 0 0 0 0 1 1 1 0 1 1 1 0 1 1 1 1 1 1 1 1 0 1 1 1 1 
1 0 1 0 1 0 1 0 0 1 1 0 1 1 0 0 0 0 1 0 1 0 0 0 1 0 1 1 1 0 1 0 1 0 0 
0 1 1 0 1 0 1 0 0 1 0 0 1 1 0 0 0 0 1 0 1 1 0 0 0 0 0 1 0 0 0 1 0 0 1 
0 0 0 1 0 0 1 0 0 0 0 0 0 1 0 0 0 0 0 1 0 0 1 1 1 0 0 1 0 1 0 1 0 1 0 
1 1 0 0 0 0 0 0 0 1 1 0 1 0 0 0 0 0 1 1 1 0 0 1 0 0 0 0 0 0 1 0 0 0 1 
0 0 0 1 0 0 0 0 1 0 1 0 0 1 1 1 0 1 0 1 0 1 1 0 1 0 1 1 0 1 0 1 1 0 0 
1 0 1 1 0 1 0 0 0 1 0 0 1 1 0 0 1 1 1 0 0 1 0 1 1 0 0 0 1 0 1 1 1 0 0 
0 1 0 1 0 1 0 1 0 0 0 1 0 1 1 1 0 1 0 0 0 1 1 1 0 0 0 1 1 1 1 1 1 1 0 
0 1 0 0 1 1 0 0 0 1 1 1 0 0 0 1 0 0 1 1 1 0 1 0 1 0 0 1 0 0 0 0 0 1 1 
0 0 0 0 0 1 0 1 1 1 1 0 0 1 0 0 1 0 1 0 1 1 0 1 1 1 1 1 1 1 1 1 0 1 1 
0 1 1 1 1 0 0 1 0 1 0 0 0 1 0 0 1 1 0 1 1 0 1 0 0 0 0 0 0 0 1 0 1 0 1 
0 1 0 0 0 1 1 1 0 0 1 1 1 1 1 0 1 0 1 1 0 1 1 0 0 1 0 0 0 0 1 1 0 1 1 
0 1 0 0 1 0 1 1 0 1 1 0 1 1 0 0 0 0 0 0 0 0 1 0 1 0 0 1 1 1 0 1 1 1 1 
1 1 1 0 0 0 1 1 0 1 1 0 0 1 1 0 0 0 1 0 0 0 1 0 0 0 0 0 0 1 0 0 1 1 1 
1 1 1 1 0 1 0 1 0 0 0 0 0 1 1 1 1 0 1 0 1 1 1 0 0 1 0 0 1 1 1 1 1 0 1 
0 0 1 0 1 0 1 0 0 0 1 0 1 1 1 0 0 0 0 1 1 0 1 0 0 1 0 1 0 1 0 0 1 1 1 
1 1 0 0 1 0 0 1 1 1 0 1 0 1 0 0 1 0 1 0 1 0 1 0 0 1 1 1 1 0 1 0 1 0 1 
0 1 0 0 0 1 0 0 1 1 1 0 1 0 1 0 0 1 0 1 1 0 1 1 1 0 0 1 0 1 0 0 1 0 1 
1 0 0 1 0 0 0 1 0 1 1 1 1 1 0 1 1 0 1 1 1 0 1 0 1 1 0 1 0 0 0 0 1 1 0 
0 1 0 1 0 0 1 0 1 1 1 0 0 1 1 0 0 0 1 1 1 0 0 1 0 1 1 1 1 1 1 1 0 1 1 
0 0 0 0 0 0 0 1 1 0 1 0 1 1 0 0 1 0 0 0 1 1 1 0 1 1 1 0 1 0 0 1 1 0 1 
0 0 0 0 1 1 1 1 0 1 1 0 1 1 0 1 0 1 0 0 0 1 1 1 1 1 1 1 1 1 1 0 1 1 0 

2 1 20 16 29 7 28 6 12 5 13 9 27 11 25 21 32 15 14 30 33 0 4 8 24 19 34 23 18 17 3 26 22 10 31 
0 21
1 1
2 0
3 30
4 22
5 9
6 7
7 5
8 23
9 11
10 33
11 13
12 8
13 10
14 18
15 17
16 3
17 29
18 28
19 25
20 2
21 15
22 32
23 27
24 24
25 14
26 31
27 12
28 6
29 4
30 19
31 34
32 16
33 20
34 26
SIMILAR

3 24 23 33 31 21 32 8 2 30 17 20 13 11 15 10 25 6 22 4 29 9 34 7 28 19 0 26 18 5 12 14 27 16 1 
0 26
1 34
2 8
3 0
4 19
5 29
6 17
7 23
8 7
9 21
10 15
11 13
12 30
13 12
14 31
15 14
16 33
17 10
18 28
19 25
20 11
21 5
22 18
23 2
24 1
25 16
26 27
27 32
28 24
29 20
30 9
31 4
32 6
33 3
34 22
SIMILAR

23 29 20 13 2 24 31 9 18 19 34 30 5 17 10 25 26 32 16 1 7 4 14 3 22 12 28 11 21 0 27 15 8 6 33 
0 29
1 19
2 4
3 23
4 21
5 12
6 33
7 20
8 32
9 7
10 14
11 27
12 25
13 3
14 22
15 31
16 18
17 13
18 8
19 9
20 2
21 28
22 24
23 0
24 5
25 15
26 16
27 30
28 26
29 1
30 11
31 6
32 17
33 34
34 10
SIMILAR

1 2 27 7 14 0 6 31 13 28 25 32 26 8 30 5 22 34 23 16 10 4 17 21 20 18 9 15 24 11 12 29 33 3 19 
0 5
1 0
2 1
3 33
4 21
5 15
6 6
7 3
8 13
9 26
10 20
11 29
12 30
13 8
14 4
15 27
16 19
17 22
18 25
19 34
20 24
21 23
22 16
23 18
24 28
25 10
26 12
27 2
28 9
29 31
30 14
31 7
32 11
33 32
34 17
SIMILAR

14 3 31 28 2 30 1 13 5 4 19 34 33 8 15 24 27 10 22 25 6 20 32 21 7 12 18 16 17 11 0 29 26 23 9 
0 30
1 6
2 4
3 1
4 9
5 8
6 20
7 24
8 13
9 34
10 17
11 29
12 25
13 7
14 0
15 14
16 27
17 28
18 26
19 10
20 21
21 23
22 18
23 33
24 15
25 19
26 32
27 16
28 3
29 31
30 5
31 2
32 22
33 12
34 11
SIMILAR

2 28 13 11 16 34 15 6 19 32 3 10 31 8 29 21 30 24 7 18 27 4 20 26 14 22 5 1 0 25 9 17 23 12 33 
0 28
1 27
2 0
3 10
4 21
5 26
6 7
7 18
8 13
9 30
10 11
11 3
12 33
13 2
14 24
15 6
16 4
17 31
18 19
19 8
20 22
21 15
22 25
23 32
24 17
25 29
26 23
27 20
28 1
29 14
30 16
31 12
32 9
33 34
34 5
SIMILAR

14 23 26 4 12 32 25 0 9 11 6 7 34 30 16 15 18 24 13 8 31 33 5 19 2 20 21 29 10 28 1 27 3 22 17 
0 7
1 30
2 24
3 32
4 3
5 22
6 10
7 11
8 19
9 8
10 28
11 9
12 4
13 18
14 0
15 15
16 14
17 34
18 16
19 23
20 25
21 26
22 33
23 1
24 17
25 6
26 2
27 31
28 29
29 27
30 13
31 20
32 5
33 21
34 12
SIMILAR

14 0 9 2 4 12 17 18 27 32 20 21 6 22 7 26 25 11 28 34 16 15 5 19 23 8 13 29 31 10 3 24 33 30 1 
0 1
1 34
2 3
3 30
4 4
5 22
6 12
7 14
8 25
9 2
10 29
11 17
12 5
13 26
14 0
15 21
16 20
17 6
18 7
19 23
20 10
21 11
22 13
23 24
24 31
25 16
26 15
27 8
28 18
29 27
30 33
31 28
32 9
33 32
34 19
SIMILAR

19 31 1 4 24 0 8 5 3 13 27 26 25 28 2 33 14 7 10 16 9 34 23 11 15 29 22 12 17 32 18 30 6 20 21 
0 5
1 2
2 14
3 8
4 3
5 7
6 32
7 17
8 6
9 20
10 18
11 23
12 27
13 9
14 16
15 24
16 19
17 28
18 30
19 0
20 33
21 34
22 26
23 22
24 4
25 12
26 11
27 10
28 13
29 25
30 31
31 1
32 29
33 15
34 21
SIMILAR

25 26 19 6 5 18 27 9 8 0 21 23 16 34 1 12 3 13 30 2 15 11 28 32 14 31 7 20 4 10 33 24 29 17 22 
0 9
1 14
2 19
3 16
4 28
5 4
6 3
7 26
8 8
9 7
10 29
11 21
12 15
13 17
14 24
15 20
16 12
17 33
18 5
19 2
20 27
21 10
22 34
23 11
24 31
25 0
26 1
27 6
28 22
29 32
30 18
31 25
32 23
33 30
34 13
SIMILAR

33 34 17 9 5 1 10 14 29 23 25 6 13 3 12 19 18 26 24 2 28 20 30 32 22 7 11 27 4 0 31 15 21 8 16 
0 29
1 5
2 19
3 13
4 28
5 4
6 11
7 25
8 33
9 3
10 6
11 26
12 14
13 12
14 7
15 31
16 34
17 2
18 16
19 15
20 21
21 32
22 24
23 9
24 18
25 10
26 17
27 27
28 20
29 8
30 22
31 30
32 23
33 0
34 1
SIMILAR

15 16 3 5 29 7 32 9 17 13 6 34 24 4 30 27 1 2 0 18 14 23 26 21 19 31 8 11 33 28 22 12 25 10 20 
0 18
1 16
2 17
3 2
4 13
5 3
6 10
7 5
8 26
9 7
10 33
11 27
12 31
13 9
14 20
15 0
16 1
17 8
18 19
19 24
20 34
21 23
22 30
23 21
24 12
25 32
26 22
27 15
28 29
29 4
30 14
31 25
32 6
33 28
34 11
SIMILAR

22 16 18 17 27 4 14 31 33 3 30 23 19 6 20 24 21 7 0 28 9 5 25 8 1 26 15 13 11 2 29 32 34 10 12 
0 18
1 24
2 29
3 9
4 5
5 21
6 13
7 17
8 23
9 20
10 33
11 28
12 34
13 27
14 6
15 26
16 1
17 3
18 2
19 12
20 14
21 16
22 0
23 11
24 15
25 22
26 25
27 4
28 19
29 30
30 10
31 7
32 31
33 8
34 32
SIMILAR

16 0 30 6 26 23 15 8 21 20 18 5 22 14 4 28 25 34 2 10 11 27 19 31 24 33 3 13 29 12 7 1 9 17 32 
0 1
1 31
2 18
3 26
4 14
5 11
6 3
7 30
8 7
9 32
10 19
11 20
12 29
13 27
14 13
15 6
16 0
17 33
18 10
19 22
20 9
21 8
22 12
23 5
24 24
25 16
26 4
27 21
28 15
29 28
30 2
31 23
32 34
33 25
34 17
SIMILAR

22 20 26 29 30 10 21 32 28 23 13 25 0 7 11 16 1 19 9 5 33 34 4 17 31 3 12 14 8 2 24 6 15 27 18 
0 12
1 16
2 29
3 25
4 22
5 19
6 31
7 13
8 28
9 18
10 5
11 14
12 26
13 10
14 27
15 32
16 15
17 23
18 34
19 17
20 1
21 6
22 0
23 9
24 30
25 11
26 2
27 33
28 8
29 3
30 4
31 24
32 7
33 20
34 21
SIMILAR

31 26 28 32 18 16 7 20 22 29 11 14 3 21 30 10 24 23 0 12 9 4 1 2 17 33 13 27 15 6 5 34 25 8 19 
0 18
1 22
2 23
3 12
4 21
5 30
6 29
7 6
8 33
9 20
10 15
11 10
12 19
13 26
14 11
15 28
16 5
17 24
18 4
19 34
20 7
21 13
22 8
23 17
24 16
25 32
26 1
27 27
28 2
29 9
30 14
31 0
32 3
33 25
34 31
SIMILAR

16 20 3 13 34 21 22 18 29 28 30 19 27 1 26 6 33 9 24 7 15 31 12 17 14 32 8 4 2 25 0 23 11 10 5 
0 30
1 13
2 28
3 2
4 27
5 34
6 15
7 19
8 26
9 17
10 33
11 32
12 22
13 3
14 24
15 20
16 0
17 23
18 7
19 11
20 1
21 5
22 6
23 31
24 18
25 29
26 14
27 12
28 9
29 8
30 10
31 21
32 25
33 16
34 4
SIMILAR

30 10 34 16 25 4 6 24 21 13 11 20 3 27 12 19 8 5 17 7 18 33 1 32 15 9 14 28 2 29 31 22 23 0 26 
0 33
1 22
2 28
3 12
4 5
5 17
6 6
7 19
8 16
9 25
10 1
11 10
12 14
13 9
14 26
15 24
16 3
17 18
18 20
19 15
20 11
21 8
22 31
23 32
24 7
25 4
26 34
27 13
28 27
29 29
30 0
31 30
32 23
33 21
34 2
SIMILAR

27 26 21 10 25 0 3 33 2 18 34 16 9 14 7 22 1 11 29 4 32 12 5 31 17 24 19 15 28 13 20 30 6 8 23 
0 5
1 16
2 8
3 6
4 19
5 22
6 32
7 14
8 33
9 12
10 3
11 17
12 21
13 29
14 13
15 27
16 11
17 24
18 9
19 26
20 30
21 2
22 15
23 34
24 25
25 4
26 1
27 0
28 28
29 18
30 31
31 23
32 20
33 7
34 10
SIMILAR

16 17 29 3 18 2 0 34 23 7 11 5 22 27 9 14 30 15 4 31 10 20 12 28 26 32 6 13 1 25 33 24 8 19 21 
0 6
1 28
2 5
3 3
4 18
5 11
6 26
7 9
8 32
9 14
10 20
11 10
12 22
13 27
14 15
15 17
16 0
17 1
18 4
19 33
20 21
21 34
22 12
23 8
24 31
25 29
26 24
27 13
28 23
29 2
30 16
31 19
32 25
33 30
34 7
SIMILAR

25 34 8 5 15 22 0 14 30 21 29 7 26 28 16 6 11 2 19 12 27 18 3 31 9 20 17 13 24 1 10 33 32 4 23 
0 6
1 29
2 17
3 22
4 33
5 3
6 15
7 11
8 2
9 24
10 30
11 16
12 19
13 27
14 7
15 4
16 14
17 26
18 21
19 18
20 25
21 9
22 5
23 34
24 28
25 0
26 12
27 20
28 13
29 10
30 8
31 23
32 32
33 31
34 1
SIMILAR

29 21 32 20 5 17 8 24 11 31 25 10 33 1 28 27 14 7 23 4 13 0 12 3 2 26 22 18 9 15 16 19 6 30 34 
0 21
1 13
2 24
3 23
4 19
5 4
6 32
7 17
8 6
9 28
10 11
11 8
12 22
13 20
14 16
15 29
16 30
17 5
18 27
19 31
20 3
21 1
22 26
23 18
24 7
25 10
26 25
27 15
28 14
29 0
30 33
31 9
32 2
33 12
34 34
SIMILAR

27 24 5 2 7 19 12 16 28 26 23 9 32 29 1 31 22 6 33 20 4 13 21 15 8 11 30 25 17 34 14 18 0 10 3 
0 32
1 14
2 3
3 34
4 20
5 2
6 17
7 4
8 24
9 11
10 33
11 25
12 6
13 21
14 30
15 23
16 7
17 28
18 31
19 5
20 19
21 22
22 16
23 10
24 1
25 27
26 9
27 0
28 8
29 13
30 26
31 15
32 12
33 18
34 29
SIMILAR

34 25 30 4 24 6 21 11 18 31 2 22 32 26 33 12 14 23 19 10 7 0 28 17 27 15 29 16 9 1 13 8 20 3 5 
0 21
1 29
2 10
3 33
4 3
5 34
6 5
7 20
8 31
9 28
10 19
11 7
12 15
13 30
14 16
15 25
16 27
17 23
18 8
19 18
20 32
21 6
22 11
23 17
24 4
25 1
26 13
27 24
28 22
29 26
30 2
31 9
32 12
33 14
34 0
SIMILAR

14 9 0 32 10 21 17 26 22 34 3 13 15 8 4 11 24 30 23 29 1 7 20 6 2 28 5 12 18 16 33 31 27 19 25 
0 2
1 20
2 24
3 10
4 14
5 26
6 23
7 21
8 13
9 1
10 4
11 15
12 27
13 11
14 0
15 12
16 29
17 6
18 28
19 33
20 22
21 5
22 8
23 18
24 16
25 34
26 7
27 32
28 25
29 19
30 17
31 31
32 3
33 30
34 9
SIMILAR

13 17 3 21 18 26 33 9 34 14 20 27 2 1 29 7 5 8 31 24 16 15 25 19 22 6 32 23 12 30 11 4 0 28 10 
0 32
1 13
2 12
3 2
4 31
5 16
6 25
7 15
8 17
9 7
10 34
11 30
12 28
13 0
14 9
15 21
16 20
17 1
18 4
19 23
20 10
21 3
22 24
23 27
24 19
25 22
26 5
27 11
28 33
29 14
30 29
31 18
32 26
33 6
34 8
SIMILAR

13 12 8 29 24 16 7 33 30 27 21 32 28 26 20 6 1 15 18 0 4 34 11 22 23 9 2 10 25 3 5 14 17 19 31 
0 19
1 16
2 26
3 29
4 20
5 30
6 15
7 6
8 2
9 25
10 27
11 22
12 1
13 0
14 31
15 17
16 5
17 32
18 18
19 33
20 14
21 10
22 23
23 24
24 4
25 28
26 13
27 9
28 12
29 3
30 8
31 34
32 11
33 7
34 21
SIMILAR

4 23 20 25 9 6 29 1 8 11 24 10 34 18 15 22 12 33 19 13 27 0 17 30 5 3 31 16 28 26 32 21 14 7 2 
0 21
1 7
2 34
3 25
4 0
5 24
6 5
7 33
8 8
9 4
10 11
11 9
12 16
13 19
14 32
15 14
16 27
17 22
18 13
19 18
20 2
21 31
22 15
23 1
24 10
25 3
26 29
27 20
28 28
29 6
30 23
31 26
32 30
33 17
34 12
SIMILAR

2 8 13 20 23 11 22 15 1 4 25 26 7 29 0 3 9 12 21 27 31 5 34 30 14 19 10 6 17 32 18 28 33 16 24 
0 14
1 8
2 0
3 15
4 9
5 21
6 27
7 12
8 1
9 16
10 26
11 5
12 17
13 2
14 24
15 7
16 33
17 28
18 30
19 25
20 3
21 18
22 6
23 4
24 34
25 10
26 11
27 19
28 31
29 13
30 23
31 20
32 29
33 32
34 22
SIMILAR

22 28 1 10 29 17 18 8 3 20 7 32 26 2 19 0 23 33 9 14 6 27 31 13 11 12 4 25 16 21 24 15 30 34 5 
0 15
1 2
2 13
3 8
4 26
5 34
6 20
7 10
8 7
9 18
10 3
11 24
12 25
13 23
14 19
15 31
16 28
17 5
18 6
19 14
20 9
21 29
22 0
23 16
24 30
25 27
26 12
27 21
28 1
29 4
30 32
31 22
32 11
33 17
34 33
SIMILAR

19 27 5 16 2 14 29 26 4 28 0 10 33 31 8 20 11 15 3 9 18 21 6 30 17 24 25 32 12 1 34 22 13 23 7 
0 10
1 29
2 4
3 18
4 8
5 2
6 22
7 34
8 14
9 19
10 11
11 16
12 28
13 32
14 5
15 17
16 3
17 24
18 20
19 0
20 15
21 21
22 31
23 33
24 25
25 26
26 7
27 1
28 9
29 6
30 23
31 13
32 27
33 12
34 30
SIMILAR

0 33 32 22 12 27 34 10 15 19 7 11 18 8 1 16 20 29 3 13 17 24 21 6 31 2 4 30 23 28 5 9 26 25 14 
0 0
1 14
2 25
3 18
4 26
5 30
6 23
7 10
8 13
9 31
10 7
11 11
12 4
13 19
14 34
15 8
16 15
17 20
18 12
19 9
20 16
21 22
22 3
23 28
24 21
25 33
26 32
27 5
28 29
29 17
30 27
31 24
32 2
33 1
34 6
SIMILAR

30 14 16 1 17 7 32 9 8 31 2 15 34 18 4 29 33 5 19 13 28 3 20 11 27 26 12 24 22 21 0 23 10 6 25 
0 30
1 3
2 10
3 21
4 14
5 17
6 33
7 5
8 8
9 7
10 32
11 23
12 26
13 19
14 1
15 11
16 2
17 4
18 13
19 18
20 22
21 29
22 28
23 31
24 27
25 34
26 25
27 24
28 20
29 15
30 0
31 9
32 6
33 16
34 12
SIMILAR

8 23 16 33 11 20 17 9 12 28 4 25 1 18 6 30 29 31 2 19 32 26 5 24 0 34 14 3 15 7 22 21 10 27 13 
0 24
1 12
2 18
3 27
4 10
5 22
6 14
7 29
8 0
9 7
10 32
11 4
12 8
13 34
14 26
15 28
16 2
17 6
18 13
19 19
20 5
21 31
22 30
23 1
24 23
25 11
26 21
27 33
28 9
29 16
30 15
31 17
32 20
33 3
34 25
SIMILAR

32 33 31 29 1 6 9 18 14 0 10 26 27 12 16 15 23 22 8 7 2 28 19 3 17 21 5 4 25 34 24 20 30 13 11 
0 9
1 4
2 20
3 23
4 27
5 26
6 5
7 19
8 18
9 6
10 10
11 34
12 13
13 33
14 8
15 15
16 14
17 24
18 7
19 22
20 31
21 25
22 17
23 16
24 30
25 28
26 11
27 12
28 21
29 3
30 32
31 2
32 0
33 1
34 29
SIMILAR

18 7 25 10 23 16 32 11 5 33 1 6 19 9 20 29 8 12 26 22 14 21 15 28 30 34 13 0 31 27 17 2 4 24 3 
0 27
1 10
2 31
3 34
4 32
5 8
6 11
7 1
8 16
9 13
10 3
11 7
12 17
13 26
14 20
15 22
16 5
17 30
18 0
19 12
20 14
21 21
22 19
23 4
24 33
25 2
26 18
27 29
28 23
29 15
30 24
31 28
32 6
33 9
34 25
SIMILAR

10 28 17 25 1 26 23 6 9 12 5 22 19 21 34 16 33 7 2 3 13 30 20 27 4 18 8 15 24 32 31 29 14 0 11 
0 33
1 4
2 18
3 19
4 24
5 10
6 7
7 17
8 26
9 8
10 0
11 34
12 9
13 20
14 32
15 27
16 15
17 2
18 25
19 12
20 22
21 13
22 11
23 6
24 28
25 3
26 5
27 23
28 1
29 31
30 21
31 30
32 29
33 16
34 14
SIMILAR

17 32 28 27 24 20 12 7 14 13 21 19 29 33 22 0 31 16 10 18 26 9 5 34 30 6 11 3 8 4 23 2 25 1 15 
0 15
1 33
2 31
3 27
4 29
5 22
6 25
7 7
8 28
9 21
10 18
11 26
12 6
13 9
14 8
15 34
16 17
17 0
18 19
19 11
20 5
21 10
22 14
23 30
24 4
25 32
26 20
27 3
28 2
29 12
30 24
31 16
32 1
33 13
34 23
SIMILAR

33 22 20 30 16 5 26 12 13 15 14 4 1 7 9 24 0 18 25 8 21 3 2 6 34 10 31 23 32 11 28 17 29 27 19 
0 16
1 12
2 22
3 21
4 11
5 5
6 23
7 13
8 19
9 14
10 25
11 29
12 7
13 8
14 10
15 9
16 4
17 31
18 17
19 34
20 2
21 20
22 1
23 27
24 15
25 18
26 6
27 33
28 30
29 32
30 3
31 26
32 28
33 0
34 24
SIMILAR

24 12 34 27 17 29 7 25 5 22 10 0 4 23 32 2 13 31 33 21 8 3 18 16 28 14 19 26 1 30 20 6 11 15 9 
0 11
1 28
2 15
3 21
4 12
5 8
6 31
7 6
8 20
9 34
10 10
11 32
12 1
13 16
14 25
15 33
16 23
17 4
18 22
19 26
20 30
21 19
22 9
23 13
24 0
25 7
26 27
27 3
28 24
29 5
30 29
31 17
32 14
33 18
34 2
SIMILAR

26 7 10 12 28 20 2 30 18 19 13 23 31 29 21 32 9 0 15 4 16 17 33 22 25 5 14 11 1 3 34 6 24 27 8 
0 17
1 28
2 6
3 29
4 19
5 25
6 31
7 1
8 34
9 16
10 2
11 27
12 3
13 10
14 26
15 18
16 20
17 21
18 8
19 9
20 5
21 14
22 23
23 11
24 32
25 24
26 0
27 33
28 4
29 13
30 7
31 12
32 15
33 22
34 30
SIMILAR

13 8 25 29 24 14 21 33 12 2 23 9 34 17 22 0 15 26 3 5 6 1 32 7 30 28 4 27 18 11 16 19 10 31 20 
0 15
1 21
2 9
3 18
4 26
5 19
6 20
7 23
8 1
9 11
10 32
11 29
12 8
13 0
14 5
15 16
16 30
17 13
18 28
19 31
20 34
21 6
22 14
23 10
24 4
25 2
26 17
27 27
28 25
29 3
30 24
31 33
32 22
33 7
34 12
SIMILAR

0 33 24 29 1 25 3 30 7 16 20 9 11 18 13 22 15 17 12 8 21 14 32 6 2 26 5 10 34 4 19 31 23 28 27 
0 0
1 4
2 24
3 6
4 29
5 26
6 23
7 8
8 19
9 11
10 27
11 12
12 18
13 14
14 21
15 16
16 9
17 17
18 13
19 30
20 10
21 20
22 15
23 32
24 2
25 5
26 25
27 34
28 33
29 3
30 7
31 31
32 22
33 1
34 28
SIMILAR

28 12 1 21 33 27 18 20 32 5 3 24 34 26 8 0 29 17 15 7 10 25 31 19 16 30 13 9 2 14 11 4 6 22 23 
0 15
1 2
2 28
3 10
4 31
5 9
6 32
7 19
8 14
9 27
10 20
11 30
12 1
13 26
14 29
15 18
16 24
17 17
18 6
19 23
20 7
21 3
22 33
23 34
24 11
25 21
26 13
27 5
28 0
29 16
30 25
31 22
32 8
33 4
34 12
SIMILAR

26 28 1 6 30 3 32 9 23 25 21 15 11 14 34 7 24 29 8 13 31 18 33 22 10 0 12 20 17 5 2 27 16 19 4 
0 25
1 2
2 30
3 5
4 34
5 29
6 3
7 15
8 18
9 7
10 24
11 12
12 26
13 19
14 13
15 11
16 32
17 28
18 21
19 33
20 27
21 10
22 23
23 8
24 16
25 9
26 0
27 31
28 1
29 17
30 4
31 20
32 6
33 22
34 14
SIMILAR

3 2 33 27 5 8 13 12 26 17 28 25 6 11 34 10 15 1 30 14 19 31 29 32 4 20 9 21 18 16 24 22 0 23 7 
0 32
1 17
2 1
3 0
4 24
5 4
6 12
7 34
8 5
9 26
10 15
11 13
12 7
13 6
14 19
15 16
16 29
17 9
18 28
19 20
20 25
21 27
22 31
23 33
24 30
25 11
26 8
27 3
28 10
29 22
30 18
31 21
32 23
33 2
34 14
SIMILAR

19 1 14 20 15 13 28 7 22 5 21 25 16 30 29 32 33 10 0 31 34 24 23 27 11 12 26 8 2 17 9 6 4 18 3 
0 18
1 1
2 28
3 34
4 32
5 9
6 31
7 7
8 27
9 30
10 17
11 24
12 25
13 5
14 2
15 4
16 12
17 29
18 33
19 0
20 3
21 10
22 8
23 22
24 21
25 11
26 26
27 23
28 6
29 14
30 13
31 19
32 15
33 16
34 20
SIMILAR

17 10 21 7 30 11 20 8 18 34 14 25 22 28 33 3 5 4 0 23 19 12 16 6 27 2 31 29 24 32 26 13 1 9 15 
0 18
1 32
2 25
3 15
4 17
5 16
6 23
7 3
8 7
9 33
10 1
11 5
12 21
13 31
14 10
15 34
16 22
17 0
18 8
19 20
20 6
21 2
22 12
23 19
24 28
25 11
26 30
27 24
28 13
29 27
30 4
31 26
32 29
33 14
34 9
SIMILAR

19 33 20 3 17 14 24 31 23 18 29 6 4 10 9 28 30 15 21 32 13 5 8 1 16 26 7 2 27 25 0 11 12 34 22 
0 30
1 23
2 27
3 3
4 12
5 21
6 11
7 26
8 22
9 14
10 13
11 31
12 32
13 20
14 5
15 17
16 24
17 4
18 9
19 0
20 2
21 18
22 34
23 8
24 6
25 29
26 25
27 28
28 15
29 10
30 16
31 7
32 19
33 1
34 33
SIMILAR

4 19 27 10 22 17 1 21 8 11 23 7 18 6 24 5 3 15 0 33 32 2 14 16 25 12 20 13 26 30 34 28 9 29 31 
0 18
1 6
2 21
3 16
4 0
5 15
6 13
7 11
8 8
9 32
10 3
11 9
12 25
13 27
14 22
15 17
16 23
17 5
18 12
19 1
20 26
21 7
22 4
23 10
24 14
25 24
26 28
27 2
28 31
29 33
30 29
31 34
32 20
33 19
34 30
SIMILAR

24 11 18 3 15 8 7 2 34 6 29 10 23 17 30 14 33 25 19 22 20 21 0 16 9 27 26 12 4 1 13 5 32 31 28 
0 22
1 29
2 7
3 3
4 28
5 31
6 9
7 6
8 5
9 24
10 11
11 1
12 27
13 30
14 15
15 4
16 23
17 13
18 2
19 18
20 20
21 21
22 19
23 12
24 0
25 17
26 26
27 25
28 34
29 10
30 14
31 33
32 32
33 16
34 8
SIMILAR

17 27 6 9 1 19 7 10 15 14 23 11 3 18 12 31 0 33 2 16 24 21 29 4 25 13 8 26 5 32 28 30 22 34 20 
0 16
1 4
2 18
3 12
4 23
5 28
6 2
7 6
8 26
9 3
10 7
11 11
12 14
13 25
14 9
15 8
16 19
17 0
18 13
19 5
20 34
21 21
22 32
23 10
24 20
25 24
26 27
27 1
28 30
29 22
30 31
31 15
32 29
33 17
34 33
SIMILAR

26 2 1 19 33 31 34 24 32 28 12 30 25 23 4 9 8 14 27 22 16 10 3 7 6 13 15 5 29 20 17 18 11 21 0 
0 34
1 2
2 1
3 22
4 14
5 27
6 24
7 23
8 16
9 15
10 21
11 32
12 10
13 25
14 17
15 26
16 20
17 30
18 31
19 3
20 29
21 33
22 19
23 13
24 7
25 12
26 0
27 18
28 9
29 28
30 11
31 5
32 8
33 4
34 6
SIMILAR

34 7 2 11 10 26 6 14 23 25 9 27 29 5 22 31 19 16 0 24 21 13 30 12 32 3 17 18 4 8 1 33 15 20 28 
0 18
1 30
2 2
3 25
4 28
5 13
6 6
7 1
8 29
9 10
10 4
11 3
12 23
13 21
14 7
15 32
16 17
17 26
18 27
19 16
20 33
21 20
22 14
23 8
24 19
25 9
26 5
27 11
28 34
29 12
30 22
31 15
32 24
33 31
34 0
SIMILAR

13 9 5 20 32 0 24 21 6 8 28 7 4 2 1 14 17 31 22 10 27 33 30 23 29 11 16 19 3 25 34 18 12 26 15 
0 5
1 14
2 13
3 28
4 12
5 2
6 8
7 11
8 9
9 1
10 19
11 25
12 32
13 0
14 15
15 34
16 26
17 16
18 31
19 27
20 3
21 7
22 18
23 23
24 6
25 29
26 33
27 20
28 10
29 24
30 22
31 17
32 4
33 21
34 30
SIMILAR

2 28 30 34 21 5 12 11 3 25 24 8 19 14 13 23 32 0 18 33 17 29 20 15 16 4 9 6 26 27 7 31 1 22 10 
0 17
1 32
2 0
3 8
4 25
5 5
6 27
7 30
8 11
9 26
10 34
11 7
12 6
13 14
14 13
15 23
16 24
17 20
18 18
19 12
20 22
21 4
22 33
23 15
24 10
25 9
26 28
27 29
28 1
29 21
30 2
31 31
32 16
33 19
34 3
SIMILAR

28 6 8 15 30 20 2 13 18 32 24 22 21 7 10 25 3 4 23 16 11 14 34 33 31 12 17 0 27 19 9 5 29 26 1 
0 27
1 34
2 6
3 16
4 17
5 31
6 1
7 13
8 2
9 30
10 14
11 20
12 25
13 7
14 21
15 3
16 19
17 26
18 8
19 29
20 5
21 12
22 11
23 18
24 10
25 15
26 33
27 28
28 0
29 32
30 4
31 24
32 9
33 23
34 22
SIMILAR

30 6 19 34 16 11 32 28 22 31 21 23 8 18 9 3 27 20 17 29 24 1 0 4 2 26 25 7 13 33 10 15 14 12 5 
0 22
1 21
2 24
3 15
4 23
5 34
6 1
7 27
8 12
9 14
10 30
11 5
12 33
13 28
14 32
15 31
16 4
17 18
18 13
19 2
20 17
21 10
22 8
23 11
24 20
25 26
26 25
27 16
28 7
29 19
30 0
31 9
32 6
33 29
34 3
SIMILAR

1 4 33 18 8 3 26 5 30 2 0 22 9 17 13 12 14 27 21 19 34 32 31 6 11 15 25 16 28 23 7 20 10 24 29 
0 10
1 0
2 9
3 5
4 1
5 7
6 23
7 30
8 4
9 12
10 32
11 24
12 15
13 14
14 16
15 25
16 27
17 13
18 3
19 19
20 31
21 18
22 11
23 29
24 33
25 26
26 6
27 17
28 28
29 34
30 8
31 22
32 21
33 2
34 20
SIMILAR

5 20 18 10 6 23 22 13 7 21 27 24 12 8 0 25 11 17 3 29 32 26 19 4 15 1 2 34 14 31 28 30 33 9 16 
0 14
1 25
2 26
3 18
4 23
5 0
6 4
7 8
8 13
9 33
10 3
11 16
12 12
13 7
14 28
15 24
16 34
17 17
18 2
19 22
20 1
21 9
22 6
23 5
24 11
25 15
26 21
27 10
28 30
29 19
30 31
31 29
32 20
33 32
34 27
SIMILAR

19 9 22 11 10 27 20 4 26 30 28 18 29 1 33 24 25 8 32 16 0 23 2 15 21 31 12 5 3 13 6 17 34 14 7 
0 20
1 13
2 22
3 28
4 7
5 27
6 30
7 34
8 17
9 1
10 4
11 3
12 26
13 29
14 33
15 23
16 19
17 31
18 11
19 0
20 6
21 24
22 2
23 21
24 15
25 16
26 8
27 5
28 10
29 12
30 9
31 25
32 18
33 14
34 32
SIMILAR

18 34 5 10 8 20 28 32 6 0 9 11 7 17 27 31 26 16 21 30 22 14 25 1 24 15 29 23 33 2 12 13 3 19 4 
0 9
1 23
2 29
3 32
4 34
5 2
6 8
7 12
8 4
9 10
10 3
11 11
12 30
13 31
14 21
15 25
16 17
17 13
18 0
19 33
20 5
21 18
22 20
23 27
24 24
25 22
26 16
27 14
28 6
29 26
30 19
31 15
32 7
33 28
34 1
SIMILAR

28 4 21 1 27 16 26 0 22 13 12 19 20 15 34 29 31 6 10 9 17 7 33 14 23 8 11 32 2 25 3 5 18 30 24 
0 7
1 3
2 28
3 30
4 1
5 31
6 17
7 21
8 25
9 19
10 18
11 26
12 10
13 9
14 23
15 13
16 5
17 20
18 32
19 11
20 12
21 2
22 8
23 24
24 34
25 29
26 6
27 4
28 0
29 15
30 33
31 16
32 27
33 22
34 14
SIMILAR

23 1 15 16 11 8 17 20 13 21 29 26 32 2 27 18 25 24 31 3 14 19 22 30 10 0 9 5 33 28 7 12 34 4 6 
0 25
1 1
2 13
3 19
4 33
5 27
6 34
7 30
8 5
9 26
10 24
11 4
12 31
13 8
14 20
15 2
16 3
17 6
18 15
19 21
20 7
21 9
22 22
23 0
24 17
25 16
26 11
27 14
28 29
29 10
30 23
31 18
32 12
33 28
34 32
SIMILAR

19 27 34 7 23 6 2 5 21 16 22 28 14 29 26 1 0 17 4 20 31 8 10 12 32 13 25 9 30 33 15 11 24 3 18 
0 16
1 15
2 6
3 33
4 18
5 7
6 5
7 3
8 21
9 27
10 22
11 31
12 23
13 25
14 12
15 30
16 9
17 17
18 34
19 0
20 19
21 8
22 10
23 4
24 32
25 26
26 14
27 1
28 11
29 13
30 28
31 20
32 24
33 29
34 2
SIMILAR

16 28 3 29 13 0 34 2 30 6 18 32 24 14 26 11 21 9 27 25 33 19 8 12 4 7 20 22 31 23 5 1 10 15 17 
0 5
1 31
2 7
3 2
4 24
5 30
6 9
7 25
8 22
9 17
10 32
11 15
12 23
13 4
14 13
15 33
16 0
17 34
18 10
19 21
20 26
21 16
22 27
23 29
24 12
25 19
26 14
27 18
28 1
29 3
30 8
31 28
32 11
33 20
34 6
SIMILAR

26 9 34 4 10 6 30 27 22 2 8 12 5 17 29 0 13 7 24 20 15 25 23 28 18 19 32 21 16 1 3 11 14 31 33 
0 15
1 29
2 9
3 30
4 3
5 12
6 5
7 17
8 10
9 1
10 4
11 31
12 11
13 16
14 32
15 20
16 28
17 13
18 24
19 25
20 19
21 27
22 8
23 22
24 18
25 21
26 0
27 7
28 23
29 14
30 6
31 33
32 26
33 34
34 2
SIMILAR

13 20 28 27 5 7 14 1 33 24 10 32 9 25 29 8 17 30 3 19 16 23 21 2 26 34 18 15 6 12 0 22 31 11 4 
0 30
1 7
2 23
3 18
4 34
5 4
6 28
7 5
8 15
9 12
10 10
11 33
12 29
13 0
14 6
15 27
16 20
17 16
18 26
19 19
20 1
21 22
22 31
23 21
24 9
25 13
26 24
27 3
28 2
29 14
30 17
31 32
32 11
33 8
34 25
SIMILAR

17 31 11 34 4 6 21 18 10 2 1 3 13 27 0 24 16 15 7 25 19 8 12 29 32 23 26 22 20 5 9 33 28 14 30 
0 14
1 10
2 9
3 11
4 4
5 29
6 5
7 18
8 21
9 30
10 8
11 2
12 22
13 12
14 33
15 17
16 16
17 0
18 7
19 20
20 28
21 6
22 27
23 25
24 15
25 19
26 26
27 13
28 32
29 23
30 34
31 1
32 24
33 31
34 3
SIMILAR

30 27 13 14 25 3 23 32 6 20 4 10 34 26 31 28 19 1 12 11 8 0 17 16 7 2 29 9 22 33 24 21 18 5 15 
0 21
1 17
2 25
3 5
4 10
5 33
6 8
7 24
8 20
9 27
10 11
11 19
12 18
13 2
14 3
15 34
16 23
17 22
18 32
19 16
20 9
21 31
22 28
23 6
24 30
25 4
26 13
27 1
28 15
29 26
30 0
31 14
32 7
33 29
34 12
SIMILAR

4 30 7 26 33 3 9 23 13 20 5 17 31 27 25 21 8 22 12 11 29 24 15 10 19 16 32 34 18 1 28 2 0 14 6 
0 32
1 29
2 31
3 5
4 0
5 10
6 34
7 2
8 16
9 6
10 23
11 19
12 18
13 8
14 33
15 22
16 25
17 11
18 28
19 24
20 9
21 15
22 17
23 7
24 21
25 14
26 3
27 13
28 30
29 20
30 1
31 12
32 26
33 4
34 27
SIMILAR

32 30 0 24 22 18 10 6 28 4 2 11 20 7 23 19 13 33 12 26 27 9 8 5 17 3 34 1 15 31 21 29 16 14 25 
0 2
1 27
2 10
3 25
4 9
5 23
6 7
7 13
8 22
9 21
10 6
11 11
12 18
13 16
14 33
15 28
16 32
17 24
18 5
19 15
20 12
21 30
22 4
23 14
24 3
25 34
26 19
27 20
28 8
29 31
30 1
31 29
32 0
33 17
34 26
SIMILAR

13 34 33 20 10 12 3 7 17 28 19 4 31 5 16 22 30 11 21 23 24 27 32 8 15 2 1 18 9 14 25 26 6 29 0 
0 34
1 26
2 25
3 6
4 11
5 13
6 32
7 7
8 23
9 28
10 4
11 17
12 5
13 0
14 29
15 24
16 14
17 8
18 27
19 10
20 3
21 18
22 15
23 19
24 20
25 30
26 31
27 21
28 9
29 33
30 16
31 12
32 22
33 2
34 1
SIMILAR

11 24 32 19 6 29 10 12 28 8 18 34 15 5 9 2 13 1 31 27 0 4 3 20 21 25 23 22 14 7 33 26 17 30 16 
0 20
1 17
2 15
3 22
4 21
5 13
6 4
7 29
8 9
9 14
10 6
11 0
12 7
13 16
14 28
15 12
16 34
17 32
18 10
19 3
20 23
21 24
22 27
23 26
24 1
25 25
26 31
27 19
28 8
29 5
30 33
31 18
32 2
33 30
34 11
SIMILAR

22 2 32 27 8 1 0 16 21 17 20 24 26 25 15 33 34 13 7 9 10 28 19 5 30 3 18 6 14 23 29 12 31 11 4 
0 6
1 5
2 1
3 25
4 34
5 23
6 27
7 18
8 4
9 19
10 20
11 33
12 31
13 17
14 28
15 14
16 7
17 9
18 26
19 22
20 10
21 8
22 0
23 29
24 11
25 13
26 12
27 3
28 21
29 30
30 24
31 32
32 2
33 15
34 16
SIMILAR

23 9 3 18 15 33 12 28 34 4 6 31 1 5 7 21 14 10 16 13 32 0 11 24 2 17 20 22 19 26 25 30 29 8 27 
0 21
1 12
2 24
3 2
4 9
5 13
6 10
7 14
8 33
9 1
10 17
11 22
12 6
13 19
14 16
15 4
16 18
17 25
18 3
19 28
20 26
21 15
22 27
23 0
24 23
25 30
26 29
27 34
28 7
29 32
30 31
31 11
32 20
33 5
34 8
SIMILAR

7 18 19 31 8 2 0 26 27 3 29 16 21 5 9 24 23 30 28 32 6 20 15 14 10 12 4 1 33 13 22 17 34 25 11 
0 6
1 27
2 5
3 9
4 26
5 13
6 20
7 0
8 4
9 14
10 24
11 34
12 25
13 29
14 23
15 22
16 11
17 31
18 1
19 2
20 21
21 12
22 30
23 16
24 15
25 33
26 7
27 8
28 18
29 10
30 17
31 3
32 19
33 28
34 32
SIMILAR

18 31 27 32 25 14 15 7 33 20 26 24 6 12 0 29 21 3 1 17 28 22 4 13 16 10 5 8 11 30 34 19 23 2 9 
0 14
1 18
2 33
3 17
4 22
5 26
6 12
7 7
8 27
9 34
10 25
11 28
12 13
13 23
14 5
15 6
16 24
17 19
18 0
19 31
20 9
21 16
22 21
23 32
24 11
25 4
26 10
27 2
28 20
29 15
30 29
31 1
32 3
33 8
34 30
SIMILAR

9 11 28 15 33 2 25 14 30 19 18 3 23 31 8 20 7 34 22 17 6 26 13 10 21 12 16 24 1 5 32 27 29 0 4 
0 33
1 28
2 5
3 11
4 34
5 29
6 20
7 16
8 14
9 0
10 23
11 1
12 25
13 22
14 7
15 3
16 26
17 19
18 10
19 9
20 15
21 24
22 18
23 12
24 27
25 6
26 21
27 31
28 2
29 32
30 8
31 13
32 30
33 4
34 17
SIMILAR

8 33 29 26 1 25 13 31 34 23 22 14 18 15 24 10 32 16 17 2 3 5 11 0 7 21 9 12 20 6 4 30 28 19 27 
0 23
1 4
2 19
3 20
4 30
5 21
6 29
7 24
8 0
9 26
10 15
11 22
12 27
13 6
14 11
15 13
16 17
17 18
18 12
19 33
20 28
21 25
22 10
23 9
24 14
25 5
26 3
27 34
28 32
29 2
30 31
31 7
32 16
33 1
34 8
SIMILAR

23 6 10 21 13 15 14 1 34 26 18 19 11 5 16 2 33 8 4 9 29 20 30 17 7 28 24 31 12 27 32 3 22 0 25 
0 33
1 7
2 15
3 31
4 18
5 13
6 1
7 24
8 17
9 19
10 2
11 12
12 28
13 4
14 6
15 5
16 14
17 23
18 10
19 11
20 21
21 3
22 32
23 0
24 26
25 34
26 9
27 29
28 25
29 20
30 22
31 27
32 30
33 16
34 8
SIMILAR

30 8 27 16 26 2 4 20 3 21 23 10 28 24 5 18 34 25 1 33 12 0 31 7 19 9 11 32 13 6 29 15 17 14 22 
0 21
1 18
2 5
3 8
4 6
5 14
6 29
7 23
8 1
9 25
10 11
11 26
12 20
13 28
14 33
15 31
16 3
17 32
18 15
19 24
20 7
21 9
22 34
23 10
24 13
25 17
26 4
27 2
28 12
29 30
30 0
31 22
32 27
33 19
34 16
SIMILAR

21 24 10 19 17 2 33 28 22 29 34 30 9 4 5 25 31 3 18 1 6 0 27 7 23 14 16 20 8 13 26 11 15 12 32 
0 21
1 19
2 5
3 17
4 13
5 14
6 20
7 23
8 28
9 12
10 2
11 31
12 33
13 29
14 25
15 32
16 26
17 4
18 18
19 3
20 27
21 0
22 8
23 24
24 1
25 15
26 30
27 22
28 7
29 9
30 11
31 16
32 34
33 6
34 10
SIMILAR

25 10 24 13 2 34 30 18 9 0 1 16 28 22 4 31 17 29 8 21 27 11 7 26 14 6 20 19 33 5 15 23 32 3 12 
0 9
1 10
2 4
3 33
4 14
5 29
6 25
7 22
8 18
9 8
10 1
11 21
12 34
13 3
14 24
15 30
16 11
17 16
18 7
19 27
20 26
21 19
22 13
23 31
24 2
25 0
26 23
27 20
28 12
29 17
30 6
31 15
32 32
33 28
34 5
SIMILAR

17 19 14 34 1 8 26 30 31 21 20 10 29 27 2 25 23 6 28 15 12 4 22 18 13 33 11 9 16 7 5 24 3 0 32 
0 33
1 4
2 14
3 32
4 21
5 30
6 17
7 29
8 5
9 27
10 11
11 26
12 20
13 24
14 2
15 19
16 28
17 0
18 23
19 1
20 10
21 9
22 22
23 16
24 31
25 15
26 6
27 13
28 18
29 12
30 7
31 8
32 34
33 25
34 3
SIMILAR

26 27 14 12 25 16 31 0 33 9 5 34 2 19 20 32 21 30 24 3 13 11 6 10 28 18 22 15 8 23 1 29 4 17 7 
0 7
1 30
2 12
3 19
4 32
5 10
6 22
7 34
8 28
9 9
10 23
11 21
12 3
13 20
14 2
15 27
16 5
17 33
18 25
19 13
20 14
21 16
22 26
23 29
24 18
25 4
26 0
27 1
28 24
29 31
30 17
31 6
32 15
33 8
34 11
SIMILAR

15 19 24 10 28 21 27 32 12 33 26 3 8 30 25 29 7 18 1 13 34 5 4 20 17 6 11 23 31 22 2 0 16 9 14 
0 31
1 18
2 30
3 11
4 22
5 21
6 25
7 16
8 12
9 33
10 3
11 26
12 8
13 19
14 34
15 0
16 32
17 24
18 17
19 1
20 23
21 5
22 29
23 27
24 2
25 14
26 10
27 6
28 4
29 15
30 13
31 28
32 7
33 9
34 20
SIMILAR

15 28 20 24 34 5 23 9 0 19 22 21 11 8 29 18 16 33 4 13 30 12 17 1 6 27 2 32 14 26 10 31 25 7 3 
0 8
1 23
2 26
3 34
4 18
5 5
6 24
7 33
8 13
9 7
10 30
11 12
12 21
13 19
14 28
15 0
16 16
17 22
18 15
19 9
20 2
21 11
22 10
23 6
24 3
25 32
26 29
27 25
28 1
29 14
30 20
31 31
32 27
33 17
34 4
SIMILAR

26 25 2 16 32 30 3 4 7 31 24 18 34 10 29 19 15 8 6 21 20 1 11 22 5 17 0 14 23 12 9 33 27 13 28 
0 26
1 21
2 2
3 6
4 7
5 24
6 18
7 8
8 17
9 30
10 13
11 22
12 29
13 33
14 27
15 16
16 3
17 25
18 11
19 15
20 20
21 19
22 23
23 28
24 10
25 1
26 0
27 32
28 34
29 14
30 5
31 9
32 4
33 31
34 12
SIMILAR

9 18 22 23 11 26 1 27 14 20 10 7 8 32 0 4 2 6 5 16 15 21 25 17 13 29 28 33 19 3 24 30 34 12 31 
0 14
1 6
2 16
3 29
4 15
5 18
6 17
7 11
8 12
9 0
10 10
11 4
12 33
13 24
14 8
15 20
16 19
17 23
18 1
19 28
20 9
21 21
22 2
23 3
24 30
25 22
26 5
27 7
28 26
29 25
30 31
31 34
32 13
33 27
34 32
SIMILAR

27 8 25 18 32 22 4 20 28 23 31 24 1 26 17 33 19 29 6 34 0 10 14 13 9 21 12 11 2 16 5 3 15 7 30 
0 20
1 12
2 28
3 31
4 6
5 30
6 18
7 33
8 1
9 24
10 21
11 27
12 26
13 23
14 22
15 32
16 29
17 14
18 3
19 16
20 7
21 25
22 5
23 9
24 11
25 2
26 13
27 0
28 8
29 17
30 34
31 10
32 4
33 15
34 19
SIMILAR

29 34 32 25 27 26 1 5 2 22 15 14 9 28 18 12 17 31 23 10 20 0 19 13 3 7 11 6 30 21 24 4 16 8 33 
0 21
1 6
2 8
3 24
4 31
5 7
6 27
7 25
8 33
9 12
10 19
11 26
12 15
13 23
14 11
15 10
16 32
17 16
18 14
19 22
20 20
21 29
22 9
23 18
24 30
25 3
26 5
27 4
28 13
29 0
30 28
31 17
32 2
33 34
34 1
SIMILAR

26 24 29 3 0 16 25 22 23 4 10 5 21 9 30 18 8 31 11 12 7 6 2 32 27 19 34 33 1 28 13 15 14 20 17 
0 4
1 28
2 22
3 3
4 9
5 11
6 21
7 20
8 16
9 13
10 10
11 18
12 19
13 30
14 32
15 31
16 5
17 34
18 15
19 25
20 33
21 12
22 7
23 8
24 1
25 6
26 0
27 24
28 29
29 2
30 14
31 17
32 23
33 27
34 26
SIMILAR

29 0 28 27 7 3 1 31 19 22 13 24 32 25 15 17 20 30 11 4 8 34 14 5 9 33 23 6 26 10 18 16 2 12 21 
0 1
1 6
2 32
3 5
4 19
5 23
6 27
7 4
8 20
9 24
10 29
11 18
12 33
13 10
14 22
15 14
16 31
17 15
18 30
19 8
20 16
21 34
22 9
23 26
24 11
25 13
26 28
27 3
28 2
29 0
30 17
31 7
32 12
33 25
34 21
SIMILAR

16 32 3 7 6 27 10 15 30 25 34 8 19 13 28 33 9 23 24 29 14 12 4 20 31 1 0 22 11 17 18 2 21 26 5 
0 26
1 25
2 31
3 2
4 22
5 34
6 4
7 3
8 11
9 16
10 6
11 28
12 21
13 13
14 20
15 7
16 0
17 29
18 30
19 12
20 23
21 32
22 27
23 17
24 18
25 9
26 33
27 5
28 14
29 19
30 8
31 24
32 1
33 15
34 10
SIMILAR

8 32 18 26 28 34 0 20 10 21 22 3 33 30 11 27 31 12 2 23 15 6 1 19 29 14 17 5 25 16 13 7 24 9 4 
0 6
1 22
2 18
3 11
4 34
5 27
6 21
7 31
8 0
9 33
10 8
11 14
12 17
13 30
14 25
15 20
16 29
17 26
18 2
19 23
20 7
21 9
22 10
23 19
24 32
25 28
26 3
27 15
28 4
29 24
30 13
31 16
32 1
33 12
34 5
SIMILAR

9 12 17 7 22 10 5 13 30 4 20 32 8 33 2 25 34 26 11 27 19 24 16 3 18 15 23 0 14 28 6 1 21 31 29 
0 27
1 31
2 14
3 23
4 9
5 6
6 30
7 3
8 12
9 0
10 5
11 18
12 1
13 7
14 28
15 25
16 22
17 2
18 24
19 20
20 10
21 32
22 4
23 26
24 21
25 15
26 17
27 19
28 29
29 34
30 8
31 33
32 11
33 13
34 16
SIMILAR

8 7 19 5 13 32 0 12 6 27 1 2 23 31 30 29 11 16 15 28 18 17 22 14 10 3 9 33 34 24 4 20 26 25 21 
0 6
1 10
2 11
3 25
4 30
5 3
6 8
7 1
8 0
9 26
10 24
11 16
12 7
13 4
14 23
15 18
16 17
17 21
18 20
19 2
20 31
21 34
22 22
23 12
24 29
25 33
26 32
27 9
28 19
29 15
30 14
31 13
32 5
33 27
34 28
SIMILAR

5 10 11 15 31 20 4 25 30 33 7 9 32 22 16 3 17 13 14 28 29 6 18 34 21 23 27 19 0 26 1 12 2 24 8 
0 28
1 30
2 32
3 15
4 6
5 0
6 21
7 10
8 34
9 11
10 1
11 2
12 31
13 17
14 18
15 3
16 14
17 16
18 22
19 27
20 5
21 24
22 13
23 25
24 33
25 7
26 29
27 26
28 19
29 20
30 8
31 4
32 12
33 9
34 23
SIMILAR

28 19 29 18 33 1 20 4 11 14 30 6 26 8 2 25 12 16 22 7 15 24 17 31 13 27 21 9 34 5 23 0 10 32 3 
0 31
1 5
2 14
3 34
4 7
5 29
6 11
7 19
8 13
9 27
10 32
11 8
12 16
13 24
14 9
15 20
16 17
17 22
18 3
19 1
20 6
21 26
22 18
23 30
24 21
25 15
26 12
27 25
28 0
29 2
30 10
31 23
32 33
33 4
34 28
SIMILAR
100 0
6100 0
316100 0
