50
0 0 1 0 0 1 0 1 0 0 1 1 0 0 1 0 0 0 1 1 0 1 1 0 1 0 1 1 0 1 0 0 1 1 1 1 1 1 1 1 1 1 1 0 1 0 0 1 1 1 
0 0 1 1 0 1 1 1 0 0 0 1 1 1 0 1 0 0 0 0 0 1 0 1 1 0 0 0 0 0 0 1 1 1 0 1 0 1 1 0 1 0 0 1 1 0 0 0 0 1 
1 1 0 0 1 0 1 0 0 0 0 0 1 1 0 0 0 0 1 0 1 1 1 1 1 0 1 0 0 1 0 0 1 1 1 1 0 1 1 0 1 0 1 0 0 1 0 0 0 0 
0 1 0 0 0 1 1 0 1 1 0 1 0 1 1 0 0 1 0 1 1 1 0 0 1 0 0 1 0 1 1 0 0 0 0 1 1 1 1 0 1 1 0 0 0 1 0 1 1 0 
0 0 1 0 0 0 1 0 1 1 1 1 0 0 1 1 1 1 1 1 0 0 0 0 0 0 0 1 0 1 1 0 1 1 0 1 1 0 1 1 0 1 1 0 1 0 0 0 1 1 
1 1 0 1 0 0 1 1 1 0 1 0 1 1 1 0 0 0 0 1 1 1 1 1 0 1 0 0 0 1 1 1 1 0 0 0 0 0 1 1 0 0 1 0 0 1 0 0 1 1 
0 1 1 1 1 1 0 1 1 1 1 1 1 0 1 0 0 1 0 0 0 1 0 0 0 0 1 0 0 1 1 0 0 0 0 1 1 0 0 1 1 1 0 1 1 0 1 0 0 0 
1 1 0 0 0 1 1 0 1 1 0 1 0 1 0 1 0 1 1 1 1 1 1 0 1 1 1 0 0 0 0 1 1 0 0 0 0 0 1 0 1 1 0 1 0 1 0 0 0 1 
0 0 0 1 1 1 1 1 0 0 0 0 0 1 0 1 0 0 1 1 1 1 1 0 0 0 0 0 1 0 0 0 1 0 0 1 1 0 0 1 1 0 0 1 1 1 0 0 1 0 
0 0 0 1 1 0 1 1 0 0 1 1 0 1 0 0 0 0 0 0 0 1 0 0 0 1 1 0 1 1 0 0 0 1 0 0 0 1 1 1 0 0 0 0 0 0 1 1 1 1 
1 0 0 0 1 1 1 0 0 1 0 1 1 1 1 0 0 1 0 0 1 0 0 0 0 1 0 0 0 0 1 0 1 0 0 1 1 1 1 0 0 0 0 0 0 0 0 1 1 1 
1 1 0 1 1 0 1 1 0 1 1 0 1 1 0 0 1 0 1 1 0 1 1 0 0 1 0 1 0 1 0 0 1 1 0 1 0 1 1 1 0 0 0 1 0 1 1 0 0 1 
0 1 1 0 0 1 1 0 0 0 1 1 0 0 1 1 1 1 0 0 1 1 1 0 0 1 0 1 0 1 0 1 0 0 0 1 1 0 1 1 0 0 0 1 0 0 0 0 0 0 
0 1 1 1 0 1 0 1 1 1 1 1 0 0 0 0 1 1 1 0 0 1 1 0 1 1 0 0 1 0 1 1 1 1 0 0 1 0 0 1 1 0 0 0 1 0 1 0 1 1 
1 0 0 1 1 1 1 0 0 0 1 0 1 0 0 0 1 0 0 1 0 0 0 1 1 1 1 0 1 0 0 0 0 0 1 0 1 0 0 0 1 1 0 0 0 1 1 1 1 0 
0 1 0 0 1 0 0 1 1 0 0 0 1 0 0 0 0 0 0 0 0 1 0 1 1 0 1 1 0 0 1 1 1 0 1 0 1 0 1 0 1 1 1 0 0 1 0 0 0 0 
0 0 0 0 1 0 0 0 0 0 0 1 1 1 1 0 0 1 0 0 0 1 1 0 0 0 1 1 0 1 1 1 0 1 0 0 1 1 0 1 0 1 1 1 1 0 0 0 1 0 
0 0 0 1 1 0 1 1 0 0 1 0 1 1 0 0 1 0 0 1 0 0 0 0 0 1 0 0 1 0 1 0 0 0 1 1 1 0 0 1 1 1 0 0 0 1 0 0 1 0 
1 0 1 0 1 0 0 1 1 0 0 1 0 1 0 0 0 0 0 0 0 0 0 0 1 1 0 0 1 1 1 1 1 0 0 1 1 1 0 0 0 1 1 0 0 0 0 0 1 0 
1 0 0 1 1 1 0 1 1 0 0 1 0 0 1 0 0 1 0 0 0 0 1 0 1 1 1 0 0 0 1 0 0 1 0 0 0 0 1 0 0 0 1 0 1 0 1 1 1 0 
0 0 1 1 0 1 0 1 1 0 1 0 1 0 0 0 0 0 0 0 0 1 0 0 0 1 0 1 0 1 1 1 1 1 1 0 0 0 0 1 1 1 1 0 1 0 1 1 0 0 
1 1 1 1 0 1 1 1 1 1 0 1 1 1 0 1 1 0 0 0 1 0 0 1 1 0 0 1 0 1 1 0 1 0 1 1 1 1 0 0 0 0 1 1 1 0 1 1 0 1 
1 0 1 0 0 1 0 1 1 0 0 1 1 1 0 0 1 0 0 1 0 0 0 0 0 0 0 1 1 0 0 1 0 1 0 1 0 1 1 0 1 1 1 1 1 1 0 1 1 0 
0 1 1 0 0 1 0 0 0 0 0 0 0 0 1 1 0 0 0 0 0 1 0 0 1 1 1 1 0 0 0 1 0 1 0 0 0 1 1 1 0 1 0 0 1 0 0 1 1 1 
1 1 1 1 0 0 0 1 0 0 0 0 0 1 1 1 0 0 1 1 0 1 0 1 0 0 0 0 1 0 1 1 0 1 0 0 1 0 0 1 0 0 0 0 1 0 1 1 1 0 
0 0 0 0 0 1 0 1 0 1 1 1 1 1 1 0 0 1 1 1 1 0 0 1 0 0 0 0 1 0 0 1 1 1 0 0 1 1 1 0 1 0 0 0 1 1 1 1 1 0 
1 0 1 0 0 0 1 1 0 1 0 0 0 0 1 1 1 0 0 1 0 0 0 1 0 0 0 1 0 1 0 0 1 0 0 0 0 1 1 1 1 1 1 1 0 0 1 0 0 1 
1 0 0 1 1 0 0 0 0 0 0 1 1 0 0 1 1 0 0 0 1 1 1 1 0 0 1 0 0 0 1 0 0 1 1 0 0 1 1 1 1 0 1 0 0 1 1 1 1 0 
0 0 0 0 0 0 0 0 1 1 0 0 0 1 1 0 0 1 1 0 0 0 1 0 1 1 0 0 0 0 1 0 1 1 0 1 0 1 1 1 1 1 0 1 1 1 0 1 1 1 
1 0 1 1 1 1 1 0 0 1 0 1 1 0 0 0 1 0 1 0 1 1 0 0 0 0 1 0 0 0 0 0 0 1 0 0 1 1 1 0 1 0 0 0 1 1 0 1 0 0 
0 0 0 1 1 1 1 0 0 0 1 0 0 1 0 1 1 1 1 1 1 1 0 0 1 0 0 1 1 0 0 0 0 0 1 1 1 1 0 0 0 1 0 0 0 0 1 1 1 0 
0 1 0 0 0 1 0 1 0 0 0 0 1 1 0 1 1 0 1 0 1 0 1 1 1 1 0 0 0 0 0 0 0 0 0 1 1 0 1 1 1 1 0 1 1 0 0 0 0 1 
1 1 1 0 1 1 0 1 1 0 1 1 0 1 0 1 0 0 1 0 1 1 0 0 0 1 1 0 1 0 0 0 0 0 1 1 1 1 1 1 0 0 0 0 0 1 1 0 1 0 
1 1 1 0 1 0 0 0 0 1 0 1 0 1 0 0 1 0 0 1 1 0 1 1 1 1 0 1 1 1 0 0 0 0 1 0 1 0 1 1 1 0 1 0 0 1 1 0 0 0 
1 0 1 0 0 0 0 0 0 0 0 0 0 0 1 1 0 1 0 0 1 1 0 0 0 0 0 1 0 0 1 0 1 1 0 0 0 0 1 0 0 0 0 0 1 0 1 0 0 0 
1 1 1 1 1 0 1 0 1 0 1 1 1 0 0 0 0 1 1 0 0 1 1 0 0 0 0 0 1 0 1 1 1 0 0 0 0 1 0 0 1 0 1 0 1 0 0 0 0 1 
1 0 0 1 1 0 1 0 1 0 1 0 1 1 1 1 1 1 1 0 0 1 0 0 1 1 0 0 0 1 1 1 1 1 0 0 0 1 0 1 1 0 0 1 0 1 0 1 0 0 
1 1 1 1 0 0 0 0 0 1 1 1 0 0 0 0 1 0 1 0 0 1 1 1 0 1 1 1 1 1 1 0 1 0 0 1 1 0 0 0 0 0 0 1 0 1 1 1 1 0 
1 1 1 1 1 1 0 1 0 1 1 1 1 0 0 1 0 0 0 1 0 0 1 1 0 1 1 1 1 1 0 1 1 1 1 0 0 0 0 0 1 1 0 1 0 1 1 1 1 0 
1 0 0 0 1 1 1 0 1 1 0 1 1 1 0 0 1 1 0 0 1 0 0 1 1 0 1 1 1 0 0 1 1 1 0 0 1 0 0 0 0 0 1 0 1 0 1 0 0 1 
1 1 1 1 0 0 1 1 1 0 0 0 0 1 1 1 0 1 0 0 1 0 1 0 0 1 1 1 1 1 0 1 0 1 0 1 1 0 1 0 0 1 1 0 1 1 1 0 1 1 
1 0 0 1 1 0 1 1 0 0 0 0 0 0 1 1 1 1 1 0 1 0 1 1 0 0 1 0 1 0 1 1 0 0 0 0 0 0 1 0 1 0 0 0 1 1 1 1 1 1 
1 0 1 0 1 1 0 0 0 0 0 0 0 0 0 1 1 0 1 1 1 1 1 0 0 0 1 1 0 0 0 0 0 1 0 1 0 0 0 1 1 0 0 0 0 1 1 1 1 1 
0 1 0 0 0 0 1 1 1 0 0 1 1 0 0 0 1 0 0 0 0 1 1 0 0 0 1 0 1 0 0 1 0 0 0 0 1 1 1 0 0 0 0 0 1 0 0 0 0 0 
1 1 0 0 1 0 1 0 1 0 0 0 0 1 0 0 1 0 0 1 1 1 1 1 1 1 0 0 1 1 0 1 0 0 1 1 0 0 0 1 1 1 0 1 0 0 0 1 1 1 
0 0 1 1 0 1 0 1 1 0 0 1 0 0 1 1 0 1 0 0 0 0 1 0 0 1 0 1 1 1 0 0 1 1 0 0 1 1 1 0 1 1 1 0 0 0 1 0 0 0 
0 0 0 0 0 0 1 0 0 1 0 1 0 1 1 0 0 0 0 1 1 1 0 0 1 1 1 1 0 0 1 0 1 1 1 0 0 1 1 1 1 1 1 0 0 1 0 1 0 1 
1 0 0 1 0 0 0 0 0 1 1 0 0 0 1 0 0 0 0 1 1 1 1 1 1 1 0 1 1 1 1 0 0 0 0 0 1 1 1 0 0 1 1 0 1 0 1 0 1 1 
1 0 0 1 1 1 0 0 1 1 1 0 0 1 1 0 1 1 1 1 0 0 1 1 1 1 0 1 1 0 1 0 1 0 0 0 0 1 1 0 1 1 1 0 1 0 0 1 0 1 
1 1 0 0 1 1 0 1 0 1 1 1 0 1 0 0 0 0 0 0 0 1 0 1 0 0 1 0 1 0 0 1 0 0 0 1 0 0 0 1 1 1 1 0 1 0 1 1 1 0 

5 15 46 41 16 13 36 38 35 27 34 32 2 29 45 42 49 19 11 17 22 24 21 44 39 4 18 40 43 37 25 26 28 1 10 23 20 0 12 33 8 6 31 9 48 3 30 47 7 14 
0 37
1 33
2 12
3 45
4 25
5 0
6 41
7 48
8 40
9 43
10 34
11 18
12 38
13 5
14 49
15 1
16 4
17 19
18 26
19 17
20 36
21 22
22 20
23 35
24 21
25 30
26 31
27 9
28 32
29 13
30 46
31 42
32 11
33 39
34 10
35 8
36 6
37 29
38 7
39 24
40 27
41 3
42 15
43 28
44 23
45 14
46 2
47 47
48 44
49 16
SIMILAR

46 18 14 15 44 19 43 22 45 12 27 10 4 29 20 6 1 2 48 21 38 26 24 8 0 31 42 34 33 35 13 7 47 37 3 16 49 23 32 17 36 9 11 30 41 39 28 25 5 40 
0 24
1 16
2 17
3 34
4 12
5 48
6 15
7 31
8 23
9 41
10 11
11 42
12 9
13 30
14 2
15 3
16 35
17 39
18 1
19 5
20 14
21 19
22 7
23 37
24 22
25 47
26 21
27 10
28 46
29 13
30 43
31 25
32 38
33 28
34 27
35 29
36 40
37 33
38 20
39 45
40 49
41 44
42 26
43 6
44 4
45 8
46 0
47 32
48 18
49 36
SIMILAR

2 39 18 33 4 12 36 1 31 23 22 14 29 26 0 34 35 6 27 8 28 16 20 25 32 40 24 46 44 30 10 42 49 21 17 3 41 37 11 19 38 47 5 13 45 48 15 7 9 43 
0 14
1 7
2 0
3 35
4 4
5 42
6 17
7 47
8 19
9 48
10 30
11 38
12 5
13 43
14 11
15 46
16 21
17 34
18 2
19 39
20 22
21 33
22 10
23 9
24 26
25 23
26 13
27 18
28 20
29 12
30 29
31 8
32 24
33 3
34 15
35 16
36 6
37 37
38 40
39 1
40 25
41 36
42 31
43 49
44 28
45 44
46 27
47 41
48 45
49 32
SIMILAR

15 28 18 46 22 7 19 2 27 4 6 25 39 45 38 21 41 10 36 14 8 12 47 44 40 42 17 29 30 31 13 24 0 16 5 23 37 1 3 20 32 11 43 49 34 48 33 9 26 35 
0 32
1 37
2 7
3 38
4 9
5 34
6 10
7 5
8 20
9 47
10 17
11 41
12 21
13 30
14 19
15 0
16 33
17 26
18 2
19 6
20 39
21 15
22 4
23 35
24 31
25 11
26 48
27 8
28 1
29 27
30 28
31 29
32 40
33 46
34 44
35 49
36 18
37 36
38 14
39 12
40 24
41 16
42 25
43 42
44 23
45 13
46 3
47 22
48 45
49 43
SIMILAR

40 10 11 20 35 32 33 24 28 6 43 29 26 45 5 14 25 49 18 22 1 2 15 4 30 7 37 3 21 42 48 9 39 47 41 38 0 16 34 46 19 8 44 13 36 31 27 12 23 17 
0 36
1 20
2 21
3 27
4 23
5 14
6 9
7 25
8 41
9 31
10 1
11 2
12 47
13 43
14 15
15 22
16 37
17 49
18 18
19 40
20 3
21 28
22 19
23 48
24 7
25 16
26 12
27 46
28 8
29 11
30 24
31 45
32 5
33 6
34 38
35 4
36 44
37 26
38 35
39 32
40 0
41 34
42 29
43 10
44 42
45 13
46 39
47 33
48 30
49 17
SIMILAR

4 17 20 45 11 31 18 13 9 3 49 32 33 0 29 8 36 23 12 37 47 25 14 7 40 46 21 5 48 22 27 24 39 41 38 16 19 42 26 30 43 10 15 35 1 44 34 2 28 6 
0 13
1 44
2 47
3 9
4 0
5 27
6 49
7 23
8 15
9 8
10 41
11 4
12 18
13 7
14 22
15 42
16 35
17 1
18 6
19 36
20 2
21 26
22 29
23 17
24 31
25 21
26 38
27 30
28 48
29 14
30 39
31 5
32 11
33 12
34 46
35 43
36 16
37 19
38 34
39 32
40 24
41 33
42 37
43 40
44 45
45 3
46 25
47 20
48 28
49 10
SIMILAR

14 47 4 46 49 32 24 38 7 33 27 25 26 29 20 37 3 36 30 6 18 21 23 43 9 35 13 8 40 39 12 44 10 1 41 0 17 5 31 42 11 19 28 2 48 15 34 45 16 22 
0 35
1 33
2 43
3 16
4 2
5 37
6 19
7 8
8 27
9 24
10 32
11 40
12 30
13 26
14 0
15 45
16 48
17 36
18 20
19 41
20 14
21 21
22 49
23 22
24 6
25 11
26 12
27 10
28 42
29 13
30 18
31 38
32 5
33 9
34 46
35 25
36 17
37 15
38 7
39 29
40 28
41 34
42 39
43 23
44 31
45 47
46 3
47 1
48 44
49 4
SIMILAR

29 19 23 16 40 2 44 33 28 0 15 10 21 47 11 25 7 6 39 32 8 24 31 41 3 13 35 22 45 4 9 20 43 34 30 42 38 5 36 37 46 1 17 48 26 14 18 49 27 12 
0 9
1 41
2 5
3 24
4 29
5 37
6 17
7 16
8 20
9 30
10 11
11 14
12 49
13 25
14 45
15 10
16 3
17 42
18 46
19 1
20 31
21 12
22 27
23 2
24 21
25 15
26 44
27 48
28 8
29 0
30 34
31 22
32 19
33 7
34 33
35 26
36 38
37 39
38 36
39 18
40 4
41 23
42 35
43 32
44 6
45 28
46 40
47 13
48 43
49 47
SIMILAR

2 45 28 1 20 29 27 10 24 0 43 40 46 41 14 34 31 21 25 6 16 11 12 8 42 37 17 47 13 4 5 44 26 3 19 18 39 49 15 38 7 48 23 35 33 9 22 30 36 32 
0 9
1 3
2 0
3 33
4 29
5 30
6 19
7 40
8 23
9 45
10 7
11 21
12 22
13 28
14 14
15 38
16 20
17 26
18 35
19 34
20 4
21 17
22 46
23 42
24 8
25 18
26 32
27 6
28 2
29 5
30 47
31 16
32 49
33 44
34 15
35 43
36 48
37 25
38 39
39 36
40 11
41 13
42 24
43 10
44 31
45 1
46 12
47 27
48 41
49 37
SIMILAR

4 20 30 3 1 13 48 22 6 36 8 31 35 37 7 38 14 27 11 19 26 12 5 9 43 39 46 40 0 45 2 10 15 17 32 47 42 49 34 21 25 24 41 16 23 18 29 33 28 44 
0 28
1 4
2 30
3 3
4 0
5 22
6 8
7 14
8 10
9 23
10 31
11 18
12 21
13 5
14 16
15 32
16 43
17 33
18 45
19 19
20 1
21 39
22 7
23 44
24 41
25 40
26 20
27 17
28 48
29 46
30 2
31 11
32 34
33 47
34 38
35 12
36 9
37 13
38 15
39 25
40 27
41 42
42 36
43 24
44 49
45 29
46 26
47 35
48 6
49 37
SIMILAR

39 12 47 25 0 40 1 44 29 18 14 37 28 5 15 7 43 42 31 21 49 11 45 30 35 26 17 20 13 22 8 33 24 27 3 6 9 41 46 48 32 19 16 4 36 10 23 2 34 38 
0 4
1 6
2 47
3 34
4 43
5 13
6 35
7 15
8 30
9 36
10 45
11 21
12 1
13 28
14 10
15 14
16 42
17 26
18 9
19 41
20 27
21 19
22 29
23 46
24 32
25 3
26 25
27 33
28 12
29 8
30 23
31 18
32 40
33 31
34 48
35 24
36 44
37 11
38 49
39 0
40 5
41 37
42 17
43 16
44 7
45 22
46 38
47 2
48 39
49 20
SIMILAR

10 18 6 9 34 44 47 22 15 35 8 38 45 2 13 21 40 30 42 14 31 37 41 0 12 26 28 1 49 17 48 39 27 46 32 43 24 16 20 5 29 3 11 7 19 23 33 36 4 25 
0 23
1 27
2 13
3 41
4 48
5 39
6 2
7 43
8 10
9 3
10 0
11 42
12 24
13 14
14 19
15 8
16 37
17 29
18 1
19 44
20 38
21 15
22 7
23 45
24 36
25 49
26 25
27 32
28 26
29 40
30 17
31 20
32 34
33 46
34 4
35 9
36 47
37 21
38 11
39 31
40 16
41 22
42 18
43 35
44 5
45 12
46 33
47 6
48 30
49 28
SIMILAR

16 41 36 27 22 0 45 42 43 24 33 35 11 46 49 15 30 23 26 31 18 6 2 19 39 9 3 38 8 1 7 20 47 21 5 25 44 37 14 17 32 40 29 28 4 10 48 13 12 34 
0 5
1 29
2 22
3 26
4 44
5 34
6 21
7 30
8 28
9 25
10 45
11 12
12 48
13 47
14 38
15 15
16 0
17 39
18 20
19 23
20 31
21 33
22 4
23 17
24 9
25 35
26 18
27 3
28 43
29 42
30 16
31 19
32 40
33 10
34 49
35 11
36 2
37 37
38 27
39 24
40 41
41 1
42 7
43 8
44 36
45 6
46 13
47 32
48 46
49 14
SIMILAR

31 18 23 10 16 29 44 36 27 12 38 8 41 20 45 1 42 3 32 2 28 30 0 39 25 26 43 48 37 33 13 5 9 35 14 15 7 24 4 6 22 46 49 11 17 19 47 40 34 21 
0 22
1 15
2 19
3 17
4 38
5 31
6 39
7 36
8 11
9 32
10 3
11 43
12 9
13 30
14 34
15 35
16 4
17 44
18 1
19 45
20 13
21 49
22 40
23 2
24 37
25 24
26 25
27 8
28 20
29 5
30 21
31 0
32 18
33 29
34 48
35 33
36 7
37 28
38 10
39 23
40 47
41 12
42 16
43 26
44 6
45 14
46 41
47 46
48 27
49 42
SIMILAR

34 17 11 22 20 27 26 36 41 44 46 6 21 2 42 25 33 8 45 47 37 43 4 24 14 39 19 32 13 28 23 9 35 48 3 29 5 7 18 15 31 10 30 38 16 1 0 12 40 49 
0 46
1 45
2 13
3 34
4 22
5 36
6 11
7 37
8 17
9 31
10 41
11 2
12 47
13 28
14 24
15 39
16 44
17 1
18 38
19 26
20 4
21 12
22 3
23 30
24 23
25 15
26 6
27 5
28 29
29 35
30 42
31 40
32 27
33 16
34 0
35 32
36 7
37 20
38 43
39 25
40 48
41 8
42 14
43 21
44 9
45 18
46 10
47 19
48 33
49 49
SIMILAR

4 5 41 15 38 1 26 44 17 18 27 36 37 28 10 6 42 23 45 40 13 3 7 43 47 22 19 14 39 0 30 9 46 49 31 33 2 24 32 11 21 48 34 8 16 25 29 35 12 20 
0 29
1 5
2 36
3 21
4 0
5 1
6 15
7 22
8 43
9 31
10 14
11 39
12 48
13 20
14 27
15 3
16 44
17 8
18 9
19 26
20 49
21 40
22 25
23 17
24 37
25 45
26 6
27 10
28 13
29 46
30 30
31 34
32 38
33 35
34 42
35 47
36 11
37 12
38 4
39 28
40 19
41 2
42 16
43 23
44 7
45 18
46 32
47 24
48 41
49 33
SIMILAR

6 40 2 28 1 27 23 24 15 38 3 14 37 0 49 18 30 7 22 31 17 33 4 8 16 9 43 19 41 45 36 10 25 39 42 46 11 47 48 44 20 13 34 35 12 21 29 32 26 5 
0 13
1 4
2 2
3 10
4 22
5 49
6 0
7 17
8 23
9 25
10 31
11 36
12 44
13 41
14 11
15 8
16 24
17 20
18 15
19 27
20 40
21 45
22 18
23 6
24 7
25 32
26 48
27 5
28 3
29 46
30 16
31 19
32 47
33 21
34 42
35 43
36 30
37 12
38 9
39 33
40 1
41 28
42 34
43 26
44 39
45 29
46 35
47 37
48 38
49 14
SIMILAR

20 14 26 11 0 36 22 41 45 18 7 31 43 32 49 48 34 16 12 30 6 27 42 3 17 40 37 24 4 21 38 9 15 8 5 33 39 47 25 29 19 35 44 28 13 1 23 46 10 2 
0 4
1 45
2 49
3 23
4 28
5 34
6 20
7 10
8 33
9 31
10 48
11 3
12 18
13 44
14 1
15 32
16 17
17 24
18 9
19 40
20 0
21 29
22 6
23 46
24 27
25 38
26 2
27 21
28 43
29 39
30 19
31 11
32 13
33 35
34 16
35 41
36 5
37 26
38 30
39 36
40 25
41 7
42 22
43 12
44 42
45 8
46 47
47 37
48 15
49 14
SIMILAR

39 49 37 4 43 11 0 20 22 1 6 33 46 21 14 19 27 26 40 41 30 12 47 34 35 17 16 25 23 15 5 2 48 24 45 31 44 3 28 7 32 13 18 42 8 36 9 10 38 29 
0 6
1 9
2 31
3 37
4 3
5 30
6 10
7 39
8 44
9 46
10 47
11 5
12 21
13 41
14 14
15 29
16 26
17 25
18 42
19 15
20 7
21 13
22 8
23 28
24 33
25 27
26 17
27 16
28 38
29 49
30 20
31 35
32 40
33 11
34 23
35 24
36 45
37 2
38 48
39 0
40 18
41 19
42 43
43 4
44 36
45 34
46 12
47 22
48 32
49 1
SIMILAR

35 28 33 43 8 23 21 15 26 32 34 38 39 29 25 13 11 48 7 30 5 36 31 24 27 44 16 42 17 3 18 0 2 22 9 20 1 41 10 14 47 45 6 12 49 46 4 40 37 19 
0 31
1 36
2 32
3 29
4 46
5 20
6 42
7 18
8 4
9 34
10 38
11 16
12 43
13 15
14 39
15 7
16 26
17 28
18 30
19 49
20 35
21 6
22 33
23 5
24 23
25 14
26 8
27 24
28 1
29 13
30 19
31 22
32 9
33 2
34 10
35 0
36 21
37 48
38 11
39 12
40 47
41 37
42 27
43 3
44 25
45 41
46 45
47 40
48 17
49 44
SIMILAR

2 4 18 45 42 3 10 46 33 28 26 8 27 14 43 25 23 47 30 22 7 41 29 20 38 31 11 21 9 39 48 6 12 1 19 16 5 13 36 40 17 24 15 44 34 0 37 32 35 49 
0 45
1 33
2 0
3 5
4 1
5 36
6 31
7 20
8 11
9 28
10 6
11 26
12 32
13 37
14 13
15 42
16 35
17 40
18 2
19 34
20 23
21 27
22 19
23 16
24 41
25 15
26 10
27 12
28 9
29 22
30 18
31 25
32 47
33 8
34 44
35 48
36 38
37 46
38 24
39 29
40 39
41 21
42 4
43 14
44 43
45 3
46 7
47 17
48 30
49 49
SIMILAR

32 4 29 39 2 36 47 49 19 41 38 8 31 30 6 34 14 33 3 9 10 28 37 48 15 16 35 43 26 46 22 44 25 17 13 1 45 20 11 23 21 0 40 42 18 27 5 7 24 12 
0 41
1 35
2 4
3 18
4 1
5 46
6 14
7 47
8 11
9 19
10 20
11 38
12 49
13 34
14 16
15 24
16 25
17 33
18 44
19 8
20 37
21 40
22 30
23 39
24 48
25 32
26 28
27 45
28 21
29 2
30 13
31 12
32 0
33 17
34 15
35 26
36 5
37 22
38 10
39 3
40 42
41 9
42 43
43 27
44 31
45 36
46 29
47 6
48 23
49 7
SIMILAR

16 15 36 7 14 20 34 24 42 17 30 46 44 22 13 35 23 43 39 49 47 6 5 28 2 41 1 21 9 48 37 11 26 4 3 33 32 38 0 10 12 45 18 40 31 25 27 29 8 19 
0 38
1 26
2 24
3 34
4 33
5 22
6 21
7 3
8 48
9 28
10 39
11 31
12 40
13 14
14 4
15 1
16 0
17 9
18 42
19 49
20 5
21 27
22 13
23 16
24 7
25 45
26 32
27 46
28 23
29 47
30 10
31 44
32 36
33 35
34 6
35 15
36 2
37 30
38 37
39 18
40 43
41 25
42 8
43 17
44 12
45 41
46 11
47 20
48 29
49 19
SIMILAR

9 36 24 35 17 41 47 40 42 0 38 10 11 15 13 25 2 6 45 22 28 27 18 37 30 44 26 4 34 48 7 39 33 14 3 23 46 49 21 8 20 32 5 1 16 29 19 12 43 31 
0 9
1 43
2 16
3 34
4 27
5 42
6 17
7 30
8 39
9 0
10 11
11 12
12 47
13 14
14 33
15 13
16 44
17 4
18 22
19 46
20 40
21 38
22 19
23 35
24 2
25 15
26 26
27 21
28 20
29 45
30 24
31 49
32 41
33 32
34 28
35 3
36 1
37 23
38 10
39 31
40 7
41 5
42 8
43 48
44 25
45 18
46 36
47 6
48 29
49 37
SIMILAR

30 42 48 25 36 7 17 45 46 12 6 19 1 32 24 9 8 22 49 27 18 28 3 38 5 11 2 21 20 40 43 39 26 44 29 13 10 4 16 41 33 31 0 15 23 37 14 35 34 47 
0 42
1 12
2 26
3 22
4 37
5 24
6 10
7 5
8 16
9 15
10 36
11 25
12 9
13 35
14 46
15 43
16 38
17 6
18 20
19 11
20 28
21 27
22 17
23 44
24 14
25 3
26 32
27 19
28 21
29 34
30 0
31 41
32 13
33 40
34 48
35 47
36 4
37 45
38 23
39 31
40 29
41 39
42 1
43 30
44 33
45 7
46 8
47 49
48 2
49 18
SIMILAR

12 37 0 16 20 34 38 27 8 45 13 4 40 17 2 33 19 36 49 24 1 43 42 6 5 10 9 3 7 21 44 48 11 41 39 32 14 47 35 29 15 28 18 23 25 26 31 22 46 30 
0 2
1 20
2 14
3 27
4 11
5 24
6 23
7 28
8 8
9 26
10 25
11 32
12 0
13 10
14 36
15 40
16 3
17 13
18 42
19 16
20 4
21 29
22 47
23 43
24 19
25 44
26 45
27 7
28 41
29 39
30 49
31 46
32 35
33 15
34 5
35 38
36 17
37 1
38 6
39 34
40 12
41 33
42 22
43 21
44 30
45 9
46 48
47 37
48 31
49 18
SIMILAR

18 42 37 19 1 36 28 15 27 44 30 29 34 10 49 6 26 40 45 33 48 43 25 24 14 13 16 12 21 5 0 23 35 32 22 46 41 7 9 31 47 3 8 2 20 4 39 11 17 38 
0 30
1 4
2 43
3 41
4 45
5 29
6 15
7 37
8 42
9 38
10 13
11 47
12 27
13 25
14 24
15 7
16 26
17 48
18 0
19 3
20 44
21 28
22 34
23 31
24 23
25 22
26 16
27 8
28 6
29 11
30 10
31 39
32 33
33 19
34 12
35 32
36 5
37 2
38 49
39 46
40 17
41 36
42 1
43 21
44 9
45 18
46 35
47 40
48 20
49 14
SIMILAR

8 30 46 0 40 18 39 15 10 42 28 25 34 47 6 49 24 35 29 27 12 21 19 23 11 22 2 3 32 26 36 37 31 38 16 1 48 45 20 5 14 17 41 33 44 7 9 13 4 43 
0 3
1 35
2 26
3 27
4 48
5 39
6 14
7 45
8 0
9 46
10 8
11 24
12 20
13 47
14 40
15 7
16 34
17 41
18 5
19 22
20 38
21 21
22 25
23 23
24 16
25 11
26 29
27 19
28 10
29 18
30 1
31 32
32 28
33 43
34 12
35 17
36 30
37 31
38 33
39 6
40 4
41 42
42 9
43 49
44 44
45 37
46 2
47 13
48 36
49 15
SIMILAR

8 37 4 7 32 9 43 18 39 41 24 0 1 27 3 10 19 14 33 34 5 44 28 20 30 35 22 21 31 40 46 16 38 13 23 6 11 25 42 15 2 29 26 36 45 12 49 48 17 47 
0 11
1 12
2 40
3 14
4 2
5 20
6 35
7 3
8 0
9 5
10 15
11 36
12 45
13 33
14 17
15 39
16 31
17 48
18 7
19 16
20 23
21 27
22 26
23 34
24 10
25 37
26 42
27 13
28 22
29 41
30 24
31 28
32 4
33 18
34 19
35 25
36 43
37 1
38 32
39 8
40 29
41 9
42 38
43 6
44 21
45 44
46 30
47 49
48 47
49 46
SIMILAR

33 37 47 8 27 44 32 5 45 7 16 1 38 35 46 12 15 39 26 19 4 36 25 31 13 49 34 3 43 42 24 48 20 28 11 21 23 14 9 29 30 18 22 2 0 10 17 40 41 6 
0 44
1 11
2 43
3 27
4 20
5 7
6 49
7 9
8 3
9 38
10 45
11 34
12 15
13 24
14 37
15 16
16 10
17 46
18 41
19 19
20 32
21 35
22 42
23 36
24 30
25 22
26 18
27 4
28 33
29 39
30 40
31 23
32 6
33 0
34 26
35 13
36 21
37 1
38 12
39 17
40 47
41 48
42 29
43 28
44 5
45 8
46 14
47 2
48 31
49 25
SIMILAR

46 5 35 22 23 0 47 40 20 13 41 39 10 14 21 48 38 33 15 28 9 32 36 1 34 2 24 49 37 26 17 44 30 27 11 4 6 25 45 31 18 8 3 7 42 43 19 29 12 16 
0 5
1 23
2 25
3 42
4 35
5 1
6 36
7 43
8 41
9 20
10 12
11 34
12 48
13 9
14 13
15 18
16 49
17 30
18 40
19 46
20 8
21 14
22 3
23 4
24 26
25 37
26 29
27 33
28 19
29 47
30 32
31 39
32 21
33 17
34 24
35 2
36 22
37 28
38 16
39 11
40 7
41 10
42 44
43 45
44 31
45 38
46 0
47 6
48 15
49 27
SIMILAR

14 45 4 36 39 15 17 48 35 34 22 28 3 8 44 27 38 18 21 16 6 41 31 11 2 40 47 32 12 33 20 10 23 19 29 25 9 37 24 7 5 46 1 0 13 30 42 43 49 26 
0 43
1 42
2 24
3 12
4 2
5 40
6 20
7 39
8 13
9 36
10 31
11 23
12 28
13 44
14 0
15 5
16 19
17 6
18 17
19 33
20 30
21 18
22 10
23 32
24 38
25 35
26 49
27 15
28 11
29 34
30 45
31 22
32 27
33 29
34 9
35 8
36 3
37 37
38 16
39 4
40 25
41 21
42 46
43 47
44 14
45 1
46 41
47 26
48 7
49 48
SIMILAR

49 11 7 23 48 0 22 18 45 47 42 4 1 28 41 31 3 36 10 19 39 8 15 16 2 40 33 13 6 29 27 5 21 46 38 26 20 24 43 35 32 37 9 14 30 12 17 44 34 25 
0 5
1 12
2 24
3 16
4 11
5 31
6 28
7 2
8 21
9 42
10 18
11 1
12 45
13 27
14 43
15 22
16 23
17 46
18 7
19 19
20 36
21 32
22 6
23 3
24 37
25 49
26 35
27 30
28 13
29 29
30 44
31 15
32 40
33 26
34 48
35 39
36 17
37 41
38 34
39 20
40 25
41 14
42 10
43 38
44 47
45 8
46 33
47 9
48 4
49 0
SIMILAR

39 27 34 42 23 44 47 14 37 9 5 26 45 35 33 48 10 30 49 40 12 29 3 1 31 24 21 22 18 11 2 7 25 17 41 20 28 8 0 6 13 43 38 46 36 4 16 15 32 19 
0 38
1 23
2 30
3 22
4 45
5 10
6 39
7 31
8 37
9 9
10 16
11 29
12 20
13 40
14 7
15 47
16 46
17 33
18 28
19 49
20 35
21 26
22 27
23 4
24 25
25 32
26 11
27 1
28 36
29 21
30 17
31 24
32 48
33 14
34 2
35 13
36 44
37 8
38 42
39 0
40 19
41 34
42 3
43 41
44 5
45 12
46 43
47 6
48 15
49 18
SIMILAR

38 12 43 11 25 7 31 46 3 49 4 39 10 35 6 27 24 34 26 5 45 13 2 15 20 1 41 28 14 36 48 29 23 0 32 18 44 22 9 16 40 8 37 47 33 42 17 30 21 19 
0 33
1 25
2 22
3 8
4 10
5 19
6 14
7 5
8 41
9 38
10 12
11 3
12 1
13 21
14 28
15 23
16 39
17 46
18 35
19 49
20 24
21 48
22 37
23 32
24 16
25 4
26 18
27 15
28 27
29 31
30 47
31 6
32 34
33 44
34 17
35 13
36 29
37 42
38 0
39 11
40 40
41 26
42 45
43 2
44 36
45 20
46 7
47 43
48 30
49 9
SIMILAR

30 10 14 38 36 34 43 35 39 23 28 49 9 7 44 27 15 46 47 29 32 12 11 24 2 45 3 26 5 19 18 31 21 48 16 22 33 25 1 41 42 6 0 37 13 8 4 17 20 40 
0 42
1 38
2 24
3 26
4 46
5 28
6 41
7 13
8 45
9 12
10 1
11 22
12 21
13 44
14 2
15 16
16 34
17 47
18 30
19 29
20 48
21 32
22 35
23 9
24 23
25 37
26 27
27 15
28 10
29 19
30 0
31 31
32 20
33 36
34 5
35 7
36 4
37 43
38 3
39 8
40 49
41 39
42 40
43 6
44 14
45 25
46 17
47 18
48 33
49 11
SIMILAR

11 43 9 21 35 23 46 36 13 26 20 18 47 33 22 25 3 0 10 15 14 44 48 28 8 29 39 2 37 4 6 16 12 34 30 38 45 24 42 5 49 27 31 41 40 32 1 17 7 19 
0 17
1 46
2 27
3 16
4 29
5 39
6 30
7 48
8 24
9 2
10 18
11 0
12 32
13 8
14 20
15 19
16 31
17 47
18 11
19 49
20 10
21 3
22 14
23 5
24 37
25 15
26 9
27 41
28 23
29 25
30 34
31 42
32 45
33 13
34 33
35 4
36 7
37 28
38 35
39 26
40 44
41 43
42 38
43 1
44 21
45 36
46 6
47 12
48 22
49 40
SIMILAR

12 44 41 18 37 32 13 11 8 2 14 7 15 43 30 24 49 21 27 5 16 10 31 36 4 46 35 48 9 19 3 28 29 38 34 25 40 39 22 33 1 26 42 6 20 47 17 0 45 23 
0 47
1 40
2 9
3 30
4 24
5 19
6 43
7 11
8 8
9 28
10 21
11 7
12 0
13 6
14 10
15 12
16 20
17 46
18 3
19 29
20 44
21 17
22 38
23 49
24 15
25 35
26 41
27 18
28 31
29 32
30 14
31 22
32 5
33 39
34 34
35 26
36 23
37 4
38 33
39 37
40 36
41 2
42 42
43 13
44 1
45 48
46 25
47 45
48 27
49 16
SIMILAR

25 22 23 35 8 37 32 16 20 41 19 21 38 10 46 28 33 29 3 1 15 24 49 44 36 4 18 40 30 34 13 7 2 17 27 14 11 39 12 5 42 31 26 48 0 45 9 43 47 6 
0 44
1 19
2 32
3 18
4 25
5 39
6 49
7 31
8 4
9 46
10 13
11 36
12 38
13 30
14 35
15 20
16 7
17 33
18 26
19 10
20 8
21 11
22 1
23 2
24 21
25 0
26 42
27 34
28 15
29 17
30 28
31 41
32 6
33 16
34 29
35 3
36 24
37 5
38 12
39 37
40 27
41 9
42 40
43 47
44 23
45 45
46 14
47 48
48 43
49 22
SIMILAR

24 40 49 17 7 37 29 31 35 39 25 8 19 10 2 13 43 21 9 33 34 41 38 46 16 1 0 28 32 26 45 6 30 36 48 14 15 22 23 44 20 3 18 42 27 47 11 12 4 5 
0 26
1 25
2 14
3 41
4 48
5 49
6 31
7 4
8 11
9 18
10 13
11 46
12 47
13 15
14 35
15 36
16 24
17 3
18 42
19 12
20 40
21 17
22 37
23 38
24 0
25 10
26 29
27 44
28 27
29 6
30 32
31 7
32 28
33 19
34 20
35 8
36 33
37 5
38 22
39 9
40 1
41 21
42 43
43 16
44 39
45 30
46 23
47 45
48 34
49 2
SIMILAR

1 40 9 22 19 28 14 16 39 18 49 5 30 4 2 48 44 37 0 41 27 46 26 10 12 20 25 38 24 32 17 36 21 3 6 11 34 23 8 7 29 31 45 43 47 33 42 35 15 13 
0 18
1 0
2 14
3 33
4 13
5 11
6 34
7 39
8 38
9 2
10 23
11 35
12 24
13 49
14 6
15 48
16 7
17 30
18 9
19 4
20 25
21 32
22 3
23 37
24 28
25 26
26 22
27 20
28 5
29 40
30 12
31 41
32 29
33 45
34 36
35 47
36 31
37 17
38 27
39 8
40 1
41 19
42 46
43 43
44 16
45 42
46 21
47 44
48 15
49 10
SIMILAR

0 21 35 34 3 38 39 12 9 29 32 8 22 6 1 20 25 36 46 17 44 27 5 48 18 4 30 31 47 33 41 10 24 28 11 49 23 14 2 7 42 13 45 40 37 16 26 15 19 43 
0 0
1 14
2 38
3 4
4 25
5 22
6 13
7 39
8 11
9 8
10 31
11 34
12 7
13 41
14 37
15 47
16 45
17 19
18 24
19 48
20 15
21 1
22 12
23 36
24 32
25 16
26 46
27 21
28 33
29 9
30 26
31 27
32 10
33 29
34 3
35 2
36 17
37 44
38 5
39 6
40 43
41 30
42 40
43 49
44 20
45 42
46 18
47 28
48 23
49 35
SIMILAR

47 3 39 22 15 31 18 36 41 8 26 44 27 19 46 29 28 9 30 14 11 2 13 24 10 17 7 32 40 12 43 34 0 4 23 16 5 21 45 6 25 20 37 33 42 38 48 1 35 49 
0 32
1 47
2 21
3 1
4 33
5 36
6 39
7 26
8 9
9 17
10 24
11 20
12 29
13 22
14 19
15 4
16 35
17 25
18 6
19 13
20 41
21 37
22 3
23 34
24 23
25 40
26 10
27 12
28 16
29 15
30 18
31 5
32 27
33 43
34 31
35 48
36 7
37 42
38 45
39 2
40 28
41 8
42 44
43 30
44 11
45 38
46 14
47 0
48 46
49 49
SIMILAR

45 3 26 24 30 42 33 1 25 27 44 38 31 43 15 21 32 28 22 48 0 2 17 37 41 49 7 12 34 10 16 35 20 8 9 47 4 18 36 6 5 14 19 29 39 13 23 40 11 46 
0 20
1 7
2 21
3 1
4 36
5 40
6 39
7 26
8 33
9 34
10 29
11 48
12 27
13 45
14 41
15 14
16 30
17 22
18 37
19 42
20 32
21 15
22 18
23 46
24 3
25 8
26 2
27 9
28 17
29 43
30 4
31 12
32 16
33 6
34 28
35 31
36 38
37 23
38 11
39 44
40 47
41 24
42 5
43 13
44 10
45 0
46 49
47 35
48 19
49 25
SIMILAR

27 20 18 12 40 47 46 38 19 5 48 1 24 29 31 22 21 33 10 25 35 30 34 0 17 14 42 16 44 32 13 7 45 36 11 43 6 4 28 39 49 2 37 9 41 15 26 23 8 3 
0 23
1 11
2 41
3 49
4 37
5 9
6 36
7 31
8 48
9 43
10 18
11 34
12 3
13 30
14 25
15 45
16 27
17 24
18 2
19 8
20 1
21 16
22 15
23 47
24 12
25 19
26 46
27 0
28 38
29 13
30 21
31 14
32 29
33 17
34 22
35 20
36 33
37 42
38 7
39 39
40 4
41 44
42 26
43 35
44 28
45 32
46 6
47 5
48 10
49 40
SIMILAR

4 37 39 24 7 38 1 16 15 40 22 26 0 27 42 11 8 25 32 6 47 23 9 29 10 33 19 28 41 35 48 46 2 34 18 3 20 17 5 43 31 13 21 12 30 14 44 36 45 49 
0 12
1 6
2 32
3 35
4 0
5 38
6 19
7 4
8 16
9 22
10 24
11 15
12 43
13 41
14 45
15 8
16 7
17 37
18 34
19 26
20 36
21 42
22 10
23 21
24 3
25 17
26 11
27 13
28 27
29 23
30 44
31 40
32 18
33 25
34 33
35 29
36 47
37 1
38 5
39 2
40 9
41 28
42 14
43 39
44 46
45 48
46 31
47 20
48 30
49 49
SIMILAR

20 26 10 6 12 49 0 44 1 41 8 37 2 48 3 31 22 46 17 36 13 40 14 16 19 5 18 43 47 7 30 23 42 35 38 28 4 39 9 45 11 34 25 33 32 27 15 24 21 29 
0 6
1 8
2 12
3 14
4 36
5 25
6 3
7 29
8 10
9 38
10 2
11 40
12 4
13 20
14 22
15 46
16 23
17 18
18 26
19 24
20 0
21 48
22 16
23 31
24 47
25 42
26 1
27 45
28 35
29 49
30 30
31 15
32 44
33 43
34 41
35 33
36 19
37 11
38 34
39 37
40 21
41 9
42 32
43 27
44 7
45 39
46 17
47 28
48 13
49 5
SIMILAR

11 0 12 5 34 40 24 43 23 8 25 49 26 19 46 31 1 10 4 6 17 38 47 37 29 15 14 9 18 3 39 2 36 32 7 42 35 20 28 27 22 13 33 48 45 44 21 16 30 41 
0 1
1 16
2 31
3 29
4 18
5 3
6 19
7 34
8 9
9 27
10 17
11 0
12 2
13 41
14 26
15 25
16 47
17 20
18 28
19 13
20 37
21 46
22 40
23 8
24 6
25 10
26 12
27 39
28 38
29 24
30 48
31 15
32 33
33 42
34 4
35 36
36 32
37 23
38 21
39 30
40 5
41 49
42 35
43 7
44 45
45 44
46 14
47 22
48 43
49 11
SIMILAR

0 20 15 13 16 29 23 7 35 46 33 25 31 24 22 44 30 47 41 32 14 4 27 28 34 49 3 19 38 12 2 1 39 11 42 6 43 9 18 8 48 17 45 26 5 21 40 37 10 36 
0 0
1 31
2 30
3 26
4 21
5 44
6 35
7 7
8 39
9 37
10 48
11 33
12 29
13 3
14 20
15 2
16 4
17 41
18 38
19 27
20 1
21 45
22 14
23 6
24 13
25 11
26 43
27 22
28 23
29 5
30 16
31 12
32 19
33 10
34 24
35 8
36 49
37 47
38 28
39 32
40 46
41 18
42 34
43 36
44 15
45 42
46 9
47 17
48 40
49 25
SIMILAR

2 32 4 34 39 35 25 47 16 49 33 24 38 8 6 5 7 11 15 3 21 46 26 48 18 45 31 41 28 36 9 19 23 42 22 43 20 10 14 30 29 44 40 27 13 37 0 12 17 1 
0 46
1 49
2 0
3 19
4 2
5 15
6 14
7 16
8 13
9 30
10 37
11 17
12 47
13 44
14 38
15 18
16 8
17 48
18 24
19 31
20 36
21 20
22 34
23 32
24 11
25 6
26 22
27 43
28 28
29 40
30 39
31 26
32 1
33 10
34 3
35 5
36 29
37 45
38 12
39 4
40 42
41 27
42 33
43 35
44 41
45 25
46 21
47 7
48 23
49 9
SIMILAR

33 31 16 42 44 4 49 22 20 32 1 11 26 46 34 0 8 13 6 9 41 5 27 3 23 15 10 37 24 28 12 18 7 17 29 19 21 45 40 14 38 25 30 43 48 2 39 36 47 35 
0 15
1 10
2 45
3 23
4 5
5 21
6 18
7 32
8 16
9 19
10 26
11 11
12 30
13 17
14 39
15 25
16 2
17 33
18 31
19 35
20 8
21 36
22 7
23 24
24 28
25 41
26 12
27 22
28 29
29 34
30 42
31 1
32 9
33 0
34 14
35 49
36 47
37 27
38 40
39 46
40 38
41 20
42 3
43 43
44 4
45 37
46 13
47 48
48 44
49 6
SIMILAR

19 15 33 24 9 40 2 20 45 6 8 32 1 14 37 30 17 27 38 44 48 35 23 21 43 18 5 49 13 7 31 22 47 26 12 10 29 39 28 46 0 34 36 41 3 16 42 25 11 4 
0 40
1 12
2 6
3 44
4 49
5 26
6 9
7 29
8 10
9 4
10 35
11 48
12 34
13 28
14 13
15 1
16 45
17 16
18 25
19 0
20 7
21 23
22 31
23 22
24 3
25 47
26 33
27 17
28 38
29 36
30 15
31 30
32 11
33 2
34 41
35 21
36 42
37 14
38 18
39 37
40 5
41 43
42 46
43 24
44 19
45 8
46 39
47 32
48 20
49 27
SIMILAR

42 4 32 15 23 43 35 19 48 24 37 47 26 10 28 36 22 38 13 6 20 11 0 30 45 3 8 39 27 29 44 1 25 21 16 14 5 12 49 2 34 9 46 41 33 31 18 7 40 17 
0 22
1 31
2 39
3 25
4 1
5 36
6 19
7 47
8 26
9 41
10 13
11 21
12 37
13 18
14 35
15 3
16 34
17 49
18 46
19 7
20 20
21 33
22 16
23 4
24 9
25 32
26 12
27 28
28 14
29 29
30 23
31 45
32 2
33 44
34 40
35 6
36 15
37 10
38 17
39 27
40 48
41 43
42 0
43 5
44 30
45 24
46 42
47 11
48 8
49 38
SIMILAR

36 49 22 20 12 6 33 29 1 21 5 4 10 8 17 0 34 35 15 3 24 37 42 47 19 30 9 18 28 14 39 48 32 43 31 23 7 40 25 13 46 41 2 45 26 44 11 27 16 38 
0 15
1 8
2 42
3 19
4 11
5 10
6 5
7 36
8 13
9 26
10 12
11 46
12 4
13 39
14 29
15 18
16 48
17 14
18 27
19 24
20 3
21 9
22 2
23 35
24 20
25 38
26 44
27 47
28 28
29 7
30 25
31 34
32 32
33 6
34 16
35 17
36 0
37 21
38 49
39 30
40 37
41 41
42 22
43 33
44 45
45 43
46 40
47 23
48 31
49 1
SIMILAR

17 13 11 2 5 40 18 4 12 38 27 0 19 23 45 34 44 49 37 29 24 1 21 25 9 36 32 14 39 33 42 46 15 31 41 47 10 3 43 30 16 20 8 6 48 7 26 28 35 22 
0 11
1 21
2 3
3 37
4 7
5 4
6 43
7 45
8 42
9 24
10 36
11 2
12 8
13 1
14 27
15 32
16 40
17 0
18 6
19 12
20 41
21 22
22 49
23 13
24 20
25 23
26 46
27 10
28 47
29 19
30 39
31 33
32 26
33 29
34 15
35 48
36 25
37 18
38 9
39 28
40 5
41 34
42 30
43 38
44 16
45 14
46 31
47 35
48 44
49 17
SIMILAR

21 12 33 49 23 16 0 8 17 42 1 34 6 27 48 40 20 11 41 13 10 36 18 38 30 45 5 22 39 24 37 2 46 26 9 3 19 4 44 15 29 7 25 47 32 28 31 14 35 43 
0 6
1 10
2 31
3 35
4 37
5 26
6 12
7 41
8 7
9 34
10 20
11 17
12 1
13 19
14 47
15 39
16 5
17 8
18 22
19 36
20 16
21 0
22 27
23 4
24 29
25 42
26 33
27 13
28 45
29 40
30 24
31 46
32 44
33 2
34 11
35 48
36 21
37 30
38 23
39 28
40 15
41 18
42 9
43 49
44 38
45 25
46 32
47 43
48 14
49 3
SIMILAR

37 35 16 4 32 14 46 28 34 27 5 21 11 3 20 26 44 12 30 40 45 0 1 49 8 38 42 24 13 10 47 17 15 36 29 7 41 2 33 6 48 43 25 39 22 19 31 9 23 18 
0 21
1 22
2 37
3 13
4 3
5 10
6 39
7 35
8 24
9 47
10 29
11 12
12 17
13 28
14 5
15 32
16 2
17 31
18 49
19 45
20 14
21 11
22 44
23 48
24 27
25 42
26 15
27 9
28 7
29 34
30 18
31 46
32 4
33 38
34 8
35 1
36 33
37 0
38 25
39 43
40 19
41 36
42 26
43 41
44 16
45 20
46 6
47 30
48 40
49 23
SIMILAR

6 1 23 0 20 48 46 32 45 49 36 42 44 41 27 2 38 5 11 9 19 37 13 33 47 24 10 7 26 30 17 25 8 39 15 31 34 12 14 28 4 43 35 22 40 29 16 18 3 21 
0 3
1 1
2 15
3 48
4 40
5 17
6 0
7 27
8 32
9 19
10 26
11 18
12 37
13 22
14 38
15 34
16 46
17 30
18 47
19 20
20 4
21 49
22 43
23 2
24 25
25 31
26 28
27 14
28 39
29 45
30 29
31 35
32 7
33 23
34 36
35 42
36 10
37 21
38 16
39 33
40 44
41 13
42 11
43 41
44 12
45 8
46 6
47 24
48 5
49 9
SIMILAR

27 45 28 39 33 42 15 36 19 32 1 30 40 11 17 5 16 0 7 43 46 6 44 38 35 49 14 21 23 3 31 18 12 2 20 37 8 10 13 22 9 47 25 48 26 34 4 24 29 41 
0 17
1 10
2 33
3 29
4 46
5 15
6 21
7 18
8 36
9 40
10 37
11 13
12 32
13 38
14 26
15 6
16 16
17 14
18 31
19 8
20 34
21 27
22 39
23 28
24 47
25 42
26 44
27 0
28 2
29 48
30 11
31 30
32 9
33 4
34 45
35 24
36 7
37 35
38 23
39 3
40 12
41 49
42 5
43 19
44 22
45 1
46 20
47 41
48 43
49 25
SIMILAR

6 44 32 30 1 45 28 22 18 49 29 9 7 33 8 16 34 0 14 41 42 25 3 19 20 5 10 40 36 27 17 26 35 12 31 2 4 48 47 43 11 15 46 39 13 37 38 24 21 23 
0 17
1 4
2 35
3 22
4 36
5 25
6 0
7 12
8 14
9 11
10 26
11 40
12 33
13 44
14 18
15 41
16 15
17 30
18 8
19 23
20 24
21 48
22 7
23 49
24 47
25 21
26 31
27 29
28 6
29 10
30 3
31 34
32 2
33 13
34 16
35 32
36 28
37 45
38 46
39 43
40 27
41 19
42 20
43 39
44 1
45 5
46 42
47 38
48 37
49 9
SIMILAR

32 7 39 12 41 2 49 48 28 0 15 34 8 33 26 30 24 22 40 5 37 27 47 42 18 43 1 14 19 9 23 25 6 10 38 21 16 35 31 13 4 44 46 11 20 45 17 3 36 29 
0 9
1 26
2 5
3 47
4 40
5 19
6 32
7 1
8 12
9 29
10 33
11 43
12 3
13 39
14 27
15 10
16 36
17 46
18 24
19 28
20 44
21 35
22 17
23 30
24 16
25 31
26 14
27 21
28 8
29 49
30 15
31 38
32 0
33 13
34 11
35 37
36 48
37 20
38 34
39 2
40 18
41 4
42 23
43 25
44 41
45 45
46 42
47 22
48 7
49 6
SIMILAR

31 28 33 43 10 29 12 47 42 9 22 15 39 7 23 18 6 5 44 0 40 21 32 36 35 3 25 46 13 38 37 27 26 4 1 16 19 41 14 34 24 20 30 45 11 17 2 8 49 48 
0 19
1 34
2 46
3 25
4 33
5 17
6 16
7 13
8 47
9 9
10 4
11 44
12 6
13 28
14 38
15 11
16 35
17 45
18 15
19 36
20 41
21 21
22 10
23 14
24 40
25 26
26 32
27 31
28 1
29 5
30 42
31 0
32 22
33 2
34 39
35 24
36 23
37 30
38 29
39 12
40 20
41 37
42 8
43 3
44 18
45 43
46 27
47 7
48 49
49 48
SIMILAR

37 43 0 32 8 14 45 36 20 1 39 22 33 18 49 17 25 38 40 11 6 29 12 23 21 47 28 48 27 10 34 46 13 7 2 41 24 3 42 16 44 4 15 26 30 35 9 31 19 5 
0 2
1 9
2 34
3 37
4 41
5 49
6 20
7 33
8 4
9 46
10 29
11 19
12 22
13 32
14 5
15 42
16 39
17 15
18 13
19 48
20 8
21 24
22 11
23 23
24 36
25 16
26 43
27 28
28 26
29 21
30 44
31 47
32 3
33 12
34 30
35 45
36 7
37 0
38 17
39 10
40 18
41 35
42 38
43 1
44 40
45 6
46 31
47 25
48 27
49 14
SIMILAR

43 13 19 11 16 39 3 36 2 42 6 35 47 14 17 26 0 41 12 31 21 9 40 49 30 27 5 8 7 48 38 20 46 1 15 34 24 44 32 28 18 23 37 25 22 29 45 4 33 10 
0 16
1 33
2 8
3 6
4 47
5 26
6 10
7 28
8 27
9 21
10 49
11 3
12 18
13 1
14 13
15 34
16 4
17 14
18 40
19 2
20 31
21 20
22 44
23 41
24 36
25 43
26 15
27 25
28 39
29 45
30 24
31 19
32 38
33 48
34 35
35 11
36 7
37 42
38 30
39 5
40 22
41 17
42 9
43 0
44 37
45 46
46 32
47 12
48 29
49 23
SIMILAR

45 15 2 17 42 40 39 7 18 4 12 49 6 32 16 31 47 41 48 36 35 0 28 9 5 27 24 38 19 34 44 8 11 33 30 29 25 22 1 10 26 23 3 20 37 21 46 13 43 14 
0 21
1 38
2 2
3 42
4 9
5 24
6 12
7 7
8 31
9 23
10 39
11 32
12 10
13 47
14 49
15 1
16 14
17 3
18 8
19 28
20 43
21 45
22 37
23 41
24 26
25 36
26 40
27 25
28 22
29 35
30 34
31 15
32 13
33 33
34 29
35 20
36 19
37 44
38 27
39 6
40 5
41 17
42 4
43 48
44 30
45 0
46 46
47 16
48 18
49 11
SIMILAR

41 14 26 46 11 1 32 8 6 13 17 23 4 24 25 33 3 47 29 36 16 38 48 30 43 31 2 10 22 9 27 19 34 20 45 28 44 40 37 15 21 49 35 39 18 12 0 5 42 7 
0 46
1 5
2 26
3 16
4 12
5 47
6 8
7 49
8 7
9 29
10 27
11 4
12 45
13 9
14 1
15 39
16 20
17 10
18 44
19 31
20 33
21 40
22 28
23 11
24 13
25 14
26 2
27 30
28 35
29 18
30 23
31 25
32 6
33 15
34 32
35 42
36 19
37 38
38 21
39 43
40 37
41 0
42 48
43 24
44 36
45 34
46 3
47 17
48 22
49 41
SIMILAR

28 32 26 9 19 21 17 11 22 5 24 15 46 6 44 48 33 43 40 2 41 8 29 37 45 31 36 20 35 16 0 38 30 49 4 3 14 10 39 7 13 34 47 1 23 27 25 18 42 12 
0 30
1 43
2 19
3 35
4 34
5 9
6 13
7 39
8 21
9 3
10 37
11 7
12 49
13 40
14 36
15 11
16 29
17 6
18 47
19 4
20 27
21 5
22 8
23 44
24 10
25 46
26 2
27 45
28 0
29 22
30 32
31 25
32 1
33 16
34 41
35 28
36 26
37 23
38 31
39 38
40 18
41 20
42 48
43 17
44 14
45 24
46 12
47 42
48 15
49 33
SIMILAR

28 9 10 23 16 41 6 40 21 35 26 45 31 15 48 39 47 32 18 42 49 46 22 7 38 36 25 11 44 8 19 43 34 14 37 17 13 24 29 30 0 4 2 5 20 27 33 3 12 1 
0 40
1 49
2 42
3 47
4 41
5 43
6 6
7 23
8 29
9 1
10 2
11 27
12 48
13 36
14 33
15 13
16 4
17 35
18 18
19 30
20 44
21 8
22 22
23 3
24 37
25 26
26 10
27 45
28 0
29 38
30 39
31 12
32 17
33 46
34 32
35 9
36 25
37 34
38 24
39 15
40 7
41 5
42 19
43 31
44 28
45 11
46 21
47 16
48 14
49 20
SIMILAR

34 26 24 9 14 20 17 11 39 10 16 4 38 40 32 7 27 44 8 48 28 29 18 5 13 47 6 49 36 2 42 25 41 31 30 1 43 33 37 3 12 21 15 22 19 0 35 45 46 23 
0 45
1 35
2 29
3 39
4 11
5 23
6 26
7 15
8 18
9 3
10 9
11 7
12 40
13 24
14 4
15 42
16 10
17 6
18 22
19 44
20 5
21 41
22 43
23 49
24 2
25 31
26 1
27 16
28 20
29 21
30 34
31 33
32 14
33 37
34 0
35 46
36 28
37 38
38 12
39 8
40 13
41 32
42 30
43 36
44 17
45 47
46 48
47 25
48 19
49 27
SIMILAR

17 29 38 12 36 21 3 16 2 20 33 40 41 14 9 39 13 37 0 22 15 32 35 26 30 49 19 46 28 42 23 31 47 45 27 1 25 4 10 44 43 11 18 34 8 5 7 48 24 6 
0 18
1 35
2 8
3 6
4 37
5 45
6 49
7 46
8 44
9 14
10 38
11 41
12 3
13 16
14 13
15 20
16 7
17 0
18 42
19 26
20 9
21 5
22 19
23 30
24 48
25 36
26 23
27 34
28 28
29 1
30 24
31 31
32 21
33 10
34 43
35 22
36 4
37 17
38 2
39 15
40 11
41 12
42 29
43 40
44 39
45 33
46 27
47 32
48 47
49 25
SIMILAR

15 5 9 3 27 36 24 6 43 31 44 16 25 29 0 48 7 19 49 26 17 14 22 39 41 46 8 38 2 11 21 40 35 47 10 33 28 34 42 1 18 30 12 45 37 32 4 20 23 13 
0 14
1 39
2 28
3 3
4 46
5 1
6 7
7 16
8 26
9 2
10 34
11 29
12 42
13 49
14 21
15 0
16 11
17 20
18 40
19 17
20 47
21 30
22 22
23 48
24 6
25 12
26 19
27 4
28 36
29 13
30 41
31 9
32 45
33 35
34 37
35 32
36 5
37 44
38 27
39 23
40 31
41 24
42 38
43 8
44 10
45 43
46 25
47 33
48 15
49 18
SIMILAR

40 29 41 10 2 39 19 38 36 4 43 33 14 24 20 9 26 44 17 47 13 42 22 48 49 15 35 46 16 0 21 34 25 23 31 30 8 1 45 6 12 11 3 37 7 27 32 28 18 5 
0 29
1 37
2 4
3 42
4 9
5 49
6 39
7 44
8 36
9 15
10 3
11 41
12 40
13 20
14 12
15 25
16 28
17 18
18 48
19 6
20 14
21 30
22 22
23 33
24 13
25 32
26 16
27 45
28 47
29 1
30 35
31 34
32 46
33 11
34 31
35 26
36 8
37 43
38 7
39 5
40 0
41 2
42 21
43 10
44 17
45 38
46 27
47 19
48 23
49 24
SIMILAR

49 44 29 33 20 32 16 19 26 22 3 35 6 15 42 27 11 24 1 37 5 14 40 9 4 38 0 13 46 23 47 21 30 12 7 34 45 17 48 18 31 10 43 39 28 2 41 36 8 25 
0 26
1 18
2 45
3 10
4 24
5 20
6 12
7 34
8 48
9 23
10 41
11 16
12 33
13 27
14 21
15 13
16 6
17 37
18 39
19 7
20 4
21 31
22 9
23 29
24 17
25 49
26 8
27 15
28 44
29 2
30 32
31 40
32 5
33 3
34 35
35 11
36 47
37 19
38 25
39 43
40 22
41 46
42 14
43 42
44 1
45 36
46 28
47 30
48 38
49 0
SIMILAR

42 26 46 35 32 44 0 17 37 5 47 36 34 7 11 20 28 41 49 39 19 31 10 2 21 22 23 3 14 40 12 18 13 16 8 6 29 24 33 43 25 9 15 45 4 48 1 30 27 38 
0 6
1 46
2 23
3 27
4 44
5 9
6 35
7 13
8 34
9 41
10 22
11 14
12 30
13 32
14 28
15 42
16 33
17 7
18 31
19 20
20 15
21 24
22 25
23 26
24 37
25 40
26 1
27 48
28 16
29 36
30 47
31 21
32 4
33 38
34 12
35 3
36 11
37 8
38 49
39 19
40 29
41 17
42 0
43 39
44 5
45 43
46 2
47 10
48 45
49 18
SIMILAR

6 8 47 33 27 46 15 32 39 34 14 22 18 45 30 2 16 0 12 26 29 43 49 40 44 4 42 5 24 1 3 35 31 13 23 38 41 9 48 11 37 21 25 17 19 36 20 28 10 7 
0 17
1 29
2 15
3 30
4 25
5 27
6 0
7 49
8 1
9 37
10 48
11 39
12 18
13 33
14 10
15 6
16 16
17 43
18 12
19 44
20 46
21 41
22 11
23 34
24 28
25 42
26 19
27 4
28 47
29 20
30 14
31 32
32 7
33 3
34 9
35 31
36 45
37 40
38 35
39 8
40 23
41 36
42 26
43 21
44 24
45 13
46 5
47 2
48 38
49 22
SIMILAR

6 32 29 47 30 42 40 26 49 8 9 18 20 44 5 16 41 23 17 28 7 36 33 15 1 46 14 19 39 2 25 31 11 10 45 24 3 34 22 37 13 0 48 12 21 43 38 35 4 27 
0 41
1 24
2 29
3 36
4 48
5 14
6 0
7 20
8 9
9 10
10 33
11 32
12 43
13 40
14 26
15 23
16 15
17 18
18 11
19 27
20 12
21 44
22 38
23 17
24 35
25 30
26 7
27 49
28 19
29 2
30 4
31 31
32 1
33 22
34 37
35 47
36 21
37 39
38 46
39 28
40 6
41 16
42 5
43 45
44 13
45 34
46 25
47 3
48 42
49 8
SIMILAR

27 23 24 8 41 39 12 31 42 45 37 28 32 44 48 47 6 14 10 38 4 1 46 3 16 5 35 13 43 36 30 0 11 49 26 18 22 9 17 40 21 20 25 2 7 34 15 19 29 33 
0 31
1 21
2 43
3 23
4 20
5 25
6 16
7 44
8 3
9 37
10 18
11 32
12 6
13 27
14 17
15 46
16 24
17 38
18 35
19 47
20 41
21 40
22 36
23 1
24 2
25 42
26 34
27 0
28 11
29 48
30 30
31 7
32 12
33 49
34 45
35 26
36 29
37 10
38 19
39 5
40 39
41 4
42 8
43 28
44 13
45 9
46 22
47 15
48 14
49 33
SIMILAR

12 20 35 32 31 48 14 1 44 47 36 25 39 2 16 24 49 5 15 11 33 41 9 29 18 27 17 34 13 7 40 38 43 3 22 0 30 10 28 6 4 37 23 42 19 46 21 8 26 45 
0 35
1 7
2 13
3 33
4 40
5 17
6 39
7 29
8 47
9 22
10 37
11 19
12 0
13 28
14 6
15 18
16 14
17 26
18 24
19 44
20 1
21 46
22 34
23 42
24 15
25 11
26 48
27 25
28 38
29 23
30 36
31 4
32 3
33 20
34 27
35 2
36 10
37 41
38 31
39 12
40 30
41 21
42 43
43 32
44 8
45 49
46 45
47 9
48 5
49 16
SIMILAR

38 6 12 47 45 43 3 4 16 14 18 1 21 28 5 25 0 15 37 33 31 40 35 42 36 17 22 29 10 7 48 9 41 27 24 49 30 39 11 19 44 34 46 20 13 8 26 23 2 32 
0 16
1 11
2 48
3 6
4 7
5 14
6 1
7 29
8 45
9 31
10 28
11 38
12 2
13 44
14 9
15 17
16 8
17 25
18 10
19 39
20 43
21 12
22 26
23 47
24 34
25 15
26 46
27 33
28 13
29 27
30 36
31 20
32 49
33 19
34 41
35 22
36 24
37 18
38 0
39 37
40 21
41 32
42 23
43 5
44 40
45 4
46 42
47 3
48 30
49 35
SIMILAR

2 48 30 15 39 1 16 40 43 19 10 6 7 37 26 36 18 14 38 5 45 9 42 22 44 12 4 33 27 41 3 29 13 11 21 35 31 23 24 25 28 46 17 8 47 49 20 32 0 34 
0 48
1 5
2 0
3 30
4 26
5 19
6 11
7 12
8 43
9 21
10 10
11 33
12 25
13 32
14 17
15 3
16 6
17 42
18 16
19 9
20 46
21 34
22 23
23 37
24 38
25 39
26 14
27 28
28 40
29 31
30 2
31 36
32 47
33 27
34 49
35 35
36 15
37 13
38 18
39 4
40 7
41 29
42 22
43 8
44 24
45 20
46 41
47 44
48 1
49 45
SIMILAR

31 36 1 23 35 16 19 37 14 24 15 5 0 33 10 49 41 38 12 13 9 4 25 2 28 20 45 34 27 21 39 22 8 40 18 48 26 7 47 44 6 3 17 42 30 29 11 43 46 32 
0 12
1 2
2 23
3 41
4 21
5 11
6 40
7 37
8 32
9 20
10 14
11 46
12 18
13 19
14 8
15 10
16 5
17 42
18 34
19 6
20 25
21 29
22 31
23 3
24 9
25 22
26 36
27 28
28 24
29 45
30 44
31 0
32 49
33 13
34 27
35 4
36 1
37 7
38 17
39 30
40 33
41 16
42 43
43 47
44 39
45 26
46 48
47 38
48 35
49 15
SIMILAR

40 2 6 12 38 20 24 15 28 0 44 13 29 27 22 4 42 32 19 34 14 41 7 8 17 43 30 36 5 39 1 35 37 3 21 31 10 23 9 46 11 33 26 45 49 48 47 18 25 16 
0 9
1 30
2 1
3 33
4 15
5 28
6 2
7 22
8 23
9 38
10 36
11 40
12 3
13 11
14 20
15 7
16 49
17 24
18 47
19 18
20 5
21 34
22 14
23 37
24 6
25 48
26 42
27 13
28 8
29 12
30 26
31 35
32 17
33 41
34 19
35 31
36 27
37 32
38 4
39 29
40 0
41 21
42 16
43 25
44 10
45 43
46 39
47 46
48 45
49 44
SIMILAR

43 10 37 29 44 40 49 16 36 17 13 20 46 22 12 21 19 45 33 5 26 18 4 39 11 30 32 2 23 0 38 6 1 27 28 7 15 47 34 48 8 41 24 35 9 25 42 31 14 3 
0 29
1 32
2 27
3 49
4 22
5 19
6 31
7 35
8 40
9 44
10 1
11 24
12 14
13 10
14 48
15 36
16 7
17 9
18 21
19 16
20 11
21 15
22 13
23 28
24 42
25 45
26 20
27 33
28 34
29 3
30 25
31 47
32 26
33 18
34 38
35 43
36 8
37 2
38 30
39 23
40 5
41 41
42 46
43 0
44 4
45 17
46 12
47 37
48 39
49 6
SIMILAR

3 28 42 40 13 6 7 25 36 35 31 1 12 17 10 32 43 26 19 37 44 46 29 33 39 30 45 20 22 11 24 5 2 48 4 49 23 0 47 9 18 38 16 21 34 15 41 14 27 8 
0 37
1 11
2 32
3 0
4 34
5 31
6 5
7 6
8 49
9 39
10 14
11 29
12 12
13 4
14 47
15 45
16 42
17 13
18 40
19 18
20 27
21 43
22 28
23 36
24 30
25 7
26 17
27 48
28 1
29 22
30 25
31 10
32 15
33 23
34 44
35 9
36 8
37 19
38 41
39 24
40 3
41 46
42 2
43 16
44 20
45 26
46 21
47 38
48 33
49 35
SIMILAR

39 5 41 21 46 31 9 6 18 34 36 44 27 47 35 12 8 33 7 15 24 4 0 3 10 29 23 2 38 1 48 13 30 16 40 49 19 37 11 43 17 26 32 20 42 14 45 22 25 28 
0 22
1 29
2 27
3 23
4 21
5 1
6 7
7 18
8 16
9 6
10 24
11 38
12 15
13 31
14 45
15 19
16 33
17 40
18 8
19 36
20 43
21 3
22 47
23 26
24 20
25 48
26 41
27 12
28 49
29 25
30 32
31 5
32 42
33 17
34 9
35 14
36 10
37 37
38 28
39 0
40 34
41 2
42 44
43 39
44 11
45 46
46 4
47 13
48 30
49 35
SIMILAR

46 1 41 2 36 7 12 25 24 30 18 20 23 8 29 15 10 37 32 35 21 16 42 9 31 38 43 0 45 34 48 26 49 19 44 11 3 28 13 27 22 5 39 47 6 33 40 17 14 4 
0 27
1 1
2 3
3 36
4 49
5 41
6 44
7 5
8 13
9 23
10 16
11 35
12 6
13 38
14 48
15 15
16 21
17 47
18 10
19 33
20 11
21 20
22 40
23 12
24 8
25 7
26 31
27 39
28 37
29 14
30 9
31 24
32 18
33 45
34 29
35 19
36 4
37 17
38 25
39 42
40 46
41 2
42 22
43 26
44 34
45 28
46 0
47 43
48 30
49 32
SIMILAR

4 25 10 15 9 14 24 39 28 21 2 32 38 18 0 37 23 30 22 12 33 40 45 36 27 19 17 49 41 31 44 3 20 11 35 26 43 8 46 47 16 7 29 6 48 5 13 34 42 1 
0 14
1 49
2 10
3 31
4 0
5 45
6 43
7 41
8 37
9 4
10 2
11 33
12 19
13 46
14 5
15 3
16 40
17 26
18 13
19 25
20 32
21 9
22 18
23 16
24 6
25 1
26 35
27 24
28 8
29 42
30 17
31 29
32 11
33 20
34 47
35 34
36 23
37 15
38 12
39 7
40 21
41 28
42 48
43 36
44 30
45 22
46 38
47 39
48 44
49 27
SIMILAR

32 43 11 7 26 47 30 2 35 28 9 44 1 38 16 40 31 48 18 22 29 20 24 10 17 23 45 13 14 15 6 21 0 12 46 33 19 39 49 34 36 37 27 42 5 25 8 3 41 4 
0 32
1 12
2 7
3 47
4 49
5 44
6 30
7 3
8 46
9 10
10 23
11 2
12 33
13 27
14 28
15 29
16 14
17 24
18 18
19 36
20 21
21 31
22 19
23 25
24 22
25 45
26 4
27 42
28 9
29 20
30 6
31 16
32 0
33 35
34 39
35 8
36 40
37 41
38 13
39 37
40 15
41 48
42 43
43 1
44 11
45 26
46 34
47 5
48 17
49 38
SIMILAR

49 39 3 41 37 14 12 0 43 42 24 11 5 34 33 28 45 15 20 13 36 31 1 44 26 10 21 29 30 2 46 40 17 35 38 27 25 16 32 23 9 6 48 19 18 47 8 7 22 4 
0 7
1 22
2 29
3 2
4 49
5 12
6 41
7 47
8 46
9 40
10 25
11 11
12 6
13 19
14 5
15 17
16 37
17 32
18 44
19 43
20 18
21 26
22 48
23 39
24 10
25 36
26 24
27 35
28 15
29 27
30 28
31 21
32 38
33 14
34 13
35 33
36 20
37 4
38 34
39 1
40 31
41 3
42 9
43 8
44 23
45 16
46 30
47 45
48 42
49 0
SIMILAR

14 42 7 32 36 18 12 2 25 27 48 47 39 33 30 15 40 37 17 8 21 1 24 45 49 22 6 43 9 3 16 38 26 20 4 29 35 19 23 44 46 34 0 5 13 10 41 28 11 31 
0 42
1 21
2 7
3 29
4 34
5 43
6 26
7 2
8 19
9 28
10 45
11 48
12 6
13 44
14 0
15 15
16 30
17 18
18 5
19 37
20 33
21 20
22 25
23 38
24 22
25 8
26 32
27 9
28 47
29 35
30 14
31 49
32 3
33 13
34 41
35 36
36 4
37 17
38 31
39 12
40 16
41 46
42 1
43 27
44 39
45 23
46 40
47 11
48 10
49 24
SIMILAR

15 30 10 7 23 8 9 18 3 47 19 20 4 44 37 45 1 14 28 46 11 39 32 43 41 12 48 27 17 25 24 26 31 2 0 36 42 29 5 13 16 6 22 49 21 35 38 34 40 33 
0 34
1 16
2 33
3 8
4 12
5 38
6 41
7 3
8 5
9 6
10 2
11 20
12 25
13 39
14 17
15 0
16 40
17 28
18 7
19 10
20 11
21 44
22 42
23 4
24 30
25 29
26 31
27 27
28 18
29 37
30 1
31 32
32 22
33 49
34 47
35 45
36 35
37 14
38 46
39 21
40 48
41 24
42 36
43 23
44 13
45 15
46 19
47 9
48 26
49 43
SIMILAR

35 17 18 24 14 22 30 41 31 33 19 16 37 27 2 45 5 46 20 12 49 48 11 44 34 43 42 21 0 1 10 28 38 36 29 40 8 9 32 39 3 23 4 6 26 13 7 15 25 47 
0 28
1 29
2 14
3 40
4 42
5 16
6 43
7 46
8 36
9 37
10 30
11 22
12 19
13 45
14 4
15 47
16 11
17 1
18 2
19 10
20 18
21 27
22 5
23 41
24 3
25 48
26 44
27 13
28 31
29 34
30 6
31 8
32 38
33 9
34 24
35 0
36 33
37 12
38 32
39 39
40 35
41 7
42 26
43 25
44 23
45 15
46 17
47 49
48 21
49 20
SIMILAR

39 29 48 46 41 2 21 16 38 9 30 8 20 35 47 43 33 24 40 36 10 34 37 7 1 44 45 32 23 4 22 0 28 11 25 18 14 49 17 31 13 5 6 26 3 15 12 19 42 27 
0 31
1 24
2 5
3 44
4 29
5 41
6 42
7 23
8 11
9 9
10 20
11 33
12 46
13 40
14 36
15 45
16 7
17 38
18 35
19 47
20 12
21 6
22 30
23 28
24 17
25 34
26 43
27 49
28 32
29 1
30 10
31 39
32 27
33 16
34 21
35 13
36 19
37 22
38 8
39 0
40 18
41 4
42 48
43 15
44 25
45 26
46 3
47 14
48 2
49 37
SIMILAR

36 37 3 43 22 33 29 9 38 31 44 11 26 40 41 32 39 49 46 6 25 8 21 2 7 47 20 45 5 42 1 19 24 34 13 18 23 4 10 14 30 17 15 27 35 12 16 48 28 0 
0 49
1 30
2 23
3 2
4 37
5 28
6 19
7 24
8 21
9 7
10 38
11 11
12 45
13 34
14 39
15 42
16 46
17 41
18 35
19 31
20 26
21 22
22 4
23 36
24 32
25 20
26 12
27 43
28 48
29 6
30 40
31 9
32 15
33 5
34 33
35 44
36 0
37 1
38 8
39 16
40 13
41 14
42 29
43 3
44 10
45 27
46 18
47 25
48 47
49 17
SIMILAR

9 20 13 39 30 38 5 12 14 42 24 43 49 26 25 8 37 6 19 32 15 40 22 7 18 3 34 47 46 27 31 41 11 44 33 4 45 2 28 48 16 36 29 17 21 23 1 10 35 0 
0 49
1 46
2 37
3 25
4 35
5 6
6 17
7 23
8 15
9 0
10 47
11 32
12 7
13 2
14 8
15 20
16 40
17 43
18 24
19 18
20 1
21 44
22 22
23 45
24 10
25 14
26 13
27 29
28 38
29 42
30 4
31 30
32 19
33 34
34 26
35 48
36 41
37 16
38 5
39 3
40 21
41 31
42 9
43 11
44 33
45 36
46 28
47 27
48 39
49 12
SIMILAR

23 43 33 24 21 47 15 4 7 20 17 3 22 16 49 30 38 6 14 18 29 5 36 19 41 0 27 42 28 26 35 40 2 45 8 39 9 31 1 34 25 12 11 48 32 46 37 10 44 13 
0 25
1 38
2 32
3 11
4 7
5 21
6 17
7 8
8 34
9 36
10 47
11 42
12 41
13 49
14 18
15 6
16 13
17 10
18 19
19 23
20 9
21 4
22 12
23 0
24 3
25 40
26 29
27 26
28 28
29 20
30 15
31 37
32 44
33 2
34 39
35 30
36 22
37 46
38 16
39 35
40 31
41 24
42 27
43 1
44 48
45 33
46 45
47 5
48 43
49 14
SIMILAR

38 36 18 42 17 1 49 43 8 39 7 16 24 0 33 5 26 25 11 41 47 28 40 22 31 27 6 48 14 32 10 44 46 34 15 2 45 9 3 35 4 30 12 13 19 21 37 23 29 20 
0 13
1 5
2 35
3 38
4 40
5 15
6 26
7 10
8 8
9 37
10 30
11 18
12 42
13 43
14 28
15 34
16 11
17 4
18 2
19 44
20 49
21 45
22 23
23 47
24 12
25 17
26 16
27 25
28 21
29 48
30 41
31 24
32 29
33 14
34 33
35 39
36 1
37 46
38 0
39 9
40 22
41 19
42 3
43 7
44 31
45 36
46 32
47 20
48 27
49 6
SIMILAR

7 11 25 28 15 9 46 1 33 8 48 3 13 19 38 16 32 12 37 5 14 29 26 4 41 31 23 49 40 2 34 21 39 47 42 18 44 30 45 20 36 6 17 27 10 43 22 24 35 0 
0 49
1 7
2 29
3 11
4 23
5 19
6 41
7 0
8 9
9 5
10 44
11 1
12 17
13 12
14 20
15 4
16 15
17 42
18 35
19 13
20 39
21 31
22 46
23 26
24 47
25 2
26 22
27 43
28 3
29 21
30 37
31 25
32 16
33 8
34 30
35 48
36 40
37 18
38 14
39 32
40 28
41 24
42 34
43 45
44 36
45 38
46 6
47 33
48 10
49 27
SIMILAR

22 21 39 7 26 11 30 37 44 38 12 19 0 3 34 10 35 25 41 36 27 2 46 9 29 42 32 31 14 13 49 43 15 6 28 45 5 17 4 16 40 23 8 20 24 18 1 33 48 47 
0 12
1 46
2 21
3 13
4 38
5 36
6 33
7 3
8 42
9 23
10 15
11 5
12 10
13 29
14 28
15 32
16 39
17 37
18 45
19 11
20 43
21 1
22 0
23 41
24 44
25 17
26 4
27 20
28 34
29 24
30 6
31 27
32 26
33 47
34 14
35 16
36 19
37 7
38 9
39 2
40 40
41 18
42 25
43 31
44 8
45 35
46 22
47 49
48 48
49 30
SIMILAR

19 34 3 22 13 25 31 6 0 46 35 8 24 38 30 21 10 39 7 47 28 1 36 41 14 33 15 12 27 49 18 5 16 37 45 9 48 44 32 42 11 40 4 23 20 43 26 2 17 29 
0 8
1 21
2 47
3 2
4 42
5 31
6 7
7 18
8 11
9 35
10 16
11 40
12 27
13 4
14 24
15 26
16 32
17 48
18 30
19 0
20 44
21 15
22 3
23 43
24 12
25 5
26 46
27 28
28 20
29 49
30 14
31 6
32 38
33 25
34 1
35 10
36 22
37 33
38 13
39 17
40 41
41 23
42 39
43 45
44 37
45 34
46 9
47 19
48 36
49 29
SIMILAR
100 0
7000 0
467000 0
