31
0 1 1 0 1 1 1 0 1 0 0 0 1 1 0 0 0 1 0 1 0 0 1 1 0 0 0 0 0 0 1 
1 0 1 0 1 1 1 0 1 0 1 0 0 1 0 0 1 1 0 0 1 1 0 1 1 0 0 1 0 1 0 
1 1 0 0 0 1 1 1 0 0 0 1 0 1 1 1 1 0 1 1 1 1 0 1 0 1 0 1 0 0 0 
0 0 0 0 0 0 0 0 0 0 1 1 1 0 0 1 0 1 0 0 1 1 0 0 0 0 1 1 0 0 0 
1 1 0 0 0 0 1 0 0 0 1 1 1 1 0 1 0 0 1 0 0 1 1 0 0 0 1 1 0 1 0 
1 1 1 0 0 0 0 1 0 0 0 1 0 0 0 1 1 0 1 1 1 0 1 0 1 0 0 1 0 1 0 
1 1 1 0 1 0 0 1 0 1 1 0 1 0 1 0 1 1 1 0 0 0 0 1 1 0 0 1 0 1 1 
0 0 1 0 0 1 1 0 1 1 0 0 1 0 0 1 0 0 1 1 0 1 0 0 0 0 1 0 1 1 1 
1 1 0 0 0 0 0 1 0 1 1 1 0 1 0 0 1 0 0 1 1 1 0 0 1 0 0 1 0 1 0 
0 0 0 0 0 0 1 1 1 0 1 1 1 0 0 0 1 0 1 0 0 1 0 0 1 1 0 1 1 0 1 
0 1 0 1 1 0 1 0 1 1 0 0 1 0 0 0 0 0 1 0 0 0 0 1 0 1 1 1 0 1 0 
0 0 1 1 1 1 0 0 1 1 0 0 0 1 0 0 0 0 0 1 0 0 0 0 0 0 0 1 1 1 1 
1 0 0 1 1 0 1 1 0 1 1 0 0 1 1 0 1 1 1 1 1 1 1 1 0 1 1 1 0 1 1 
1 1 1 0 1 0 0 0 1 0 0 1 1 0 0 1 1 0 0 1 0 1 1 1 1 0 1 0 0 1 1 
0 0 1 0 0 0 1 0 0 0 0 0 1 0 0 0 1 0 1 1 0 0 1 1 0 0 1 0 0 0 1 
0 0 1 1 1 1 0 1 0 0 0 0 0 1 0 0 0 0 0 0 0 1 1 0 0 1 0 0 0 0 0 
0 1 1 0 0 1 1 0 1 1 0 0 1 1 1 0 0 0 1 1 0 1 1 0 0 1 0 0 0 1 0 
1 1 0 1 0 0 1 0 0 0 0 0 1 0 0 0 0 0 0 1 1 0 0 0 0 0 0 0 1 0 0 
0 0 1 0 1 1 1 1 0 1 1 0 1 0 1 0 1 0 0 1 0 0 0 0 1 1 0 1 0 1 1 
1 0 1 0 0 1 0 1 1 0 0 1 1 1 1 0 1 1 1 0 0 0 1 1 1 0 1 1 0 0 0 
0 1 1 1 0 1 0 0 1 0 0 0 1 0 0 0 0 1 0 0 0 0 1 1 1 1 1 1 1 0 1 
0 1 1 1 1 0 0 1 1 1 0 0 1 1 0 1 1 0 0 0 0 0 1 1 1 1 0 1 1 0 0 
1 0 0 0 1 1 0 0 0 0 0 0 1 1 1 1 1 0 0 1 1 1 0 0 0 1 0 0 0 1 1 
1 1 1 0 0 0 1 0 0 0 1 0 1 1 1 0 0 0 0 1 1 1 0 0 1 0 1 0 0 1 1 
0 1 0 0 0 1 1 0 1 1 0 0 0 1 0 0 0 0 1 1 1 1 0 1 0 1 1 1 1 0 1 
0 0 1 0 0 0 0 0 0 1 1 0 1 0 0 1 1 0 1 0 1 1 1 0 1 0 0 0 1 1 1 
0 0 0 1 1 0 0 1 0 0 1 0 1 1 1 0 0 0 0 1 1 0 0 1 1 0 0 1 0 1 0 
0 1 1 1 1 1 1 0 1 1 1 1 1 0 0 0 0 0 1 1 1 1 0 0 1 0 1 0 0 0 1 
0 0 0 0 0 0 0 1 0 1 0 1 0 0 0 0 0 1 0 0 1 1 0 0 1 1 0 0 0 1 0 
0 1 0 0 1 1 1 1 1 0 1 1 1 1 0 0 1 0 1 0 0 0 1 1 0 1 1 0 1 0 1 
1 0 0 0 0 0 1 1 0 1 0 1 1 1 1 0 0 0 1 0 1 0 1 1 1 1 0 1 0 1 0 

21 12 9 30 24 23 16 8 3 13 5 2 6 26 7 28 14 1 4 20 11 17 29 0 15 25 10 27 19 18 22 
0 23
1 17
2 11
3 8
4 18
5 10
6 12
7 14
8 7
9 2
10 26
11 20
12 1
13 9
14 16
15 24
16 6
17 21
18 29
19 28
20 19
21 0
22 30
23 5
24 4
25 25
26 13
27 27
28 15
29 22
30 3
SIMILAR

15 10 8 2 11 9 30 13 19 20 27 1 6 24 3 4 22 12 14 23 7 29 28 17 16 25 26 0 5 18 21 
0 27
1 11
2 3
3 14
4 15
5 28
6 12
7 20
8 2
9 5
10 1
11 4
12 17
13 7
14 18
15 0
16 24
17 23
18 29
19 8
20 9
21 30
22 16
23 19
24 13
25 25
26 26
27 10
28 22
29 21
30 6
SIMILAR

22 27 5 13 15 7 0 28 16 23 30 24 29 17 4 1 11 8 3 2 25 12 18 6 26 9 14 10 20 19 21 
0 6
1 15
2 19
3 18
4 14
5 2
6 23
7 5
8 17
9 25
10 27
11 16
12 21
13 3
14 26
15 4
16 8
17 13
18 22
19 29
20 28
21 30
22 0
23 9
24 11
25 20
26 24
27 1
28 7
29 12
30 10
SIMILAR

6 2 27 22 10 28 0 16 12 17 23 20 7 18 19 25 29 13 24 8 5 11 1 14 30 4 15 26 9 21 3 
0 6
1 22
2 1
3 30
4 25
5 20
6 0
7 12
8 19
9 28
10 4
11 21
12 8
13 17
14 23
15 26
16 7
17 9
18 13
19 14
20 11
21 29
22 3
23 10
24 18
25 15
26 27
27 2
28 5
29 16
30 24
SIMILAR

26 9 23 15 6 17 10 18 12 4 20 21 5 25 1 13 14 22 2 16 29 0 19 3 11 7 30 28 27 24 8 
0 21
1 14
2 18
3 23
4 9
5 12
6 4
7 25
8 30
9 1
10 6
11 24
12 8
13 15
14 16
15 3
16 19
17 5
18 7
19 22
20 10
21 11
22 17
23 2
24 29
25 13
26 0
27 28
28 27
29 20
30 26
SIMILAR

7 18 14 16 8 11 23 13 28 29 12 27 26 30 10 9 20 17 1 2 15 22 25 3 19 5 21 4 6 0 24 
0 29
1 18
2 19
3 23
4 27
5 25
6 28
7 0
8 4
9 15
10 14
11 5
12 10
13 7
14 2
15 20
16 3
17 17
18 1
19 24
20 16
21 26
22 21
23 6
24 30
25 22
26 12
27 11
28 8
29 9
30 13
SIMILAR

30 11 24 16 7 4 15 12 28 23 8 9 17 25 22 3 10 19 6 2 1 20 18 26 0 5 13 27 29 14 21 
0 24
1 20
2 19
3 15
4 5
5 25
6 18
7 4
8 10
9 11
10 16
11 1
12 7
13 26
14 29
15 6
16 3
17 12
18 22
19 17
20 21
21 30
22 14
23 9
24 2
25 13
26 23
27 27
28 8
29 28
30 0
SIMILAR

19 12 24 18 21 2 8 1 28 6 26 17 23 20 22 15 14 7 10 5 30 0 25 13 16 3 4 11 9 29 27 
0 21
1 7
2 5
3 25
4 26
5 19
6 9
7 17
8 6
9 28
10 18
11 27
12 1
13 23
14 16
15 15
16 24
17 11
18 3
19 0
20 13
21 4
22 14
23 12
24 2
25 22
26 10
27 30
28 8
29 29
30 20
SIMILAR

1 8 20 19 6 13 14 2 7 16 23 28 5 26 22 11 25 30 3 12 18 15 4 21 24 9 0 29 10 17 27 
0 26
1 0
2 7
3 18
4 22
5 12
6 4
7 8
8 1
9 25
10 28
11 15
12 19
13 5
14 6
15 21
16 9
17 29
18 20
19 3
20 2
21 23
22 14
23 10
24 24
25 16
26 13
27 30
28 11
29 27
30 17
SIMILAR

11 25 23 10 13 5 7 16 18 6 21 15 27 22 24 12 1 29 0 4 19 28 20 2 26 30 17 3 14 8 9 
0 18
1 16
2 23
3 27
4 19
5 5
6 9
7 6
8 29
9 30
10 3
11 0
12 15
13 4
14 28
15 11
16 7
17 26
18 8
19 20
20 22
21 10
22 13
23 2
24 14
25 1
26 24
27 12
28 21
29 17
30 25
SIMILAR

0 18 4 22 28 8 1 12 25 26 11 29 27 10 24 17 16 21 30 7 20 6 9 3 15 13 19 5 2 14 23 
0 0
1 6
2 28
3 23
4 2
5 27
6 21
7 19
8 5
9 22
10 13
11 10
12 7
13 25
14 29
15 24
16 16
17 15
18 1
19 26
20 20
21 17
22 3
23 30
24 14
25 8
26 9
27 12
28 4
29 11
30 18
SIMILAR

17 24 2 20 6 10 28 7 16 23 26 19 22 1 3 12 18 0 8 25 4 14 13 27 29 21 5 9 30 15 11 
0 17
1 13
2 2
3 14
4 20
5 26
6 4
7 7
8 18
9 27
10 5
11 30
12 15
13 22
14 21
15 29
16 8
17 0
18 16
19 11
20 3
21 25
22 12
23 9
24 1
25 19
26 10
27 23
28 6
29 24
30 28
SIMILAR

0 27 13 12 5 26 11 3 30 19 4 29 14 8 1 15 18 6 10 25 22 20 2 7 23 21 28 24 9 17 16 
0 0
1 14
2 22
3 7
4 10
5 4
6 17
7 23
8 13
9 28
10 18
11 6
12 3
13 2
14 12
15 15
16 30
17 29
18 16
19 9
20 21
21 25
22 20
23 24
24 27
25 19
26 5
27 1
28 26
29 11
30 8
SIMILAR

11 29 15 2 3 19 5 13 17 18 14 25 0 12 30 22 8 6 23 10 27 26 21 16 20 9 4 1 24 28 7 
0 12
1 27
2 3
3 4
4 26
5 6
6 17
7 30
8 16
9 25
10 19
11 0
12 13
13 7
14 10
15 2
16 23
17 8
18 9
19 5
20 24
21 22
22 15
23 18
24 28
25 11
26 21
27 20
28 29
29 1
30 14
SIMILAR

30 18 15 19 27 25 22 1 5 28 13 17 23 0 7 21 11 12 8 3 2 14 20 24 9 6 10 4 29 26 16 
0 13
1 7
2 20
3 19
4 27
5 8
6 25
7 14
8 18
9 24
10 26
11 16
12 17
13 10
14 21
15 2
16 30
17 11
18 1
19 3
20 22
21 15
22 6
23 12
24 23
25 5
26 29
27 4
28 9
29 28
30 0
SIMILAR

12 15 4 21 29 7 9 28 18 0 6 27 19 11 8 30 5 10 25 2 1 17 26 3 23 20 13 22 16 24 14 
0 9
1 20
2 19
3 23
4 2
5 16
6 10
7 5
8 14
9 6
10 17
11 13
12 0
13 26
14 30
15 1
16 28
17 21
18 8
19 12
20 25
21 3
22 27
23 24
24 29
25 18
26 22
27 11
28 7
29 4
30 15
SIMILAR

1 28 12 13 18 30 20 24 17 2 19 5 15 10 6 0 29 7 14 26 27 3 21 23 11 22 4 9 25 16 8 
0 15
1 0
2 9
3 21
4 26
5 11
6 14
7 17
8 30
9 27
10 13
11 24
12 2
13 3
14 18
15 12
16 29
17 8
18 4
19 10
20 6
21 22
22 25
23 23
24 7
25 28
26 19
27 20
28 1
29 16
30 5
SIMILAR

30 25 19 6 23 29 27 7 24 28 12 9 21 26 11 0 15 4 17 3 18 20 5 1 13 16 22 2 8 10 14 
0 15
1 23
2 27
3 19
4 17
5 22
6 3
7 7
8 28
9 11
10 29
11 14
12 10
13 24
14 30
15 16
16 25
17 18
18 20
19 2
20 21
21 12
22 26
23 4
24 8
25 1
26 13
27 6
28 9
29 5
30 0
SIMILAR

19 18 27 16 21 22 30 25 12 4 5 6 29 14 24 10 0 11 23 17 28 2 7 13 9 1 8 3 15 26 20 
0 16
1 25
2 21
3 27
4 9
5 10
6 11
7 22
8 26
9 24
10 15
11 17
12 8
13 23
14 13
15 28
16 3
17 19
18 1
19 0
20 30
21 4
22 5
23 18
24 14
25 7
26 29
27 2
28 20
29 12
30 6
SIMILAR

21 11 0 16 6 13 17 15 18 28 29 7 8 27 24 14 25 23 5 2 12 22 1 10 20 4 30 9 3 26 19 
0 2
1 22
2 19
3 28
4 25
5 18
6 4
7 11
8 12
9 27
10 23
11 1
12 20
13 5
14 15
15 7
16 3
17 6
18 8
19 30
20 24
21 0
22 21
23 17
24 14
25 16
26 29
27 13
28 9
29 10
30 26
SIMILAR

14 2 11 20 25 13 7 5 4 23 15 27 17 12 19 24 6 1 26 16 22 10 8 29 30 18 21 0 3 9 28 
0 27
1 17
2 1
3 28
4 8
5 7
6 16
7 6
8 22
9 29
10 21
11 2
12 13
13 5
14 0
15 10
16 19
17 12
18 25
19 14
20 3
21 26
22 20
23 9
24 15
25 4
26 18
27 11
28 30
29 23
30 24
SIMILAR

13 10 17 28 21 12 14 15 29 30 1 16 27 20 4 5 7 25 18 8 6 9 24 3 0 22 23 2 26 11 19 
0 24
1 10
2 27
3 23
4 14
5 15
6 20
7 16
8 19
9 21
10 1
11 29
12 5
13 0
14 6
15 7
16 11
17 2
18 18
19 30
20 13
21 4
22 25
23 26
24 22
25 17
26 28
27 12
28 3
29 8
30 9
SIMILAR

10 11 1 21 26 9 14 0 12 22 28 7 25 16 18 30 29 17 8 24 2 3 4 20 13 15 5 27 23 19 6 
0 7
1 2
2 20
3 21
4 22
5 26
6 30
7 11
8 18
9 5
10 0
11 1
12 8
13 24
14 6
15 25
16 13
17 17
18 14
19 29
20 23
21 3
22 9
23 28
24 19
25 12
26 4
27 27
28 10
29 16
30 15
SIMILAR

18 27 1 14 29 10 7 5 30 20 9 15 3 23 17 11 12 13 22 4 2 24 28 25 6 26 16 0 21 19 8 
0 27
1 2
2 20
3 12
4 19
5 7
6 24
7 6
8 30
9 10
10 5
11 15
12 16
13 17
14 3
15 11
16 26
17 14
18 0
19 29
20 9
21 28
22 18
23 13
24 21
25 23
26 25
27 1
28 22
29 4
30 8
SIMILAR

22 11 27 12 25 17 23 2 18 9 19 29 13 8 26 1 10 16 0 6 15 24 14 20 4 3 7 28 21 30 5 
0 18
1 15
2 7
3 25
4 24
5 30
6 19
7 26
8 13
9 9
10 16
11 1
12 3
13 12
14 22
15 20
16 17
17 5
18 8
19 10
20 23
21 28
22 0
23 6
24 21
25 4
26 14
27 2
28 27
29 11
30 29
SIMILAR

0 14 15 1 13 7 6 16 23 25 19 22 2 21 28 9 12 4 24 29 26 11 8 17 18 20 3 5 30 10 27 
0 0
1 3
2 12
3 26
4 17
5 27
6 6
7 5
8 22
9 15
10 29
11 21
12 16
13 4
14 1
15 2
16 7
17 23
18 24
19 10
20 25
21 13
22 11
23 8
24 18
25 9
26 20
27 30
28 14
29 19
30 28
SIMILAR

28 9 0 3 24 13 4 29 12 17 25 14 19 23 8 1 21 30 22 11 20 5 18 10 15 7 16 2 27 6 26 
0 2
1 15
2 27
3 3
4 6
5 21
6 29
7 25
8 14
9 1
10 23
11 19
12 8
13 5
14 11
15 24
16 26
17 9
18 22
19 12
20 20
21 16
22 18
23 13
24 4
25 10
26 30
27 28
28 0
29 7
30 17
SIMILAR

5 30 17 11 12 7 13 4 25 19 29 15 24 20 28 1 22 21 27 2 16 10 18 3 14 9 8 6 0 23 26 
0 28
1 15
2 19
3 23
4 7
5 0
6 27
7 5
8 26
9 25
10 21
11 3
12 4
13 6
14 24
15 11
16 20
17 2
18 22
19 9
20 13
21 17
22 16
23 29
24 12
25 8
26 30
27 18
28 14
29 10
30 1
SIMILAR

28 17 24 1 22 18 9 5 15 27 14 13 4 30 25 0 11 12 23 7 6 2 20 10 16 19 3 8 21 29 26 
0 15
1 3
2 21
3 26
4 12
5 7
6 20
7 19
8 27
9 6
10 23
11 16
12 17
13 11
14 10
15 8
16 24
17 1
18 5
19 25
20 22
21 28
22 4
23 18
24 2
25 14
26 30
27 9
28 0
29 29
30 13
SIMILAR

9 22 3 19 1 16 17 20 29 24 12 26 30 13 18 10 23 28 27 14 4 11 8 15 0 25 7 21 5 2 6 
0 24
1 4
2 29
3 2
4 20
5 28
6 30
7 26
8 22
9 0
10 15
11 21
12 10
13 13
14 19
15 23
16 5
17 6
18 14
19 3
20 7
21 27
22 1
23 16
24 9
25 25
26 11
27 18
28 17
29 8
30 12
SIMILAR

13 30 22 3 14 27 18 1 21 10 29 17 24 6 23 25 15 7 12 26 4 9 20 2 19 8 11 5 0 28 16 
0 28
1 7
2 23
3 3
4 20
5 27
6 13
7 17
8 25
9 21
10 9
11 26
12 18
13 0
14 4
15 16
16 30
17 11
18 6
19 24
20 22
21 8
22 2
23 14
24 12
25 15
26 19
27 5
28 29
29 10
30 1
SIMILAR

20 10 30 8 12 4 6 15 0 22 14 24 23 25 16 13 28 27 26 21 5 19 18 2 3 29 1 9 17 7 11 
0 8
1 26
2 23
3 24
4 5
5 20
6 6
7 29
8 3
9 27
10 1
11 30
12 4
13 15
14 10
15 7
16 14
17 28
18 22
19 21
20 0
21 19
22 9
23 12
24 11
25 13
26 18
27 17
28 16
29 25
30 2
SIMILAR

26 15 4 5 1 11 18 7 17 21 19 13 6 14 27 22 2 8 25 10 9 16 28 12 20 29 24 3 23 0 30 
0 29
1 4
2 16
3 27
4 2
5 3
6 12
7 7
8 17
9 20
10 19
11 5
12 23
13 11
14 13
15 1
16 21
17 8
18 6
19 10
20 24
21 9
22 15
23 28
24 26
25 18
26 0
27 14
28 22
29 25
30 30
SIMILAR

6 8 11 16 30 24 10 25 0 4 22 27 2 28 5 15 21 1 9 14 23 29 20 13 19 26 3 12 7 17 18 
0 8
1 17
2 12
3 26
4 9
5 14
6 0
7 28
8 1
9 18
10 6
11 2
12 27
13 23
14 19
15 15
16 3
17 29
18 30
19 24
20 22
21 16
22 10
23 20
24 5
25 7
26 25
27 11
28 13
29 21
30 4
SIMILAR

7 9 24 10 15 28 12 23 27 4 19 5 25 17 3 16 18 22 14 21 11 2 29 30 6 1 0 8 13 26 20 
0 26
1 25
2 21
3 14
4 9
5 11
6 24
7 0
8 27
9 1
10 3
11 20
12 6
13 28
14 18
15 4
16 15
17 13
18 16
19 10
20 30
21 19
22 17
23 7
24 2
25 12
26 29
27 8
28 5
29 22
30 23
SIMILAR

27 0 29 11 17 16 26 20 7 4 30 18 6 8 1 3 24 5 9 25 23 15 2 22 10 12 19 21 14 13 28 
0 1
1 14
2 22
3 15
4 9
5 17
6 12
7 8
8 13
9 18
10 24
11 3
12 25
13 29
14 28
15 21
16 5
17 4
18 11
19 26
20 7
21 27
22 23
23 20
24 16
25 19
26 6
27 0
28 30
29 2
30 10
SIMILAR

1 0 12 14 7 13 20 28 21 30 18 29 19 4 8 15 11 25 24 27 9 23 10 3 2 26 5 17 22 6 16 
0 1
1 0
2 24
3 23
4 13
5 26
6 29
7 4
8 14
9 20
10 22
11 16
12 2
13 5
14 3
15 15
16 30
17 27
18 10
19 12
20 6
21 8
22 28
23 21
24 18
25 17
26 25
27 19
28 7
29 11
30 9
SIMILAR

9 23 27 26 24 30 21 18 19 6 28 4 25 12 0 10 3 8 15 1 13 16 5 2 29 14 20 11 22 17 7 
0 14
1 19
2 23
3 16
4 11
5 22
6 9
7 30
8 17
9 0
10 15
11 27
12 13
13 20
14 25
15 18
16 21
17 29
18 7
19 8
20 26
21 6
22 28
23 1
24 4
25 12
26 3
27 2
28 10
29 24
30 5
SIMILAR

7 23 29 16 26 19 25 14 5 3 11 24 20 4 12 15 28 17 9 18 6 1 30 21 27 10 2 8 13 22 0 
0 30
1 21
2 26
3 9
4 13
5 8
6 20
7 0
8 27
9 18
10 25
11 10
12 14
13 28
14 7
15 15
16 3
17 17
18 19
19 5
20 12
21 23
22 29
23 1
24 11
25 6
26 4
27 24
28 16
29 2
30 22
SIMILAR

27 15 24 6 30 23 1 22 9 29 19 3 21 5 7 16 0 18 28 10 4 26 13 12 25 17 8 14 2 20 11 
0 16
1 6
2 28
3 11
4 20
5 13
6 3
7 14
8 26
9 8
10 19
11 30
12 23
13 22
14 27
15 1
16 15
17 25
18 17
19 10
20 29
21 12
22 7
23 5
24 2
25 24
26 21
27 0
28 18
29 9
30 4
SIMILAR

13 5 23 8 1 10 28 16 11 21 19 14 6 12 4 9 2 26 20 27 0 24 3 17 25 15 18 30 7 22 29 
0 20
1 4
2 16
3 22
4 14
5 1
6 12
7 28
8 3
9 15
10 5
11 8
12 13
13 0
14 11
15 25
16 7
17 23
18 26
19 10
20 18
21 9
22 29
23 2
24 21
25 24
26 17
27 19
28 6
29 30
30 27
SIMILAR

14 12 6 28 0 15 26 8 9 3 24 20 5 21 27 16 17 18 25 19 1 30 10 2 13 22 7 4 29 23 11 
0 4
1 20
2 23
3 9
4 27
5 12
6 2
7 26
8 7
9 8
10 22
11 30
12 1
13 24
14 0
15 5
16 15
17 16
18 17
19 19
20 11
21 13
22 25
23 29
24 10
25 18
26 6
27 14
28 3
29 28
30 21
SIMILAR

28 21 17 25 29 4 15 13 11 1 26 20 2 24 8 16 14 30 5 23 22 10 19 12 18 9 3 0 27 7 6 
0 27
1 9
2 12
3 26
4 5
5 18
6 30
7 29
8 14
9 25
10 21
11 8
12 23
13 7
14 16
15 6
16 15
17 2
18 24
19 22
20 11
21 1
22 20
23 19
24 13
25 3
26 10
27 28
28 0
29 4
30 17
SIMILAR

27 11 12 29 26 16 13 23 1 14 21 25 19 4 9 22 15 3 24 7 6 8 10 30 17 20 28 18 2 5 0 
0 30
1 8
2 28
3 17
4 13
5 29
6 20
7 19
8 21
9 14
10 22
11 1
12 2
13 6
14 9
15 16
16 5
17 24
18 27
19 12
20 25
21 10
22 15
23 7
24 18
25 11
26 4
27 0
28 26
29 3
30 23
SIMILAR

29 21 18 19 17 9 5 30 11 1 4 24 10 25 0 20 7 12 28 27 23 8 13 6 14 15 26 3 16 2 22 
0 14
1 9
2 29
3 27
4 10
5 6
6 23
7 16
8 21
9 5
10 12
11 8
12 17
13 22
14 24
15 25
16 28
17 4
18 2
19 3
20 15
21 1
22 30
23 20
24 11
25 13
26 26
27 19
28 18
29 0
30 7
SIMILAR

27 6 25 0 7 2 11 17 22 9 24 10 20 15 4 16 30 5 18 12 3 13 28 8 26 14 23 29 1 21 19 
0 3
1 28
2 5
3 20
4 14
5 17
6 1
7 4
8 23
9 9
10 11
11 6
12 19
13 21
14 25
15 13
16 15
17 7
18 18
19 30
20 12
21 29
22 8
23 26
24 10
25 2
26 24
27 0
28 22
29 27
30 16
SIMILAR

24 12 16 3 6 2 29 15 21 11 10 9 22 13 5 1 14 4 26 28 7 17 18 20 19 27 30 23 8 0 25 
0 29
1 15
2 5
3 3
4 17
5 14
6 4
7 20
8 28
9 11
10 10
11 9
12 1
13 13
14 16
15 7
16 2
17 21
18 22
19 24
20 23
21 8
22 12
23 27
24 0
25 30
26 18
27 25
28 19
29 6
30 26
SIMILAR

25 8 12 15 29 17 23 24 6 7 19 14 22 13 9 10 4 1 5 3 0 11 20 26 18 27 21 28 2 30 16 
0 20
1 17
2 28
3 19
4 16
5 18
6 8
7 9
8 1
9 14
10 15
11 21
12 2
13 13
14 11
15 3
16 30
17 5
18 24
19 10
20 22
21 26
22 12
23 6
24 7
25 0
26 23
27 25
28 27
29 4
30 29
SIMILAR

0 22 26 20 21 4 27 8 29 24 16 14 9 19 13 2 7 1 10 12 23 25 5 17 6 18 11 30 28 3 15 
0 0
1 17
2 15
3 29
4 5
5 22
6 24
7 16
8 7
9 12
10 18
11 26
12 19
13 14
14 11
15 30
16 10
17 23
18 25
19 13
20 3
21 4
22 1
23 20
24 9
25 21
26 2
27 6
28 28
29 8
30 27
SIMILAR

6 16 8 27 3 21 18 7 24 11 2 12 13 15 30 10 26 4 0 29 9 22 25 28 1 23 20 19 5 17 14 
0 18
1 24
2 10
3 4
4 17
5 28
6 0
7 7
8 2
9 20
10 15
11 9
12 11
13 12
14 30
15 13
16 1
17 29
18 6
19 27
20 26
21 5
22 21
23 25
24 8
25 22
26 16
27 3
28 23
29 19
30 14
SIMILAR

24 0 7 18 10 16 4 17 6 9 28 20 27 25 21 15 19 8 1 22 30 11 2 29 23 26 13 12 3 14 5 
0 1
1 18
2 22
3 28
4 6
5 30
6 8
7 2
8 17
9 9
10 4
11 21
12 27
13 26
14 29
15 15
16 5
17 7
18 3
19 16
20 11
21 14
22 19
23 24
24 0
25 13
26 25
27 12
28 10
29 23
30 20
SIMILAR

4 30 9 14 18 27 15 13 12 21 19 3 2 25 0 10 16 5 11 1 29 17 23 8 7 6 24 26 28 22 20 
0 14
1 19
2 12
3 11
4 0
5 17
6 25
7 24
8 23
9 2
10 15
11 18
12 8
13 7
14 3
15 6
16 16
17 21
18 4
19 10
20 30
21 9
22 29
23 22
24 26
25 13
26 27
27 5
28 28
29 20
30 1
SIMILAR

14 21 23 6 19 7 4 24 5 30 27 28 13 16 1 15 22 18 25 3 2 0 8 10 17 20 12 11 26 29 9 
0 21
1 14
2 20
3 19
4 6
5 8
6 3
7 5
8 22
9 30
10 23
11 27
12 26
13 12
14 0
15 15
16 13
17 24
18 17
19 4
20 25
21 1
22 16
23 2
24 7
25 18
26 28
27 10
28 11
29 29
30 9
SIMILAR

16 2 17 10 6 22 3 0 15 29 1 21 5 9 7 28 30 25 18 4 27 19 23 24 12 13 11 20 14 26 8 
0 7
1 10
2 1
3 6
4 19
5 12
6 4
7 14
8 30
9 13
10 3
11 26
12 24
13 25
14 28
15 8
16 0
17 2
18 18
19 21
20 27
21 11
22 5
23 22
24 23
25 17
26 29
27 20
28 15
29 9
30 16
SIMILAR

5 4 30 20 29 23 0 2 18 26 3 10 25 7 28 12 1 6 19 14 13 9 17 21 16 15 11 27 24 22 8 
0 6
1 16
2 7
3 10
4 1
5 0
6 17
7 13
8 30
9 21
10 11
11 26
12 15
13 20
14 19
15 25
16 24
17 22
18 8
19 18
20 3
21 23
22 29
23 5
24 28
25 12
26 9
27 27
28 14
29 4
30 2
SIMILAR

1 3 21 30 11 8 2 6 15 10 27 13 26 23 5 4 28 18 25 20 0 12 9 29 17 24 14 19 16 22 7 
0 20
1 0
2 6
3 1
4 15
5 14
6 7
7 30
8 5
9 22
10 9
11 4
12 21
13 11
14 26
15 8
16 28
17 24
18 17
19 27
20 19
21 2
22 29
23 13
24 25
25 18
26 12
27 10
28 16
29 23
30 3
SIMILAR

10 7 20 22 4 17 25 8 23 12 29 1 21 15 27 5 19 30 16 11 26 9 14 18 2 24 28 3 13 0 6 
0 29
1 11
2 24
3 27
4 4
5 15
6 30
7 1
8 7
9 21
10 0
11 19
12 9
13 28
14 22
15 13
16 18
17 5
18 23
19 16
20 2
21 12
22 3
23 8
24 25
25 6
26 20
27 14
28 26
29 10
30 17
SIMILAR

26 1 23 6 17 22 2 19 27 10 14 21 9 3 30 20 8 4 7 16 11 12 25 24 5 13 0 18 29 15 28 
0 26
1 1
2 6
3 13
4 17
5 24
6 3
7 18
8 16
9 12
10 9
11 20
12 21
13 25
14 10
15 29
16 19
17 4
18 27
19 7
20 15
21 11
22 5
23 2
24 23
25 22
26 0
27 8
28 30
29 28
30 14
SIMILAR

3 29 9 14 20 5 23 27 26 4 10 30 13 28 25 17 2 1 0 24 15 16 22 11 18 6 21 8 19 7 12 
0 18
1 17
2 16
3 0
4 9
5 5
6 25
7 29
8 27
9 2
10 10
11 23
12 30
13 12
14 3
15 20
16 21
17 15
18 24
19 28
20 4
21 26
22 22
23 6
24 19
25 14
26 8
27 7
28 13
29 1
30 11
SIMILAR

22 27 26 21 28 15 24 30 25 14 20 12 0 13 8 19 17 7 2 11 3 16 10 9 4 18 23 5 6 1 29 
0 12
1 29
2 18
3 20
4 24
5 27
6 28
7 17
8 14
9 23
10 22
11 19
12 11
13 13
14 9
15 5
16 21
17 16
18 25
19 15
20 10
21 3
22 0
23 26
24 6
25 8
26 2
27 1
28 4
29 30
30 7
SIMILAR

30 24 10 13 25 18 27 9 2 15 6 1 16 4 20 12 14 28 3 5 8 26 21 11 22 19 7 17 23 0 29 
0 29
1 11
2 8
3 18
4 13
5 19
6 10
7 26
8 20
9 7
10 2
11 23
12 15
13 3
14 16
15 9
16 12
17 27
18 5
19 25
20 14
21 22
22 24
23 28
24 1
25 4
26 21
27 6
28 17
29 30
30 0
SIMILAR

2 0 27 29 24 8 28 25 26 17 16 15 9 14 4 11 23 5 19 18 20 12 7 21 10 3 22 30 1 6 13 
0 1
1 28
2 0
3 25
4 14
5 17
6 29
7 22
8 5
9 12
10 24
11 15
12 21
13 30
14 13
15 11
16 10
17 9
18 19
19 18
20 20
21 23
22 26
23 16
24 4
25 7
26 8
27 2
28 6
29 3
30 27
SIMILAR

21 3 30 22 7 15 29 11 12 6 28 0 4 5 8 16 2 26 20 25 23 14 9 13 10 27 19 17 18 1 24 
0 11
1 29
2 16
3 1
4 12
5 13
6 9
7 4
8 14
9 22
10 24
11 7
12 8
13 23
14 21
15 5
16 15
17 27
18 28
19 26
20 18
21 0
22 3
23 20
24 30
25 19
26 17
27 25
28 10
29 6
30 2
SIMILAR

1 9 27 11 16 24 13 25 12 23 4 17 6 19 2 15 30 5 26 3 21 8 22 10 20 29 0 7 28 18 14 
0 26
1 0
2 14
3 19
4 10
5 17
6 12
7 27
8 21
9 1
10 23
11 3
12 8
13 6
14 30
15 15
16 4
17 11
18 29
19 13
20 24
21 20
22 22
23 9
24 5
25 7
26 18
27 2
28 28
29 25
30 16
SIMILAR

16 15 27 4 13 12 25 24 14 20 6 2 19 1 5 29 26 28 0 3 8 21 17 7 23 11 9 30 22 18 10 
0 18
1 13
2 11
3 19
4 3
5 14
6 10
7 23
8 20
9 26
10 30
11 25
12 5
13 4
14 8
15 1
16 0
17 22
18 29
19 12
20 9
21 21
22 28
23 24
24 7
25 6
26 16
27 2
28 17
29 15
30 27
SIMILAR

3 10 1 30 24 0 2 8 13 27 16 29 18 12 25 11 20 15 14 7 6 23 28 4 21 9 5 17 19 26 22 
0 5
1 2
2 6
3 0
4 23
5 26
6 20
7 19
8 7
9 25
10 1
11 15
12 13
13 8
14 18
15 17
16 10
17 27
18 12
19 28
20 16
21 24
22 30
23 21
24 4
25 14
26 29
27 9
28 22
29 11
30 3
SIMILAR

14 19 7 5 18 24 27 20 1 13 28 10 30 17 22 9 6 8 2 12 3 4 16 21 29 0 26 11 25 15 23 
0 25
1 8
2 18
3 20
4 21
5 3
6 16
7 2
8 17
9 15
10 11
11 27
12 19
13 9
14 0
15 29
16 22
17 13
18 4
19 1
20 7
21 23
22 14
23 30
24 5
25 28
26 26
27 6
28 10
29 24
30 12
SIMILAR

21 25 14 18 6 2 15 13 4 3 28 0 10 20 16 12 23 1 11 7 9 17 24 8 29 22 19 26 27 30 5 
0 11
1 17
2 5
3 9
4 8
5 30
6 4
7 19
8 23
9 20
10 12
11 18
12 15
13 7
14 2
15 6
16 14
17 21
18 3
19 26
20 13
21 0
22 25
23 16
24 22
25 1
26 27
27 28
28 10
29 24
30 29
SIMILAR

6 16 30 19 10 26 3 5 28 11 9 2 24 25 13 1 27 8 18 7 29 12 4 14 23 15 17 20 0 21 22 
0 28
1 15
2 11
3 6
4 22
5 7
6 0
7 19
8 17
9 10
10 4
11 9
12 21
13 14
14 23
15 25
16 1
17 26
18 18
19 3
20 27
21 29
22 30
23 24
24 12
25 13
26 5
27 16
28 8
29 20
30 2
SIMILAR

1 22 3 5 4 0 7 9 10 20 29 11 18 27 30 24 6 8 28 26 2 21 23 15 19 17 14 12 13 16 25 
0 5
1 0
2 20
3 2
4 4
5 3
6 16
7 6
8 17
9 7
10 8
11 11
12 27
13 28
14 26
15 23
16 29
17 25
18 12
19 24
20 9
21 21
22 1
23 22
24 15
25 30
26 19
27 13
28 18
29 10
30 14
SIMILAR

4 22 23 14 5 15 6 25 1 28 13 7 21 11 24 8 17 16 3 19 18 27 9 0 30 10 12 2 29 20 26 
0 23
1 8
2 27
3 18
4 0
5 4
6 6
7 11
8 15
9 22
10 25
11 13
12 26
13 10
14 3
15 5
16 17
17 16
18 20
19 19
20 29
21 12
22 1
23 2
24 14
25 7
26 30
27 21
28 9
29 28
30 24
SIMILAR

11 25 17 20 4 5 7 24 6 0 8 10 12 3 26 28 23 13 19 16 21 15 18 27 2 14 1 30 29 22 9 
0 9
1 26
2 24
3 13
4 4
5 5
6 8
7 6
8 10
9 30
10 11
11 0
12 12
13 17
14 25
15 21
16 19
17 2
18 22
19 18
20 3
21 20
22 29
23 16
24 7
25 1
26 14
27 23
28 15
29 28
30 27
SIMILAR

24 2 12 0 5 17 6 1 4 15 11 29 25 26 28 21 7 20 8 19 3 14 22 18 23 10 27 16 13 30 9 
0 3
1 7
2 1
3 20
4 8
5 4
6 6
7 16
8 18
9 30
10 25
11 10
12 2
13 28
14 21
15 9
16 27
17 5
18 23
19 19
20 17
21 15
22 22
23 24
24 0
25 12
26 13
27 26
28 14
29 11
30 29
SIMILAR

5 20 18 0 11 8 2 12 9 17 29 6 19 25 10 30 23 26 4 15 13 21 16 7 24 3 14 1 22 28 27 
0 3
1 27
2 6
3 25
4 18
5 0
6 11
7 23
8 5
9 8
10 14
11 4
12 7
13 20
14 26
15 19
16 22
17 9
18 2
19 12
20 1
21 21
22 28
23 16
24 24
25 13
26 17
27 30
28 29
29 10
30 15
SIMILAR

8 11 10 6 17 20 29 30 12 18 19 2 14 27 16 24 1 9 13 28 25 26 21 15 3 7 22 23 4 5 0 
0 30
1 16
2 11
3 24
4 28
5 29
6 3
7 25
8 0
9 17
10 2
11 1
12 8
13 18
14 12
15 23
16 14
17 4
18 9
19 10
20 5
21 22
22 26
23 27
24 15
25 20
26 21
27 13
28 19
29 6
30 7
SIMILAR

17 10 21 26 20 23 24 3 7 0 12 2 27 9 4 1 5 29 28 22 15 8 11 18 6 30 25 14 19 13 16 
0 9
1 15
2 11
3 7
4 14
5 16
6 24
7 8
8 21
9 13
10 1
11 22
12 10
13 29
14 27
15 20
16 30
17 0
18 23
19 28
20 4
21 2
22 19
23 5
24 6
25 26
26 3
27 12
28 18
29 17
30 25
SIMILAR

15 20 30 21 7 29 12 27 18 28 25 23 1 6 10 5 11 19 4 26 2 17 8 14 3 16 0 22 13 9 24 
0 26
1 12
2 20
3 24
4 18
5 15
6 13
7 4
8 22
9 29
10 14
11 16
12 6
13 28
14 23
15 0
16 25
17 21
18 8
19 17
20 1
21 3
22 27
23 11
24 30
25 10
26 19
27 7
28 9
29 5
30 2
SIMILAR

13 1 28 19 18 16 24 30 8 5 11 20 17 23 21 12 15 4 22 7 14 29 26 27 3 6 25 9 10 0 2 
0 29
1 1
2 30
3 24
4 17
5 9
6 25
7 19
8 8
9 27
10 28
11 10
12 15
13 0
14 20
15 16
16 5
17 12
18 4
19 3
20 11
21 14
22 18
23 13
24 6
25 26
26 22
27 23
28 2
29 21
30 7
SIMILAR

21 20 18 4 29 19 15 25 5 23 10 27 7 30 13 9 3 11 22 14 12 17 6 8 1 24 16 2 0 26 28 
0 28
1 24
2 27
3 16
4 3
5 8
6 22
7 12
8 23
9 15
10 10
11 17
12 20
13 14
14 19
15 6
16 26
17 21
18 2
19 5
20 1
21 0
22 18
23 9
24 25
25 7
26 29
27 11
28 30
29 4
30 13
SIMILAR

10 28 9 5 20 13 7 3 29 18 0 19 16 2 15 26 24 11 27 30 23 12 1 14 21 17 22 4 6 8 25 
0 10
1 22
2 13
3 7
4 27
5 3
6 28
7 6
8 29
9 2
10 0
11 17
12 21
13 5
14 23
15 14
16 12
17 25
18 9
19 11
20 4
21 24
22 26
23 20
24 16
25 30
26 15
27 18
28 1
29 8
30 19
SIMILAR

20 16 21 27 17 26 18 29 10 7 19 1 30 15 28 12 14 23 6 2 4 9 24 0 8 25 3 5 11 22 13 
0 23
1 11
2 19
3 26
4 20
5 27
6 18
7 9
8 24
9 21
10 8
11 28
12 15
13 30
14 16
15 13
16 1
17 4
18 6
19 10
20 0
21 2
22 29
23 17
24 22
25 25
26 5
27 3
28 14
29 7
30 12
SIMILAR

10 27 30 21 8 4 25 17 9 3 6 26 22 23 1 24 16 14 20 29 28 5 18 0 11 2 7 12 19 13 15 
0 23
1 14
2 25
3 9
4 5
5 21
6 10
7 26
8 4
9 8
10 0
11 24
12 27
13 29
14 17
15 30
16 16
17 7
18 22
19 28
20 18
21 3
22 12
23 13
24 15
25 6
26 11
27 1
28 20
29 19
30 2
SIMILAR

7 11 1 24 13 15 17 28 0 2 30 19 8 6 14 10 12 20 23 25 26 4 18 3 9 22 16 29 21 5 27 
0 8
1 2
2 9
3 23
4 21
5 29
6 13
7 0
8 12
9 24
10 15
11 1
12 16
13 4
14 14
15 5
16 26
17 6
18 22
19 11
20 17
21 28
22 25
23 18
24 3
25 19
26 20
27 30
28 7
29 27
30 10
SIMILAR

28 8 0 4 9 21 24 2 12 11 16 14 23 26 18 19 10 7 29 22 1 30 6 3 25 20 17 27 5 15 13 
0 2
1 20
2 7
3 23
4 3
5 28
6 22
7 17
8 1
9 4
10 16
11 9
12 8
13 30
14 11
15 29
16 10
17 26
18 14
19 15
20 25
21 5
22 19
23 12
24 6
25 24
26 13
27 27
28 0
29 18
30 21
SIMILAR

2 20 4 9 8 17 13 3 26 27 6 11 24 10 30 29 7 1 0 25 23 16 14 18 15 5 22 21 19 12 28 
0 18
1 17
2 0
3 7
4 2
5 25
6 10
7 16
8 4
9 3
10 13
11 11
12 29
13 6
14 22
15 24
16 21
17 5
18 23
19 28
20 1
21 27
22 26
23 20
24 12
25 19
26 8
27 9
28 30
29 15
30 14
SIMILAR

0 5 13 28 2 3 10 27 19 6 9 18 23 4 11 21 14 1 17 22 16 25 20 24 30 7 26 15 12 8 29 
0 0
1 17
2 4
3 5
4 13
5 1
6 9
7 25
8 29
9 10
10 6
11 14
12 28
13 2
14 16
15 27
16 20
17 18
18 11
19 8
20 22
21 15
22 19
23 12
24 23
25 21
26 26
27 7
28 3
29 30
30 24
SIMILAR

28 7 8 3 23 25 13 10 27 6 15 5 12 1 29 24 9 2 21 0 18 17 4 22 11 20 16 26 19 14 30 
0 19
1 13
2 17
3 3
4 22
5 11
6 9
7 1
8 2
9 16
10 7
11 24
12 12
13 6
14 29
15 10
16 26
17 21
18 20
19 28
20 25
21 18
22 23
23 4
24 15
25 5
26 27
27 8
28 0
29 14
30 30
SIMILAR

20 15 16 0 11 27 1 24 17 6 19 29 13 18 4 3 26 2 28 12 9 30 7 23 10 25 5 8 21 22 14 
0 3
1 6
2 17
3 15
4 14
5 26
6 9
7 22
8 27
9 20
10 24
11 4
12 19
13 12
14 30
15 1
16 2
17 8
18 13
19 10
20 0
21 28
22 29
23 23
24 7
25 25
26 16
27 5
28 18
29 11
30 21
SIMILAR

2 21 14 10 13 7 1 29 19 3 22 28 9 4 5 26 11 16 25 30 20 15 27 24 23 12 17 0 18 8 6 
0 27
1 6
2 0
3 9
4 13
5 14
6 30
7 5
8 29
9 12
10 3
11 16
12 25
13 4
14 2
15 21
16 17
17 26
18 28
19 8
20 20
21 1
22 10
23 24
24 23
25 18
26 15
27 22
28 11
29 7
30 19
SIMILAR

9 11 17 2 3 29 30 6 12 15 23 1 22 8 20 19 7 4 18 24 0 25 14 26 21 10 27 13 16 5 28 
0 20
1 11
2 3
3 4
4 17
5 29
6 7
7 16
8 13
9 0
10 25
11 1
12 8
13 27
14 22
15 9
16 28
17 2
18 18
19 15
20 14
21 24
22 12
23 10
24 19
25 21
26 23
27 26
28 30
29 5
30 6
SIMILAR

26 27 28 23 4 8 3 10 1 20 0 19 29 11 13 16 30 2 15 24 12 7 9 25 14 22 17 6 21 18 5 
0 10
1 8
2 17
3 6
4 4
5 30
6 27
7 21
8 5
9 22
10 7
11 13
12 20
13 14
14 24
15 18
16 15
17 26
18 29
19 11
20 9
21 28
22 25
23 3
24 19
25 23
26 0
27 1
28 2
29 12
30 16
SIMILAR

21 10 8 2 4 27 12 18 1 0 9 26 25 14 5 3 16 23 20 6 15 7 28 22 24 11 17 30 13 29 19 
0 9
1 8
2 3
3 15
4 4
5 14
6 19
7 21
8 2
9 10
10 1
11 25
12 6
13 28
14 13
15 20
16 16
17 26
18 7
19 30
20 18
21 0
22 23
23 17
24 24
25 12
26 11
27 5
28 22
29 29
30 27
SIMILAR

23 19 22 20 25 18 7 4 2 26 28 5 8 10 1 12 21 29 24 13 27 3 14 9 11 30 6 17 16 15 0 
0 30
1 14
2 8
3 21
4 7
5 11
6 26
7 6
8 12
9 23
10 13
11 24
12 15
13 19
14 22
15 29
16 28
17 27
18 5
19 1
20 3
21 16
22 2
23 0
24 18
25 4
26 9
27 20
28 10
29 17
30 25
SIMILAR

24 20 13 3 8 15 28 12 5 0 10 21 11 7 27 14 1 29 16 6 9 17 19 4 25 26 22 23 18 30 2 
0 9
1 16
2 30
3 3
4 23
5 8
6 19
7 13
8 4
9 20
10 10
11 12
12 7
13 2
14 15
15 5
16 18
17 21
18 28
19 22
20 1
21 11
22 26
23 27
24 0
25 24
26 25
27 14
28 6
29 17
30 29
SIMILAR

16 19 2 29 22 13 26 14 18 1 7 25 3 17 0 15 4 12 28 21 27 10 23 24 6 30 11 5 9 20 8 
0 14
1 9
2 2
3 12
4 16
5 27
6 24
7 10
8 30
9 28
10 21
11 26
12 17
13 5
14 7
15 15
16 0
17 13
18 8
19 1
20 29
21 19
22 4
23 22
24 23
25 11
26 6
27 20
28 18
29 3
30 25
SIMILAR

4 16 14 30 18 22 19 13 2 15 23 8 24 0 5 26 6 1 10 21 12 11 25 29 9 28 27 20 17 7 3 
0 13
1 17
2 8
3 30
4 0
5 14
6 16
7 29
8 11
9 24
10 18
11 21
12 20
13 7
14 2
15 9
16 1
17 28
18 4
19 6
20 27
21 19
22 5
23 10
24 12
25 22
26 15
27 26
28 25
29 23
30 3
SIMILAR

15 20 25 18 9 26 4 17 10 27 24 11 19 3 2 0 16 7 12 23 5 22 30 6 8 28 14 1 29 21 13 
0 15
1 27
2 14
3 13
4 6
5 20
6 23
7 17
8 24
9 4
10 8
11 11
12 18
13 30
14 26
15 0
16 16
17 7
18 3
19 12
20 1
21 29
22 21
23 19
24 10
25 2
26 5
27 9
28 25
29 28
30 22
SIMILAR

27 21 23 0 24 15 16 12 11 28 22 4 20 6 3 1 30 29 19 25 9 13 2 10 14 26 5 18 17 8 7 
0 3
1 15
2 22
3 14
4 11
5 26
6 13
7 30
8 29
9 20
10 23
11 8
12 7
13 21
14 24
15 5
16 6
17 28
18 27
19 18
20 12
21 1
22 10
23 2
24 4
25 19
26 25
27 0
28 9
29 17
30 16
SIMILAR

10 26 24 11 8 2 1 20 29 16 19 30 23 18 6 4 3 12 25 5 17 28 9 14 15 0 22 27 13 7 21 
0 25
1 6
2 5
3 16
4 15
5 19
6 14
7 29
8 4
9 22
10 0
11 3
12 17
13 28
14 23
15 24
16 9
17 20
18 13
19 10
20 7
21 30
22 26
23 12
24 2
25 18
26 1
27 27
28 21
29 8
30 11
SIMILAR

11 19 28 9 30 10 2 25 26 29 22 15 27 23 13 21 6 0 16 4 8 20 5 17 1 12 24 14 3 18 7 
0 17
1 24
2 6
3 28
4 19
5 22
6 16
7 30
8 20
9 3
10 5
11 0
12 25
13 14
14 27
15 11
16 18
17 23
18 29
19 1
20 21
21 15
22 10
23 13
24 26
25 7
26 8
27 12
28 2
29 9
30 4
SIMILAR
100 0
4300 0
274300 0
