31
0 1 1 0 1 1 0 0 0 1 1 0 0 1 1 0 0 1 1 1 1 0 0 0 0 1 1 1 0 1 1 
1 0 0 1 0 0 0 1 1 1 0 1 0 0 1 1 0 1 0 1 1 1 0 1 0 0 1 1 0 1 1 
1 0 0 0 1 1 0 0 1 0 0 0 0 1 0 0 1 1 0 0 0 1 0 1 0 1 0 0 0 0 1 
0 1 0 0 1 1 0 0 0 1 0 1 0 0 0 0 0 1 0 0 1 0 0 0 1 0 0 0 0 0 1 
1 0 1 1 0 1 1 1 0 0 0 0 0 1 1 0 0 0 0 1 1 0 1 0 0 1 0 0 0 1 0 
1 0 1 1 1 0 1 0 1 0 1 0 1 0 0 0 0 0 0 1 1 1 0 1 1 0 0 0 0 1 0 
0 0 0 0 1 1 0 1 0 1 0 1 1 1 1 1 1 0 1 1 1 0 0 0 1 1 0 1 0 1 0 
0 1 0 0 1 0 1 0 1 0 0 1 1 0 1 1 0 1 1 0 0 0 1 0 0 1 1 0 0 0 0 
0 1 1 0 0 1 0 1 0 0 1 1 0 0 0 0 0 0 0 1 1 0 1 1 0 0 1 0 1 1 1 
1 1 0 1 0 0 1 0 0 0 0 0 1 1 1 0 1 1 0 0 1 1 0 0 1 1 0 0 1 1 0 
1 0 0 0 0 1 0 0 1 0 0 0 1 1 1 1 0 0 1 0 1 1 1 0 1 1 1 1 1 1 0 
0 1 0 1 0 0 1 1 1 0 0 0 1 0 0 0 1 1 0 1 0 0 0 0 0 0 1 1 1 0 1 
0 0 0 0 0 1 1 1 0 1 1 1 0 1 0 1 1 0 0 1 1 0 0 0 0 0 0 0 1 1 1 
1 0 1 0 1 0 1 0 0 1 1 0 1 0 1 0 0 1 0 1 1 0 1 1 0 0 1 0 1 1 1 
1 1 0 0 1 0 1 1 0 1 1 0 0 1 0 1 0 1 1 1 0 1 1 1 0 1 1 1 1 0 1 
0 1 0 0 0 0 1 1 0 0 1 0 1 0 1 0 0 1 1 0 0 0 1 1 0 0 0 0 1 1 1 
0 0 1 0 0 0 1 0 0 1 0 1 1 0 0 0 0 0 0 1 0 0 1 0 1 1 1 0 1 0 0 
1 1 1 1 0 0 0 1 0 1 0 1 0 1 1 1 0 0 0 0 0 1 0 1 1 1 1 0 0 0 0 
1 0 0 0 0 0 1 1 0 0 1 0 0 0 1 1 0 0 0 1 0 1 1 1 0 1 1 0 0 0 1 
1 1 0 0 1 1 1 0 1 0 0 1 1 1 1 0 1 0 1 0 1 0 0 0 1 1 1 1 0 0 0 
1 1 0 1 1 1 1 0 1 1 1 0 1 1 0 0 0 0 0 1 0 0 0 0 1 0 1 1 0 1 1 
0 1 1 0 0 1 0 0 0 1 1 0 0 0 1 0 0 1 1 0 0 0 0 0 0 0 1 1 1 1 0 
0 0 0 0 1 0 0 1 1 0 1 0 0 1 1 1 1 0 1 0 0 0 0 0 1 0 1 1 0 1 0 
0 1 1 0 0 1 0 0 1 0 0 0 0 1 1 1 0 1 1 0 0 0 0 0 0 0 1 1 1 1 0 
0 0 0 1 0 1 1 0 0 1 1 0 0 0 0 0 1 1 0 1 1 0 1 0 0 0 0 0 0 0 1 
1 0 1 0 1 0 1 1 0 1 1 0 0 0 1 0 1 1 1 1 0 0 0 0 0 0 1 1 1 0 0 
1 1 0 0 0 0 0 1 1 0 1 1 0 1 1 0 1 1 1 1 1 1 1 1 0 1 0 1 1 1 0 
1 1 0 0 0 0 1 0 0 0 1 1 0 0 1 0 0 0 0 1 1 1 1 1 0 1 1 0 1 0 1 
0 0 0 0 0 0 0 0 1 1 1 1 1 1 1 1 1 0 0 0 0 1 0 1 0 1 1 1 0 0 0 
1 1 0 0 1 1 1 0 1 1 1 0 1 1 0 1 0 0 0 0 1 1 1 1 0 0 1 0 0 0 0 
1 1 1 1 0 0 0 0 1 0 0 1 1 1 1 1 0 0 1 0 1 0 0 0 1 0 0 1 0 0 0 

20 5 11 2 1 13 17 22 23 21 14 10 16 8 9 29 27 6 3 30 24 12 28 4 25 15 0 19 7 18 26 
0 26
1 4
2 3
3 18
4 23
5 1
6 17
7 28
8 13
9 14
10 11
11 2
12 21
13 5
14 10
15 25
16 12
17 6
18 29
19 27
20 0
21 9
22 7
23 8
24 20
25 24
26 30
27 16
28 22
29 15
30 19
SIMILAR

1 25 27 30 18 26 19 12 16 6 29 4 24 17 5 9 0 14 3 23 10 7 11 15 20 22 28 13 21 2 8 
0 16
1 0
2 29
3 18
4 11
5 14
6 9
7 21
8 30
9 15
10 20
11 22
12 7
13 27
14 17
15 23
16 8
17 13
18 4
19 6
20 24
21 28
22 25
23 19
24 12
25 1
26 5
27 2
28 26
29 10
30 3
SIMILAR

28 6 0 2 17 12 16 7 9 11 13 30 25 1 24 19 4 20 26 23 15 14 27 29 3 22 10 18 21 5 8 
0 2
1 13
2 3
3 24
4 16
5 29
6 1
7 7
8 30
9 8
10 26
11 9
12 5
13 10
14 21
15 20
16 6
17 4
18 27
19 15
20 17
21 28
22 25
23 19
24 14
25 12
26 18
27 22
28 0
29 23
30 11
SIMILAR

11 21 13 23 28 17 24 8 14 29 12 25 10 15 5 0 9 2 30 19 26 7 27 16 6 22 1 20 18 4 3 
0 15
1 26
2 17
3 30
4 29
5 14
6 24
7 21
8 7
9 16
10 12
11 0
12 10
13 2
14 8
15 13
16 23
17 5
18 28
19 19
20 27
21 1
22 25
23 3
24 6
25 11
26 20
27 22
28 4
29 9
30 18
SIMILAR

4 12 26 2 25 24 5 0 13 23 15 28 8 30 1 10 16 27 9 20 7 11 21 29 14 19 3 22 17 6 18 
0 7
1 14
2 3
3 26
4 0
5 6
6 29
7 20
8 12
9 18
10 15
11 21
12 1
13 8
14 24
15 10
16 16
17 28
18 30
19 25
20 19
21 22
22 27
23 9
24 5
25 4
26 2
27 17
28 11
29 23
30 13
SIMILAR

19 15 10 7 24 30 28 6 8 14 18 22 3 25 27 23 13 20 17 9 0 21 5 29 4 1 2 12 11 26 16 
0 20
1 25
2 26
3 12
4 24
5 22
6 7
7 3
8 8
9 19
10 2
11 28
12 27
13 16
14 9
15 1
16 30
17 18
18 10
19 0
20 17
21 21
22 11
23 15
24 4
25 13
26 29
27 14
28 6
29 23
30 5
SIMILAR

2 1 29 26 0 12 18 3 7 6 28 5 21 9 27 20 8 23 11 13 24 25 30 14 17 16 22 19 4 15 10 
0 4
1 1
2 0
3 7
4 28
5 11
6 9
7 8
8 16
9 13
10 30
11 18
12 5
13 19
14 23
15 29
16 25
17 24
18 6
19 27
20 15
21 12
22 26
23 17
24 20
25 21
26 3
27 14
28 10
29 2
30 22
SIMILAR

17 22 30 28 7 25 4 27 24 18 23 0 21 29 3 5 6 15 26 10 20 14 19 12 11 13 8 1 9 2 16 
0 11
1 27
2 29
3 14
4 6
5 15
6 16
7 4
8 26
9 28
10 19
11 24
12 23
13 25
14 21
15 17
16 30
17 0
18 9
19 22
20 20
21 12
22 1
23 10
24 8
25 5
26 18
27 7
28 3
29 13
30 2
SIMILAR

22 27 3 15 20 0 6 28 11 10 19 9 30 4 5 2 25 18 1 16 7 21 8 29 14 17 26 13 24 12 23 
0 5
1 18
2 15
3 2
4 13
5 14
6 6
7 20
8 22
9 11
10 9
11 8
12 29
13 27
14 24
15 3
16 19
17 25
18 17
19 10
20 4
21 21
22 0
23 30
24 28
25 16
26 26
27 1
28 7
29 23
30 12
SIMILAR

16 21 25 23 20 22 10 13 30 1 12 18 8 0 29 24 4 2 17 3 15 5 9 7 19 11 6 14 26 27 28 
0 13
1 9
2 17
3 19
4 16
5 21
6 26
7 23
8 12
9 22
10 6
11 25
12 10
13 7
14 27
15 20
16 0
17 18
18 11
19 24
20 4
21 1
22 5
23 3
24 15
25 2
26 28
27 29
28 30
29 14
30 8
SIMILAR

12 9 23 15 19 11 6 13 4 20 18 24 22 10 26 29 1 2 5 3 25 17 28 16 30 27 21 14 0 7 8 
0 28
1 16
2 17
3 19
4 8
5 18
6 6
7 29
8 30
9 1
10 13
11 5
12 0
13 7
14 27
15 3
16 23
17 21
18 10
19 4
20 9
21 26
22 12
23 2
24 11
25 20
26 14
27 25
28 22
29 15
30 24
SIMILAR

21 24 25 12 29 18 2 11 27 26 1 15 30 20 17 3 23 5 19 10 7 9 0 13 4 16 6 22 8 28 14 
0 22
1 10
2 6
3 15
4 24
5 17
6 26
7 20
8 28
9 21
10 19
11 7
12 3
13 23
14 30
15 11
16 25
17 14
18 5
19 18
20 13
21 0
22 27
23 16
24 1
25 2
26 9
27 8
28 29
29 4
30 12
SIMILAR

9 18 15 4 16 14 6 26 30 10 5 2 19 0 24 25 28 22 29 27 12 1 20 8 3 23 13 21 11 17 7 
0 13
1 21
2 11
3 24
4 3
5 10
6 6
7 30
8 23
9 0
10 9
11 28
12 20
13 26
14 5
15 2
16 4
17 29
18 1
19 12
20 22
21 27
22 17
23 25
24 14
25 15
26 7
27 19
28 16
29 18
30 8
SIMILAR

11 28 6 10 16 0 9 17 30 8 15 1 20 2 29 26 4 24 22 19 12 27 21 18 7 25 3 5 23 13 14 
0 5
1 11
2 13
3 26
4 16
5 27
6 2
7 24
8 9
9 6
10 3
11 0
12 20
13 29
14 30
15 10
16 4
17 7
18 23
19 19
20 12
21 22
22 18
23 28
24 17
25 25
26 15
27 21
28 1
29 14
30 8
SIMILAR

19 2 16 12 26 25 27 20 11 30 14 18 9 8 10 17 1 24 15 0 21 5 29 3 4 13 23 6 22 7 28 
0 19
1 16
2 1
3 23
4 24
5 21
6 27
7 29
8 13
9 12
10 14
11 8
12 3
13 25
14 10
15 18
16 2
17 15
18 11
19 0
20 7
21 20
22 28
23 26
24 17
25 5
26 4
27 6
28 30
29 22
30 9
SIMILAR

5 7 29 18 15 14 27 19 23 21 24 0 9 25 30 26 6 3 20 13 2 16 8 28 12 4 11 22 17 1 10 
0 11
1 29
2 20
3 17
4 25
5 0
6 16
7 1
8 22
9 12
10 30
11 26
12 24
13 19
14 5
15 4
16 21
17 28
18 3
19 7
20 18
21 9
22 27
23 8
24 10
25 13
26 15
27 6
28 23
29 2
30 14
SIMILAR

5 14 12 2 16 0 28 29 7 1 30 27 3 15 20 23 19 6 18 25 24 13 17 21 11 22 4 8 26 10 9 
0 5
1 9
2 3
3 12
4 26
5 0
6 17
7 8
8 27
9 30
10 29
11 24
12 2
13 21
14 1
15 13
16 4
17 22
18 18
19 16
20 14
21 23
22 25
23 15
24 20
25 19
26 28
27 11
28 6
29 7
30 10
SIMILAR

23 11 14 2 19 26 12 16 21 4 7 20 6 17 10 0 27 8 13 15 5 24 30 29 22 3 18 25 1 28 9 
0 15
1 28
2 3
3 25
4 9
5 20
6 12
7 10
8 17
9 30
10 14
11 1
12 6
13 18
14 2
15 19
16 7
17 13
18 26
19 4
20 11
21 8
22 24
23 0
24 21
25 27
26 5
27 16
28 29
29 23
30 22
SIMILAR

14 19 12 13 10 6 20 0 11 7 3 16 4 30 26 25 17 21 5 24 18 28 2 22 29 15 23 27 8 9 1 
0 7
1 30
2 22
3 10
4 12
5 18
6 5
7 9
8 28
9 29
10 4
11 8
12 2
13 3
14 0
15 25
16 11
17 16
18 20
19 1
20 6
21 17
22 23
23 26
24 19
25 15
26 14
27 27
28 21
29 24
30 13
SIMILAR

30 4 18 5 0 7 12 11 15 16 3 27 24 10 25 20 23 2 28 6 8 19 26 21 13 14 1 17 22 29 9 
0 4
1 26
2 17
3 10
4 1
5 3
6 19
7 5
8 20
9 30
10 13
11 7
12 6
13 24
14 25
15 8
16 9
17 27
18 2
19 21
20 15
21 23
22 28
23 16
24 12
25 14
26 22
27 11
28 18
29 29
30 0
SIMILAR

23 24 30 5 6 29 7 9 22 21 25 11 28 3 4 18 8 0 13 14 20 27 1 17 16 10 12 19 2 26 15 
0 17
1 22
2 28
3 13
4 14
5 3
6 4
7 6
8 16
9 7
10 25
11 11
12 26
13 18
14 19
15 30
16 24
17 23
18 15
19 27
20 20
21 9
22 8
23 0
24 1
25 10
26 29
27 21
28 12
29 5
30 2
SIMILAR

9 15 21 18 24 22 16 4 20 26 12 7 27 0 2 29 6 1 19 28 3 17 11 5 25 8 13 10 23 30 14 
0 13
1 17
2 14
3 20
4 7
5 23
6 16
7 11
8 25
9 0
10 27
11 22
12 10
13 26
14 30
15 1
16 6
17 21
18 3
19 18
20 8
21 2
22 5
23 28
24 4
25 24
26 9
27 12
28 19
29 15
30 29
SIMILAR

24 12 10 3 14 21 13 20 25 18 29 28 26 15 2 8 22 30 5 17 1 11 19 4 6 7 0 16 27 23 9 
0 26
1 20
2 14
3 3
4 23
5 18
6 24
7 25
8 15
9 30
10 2
11 21
12 1
13 6
14 4
15 13
16 27
17 19
18 9
19 22
20 7
21 5
22 16
23 29
24 0
25 8
26 12
27 28
28 11
29 10
30 17
SIMILAR

18 10 22 8 19 4 25 23 7 6 27 12 14 24 28 11 1 29 13 15 0 3 16 9 17 20 5 21 30 26 2 
0 20
1 16
2 30
3 21
4 5
5 26
6 9
7 8
8 3
9 23
10 1
11 15
12 11
13 18
14 12
15 19
16 22
17 24
18 0
19 4
20 25
21 27
22 2
23 7
24 13
25 6
26 29
27 10
28 14
29 17
30 28
SIMILAR

10 4 27 17 0 11 19 25 1 15 20 5 24 12 18 14 30 8 2 29 9 23 21 26 13 16 28 3 7 22 6 
0 4
1 8
2 18
3 27
4 1
5 11
6 30
7 28
8 17
9 20
10 0
11 5
12 13
13 24
14 15
15 9
16 25
17 3
18 14
19 6
20 10
21 22
22 29
23 21
24 12
25 7
26 23
27 2
28 26
29 19
30 16
SIMILAR

3 9 8 18 14 10 20 17 23 22 26 4 24 11 2 15 12 27 7 21 16 6 13 5 19 28 29 1 25 0 30 
0 29
1 27
2 14
3 0
4 11
5 23
6 21
7 18
8 2
9 1
10 5
11 13
12 16
13 22
14 4
15 15
16 20
17 7
18 3
19 24
20 6
21 19
22 9
23 8
24 12
25 28
26 10
27 17
28 25
29 26
30 30
SIMILAR

21 12 6 24 14 29 15 28 11 27 16 20 3 2 19 1 26 8 9 13 10 23 17 7 25 0 5 22 30 18 4 
0 25
1 15
2 13
3 12
4 30
5 26
6 2
7 23
8 17
9 18
10 20
11 8
12 1
13 19
14 4
15 6
16 10
17 22
18 29
19 14
20 11
21 0
22 27
23 21
24 3
25 24
26 16
27 9
28 7
29 5
30 28
SIMILAR

30 17 2 19 28 25 18 23 24 20 29 14 21 27 15 13 3 5 9 4 6 26 16 1 10 22 12 7 8 0 11 
0 29
1 23
2 2
3 16
4 19
5 17
6 20
7 27
8 28
9 18
10 24
11 30
12 26
13 15
14 11
15 14
16 22
17 1
18 6
19 3
20 9
21 12
22 25
23 7
24 8
25 5
26 21
27 13
28 4
29 10
30 0
SIMILAR

16 28 12 29 25 22 11 10 30 1 26 4 9 19 8 14 6 20 3 13 21 2 17 24 15 27 23 0 5 18 7 
0 27
1 9
2 21
3 18
4 11
5 28
6 16
7 30
8 14
9 12
10 7
11 6
12 2
13 19
14 15
15 24
16 0
17 22
18 29
19 13
20 17
21 20
22 5
23 26
24 23
25 4
26 10
27 25
28 1
29 3
30 8
SIMILAR

2 18 23 6 5 8 3 7 29 0 25 28 11 10 20 26 19 24 30 21 16 1 13 15 17 9 4 22 12 27 14 
0 9
1 21
2 0
3 6
4 26
5 4
6 3
7 7
8 5
9 25
10 13
11 12
12 28
13 22
14 30
15 23
16 20
17 24
18 1
19 16
20 14
21 19
22 27
23 2
24 17
25 10
26 15
27 29
28 11
29 8
30 18
SIMILAR

28 25 16 1 7 21 12 18 13 6 26 11 9 29 5 24 10 23 3 22 19 20 2 4 17 30 15 27 14 8 0 
0 30
1 3
2 22
3 18
4 23
5 14
6 9
7 4
8 29
9 12
10 16
11 11
12 6
13 8
14 28
15 26
16 2
17 24
18 7
19 20
20 21
21 5
22 19
23 17
24 15
25 1
26 10
27 27
28 0
29 13
30 25
SIMILAR

28 9 18 30 1 5 13 19 22 10 16 15 7 8 17 29 6 0 20 11 27 25 12 14 23 24 2 3 4 26 21 
0 17
1 4
2 26
3 27
4 28
5 5
6 16
7 12
8 13
9 1
10 9
11 19
12 22
13 6
14 23
15 11
16 10
17 14
18 2
19 7
20 18
21 30
22 8
23 24
24 25
25 21
26 29
27 20
28 0
29 15
30 3
SIMILAR

12 6 4 25 22 11 9 27 8 1 10 20 2 23 7 17 14 0 18 28 26 24 21 13 16 3 29 30 15 5 19 
0 17
1 9
2 12
3 25
4 2
5 29
6 1
7 14
8 8
9 6
10 10
11 5
12 0
13 23
14 16
15 28
16 24
17 15
18 18
19 30
20 11
21 22
22 4
23 13
24 21
25 3
26 20
27 7
28 19
29 26
30 27
SIMILAR

28 20 23 4 24 7 25 13 16 3 1 30 26 14 11 0 2 5 6 12 22 9 17 8 21 27 29 18 19 15 10 
0 15
1 10
2 16
3 9
4 3
5 17
6 18
7 5
8 23
9 21
10 30
11 14
12 19
13 7
14 13
15 29
16 8
17 22
18 27
19 28
20 1
21 24
22 20
23 2
24 4
25 6
26 12
27 25
28 0
29 26
30 11
SIMILAR

3 8 21 10 13 15 4 11 1 6 16 25 14 20 0 9 5 24 30 18 17 19 26 22 23 27 7 12 28 2 29 
0 14
1 8
2 29
3 0
4 6
5 16
6 9
7 26
8 1
9 15
10 3
11 7
12 27
13 4
14 12
15 5
16 10
17 20
18 19
19 21
20 13
21 2
22 23
23 24
24 17
25 11
26 22
27 25
28 28
29 30
30 18
SIMILAR

27 0 30 8 17 29 15 18 5 19 6 11 21 20 12 13 2 14 28 3 24 23 4 10 22 9 7 1 16 26 25 
0 1
1 27
2 16
3 19
4 22
5 8
6 10
7 26
8 3
9 25
10 23
11 11
12 14
13 15
14 17
15 6
16 28
17 4
18 7
19 9
20 13
21 12
22 24
23 21
24 20
25 30
26 29
27 0
28 18
29 5
30 2
SIMILAR

0 7 16 12 28 25 20 19 18 14 5 4 26 17 9 21 30 1 13 24 11 10 22 15 23 3 29 27 2 6 8 
0 0
1 17
2 28
3 25
4 11
5 10
6 29
7 1
8 30
9 14
10 21
11 20
12 3
13 18
14 9
15 23
16 2
17 13
18 8
19 7
20 6
21 15
22 22
23 24
24 19
25 5
26 12
27 27
28 4
29 26
30 16
SIMILAR

0 29 13 4 11 25 5 9 1 6 28 19 15 22 17 14 30 27 16 21 2 7 3 12 8 24 26 23 10 20 18 
0 0
1 8
2 20
3 22
4 3
5 6
6 9
7 21
8 24
9 7
10 28
11 4
12 23
13 2
14 15
15 12
16 18
17 14
18 30
19 11
20 29
21 19
22 13
23 27
24 25
25 5
26 26
27 17
28 10
29 1
30 16
SIMILAR

5 21 29 10 2 3 22 25 4 16 30 18 7 23 13 24 12 11 1 14 28 9 17 27 20 15 19 6 0 8 26 
0 28
1 18
2 4
3 5
4 8
5 0
6 27
7 12
8 29
9 21
10 3
11 17
12 16
13 14
14 19
15 25
16 9
17 22
18 11
19 26
20 24
21 1
22 6
23 13
24 15
25 7
26 30
27 23
28 20
29 2
30 10
SIMILAR

19 12 3 21 7 29 10 20 16 2 14 18 6 9 28 13 26 24 22 25 4 5 27 0 23 15 17 1 11 8 30 
0 23
1 27
2 9
3 2
4 20
5 21
6 12
7 4
8 29
9 13
10 6
11 28
12 1
13 15
14 10
15 25
16 8
17 26
18 11
19 0
20 7
21 3
22 18
23 24
24 17
25 19
26 16
27 22
28 14
29 5
30 30
SIMILAR

18 21 6 25 14 12 13 17 2 7 30 22 26 11 8 20 9 27 10 5 0 29 1 24 28 4 3 16 15 23 19 
0 20
1 22
2 8
3 26
4 25
5 19
6 2
7 9
8 14
9 16
10 18
11 13
12 5
13 6
14 4
15 28
16 27
17 7
18 0
19 30
20 15
21 1
22 11
23 29
24 23
25 3
26 12
27 17
28 24
29 21
30 10
SIMILAR

19 22 10 7 14 20 17 29 13 9 26 6 27 5 0 30 12 3 24 15 8 11 4 2 28 21 25 16 1 23 18 
0 14
1 28
2 23
3 17
4 22
5 13
6 11
7 3
8 20
9 9
10 2
11 21
12 16
13 8
14 4
15 19
16 27
17 6
18 30
19 0
20 5
21 25
22 1
23 29
24 18
25 26
26 10
27 12
28 24
29 7
30 15
SIMILAR

7 14 29 22 5 26 20 0 13 2 1 9 17 21 10 25 28 8 23 16 27 12 11 24 18 6 15 19 4 3 30 
0 7
1 10
2 9
3 29
4 28
5 4
6 25
7 0
8 17
9 11
10 14
11 22
12 21
13 8
14 1
15 26
16 19
17 12
18 24
19 27
20 6
21 13
22 3
23 18
24 23
25 15
26 5
27 20
28 16
29 2
30 30
SIMILAR

6 0 5 2 17 20 7 21 3 10 13 16 1 8 12 19 22 9 30 11 14 27 25 23 28 29 4 26 24 15 18 
0 1
1 12
2 3
3 8
4 26
5 2
6 0
7 6
8 13
9 17
10 9
11 19
12 14
13 10
14 20
15 29
16 11
17 4
18 30
19 15
20 5
21 7
22 16
23 23
24 28
25 22
26 27
27 21
28 24
29 25
30 18
SIMILAR

12 6 8 5 10 7 14 2 28 24 22 18 0 4 25 21 9 11 20 30 15 27 17 26 16 13 1 3 29 23 19 
0 12
1 26
2 7
3 27
4 13
5 3
6 1
7 5
8 2
9 16
10 4
11 17
12 0
13 25
14 6
15 20
16 24
17 22
18 11
19 30
20 18
21 15
22 10
23 29
24 9
25 14
26 23
27 21
28 8
29 28
30 19
SIMILAR

1 8 10 9 22 12 13 7 4 24 11 21 29 28 2 6 14 3 0 27 17 25 19 23 18 15 26 16 5 30 20 
0 18
1 0
2 14
3 17
4 8
5 28
6 15
7 7
8 1
9 3
10 2
11 10
12 5
13 6
14 16
15 25
16 27
17 20
18 24
19 22
20 30
21 11
22 4
23 23
24 9
25 21
26 26
27 19
28 13
29 12
30 29
SIMILAR

14 10 9 30 17 2 26 18 12 27 7 1 11 23 5 21 0 19 8 6 22 16 25 3 15 24 29 28 20 4 13 
0 16
1 11
2 5
3 23
4 29
5 14
6 19
7 10
8 18
9 2
10 1
11 12
12 8
13 30
14 0
15 24
16 21
17 4
18 7
19 17
20 28
21 15
22 20
23 13
24 25
25 22
26 6
27 9
28 27
29 26
30 3
SIMILAR

22 5 4 7 19 29 17 21 15 1 20 28 11 16 3 14 10 30 18 0 2 27 23 6 9 12 24 26 13 8 25 
0 19
1 9
2 20
3 14
4 2
5 1
6 23
7 3
8 29
9 24
10 16
11 12
12 25
13 28
14 15
15 8
16 13
17 6
18 18
19 4
20 10
21 7
22 0
23 22
24 26
25 30
26 27
27 21
28 11
29 5
30 17
SIMILAR

13 21 16 22 7 11 8 30 9 17 1 15 18 25 14 12 28 10 4 5 2 26 27 0 29 24 20 23 19 3 6 
0 23
1 10
2 20
3 29
4 18
5 19
6 30
7 4
8 6
9 8
10 17
11 5
12 15
13 0
14 14
15 11
16 2
17 9
18 12
19 28
20 26
21 1
22 3
23 27
24 25
25 13
26 21
27 22
28 16
29 24
30 7
SIMILAR

4 12 29 3 17 14 22 1 0 18 23 26 24 10 6 5 30 19 15 28 8 2 16 11 21 13 7 9 27 25 20 
0 8
1 7
2 21
3 3
4 0
5 15
6 14
7 26
8 20
9 27
10 13
11 23
12 1
13 25
14 5
15 18
16 22
17 4
18 9
19 17
20 30
21 24
22 6
23 10
24 12
25 29
26 11
27 28
28 19
29 2
30 16
SIMILAR

27 20 10 29 24 12 9 8 19 22 23 4 5 30 2 3 1 13 21 26 15 18 11 0 17 25 28 14 7 6 16 
0 23
1 16
2 14
3 15
4 11
5 12
6 29
7 28
8 7
9 6
10 2
11 22
12 5
13 17
14 27
15 20
16 30
17 24
18 21
19 8
20 1
21 18
22 9
23 10
24 4
25 25
26 19
27 0
28 26
29 3
30 13
SIMILAR

14 4 25 11 8 0 29 12 30 20 5 10 17 24 27 23 21 19 13 16 9 22 6 15 28 1 2 18 26 3 7 
0 5
1 25
2 26
3 29
4 1
5 10
6 22
7 30
8 4
9 20
10 11
11 3
12 7
13 18
14 0
15 23
16 19
17 12
18 27
19 17
20 9
21 16
22 21
23 15
24 13
25 2
26 28
27 14
28 24
29 6
30 8
SIMILAR

30 10 19 24 9 2 5 16 6 1 20 3 11 14 23 25 13 18 4 17 15 8 29 7 21 28 0 26 27 22 12 
0 26
1 9
2 5
3 11
4 18
5 6
6 8
7 23
8 21
9 4
10 1
11 12
12 30
13 16
14 13
15 20
16 7
17 19
18 17
19 2
20 10
21 24
22 29
23 14
24 3
25 15
26 27
27 28
28 25
29 22
30 0
SIMILAR

17 16 24 20 30 18 10 4 22 23 15 5 3 25 6 19 12 11 27 0 14 8 9 2 13 28 1 7 26 29 21 
0 19
1 26
2 23
3 12
4 7
5 11
6 14
7 27
8 21
9 22
10 6
11 17
12 16
13 24
14 20
15 10
16 1
17 0
18 5
19 15
20 3
21 30
22 8
23 9
24 2
25 13
26 28
27 18
28 25
29 29
30 4
SIMILAR

14 13 8 7 4 16 23 17 3 27 26 29 0 15 6 5 20 24 22 18 19 10 12 1 25 21 11 30 9 28 2 
0 12
1 23
2 30
3 8
4 4
5 15
6 14
7 3
8 2
9 28
10 21
11 26
12 22
13 1
14 0
15 13
16 5
17 7
18 19
19 20
20 16
21 25
22 18
23 6
24 17
25 24
26 10
27 9
28 29
29 11
30 27
SIMILAR

11 3 21 0 1 29 8 2 25 17 12 10 27 28 16 23 14 4 26 5 22 9 30 6 15 13 19 24 20 18 7 
0 3
1 4
2 7
3 1
4 17
5 19
6 23
7 30
8 6
9 21
10 11
11 0
12 10
13 25
14 16
15 24
16 14
17 9
18 29
19 26
20 28
21 2
22 20
23 15
24 27
25 8
26 18
27 12
28 13
29 5
30 22
SIMILAR

13 11 23 29 20 18 27 19 6 7 15 30 26 10 0 17 1 24 28 16 12 2 9 4 8 21 25 22 5 14 3 
0 14
1 16
2 21
3 30
4 23
5 28
6 8
7 9
8 24
9 22
10 13
11 1
12 20
13 0
14 29
15 10
16 19
17 15
18 5
19 7
20 4
21 25
22 27
23 2
24 17
25 26
26 12
27 6
28 18
29 3
30 11
SIMILAR

6 27 21 8 29 26 7 17 13 25 9 12 15 24 14 28 0 18 4 16 1 11 22 19 23 30 2 5 20 10 3 
0 16
1 20
2 26
3 30
4 18
5 27
6 0
7 6
8 3
9 10
10 29
11 21
12 11
13 8
14 14
15 12
16 19
17 7
18 17
19 23
20 28
21 2
22 22
23 24
24 13
25 9
26 5
27 1
28 15
29 4
30 25
SIMILAR

26 5 7 23 13 18 11 30 0 1 2 8 6 14 25 3 4 21 24 22 17 27 16 20 15 19 10 9 29 28 12 
0 8
1 9
2 10
3 15
4 16
5 1
6 12
7 2
8 11
9 27
10 26
11 6
12 30
13 4
14 13
15 24
16 22
17 20
18 5
19 25
20 23
21 17
22 19
23 3
24 18
25 14
26 0
27 21
28 29
29 28
30 7
SIMILAR

11 23 1 25 19 26 10 9 8 13 30 21 5 29 28 24 18 17 22 2 27 0 15 4 12 14 16 6 20 7 3 
0 21
1 2
2 19
3 30
4 23
5 12
6 27
7 29
8 8
9 7
10 6
11 0
12 24
13 9
14 25
15 22
16 26
17 17
18 16
19 4
20 28
21 11
22 18
23 1
24 15
25 3
26 5
27 20
28 14
29 13
30 10
SIMILAR

17 12 13 0 29 18 7 2 23 14 10 30 22 27 25 11 20 28 4 15 5 21 9 6 19 26 8 3 24 16 1 
0 3
1 30
2 7
3 27
4 18
5 20
6 23
7 6
8 26
9 22
10 10
11 15
12 1
13 2
14 9
15 19
16 29
17 0
18 5
19 24
20 16
21 21
22 12
23 8
24 28
25 14
26 25
27 13
28 17
29 4
30 11
SIMILAR

0 25 24 26 29 30 2 9 19 23 17 3 18 15 20 14 8 22 4 6 21 11 27 13 1 28 10 16 5 7 12 
0 0
1 24
2 6
3 11
4 18
5 28
6 19
7 29
8 16
9 7
10 26
11 21
12 30
13 23
14 15
15 13
16 27
17 10
18 12
19 8
20 14
21 20
22 17
23 9
24 2
25 1
26 3
27 22
28 25
29 4
30 5
SIMILAR

19 7 5 8 2 4 13 6 10 12 14 24 29 15 9 11 0 30 23 16 20 17 28 22 27 1 26 25 21 18 3 
0 16
1 25
2 4
3 30
4 5
5 2
6 7
7 1
8 3
9 14
10 8
11 15
12 9
13 6
14 10
15 13
16 19
17 21
18 29
19 0
20 20
21 28
22 23
23 18
24 11
25 27
26 26
27 24
28 22
29 12
30 17
SIMILAR

25 26 28 7 12 0 13 17 1 27 16 3 20 24 10 22 18 9 2 19 29 4 6 11 8 23 15 14 30 5 21 
0 5
1 8
2 18
3 11
4 21
5 29
6 22
7 3
8 24
9 17
10 14
11 23
12 4
13 6
14 27
15 26
16 10
17 7
18 16
19 19
20 12
21 30
22 15
23 25
24 13
25 0
26 1
27 9
28 2
29 20
30 28
SIMILAR

6 5 1 29 17 27 18 14 3 26 11 4 0 8 16 22 15 21 20 23 28 25 7 24 19 2 12 10 9 13 30 
0 12
1 2
2 25
3 8
4 11
5 1
6 0
7 22
8 13
9 28
10 27
11 10
12 26
13 29
14 7
15 16
16 14
17 4
18 6
19 24
20 18
21 17
22 15
23 19
24 23
25 21
26 9
27 5
28 20
29 3
30 30
SIMILAR

0 19 22 3 7 23 14 10 25 26 8 27 9 11 29 28 21 30 15 18 17 6 2 16 12 4 13 1 5 20 24 
0 0
1 27
2 22
3 3
4 25
5 28
6 21
7 4
8 10
9 12
10 7
11 13
12 24
13 26
14 6
15 18
16 23
17 20
18 19
19 1
20 29
21 16
22 2
23 5
24 30
25 8
26 9
27 11
28 15
29 14
30 17
SIMILAR

5 11 9 16 25 23 15 13 19 29 18 2 6 3 28 21 12 14 27 10 17 1 24 7 20 0 8 30 22 4 26 
0 25
1 21
2 11
3 13
4 29
5 0
6 12
7 23
8 26
9 2
10 19
11 1
12 16
13 7
14 17
15 6
16 3
17 20
18 10
19 8
20 24
21 15
22 28
23 5
24 22
25 4
26 30
27 18
28 14
29 9
30 27
SIMILAR

26 8 17 25 13 2 30 24 4 29 21 16 11 0 27 23 5 28 19 10 3 7 12 15 6 22 14 1 9 18 20 
0 13
1 27
2 5
3 20
4 8
5 16
6 24
7 21
8 1
9 28
10 19
11 12
12 22
13 4
14 26
15 23
16 11
17 2
18 29
19 18
20 30
21 10
22 25
23 15
24 7
25 3
26 0
27 14
28 17
29 9
30 6
SIMILAR

29 6 12 30 19 25 20 11 21 16 15 17 7 4 27 24 14 9 28 18 23 26 8 1 13 0 10 22 3 5 2 
0 25
1 23
2 30
3 28
4 13
5 29
6 1
7 12
8 22
9 17
10 26
11 7
12 2
13 24
14 16
15 10
16 9
17 11
18 19
19 4
20 6
21 8
22 27
23 20
24 15
25 5
26 21
27 14
28 18
29 0
30 3
SIMILAR

25 13 12 6 20 29 1 2 11 17 14 28 30 18 16 3 7 0 24 5 21 19 15 27 4 9 10 22 26 23 8 
0 17
1 6
2 7
3 15
4 24
5 19
6 3
7 16
8 30
9 25
10 26
11 8
12 2
13 1
14 10
15 22
16 14
17 9
18 13
19 21
20 4
21 20
22 27
23 29
24 18
25 0
26 28
27 23
28 11
29 5
30 12
SIMILAR

27 0 18 22 2 23 11 15 4 6 20 3 9 12 30 16 14 25 19 17 21 24 26 1 8 7 28 5 13 29 10 
0 1
1 23
2 4
3 11
4 8
5 27
6 9
7 25
8 24
9 12
10 30
11 6
12 13
13 28
14 16
15 7
16 15
17 19
18 2
19 18
20 10
21 20
22 3
23 5
24 21
25 17
26 22
27 0
28 26
29 29
30 14
SIMILAR

3 14 6 0 1 12 29 2 11 20 27 5 13 21 18 17 15 4 9 26 28 23 19 25 10 7 8 30 24 22 16 
0 3
1 4
2 7
3 0
4 17
5 11
6 2
7 25
8 26
9 18
10 24
11 8
12 5
13 12
14 1
15 16
16 30
17 15
18 14
19 22
20 9
21 13
22 29
23 21
24 28
25 23
26 19
27 10
28 20
29 6
30 27
SIMILAR

1 19 16 11 12 8 28 25 30 10 4 15 26 3 2 0 6 7 29 5 13 21 24 18 14 17 23 27 20 9 22 
0 15
1 0
2 14
3 13
4 10
5 19
6 16
7 17
8 5
9 29
10 9
11 3
12 4
13 20
14 24
15 11
16 2
17 25
18 23
19 1
20 28
21 21
22 30
23 26
24 22
25 7
26 12
27 27
28 6
29 18
30 8
SIMILAR

26 24 22 4 9 17 19 29 16 11 21 18 20 3 27 8 10 2 6 30 7 14 13 25 0 1 23 28 12 15 5 
0 24
1 25
2 17
3 13
4 3
5 30
6 18
7 20
8 15
9 4
10 16
11 9
12 28
13 22
14 21
15 29
16 8
17 5
18 11
19 6
20 12
21 10
22 2
23 26
24 1
25 23
26 0
27 14
28 27
29 7
30 19
SIMILAR

14 20 8 12 10 19 18 9 28 16 22 15 3 4 11 26 7 1 2 17 30 5 23 29 24 6 21 25 27 13 0 
0 30
1 17
2 18
3 12
4 13
5 21
6 25
7 16
8 2
9 7
10 4
11 14
12 3
13 29
14 0
15 11
16 9
17 19
18 6
19 5
20 1
21 26
22 10
23 22
24 24
25 27
26 15
27 28
28 8
29 23
30 20
SIMILAR

30 16 25 11 15 5 19 7 22 9 29 26 23 2 10 24 17 1 0 3 20 27 18 14 28 6 21 13 12 8 4 
0 18
1 17
2 13
3 19
4 30
5 5
6 25
7 7
8 29
9 9
10 14
11 3
12 28
13 27
14 23
15 4
16 1
17 16
18 22
19 6
20 20
21 26
22 8
23 12
24 15
25 2
26 11
27 21
28 24
29 10
30 0
SIMILAR

29 12 5 1 14 9 10 7 24 3 25 21 13 16 18 17 20 22 28 23 2 26 15 0 8 4 27 19 30 6 11 
0 23
1 3
2 20
3 9
4 25
5 2
6 29
7 7
8 24
9 5
10 6
11 30
12 1
13 12
14 4
15 22
16 13
17 15
18 14
19 27
20 16
21 11
22 17
23 19
24 8
25 10
26 21
27 26
28 18
29 0
30 28
SIMILAR

23 20 17 24 19 7 26 9 0 21 6 30 5 12 29 14 18 2 13 16 1 22 4 25 15 8 27 10 28 11 3 
0 8
1 20
2 17
3 30
4 22
5 12
6 10
7 5
8 25
9 7
10 27
11 29
12 13
13 18
14 15
15 24
16 19
17 2
18 16
19 4
20 1
21 9
22 21
23 0
24 3
25 23
26 6
27 26
28 28
29 14
30 11
SIMILAR

3 11 29 27 1 30 14 12 8 7 6 0 24 10 21 18 26 17 19 15 28 20 16 4 9 22 25 5 2 13 23 
0 11
1 4
2 28
3 0
4 23
5 27
6 10
7 9
8 8
9 24
10 13
11 1
12 7
13 29
14 6
15 19
16 22
17 17
18 15
19 18
20 21
21 14
22 25
23 30
24 12
25 26
26 16
27 3
28 20
29 2
30 5
SIMILAR

3 7 20 24 15 0 1 8 23 17 13 10 5 11 2 18 29 27 16 21 4 14 22 30 26 9 28 6 25 19 12 
0 5
1 6
2 14
3 0
4 20
5 12
6 27
7 1
8 7
9 25
10 11
11 13
12 30
13 10
14 21
15 4
16 18
17 9
18 15
19 29
20 2
21 19
22 22
23 8
24 3
25 28
26 24
27 17
28 26
29 16
30 23
SIMILAR

2 11 7 14 0 20 3 5 12 9 16 6 10 13 25 18 19 30 24 22 29 1 15 4 23 21 26 27 28 8 17 
0 4
1 21
2 0
3 6
4 23
5 7
6 11
7 2
8 29
9 9
10 12
11 1
12 8
13 13
14 3
15 22
16 10
17 30
18 15
19 16
20 5
21 25
22 19
23 24
24 18
25 14
26 26
27 27
28 28
29 20
30 17
SIMILAR

9 5 7 22 14 27 8 21 3 1 0 4 12 16 18 19 13 10 26 29 23 6 28 17 15 30 11 24 2 25 20 
0 10
1 9
2 28
3 8
4 11
5 1
6 21
7 2
8 6
9 0
10 17
11 26
12 12
13 16
14 4
15 24
16 13
17 23
18 14
19 15
20 30
21 7
22 3
23 20
24 27
25 29
26 18
27 5
28 22
29 19
30 25
SIMILAR

1 26 9 17 29 15 14 12 5 20 11 2 27 3 16 8 28 6 13 7 18 25 30 4 0 22 24 10 21 23 19 
0 24
1 0
2 11
3 13
4 23
5 8
6 17
7 19
8 15
9 2
10 27
11 10
12 7
13 18
14 6
15 5
16 14
17 3
18 20
19 30
20 9
21 28
22 25
23 29
24 26
25 21
26 1
27 12
28 16
29 4
30 22
SIMILAR

0 3 30 22 24 8 9 7 13 5 6 1 26 12 14 21 27 2 18 16 28 23 17 15 20 10 25 4 11 19 29 
0 0
1 11
2 17
3 1
4 27
5 9
6 10
7 7
8 5
9 6
10 25
11 28
12 13
13 8
14 14
15 23
16 19
17 22
18 18
19 29
20 24
21 15
22 3
23 21
24 4
25 26
26 12
27 16
28 20
29 30
30 2
SIMILAR

0 23 17 26 21 11 8 10 30 28 14 4 27 5 9 15 18 24 1 22 6 12 20 7 3 13 25 16 19 29 2 
0 0
1 18
2 30
3 24
4 11
5 13
6 20
7 23
8 6
9 14
10 7
11 5
12 21
13 25
14 10
15 15
16 27
17 2
18 16
19 28
20 22
21 4
22 19
23 1
24 17
25 26
26 3
27 12
28 9
29 29
30 8
SIMILAR

17 28 27 7 29 23 26 24 9 25 15 6 13 18 4 16 30 10 1 14 5 3 11 21 12 20 19 2 22 0 8 
0 29
1 18
2 27
3 21
4 14
5 20
6 11
7 3
8 30
9 8
10 17
11 22
12 24
13 12
14 19
15 10
16 15
17 0
18 13
19 26
20 25
21 23
22 28
23 5
24 7
25 9
26 6
27 2
28 1
29 4
30 16
SIMILAR

12 3 22 7 24 8 27 25 21 30 13 29 17 6 26 4 16 18 23 2 20 5 15 0 9 10 28 19 14 1 11 
0 23
1 29
2 19
3 1
4 15
5 21
6 13
7 3
8 5
9 24
10 25
11 30
12 0
13 10
14 28
15 22
16 16
17 12
18 17
19 27
20 20
21 8
22 2
23 18
24 4
25 7
26 14
27 6
28 26
29 11
30 9
SIMILAR

10 27 6 16 28 30 24 7 0 22 2 5 21 29 11 9 14 8 15 17 19 18 26 4 1 12 20 25 23 13 3 
0 8
1 24
2 10
3 30
4 23
5 11
6 2
7 7
8 17
9 15
10 0
11 14
12 25
13 29
14 16
15 18
16 3
17 19
18 21
19 20
20 26
21 12
22 9
23 28
24 6
25 27
26 22
27 1
28 4
29 13
30 5
SIMILAR

2 19 20 3 23 28 21 27 15 22 25 6 14 0 5 10 29 4 12 9 7 8 11 18 16 24 17 1 30 13 26 
0 13
1 27
2 0
3 3
4 17
5 14
6 11
7 20
8 21
9 19
10 15
11 22
12 18
13 29
14 12
15 8
16 24
17 26
18 23
19 1
20 2
21 6
22 9
23 4
24 25
25 10
26 30
27 7
28 5
29 16
30 28
SIMILAR

6 23 8 17 14 28 27 12 0 24 29 21 9 19 13 3 18 1 26 25 11 2 20 4 10 30 22 7 5 15 16 
0 8
1 17
2 21
3 15
4 23
5 28
6 0
7 27
8 2
9 12
10 24
11 20
12 7
13 14
14 4
15 29
16 30
17 3
18 16
19 13
20 22
21 11
22 26
23 1
24 9
25 19
26 18
27 6
28 5
29 10
30 25
SIMILAR

1 14 6 21 28 3 30 10 17 15 25 27 4 11 13 24 18 8 12 19 5 20 0 22 26 29 2 7 16 23 9 
0 22
1 0
2 26
3 5
4 12
5 20
6 2
7 27
8 17
9 30
10 7
11 13
12 18
13 14
14 1
15 9
16 28
17 8
18 16
19 19
20 21
21 3
22 23
23 29
24 15
25 10
26 24
27 11
28 4
29 25
30 6
SIMILAR

7 23 5 24 10 22 30 16 12 18 19 2 6 13 4 17 8 1 14 9 20 26 27 3 0 28 25 21 29 11 15 
0 24
1 17
2 11
3 23
4 14
5 2
6 12
7 0
8 16
9 19
10 4
11 29
12 8
13 13
14 18
15 30
16 7
17 15
18 9
19 10
20 20
21 27
22 5
23 1
24 3
25 26
26 21
27 22
28 25
29 28
30 6
SIMILAR

4 13 24 6 10 19 29 8 11 7 12 3 2 25 28 0 5 30 9 27 18 17 23 22 1 26 14 21 16 15 20 
0 15
1 24
2 12
3 11
4 0
5 16
6 3
7 9
8 7
9 18
10 4
11 8
12 10
13 1
14 26
15 29
16 28
17 21
18 20
19 5
20 30
21 27
22 23
23 22
24 2
25 13
26 25
27 19
28 14
29 6
30 17
SIMILAR

16 13 7 21 27 18 6 29 1 17 9 24 5 0 8 23 28 22 25 20 30 10 26 19 4 11 12 3 15 2 14 
0 13
1 8
2 29
3 27
4 24
5 12
6 6
7 2
8 14
9 10
10 21
11 25
12 26
13 1
14 30
15 28
16 0
17 9
18 5
19 23
20 19
21 3
22 17
23 15
24 11
25 18
26 22
27 4
28 16
29 7
30 20
SIMILAR

25 17 27 29 23 30 6 0 10 19 21 4 13 8 26 1 28 16 15 11 14 9 7 2 12 3 18 24 20 22 5 
0 7
1 15
2 23
3 25
4 11
5 30
6 6
7 22
8 13
9 21
10 8
11 19
12 24
13 12
14 20
15 18
16 17
17 1
18 26
19 9
20 28
21 10
22 29
23 4
24 27
25 0
26 14
27 2
28 16
29 3
30 5
SIMILAR

9 4 27 7 21 29 5 10 30 17 14 24 26 19 6 8 20 3 1 16 22 2 11 25 0 28 23 13 12 18 15 
0 24
1 18
2 21
3 17
4 1
5 6
6 14
7 3
8 15
9 0
10 7
11 22
12 28
13 27
14 10
15 30
16 19
17 9
18 29
19 13
20 16
21 4
22 20
23 26
24 11
25 23
26 12
27 2
28 25
29 5
30 8
SIMILAR

22 7 3 4 2 13 30 27 0 17 24 21 1 9 19 15 5 10 16 26 6 18 11 12 14 20 29 25 8 28 23 
0 8
1 12
2 4
3 2
4 3
5 16
6 20
7 1
8 28
9 13
10 17
11 22
12 23
13 5
14 24
15 15
16 18
17 9
18 21
19 14
20 25
21 11
22 0
23 30
24 10
25 27
26 19
27 7
28 29
29 26
30 6
SIMILAR

10 12 25 20 3 28 13 23 21 9 7 1 18 14 17 24 27 6 19 2 30 0 11 15 22 29 16 8 4 5 26 
0 21
1 11
2 19
3 4
4 28
5 29
6 17
7 10
8 27
9 9
10 0
11 22
12 1
13 6
14 13
15 23
16 26
17 14
18 12
19 18
20 3
21 8
22 24
23 7
24 15
25 2
26 30
27 16
28 5
29 25
30 20
SIMILAR

29 5 15 17 19 14 16 7 27 24 1 20 11 18 22 3 0 2 8 30 6 10 25 21 26 4 28 23 12 9 13 
0 16
1 10
2 17
3 15
4 25
5 1
6 20
7 7
8 18
9 29
10 21
11 12
12 28
13 30
14 5
15 2
16 6
17 3
18 13
19 4
20 11
21 23
22 14
23 27
24 9
25 22
26 24
27 8
28 26
29 0
30 19
SIMILAR

10 20 4 19 16 5 30 24 25 15 23 8 22 14 7 13 26 0 27 29 6 11 3 18 2 17 1 21 12 9 28 
0 17
1 26
2 24
3 22
4 2
5 5
6 20
7 14
8 11
9 29
10 0
11 21
12 28
13 15
14 13
15 9
16 4
17 25
18 23
19 3
20 1
21 27
22 12
23 10
24 7
25 8
26 16
27 18
28 30
29 19
30 6
SIMILAR
100 0
6600 0
276600 0
