39
0 0 0 1 1 0 0 1 0 1 0 0 1 0 1 1 1 1 1 1 0 0 1 1 0 1 0 1 0 0 1 1 0 0 0 1 1 1 0 
0 0 1 1 0 0 0 0 0 1 0 0 0 1 0 1 0 1 1 1 0 1 1 1 1 1 1 0 1 1 1 1 0 1 1 0 1 0 0 
0 1 0 0 0 1 0 0 1 1 1 1 1 0 1 0 0 0 1 1 1 1 1 1 1 1 1 0 1 1 0 0 1 0 1 0 0 1 1 
1 1 0 0 0 0 0 1 0 0 1 1 0 0 1 1 1 0 1 1 1 1 0 1 0 0 1 1 1 1 0 1 1 0 1 1 0 1 0 
1 0 0 0 0 1 0 0 0 0 0 1 1 0 0 1 1 0 0 0 1 0 1 1 0 1 0 1 1 1 1 0 1 0 1 1 0 1 1 
0 0 1 0 1 0 1 1 0 0 0 1 0 0 1 1 1 1 0 0 1 0 1 0 0 0 0 0 1 0 1 1 1 1 1 1 0 0 1 
0 0 0 0 0 1 0 0 0 0 1 0 1 1 1 1 1 1 0 1 0 1 1 1 1 1 1 0 1 1 1 1 0 0 0 0 0 0 0 
1 0 0 1 0 1 0 0 1 1 0 1 0 1 1 0 1 1 1 1 0 0 0 1 1 1 1 0 0 1 0 0 1 0 0 0 1 1 1 
0 0 1 0 0 0 0 1 0 1 0 1 0 1 0 0 0 1 0 1 1 0 1 1 1 1 0 1 1 0 0 0 1 1 0 0 1 0 1 
1 1 1 0 0 0 0 1 1 0 1 1 1 1 1 0 1 1 1 1 1 1 0 1 1 1 0 0 1 0 0 0 0 0 0 1 0 1 0 
0 0 1 1 0 0 1 0 0 1 0 1 1 1 0 1 1 0 0 1 0 0 0 0 0 0 1 1 1 0 1 1 1 1 0 0 0 1 0 
0 0 1 1 1 1 0 1 1 1 1 0 1 1 0 1 1 1 0 1 1 1 1 1 1 1 1 1 0 0 0 1 0 1 0 1 1 0 0 
1 0 1 0 1 0 1 0 0 1 1 1 0 0 0 1 0 1 1 1 0 1 0 1 1 0 1 0 0 1 1 0 0 0 1 0 1 1 1 
0 1 0 0 0 0 1 1 1 1 1 1 0 0 1 0 1 0 0 0 1 0 0 0 0 1 0 1 0 1 0 1 1 1 1 0 0 0 0 
1 0 1 1 0 1 1 1 0 1 0 0 0 1 0 0 1 1 0 1 1 1 0 0 1 0 0 1 0 1 1 1 0 1 0 1 1 0 0 
1 1 0 1 1 1 1 0 0 0 1 1 1 0 0 0 1 0 1 0 1 1 0 0 0 0 1 1 1 0 0 1 1 1 1 0 0 0 0 
1 0 0 1 1 1 1 1 0 1 1 1 0 1 1 1 0 1 0 1 0 0 1 1 1 0 0 1 1 0 0 0 0 0 1 0 0 1 1 
1 1 0 0 0 1 1 1 1 1 0 1 1 0 1 0 1 0 0 0 0 1 0 0 0 1 0 1 1 1 0 1 0 1 0 1 1 1 1 
1 1 1 1 0 0 0 1 0 1 0 0 1 0 0 1 0 0 0 1 0 1 1 1 1 0 1 0 0 0 1 1 0 1 0 0 0 1 1 
1 1 1 1 0 0 1 1 1 1 1 1 1 0 1 0 1 0 1 0 1 1 1 1 0 0 0 0 1 1 1 0 1 1 1 0 1 0 1 
0 0 1 1 1 1 0 0 1 1 0 1 0 1 1 1 0 0 0 1 0 1 1 0 0 1 1 0 1 1 1 0 0 1 0 0 0 0 0 
0 1 1 1 0 0 1 0 0 1 0 1 1 0 1 1 0 1 1 1 1 0 1 0 1 1 1 1 0 1 1 0 1 0 0 0 1 0 1 
1 1 1 0 1 1 1 0 1 0 0 1 0 0 0 0 1 0 1 1 1 1 0 1 0 0 0 0 1 0 0 1 1 0 1 1 1 1 1 
1 1 1 1 1 0 1 1 1 1 0 1 1 0 0 0 1 0 1 1 0 0 1 0 1 1 1 0 0 1 1 0 1 1 1 0 0 0 1 
0 1 1 0 0 0 1 1 1 1 0 1 1 0 1 0 1 0 1 0 0 1 0 1 0 1 1 1 1 1 1 0 1 0 0 0 0 1 1 
1 1 1 0 1 0 1 1 1 1 0 1 0 1 0 0 0 1 0 0 1 1 0 1 1 0 1 1 0 1 0 0 0 1 1 1 1 1 0 
0 1 1 1 0 0 1 1 0 0 1 1 1 0 0 1 0 0 1 0 1 1 0 1 1 1 0 1 0 0 0 0 0 0 0 0 0 1 0 
1 0 0 1 1 0 0 0 1 0 1 1 0 1 1 1 1 1 0 0 0 1 0 0 1 1 1 0 0 1 1 0 1 0 1 0 1 1 0 
0 1 1 1 1 1 1 0 1 1 1 0 0 0 0 1 1 1 0 1 1 0 1 0 1 0 0 0 0 1 1 0 0 0 0 0 0 1 0 
0 1 1 1 1 0 1 1 0 0 0 0 1 1 1 0 0 1 0 1 1 1 0 1 1 1 0 1 1 0 0 1 0 0 1 0 0 0 0 
1 1 0 0 1 1 1 0 0 0 1 0 1 0 1 0 0 0 1 1 1 1 0 1 1 0 0 1 1 0 0 1 0 0 0 0 0 1 0 
1 1 0 1 0 1 1 0 0 0 1 1 0 1 1 1 0 1 1 0 0 0 1 0 0 0 0 0 0 1 1 0 0 0 1 0 0 0 0 
0 0 1 1 1 1 0 1 1 0 1 0 0 1 0 1 0 0 0 1 0 1 1 1 1 0 0 1 0 0 0 0 0 1 0 1 0 1 0 
0 1 0 0 0 1 0 0 1 0 1 1 0 1 1 1 0 1 1 1 1 0 0 1 0 1 0 0 0 0 0 0 1 0 1 0 1 1 0 
0 1 1 1 1 1 0 0 0 0 0 0 1 1 0 1 1 0 0 1 0 0 1 1 0 1 0 1 0 1 0 1 0 1 0 0 1 1 0 
1 0 0 1 1 1 0 0 0 1 0 1 0 0 1 0 0 1 0 0 0 0 1 0 0 1 0 0 0 0 0 0 1 0 0 0 0 1 0 
1 1 0 0 0 0 0 1 1 0 0 1 1 0 1 0 0 1 0 1 0 1 1 0 0 1 0 1 0 0 0 0 0 1 1 0 0 0 1 
1 0 1 1 1 0 0 1 0 1 1 0 1 0 0 0 1 1 1 0 0 0 1 0 1 1 1 1 1 0 1 0 1 1 1 1 0 0 0 
0 0 1 0 1 1 0 1 1 0 0 0 1 0 0 0 1 1 1 1 0 1 1 1 1 0 0 0 0 0 0 0 0 0 0 0 1 0 0 

32 18 33 29 17 9 5 14 8 34 3 30 21 15 12 4 7 25 22 11 26 13 23 36 16 0 1 31 20 35 10 6 27 2 19 37 24 28 38 
0 25
1 26
2 33
3 10
4 15
5 6
6 31
7 16
8 8
9 5
10 30
11 19
12 14
13 21
14 7
15 13
16 24
17 4
18 1
19 34
20 28
21 12
22 18
23 22
24 36
25 17
26 20
27 32
28 37
29 3
30 11
31 27
32 0
33 2
34 9
35 29
36 23
37 35
38 38
SIMILAR

5 30 15 12 27 23 16 4 28 10 7 3 11 33 13 37 31 9 25 17 32 19 24 38 6 18 35 29 34 14 1 0 26 36 21 2 22 20 8 
0 31
1 30
2 35
3 11
4 7
5 0
6 24
7 10
8 38
9 17
10 9
11 12
12 3
13 14
14 29
15 2
16 6
17 19
18 25
19 21
20 37
21 34
22 36
23 5
24 22
25 18
26 32
27 4
28 8
29 27
30 1
31 16
32 20
33 13
34 28
35 26
36 33
37 15
38 23
SIMILAR

31 3 34 11 23 25 6 19 24 12 8 26 22 17 27 36 21 32 28 16 20 4 7 13 29 9 1 2 5 15 0 37 18 10 38 14 33 30 35 
0 30
1 26
2 27
3 1
4 21
5 28
6 6
7 22
8 10
9 25
10 33
11 3
12 9
13 23
14 35
15 29
16 19
17 13
18 32
19 7
20 20
21 16
22 12
23 4
24 8
25 5
26 11
27 14
28 18
29 24
30 37
31 0
32 17
33 36
34 2
35 38
36 15
37 31
38 34
SIMILAR

24 1 21 31 37 27 20 36 34 6 0 5 11 25 8 14 30 12 38 22 15 19 33 26 10 35 13 29 32 9 18 4 2 23 7 17 3 28 16 
0 10
1 1
2 32
3 36
4 31
5 11
6 9
7 34
8 14
9 29
10 24
11 12
12 17
13 26
14 15
15 20
16 38
17 35
18 30
19 21
20 6
21 2
22 19
23 33
24 0
25 13
26 23
27 5
28 37
29 27
30 16
31 3
32 28
33 22
34 8
35 25
36 7
37 4
38 18
SIMILAR

20 26 23 13 19 8 27 22 17 32 1 18 15 31 2 16 14 35 25 28 24 4 5 36 9 21 33 11 37 3 34 7 6 10 0 29 38 30 12 
0 34
1 10
2 14
3 29
4 21
5 22
6 32
7 31
8 5
9 24
10 33
11 27
12 38
13 3
14 16
15 12
16 15
17 8
18 11
19 4
20 0
21 25
22 7
23 2
24 20
25 18
26 1
27 6
28 19
29 35
30 37
31 13
32 9
33 26
34 30
35 17
36 23
37 28
38 36
SIMILAR

27 11 35 32 30 23 18 24 10 15 38 36 17 16 21 29 3 4 5 31 25 9 34 1 0 19 33 37 2 14 20 6 26 13 7 28 8 22 12 
0 24
1 23
2 28
3 16
4 17
5 18
6 31
7 34
8 36
9 21
10 8
11 1
12 38
13 33
14 29
15 9
16 13
17 12
18 6
19 25
20 30
21 14
22 37
23 5
24 7
25 20
26 32
27 0
28 35
29 15
30 4
31 19
32 3
33 26
34 22
35 2
36 11
37 27
38 10
SIMILAR

26 30 0 6 11 13 5 18 23 20 15 12 19 8 10 24 25 4 33 37 34 1 21 27 32 9 35 36 2 16 3 17 28 7 31 38 29 22 14 
0 2
1 21
2 28
3 30
4 17
5 6
6 3
7 33
8 13
9 25
10 14
11 4
12 11
13 5
14 38
15 10
16 29
17 31
18 7
19 12
20 9
21 22
22 37
23 8
24 15
25 16
26 0
27 23
28 32
29 36
30 1
31 34
32 24
33 18
34 20
35 26
36 27
37 19
38 35
SIMILAR

2 14 0 11 30 15 29 37 34 5 18 7 12 17 36 26 8 13 20 35 1 21 9 10 4 22 28 19 23 3 32 24 25 6 16 27 33 31 38 
0 2
1 20
2 0
3 29
4 24
5 9
6 33
7 11
8 16
9 22
10 23
11 3
12 12
13 17
14 1
15 5
16 34
17 13
18 10
19 27
20 18
21 21
22 25
23 28
24 31
25 32
26 15
27 35
28 26
29 6
30 4
31 37
32 30
33 36
34 8
35 19
36 14
37 7
38 38
SIMILAR

34 36 0 18 14 20 37 16 9 21 12 23 8 11 29 24 28 26 35 15 33 30 32 6 31 27 5 2 13 38 25 17 19 7 1 10 22 3 4 
0 2
1 34
2 27
3 37
4 38
5 26
6 23
7 33
8 12
9 8
10 35
11 13
12 10
13 28
14 4
15 19
16 7
17 31
18 3
19 32
20 5
21 9
22 36
23 11
24 15
25 30
26 17
27 25
28 16
29 14
30 21
31 24
32 22
33 20
34 0
35 18
36 1
37 6
38 29
SIMILAR

13 36 32 34 29 21 15 4 0 1 37 7 27 20 11 8 22 31 6 9 30 35 17 28 33 38 16 18 2 26 14 3 23 10 19 12 24 25 5 
0 8
1 9
2 28
3 31
4 7
5 38
6 18
7 11
8 15
9 19
10 33
11 14
12 35
13 0
14 30
15 6
16 26
17 22
18 27
19 34
20 13
21 5
22 16
23 32
24 36
25 37
26 29
27 12
28 23
29 4
30 20
31 17
32 2
33 24
34 3
35 21
36 1
37 10
38 25
SIMILAR

35 0 14 11 31 32 16 3 5 27 19 23 26 2 9 24 38 37 28 10 21 12 25 6 17 4 34 15 20 33 18 1 7 13 36 29 8 22 30 
0 1
1 31
2 13
3 7
4 25
5 8
6 23
7 32
8 36
9 14
10 19
11 3
12 21
13 33
14 2
15 27
16 6
17 24
18 30
19 10
20 28
21 20
22 37
23 11
24 15
25 22
26 12
27 9
28 18
29 35
30 38
31 4
32 5
33 29
34 26
35 0
36 34
37 17
38 16
SIMILAR

20 18 21 12 32 7 22 14 36 33 11 1 35 30 3 37 23 13 28 26 17 15 38 25 5 8 10 19 0 34 24 31 9 27 6 16 2 4 29 
0 28
1 11
2 36
3 14
4 37
5 24
6 34
7 5
8 25
9 32
10 26
11 10
12 3
13 17
14 7
15 21
16 35
17 20
18 1
19 27
20 0
21 2
22 6
23 16
24 30
25 23
26 19
27 33
28 18
29 38
30 13
31 31
32 4
33 9
34 29
35 12
36 8
37 15
38 22
SIMILAR

14 8 1 25 29 31 18 15 33 24 4 28 23 9 10 20 7 5 30 16 17 37 32 21 36 3 13 2 12 26 6 38 34 0 19 35 22 11 27 
0 33
1 2
2 27
3 25
4 10
5 17
6 30
7 16
8 1
9 13
10 14
11 37
12 28
13 26
14 0
15 7
16 19
17 20
18 6
19 34
20 15
21 23
22 36
23 12
24 9
25 3
26 29
27 38
28 11
29 4
30 18
31 5
32 22
33 8
34 32
35 35
36 24
37 21
38 31
SIMILAR

5 27 13 23 10 15 21 32 26 8 22 30 25 1 7 16 28 14 36 31 2 6 34 19 18 4 38 33 9 17 12 35 37 0 20 11 24 3 29 
0 33
1 13
2 20
3 37
4 25
5 0
6 21
7 14
8 9
9 28
10 4
11 35
12 30
13 2
14 17
15 5
16 15
17 29
18 24
19 23
20 34
21 6
22 10
23 3
24 36
25 12
26 8
27 1
28 16
29 38
30 11
31 19
32 7
33 27
34 22
35 31
36 18
37 32
38 26
SIMILAR

25 20 30 38 15 14 2 28 13 8 17 23 22 37 7 32 3 24 5 12 21 26 27 16 18 11 35 4 36 19 6 0 1 34 31 9 33 10 29 
0 31
1 32
2 6
3 16
4 27
5 18
6 30
7 14
8 9
9 35
10 37
11 25
12 19
13 8
14 5
15 4
16 23
17 10
18 24
19 29
20 1
21 20
22 12
23 11
24 17
25 0
26 21
27 22
28 7
29 38
30 2
31 34
32 15
33 36
34 33
35 26
36 28
37 13
38 3
SIMILAR

28 29 19 0 9 20 36 22 7 5 8 18 10 1 3 34 23 32 15 2 37 11 33 31 14 16 12 13 27 21 30 35 25 17 4 38 24 26 6 
0 3
1 13
2 19
3 14
4 34
5 9
6 38
7 8
8 10
9 4
10 12
11 21
12 26
13 27
14 24
15 18
16 25
17 33
18 11
19 2
20 5
21 29
22 7
23 16
24 36
25 32
26 37
27 28
28 0
29 1
30 30
31 23
32 17
33 22
34 15
35 31
36 6
37 20
38 35
SIMILAR

8 31 27 29 30 14 34 12 23 9 4 22 18 35 21 13 1 6 38 7 26 2 25 17 5 36 37 10 0 24 32 19 33 28 15 20 3 16 11 
0 28
1 16
2 21
3 36
4 10
5 24
6 17
7 19
8 0
9 9
10 27
11 38
12 7
13 15
14 5
15 34
16 37
17 23
18 12
19 31
20 35
21 14
22 11
23 8
24 29
25 22
26 20
27 2
28 33
29 3
30 4
31 1
32 30
33 32
34 6
35 13
36 25
37 26
38 18
SIMILAR

2 32 20 38 30 8 1 0 28 7 29 33 11 9 13 14 6 37 22 18 5 23 25 27 21 16 36 3 35 19 26 34 15 12 10 31 17 4 24 
0 7
1 6
2 0
3 27
4 37
5 20
6 16
7 9
8 5
9 13
10 34
11 12
12 33
13 14
14 15
15 32
16 25
17 36
18 19
19 29
20 2
21 24
22 18
23 21
24 38
25 22
26 30
27 23
28 8
29 10
30 4
31 35
32 1
33 11
34 31
35 28
36 26
37 17
38 3
SIMILAR

26 34 10 12 25 9 31 37 27 13 30 32 8 5 29 1 17 23 20 38 24 19 16 15 35 21 2 18 36 7 0 11 28 14 6 3 4 33 22 
0 30
1 15
2 26
3 35
4 36
5 13
6 34
7 29
8 12
9 5
10 2
11 31
12 3
13 9
14 33
15 23
16 22
17 16
18 27
19 21
20 18
21 25
22 38
23 17
24 20
25 4
26 0
27 8
28 32
29 14
30 10
31 6
32 11
33 37
34 1
35 24
36 28
37 7
38 19
SIMILAR

18 36 25 15 20 12 6 19 34 7 8 30 17 31 3 32 22 24 4 35 27 38 37 14 29 16 1 21 0 28 10 13 33 11 26 2 23 5 9 
0 28
1 26
2 35
3 14
4 18
5 37
6 6
7 9
8 10
9 38
10 30
11 33
12 5
13 31
14 23
15 3
16 25
17 12
18 0
19 7
20 4
21 27
22 16
23 36
24 17
25 2
26 34
27 20
28 29
29 24
30 11
31 13
32 15
33 32
34 8
35 19
36 1
37 22
38 21
SIMILAR

18 25 2 22 0 12 16 10 35 19 34 32 29 4 20 30 31 5 26 37 21 8 23 38 3 33 14 1 24 6 27 9 36 15 11 28 7 17 13 
0 4
1 27
2 2
3 24
4 13
5 17
6 29
7 36
8 21
9 31
10 7
11 34
12 5
13 38
14 26
15 33
16 6
17 37
18 0
19 9
20 14
21 20
22 3
23 22
24 28
25 1
26 18
27 30
28 35
29 12
30 15
31 16
32 11
33 25
34 10
35 8
36 32
37 19
38 23
SIMILAR

21 23 15 5 33 16 19 24 34 13 7 2 22 1 29 30 4 3 31 0 26 6 8 20 10 35 32 11 36 28 37 9 38 18 27 14 12 25 17 
0 19
1 13
2 11
3 17
4 16
5 3
6 21
7 10
8 22
9 31
10 24
11 27
12 36
13 9
14 35
15 2
16 5
17 38
18 33
19 6
20 23
21 0
22 12
23 1
24 7
25 37
26 20
27 34
28 29
29 14
30 15
31 18
32 26
33 4
34 8
35 25
36 28
37 30
38 32
SIMILAR

4 30 27 19 9 23 35 12 7 37 3 11 21 33 28 5 32 13 29 2 34 8 10 22 16 24 15 26 6 31 0 14 1 18 38 25 17 36 20 
0 30
1 32
2 19
3 10
4 0
5 15
6 28
7 8
8 21
9 4
10 22
11 11
12 7
13 17
14 31
15 26
16 24
17 36
18 33
19 3
20 38
21 12
22 23
23 5
24 25
25 35
26 27
27 2
28 14
29 18
30 1
31 29
32 16
33 13
34 20
35 6
36 37
37 9
38 34
SIMILAR

32 23 10 2 5 8 27 6 13 15 37 17 35 14 22 30 33 26 11 34 9 36 18 25 29 38 0 7 16 12 20 3 31 4 24 28 21 1 19 
0 26
1 37
2 3
3 31
4 33
5 4
6 7
7 27
8 5
9 20
10 2
11 18
12 29
13 8
14 13
15 9
16 28
17 11
18 22
19 38
20 30
21 36
22 14
23 1
24 34
25 23
26 17
27 6
28 35
29 24
30 15
31 32
32 0
33 16
34 19
35 12
36 21
37 10
38 25
SIMILAR

33 11 29 20 5 37 15 3 19 25 2 31 26 30 22 13 28 23 6 12 0 38 34 36 1 14 17 8 16 24 21 9 18 7 10 32 27 35 4 
0 20
1 24
2 10
3 7
4 38
5 4
6 18
7 33
8 27
9 31
10 34
11 1
12 19
13 15
14 25
15 6
16 28
17 26
18 32
19 8
20 3
21 30
22 14
23 17
24 29
25 9
26 12
27 36
28 16
29 2
30 13
31 11
32 35
33 0
34 22
35 37
36 23
37 5
38 21
SIMILAR

19 10 14 17 5 37 30 35 9 16 3 24 2 11 36 33 20 29 28 21 13 25 1 4 18 6 31 23 22 8 0 34 27 7 32 26 12 38 15 
0 30
1 22
2 12
3 10
4 23
5 4
6 25
7 33
8 29
9 8
10 1
11 13
12 36
13 20
14 2
15 38
16 9
17 3
18 24
19 0
20 16
21 19
22 28
23 27
24 11
25 21
26 35
27 32
28 18
29 17
30 6
31 26
32 34
33 15
34 31
35 7
36 14
37 5
38 37
SIMILAR

11 29 27 15 10 32 30 3 1 6 16 28 23 22 0 38 9 24 25 33 4 18 34 31 7 19 5 21 14 35 2 26 17 13 37 12 36 8 20 
0 14
1 8
2 30
3 7
4 20
5 26
6 9
7 24
8 37
9 16
10 4
11 0
12 35
13 33
14 28
15 3
16 10
17 32
18 21
19 25
20 38
21 27
22 13
23 12
24 17
25 18
26 31
27 2
28 11
29 1
30 6
31 23
32 5
33 19
34 22
35 29
36 36
37 34
38 15
SIMILAR

31 30 17 32 20 33 24 22 0 12 38 19 2 13 21 34 1 26 14 18 9 5 37 23 15 29 11 27 8 7 3 4 36 10 16 28 25 35 6 
0 8
1 16
2 12
3 30
4 31
5 21
6 38
7 29
8 28
9 20
10 33
11 26
12 9
13 13
14 18
15 24
16 34
17 2
18 19
19 11
20 4
21 14
22 7
23 23
24 6
25 36
26 17
27 27
28 35
29 25
30 1
31 0
32 3
33 5
34 15
35 37
36 32
37 22
38 10
SIMILAR

31 11 13 4 38 21 9 24 37 2 22 30 10 1 34 6 3 35 17 29 12 33 36 19 15 14 5 20 0 27 25 16 26 28 23 7 18 8 32 
0 28
1 13
2 9
3 16
4 3
5 26
6 15
7 35
8 37
9 6
10 12
11 1
12 20
13 2
14 25
15 24
16 31
17 18
18 36
19 23
20 27
21 5
22 10
23 34
24 7
25 30
26 32
27 29
28 33
29 19
30 11
31 0
32 38
33 21
34 14
35 17
36 22
37 8
38 4
SIMILAR

7 26 17 21 19 0 30 36 14 3 25 6 8 28 11 35 27 29 5 16 33 24 31 10 9 13 12 2 38 20 15 34 37 23 4 1 22 18 32 
0 5
1 35
2 27
3 9
4 34
5 18
6 11
7 0
8 12
9 24
10 23
11 14
12 26
13 25
14 8
15 30
16 19
17 2
18 37
19 4
20 29
21 3
22 36
23 33
24 21
25 10
26 1
27 16
28 13
29 17
30 6
31 22
32 38
33 20
34 31
35 15
36 7
37 32
38 28
SIMILAR

36 22 5 3 25 24 34 33 7 11 1 4 35 18 31 29 14 2 10 12 27 16 13 37 0 20 38 26 9 19 17 30 21 23 6 32 8 15 28 
0 24
1 10
2 17
3 3
4 11
5 2
6 34
7 8
8 36
9 28
10 18
11 9
12 19
13 22
14 16
15 37
16 21
17 30
18 13
19 29
20 25
21 32
22 1
23 33
24 5
25 4
26 27
27 20
28 38
29 15
30 31
31 14
32 35
33 7
34 6
35 12
36 0
37 23
38 26
SIMILAR

26 25 34 8 21 4 12 37 16 9 28 20 33 2 13 27 10 0 19 36 35 24 11 14 1 3 6 31 7 38 32 30 15 17 23 22 18 5 29 
0 17
1 24
2 13
3 25
4 5
5 37
6 26
7 28
8 3
9 9
10 16
11 22
12 6
13 14
14 23
15 32
16 8
17 33
18 36
19 18
20 11
21 4
22 35
23 34
24 21
25 1
26 0
27 15
28 10
29 38
30 31
31 27
32 30
33 12
34 2
35 20
36 19
37 7
38 29
SIMILAR

16 9 34 6 29 25 35 8 17 10 19 2 26 5 24 23 31 20 30 13 0 15 37 4 1 27 33 18 7 11 36 38 22 3 12 28 32 21 14 
0 20
1 24
2 11
3 33
4 23
5 13
6 3
7 28
8 7
9 1
10 9
11 29
12 34
13 19
14 38
15 21
16 0
17 8
18 27
19 10
20 17
21 37
22 32
23 15
24 14
25 5
26 12
27 25
28 35
29 4
30 18
31 16
32 36
33 26
34 2
35 6
36 30
37 22
38 31
SIMILAR

12 36 6 11 15 31 33 4 23 29 17 7 38 18 34 2 25 30 14 37 32 19 0 1 27 35 26 13 22 9 28 10 24 16 3 8 5 20 21 
0 22
1 23
2 15
3 34
4 7
5 36
6 2
7 11
8 35
9 29
10 31
11 3
12 0
13 27
14 18
15 4
16 33
17 10
18 13
19 21
20 37
21 38
22 28
23 8
24 32
25 16
26 26
27 24
28 30
29 9
30 17
31 5
32 20
33 6
34 14
35 25
36 1
37 19
38 12
SIMILAR

16 20 3 17 31 19 32 38 27 29 21 14 5 26 8 24 1 0 22 28 4 12 13 7 23 15 36 25 34 30 2 9 10 6 33 11 35 18 37 
0 17
1 16
2 30
3 2
4 20
5 12
6 33
7 23
8 14
9 31
10 32
11 35
12 21
13 22
14 11
15 25
16 0
17 3
18 37
19 5
20 1
21 10
22 18
23 24
24 15
25 27
26 13
27 8
28 19
29 9
30 29
31 4
32 6
33 34
34 28
35 36
36 26
37 38
38 7
SIMILAR

21 30 32 19 36 34 31 7 14 28 8 24 10 20 0 37 27 6 18 4 3 23 26 11 22 1 2 9 38 15 29 33 5 35 17 16 25 12 13 
0 14
1 25
2 26
3 20
4 19
5 32
6 17
7 7
8 10
9 27
10 12
11 23
12 37
13 38
14 8
15 29
16 35
17 34
18 18
19 3
20 13
21 0
22 24
23 21
24 11
25 36
26 22
27 16
28 9
29 30
30 1
31 6
32 2
33 31
34 5
35 33
36 4
37 15
38 28
SIMILAR

13 25 15 16 28 21 8 17 11 9 34 5 7 35 36 22 2 32 37 4 23 27 31 3 19 12 14 26 33 38 0 29 20 30 6 10 18 1 24 
0 30
1 37
2 16
3 23
4 19
5 11
6 34
7 12
8 6
9 9
10 35
11 8
12 25
13 0
14 26
15 2
16 3
17 7
18 36
19 24
20 32
21 5
22 15
23 20
24 38
25 1
26 27
27 21
28 4
29 31
30 33
31 22
32 17
33 28
34 10
35 13
36 14
37 18
38 29
SIMILAR

37 12 31 3 10 21 38 1 35 24 15 9 20 22 26 11 0 2 23 29 33 14 13 8 4 18 30 5 19 28 32 25 34 36 17 7 16 6 27 
0 16
1 7
2 17
3 3
4 24
5 27
6 37
7 35
8 23
9 11
10 4
11 15
12 1
13 22
14 21
15 10
16 36
17 34
18 25
19 28
20 12
21 5
22 13
23 18
24 9
25 31
26 14
27 38
28 29
29 19
30 26
31 2
32 30
33 20
34 32
35 8
36 33
37 0
38 6
SIMILAR

9 26 21 7 14 5 8 11 13 0 15 36 16 34 4 35 25 10 23 6 29 24 18 37 32 2 20 22 31 1 17 12 38 3 28 27 33 19 30 
0 9
1 29
2 25
3 33
4 14
5 5
6 19
7 3
8 6
9 0
10 17
11 7
12 31
13 8
14 4
15 10
16 12
17 30
18 22
19 37
20 26
21 2
22 27
23 18
24 21
25 16
26 1
27 35
28 34
29 20
30 38
31 28
32 24
33 36
34 13
35 15
36 11
37 23
38 32
SIMILAR

2 22 12 6 4 26 8 16 14 36 30 32 3 7 20 10 17 35 19 33 15 31 23 37 28 27 34 9 29 21 25 13 5 1 24 18 0 11 38 
0 36
1 33
2 0
3 12
4 4
5 32
6 3
7 13
8 6
9 27
10 15
11 37
12 2
13 31
14 8
15 20
16 7
17 16
18 35
19 18
20 14
21 29
22 1
23 22
24 34
25 30
26 5
27 25
28 24
29 28
30 10
31 21
32 11
33 19
34 26
35 17
36 9
37 23
38 38
SIMILAR

7 8 37 27 29 34 35 4 28 6 30 33 10 11 2 16 31 18 32 19 23 1 24 22 36 13 21 38 20 25 26 9 5 15 17 0 14 3 12 
0 35
1 21
2 14
3 37
4 7
5 32
6 9
7 0
8 1
9 31
10 12
11 13
12 38
13 25
14 36
15 33
16 15
17 34
18 17
19 19
20 28
21 26
22 23
23 20
24 22
25 29
26 30
27 3
28 8
29 4
30 10
31 16
32 18
33 11
34 5
35 6
36 24
37 2
38 27
SIMILAR

10 0 35 11 33 29 22 3 8 20 16 18 7 36 12 15 21 4 27 17 6 30 23 34 5 38 32 25 24 31 19 14 28 2 26 37 13 9 1 
0 1
1 38
2 33
3 7
4 17
5 24
6 20
7 12
8 8
9 37
10 0
11 3
12 14
13 36
14 31
15 15
16 10
17 19
18 11
19 30
20 9
21 16
22 6
23 22
24 28
25 27
26 34
27 18
28 32
29 5
30 21
31 29
32 26
33 4
34 23
35 2
36 13
37 35
38 25
SIMILAR

21 11 8 18 28 0 35 19 15 2 24 26 29 1 36 23 22 38 30 31 5 4 20 17 33 32 16 10 7 27 6 34 3 37 14 13 12 9 25 
0 5
1 13
2 9
3 32
4 21
5 20
6 30
7 28
8 2
9 37
10 27
11 1
12 36
13 35
14 34
15 8
16 26
17 23
18 3
19 7
20 22
21 0
22 16
23 15
24 10
25 38
26 11
27 29
28 4
29 12
30 18
31 19
32 25
33 24
34 31
35 6
36 14
37 33
38 17
SIMILAR

26 29 31 18 30 22 17 20 14 0 34 1 5 37 28 12 36 19 23 6 38 32 16 15 25 33 21 9 24 13 11 10 2 7 3 8 27 4 35 
0 9
1 11
2 32
3 34
4 37
5 12
6 19
7 33
8 35
9 27
10 31
11 30
12 15
13 29
14 8
15 23
16 22
17 6
18 3
19 17
20 7
21 26
22 5
23 18
24 28
25 24
26 0
27 36
28 14
29 1
30 4
31 2
32 21
33 25
34 10
35 38
36 16
37 13
38 20
SIMILAR

25 23 32 1 30 21 17 11 6 2 8 20 29 18 19 36 12 35 38 3 37 4 5 34 9 14 7 31 16 10 0 27 24 15 28 13 33 22 26 
0 30
1 3
2 9
3 19
4 21
5 22
6 8
7 26
8 10
9 24
10 29
11 7
12 16
13 35
14 25
15 33
16 28
17 6
18 13
19 14
20 11
21 5
22 37
23 1
24 32
25 0
26 38
27 31
28 34
29 12
30 4
31 27
32 2
33 36
34 23
35 17
36 15
37 20
38 18
SIMILAR

26 24 9 38 37 12 35 23 30 7 16 15 20 19 22 13 18 21 5 11 10 6 34 14 25 2 1 0 32 4 27 28 3 31 29 8 36 33 17 
0 27
1 26
2 25
3 32
4 29
5 18
6 21
7 9
8 35
9 2
10 20
11 19
12 5
13 15
14 23
15 11
16 10
17 38
18 16
19 13
20 12
21 17
22 14
23 7
24 1
25 24
26 0
27 30
28 31
29 34
30 8
31 33
32 28
33 37
34 22
35 6
36 36
37 4
38 3
SIMILAR

13 11 29 1 32 17 30 36 8 14 2 33 5 26 34 23 10 9 22 19 24 25 20 4 12 27 16 3 38 37 28 31 7 15 35 21 18 0 6 
0 37
1 3
2 10
3 27
4 23
5 12
6 38
7 32
8 8
9 17
10 16
11 1
12 24
13 0
14 9
15 33
16 26
17 5
18 36
19 19
20 22
21 35
22 18
23 15
24 20
25 21
26 13
27 25
28 30
29 2
30 6
31 31
32 4
33 11
34 14
35 34
36 7
37 29
38 28
SIMILAR

2 35 15 16 24 10 7 0 5 1 34 26 21 20 17 33 11 38 29 4 13 32 30 28 23 31 12 27 36 37 22 6 14 25 9 8 3 19 18 
0 7
1 9
2 0
3 36
4 19
5 8
6 31
7 6
8 35
9 34
10 5
11 16
12 26
13 20
14 32
15 2
16 3
17 14
18 38
19 37
20 13
21 12
22 30
23 24
24 4
25 33
26 11
27 27
28 23
29 18
30 22
31 25
32 21
33 15
34 10
35 1
36 28
37 29
38 17
SIMILAR

8 26 1 15 33 38 5 3 14 17 12 31 10 29 34 7 11 19 23 4 30 9 22 16 21 35 24 37 18 28 32 0 2 25 20 13 6 36 27 
0 31
1 2
2 32
3 7
4 19
5 6
6 36
7 15
8 0
9 21
10 12
11 16
12 10
13 35
14 8
15 3
16 23
17 9
18 28
19 17
20 34
21 24
22 22
23 18
24 26
25 33
26 1
27 38
28 29
29 13
30 20
31 11
32 30
33 4
34 14
35 25
36 37
37 27
38 5
SIMILAR

7 15 35 23 30 22 14 20 29 13 31 2 11 16 4 27 21 1 34 17 6 9 12 38 24 10 3 36 32 37 26 0 8 5 19 25 33 28 18 
0 31
1 17
2 11
3 26
4 14
5 33
6 20
7 0
8 32
9 21
10 25
11 12
12 22
13 9
14 6
15 1
16 13
17 19
18 38
19 34
20 7
21 16
22 5
23 3
24 24
25 35
26 30
27 15
28 37
29 8
30 4
31 10
32 28
33 36
34 18
35 2
36 27
37 29
38 23
SIMILAR

14 9 31 5 4 15 23 11 26 36 18 32 1 30 38 2 29 6 12 33 0 8 27 22 25 21 17 16 24 13 20 34 7 10 35 28 3 19 37 
0 20
1 12
2 15
3 36
4 4
5 3
6 17
7 32
8 21
9 1
10 33
11 7
12 18
13 29
14 0
15 5
16 27
17 26
18 10
19 37
20 30
21 25
22 23
23 6
24 28
25 24
26 8
27 22
28 35
29 16
30 13
31 2
32 11
33 19
34 31
35 34
36 9
37 38
38 14
SIMILAR

6 30 22 26 14 31 3 16 36 7 18 37 21 38 2 33 28 35 32 34 12 17 20 25 13 9 23 4 1 10 0 27 8 19 15 11 5 29 24 
0 30
1 28
2 14
3 6
4 27
5 36
6 0
7 9
8 32
9 25
10 29
11 35
12 20
13 24
14 4
15 34
16 7
17 21
18 10
19 33
20 22
21 12
22 2
23 26
24 38
25 23
26 3
27 31
28 16
29 37
30 1
31 5
32 18
33 15
34 19
35 17
36 8
37 11
38 13
SIMILAR

38 32 0 19 31 16 10 12 3 15 8 35 25 37 21 34 27 14 1 20 5 9 33 18 17 23 7 6 36 28 29 30 11 22 4 26 13 24 2 
0 2
1 18
2 38
3 8
4 34
5 20
6 27
7 26
8 10
9 21
10 6
11 32
12 7
13 36
14 17
15 9
16 5
17 24
18 23
19 3
20 19
21 14
22 33
23 25
24 37
25 12
26 35
27 16
28 29
29 30
30 31
31 4
32 1
33 22
34 15
35 11
36 28
37 13
38 0
SIMILAR

25 20 31 28 14 0 13 24 19 22 23 10 9 17 27 35 32 8 6 38 26 11 29 21 37 34 16 33 18 12 3 4 7 30 15 2 5 36 1 
0 5
1 38
2 35
3 30
4 31
5 36
6 18
7 32
8 17
9 12
10 11
11 21
12 29
13 6
14 4
15 34
16 26
17 13
18 28
19 8
20 1
21 23
22 9
23 10
24 7
25 0
26 20
27 14
28 3
29 22
30 33
31 2
32 16
33 27
34 25
35 15
36 37
37 24
38 19
SIMILAR

22 28 0 4 5 37 16 30 1 12 35 20 38 17 32 13 25 14 36 26 27 8 23 3 18 21 10 7 24 9 11 15 2 6 34 29 33 31 19 
0 2
1 8
2 32
3 23
4 3
5 4
6 33
7 27
8 21
9 29
10 26
11 30
12 9
13 15
14 17
15 31
16 6
17 13
18 24
19 38
20 11
21 25
22 0
23 22
24 28
25 16
26 19
27 20
28 1
29 35
30 7
31 37
32 14
33 36
34 34
35 10
36 18
37 5
38 12
SIMILAR

19 15 35 9 12 17 28 0 3 32 7 26 20 13 18 37 33 29 5 24 2 34 4 36 1 31 6 14 11 27 25 22 38 10 21 30 16 23 8 
0 7
1 24
2 20
3 8
4 22
5 18
6 26
7 10
8 38
9 3
10 33
11 28
12 4
13 13
14 27
15 1
16 36
17 5
18 14
19 0
20 12
21 34
22 31
23 37
24 19
25 30
26 11
27 29
28 6
29 17
30 35
31 25
32 9
33 16
34 21
35 2
36 23
37 15
38 32
SIMILAR

23 10 14 11 0 13 29 9 1 17 33 16 2 25 31 28 12 5 30 18 7 20 3 32 26 35 37 8 4 21 36 38 22 27 15 34 24 19 6 
0 4
1 8
2 12
3 22
4 28
5 17
6 38
7 20
8 27
9 7
10 1
11 3
12 16
13 5
14 2
15 34
16 11
17 9
18 19
19 37
20 21
21 29
22 32
23 0
24 36
25 13
26 24
27 33
28 15
29 6
30 18
31 14
32 23
33 10
34 35
35 25
36 30
37 26
38 31
SIMILAR

10 19 22 36 12 4 5 27 6 24 3 11 7 21 26 2 28 20 13 17 16 18 29 37 30 9 8 14 0 33 32 31 38 35 1 23 25 15 34 
0 28
1 34
2 15
3 10
4 5
5 6
6 8
7 12
8 26
9 25
10 0
11 11
12 4
13 18
14 27
15 37
16 20
17 19
18 21
19 1
20 17
21 13
22 2
23 35
24 9
25 36
26 14
27 7
28 16
29 22
30 24
31 31
32 30
33 29
34 38
35 33
36 3
37 23
38 32
SIMILAR

25 20 37 31 5 1 10 36 2 8 0 22 9 28 33 34 26 17 19 32 7 15 12 18 14 23 29 24 4 3 38 27 13 16 21 11 30 6 35 
0 10
1 5
2 8
3 29
4 28
5 4
6 37
7 20
8 9
9 12
10 6
11 35
12 22
13 32
14 24
15 21
16 33
17 17
18 23
19 18
20 1
21 34
22 11
23 25
24 27
25 0
26 16
27 31
28 13
29 26
30 36
31 3
32 19
33 14
34 15
35 38
36 7
37 2
38 30
SIMILAR

16 23 8 18 32 10 36 6 0 31 29 4 28 14 35 2 19 17 20 24 25 37 12 34 3 5 15 22 30 38 33 7 27 9 11 21 13 1 26 
0 8
1 37
2 15
3 24
4 11
5 25
6 7
7 31
8 2
9 33
10 5
11 34
12 22
13 36
14 13
15 26
16 0
17 17
18 3
19 16
20 18
21 35
22 27
23 1
24 19
25 20
26 38
27 32
28 12
29 10
30 28
31 9
32 4
33 30
34 23
35 14
36 6
37 21
38 29
SIMILAR

34 37 19 6 35 9 32 4 8 17 2 3 30 15 26 11 7 14 18 31 27 5 16 29 36 10 33 12 20 22 1 38 23 24 25 13 0 21 28 
0 36
1 30
2 10
3 11
4 7
5 21
6 3
7 16
8 8
9 5
10 25
11 15
12 27
13 35
14 17
15 13
16 22
17 9
18 18
19 2
20 28
21 37
22 29
23 32
24 33
25 34
26 14
27 20
28 38
29 23
30 12
31 19
32 6
33 26
34 0
35 4
36 24
37 1
38 31
SIMILAR

17 36 30 5 34 28 4 22 23 6 1 20 25 31 3 19 27 9 16 38 13 10 29 12 2 32 35 14 37 18 15 11 33 0 24 26 8 7 21 
0 33
1 10
2 24
3 14
4 6
5 3
6 9
7 37
8 36
9 17
10 21
11 31
12 23
13 20
14 27
15 30
16 18
17 0
18 29
19 15
20 11
21 38
22 7
23 8
24 34
25 12
26 35
27 16
28 5
29 22
30 2
31 13
32 25
33 32
34 4
35 26
36 1
37 28
38 19
SIMILAR

28 2 25 34 26 4 18 31 32 15 35 13 3 23 20 6 11 8 10 1 12 7 29 30 22 38 9 0 27 5 36 24 33 16 37 17 14 19 21 
0 27
1 19
2 1
3 12
4 5
5 29
6 15
7 21
8 17
9 26
10 18
11 16
12 20
13 11
14 36
15 9
16 33
17 35
18 6
19 37
20 14
21 38
22 24
23 13
24 31
25 2
26 4
27 28
28 0
29 22
30 23
31 7
32 8
33 32
34 3
35 10
36 30
37 34
38 25
SIMILAR

12 22 38 32 16 31 21 13 18 1 9 35 25 36 8 0 14 28 20 5 27 10 6 2 4 37 29 33 15 24 23 3 7 19 17 30 11 26 34 
0 15
1 9
2 23
3 31
4 24
5 19
6 22
7 32
8 14
9 10
10 21
11 36
12 0
13 7
14 16
15 28
16 4
17 34
18 8
19 33
20 18
21 6
22 1
23 30
24 29
25 12
26 37
27 20
28 17
29 26
30 35
31 5
32 3
33 27
34 38
35 11
36 13
37 25
38 2
SIMILAR

5 16 30 19 4 0 22 26 13 37 34 6 38 3 9 28 1 12 31 14 8 11 27 18 36 21 33 32 25 10 29 17 35 15 23 2 20 24 7 
0 5
1 16
2 35
3 13
4 4
5 0
6 11
7 38
8 20
9 14
10 29
11 21
12 17
13 8
14 19
15 33
16 1
17 31
18 23
19 3
20 36
21 25
22 6
23 34
24 37
25 28
26 7
27 22
28 15
29 30
30 2
31 18
32 27
33 26
34 10
35 32
36 24
37 9
38 12
SIMILAR

18 35 3 14 7 9 22 28 20 17 25 29 24 0 4 34 2 11 30 1 12 19 10 23 26 5 33 27 15 37 38 32 6 8 13 21 36 16 31 
0 13
1 19
2 16
3 2
4 14
5 25
6 32
7 4
8 33
9 5
10 22
11 17
12 20
13 34
14 3
15 28
16 37
17 9
18 0
19 21
20 8
21 35
22 6
23 23
24 12
25 10
26 24
27 27
28 7
29 11
30 18
31 38
32 31
33 26
34 15
35 1
36 36
37 29
38 30
SIMILAR

23 17 21 34 6 9 11 5 4 16 27 8 35 1 14 18 24 26 13 29 0 2 33 31 30 22 28 38 36 20 32 15 12 7 37 25 3 19 10 
0 20
1 13
2 21
3 36
4 8
5 7
6 4
7 33
8 11
9 5
10 38
11 6
12 32
13 18
14 14
15 31
16 9
17 1
18 15
19 37
20 29
21 2
22 25
23 0
24 16
25 35
26 17
27 10
28 26
29 19
30 24
31 23
32 30
33 22
34 3
35 12
36 28
37 34
38 27
SIMILAR

8 28 20 5 9 19 24 27 37 17 1 10 6 32 21 38 30 13 12 4 0 7 36 23 18 11 22 29 16 15 25 33 31 3 14 35 26 34 2 
0 20
1 10
2 38
3 33
4 19
5 3
6 12
7 21
8 0
9 4
10 11
11 25
12 18
13 17
14 34
15 29
16 28
17 9
18 24
19 5
20 2
21 14
22 26
23 23
24 6
25 30
26 36
27 7
28 1
29 27
30 16
31 32
32 13
33 31
34 37
35 35
36 22
37 8
38 15
SIMILAR

7 36 33 6 27 0 19 28 12 37 16 34 31 11 26 8 25 30 13 5 17 32 21 3 1 18 15 20 24 9 2 10 38 22 14 4 23 35 29 
0 5
1 24
2 30
3 23
4 35
5 19
6 3
7 0
8 15
9 29
10 31
11 13
12 8
13 18
14 34
15 26
16 10
17 20
18 25
19 6
20 27
21 22
22 33
23 36
24 28
25 16
26 14
27 4
28 7
29 38
30 17
31 12
32 21
33 2
34 11
35 37
36 1
37 9
38 32
SIMILAR

16 29 27 21 22 20 23 34 2 3 38 36 5 15 9 24 8 17 33 25 19 14 4 32 10 35 18 30 26 6 0 28 13 37 31 7 12 11 1 
0 30
1 38
2 8
3 9
4 22
5 12
6 29
7 35
8 16
9 14
10 24
11 37
12 36
13 32
14 21
15 13
16 0
17 17
18 26
19 20
20 5
21 3
22 4
23 6
24 15
25 19
26 28
27 2
28 31
29 1
30 27
31 34
32 23
33 18
34 7
35 25
36 11
37 33
38 10
SIMILAR

31 13 14 20 0 16 36 8 12 32 10 15 24 4 27 23 25 33 29 28 21 37 7 3 35 2 5 22 6 9 11 19 38 17 30 18 1 26 34 
0 4
1 36
2 25
3 23
4 13
5 26
6 28
7 22
8 7
9 29
10 10
11 30
12 8
13 1
14 2
15 11
16 5
17 33
18 35
19 31
20 3
21 20
22 27
23 15
24 12
25 16
26 37
27 14
28 19
29 18
30 34
31 0
32 9
33 17
34 38
35 24
36 6
37 21
38 32
SIMILAR

24 33 22 19 13 18 37 31 36 27 21 12 35 1 30 34 20 7 26 11 9 10 15 16 5 23 25 14 3 8 29 6 32 28 38 0 2 17 4 
0 35
1 13
2 36
3 28
4 38
5 24
6 31
7 17
8 29
9 20
10 21
11 19
12 11
13 4
14 27
15 22
16 23
17 37
18 5
19 3
20 16
21 10
22 2
23 25
24 0
25 26
26 18
27 9
28 33
29 30
30 14
31 7
32 32
33 1
34 15
35 12
36 8
37 6
38 34
SIMILAR

5 15 33 16 29 25 26 21 30 37 3 38 18 6 9 20 13 32 28 23 31 7 4 24 17 19 27 10 8 12 1 11 14 2 22 36 34 35 0 
0 38
1 30
2 33
3 10
4 22
5 0
6 13
7 21
8 28
9 14
10 27
11 31
12 29
13 16
14 32
15 1
16 3
17 24
18 12
19 25
20 15
21 7
22 34
23 19
24 23
25 5
26 6
27 26
28 18
29 4
30 8
31 20
32 17
33 2
34 36
35 37
36 35
37 9
38 11
SIMILAR

22 18 16 3 20 30 36 13 33 8 1 37 2 27 21 12 7 23 35 38 17 28 24 29 32 26 9 4 15 14 0 34 5 11 10 19 31 6 25 
0 30
1 10
2 12
3 3
4 27
5 32
6 37
7 16
8 9
9 26
10 34
11 33
12 15
13 7
14 29
15 28
16 2
17 20
18 1
19 35
20 4
21 14
22 0
23 17
24 22
25 38
26 25
27 13
28 21
29 23
30 5
31 36
32 24
33 8
34 31
35 18
36 6
37 11
38 19
SIMILAR

36 9 27 37 22 13 30 14 4 5 15 12 11 1 29 31 33 23 8 19 24 25 3 28 35 10 16 38 20 7 32 6 0 21 17 2 26 18 34 
0 32
1 13
2 35
3 22
4 8
5 9
6 31
7 29
8 18
9 1
10 25
11 12
12 11
13 5
14 7
15 10
16 26
17 34
18 37
19 19
20 28
21 33
22 4
23 17
24 20
25 21
26 36
27 2
28 23
29 14
30 6
31 15
32 30
33 16
34 38
35 24
36 0
37 3
38 27
SIMILAR

13 28 4 5 19 38 25 14 9 7 24 17 30 22 2 15 11 33 32 37 1 31 36 27 20 0 34 23 6 8 26 3 35 29 12 10 21 16 18 
0 25
1 20
2 14
3 31
4 2
5 3
6 28
7 9
8 29
9 8
10 35
11 16
12 34
13 0
14 7
15 15
16 37
17 11
18 38
19 4
20 24
21 36
22 13
23 27
24 10
25 6
26 30
27 23
28 1
29 33
30 12
31 21
32 18
33 17
34 26
35 32
36 22
37 19
38 5
SIMILAR

31 19 16 29 22 10 32 12 18 2 35 25 36 7 37 15 14 24 13 1 3 34 30 0 28 23 27 4 26 38 20 33 21 8 5 6 9 11 17 
0 23
1 19
2 9
3 20
4 27
5 34
6 35
7 13
8 33
9 36
10 5
11 37
12 7
13 18
14 16
15 15
16 2
17 38
18 8
19 1
20 30
21 32
22 4
23 25
24 17
25 11
26 28
27 26
28 24
29 3
30 22
31 0
32 6
33 31
34 21
35 10
36 12
37 14
38 29
SIMILAR

16 35 33 10 20 19 0 8 32 29 36 4 31 14 30 5 21 34 24 15 6 28 23 38 18 37 1 22 7 27 25 2 11 26 17 12 13 9 3 
0 6
1 26
2 31
3 38
4 11
5 15
6 20
7 28
8 7
9 37
10 3
11 32
12 35
13 36
14 13
15 19
16 0
17 34
18 24
19 5
20 4
21 16
22 27
23 22
24 18
25 30
26 33
27 29
28 21
29 9
30 14
31 12
32 8
33 2
34 17
35 1
36 10
37 25
38 23
SIMILAR

16 25 17 10 26 7 38 30 33 1 4 0 23 2 21 3 27 29 12 14 24 28 20 5 32 13 18 22 37 6 36 15 9 19 31 8 11 35 34 
0 11
1 9
2 13
3 15
4 10
5 23
6 29
7 5
8 35
9 32
10 3
11 36
12 18
13 25
14 19
15 31
16 0
17 2
18 26
19 33
20 22
21 14
22 27
23 12
24 20
25 1
26 4
27 16
28 21
29 17
30 7
31 34
32 24
33 8
34 38
35 37
36 30
37 28
38 6
SIMILAR

28 2 17 1 37 15 35 19 20 23 13 34 22 29 10 38 24 4 21 8 18 7 32 11 25 6 16 5 14 12 9 0 26 30 3 31 33 36 27 
0 31
1 3
2 1
3 34
4 17
5 27
6 25
7 21
8 19
9 30
10 14
11 23
12 29
13 10
14 28
15 5
16 26
17 2
18 20
19 7
20 8
21 18
22 12
23 9
24 16
25 24
26 32
27 38
28 0
29 13
30 33
31 35
32 22
33 36
34 11
35 6
36 37
37 4
38 15
SIMILAR

11 23 15 32 35 7 20 19 14 1 3 13 34 30 29 16 17 26 9 2 0 38 24 31 21 4 36 10 6 27 22 25 12 8 37 33 5 28 18 
0 20
1 9
2 19
3 10
4 25
5 36
6 28
7 5
8 33
9 18
10 27
11 0
12 32
13 11
14 8
15 2
16 15
17 16
18 38
19 7
20 6
21 24
22 30
23 1
24 22
25 31
26 17
27 29
28 37
29 14
30 13
31 23
32 3
33 35
34 12
35 4
36 26
37 34
38 21
SIMILAR

26 33 19 30 18 14 0 24 9 16 17 25 21 6 1 35 20 10 8 22 34 23 2 32 4 28 5 3 12 11 13 36 31 27 7 38 37 15 29 
0 6
1 14
2 22
3 27
4 24
5 26
6 13
7 34
8 18
9 8
10 17
11 29
12 28
13 30
14 5
15 37
16 9
17 10
18 4
19 2
20 16
21 12
22 19
23 21
24 7
25 11
26 0
27 33
28 25
29 38
30 3
31 32
32 23
33 1
34 20
35 15
36 31
37 36
38 35
SIMILAR

31 7 22 21 26 1 17 3 19 29 14 33 36 24 30 37 34 8 6 32 38 23 28 13 5 15 35 11 0 27 12 25 9 10 20 18 2 4 16 
0 28
1 5
2 36
3 7
4 37
5 24
6 18
7 1
8 17
9 32
10 33
11 27
12 30
13 23
14 10
15 25
16 38
17 6
18 35
19 8
20 34
21 3
22 2
23 21
24 13
25 31
26 4
27 29
28 22
29 9
30 14
31 0
32 19
33 11
34 16
35 26
36 12
37 15
38 20
SIMILAR

35 15 4 29 20 0 22 25 21 27 36 30 33 2 23 14 16 1 13 28 37 17 18 11 7 12 8 31 19 9 24 5 38 26 32 3 10 34 6 
0 5
1 17
2 13
3 35
4 2
5 31
6 38
7 24
8 26
9 29
10 36
11 23
12 25
13 18
14 15
15 1
16 16
17 21
18 22
19 28
20 4
21 8
22 6
23 14
24 30
25 7
26 33
27 9
28 19
29 3
30 11
31 27
32 34
33 12
34 37
35 0
36 10
37 20
38 32
SIMILAR

37 22 32 33 21 30 31 13 34 17 11 16 5 38 28 27 19 7 35 26 1 23 29 4 9 25 0 8 12 36 18 10 20 24 6 3 2 14 15 
0 26
1 20
2 36
3 35
4 23
5 12
6 34
7 17
8 27
9 24
10 31
11 10
12 28
13 7
14 37
15 38
16 11
17 9
18 30
19 16
20 32
21 4
22 1
23 21
24 33
25 25
26 19
27 15
28 14
29 22
30 5
31 6
32 2
33 3
34 8
35 18
36 29
37 0
38 13
SIMILAR

1 29 37 19 0 2 31 12 27 4 21 28 33 22 26 24 34 3 5 25 6 7 9 17 35 18 11 38 10 13 30 14 32 16 20 23 15 36 8 
0 4
1 0
2 5
3 17
4 9
5 18
6 20
7 21
8 38
9 22
10 28
11 26
12 7
13 29
14 31
15 36
16 33
17 23
18 25
19 3
20 34
21 10
22 13
23 35
24 15
25 19
26 14
27 8
28 11
29 1
30 30
31 6
32 32
33 12
34 16
35 24
36 37
37 2
38 27
SIMILAR

21 30 12 28 36 9 23 11 5 1 27 0 24 3 22 32 37 18 4 2 25 31 16 19 8 35 7 38 15 29 6 34 10 14 26 13 17 33 20 
0 11
1 9
2 19
3 13
4 18
5 8
6 30
7 26
8 24
9 5
10 32
11 7
12 2
13 35
14 33
15 28
16 22
17 36
18 17
19 23
20 38
21 0
22 14
23 6
24 12
25 20
26 34
27 10
28 3
29 29
30 1
31 21
32 15
33 37
34 31
35 25
36 4
37 16
38 27
SIMILAR

7 18 20 33 5 31 22 11 12 30 16 9 24 14 23 28 8 4 27 0 1 26 2 38 6 32 13 17 25 35 19 34 36 21 15 37 3 29 10 
0 19
1 20
2 22
3 36
4 17
5 4
6 24
7 0
8 16
9 11
10 38
11 7
12 8
13 26
14 13
15 34
16 10
17 27
18 1
19 30
20 2
21 33
22 6
23 14
24 12
25 28
26 21
27 18
28 15
29 37
30 9
31 5
32 25
33 3
34 31
35 29
36 32
37 35
38 23
SIMILAR

14 35 18 3 22 27 11 21 10 28 20 6 16 30 12 2 31 8 4 24 7 36 19 38 13 34 15 37 17 5 29 0 23 32 9 1 26 33 25 
0 31
1 35
2 15
3 3
4 18
5 29
6 11
7 20
8 17
9 34
10 8
11 6
12 14
13 24
14 0
15 26
16 12
17 28
18 2
19 22
20 10
21 7
22 4
23 32
24 19
25 38
26 36
27 5
28 9
29 30
30 13
31 16
32 33
33 37
34 25
35 1
36 21
37 27
38 23
SIMILAR

15 34 4 13 29 36 6 23 32 25 1 2 19 0 5 38 26 10 3 27 22 30 16 12 24 35 33 8 17 7 31 9 14 20 28 11 21 37 18 
0 13
1 10
2 11
3 18
4 2
5 14
6 6
7 29
8 27
9 31
10 17
11 35
12 23
13 3
14 32
15 0
16 22
17 28
18 38
19 12
20 33
21 36
22 20
23 7
24 24
25 9
26 16
27 19
28 34
29 4
30 21
31 30
32 8
33 26
34 1
35 25
36 5
37 37
38 15
SIMILAR

36 28 24 38 4 27 20 0 2 22 8 19 7 6 26 21 33 37 1 31 16 15 13 12 3 32 30 17 18 25 29 14 10 23 9 34 35 11 5 
0 7
1 18
2 8
3 24
4 4
5 38
6 13
7 12
8 10
9 34
10 32
11 37
12 23
13 22
14 31
15 21
16 20
17 27
18 28
19 11
20 6
21 15
22 9
23 33
24 2
25 29
26 14
27 5
28 1
29 30
30 26
31 19
32 25
33 16
34 35
35 36
36 0
37 17
38 3
SIMILAR

28 13 22 34 7 11 2 10 26 1 29 9 8 32 21 5 38 20 0 19 27 23 33 37 18 3 35 24 16 15 6 25 30 4 17 31 14 36 12 
0 18
1 9
2 6
3 25
4 33
5 15
6 30
7 4
8 12
9 11
10 7
11 5
12 38
13 1
14 36
15 29
16 28
17 34
18 24
19 19
20 17
21 14
22 2
23 21
24 27
25 31
26 8
27 20
28 0
29 10
30 32
31 35
32 13
33 22
34 3
35 26
36 37
37 23
38 16
SIMILAR

3 11 10 4 19 0 33 16 14 28 8 29 9 20 37 6 23 13 25 12 17 22 31 27 24 7 35 26 30 38 21 36 32 1 34 18 2 5 15 
0 5
1 33
2 36
3 0
4 3
5 37
6 15
7 25
8 10
9 12
10 2
11 1
12 19
13 17
14 8
15 38
16 7
17 20
18 35
19 4
20 13
21 30
22 21
23 16
24 24
25 18
26 27
27 23
28 9
29 11
30 28
31 22
32 32
33 6
34 34
35 26
36 31
37 14
38 29
SIMILAR

28 35 34 12 23 36 20 14 26 16 29 8 10 11 30 13 3 9 4 22 25 5 37 0 2 15 18 31 38 19 1 6 17 21 27 24 7 32 33 
0 23
1 30
2 24
3 16
4 18
5 21
6 31
7 36
8 11
9 17
10 12
11 13
12 3
13 15
14 7
15 25
16 9
17 32
18 26
19 29
20 6
21 33
22 19
23 4
24 35
25 20
26 8
27 34
28 0
29 10
30 14
31 27
32 37
33 38
34 2
35 1
36 5
37 22
38 28
SIMILAR

27 33 13 26 35 19 3 28 32 29 36 38 21 4 34 14 9 20 25 16 24 31 17 12 8 22 15 2 23 10 18 11 1 6 0 37 7 5 30 
0 34
1 32
2 27
3 6
4 13
5 37
6 33
7 36
8 24
9 16
10 29
11 31
12 23
13 2
14 15
15 26
16 19
17 22
18 30
19 5
20 17
21 12
22 25
23 28
24 20
25 18
26 3
27 0
28 7
29 9
30 38
31 21
32 8
33 1
34 14
35 4
36 10
37 35
38 11
SIMILAR

35 36 7 20 38 5 27 14 21 9 29 15 31 30 24 25 10 12 32 23 28 11 18 13 6 34 22 3 26 37 16 33 17 4 2 8 0 19 1 
0 36
1 38
2 34
3 27
4 33
5 5
6 24
7 2
8 35
9 9
10 16
11 21
12 17
13 23
14 7
15 11
16 30
17 32
18 22
19 37
20 3
21 8
22 26
23 19
24 14
25 15
26 28
27 6
28 20
29 10
30 13
31 12
32 18
33 31
34 25
35 0
36 1
37 29
38 4
SIMILAR

0 31 1 2 7 34 10 37 12 38 16 35 26 15 27 24 17 32 29 4 25 14 8 11 30 6 5 23 19 3 9 13 36 22 20 18 28 33 21 
0 0
1 2
2 3
3 29
4 19
5 26
6 25
7 4
8 22
9 30
10 6
11 23
12 8
13 31
14 21
15 13
16 10
17 16
18 35
19 28
20 34
21 38
22 33
23 27
24 15
25 20
26 12
27 14
28 36
29 18
30 24
31 1
32 17
33 37
34 5
35 11
36 32
37 7
38 9
SIMILAR

26 12 28 31 21 27 38 16 14 23 6 25 22 19 20 36 37 11 32 29 35 1 10 15 13 4 24 0 2 18 33 17 5 9 34 3 8 30 7 
0 27
1 21
2 28
3 35
4 25
5 32
6 10
7 38
8 36
9 33
10 22
11 17
12 1
13 24
14 8
15 23
16 7
17 31
18 29
19 13
20 14
21 4
22 12
23 9
24 26
25 11
26 0
27 5
28 2
29 19
30 37
31 3
32 18
33 30
34 34
35 20
36 15
37 16
38 6
SIMILAR

23 6 7 29 19 11 27 34 5 21 18 17 16 31 0 20 8 2 28 10 35 3 13 25 30 26 33 37 15 12 38 32 4 14 24 36 22 9 1 
0 14
1 38
2 17
3 21
4 32
5 8
6 1
7 2
8 16
9 37
10 19
11 5
12 29
13 22
14 33
15 28
16 12
17 11
18 10
19 4
20 15
21 9
22 36
23 0
24 34
25 23
26 25
27 6
28 18
29 3
30 24
31 13
32 31
33 26
34 7
35 20
36 35
37 27
38 30
SIMILAR

7 29 26 13 36 20 8 21 31 1 32 27 28 22 38 16 15 10 18 37 2 17 14 5 24 3 9 0 11 30 35 25 4 34 6 33 19 23 12 
0 27
1 9
2 20
3 25
4 32
5 23
6 34
7 0
8 6
9 26
10 17
11 28
12 38
13 3
14 22
15 16
16 15
17 21
18 18
19 36
20 5
21 7
22 13
23 37
24 24
25 31
26 2
27 11
28 12
29 1
30 29
31 8
32 10
33 35
34 33
35 30
36 4
37 19
38 14
SIMILAR
100 0
5000 0
355000 0
