39
0 1 0 0 0 0 1 1 1 1 0 1 1 0 1 1 1 0 0 0 0 0 0 0 1 1 1 0 0 1 0 0 1 1 1 1 1 1 1 
1 0 1 0 0 0 1 1 0 0 1 0 1 0 1 0 0 1 1 1 0 0 1 1 1 0 0 0 0 1 1 0 1 1 1 1 1 0 1 
0 1 0 1 0 1 0 1 0 0 1 0 0 0 1 1 0 1 1 0 0 0 0 1 0 0 0 0 0 0 0 0 0 0 1 0 1 1 1 
0 0 1 0 1 1 0 0 0 1 0 1 1 0 1 1 0 0 1 1 0 1 1 1 0 0 1 1 0 1 0 1 0 1 0 0 1 1 1 
0 0 0 1 0 0 0 1 1 1 0 1 0 0 1 1 1 0 0 0 1 0 1 1 0 1 1 1 1 0 0 1 0 0 0 0 0 0 0 
0 0 1 1 0 0 1 1 1 1 0 0 0 0 0 1 1 1 1 0 0 0 1 0 0 0 1 0 0 0 0 0 0 0 1 1 1 0 1 
1 1 0 0 0 1 0 1 1 1 1 0 1 0 1 0 1 0 0 0 1 1 1 0 1 1 1 0 1 0 1 1 0 0 1 0 1 0 1 
1 1 1 0 1 1 1 0 0 0 1 1 1 1 1 1 0 1 0 1 0 1 0 1 0 1 1 0 0 1 0 1 1 1 0 0 0 0 0 
1 0 0 0 1 1 1 0 0 0 0 0 0 0 1 0 1 0 1 1 1 0 0 1 1 0 0 0 0 0 0 1 0 0 1 0 1 0 1 
1 0 0 1 1 1 1 0 0 0 0 0 0 1 1 1 0 0 1 0 1 0 0 1 1 0 1 1 1 1 1 1 1 0 1 0 1 1 1 
0 1 1 0 0 0 1 1 0 0 0 1 0 1 1 1 0 1 0 1 1 0 0 0 1 0 1 1 0 1 1 1 0 0 1 0 0 0 1 
1 0 0 1 1 0 0 1 0 0 1 0 0 1 0 1 1 0 0 1 1 0 0 0 1 0 0 1 0 0 1 0 1 0 0 1 1 0 1 
1 1 0 1 0 0 1 1 0 0 0 0 0 0 0 1 0 0 0 1 1 1 0 0 0 0 1 1 0 0 1 1 1 1 1 1 0 0 1 
0 0 0 0 0 0 0 1 0 1 1 1 0 0 1 1 1 0 1 0 1 0 0 1 0 1 0 0 1 1 0 1 1 1 0 0 0 0 0 
1 1 1 1 1 0 1 1 1 1 1 0 0 1 0 1 1 1 1 1 0 0 1 0 0 0 1 0 1 1 1 1 1 1 1 0 0 1 0 
1 0 1 1 1 1 0 1 0 1 1 1 1 1 1 0 0 0 0 1 0 1 0 1 0 1 1 1 1 0 0 1 1 1 1 1 0 0 0 
1 0 0 0 1 1 1 0 1 0 0 1 0 1 1 0 0 0 1 0 1 1 1 1 1 1 1 0 0 1 1 0 0 0 0 0 0 0 1 
0 1 1 0 0 1 0 1 0 0 1 0 0 0 1 0 0 0 1 0 1 1 0 0 0 0 1 0 1 1 1 1 0 1 0 0 1 0 1 
0 1 1 1 0 1 0 0 1 1 0 0 0 1 1 0 1 1 0 1 1 0 1 0 0 0 1 0 0 1 0 0 1 1 1 1 0 1 1 
0 1 0 1 0 0 0 1 1 0 1 1 1 0 1 1 0 0 1 0 0 0 1 0 0 1 1 0 1 1 1 1 1 0 1 1 1 1 1 
0 0 0 0 1 0 1 0 1 1 1 1 1 1 0 0 1 1 1 0 0 1 0 0 0 1 1 1 1 0 1 1 0 0 1 0 0 0 0 
0 0 0 1 0 0 1 1 0 0 0 0 1 0 0 1 1 1 0 0 1 0 1 0 0 1 0 1 0 0 1 1 1 1 1 1 0 0 0 
0 1 0 1 1 1 1 0 0 0 0 0 0 0 1 0 1 0 1 1 0 1 0 0 1 1 1 1 1 0 1 1 1 0 1 0 1 0 0 
0 1 1 1 1 0 0 1 1 1 0 0 0 1 0 1 1 0 0 0 0 0 0 0 1 0 1 1 1 0 0 0 1 0 1 0 1 0 0 
1 1 0 0 0 0 1 0 1 1 1 1 0 0 0 0 1 0 0 0 0 0 1 1 0 0 1 1 1 1 0 1 0 1 0 1 0 1 0 
1 0 0 0 1 0 1 1 0 0 0 0 0 1 0 1 1 0 0 1 1 1 1 0 0 0 1 1 1 0 1 0 1 1 1 1 0 1 0 
1 0 0 1 1 1 1 1 0 1 1 0 1 0 1 1 1 1 1 1 1 0 1 1 1 1 0 1 0 1 1 0 1 0 0 0 1 1 0 
0 0 0 1 1 0 0 0 0 1 1 1 1 0 0 1 0 0 0 0 1 1 1 1 1 1 1 0 1 0 0 0 0 0 1 0 1 1 1 
0 0 0 0 1 0 1 0 0 1 0 0 0 1 1 1 0 1 0 1 1 0 1 1 1 1 0 1 0 0 0 0 0 1 1 1 1 1 0 
1 1 0 1 0 0 0 1 0 1 1 0 0 1 1 0 1 1 1 1 0 0 0 0 1 0 1 0 0 0 1 1 1 0 0 0 0 1 0 
0 1 0 0 0 0 1 0 0 1 1 1 1 0 1 0 1 1 0 1 1 1 1 0 0 1 1 0 0 1 0 0 0 1 0 0 1 0 1 
0 0 0 1 1 0 1 1 1 1 1 0 1 1 1 1 0 1 0 1 1 1 1 0 1 0 0 0 0 1 0 0 0 1 1 1 1 0 0 
1 1 0 0 0 0 0 1 0 1 0 1 1 1 1 1 0 0 1 1 0 1 1 1 0 1 1 0 0 1 0 0 0 1 0 1 0 1 0 
1 1 0 1 0 0 0 1 0 0 0 0 1 1 1 1 0 1 1 0 0 1 0 0 1 1 0 0 1 0 1 1 1 0 0 1 1 0 1 
1 1 1 0 0 1 1 0 1 1 1 0 1 0 1 1 0 0 1 1 1 1 1 1 0 1 0 1 1 0 0 1 0 0 0 1 1 1 0 
1 1 0 0 0 1 0 0 0 0 0 1 1 0 0 1 0 0 1 1 0 1 0 0 1 1 0 0 1 0 0 1 1 1 1 0 1 0 1 
1 1 1 1 0 1 1 0 1 1 0 1 0 0 0 0 0 1 0 1 0 0 1 1 0 0 1 1 1 0 1 1 0 1 1 1 0 0 0 
1 0 1 1 0 0 0 0 0 1 0 0 0 0 1 0 0 0 1 1 0 0 0 0 1 1 1 1 1 1 0 0 1 0 1 0 0 0 1 
1 1 1 1 0 1 1 0 1 1 1 1 1 0 0 0 1 1 1 1 0 0 0 0 0 0 0 1 0 0 1 0 0 1 0 1 0 1 0 

19 21 9 26 13 11 24 38 29 35 15 20 8 7 12 2 27 37 30 25 3 32 34 36 17 18 33 10 5 1 23 16 0 31 22 6 4 28 14 
0 32
1 29
2 15
3 20
4 36
5 28
6 35
7 13
8 12
9 2
10 27
11 5
12 14
13 4
14 38
15 10
16 31
17 24
18 25
19 0
20 11
21 1
22 34
23 30
24 6
25 19
26 3
27 16
28 37
29 8
30 18
31 33
32 21
33 26
34 22
35 9
36 23
37 17
38 7
SIMILAR

13 14 12 24 1 4 23 11 15 29 19 35 25 36 33 21 0 3 7 16 28 5 6 8 18 2 38 37 27 30 34 10 22 32 20 26 9 31 17 
0 16
1 4
2 25
3 17
4 5
5 21
6 22
7 18
8 23
9 36
10 31
11 7
12 2
13 0
14 1
15 8
16 19
17 38
18 24
19 10
20 34
21 15
22 32
23 6
24 3
25 12
26 35
27 28
28 20
29 9
30 29
31 37
32 33
33 14
34 30
35 11
36 13
37 27
38 26
SIMILAR

15 30 24 38 35 3 1 7 22 37 2 34 8 5 17 32 28 9 25 29 10 19 31 4 18 14 23 33 20 21 36 13 6 27 26 16 0 11 12 
0 36
1 6
2 10
3 5
4 23
5 13
6 32
7 7
8 12
9 17
10 20
11 37
12 38
13 31
14 25
15 0
16 35
17 14
18 24
19 21
20 28
21 29
22 8
23 26
24 2
25 18
26 34
27 33
28 16
29 19
30 1
31 22
32 15
33 27
34 11
35 4
36 30
37 9
38 3
SIMILAR

0 37 31 38 16 4 32 10 26 20 33 30 29 21 14 15 35 28 19 9 25 22 5 6 36 13 3 23 12 18 34 8 27 1 2 17 7 11 24 
0 0
1 33
2 34
3 26
4 5
5 22
6 23
7 36
8 31
9 19
10 7
11 37
12 28
13 25
14 14
15 15
16 4
17 35
18 29
19 18
20 9
21 13
22 21
23 27
24 38
25 20
26 8
27 32
28 17
29 12
30 11
31 2
32 6
33 10
34 30
35 16
36 24
37 1
38 3
SIMILAR

38 13 7 17 8 0 25 24 6 2 9 23 35 37 26 20 12 34 36 11 18 5 28 21 33 4 15 29 1 19 22 10 14 32 31 3 16 30 27 
0 5
1 28
2 9
3 35
4 25
5 21
6 8
7 2
8 4
9 10
10 31
11 19
12 16
13 1
14 32
15 26
16 36
17 3
18 20
19 29
20 15
21 23
22 30
23 11
24 7
25 6
26 14
27 38
28 22
29 27
30 37
31 34
32 33
33 24
34 17
35 12
36 18
37 13
38 0
SIMILAR

12 2 13 37 32 22 24 38 19 26 33 6 27 25 20 5 28 30 36 35 23 7 18 16 29 11 14 10 31 17 4 9 34 0 15 3 8 1 21 
0 33
1 37
2 1
3 35
4 30
5 15
6 11
7 21
8 36
9 31
10 27
11 25
12 0
13 2
14 26
15 34
16 23
17 29
18 22
19 8
20 14
21 38
22 5
23 20
24 6
25 13
26 9
27 12
28 16
29 24
30 17
31 28
32 4
33 10
34 32
35 19
36 18
37 3
38 7
SIMILAR

36 27 26 24 9 6 3 32 30 19 10 4 13 34 37 21 25 7 28 17 31 23 29 2 18 11 22 12 8 16 0 20 1 15 33 35 5 14 38 
0 30
1 32
2 23
3 6
4 11
5 36
6 5
7 17
8 28
9 4
10 10
11 25
12 27
13 12
14 37
15 33
16 29
17 19
18 24
19 9
20 31
21 15
22 26
23 21
24 3
25 16
26 2
27 1
28 18
29 22
30 8
31 20
32 7
33 34
34 13
35 35
36 0
37 14
38 38
SIMILAR

9 21 14 30 7 24 27 19 33 13 2 0 31 1 37 15 5 34 28 10 16 38 36 29 20 17 25 23 8 18 12 32 22 11 6 26 3 4 35 
0 11
1 13
2 10
3 36
4 37
5 16
6 34
7 4
8 28
9 0
10 19
11 33
12 30
13 9
14 2
15 15
16 20
17 25
18 29
19 7
20 24
21 1
22 32
23 27
24 5
25 26
26 35
27 6
28 18
29 23
30 3
31 12
32 31
33 8
34 17
35 38
36 22
37 14
38 21
SIMILAR

1 27 38 0 36 6 2 25 34 15 32 35 29 12 30 10 14 4 31 17 18 11 5 33 9 20 21 16 28 24 23 19 8 7 3 26 37 22 13 
0 3
1 0
2 6
3 34
4 17
5 22
6 5
7 33
8 32
9 24
10 15
11 21
12 13
13 38
14 16
15 9
16 27
17 19
18 20
19 31
20 25
21 26
22 37
23 30
24 29
25 7
26 35
27 1
28 28
29 12
30 14
31 18
32 10
33 23
34 8
35 11
36 4
37 36
38 2
SIMILAR

12 2 38 32 14 25 29 17 37 34 22 18 23 30 11 13 3 15 24 33 6 36 10 9 7 19 20 31 1 4 26 0 21 35 28 16 27 8 5 
0 31
1 28
2 1
3 16
4 29
5 38
6 20
7 24
8 37
9 23
10 22
11 14
12 0
13 15
14 4
15 17
16 35
17 7
18 11
19 25
20 26
21 32
22 10
23 12
24 18
25 5
26 30
27 36
28 34
29 6
30 13
31 27
32 3
33 19
34 9
35 33
36 21
37 8
38 2
SIMILAR

6 7 35 2 30 24 9 32 17 4 14 29 3 20 13 22 0 16 38 19 34 12 21 31 27 11 26 33 15 18 25 37 23 28 10 8 36 5 1 
0 16
1 38
2 3
3 12
4 9
5 37
6 0
7 1
8 35
9 6
10 34
11 25
12 21
13 14
14 10
15 28
16 17
17 8
18 29
19 19
20 13
21 22
22 15
23 32
24 5
25 30
26 26
27 24
28 33
29 11
30 4
31 23
32 7
33 27
34 20
35 2
36 36
37 31
38 18
SIMILAR

16 26 31 10 22 25 1 19 18 8 35 4 9 3 2 24 0 36 5 11 38 21 15 34 30 20 14 37 29 27 12 6 23 32 17 13 33 28 7 
0 16
1 6
2 14
3 13
4 11
5 18
6 31
7 38
8 9
9 12
10 3
11 19
12 30
13 35
14 26
15 22
16 0
17 34
18 8
19 7
20 25
21 21
22 4
23 32
24 15
25 5
26 1
27 29
28 37
29 28
30 24
31 2
32 33
33 36
34 23
35 10
36 17
37 27
38 20
SIMILAR

0 11 26 19 37 10 4 31 22 13 6 1 35 2 17 30 21 5 29 23 28 38 33 36 9 20 18 8 12 14 7 27 32 15 25 34 3 16 24 
0 0
1 11
2 13
3 36
4 6
5 17
6 10
7 30
8 27
9 24
10 5
11 1
12 28
13 9
14 29
15 33
16 37
17 14
18 26
19 3
20 25
21 16
22 8
23 19
24 38
25 34
26 2
27 31
28 20
29 18
30 15
31 7
32 32
33 22
34 35
35 12
36 23
37 4
38 21
SIMILAR

8 23 17 31 18 24 30 22 29 7 27 25 36 26 21 3 4 2 13 28 12 5 37 33 34 20 11 15 1 38 35 16 0 9 32 19 10 6 14 
0 32
1 28
2 17
3 15
4 16
5 21
6 37
7 9
8 0
9 33
10 36
11 26
12 20
13 18
14 38
15 27
16 31
17 2
18 4
19 35
20 25
21 14
22 7
23 1
24 5
25 11
26 13
27 10
28 19
29 8
30 6
31 3
32 34
33 23
34 24
35 30
36 12
37 22
38 29
SIMILAR

8 7 24 33 35 9 3 14 1 22 25 15 21 2 30 17 19 32 34 27 16 4 12 37 5 11 23 20 10 29 38 18 36 31 26 28 13 6 0 
0 38
1 8
2 13
3 6
4 21
5 24
6 37
7 1
8 0
9 5
10 28
11 25
12 22
13 36
14 7
15 11
16 20
17 15
18 31
19 16
20 27
21 12
22 9
23 26
24 2
25 10
26 34
27 19
28 35
29 29
30 14
31 33
32 17
33 3
34 18
35 4
36 32
37 23
38 30
SIMILAR

5 32 12 18 1 16 23 37 22 17 33 26 30 19 8 35 34 14 20 3 11 4 7 13 15 10 0 24 2 9 21 27 31 36 6 28 38 25 29 
0 26
1 4
2 28
3 19
4 21
5 0
6 34
7 22
8 14
9 29
10 25
11 20
12 2
13 23
14 17
15 24
16 5
17 9
18 3
19 13
20 18
21 30
22 8
23 6
24 27
25 37
26 11
27 31
28 35
29 38
30 12
31 32
32 1
33 10
34 16
35 15
36 33
37 7
38 36
SIMILAR

38 20 36 31 34 28 29 17 15 23 14 10 22 13 35 0 33 19 30 4 26 18 2 24 16 3 8 11 9 12 6 25 27 7 32 21 1 37 5 
0 15
1 36
2 22
3 25
4 19
5 38
6 30
7 33
8 26
9 28
10 11
11 27
12 29
13 13
14 10
15 8
16 24
17 7
18 21
19 17
20 1
21 35
22 12
23 9
24 23
25 31
26 20
27 32
28 5
29 6
30 18
31 3
32 34
33 16
34 4
35 14
36 2
37 37
38 0
SIMILAR

25 26 3 14 35 7 2 24 8 17 9 6 10 20 19 36 15 31 22 21 12 30 4 11 13 29 18 28 33 5 32 0 38 16 27 34 37 1 23 
0 31
1 37
2 6
3 2
4 22
5 29
6 11
7 5
8 8
9 10
10 12
11 23
12 20
13 24
14 3
15 16
16 33
17 9
18 26
19 14
20 13
21 19
22 18
23 38
24 7
25 0
26 1
27 34
28 27
29 25
30 21
31 17
32 30
33 28
34 35
35 4
36 15
37 36
38 32
SIMILAR

7 20 15 0 1 6 10 13 37 25 4 22 11 14 24 16 27 29 3 23 35 34 18 17 30 21 9 38 8 5 36 26 33 31 28 32 12 2 19 
0 3
1 4
2 37
3 18
4 10
5 29
6 5
7 0
8 28
9 26
10 6
11 12
12 36
13 7
14 13
15 2
16 15
17 23
18 22
19 38
20 1
21 25
22 11
23 19
24 14
25 9
26 31
27 16
28 34
29 17
30 24
31 33
32 35
33 32
34 21
35 20
36 30
37 8
38 27
SIMILAR

9 36 4 0 19 2 30 24 13 17 15 38 3 27 31 35 18 21 8 23 22 28 10 32 14 5 34 29 16 37 11 12 33 26 1 6 7 25 20 
0 3
1 34
2 5
3 12
4 2
5 25
6 35
7 36
8 18
9 0
10 22
11 30
12 31
13 8
14 24
15 10
16 28
17 9
18 16
19 4
20 38
21 17
22 20
23 19
24 7
25 37
26 33
27 13
28 21
29 27
30 6
31 14
32 23
33 32
34 26
35 15
36 1
37 29
38 11
SIMILAR

3 0 29 4 38 31 1 33 37 30 25 19 12 34 24 10 27 23 35 13 15 21 20 28 5 14 8 16 18 2 32 36 22 6 9 11 7 17 26 
0 1
1 6
2 29
3 0
4 3
5 24
6 33
7 36
8 26
9 34
10 15
11 35
12 12
13 19
14 25
15 20
16 27
17 37
18 28
19 11
20 22
21 21
22 32
23 17
24 14
25 10
26 38
27 16
28 23
29 2
30 9
31 5
32 30
33 7
34 13
35 18
36 31
37 8
38 4
SIMILAR

4 20 3 32 38 14 37 1 24 6 0 7 33 16 11 5 27 26 25 34 21 13 9 29 2 10 15 19 31 35 36 23 17 12 22 18 30 28 8 
0 10
1 7
2 24
3 2
4 0
5 15
6 9
7 11
8 38
9 22
10 25
11 14
12 33
13 21
14 5
15 26
16 13
17 32
18 35
19 27
20 1
21 20
22 34
23 31
24 8
25 18
26 17
27 16
28 37
29 23
30 36
31 28
32 3
33 12
34 19
35 29
36 30
37 6
38 4
SIMILAR

34 23 8 22 3 1 25 10 38 12 24 20 29 9 5 16 31 30 13 32 0 15 14 6 37 36 4 28 17 33 27 2 21 26 11 18 35 7 19 
0 20
1 5
2 31
3 4
4 26
5 14
6 23
7 37
8 2
9 13
10 7
11 34
12 9
13 18
14 22
15 21
16 15
17 28
18 35
19 38
20 11
21 32
22 3
23 1
24 10
25 6
26 33
27 30
28 27
29 12
30 17
31 16
32 19
33 29
34 0
35 36
36 25
37 24
38 8
SIMILAR

15 2 25 28 3 1 7 11 29 19 32 36 9 23 24 14 8 34 6 13 22 16 30 18 38 21 35 5 33 31 20 4 12 37 0 26 17 27 10 
0 34
1 5
2 1
3 4
4 31
5 27
6 18
7 6
8 16
9 12
10 38
11 7
12 32
13 19
14 15
15 0
16 21
17 36
18 23
19 9
20 30
21 25
22 20
23 13
24 14
25 2
26 35
27 37
28 3
29 8
30 22
31 29
32 10
33 28
34 17
35 26
36 11
37 33
38 24
SIMILAR

23 7 38 26 6 14 20 9 19 10 8 13 1 16 37 5 24 34 11 31 27 2 36 28 15 4 17 25 3 29 35 32 12 33 21 30 22 0 18 
0 37
1 12
2 21
3 28
4 25
5 15
6 4
7 1
8 10
9 7
10 9
11 18
12 32
13 11
14 5
15 24
16 13
17 26
18 38
19 8
20 6
21 34
22 36
23 0
24 16
25 27
26 3
27 20
28 23
29 29
30 35
31 19
32 31
33 33
34 17
35 30
36 22
37 14
38 2
SIMILAR

10 36 28 18 21 17 22 33 9 16 29 26 20 32 24 8 6 7 19 13 25 15 37 34 11 3 38 4 5 12 2 0 1 30 35 31 27 23 14 
0 31
1 32
2 30
3 25
4 27
5 28
6 16
7 17
8 15
9 8
10 0
11 24
12 29
13 19
14 38
15 21
16 9
17 5
18 3
19 18
20 12
21 4
22 6
23 37
24 14
25 20
26 11
27 36
28 2
29 10
30 33
31 35
32 13
33 7
34 23
35 34
36 1
37 22
38 26
SIMILAR

6 37 10 9 18 38 28 36 7 19 32 11 20 21 25 27 23 5 2 15 34 29 1 33 8 0 24 22 12 30 16 13 4 3 14 31 17 26 35 
0 25
1 22
2 18
3 33
4 32
5 17
6 0
7 8
8 24
9 3
10 2
11 11
12 28
13 31
14 34
15 19
16 30
17 36
18 4
19 9
20 12
21 13
22 27
23 16
24 26
25 14
26 37
27 15
28 6
29 21
30 29
31 35
32 10
33 23
34 20
35 38
36 7
37 1
38 5
SIMILAR

10 35 12 25 4 38 11 28 31 37 5 16 13 2 36 14 9 24 18 6 30 7 8 15 23 29 22 32 20 26 33 1 21 17 34 0 27 3 19 
0 35
1 31
2 13
3 37
4 4
5 10
6 19
7 21
8 22
9 16
10 0
11 6
12 2
13 12
14 15
15 23
16 11
17 33
18 18
19 38
20 28
21 32
22 26
23 24
24 17
25 3
26 29
27 36
28 7
29 25
30 20
31 8
32 27
33 30
34 34
35 1
36 14
37 9
38 5
SIMILAR

31 29 12 16 23 1 34 11 37 30 18 22 28 36 5 3 20 32 6 9 10 8 7 19 14 4 2 33 0 17 24 35 25 38 13 15 27 21 26 
0 28
1 5
2 26
3 15
4 25
5 14
6 18
7 22
8 21
9 19
10 20
11 7
12 2
13 34
14 24
15 35
16 3
17 29
18 10
19 23
20 16
21 37
22 11
23 4
24 30
25 32
26 38
27 36
28 12
29 1
30 9
31 0
32 17
33 27
34 6
35 31
36 13
37 8
38 33
SIMILAR

19 29 25 26 0 21 30 13 9 17 11 32 15 5 4 23 28 10 35 2 20 24 14 36 33 37 12 8 3 6 38 31 27 22 1 34 18 16 7 
0 4
1 34
2 19
3 28
4 14
5 13
6 29
7 38
8 27
9 8
10 17
11 10
12 26
13 7
14 22
15 12
16 37
17 9
18 36
19 0
20 20
21 5
22 33
23 15
24 21
25 2
26 3
27 32
28 16
29 1
30 6
31 31
32 11
33 24
34 35
35 18
36 23
37 25
38 30
SIMILAR

28 13 21 31 2 4 12 27 33 38 30 36 26 20 17 3 22 15 10 1 14 16 18 7 29 24 34 19 11 8 37 35 25 9 32 0 23 5 6 
0 35
1 19
2 4
3 15
4 5
5 37
6 38
7 23
8 29
9 33
10 18
11 28
12 6
13 1
14 20
15 17
16 21
17 14
18 22
19 27
20 13
21 2
22 16
23 36
24 25
25 32
26 12
27 7
28 0
29 24
30 10
31 3
32 34
33 8
34 26
35 31
36 11
37 30
38 9
SIMILAR

22 1 13 8 32 9 34 6 16 4 7 37 0 38 10 29 2 5 19 28 27 17 25 30 15 23 21 33 24 26 36 14 12 11 3 20 31 35 18 
0 12
1 1
2 16
3 34
4 9
5 17
6 7
7 10
8 3
9 5
10 14
11 33
12 32
13 2
14 31
15 24
16 8
17 21
18 38
19 18
20 35
21 26
22 0
23 25
24 28
25 22
26 29
27 20
28 19
29 15
30 23
31 36
32 4
33 27
34 6
35 37
36 30
37 11
38 13
SIMILAR

18 35 7 12 29 0 34 1 16 36 15 30 3 37 23 22 33 25 20 11 31 24 21 2 26 27 10 9 19 4 6 14 38 17 32 5 28 8 13 
0 5
1 7
2 23
3 12
4 29
5 35
6 30
7 2
8 37
9 27
10 26
11 19
12 3
13 38
14 31
15 10
16 8
17 33
18 0
19 28
20 18
21 22
22 15
23 14
24 21
25 17
26 24
27 25
28 36
29 4
30 11
31 20
32 34
33 16
34 6
35 1
36 9
37 13
38 32
SIMILAR

36 33 8 20 28 6 31 35 11 12 7 27 30 14 16 2 21 10 17 29 19 13 37 24 26 38 22 9 15 0 18 4 32 34 1 23 5 3 25 
0 29
1 34
2 15
3 37
4 31
5 36
6 5
7 10
8 2
9 27
10 17
11 8
12 9
13 21
14 13
15 28
16 14
17 18
18 30
19 20
20 3
21 16
22 26
23 35
24 23
25 38
26 24
27 11
28 4
29 19
30 12
31 6
32 32
33 1
34 33
35 7
36 0
37 22
38 25
SIMILAR

1 28 2 15 16 9 14 17 11 21 22 5 30 38 24 34 0 37 18 12 33 31 10 6 27 20 4 13 25 29 26 19 8 7 35 3 23 36 32 
0 16
1 0
2 2
3 35
4 26
5 11
6 23
7 33
8 32
9 5
10 22
11 8
12 19
13 27
14 6
15 3
16 4
17 7
18 18
19 31
20 25
21 9
22 10
23 36
24 14
25 28
26 30
27 24
28 1
29 29
30 12
31 21
32 38
33 20
34 15
35 34
36 37
37 17
38 13
SIMILAR

16 9 18 31 17 20 23 11 12 10 27 34 26 4 2 15 38 24 33 25 8 5 6 21 3 32 0 30 22 13 36 29 28 35 19 37 14 7 1 
0 26
1 38
2 14
3 24
4 13
5 21
6 22
7 37
8 20
9 1
10 9
11 7
12 8
13 29
14 36
15 15
16 0
17 4
18 2
19 34
20 5
21 23
22 28
23 6
24 17
25 19
26 12
27 10
28 32
29 31
30 27
31 3
32 25
33 18
34 11
35 33
36 30
37 35
38 16
SIMILAR

12 25 9 7 35 37 22 18 36 17 0 31 1 24 15 11 23 13 30 29 28 20 26 33 19 16 21 14 34 10 38 2 32 8 4 6 3 5 27 
0 10
1 12
2 31
3 36
4 34
5 37
6 35
7 3
8 33
9 2
10 29
11 15
12 0
13 17
14 27
15 14
16 25
17 9
18 7
19 24
20 21
21 26
22 6
23 16
24 13
25 1
26 22
27 38
28 20
29 19
30 18
31 11
32 32
33 23
34 28
35 4
36 8
37 5
38 30
SIMILAR

14 30 36 32 37 9 18 2 11 13 19 33 26 1 35 28 0 24 4 34 16 20 21 27 29 31 3 15 22 10 5 25 7 8 17 38 6 12 23 
0 16
1 13
2 7
3 26
4 18
5 30
6 36
7 32
8 33
9 5
10 29
11 8
12 37
13 9
14 0
15 27
16 20
17 34
18 6
19 10
20 21
21 22
22 28
23 38
24 17
25 31
26 12
27 23
28 15
29 24
30 1
31 25
32 3
33 11
34 19
35 14
36 2
37 4
38 35
SIMILAR

8 1 9 32 2 19 25 31 38 4 20 11 28 0 12 14 24 10 36 5 29 17 27 15 37 22 6 13 26 35 18 7 16 23 3 34 33 30 21 
0 13
1 1
2 4
3 34
4 9
5 19
6 26
7 31
8 0
9 2
10 17
11 11
12 14
13 27
14 15
15 23
16 32
17 21
18 30
19 5
20 10
21 38
22 25
23 33
24 16
25 6
26 28
27 22
28 12
29 20
30 37
31 7
32 3
33 36
34 35
35 29
36 18
37 24
38 8
SIMILAR

21 15 19 7 31 34 0 1 4 27 28 17 3 14 33 13 36 18 9 30 6 26 29 5 2 32 25 12 35 38 16 10 24 20 23 37 22 8 11 
0 6
1 7
2 24
3 12
4 8
5 23
6 20
7 3
8 37
9 18
10 31
11 38
12 27
13 15
14 13
15 1
16 30
17 11
18 17
19 2
20 33
21 0
22 36
23 34
24 32
25 26
26 21
27 9
28 10
29 22
30 19
31 4
32 25
33 14
34 5
35 28
36 16
37 35
38 29
SIMILAR

9 34 31 17 11 29 0 10 26 7 35 27 19 1 5 14 3 38 16 24 28 20 25 12 6 2 33 23 15 13 37 32 8 4 21 36 18 30 22 
0 6
1 13
2 25
3 16
4 33
5 14
6 24
7 9
8 32
9 0
10 7
11 4
12 23
13 29
14 15
15 28
16 18
17 3
18 36
19 12
20 21
21 34
22 38
23 27
24 19
25 22
26 8
27 11
28 20
29 5
30 37
31 2
32 31
33 26
34 1
35 10
36 35
37 30
38 17
SIMILAR

14 15 17 3 13 36 20 35 21 24 34 6 19 28 8 9 30 2 27 29 31 10 16 25 22 38 26 32 33 1 23 11 12 0 7 18 37 5 4 
0 33
1 29
2 17
3 3
4 38
5 37
6 11
7 34
8 14
9 15
10 21
11 31
12 32
13 4
14 0
15 1
16 22
17 2
18 35
19 12
20 6
21 8
22 24
23 30
24 9
25 23
26 26
27 18
28 13
29 19
30 16
31 20
32 27
33 28
34 10
35 7
36 5
37 36
38 25
SIMILAR

14 7 23 8 3 31 10 29 6 34 19 28 12 37 27 24 35 11 20 13 21 30 16 18 32 9 0 25 26 5 1 4 38 15 17 33 2 36 22 
0 26
1 30
2 36
3 4
4 31
5 29
6 8
7 1
8 3
9 25
10 6
11 17
12 12
13 19
14 0
15 33
16 22
17 34
18 23
19 10
20 18
21 20
22 38
23 2
24 15
25 27
26 28
27 14
28 11
29 7
30 21
31 5
32 24
33 35
34 9
35 16
36 37
37 13
38 32
SIMILAR

21 25 22 14 28 6 9 33 15 10 29 17 12 23 16 27 7 38 31 4 20 18 26 11 13 8 35 36 19 32 24 0 34 30 1 5 2 37 3 
0 31
1 34
2 36
3 38
4 19
5 35
6 5
7 16
8 25
9 6
10 9
11 23
12 12
13 24
14 3
15 8
16 14
17 11
18 21
19 28
20 20
21 0
22 2
23 13
24 30
25 1
26 22
27 15
28 4
29 10
30 33
31 18
32 29
33 7
34 32
35 26
36 27
37 37
38 17
SIMILAR

10 3 16 24 5 8 6 2 21 37 30 17 36 32 26 7 27 38 19 9 31 11 4 14 13 29 12 35 23 33 28 22 1 0 15 25 18 20 34 
0 33
1 32
2 7
3 1
4 22
5 4
6 6
7 15
8 5
9 19
10 0
11 21
12 26
13 24
14 23
15 34
16 2
17 11
18 36
19 18
20 37
21 8
22 31
23 28
24 3
25 35
26 14
27 16
28 30
29 25
30 10
31 20
32 13
33 29
34 38
35 27
36 12
37 9
38 17
SIMILAR

5 34 29 18 1 28 30 36 3 33 37 2 12 17 13 22 38 19 16 26 9 7 20 4 21 23 10 8 31 32 25 35 6 0 24 11 27 15 14 
0 33
1 4
2 11
3 8
4 23
5 0
6 32
7 21
8 27
9 20
10 26
11 35
12 12
13 14
14 38
15 37
16 18
17 13
18 3
19 17
20 22
21 24
22 15
23 25
24 34
25 30
26 19
27 36
28 5
29 2
30 6
31 28
32 29
33 9
34 1
35 31
36 7
37 10
38 16
SIMILAR

8 17 23 36 38 32 0 26 31 33 11 15 37 10 7 30 14 13 34 4 35 9 5 12 6 27 28 16 2 21 22 19 20 1 29 24 18 25 3 
0 6
1 33
2 28
3 38
4 19
5 22
6 24
7 14
8 0
9 21
10 13
11 10
12 23
13 17
14 16
15 11
16 27
17 1
18 36
19 31
20 32
21 29
22 30
23 2
24 35
25 37
26 7
27 25
28 26
29 34
30 15
31 8
32 5
33 9
34 18
35 20
36 3
37 12
38 4
SIMILAR

22 17 14 9 16 30 32 24 19 36 13 31 18 8 33 26 29 12 4 5 20 34 23 7 2 38 27 25 28 1 15 6 21 10 11 37 0 35 3 
0 36
1 29
2 24
3 38
4 18
5 19
6 31
7 23
8 13
9 3
10 33
11 34
12 17
13 10
14 2
15 30
16 4
17 1
18 12
19 8
20 20
21 32
22 0
23 22
24 7
25 27
26 15
27 26
28 28
29 16
30 5
31 11
32 6
33 14
34 21
35 37
36 9
37 35
38 25
SIMILAR

25 18 38 9 16 32 37 34 19 15 12 1 26 4 17 22 14 24 30 35 8 10 6 7 5 21 33 23 3 36 31 2 11 29 28 27 20 13 0 
0 38
1 11
2 31
3 28
4 13
5 24
6 22
7 23
8 20
9 3
10 21
11 32
12 10
13 37
14 16
15 9
16 4
17 14
18 1
19 8
20 36
21 25
22 15
23 27
24 17
25 0
26 12
27 35
28 34
29 33
30 18
31 30
32 5
33 26
34 7
35 19
36 29
37 6
38 2
SIMILAR

0 38 37 12 34 31 26 20 10 5 14 29 1 19 11 30 35 22 27 24 16 8 25 3 9 28 21 18 13 32 17 2 4 33 36 23 6 7 15 
0 0
1 12
2 31
3 23
4 32
5 9
6 36
7 37
8 21
9 24
10 8
11 14
12 3
13 28
14 10
15 38
16 20
17 30
18 27
19 13
20 7
21 26
22 17
23 35
24 19
25 22
26 6
27 18
28 25
29 11
30 15
31 5
32 29
33 33
34 4
35 16
36 34
37 2
38 1
SIMILAR

28 3 37 12 33 8 13 36 25 0 26 15 10 1 21 24 34 35 5 18 9 7 14 11 29 19 17 38 27 6 32 22 16 23 20 31 2 4 30 
0 9
1 13
2 36
3 1
4 37
5 18
6 29
7 21
8 5
9 20
10 12
11 23
12 3
13 6
14 22
15 11
16 32
17 26
18 19
19 25
20 34
21 14
22 31
23 33
24 15
25 8
26 10
27 28
28 0
29 24
30 38
31 35
32 30
33 4
34 16
35 17
36 7
37 2
38 27
SIMILAR

8 3 4 5 34 24 33 32 21 27 37 0 2 19 9 12 20 23 14 38 18 11 26 31 13 7 36 10 15 29 28 1 17 35 25 16 6 22 30 
0 11
1 31
2 12
3 1
4 2
5 3
6 36
7 25
8 0
9 14
10 27
11 21
12 15
13 24
14 18
15 28
16 35
17 32
18 20
19 13
20 16
21 8
22 37
23 17
24 5
25 34
26 22
27 9
28 30
29 29
30 38
31 23
32 7
33 6
34 4
35 33
36 26
37 10
38 19
SIMILAR

12 29 36 5 18 22 3 24 16 17 0 20 13 21 37 27 9 4 23 28 11 6 10 35 14 8 1 32 2 33 15 30 26 38 34 31 7 19 25 
0 10
1 26
2 28
3 6
4 17
5 3
6 21
7 36
8 25
9 16
10 22
11 20
12 0
13 12
14 24
15 30
16 8
17 9
18 4
19 37
20 11
21 13
22 5
23 18
24 7
25 38
26 32
27 15
28 19
29 1
30 31
31 35
32 27
33 29
34 34
35 23
36 2
37 14
38 33
SIMILAR

13 35 10 34 1 20 24 32 14 16 6 25 9 2 36 37 4 33 8 17 38 7 18 22 26 31 11 29 30 23 12 19 3 27 15 5 28 0 21 
0 37
1 4
2 13
3 32
4 16
5 35
6 10
7 21
8 18
9 12
10 2
11 26
12 30
13 0
14 8
15 34
16 9
17 19
18 22
19 31
20 5
21 38
22 23
23 29
24 6
25 11
26 24
27 33
28 36
29 27
30 28
31 25
32 7
33 17
34 3
35 1
36 14
37 15
38 20
SIMILAR

29 16 23 2 17 34 26 24 28 12 5 18 35 33 32 15 3 1 8 22 27 20 7 0 11 6 21 31 4 13 38 14 30 10 36 9 25 37 19 
0 23
1 17
2 3
3 16
4 28
5 10
6 25
7 22
8 18
9 35
10 33
11 24
12 9
13 29
14 31
15 15
16 1
17 4
18 11
19 38
20 21
21 26
22 19
23 2
24 7
25 36
26 6
27 20
28 8
29 0
30 32
31 27
32 14
33 13
34 5
35 12
36 34
37 37
38 30
SIMILAR

4 38 23 19 2 0 35 13 21 25 6 32 3 10 26 36 12 27 17 31 5 30 14 37 1 15 28 8 9 34 24 29 16 33 11 7 20 18 22 
0 5
1 24
2 4
3 12
4 0
5 20
6 10
7 35
8 27
9 28
10 13
11 34
12 16
13 7
14 22
15 25
16 32
17 18
18 37
19 3
20 36
21 8
22 38
23 2
24 30
25 9
26 14
27 17
28 26
29 31
30 21
31 19
32 11
33 33
34 29
35 6
36 15
37 23
38 1
SIMILAR

10 12 35 11 34 4 30 26 19 28 6 7 32 25 29 2 17 23 33 0 36 13 22 31 27 21 1 20 14 16 15 3 37 5 8 18 24 9 38 
0 19
1 26
2 15
3 31
4 5
5 33
6 10
7 11
8 34
9 37
10 0
11 3
12 1
13 21
14 28
15 30
16 29
17 16
18 35
19 8
20 27
21 25
22 22
23 17
24 36
25 13
26 7
27 24
28 9
29 14
30 6
31 23
32 12
33 18
34 4
35 2
36 20
37 32
38 38
SIMILAR

0 33 9 30 25 15 28 31 13 23 1 21 7 18 27 16 3 5 4 26 29 8 10 20 24 17 2 36 34 6 14 38 22 37 35 19 11 32 12 
0 0
1 10
2 26
3 16
4 18
5 17
6 29
7 12
8 21
9 2
10 22
11 36
12 38
13 8
14 30
15 5
16 15
17 25
18 13
19 35
20 23
21 11
22 32
23 9
24 24
25 4
26 19
27 14
28 6
29 20
30 3
31 7
32 37
33 1
34 28
35 34
36 27
37 33
38 31
SIMILAR

23 4 20 16 31 21 5 27 37 6 11 19 24 14 9 33 12 36 32 1 13 0 35 7 25 26 38 22 29 17 10 30 34 8 2 15 3 28 18 
0 21
1 19
2 34
3 36
4 1
5 6
6 9
7 23
8 33
9 14
10 30
11 10
12 16
13 20
14 13
15 35
16 3
17 29
18 38
19 11
20 2
21 5
22 27
23 0
24 12
25 24
26 25
27 7
28 37
29 28
30 31
31 4
32 18
33 15
34 32
35 22
36 17
37 8
38 26
SIMILAR

20 23 11 19 22 5 16 13 34 1 30 38 26 17 9 0 12 18 10 35 37 4 27 31 14 32 33 15 36 2 29 8 25 21 7 24 3 28 6 
0 15
1 9
2 29
3 36
4 21
5 5
6 38
7 34
8 31
9 14
10 18
11 2
12 16
13 7
14 24
15 27
16 6
17 13
18 17
19 3
20 0
21 33
22 4
23 1
24 35
25 32
26 12
27 22
28 37
29 30
30 10
31 23
32 25
33 26
34 8
35 19
36 28
37 20
38 11
SIMILAR

8 34 0 12 24 30 16 3 15 14 11 13 5 19 27 36 23 9 6 7 35 31 10 32 33 38 29 4 21 1 26 2 20 28 22 25 18 37 17 
0 2
1 29
2 31
3 7
4 27
5 12
6 18
7 19
8 0
9 17
10 22
11 10
12 3
13 11
14 9
15 8
16 6
17 38
18 36
19 13
20 32
21 28
22 34
23 16
24 4
25 35
26 30
27 14
28 33
29 26
30 5
31 21
32 23
33 24
34 1
35 20
36 15
37 37
38 25
SIMILAR

37 16 36 3 19 24 13 9 34 26 6 27 22 8 0 12 10 1 14 35 2 38 20 7 4 17 29 28 21 15 25 33 30 31 32 18 11 23 5 
0 14
1 17
2 20
3 3
4 24
5 38
6 10
7 23
8 13
9 7
10 16
11 36
12 15
13 6
14 18
15 29
16 1
17 25
18 35
19 4
20 22
21 28
22 12
23 37
24 5
25 30
26 9
27 11
28 27
29 26
30 32
31 33
32 34
33 31
34 8
35 19
36 2
37 0
38 21
SIMILAR

22 11 26 4 8 23 17 31 36 35 5 3 16 15 2 14 25 19 9 33 18 10 24 30 27 7 21 0 38 37 6 28 1 12 29 32 13 34 20 
0 27
1 32
2 14
3 11
4 3
5 10
6 30
7 25
8 4
9 18
10 21
11 1
12 33
13 36
14 15
15 13
16 12
17 6
18 20
19 17
20 38
21 26
22 0
23 5
24 22
25 16
26 2
27 24
28 31
29 34
30 23
31 7
32 35
33 19
34 37
35 9
36 8
37 29
38 28
SIMILAR

16 11 27 22 4 26 37 30 38 6 8 13 10 36 24 20 2 17 19 21 25 35 14 23 34 15 33 31 28 1 18 0 7 29 12 9 3 5 32 
0 31
1 29
2 16
3 36
4 4
5 37
6 9
7 32
8 10
9 35
10 12
11 1
12 34
13 11
14 22
15 25
16 0
17 17
18 30
19 18
20 15
21 19
22 3
23 23
24 14
25 20
26 5
27 2
28 28
29 33
30 7
31 27
32 38
33 26
34 24
35 21
36 13
37 6
38 8
SIMILAR

36 5 25 6 3 32 33 13 28 37 7 22 1 23 12 11 0 26 31 10 17 15 24 18 20 9 35 30 38 29 14 8 16 21 34 4 2 27 19 
0 16
1 12
2 36
3 4
4 35
5 1
6 3
7 10
8 31
9 25
10 19
11 15
12 14
13 7
14 30
15 21
16 32
17 20
18 23
19 38
20 24
21 33
22 11
23 13
24 22
25 2
26 17
27 37
28 8
29 29
30 27
31 18
32 5
33 6
34 34
35 26
36 0
37 9
38 28
SIMILAR

27 11 28 1 34 6 9 22 38 21 29 31 35 18 20 13 23 2 7 14 8 0 4 3 33 17 36 5 24 10 30 12 26 16 15 25 32 37 19 
0 21
1 3
2 17
3 23
4 22
5 27
6 5
7 18
8 20
9 6
10 29
11 1
12 31
13 15
14 19
15 34
16 33
17 25
18 13
19 38
20 14
21 9
22 7
23 16
24 28
25 35
26 32
27 0
28 2
29 10
30 30
31 11
32 36
33 24
34 4
35 12
36 26
37 37
38 8
SIMILAR

24 13 21 14 22 25 23 33 32 5 8 0 6 28 17 20 35 19 10 37 18 27 3 30 36 4 2 1 7 12 38 26 15 34 16 31 29 9 11 
0 11
1 27
2 26
3 22
4 25
5 9
6 12
7 28
8 10
9 37
10 18
11 38
12 29
13 1
14 3
15 32
16 34
17 14
18 20
19 17
20 15
21 2
22 4
23 6
24 0
25 5
26 31
27 21
28 13
29 36
30 23
31 35
32 8
33 7
34 33
35 16
36 24
37 19
38 30
SIMILAR

35 26 32 24 0 22 10 19 25 34 7 27 23 29 12 21 36 9 11 14 33 28 13 1 30 4 2 31 6 8 17 15 5 3 18 37 16 38 20 
0 4
1 23
2 26
3 33
4 25
5 32
6 28
7 10
8 29
9 17
10 6
11 18
12 14
13 22
14 19
15 31
16 36
17 30
18 34
19 7
20 38
21 15
22 5
23 12
24 3
25 8
26 1
27 11
28 21
29 13
30 24
31 27
32 2
33 20
34 9
35 0
36 16
37 35
38 37
SIMILAR

24 17 3 23 10 18 27 33 35 36 0 38 22 25 14 15 1 7 32 19 8 34 31 21 5 13 16 28 20 11 9 26 37 29 30 6 4 2 12 
0 10
1 16
2 37
3 2
4 36
5 24
6 35
7 17
8 20
9 30
10 4
11 29
12 38
13 25
14 14
15 15
16 26
17 1
18 5
19 19
20 28
21 23
22 12
23 3
24 0
25 13
26 31
27 6
28 27
29 33
30 34
31 22
32 18
33 7
34 21
35 8
36 9
37 32
38 11
SIMILAR

36 25 4 9 8 26 31 30 12 1 22 3 13 20 15 24 19 0 29 34 16 17 11 27 33 35 23 28 38 37 32 18 7 5 14 21 6 2 10 
0 17
1 9
2 37
3 11
4 2
5 33
6 36
7 32
8 4
9 3
10 38
11 22
12 8
13 12
14 34
15 14
16 20
17 21
18 31
19 16
20 13
21 35
22 10
23 26
24 15
25 1
26 5
27 23
28 27
29 18
30 7
31 6
32 30
33 24
34 19
35 25
36 0
37 29
38 28
SIMILAR

38 21 18 28 14 37 7 9 34 0 3 30 2 19 33 1 15 32 10 11 12 24 36 25 27 35 5 20 8 29 22 13 31 26 23 4 17 6 16 
0 9
1 15
2 12
3 10
4 35
5 26
6 37
7 6
8 28
9 7
10 18
11 19
12 20
13 31
14 4
15 16
16 38
17 36
18 2
19 13
20 27
21 1
22 30
23 34
24 21
25 23
26 33
27 24
28 3
29 29
30 11
31 32
32 17
33 14
34 8
35 25
36 22
37 5
38 0
SIMILAR

14 21 8 36 4 20 16 23 24 10 15 7 35 6 13 3 0 12 22 33 38 29 17 31 19 5 34 26 27 32 11 28 18 25 1 2 30 9 37 
0 16
1 34
2 35
3 15
4 4
5 25
6 13
7 11
8 2
9 37
10 9
11 30
12 17
13 14
14 0
15 10
16 6
17 22
18 32
19 24
20 5
21 1
22 18
23 7
24 8
25 33
26 27
27 28
28 31
29 21
30 36
31 23
32 29
33 19
34 26
35 12
36 3
37 38
38 20
SIMILAR

0 9 7 17 1 35 21 8 20 13 2 36 32 28 30 18 10 26 37 24 3 5 29 19 33 6 12 38 22 23 25 27 16 4 14 11 15 31 34 
0 0
1 4
2 10
3 20
4 33
5 21
6 25
7 2
8 7
9 1
10 16
11 35
12 26
13 9
14 34
15 36
16 32
17 3
18 15
19 23
20 8
21 6
22 28
23 29
24 19
25 30
26 17
27 31
28 13
29 22
30 14
31 37
32 12
33 24
34 38
35 5
36 11
37 18
38 27
SIMILAR

35 13 12 16 3 6 30 32 23 8 33 18 9 26 27 21 28 4 2 37 36 31 5 24 19 38 14 20 25 0 10 1 29 17 34 15 7 22 11 
0 29
1 31
2 18
3 4
4 17
5 22
6 5
7 36
8 9
9 12
10 30
11 38
12 2
13 1
14 26
15 35
16 3
17 33
18 11
19 24
20 27
21 15
22 37
23 8
24 23
25 28
26 13
27 14
28 16
29 32
30 6
31 21
32 7
33 10
34 34
35 0
36 20
37 19
38 25
SIMILAR

2 29 9 12 3 13 35 32 22 10 36 25 27 17 26 33 0 15 24 4 18 1 20 6 8 11 5 7 31 28 21 37 19 38 16 14 30 34 23 
0 16
1 21
2 0
3 4
4 19
5 26
6 23
7 27
8 24
9 2
10 9
11 25
12 3
13 5
14 35
15 17
16 34
17 13
18 20
19 32
20 22
21 30
22 8
23 38
24 18
25 11
26 14
27 12
28 29
29 1
30 36
31 28
32 7
33 15
34 37
35 6
36 10
37 31
38 33
SIMILAR

26 7 12 1 37 14 33 11 36 16 29 2 4 17 27 6 25 32 9 20 28 19 21 24 31 8 0 38 30 5 34 13 18 35 22 15 3 10 23 
0 26
1 3
2 11
3 36
4 12
5 29
6 15
7 1
8 25
9 18
10 37
11 7
12 2
13 31
14 5
15 35
16 9
17 13
18 32
19 21
20 19
21 22
22 34
23 38
24 23
25 16
26 0
27 14
28 20
29 10
30 28
31 24
32 17
33 6
34 30
35 33
36 8
37 4
38 27
SIMILAR

24 1 6 35 16 17 20 34 5 12 36 15 0 4 13 30 31 21 7 25 22 23 32 33 27 18 11 9 3 29 28 19 2 10 14 37 26 8 38 
0 12
1 1
2 32
3 28
4 13
5 8
6 2
7 18
8 37
9 27
10 33
11 26
12 9
13 14
14 34
15 11
16 4
17 5
18 25
19 31
20 6
21 17
22 20
23 21
24 0
25 19
26 36
27 24
28 30
29 29
30 15
31 16
32 22
33 23
34 7
35 3
36 10
37 35
38 38
SIMILAR

38 26 25 30 22 6 23 33 14 5 29 19 0 37 13 12 2 10 27 34 15 20 32 18 9 7 36 31 35 11 28 24 21 3 16 8 1 17 4 
0 12
1 36
2 16
3 33
4 38
5 9
6 5
7 25
8 35
9 24
10 17
11 29
12 15
13 14
14 8
15 20
16 34
17 37
18 23
19 11
20 21
21 32
22 4
23 6
24 31
25 2
26 1
27 18
28 30
29 10
30 3
31 27
32 22
33 7
34 19
35 28
36 26
37 13
38 0
SIMILAR

28 9 0 36 38 35 21 3 30 25 18 34 5 4 14 24 23 20 29 31 37 6 15 22 32 19 8 7 10 27 1 2 11 16 12 13 17 26 33 
0 2
1 30
2 31
3 7
4 13
5 12
6 21
7 27
8 26
9 1
10 28
11 32
12 34
13 35
14 14
15 22
16 33
17 36
18 10
19 25
20 17
21 6
22 23
23 16
24 15
25 9
26 37
27 29
28 0
29 18
30 8
31 19
32 24
33 38
34 11
35 5
36 3
37 20
38 4
SIMILAR

12 20 4 27 2 32 28 23 24 16 0 18 13 10 17 31 35 21 15 6 7 26 36 3 14 30 5 34 1 22 9 38 33 37 11 29 25 8 19 
0 10
1 28
2 4
3 23
4 2
5 26
6 19
7 20
8 37
9 30
10 13
11 34
12 0
13 12
14 24
15 18
16 9
17 14
18 11
19 38
20 1
21 17
22 29
23 7
24 8
25 36
26 21
27 3
28 6
29 35
30 25
31 15
32 5
33 32
34 27
35 16
36 22
37 33
38 31
SIMILAR

12 23 13 21 26 36 7 15 28 3 1 14 32 29 18 2 27 30 24 17 8 25 35 22 6 5 37 33 19 10 9 11 0 31 34 4 38 20 16 
0 32
1 10
2 15
3 9
4 35
5 25
6 24
7 6
8 20
9 30
10 29
11 31
12 0
13 2
14 11
15 7
16 38
17 19
18 14
19 28
20 37
21 3
22 23
23 1
24 18
25 21
26 4
27 16
28 8
29 13
30 17
31 33
32 12
33 27
34 34
35 22
36 5
37 26
38 36
SIMILAR

31 8 6 14 2 28 18 35 27 32 3 1 19 7 20 23 25 17 15 30 34 37 38 26 22 5 13 33 21 10 11 4 29 24 0 16 12 36 9 
0 34
1 11
2 4
3 10
4 31
5 25
6 2
7 13
8 1
9 38
10 29
11 30
12 36
13 26
14 3
15 18
16 35
17 17
18 6
19 12
20 14
21 28
22 24
23 15
24 33
25 16
26 23
27 8
28 5
29 32
30 19
31 0
32 9
33 27
34 20
35 7
36 37
37 21
38 22
SIMILAR

38 28 8 31 7 18 29 25 3 36 26 23 11 9 24 35 20 34 1 12 33 15 21 5 27 2 0 30 4 37 13 32 10 16 19 14 17 22 6 
0 26
1 18
2 25
3 8
4 28
5 23
6 38
7 4
8 2
9 13
10 32
11 12
12 19
13 30
14 35
15 21
16 33
17 36
18 5
19 34
20 16
21 22
22 37
23 11
24 14
25 7
26 10
27 24
28 1
29 6
30 27
31 3
32 31
33 20
34 17
35 15
36 9
37 29
38 0
SIMILAR

5 32 34 20 0 17 23 21 2 9 13 30 33 31 36 37 28 1 7 4 24 35 11 8 16 15 19 12 29 14 38 25 27 6 26 22 18 10 3 
0 4
1 17
2 8
3 38
4 19
5 0
6 33
7 18
8 23
9 9
10 37
11 22
12 27
13 10
14 29
15 25
16 24
17 5
18 36
19 26
20 3
21 7
22 35
23 6
24 20
25 31
26 34
27 32
28 16
29 28
30 11
31 13
32 1
33 12
34 2
35 21
36 14
37 15
38 30
SIMILAR

2 22 5 30 16 36 27 37 20 21 29 17 4 14 8 3 13 28 18 32 6 1 24 25 34 7 12 0 23 38 9 15 10 33 19 11 35 26 31 
0 27
1 21
2 0
3 15
4 12
5 2
6 20
7 25
8 14
9 30
10 32
11 35
12 26
13 16
14 13
15 31
16 4
17 11
18 18
19 34
20 8
21 9
22 1
23 28
24 22
25 23
26 37
27 6
28 17
29 10
30 3
31 38
32 19
33 33
34 24
35 36
36 5
37 7
38 29
SIMILAR

5 26 35 8 34 13 1 36 24 30 31 17 27 7 19 18 21 9 38 14 22 11 4 23 29 0 28 16 10 6 37 25 3 32 12 33 2 15 20 
0 25
1 6
2 36
3 32
4 22
5 0
6 29
7 13
8 3
9 17
10 28
11 21
12 34
13 5
14 19
15 37
16 27
17 11
18 15
19 14
20 38
21 16
22 20
23 23
24 8
25 31
26 1
27 12
28 26
29 24
30 9
31 10
32 33
33 35
34 4
35 2
36 7
37 30
38 18
SIMILAR

22 26 2 24 19 27 1 4 31 10 16 17 15 5 23 36 12 3 20 21 18 6 29 37 35 34 33 38 14 32 7 11 13 25 28 30 0 8 9 
0 36
1 6
2 2
3 17
4 7
5 13
6 21
7 30
8 37
9 38
10 9
11 31
12 16
13 32
14 28
15 12
16 10
17 11
18 20
19 4
20 18
21 19
22 0
23 14
24 3
25 33
26 1
27 5
28 34
29 22
30 35
31 8
32 29
33 26
34 25
35 24
36 15
37 23
38 27
SIMILAR

1 9 35 10 14 19 12 22 21 8 15 6 23 25 13 2 38 0 11 37 4 18 16 7 31 17 26 3 28 33 36 32 30 24 34 27 29 20 5 
0 17
1 0
2 15
3 27
4 20
5 38
6 11
7 23
8 9
9 1
10 3
11 18
12 6
13 14
14 4
15 10
16 22
17 25
18 21
19 5
20 37
21 8
22 7
23 12
24 33
25 13
26 26
27 35
28 28
29 36
30 32
31 24
32 31
33 29
34 34
35 2
36 30
37 19
38 16
SIMILAR

29 16 18 36 12 17 1 13 38 11 25 24 28 14 23 30 35 32 6 9 34 37 3 7 33 8 0 2 10 27 5 20 4 21 15 31 22 26 19 
0 26
1 6
2 27
3 22
4 32
5 30
6 18
7 23
8 25
9 19
10 28
11 9
12 4
13 7
14 13
15 34
16 1
17 5
18 2
19 38
20 31
21 33
22 36
23 14
24 11
25 10
26 37
27 29
28 12
29 0
30 15
31 35
32 17
33 24
34 20
35 16
36 3
37 21
38 8
SIMILAR

34 10 20 9 12 11 15 26 32 23 31 19 35 29 37 36 8 6 27 22 0 5 18 33 17 7 24 25 14 2 30 4 21 38 13 16 3 28 1 
0 20
1 38
2 29
3 36
4 31
5 21
6 17
7 25
8 16
9 3
10 1
11 5
12 4
13 34
14 28
15 6
16 35
17 24
18 22
19 11
20 2
21 32
22 19
23 9
24 26
25 27
26 7
27 18
28 37
29 13
30 30
31 10
32 8
33 23
34 0
35 12
36 15
37 14
38 33
SIMILAR

14 27 6 22 17 34 20 19 13 7 16 0 4 36 12 30 15 10 23 38 3 35 1 5 21 24 8 37 32 25 2 18 31 29 28 33 11 26 9 
0 11
1 22
2 30
3 20
4 12
5 23
6 2
7 9
8 26
9 38
10 17
11 36
12 14
13 8
14 0
15 16
16 10
17 4
18 31
19 7
20 6
21 24
22 3
23 18
24 25
25 29
26 37
27 1
28 34
29 33
30 15
31 32
32 28
33 35
34 5
35 21
36 13
37 27
38 19
SIMILAR

21 13 17 2 36 9 37 5 3 16 28 0 26 11 34 7 23 35 38 14 6 33 12 29 24 18 25 22 27 30 32 10 1 4 31 19 20 15 8 
0 11
1 32
2 3
3 8
4 33
5 7
6 20
7 15
8 38
9 5
10 31
11 13
12 22
13 1
14 19
15 37
16 9
17 2
18 25
19 35
20 36
21 0
22 27
23 16
24 24
25 26
26 12
27 28
28 10
29 23
30 29
31 34
32 30
33 21
34 14
35 17
36 4
37 6
38 18
SIMILAR

5 22 3 0 28 30 29 25 35 13 37 12 11 14 9 7 31 38 32 27 33 20 15 17 10 4 6 36 19 2 24 18 16 21 8 34 23 26 1 
0 3
1 38
2 29
3 2
4 25
5 0
6 26
7 15
8 34
9 14
10 24
11 12
12 11
13 9
14 13
15 22
16 32
17 23
18 31
19 28
20 21
21 33
22 1
23 36
24 30
25 7
26 37
27 19
28 4
29 6
30 5
31 16
32 18
33 20
34 35
35 8
36 27
37 10
38 17
SIMILAR

26 27 24 37 6 28 4 2 12 17 16 14 22 10 34 1 23 30 20 7 35 5 38 31 18 29 11 8 9 15 33 32 36 25 0 21 3 19 13 
0 34
1 15
2 7
3 36
4 6
5 21
6 4
7 19
8 27
9 28
10 13
11 26
12 8
13 38
14 11
15 29
16 10
17 9
18 24
19 37
20 18
21 35
22 12
23 16
24 2
25 33
26 0
27 1
28 5
29 25
30 17
31 23
32 31
33 30
34 14
35 20
36 32
37 3
38 22
SIMILAR

16 15 2 14 18 30 23 31 26 34 37 20 0 19 4 5 6 17 9 22 27 29 32 38 10 3 13 33 7 36 11 8 21 28 12 1 25 24 35 
0 12
1 35
2 2
3 25
4 14
5 15
6 16
7 28
8 31
9 18
10 24
11 30
12 34
13 26
14 3
15 1
16 0
17 17
18 4
19 13
20 11
21 32
22 19
23 6
24 37
25 36
26 8
27 20
28 33
29 21
30 5
31 7
32 22
33 27
34 9
35 38
36 29
37 10
38 23
SIMILAR

6 32 36 24 34 27 20 3 2 5 16 10 12 29 23 22 31 17 18 30 13 26 33 35 14 19 38 8 21 25 0 28 7 11 37 4 9 1 15 
0 30
1 37
2 8
3 7
4 35
5 9
6 0
7 32
8 27
9 36
10 11
11 33
12 12
13 20
14 24
15 38
16 10
17 17
18 18
19 25
20 6
21 28
22 15
23 14
24 3
25 29
26 21
27 5
28 31
29 13
30 19
31 16
32 1
33 22
34 4
35 23
36 2
37 34
38 26
SIMILAR

10 15 1 24 29 36 28 6 18 4 26 38 25 34 32 22 5 27 0 2 11 8 20 14 33 23 3 31 17 9 37 19 30 16 35 21 12 13 7 
0 18
1 2
2 19
3 26
4 9
5 16
6 7
7 38
8 21
9 29
10 0
11 20
12 36
13 37
14 23
15 1
16 33
17 28
18 8
19 31
20 22
21 35
22 15
23 25
24 3
25 12
26 10
27 17
28 6
29 4
30 32
31 27
32 14
33 24
34 13
35 34
36 5
37 30
38 11
SIMILAR

31 14 18 33 23 38 12 0 8 16 36 25 5 10 3 35 6 21 19 27 26 20 32 4 2 30 9 37 34 17 24 7 22 11 28 29 15 1 13 
0 7
1 37
2 24
3 14
4 23
5 12
6 16
7 31
8 8
9 26
10 13
11 33
12 6
13 38
14 1
15 36
16 9
17 29
18 2
19 18
20 21
21 17
22 32
23 4
24 30
25 11
26 20
27 19
28 34
29 35
30 25
31 0
32 22
33 3
34 28
35 15
36 10
37 27
38 5
SIMILAR

15 30 8 14 7 1 0 16 9 19 11 18 36 3 4 13 12 21 33 28 23 17 29 34 20 2 10 26 31 35 24 6 37 27 38 22 32 5 25 
0 6
1 5
2 25
3 13
4 14
5 37
6 31
7 4
8 2
9 8
10 26
11 10
12 16
13 15
14 3
15 0
16 7
17 21
18 11
19 9
20 24
21 17
22 35
23 20
24 30
25 38
26 27
27 33
28 19
29 22
30 1
31 28
32 36
33 18
34 23
35 29
36 12
37 32
38 34
SIMILAR

23 14 16 17 1 3 8 33 21 32 29 20 4 12 2 15 25 24 31 30 11 34 18 6 26 37 19 10 22 0 7 13 5 38 36 35 9 28 27 
0 29
1 4
2 14
3 5
4 12
5 32
6 23
7 30
8 6
9 36
10 27
11 20
12 13
13 31
14 1
15 15
16 2
17 3
18 22
19 26
20 11
21 8
22 28
23 0
24 17
25 16
26 24
27 38
28 37
29 10
30 19
31 18
32 9
33 7
34 21
35 35
36 34
37 25
38 33
SIMILAR
100 0
8800 0
358800 0
