39
0 0 1 0 0 1 0 0 1 0 0 0 1 1 0 0 1 1 1 1 1 0 1 0 1 0 0 1 1 1 1 0 1 0 1 0 1 0 0 
0 0 0 1 0 0 1 1 0 0 1 0 0 1 1 1 1 0 0 1 1 1 1 1 0 1 1 0 0 0 1 1 1 0 0 0 0 0 0 
1 0 0 0 1 1 1 1 0 0 1 1 1 1 0 0 0 1 0 1 0 0 0 0 1 0 0 0 0 1 1 0 0 0 0 1 1 0 0 
0 1 0 0 1 1 0 0 1 0 0 0 1 1 0 1 0 0 1 1 1 0 0 0 1 1 0 0 0 0 0 0 1 0 0 1 0 1 1 
0 0 1 1 0 1 0 1 0 0 0 1 0 1 0 1 1 1 1 1 0 1 1 0 0 0 0 1 0 1 0 1 0 1 0 1 1 1 1 
1 0 1 1 1 0 1 1 1 1 0 1 0 1 0 1 0 0 0 1 0 1 0 1 0 0 0 0 0 1 1 0 0 0 0 1 1 1 1 
0 1 1 0 0 1 0 0 0 1 0 1 1 0 1 1 1 0 1 1 1 1 0 1 0 1 1 0 0 0 0 0 1 1 1 1 1 1 0 
0 1 1 0 1 1 0 0 1 1 0 0 0 1 1 0 1 1 0 0 0 0 1 1 1 1 0 1 0 1 1 1 1 0 1 0 0 0 1 
1 0 0 1 0 1 0 1 0 0 1 1 1 0 1 1 1 0 0 0 0 0 1 1 0 1 0 1 1 1 0 0 0 1 0 1 0 1 0 
0 0 0 0 0 1 1 1 0 0 1 1 1 1 0 1 0 1 0 1 0 0 0 0 1 0 1 1 1 1 0 0 0 0 0 1 1 0 1 
0 1 1 0 0 0 0 0 1 1 0 1 0 0 1 1 0 0 0 1 1 0 0 1 1 1 0 1 1 0 0 0 0 0 0 0 0 1 0 
0 0 1 0 1 1 1 0 1 1 1 0 0 1 1 0 0 1 0 1 0 0 1 0 0 1 1 0 0 0 0 0 0 1 0 0 1 0 0 
1 0 1 1 0 0 1 0 1 1 0 0 0 0 1 1 1 1 0 1 0 1 1 1 0 0 1 0 1 0 1 0 1 1 0 1 0 0 1 
1 1 1 1 1 1 0 1 0 1 0 1 0 0 1 0 1 1 0 0 0 0 1 1 1 0 0 0 1 1 1 0 0 1 1 1 1 1 1 
0 1 0 0 0 0 1 1 1 0 1 1 1 1 0 0 0 0 1 1 0 0 1 0 1 1 1 1 1 1 1 1 1 0 1 0 0 1 0 
0 1 0 1 1 1 1 0 1 1 1 0 1 0 0 0 1 0 0 1 1 0 1 0 1 0 1 0 0 0 1 0 0 1 1 1 1 0 0 
1 1 0 0 1 0 1 1 1 0 0 0 1 1 0 1 0 1 0 0 0 1 0 0 1 0 0 1 0 0 1 1 0 1 0 1 1 1 1 
1 0 1 0 1 0 0 1 0 1 0 1 1 1 0 0 1 0 0 1 0 0 1 0 1 1 0 0 1 0 1 0 1 0 0 1 1 0 0 
1 0 0 1 1 0 1 0 0 0 0 0 0 0 1 0 0 0 0 0 1 0 0 0 1 1 0 0 1 1 1 1 1 0 0 1 0 1 0 
1 1 1 1 1 1 1 0 0 1 1 1 1 0 1 1 0 1 0 0 0 0 1 1 0 1 1 0 0 1 0 0 1 0 0 0 0 0 0 
1 1 0 1 0 0 1 0 0 0 1 0 0 0 0 1 0 0 1 0 0 0 1 0 1 1 1 0 0 1 0 1 0 0 0 0 1 0 0 
0 1 0 0 1 1 1 0 0 0 0 0 1 0 0 0 1 0 0 0 0 0 0 0 0 0 1 0 1 0 1 1 1 0 0 1 0 1 0 
1 1 0 0 1 0 0 1 1 0 0 1 1 1 1 1 0 1 0 1 1 0 0 0 0 1 1 0 1 1 0 1 1 0 1 0 1 1 1 
0 1 0 0 0 1 1 1 1 0 1 0 1 1 0 0 0 0 0 1 0 0 0 0 0 0 1 0 0 0 1 0 0 1 0 1 0 1 0 
1 0 1 1 0 0 0 1 0 1 1 0 0 1 1 1 1 1 1 0 1 0 0 0 0 1 0 0 0 0 0 1 1 0 1 1 1 0 0 
0 1 0 1 0 0 1 1 1 0 1 1 0 0 1 0 0 1 1 1 1 0 1 0 1 0 1 0 0 0 0 1 1 0 0 0 0 1 0 
0 1 0 0 0 0 1 0 0 1 0 1 1 0 1 1 0 0 0 1 1 1 1 1 0 1 0 1 0 1 1 1 1 0 1 1 0 1 1 
1 0 0 0 1 0 0 1 1 1 1 0 0 0 1 0 1 0 0 0 0 0 0 0 0 0 1 0 1 0 1 0 1 1 1 1 1 0 1 
1 0 0 0 0 0 0 0 1 1 1 0 1 1 1 0 0 1 1 0 0 1 1 0 0 0 0 1 0 0 0 0 1 0 0 0 1 0 0 
1 0 1 0 1 1 0 1 1 1 0 0 0 1 1 0 0 0 1 1 1 0 1 0 0 0 1 0 0 0 1 0 1 0 0 1 0 0 1 
1 1 1 0 0 1 0 1 0 0 0 0 1 1 1 1 1 1 1 0 0 1 0 1 0 0 1 1 0 1 0 0 0 1 0 1 0 1 0 
0 1 0 0 1 0 0 1 0 0 0 0 0 0 1 0 1 0 1 0 1 1 1 0 1 1 1 0 0 0 0 0 1 0 0 0 0 1 1 
1 1 0 1 0 0 1 1 0 0 0 0 1 0 1 0 0 1 1 1 0 1 1 0 1 1 1 1 1 1 0 1 0 1 0 1 0 1 1 
0 0 0 0 1 0 1 0 1 0 0 1 1 1 0 1 1 0 0 0 0 0 0 1 0 0 0 1 0 0 1 0 1 0 1 1 0 1 0 
1 0 0 0 0 0 1 1 0 0 0 0 0 1 1 1 0 0 0 0 0 0 1 0 1 0 1 1 0 0 0 0 0 1 0 0 0 0 1 
0 0 1 1 1 1 1 0 1 1 0 0 1 1 0 1 1 1 1 0 0 1 0 1 1 0 1 1 0 1 1 0 1 1 0 0 1 1 1 
1 0 1 0 1 1 1 0 0 1 0 1 0 1 0 1 1 1 0 0 1 0 1 0 1 0 0 1 1 0 0 0 0 0 0 1 0 0 0 
0 0 0 1 1 1 1 0 1 0 1 0 0 1 1 0 1 0 1 0 0 1 1 1 0 1 1 0 0 0 1 1 1 1 0 1 0 0 1 
0 0 0 1 1 1 0 1 0 1 0 0 1 1 0 0 1 0 0 0 0 0 1 0 0 0 1 1 0 1 0 1 1 0 1 1 0 1 0 

13 5 34 20 32 17 4 29 19 23 10 28 11 26 33 36 8 21 38 9 30 3 0 25 37 27 16 2 15 7 31 12 18 35 6 1 14 22 24 
0 22
1 35
2 27
3 21
4 6
5 1
6 34
7 29
8 16
9 19
10 10
11 12
12 31
13 0
14 36
15 28
16 26
17 5
18 32
19 8
20 3
21 17
22 37
23 9
24 38
25 23
26 13
27 25
28 11
29 7
30 20
31 30
32 4
33 14
34 2
35 33
36 15
37 24
38 18
SIMILAR

4 11 17 31 7 9 1 32 10 37 26 3 21 8 13 12 27 22 5 34 20 18 25 33 2 28 30 6 36 29 38 24 14 35 15 0 19 16 23 
0 35
1 6
2 24
3 11
4 0
5 18
6 27
7 4
8 13
9 5
10 8
11 1
12 15
13 14
14 32
15 34
16 37
17 2
18 21
19 36
20 20
21 12
22 17
23 38
24 31
25 22
26 10
27 16
28 25
29 29
30 26
31 3
32 7
33 23
34 19
35 33
36 28
37 9
38 30
SIMILAR

25 36 12 33 16 24 28 11 27 14 29 8 18 22 21 13 2 38 19 26 15 35 9 20 6 3 4 7 30 37 1 31 0 34 10 17 23 5 32 
0 32
1 30
2 16
3 25
4 26
5 37
6 24
7 27
8 11
9 22
10 34
11 7
12 2
13 15
14 9
15 20
16 4
17 35
18 12
19 18
20 23
21 14
22 13
23 36
24 5
25 0
26 19
27 8
28 6
29 10
30 28
31 31
32 38
33 3
34 33
35 21
36 1
37 29
38 17
SIMILAR

34 8 23 15 10 29 32 13 26 25 3 2 9 4 24 16 31 17 38 33 5 20 12 28 22 30 7 19 27 35 14 1 21 37 0 36 6 18 11 
0 34
1 31
2 11
3 10
4 13
5 20
6 36
7 26
8 1
9 12
10 4
11 38
12 22
13 7
14 30
15 3
16 15
17 17
18 37
19 27
20 21
21 32
22 24
23 2
24 14
25 9
26 8
27 28
28 23
29 5
30 25
31 16
32 6
33 19
34 0
35 29
36 35
37 33
38 18
SIMILAR

7 36 6 38 33 10 11 8 22 31 15 34 2 21 27 16 12 19 32 23 35 20 30 9 18 0 37 5 29 14 28 1 24 25 4 3 17 26 13 
0 25
1 31
2 12
3 35
4 34
5 27
6 2
7 0
8 7
9 23
10 5
11 6
12 16
13 38
14 29
15 10
16 15
17 36
18 24
19 17
20 21
21 13
22 8
23 19
24 32
25 33
26 37
27 14
28 30
29 28
30 22
31 9
32 18
33 4
34 11
35 20
36 1
37 26
38 3
SIMILAR

7 22 37 28 18 6 13 3 11 29 0 27 30 1 15 34 36 21 31 14 35 12 33 24 2 5 38 20 9 23 32 17 26 19 4 25 8 16 10 
0 10
1 13
2 24
3 7
4 34
5 25
6 5
7 0
8 36
9 28
10 38
11 8
12 21
13 6
14 19
15 14
16 37
17 31
18 4
19 33
20 27
21 17
22 1
23 29
24 23
25 35
26 32
27 11
28 3
29 9
30 12
31 18
32 30
33 22
34 15
35 20
36 16
37 2
38 26
SIMILAR

21 9 31 0 29 33 14 5 17 10 15 11 32 4 8 16 6 27 18 20 35 22 7 36 30 25 3 24 26 23 1 37 19 13 38 12 34 2 28 
0 3
1 30
2 37
3 26
4 13
5 7
6 16
7 22
8 14
9 1
10 9
11 11
12 35
13 33
14 6
15 10
16 15
17 8
18 18
19 32
20 19
21 0
22 21
23 29
24 27
25 25
26 28
27 17
28 38
29 4
30 24
31 2
32 12
33 5
34 36
35 20
36 23
37 31
38 34
SIMILAR

13 10 21 3 22 0 37 23 35 7 6 16 15 36 28 11 38 9 14 8 32 34 30 1 5 33 24 17 12 19 4 20 29 2 27 25 31 26 18 
0 5
1 23
2 33
3 3
4 30
5 24
6 10
7 9
8 19
9 17
10 1
11 15
12 28
13 0
14 18
15 12
16 11
17 27
18 38
19 29
20 31
21 2
22 4
23 7
24 26
25 35
26 37
27 34
28 14
29 32
30 22
31 36
32 20
33 25
34 21
35 8
36 13
37 6
38 16
SIMILAR

25 4 7 26 17 36 32 28 11 6 33 19 13 16 15 22 29 1 3 23 5 30 0 27 10 34 21 37 31 24 18 20 38 12 35 9 8 14 2 
0 22
1 17
2 38
3 18
4 1
5 20
6 9
7 2
8 36
9 35
10 24
11 8
12 33
13 12
14 37
15 14
16 13
17 4
18 30
19 11
20 31
21 26
22 15
23 19
24 29
25 0
26 3
27 23
28 7
29 16
30 21
31 28
32 6
33 10
34 25
35 34
36 5
37 27
38 32
SIMILAR

36 6 16 34 35 21 3 29 32 2 1 0 23 9 14 25 20 19 15 22 33 17 5 30 37 24 13 26 4 18 7 28 10 12 11 38 31 27 8 
0 11
1 10
2 9
3 6
4 28
5 22
6 1
7 30
8 38
9 13
10 32
11 34
12 33
13 26
14 14
15 18
16 2
17 21
18 29
19 17
20 16
21 5
22 19
23 12
24 25
25 15
26 27
27 37
28 31
29 7
30 23
31 36
32 8
33 20
34 3
35 4
36 0
37 24
38 35
SIMILAR

32 24 8 35 28 12 27 37 21 0 5 20 6 31 13 15 36 16 33 11 3 22 9 18 34 38 10 23 19 30 17 1 26 7 25 4 29 14 2 
0 9
1 31
2 38
3 20
4 35
5 10
6 12
7 33
8 2
9 22
10 26
11 19
12 5
13 14
14 37
15 15
16 17
17 30
18 23
19 28
20 11
21 8
22 21
23 27
24 1
25 34
26 32
27 6
28 4
29 36
30 29
31 13
32 0
33 18
34 24
35 3
36 16
37 7
38 25
SIMILAR

15 30 3 32 33 31 18 0 16 17 35 11 14 2 38 9 4 10 1 7 22 12 37 6 23 29 34 28 26 27 21 19 8 25 36 5 20 24 13 
0 7
1 18
2 13
3 2
4 16
5 35
6 23
7 19
8 32
9 15
10 17
11 11
12 21
13 38
14 12
15 0
16 8
17 9
18 6
19 31
20 36
21 30
22 20
23 24
24 37
25 33
26 28
27 29
28 27
29 25
30 1
31 5
32 3
33 4
34 26
35 10
36 34
37 22
38 14
SIMILAR

33 22 7 8 32 38 29 10 24 31 4 37 9 5 34 1 27 20 28 23 11 36 26 16 0 13 17 2 25 35 18 6 15 3 14 19 21 30 12 
0 24
1 15
2 27
3 33
4 10
5 13
6 31
7 2
8 3
9 12
10 7
11 20
12 38
13 25
14 34
15 32
16 23
17 26
18 30
19 35
20 17
21 36
22 1
23 19
24 8
25 28
26 22
27 16
28 18
29 6
30 37
31 9
32 4
33 0
34 14
35 29
36 21
37 11
38 5
SIMILAR

35 5 33 14 26 25 28 1 7 29 31 36 32 13 34 27 20 0 9 38 10 30 16 22 18 8 24 17 37 3 11 15 21 4 6 19 12 23 2 
0 17
1 7
2 38
3 29
4 33
5 1
6 34
7 8
8 25
9 18
10 20
11 30
12 36
13 13
14 3
15 31
16 22
17 27
18 24
19 35
20 16
21 32
22 23
23 37
24 26
25 5
26 4
27 15
28 6
29 9
30 21
31 10
32 12
33 2
34 14
35 0
36 11
37 28
38 19
SIMILAR

15 11 26 20 33 30 7 14 21 25 37 5 34 23 16 2 28 18 38 35 19 6 1 13 4 9 17 27 32 10 36 22 3 24 12 0 8 29 31 
0 35
1 22
2 15
3 32
4 24
5 11
6 21
7 6
8 36
9 25
10 29
11 1
12 34
13 23
14 7
15 0
16 14
17 26
18 17
19 20
20 3
21 8
22 31
23 13
24 33
25 9
26 2
27 27
28 16
29 37
30 5
31 38
32 28
33 4
34 12
35 19
36 30
37 10
38 18
SIMILAR

25 20 12 2 30 37 3 10 21 8 26 24 18 1 15 9 7 13 0 6 17 33 35 34 28 23 32 38 11 31 29 19 14 36 22 4 27 16 5 
0 18
1 13
2 3
3 6
4 35
5 38
6 19
7 16
8 9
9 15
10 7
11 28
12 2
13 17
14 32
15 14
16 37
17 20
18 12
19 31
20 1
21 8
22 34
23 25
24 11
25 0
26 10
27 36
28 24
29 30
30 4
31 29
32 26
33 21
34 23
35 22
36 33
37 5
38 27
SIMILAR

17 30 18 22 24 8 2 23 12 20 26 6 33 9 32 25 37 10 4 14 28 7 13 0 35 38 3 16 29 5 27 31 11 21 34 19 1 36 15 
0 23
1 36
2 6
3 26
4 18
5 29
6 11
7 21
8 5
9 13
10 17
11 32
12 8
13 22
14 19
15 38
16 27
17 0
18 2
19 35
20 9
21 33
22 3
23 7
24 4
25 15
26 10
27 30
28 20
29 28
30 1
31 31
32 14
33 12
34 34
35 24
36 37
37 16
38 25
SIMILAR

26 30 7 12 15 11 31 23 6 35 9 2 0 24 16 10 27 29 13 38 21 28 5 18 33 19 36 8 17 4 34 1 3 25 32 37 14 22 20 
0 12
1 31
2 11
3 32
4 29
5 22
6 8
7 2
8 27
9 10
10 15
11 5
12 3
13 18
14 36
15 4
16 14
17 28
18 23
19 25
20 38
21 20
22 37
23 7
24 13
25 33
26 0
27 16
28 21
29 17
30 1
31 6
32 34
33 24
34 30
35 9
36 26
37 35
38 19
SIMILAR

19 15 12 14 5 32 33 3 28 25 16 0 1 8 31 26 29 2 36 17 10 13 9 30 4 23 27 11 34 20 37 24 22 18 7 21 38 6 35 
0 11
1 12
2 17
3 7
4 24
5 4
6 37
7 34
8 13
9 22
10 20
11 27
12 2
13 21
14 3
15 1
16 10
17 19
18 33
19 0
20 29
21 35
22 32
23 25
24 31
25 9
26 15
27 26
28 8
29 16
30 23
31 14
32 5
33 6
34 28
35 38
36 18
37 30
38 36
SIMILAR

15 28 6 20 23 21 7 9 2 25 33 4 16 22 24 1 36 18 17 10 11 34 5 37 31 38 8 13 30 14 19 3 32 26 35 27 0 29 12 
0 36
1 15
2 8
3 31
4 11
5 22
6 2
7 6
8 26
9 7
10 19
11 20
12 38
13 27
14 29
15 0
16 12
17 18
18 17
19 30
20 3
21 5
22 13
23 4
24 14
25 9
26 33
27 35
28 1
29 37
30 28
31 24
32 32
33 10
34 21
35 34
36 16
37 23
38 25
SIMILAR

0 9 13 19 38 27 15 4 34 16 11 10 2 1 8 23 26 6 25 3 33 7 30 28 14 22 24 32 20 21 5 12 37 31 36 35 18 29 17 
0 0
1 13
2 12
3 19
4 7
5 30
6 17
7 21
8 14
9 1
10 11
11 10
12 31
13 2
14 24
15 6
16 9
17 38
18 36
19 3
20 28
21 29
22 25
23 15
24 26
25 18
26 16
27 5
28 23
29 37
30 22
31 33
32 27
33 20
34 8
35 35
36 34
37 32
38 4
SIMILAR

7 35 6 19 25 33 10 13 14 34 26 20 24 36 1 27 29 8 37 18 17 4 23 12 16 11 22 30 31 0 5 38 15 32 2 3 9 28 21 
0 29
1 14
2 34
3 35
4 21
5 30
6 2
7 0
8 17
9 36
10 6
11 25
12 23
13 7
14 8
15 32
16 24
17 20
18 19
19 3
20 11
21 38
22 26
23 22
24 12
25 4
26 10
27 15
28 37
29 16
30 27
31 28
32 33
33 5
34 9
35 1
36 13
37 18
38 31
SIMILAR

9 21 8 37 20 30 26 23 17 11 32 35 6 19 10 16 13 2 29 38 5 33 24 3 18 28 34 14 0 27 4 1 7 31 22 12 25 15 36 
0 28
1 31
2 17
3 23
4 30
5 20
6 12
7 32
8 2
9 0
10 14
11 9
12 35
13 16
14 27
15 37
16 15
17 8
18 24
19 13
20 4
21 1
22 34
23 7
24 22
25 36
26 6
27 29
28 25
29 18
30 5
31 33
32 10
33 21
34 26
35 11
36 38
37 3
38 19
SIMILAR

34 25 0 1 3 33 26 4 36 30 15 20 18 29 11 35 37 5 32 10 28 14 22 19 13 24 8 2 38 7 21 9 16 17 12 27 31 23 6 
0 2
1 3
2 27
3 4
4 7
5 17
6 38
7 29
8 26
9 31
10 19
11 14
12 34
13 24
14 21
15 10
16 32
17 33
18 12
19 23
20 11
21 30
22 22
23 37
24 25
25 1
26 6
27 35
28 20
29 13
30 9
31 36
32 18
33 5
34 0
35 15
36 8
37 16
38 28
SIMILAR

33 15 38 17 18 26 32 29 13 5 8 2 3 19 23 28 24 4 30 25 14 21 0 10 31 27 22 9 6 1 34 12 16 36 20 11 37 7 35 
0 22
1 29
2 11
3 12
4 17
5 9
6 28
7 37
8 10
9 27
10 23
11 35
12 31
13 8
14 20
15 1
16 32
17 3
18 4
19 13
20 34
21 21
22 26
23 14
24 16
25 19
26 5
27 25
28 15
29 7
30 18
31 24
32 6
33 0
34 30
35 38
36 33
37 36
38 2
SIMILAR

31 9 1 20 23 34 25 8 36 7 18 26 17 37 30 4 3 22 16 0 21 15 24 29 6 35 13 11 32 27 12 2 19 38 33 14 5 28 10 
0 19
1 2
2 31
3 16
4 15
5 36
6 24
7 9
8 7
9 1
10 38
11 27
12 30
13 26
14 35
15 21
16 18
17 12
18 10
19 32
20 3
21 20
22 17
23 4
24 22
25 6
26 11
27 29
28 37
29 23
30 14
31 0
32 28
33 34
34 5
35 25
36 8
37 13
38 33
SIMILAR

11 10 28 37 32 22 12 1 18 2 20 17 26 21 36 30 25 31 4 8 3 7 16 27 38 23 9 35 34 24 0 29 15 19 6 14 5 33 13 
0 30
1 7
2 9
3 20
4 18
5 36
6 34
7 21
8 19
9 26
10 1
11 0
12 6
13 38
14 35
15 32
16 22
17 11
18 8
19 33
20 10
21 13
22 5
23 25
24 29
25 16
26 12
27 23
28 2
29 31
30 15
31 17
32 4
33 37
34 28
35 27
36 14
37 3
38 24
SIMILAR

36 1 32 3 25 18 16 34 30 22 21 12 26 35 7 15 28 6 0 38 27 19 11 23 2 5 10 24 20 31 8 33 13 29 4 17 37 14 9 
0 18
1 1
2 24
3 3
4 34
5 25
6 17
7 14
8 30
9 38
10 26
11 22
12 11
13 32
14 37
15 15
16 6
17 35
18 5
19 21
20 28
21 10
22 9
23 23
24 27
25 4
26 12
27 20
28 16
29 33
30 8
31 29
32 2
33 31
34 7
35 13
36 0
37 36
38 19
SIMILAR

22 3 1 11 17 24 8 19 37 25 16 38 2 13 18 27 35 34 33 36 26 23 6 5 32 4 10 0 7 21 15 28 20 30 9 31 14 12 29 
0 27
1 2
2 12
3 1
4 25
5 23
6 22
7 28
8 6
9 34
10 26
11 3
12 37
13 13
14 36
15 30
16 10
17 4
18 14
19 7
20 32
21 29
22 0
23 21
24 5
25 9
26 20
27 15
28 31
29 38
30 33
31 35
32 24
33 18
34 17
35 16
36 19
37 8
38 11
SIMILAR

38 12 31 25 14 35 23 24 6 29 9 27 2 11 33 15 21 13 16 10 26 4 30 5 3 0 36 8 28 7 17 1 37 34 20 18 32 22 19 
0 25
1 31
2 12
3 24
4 21
5 23
6 8
7 29
8 27
9 10
10 19
11 13
12 1
13 17
14 4
15 15
16 18
17 30
18 35
19 38
20 34
21 16
22 37
23 6
24 7
25 3
26 20
27 11
28 28
29 9
30 22
31 2
32 36
33 14
34 33
35 5
36 26
37 32
38 0
SIMILAR

16 34 13 38 14 25 27 18 20 15 9 32 26 7 23 31 2 30 35 0 29 17 5 10 33 11 6 1 21 36 8 22 12 3 37 4 19 28 24 
0 19
1 27
2 16
3 33
4 35
5 22
6 26
7 13
8 30
9 10
10 23
11 25
12 32
13 2
14 4
15 9
16 0
17 21
18 7
19 36
20 8
21 28
22 31
23 14
24 38
25 5
26 12
27 6
28 37
29 20
30 17
31 15
32 11
33 24
34 1
35 18
36 29
37 34
38 3
SIMILAR

15 5 35 36 26 12 18 19 9 8 33 11 23 25 17 3 29 31 4 14 21 28 1 30 32 20 24 16 13 0 34 6 37 22 2 38 10 27 7 
0 29
1 22
2 34
3 15
4 18
5 1
6 31
7 38
8 9
9 8
10 36
11 11
12 5
13 28
14 19
15 0
16 27
17 14
18 6
19 7
20 25
21 20
22 33
23 12
24 26
25 13
26 4
27 37
28 21
29 16
30 23
31 17
32 24
33 10
34 30
35 2
36 3
37 32
38 35
SIMILAR

3 8 24 16 13 12 32 20 29 26 27 30 19 18 2 21 5 15 7 34 23 17 14 35 22 1 31 33 4 0 38 25 36 6 28 9 10 11 37 
0 29
1 25
2 14
3 0
4 28
5 16
6 33
7 18
8 1
9 35
10 36
11 37
12 5
13 4
14 22
15 17
16 3
17 21
18 13
19 12
20 7
21 15
22 24
23 20
24 2
25 31
26 9
27 10
28 34
29 8
30 11
31 26
32 6
33 27
34 19
35 23
36 32
37 38
38 30
SIMILAR

1 30 28 0 17 14 16 15 5 2 18 35 21 11 31 38 8 6 9 29 23 3 37 10 4 22 26 13 24 20 34 19 7 33 27 12 32 36 25 
0 3
1 0
2 9
3 21
4 24
5 8
6 17
7 32
8 16
9 18
10 23
11 13
12 35
13 27
14 5
15 7
16 6
17 4
18 10
19 31
20 29
21 12
22 25
23 20
24 28
25 38
26 26
27 34
28 2
29 19
30 1
31 14
32 36
33 33
34 30
35 11
36 37
37 22
38 15
SIMILAR

10 15 26 25 14 21 11 28 1 18 6 35 31 8 20 30 17 36 12 13 16 5 24 2 22 27 23 29 37 4 34 9 19 38 32 0 33 3 7 
0 35
1 8
2 23
3 37
4 29
5 21
6 10
7 38
8 13
9 31
10 0
11 6
12 18
13 19
14 4
15 1
16 20
17 16
18 9
19 32
20 14
21 5
22 24
23 26
24 22
25 3
26 2
27 25
28 7
29 27
30 15
31 12
32 34
33 36
34 30
35 11
36 17
37 28
38 33
SIMILAR

10 38 35 31 28 20 23 4 26 8 15 32 2 37 19 1 36 24 7 14 11 6 12 3 16 21 18 25 30 29 9 27 34 5 17 33 0 13 22 
0 36
1 15
2 12
3 23
4 7
5 33
6 21
7 18
8 9
9 30
10 0
11 20
12 22
13 37
14 19
15 10
16 24
17 34
18 26
19 14
20 5
21 25
22 38
23 6
24 17
25 27
26 8
27 31
28 4
29 29
30 28
31 3
32 11
33 35
34 32
35 2
36 16
37 13
38 1
SIMILAR

10 17 31 5 1 24 37 33 30 19 25 3 29 15 12 36 32 22 34 23 20 38 18 2 21 7 14 0 35 28 8 26 11 27 16 9 6 4 13 
0 27
1 4
2 23
3 11
4 37
5 3
6 36
7 25
8 30
9 35
10 0
11 32
12 14
13 38
14 26
15 13
16 34
17 1
18 22
19 9
20 20
21 24
22 17
23 19
24 5
25 10
26 31
27 33
28 29
29 12
30 8
31 2
32 16
33 7
34 18
35 28
36 15
37 6
38 21
SIMILAR

29 21 34 3 25 1 23 10 7 36 5 19 26 28 38 18 14 6 4 20 9 27 35 0 24 17 37 22 30 13 32 31 8 12 2 11 15 16 33 
0 23
1 5
2 34
3 3
4 18
5 10
6 17
7 8
8 32
9 20
10 7
11 35
12 33
13 29
14 16
15 36
16 37
17 25
18 15
19 11
20 19
21 1
22 27
23 6
24 24
25 4
26 12
27 21
28 13
29 0
30 28
31 31
32 30
33 38
34 2
35 22
36 9
37 26
38 14
SIMILAR

18 22 31 29 1 37 21 13 0 35 23 36 25 28 6 2 26 5 30 16 8 17 34 15 12 11 20 27 32 7 38 14 4 33 9 3 24 19 10 
0 8
1 4
2 15
3 35
4 32
5 17
6 14
7 29
8 20
9 34
10 38
11 25
12 24
13 7
14 31
15 23
16 19
17 21
18 0
19 37
20 26
21 6
22 1
23 10
24 36
25 12
26 16
27 27
28 13
29 3
30 18
31 2
32 28
33 33
34 22
35 9
36 11
37 5
38 30
SIMILAR

36 22 30 34 28 13 2 24 38 16 4 8 35 26 32 7 12 33 11 1 19 5 31 3 20 23 10 27 18 6 29 25 0 21 9 15 14 37 17 
0 32
1 19
2 6
3 23
4 10
5 21
6 29
7 15
8 11
9 34
10 26
11 18
12 16
13 5
14 36
15 35
16 9
17 38
18 28
19 20
20 24
21 33
22 1
23 25
24 7
25 31
26 13
27 27
28 4
29 30
30 2
31 22
32 14
33 17
34 3
35 12
36 0
37 37
38 8
SIMILAR

16 38 37 2 29 23 20 18 12 25 9 14 24 15 5 17 27 31 0 13 4 33 11 3 6 8 34 30 21 19 32 22 1 28 36 7 35 10 26 
0 18
1 32
2 3
3 23
4 20
5 14
6 24
7 35
8 25
9 10
10 37
11 22
12 8
13 19
14 11
15 13
16 0
17 15
18 7
19 29
20 6
21 28
22 31
23 5
24 12
25 9
26 38
27 16
28 33
29 4
30 27
31 17
32 30
33 21
34 26
35 36
36 34
37 2
38 1
SIMILAR

19 28 8 25 34 13 9 1 38 29 3 17 37 14 32 35 7 33 6 2 11 20 10 21 23 30 26 36 4 15 27 31 5 24 16 18 12 0 22 
0 37
1 7
2 19
3 10
4 28
5 32
6 18
7 16
8 2
9 6
10 22
11 20
12 36
13 5
14 13
15 29
16 34
17 11
18 35
19 0
20 21
21 23
22 38
23 24
24 33
25 3
26 26
27 30
28 1
29 9
30 25
31 31
32 14
33 17
34 4
35 15
36 27
37 12
38 8
SIMILAR

14 20 11 24 36 8 9 23 34 4 19 13 12 38 3 37 15 28 29 30 1 16 21 26 27 17 10 0 7 32 33 18 6 35 22 31 5 25 2 
0 27
1 20
2 38
3 14
4 9
5 36
6 32
7 28
8 5
9 6
10 26
11 2
12 12
13 11
14 0
15 16
16 21
17 25
18 31
19 10
20 1
21 22
22 34
23 7
24 3
25 37
26 23
27 24
28 17
29 18
30 19
31 35
32 29
33 30
34 8
35 33
36 4
37 15
38 13
SIMILAR

32 6 38 7 9 36 37 11 28 14 2 31 33 16 20 0 1 26 35 4 12 17 24 21 22 8 3 5 29 13 34 25 19 30 10 15 18 23 27 
0 15
1 16
2 10
3 26
4 19
5 27
6 1
7 3
8 25
9 4
10 34
11 7
12 20
13 29
14 9
15 35
16 13
17 21
18 36
19 32
20 14
21 23
22 24
23 37
24 22
25 31
26 17
27 38
28 8
29 28
30 33
31 11
32 0
33 12
34 30
35 18
36 5
37 6
38 2
SIMILAR

33 38 10 30 3 16 11 21 18 27 36 0 12 31 32 19 29 14 15 26 8 4 13 35 25 34 20 1 22 28 24 9 37 2 17 7 23 6 5 
0 11
1 27
2 33
3 4
4 21
5 38
6 37
7 35
8 20
9 31
10 2
11 6
12 12
13 22
14 17
15 18
16 5
17 34
18 8
19 15
20 26
21 7
22 28
23 36
24 30
25 24
26 19
27 9
28 29
29 16
30 3
31 13
32 14
33 0
34 25
35 23
36 10
37 32
38 1
SIMILAR

2 14 27 19 26 29 13 11 24 25 35 7 12 10 15 34 17 22 23 33 1 28 5 21 8 16 9 32 20 31 37 36 3 0 4 30 38 18 6 
0 33
1 20
2 0
3 32
4 34
5 22
6 38
7 11
8 24
9 26
10 13
11 7
12 12
13 6
14 1
15 14
16 25
17 16
18 37
19 3
20 28
21 23
22 17
23 18
24 8
25 9
26 4
27 2
28 21
29 5
30 35
31 29
32 27
33 19
34 15
35 10
36 31
37 30
38 36
SIMILAR

26 11 29 6 17 5 27 14 38 32 37 35 33 1 24 18 28 3 34 9 23 4 30 16 31 7 13 21 8 36 20 2 19 10 12 22 0 15 25 
0 36
1 13
2 31
3 17
4 21
5 5
6 3
7 25
8 28
9 19
10 33
11 1
12 34
13 26
14 7
15 37
16 23
17 4
18 15
19 32
20 30
21 27
22 35
23 20
24 14
25 38
26 0
27 6
28 16
29 2
30 22
31 24
32 9
33 12
34 18
35 11
36 29
37 10
38 8
SIMILAR

1 35 2 23 31 6 9 3 24 5 13 26 28 11 4 19 18 29 36 37 15 25 22 33 7 38 12 20 8 10 0 14 16 34 21 30 32 17 27 
0 30
1 0
2 2
3 7
4 14
5 9
6 5
7 24
8 28
9 6
10 29
11 13
12 26
13 10
14 31
15 20
16 32
17 37
18 16
19 15
20 27
21 34
22 22
23 3
24 8
25 21
26 11
27 38
28 12
29 17
30 35
31 4
32 36
33 23
34 33
35 1
36 18
37 19
38 25
SIMILAR

31 9 4 12 29 15 25 26 5 6 27 2 7 28 14 37 18 16 30 24 22 8 19 33 0 36 32 17 20 13 38 21 34 3 1 10 35 11 23 
0 24
1 34
2 11
3 33
4 2
5 8
6 9
7 12
8 21
9 1
10 35
11 37
12 3
13 29
14 14
15 5
16 17
17 27
18 16
19 22
20 28
21 31
22 20
23 38
24 19
25 6
26 7
27 10
28 13
29 4
30 18
31 0
32 26
33 23
34 32
35 36
36 25
37 15
38 30
SIMILAR

7 24 13 23 36 33 0 18 26 31 3 10 35 29 8 38 34 9 30 2 14 19 28 11 6 5 16 1 20 12 22 17 27 4 37 25 15 32 21 
0 6
1 27
2 19
3 10
4 33
5 25
6 24
7 0
8 14
9 17
10 11
11 23
12 29
13 2
14 20
15 36
16 26
17 31
18 7
19 21
20 28
21 38
22 30
23 3
24 1
25 35
26 8
27 32
28 22
29 13
30 18
31 9
32 37
33 5
34 16
35 12
36 4
37 34
38 15
SIMILAR

20 15 5 8 0 24 37 9 32 3 27 10 38 1 36 33 18 13 22 34 25 7 12 4 35 26 17 29 2 28 21 16 23 6 30 19 31 11 14 
0 4
1 13
2 28
3 9
4 23
5 2
6 33
7 21
8 3
9 7
10 11
11 37
12 22
13 17
14 38
15 1
16 31
17 26
18 16
19 35
20 0
21 30
22 18
23 32
24 5
25 20
26 25
27 10
28 29
29 27
30 34
31 36
32 8
33 15
34 19
35 24
36 14
37 6
38 12
SIMILAR

21 17 26 6 24 30 29 15 18 0 5 16 37 38 19 3 14 13 23 27 35 32 11 7 22 10 9 34 33 36 2 20 25 8 4 31 1 28 12 
0 9
1 36
2 30
3 15
4 34
5 10
6 3
7 23
8 33
9 26
10 25
11 22
12 38
13 17
14 16
15 7
16 11
17 1
18 8
19 14
20 31
21 0
22 24
23 18
24 4
25 32
26 2
27 19
28 37
29 6
30 5
31 35
32 21
33 28
34 27
35 20
36 29
37 12
38 13
SIMILAR

12 23 21 22 10 0 37 32 33 17 14 25 35 15 7 18 6 1 30 20 34 2 36 26 29 4 5 38 16 9 11 3 24 19 8 27 28 13 31 
0 5
1 17
2 21
3 31
4 25
5 26
6 16
7 14
8 34
9 29
10 4
11 30
12 0
13 37
14 10
15 13
16 28
17 9
18 15
19 33
20 19
21 2
22 3
23 1
24 32
25 11
26 23
27 35
28 36
29 24
30 18
31 38
32 7
33 8
34 20
35 12
36 22
37 6
38 27
SIMILAR

34 14 1 8 17 26 6 33 29 5 10 12 13 38 3 22 21 9 2 36 35 27 7 0 20 23 4 11 19 31 30 25 16 32 18 28 15 24 37 
0 23
1 2
2 18
3 14
4 26
5 9
6 6
7 22
8 3
9 17
10 10
11 27
12 11
13 12
14 1
15 36
16 32
17 4
18 34
19 28
20 24
21 16
22 15
23 25
24 37
25 31
26 5
27 21
28 35
29 8
30 30
31 29
32 33
33 7
34 0
35 20
36 19
37 38
38 13
SIMILAR

12 10 4 24 19 34 29 38 9 18 0 17 14 20 7 15 3 33 26 37 21 13 6 16 25 5 36 1 2 28 32 35 11 22 23 31 8 30 27 
0 10
1 27
2 28
3 16
4 2
5 25
6 22
7 14
8 36
9 8
10 1
11 32
12 0
13 21
14 12
15 15
16 23
17 11
18 9
19 4
20 13
21 20
22 33
23 34
24 3
25 24
26 18
27 38
28 29
29 6
30 37
31 35
32 30
33 17
34 5
35 31
36 26
37 19
38 7
SIMILAR

10 9 5 6 17 14 27 13 34 18 4 25 0 3 15 22 35 36 28 20 7 32 11 1 26 16 33 30 2 38 23 21 31 8 24 29 12 19 37 
0 12
1 23
2 28
3 13
4 10
5 2
6 3
7 20
8 33
9 1
10 0
11 22
12 36
13 7
14 5
15 14
16 25
17 4
18 9
19 37
20 19
21 31
22 15
23 30
24 34
25 11
26 24
27 6
28 18
29 35
30 27
31 32
32 21
33 26
34 8
35 16
36 17
37 38
38 29
SIMILAR

14 18 17 24 22 10 20 2 7 9 26 34 38 25 6 31 37 27 19 12 0 16 21 33 5 36 15 23 30 8 4 28 35 32 29 3 11 1 13 
0 20
1 37
2 7
3 35
4 30
5 24
6 14
7 8
8 29
9 9
10 5
11 36
12 19
13 38
14 0
15 26
16 21
17 2
18 1
19 18
20 6
21 22
22 4
23 27
24 3
25 13
26 10
27 17
28 31
29 34
30 28
31 15
32 33
33 23
34 11
35 32
36 25
37 16
38 12
SIMILAR

35 18 21 8 24 20 12 17 0 11 1 31 13 9 15 19 7 14 28 36 22 4 29 33 26 37 30 5 16 34 3 6 10 32 2 23 27 25 38 
0 8
1 10
2 34
3 30
4 21
5 27
6 31
7 16
8 3
9 13
10 32
11 9
12 6
13 12
14 17
15 14
16 28
17 7
18 1
19 15
20 5
21 2
22 20
23 35
24 4
25 37
26 24
27 36
28 18
29 22
30 26
31 11
32 33
33 23
34 29
35 0
36 19
37 25
38 38
SIMILAR

29 31 4 2 12 30 19 23 17 21 16 24 7 33 3 10 0 22 13 37 18 36 11 9 26 25 20 38 32 28 6 1 34 8 27 14 35 5 15 
0 16
1 31
2 3
3 14
4 2
5 37
6 30
7 12
8 33
9 23
10 15
11 22
12 4
13 18
14 35
15 38
16 10
17 8
18 20
19 6
20 26
21 9
22 17
23 7
24 11
25 25
26 24
27 34
28 29
29 0
30 5
31 1
32 28
33 13
34 32
35 36
36 21
37 19
38 27
SIMILAR

20 14 17 16 32 13 19 28 11 34 29 12 3 30 36 6 9 37 31 15 5 27 25 21 33 8 22 38 4 23 10 24 35 2 18 1 0 7 26 
0 36
1 35
2 33
3 12
4 28
5 20
6 15
7 37
8 25
9 16
10 30
11 8
12 11
13 5
14 1
15 19
16 3
17 2
18 34
19 6
20 0
21 23
22 26
23 29
24 31
25 22
26 38
27 21
28 7
29 10
30 13
31 18
32 4
33 24
34 9
35 32
36 14
37 17
38 27
SIMILAR

36 6 4 8 2 31 19 9 21 34 5 22 18 11 15 37 26 28 12 32 38 16 17 13 23 7 25 30 29 24 27 1 33 0 14 20 3 35 10 
0 33
1 31
2 4
3 36
4 2
5 10
6 1
7 25
8 3
9 7
10 38
11 13
12 18
13 23
14 34
15 14
16 21
17 22
18 12
19 6
20 35
21 8
22 11
23 24
24 29
25 26
26 16
27 30
28 17
29 28
30 27
31 5
32 19
33 32
34 9
35 37
36 0
37 15
38 20
SIMILAR

21 11 19 22 1 15 32 33 13 16 10 2 35 5 18 12 27 4 34 14 38 28 37 29 7 6 36 23 8 17 24 31 20 25 3 30 26 0 9 
0 37
1 4
2 11
3 34
4 17
5 13
6 25
7 24
8 28
9 38
10 10
11 1
12 15
13 8
14 19
15 5
16 9
17 29
18 14
19 2
20 32
21 0
22 3
23 27
24 30
25 33
26 36
27 16
28 21
29 23
30 35
31 31
32 6
33 7
34 18
35 12
36 26
37 22
38 20
SIMILAR

25 10 2 38 7 29 16 27 20 31 17 26 13 23 3 37 33 14 30 6 4 9 21 11 32 8 24 35 34 18 22 36 19 28 5 1 0 15 12 
0 36
1 35
2 2
3 14
4 20
5 34
6 19
7 4
8 25
9 21
10 1
11 23
12 38
13 12
14 17
15 37
16 6
17 10
18 29
19 32
20 8
21 22
22 30
23 13
24 26
25 0
26 11
27 7
28 33
29 5
30 18
31 9
32 24
33 16
34 28
35 27
36 31
37 15
38 3
SIMILAR

25 27 3 15 34 11 30 6 13 24 0 20 31 35 17 32 29 1 19 23 14 18 2 33 21 4 38 16 8 26 10 36 28 37 7 12 5 9 22 
0 10
1 17
2 22
3 2
4 25
5 36
6 7
7 34
8 28
9 37
10 30
11 5
12 35
13 8
14 20
15 3
16 27
17 14
18 21
19 18
20 11
21 24
22 38
23 19
24 9
25 0
26 29
27 1
28 32
29 16
30 6
31 12
32 15
33 23
34 4
35 13
36 31
37 33
38 26
SIMILAR

24 17 1 22 20 26 7 25 38 33 36 4 12 11 13 14 15 2 37 16 32 10 27 31 5 8 34 35 18 28 23 30 9 19 21 0 6 29 3 
0 35
1 2
2 17
3 38
4 11
5 24
6 36
7 6
8 25
9 32
10 21
11 13
12 12
13 14
14 15
15 16
16 19
17 1
18 28
19 33
20 4
21 34
22 3
23 30
24 0
25 7
26 5
27 22
28 29
29 37
30 31
31 23
32 20
33 9
34 26
35 27
36 10
37 18
38 8
SIMILAR

34 37 9 0 23 21 16 29 3 4 33 38 12 22 15 36 2 32 10 14 5 27 8 11 19 17 20 35 7 6 30 28 24 18 25 13 1 26 31 
0 3
1 36
2 16
3 8
4 9
5 20
6 29
7 28
8 22
9 2
10 18
11 23
12 12
13 35
14 19
15 14
16 6
17 25
18 33
19 24
20 26
21 5
22 13
23 4
24 32
25 34
26 37
27 21
28 31
29 7
30 30
31 38
32 17
33 10
34 0
35 27
36 15
37 1
38 11
SIMILAR

30 9 18 24 22 36 25 2 14 13 8 7 19 10 35 15 21 23 38 20 34 6 1 0 3 28 33 4 17 16 12 5 29 31 26 37 27 32 11 
0 23
1 22
2 7
3 24
4 27
5 31
6 21
7 11
8 10
9 1
10 13
11 38
12 30
13 9
14 8
15 15
16 29
17 28
18 2
19 12
20 19
21 16
22 4
23 17
24 3
25 6
26 34
27 36
28 25
29 32
30 0
31 33
32 37
33 26
34 20
35 14
36 5
37 35
38 18
SIMILAR

8 12 16 34 29 27 3 6 37 19 33 2 0 24 15 23 9 11 17 13 4 26 10 21 32 36 20 28 38 30 35 7 1 25 14 5 22 18 31 
0 12
1 32
2 11
3 6
4 20
5 35
6 7
7 31
8 0
9 16
10 22
11 17
12 1
13 19
14 34
15 14
16 2
17 18
18 37
19 9
20 26
21 23
22 36
23 15
24 13
25 33
26 21
27 5
28 27
29 4
30 29
31 38
32 24
33 10
34 3
35 30
36 25
37 8
38 28
SIMILAR

16 35 24 18 36 33 3 28 6 5 7 30 13 9 34 29 38 15 21 0 27 12 26 2 17 23 11 37 19 32 22 1 4 20 14 31 25 8 10 
0 19
1 31
2 23
3 6
4 32
5 9
6 8
7 10
8 37
9 13
10 38
11 26
12 21
13 12
14 34
15 17
16 0
17 24
18 3
19 28
20 33
21 18
22 30
23 25
24 2
25 36
26 22
27 20
28 7
29 15
30 11
31 35
32 29
33 5
34 14
35 1
36 4
37 27
38 16
SIMILAR

5 20 9 25 32 10 15 2 7 27 23 34 14 18 13 16 22 24 12 37 4 38 17 36 3 21 6 26 19 8 33 35 0 1 29 31 30 28 11 
0 32
1 33
2 7
3 24
4 20
5 0
6 26
7 8
8 29
9 2
10 5
11 38
12 18
13 14
14 12
15 6
16 15
17 22
18 13
19 28
20 1
21 25
22 16
23 10
24 17
25 3
26 27
27 9
28 37
29 34
30 36
31 35
32 4
33 30
34 11
35 31
36 23
37 19
38 21
SIMILAR

9 37 33 36 12 15 35 11 26 0 28 29 24 6 4 25 1 22 23 2 3 14 21 7 17 13 16 19 20 10 27 38 34 31 18 30 5 8 32 
0 9
1 16
2 19
3 20
4 14
5 36
6 13
7 23
8 37
9 0
10 29
11 7
12 4
13 25
14 21
15 5
16 26
17 24
18 34
19 27
20 28
21 22
22 17
23 18
24 12
25 15
26 8
27 30
28 10
29 11
30 35
31 33
32 38
33 2
34 32
35 6
36 3
37 1
38 31
SIMILAR

14 29 11 31 34 4 3 26 22 28 33 0 35 27 36 20 24 9 25 38 17 8 21 19 32 30 2 12 15 7 37 23 16 18 5 6 13 10 1 
0 11
1 38
2 26
3 6
4 5
5 34
6 35
7 29
8 21
9 17
10 37
11 2
12 27
13 36
14 0
15 28
16 32
17 20
18 33
19 23
20 15
21 22
22 8
23 31
24 16
25 18
26 7
27 13
28 9
29 1
30 25
31 3
32 24
33 10
34 4
35 12
36 14
37 30
38 19
SIMILAR

9 17 22 30 16 31 5 20 12 13 37 28 4 7 2 25 14 6 8 3 26 24 1 36 21 23 11 32 33 10 15 38 18 27 35 19 0 29 34 
0 36
1 22
2 14
3 19
4 12
5 6
6 17
7 13
8 18
9 0
10 29
11 26
12 8
13 9
14 16
15 30
16 4
17 1
18 32
19 35
20 7
21 24
22 2
23 25
24 21
25 15
26 20
27 33
28 11
29 37
30 3
31 5
32 27
33 28
34 38
35 34
36 23
37 10
38 31
SIMILAR

13 26 20 5 33 3 37 12 25 24 15 31 6 0 38 11 35 21 32 9 17 18 10 27 29 19 22 2 28 4 8 36 23 14 30 7 16 1 34 
0 13
1 37
2 27
3 5
4 29
5 3
6 12
7 35
8 30
9 19
10 22
11 15
12 7
13 0
14 33
15 10
16 36
17 20
18 21
19 25
20 2
21 17
22 26
23 32
24 9
25 8
26 1
27 23
28 28
29 24
30 34
31 11
32 18
33 4
34 38
35 16
36 31
37 6
38 14
SIMILAR

6 12 23 20 33 17 35 1 10 29 0 27 16 26 24 11 22 31 9 36 14 15 34 4 32 38 8 30 3 5 13 19 25 7 28 37 2 21 18 
0 10
1 7
2 36
3 28
4 23
5 29
6 0
7 33
8 26
9 18
10 8
11 15
12 1
13 30
14 20
15 21
16 12
17 5
18 38
19 31
20 3
21 37
22 16
23 2
24 14
25 32
26 13
27 11
28 34
29 9
30 27
31 17
32 24
33 4
34 22
35 6
36 19
37 35
38 25
SIMILAR

11 19 28 34 13 27 6 30 1 16 9 10 31 0 33 35 4 25 2 8 3 22 20 21 36 7 14 32 24 26 38 12 5 18 15 23 17 37 29 
0 13
1 8
2 18
3 20
4 16
5 32
6 6
7 25
8 19
9 10
10 11
11 0
12 31
13 4
14 26
15 34
16 9
17 36
18 33
19 1
20 22
21 23
22 21
23 35
24 28
25 17
26 29
27 5
28 2
29 38
30 7
31 12
32 27
33 14
34 3
35 15
36 24
37 37
38 30
SIMILAR

38 5 16 32 27 19 3 23 1 12 33 18 17 37 9 25 35 36 7 20 21 10 13 8 34 30 26 29 6 24 4 15 31 28 2 11 22 14 0 
0 38
1 8
2 34
3 6
4 30
5 1
6 28
7 18
8 23
9 14
10 21
11 35
12 9
13 22
14 37
15 31
16 2
17 12
18 11
19 5
20 19
21 20
22 36
23 7
24 29
25 15
26 26
27 4
28 33
29 27
30 25
31 32
32 3
33 10
34 24
35 16
36 17
37 13
38 0
SIMILAR

1 27 37 20 35 28 0 14 32 2 4 23 29 21 6 22 15 38 19 5 33 11 7 8 30 31 25 16 17 10 36 9 34 26 24 3 18 12 13 
0 6
1 0
2 9
3 35
4 10
5 19
6 14
7 22
8 23
9 31
10 29
11 21
12 37
13 38
14 7
15 16
16 27
17 28
18 36
19 18
20 3
21 13
22 15
23 11
24 34
25 26
26 33
27 1
28 5
29 12
30 24
31 25
32 8
33 20
34 32
35 4
36 30
37 2
38 17
SIMILAR

26 28 11 0 10 2 17 1 3 36 27 34 14 6 31 12 32 19 8 29 20 16 37 15 35 9 30 23 22 4 5 33 38 7 24 25 13 21 18 
0 3
1 7
2 5
3 8
4 29
5 30
6 13
7 33
8 18
9 25
10 4
11 2
12 15
13 36
14 12
15 23
16 21
17 6
18 38
19 17
20 20
21 37
22 28
23 27
24 34
25 35
26 0
27 10
28 1
29 19
30 26
31 14
32 16
33 31
34 11
35 24
36 9
37 22
38 32
SIMILAR

35 28 33 15 9 17 4 10 6 36 29 21 8 34 22 13 16 23 38 30 19 25 3 32 0 18 24 20 12 37 31 26 5 1 11 14 2 27 7 
0 24
1 33
2 36
3 22
4 6
5 32
6 8
7 38
8 12
9 4
10 7
11 34
12 28
13 15
14 35
15 3
16 16
17 5
18 25
19 20
20 27
21 11
22 14
23 17
24 26
25 21
26 31
27 37
28 1
29 10
30 19
31 30
32 23
33 2
34 13
35 0
36 9
37 29
38 18
SIMILAR

35 31 10 12 15 19 27 1 33 38 8 18 16 29 30 2 24 0 28 23 26 22 37 11 20 36 14 25 6 17 21 13 34 7 9 32 4 5 3 
0 17
1 7
2 15
3 38
4 36
5 37
6 28
7 33
8 10
9 34
10 2
11 23
12 3
13 31
14 26
15 4
16 12
17 29
18 11
19 5
20 24
21 30
22 21
23 19
24 16
25 27
26 20
27 6
28 18
29 13
30 14
31 1
32 35
33 8
34 32
35 0
36 25
37 22
38 9
SIMILAR

31 23 17 16 32 35 33 11 19 14 18 36 30 10 21 9 26 7 5 15 38 20 3 6 22 8 1 24 34 0 28 13 37 2 27 12 4 25 29 
0 29
1 26
2 33
3 22
4 36
5 18
6 23
7 17
8 25
9 15
10 13
11 7
12 35
13 31
14 9
15 19
16 3
17 2
18 10
19 8
20 21
21 14
22 24
23 1
24 27
25 37
26 16
27 34
28 30
29 38
30 12
31 0
32 4
33 6
34 28
35 5
36 11
37 32
38 20
SIMILAR

19 34 5 1 21 29 0 13 36 37 32 26 31 2 24 25 4 17 6 38 30 8 20 7 12 33 9 14 18 16 35 23 28 15 11 10 27 22 3 
0 6
1 3
2 13
3 38
4 16
5 2
6 18
7 23
8 21
9 26
10 35
11 34
12 24
13 7
14 27
15 33
16 29
17 17
18 28
19 0
20 22
21 4
22 37
23 31
24 14
25 15
26 11
27 36
28 32
29 5
30 20
31 12
32 10
33 25
34 1
35 30
36 8
37 9
38 19
SIMILAR

25 36 28 16 1 21 14 24 26 22 3 8 18 38 34 29 5 33 12 20 37 27 23 7 4 11 32 17 31 10 19 35 6 9 13 0 15 2 30 
0 35
1 4
2 37
3 10
4 24
5 16
6 32
7 23
8 11
9 33
10 29
11 25
12 18
13 34
14 6
15 36
16 3
17 27
18 12
19 30
20 19
21 5
22 9
23 22
24 7
25 0
26 8
27 21
28 2
29 15
30 38
31 28
32 26
33 17
34 14
35 31
36 1
37 20
38 13
SIMILAR

22 1 18 32 26 2 11 38 19 35 13 37 0 5 34 31 23 30 29 7 16 25 8 9 33 12 6 4 24 27 10 14 28 17 21 3 36 15 20 
0 12
1 1
2 5
3 35
4 27
5 13
6 26
7 19
8 22
9 23
10 30
11 6
12 25
13 10
14 31
15 37
16 20
17 33
18 2
19 8
20 38
21 34
22 0
23 16
24 28
25 21
26 4
27 29
28 32
29 18
30 17
31 15
32 3
33 24
34 14
35 9
36 36
37 11
38 7
SIMILAR

0 31 35 8 33 10 29 34 13 4 22 23 6 38 16 30 20 11 24 36 2 25 21 5 26 15 19 28 37 18 1 32 27 12 14 17 3 7 9 
0 0
1 30
2 20
3 36
4 9
5 23
6 12
7 37
8 3
9 38
10 5
11 17
12 33
13 8
14 34
15 25
16 14
17 35
18 29
19 26
20 16
21 22
22 10
23 11
24 18
25 21
26 24
27 32
28 27
29 6
30 15
31 1
32 31
33 4
34 7
35 2
36 19
37 28
38 13
SIMILAR

19 5 4 25 16 36 32 27 8 18 29 37 35 33 3 10 7 2 20 38 0 26 30 28 23 9 34 14 15 21 11 13 1 6 24 12 31 17 22 
0 20
1 32
2 17
3 14
4 2
5 1
6 33
7 16
8 8
9 25
10 15
11 30
12 35
13 31
14 27
15 28
16 4
17 37
18 9
19 0
20 18
21 29
22 38
23 24
24 34
25 3
26 21
27 7
28 23
29 10
30 22
31 36
32 6
33 13
34 26
35 12
36 5
37 11
38 19
SIMILAR

7 10 9 29 4 11 18 12 36 24 21 31 19 23 3 35 34 1 13 38 37 0 17 20 6 25 28 32 33 30 22 8 2 26 27 16 15 14 5 
0 21
1 17
2 32
3 14
4 4
5 38
6 24
7 0
8 31
9 2
10 1
11 5
12 7
13 18
14 37
15 36
16 35
17 22
18 6
19 12
20 23
21 10
22 30
23 13
24 9
25 25
26 33
27 34
28 26
29 3
30 29
31 11
32 27
33 28
34 16
35 15
36 8
37 20
38 19
SIMILAR

37 36 25 14 33 15 12 0 28 3 24 34 9 38 22 20 27 11 7 31 1 19 29 16 23 30 26 35 6 21 2 18 4 5 10 8 13 17 32 
0 7
1 20
2 30
3 9
4 32
5 33
6 28
7 18
8 35
9 12
10 34
11 17
12 6
13 36
14 3
15 5
16 23
17 37
18 31
19 21
20 15
21 29
22 14
23 24
24 10
25 2
26 26
27 16
28 8
29 22
30 25
31 19
32 38
33 4
34 11
35 27
36 1
37 0
38 13
SIMILAR

12 17 25 23 0 29 32 34 26 27 38 4 28 2 5 20 33 16 8 21 24 3 13 14 37 30 31 9 35 1 7 15 6 11 19 18 22 36 10 
0 4
1 29
2 13
3 21
4 11
5 14
6 32
7 30
8 18
9 27
10 38
11 33
12 0
13 22
14 23
15 31
16 17
17 1
18 35
19 34
20 15
21 19
22 36
23 3
24 20
25 2
26 8
27 9
28 12
29 5
30 25
31 26
32 6
33 16
34 7
35 28
36 37
37 24
38 10
SIMILAR

26 38 15 3 23 27 20 8 35 14 0 5 37 19 16 11 2 13 31 34 17 18 22 28 36 10 4 33 12 21 6 32 30 24 9 25 1 7 29 
0 10
1 36
2 16
3 3
4 26
5 11
6 30
7 37
8 7
9 34
10 25
11 15
12 28
13 17
14 9
15 2
16 14
17 20
18 21
19 13
20 6
21 29
22 22
23 4
24 33
25 35
26 0
27 5
28 23
29 38
30 32
31 18
32 31
33 27
34 19
35 8
36 24
37 12
38 1
SIMILAR

4 13 14 9 15 21 28 19 24 25 34 2 18 17 30 38 5 32 31 22 36 16 26 3 27 11 23 0 20 12 1 33 35 29 7 6 10 37 8 
0 27
1 30
2 11
3 23
4 0
5 16
6 35
7 34
8 38
9 3
10 36
11 25
12 29
13 1
14 2
15 4
16 21
17 13
18 12
19 7
20 28
21 5
22 19
23 26
24 8
25 9
26 22
27 24
28 6
29 33
30 14
31 18
32 17
33 31
34 10
35 32
36 20
37 37
38 15
SIMILAR

3 1 28 11 5 10 13 25 21 38 4 22 16 15 36 17 14 0 7 24 29 12 30 18 20 26 9 27 6 37 19 23 33 32 2 35 34 8 31 
0 17
1 1
2 34
3 0
4 10
5 4
6 28
7 18
8 37
9 26
10 5
11 3
12 21
13 6
14 16
15 13
16 12
17 15
18 23
19 30
20 24
21 8
22 11
23 31
24 19
25 7
26 25
27 27
28 2
29 20
30 22
31 38
32 33
33 32
34 36
35 35
36 14
37 29
38 9
SIMILAR

2 28 4 8 13 37 6 31 3 5 19 27 22 16 32 12 1 10 34 18 20 0 7 29 15 25 23 11 17 26 30 24 38 9 33 35 21 36 14 
0 21
1 16
2 0
3 8
4 2
5 9
6 6
7 22
8 3
9 33
10 17
11 27
12 15
13 4
14 38
15 24
16 13
17 28
18 19
19 10
20 20
21 36
22 12
23 26
24 31
25 25
26 29
27 11
28 1
29 23
30 30
31 7
32 14
33 34
34 18
35 35
36 37
37 5
38 32
SIMILAR

24 37 4 27 13 9 15 8 14 22 16 26 1 7 38 17 34 30 2 0 19 18 11 10 20 25 29 23 32 12 3 36 31 35 21 33 6 5 28 
0 19
1 12
2 18
3 30
4 2
5 37
6 36
7 13
8 7
9 5
10 23
11 22
12 29
13 4
14 8
15 6
16 10
17 15
18 21
19 20
20 24
21 34
22 9
23 27
24 0
25 25
26 11
27 3
28 38
29 26
30 17
31 32
32 28
33 35
34 16
35 33
36 31
37 1
38 14
SIMILAR

1 32 36 13 4 14 5 25 26 0 9 27 31 21 15 38 19 24 34 22 16 10 11 29 2 6 23 17 33 8 12 30 7 37 3 28 18 35 20 
0 9
1 0
2 24
3 34
4 4
5 6
6 25
7 32
8 29
9 10
10 21
11 22
12 30
13 3
14 5
15 14
16 20
17 27
18 36
19 16
20 38
21 13
22 19
23 26
24 17
25 7
26 8
27 11
28 35
29 23
30 31
31 12
32 1
33 28
34 18
35 37
36 2
37 33
38 15
SIMILAR

18 4 38 27 33 35 25 2 6 31 28 19 7 36 24 15 12 3 0 34 11 1 8 22 14 23 13 5 21 9 29 32 26 20 37 17 10 16 30 
0 18
1 21
2 7
3 17
4 1
5 27
6 8
7 12
8 22
9 29
10 36
11 20
12 16
13 26
14 24
15 15
16 37
17 35
18 0
19 11
20 33
21 28
22 23
23 25
24 14
25 6
26 32
27 3
28 10
29 30
30 38
31 9
32 31
33 4
34 19
35 5
36 13
37 34
38 2
SIMILAR

24 25 6 34 17 22 8 33 0 35 27 32 38 12 9 28 3 4 2 26 19 1 30 36 7 21 18 15 37 11 31 10 16 29 20 14 5 23 13 
0 8
1 21
2 18
3 16
4 17
5 36
6 2
7 24
8 6
9 14
10 31
11 29
12 13
13 38
14 35
15 27
16 32
17 4
18 26
19 20
20 34
21 25
22 5
23 37
24 0
25 1
26 19
27 10
28 15
29 33
30 22
31 30
32 11
33 7
34 3
35 9
36 23
37 28
38 12
SIMILAR

30 18 33 4 9 14 23 2 35 0 19 15 37 8 20 31 25 1 7 11 3 21 27 29 34 17 6 24 16 10 38 5 22 32 12 13 26 36 28 
0 9
1 17
2 7
3 20
4 3
5 31
6 26
7 18
8 13
9 4
10 29
11 19
12 34
13 35
14 5
15 11
16 28
17 25
18 1
19 10
20 14
21 21
22 32
23 6
24 27
25 16
26 36
27 22
28 38
29 23
30 0
31 15
32 33
33 2
34 24
35 8
36 37
37 12
38 30
SIMILAR

6 37 16 2 22 27 1 9 36 11 21 26 19 12 35 8 29 18 23 3 32 30 13 20 25 5 14 34 7 10 28 17 15 4 38 33 24 0 31 
0 37
1 6
2 3
3 19
4 33
5 25
6 0
7 28
8 15
9 7
10 29
11 9
12 13
13 22
14 26
15 32
16 2
17 31
18 17
19 12
20 23
21 10
22 4
23 18
24 36
25 24
26 11
27 5
28 30
29 16
30 21
31 38
32 20
33 35
34 27
35 14
36 8
37 1
38 34
SIMILAR
100 0
9400 0
359400 0
