39
0 1 1 1 0 1 1 0 1 0 1 0 1 1 1 0 0 1 0 0 1 1 0 0 0 1 0 0 0 1 0 0 0 1 0 1 0 1 0 
1 0 1 0 1 0 0 1 1 0 0 0 0 0 1 1 1 1 0 1 0 0 0 1 1 0 1 1 1 0 0 0 1 0 0 0 1 1 0 
1 1 0 1 0 1 0 1 0 1 0 1 1 1 1 0 0 0 1 1 0 0 0 0 0 1 0 0 0 1 1 0 0 1 1 1 1 1 0 
1 0 1 0 0 1 1 0 0 0 1 1 1 0 0 1 1 0 0 1 0 1 0 1 1 0 0 0 1 1 0 0 1 1 1 1 1 0 1 
0 1 0 0 0 1 1 0 1 0 0 1 0 1 0 1 1 1 0 1 0 0 1 1 1 1 1 1 1 0 1 0 1 1 1 1 0 1 0 
1 0 1 1 1 0 0 1 0 1 1 1 0 0 1 1 0 1 0 1 0 0 0 0 0 1 0 1 1 1 0 1 1 1 0 1 1 0 0 
1 0 0 1 1 0 0 1 0 1 0 0 1 1 0 0 1 0 0 0 0 0 1 0 1 0 1 0 0 1 0 1 1 0 1 0 0 0 0 
0 1 1 0 0 1 1 0 1 1 0 1 0 1 0 1 1 0 1 0 0 0 1 0 1 1 1 1 1 1 1 0 1 0 1 1 0 1 0 
1 1 0 0 1 0 0 1 0 1 0 1 1 1 0 1 1 1 0 0 1 1 1 1 1 1 1 0 1 0 1 1 0 0 0 1 1 1 0 
0 0 1 0 0 1 1 1 1 0 1 1 0 1 1 1 0 0 0 0 1 1 0 1 1 0 1 1 0 0 1 0 1 1 0 0 1 1 0 
1 0 0 1 0 1 0 0 0 1 0 1 0 0 0 0 1 0 1 1 1 1 1 1 0 0 0 0 0 0 0 1 1 1 0 1 0 1 1 
0 0 1 1 1 1 0 1 1 1 1 0 1 0 1 1 1 0 1 0 1 0 0 1 0 1 0 1 0 0 1 0 1 0 1 1 1 1 0 
1 0 1 1 0 0 1 0 1 0 0 1 0 0 1 1 0 1 0 1 0 0 0 1 0 0 0 0 0 1 0 0 1 0 1 1 1 0 0 
1 0 1 0 1 0 1 1 1 1 0 0 0 0 1 0 0 1 0 1 1 1 0 1 1 0 0 0 1 1 1 0 1 1 1 1 0 0 0 
1 1 1 0 0 1 0 0 0 1 0 1 1 1 0 0 1 1 0 1 0 0 1 0 1 1 0 1 1 0 1 0 1 1 0 1 0 0 0 
0 1 0 1 1 1 0 1 1 1 0 1 1 0 0 0 1 0 0 0 1 0 1 0 0 0 0 1 1 0 0 1 0 1 0 0 0 0 0 
0 1 0 1 1 0 1 1 1 0 1 1 0 0 1 1 0 0 0 1 0 1 0 1 0 0 1 1 0 1 0 0 0 1 1 0 0 0 1 
1 1 0 0 1 1 0 0 1 0 0 0 1 1 1 0 0 0 0 1 0 0 1 0 0 0 0 0 0 1 0 1 1 0 1 0 0 1 1 
0 0 1 0 0 0 0 1 0 0 1 1 0 0 0 0 0 0 0 1 0 0 0 0 1 1 1 1 1 1 1 0 1 0 0 1 0 1 1 
0 1 1 1 1 1 0 0 0 0 1 0 1 1 1 0 1 1 1 0 1 1 0 1 1 0 0 1 1 0 1 0 1 0 0 0 0 1 0 
1 0 0 0 0 0 0 0 1 1 1 1 0 1 0 1 0 0 0 1 0 0 1 1 1 0 1 0 0 1 1 1 0 1 0 0 0 0 0 
1 0 0 1 0 0 0 0 1 1 1 0 0 1 0 0 1 0 0 1 0 0 0 0 1 0 1 1 1 0 0 0 0 0 0 0 1 1 1 
0 0 0 0 1 0 1 1 1 0 1 0 0 0 1 1 0 1 0 0 1 0 0 0 1 1 1 1 0 0 0 0 0 0 0 1 1 1 1 
0 1 0 1 1 0 0 0 1 1 1 1 1 1 0 0 1 0 0 1 1 0 0 0 0 0 0 0 1 0 0 0 0 1 1 0 1 1 1 
0 1 0 1 1 0 1 1 1 1 0 0 0 1 1 0 0 0 1 1 1 1 1 0 0 1 1 1 1 0 1 1 1 0 1 0 1 1 1 
1 0 1 0 1 1 0 1 1 0 0 1 0 0 1 0 0 0 1 0 0 0 1 0 1 0 1 1 1 0 1 0 1 1 0 0 0 1 1 
0 1 0 0 1 0 1 1 1 1 0 0 0 0 0 0 1 0 1 0 1 1 1 0 1 1 0 0 1 1 0 1 0 1 0 0 0 0 1 
0 1 0 0 1 1 0 1 0 1 0 1 0 0 1 1 1 0 1 1 0 1 1 0 1 1 0 0 0 0 1 0 0 0 1 1 0 0 1 
0 1 0 1 1 1 0 1 1 0 0 0 0 1 1 1 0 0 1 1 0 1 0 1 1 1 1 0 0 0 0 0 1 0 0 1 1 1 1 
1 0 1 1 0 1 1 1 0 0 0 0 1 1 0 0 1 1 1 0 1 0 0 0 0 0 1 0 0 0 0 0 1 1 0 0 1 1 0 
0 0 1 0 1 0 0 1 1 1 0 1 0 1 1 0 0 0 1 1 1 0 0 0 1 1 0 1 0 0 0 1 0 0 0 0 1 0 0 
0 0 0 0 0 1 1 0 1 0 1 0 0 0 0 1 0 1 0 0 1 0 0 0 1 0 1 0 0 0 1 0 1 0 0 0 1 0 1 
0 1 0 1 1 1 1 1 0 1 1 1 1 1 1 0 0 1 1 1 0 0 0 0 1 1 0 0 1 1 0 1 0 0 1 1 0 1 1 
1 0 1 1 1 1 0 0 0 1 1 0 0 1 1 1 1 0 0 0 1 0 0 1 0 1 1 0 0 1 0 0 0 0 1 0 0 0 1 
0 0 1 1 1 0 1 1 0 0 0 1 1 1 0 0 1 1 0 0 0 0 0 1 1 0 0 1 0 0 0 0 1 1 0 1 1 0 0 
1 0 1 1 1 1 0 1 1 0 1 1 1 1 1 0 0 0 1 0 0 0 1 0 0 0 0 1 1 0 0 0 1 0 1 0 0 1 1 
0 1 1 1 0 1 0 0 1 1 0 1 1 0 0 0 0 0 0 0 0 1 1 1 1 0 0 0 1 1 1 1 0 0 1 0 0 0 0 
1 1 1 0 1 0 0 1 1 1 1 1 0 0 0 0 0 1 1 1 0 1 1 1 1 1 0 0 1 1 0 0 1 0 0 1 0 0 0 
0 0 0 1 0 0 0 0 0 0 1 0 0 0 0 0 1 1 1 0 0 1 1 1 1 1 1 1 1 0 0 1 1 1 0 1 0 0 0 

36 17 14 10 25 35 27 23 19 16 8 38 3 34 33 37 6 9 18 15 2 29 21 12 26 24 11 32 31 5 20 1 30 4 28 7 0 13 22 
0 36
1 31
2 20
3 12
4 33
5 29
6 16
7 35
8 10
9 17
10 3
11 26
12 23
13 37
14 2
15 19
16 9
17 1
18 18
19 8
20 30
21 22
22 38
23 7
24 25
25 4
26 24
27 6
28 34
29 21
30 32
31 28
32 27
33 14
34 13
35 5
36 0
37 15
38 11
SIMILAR

34 24 15 11 21 2 35 13 7 26 31 32 27 0 23 18 28 14 1 16 6 17 3 37 22 10 5 19 30 33 8 9 4 20 38 25 36 12 29 
0 13
1 18
2 5
3 22
4 32
5 26
6 20
7 8
8 30
9 31
10 25
11 3
12 37
13 7
14 17
15 2
16 19
17 21
18 15
19 27
20 33
21 4
22 24
23 14
24 1
25 35
26 9
27 12
28 16
29 38
30 28
31 10
32 11
33 29
34 0
35 6
36 36
37 23
38 34
SIMILAR

1 30 21 9 23 25 17 31 19 7 28 8 11 37 29 33 20 3 24 0 15 26 22 14 16 38 2 6 13 34 10 12 27 18 36 35 32 4 5 
0 19
1 0
2 26
3 17
4 37
5 38
6 27
7 9
8 11
9 3
10 30
11 12
12 31
13 28
14 23
15 20
16 24
17 6
18 33
19 8
20 16
21 2
22 22
23 4
24 18
25 5
26 21
27 32
28 10
29 14
30 1
31 7
32 36
33 15
34 29
35 35
36 34
37 13
38 25
SIMILAR

11 22 10 2 20 26 7 4 24 3 0 34 8 27 13 5 32 38 9 17 18 12 30 25 16 21 15 31 19 33 1 36 6 37 29 28 35 14 23 
0 10
1 30
2 3
3 9
4 7
5 15
6 32
7 6
8 12
9 18
10 2
11 0
12 21
13 14
14 37
15 26
16 24
17 19
18 20
19 28
20 4
21 25
22 1
23 38
24 8
25 23
26 5
27 13
28 35
29 34
30 22
31 27
32 16
33 29
34 11
35 36
36 31
37 33
38 17
SIMILAR

2 29 4 26 18 11 38 1 0 23 34 19 28 33 17 6 27 31 35 20 9 7 21 12 32 24 36 25 10 30 37 16 5 3 14 15 13 22 8 
0 8
1 7
2 0
3 33
4 2
5 32
6 15
7 21
8 38
9 20
10 28
11 5
12 23
13 36
14 34
15 35
16 31
17 14
18 4
19 11
20 19
21 22
22 37
23 9
24 25
25 27
26 3
27 16
28 12
29 1
30 29
31 17
32 24
33 13
34 10
35 18
36 26
37 30
38 6
SIMILAR

3 7 28 30 24 27 18 20 1 19 25 34 21 2 12 16 6 17 37 32 14 9 38 0 33 26 29 8 31 5 10 13 36 23 11 35 22 4 15 
0 23
1 8
2 13
3 0
4 37
5 29
6 16
7 1
8 27
9 21
10 30
11 34
12 14
13 31
14 20
15 38
16 15
17 17
18 6
19 9
20 7
21 12
22 36
23 33
24 4
25 10
26 25
27 5
28 2
29 26
30 3
31 28
32 19
33 24
34 11
35 35
36 32
37 18
38 22
SIMILAR

30 34 27 16 12 2 5 15 38 23 29 4 17 26 0 9 36 24 13 28 31 25 14 19 32 33 21 37 11 6 8 7 1 3 22 35 10 20 18 
0 14
1 32
2 5
3 33
4 11
5 6
6 29
7 31
8 30
9 15
10 36
11 28
12 4
13 18
14 22
15 7
16 3
17 12
18 38
19 23
20 37
21 26
22 34
23 9
24 17
25 21
26 13
27 2
28 19
29 10
30 0
31 20
32 24
33 25
34 1
35 35
36 16
37 27
38 8
SIMILAR

30 29 32 31 34 23 35 1 28 19 17 6 2 36 20 11 0 25 33 38 37 14 3 18 5 7 12 24 4 13 10 15 8 16 27 9 26 21 22 
0 16
1 7
2 12
3 22
4 28
5 24
6 11
7 25
8 32
9 35
10 30
11 15
12 26
13 29
14 21
15 31
16 33
17 10
18 23
19 9
20 14
21 37
22 38
23 5
24 27
25 17
26 36
27 34
28 8
29 1
30 0
31 3
32 2
33 18
34 4
35 6
36 13
37 20
38 19
SIMILAR

23 17 37 13 8 7 0 20 2 34 3 1 27 26 33 19 32 35 5 21 15 18 36 31 28 6 22 29 38 12 4 16 14 9 30 10 25 11 24 
0 6
1 11
2 8
3 10
4 30
5 18
6 25
7 5
8 4
9 33
10 35
11 37
12 29
13 3
14 32
15 20
16 31
17 1
18 21
19 15
20 7
21 19
22 26
23 0
24 38
25 36
26 13
27 12
28 24
29 27
30 34
31 23
32 16
33 14
34 9
35 17
36 22
37 2
38 28
SIMILAR

10 16 13 15 22 1 36 14 24 35 11 2 32 37 5 0 7 9 17 19 8 30 3 31 21 33 38 29 20 23 34 12 26 4 27 6 25 28 18 
0 15
1 5
2 11
3 22
4 33
5 14
6 35
7 16
8 20
9 17
10 0
11 10
12 31
13 2
14 7
15 3
16 1
17 18
18 38
19 19
20 28
21 24
22 4
23 29
24 8
25 36
26 32
27 34
28 37
29 27
30 21
31 23
32 12
33 25
34 30
35 9
36 6
37 13
38 26
SIMILAR

38 29 22 34 24 31 5 0 36 25 18 15 16 14 19 3 13 10 20 7 27 4 23 17 33 30 26 21 9 11 6 12 2 28 1 32 8 35 37 
0 7
1 34
2 32
3 15
4 21
5 6
6 30
7 19
8 36
9 28
10 17
11 29
12 31
13 16
14 13
15 11
16 12
17 23
18 10
19 14
20 18
21 27
22 2
23 22
24 4
25 9
26 26
27 20
28 33
29 1
30 25
31 5
32 35
33 24
34 3
35 37
36 8
37 38
38 0
SIMILAR

4 32 36 24 2 7 9 10 5 23 27 34 25 30 29 22 8 21 17 11 0 37 3 1 28 35 12 26 16 38 31 33 20 15 19 14 13 18 6 
0 20
1 23
2 4
3 22
4 0
5 8
6 38
7 5
8 16
9 6
10 7
11 19
12 26
13 36
14 35
15 33
16 28
17 18
18 37
19 34
20 32
21 17
22 15
23 9
24 3
25 12
26 27
27 10
28 24
29 14
30 13
31 30
32 1
33 31
34 11
35 25
36 2
37 21
38 29
SIMILAR

7 22 17 6 35 2 38 18 4 21 33 34 37 31 3 0 12 27 28 15 24 13 36 14 29 1 20 5 19 10 32 25 23 9 30 8 11 26 16 
0 15
1 25
2 5
3 14
4 8
5 27
6 3
7 0
8 35
9 33
10 29
11 36
12 16
13 21
14 23
15 19
16 38
17 2
18 7
19 28
20 26
21 9
22 1
23 32
24 20
25 31
26 37
27 17
28 18
29 24
30 34
31 13
32 30
33 10
34 11
35 4
36 22
37 12
38 6
SIMILAR

29 37 23 25 14 17 2 18 35 12 9 30 36 0 8 27 4 33 3 22 1 15 11 31 7 20 26 34 5 24 19 32 13 38 21 6 28 16 10 
0 13
1 20
2 6
3 18
4 16
5 28
6 35
7 24
8 14
9 10
10 38
11 22
12 9
13 32
14 4
15 21
16 37
17 5
18 7
19 30
20 25
21 34
22 19
23 2
24 29
25 3
26 26
27 15
28 36
29 0
30 11
31 23
32 31
33 17
34 27
35 8
36 12
37 1
38 33
SIMILAR

3 7 15 13 23 1 19 27 30 17 32 28 8 11 14 24 5 31 4 22 21 38 37 34 20 2 29 9 18 16 10 12 36 33 26 25 6 35 0 
0 38
1 5
2 25
3 0
4 18
5 16
6 36
7 1
8 12
9 27
10 30
11 13
12 31
13 3
14 14
15 2
16 29
17 9
18 28
19 6
20 24
21 20
22 19
23 4
24 15
25 35
26 34
27 7
28 11
29 26
30 8
31 17
32 10
33 33
34 23
35 37
36 32
37 22
38 21
SIMILAR

23 6 20 33 8 32 38 30 11 22 17 5 3 12 36 37 25 35 1 24 0 10 31 14 34 29 28 15 7 27 19 2 21 4 13 18 26 9 16 
0 20
1 18
2 31
3 12
4 33
5 11
6 1
7 28
8 4
9 37
10 21
11 8
12 13
13 34
14 23
15 27
16 38
17 10
18 35
19 30
20 2
21 32
22 9
23 0
24 19
25 16
26 36
27 29
28 26
29 25
30 7
31 22
32 5
33 3
34 24
35 17
36 14
37 15
38 6
SIMILAR

12 38 15 22 14 35 29 23 32 9 7 33 27 11 28 21 16 20 17 3 31 1 30 6 36 4 8 0 18 37 26 24 5 25 2 10 13 34 19 
0 27
1 21
2 34
3 19
4 25
5 32
6 23
7 10
8 26
9 9
10 35
11 13
12 0
13 36
14 4
15 2
16 16
17 18
18 28
19 38
20 17
21 15
22 3
23 7
24 31
25 33
26 30
27 12
28 14
29 6
30 22
31 20
32 8
33 11
34 37
35 5
36 24
37 29
38 1
SIMILAR

9 26 24 37 27 14 20 36 10 21 28 7 8 25 32 11 16 0 1 3 13 23 34 22 19 4 38 31 33 5 35 15 18 30 6 2 17 12 29 
0 17
1 18
2 35
3 19
4 25
5 29
6 34
7 11
8 12
9 0
10 8
11 15
12 37
13 20
14 5
15 31
16 16
17 36
18 32
19 24
20 6
21 9
22 23
23 21
24 2
25 13
26 1
27 4
28 10
29 38
30 33
31 27
32 14
33 28
34 22
35 30
36 7
37 3
38 26
SIMILAR

35 5 11 1 12 13 30 31 28 2 32 16 25 9 23 33 24 7 26 18 19 17 21 29 36 20 22 34 14 6 8 10 37 3 0 38 27 4 15 
0 34
1 3
2 9
3 33
4 37
5 1
6 29
7 17
8 30
9 13
10 31
11 2
12 4
13 5
14 28
15 38
16 11
17 21
18 19
19 20
20 25
21 22
22 26
23 14
24 16
25 12
26 18
27 36
28 8
29 23
30 6
31 7
32 10
33 15
34 27
35 0
36 24
37 32
38 35
SIMILAR

7 4 2 10 8 26 32 31 27 36 38 11 33 9 5 21 25 0 3 30 29 20 22 35 23 1 13 6 18 19 15 28 17 37 12 24 14 16 34 
0 17
1 25
2 2
3 18
4 1
5 14
6 27
7 0
8 4
9 13
10 3
11 11
12 34
13 26
14 36
15 30
16 37
17 32
18 28
19 29
20 21
21 15
22 22
23 24
24 35
25 16
26 5
27 8
28 31
29 20
30 19
31 7
32 6
33 12
34 38
35 23
36 9
37 33
38 10
SIMILAR

33 17 12 27 15 26 4 28 31 6 30 37 1 13 36 0 23 25 7 18 20 22 10 38 5 34 8 2 19 11 32 21 9 3 14 24 29 16 35 
0 15
1 12
2 27
3 33
4 6
5 24
6 9
7 18
8 26
9 32
10 22
11 29
12 2
13 13
14 34
15 4
16 37
17 1
18 19
19 28
20 20
21 31
22 21
23 16
24 35
25 17
26 5
27 3
28 7
29 36
30 10
31 8
32 30
33 0
34 25
35 38
36 14
37 11
38 23
SIMILAR

10 19 21 15 3 8 31 30 38 17 22 29 20 7 14 23 9 34 27 4 26 5 35 33 24 16 11 2 13 6 25 28 12 0 32 36 1 18 37 
0 33
1 36
2 27
3 4
4 19
5 21
6 29
7 13
8 5
9 16
10 0
11 26
12 32
13 28
14 14
15 3
16 25
17 9
18 37
19 1
20 12
21 2
22 10
23 15
24 24
25 30
26 20
27 18
28 31
29 11
30 7
31 6
32 34
33 23
34 17
35 22
36 35
37 38
38 8
SIMILAR

18 24 35 27 7 28 33 37 5 21 8 19 22 29 9 32 4 11 0 34 23 17 10 36 3 6 15 13 16 31 25 12 1 30 2 14 26 38 20 
0 18
1 32
2 34
3 24
4 16
5 8
6 25
7 4
8 10
9 14
10 22
11 17
12 31
13 27
14 35
15 26
16 28
17 21
18 0
19 11
20 38
21 9
22 12
23 20
24 1
25 30
26 36
27 3
28 5
29 13
30 33
31 29
32 15
33 6
34 19
35 2
36 23
37 7
38 37
SIMILAR

34 21 25 26 22 2 14 29 23 13 35 38 5 7 16 3 0 9 11 33 10 8 28 18 15 6 32 12 17 30 37 27 31 20 19 36 24 1 4 
0 16
1 37
2 5
3 15
4 38
5 12
6 25
7 13
8 21
9 17
10 20
11 18
12 27
13 9
14 6
15 24
16 14
17 28
18 23
19 34
20 33
21 1
22 4
23 8
24 36
25 2
26 3
27 31
28 22
29 7
30 29
31 32
32 26
33 19
34 0
35 10
36 35
37 30
38 11
SIMILAR

14 18 32 34 5 16 8 23 33 25 37 36 1 3 7 30 0 28 12 31 4 13 2 9 15 24 29 11 10 21 6 26 27 35 20 22 17 19 38 
0 16
1 12
2 22
3 13
4 20
5 4
6 30
7 14
8 6
9 23
10 28
11 27
12 18
13 21
14 0
15 24
16 5
17 36
18 1
19 37
20 34
21 29
22 35
23 7
24 25
25 9
26 31
27 32
28 17
29 26
30 15
31 19
32 2
33 8
34 3
35 33
36 11
37 10
38 38
SIMILAR

15 16 1 25 0 31 17 24 26 21 11 7 3 30 5 35 6 22 2 10 14 13 28 9 19 4 38 33 36 8 37 20 12 23 18 32 34 27 29 
0 4
1 2
2 18
3 12
4 25
5 14
6 16
7 11
8 29
9 23
10 19
11 10
12 32
13 21
14 20
15 0
16 1
17 6
18 34
19 24
20 31
21 9
22 17
23 33
24 7
25 3
26 8
27 37
28 22
29 38
30 13
31 5
32 35
33 27
34 36
35 15
36 28
37 30
38 26
SIMILAR

23 24 21 3 14 26 9 18 25 37 29 0 27 1 22 6 31 5 35 10 4 20 32 30 33 11 16 38 2 34 36 8 17 19 12 15 28 7 13 
0 11
1 13
2 28
3 3
4 20
5 17
6 15
7 37
8 31
9 6
10 19
11 25
12 34
13 38
14 4
15 35
16 26
17 32
18 7
19 33
20 21
21 2
22 14
23 0
24 1
25 8
26 5
27 12
28 36
29 10
30 23
31 16
32 22
33 24
34 29
35 18
36 30
37 9
38 27
SIMILAR

31 14 1 11 16 6 20 33 27 23 18 15 24 36 26 4 17 0 19 9 34 37 38 22 21 2 29 12 5 3 10 30 32 28 25 13 35 8 7 
0 17
1 2
2 25
3 29
4 15
5 28
6 5
7 38
8 37
9 19
10 30
11 3
12 27
13 35
14 1
15 11
16 4
17 16
18 10
19 18
20 6
21 24
22 23
23 9
24 12
25 34
26 14
27 8
28 33
29 26
30 31
31 0
32 32
33 7
34 20
35 36
36 13
37 21
38 22
SIMILAR

1 7 10 25 20 30 26 14 35 8 37 4 2 15 9 32 22 38 5 23 28 13 34 18 3 0 27 12 29 19 24 21 17 11 33 36 31 16 6 
0 25
1 0
2 12
3 24
4 11
5 18
6 38
7 1
8 9
9 14
10 2
11 33
12 27
13 21
14 7
15 13
16 37
17 32
18 23
19 29
20 4
21 31
22 16
23 19
24 30
25 3
26 6
27 26
28 20
29 28
30 5
31 36
32 15
33 34
34 22
35 8
36 35
37 10
38 17
SIMILAR

4 36 22 33 11 21 32 19 2 1 17 10 27 3 0 20 13 12 24 30 29 16 7 38 9 35 23 28 31 14 34 37 6 15 5 8 18 26 25 
0 14
1 9
2 8
3 13
4 0
5 34
6 32
7 22
8 35
9 24
10 11
11 4
12 17
13 16
14 29
15 33
16 21
17 10
18 36
19 7
20 15
21 5
22 2
23 26
24 18
25 38
26 37
27 12
28 27
29 20
30 19
31 28
32 6
33 3
34 30
35 25
36 1
37 31
38 23
SIMILAR

17 31 21 1 35 5 30 27 23 11 16 12 28 20 33 3 26 34 22 9 38 2 4 19 0 29 14 10 36 18 24 6 8 25 37 13 7 32 15 
0 24
1 3
2 21
3 15
4 22
5 5
6 31
7 36
8 32
9 19
10 27
11 9
12 11
13 35
14 26
15 38
16 10
17 0
18 29
19 23
20 13
21 2
22 18
23 8
24 30
25 33
26 16
27 7
28 12
29 25
30 6
31 1
32 37
33 14
34 17
35 4
36 28
37 34
38 20
SIMILAR

9 16 12 7 14 26 25 20 6 28 24 35 29 15 23 36 2 13 0 38 32 27 19 4 18 11 34 30 3 37 8 1 17 21 31 5 22 33 10 
0 18
1 31
2 16
3 28
4 23
5 35
6 8
7 3
8 30
9 0
10 38
11 25
12 2
13 17
14 4
15 13
16 1
17 32
18 24
19 22
20 7
21 33
22 36
23 14
24 10
25 6
26 5
27 21
28 9
29 12
30 27
31 34
32 20
33 37
34 26
35 11
36 15
37 29
38 19
SIMILAR

32 36 21 16 8 5 3 2 24 4 1 33 26 9 0 27 28 12 31 35 22 18 6 14 20 29 17 37 7 19 34 23 15 38 13 25 11 30 10 
0 14
1 10
2 7
3 6
4 9
5 5
6 22
7 28
8 4
9 13
10 38
11 36
12 17
13 34
14 23
15 32
16 3
17 26
18 21
19 29
20 24
21 2
22 20
23 31
24 8
25 35
26 12
27 15
28 16
29 25
30 37
31 18
32 0
33 11
34 30
35 19
36 1
37 27
38 33
SIMILAR

31 6 11 22 12 36 15 8 9 23 27 28 14 7 18 25 38 34 26 35 21 30 3 5 1 13 16 2 33 0 37 20 4 17 10 24 32 29 19 
0 29
1 24
2 27
3 22
4 32
5 23
6 1
7 13
8 7
9 8
10 34
11 2
12 4
13 25
14 12
15 6
16 26
17 33
18 14
19 38
20 31
21 20
22 3
23 9
24 35
25 15
26 18
27 10
28 11
29 37
30 21
31 0
32 36
33 28
34 17
35 19
36 5
37 30
38 16
SIMILAR

24 34 13 0 1 25 32 23 8 30 2 35 15 36 29 27 22 6 33 38 17 14 11 12 10 26 18 37 19 7 5 16 3 31 28 21 20 9 4 
0 3
1 4
2 10
3 32
4 38
5 30
6 17
7 29
8 8
9 37
10 24
11 22
12 23
13 2
14 21
15 12
16 31
17 20
18 26
19 28
20 36
21 35
22 16
23 7
24 0
25 5
26 25
27 15
28 34
29 14
30 9
31 33
32 6
33 18
34 1
35 11
36 13
37 27
38 19
SIMILAR

22 38 16 3 32 25 31 37 27 6 36 33 28 9 17 20 30 8 24 13 7 5 4 12 29 19 2 35 18 21 0 15 14 1 34 23 11 26 10 
0 30
1 33
2 26
3 3
4 22
5 21
6 9
7 20
8 17
9 13
10 38
11 36
12 23
13 19
14 32
15 31
16 2
17 14
18 28
19 25
20 15
21 29
22 0
23 35
24 18
25 5
26 37
27 8
28 12
29 24
30 16
31 6
32 4
33 11
34 34
35 27
36 10
37 7
38 1
SIMILAR

22 1 11 4 34 14 9 30 24 20 26 38 8 27 13 0 23 5 28 29 17 12 31 2 7 10 15 18 36 3 37 19 16 35 25 6 32 21 33 
0 15
1 1
2 23
3 29
4 3
5 17
6 35
7 24
8 12
9 6
10 25
11 2
12 21
13 14
14 5
15 26
16 32
17 20
18 27
19 31
20 9
21 37
22 0
23 16
24 8
25 34
26 10
27 13
28 18
29 19
30 7
31 22
32 36
33 38
34 4
35 33
36 28
37 30
38 11
SIMILAR

11 22 2 38 17 16 21 0 12 28 34 37 4 30 10 15 5 33 29 31 18 9 14 23 26 1 32 3 35 19 13 36 20 25 8 6 7 24 27 
0 7
1 25
2 2
3 27
4 12
5 16
6 35
7 36
8 34
9 21
10 14
11 0
12 8
13 30
14 22
15 15
16 5
17 4
18 20
19 29
20 32
21 6
22 1
23 23
24 37
25 33
26 24
27 38
28 9
29 18
30 13
31 19
32 26
33 17
34 10
35 28
36 31
37 11
38 3
SIMILAR

5 20 34 2 11 4 35 33 6 38 15 37 3 8 31 13 17 21 0 1 10 25 14 23 26 32 30 29 22 18 36 16 19 27 24 28 12 9 7 
0 18
1 19
2 3
3 12
4 5
5 0
6 8
7 38
8 13
9 37
10 20
11 4
12 36
13 15
14 22
15 10
16 31
17 16
18 29
19 32
20 1
21 17
22 28
23 23
24 34
25 21
26 24
27 33
28 35
29 27
30 26
31 14
32 25
33 7
34 2
35 6
36 30
37 11
38 9
SIMILAR

28 6 37 4 12 31 34 35 26 25 24 19 30 33 2 9 17 8 0 1 27 7 16 13 5 11 10 15 21 36 32 3 22 38 14 20 18 23 29 
0 18
1 19
2 14
3 31
4 3
5 24
6 1
7 21
8 17
9 15
10 26
11 25
12 4
13 23
14 34
15 27
16 22
17 16
18 36
19 11
20 35
21 28
22 32
23 37
24 10
25 9
26 8
27 20
28 0
29 38
30 12
31 5
32 30
33 13
34 6
35 7
36 29
37 2
38 33
SIMILAR

4 2 31 33 5 8 1 10 21 7 28 14 11 25 26 38 19 34 12 3 37 16 24 22 0 32 13 30 6 18 29 36 15 9 35 17 20 23 27 
0 24
1 6
2 1
3 19
4 0
5 4
6 28
7 9
8 5
9 33
10 7
11 12
12 18
13 26
14 11
15 32
16 21
17 35
18 29
19 16
20 36
21 8
22 23
23 37
24 22
25 13
26 14
27 38
28 10
29 30
30 27
31 2
32 25
33 3
34 17
35 34
36 31
37 20
38 15
SIMILAR

10 23 7 28 18 13 22 0 17 12 11 30 5 31 6 15 4 3 1 19 26 35 20 9 38 32 25 16 27 37 2 29 34 8 21 36 14 24 33 
0 7
1 18
2 30
3 17
4 16
5 12
6 14
7 2
8 33
9 23
10 0
11 10
12 9
13 5
14 36
15 15
16 27
17 8
18 4
19 19
20 22
21 34
22 6
23 1
24 37
25 26
26 20
27 28
28 3
29 31
30 11
31 13
32 25
33 38
34 32
35 21
36 35
37 29
38 24
SIMILAR

9 26 38 27 1 36 19 11 13 28 10 37 16 29 2 33 6 34 7 3 32 31 22 4 5 17 20 12 21 23 24 0 35 18 14 30 15 25 8 
0 31
1 4
2 14
3 19
4 23
5 24
6 16
7 18
8 38
9 0
10 10
11 7
12 27
13 8
14 34
15 36
16 12
17 25
18 33
19 6
20 26
21 28
22 22
23 29
24 30
25 37
26 1
27 3
28 9
29 13
30 35
31 21
32 20
33 15
34 17
35 32
36 5
37 11
38 2
SIMILAR

6 3 4 5 8 25 2 7 14 35 30 36 32 34 1 31 18 29 13 27 17 20 0 9 24 16 33 23 11 15 19 22 10 21 37 38 12 28 26 
0 22
1 14
2 6
3 1
4 2
5 3
6 0
7 7
8 4
9 23
10 32
11 28
12 36
13 18
14 8
15 29
16 25
17 20
18 16
19 30
20 21
21 33
22 31
23 27
24 24
25 5
26 38
27 19
28 37
29 17
30 10
31 15
32 12
33 26
34 13
35 9
36 11
37 34
38 35
SIMILAR

33 16 32 21 10 7 35 22 5 14 13 4 15 25 1 36 27 8 30 19 23 17 29 38 31 26 34 37 6 0 20 9 12 18 2 24 3 28 11 
0 29
1 14
2 34
3 36
4 11
5 8
6 28
7 5
8 17
9 31
10 4
11 38
12 32
13 10
14 9
15 12
16 1
17 21
18 33
19 19
20 30
21 3
22 7
23 20
24 35
25 13
26 25
27 16
28 37
29 22
30 18
31 24
32 2
33 0
34 26
35 6
36 15
37 27
38 23
SIMILAR

37 32 15 6 9 17 11 29 20 24 3 30 7 13 35 2 5 34 0 22 18 12 4 10 23 16 26 33 38 14 36 31 8 1 27 25 19 28 21 
0 18
1 33
2 15
3 10
4 22
5 16
6 3
7 12
8 32
9 4
10 23
11 6
12 21
13 13
14 29
15 2
16 25
17 5
18 20
19 36
20 8
21 38
22 19
23 24
24 9
25 35
26 26
27 34
28 37
29 7
30 11
31 31
32 1
33 27
34 17
35 14
36 30
37 0
38 28
SIMILAR

11 9 5 20 31 29 34 33 12 7 4 18 37 10 28 14 26 30 15 24 17 19 35 0 3 22 1 27 38 25 8 36 23 32 6 2 13 21 16 
0 23
1 26
2 35
3 24
4 10
5 2
6 34
7 9
8 30
9 1
10 13
11 0
12 8
13 36
14 15
15 18
16 38
17 20
18 11
19 21
20 3
21 37
22 25
23 32
24 19
25 29
26 16
27 27
28 14
29 5
30 17
31 4
32 33
33 7
34 6
35 22
36 31
37 12
38 28
SIMILAR

27 32 6 22 34 18 5 17 16 23 10 8 11 9 1 20 24 33 38 3 31 13 29 14 25 7 26 35 12 30 28 37 19 15 4 2 21 0 36 
0 37
1 14
2 35
3 19
4 34
5 6
6 2
7 25
8 11
9 13
10 10
11 12
12 28
13 21
14 23
15 33
16 8
17 7
18 5
19 32
20 15
21 36
22 3
23 9
24 16
25 24
26 26
27 0
28 30
29 22
30 29
31 20
32 1
33 17
34 4
35 27
36 38
37 31
38 18
SIMILAR

2 32 28 4 24 1 30 9 10 3 38 11 21 15 26 33 16 22 13 25 37 35 7 8 17 14 5 31 18 27 23 12 19 6 34 20 0 29 36 
0 36
1 5
2 0
3 9
4 3
5 26
6 33
7 22
8 23
9 7
10 8
11 11
12 31
13 18
14 25
15 13
16 16
17 24
18 28
19 32
20 35
21 12
22 17
23 30
24 4
25 19
26 14
27 29
28 2
29 37
30 6
31 27
32 1
33 15
34 34
35 21
36 38
37 20
38 10
SIMILAR

33 27 17 30 7 0 35 25 11 28 18 19 24 20 4 1 5 16 34 38 29 10 15 6 23 13 37 36 22 31 32 8 14 2 3 9 12 21 26 
0 5
1 15
2 33
3 34
4 14
5 16
6 23
7 4
8 31
9 35
10 21
11 8
12 36
13 25
14 32
15 22
16 17
17 2
18 10
19 11
20 13
21 37
22 28
23 24
24 12
25 7
26 38
27 1
28 9
29 20
30 3
31 29
32 30
33 0
34 18
35 6
36 27
37 26
38 19
SIMILAR

23 10 2 8 36 14 4 13 29 6 7 3 15 1 22 33 31 35 28 5 34 38 21 20 24 0 30 11 12 16 18 17 26 37 25 32 9 19 27 
0 25
1 13
2 2
3 11
4 6
5 19
6 9
7 10
8 3
9 36
10 1
11 27
12 28
13 7
14 5
15 12
16 29
17 31
18 30
19 37
20 23
21 22
22 14
23 0
24 24
25 34
26 32
27 38
28 18
29 8
30 26
31 16
32 35
33 15
34 20
35 17
36 4
37 33
38 21
SIMILAR

15 22 1 31 18 33 25 0 11 5 35 37 29 7 24 13 20 4 16 26 14 28 38 17 9 2 10 21 6 23 19 3 32 8 36 12 34 27 30 
0 7
1 2
2 25
3 31
4 17
5 9
6 28
7 13
8 33
9 24
10 26
11 8
12 35
13 15
14 20
15 0
16 18
17 23
18 4
19 30
20 16
21 27
22 1
23 29
24 14
25 6
26 19
27 37
28 21
29 12
30 38
31 3
32 32
33 5
34 36
35 10
36 34
37 11
38 22
SIMILAR

14 17 25 37 22 35 26 10 6 2 9 29 18 7 20 32 16 1 3 27 24 0 5 28 19 36 33 34 21 15 23 38 13 12 8 31 4 11 30 
0 21
1 17
2 9
3 18
4 36
5 22
6 8
7 13
8 34
9 10
10 7
11 37
12 33
13 32
14 0
15 29
16 16
17 1
18 12
19 24
20 14
21 28
22 4
23 30
24 20
25 2
26 6
27 19
28 23
29 11
30 38
31 35
32 15
33 26
34 27
35 5
36 25
37 3
38 31
SIMILAR

3 20 11 21 25 31 17 18 5 10 7 15 29 14 6 36 0 12 13 24 9 1 4 33 23 16 19 28 2 38 26 22 35 37 8 27 32 34 30 
0 16
1 21
2 28
3 0
4 22
5 8
6 14
7 10
8 34
9 20
10 9
11 2
12 17
13 18
14 13
15 11
16 25
17 6
18 7
19 26
20 1
21 3
22 31
23 24
24 19
25 4
26 30
27 35
28 27
29 12
30 38
31 5
32 36
33 23
34 37
35 32
36 15
37 33
38 29
SIMILAR

32 2 16 24 35 13 7 22 12 15 36 33 10 0 1 4 37 30 8 5 26 29 28 6 27 19 9 17 21 14 18 20 25 34 3 23 11 31 38 
0 13
1 14
2 1
3 34
4 15
5 19
6 23
7 6
8 18
9 26
10 12
11 36
12 8
13 5
14 29
15 9
16 2
17 27
18 30
19 25
20 31
21 28
22 7
23 35
24 3
25 32
26 20
27 24
28 22
29 21
30 17
31 37
32 0
33 11
34 33
35 4
36 10
37 16
38 38
SIMILAR

0 38 29 23 25 4 36 21 15 32 17 22 9 2 10 35 1 31 8 12 27 24 6 11 37 5 26 20 13 14 16 19 33 34 30 7 28 3 18 
0 0
1 16
2 13
3 37
4 5
5 25
6 22
7 35
8 18
9 12
10 14
11 23
12 19
13 28
14 29
15 8
16 30
17 10
18 38
19 31
20 27
21 7
22 11
23 3
24 21
25 4
26 26
27 20
28 36
29 2
30 34
31 17
32 9
33 32
34 33
35 15
36 6
37 24
38 1
SIMILAR

0 30 29 28 27 16 32 10 8 7 6 33 19 36 5 26 23 4 38 12 18 15 14 24 20 17 21 1 11 22 37 2 31 25 3 34 13 9 35 
0 0
1 27
2 31
3 34
4 17
5 14
6 10
7 9
8 8
9 37
10 7
11 28
12 19
13 36
14 22
15 21
16 5
17 25
18 20
19 12
20 24
21 26
22 29
23 16
24 23
25 33
26 15
27 4
28 3
29 2
30 1
31 32
32 6
33 11
34 35
35 38
36 13
37 30
38 18
SIMILAR

23 19 14 35 29 17 6 9 37 32 30 25 2 1 21 33 10 15 22 11 24 5 4 13 20 0 18 27 16 36 7 12 3 38 31 8 28 26 34 
0 25
1 13
2 12
3 32
4 22
5 21
6 6
7 30
8 35
9 7
10 16
11 19
12 31
13 23
14 2
15 17
16 28
17 5
18 26
19 1
20 24
21 14
22 18
23 0
24 20
25 11
26 37
27 27
28 36
29 4
30 10
31 34
32 9
33 15
34 38
35 3
36 29
37 8
38 33
SIMILAR

5 38 0 34 26 3 13 7 15 35 1 30 2 32 37 20 19 17 24 10 16 9 6 14 11 12 29 21 36 33 18 25 28 27 4 31 23 22 8 
0 2
1 10
2 12
3 5
4 34
5 0
6 22
7 7
8 38
9 21
10 19
11 24
12 25
13 6
14 23
15 8
16 20
17 17
18 30
19 16
20 15
21 27
22 37
23 36
24 18
25 31
26 4
27 33
28 32
29 26
30 11
31 35
32 13
33 29
34 3
35 9
36 28
37 14
38 1
SIMILAR

26 15 10 16 25 0 38 6 17 30 23 12 3 34 9 8 13 24 1 19 35 32 14 27 18 22 2 5 36 28 4 20 37 7 31 11 21 29 33 
0 5
1 18
2 26
3 12
4 30
5 27
6 7
7 33
8 15
9 14
10 2
11 35
12 11
13 16
14 22
15 1
16 3
17 8
18 24
19 19
20 31
21 36
22 25
23 10
24 17
25 4
26 0
27 23
28 29
29 37
30 9
31 34
32 21
33 38
34 13
35 20
36 28
37 32
38 6
SIMILAR

5 22 17 18 10 2 34 15 6 16 24 31 4 32 26 20 33 30 12 14 0 8 19 36 11 38 9 28 29 35 23 1 21 37 25 27 3 7 13 
0 20
1 31
2 5
3 36
4 12
5 0
6 8
7 37
8 21
9 26
10 4
11 24
12 18
13 38
14 19
15 7
16 9
17 2
18 3
19 22
20 15
21 32
22 1
23 30
24 10
25 34
26 14
27 35
28 27
29 28
30 17
31 11
32 13
33 16
34 6
35 29
36 23
37 33
38 25
SIMILAR

33 2 1 29 30 36 22 11 27 32 16 9 10 17 7 18 31 24 19 13 26 3 37 35 14 25 20 4 34 5 21 15 23 6 12 8 28 0 38 
0 37
1 2
2 1
3 21
4 27
5 29
6 33
7 14
8 35
9 11
10 12
11 7
12 34
13 19
14 24
15 31
16 10
17 13
18 15
19 18
20 26
21 30
22 6
23 32
24 17
25 25
26 20
27 8
28 36
29 3
30 4
31 16
32 9
33 0
34 28
35 23
36 5
37 22
38 38
SIMILAR

22 3 37 21 18 6 7 23 5 27 15 0 29 33 12 1 25 26 30 20 28 17 11 4 35 2 13 32 14 19 34 24 16 10 36 31 38 9 8 
0 11
1 15
2 25
3 1
4 23
5 8
6 5
7 6
8 38
9 37
10 33
11 22
12 14
13 26
14 28
15 10
16 32
17 21
18 4
19 29
20 19
21 3
22 0
23 7
24 31
25 16
26 17
27 9
28 20
29 12
30 18
31 35
32 27
33 13
34 30
35 24
36 34
37 2
38 36
SIMILAR

0 8 18 22 11 15 34 33 36 1 29 12 26 10 37 25 3 6 32 27 7 23 20 30 35 38 2 17 28 4 9 14 19 13 31 24 21 5 16 
0 0
1 9
2 26
3 16
4 29
5 37
6 17
7 20
8 1
9 30
10 13
11 4
12 11
13 33
14 31
15 5
16 38
17 27
18 2
19 32
20 22
21 36
22 3
23 21
24 35
25 15
26 12
27 19
28 28
29 10
30 23
31 34
32 18
33 7
34 6
35 24
36 8
37 14
38 25
SIMILAR

37 4 21 6 31 35 36 14 0 27 30 28 5 32 38 25 22 1 19 2 9 34 10 7 16 8 11 24 23 12 13 15 20 26 33 18 29 17 3 
0 8
1 17
2 19
3 38
4 1
5 12
6 3
7 23
8 25
9 20
10 22
11 26
12 29
13 30
14 7
15 31
16 24
17 37
18 35
19 18
20 32
21 2
22 16
23 28
24 27
25 15
26 33
27 9
28 11
29 36
30 10
31 4
32 13
33 34
34 21
35 5
36 6
37 0
38 14
SIMILAR

6 17 25 16 4 20 31 19 5 11 21 22 32 24 36 38 1 14 33 18 8 26 13 30 34 7 27 29 12 10 28 15 3 9 2 0 37 23 35 
0 35
1 16
2 34
3 32
4 4
5 8
6 0
7 25
8 20
9 33
10 29
11 9
12 28
13 22
14 17
15 31
16 3
17 1
18 19
19 7
20 5
21 10
22 11
23 37
24 13
25 2
26 21
27 26
28 30
29 27
30 23
31 6
32 12
33 18
34 24
35 38
36 14
37 36
38 15
SIMILAR

38 14 3 6 35 12 24 13 28 19 26 27 36 5 22 33 37 8 11 30 21 10 4 18 0 29 7 23 17 16 20 32 15 1 31 9 34 25 2 
0 24
1 33
2 38
3 2
4 22
5 13
6 3
7 26
8 17
9 35
10 21
11 18
12 5
13 7
14 1
15 32
16 29
17 28
18 23
19 9
20 30
21 20
22 14
23 27
24 6
25 37
26 10
27 11
28 8
29 25
30 19
31 34
32 31
33 15
34 36
35 4
36 12
37 16
38 0
SIMILAR

23 24 29 8 36 30 32 4 27 17 28 10 26 21 7 34 0 1 18 25 37 11 13 35 3 16 33 15 22 38 20 6 12 9 14 19 31 2 5 
0 16
1 17
2 37
3 24
4 7
5 38
6 31
7 14
8 3
9 33
10 11
11 21
12 32
13 22
14 34
15 27
16 25
17 9
18 18
19 35
20 30
21 13
22 28
23 0
24 1
25 19
26 12
27 8
28 10
29 2
30 5
31 36
32 6
33 26
34 15
35 23
36 4
37 20
38 29
SIMILAR

10 3 30 34 37 21 29 0 35 1 32 15 19 4 24 14 7 38 36 25 17 27 26 5 31 8 6 9 12 28 20 11 16 2 18 33 13 23 22 
0 7
1 9
2 33
3 1
4 13
5 23
6 26
7 16
8 25
9 27
10 0
11 31
12 28
13 36
14 15
15 11
16 32
17 20
18 34
19 12
20 30
21 5
22 38
23 37
24 14
25 19
26 22
27 21
28 29
29 6
30 2
31 24
32 10
33 35
34 3
35 8
36 18
37 4
38 17
SIMILAR

34 17 23 12 5 28 29 38 0 9 18 31 19 7 4 24 15 30 8 36 3 13 6 1 35 14 11 10 33 27 21 20 2 37 16 22 32 25 26 
0 8
1 23
2 32
3 20
4 14
5 4
6 22
7 13
8 18
9 9
10 27
11 26
12 3
13 21
14 25
15 16
16 34
17 1
18 10
19 12
20 31
21 30
22 35
23 2
24 15
25 37
26 38
27 29
28 5
29 6
30 17
31 11
32 36
33 28
34 0
35 24
36 19
37 33
38 7
SIMILAR

28 32 5 6 17 36 16 7 12 33 38 11 25 26 29 15 9 4 22 21 34 20 18 13 27 23 3 8 35 37 1 0 14 10 19 2 24 31 30 
0 31
1 30
2 35
3 26
4 17
5 2
6 3
7 7
8 27
9 16
10 33
11 11
12 8
13 23
14 32
15 15
16 6
17 4
18 22
19 34
20 21
21 19
22 18
23 25
24 36
25 12
26 13
27 24
28 0
29 14
30 38
31 37
32 1
33 9
34 20
35 28
36 5
37 29
38 10
SIMILAR

23 29 0 24 13 32 19 28 6 8 12 35 4 5 16 31 21 30 15 26 11 25 3 17 9 20 7 2 22 27 18 36 14 10 38 1 33 37 34 
0 2
1 35
2 27
3 22
4 12
5 13
6 8
7 26
8 9
9 24
10 33
11 20
12 10
13 4
14 32
15 18
16 14
17 23
18 30
19 6
20 25
21 16
22 28
23 0
24 3
25 21
26 19
27 29
28 7
29 1
30 17
31 15
32 5
33 36
34 38
35 11
36 31
37 37
38 34
SIMILAR

8 32 13 20 7 0 16 34 38 37 21 23 1 33 36 9 17 14 35 3 30 26 22 19 4 10 11 18 24 29 28 5 25 15 6 2 12 31 27 
0 5
1 12
2 35
3 19
4 24
5 31
6 34
7 4
8 0
9 15
10 25
11 26
12 36
13 2
14 17
15 33
16 6
17 16
18 27
19 23
20 3
21 10
22 22
23 11
24 28
25 32
26 21
27 38
28 30
29 29
30 20
31 37
32 1
33 13
34 7
35 18
36 14
37 9
38 8
SIMILAR

22 4 9 16 24 23 38 32 6 20 1 21 11 27 37 5 17 7 19 36 2 10 26 33 12 0 35 8 28 18 3 34 29 31 30 25 13 15 14 
0 25
1 10
2 20
3 30
4 1
5 15
6 8
7 17
8 27
9 2
10 21
11 12
12 24
13 36
14 38
15 37
16 3
17 16
18 29
19 18
20 9
21 11
22 0
23 5
24 4
25 35
26 22
27 13
28 28
29 32
30 34
31 33
32 7
33 23
34 31
35 26
36 19
37 14
38 6
SIMILAR

16 24 13 21 3 17 0 5 10 12 33 19 8 25 23 35 34 7 30 15 11 4 26 18 31 1 37 22 38 14 29 2 27 20 9 6 36 28 32 
0 6
1 25
2 31
3 4
4 21
5 7
6 35
7 17
8 12
9 34
10 8
11 20
12 9
13 2
14 29
15 19
16 0
17 5
18 23
19 11
20 33
21 3
22 27
23 14
24 1
25 13
26 22
27 32
28 37
29 30
30 18
31 24
32 38
33 10
34 16
35 15
36 36
37 26
38 28
SIMILAR

34 24 9 7 30 10 0 1 32 38 11 21 35 2 3 19 13 26 33 28 29 4 12 31 20 27 14 37 6 25 36 16 18 8 17 22 5 23 15 
0 6
1 7
2 13
3 14
4 21
5 36
6 28
7 3
8 33
9 2
10 5
11 10
12 22
13 16
14 26
15 38
16 31
17 34
18 32
19 15
20 24
21 11
22 35
23 37
24 1
25 29
26 17
27 25
28 19
29 20
30 4
31 23
32 8
33 18
34 0
35 12
36 30
37 27
38 9
SIMILAR

2 10 20 21 4 6 12 11 5 28 23 3 0 1 33 17 22 35 7 36 13 38 29 34 30 16 32 25 24 27 26 19 18 9 37 8 14 15 31 
0 12
1 13
2 0
3 11
4 4
5 8
6 5
7 18
8 35
9 33
10 1
11 7
12 6
13 20
14 36
15 37
16 25
17 15
18 32
19 31
20 2
21 3
22 16
23 10
24 28
25 27
26 30
27 29
28 9
29 22
30 24
31 38
32 26
33 14
34 23
35 17
36 19
37 34
38 21
SIMILAR

13 21 38 10 25 22 35 8 24 36 1 16 3 12 6 33 30 17 31 15 20 0 5 29 32 37 26 18 2 19 34 28 27 11 14 4 7 9 23 
0 21
1 10
2 28
3 12
4 35
5 22
6 14
7 36
8 7
9 37
10 3
11 33
12 13
13 0
14 34
15 19
16 11
17 17
18 27
19 29
20 20
21 1
22 5
23 38
24 8
25 4
26 26
27 32
28 31
29 23
30 16
31 18
32 24
33 15
34 30
35 6
36 9
37 25
38 2
SIMILAR

8 29 36 38 1 23 3 18 30 33 32 35 14 24 17 9 22 19 6 27 7 37 5 11 10 31 20 16 2 12 15 28 25 34 21 4 26 13 0 
0 38
1 4
2 28
3 6
4 35
5 22
6 18
7 20
8 0
9 15
10 24
11 23
12 29
13 37
14 12
15 30
16 27
17 14
18 7
19 17
20 26
21 34
22 16
23 5
24 13
25 32
26 36
27 19
28 31
29 1
30 8
31 25
32 10
33 9
34 33
35 11
36 2
37 21
38 3
SIMILAR

28 32 34 9 5 10 6 21 0 2 11 24 17 20 35 15 36 30 16 13 22 31 27 33 19 1 18 12 37 26 38 29 23 25 7 4 3 14 8 
0 8
1 25
2 9
3 36
4 35
5 4
6 6
7 34
8 38
9 3
10 5
11 10
12 27
13 19
14 37
15 15
16 18
17 12
18 26
19 24
20 13
21 7
22 20
23 32
24 11
25 33
26 29
27 22
28 0
29 31
30 17
31 21
32 1
33 23
34 2
35 14
36 16
37 28
38 30
SIMILAR

14 11 35 33 17 29 25 19 5 32 28 3 30 36 12 1 16 22 24 15 23 2 4 21 37 34 0 8 31 10 9 26 38 20 18 27 7 6 13 
0 26
1 15
2 21
3 11
4 22
5 8
6 37
7 36
8 27
9 30
10 29
11 1
12 14
13 38
14 0
15 19
16 16
17 4
18 34
19 7
20 33
21 23
22 17
23 20
24 18
25 6
26 31
27 35
28 10
29 5
30 12
31 28
32 9
33 3
34 25
35 2
36 13
37 24
38 32
SIMILAR

36 21 34 13 18 23 16 11 5 28 29 38 20 37 12 8 19 17 25 1 2 35 31 3 15 9 14 4 30 24 27 10 33 0 32 22 7 6 26 
0 33
1 19
2 20
3 23
4 27
5 8
6 37
7 36
8 15
9 25
10 31
11 7
12 14
13 3
14 26
15 24
16 6
17 17
18 4
19 16
20 12
21 1
22 35
23 5
24 29
25 18
26 38
27 30
28 9
29 10
30 28
31 22
32 34
33 32
34 2
35 21
36 0
37 13
38 11
SIMILAR

9 22 28 29 4 12 18 35 6 38 33 17 37 31 23 7 36 15 27 8 20 34 10 11 24 5 21 1 14 26 0 19 30 16 3 25 2 13 32 
0 30
1 27
2 36
3 34
4 4
5 25
6 8
7 15
8 19
9 0
10 22
11 23
12 5
13 37
14 28
15 17
16 33
17 11
18 6
19 31
20 20
21 26
22 1
23 14
24 24
25 35
26 29
27 18
28 2
29 3
30 32
31 13
32 38
33 10
34 21
35 7
36 16
37 12
38 9
SIMILAR

26 22 34 19 31 1 30 7 38 33 21 5 35 24 14 25 10 20 18 37 3 2 32 6 0 9 15 17 27 28 23 13 11 4 36 12 8 29 16 
0 24
1 5
2 21
3 20
4 33
5 11
6 23
7 7
8 36
9 25
10 16
11 32
12 35
13 31
14 14
15 26
16 38
17 27
18 18
19 3
20 17
21 10
22 1
23 30
24 13
25 15
26 0
27 28
28 29
29 37
30 6
31 4
32 22
33 9
34 2
35 12
36 34
37 19
38 8
SIMILAR

17 12 27 2 16 28 24 11 13 36 23 37 3 26 1 10 32 7 21 20 5 25 30 29 34 14 35 33 38 15 6 31 22 8 4 9 19 0 18 
0 37
1 14
2 3
3 12
4 34
5 20
6 30
7 17
8 33
9 35
10 15
11 7
12 1
13 8
14 25
15 29
16 4
17 0
18 38
19 36
20 19
21 18
22 32
23 10
24 6
25 21
26 13
27 2
28 5
29 23
30 22
31 31
32 16
33 27
34 24
35 26
36 9
37 11
38 28
SIMILAR

26 10 36 27 2 12 29 1 15 17 38 25 18 8 32 0 34 37 3 5 14 33 24 6 9 23 4 22 19 11 7 30 35 13 28 21 20 16 31 
0 15
1 7
2 4
3 18
4 26
5 19
6 23
7 30
8 13
9 24
10 1
11 29
12 5
13 33
14 20
15 8
16 37
17 9
18 12
19 28
20 36
21 35
22 27
23 25
24 22
25 11
26 0
27 3
28 34
29 6
30 31
31 38
32 14
33 21
34 16
35 32
36 2
37 17
38 10
SIMILAR

33 29 15 21 32 17 23 30 27 37 0 26 1 36 7 25 2 16 20 38 10 22 4 28 31 12 24 19 9 3 18 11 6 5 13 14 34 8 35 
0 10
1 12
2 16
3 29
4 22
5 33
6 32
7 14
8 37
9 28
10 20
11 31
12 25
13 34
14 35
15 2
16 17
17 5
18 30
19 27
20 18
21 3
22 21
23 6
24 26
25 15
26 11
27 8
28 23
29 1
30 7
31 24
32 4
33 0
34 36
35 38
36 13
37 9
38 19
SIMILAR

22 5 34 38 3 12 28 4 37 30 36 20 21 17 35 32 11 1 31 19 26 25 13 27 23 2 29 10 24 16 18 9 15 6 33 14 7 8 0 
0 38
1 17
2 25
3 4
4 7
5 1
6 33
7 36
8 37
9 31
10 27
11 16
12 5
13 22
14 35
15 32
16 29
17 13
18 30
19 19
20 11
21 12
22 0
23 24
24 28
25 21
26 20
27 23
28 6
29 26
30 9
31 18
32 15
33 34
34 2
35 14
36 10
37 8
38 3
SIMILAR

7 24 28 37 9 38 32 19 12 14 26 4 33 16 27 17 15 11 13 8 30 18 3 36 21 6 5 29 22 35 2 1 25 0 10 23 34 20 31 
0 33
1 31
2 30
3 22
4 11
5 26
6 25
7 0
8 19
9 4
10 34
11 17
12 8
13 18
14 9
15 16
16 13
17 15
18 21
19 7
20 37
21 24
22 28
23 35
24 1
25 32
26 10
27 14
28 2
29 27
30 20
31 38
32 6
33 12
34 36
35 29
36 23
37 3
38 5
SIMILAR

15 38 22 32 8 31 10 21 7 34 2 3 19 11 18 14 35 17 30 28 0 1 4 20 27 33 26 5 16 13 23 37 9 25 29 36 12 6 24 
0 20
1 21
2 10
3 11
4 22
5 27
6 37
7 8
8 4
9 32
10 6
11 13
12 36
13 29
14 15
15 0
16 28
17 17
18 14
19 12
20 23
21 7
22 2
23 30
24 38
25 33
26 26
27 24
28 19
29 34
30 18
31 5
32 3
33 25
34 9
35 16
36 35
37 31
38 1
SIMILAR

29 13 7 11 25 12 18 4 5 1 2 22 9 19 34 10 21 8 36 26 16 24 33 35 32 0 3 6 14 28 27 17 38 31 37 30 23 20 15 
0 25
1 9
2 10
3 26
4 7
5 8
6 27
7 2
8 17
9 12
10 15
11 3
12 5
13 1
14 28
15 38
16 20
17 31
18 6
19 13
20 37
21 16
22 11
23 36
24 21
25 4
26 19
27 30
28 29
29 0
30 35
31 33
32 24
33 22
34 14
35 23
36 18
37 34
38 32
SIMILAR

22 8 28 23 15 11 2 16 33 29 13 27 10 18 24 4 14 38 37 7 20 6 30 31 34 3 9 0 17 32 12 19 21 1 5 26 25 36 35 
0 27
1 33
2 6
3 25
4 15
5 34
6 21
7 19
8 1
9 26
10 12
11 5
12 30
13 10
14 16
15 4
16 7
17 28
18 13
19 31
20 20
21 32
22 0
23 3
24 14
25 36
26 35
27 11
28 2
29 9
30 22
31 23
32 29
33 8
34 24
35 38
36 37
37 18
38 17
SIMILAR

8 30 29 12 36 24 19 33 22 16 31 14 20 35 37 21 5 9 11 17 27 18 0 4 38 23 32 28 25 3 15 34 6 10 2 7 13 26 1 
0 22
1 38
2 34
3 29
4 23
5 16
6 32
7 35
8 0
9 17
10 33
11 18
12 3
13 36
14 11
15 30
16 9
17 19
18 21
19 6
20 12
21 15
22 8
23 25
24 5
25 28
26 37
27 20
28 27
29 2
30 1
31 10
32 26
33 7
34 31
35 13
36 4
37 14
38 24
SIMILAR

36 27 22 28 6 26 7 35 8 13 2 14 20 32 19 10 34 9 37 38 31 25 23 29 1 4 33 24 3 0 30 17 12 21 5 11 16 15 18 
0 29
1 24
2 10
3 28
4 25
5 34
6 4
7 6
8 8
9 17
10 15
11 35
12 32
13 9
14 11
15 37
16 36
17 31
18 38
19 14
20 12
21 33
22 2
23 22
24 27
25 21
26 5
27 1
28 3
29 23
30 30
31 20
32 13
33 26
34 16
35 7
36 0
37 18
38 19
SIMILAR

31 30 25 15 28 17 21 27 26 24 16 3 29 32 9 23 37 1 38 0 7 13 22 8 33 36 20 6 2 34 10 14 5 35 12 19 11 18 4 
0 19
1 17
2 28
3 11
4 38
5 32
6 27
7 20
8 23
9 14
10 30
11 36
12 34
13 21
14 31
15 3
16 10
17 5
18 37
19 35
20 26
21 6
22 22
23 15
24 9
25 2
26 8
27 7
28 4
29 12
30 1
31 0
32 13
33 24
34 29
35 33
36 25
37 16
38 18
SIMILAR

24 5 27 10 31 21 1 33 23 8 35 34 38 22 12 2 29 16 18 11 3 19 20 6 7 28 17 14 9 0 36 32 30 25 4 37 13 15 26 
0 29
1 6
2 15
3 20
4 34
5 1
6 23
7 24
8 9
9 28
10 3
11 19
12 14
13 36
14 27
15 37
16 17
17 26
18 18
19 21
20 22
21 5
22 13
23 8
24 0
25 33
26 38
27 2
28 25
29 16
30 32
31 4
32 31
33 7
34 11
35 10
36 30
37 35
38 12
SIMILAR

38 15 1 11 18 17 33 37 32 8 9 3 36 14 13 6 28 30 5 2 31 21 25 12 24 29 19 7 10 22 4 34 16 26 0 35 27 23 20 
0 34
1 2
2 19
3 11
4 30
5 18
6 15
7 27
8 9
9 10
10 28
11 3
12 23
13 14
14 13
15 1
16 32
17 5
18 4
19 26
20 38
21 21
22 29
23 37
24 24
25 22
26 33
27 36
28 16
29 25
30 17
31 20
32 8
33 6
34 31
35 35
36 12
37 7
38 0
SIMILAR

36 33 1 2 26 37 19 34 23 4 29 7 17 12 15 3 20 30 22 11 6 38 27 16 28 21 31 9 14 10 32 0 13 24 35 25 5 8 18 
0 31
1 2
2 3
3 15
4 9
5 36
6 20
7 11
8 37
9 27
10 29
11 19
12 13
13 32
14 28
15 14
16 23
17 12
18 38
19 6
20 16
21 25
22 18
23 8
24 33
25 35
26 4
27 22
28 24
29 10
30 17
31 26
32 30
33 1
34 7
35 34
36 0
37 5
38 21
SIMILAR

8 3 38 34 6 29 19 25 14 20 17 4 22 30 18 9 23 16 31 21 13 12 26 15 11 35 2 37 7 36 0 33 10 28 24 27 32 1 5 
0 30
1 37
2 26
3 1
4 11
5 38
6 4
7 28
8 0
9 15
10 32
11 24
12 21
13 20
14 8
15 23
16 17
17 10
18 14
19 6
20 9
21 19
22 12
23 16
24 34
25 7
26 22
27 35
28 33
29 5
30 13
31 18
32 36
33 31
34 3
35 25
36 29
37 27
38 2
SIMILAR

34 16 10 23 20 35 36 11 29 6 14 38 4 21 0 17 12 18 13 22 31 27 30 2 7 24 28 19 33 32 15 8 9 25 5 26 1 37 3 
0 14
1 36
2 23
3 38
4 12
5 34
6 9
7 24
8 31
9 32
10 2
11 7
12 16
13 18
14 10
15 30
16 1
17 15
18 17
19 27
20 4
21 13
22 19
23 3
24 25
25 33
26 35
27 21
28 26
29 8
30 22
31 20
32 29
33 28
34 0
35 5
36 6
37 37
38 11
SIMILAR
100 0
5800 0
355800 0
