39
0 0 0 1 0 1 1 0 1 0 0 0 0 1 1 0 1 1 0 0 1 0 0 1 0 1 1 0 0 0 0 0 0 1 0 1 1 1 0 
0 0 0 0 0 1 1 0 0 0 1 1 1 0 1 1 0 0 1 1 0 1 0 1 0 0 1 1 0 1 1 1 1 1 1 0 1 0 1 
0 0 0 0 1 0 0 1 0 0 0 0 0 0 1 1 1 1 1 0 0 1 1 0 0 1 1 1 1 1 1 1 0 0 0 0 0 1 0 
1 0 0 0 1 0 0 0 0 0 0 0 1 1 1 1 0 1 0 0 0 1 1 1 1 1 1 0 0 0 0 0 0 1 0 0 0 0 0 
0 0 1 1 0 0 1 0 1 1 0 1 0 0 0 1 0 1 1 1 1 0 0 1 0 0 0 0 0 1 1 1 0 0 1 0 1 0 0 
1 1 0 0 0 0 0 0 0 1 0 1 1 0 0 1 1 1 1 1 0 0 1 0 1 0 0 1 0 1 0 0 0 0 1 1 0 1 0 
1 1 0 0 1 0 0 0 1 0 1 0 1 0 0 0 0 0 0 1 1 1 1 0 0 1 1 1 0 1 1 1 0 0 1 0 1 0 0 
0 0 1 0 0 0 0 0 0 1 1 1 0 0 0 1 0 0 0 1 1 1 0 1 1 1 1 1 0 1 1 0 1 0 0 1 1 0 0 
1 0 0 0 1 0 1 0 0 1 0 1 0 1 1 0 0 1 0 0 1 1 1 0 1 0 0 1 1 1 0 1 1 0 1 0 0 1 1 
0 0 0 0 1 1 0 1 1 0 1 1 0 1 1 0 0 0 1 0 0 1 1 1 0 1 0 0 1 0 1 0 1 1 1 1 1 0 1 
0 1 0 0 0 0 1 1 0 1 0 1 1 0 0 1 1 0 0 1 1 1 0 0 0 0 1 0 1 0 1 1 0 1 1 0 0 0 0 
0 1 0 0 1 1 0 1 1 1 1 0 1 0 1 0 0 0 1 1 1 1 0 1 1 1 1 0 1 1 1 1 0 0 0 1 0 0 0 
0 1 0 1 0 1 1 0 0 0 1 1 0 0 0 1 1 0 0 1 1 1 1 0 1 1 1 0 0 0 1 1 1 1 1 0 1 0 1 
1 0 0 1 0 0 0 0 1 1 0 0 0 0 0 1 0 0 1 0 0 1 1 0 1 1 0 1 0 1 1 0 1 1 0 0 1 0 1 
1 1 1 1 0 0 0 0 1 1 0 1 0 0 0 1 1 1 1 1 0 1 0 0 0 0 1 0 1 1 1 1 1 0 1 1 0 1 0 
0 1 1 1 1 1 0 1 0 0 1 0 1 1 1 0 1 1 1 0 1 1 1 0 1 0 1 1 1 1 0 0 1 1 0 1 1 1 1 
1 0 1 0 0 1 0 0 0 0 1 0 1 0 1 1 0 0 0 1 1 1 0 0 1 0 0 1 0 0 0 1 1 0 0 1 1 0 1 
1 0 1 1 1 1 0 0 1 0 0 0 0 0 1 1 0 0 0 0 1 0 0 0 1 0 0 0 1 0 0 0 0 1 1 0 1 0 0 
0 1 1 0 1 1 0 0 0 1 0 1 0 1 1 1 0 0 0 0 1 0 1 0 0 0 1 0 1 0 0 1 1 1 1 0 0 1 0 
0 1 0 0 1 1 1 1 0 0 1 1 1 0 1 0 1 0 0 0 0 1 1 0 1 1 1 1 1 1 1 0 1 1 0 0 0 0 1 
1 0 0 0 1 0 1 1 1 0 1 1 1 0 0 1 1 1 1 0 0 0 0 0 0 1 0 0 0 0 0 0 1 0 0 1 1 1 1 
0 1 1 1 0 0 1 1 1 1 1 1 1 1 1 1 1 0 0 1 0 0 1 1 0 0 1 1 1 0 0 1 1 0 1 1 1 1 1 
0 0 1 1 0 1 1 0 1 1 0 0 1 1 0 1 0 0 1 1 0 1 0 0 1 1 1 1 0 1 1 1 1 1 1 0 1 0 0 
1 1 0 1 1 0 0 1 0 1 0 1 0 0 0 0 0 0 0 0 0 1 0 0 1 1 0 1 1 1 1 0 1 0 0 0 0 0 1 
0 0 0 1 0 1 0 1 1 0 0 1 1 1 0 1 1 1 0 1 0 0 1 1 0 1 1 1 0 1 0 1 1 1 0 0 1 0 0 
1 0 1 1 0 0 1 1 0 1 0 1 1 1 0 0 0 0 0 1 1 0 1 1 1 0 1 1 1 0 1 0 1 1 0 0 1 1 1 
1 1 1 1 0 0 1 1 0 0 1 1 1 0 1 1 0 0 1 1 0 1 1 0 1 1 0 0 0 0 1 0 0 1 0 0 1 0 1 
0 1 1 0 0 1 1 1 1 0 0 0 0 1 0 1 1 0 0 1 0 1 1 1 1 1 0 0 0 0 1 1 1 0 0 0 0 1 1 
0 0 1 0 0 0 0 0 1 1 1 1 0 0 1 1 0 1 1 1 0 1 0 1 0 1 0 0 0 0 1 0 1 0 0 1 0 1 0 
0 1 1 0 1 1 1 1 1 0 0 1 0 1 1 1 0 0 0 1 0 0 1 1 1 0 0 0 0 0 0 0 1 1 1 1 1 0 0 
0 1 1 0 1 0 1 1 0 1 1 1 1 1 1 0 0 0 0 1 0 0 1 1 0 1 1 1 1 0 0 1 0 1 0 0 0 0 0 
0 1 1 0 1 0 1 0 1 0 1 1 1 0 1 0 1 0 1 0 0 1 1 0 1 0 0 1 0 0 1 0 0 0 1 0 1 0 0 
0 1 0 0 0 0 0 1 1 1 0 0 1 1 1 1 1 0 1 1 1 1 1 1 1 1 0 1 1 1 0 0 0 0 1 1 1 0 1 
1 1 0 1 0 0 0 0 0 1 1 0 1 1 0 1 0 1 1 1 0 0 1 0 1 1 1 0 0 1 1 0 0 0 1 1 1 0 0 
0 1 0 0 1 1 1 0 1 1 1 0 1 0 1 0 0 1 1 0 0 1 1 0 0 0 0 0 0 1 0 1 1 1 0 1 0 1 0 
1 0 0 0 0 1 0 1 0 1 0 1 0 0 1 1 1 0 0 0 1 1 0 0 0 0 0 0 1 1 0 0 1 1 1 0 1 1 1 
1 1 0 0 1 0 1 1 0 1 0 0 1 1 0 1 1 1 0 0 1 1 1 0 1 1 1 0 0 1 0 1 1 1 0 1 0 0 0 
1 0 1 0 0 1 0 0 1 0 0 0 0 0 1 1 0 0 1 0 1 1 0 0 0 1 0 1 1 0 0 0 0 0 1 1 0 0 0 
0 1 0 0 0 0 0 0 1 1 0 0 1 1 0 1 1 0 0 1 1 1 0 1 0 1 1 1 0 0 0 0 1 0 0 1 0 0 0 

20 16 14 18 13 1 38 21 4 37 27 33 11 22 19 29 0 26 30 34 12 25 32 36 9 8 24 35 3 15 10 2 28 5 17 7 23 6 31 
0 16
1 5
2 31
3 28
4 8
5 33
6 37
7 35
8 25
9 24
10 30
11 12
12 20
13 4
14 2
15 29
16 1
17 34
18 3
19 14
20 0
21 7
22 13
23 36
24 26
25 21
26 17
27 10
28 32
29 15
30 18
31 38
32 22
33 11
34 19
35 27
36 23
37 9
38 6
SIMILAR

31 17 1 19 36 0 26 15 38 23 2 34 18 32 4 6 20 28 24 35 21 7 16 25 3 30 11 9 27 22 5 37 33 8 10 13 14 29 12 
0 5
1 2
2 10
3 24
4 14
5 30
6 15
7 21
8 33
9 27
10 34
11 26
12 38
13 35
14 36
15 7
16 22
17 1
18 12
19 3
20 16
21 20
22 29
23 9
24 18
25 23
26 6
27 28
28 17
29 37
30 25
31 0
32 13
33 32
34 11
35 19
36 4
37 31
38 8
SIMILAR

36 26 18 5 30 16 28 20 34 2 19 23 14 8 15 12 17 0 22 38 21 37 11 4 32 24 33 7 25 6 35 1 10 31 27 3 29 13 9 
0 17
1 31
2 9
3 35
4 23
5 3
6 29
7 27
8 13
9 38
10 32
11 22
12 15
13 37
14 12
15 14
16 5
17 16
18 2
19 10
20 7
21 20
22 18
23 11
24 25
25 28
26 1
27 34
28 6
29 36
30 4
31 33
32 24
33 26
34 8
35 30
36 0
37 21
38 19
SIMILAR

31 1 0 24 19 36 25 33 21 34 29 4 15 27 2 37 5 7 30 10 11 8 3 18 16 6 32 35 23 17 28 9 12 22 14 13 38 20 26 
0 2
1 1
2 14
3 22
4 11
5 16
6 25
7 17
8 21
9 31
10 19
11 20
12 32
13 35
14 34
15 12
16 24
17 29
18 23
19 4
20 37
21 8
22 33
23 28
24 3
25 6
26 38
27 13
28 30
29 10
30 18
31 0
32 26
33 7
34 9
35 27
36 5
37 15
38 36
SIMILAR

5 1 7 27 28 11 16 34 26 19 12 36 17 4 6 25 24 38 22 33 2 23 0 13 15 14 35 3 10 32 31 8 29 9 30 20 21 18 37 
0 22
1 1
2 20
3 27
4 13
5 0
6 14
7 2
8 31
9 33
10 28
11 5
12 10
13 23
14 25
15 24
16 6
17 12
18 37
19 9
20 35
21 36
22 18
23 21
24 16
25 15
26 8
27 3
28 4
29 32
30 34
31 30
32 29
33 19
34 7
35 26
36 11
37 38
38 17
SIMILAR

24 2 6 0 34 14 10 3 33 13 27 20 25 19 16 5 22 11 7 15 8 21 31 35 4 37 36 38 29 1 17 30 23 28 9 18 12 26 32 
0 3
1 29
2 1
3 7
4 24
5 15
6 2
7 18
8 20
9 34
10 6
11 17
12 36
13 9
14 5
15 19
16 14
17 30
18 35
19 13
20 11
21 21
22 16
23 32
24 0
25 12
26 37
27 10
28 33
29 28
30 31
31 22
32 38
33 8
34 4
35 23
36 26
37 25
38 27
SIMILAR

5 4 17 7 6 23 20 21 25 13 3 26 36 2 16 22 8 18 37 28 29 32 27 10 35 38 33 0 11 31 14 19 12 24 15 1 34 30 9 
0 27
1 35
2 13
3 10
4 1
5 0
6 4
7 3
8 16
9 38
10 23
11 28
12 32
13 9
14 30
15 34
16 14
17 2
18 17
19 31
20 6
21 7
22 15
23 5
24 33
25 8
26 11
27 22
28 19
29 20
30 37
31 29
32 21
33 26
34 36
35 24
36 12
37 18
38 25
SIMILAR

1 25 20 22 38 21 27 23 6 26 31 35 13 19 11 29 37 16 7 12 34 36 30 32 10 4 17 15 24 3 5 0 18 2 8 9 14 28 33 
0 31
1 0
2 33
3 29
4 25
5 30
6 8
7 18
8 34
9 35
10 24
11 14
12 19
13 12
14 36
15 27
16 17
17 26
18 32
19 13
20 2
21 5
22 3
23 7
24 28
25 1
26 9
27 6
28 37
29 15
30 22
31 10
32 23
33 38
34 20
35 11
36 21
37 16
38 4
SIMILAR

38 31 35 27 3 14 9 6 17 23 4 34 13 25 8 18 26 29 28 0 20 22 11 16 15 2 21 12 30 36 32 5 24 19 33 10 37 1 7 
0 19
1 37
2 25
3 4
4 10
5 31
6 7
7 38
8 14
9 6
10 35
11 22
12 27
13 12
14 5
15 24
16 23
17 8
18 15
19 33
20 20
21 26
22 21
23 9
24 32
25 13
26 16
27 3
28 18
29 17
30 28
31 1
32 30
33 34
34 11
35 2
36 29
37 36
38 0
SIMILAR

32 5 37 1 9 22 26 27 4 34 30 7 6 29 18 21 36 15 23 20 2 10 0 38 13 35 33 19 16 31 14 25 28 24 8 11 12 3 17 
0 22
1 3
2 20
3 37
4 8
5 1
6 12
7 11
8 34
9 4
10 21
11 35
12 36
13 24
14 30
15 17
16 28
17 38
18 14
19 27
20 19
21 15
22 5
23 18
24 33
25 31
26 6
27 7
28 32
29 13
30 10
31 29
32 0
33 26
34 9
35 25
36 16
37 2
38 23
SIMILAR

1 21 33 19 8 5 37 36 35 12 10 31 18 2 25 20 29 3 6 32 4 24 26 38 27 22 11 28 15 17 0 9 30 13 23 34 16 7 14 
0 30
1 0
2 13
3 17
4 20
5 5
6 18
7 37
8 4
9 31
10 10
11 26
12 9
13 33
14 38
15 28
16 36
17 29
18 12
19 3
20 15
21 1
22 25
23 34
24 21
25 14
26 22
27 24
28 27
29 16
30 32
31 11
32 19
33 2
34 35
35 8
36 7
37 6
38 23
SIMILAR

24 34 35 9 29 30 21 5 1 26 8 38 14 3 13 10 27 4 31 28 6 0 36 25 18 20 7 22 12 32 19 2 37 16 15 33 17 11 23 
0 21
1 8
2 31
3 13
4 17
5 7
6 20
7 26
8 10
9 3
10 15
11 37
12 28
13 14
14 12
15 34
16 33
17 36
18 24
19 30
20 25
21 6
22 27
23 38
24 0
25 23
26 9
27 16
28 19
29 4
30 5
31 18
32 29
33 35
34 1
35 2
36 22
37 32
38 11
SIMILAR

22 28 12 35 8 31 23 7 14 0 17 27 2 16 20 32 15 19 37 10 34 18 1 5 30 3 33 13 36 26 29 6 9 38 25 11 4 21 24 
0 9
1 22
2 12
3 25
4 36
5 23
6 31
7 7
8 4
9 32
10 19
11 35
12 2
13 27
14 8
15 16
16 13
17 10
18 21
19 17
20 14
21 37
22 0
23 6
24 38
25 34
26 29
27 11
28 1
29 30
30 24
31 5
32 15
33 26
34 20
35 3
36 28
37 18
38 33
SIMILAR

11 5 18 30 14 9 24 16 12 17 13 2 8 4 1 10 38 6 36 25 20 0 34 15 29 26 31 37 28 21 19 7 27 3 23 33 35 32 22 
0 21
1 14
2 11
3 33
4 13
5 1
6 17
7 31
8 12
9 5
10 15
11 0
12 8
13 10
14 4
15 23
16 7
17 9
18 2
19 30
20 20
21 29
22 38
23 34
24 6
25 19
26 25
27 32
28 28
29 24
30 3
31 26
32 37
33 35
34 22
35 36
36 18
37 27
38 16
SIMILAR

19 9 2 29 27 26 20 6 10 0 16 28 36 22 12 32 21 35 11 38 7 8 24 23 25 33 34 18 13 37 4 31 3 15 5 1 14 30 17 
0 9
1 35
2 2
3 32
4 30
5 34
6 7
7 20
8 21
9 1
10 8
11 18
12 14
13 28
14 36
15 33
16 10
17 38
18 27
19 0
20 6
21 16
22 13
23 23
24 22
25 24
26 5
27 4
28 11
29 3
30 37
31 31
32 15
33 25
34 26
35 17
36 12
37 29
38 19
SIMILAR

38 12 30 6 37 23 34 20 3 4 25 16 11 5 32 33 29 8 24 35 19 14 0 21 31 26 22 13 27 15 2 28 18 1 10 36 7 9 17 
0 22
1 33
2 30
3 8
4 9
5 13
6 3
7 36
8 17
9 37
10 34
11 12
12 1
13 27
14 21
15 29
16 11
17 38
18 32
19 20
20 7
21 23
22 26
23 5
24 18
25 10
26 25
27 28
28 31
29 16
30 2
31 24
32 14
33 15
34 6
35 19
36 35
37 4
38 0
SIMILAR

30 34 31 26 16 27 12 23 15 9 32 21 25 22 20 3 18 33 1 17 37 35 8 19 36 2 24 28 0 10 13 29 11 5 7 4 38 14 6 
0 28
1 18
2 25
3 15
4 35
5 33
6 38
7 34
8 22
9 9
10 29
11 32
12 6
13 30
14 37
15 8
16 4
17 19
18 16
19 23
20 14
21 11
22 13
23 7
24 26
25 12
26 3
27 5
28 27
29 31
30 0
31 2
32 10
33 17
34 1
35 21
36 24
37 20
38 36
SIMILAR

4 9 16 19 36 27 8 32 10 37 34 2 33 0 14 30 38 1 24 7 18 29 20 13 28 26 6 21 15 12 35 17 23 31 22 25 3 11 5 
0 13
1 17
2 11
3 36
4 0
5 38
6 26
7 19
8 6
9 1
10 8
11 37
12 29
13 23
14 14
15 28
16 2
17 31
18 20
19 3
20 22
21 27
22 34
23 32
24 18
25 35
26 25
27 5
28 24
29 21
30 15
31 33
32 7
33 12
34 10
35 30
36 4
37 9
38 16
SIMILAR

15 37 34 36 20 7 0 6 5 27 28 30 32 3 29 1 38 16 35 31 18 13 26 11 10 17 12 21 8 23 22 14 2 19 4 9 24 33 25 
0 6
1 15
2 32
3 13
4 34
5 8
6 7
7 5
8 28
9 35
10 24
11 23
12 26
13 21
14 31
15 0
16 17
17 25
18 20
19 33
20 4
21 27
22 30
23 29
24 36
25 38
26 22
27 9
28 10
29 14
30 11
31 19
32 12
33 37
34 2
35 18
36 3
37 1
38 16
SIMILAR

19 18 37 2 30 13 24 33 22 38 0 27 26 25 17 28 8 10 29 15 23 12 7 9 20 4 32 34 31 11 14 16 21 35 36 1 6 5 3 
0 10
1 35
2 3
3 38
4 25
5 37
6 36
7 22
8 16
9 23
10 17
11 29
12 21
13 5
14 30
15 19
16 31
17 14
18 1
19 0
20 24
21 32
22 8
23 20
24 6
25 13
26 12
27 11
28 15
29 18
30 4
31 28
32 26
33 7
34 27
35 33
36 34
37 2
38 9
SIMILAR

2 21 19 7 11 6 13 34 14 28 5 22 16 38 29 20 10 1 26 3 12 31 32 8 17 18 36 9 30 33 0 25 24 23 37 27 35 15 4 
0 30
1 17
2 0
3 19
4 38
5 10
6 5
7 3
8 23
9 27
10 16
11 4
12 20
13 6
14 8
15 37
16 12
17 24
18 25
19 2
20 15
21 1
22 11
23 33
24 32
25 31
26 18
27 35
28 9
29 14
30 28
31 21
32 22
33 29
34 7
35 36
36 26
37 34
38 13
SIMILAR

30 28 15 9 23 12 25 14 24 7 34 1 35 2 4 16 0 8 26 13 29 37 6 38 18 31 11 21 5 22 19 17 27 10 3 32 33 20 36 
0 16
1 11
2 13
3 34
4 14
5 28
6 22
7 9
8 17
9 3
10 33
11 26
12 5
13 19
14 7
15 2
16 15
17 31
18 24
19 30
20 37
21 27
22 29
23 4
24 8
25 6
26 18
27 32
28 1
29 20
30 0
31 25
32 35
33 36
34 10
35 12
36 38
37 21
38 23
SIMILAR

29 26 28 0 31 34 21 1 24 10 18 25 4 27 11 20 9 8 30 2 5 17 13 37 3 22 6 36 7 12 35 33 16 23 19 14 32 38 15 
0 3
1 7
2 19
3 24
4 12
5 20
6 26
7 28
8 17
9 16
10 9
11 14
12 29
13 22
14 35
15 38
16 32
17 21
18 10
19 34
20 15
21 6
22 25
23 33
24 8
25 11
26 1
27 13
28 2
29 0
30 18
31 4
32 36
33 31
34 5
35 30
36 27
37 23
38 37
SIMILAR

0 15 30 1 18 11 21 6 23 32 31 33 16 13 3 2 7 8 29 22 10 20 28 36 26 4 27 14 17 19 24 12 9 38 35 34 25 5 37 
0 0
1 3
2 15
3 14
4 25
5 37
6 7
7 16
8 17
9 32
10 20
11 5
12 31
13 13
14 27
15 1
16 12
17 28
18 4
19 29
20 21
21 6
22 19
23 8
24 30
25 36
26 24
27 26
28 22
29 18
30 2
31 10
32 9
33 11
34 35
35 34
36 23
37 38
38 33
SIMILAR

37 30 0 31 23 26 4 17 29 3 24 22 6 25 9 28 38 18 34 5 16 12 20 14 35 32 21 11 2 15 8 33 10 27 7 13 36 19 1 
0 2
1 38
2 28
3 9
4 6
5 19
6 12
7 34
8 30
9 14
10 32
11 27
12 21
13 35
14 23
15 29
16 20
17 7
18 17
19 37
20 22
21 26
22 11
23 4
24 10
25 13
26 5
27 33
28 15
29 8
30 1
31 3
32 25
33 31
34 18
35 24
36 36
37 0
38 16
SIMILAR

32 27 14 7 31 9 37 26 33 19 4 6 13 38 23 21 8 24 34 20 18 35 11 15 36 2 28 17 30 12 25 0 10 5 29 3 16 22 1 
0 31
1 38
2 25
3 35
4 10
5 33
6 11
7 3
8 16
9 5
10 32
11 22
12 29
13 12
14 2
15 23
16 36
17 27
18 20
19 9
20 19
21 15
22 37
23 14
24 17
25 30
26 7
27 1
28 26
29 34
30 28
31 4
32 0
33 8
34 18
35 21
36 24
37 6
38 13
SIMILAR

13 35 34 30 18 2 36 20 3 15 25 17 21 0 32 9 14 37 38 33 19 16 24 26 22 11 28 12 31 10 27 8 6 4 1 5 23 7 29 
0 13
1 34
2 5
3 8
4 33
5 35
6 32
7 37
8 31
9 15
10 29
11 25
12 27
13 0
14 16
15 9
16 21
17 11
18 4
19 20
20 7
21 12
22 24
23 36
24 22
25 10
26 23
27 30
28 26
29 38
30 3
31 28
32 14
33 19
34 2
35 1
36 6
37 17
38 18
SIMILAR

17 19 26 28 1 30 25 12 23 22 4 7 37 13 18 27 10 31 5 33 32 14 9 15 6 35 3 21 38 16 29 11 24 8 20 34 36 2 0 
0 38
1 4
2 37
3 26
4 10
5 18
6 24
7 11
8 33
9 22
10 16
11 31
12 7
13 13
14 21
15 23
16 29
17 0
18 14
19 1
20 34
21 27
22 9
23 8
24 32
25 6
26 2
27 15
28 3
29 30
30 5
31 17
32 20
33 19
34 35
35 25
36 36
37 12
38 28
SIMILAR

26 28 18 23 33 1 9 20 27 10 37 31 24 2 22 16 15 35 5 3 36 17 0 4 34 38 8 6 32 7 19 12 11 29 21 13 14 30 25 
0 22
1 5
2 13
3 19
4 23
5 18
6 27
7 29
8 26
9 6
10 9
11 32
12 31
13 35
14 36
15 16
16 15
17 21
18 2
19 30
20 7
21 34
22 14
23 3
24 12
25 38
26 0
27 8
28 1
29 33
30 37
31 11
32 28
33 4
34 24
35 17
36 20
37 10
38 25
SIMILAR

14 30 17 13 8 35 28 10 4 33 23 34 11 32 12 18 31 20 16 25 3 2 26 22 29 9 0 21 7 6 38 15 1 19 24 37 5 36 27 
0 26
1 32
2 21
3 20
4 8
5 36
6 29
7 28
8 4
9 25
10 7
11 12
12 14
13 3
14 0
15 31
16 18
17 2
18 15
19 33
20 17
21 27
22 23
23 10
24 34
25 19
26 22
27 38
28 6
29 24
30 1
31 16
32 13
33 9
34 11
35 5
36 37
37 35
38 30
SIMILAR

38 34 29 12 7 8 14 16 2 5 23 0 24 10 21 15 20 26 25 1 13 9 35 19 17 32 33 3 22 4 37 31 6 28 30 18 27 11 36 
0 11
1 19
2 8
3 27
4 29
5 9
6 32
7 4
8 5
9 21
10 13
11 37
12 3
13 20
14 6
15 15
16 7
17 24
18 35
19 23
20 16
21 14
22 28
23 10
24 12
25 18
26 17
27 36
28 33
29 2
30 34
31 31
32 25
33 26
34 1
35 22
36 38
37 30
38 0
SIMILAR

29 4 0 19 10 32 18 27 6 12 28 9 16 26 35 15 34 36 17 20 22 24 7 33 31 13 38 37 1 25 11 8 3 14 23 21 5 2 30 
0 2
1 28
2 37
3 32
4 1
5 36
6 8
7 22
8 31
9 11
10 4
11 30
12 9
13 25
14 33
15 15
16 12
17 18
18 6
19 3
20 19
21 35
22 20
23 34
24 21
25 29
26 13
27 7
28 10
29 0
30 38
31 24
32 5
33 23
34 16
35 14
36 17
37 27
38 26
SIMILAR

9 17 28 24 33 27 36 5 23 22 16 21 20 31 35 32 13 37 0 14 25 26 3 6 38 1 19 15 7 2 18 10 12 30 4 8 34 29 11 
0 18
1 25
2 29
3 22
4 34
5 7
6 23
7 28
8 35
9 0
10 31
11 38
12 32
13 16
14 19
15 27
16 10
17 1
18 30
19 26
20 12
21 11
22 9
23 8
24 3
25 20
26 21
27 5
28 2
29 37
30 33
31 13
32 15
33 4
34 36
35 14
36 6
37 17
38 24
SIMILAR

6 17 8 15 25 26 30 23 35 7 18 10 9 32 27 28 22 16 29 12 5 33 3 11 31 2 1 0 20 4 21 38 24 13 34 14 36 37 19 
0 27
1 26
2 25
3 22
4 29
5 20
6 0
7 9
8 2
9 12
10 11
11 23
12 19
13 33
14 35
15 3
16 17
17 1
18 10
19 38
20 28
21 30
22 16
23 7
24 32
25 4
26 5
27 14
28 15
29 18
30 6
31 24
32 13
33 21
34 34
35 8
36 36
37 37
38 31
SIMILAR

19 4 5 38 18 20 35 31 1 22 33 14 21 24 9 10 16 11 6 25 12 29 28 0 7 17 32 15 8 30 36 27 37 2 13 3 23 34 26 
0 23
1 8
2 33
3 35
4 1
5 2
6 18
7 24
8 28
9 14
10 15
11 17
12 20
13 34
14 11
15 27
16 16
17 25
18 4
19 0
20 5
21 12
22 9
23 36
24 13
25 19
26 38
27 31
28 22
29 21
30 29
31 7
32 26
33 10
34 37
35 6
36 30
37 32
38 3
SIMILAR

24 0 30 23 34 35 36 4 29 32 16 22 2 11 3 14 20 8 26 7 25 10 27 15 33 9 28 13 21 6 38 1 31 19 12 18 37 5 17 
0 1
1 31
2 12
3 14
4 7
5 37
6 29
7 19
8 17
9 25
10 21
11 13
12 34
13 27
14 15
15 23
16 10
17 38
18 35
19 33
20 16
21 28
22 11
23 3
24 0
25 20
26 18
27 22
28 26
29 8
30 2
31 32
32 9
33 24
34 4
35 5
36 6
37 36
38 30
SIMILAR

13 32 20 33 37 28 0 9 26 11 30 24 34 8 21 18 17 7 4 2 10 36 3 31 14 22 1 12 25 19 6 38 29 5 15 23 16 35 27 
0 6
1 26
2 19
3 22
4 18
5 33
6 30
7 17
8 13
9 7
10 20
11 9
12 27
13 0
14 24
15 34
16 36
17 16
18 15
19 29
20 2
21 14
22 25
23 35
24 11
25 28
26 8
27 38
28 5
29 32
30 10
31 23
32 1
33 3
34 12
35 37
36 21
37 4
38 31
SIMILAR

36 2 12 3 6 11 19 37 5 0 22 1 16 8 17 10 25 20 18 7 28 38 14 9 34 35 31 21 30 26 15 32 13 4 24 23 29 33 27 
0 9
1 11
2 1
3 3
4 33
5 8
6 4
7 19
8 13
9 23
10 15
11 5
12 2
13 32
14 22
15 30
16 12
17 14
18 18
19 6
20 17
21 27
22 10
23 35
24 34
25 16
26 29
27 38
28 20
29 36
30 28
31 26
32 31
33 37
34 24
35 25
36 0
37 7
38 21
SIMILAR

2 25 38 21 14 22 36 6 26 5 13 12 27 0 30 33 7 28 18 4 34 11 16 15 1 10 20 23 8 17 31 9 32 24 3 19 35 37 29 
0 13
1 24
2 0
3 34
4 19
5 9
6 7
7 16
8 28
9 31
10 25
11 21
12 11
13 10
14 4
15 23
16 22
17 29
18 18
19 35
20 26
21 3
22 5
23 27
24 33
25 1
26 8
27 12
28 17
29 38
30 14
31 30
32 32
33 15
34 20
35 36
36 6
37 37
38 2
SIMILAR

34 13 22 19 2 21 24 27 35 11 14 33 37 30 0 3 12 29 32 8 15 7 38 18 6 16 1 25 28 17 5 10 36 20 26 31 4 23 9 
0 14
1 26
2 4
3 15
4 36
5 30
6 24
7 21
8 19
9 38
10 31
11 9
12 16
13 1
14 10
15 20
16 25
17 29
18 23
19 3
20 33
21 5
22 2
23 37
24 6
25 27
26 34
27 7
28 28
29 17
30 13
31 35
32 18
33 11
34 0
35 8
36 32
37 12
38 22
SIMILAR

13 2 38 35 30 26 32 22 8 18 20 0 4 28 31 29 25 7 24 37 1 9 12 19 3 16 23 14 33 5 6 27 21 34 36 17 15 10 11 
0 11
1 20
2 1
3 24
4 12
5 29
6 30
7 17
8 8
9 21
10 37
11 38
12 22
13 0
14 27
15 36
16 25
17 35
18 9
19 23
20 10
21 32
22 7
23 26
24 18
25 16
26 5
27 31
28 13
29 15
30 4
31 14
32 6
33 28
34 33
35 3
36 34
37 19
38 2
SIMILAR

9 32 34 13 22 29 20 26 30 18 8 6 3 14 24 38 17 31 36 23 5 2 11 0 37 7 16 21 10 27 33 28 19 15 12 35 1 4 25 
0 23
1 36
2 21
3 12
4 37
5 20
6 11
7 25
8 10
9 0
10 28
11 22
12 34
13 3
14 13
15 33
16 26
17 16
18 9
19 32
20 6
21 27
22 4
23 19
24 14
25 38
26 7
27 29
28 31
29 5
30 8
31 17
32 1
33 30
34 2
35 35
36 18
37 24
38 15
SIMILAR

28 14 20 3 10 32 26 4 8 7 11 0 2 37 31 15 36 34 1 9 5 13 38 12 35 18 19 17 22 6 24 29 33 25 27 30 21 23 16 
0 11
1 18
2 12
3 3
4 7
5 20
6 29
7 9
8 8
9 19
10 4
11 10
12 23
13 21
14 1
15 15
16 38
17 27
18 25
19 26
20 2
21 36
22 28
23 37
24 30
25 33
26 6
27 34
28 0
29 31
30 35
31 14
32 5
33 32
34 17
35 24
36 16
37 13
38 22
SIMILAR

5 36 24 21 7 30 33 28 23 37 6 12 8 22 34 13 0 2 25 18 27 20 3 32 10 14 17 35 38 4 31 26 11 15 19 1 16 9 29 
0 16
1 35
2 17
3 22
4 29
5 0
6 10
7 4
8 12
9 37
10 24
11 32
12 11
13 15
14 25
15 33
16 36
17 26
18 19
19 34
20 21
21 3
22 13
23 8
24 2
25 18
26 31
27 20
28 7
29 38
30 5
31 30
32 23
33 6
34 14
35 27
36 1
37 9
38 28
SIMILAR

37 11 36 34 7 30 9 20 2 26 21 16 29 27 19 13 38 24 25 28 8 12 18 23 10 3 0 15 4 33 32 1 5 14 22 6 35 31 17 
0 26
1 31
2 8
3 25
4 28
5 32
6 35
7 4
8 20
9 6
10 24
11 1
12 21
13 15
14 33
15 27
16 11
17 38
18 22
19 14
20 7
21 10
22 34
23 23
24 17
25 18
26 9
27 13
28 19
29 12
30 5
31 37
32 30
33 29
34 3
35 36
36 2
37 0
38 16
SIMILAR

22 26 29 20 10 16 25 18 6 21 15 27 13 2 23 38 17 14 36 24 4 33 9 3 5 7 1 35 34 31 12 37 0 8 30 11 32 28 19 
0 32
1 26
2 13
3 23
4 20
5 24
6 8
7 25
8 33
9 22
10 4
11 35
12 30
13 12
14 17
15 10
16 5
17 16
18 7
19 38
20 3
21 9
22 0
23 14
24 19
25 6
26 1
27 11
28 37
29 2
30 34
31 29
32 36
33 21
34 28
35 27
36 18
37 31
38 15
SIMILAR

28 1 18 5 3 35 11 24 2 23 19 25 8 29 26 36 4 16 33 34 20 38 15 6 14 30 0 7 21 12 27 31 13 32 22 17 10 37 9 
0 26
1 1
2 8
3 4
4 16
5 3
6 23
7 27
8 12
9 38
10 36
11 6
12 29
13 32
14 24
15 22
16 17
17 35
18 2
19 10
20 20
21 28
22 34
23 9
24 7
25 11
26 14
27 30
28 0
29 13
30 25
31 31
32 33
33 18
34 19
35 5
36 15
37 37
38 21
SIMILAR

16 15 25 18 0 37 31 19 6 8 26 12 38 34 29 27 28 10 32 11 20 36 2 21 17 14 23 30 5 7 33 22 4 3 13 24 1 9 35 
0 4
1 36
2 22
3 33
4 32
5 28
6 8
7 29
8 9
9 37
10 17
11 19
12 11
13 34
14 25
15 1
16 0
17 24
18 3
19 7
20 20
21 23
22 31
23 26
24 35
25 2
26 10
27 15
28 16
29 14
30 27
31 6
32 18
33 30
34 13
35 38
36 21
37 5
38 12
SIMILAR

6 38 2 13 23 29 36 16 11 10 34 22 8 4 37 33 9 20 24 26 12 18 17 14 15 30 1 32 25 0 27 3 31 7 35 5 28 21 19 
0 29
1 26
2 2
3 31
4 13
5 35
6 0
7 33
8 12
9 16
10 9
11 8
12 20
13 3
14 23
15 24
16 7
17 22
18 21
19 38
20 17
21 37
22 11
23 4
24 18
25 28
26 19
27 30
28 36
29 5
30 25
31 32
32 27
33 15
34 10
35 34
36 6
37 14
38 1
SIMILAR

30 13 12 11 0 3 15 8 5 31 29 10 23 21 9 1 14 6 4 34 18 35 25 24 2 17 38 22 32 33 20 27 26 16 28 19 37 7 36 
0 4
1 15
2 24
3 5
4 18
5 8
6 17
7 37
8 7
9 14
10 11
11 3
12 2
13 1
14 16
15 6
16 33
17 25
18 20
19 35
20 30
21 13
22 27
23 12
24 23
25 22
26 32
27 31
28 34
29 10
30 0
31 9
32 28
33 29
34 19
35 21
36 38
37 36
38 26
SIMILAR

32 33 29 30 27 25 5 35 28 15 10 4 8 34 20 26 12 11 19 9 17 22 36 37 13 38 14 16 1 18 6 2 31 23 7 3 21 24 0 
0 38
1 28
2 31
3 35
4 11
5 6
6 30
7 34
8 12
9 19
10 10
11 17
12 16
13 24
14 26
15 9
16 27
17 20
18 29
19 18
20 14
21 36
22 21
23 33
24 37
25 5
26 15
27 4
28 8
29 2
30 3
31 32
32 0
33 1
34 13
35 7
36 22
37 23
38 25
SIMILAR

21 23 9 28 35 5 16 25 7 0 4 18 1 36 13 14 33 30 37 11 22 17 12 26 20 38 3 32 10 29 19 34 24 15 6 27 2 8 31 
0 9
1 12
2 36
3 26
4 10
5 5
6 34
7 8
8 37
9 2
10 28
11 19
12 22
13 14
14 15
15 33
16 6
17 21
18 11
19 30
20 24
21 0
22 20
23 1
24 32
25 7
26 23
27 35
28 3
29 29
30 17
31 38
32 27
33 16
34 31
35 4
36 13
37 18
38 25
SIMILAR

19 30 37 29 22 35 7 2 3 32 23 10 12 14 8 5 28 15 20 6 26 16 33 4 11 13 34 24 1 31 36 17 21 0 18 25 9 27 38 
0 33
1 28
2 7
3 8
4 23
5 15
6 19
7 6
8 14
9 36
10 11
11 24
12 12
13 25
14 13
15 17
16 21
17 31
18 34
19 0
20 18
21 32
22 4
23 10
24 27
25 35
26 20
27 37
28 16
29 3
30 1
31 29
32 9
33 22
34 26
35 5
36 30
37 2
38 38
SIMILAR

30 13 0 2 12 7 19 16 37 27 8 11 28 35 38 24 36 32 31 1 9 14 18 23 34 4 29 5 10 6 21 25 26 33 3 20 17 22 15 
0 2
1 19
2 3
3 34
4 25
5 27
6 29
7 5
8 10
9 20
10 28
11 11
12 4
13 1
14 21
15 38
16 7
17 36
18 22
19 6
20 35
21 30
22 37
23 23
24 15
25 31
26 32
27 9
28 12
29 26
30 0
31 18
32 17
33 33
34 24
35 13
36 16
37 8
38 14
SIMILAR

38 34 7 23 0 19 31 11 32 25 1 15 13 6 26 3 21 8 17 12 2 20 18 29 22 5 35 30 24 16 14 9 36 33 4 27 28 37 10 
0 4
1 10
2 20
3 15
4 34
5 25
6 13
7 2
8 17
9 31
10 38
11 7
12 19
13 12
14 30
15 11
16 29
17 18
18 22
19 5
20 21
21 16
22 24
23 3
24 28
25 9
26 14
27 35
28 36
29 23
30 27
31 6
32 8
33 33
34 1
35 26
36 32
37 37
38 0
SIMILAR

15 6 28 35 27 4 2 34 30 5 25 31 33 22 21 29 36 7 32 14 17 3 23 16 12 9 18 10 1 19 37 11 38 0 20 8 13 26 24 
0 33
1 28
2 6
3 21
4 5
5 9
6 1
7 17
8 35
9 25
10 27
11 31
12 24
13 36
14 19
15 0
16 23
17 20
18 26
19 29
20 34
21 14
22 13
23 22
24 38
25 10
26 37
27 4
28 2
29 15
30 8
31 11
32 18
33 12
34 7
35 3
36 16
37 30
38 32
SIMILAR

32 26 35 22 1 21 8 27 31 9 38 17 30 0 18 5 2 16 10 15 34 6 20 23 29 24 3 12 36 7 4 19 28 14 37 11 33 13 25 
0 13
1 4
2 16
3 26
4 30
5 15
6 21
7 29
8 6
9 9
10 18
11 35
12 27
13 37
14 33
15 19
16 17
17 11
18 14
19 31
20 22
21 5
22 3
23 23
24 25
25 38
26 1
27 7
28 32
29 24
30 12
31 8
32 0
33 36
34 20
35 2
36 28
37 34
38 10
SIMILAR

12 6 13 5 8 24 36 25 2 3 35 15 17 38 22 34 23 32 16 1 10 30 18 14 21 26 7 20 28 9 4 31 19 27 11 29 0 33 37 
0 36
1 19
2 8
3 9
4 30
5 3
6 1
7 26
8 4
9 29
10 20
11 34
12 0
13 2
14 23
15 11
16 18
17 12
18 22
19 32
20 27
21 24
22 14
23 16
24 5
25 7
26 25
27 33
28 28
29 35
30 21
31 31
32 17
33 37
34 15
35 10
36 6
37 38
38 13
SIMILAR

25 4 33 22 11 6 7 17 20 28 36 23 14 1 0 30 12 16 19 34 35 31 15 38 13 3 32 27 2 26 37 21 18 9 24 5 29 8 10 
0 14
1 13
2 28
3 25
4 1
5 35
6 5
7 6
8 37
9 33
10 38
11 4
12 16
13 24
14 12
15 22
16 17
17 7
18 32
19 18
20 8
21 31
22 3
23 11
24 34
25 0
26 29
27 27
28 9
29 36
30 15
31 21
32 26
33 2
34 19
35 20
36 10
37 30
38 23
SIMILAR

7 1 31 20 38 3 23 18 4 17 27 28 25 32 21 13 37 5 6 12 35 0 19 9 10 33 8 22 34 24 30 16 29 14 26 15 36 11 2 
0 21
1 1
2 38
3 5
4 8
5 17
6 18
7 0
8 26
9 23
10 24
11 37
12 19
13 15
14 33
15 35
16 31
17 9
18 7
19 22
20 3
21 14
22 27
23 6
24 29
25 12
26 34
27 10
28 11
29 32
30 30
31 2
32 13
33 25
34 28
35 20
36 36
37 16
38 4
SIMILAR

35 3 7 17 6 26 18 0 8 23 5 24 1 15 31 27 13 2 30 11 38 19 9 21 22 32 25 36 29 16 14 10 33 20 28 37 4 12 34 
0 7
1 12
2 17
3 1
4 36
5 10
6 4
7 2
8 8
9 22
10 31
11 19
12 37
13 16
14 30
15 13
16 29
17 3
18 6
19 21
20 33
21 23
22 24
23 9
24 11
25 26
26 5
27 15
28 34
29 28
30 18
31 14
32 25
33 32
34 38
35 0
36 27
37 35
38 20
SIMILAR

23 37 34 18 17 15 14 9 31 2 1 30 32 13 19 28 12 35 3 0 21 10 27 25 26 7 20 16 29 4 38 24 11 36 5 22 8 33 6 
0 19
1 10
2 9
3 18
4 29
5 34
6 38
7 25
8 36
9 7
10 21
11 32
12 16
13 13
14 6
15 5
16 27
17 4
18 3
19 14
20 26
21 20
22 35
23 0
24 31
25 23
26 24
27 22
28 15
29 28
30 11
31 8
32 12
33 37
34 2
35 17
36 33
37 1
38 30
SIMILAR

14 4 15 37 9 26 16 20 11 34 7 3 25 10 31 23 6 27 24 0 36 12 5 35 21 32 29 19 22 18 13 28 33 1 2 30 38 17 8 
0 19
1 33
2 34
3 11
4 1
5 22
6 16
7 10
8 38
9 4
10 13
11 8
12 21
13 30
14 0
15 2
16 6
17 37
18 29
19 27
20 7
21 24
22 28
23 15
24 18
25 12
26 5
27 17
28 31
29 26
30 35
31 14
32 25
33 32
34 9
35 23
36 20
37 3
38 36
SIMILAR

23 32 31 29 13 2 16 38 17 26 22 37 4 33 9 24 35 15 11 34 19 30 21 18 3 36 6 10 0 12 8 25 27 28 1 7 14 5 20 
0 28
1 34
2 5
3 24
4 12
5 37
6 26
7 35
8 30
9 14
10 27
11 18
12 29
13 4
14 36
15 17
16 6
17 8
18 23
19 20
20 38
21 22
22 10
23 0
24 15
25 31
26 9
27 32
28 33
29 3
30 21
31 2
32 1
33 13
34 19
35 16
36 25
37 11
38 7
SIMILAR

23 21 33 37 25 5 28 31 29 14 1 9 24 3 32 26 19 15 0 16 2 30 22 35 18 27 11 6 34 20 17 12 38 10 36 8 4 13 7 
0 18
1 10
2 20
3 13
4 36
5 5
6 27
7 38
8 35
9 11
10 33
11 26
12 31
13 37
14 9
15 17
16 19
17 30
18 24
19 16
20 29
21 1
22 22
23 0
24 12
25 4
26 15
27 25
28 6
29 8
30 21
31 7
32 14
33 2
34 28
35 23
36 34
37 3
38 32
SIMILAR

15 9 4 11 28 38 32 34 17 25 22 37 20 8 35 2 7 18 6 29 23 21 33 0 12 5 27 10 14 30 24 16 19 1 31 26 13 36 3 
0 23
1 33
2 15
3 38
4 2
5 25
6 18
7 16
8 13
9 1
10 27
11 3
12 24
13 36
14 28
15 0
16 31
17 8
18 17
19 32
20 12
21 21
22 10
23 20
24 30
25 9
26 35
27 26
28 4
29 19
30 29
31 34
32 6
33 22
34 7
35 14
36 37
37 11
38 5
SIMILAR

34 6 0 4 5 12 14 23 32 2 10 24 26 22 16 37 13 19 8 3 28 27 7 35 11 21 15 30 1 9 20 25 17 31 18 33 36 38 29 
0 2
1 28
2 9
3 19
4 3
5 4
6 1
7 22
8 18
9 29
10 10
11 24
12 5
13 16
14 6
15 26
16 14
17 32
18 34
19 17
20 30
21 25
22 13
23 7
24 11
25 31
26 12
27 21
28 20
29 38
30 27
31 33
32 8
33 35
34 0
35 23
36 36
37 15
38 37
SIMILAR

11 21 9 5 8 38 7 17 24 27 26 30 28 22 20 33 10 31 18 3 12 25 29 14 16 1 19 2 32 15 13 6 35 37 23 34 0 36 4 
0 36
1 25
2 27
3 19
4 38
5 3
6 31
7 6
8 4
9 2
10 16
11 0
12 20
13 30
14 23
15 29
16 24
17 7
18 18
19 26
20 14
21 1
22 13
23 34
24 8
25 21
26 10
27 9
28 12
29 22
30 11
31 17
32 28
33 15
34 35
35 32
36 37
37 33
38 5
SIMILAR

31 22 25 12 0 15 30 29 21 28 38 16 4 14 7 36 35 18 20 19 34 27 10 6 11 26 8 32 5 17 3 37 13 2 9 33 23 1 24 
0 4
1 37
2 33
3 30
4 12
5 28
6 23
7 14
8 26
9 34
10 22
11 24
12 3
13 32
14 13
15 5
16 11
17 29
18 17
19 19
20 18
21 8
22 1
23 36
24 38
25 2
26 25
27 21
28 9
29 7
30 6
31 0
32 27
33 35
34 20
35 16
36 15
37 31
38 10
SIMILAR

10 23 36 20 0 22 9 15 12 19 31 37 13 21 38 1 5 32 26 16 14 6 35 17 33 18 25 3 30 24 11 7 34 28 27 8 29 2 4 
0 4
1 15
2 37
3 27
4 38
5 16
6 21
7 31
8 35
9 6
10 0
11 30
12 8
13 12
14 20
15 7
16 19
17 23
18 25
19 9
20 3
21 13
22 5
23 1
24 29
25 26
26 18
27 34
28 33
29 36
30 28
31 10
32 17
33 24
34 32
35 22
36 2
37 11
38 14
SIMILAR

3 32 4 29 2 28 6 36 13 38 14 17 34 21 9 7 31 20 16 10 23 33 12 8 35 24 11 37 1 0 22 25 18 19 30 27 26 5 15 
0 29
1 28
2 4
3 0
4 2
5 37
6 6
7 15
8 23
9 14
10 19
11 26
12 22
13 8
14 10
15 38
16 18
17 11
18 32
19 33
20 17
21 13
22 30
23 20
24 25
25 31
26 36
27 35
28 5
29 3
30 34
31 16
32 1
33 21
34 12
35 24
36 7
37 27
38 9
SIMILAR

4 29 15 13 26 8 6 25 16 20 14 36 33 22 27 5 0 38 3 1 11 7 18 17 34 23 28 2 10 30 24 35 32 19 12 9 31 37 21 
0 16
1 19
2 27
3 18
4 0
5 15
6 6
7 21
8 5
9 35
10 28
11 20
12 34
13 3
14 10
15 2
16 8
17 23
18 22
19 33
20 9
21 38
22 13
23 25
24 30
25 7
26 4
27 14
28 26
29 1
30 29
31 36
32 32
33 12
34 24
35 31
36 11
37 37
38 17
SIMILAR

7 32 17 38 9 27 3 34 21 5 14 31 19 0 10 11 26 2 8 6 23 36 12 4 18 1 15 35 30 20 28 29 13 37 25 33 24 22 16 
0 13
1 25
2 17
3 6
4 23
5 9
6 19
7 0
8 18
9 4
10 14
11 15
12 22
13 32
14 10
15 26
16 38
17 2
18 24
19 12
20 29
21 8
22 37
23 20
24 36
25 34
26 16
27 5
28 30
29 31
30 28
31 11
32 1
33 35
34 7
35 27
36 21
37 33
38 3
SIMILAR

16 10 7 0 34 25 38 17 20 32 4 37 29 13 3 22 19 14 27 36 35 11 9 24 15 8 1 5 31 30 18 6 12 21 23 2 26 28 33 
0 3
1 26
2 35
3 14
4 10
5 27
6 31
7 2
8 25
9 22
10 1
11 21
12 32
13 13
14 17
15 24
16 0
17 7
18 30
19 16
20 8
21 33
22 15
23 34
24 23
25 5
26 36
27 18
28 37
29 12
30 29
31 28
32 9
33 38
34 4
35 20
36 19
37 11
38 6
SIMILAR

24 9 3 37 5 7 26 36 18 22 17 0 29 12 28 16 27 25 10 19 13 1 2 11 14 38 31 6 21 15 32 23 33 20 30 34 4 8 35 
0 11
1 21
2 22
3 2
4 36
5 4
6 27
7 5
8 37
9 1
10 18
11 23
12 13
13 20
14 24
15 29
16 15
17 10
18 8
19 19
20 33
21 28
22 9
23 31
24 0
25 17
26 6
27 16
28 14
29 12
30 34
31 26
32 30
33 32
34 35
35 38
36 7
37 3
38 25
SIMILAR

34 10 36 17 28 8 1 32 22 37 20 5 18 11 19 35 27 38 13 4 2 14 21 25 23 6 3 31 16 7 12 29 15 30 0 24 33 26 9 
0 34
1 6
2 20
3 26
4 19
5 11
6 25
7 29
8 5
9 38
10 1
11 13
12 30
13 18
14 21
15 32
16 28
17 3
18 12
19 14
20 10
21 22
22 8
23 24
24 35
25 23
26 37
27 16
28 4
29 31
30 33
31 27
32 7
33 36
34 0
35 15
36 2
37 9
38 17
SIMILAR

36 27 37 38 30 22 26 1 11 33 14 7 0 31 28 25 24 16 21 23 20 32 4 19 5 29 3 8 6 9 10 13 2 18 34 15 12 17 35 
0 12
1 7
2 32
3 26
4 22
5 24
6 28
7 11
8 27
9 29
10 30
11 8
12 36
13 31
14 10
15 35
16 17
17 37
18 33
19 23
20 20
21 18
22 5
23 19
24 16
25 15
26 6
27 1
28 14
29 25
30 4
31 13
32 21
33 9
34 34
35 38
36 0
37 2
38 3
SIMILAR

34 7 27 8 38 12 33 28 18 24 36 23 0 30 11 35 25 21 10 32 29 14 22 3 1 5 13 26 6 19 20 31 9 15 37 4 17 2 16 
0 12
1 24
2 37
3 23
4 35
5 25
6 28
7 1
8 3
9 32
10 18
11 14
12 5
13 26
14 21
15 33
16 38
17 36
18 8
19 29
20 30
21 17
22 22
23 11
24 9
25 16
26 27
27 2
28 7
29 20
30 13
31 31
32 19
33 6
34 0
35 15
36 10
37 34
38 4
SIMILAR

15 34 38 36 27 25 24 33 4 6 14 20 28 2 12 18 9 11 16 13 35 30 29 0 32 26 10 8 19 23 37 3 17 5 31 21 7 22 1 
0 23
1 38
2 13
3 31
4 8
5 33
6 9
7 36
8 27
9 16
10 26
11 17
12 14
13 19
14 10
15 0
16 18
17 32
18 15
19 28
20 11
21 35
22 37
23 29
24 6
25 5
26 25
27 4
28 12
29 22
30 21
31 34
32 24
33 7
34 1
35 20
36 3
37 30
38 2
SIMILAR

23 36 17 4 5 18 10 20 32 14 11 21 28 30 15 1 0 38 6 9 31 13 19 7 26 22 8 12 35 29 25 27 24 2 34 3 37 33 16 
0 16
1 15
2 33
3 35
4 3
5 4
6 18
7 23
8 26
9 19
10 6
11 10
12 27
13 21
14 9
15 14
16 38
17 2
18 5
19 22
20 7
21 11
22 25
23 0
24 32
25 30
26 24
27 31
28 12
29 29
30 13
31 20
32 8
33 37
34 34
35 28
36 1
37 36
38 17
SIMILAR

5 13 15 38 23 33 11 28 37 12 26 34 21 20 35 9 31 25 17 29 4 24 36 10 22 16 7 32 3 1 18 19 6 2 27 14 30 8 0 
0 38
1 29
2 33
3 28
4 20
5 0
6 32
7 26
8 37
9 15
10 23
11 6
12 9
13 1
14 35
15 2
16 25
17 18
18 30
19 31
20 13
21 12
22 24
23 4
24 21
25 17
26 10
27 34
28 7
29 19
30 36
31 16
32 27
33 5
34 11
35 14
36 22
37 8
38 3
SIMILAR

37 0 3 24 10 15 19 25 14 35 31 16 6 8 27 17 32 22 28 18 9 30 11 1 23 2 5 4 20 33 34 21 13 26 36 7 29 12 38 
0 1
1 23
2 25
3 2
4 27
5 26
6 12
7 35
8 13
9 20
10 4
11 22
12 37
13 32
14 8
15 5
16 11
17 15
18 19
19 6
20 28
21 31
22 17
23 24
24 3
25 7
26 33
27 14
28 18
29 36
30 21
31 10
32 16
33 29
34 30
35 9
36 34
37 0
38 38
SIMILAR

16 26 18 7 31 2 27 35 4 32 14 13 10 1 3 5 12 25 36 30 15 28 29 21 37 9 38 11 20 8 34 23 0 6 33 24 19 17 22 
0 32
1 13
2 5
3 14
4 8
5 15
6 33
7 3
8 29
9 25
10 12
11 27
12 16
13 11
14 10
15 20
16 0
17 37
18 2
19 36
20 28
21 23
22 38
23 31
24 35
25 17
26 1
27 6
28 21
29 22
30 19
31 4
32 9
33 34
34 30
35 7
36 18
37 24
38 26
SIMILAR

26 22 23 17 9 24 4 1 31 32 11 33 29 25 15 10 18 8 0 36 34 14 7 5 13 37 19 16 35 28 38 6 3 30 27 21 2 20 12 
0 18
1 7
2 36
3 32
4 6
5 23
6 31
7 22
8 17
9 4
10 15
11 10
12 38
13 24
14 21
15 14
16 27
17 3
18 16
19 26
20 37
21 35
22 1
23 2
24 5
25 13
26 0
27 34
28 29
29 12
30 33
31 8
32 9
33 11
34 20
35 28
36 19
37 25
38 30
SIMILAR

38 22 26 17 27 14 15 11 5 21 35 16 33 3 34 4 7 12 0 2 18 30 32 25 31 20 28 13 36 23 19 8 9 1 6 24 37 10 29 
0 18
1 33
2 19
3 13
4 15
5 8
6 34
7 16
8 31
9 32
10 37
11 7
12 17
13 27
14 5
15 6
16 11
17 3
18 20
19 30
20 25
21 9
22 1
23 29
24 35
25 23
26 2
27 4
28 26
29 38
30 21
31 24
32 22
33 12
34 14
35 10
36 28
37 36
38 0
SIMILAR

33 5 37 26 0 24 31 17 4 10 23 29 30 36 14 22 8 34 35 19 20 27 2 6 21 16 7 1 32 28 11 9 12 38 3 25 18 15 13 
0 4
1 27
2 22
3 34
4 8
5 1
6 23
7 26
8 16
9 31
10 9
11 30
12 32
13 38
14 14
15 37
16 25
17 7
18 36
19 19
20 20
21 24
22 15
23 10
24 5
25 35
26 3
27 21
28 29
29 11
30 12
31 6
32 28
33 0
34 17
35 18
36 13
37 2
38 33
SIMILAR

4 27 20 3 25 34 7 21 12 23 24 17 31 28 22 5 6 16 10 32 1 29 15 19 13 8 11 18 35 33 37 38 0 2 26 30 36 9 14 
0 32
1 20
2 33
3 3
4 0
5 15
6 16
7 6
8 25
9 37
10 18
11 26
12 8
13 24
14 38
15 22
16 17
17 11
18 27
19 23
20 2
21 7
22 14
23 9
24 10
25 4
26 34
27 1
28 13
29 21
30 35
31 12
32 19
33 29
34 5
35 28
36 36
37 30
38 31
SIMILAR

24 5 8 2 1 29 0 26 33 6 25 32 14 7 18 21 20 38 36 23 37 34 16 30 12 13 3 22 35 31 10 15 4 11 19 17 9 27 28 
0 6
1 4
2 3
3 26
4 32
5 1
6 9
7 13
8 2
9 36
10 30
11 33
12 24
13 25
14 12
15 31
16 22
17 35
18 14
19 34
20 16
21 15
22 27
23 19
24 0
25 10
26 7
27 37
28 38
29 5
30 23
31 29
32 11
33 8
34 21
35 28
36 18
37 20
38 17
SIMILAR

24 28 31 32 11 22 25 30 7 18 12 16 17 10 5 21 2 36 9 19 4 26 38 37 23 1 20 15 29 27 13 3 35 6 34 8 14 0 33 
0 37
1 25
2 16
3 31
4 20
5 14
6 33
7 8
8 35
9 18
10 13
11 4
12 10
13 30
14 36
15 27
16 11
17 12
18 9
19 19
20 26
21 15
22 5
23 24
24 0
25 6
26 21
27 29
28 1
29 28
30 7
31 2
32 3
33 38
34 34
35 32
36 17
37 23
38 22
SIMILAR

29 34 27 32 11 20 9 1 37 14 19 16 8 7 23 22 0 13 28 24 38 25 10 3 4 30 18 35 36 2 26 12 33 31 15 21 5 6 17 
0 16
1 7
2 29
3 23
4 24
5 36
6 37
7 13
8 12
9 6
10 22
11 4
12 31
13 17
14 9
15 34
16 11
17 38
18 26
19 10
20 5
21 35
22 15
23 14
24 19
25 21
26 30
27 2
28 18
29 0
30 25
31 33
32 3
33 32
34 1
35 27
36 28
37 8
38 20
SIMILAR

10 16 38 35 15 9 20 29 17 21 8 30 12 5 32 37 3 23 31 34 6 2 7 4 19 22 0 36 14 33 1 13 18 27 24 11 26 28 25 
0 26
1 30
2 21
3 16
4 23
5 13
6 20
7 22
8 10
9 5
10 0
11 35
12 12
13 31
14 28
15 4
16 1
17 8
18 32
19 24
20 6
21 9
22 25
23 17
24 34
25 38
26 36
27 33
28 37
29 7
30 11
31 18
32 14
33 29
34 19
35 3
36 27
37 15
38 2
SIMILAR

12 13 20 4 16 6 22 3 28 37 5 8 34 32 1 26 23 18 2 15 29 21 27 9 0 11 10 14 17 31 35 33 7 25 30 19 38 36 24 
0 24
1 14
2 18
3 7
4 3
5 10
6 5
7 32
8 11
9 23
10 26
11 25
12 0
13 1
14 27
15 19
16 4
17 28
18 17
19 35
20 2
21 21
22 6
23 16
24 38
25 33
26 15
27 22
28 8
29 20
30 34
31 29
32 13
33 31
34 12
35 30
36 37
37 9
38 36
SIMILAR

7 33 1 23 12 18 20 8 38 11 22 36 3 4 32 28 9 24 15 26 31 30 14 29 5 6 35 16 19 37 34 10 25 17 0 13 27 21 2 
0 34
1 2
2 38
3 12
4 13
5 24
6 25
7 0
8 7
9 16
10 31
11 9
12 4
13 35
14 22
15 18
16 27
17 33
18 5
19 28
20 6
21 37
22 10
23 3
24 17
25 32
26 19
27 36
28 15
29 23
30 21
31 20
32 14
33 1
34 30
35 26
36 11
37 29
38 8
SIMILAR

4 11 3 17 1 2 30 23 36 32 21 16 19 10 25 29 35 13 14 31 20 37 15 26 27 28 5 24 6 0 9 38 33 18 12 7 22 8 34 
0 29
1 4
2 5
3 2
4 0
5 26
6 28
7 35
8 37
9 30
10 13
11 1
12 34
13 17
14 18
15 22
16 11
17 3
18 33
19 12
20 20
21 10
22 36
23 7
24 27
25 14
26 23
27 24
28 25
29 15
30 6
31 19
32 9
33 32
34 38
35 16
36 8
37 21
38 31
SIMILAR

38 33 6 26 3 27 23 20 36 21 31 14 13 32 2 17 16 12 37 25 8 7 4 15 34 35 10 9 5 18 29 1 28 22 0 24 11 19 30 
0 34
1 31
2 14
3 4
4 22
5 28
6 2
7 21
8 20
9 27
10 26
11 36
12 17
13 12
14 11
15 23
16 16
17 15
18 29
19 37
20 7
21 9
22 33
23 6
24 35
25 19
26 3
27 5
28 32
29 30
30 38
31 10
32 13
33 1
34 24
35 25
36 8
37 18
38 0
SIMILAR

21 12 16 29 1 8 28 2 31 19 9 33 32 23 27 20 15 7 36 11 0 26 24 4 6 5 10 38 14 17 30 18 34 35 37 25 22 13 3 
0 20
1 4
2 7
3 38
4 23
5 25
6 24
7 17
8 5
9 10
10 26
11 19
12 1
13 37
14 28
15 16
16 2
17 29
18 31
19 9
20 15
21 0
22 36
23 13
24 22
25 35
26 21
27 14
28 6
29 3
30 30
31 8
32 12
33 11
34 32
35 33
36 18
37 34
38 27
SIMILAR

5 0 14 9 20 22 36 7 17 1 23 2 38 11 15 35 8 18 28 31 19 24 33 16 32 4 25 13 10 6 21 34 3 26 37 30 27 12 29 
0 1
1 9
2 11
3 32
4 25
5 0
6 29
7 7
8 16
9 3
10 28
11 13
12 37
13 27
14 2
15 14
16 23
17 8
18 17
19 20
20 4
21 30
22 5
23 10
24 21
25 26
26 33
27 36
28 18
29 38
30 35
31 19
32 24
33 22
34 31
35 15
36 6
37 34
38 12
SIMILAR

10 3 16 5 1 2 4 26 21 0 8 30 9 31 32 24 29 12 20 22 17 34 33 15 25 28 38 6 14 35 19 37 27 18 7 13 36 23 11 
0 9
1 4
2 5
3 1
4 6
5 3
6 27
7 34
8 10
9 12
10 0
11 38
12 17
13 35
14 28
15 23
16 2
17 20
18 33
19 30
20 18
21 8
22 19
23 37
24 15
25 24
26 7
27 32
28 25
29 16
30 11
31 13
32 14
33 22
34 21
35 29
36 36
37 31
38 26
SIMILAR

34 10 3 33 13 7 30 38 32 15 37 8 36 35 16 23 12 14 27 31 21 19 25 0 24 11 29 26 9 22 6 2 18 4 1 17 28 20 5 
0 23
1 34
2 31
3 2
4 33
5 38
6 30
7 5
8 11
9 28
10 1
11 25
12 16
13 4
14 17
15 9
16 14
17 35
18 32
19 21
20 37
21 20
22 29
23 15
24 24
25 22
26 27
27 18
28 36
29 26
30 6
31 19
32 8
33 3
34 0
35 13
36 12
37 10
38 7
SIMILAR

11 26 25 29 34 4 38 35 15 16 7 24 31 14 21 3 18 6 10 9 36 32 30 5 28 8 27 37 0 2 19 22 20 1 13 33 12 23 17 
0 28
1 33
2 29
3 15
4 5
5 23
6 17
7 10
8 25
9 19
10 18
11 0
12 36
13 34
14 13
15 8
16 9
17 38
18 16
19 30
20 32
21 14
22 31
23 37
24 11
25 2
26 1
27 26
28 24
29 3
30 22
31 12
32 21
33 35
34 4
35 7
36 20
37 27
38 6
SIMILAR
100 0
2600 0
352600 0
