33
0 1 0 0 1 0 1 1 0 1 1 1 1 0 1 1 1 0 1 0 0 0 0 0 1 1 1 0 1 0 1 0 0 
1 0 0 0 0 0 1 1 1 1 0 0 0 0 0 0 1 0 0 0 1 1 1 0 0 0 1 0 0 0 1 0 1 
0 0 0 1 0 1 0 0 1 1 0 1 1 0 0 0 0 1 1 1 1 1 1 1 0 1 0 0 0 0 1 1 0 
0 0 1 0 1 0 1 0 0 1 0 0 1 0 0 1 1 1 0 0 1 0 0 0 1 0 1 1 0 0 1 0 0 
1 0 0 1 0 1 1 1 1 1 0 1 0 0 1 0 0 1 0 1 1 1 0 1 0 0 0 1 0 1 0 0 0 
0 0 1 0 1 0 0 1 0 0 1 1 1 1 1 1 0 0 1 1 1 1 0 1 1 0 1 1 1 0 1 1 0 
1 1 0 1 1 0 0 1 0 1 1 1 1 0 0 0 0 0 0 1 0 1 0 0 1 1 1 0 1 1 0 1 0 
1 1 0 0 1 1 1 0 0 0 0 1 0 0 0 1 0 1 1 0 0 0 1 0 1 1 1 1 0 1 0 1 1 
0 1 1 0 1 0 0 0 0 1 0 0 0 1 0 1 0 1 1 0 1 0 0 1 1 0 1 0 1 1 0 0 0 
1 1 1 1 1 0 1 0 1 0 0 0 0 0 0 1 0 0 1 1 0 0 1 0 1 0 0 1 1 0 0 0 1 
1 0 0 0 0 1 1 0 0 0 0 1 0 1 1 1 1 1 1 0 0 0 1 1 0 0 0 1 1 1 1 1 1 
1 0 1 0 1 1 1 1 0 0 1 0 0 0 1 0 0 1 1 1 0 0 1 1 0 0 0 1 1 0 1 0 1 
1 0 1 1 0 1 1 0 0 0 0 0 0 1 1 1 0 0 1 1 1 1 1 0 0 1 0 0 1 0 0 0 0 
0 0 0 0 0 1 0 0 1 0 1 0 1 0 0 0 1 0 0 1 1 1 1 0 0 0 0 0 0 1 1 0 1 
1 0 0 0 1 1 0 0 0 0 1 1 1 0 0 1 1 1 1 1 1 0 1 0 0 1 0 1 1 1 1 1 1 
1 0 0 1 0 1 0 1 1 1 1 0 1 0 1 0 0 1 1 0 1 0 0 0 0 1 1 1 1 0 0 1 1 
1 1 0 1 0 0 0 0 0 0 1 0 0 1 1 0 0 0 1 0 0 0 1 1 0 0 0 1 0 0 0 1 0 
0 0 1 1 1 0 0 1 1 0 1 1 0 0 1 1 0 0 0 1 1 1 1 1 1 1 0 1 1 1 0 1 1 
1 0 1 0 0 1 0 1 1 1 1 1 1 0 1 1 1 0 0 0 0 0 1 1 1 1 1 1 1 1 1 1 0 
0 0 1 0 1 1 1 0 0 1 0 1 1 1 1 0 0 1 0 0 0 1 1 0 0 1 1 1 1 1 1 1 1 
0 1 1 1 1 1 0 0 1 0 0 0 1 1 1 1 0 1 0 0 0 0 1 1 1 0 0 0 0 1 0 1 1 
0 1 1 0 1 1 1 0 0 0 0 0 1 1 0 0 0 1 0 1 0 0 1 1 1 1 1 1 0 1 1 1 0 
0 1 1 0 0 0 0 1 0 1 1 1 1 1 1 0 1 1 1 1 1 1 0 1 0 0 0 0 1 1 0 0 1 
0 0 1 0 1 1 0 0 1 0 1 1 0 0 0 0 1 1 1 0 1 1 1 0 0 1 1 0 0 0 1 0 1 
1 0 0 1 0 1 1 1 1 1 0 0 0 0 0 0 0 1 1 0 1 1 0 0 0 0 1 1 0 1 0 0 1 
1 0 1 0 0 0 1 1 0 0 0 0 1 0 1 1 0 1 1 1 0 1 0 1 0 0 1 1 1 1 0 0 0 
1 1 0 1 0 1 1 1 1 0 0 0 0 0 0 1 0 0 1 1 0 1 0 1 1 1 0 1 0 1 0 0 0 
0 0 0 1 1 1 0 1 0 1 1 1 0 0 1 1 1 1 1 1 0 1 0 0 1 1 1 0 1 0 1 0 0 
1 0 0 0 0 1 1 0 1 1 1 1 1 0 1 1 0 1 1 1 0 0 1 0 0 1 0 1 0 1 0 1 1 
0 0 0 0 1 0 1 1 1 0 1 0 0 1 1 0 0 1 1 1 1 1 1 0 1 1 1 0 1 0 1 1 0 
1 1 1 1 0 1 0 0 0 0 1 1 0 1 1 0 0 0 1 1 0 1 0 1 0 0 0 1 0 1 0 1 1 
0 0 1 0 0 1 1 1 0 0 1 0 0 0 1 1 1 1 1 1 1 1 0 0 0 0 0 0 1 1 1 0 1 
0 1 0 0 0 0 0 1 0 1 1 1 0 1 1 1 0 1 0 1 1 0 1 1 1 0 0 0 1 0 1 1 0 

10 15 12 19 5 7 0 8 27 24 29 9 18 20 28 11 30 4 31 2 16 25 26 14 32 21 1 13 23 3 6 17 22 
0 6
1 26
2 19
3 29
4 17
5 4
6 30
7 5
8 7
9 11
10 0
11 15
12 2
13 27
14 23
15 1
16 20
17 31
18 12
19 3
20 13
21 25
22 32
23 28
24 9
25 21
26 22
27 8
28 14
29 10
30 16
31 18
32 24
SIMILAR

21 7 23 30 27 25 31 32 15 5 0 16 2 18 22 19 13 14 17 12 11 28 10 1 9 4 29 8 24 6 26 20 3 
0 10
1 23
2 12
3 32
4 25
5 9
6 29
7 1
8 27
9 24
10 22
11 20
12 19
13 16
14 17
15 8
16 11
17 18
18 13
19 15
20 31
21 0
22 14
23 2
24 28
25 5
26 30
27 4
28 21
29 26
30 3
31 6
32 7
SIMILAR

30 13 22 25 16 26 8 9 28 4 14 23 15 31 19 32 5 7 27 17 2 20 10 1 24 12 21 6 0 18 29 11 3 
0 28
1 23
2 20
3 32
4 9
5 16
6 27
7 17
8 6
9 7
10 22
11 31
12 25
13 1
14 10
15 12
16 4
17 19
18 29
19 14
20 21
21 26
22 2
23 11
24 24
25 3
26 5
27 18
28 8
29 30
30 0
31 13
32 15
SIMILAR

3 11 1 22 0 14 27 13 28 19 4 26 9 10 20 29 23 8 12 24 17 31 2 30 15 32 16 5 7 6 18 21 25 
0 4
1 2
2 22
3 0
4 10
5 27
6 29
7 28
8 17
9 12
10 13
11 1
12 18
13 7
14 5
15 24
16 26
17 20
18 30
19 9
20 14
21 31
22 3
23 16
24 19
25 32
26 11
27 6
28 8
29 15
30 23
31 21
32 25
SIMILAR

29 4 12 27 28 20 26 23 16 31 14 15 18 13 2 6 32 21 17 19 25 9 7 5 11 24 22 3 1 0 10 8 30 
0 29
1 28
2 14
3 27
4 1
5 23
6 15
7 22
8 31
9 21
10 30
11 24
12 2
13 13
14 10
15 11
16 8
17 18
18 12
19 19
20 5
21 17
22 26
23 7
24 25
25 20
26 6
27 3
28 4
29 0
30 32
31 9
32 16
SIMILAR

15 25 4 21 28 27 26 17 2 12 30 22 1 24 18 3 10 16 13 31 14 8 9 11 29 19 32 6 7 20 0 5 23 
0 30
1 12
2 8
3 15
4 2
5 31
6 27
7 28
8 21
9 22
10 16
11 23
12 9
13 18
14 20
15 0
16 17
17 7
18 14
19 25
20 29
21 3
22 11
23 32
24 13
25 1
26 6
27 5
28 4
29 24
30 10
31 19
32 26
SIMILAR

27 24 20 14 11 31 21 2 4 15 8 10 1 23 5 30 7 28 3 17 25 32 22 6 9 19 13 26 29 12 0 16 18 
0 30
1 12
2 7
3 18
4 8
5 14
6 23
7 16
8 10
9 24
10 11
11 4
12 29
13 26
14 3
15 9
16 31
17 19
18 32
19 25
20 2
21 6
22 22
23 13
24 1
25 20
26 27
27 0
28 17
29 28
30 15
31 5
32 21
SIMILAR

17 32 4 26 22 6 11 31 3 30 23 12 10 19 7 1 21 0 13 28 14 20 18 2 8 15 5 29 16 9 27 24 25 
0 17
1 15
2 23
3 8
4 2
5 26
6 5
7 14
8 24
9 29
10 12
11 6
12 11
13 18
14 20
15 25
16 28
17 0
18 22
19 13
20 21
21 16
22 4
23 10
24 31
25 32
26 3
27 30
28 19
29 27
30 9
31 7
32 1
SIMILAR

20 6 24 31 9 28 17 0 30 23 1 14 12 26 19 29 21 2 5 4 3 11 15 16 8 13 7 18 25 32 22 10 27 
0 7
1 10
2 17
3 20
4 19
5 18
6 1
7 26
8 24
9 4
10 31
11 21
12 12
13 25
14 11
15 22
16 23
17 6
18 27
19 14
20 0
21 16
22 30
23 9
24 2
25 28
26 13
27 32
28 5
29 15
30 8
31 3
32 29
SIMILAR

15 3 30 6 31 23 12 18 7 21 27 8 2 28 11 0 13 9 29 26 19 32 5 17 24 14 4 20 10 1 25 16 22 
0 15
1 29
2 12
3 1
4 26
5 22
6 3
7 8
8 11
9 17
10 28
11 14
12 6
13 16
14 25
15 0
16 31
17 23
18 7
19 20
20 27
21 9
22 32
23 5
24 24
25 30
26 19
27 10
28 13
29 18
30 2
31 4
32 21
SIMILAR

5 21 27 10 31 7 25 16 6 0 14 29 19 23 22 15 2 12 9 11 18 32 8 17 30 20 13 26 24 3 28 4 1 
0 9
1 32
2 16
3 29
4 31
5 0
6 8
7 5
8 22
9 18
10 3
11 19
12 17
13 26
14 10
15 15
16 7
17 23
18 20
19 12
20 25
21 1
22 14
23 13
24 28
25 6
26 27
27 2
28 30
29 11
30 24
31 4
32 21
SIMILAR

28 21 13 23 8 2 5 6 22 11 30 17 4 0 25 26 27 29 9 31 1 15 10 16 24 7 20 19 14 32 18 3 12 
0 13
1 20
2 5
3 31
4 12
5 6
6 7
7 25
8 4
9 18
10 22
11 9
12 32
13 2
14 28
15 21
16 23
17 11
18 30
19 27
20 26
21 1
22 8
23 3
24 24
25 14
26 15
27 16
28 0
29 17
30 10
31 19
32 29
SIMILAR

17 20 22 19 7 9 14 24 6 30 4 5 27 0 28 18 21 16 12 2 3 13 32 15 26 11 23 10 1 25 29 8 31 
0 13
1 28
2 19
3 20
4 10
5 11
6 8
7 4
8 31
9 5
10 27
11 25
12 18
13 21
14 6
15 23
16 17
17 0
18 15
19 3
20 1
21 16
22 2
23 26
24 7
25 29
26 24
27 12
28 14
29 30
30 9
31 32
32 22
SIMILAR

3 0 22 16 10 2 29 25 19 5 31 24 27 6 17 21 13 26 20 28 18 1 11 30 15 14 12 4 23 7 9 32 8 
0 1
1 21
2 5
3 0
4 27
5 9
6 13
7 29
8 32
9 30
10 4
11 22
12 26
13 16
14 25
15 24
16 3
17 14
18 20
19 8
20 18
21 15
22 2
23 28
24 11
25 7
26 17
27 12
28 19
29 6
30 23
31 10
32 31
SIMILAR

4 16 20 11 10 14 19 9 24 5 18 6 0 13 32 23 2 17 7 25 15 8 26 30 3 27 12 29 21 22 1 31 28 
0 12
1 30
2 16
3 24
4 0
5 9
6 11
7 18
8 21
9 7
10 4
11 3
12 26
13 13
14 5
15 20
16 1
17 17
18 10
19 6
20 2
21 28
22 29
23 15
24 8
25 19
26 22
27 25
28 32
29 27
30 23
31 31
32 14
SIMILAR

31 10 30 12 22 21 16 7 3 20 4 9 32 15 17 27 26 29 5 13 18 2 6 19 1 24 0 8 23 11 25 28 14 
0 26
1 24
2 21
3 8
4 10
5 18
6 22
7 7
8 27
9 11
10 1
11 29
12 3
13 19
14 32
15 13
16 6
17 14
18 20
19 23
20 9
21 5
22 4
23 28
24 25
25 30
26 16
27 15
28 31
29 17
30 2
31 0
32 12
SIMILAR

24 6 18 12 13 14 16 7 25 19 22 31 30 23 32 9 4 29 21 11 15 20 3 10 5 8 17 2 1 27 28 26 0 
0 32
1 28
2 27
3 22
4 16
5 24
6 1
7 7
8 25
9 15
10 23
11 19
12 3
13 4
14 5
15 20
16 6
17 26
18 2
19 9
20 21
21 18
22 10
23 13
24 0
25 8
26 31
27 29
28 30
29 17
30 12
31 11
32 14
SIMILAR

30 11 8 21 24 20 14 29 32 6 0 4 26 5 7 15 31 3 27 10 22 13 2 9 25 12 1 16 18 17 23 19 28 
0 10
1 26
2 22
3 17
4 11
5 13
6 9
7 14
8 2
9 23
10 19
11 1
12 25
13 21
14 6
15 15
16 27
17 29
18 28
19 31
20 5
21 3
22 20
23 30
24 4
25 24
26 12
27 18
28 32
29 7
30 0
31 16
32 8
SIMILAR

8 28 10 22 29 9 32 31 16 6 5 7 3 11 0 2 27 17 19 25 13 26 4 24 15 12 14 18 23 21 30 20 1 
0 14
1 32
2 15
3 12
4 22
5 10
6 9
7 11
8 0
9 5
10 2
11 13
12 25
13 20
14 26
15 24
16 8
17 17
18 27
19 18
20 31
21 29
22 3
23 28
24 23
25 19
26 21
27 16
28 1
29 4
30 30
31 7
32 6
SIMILAR

29 27 22 25 9 13 31 21 28 10 8 14 19 6 7 23 26 12 11 20 4 17 32 0 15 16 1 5 24 18 30 2 3 
0 23
1 26
2 31
3 32
4 20
5 27
6 13
7 14
8 10
9 4
10 9
11 18
12 17
13 5
14 11
15 24
16 25
17 21
18 29
19 12
20 19
21 7
22 2
23 15
24 28
25 3
26 16
27 1
28 8
29 0
30 30
31 6
32 22
SIMILAR

1 31 0 21 5 20 27 13 2 12 3 22 25 24 30 16 32 15 10 18 19 11 14 29 9 28 8 26 17 7 6 4 23 
0 2
1 0
2 8
3 10
4 31
5 4
6 30
7 29
8 26
9 24
10 18
11 21
12 9
13 7
14 22
15 17
16 15
17 28
18 19
19 20
20 5
21 3
22 11
23 32
24 13
25 12
26 27
27 6
28 25
29 23
30 14
31 1
32 16
SIMILAR

23 15 25 21 13 26 6 0 31 14 7 10 9 30 32 3 29 28 16 22 20 2 5 24 19 11 17 12 27 4 8 18 1 
0 7
1 32
2 21
3 15
4 29
5 22
6 6
7 10
8 30
9 12
10 11
11 25
12 27
13 4
14 9
15 1
16 18
17 26
18 31
19 24
20 20
21 3
22 19
23 0
24 23
25 2
26 5
27 28
28 17
29 16
30 13
31 8
32 14
SIMILAR

27 11 0 3 21 31 12 20 30 6 23 24 9 2 15 18 10 29 8 19 25 1 14 5 17 28 13 4 7 22 32 26 16 
0 2
1 21
2 13
3 3
4 27
5 23
6 9
7 28
8 18
9 12
10 16
11 1
12 6
13 26
14 22
15 14
16 32
17 24
18 15
19 19
20 7
21 4
22 29
23 10
24 11
25 20
26 31
27 0
28 25
29 17
30 8
31 5
32 30
SIMILAR

21 30 20 32 6 7 29 15 25 9 14 31 8 2 11 1 13 27 18 0 16 19 22 12 24 26 28 5 17 3 4 10 23 
0 19
1 15
2 13
3 29
4 30
5 27
6 4
7 5
8 12
9 9
10 31
11 14
12 23
13 16
14 10
15 7
16 20
17 28
18 18
19 21
20 2
21 0
22 22
23 32
24 24
25 8
26 25
27 17
28 26
29 6
30 1
31 11
32 3
SIMILAR

21 25 19 15 20 6 14 32 24 1 0 11 12 18 7 29 16 22 2 3 23 8 4 13 9 17 27 26 31 28 10 5 30 
0 10
1 9
2 18
3 19
4 22
5 31
6 5
7 14
8 21
9 24
10 30
11 11
12 12
13 23
14 6
15 3
16 16
17 25
18 13
19 2
20 4
21 0
22 17
23 20
24 8
25 1
26 27
27 26
28 29
29 15
30 32
31 28
32 7
SIMILAR

10 5 22 13 0 4 1 30 19 28 24 16 20 3 23 31 14 18 6 29 15 9 8 11 27 32 25 21 7 26 2 17 12 
0 4
1 6
2 30
3 13
4 5
5 1
6 18
7 28
8 22
9 21
10 0
11 23
12 32
13 3
14 16
15 20
16 11
17 31
18 17
19 8
20 12
21 27
22 2
23 14
24 10
25 26
26 29
27 24
28 9
29 19
30 7
31 15
32 25
SIMILAR

2 24 0 10 22 20 27 14 15 7 26 12 16 29 1 31 18 3 5 28 23 19 11 17 30 21 25 32 8 4 6 13 9 
0 2
1 14
2 0
3 17
4 29
5 18
6 30
7 9
8 28
9 32
10 3
11 22
12 11
13 31
14 7
15 8
16 12
17 23
18 16
19 21
20 5
21 25
22 4
23 20
24 1
25 26
26 10
27 6
28 19
29 13
30 24
31 15
32 27
SIMILAR

1 12 30 22 6 19 14 15 25 5 23 4 10 29 13 24 2 32 27 3 18 20 11 26 28 31 21 17 16 0 9 7 8 
0 29
1 0
2 16
3 19
4 11
5 9
6 4
7 31
8 32
9 30
10 12
11 22
12 1
13 14
14 6
15 7
16 28
17 27
18 20
19 5
20 21
21 26
22 3
23 10
24 15
25 8
26 23
27 18
28 24
29 13
30 2
31 25
32 17
SIMILAR

2 15 27 4 13 18 20 14 32 12 26 1 23 22 7 29 16 25 8 17 10 30 31 0 21 9 6 28 3 5 24 19 11 
0 23
1 11
2 0
3 28
4 3
5 29
6 26
7 14
8 18
9 25
10 20
11 32
12 9
13 4
14 7
15 1
16 16
17 19
18 5
19 31
20 6
21 24
22 13
23 12
24 30
25 17
26 10
27 2
28 27
29 15
30 21
31 22
32 8
SIMILAR

1 27 24 4 2 30 10 3 15 11 9 22 26 32 17 6 25 16 23 5 29 18 12 8 31 19 7 0 13 14 28 20 21 
0 27
1 0
2 4
3 7
4 3
5 19
6 15
7 26
8 23
9 10
10 6
11 9
12 22
13 28
14 29
15 8
16 17
17 14
18 21
19 25
20 31
21 32
22 11
23 18
24 2
25 16
26 12
27 1
28 30
29 20
30 5
31 24
32 13
SIMILAR

22 19 30 32 17 18 27 25 1 3 21 10 31 0 4 8 12 7 29 6 5 14 9 16 23 11 15 2 20 26 24 28 13 
0 13
1 8
2 27
3 9
4 14
5 20
6 19
7 17
8 15
9 22
10 11
11 25
12 16
13 32
14 21
15 26
16 23
17 4
18 5
19 1
20 28
21 10
22 0
23 24
24 30
25 7
26 29
27 6
28 31
29 18
30 2
31 12
32 3
SIMILAR

2 5 3 11 25 18 32 13 8 28 12 16 9 21 20 0 14 4 27 7 10 1 29 26 17 6 15 22 31 30 24 19 23 
0 15
1 21
2 0
3 2
4 17
5 1
6 25
7 19
8 8
9 12
10 20
11 3
12 10
13 7
14 16
15 26
16 11
17 24
18 5
19 31
20 14
21 13
22 27
23 32
24 30
25 4
26 23
27 18
28 9
29 22
30 29
31 28
32 6
SIMILAR

10 5 21 13 24 17 22 23 28 27 7 26 15 9 6 4 20 1 31 18 14 25 11 0 12 19 16 30 8 29 3 2 32 
0 23
1 17
2 31
3 30
4 15
5 1
6 14
7 10
8 28
9 13
10 0
11 22
12 24
13 3
14 20
15 12
16 26
17 5
18 19
19 25
20 16
21 2
22 6
23 7
24 4
25 21
26 11
27 9
28 8
29 29
30 27
31 18
32 32
SIMILAR

20 5 19 0 15 10 30 9 21 8 12 1 14 25 17 18 26 4 31 27 13 29 32 11 28 16 3 22 2 24 6 7 23 
0 3
1 11
2 28
3 26
4 17
5 1
6 30
7 31
8 9
9 7
10 5
11 23
12 10
13 20
14 12
15 4
16 25
17 14
18 15
19 2
20 0
21 8
22 27
23 32
24 29
25 13
26 16
27 19
28 24
29 21
30 6
31 18
32 22
SIMILAR

4 14 15 0 20 31 10 1 7 26 5 11 17 28 13 32 22 19 24 12 27 9 2 3 23 21 29 8 6 25 16 18 30 
0 3
1 7
2 22
3 23
4 0
5 10
6 28
7 8
8 27
9 21
10 6
11 11
12 19
13 14
14 1
15 2
16 30
17 12
18 31
19 17
20 4
21 25
22 16
23 24
24 18
25 29
26 9
27 20
28 13
29 26
30 32
31 5
32 15
SIMILAR

14 11 27 5 18 24 9 12 16 20 3 23 25 22 29 15 2 10 31 26 28 1 7 0 21 17 4 32 13 19 30 8 6 
0 23
1 21
2 16
3 10
4 26
5 3
6 32
7 22
8 31
9 6
10 17
11 1
12 7
13 28
14 0
15 15
16 8
17 25
18 4
19 29
20 9
21 24
22 13
23 11
24 5
25 12
26 19
27 2
28 20
29 14
30 30
31 18
32 27
SIMILAR

2 10 25 14 29 18 21 20 28 27 24 1 5 13 31 23 30 11 7 9 6 8 3 15 4 26 22 12 19 16 0 17 32 
0 30
1 11
2 0
3 22
4 24
5 12
6 20
7 18
8 21
9 19
10 1
11 17
12 27
13 13
14 3
15 23
16 29
17 31
18 5
19 28
20 7
21 6
22 26
23 15
24 10
25 2
26 25
27 9
28 8
29 4
30 16
31 14
32 32
SIMILAR

2 20 0 23 10 29 5 11 18 8 9 3 21 30 27 24 19 26 13 22 17 14 1 12 4 31 15 32 16 25 7 28 6 
0 2
1 22
2 0
3 11
4 24
5 6
6 32
7 30
8 9
9 10
10 4
11 7
12 23
13 18
14 21
15 26
16 28
17 20
18 8
19 16
20 1
21 12
22 19
23 3
24 15
25 29
26 17
27 14
28 31
29 5
30 13
31 25
32 27
SIMILAR

29 6 26 24 13 3 27 28 18 19 20 16 25 1 5 23 12 21 17 9 14 15 2 0 30 4 32 10 7 11 8 22 31 
0 23
1 13
2 22
3 5
4 25
5 14
6 1
7 28
8 30
9 19
10 27
11 29
12 16
13 4
14 20
15 21
16 11
17 18
18 8
19 9
20 10
21 17
22 31
23 15
24 3
25 12
26 2
27 6
28 7
29 0
30 24
31 32
32 26
SIMILAR

17 1 5 18 16 21 8 13 2 27 0 7 19 22 30 20 23 12 3 24 29 6 10 4 28 14 26 25 31 9 11 32 15 
0 10
1 1
2 8
3 18
4 23
5 2
6 21
7 11
8 6
9 29
10 22
11 30
12 17
13 7
14 25
15 32
16 4
17 0
18 3
19 12
20 15
21 5
22 13
23 16
24 19
25 27
26 26
27 9
28 24
29 20
30 14
31 28
32 31
SIMILAR

11 0 32 17 24 13 12 29 19 6 22 21 3 20 5 9 7 27 25 10 16 31 18 4 2 30 8 26 1 14 23 15 28 
0 1
1 28
2 24
3 12
4 23
5 14
6 9
7 16
8 26
9 15
10 19
11 0
12 6
13 5
14 29
15 31
16 20
17 3
18 22
19 8
20 13
21 11
22 10
23 30
24 4
25 18
26 27
27 17
28 32
29 7
30 25
31 21
32 2
SIMILAR

11 30 5 20 17 0 16 26 24 23 31 18 21 19 14 32 4 2 7 27 13 9 28 8 6 29 22 25 15 10 12 3 1 
0 5
1 32
2 17
3 31
4 16
5 2
6 24
7 18
8 23
9 21
10 29
11 0
12 30
13 20
14 14
15 28
16 6
17 4
18 11
19 13
20 3
21 12
22 26
23 9
24 8
25 27
26 7
27 19
28 22
29 25
30 1
31 10
32 15
SIMILAR

4 14 26 25 31 32 5 11 2 22 18 20 6 21 24 1 13 8 3 23 15 9 28 27 7 10 12 0 19 30 16 29 17 
0 27
1 15
2 8
3 18
4 0
5 6
6 12
7 24
8 17
9 21
10 25
11 7
12 26
13 16
14 1
15 20
16 30
17 32
18 10
19 28
20 11
21 13
22 9
23 19
24 14
25 3
26 2
27 23
28 22
29 31
30 29
31 4
32 5
SIMILAR

21 19 30 4 29 20 0 28 5 3 22 8 32 11 1 23 31 15 9 13 27 10 2 25 6 16 12 24 7 17 18 14 26 
0 6
1 14
2 22
3 9
4 3
5 8
6 24
7 28
8 11
9 18
10 21
11 13
12 26
13 19
14 31
15 17
16 25
17 29
18 30
19 1
20 5
21 0
22 10
23 15
24 27
25 23
26 32
27 20
28 7
29 4
30 2
31 16
32 12
SIMILAR

4 17 2 32 13 14 9 16 0 24 8 29 31 12 15 5 6 18 7 26 11 1 19 21 10 3 28 25 30 27 23 22 20 
0 8
1 21
2 2
3 25
4 0
5 15
6 16
7 18
8 10
9 6
10 24
11 20
12 13
13 4
14 5
15 14
16 7
17 1
18 17
19 22
20 32
21 23
22 31
23 30
24 9
25 27
26 19
27 29
28 26
29 11
30 28
31 12
32 3
SIMILAR

13 1 12 28 21 25 26 27 14 15 16 11 5 0 31 10 17 20 18 9 4 2 29 3 8 24 22 30 7 23 32 19 6 
0 13
1 1
2 21
3 23
4 20
5 12
6 32
7 28
8 24
9 19
10 15
11 11
12 2
13 0
14 8
15 9
16 10
17 16
18 18
19 31
20 17
21 4
22 26
23 29
24 25
25 5
26 6
27 7
28 3
29 22
30 27
31 14
32 30
SIMILAR

29 18 13 22 2 3 16 17 11 1 25 21 20 7 32 31 6 30 8 4 24 14 23 0 27 12 10 5 15 26 28 19 9 
0 23
1 9
2 4
3 5
4 19
5 27
6 16
7 13
8 18
9 32
10 26
11 8
12 25
13 2
14 21
15 28
16 6
17 7
18 1
19 31
20 12
21 11
22 3
23 22
24 20
25 10
26 29
27 24
28 30
29 0
30 17
31 15
32 14
SIMILAR

16 5 30 13 8 6 25 18 10 0 1 15 9 29 3 32 20 19 27 2 28 21 24 7 12 11 14 26 17 4 22 23 31 
0 9
1 10
2 19
3 14
4 29
5 1
6 5
7 23
8 4
9 12
10 8
11 25
12 24
13 3
14 26
15 11
16 0
17 28
18 7
19 17
20 16
21 21
22 30
23 31
24 22
25 6
26 27
27 18
28 20
29 13
30 2
31 32
32 15
SIMILAR

30 20 4 2 8 3 23 26 16 12 24 28 0 19 15 18 17 11 9 31 1 25 5 10 27 21 22 13 7 29 6 14 32 
0 12
1 20
2 3
3 5
4 2
5 22
6 30
7 28
8 4
9 18
10 23
11 17
12 9
13 27
14 31
15 14
16 8
17 16
18 15
19 13
20 1
21 25
22 26
23 6
24 10
25 21
26 7
27 24
28 11
29 29
30 0
31 19
32 32
SIMILAR

29 6 7 26 16 32 1 8 10 17 28 31 14 23 27 15 25 18 2 11 5 30 24 12 19 4 3 0 21 13 20 22 9 
0 27
1 6
2 18
3 26
4 25
5 20
6 1
7 2
8 7
9 32
10 8
11 19
12 23
13 29
14 12
15 15
16 4
17 9
18 17
19 24
20 30
21 28
22 31
23 13
24 22
25 16
26 3
27 14
28 10
29 0
30 21
31 11
32 5
SIMILAR

18 32 12 23 19 15 4 10 16 29 3 25 27 28 2 24 21 1 17 0 6 7 8 26 14 30 11 20 31 22 9 13 5 
0 19
1 17
2 14
3 10
4 6
5 32
6 20
7 21
8 22
9 30
10 7
11 26
12 2
13 31
14 24
15 5
16 8
17 18
18 0
19 4
20 27
21 16
22 29
23 3
24 15
25 11
26 23
27 12
28 13
29 9
30 25
31 28
32 1
SIMILAR

30 12 19 11 0 9 7 21 23 13 10 32 5 16 17 29 27 20 6 8 4 28 2 15 3 14 24 26 18 1 25 22 31 
0 4
1 29
2 22
3 24
4 20
5 12
6 18
7 6
8 19
9 5
10 10
11 3
12 1
13 9
14 25
15 23
16 13
17 14
18 28
19 2
20 17
21 7
22 31
23 8
24 26
25 30
26 27
27 16
28 21
29 15
30 0
31 32
32 11
SIMILAR

5 28 32 10 27 3 30 21 8 18 31 9 7 23 22 0 20 29 19 4 25 11 2 12 13 24 1 15 16 14 6 17 26 
0 15
1 26
2 22
3 5
4 19
5 0
6 30
7 12
8 8
9 11
10 3
11 21
12 23
13 24
14 29
15 27
16 28
17 31
18 9
19 18
20 16
21 7
22 14
23 13
24 25
25 20
26 32
27 4
28 1
29 17
30 6
31 10
32 2
SIMILAR

25 27 0 4 3 20 5 31 15 16 18 2 1 6 24 14 30 32 28 9 11 17 12 7 10 29 19 23 8 26 21 13 22 
0 2
1 12
2 11
3 4
4 3
5 6
6 13
7 23
8 28
9 19
10 24
11 20
12 22
13 31
14 15
15 8
16 9
17 21
18 10
19 26
20 5
21 30
22 32
23 27
24 14
25 0
26 29
27 1
28 18
29 25
30 16
31 7
32 17
SIMILAR

24 17 21 15 7 12 23 1 4 2 28 14 13 6 16 30 8 32 20 0 27 18 29 10 3 26 31 25 5 19 9 22 11 
0 19
1 7
2 9
3 24
4 8
5 28
6 13
7 4
8 16
9 30
10 23
11 32
12 5
13 12
14 11
15 3
16 14
17 1
18 21
19 29
20 18
21 2
22 31
23 6
24 0
25 27
26 25
27 20
28 10
29 22
30 15
31 26
32 17
SIMILAR

29 19 6 0 32 10 27 16 18 22 1 20 30 3 15 14 21 31 13 23 9 12 5 8 4 24 25 17 11 26 28 7 2 
0 3
1 10
2 32
3 13
4 24
5 22
6 2
7 31
8 23
9 20
10 5
11 28
12 21
13 18
14 15
15 14
16 7
17 27
18 8
19 1
20 11
21 16
22 9
23 19
24 25
25 26
26 29
27 6
28 30
29 0
30 12
31 17
32 4
SIMILAR

27 31 19 1 20 7 5 13 6 30 17 4 8 2 26 3 15 24 16 12 0 25 32 28 9 18 11 29 23 10 21 22 14 
0 20
1 3
2 13
3 15
4 11
5 6
6 8
7 5
8 12
9 24
10 29
11 26
12 19
13 7
14 32
15 16
16 18
17 10
18 25
19 2
20 4
21 30
22 31
23 28
24 17
25 21
26 14
27 0
28 23
29 27
30 9
31 1
32 22
SIMILAR

6 31 21 15 23 11 8 9 3 10 24 30 13 32 18 26 27 1 7 0 22 17 28 19 12 29 5 20 14 2 4 16 25 
0 19
1 17
2 29
3 8
4 30
5 26
6 0
7 18
8 6
9 7
10 9
11 5
12 24
13 12
14 28
15 3
16 31
17 21
18 14
19 23
20 27
21 2
22 20
23 4
24 10
25 32
26 15
27 16
28 22
29 25
30 11
31 1
32 13
SIMILAR

0 10 30 15 31 25 1 23 9 24 4 27 7 16 21 2 26 28 29 6 3 19 8 5 22 14 13 17 12 20 18 11 32 
0 0
1 6
2 15
3 20
4 10
5 23
6 19
7 12
8 22
9 8
10 1
11 31
12 28
13 26
14 25
15 3
16 13
17 27
18 30
19 21
20 29
21 14
22 24
23 7
24 9
25 5
26 16
27 11
28 17
29 18
30 2
31 4
32 32
SIMILAR

22 13 28 4 15 1 5 25 27 29 20 31 32 12 23 24 30 16 2 6 17 19 3 26 8 11 7 9 10 0 18 21 14 
0 29
1 5
2 18
3 22
4 3
5 6
6 19
7 26
8 24
9 27
10 28
11 25
12 13
13 1
14 32
15 4
16 17
17 20
18 30
19 21
20 10
21 31
22 0
23 14
24 15
25 7
26 23
27 8
28 2
29 9
30 16
31 11
32 12
SIMILAR

23 28 27 18 20 8 5 31 25 11 15 4 17 21 13 12 2 29 32 22 7 9 10 6 30 1 0 16 14 19 26 3 24 
0 26
1 25
2 16
3 31
4 11
5 6
6 23
7 20
8 5
9 21
10 22
11 9
12 15
13 14
14 28
15 10
16 27
17 12
18 3
19 29
20 4
21 13
22 19
23 0
24 32
25 8
26 30
27 2
28 1
29 17
30 24
31 7
32 18
SIMILAR

29 22 0 21 24 26 16 13 2 17 1 18 11 23 30 7 3 15 32 10 9 31 19 6 8 20 25 4 27 28 14 5 12 
0 2
1 10
2 8
3 16
4 27
5 31
6 23
7 15
8 24
9 20
10 19
11 12
12 32
13 7
14 30
15 17
16 6
17 9
18 11
19 22
20 25
21 3
22 1
23 13
24 4
25 26
26 5
27 28
28 29
29 0
30 14
31 21
32 18
SIMILAR

16 29 21 6 18 7 13 11 9 1 17 19 28 20 24 27 4 2 5 12 23 30 3 22 26 8 32 15 10 0 14 31 25 
0 29
1 9
2 17
3 22
4 16
5 18
6 3
7 5
8 25
9 8
10 28
11 7
12 19
13 6
14 30
15 27
16 0
17 10
18 4
19 11
20 13
21 2
22 23
23 20
24 14
25 32
26 24
27 15
28 12
29 1
30 21
31 31
32 26
SIMILAR

30 16 23 6 20 32 29 1 21 24 28 18 25 17 27 9 11 5 10 31 26 4 2 0 15 3 19 13 22 14 8 12 7 
0 23
1 7
2 22
3 25
4 21
5 17
6 3
7 32
8 30
9 15
10 18
11 16
12 31
13 27
14 29
15 24
16 1
17 13
18 11
19 26
20 4
21 8
22 28
23 2
24 9
25 12
26 20
27 14
28 10
29 6
30 0
31 19
32 5
SIMILAR

29 9 16 28 24 0 2 13 6 25 7 20 23 21 32 8 30 5 17 15 3 11 27 26 22 19 18 14 31 1 12 4 10 
0 5
1 29
2 6
3 20
4 31
5 17
6 8
7 10
8 15
9 1
10 32
11 21
12 30
13 7
14 27
15 19
16 2
17 18
18 26
19 25
20 11
21 13
22 24
23 12
24 4
25 9
26 23
27 22
28 3
29 0
30 16
31 28
32 14
SIMILAR

23 11 18 28 17 9 14 12 16 6 4 26 30 20 1 19 5 25 31 32 7 29 2 10 22 0 24 3 13 21 8 15 27 
0 25
1 14
2 22
3 27
4 10
5 16
6 9
7 20
8 30
9 5
10 23
11 1
12 7
13 28
14 6
15 31
16 8
17 4
18 2
19 15
20 13
21 29
22 24
23 0
24 26
25 17
26 11
27 32
28 3
29 21
30 12
31 18
32 19
SIMILAR

2 26 30 31 9 7 32 1 6 28 0 5 3 14 10 8 11 16 20 19 24 22 4 27 18 21 12 13 15 23 17 29 25 
0 10
1 7
2 0
3 12
4 22
5 11
6 8
7 5
8 15
9 4
10 14
11 16
12 26
13 27
14 13
15 28
16 17
17 30
18 24
19 19
20 18
21 25
22 21
23 29
24 20
25 32
26 1
27 23
28 9
29 31
30 2
31 3
32 6
SIMILAR

14 10 21 25 9 28 30 5 24 0 11 15 3 4 29 27 8 13 18 6 22 1 12 2 19 32 17 16 20 26 31 23 7 
0 9
1 21
2 23
3 12
4 13
5 7
6 19
7 32
8 16
9 4
10 1
11 10
12 22
13 17
14 0
15 11
16 27
17 26
18 18
19 24
20 28
21 2
22 20
23 31
24 8
25 3
26 29
27 15
28 5
29 14
30 6
31 30
32 25
SIMILAR

6 28 26 3 2 1 13 11 27 5 4 16 9 24 7 29 18 0 19 10 32 15 22 21 8 30 23 31 12 14 17 25 20 
0 17
1 5
2 4
3 3
4 10
5 9
6 0
7 14
8 24
9 12
10 19
11 7
12 28
13 6
14 29
15 21
16 11
17 30
18 16
19 18
20 32
21 23
22 22
23 26
24 13
25 31
26 2
27 8
28 1
29 15
30 25
31 27
32 20
SIMILAR

7 5 19 22 23 0 4 6 3 10 18 28 16 9 30 25 12 32 26 14 29 1 24 31 21 2 27 20 11 8 17 13 15 
0 5
1 21
2 25
3 8
4 6
5 1
6 7
7 0
8 29
9 13
10 9
11 28
12 16
13 31
14 19
15 32
16 12
17 30
18 10
19 2
20 27
21 24
22 3
23 4
24 22
25 15
26 18
27 26
28 11
29 20
30 14
31 23
32 17
SIMILAR

9 31 3 8 0 2 22 6 4 25 27 23 17 20 24 11 28 19 26 14 10 18 12 21 16 30 13 1 32 5 29 15 7 
0 4
1 27
2 5
3 2
4 8
5 29
6 7
7 32
8 3
9 0
10 20
11 15
12 22
13 26
14 19
15 31
16 24
17 12
18 21
19 17
20 13
21 23
22 6
23 11
24 14
25 9
26 18
27 10
28 16
29 30
30 25
31 1
32 28
SIMILAR

2 21 31 3 15 24 13 12 14 28 4 26 5 1 30 6 17 20 18 23 32 0 22 29 11 7 27 10 8 25 19 9 16 
0 21
1 13
2 0
3 3
4 10
5 12
6 15
7 25
8 28
9 31
10 27
11 24
12 7
13 6
14 8
15 4
16 32
17 16
18 18
19 30
20 17
21 1
22 22
23 19
24 5
25 29
26 11
27 26
28 9
29 23
30 14
31 2
32 20
SIMILAR

21 14 32 11 12 16 30 18 28 15 1 10 4 9 3 26 17 27 13 23 7 25 8 24 6 19 20 0 5 31 2 22 29 
0 27
1 10
2 30
3 14
4 12
5 28
6 24
7 20
8 22
9 13
10 11
11 3
12 4
13 18
14 1
15 9
16 5
17 16
18 7
19 25
20 26
21 0
22 31
23 19
24 23
25 21
26 15
27 17
28 8
29 32
30 6
31 29
32 2
SIMILAR

12 16 21 7 19 11 13 24 29 17 10 28 22 9 2 8 5 27 25 15 4 3 6 1 0 23 31 30 14 20 18 26 32 
0 24
1 23
2 14
3 21
4 20
5 16
6 22
7 3
8 15
9 13
10 10
11 5
12 0
13 6
14 28
15 19
16 1
17 9
18 30
19 4
20 29
21 2
22 12
23 25
24 7
25 18
26 31
27 17
28 11
29 8
30 27
31 26
32 32
SIMILAR

10 23 7 30 29 17 5 20 28 3 1 32 25 18 11 24 14 9 4 31 21 13 8 22 6 15 16 2 12 0 27 19 26 
0 29
1 10
2 27
3 9
4 18
5 6
6 24
7 2
8 22
9 17
10 0
11 14
12 28
13 21
14 16
15 25
16 26
17 5
18 13
19 31
20 7
21 20
22 23
23 1
24 15
25 12
26 32
27 30
28 8
29 4
30 3
31 19
32 11
SIMILAR

0 18 20 2 4 10 27 13 22 21 16 30 11 25 31 26 1 7 9 29 15 32 23 6 3 5 14 28 17 8 19 12 24 
0 0
1 16
2 3
3 24
4 4
5 25
6 23
7 17
8 29
9 18
10 5
11 12
12 31
13 7
14 26
15 20
16 10
17 28
18 1
19 30
20 2
21 9
22 8
23 22
24 32
25 13
26 15
27 6
28 27
29 19
30 11
31 14
32 21
SIMILAR

6 22 31 8 4 20 17 32 1 15 13 5 10 12 3 9 0 2 23 27 29 16 25 26 24 21 18 30 11 7 28 14 19 
0 16
1 8
2 17
3 14
4 4
5 11
6 0
7 29
8 3
9 15
10 12
11 28
12 13
13 10
14 31
15 9
16 21
17 6
18 26
19 32
20 5
21 25
22 1
23 18
24 24
25 22
26 23
27 19
28 30
29 20
30 27
31 2
32 7
SIMILAR

9 20 8 18 3 26 32 10 6 19 5 31 22 15 24 1 2 12 27 23 16 14 17 7 0 25 21 30 28 11 4 29 13 
0 24
1 15
2 16
3 4
4 30
5 10
6 8
7 23
8 2
9 0
10 7
11 29
12 17
13 32
14 21
15 13
16 20
17 22
18 3
19 9
20 1
21 26
22 12
23 19
24 14
25 25
26 5
27 18
28 28
29 31
30 27
31 11
32 6
SIMILAR

17 30 21 22 9 8 16 3 10 28 29 26 23 14 5 32 0 13 19 12 2 25 27 6 15 4 20 7 18 11 31 1 24 
0 16
1 31
2 20
3 7
4 25
5 14
6 23
7 27
8 5
9 4
10 8
11 29
12 19
13 17
14 13
15 24
16 6
17 0
18 28
19 18
20 26
21 2
22 3
23 12
24 32
25 21
26 11
27 22
28 9
29 10
30 1
31 30
32 15
SIMILAR

5 23 24 3 1 0 28 14 6 9 15 17 10 26 32 22 2 13 7 11 30 27 29 20 31 4 25 16 8 12 21 19 18 
0 5
1 4
2 16
3 3
4 25
5 0
6 8
7 18
8 28
9 9
10 12
11 19
12 29
13 17
14 7
15 10
16 27
17 11
18 32
19 31
20 23
21 30
22 15
23 1
24 2
25 26
26 13
27 21
28 6
29 22
30 20
31 24
32 14
SIMILAR

6 9 12 11 32 5 18 29 21 28 0 20 13 26 7 23 10 14 24 2 30 1 19 17 27 25 3 31 8 16 4 22 15 
0 10
1 21
2 19
3 26
4 30
5 5
6 0
7 14
8 28
9 1
10 16
11 3
12 2
13 12
14 17
15 32
16 29
17 23
18 6
19 22
20 11
21 8
22 31
23 15
24 18
25 25
26 13
27 24
28 9
29 7
30 20
31 27
32 4
SIMILAR

11 15 6 18 7 5 24 32 0 4 1 20 16 3 31 26 2 10 25 22 9 13 12 17 28 8 14 27 30 23 21 19 29 
0 8
1 10
2 16
3 13
4 9
5 5
6 2
7 4
8 25
9 20
10 17
11 0
12 22
13 21
14 26
15 1
16 12
17 23
18 3
19 31
20 11
21 30
22 19
23 29
24 6
25 18
26 15
27 27
28 24
29 32
30 28
31 14
32 7
SIMILAR

12 28 5 29 9 7 18 27 26 3 30 11 21 8 14 6 19 15 31 1 17 13 16 0 23 22 24 2 32 4 10 20 25 
0 23
1 19
2 27
3 9
4 29
5 2
6 15
7 5
8 13
9 4
10 30
11 11
12 0
13 21
14 14
15 17
16 22
17 20
18 6
19 16
20 31
21 12
22 25
23 24
24 26
25 32
26 8
27 7
28 1
29 3
30 10
31 18
32 28
SIMILAR

24 15 21 22 6 32 14 9 13 12 17 20 23 2 11 30 3 10 27 28 7 1 5 26 19 4 31 25 18 29 0 8 16 
0 30
1 21
2 13
3 16
4 25
5 22
6 4
7 20
8 31
9 7
10 17
11 14
12 9
13 8
14 6
15 1
16 32
17 10
18 28
19 24
20 11
21 2
22 3
23 12
24 0
25 27
26 23
27 18
28 19
29 29
30 15
31 26
32 5
SIMILAR

16 13 27 7 18 0 5 21 10 6 29 32 26 30 9 12 11 23 19 22 8 1 15 3 24 28 2 4 20 31 14 25 17 
0 5
1 21
2 26
3 23
4 27
5 6
6 9
7 3
8 20
9 14
10 8
11 16
12 15
13 1
14 30
15 22
16 0
17 32
18 4
19 18
20 28
21 7
22 19
23 17
24 24
25 31
26 12
27 2
28 25
29 10
30 13
31 29
32 11
SIMILAR

19 32 22 16 17 8 18 31 25 4 23 24 29 6 7 10 1 12 26 5 2 11 21 15 28 3 20 30 27 9 0 13 14 
0 30
1 16
2 20
3 25
4 9
5 19
6 13
7 14
8 5
9 29
10 15
11 21
12 17
13 31
14 32
15 23
16 3
17 4
18 6
19 0
20 26
21 22
22 2
23 10
24 11
25 8
26 18
27 28
28 24
29 12
30 27
31 7
32 1
SIMILAR

15 7 19 29 18 24 2 32 14 17 3 26 4 5 16 9 21 23 0 1 12 27 28 30 11 25 22 20 31 10 6 8 13 
0 18
1 19
2 6
3 10
4 12
5 13
6 30
7 1
8 31
9 15
10 29
11 24
12 20
13 32
14 8
15 0
16 14
17 9
18 4
19 2
20 27
21 16
22 26
23 17
24 5
25 25
26 11
27 21
28 22
29 3
30 23
31 28
32 7
SIMILAR

3 23 29 15 30 31 26 32 8 19 12 0 6 1 18 2 25 10 21 28 5 22 4 24 16 14 13 17 20 7 9 11 27 
0 11
1 13
2 15
3 0
4 22
5 20
6 12
7 29
8 8
9 30
10 17
11 31
12 10
13 26
14 25
15 3
16 24
17 27
18 14
19 9
20 28
21 18
22 21
23 1
24 23
25 16
26 6
27 32
28 19
29 2
30 4
31 5
32 7
SIMILAR

13 20 0 26 4 1 10 14 28 16 11 6 3 19 24 32 31 21 7 23 5 9 22 25 30 15 2 27 8 12 18 29 17 
0 2
1 5
2 26
3 12
4 4
5 20
6 11
7 18
8 28
9 21
10 6
11 10
12 29
13 0
14 7
15 25
16 9
17 32
18 30
19 13
20 1
21 17
22 22
23 19
24 14
25 23
26 3
27 27
28 8
29 31
30 24
31 16
32 15
SIMILAR

10 16 2 27 29 13 28 18 8 21 0 3 17 15 23 5 4 24 31 7 30 25 26 6 19 1 22 14 9 12 11 20 32 
0 10
1 25
2 2
3 11
4 16
5 15
6 23
7 19
8 8
9 28
10 0
11 30
12 29
13 5
14 27
15 13
16 1
17 12
18 7
19 24
20 31
21 9
22 26
23 14
24 17
25 21
26 22
27 3
28 6
29 4
30 20
31 18
32 32
SIMILAR

16 10 5 21 3 19 11 29 17 32 15 24 2 6 0 27 13 9 28 25 31 14 12 1 8 7 26 4 22 30 23 20 18 
0 14
1 23
2 12
3 4
4 27
5 2
6 13
7 25
8 24
9 17
10 1
11 6
12 22
13 16
14 21
15 10
16 0
17 8
18 32
19 5
20 31
21 3
22 28
23 30
24 11
25 19
26 26
27 15
28 18
29 7
30 29
31 20
32 9
SIMILAR

3 4 31 8 17 30 15 0 2 28 18 19 11 22 32 20 10 5 9 1 13 6 29 23 12 26 24 7 27 25 21 16 14 
0 7
1 19
2 8
3 0
4 1
5 17
6 21
7 27
8 3
9 18
10 16
11 12
12 24
13 20
14 32
15 6
16 31
17 4
18 10
19 11
20 15
21 30
22 13
23 23
24 26
25 29
26 25
27 28
28 9
29 22
30 5
31 2
32 14
SIMILAR

4 14 27 32 22 18 6 29 5 7 20 11 13 0 10 21 24 26 30 3 28 2 9 17 12 25 31 16 8 19 23 1 15 
0 13
1 31
2 21
3 19
4 0
5 8
6 6
7 9
8 28
9 22
10 14
11 11
12 24
13 12
14 1
15 32
16 27
17 23
18 5
19 29
20 10
21 15
22 4
23 30
24 16
25 25
26 17
27 2
28 20
29 7
30 18
31 26
32 3
SIMILAR

12 25 8 9 15 4 24 19 14 7 11 18 31 22 28 26 6 10 17 16 0 2 23 32 30 1 3 27 5 13 20 29 21 
0 20
1 25
2 21
3 26
4 5
5 28
6 16
7 9
8 2
9 3
10 17
11 10
12 0
13 29
14 8
15 4
16 19
17 18
18 11
19 7
20 30
21 32
22 13
23 22
24 6
25 1
26 15
27 27
28 14
29 31
30 24
31 12
32 23
SIMILAR

12 32 1 27 11 3 10 13 16 30 6 26 21 23 15 20 9 2 5 24 4 17 28 29 14 8 7 0 19 31 18 25 22 
0 27
1 2
2 17
3 5
4 20
5 18
6 10
7 26
8 25
9 16
10 6
11 4
12 0
13 7
14 24
15 14
16 8
17 21
18 30
19 28
20 15
21 12
22 32
23 13
24 19
25 31
26 11
27 3
28 22
29 23
30 9
31 29
32 1
SIMILAR

29 18 32 17 11 25 20 16 23 31 2 13 26 8 30 12 1 27 3 4 24 15 10 19 5 6 9 22 7 0 14 28 21 
0 29
1 16
2 10
3 18
4 19
5 24
6 25
7 28
8 13
9 26
10 22
11 4
12 15
13 11
14 30
15 21
16 7
17 3
18 1
19 23
20 6
21 32
22 27
23 8
24 20
25 5
26 12
27 17
28 31
29 0
30 14
31 9
32 2
SIMILAR

7 12 11 2 4 5 21 28 26 0 32 29 13 1 30 16 10 27 20 18 22 31 19 24 15 3 8 14 17 6 9 25 23 
0 9
1 13
2 3
3 25
4 4
5 5
6 29
7 0
8 26
9 30
10 16
11 2
12 1
13 12
14 27
15 24
16 15
17 28
18 19
19 22
20 18
21 6
22 20
23 32
24 23
25 31
26 8
27 17
28 7
29 11
30 14
31 21
32 10
SIMILAR

15 14 5 24 8 26 1 25 13 18 31 0 32 19 10 4 17 12 23 30 27 16 22 28 29 9 6 20 21 7 3 11 2 
0 11
1 6
2 32
3 30
4 15
5 2
6 26
7 29
8 4
9 25
10 14
11 31
12 17
13 8
14 1
15 0
16 21
17 16
18 9
19 13
20 27
21 28
22 22
23 18
24 3
25 7
26 5
27 20
28 23
29 24
30 19
31 10
32 12
SIMILAR

6 15 9 21 7 2 10 1 19 31 11 17 29 24 14 22 0 8 3 27 5 30 25 18 13 16 20 28 12 23 4 26 32 
0 16
1 7
2 5
3 18
4 30
5 20
6 0
7 4
8 17
9 2
10 6
11 10
12 28
13 24
14 14
15 1
16 25
17 11
18 23
19 8
20 26
21 3
22 15
23 29
24 13
25 22
26 31
27 19
28 27
29 12
30 21
31 9
32 32
SIMILAR

23 31 30 1 28 11 13 18 7 9 19 0 16 15 29 12 4 26 5 20 10 22 2 8 24 27 21 25 32 17 6 3 14 
0 11
1 3
2 22
3 31
4 16
5 18
6 30
7 8
8 23
9 9
10 20
11 5
12 15
13 6
14 32
15 13
16 12
17 29
18 7
19 10
20 19
21 26
22 21
23 0
24 24
25 27
26 17
27 25
28 4
29 14
30 2
31 1
32 28
SIMILAR
100 0
6600 0
296600 0
