33
0 0 1 1 0 0 1 0 0 1 0 0 1 0 1 1 1 0 1 1 1 1 1 0 1 1 1 0 1 1 0 1 0 
0 0 1 1 0 0 1 0 0 1 1 1 1 1 0 0 1 1 1 0 0 1 1 1 0 0 0 0 1 1 0 0 0 
1 1 0 0 0 1 0 0 0 0 0 1 0 0 0 0 0 1 0 0 0 1 1 1 1 0 0 0 0 1 0 1 1 
1 1 0 0 0 1 0 0 0 0 1 0 0 1 0 1 1 0 1 0 1 0 1 1 1 0 1 1 1 1 0 0 1 
0 0 0 0 0 0 1 0 1 1 1 0 0 0 0 1 0 1 0 1 0 0 1 0 0 0 1 1 0 1 1 1 1 
0 0 1 1 0 0 1 1 0 1 1 1 1 0 0 1 1 1 0 1 1 1 0 1 1 1 0 1 0 0 0 0 0 
1 1 0 0 1 1 0 0 1 0 1 0 1 0 1 0 1 1 1 1 1 0 0 1 0 0 0 0 1 1 0 0 1 
0 0 0 0 0 1 0 0 1 0 0 1 1 1 1 1 1 1 1 1 1 1 0 1 0 1 1 0 1 1 0 0 1 
0 0 0 0 1 0 1 1 0 0 0 1 0 0 0 1 1 1 1 0 1 0 1 1 1 1 0 0 1 1 0 1 1 
1 1 0 0 1 1 0 0 0 0 1 1 0 1 1 0 0 0 0 1 0 0 1 1 0 1 1 1 1 0 0 1 1 
0 1 0 1 1 1 1 0 0 1 0 0 0 1 1 1 0 0 1 1 0 0 1 1 0 0 0 0 1 0 1 1 0 
0 1 1 0 0 1 0 1 1 1 0 0 1 1 0 1 1 1 1 0 1 0 0 0 0 0 1 1 0 0 0 0 1 
1 1 0 0 0 1 1 1 0 0 0 1 0 1 1 1 0 1 1 1 0 0 1 1 0 0 0 1 0 0 1 1 1 
0 1 0 1 0 0 0 1 0 1 1 1 1 0 0 1 0 1 0 0 1 0 1 0 1 1 0 0 1 0 0 0 1 
1 0 0 0 0 0 1 1 0 1 1 0 1 0 0 0 1 0 0 0 0 1 0 1 0 0 0 1 1 1 0 1 1 
1 0 0 1 1 1 0 1 1 0 1 1 1 1 0 0 1 1 1 0 1 0 0 1 1 1 1 0 1 0 1 0 0 
1 1 0 1 0 1 1 1 1 0 0 1 0 0 1 1 0 0 0 1 0 0 1 1 1 0 1 0 1 0 0 1 1 
0 1 1 0 1 1 1 1 1 0 0 1 1 1 0 1 0 0 0 1 1 0 1 1 0 0 1 0 0 0 0 0 0 
1 1 0 1 0 0 1 1 1 0 1 1 1 0 0 1 0 0 0 1 1 0 1 1 1 1 1 1 0 0 0 0 1 
1 0 0 0 1 1 1 1 0 1 1 0 1 0 0 0 1 1 1 0 1 1 0 1 0 1 0 1 1 1 0 0 1 
1 0 0 1 0 1 1 1 1 0 0 1 0 1 0 1 0 1 1 1 0 1 1 0 0 0 1 0 0 1 0 1 1 
1 1 1 0 0 1 0 1 0 0 0 0 0 0 1 0 0 0 0 1 1 0 0 0 1 0 1 0 1 1 0 0 1 
1 1 1 1 1 0 0 0 1 1 1 0 1 1 0 0 1 1 1 0 1 0 0 0 1 0 0 1 0 0 1 1 1 
0 1 1 1 0 1 1 1 1 1 1 0 1 0 1 1 1 1 1 1 0 0 0 0 0 0 1 1 1 0 0 0 1 
1 0 1 1 0 1 0 0 1 0 0 0 0 1 0 1 1 0 1 0 0 1 1 0 0 0 0 1 1 0 1 1 1 
1 0 0 0 0 1 0 1 1 1 0 0 0 1 0 1 0 0 1 1 0 0 0 0 0 0 1 0 1 1 1 1 0 
1 0 0 1 1 0 0 1 0 1 0 1 0 0 0 1 1 1 1 0 1 1 0 1 0 1 0 0 0 0 0 1 1 
0 0 0 1 1 1 0 0 0 1 0 1 1 0 1 0 0 0 1 1 0 0 1 1 1 0 0 0 0 1 0 0 0 
1 1 0 1 0 0 1 1 1 1 1 0 0 1 1 1 1 0 0 1 0 1 0 1 1 1 0 0 0 0 1 0 0 
1 1 1 1 1 0 1 1 1 0 0 0 0 0 1 0 0 0 0 1 1 1 0 0 0 1 0 1 0 0 0 1 0 
0 0 0 0 1 0 0 0 0 0 1 0 1 0 0 1 0 0 0 0 0 0 1 0 1 1 0 0 1 0 0 1 1 
1 0 1 0 1 0 0 0 1 1 1 0 1 0 1 0 1 0 0 0 1 0 1 0 1 1 1 0 0 1 1 0 1 
0 0 1 1 1 0 1 1 1 1 0 1 1 1 1 0 1 0 1 1 1 1 1 1 1 0 1 0 0 0 1 1 0 

5 12 13 0 32 1 21 8 22 26 15 31 16 23 9 20 24 25 4 7 17 27 30 28 14 11 19 2 6 3 18 10 29 
0 3
1 5
2 27
3 29
4 18
5 0
6 28
7 19
8 7
9 14
10 31
11 25
12 1
13 2
14 24
15 10
16 12
17 20
18 30
19 26
20 15
21 6
22 8
23 13
24 16
25 17
26 9
27 21
28 23
29 32
30 22
31 11
32 4
SIMILAR

10 7 11 0 21 5 23 15 9 26 1 22 13 3 20 14 8 28 2 27 17 25 19 6 4 16 24 12 32 30 29 18 31 
0 3
1 10
2 18
3 13
4 24
5 5
6 23
7 1
8 16
9 8
10 0
11 2
12 27
13 12
14 15
15 7
16 25
17 20
18 31
19 22
20 14
21 4
22 11
23 6
24 26
25 21
26 9
27 19
28 17
29 30
30 29
31 32
32 28
SIMILAR

13 5 1 6 14 15 32 12 28 8 25 30 20 21 3 0 17 27 2 9 31 4 26 7 29 16 24 19 23 11 10 22 18 
0 15
1 2
2 18
3 14
4 21
5 1
6 3
7 23
8 9
9 19
10 30
11 29
12 7
13 0
14 4
15 5
16 25
17 16
18 32
19 27
20 12
21 13
22 31
23 28
24 26
25 10
26 22
27 17
28 8
29 24
30 11
31 20
32 6
SIMILAR

21 2 0 11 5 32 4 8 31 28 18 29 3 7 9 10 6 1 25 26 14 17 27 13 22 15 12 23 30 19 24 16 20 
0 2
1 17
2 1
3 12
4 6
5 4
6 16
7 13
8 7
9 14
10 15
11 3
12 26
13 23
14 20
15 25
16 31
17 21
18 10
19 29
20 32
21 0
22 24
23 27
24 30
25 18
26 19
27 22
28 9
29 11
30 28
31 8
32 5
SIMILAR

12 25 30 27 14 6 24 23 20 4 10 26 0 17 32 16 5 2 21 28 18 19 3 1 31 8 7 15 9 29 11 22 13 
0 12
1 23
2 17
3 22
4 9
5 16
6 5
7 26
8 25
9 28
10 10
11 30
12 0
13 32
14 4
15 27
16 15
17 13
18 20
19 21
20 8
21 18
22 31
23 7
24 6
25 1
26 11
27 3
28 19
29 29
30 2
31 24
32 14
SIMILAR

20 3 31 27 7 2 22 18 21 30 13 15 24 32 1 25 28 6 9 16 4 12 19 10 5 14 23 0 11 26 8 17 29 
0 27
1 14
2 5
3 1
4 20
5 24
6 17
7 4
8 30
9 18
10 23
11 28
12 21
13 10
14 25
15 11
16 19
17 31
18 7
19 22
20 0
21 8
22 6
23 26
24 12
25 15
26 29
27 3
28 16
29 32
30 9
31 2
32 13
SIMILAR

14 16 9 29 26 30 0 11 5 10 20 21 32 12 17 1 13 15 4 31 25 6 18 24 28 27 2 22 8 19 3 7 23 
0 6
1 15
2 26
3 30
4 18
5 8
6 21
7 31
8 28
9 2
10 9
11 7
12 13
13 16
14 0
15 17
16 1
17 14
18 22
19 29
20 10
21 11
22 27
23 32
24 23
25 20
26 4
27 25
28 24
29 3
30 5
31 19
32 12
SIMILAR

27 31 23 7 6 20 4 29 9 8 30 25 16 3 14 26 0 28 24 17 21 13 11 2 15 5 10 1 22 12 32 18 19 
0 16
1 27
2 23
3 13
4 6
5 25
6 4
7 3
8 9
9 8
10 26
11 22
12 29
13 21
14 14
15 24
16 12
17 19
18 31
19 32
20 5
21 20
22 28
23 2
24 18
25 11
26 15
27 0
28 17
29 7
30 10
31 1
32 30
SIMILAR

22 27 14 21 9 3 18 2 7 10 25 8 26 23 20 1 32 19 5 28 31 12 6 16 24 15 13 0 4 11 29 17 30 
0 27
1 15
2 7
3 5
4 28
5 18
6 22
7 8
8 11
9 4
10 9
11 29
12 21
13 26
14 2
15 25
16 23
17 31
18 6
19 17
20 14
21 3
22 0
23 13
24 24
25 10
26 12
27 1
28 19
29 30
30 32
31 20
32 16
SIMILAR

3 18 5 24 9 12 27 26 29 4 2 13 15 0 10 19 22 1 30 25 8 28 11 23 14 31 32 20 7 6 17 21 16 
0 13
1 17
2 10
3 0
4 9
5 2
6 29
7 28
8 20
9 4
10 14
11 22
12 5
13 11
14 24
15 12
16 32
17 30
18 1
19 15
20 27
21 31
22 16
23 23
24 3
25 19
26 7
27 6
28 21
29 8
30 18
31 25
32 26
SIMILAR

17 15 6 25 20 1 5 7 26 27 18 30 28 19 0 14 2 12 4 13 21 29 24 9 3 16 31 22 32 10 11 8 23 
0 14
1 5
2 16
3 24
4 18
5 6
6 2
7 7
8 31
9 23
10 29
11 30
12 17
13 19
14 15
15 1
16 25
17 0
18 10
19 13
20 4
21 20
22 27
23 32
24 22
25 3
26 8
27 9
28 12
29 21
30 11
31 26
32 28
SIMILAR

12 10 16 32 3 21 27 13 29 18 7 17 31 4 1 9 20 0 19 26 14 8 28 23 25 11 5 6 24 22 30 2 15 
0 17
1 14
2 31
3 4
4 13
5 26
6 27
7 10
8 21
9 15
10 1
11 25
12 0
13 7
14 20
15 32
16 2
17 11
18 9
19 18
20 16
21 5
22 29
23 23
24 28
25 24
26 19
27 6
28 22
29 8
30 30
31 12
32 3
SIMILAR

31 11 30 2 21 18 20 10 12 7 22 29 27 28 0 19 6 17 14 8 23 25 4 1 13 24 9 3 26 5 32 16 15 
0 14
1 23
2 3
3 27
4 22
5 29
6 16
7 9
8 19
9 26
10 7
11 1
12 8
13 24
14 18
15 32
16 31
17 17
18 5
19 15
20 6
21 4
22 10
23 20
24 25
25 21
26 28
27 12
28 13
29 11
30 2
31 0
32 30
SIMILAR

3 11 27 8 30 18 19 13 20 28 7 9 32 14 5 31 6 4 21 1 24 2 16 12 23 22 26 25 29 15 0 10 17 
0 30
1 19
2 21
3 0
4 17
5 14
6 16
7 10
8 3
9 11
10 31
11 1
12 23
13 7
14 13
15 29
16 22
17 32
18 5
19 6
20 8
21 18
22 25
23 24
24 20
25 27
26 26
27 2
28 9
29 28
30 4
31 15
32 12
SIMILAR

6 13 32 2 14 20 7 30 16 27 1 4 8 15 31 12 26 24 0 10 23 29 5 25 17 3 18 11 28 22 19 9 21 
0 18
1 10
2 3
3 25
4 11
5 22
6 0
7 6
8 12
9 31
10 19
11 27
12 15
13 1
14 4
15 13
16 8
17 24
18 26
19 30
20 5
21 32
22 29
23 20
24 17
25 23
26 16
27 9
28 28
29 21
30 7
31 14
32 2
SIMILAR

20 4 32 24 19 23 26 9 3 12 31 0 1 13 15 8 25 18 21 22 30 5 11 2 27 10 29 14 28 17 6 16 7 
0 11
1 12
2 23
3 8
4 1
5 21
6 30
7 32
8 15
9 7
10 25
11 22
12 9
13 13
14 27
15 14
16 31
17 29
18 17
19 4
20 0
21 18
22 19
23 5
24 3
25 16
26 6
27 24
28 28
29 26
30 20
31 10
32 2
SIMILAR

6 5 9 29 18 26 13 21 0 19 2 8 16 17 32 22 31 30 4 25 1 28 27 11 20 23 15 14 7 24 10 3 12 
0 8
1 20
2 10
3 31
4 18
5 1
6 0
7 28
8 11
9 2
10 30
11 23
12 32
13 6
14 27
15 26
16 12
17 13
18 4
19 9
20 24
21 7
22 15
23 25
24 29
25 19
26 5
27 22
28 21
29 3
30 17
31 16
32 14
SIMILAR

32 18 30 13 27 20 9 5 11 3 0 31 4 10 1 23 25 21 29 15 8 24 12 26 22 16 7 28 2 14 17 6 19 
0 10
1 14
2 28
3 9
4 12
5 7
6 31
7 26
8 20
9 6
10 13
11 8
12 22
13 3
14 29
15 19
16 25
17 30
18 1
19 32
20 5
21 17
22 24
23 15
24 21
25 16
26 23
27 4
28 27
29 18
30 2
31 11
32 0
SIMILAR

9 10 12 27 11 22 23 5 28 20 14 21 30 24 2 4 15 13 25 7 32 6 18 29 8 3 31 26 17 1 16 19 0 
0 32
1 29
2 14
3 25
4 15
5 7
6 21
7 19
8 24
9 0
10 1
11 4
12 2
13 17
14 10
15 16
16 30
17 28
18 22
19 31
20 9
21 11
22 5
23 6
24 13
25 18
26 27
27 3
28 8
29 23
30 12
31 26
32 20
SIMILAR

31 13 2 8 17 19 15 3 26 21 5 29 14 9 30 20 12 10 27 1 7 4 25 23 22 32 18 11 28 0 6 24 16 
0 29
1 19
2 2
3 7
4 21
5 10
6 30
7 20
8 3
9 13
10 17
11 27
12 16
13 1
14 12
15 6
16 32
17 4
18 26
19 5
20 15
21 9
22 24
23 23
24 31
25 22
26 8
27 18
28 28
29 11
30 14
31 0
32 25
SIMILAR

17 32 10 7 31 28 3 1 29 20 27 24 23 30 8 12 6 5 18 13 21 9 11 22 14 0 4 26 15 16 2 25 19 
0 25
1 7
2 30
3 6
4 26
5 17
6 16
7 3
8 14
9 21
10 2
11 22
12 15
13 19
14 24
15 28
16 29
17 0
18 18
19 32
20 9
21 20
22 23
23 12
24 11
25 31
26 27
27 10
28 5
29 8
30 13
31 4
32 1
SIMILAR

21 10 29 1 5 26 30 24 19 25 16 32 2 8 31 18 0 23 12 11 4 28 14 3 15 13 6 27 7 9 22 20 17 
0 16
1 3
2 12
3 23
4 20
5 4
6 26
7 28
8 13
9 29
10 1
11 19
12 18
13 25
14 22
15 24
16 10
17 32
18 15
19 8
20 31
21 0
22 30
23 17
24 7
25 9
26 5
27 27
28 21
29 2
30 6
31 14
32 11
SIMILAR

18 10 23 12 20 7 17 8 4 22 0 5 16 28 25 2 6 19 32 27 9 26 15 14 30 13 31 1 21 11 29 24 3 
0 10
1 27
2 15
3 32
4 8
5 11
6 16
7 5
8 7
9 20
10 1
11 29
12 3
13 25
14 23
15 22
16 12
17 6
18 0
19 17
20 4
21 28
22 9
23 2
24 31
25 14
26 21
27 19
28 13
29 30
30 24
31 26
32 18
SIMILAR

14 25 4 10 6 11 21 32 12 26 7 18 8 13 9 5 28 22 31 19 1 17 2 30 27 29 20 23 15 3 24 0 16 
0 31
1 20
2 22
3 29
4 2
5 15
6 4
7 10
8 12
9 14
10 3
11 5
12 8
13 13
14 0
15 28
16 32
17 21
18 11
19 19
20 26
21 6
22 17
23 27
24 30
25 1
26 9
27 24
28 16
29 25
30 23
31 18
32 7
SIMILAR

14 6 1 24 20 11 22 21 28 10 19 9 17 0 16 32 27 31 12 18 15 23 8 25 3 2 13 26 30 5 4 29 7 
0 13
1 2
2 25
3 24
4 30
5 29
6 1
7 32
8 22
9 11
10 9
11 5
12 18
13 26
14 0
15 20
16 14
17 12
18 19
19 10
20 4
21 7
22 6
23 21
24 3
25 23
26 27
27 16
28 8
29 31
30 28
31 17
32 15
SIMILAR

2 1 14 11 31 30 13 26 7 6 3 21 19 10 32 8 4 29 15 25 22 5 17 16 24 28 27 20 18 9 0 12 23 
0 30
1 1
2 0
3 10
4 16
5 21
6 9
7 8
8 15
9 29
10 13
11 3
12 31
13 6
14 2
15 18
16 23
17 22
18 28
19 12
20 27
21 11
22 20
23 32
24 24
25 19
26 7
27 26
28 25
29 17
30 5
31 4
32 14
SIMILAR

23 10 15 19 21 24 3 28 17 13 9 4 11 8 32 6 14 12 16 5 0 7 1 30 18 2 25 27 22 29 31 20 26 
0 20
1 22
2 25
3 6
4 11
5 19
6 15
7 21
8 13
9 10
10 1
11 12
12 17
13 9
14 16
15 2
16 18
17 8
18 24
19 3
20 31
21 4
22 28
23 0
24 5
25 26
26 32
27 27
28 7
29 29
30 23
31 30
32 14
SIMILAR

5 14 8 13 19 22 30 4 24 2 10 3 7 0 18 25 9 23 1 29 6 31 27 11 28 12 15 21 26 20 16 32 17 
0 13
1 18
2 9
3 11
4 7
5 0
6 20
7 12
8 2
9 16
10 10
11 23
12 25
13 3
14 1
15 26
16 30
17 32
18 14
19 4
20 29
21 27
22 5
23 17
24 8
25 15
26 28
27 22
28 24
29 19
30 6
31 21
32 31
SIMILAR

18 19 1 21 13 6 31 30 2 11 3 8 28 0 15 29 22 20 4 7 23 27 26 25 9 12 14 32 17 10 24 16 5 
0 13
1 2
2 8
3 10
4 18
5 32
6 5
7 19
8 11
9 24
10 29
11 9
12 25
13 4
14 26
15 14
16 31
17 28
18 0
19 1
20 17
21 3
22 16
23 20
24 30
25 23
26 22
27 21
28 12
29 15
30 7
31 6
32 27
SIMILAR

21 1 2 18 23 15 7 24 3 0 26 6 14 20 27 16 13 17 31 4 29 12 30 22 32 28 19 5 25 8 9 11 10 
0 9
1 1
2 2
3 8
4 19
5 27
6 11
7 6
8 29
9 30
10 32
11 31
12 21
13 16
14 12
15 5
16 15
17 17
18 3
19 26
20 13
21 0
22 23
23 4
24 7
25 28
26 10
27 14
28 25
29 20
30 22
31 18
32 24
SIMILAR

21 32 5 22 15 31 25 29 23 3 1 6 24 0 14 17 28 2 16 13 20 8 4 12 10 30 18 9 27 26 7 19 11 
0 13
1 10
2 17
3 9
4 22
5 2
6 11
7 30
8 21
9 27
10 24
11 32
12 23
13 19
14 14
15 4
16 18
17 15
18 26
19 31
20 20
21 0
22 3
23 8
24 12
25 6
26 29
27 28
28 16
29 7
30 25
31 5
32 1
SIMILAR

4 15 6 0 21 7 3 28 13 24 27 29 2 8 1 5 25 9 16 11 14 23 26 17 12 30 22 19 32 18 31 10 20 
0 3
1 14
2 12
3 6
4 0
5 15
6 2
7 5
8 13
9 17
10 31
11 19
12 24
13 8
14 20
15 1
16 18
17 23
18 29
19 27
20 32
21 4
22 26
23 21
24 9
25 16
26 22
27 10
28 7
29 11
30 25
31 30
32 28
SIMILAR

14 27 29 21 23 10 9 12 1 17 2 5 32 3 25 4 31 13 28 16 20 30 24 0 22 18 8 11 15 7 26 6 19 
0 23
1 8
2 10
3 13
4 15
5 11
6 31
7 29
8 26
9 6
10 5
11 27
12 7
13 17
14 0
15 28
16 19
17 9
18 25
19 32
20 20
21 3
22 24
23 4
24 22
25 14
26 30
27 1
28 18
29 2
30 21
31 16
32 12
SIMILAR

5 11 18 21 24 4 22 1 0 27 9 32 6 13 16 28 26 25 23 14 19 7 17 29 2 31 10 15 12 3 30 20 8 
0 8
1 7
2 24
3 29
4 5
5 0
6 12
7 21
8 32
9 10
10 26
11 1
12 28
13 13
14 19
15 27
16 14
17 22
18 2
19 20
20 31
21 3
22 6
23 18
24 4
25 17
26 16
27 9
28 15
29 23
30 30
31 25
32 11
SIMILAR

32 18 20 9 31 3 16 15 28 4 25 29 17 19 24 23 11 26 12 1 10 8 0 14 30 2 5 13 22 6 21 27 7 
0 22
1 19
2 25
3 5
4 9
5 26
6 29
7 32
8 21
9 3
10 20
11 16
12 18
13 27
14 23
15 7
16 6
17 12
18 1
19 13
20 2
21 30
22 28
23 15
24 14
25 10
26 17
27 31
28 8
29 11
30 24
31 4
32 0
SIMILAR

26 9 31 2 11 5 12 7 21 17 18 6 14 27 3 4 29 23 1 0 13 24 19 32 30 20 15 16 8 28 25 22 10 
0 19
1 18
2 3
3 14
4 15
5 5
6 11
7 7
8 28
9 1
10 32
11 4
12 6
13 20
14 12
15 26
16 27
17 9
18 10
19 22
20 25
21 8
22 31
23 17
24 21
25 30
26 0
27 13
28 29
29 16
30 24
31 2
32 23
SIMILAR

6 32 24 31 4 20 18 19 7 28 0 14 11 13 27 30 23 25 16 1 2 3 10 21 22 26 12 17 29 9 15 5 8 
0 10
1 19
2 20
3 21
4 4
5 31
6 0
7 8
8 32
9 29
10 22
11 12
12 26
13 13
14 11
15 30
16 18
17 27
18 6
19 7
20 5
21 23
22 24
23 16
24 2
25 17
26 25
27 14
28 9
29 28
30 15
31 3
32 1
SIMILAR

19 3 5 30 17 21 22 0 10 1 8 13 27 32 26 9 12 23 7 25 18 15 16 11 20 29 31 6 24 2 14 4 28 
0 7
1 9
2 29
3 1
4 31
5 2
6 27
7 18
8 10
9 15
10 8
11 23
12 16
13 11
14 30
15 21
16 22
17 4
18 20
19 0
20 24
21 5
22 6
23 17
24 28
25 19
26 14
27 12
28 32
29 25
30 3
31 26
32 13
SIMILAR

15 21 6 13 23 9 0 25 5 17 31 28 10 20 2 12 4 16 32 22 30 19 3 8 11 27 26 29 1 18 7 14 24 
0 6
1 28
2 14
3 22
4 16
5 8
6 2
7 30
8 23
9 5
10 12
11 24
12 15
13 3
14 31
15 0
16 17
17 9
18 29
19 21
20 13
21 1
22 19
23 4
24 32
25 7
26 26
27 25
28 11
29 27
30 20
31 10
32 18
SIMILAR

13 7 24 25 28 30 32 3 12 31 17 10 18 29 19 22 0 14 20 1 11 2 16 5 6 21 27 26 4 15 8 23 9 
0 16
1 19
2 21
3 7
4 28
5 23
6 24
7 1
8 30
9 32
10 11
11 20
12 8
13 0
14 17
15 29
16 22
17 10
18 12
19 14
20 18
21 25
22 15
23 31
24 2
25 3
26 27
27 26
28 4
29 13
30 5
31 9
32 6
SIMILAR

16 20 32 22 13 8 24 19 21 3 28 29 2 7 12 27 31 30 23 4 15 5 0 11 10 17 9 1 25 18 14 26 6 
0 22
1 27
2 12
3 9
4 19
5 21
6 32
7 13
8 5
9 26
10 24
11 23
12 14
13 4
14 30
15 20
16 0
17 25
18 29
19 7
20 1
21 8
22 3
23 18
24 6
25 28
26 31
27 15
28 10
29 11
30 17
31 16
32 2
SIMILAR

25 31 0 8 1 24 28 26 16 27 32 22 19 6 18 20 13 10 23 30 9 7 15 3 29 14 21 5 4 2 11 12 17 
0 2
1 4
2 29
3 23
4 28
5 27
6 13
7 21
8 3
9 20
10 17
11 30
12 31
13 16
14 25
15 22
16 8
17 32
18 14
19 12
20 15
21 26
22 11
23 18
24 5
25 0
26 7
27 9
28 6
29 24
30 19
31 1
32 10
SIMILAR

21 10 23 25 15 8 4 32 17 3 19 1 30 0 22 11 6 13 7 2 31 16 27 20 29 12 28 24 9 5 14 26 18 
0 13
1 11
2 19
3 9
4 6
5 29
6 16
7 18
8 5
9 28
10 1
11 15
12 25
13 17
14 30
15 4
16 21
17 8
18 32
19 10
20 23
21 0
22 14
23 2
24 27
25 3
26 31
27 22
28 26
29 24
30 12
31 20
32 7
SIMILAR

30 18 31 8 11 3 16 23 12 15 21 29 24 10 5 27 4 6 14 26 20 1 32 19 7 22 9 13 0 17 25 28 2 
0 28
1 21
2 32
3 5
4 16
5 14
6 17
7 24
8 3
9 26
10 13
11 4
12 8
13 27
14 18
15 9
16 6
17 29
18 1
19 23
20 20
21 10
22 25
23 7
24 12
25 30
26 19
27 15
28 31
29 11
30 0
31 2
32 22
SIMILAR

10 14 29 7 8 17 30 28 19 9 25 20 5 32 16 22 26 24 15 31 27 13 4 0 1 6 18 11 2 21 12 23 3 
0 23
1 24
2 28
3 32
4 22
5 12
6 25
7 3
8 4
9 9
10 0
11 27
12 30
13 21
14 1
15 18
16 14
17 5
18 26
19 8
20 11
21 29
22 15
23 31
24 17
25 10
26 16
27 20
28 7
29 2
30 6
31 19
32 13
SIMILAR

20 29 15 24 14 19 8 1 3 18 9 4 26 31 12 2 32 5 27 30 28 7 23 22 0 13 21 16 25 6 17 11 10 
0 24
1 7
2 15
3 8
4 11
5 17
6 29
7 21
8 6
9 10
10 32
11 31
12 14
13 25
14 4
15 2
16 27
17 30
18 9
19 5
20 0
21 26
22 23
23 22
24 3
25 28
26 12
27 18
28 20
29 1
30 19
31 13
32 16
SIMILAR

14 20 16 31 19 26 17 13 23 21 8 4 12 6 25 22 24 28 1 27 5 11 15 32 7 3 30 29 18 0 2 9 10 
0 29
1 18
2 30
3 25
4 11
5 20
6 13
7 24
8 10
9 31
10 32
11 21
12 12
13 7
14 0
15 22
16 2
17 6
18 28
19 4
20 1
21 9
22 15
23 8
24 16
25 14
26 5
27 19
28 17
29 27
30 26
31 3
32 23
SIMILAR

1 11 23 15 21 6 27 17 22 5 29 20 0 28 3 7 26 24 16 8 12 4 18 25 30 13 32 2 14 9 19 10 31 
0 12
1 0
2 27
3 14
4 21
5 9
6 5
7 15
8 19
9 29
10 31
11 1
12 20
13 25
14 28
15 3
16 18
17 7
18 22
19 30
20 11
21 4
22 8
23 2
24 17
25 23
26 16
27 6
28 13
29 10
30 24
31 32
32 26
SIMILAR

21 29 22 0 4 3 31 11 9 24 16 13 14 2 7 18 25 26 6 1 8 12 17 10 19 20 27 23 30 5 32 28 15 
0 3
1 19
2 13
3 5
4 4
5 29
6 18
7 14
8 20
9 8
10 23
11 7
12 21
13 11
14 12
15 32
16 10
17 22
18 15
19 24
20 25
21 0
22 2
23 27
24 9
25 16
26 17
27 26
28 31
29 1
30 28
31 6
32 30
SIMILAR

11 17 19 15 10 29 32 25 24 21 30 9 0 26 23 3 28 7 14 27 13 22 12 4 8 2 6 18 20 31 1 16 5 
0 12
1 30
2 25
3 15
4 23
5 32
6 26
7 17
8 24
9 11
10 4
11 0
12 22
13 20
14 18
15 3
16 31
17 1
18 27
19 2
20 28
21 9
22 21
23 14
24 8
25 7
26 13
27 19
28 16
29 5
30 10
31 29
32 6
SIMILAR

8 30 20 25 4 31 1 5 16 17 29 26 19 2 27 10 24 6 7 0 18 15 32 13 11 14 9 12 3 23 28 21 22 
0 19
1 6
2 13
3 28
4 4
5 7
6 17
7 18
8 0
9 26
10 15
11 24
12 27
13 23
14 25
15 21
16 8
17 9
18 20
19 12
20 2
21 31
22 32
23 29
24 16
25 3
26 11
27 14
28 30
29 10
30 1
31 5
32 22
SIMILAR

25 17 10 15 20 12 16 23 30 6 8 4 22 11 9 0 13 2 26 32 19 18 31 7 27 28 29 1 3 24 21 14 5 
0 15
1 27
2 17
3 28
4 11
5 32
6 9
7 23
8 10
9 14
10 2
11 13
12 5
13 16
14 31
15 3
16 6
17 1
18 21
19 20
20 4
21 30
22 12
23 7
24 29
25 0
26 18
27 24
28 25
29 26
30 8
31 22
32 19
SIMILAR

31 25 13 1 29 7 0 9 5 10 16 20 32 2 24 8 19 3 23 4 6 18 21 22 12 17 28 30 15 27 11 14 26 
0 6
1 3
2 13
3 17
4 19
5 8
6 20
7 5
8 15
9 7
10 9
11 30
12 24
13 2
14 31
15 28
16 10
17 25
18 21
19 16
20 11
21 22
22 23
23 18
24 14
25 1
26 32
27 29
28 26
29 4
30 27
31 0
32 12
SIMILAR

23 25 9 28 3 31 21 0 30 16 8 4 6 11 10 7 19 26 32 18 29 1 14 13 12 5 15 2 22 17 24 27 20 
0 7
1 21
2 27
3 4
4 11
5 25
6 12
7 15
8 10
9 2
10 14
11 13
12 24
13 23
14 22
15 26
16 9
17 29
18 19
19 16
20 32
21 6
22 28
23 0
24 30
25 1
26 17
27 31
28 3
29 20
30 8
31 5
32 18
SIMILAR

18 6 5 26 28 7 32 21 16 24 15 22 13 4 2 31 11 10 20 27 14 30 19 25 1 0 23 9 3 8 29 12 17 
0 25
1 24
2 14
3 28
4 13
5 2
6 1
7 5
8 29
9 27
10 17
11 16
12 31
13 12
14 20
15 10
16 8
17 32
18 0
19 22
20 18
21 7
22 11
23 26
24 9
25 23
26 3
27 19
28 4
29 30
30 21
31 15
32 6
SIMILAR

5 15 14 10 22 30 1 0 17 20 29 11 26 31 24 23 21 6 32 18 28 9 4 2 16 8 27 13 7 25 3 12 19 
0 7
1 6
2 23
3 30
4 22
5 0
6 17
7 28
8 25
9 21
10 3
11 11
12 31
13 27
14 2
15 1
16 24
17 8
18 19
19 32
20 9
21 16
22 4
23 15
24 14
25 29
26 12
27 26
28 20
29 10
30 5
31 13
32 18
SIMILAR

27 6 20 7 19 22 16 21 29 23 15 11 10 13 24 14 17 1 5 8 32 26 2 25 9 30 4 12 18 31 28 3 0 
0 32
1 17
2 22
3 31
4 26
5 18
6 1
7 3
8 19
9 24
10 12
11 11
12 27
13 13
14 15
15 10
16 6
17 16
18 28
19 4
20 2
21 7
22 5
23 9
24 14
25 23
26 21
27 0
28 30
29 8
30 25
31 29
32 20
SIMILAR

0 27 7 18 10 29 31 26 12 4 17 1 32 21 8 24 9 25 23 5 11 2 15 16 14 3 28 20 6 22 13 19 30 
0 0
1 11
2 21
3 25
4 9
5 19
6 28
7 2
8 14
9 16
10 4
11 20
12 8
13 30
14 24
15 22
16 23
17 10
18 3
19 31
20 27
21 13
22 29
23 18
24 15
25 17
26 7
27 1
28 26
29 5
30 32
31 6
32 12
SIMILAR

17 26 19 11 31 25 24 4 18 0 16 1 15 7 9 5 3 23 32 8 6 30 20 21 13 28 2 14 29 27 10 12 22 
0 9
1 11
2 26
3 16
4 7
5 15
6 20
7 13
8 19
9 14
10 30
11 3
12 31
13 24
14 27
15 12
16 10
17 0
18 8
19 2
20 22
21 23
22 32
23 17
24 6
25 5
26 1
27 29
28 25
29 28
30 21
31 4
32 18
SIMILAR

13 9 6 4 20 24 26 1 2 32 8 21 29 23 18 3 16 17 7 31 5 19 11 0 27 25 30 10 22 14 15 12 28 
0 23
1 7
2 8
3 15
4 3
5 20
6 2
7 18
8 10
9 1
10 27
11 22
12 31
13 0
14 29
15 30
16 16
17 17
18 14
19 21
20 4
21 11
22 28
23 13
24 5
25 25
26 6
27 24
28 32
29 12
30 26
31 19
32 9
SIMILAR

19 14 11 2 30 16 9 31 5 24 3 1 12 22 27 8 10 13 21 17 25 26 4 0 18 23 7 28 29 20 15 32 6 
0 23
1 11
2 3
3 10
4 22
5 8
6 32
7 26
8 15
9 6
10 16
11 2
12 12
13 17
14 1
15 30
16 5
17 19
18 24
19 0
20 29
21 18
22 13
23 25
24 9
25 20
26 21
27 14
28 27
29 28
30 4
31 7
32 31
SIMILAR

7 4 14 20 25 24 11 15 30 16 18 5 9 8 10 2 26 1 3 32 21 27 23 22 31 28 0 13 29 12 6 19 17 
0 26
1 17
2 15
3 18
4 1
5 11
6 30
7 0
8 13
9 12
10 14
11 6
12 29
13 27
14 2
15 7
16 9
17 32
18 10
19 31
20 3
21 20
22 23
23 22
24 5
25 4
26 16
27 21
28 25
29 28
30 8
31 24
32 19
SIMILAR

20 27 5 19 17 21 2 13 6 3 30 28 14 24 4 25 0 7 26 31 8 29 15 1 18 23 9 12 11 16 32 10 22 
0 16
1 23
2 6
3 9
4 14
5 2
6 8
7 17
8 20
9 26
10 31
11 28
12 27
13 7
14 12
15 22
16 29
17 4
18 24
19 3
20 0
21 5
22 32
23 25
24 13
25 15
26 18
27 1
28 11
29 21
30 10
31 19
32 30
SIMILAR

4 26 8 29 3 25 14 17 20 9 11 15 31 21 10 24 12 5 0 1 27 23 32 16 22 7 13 2 19 30 6 18 28 
0 18
1 19
2 27
3 4
4 0
5 17
6 30
7 25
8 2
9 9
10 14
11 10
12 16
13 26
14 6
15 11
16 23
17 7
18 31
19 28
20 8
21 13
22 24
23 21
24 15
25 5
26 1
27 20
28 32
29 3
30 29
31 12
32 22
SIMILAR

19 8 22 12 15 17 6 5 2 20 18 31 16 9 0 13 32 23 11 30 28 29 27 24 14 10 25 1 4 7 3 26 21 
0 14
1 27
2 8
3 30
4 28
5 7
6 6
7 29
8 1
9 13
10 25
11 18
12 3
13 15
14 24
15 4
16 12
17 5
18 10
19 0
20 9
21 32
22 2
23 17
24 23
25 26
26 31
27 22
28 20
29 21
30 19
31 11
32 16
SIMILAR

8 30 4 3 7 10 32 24 29 0 5 18 6 2 27 13 31 25 1 22 16 21 15 11 28 20 9 17 26 12 14 23 19 
0 9
1 18
2 13
3 3
4 2
5 10
6 12
7 4
8 0
9 26
10 5
11 23
12 29
13 15
14 30
15 22
16 20
17 27
18 11
19 32
20 25
21 21
22 19
23 31
24 7
25 17
26 28
27 14
28 24
29 8
30 1
31 16
32 6
SIMILAR

1 27 6 10 17 22 2 24 28 15 30 11 3 19 29 12 0 16 25 18 32 13 23 5 7 8 26 20 9 31 14 4 21 
0 16
1 0
2 6
3 12
4 31
5 23
6 2
7 24
8 25
9 28
10 3
11 11
12 15
13 21
14 30
15 9
16 17
17 4
18 19
19 13
20 27
21 32
22 5
23 22
24 7
25 18
26 26
27 1
28 8
29 14
30 10
31 29
32 20
SIMILAR

20 28 5 13 19 14 1 27 18 0 10 12 7 24 17 11 29 21 30 25 26 22 9 32 15 3 8 16 4 31 2 6 23 
0 9
1 6
2 30
3 25
4 28
5 2
6 31
7 12
8 26
9 22
10 10
11 15
12 11
13 3
14 5
15 24
16 27
17 14
18 8
19 4
20 0
21 17
22 21
23 32
24 13
25 19
26 20
27 7
28 1
29 16
30 18
31 29
32 23
SIMILAR

8 25 24 30 29 26 27 31 18 5 9 6 19 22 20 3 12 10 0 21 1 14 15 32 7 4 17 16 2 28 11 23 13 
0 18
1 20
2 28
3 15
4 25
5 9
6 11
7 24
8 0
9 10
10 17
11 30
12 16
13 32
14 21
15 22
16 27
17 26
18 8
19 12
20 14
21 19
22 13
23 31
24 2
25 1
26 5
27 6
28 29
29 4
30 3
31 7
32 23
SIMILAR

25 19 7 28 22 4 20 27 11 2 3 29 24 10 31 12 23 21 16 17 15 30 9 32 6 5 1 0 14 26 8 18 13 
0 27
1 26
2 9
3 10
4 5
5 25
6 24
7 2
8 30
9 22
10 13
11 8
12 15
13 32
14 28
15 20
16 18
17 19
18 31
19 1
20 6
21 17
22 4
23 16
24 12
25 0
26 29
27 7
28 3
29 11
30 21
31 14
32 23
SIMILAR

32 24 3 16 26 0 30 20 7 18 9 28 12 29 10 13 27 11 2 17 25 1 15 6 8 21 14 22 23 5 31 19 4 
0 5
1 21
2 18
3 2
4 32
5 29
6 23
7 8
8 24
9 10
10 14
11 17
12 12
13 15
14 26
15 22
16 3
17 19
18 9
19 31
20 7
21 25
22 27
23 28
24 1
25 20
26 4
27 16
28 11
29 13
30 6
31 30
32 0
SIMILAR

8 25 4 16 20 13 29 31 2 3 6 12 19 26 11 15 24 27 1 9 10 17 28 18 0 32 14 30 23 5 21 22 7 
0 24
1 18
2 8
3 9
4 2
5 29
6 10
7 32
8 0
9 19
10 20
11 14
12 11
13 5
14 26
15 15
16 3
17 21
18 23
19 12
20 4
21 30
22 31
23 28
24 16
25 1
26 13
27 17
28 22
29 6
30 27
31 7
32 25
SIMILAR

20 14 9 17 18 27 0 31 15 7 10 8 5 21 24 12 11 19 13 29 1 3 4 28 32 25 6 23 30 22 16 26 2 
0 6
1 20
2 32
3 21
4 22
5 12
6 26
7 9
8 11
9 2
10 10
11 16
12 15
13 18
14 1
15 8
16 30
17 3
18 4
19 17
20 0
21 13
22 29
23 27
24 14
25 25
26 31
27 5
28 23
29 19
30 28
31 7
32 24
SIMILAR

28 19 32 6 3 18 4 17 12 1 31 30 13 20 14 7 9 8 10 5 2 27 23 24 15 26 16 29 21 22 25 11 0 
0 32
1 9
2 20
3 4
4 6
5 19
6 3
7 15
8 17
9 16
10 18
11 31
12 8
13 12
14 14
15 24
16 26
17 7
18 5
19 1
20 13
21 28
22 29
23 22
24 23
25 30
26 25
27 21
28 0
29 27
30 11
31 10
32 2
SIMILAR

18 20 16 26 8 1 29 27 22 9 32 19 28 11 2 17 30 25 21 0 3 10 14 15 24 23 31 12 6 5 4 7 13 
0 19
1 5
2 14
3 20
4 30
5 29
6 28
7 31
8 4
9 9
10 21
11 13
12 27
13 32
14 22
15 23
16 2
17 15
18 0
19 11
20 1
21 18
22 8
23 25
24 24
25 17
26 3
27 7
28 12
29 6
30 16
31 26
32 10
SIMILAR

0 31 28 22 15 4 13 18 30 27 5 24 6 17 2 32 20 25 26 21 16 1 19 12 11 29 8 9 3 10 14 23 7 
0 0
1 21
2 14
3 28
4 5
5 10
6 12
7 32
8 26
9 27
10 29
11 24
12 23
13 6
14 30
15 4
16 20
17 13
18 7
19 22
20 16
21 19
22 3
23 31
24 11
25 17
26 18
27 9
28 2
29 25
30 8
31 1
32 15
SIMILAR

31 29 6 32 13 20 26 27 21 16 22 18 8 25 7 28 23 10 4 14 11 30 12 9 24 1 5 3 15 17 0 19 2 
0 30
1 25
2 32
3 27
4 18
5 26
6 2
7 14
8 12
9 23
10 17
11 20
12 22
13 4
14 19
15 28
16 9
17 29
18 11
19 31
20 5
21 8
22 10
23 16
24 24
25 13
26 6
27 7
28 15
29 1
30 21
31 0
32 3
SIMILAR

28 30 12 31 10 16 14 27 26 11 32 17 25 3 5 1 21 9 4 22 2 18 8 6 13 24 7 29 19 23 20 0 15 
0 31
1 15
2 20
3 13
4 18
5 14
6 23
7 26
8 22
9 17
10 4
11 9
12 2
13 24
14 6
15 32
16 5
17 11
18 21
19 28
20 30
21 16
22 19
23 29
24 25
25 12
26 8
27 7
28 0
29 27
30 1
31 3
32 10
SIMILAR

12 27 7 26 21 30 10 9 29 16 24 3 28 25 32 8 13 22 14 2 1 31 5 17 0 15 18 11 19 20 4 23 6 
0 24
1 20
2 19
3 11
4 30
5 22
6 32
7 2
8 15
9 7
10 6
11 27
12 0
13 16
14 18
15 25
16 9
17 23
18 26
19 28
20 29
21 4
22 17
23 31
24 10
25 13
26 3
27 1
28 12
29 8
30 5
31 21
32 14
SIMILAR

3 18 15 27 16 19 29 21 22 30 26 25 28 14 4 5 32 11 17 0 12 2 9 6 13 31 7 8 23 10 20 24 1 
0 19
1 32
2 21
3 0
4 14
5 15
6 23
7 26
8 27
9 22
10 29
11 17
12 20
13 24
14 13
15 2
16 4
17 18
18 1
19 5
20 30
21 7
22 8
23 28
24 31
25 11
26 10
27 3
28 12
29 6
30 9
31 25
32 16
SIMILAR

27 16 12 30 15 23 29 6 13 24 5 11 10 1 2 3 25 0 8 7 20 31 14 28 32 9 26 21 19 4 22 18 17 
0 17
1 13
2 14
3 15
4 29
5 10
6 7
7 19
8 18
9 25
10 12
11 11
12 2
13 8
14 22
15 4
16 1
17 32
18 31
19 28
20 20
21 27
22 30
23 5
24 9
25 16
26 26
27 0
28 23
29 6
30 3
31 21
32 24
SIMILAR

1 5 15 8 28 11 20 24 16 32 22 13 26 21 14 29 17 2 10 6 4 12 19 27 18 23 30 9 3 0 7 31 25 
0 29
1 0
2 17
3 28
4 20
5 1
6 19
7 30
8 3
9 27
10 18
11 5
12 21
13 11
14 14
15 2
16 8
17 16
18 24
19 22
20 6
21 13
22 10
23 25
24 7
25 32
26 12
27 23
28 4
29 15
30 26
31 31
32 9
SIMILAR

1 8 23 0 24 21 19 7 28 10 3 12 11 30 16 4 29 18 14 25 2 32 17 6 13 22 9 15 31 26 5 20 27 
0 3
1 0
2 20
3 10
4 15
5 30
6 23
7 7
8 1
9 26
10 9
11 12
12 11
13 24
14 18
15 27
16 14
17 22
18 17
19 6
20 31
21 5
22 25
23 2
24 4
25 19
26 29
27 32
28 8
29 16
30 13
31 28
32 21
SIMILAR

20 19 4 18 30 26 1 21 16 9 15 11 8 32 0 27 2 25 6 14 23 10 29 17 24 7 12 13 5 28 31 22 3 
0 14
1 6
2 16
3 32
4 2
5 28
6 18
7 25
8 12
9 9
10 21
11 11
12 26
13 27
14 19
15 10
16 8
17 23
18 3
19 1
20 0
21 7
22 31
23 20
24 24
25 17
26 5
27 15
28 29
29 22
30 4
31 30
32 13
SIMILAR

3 30 29 10 28 7 18 13 17 27 24 5 9 16 1 23 2 11 0 20 31 21 14 15 22 4 8 19 25 32 12 26 6 
0 18
1 14
2 16
3 0
4 25
5 11
6 32
7 5
8 26
9 12
10 3
11 17
12 30
13 7
14 22
15 23
16 13
17 8
18 6
19 27
20 19
21 21
22 24
23 15
24 10
25 28
26 31
27 9
28 4
29 2
30 1
31 20
32 29
SIMILAR

3 30 8 12 18 7 28 2 1 22 5 19 29 14 15 20 31 9 32 13 27 21 16 11 25 6 10 26 23 24 4 0 17 
0 31
1 8
2 7
3 0
4 30
5 10
6 25
7 5
8 2
9 17
10 26
11 23
12 3
13 19
14 13
15 14
16 22
17 32
18 4
19 11
20 15
21 21
22 9
23 28
24 29
25 24
26 27
27 20
28 6
29 12
30 1
31 16
32 18
SIMILAR

17 27 12 14 24 5 13 21 6 22 18 4 23 10 28 31 3 8 25 16 30 1 7 26 2 15 19 9 20 11 0 32 29 
0 30
1 21
2 24
3 16
4 11
5 5
6 8
7 22
8 17
9 27
10 13
11 29
12 2
13 6
14 3
15 25
16 19
17 0
18 10
19 26
20 28
21 7
22 9
23 12
24 4
25 18
26 23
27 1
28 14
29 32
30 20
31 15
32 31
SIMILAR

19 25 24 17 21 11 16 14 10 22 0 31 30 23 4 26 12 9 32 8 28 18 7 2 27 29 3 13 1 15 5 6 20 
0 10
1 28
2 23
3 26
4 14
5 30
6 31
7 22
8 19
9 17
10 8
11 5
12 16
13 27
14 7
15 29
16 6
17 3
18 21
19 0
20 32
21 4
22 9
23 13
24 2
25 1
26 15
27 24
28 20
29 25
30 12
31 11
32 18
SIMILAR

20 11 28 1 19 8 10 12 24 23 29 0 18 3 15 7 4 30 31 5 32 6 26 13 14 17 2 9 25 21 27 22 16 
0 11
1 3
2 26
3 13
4 16
5 19
6 21
7 15
8 5
9 27
10 6
11 1
12 7
13 23
14 24
15 14
16 32
17 25
18 12
19 4
20 0
21 29
22 31
23 9
24 8
25 28
26 22
27 30
28 2
29 10
30 17
31 18
32 20
SIMILAR

9 20 17 32 31 12 2 1 18 23 22 24 28 7 27 11 29 15 10 21 6 13 25 30 0 3 4 19 16 26 5 14 8 
0 24
1 7
2 6
3 25
4 26
5 30
6 20
7 13
8 32
9 0
10 18
11 15
12 5
13 21
14 31
15 17
16 28
17 2
18 8
19 27
20 1
21 19
22 10
23 9
24 11
25 22
26 29
27 14
28 12
29 16
30 23
31 4
32 3
SIMILAR

31 24 22 20 9 27 28 2 6 17 14 21 3 4 18 8 5 25 1 12 15 16 7 10 11 19 13 26 23 0 29 30 32 
0 29
1 18
2 7
3 12
4 13
5 16
6 8
7 22
8 15
9 4
10 23
11 24
12 19
13 26
14 10
15 20
16 21
17 9
18 14
19 25
20 3
21 11
22 2
23 28
24 1
25 17
26 27
27 5
28 6
29 30
30 31
31 0
32 32
SIMILAR

23 8 31 14 25 12 6 9 28 16 0 7 29 1 10 15 30 3 17 32 21 19 26 4 11 20 24 2 27 13 22 18 5 
0 10
1 13
2 27
3 17
4 23
5 32
6 6
7 11
8 1
9 7
10 14
11 24
12 5
13 29
14 3
15 15
16 9
17 18
18 31
19 21
20 25
21 20
22 30
23 0
24 26
25 4
26 22
27 28
28 8
29 12
30 16
31 2
32 19
SIMILAR

5 25 10 19 9 7 2 3 32 16 18 28 14 17 30 29 27 0 31 24 4 22 11 15 12 26 21 6 20 23 8 13 1 
0 17
1 32
2 6
3 7
4 20
5 0
6 27
7 5
8 30
9 4
10 2
11 22
12 24
13 31
14 12
15 23
16 9
17 13
18 10
19 3
20 28
21 26
22 21
23 29
24 19
25 1
26 25
27 16
28 11
29 15
30 14
31 18
32 8
SIMILAR

19 14 30 24 8 3 32 22 12 25 20 31 11 4 9 23 1 7 16 28 6 2 0 26 21 15 13 17 29 5 10 18 27 
0 22
1 16
2 21
3 5
4 13
5 29
6 20
7 17
8 4
9 14
10 30
11 12
12 8
13 26
14 1
15 25
16 18
17 27
18 31
19 0
20 10
21 24
22 7
23 15
24 3
25 9
26 23
27 32
28 19
29 28
30 2
31 11
32 6
SIMILAR

6 32 22 25 8 13 30 11 9 24 4 2 19 14 17 15 10 26 1 7 20 0 23 21 3 28 12 31 5 29 16 18 27 
0 21
1 18
2 11
3 24
4 10
5 28
6 0
7 19
8 4
9 8
10 16
11 7
12 26
13 5
14 13
15 15
16 30
17 14
18 31
19 12
20 20
21 23
22 2
23 22
24 9
25 3
26 17
27 32
28 25
29 29
30 6
31 27
32 1
SIMILAR

9 31 3 32 20 16 23 1 15 4 19 29 2 30 21 7 14 28 24 10 0 18 5 25 26 13 27 8 12 22 17 11 6 
0 20
1 7
2 12
3 2
4 9
5 22
6 32
7 15
8 27
9 0
10 19
11 31
12 28
13 25
14 16
15 8
16 5
17 30
18 21
19 10
20 4
21 14
22 29
23 6
24 18
25 23
26 24
27 26
28 17
29 11
30 13
31 1
32 3
SIMILAR

6 27 32 3 16 5 4 25 18 20 8 30 22 24 12 29 2 23 28 11 9 31 26 15 19 14 17 13 10 1 7 0 21 
0 31
1 29
2 16
3 3
4 6
5 5
6 0
7 30
8 10
9 20
10 28
11 19
12 14
13 27
14 25
15 23
16 4
17 26
18 8
19 24
20 9
21 32
22 12
23 17
24 13
25 7
26 22
27 1
28 18
29 15
30 11
31 21
32 2
SIMILAR

17 11 1 13 24 2 18 14 8 29 5 28 16 27 26 15 7 19 12 6 21 4 20 32 23 0 25 30 22 3 10 31 9 
0 25
1 2
2 5
3 29
4 21
5 10
6 19
7 16
8 8
9 32
10 30
11 1
12 18
13 3
14 7
15 15
16 12
17 0
18 6
19 17
20 22
21 20
22 28
23 24
24 4
25 26
26 14
27 13
28 11
29 9
30 27
31 31
32 23
SIMILAR

20 30 10 28 27 22 0 11 24 29 6 14 15 4 7 5 19 1 9 32 3 18 31 12 23 16 13 25 8 2 26 17 21 
0 6
1 17
2 29
3 20
4 13
5 15
6 10
7 14
8 28
9 18
10 2
11 7
12 23
13 26
14 11
15 12
16 25
17 31
18 21
19 16
20 0
21 32
22 5
23 24
24 8
25 27
26 30
27 4
28 3
29 9
30 1
31 22
32 19
SIMILAR

25 2 4 5 12 1 28 8 16 6 32 9 11 23 18 22 10 20 24 3 15 17 14 26 31 29 21 30 27 19 7 13 0 
0 32
1 5
2 1
3 19
4 2
5 3
6 9
7 30
8 7
9 11
10 16
11 12
12 4
13 31
14 22
15 20
16 8
17 21
18 14
19 29
20 17
21 26
22 15
23 13
24 18
25 0
26 23
27 28
28 6
29 25
30 27
31 24
32 10
SIMILAR
100 0
2900 0
292900 0
