33
0 1 0 1 1 1 0 0 0 1 1 0 0 1 1 1 1 1 0 0 0 0 0 0 1 0 1 0 1 0 1 1 1 
1 0 1 0 1 0 0 1 1 0 1 1 1 1 1 1 0 0 1 0 0 1 1 0 1 0 1 0 1 1 1 1 1 
0 1 0 0 0 1 0 1 0 0 1 0 1 0 0 0 1 0 1 0 0 1 1 0 1 0 0 1 1 1 1 0 1 
1 0 0 0 1 0 1 0 1 1 1 1 0 1 1 1 0 1 1 1 1 1 1 0 1 1 0 0 0 0 0 1 0 
1 1 0 1 0 1 0 0 1 0 0 1 0 0 0 1 0 1 1 0 1 0 1 1 0 0 0 0 1 1 0 1 1 
1 0 1 0 1 0 0 1 1 1 1 1 1 1 1 0 0 0 0 1 1 0 0 0 1 0 0 1 0 0 0 1 0 
0 0 0 1 0 0 0 1 1 1 1 1 0 0 0 1 1 0 0 1 0 0 0 0 1 1 0 1 0 0 0 1 0 
0 1 1 0 0 1 1 0 0 1 0 0 0 0 1 1 1 0 1 0 1 0 0 1 1 0 1 1 1 1 1 1 1 
0 1 0 1 1 1 1 0 0 0 0 0 1 1 0 1 1 0 0 1 0 0 0 1 1 0 0 1 0 1 0 1 1 
1 0 0 1 0 1 1 1 0 0 0 0 0 0 1 1 0 0 0 1 1 0 1 1 0 1 1 1 0 0 0 0 1 
1 1 1 1 0 1 1 0 0 0 0 0 0 0 1 0 0 0 1 1 0 1 0 1 1 0 1 0 1 0 0 1 0 
0 1 0 1 1 1 1 0 0 0 0 0 1 1 0 1 0 1 0 0 1 1 1 1 1 1 1 0 0 1 0 0 0 
0 1 1 0 0 1 0 0 1 0 0 1 0 0 1 0 0 1 0 1 0 0 0 0 0 0 1 1 0 1 1 1 1 
1 1 0 1 0 1 0 0 1 0 0 1 0 0 1 1 1 1 1 1 1 0 1 1 1 0 1 0 0 1 0 1 0 
1 1 0 1 0 1 0 1 0 1 1 0 1 1 0 1 0 1 0 0 1 1 0 1 0 1 1 1 1 1 1 0 0 
1 1 0 1 1 0 1 1 1 1 0 1 0 1 1 0 1 1 1 1 1 0 1 0 0 1 0 0 0 1 1 1 1 
1 0 1 0 0 0 1 1 1 0 0 0 0 1 0 1 0 1 0 1 1 0 0 1 1 0 1 1 1 0 0 0 1 
1 0 0 1 1 0 0 0 0 0 0 1 1 1 1 1 1 0 1 1 0 0 1 0 1 0 1 0 0 0 1 0 1 
0 1 1 1 1 0 0 1 0 0 1 0 0 1 0 1 0 1 0 0 1 0 1 0 1 0 0 1 0 1 1 0 0 
0 0 0 1 0 1 1 0 1 1 1 0 1 1 0 1 1 1 0 0 1 0 0 1 0 0 1 1 0 0 0 1 0 
0 0 0 1 1 1 0 1 0 1 0 1 0 1 1 1 1 0 1 1 0 1 1 0 0 0 1 0 1 1 0 0 1 
0 1 1 1 0 0 0 0 0 0 1 1 0 0 1 0 0 0 0 0 1 0 0 0 0 0 1 1 1 1 1 0 0 
0 1 1 1 1 0 0 0 0 1 0 1 0 1 0 1 0 1 1 0 1 0 0 1 0 1 1 0 0 1 0 0 1 
0 0 0 0 1 0 0 1 1 1 1 1 0 1 1 0 1 0 0 1 0 0 1 0 0 1 1 1 1 1 1 0 0 
1 1 1 1 0 1 1 1 1 0 1 1 0 1 0 0 1 1 1 0 0 0 0 0 0 0 0 0 1 1 0 1 0 
0 0 0 1 0 0 1 0 0 1 0 1 0 0 1 1 0 0 0 0 0 0 1 1 0 0 0 0 0 1 0 0 0 
1 1 0 0 0 0 0 1 0 1 1 1 1 1 1 0 1 1 0 1 1 1 1 1 0 0 0 0 1 1 1 0 0 
0 0 1 0 0 1 1 1 1 1 0 0 1 0 1 0 1 0 1 1 0 1 0 1 0 0 0 0 0 0 0 1 1 
1 1 1 0 1 0 0 1 0 0 1 0 0 0 1 0 1 0 0 0 1 1 0 1 1 0 1 0 0 0 1 0 0 
0 1 1 0 1 0 0 1 1 0 0 1 1 1 1 1 0 0 1 0 1 1 1 1 1 1 1 0 0 0 0 1 0 
1 1 1 0 0 0 0 1 0 0 0 0 1 0 1 1 0 1 1 0 0 1 0 1 0 0 1 0 1 0 0 0 1 
1 1 0 1 1 1 1 1 1 0 1 0 1 1 0 1 0 0 0 1 0 0 0 0 1 0 0 1 0 1 0 0 0 
1 1 1 0 1 0 0 1 1 1 0 0 1 0 0 1 1 1 0 0 1 0 1 0 0 0 0 1 0 0 1 0 0 

21 3 1 23 28 16 13 17 24 32 22 4 12 10 18 19 7 0 20 31 29 15 5 30 9 14 2 27 25 11 26 6 8 
0 17
1 2
2 26
3 1
4 11
5 22
6 31
7 16
8 32
9 24
10 13
11 29
12 12
13 6
14 25
15 21
16 5
17 7
18 14
19 15
20 18
21 0
22 10
23 3
24 8
25 28
26 30
27 27
28 4
29 20
30 23
31 19
32 9
SIMILAR

19 13 28 5 20 12 16 8 25 32 7 6 29 2 15 21 10 11 27 31 30 0 23 3 22 9 24 26 1 4 17 18 14 
0 21
1 28
2 13
3 23
4 29
5 3
6 11
7 10
8 7
9 25
10 16
11 17
12 5
13 1
14 32
15 14
16 6
17 30
18 31
19 0
20 4
21 15
22 24
23 22
24 26
25 8
26 27
27 18
28 2
29 12
30 20
31 19
32 9
SIMILAR

8 21 18 11 27 13 25 2 31 12 6 10 20 28 5 9 30 16 7 3 32 26 1 17 14 23 19 29 4 24 0 15 22 
0 30
1 22
2 7
3 19
4 28
5 14
6 10
7 18
8 0
9 15
10 11
11 3
12 9
13 5
14 24
15 31
16 17
17 23
18 2
19 26
20 12
21 1
22 32
23 25
24 29
25 6
26 21
27 4
28 13
29 27
30 16
31 8
32 20
SIMILAR

29 8 24 2 22 16 32 7 21 12 28 6 25 4 17 18 15 31 19 13 9 5 30 3 0 23 26 10 27 14 20 11 1 
0 24
1 32
2 3
3 23
4 13
5 21
6 11
7 7
8 1
9 20
10 27
11 31
12 9
13 19
14 29
15 16
16 5
17 14
18 15
19 18
20 30
21 8
22 4
23 25
24 2
25 12
26 26
27 28
28 10
29 0
30 22
31 17
32 6
SIMILAR

27 12 19 10 7 21 8 28 1 32 20 25 16 6 18 3 0 14 23 9 5 26 24 31 29 13 17 30 2 11 22 15 4 
0 16
1 8
2 28
3 15
4 32
5 20
6 13
7 4
8 6
9 19
10 3
11 29
12 1
13 25
14 17
15 31
16 12
17 26
18 14
19 2
20 10
21 5
22 30
23 18
24 22
25 11
26 21
27 0
28 7
29 24
30 27
31 23
32 9
SIMILAR

4 23 17 0 24 13 18 31 21 16 28 5 19 27 1 30 7 29 25 14 2 26 10 12 32 15 11 22 3 8 6 20 9 
0 3
1 14
2 20
3 28
4 0
5 11
6 30
7 16
8 29
9 32
10 22
11 26
12 23
13 5
14 19
15 25
16 9
17 2
18 6
19 12
20 31
21 8
22 27
23 1
24 4
25 18
26 21
27 13
28 10
29 17
30 15
31 7
32 24
SIMILAR

17 28 21 13 9 0 2 18 26 10 12 24 19 7 29 32 25 6 30 31 16 4 5 8 20 11 27 14 1 3 22 15 23 
0 5
1 28
2 6
3 29
4 21
5 22
6 17
7 13
8 23
9 4
10 9
11 25
12 10
13 3
14 27
15 31
16 20
17 0
18 7
19 12
20 24
21 2
22 30
23 32
24 11
25 16
26 8
27 26
28 1
29 14
30 18
31 19
32 15
SIMILAR

10 32 15 1 8 9 23 25 4 3 2 18 7 24 27 13 6 16 21 17 26 0 30 14 19 12 20 29 22 31 28 5 11 
0 21
1 3
2 10
3 9
4 8
5 31
6 16
7 12
8 4
9 5
10 0
11 32
12 25
13 15
14 23
15 2
16 17
17 19
18 11
19 24
20 26
21 18
22 28
23 6
24 13
25 7
26 20
27 14
28 30
29 27
30 22
31 29
32 1
SIMILAR

23 30 32 28 24 27 0 1 6 5 9 29 4 3 16 26 19 14 17 31 7 2 20 21 11 25 8 13 12 18 22 10 15 
0 6
1 7
2 21
3 13
4 12
5 9
6 8
7 20
8 26
9 10
10 31
11 24
12 28
13 27
14 17
15 32
16 14
17 18
18 29
19 16
20 22
21 23
22 30
23 0
24 4
25 25
26 15
27 5
28 3
29 11
30 1
31 19
32 2
SIMILAR

1 15 30 16 20 7 25 12 21 27 24 19 5 10 31 29 3 11 9 8 28 6 2 18 14 23 22 13 17 4 0 32 26 
0 30
1 0
2 22
3 16
4 29
5 12
6 21
7 5
8 19
9 18
10 13
11 17
12 7
13 27
14 24
15 1
16 3
17 28
18 23
19 11
20 4
21 8
22 26
23 25
24 10
25 6
26 32
27 9
28 20
29 15
30 2
31 14
32 31
SIMILAR

11 29 14 0 15 6 30 10 13 12 17 19 20 22 27 23 32 9 4 25 7 18 21 3 31 28 1 5 26 2 16 24 8 
0 3
1 26
2 29
3 23
4 18
5 27
6 5
7 20
8 32
9 17
10 7
11 0
12 9
13 8
14 2
15 4
16 30
17 10
18 21
19 11
20 12
21 22
22 13
23 15
24 31
25 19
26 28
27 14
28 25
29 1
30 6
31 24
32 16
SIMILAR

14 28 24 16 8 1 30 19 27 20 26 13 3 23 5 22 18 4 25 21 12 11 9 10 6 0 29 31 17 2 15 32 7 
0 25
1 5
2 29
3 12
4 17
5 14
6 24
7 32
8 4
9 22
10 23
11 21
12 20
13 11
14 0
15 30
16 3
17 28
18 16
19 7
20 9
21 19
22 15
23 13
24 2
25 18
26 10
27 8
28 1
29 26
30 6
31 27
32 31
SIMILAR

13 24 22 29 30 9 26 21 4 23 31 12 17 11 19 20 7 3 0 25 16 27 2 5 15 28 6 1 10 18 14 8 32 
0 18
1 27
2 22
3 17
4 8
5 23
6 26
7 16
8 31
9 5
10 28
11 13
12 11
13 0
14 30
15 24
16 20
17 12
18 29
19 14
20 15
21 7
22 2
23 9
24 1
25 19
26 6
27 21
28 25
29 3
30 4
31 10
32 32
SIMILAR

19 8 13 21 22 29 18 11 23 16 14 3 31 20 6 7 15 30 17 5 0 10 27 1 12 2 32 25 9 26 28 4 24 
0 20
1 23
2 25
3 11
4 31
5 19
6 14
7 15
8 1
9 28
10 21
11 7
12 24
13 2
14 10
15 16
16 9
17 18
18 6
19 0
20 13
21 3
22 4
23 8
24 32
25 27
26 29
27 22
28 30
29 5
30 17
31 12
32 26
SIMILAR

23 25 24 1 17 28 22 32 10 21 8 13 15 26 5 3 7 4 29 31 18 12 14 6 20 2 9 0 16 30 11 19 27 
0 27
1 3
2 25
3 15
4 17
5 14
6 23
7 16
8 10
9 26
10 8
11 30
12 21
13 11
14 22
15 12
16 28
17 4
18 20
19 31
20 24
21 9
22 6
23 0
24 2
25 1
26 13
27 32
28 5
29 18
30 29
31 19
32 7
SIMILAR

13 20 12 27 25 29 15 30 31 6 18 19 7 28 10 26 23 1 9 11 3 17 2 5 22 21 0 16 8 32 14 24 4 
0 26
1 17
2 22
3 20
4 32
5 23
6 9
7 12
8 28
9 18
10 14
11 19
12 2
13 0
14 30
15 6
16 27
17 21
18 10
19 11
20 1
21 25
22 24
23 16
24 31
25 4
26 15
27 3
28 13
29 5
30 7
31 8
32 29
SIMILAR

29 3 25 11 23 31 13 18 10 0 28 20 19 27 6 16 7 26 21 1 32 14 17 30 9 2 4 15 24 8 12 5 22 
0 9
1 19
2 25
3 1
4 26
5 31
6 14
7 16
8 29
9 24
10 8
11 3
12 30
13 6
14 21
15 27
16 15
17 22
18 7
19 12
20 11
21 18
22 32
23 4
24 28
25 2
26 17
27 13
28 10
29 0
30 23
31 5
32 20
SIMILAR

8 20 5 4 14 7 32 27 1 22 6 11 3 30 21 17 26 19 9 24 12 13 31 25 29 15 0 28 18 2 16 23 10 
0 26
1 8
2 29
3 12
4 3
5 2
6 10
7 5
8 0
9 18
10 32
11 11
12 20
13 21
14 4
15 25
16 30
17 15
18 28
19 17
20 1
21 14
22 9
23 31
24 19
25 23
26 16
27 7
28 27
29 24
30 13
31 22
32 6
SIMILAR

11 10 5 6 25 0 4 26 12 31 9 29 19 16 13 32 28 15 3 17 30 24 21 20 18 7 8 22 2 1 14 23 27 
0 5
1 29
2 28
3 18
4 6
5 2
6 3
7 25
8 26
9 10
10 1
11 0
12 8
13 14
14 30
15 17
16 13
17 19
18 24
19 12
20 23
21 22
22 27
23 31
24 21
25 4
26 7
27 32
28 16
29 11
30 20
31 9
32 15
SIMILAR

30 10 11 13 20 19 25 4 3 18 27 14 29 8 0 16 28 9 32 23 2 5 21 6 1 26 24 15 17 31 7 22 12 
0 14
1 24
2 20
3 8
4 7
5 21
6 23
7 30
8 13
9 17
10 1
11 2
12 32
13 3
14 11
15 27
16 15
17 28
18 9
19 5
20 4
21 22
22 31
23 19
24 26
25 6
26 25
27 10
28 16
29 12
30 0
31 29
32 18
SIMILAR

24 13 25 26 9 17 3 12 0 22 6 29 4 15 31 1 27 11 5 7 32 20 2 23 19 30 16 28 10 8 21 18 14 
0 8
1 15
2 22
3 6
4 12
5 18
6 10
7 19
8 29
9 4
10 28
11 17
12 7
13 1
14 32
15 13
16 26
17 5
18 31
19 24
20 21
21 30
22 9
23 23
24 0
25 2
26 3
27 16
28 27
29 11
30 25
31 14
32 20
SIMILAR

21 7 5 22 8 30 15 29 19 20 32 4 10 11 3 14 18 28 25 12 16 17 31 27 13 2 0 26 6 9 24 23 1 
0 26
1 32
2 25
3 14
4 11
5 2
6 28
7 1
8 4
9 29
10 12
11 13
12 19
13 24
14 15
15 6
16 20
17 21
18 16
19 8
20 9
21 0
22 3
23 31
24 30
25 18
26 27
27 23
28 17
29 7
30 5
31 22
32 10
SIMILAR

23 1 27 12 9 21 5 4 25 22 6 29 18 20 31 0 13 10 26 24 15 32 8 28 3 16 11 19 30 7 17 2 14 
0 15
1 1
2 31
3 24
4 7
5 6
6 10
7 29
8 22
9 4
10 17
11 26
12 3
13 16
14 32
15 20
16 25
17 30
18 12
19 27
20 13
21 5
22 9
23 0
24 19
25 8
26 18
27 2
28 23
29 11
30 28
31 14
32 21
SIMILAR

11 21 8 20 0 15 6 7 16 13 17 32 22 2 28 23 19 4 27 14 9 30 25 26 12 29 10 3 5 24 18 31 1 
0 4
1 32
2 13
3 27
4 17
5 28
6 6
7 7
8 2
9 20
10 26
11 0
12 24
13 9
14 19
15 5
16 8
17 10
18 30
19 16
20 3
21 1
22 12
23 15
24 29
25 22
26 23
27 18
28 14
29 25
30 21
31 31
32 11
SIMILAR

22 29 13 5 0 23 11 31 3 6 25 2 4 28 17 8 30 7 1 19 27 21 18 24 26 15 14 20 32 12 16 10 9 
0 4
1 18
2 11
3 8
4 12
5 3
6 9
7 17
8 15
9 32
10 31
11 6
12 29
13 2
14 26
15 25
16 30
17 14
18 22
19 19
20 27
21 21
22 0
23 5
24 23
25 10
26 24
27 20
28 13
29 1
30 16
31 7
32 28
SIMILAR

19 14 25 11 3 15 10 16 26 22 32 9 4 23 1 21 27 7 13 24 31 8 6 20 17 29 30 2 5 0 18 12 28 
0 29
1 14
2 27
3 4
4 12
5 28
6 22
7 17
8 21
9 11
10 6
11 3
12 31
13 18
14 1
15 5
16 7
17 24
18 30
19 0
20 23
21 15
22 9
23 13
24 19
25 2
26 8
27 16
28 32
29 25
30 26
31 20
32 10
SIMILAR

28 20 10 26 29 7 19 8 21 15 31 25 27 6 3 14 1 30 5 12 32 17 23 4 24 0 9 11 16 18 13 22 2 
0 25
1 16
2 32
3 14
4 23
5 18
6 13
7 5
8 7
9 26
10 2
11 27
12 19
13 30
14 15
15 9
16 28
17 21
18 29
19 6
20 1
21 8
22 31
23 22
24 24
25 11
26 3
27 12
28 0
29 4
30 17
31 10
32 20
SIMILAR

2 18 6 23 4 21 5 7 30 1 31 26 12 3 16 13 17 19 0 20 32 22 28 15 11 8 9 29 10 24 14 25 27 
0 18
1 9
2 0
3 13
4 4
5 6
6 2
7 7
8 25
9 26
10 28
11 24
12 12
13 15
14 30
15 23
16 14
17 16
18 1
19 17
20 19
21 5
22 21
23 3
24 29
25 31
26 11
27 32
28 22
29 27
30 8
31 10
32 20
SIMILAR

21 24 9 32 13 19 3 4 31 6 15 14 18 26 17 7 30 16 1 29 22 11 10 23 20 12 0 27 25 28 2 5 8 
0 26
1 18
2 30
3 6
4 7
5 31
6 9
7 15
8 32
9 2
10 22
11 21
12 25
13 4
14 11
15 10
16 17
17 14
18 12
19 5
20 24
21 0
22 20
23 23
24 1
25 28
26 13
27 27
28 29
29 19
30 16
31 8
32 3
SIMILAR

7 6 17 20 5 30 25 3 12 4 21 1 18 32 29 9 22 2 13 10 11 26 16 19 24 23 8 28 14 31 27 0 15 
0 31
1 11
2 17
3 7
4 9
5 4
6 1
7 0
8 26
9 15
10 19
11 20
12 8
13 18
14 28
15 32
16 22
17 2
18 12
19 23
20 3
21 10
22 16
23 25
24 24
25 6
26 21
27 30
28 27
29 14
30 5
31 29
32 13
SIMILAR

17 10 5 9 2 7 3 22 28 31 0 21 19 4 12 1 27 8 14 11 16 24 18 20 29 23 13 30 26 15 32 25 6 
0 10
1 15
2 4
3 6
4 13
5 2
6 32
7 5
8 17
9 3
10 1
11 19
12 14
13 26
14 18
15 29
16 20
17 0
18 22
19 12
20 23
21 11
22 7
23 25
24 21
25 31
26 28
27 16
28 8
29 24
30 27
31 9
32 30
SIMILAR

3 20 2 30 15 6 7 19 27 5 4 8 0 24 1 23 29 31 18 25 11 14 13 32 26 12 10 22 28 9 17 16 21 
0 12
1 14
2 2
3 0
4 10
5 9
6 5
7 6
8 11
9 29
10 26
11 20
12 25
13 22
14 21
15 4
16 31
17 30
18 18
19 7
20 1
21 32
22 27
23 15
24 13
25 19
26 24
27 8
28 28
29 16
30 3
31 17
32 23
SIMILAR

4 13 0 5 12 6 30 24 11 17 20 8 3 21 9 16 25 19 2 1 7 31 27 15 28 14 23 26 29 32 18 22 10 
0 2
1 19
2 18
3 12
4 0
5 3
6 5
7 20
8 11
9 14
10 32
11 8
12 4
13 1
14 25
15 23
16 15
17 9
18 30
19 17
20 10
21 13
22 31
23 26
24 7
25 16
26 27
27 22
28 24
29 28
30 6
31 21
32 29
SIMILAR

31 20 5 8 16 12 29 3 26 6 30 10 9 28 18 4 19 27 7 0 24 13 23 17 32 25 11 15 14 22 21 1 2 
0 19
1 31
2 32
3 7
4 15
5 2
6 9
7 18
8 3
9 12
10 11
11 26
12 5
13 21
14 28
15 27
16 4
17 23
18 14
19 16
20 1
21 30
22 29
23 22
24 20
25 25
26 8
27 17
28 13
29 6
30 10
31 0
32 24
SIMILAR

7 25 13 31 22 1 23 19 9 12 32 29 16 8 11 28 24 26 30 20 3 21 27 2 5 17 4 10 15 6 14 18 0 
0 32
1 5
2 23
3 20
4 26
5 24
6 29
7 0
8 13
9 8
10 27
11 14
12 9
13 2
14 30
15 28
16 12
17 25
18 31
19 7
20 19
21 21
22 4
23 6
24 16
25 1
26 17
27 22
28 15
29 11
30 18
31 3
32 10
SIMILAR

18 14 29 30 28 24 5 31 17 13 9 32 25 19 23 1 10 8 22 21 11 3 0 15 7 26 2 12 27 4 20 6 16 
0 22
1 15
2 26
3 21
4 29
5 6
6 31
7 24
8 17
9 10
10 16
11 20
12 27
13 9
14 1
15 23
16 32
17 8
18 0
19 13
20 30
21 19
22 18
23 14
24 5
25 12
26 25
27 28
28 4
29 2
30 3
31 7
32 11
SIMILAR

5 20 9 0 26 10 29 27 13 8 23 32 12 6 30 1 17 21 24 14 11 2 28 31 15 3 16 19 4 7 18 25 22 
0 3
1 15
2 21
3 25
4 28
5 0
6 13
7 29
8 9
9 2
10 5
11 20
12 12
13 8
14 19
15 24
16 26
17 16
18 30
19 27
20 1
21 17
22 32
23 10
24 18
25 31
26 4
27 7
28 22
29 6
30 14
31 23
32 11
SIMILAR

18 26 4 15 28 1 7 2 11 0 25 10 17 32 9 19 22 31 29 14 6 23 8 5 13 12 27 20 3 24 30 21 16 
0 9
1 5
2 7
3 28
4 2
5 23
6 20
7 6
8 22
9 14
10 11
11 8
12 25
13 24
14 19
15 3
16 32
17 12
18 0
19 15
20 27
21 31
22 16
23 21
24 29
25 10
26 1
27 26
28 4
29 18
30 30
31 17
32 13
SIMILAR

10 24 2 28 3 11 27 13 26 31 4 22 20 21 17 6 19 32 23 14 7 25 9 12 18 1 29 0 16 30 8 15 5 
0 27
1 25
2 2
3 4
4 10
5 32
6 15
7 20
8 30
9 22
10 0
11 5
12 23
13 7
14 19
15 31
16 28
17 14
18 24
19 16
20 12
21 13
22 11
23 18
24 1
25 21
26 8
27 6
28 3
29 26
30 29
31 9
32 17
SIMILAR

11 6 14 16 29 28 4 5 31 13 0 3 25 17 27 12 10 24 32 2 19 22 18 30 7 15 23 1 21 26 8 9 20 
0 10
1 27
2 19
3 11
4 6
5 7
6 1
7 24
8 30
9 31
10 16
11 0
12 15
13 9
14 2
15 25
16 3
17 13
18 22
19 20
20 32
21 28
22 21
23 26
24 17
25 12
26 29
27 14
28 5
29 4
30 23
31 8
32 18
SIMILAR

7 12 6 23 22 14 0 17 27 9 31 26 8 25 32 24 19 20 10 21 30 5 11 15 29 2 18 28 16 1 4 13 3 
0 6
1 29
2 25
3 32
4 30
5 21
6 2
7 0
8 12
9 9
10 18
11 22
12 1
13 31
14 5
15 23
16 28
17 7
18 26
19 16
20 17
21 19
22 4
23 3
24 15
25 13
26 11
27 8
28 27
29 24
30 20
31 10
32 14
SIMILAR

12 16 32 6 30 13 8 7 26 11 10 18 3 15 24 1 23 22 5 4 28 19 29 27 0 14 25 2 20 9 21 31 17 
0 24
1 15
2 27
3 12
4 19
5 18
6 3
7 7
8 6
9 29
10 10
11 9
12 0
13 5
14 25
15 13
16 1
17 32
18 11
19 21
20 28
21 30
22 17
23 16
24 14
25 26
26 8
27 23
28 20
29 22
30 4
31 31
32 2
SIMILAR

26 28 25 20 9 11 31 22 24 13 29 19 18 10 14 2 32 1 30 6 5 7 16 17 27 12 3 21 8 4 23 0 15 
0 31
1 17
2 15
3 26
4 29
5 20
6 19
7 21
8 28
9 4
10 13
11 5
12 25
13 9
14 14
15 32
16 22
17 23
18 12
19 11
20 3
21 27
22 7
23 30
24 8
25 2
26 0
27 24
28 1
29 10
30 18
31 6
32 16
SIMILAR

32 14 4 9 6 2 0 20 3 12 21 26 22 15 31 27 24 16 25 1 11 30 23 7 13 10 19 29 18 17 5 8 28 
0 6
1 19
2 5
3 8
4 2
5 30
6 4
7 23
8 31
9 3
10 25
11 20
12 9
13 24
14 1
15 13
16 17
17 29
18 28
19 26
20 7
21 10
22 12
23 22
24 16
25 18
26 11
27 15
28 32
29 27
30 21
31 14
32 0
SIMILAR

16 23 32 12 20 3 9 1 19 2 25 31 27 11 29 13 5 28 30 7 14 8 4 10 22 15 17 0 24 18 6 26 21 
0 27
1 7
2 9
3 5
4 22
5 16
6 30
7 19
8 21
9 6
10 23
11 13
12 3
13 15
14 20
15 25
16 0
17 26
18 29
19 8
20 4
21 32
22 24
23 1
24 28
25 10
26 31
27 12
28 17
29 14
30 18
31 11
32 2
SIMILAR

27 1 2 16 28 24 17 3 6 22 25 15 26 32 29 9 30 21 13 12 23 31 14 11 19 0 10 5 18 8 4 20 7 
0 25
1 1
2 2
3 7
4 30
5 27
6 8
7 32
8 29
9 15
10 26
11 23
12 19
13 18
14 22
15 11
16 3
17 6
18 28
19 24
20 31
21 17
22 9
23 20
24 5
25 10
26 12
27 0
28 4
29 14
30 16
31 21
32 13
SIMILAR

7 10 22 23 15 12 18 20 27 14 24 16 21 9 30 0 32 6 31 19 17 13 8 4 11 1 28 3 29 26 2 25 5 
0 15
1 25
2 30
3 27
4 23
5 32
6 17
7 0
8 22
9 13
10 1
11 24
12 5
13 21
14 9
15 4
16 11
17 20
18 6
19 19
20 7
21 12
22 2
23 3
24 10
25 31
26 29
27 8
28 26
29 28
30 14
31 18
32 16
SIMILAR

22 23 13 26 20 24 0 7 4 27 2 17 11 16 28 6 14 3 10 21 12 1 18 25 32 31 29 19 15 9 8 5 30 
0 6
1 21
2 10
3 17
4 8
5 31
6 15
7 7
8 30
9 29
10 18
11 12
12 20
13 2
14 16
15 28
16 13
17 11
18 22
19 27
20 4
21 19
22 0
23 1
24 5
25 23
26 3
27 9
28 14
29 26
30 32
31 25
32 24
SIMILAR

30 25 21 8 29 20 4 14 3 12 10 27 28 0 5 23 17 6 26 9 15 13 31 11 2 22 24 19 7 16 18 1 32 
0 13
1 31
2 24
3 8
4 6
5 14
6 17
7 28
8 3
9 19
10 10
11 23
12 9
13 21
14 7
15 20
16 29
17 16
18 30
19 27
20 5
21 2
22 25
23 15
24 26
25 1
26 18
27 11
28 12
29 4
30 0
31 22
32 32
SIMILAR

25 8 7 3 1 28 20 4 18 5 26 27 17 19 31 0 23 10 9 13 32 24 21 22 11 30 29 12 2 16 14 15 6 
0 15
1 4
2 28
3 3
4 7
5 9
6 32
7 2
8 1
9 18
10 17
11 24
12 27
13 19
14 30
15 31
16 29
17 12
18 8
19 13
20 6
21 22
22 23
23 16
24 21
25 0
26 10
27 11
28 5
29 26
30 25
31 14
32 20
SIMILAR

16 17 29 18 8 14 9 32 1 20 30 21 7 11 24 19 0 25 3 2 27 5 22 6 28 15 13 10 26 23 31 12 4 
0 16
1 8
2 19
3 18
4 32
5 21
6 23
7 12
8 4
9 6
10 27
11 13
12 31
13 26
14 5
15 25
16 0
17 1
18 3
19 15
20 9
21 11
22 22
23 29
24 14
25 17
26 28
27 20
28 24
29 2
30 10
31 30
32 7
SIMILAR

11 13 19 8 21 32 7 14 28 17 6 25 15 18 4 29 3 16 27 10 30 12 5 31 26 2 9 1 20 23 0 22 24 
0 30
1 27
2 25
3 16
4 14
5 22
6 10
7 6
8 3
9 26
10 19
11 0
12 21
13 1
14 7
15 12
16 17
17 9
18 13
19 2
20 28
21 4
22 31
23 29
24 32
25 11
26 24
27 18
28 8
29 15
30 20
31 23
32 5
SIMILAR

20 4 18 24 3 15 26 12 10 7 13 0 25 28 2 1 6 27 17 31 21 11 8 22 30 32 9 23 19 29 5 16 14 
0 11
1 15
2 14
3 4
4 1
5 30
6 16
7 9
8 22
9 26
10 8
11 21
12 7
13 10
14 32
15 5
16 31
17 18
18 2
19 28
20 0
21 20
22 23
23 27
24 3
25 12
26 6
27 17
28 13
29 29
30 24
31 19
32 25
SIMILAR

11 0 18 26 29 20 16 5 32 21 25 9 7 24 10 30 1 2 3 15 27 31 19 28 13 14 17 23 6 8 4 22 12 
0 1
1 16
2 17
3 18
4 30
5 7
6 28
7 12
8 29
9 11
10 14
11 0
12 32
13 24
14 25
15 19
16 6
17 26
18 2
19 22
20 5
21 9
22 31
23 27
24 13
25 10
26 3
27 20
28 23
29 4
30 15
31 21
32 8
SIMILAR

2 19 20 28 21 16 30 5 11 10 26 9 23 31 22 7 8 32 25 4 27 17 6 13 18 15 29 12 3 24 0 1 14 
0 30
1 31
2 0
3 28
4 19
5 7
6 22
7 15
8 16
9 11
10 9
11 8
12 27
13 23
14 32
15 25
16 5
17 21
18 24
19 1
20 2
21 4
22 14
23 12
24 29
25 18
26 10
27 20
28 3
29 26
30 6
31 13
32 17
SIMILAR

12 24 31 17 9 14 6 11 21 26 8 30 13 7 16 2 15 28 29 1 4 23 27 3 32 20 10 19 5 18 0 22 25 
0 30
1 19
2 15
3 23
4 20
5 28
6 6
7 13
8 10
9 4
10 26
11 7
12 0
13 12
14 5
15 16
16 14
17 3
18 29
19 27
20 25
21 8
22 31
23 21
24 1
25 32
26 9
27 22
28 17
29 18
30 11
31 2
32 24
SIMILAR

17 24 16 11 18 5 1 3 30 32 22 6 19 21 7 2 13 28 8 4 9 25 15 20 23 27 26 31 10 12 29 14 0 
0 32
1 6
2 15
3 7
4 19
5 5
6 11
7 14
8 18
9 20
10 28
11 3
12 29
13 16
14 31
15 22
16 2
17 0
18 4
19 12
20 23
21 13
22 10
23 24
24 1
25 21
26 26
27 25
28 17
29 30
30 8
31 27
32 9
SIMILAR

26 27 17 20 31 19 12 6 30 32 29 8 3 23 15 21 13 5 14 25 0 4 1 11 24 16 22 2 18 28 7 9 10 
0 20
1 22
2 27
3 12
4 21
5 17
6 7
7 30
8 11
9 31
10 32
11 23
12 6
13 16
14 18
15 14
16 25
17 2
18 28
19 5
20 3
21 15
22 26
23 13
24 24
25 19
26 0
27 1
28 29
29 10
30 8
31 4
32 9
SIMILAR

3 21 14 16 8 13 6 19 15 17 7 29 20 27 0 2 31 18 32 25 22 23 12 5 10 28 9 26 24 4 30 1 11 
0 14
1 31
2 15
3 0
4 29
5 23
6 6
7 10
8 4
9 26
10 24
11 32
12 22
13 5
14 2
15 8
16 3
17 9
18 17
19 7
20 12
21 1
22 20
23 21
24 28
25 19
26 27
27 13
28 25
29 11
30 30
31 16
32 18
SIMILAR

27 6 18 14 23 8 31 26 29 12 7 28 30 9 5 19 0 22 24 21 3 1 15 32 25 10 17 13 16 4 11 20 2 
0 16
1 21
2 32
3 20
4 29
5 14
6 1
7 10
8 5
9 13
10 25
11 30
12 9
13 27
14 3
15 22
16 28
17 26
18 2
19 15
20 31
21 19
22 17
23 4
24 18
25 24
26 7
27 0
28 11
29 8
30 12
31 6
32 23
SIMILAR

16 8 15 22 3 4 6 12 28 27 1 13 20 2 24 11 31 26 29 7 21 19 17 23 9 5 14 18 32 25 30 10 0 
0 32
1 10
2 13
3 4
4 5
5 25
6 6
7 19
8 1
9 24
10 31
11 15
12 7
13 11
14 26
15 2
16 0
17 22
18 27
19 21
20 12
21 20
22 3
23 23
24 14
25 29
26 17
27 9
28 8
29 18
30 30
31 16
32 28
SIMILAR

3 16 10 11 1 23 14 18 31 19 20 13 25 28 5 15 29 32 0 9 24 21 12 17 8 26 22 2 4 6 30 27 7 
0 18
1 4
2 27
3 0
4 28
5 14
6 29
7 32
8 24
9 19
10 2
11 3
12 22
13 11
14 6
15 15
16 1
17 23
18 7
19 9
20 10
21 21
22 26
23 5
24 20
25 12
26 25
27 31
28 13
29 16
30 30
31 8
32 17
SIMILAR

5 24 19 18 26 12 25 21 13 29 22 6 15 23 14 30 7 8 1 3 32 16 17 10 28 27 9 4 11 20 0 2 31 
0 30
1 18
2 31
3 19
4 27
5 0
6 11
7 16
8 17
9 26
10 23
11 28
12 5
13 8
14 14
15 12
16 21
17 22
18 3
19 2
20 29
21 7
22 10
23 13
24 1
25 6
26 4
27 25
28 24
29 9
30 15
31 32
32 20
SIMILAR

2 3 14 18 17 4 28 10 22 12 8 24 29 0 26 11 25 7 6 32 9 27 21 5 23 19 31 1 30 20 15 13 16 
0 13
1 27
2 0
3 1
4 5
5 23
6 18
7 17
8 10
9 20
10 7
11 15
12 9
13 31
14 2
15 30
16 32
17 4
18 3
19 25
20 29
21 22
22 8
23 24
24 11
25 16
26 14
27 21
28 6
29 12
30 28
31 26
32 19
SIMILAR

20 0 24 12 2 30 22 29 4 9 17 13 3 10 19 5 26 25 11 14 6 7 31 27 1 18 16 28 8 15 21 23 32 
0 1
1 24
2 4
3 12
4 8
5 15
6 20
7 21
8 28
9 9
10 13
11 18
12 3
13 11
14 19
15 29
16 26
17 10
18 25
19 14
20 0
21 30
22 6
23 31
24 2
25 17
26 16
27 23
28 27
29 7
30 5
31 22
32 32
SIMILAR

27 2 12 13 6 4 16 28 0 20 5 11 18 19 9 17 32 31 7 3 8 23 10 24 25 26 22 21 29 1 30 15 14 
0 8
1 29
2 1
3 19
4 5
5 10
6 4
7 18
8 20
9 14
10 22
11 11
12 2
13 3
14 32
15 31
16 6
17 15
18 12
19 13
20 9
21 27
22 26
23 21
24 23
25 24
26 25
27 0
28 7
29 28
30 30
31 17
32 16
SIMILAR

9 15 11 3 18 12 29 30 19 10 24 23 28 17 20 13 6 32 4 8 5 22 21 16 7 31 2 1 14 26 25 0 27 
0 31
1 27
2 26
3 3
4 18
5 20
6 16
7 24
8 19
9 0
10 9
11 2
12 5
13 15
14 28
15 1
16 23
17 13
18 4
19 8
20 14
21 22
22 21
23 11
24 10
25 30
26 29
27 32
28 12
29 6
30 7
31 25
32 17
SIMILAR

12 0 31 9 3 14 22 32 24 30 13 5 25 15 27 7 4 6 10 16 18 28 17 23 20 26 2 29 1 21 11 8 19 
0 1
1 28
2 26
3 4
4 16
5 11
6 17
7 15
8 31
9 3
10 18
11 30
12 0
13 10
14 5
15 13
16 19
17 22
18 20
19 32
20 24
21 29
22 6
23 23
24 8
25 12
26 25
27 14
28 21
29 27
30 9
31 2
32 7
SIMILAR

10 22 11 8 19 18 7 5 21 29 28 1 32 2 4 0 9 31 6 27 17 26 12 24 25 30 20 16 14 13 23 3 15 
0 15
1 11
2 13
3 31
4 14
5 7
6 18
7 6
8 3
9 16
10 0
11 2
12 22
13 29
14 28
15 32
16 27
17 20
18 5
19 4
20 26
21 8
22 1
23 30
24 23
25 24
26 21
27 19
28 10
29 9
30 25
31 17
32 12
SIMILAR

14 29 20 4 12 11 26 0 19 6 21 28 7 23 3 13 17 27 16 24 32 18 1 15 2 5 10 25 9 30 22 8 31 
0 7
1 22
2 24
3 14
4 3
5 25
6 9
7 12
8 31
9 28
10 26
11 5
12 4
13 15
14 0
15 23
16 18
17 16
18 21
19 8
20 2
21 10
22 30
23 13
24 19
25 27
26 6
27 17
28 11
29 1
30 29
31 32
32 20
SIMILAR

32 31 17 12 8 9 21 14 19 30 28 7 27 23 16 15 1 22 11 13 2 4 25 20 18 26 10 3 29 0 6 24 5 
0 29
1 16
2 20
3 27
4 21
5 32
6 30
7 11
8 4
9 5
10 26
11 18
12 3
13 19
14 7
15 15
16 14
17 2
18 24
19 8
20 23
21 6
22 17
23 13
24 31
25 22
26 25
27 12
28 10
29 28
30 9
31 1
32 0
SIMILAR

19 4 8 15 3 5 16 29 17 7 32 12 14 1 18 22 6 28 30 13 9 11 23 24 27 21 0 31 26 10 2 20 25 
0 26
1 13
2 30
3 4
4 1
5 5
6 16
7 9
8 2
9 20
10 29
11 21
12 11
13 19
14 12
15 3
16 6
17 8
18 14
19 0
20 31
21 25
22 15
23 22
24 23
25 32
26 28
27 24
28 17
29 7
30 18
31 27
32 10
SIMILAR

15 14 7 10 24 5 9 28 27 6 13 19 18 23 0 26 25 16 30 12 3 11 4 17 20 21 31 32 1 2 22 29 8 
0 14
1 28
2 29
3 20
4 22
5 5
6 9
7 2
8 32
9 6
10 3
11 21
12 19
13 10
14 1
15 0
16 17
17 23
18 12
19 11
20 24
21 25
22 30
23 13
24 4
25 16
26 15
27 8
28 7
29 31
30 18
31 26
32 27
SIMILAR

12 25 30 23 20 22 3 7 10 18 5 21 13 29 17 11 32 14 8 28 4 31 0 2 27 9 1 24 16 26 15 19 6 
0 22
1 26
2 23
3 6
4 20
5 10
6 32
7 7
8 18
9 25
10 8
11 15
12 0
13 12
14 17
15 30
16 28
17 14
18 9
19 31
20 4
21 11
22 5
23 3
24 27
25 1
26 29
27 24
28 19
29 13
30 2
31 21
32 16
SIMILAR

30 6 19 29 28 3 13 20 12 22 24 23 26 2 4 9 31 14 7 17 27 8 0 21 25 16 18 15 10 1 11 32 5 
0 22
1 29
2 13
3 5
4 14
5 32
6 1
7 18
8 21
9 15
10 28
11 30
12 8
13 6
14 17
15 27
16 25
17 19
18 26
19 2
20 7
21 23
22 9
23 11
24 10
25 24
26 12
27 20
28 4
29 3
30 0
31 16
32 31
SIMILAR

16 22 29 10 11 31 15 2 14 21 28 12 9 17 8 4 1 5 25 6 13 7 26 24 23 20 30 18 0 3 19 27 32 
0 28
1 16
2 7
3 29
4 15
5 17
6 19
7 21
8 14
9 12
10 3
11 4
12 11
13 20
14 8
15 6
16 0
17 13
18 27
19 30
20 25
21 9
22 1
23 24
24 23
25 18
26 22
27 31
28 10
29 2
30 26
31 5
32 32
SIMILAR

22 13 29 4 18 7 8 19 15 0 2 25 1 32 21 26 11 9 30 12 5 24 28 6 14 27 3 17 16 10 23 20 31 
0 9
1 12
2 10
3 26
4 3
5 20
6 23
7 5
8 6
9 17
10 29
11 16
12 19
13 1
14 24
15 8
16 28
17 27
18 4
19 7
20 31
21 14
22 0
23 30
24 21
25 11
26 15
27 25
28 22
29 2
30 18
31 32
32 13
SIMILAR

31 23 9 10 8 18 17 4 0 6 30 29 32 19 13 20 25 22 21 5 1 15 7 24 14 12 16 28 3 11 27 26 2 
0 8
1 20
2 32
3 28
4 7
5 19
6 9
7 22
8 4
9 2
10 3
11 29
12 25
13 14
14 24
15 21
16 26
17 6
18 5
19 13
20 15
21 18
22 17
23 1
24 23
25 16
26 31
27 30
28 27
29 11
30 10
31 0
32 12
SIMILAR

29 11 0 14 31 4 30 13 23 5 9 10 28 19 26 6 2 12 20 21 24 18 16 17 7 8 1 32 27 25 22 15 3 
0 2
1 26
2 16
3 32
4 5
5 9
6 15
7 24
8 25
9 10
10 11
11 1
12 17
13 7
14 3
15 31
16 22
17 23
18 21
19 13
20 18
21 19
22 30
23 8
24 20
25 29
26 14
27 28
28 12
29 0
30 6
31 4
32 27
SIMILAR

5 1 19 27 14 13 30 32 11 26 3 6 2 25 17 31 10 16 7 0 12 24 21 29 15 28 22 9 8 20 18 23 4 
0 19
1 1
2 12
3 10
4 32
5 0
6 11
7 18
8 28
9 27
10 16
11 8
12 20
13 5
14 4
15 24
16 17
17 14
18 30
19 2
20 29
21 22
22 26
23 31
24 21
25 13
26 9
27 3
28 25
29 23
30 6
31 15
32 7
SIMILAR

12 7 9 19 5 27 23 4 31 21 3 0 24 1 29 2 28 20 17 16 25 11 8 32 6 26 13 30 10 15 14 18 22 
0 11
1 13
2 15
3 10
4 7
5 4
6 24
7 1
8 22
9 2
10 28
11 21
12 0
13 26
14 30
15 29
16 19
17 18
18 31
19 3
20 17
21 9
22 32
23 6
24 12
25 20
26 25
27 5
28 16
29 14
30 27
31 8
32 23
SIMILAR

15 21 10 8 19 23 26 4 3 1 7 32 11 12 31 13 14 20 22 18 0 2 9 6 24 30 28 17 5 25 27 29 16 
0 20
1 9
2 21
3 8
4 7
5 28
6 23
7 10
8 3
9 22
10 2
11 12
12 13
13 15
14 16
15 0
16 32
17 27
18 19
19 4
20 17
21 1
22 18
23 5
24 24
25 29
26 6
27 30
28 26
29 31
30 25
31 14
32 11
SIMILAR

10 16 6 20 13 26 1 2 27 15 30 18 24 28 9 11 25 0 22 5 32 14 4 3 31 23 12 17 29 19 8 21 7 
0 17
1 6
2 7
3 23
4 22
5 19
6 2
7 32
8 30
9 14
10 0
11 15
12 26
13 4
14 21
15 9
16 1
17 27
18 11
19 29
20 3
21 31
22 18
23 25
24 12
25 16
26 5
27 8
28 13
29 28
30 10
31 24
32 20
SIMILAR

23 25 19 32 18 11 28 3 7 30 17 8 6 5 12 27 15 26 14 22 9 16 1 24 31 21 13 0 2 4 29 10 20 
0 27
1 22
2 28
3 7
4 29
5 13
6 12
7 8
8 11
9 20
10 31
11 5
12 14
13 26
14 18
15 16
16 21
17 10
18 4
19 2
20 32
21 25
22 19
23 0
24 23
25 1
26 17
27 15
28 6
29 30
30 9
31 24
32 3
SIMILAR

23 10 30 12 27 7 28 24 0 17 1 21 8 25 18 13 6 22 11 5 31 3 14 32 4 9 15 16 2 20 26 29 19 
0 8
1 10
2 28
3 21
4 24
5 19
6 16
7 5
8 12
9 25
10 1
11 18
12 3
13 15
14 22
15 26
16 27
17 9
18 14
19 32
20 29
21 11
22 17
23 0
24 7
25 13
26 30
27 4
28 6
29 31
30 2
31 20
32 23
SIMILAR

21 20 7 32 1 19 9 22 13 29 23 5 2 10 16 30 26 17 14 6 15 25 4 28 0 12 11 27 8 18 24 31 3 
0 24
1 4
2 12
3 32
4 22
5 11
6 19
7 2
8 28
9 6
10 13
11 26
12 25
13 8
14 18
15 20
16 14
17 17
18 29
19 5
20 1
21 0
22 7
23 10
24 30
25 21
26 16
27 27
28 23
29 9
30 15
31 31
32 3
SIMILAR

19 5 32 15 14 6 4 16 20 22 26 24 13 31 0 9 21 8 28 29 2 1 3 25 12 7 27 17 11 23 10 30 18 
0 14
1 21
2 20
3 22
4 6
5 1
6 5
7 25
8 17
9 15
10 30
11 28
12 24
13 12
14 4
15 3
16 7
17 27
18 32
19 0
20 8
21 16
22 9
23 29
24 11
25 23
26 10
27 26
28 18
29 19
30 31
31 13
32 2
SIMILAR

13 30 17 2 23 32 7 5 1 6 12 18 8 21 26 22 16 0 31 11 29 27 25 9 15 14 4 20 10 3 28 19 24 
0 17
1 8
2 3
3 29
4 26
5 7
6 9
7 6
8 12
9 23
10 28
11 19
12 10
13 0
14 25
15 24
16 16
17 2
18 11
19 31
20 27
21 13
22 15
23 4
24 32
25 22
26 14
27 21
28 30
29 20
30 1
31 18
32 5
SIMILAR

26 13 7 21 29 16 6 28 22 15 1 23 3 20 10 2 17 8 19 9 14 18 12 11 31 30 5 4 25 32 24 27 0 
0 32
1 10
2 15
3 12
4 27
5 26
6 6
7 2
8 17
9 19
10 14
11 23
12 22
13 1
14 20
15 9
16 5
17 16
18 21
19 18
20 13
21 3
22 8
23 11
24 30
25 28
26 0
27 31
28 7
29 4
30 25
31 24
32 29
SIMILAR

16 30 20 12 19 11 7 25 1 31 2 21 23 13 32 24 4 26 3 8 9 15 17 14 27 29 18 10 6 0 5 22 28 
0 29
1 8
2 10
3 18
4 16
5 30
6 28
7 6
8 19
9 20
10 27
11 5
12 3
13 13
14 23
15 21
16 0
17 22
18 26
19 4
20 2
21 11
22 31
23 12
24 15
25 7
26 17
27 24
28 32
29 25
30 1
31 9
32 14
SIMILAR

32 26 3 27 13 22 2 19 17 7 29 0 10 28 30 9 4 16 6 18 15 14 1 25 31 12 21 8 11 20 24 5 23 
0 11
1 22
2 6
3 2
4 16
5 31
6 18
7 9
8 27
9 15
10 12
11 28
12 25
13 4
14 21
15 20
16 17
17 8
18 19
19 7
20 29
21 26
22 5
23 32
24 30
25 23
26 1
27 3
28 13
29 10
30 14
31 24
32 0
SIMILAR

32 11 14 18 5 4 23 31 13 2 6 7 0 28 24 10 20 26 9 1 29 30 25 22 27 19 15 21 16 17 8 3 12 
0 12
1 19
2 9
3 31
4 5
5 4
6 10
7 11
8 30
9 18
10 15
11 1
12 32
13 8
14 2
15 26
16 28
17 29
18 3
19 25
20 16
21 27
22 23
23 6
24 14
25 22
26 17
27 24
28 13
29 20
30 21
31 7
32 0
SIMILAR

3 20 11 29 17 19 24 16 30 22 12 14 26 31 7 32 25 10 21 5 23 6 8 18 28 15 0 1 2 9 4 27 13 
0 26
1 27
2 28
3 0
4 30
5 19
6 21
7 14
8 22
9 29
10 17
11 2
12 10
13 32
14 11
15 25
16 7
17 4
18 23
19 5
20 1
21 18
22 9
23 20
24 6
25 16
26 12
27 31
28 24
29 3
30 8
31 13
32 15
SIMILAR

10 6 14 30 3 32 0 16 12 13 15 1 26 7 31 24 28 23 9 11 8 25 27 19 2 5 22 21 18 4 20 17 29 
0 6
1 11
2 24
3 4
4 29
5 25
6 1
7 13
8 20
9 18
10 0
11 19
12 8
13 9
14 2
15 10
16 7
17 31
18 28
19 23
20 30
21 27
22 26
23 17
24 15
25 21
26 12
27 22
28 16
29 32
30 3
31 14
32 5
SIMILAR

4 6 20 9 28 15 10 3 2 31 5 25 7 8 22 26 0 27 24 19 21 13 29 23 32 18 16 14 12 11 17 1 30 
0 16
1 31
2 8
3 7
4 0
5 10
6 1
7 12
8 13
9 3
10 6
11 29
12 28
13 21
14 27
15 5
16 26
17 30
18 25
19 19
20 2
21 20
22 14
23 23
24 18
25 11
26 15
27 17
28 4
29 22
30 32
31 9
32 24
SIMILAR

24 26 22 25 20 6 7 11 1 5 13 18 15 9 4 16 17 8 0 23 31 27 32 3 10 21 14 2 12 30 29 28 19 
0 18
1 8
2 27
3 23
4 14
5 9
6 5
7 6
8 17
9 13
10 24
11 7
12 28
13 10
14 26
15 12
16 15
17 16
18 11
19 32
20 4
21 25
22 2
23 19
24 0
25 3
26 1
27 21
28 31
29 30
30 29
31 20
32 22
SIMILAR

5 13 27 8 15 2 26 14 3 1 32 17 21 6 10 30 7 20 4 19 16 12 29 18 9 22 23 24 31 28 11 25 0 
0 32
1 9
2 5
3 8
4 18
5 0
6 13
7 16
8 3
9 24
10 14
11 30
12 21
13 1
14 7
15 4
16 20
17 11
18 23
19 19
20 17
21 12
22 25
23 26
24 27
25 31
26 6
27 2
28 29
29 22
30 15
31 28
32 10
SIMILAR

32 31 21 22 6 27 18 7 4 10 8 23 12 13 24 28 11 25 2 3 14 26 20 1 17 9 5 30 15 29 0 16 19 
0 30
1 23
2 18
3 19
4 8
5 26
6 4
7 7
8 10
9 25
10 9
11 16
12 12
13 13
14 20
15 28
16 31
17 24
18 6
19 32
20 22
21 2
22 3
23 11
24 14
25 17
26 21
27 5
28 15
29 29
30 27
31 1
32 0
SIMILAR

21 24 8 10 6 20 25 1 2 3 17 4 22 0 32 28 30 18 19 13 15 27 7 23 31 9 11 29 5 16 14 12 26 
0 13
1 7
2 8
3 9
4 11
5 28
6 4
7 22
8 2
9 25
10 3
11 26
12 31
13 19
14 30
15 20
16 29
17 10
18 17
19 18
20 5
21 0
22 12
23 23
24 1
25 6
26 32
27 21
28 15
29 27
30 16
31 24
32 14
SIMILAR

13 28 0 18 23 21 27 4 32 29 9 11 10 7 16 3 6 20 17 15 26 1 5 24 19 12 8 31 2 22 25 14 30 
0 2
1 21
2 28
3 15
4 7
5 22
6 16
7 13
8 26
9 10
10 12
11 11
12 25
13 0
14 31
15 19
16 14
17 18
18 3
19 24
20 17
21 5
22 29
23 4
24 23
25 30
26 20
27 6
28 1
29 9
30 32
31 27
32 8
SIMILAR
100 0
5000 0
295000 0
