43
0 1 0 1 0 0 1 0 0 0 0 0 1 0 1 1 1 1 0 0 0 1 0 1 0 0 1 0 1 0 0 0 0 1 0 0 1 0 1 1 0 1 0 
1 0 0 1 1 0 1 0 1 0 1 1 1 1 0 1 1 0 1 1 1 1 0 1 0 1 1 1 1 0 1 0 0 1 0 1 0 0 1 0 0 0 1 
0 0 0 0 0 0 1 0 0 0 0 0 1 1 1 0 1 0 0 0 1 1 1 0 0 1 0 1 0 1 1 1 1 1 1 0 1 0 1 0 0 0 0 
1 1 0 0 0 1 0 0 0 1 0 0 0 1 0 1 0 1 0 1 0 1 1 1 0 0 1 1 0 0 1 1 1 0 0 1 1 0 1 0 0 1 1 
0 1 0 0 0 1 1 1 0 1 0 0 0 1 0 0 1 0 0 0 1 0 1 0 1 1 0 1 1 1 1 0 1 1 0 0 0 1 1 1 0 0 0 
0 0 0 1 1 0 1 0 1 1 1 1 1 0 1 0 0 1 0 1 1 1 0 0 1 0 0 1 0 1 1 1 0 0 1 1 1 0 1 0 1 0 1 
1 1 1 0 1 1 0 0 0 0 0 0 1 0 0 1 0 1 0 1 0 1 0 0 0 1 1 1 0 1 1 0 0 0 1 0 1 0 0 0 1 1 1 
0 0 0 0 1 0 0 0 1 0 1 0 0 1 1 0 0 0 0 0 0 1 1 0 0 1 1 1 1 0 0 0 0 0 0 1 1 0 1 0 0 1 0 
0 1 0 0 0 1 0 1 0 0 1 0 1 0 1 1 1 0 0 1 0 0 1 0 1 1 1 0 1 0 0 1 0 1 0 1 1 0 1 1 0 0 0 
0 0 0 1 1 1 0 0 0 0 0 0 1 0 1 1 0 1 1 0 0 1 1 1 1 1 0 0 1 1 0 1 0 1 0 0 0 0 1 1 1 0 1 
0 1 0 0 0 1 0 1 1 0 0 1 1 0 1 0 0 0 0 1 0 0 0 1 1 0 0 1 1 1 1 1 0 1 0 0 1 1 1 1 0 1 1 
0 1 0 0 0 1 0 0 0 0 1 0 1 1 1 0 1 0 0 0 1 0 0 0 1 1 1 1 1 0 0 1 1 1 0 0 1 0 0 1 1 1 1 
1 1 1 0 0 1 1 0 1 1 1 1 0 0 0 1 1 0 0 0 1 0 0 0 1 1 1 1 0 0 0 1 0 0 1 1 1 0 1 1 1 1 1 
0 1 1 1 1 0 0 1 0 0 0 1 0 0 1 0 0 1 0 0 1 1 0 0 1 0 1 1 1 0 0 0 1 1 1 1 1 1 0 1 0 0 0 
1 0 1 0 0 1 0 1 1 1 1 1 0 1 0 1 0 1 1 0 1 1 0 1 0 1 0 0 1 1 1 1 0 0 0 0 1 1 1 0 0 0 0 
1 1 0 1 0 0 1 0 1 1 0 0 1 0 1 0 0 1 0 0 0 1 1 1 0 1 0 1 0 0 0 0 0 0 1 0 1 0 1 0 1 1 1 
1 1 1 0 1 0 0 0 1 0 0 1 1 0 0 0 0 0 1 1 0 0 1 0 1 0 0 0 1 0 0 0 1 0 0 0 0 0 1 1 0 1 1 
1 0 0 1 0 1 1 0 0 1 0 0 0 1 1 1 0 0 1 0 0 0 1 1 1 1 1 1 1 1 0 1 1 1 1 0 0 1 0 1 0 0 1 
0 1 0 0 0 0 0 0 0 1 0 0 0 0 1 0 1 1 0 1 0 0 1 0 1 1 0 1 1 1 1 0 0 1 0 1 1 1 1 0 1 1 0 
0 1 0 1 0 1 1 0 1 0 1 0 0 0 0 0 1 0 1 0 1 0 0 0 0 0 0 0 1 0 0 0 1 1 0 1 1 1 1 0 1 0 0 
0 1 1 0 1 1 0 0 0 0 0 1 1 1 1 0 0 0 0 1 0 1 1 1 0 1 1 1 1 0 0 0 0 0 1 1 0 1 1 1 1 1 1 
1 1 1 1 0 1 1 1 0 1 0 0 0 1 1 1 0 0 0 0 1 0 0 0 0 0 0 0 1 0 1 1 1 0 1 0 1 0 1 1 0 1 1 
0 0 1 1 1 0 0 1 1 1 0 0 0 0 0 1 1 1 1 0 1 0 0 0 1 1 0 1 0 0 1 0 0 1 1 1 1 0 0 0 0 0 0 
1 1 0 1 0 0 0 0 0 1 1 0 0 0 1 1 0 1 0 0 1 0 0 0 0 0 1 0 0 0 1 0 1 0 0 1 0 0 0 0 1 0 1 
0 0 0 0 1 1 0 0 1 1 1 1 1 1 0 0 1 1 1 0 0 0 1 0 0 1 0 0 1 1 1 1 0 1 1 0 0 1 0 0 0 0 0 
0 1 1 0 1 0 1 1 1 1 0 1 1 0 1 1 0 1 1 0 1 0 1 0 1 0 0 1 0 1 0 1 0 1 1 1 1 0 0 0 0 1 0 
1 1 0 1 0 0 1 1 1 0 0 1 1 1 0 0 0 1 0 0 1 0 0 1 0 0 0 1 0 0 1 0 0 1 1 1 1 1 1 0 0 0 0 
0 1 1 1 1 1 1 1 0 0 1 1 1 1 0 1 0 1 1 0 1 0 1 0 0 1 1 0 1 0 1 1 1 0 0 0 1 1 0 1 1 0 0 
1 1 0 0 1 0 0 1 1 1 1 1 0 1 1 0 1 1 1 1 1 1 0 0 1 0 0 1 0 0 0 0 1 1 0 0 1 0 1 1 0 0 0 
0 0 1 0 1 1 1 0 0 1 1 0 0 0 1 0 0 1 1 0 0 0 0 0 1 1 0 0 0 0 0 1 0 1 1 0 0 0 1 0 0 0 1 
0 1 1 1 1 1 1 0 0 0 1 0 0 0 1 0 0 0 1 0 0 1 1 1 1 0 1 1 0 0 0 1 0 0 0 0 0 1 0 1 0 0 0 
0 0 1 1 0 1 0 0 1 1 1 1 1 0 1 0 0 1 0 0 0 1 0 0 1 1 0 1 0 1 1 0 1 0 0 0 1 0 0 0 0 0 0 
0 0 1 1 1 0 0 0 0 0 0 1 0 1 0 0 1 1 0 1 0 1 0 1 0 0 0 1 1 0 0 1 0 0 0 1 0 1 0 0 1 0 0 
1 1 1 0 1 0 0 0 1 1 1 1 0 1 0 0 0 1 1 1 0 0 1 0 1 1 1 0 1 1 0 0 0 0 0 0 1 0 1 0 0 0 0 
0 0 1 0 0 1 1 0 0 0 0 0 1 1 0 1 0 1 0 0 1 1 1 0 1 1 1 0 0 1 0 0 0 0 0 0 1 0 1 1 1 1 1 
0 1 0 1 0 1 0 1 1 0 0 0 1 1 0 0 0 0 1 1 1 0 1 1 0 1 1 0 0 0 0 0 1 0 0 0 0 0 1 0 1 0 0 
1 0 1 1 0 1 1 1 1 0 1 1 1 1 1 1 0 0 1 1 0 1 1 0 0 1 1 1 1 0 0 1 0 1 1 0 0 0 0 0 0 0 1 
0 0 0 0 1 0 0 0 0 0 1 0 0 1 1 0 0 1 1 1 1 0 0 0 1 0 1 1 0 0 1 0 1 0 0 0 0 0 1 1 1 0 1 
1 1 1 1 1 1 0 1 1 1 1 0 1 0 1 1 1 0 1 1 1 1 0 0 0 0 1 0 1 1 0 0 0 1 1 1 0 1 0 1 0 0 0 
1 0 0 0 1 0 0 0 1 1 1 1 1 1 0 0 1 1 0 0 1 1 0 0 0 0 0 1 1 0 1 0 0 0 1 0 0 1 1 0 1 1 1 
0 0 0 0 0 1 1 0 0 1 0 1 1 0 0 1 0 0 1 1 1 0 0 1 0 0 0 1 0 0 0 0 1 0 1 1 0 1 0 1 0 1 1 
1 0 0 1 0 0 1 1 0 0 1 1 1 0 0 1 1 0 1 0 1 1 0 0 0 1 0 0 0 0 0 0 0 0 1 0 0 0 0 1 1 0 1 
0 1 0 1 0 1 1 0 0 1 1 1 1 0 0 1 1 1 0 0 1 1 0 1 0 0 0 0 0 1 0 0 0 0 1 0 1 1 0 1 1 1 0 

22 19 12 35 26 38 36 5 34 6 2 21 32 30 33 9 28 37 8 7 20 3 27 29 17 39 11 16 31 41 24 0 1 18 14 25 4 15 42 23 10 13 40 
0 31
1 32
2 10
3 21
4 36
5 7
6 9
7 19
8 18
9 15
10 40
11 26
12 2
13 41
14 34
15 37
16 27
17 24
18 33
19 1
20 20
21 11
22 0
23 39
24 30
25 35
26 4
27 22
28 16
29 23
30 13
31 28
32 12
33 14
34 8
35 3
36 6
37 17
38 5
39 25
40 42
41 29
42 38
SIMILAR

31 17 21 38 2 14 15 37 7 11 24 26 41 0 32 22 30 12 34 16 35 6 28 39 18 42 27 19 10 25 1 33 29 23 40 5 36 9 3 13 20 8 4 
0 13
1 30
2 4
3 38
4 42
5 35
6 21
7 8
8 41
9 37
10 28
11 9
12 17
13 39
14 5
15 6
16 19
17 1
18 24
19 27
20 40
21 2
22 15
23 33
24 10
25 29
26 11
27 26
28 22
29 32
30 16
31 0
32 14
33 31
34 18
35 20
36 36
37 7
38 3
39 23
40 34
41 12
42 25
SIMILAR

22 34 23 42 41 33 15 26 3 21 5 6 0 12 37 29 36 9 24 35 32 7 17 25 2 39 30 14 31 1 13 19 20 38 4 16 27 11 28 18 40 10 8 
0 12
1 29
2 24
3 8
4 34
5 10
6 11
7 21
8 42
9 17
10 41
11 37
12 13
13 30
14 27
15 6
16 35
17 22
18 39
19 31
20 32
21 9
22 0
23 2
24 18
25 23
26 7
27 36
28 38
29 15
30 26
31 28
32 20
33 5
34 1
35 19
36 16
37 14
38 33
39 25
40 40
41 4
42 3
SIMILAR

13 25 11 3 19 14 22 1 31 37 26 23 32 24 27 40 29 18 7 15 0 30 39 41 2 12 21 35 28 36 6 20 4 9 34 38 8 5 33 16 10 17 42 
0 20
1 7
2 24
3 3
4 32
5 37
6 30
7 18
8 36
9 33
10 40
11 2
12 25
13 0
14 5
15 19
16 39
17 41
18 17
19 4
20 31
21 26
22 6
23 11
24 13
25 1
26 10
27 14
28 28
29 16
30 21
31 8
32 12
33 38
34 34
35 27
36 29
37 9
38 35
39 22
40 15
41 23
42 42
SIMILAR

2 25 11 37 14 13 19 15 30 12 4 6 22 21 26 32 42 10 3 27 8 23 1 35 16 33 7 40 34 5 17 36 38 31 28 9 29 24 20 39 18 0 41 
0 41
1 22
2 0
3 18
4 10
5 29
6 11
7 26
8 20
9 35
10 17
11 2
12 9
13 5
14 4
15 7
16 24
17 30
18 40
19 6
20 38
21 13
22 12
23 21
24 37
25 1
26 14
27 19
28 34
29 36
30 8
31 33
32 15
33 25
34 28
35 23
36 31
37 3
38 32
39 39
40 27
41 42
42 16
SIMILAR

4 7 10 33 13 3 20 21 18 27 17 41 23 24 26 29 31 11 5 9 35 0 34 19 32 2 16 25 1 6 39 12 30 40 14 8 42 15 37 36 38 22 28 
0 21
1 28
2 25
3 5
4 0
5 18
6 29
7 1
8 35
9 19
10 2
11 17
12 31
13 4
14 34
15 37
16 26
17 10
18 8
19 23
20 6
21 7
22 41
23 12
24 13
25 27
26 14
27 9
28 42
29 15
30 32
31 16
32 24
33 3
34 22
35 20
36 39
37 38
38 40
39 30
40 33
41 11
42 36
SIMILAR

35 40 39 5 7 16 24 21 4 33 12 27 36 15 34 20 22 26 37 42 6 25 3 2 9 38 41 11 28 30 1 17 10 31 14 19 32 23 13 18 8 0 29 
0 41
1 30
2 23
3 22
4 8
5 3
6 20
7 4
8 40
9 24
10 32
11 27
12 10
13 38
14 34
15 13
16 5
17 31
18 39
19 35
20 15
21 7
22 16
23 37
24 6
25 21
26 17
27 11
28 28
29 42
30 29
31 33
32 36
33 9
34 14
35 0
36 12
37 18
38 25
39 2
40 1
41 26
42 19
SIMILAR

36 16 12 30 8 7 35 9 21 39 37 1 15 5 33 26 23 11 25 29 14 6 2 3 13 0 27 40 32 31 17 24 41 34 38 10 42 20 19 18 22 28 4 
0 25
1 11
2 22
3 23
4 42
5 13
6 21
7 5
8 4
9 7
10 35
11 17
12 2
13 24
14 20
15 12
16 1
17 30
18 39
19 38
20 37
21 8
22 40
23 16
24 31
25 18
26 15
27 26
28 41
29 19
30 3
31 29
32 28
33 14
34 33
35 6
36 0
37 10
38 34
39 9
40 27
41 32
42 36
SIMILAR

41 32 8 14 22 28 38 12 40 15 19 25 3 7 34 0 26 33 23 9 5 31 24 18 21 2 35 30 17 4 13 36 16 6 37 1 27 39 29 11 20 10 42 
0 15
1 35
2 25
3 12
4 29
5 20
6 33
7 13
8 2
9 19
10 41
11 39
12 7
13 30
14 3
15 9
16 32
17 28
18 23
19 10
20 40
21 24
22 4
23 18
24 22
25 11
26 16
27 36
28 5
29 38
30 27
31 21
32 1
33 17
34 14
35 26
36 31
37 34
38 6
39 37
40 8
41 0
42 42
SIMILAR

19 25 2 18 5 4 3 7 0 30 40 38 9 13 31 11 32 14 29 39 21 16 35 41 42 28 33 34 24 26 27 17 23 1 8 12 36 22 37 6 15 10 20 
0 8
1 33
2 2
3 6
4 5
5 4
6 39
7 7
8 34
9 12
10 41
11 15
12 35
13 13
14 17
15 40
16 21
17 31
18 3
19 0
20 42
21 20
22 37
23 32
24 28
25 1
26 29
27 30
28 25
29 18
30 9
31 14
32 16
33 26
34 27
35 22
36 36
37 38
38 11
39 19
40 10
41 23
42 24
SIMILAR

17 34 19 31 5 0 9 8 3 23 6 13 2 32 39 10 30 36 41 20 12 24 33 15 27 7 11 26 25 29 18 21 37 38 40 4 22 28 42 1 35 14 16 
0 5
1 39
2 12
3 8
4 35
5 4
6 10
7 25
8 7
9 6
10 15
11 26
12 20
13 11
14 41
15 23
16 42
17 0
18 30
19 2
20 19
21 31
22 36
23 9
24 21
25 28
26 27
27 24
28 37
29 29
30 16
31 3
32 13
33 22
34 1
35 40
36 17
37 32
38 33
39 14
40 34
41 18
42 38
SIMILAR

5 24 41 16 34 15 29 19 1 12 7 22 21 40 33 23 42 20 26 31 11 3 39 32 6 37 14 30 25 35 8 17 4 36 0 27 38 2 9 28 10 13 18 
0 34
1 8
2 37
3 21
4 32
5 0
6 24
7 10
8 30
9 38
10 40
11 20
12 9
13 41
14 26
15 5
16 3
17 31
18 42
19 7
20 17
21 12
22 11
23 15
24 1
25 28
26 18
27 35
28 39
29 6
30 27
31 19
32 23
33 14
34 4
35 29
36 33
37 25
38 36
39 22
40 13
41 2
42 16
SIMILAR

33 14 28 6 15 29 18 37 23 5 3 34 0 41 31 22 40 8 19 35 36 2 1 21 4 17 20 11 10 12 32 16 9 24 39 25 27 38 42 30 7 26 13 
0 12
1 22
2 21
3 10
4 24
5 9
6 3
7 40
8 17
9 32
10 28
11 27
12 29
13 42
14 1
15 4
16 31
17 25
18 6
19 18
20 26
21 23
22 15
23 8
24 33
25 35
26 41
27 36
28 2
29 5
30 39
31 14
32 30
33 0
34 11
35 19
36 20
37 7
38 37
39 34
40 16
41 13
42 38
SIMILAR

28 31 26 8 7 24 15 32 22 25 40 14 5 23 6 10 29 36 17 30 19 1 2 12 21 33 20 37 16 0 34 18 3 4 9 27 11 39 41 35 42 13 38 
0 29
1 21
2 22
3 32
4 33
5 12
6 14
7 4
8 3
9 34
10 15
11 36
12 23
13 41
14 11
15 6
16 28
17 18
18 31
19 20
20 26
21 24
22 8
23 13
24 5
25 9
26 2
27 35
28 0
29 16
30 19
31 1
32 7
33 25
34 30
35 39
36 17
37 27
38 42
39 37
40 10
41 38
42 40
SIMILAR

17 4 20 3 39 25 31 30 26 10 22 37 19 42 8 29 34 33 32 23 2 41 28 35 38 13 6 14 18 15 21 16 36 7 40 27 1 0 24 5 12 11 9 
0 37
1 36
2 20
3 3
4 1
5 39
6 26
7 33
8 14
9 42
10 9
11 41
12 40
13 25
14 27
15 29
16 31
17 0
18 28
19 12
20 2
21 30
22 10
23 19
24 38
25 5
26 8
27 35
28 22
29 15
30 7
31 6
32 18
33 17
34 16
35 23
36 32
37 11
38 24
39 4
40 34
41 21
42 13
SIMILAR

4 15 38 42 7 0 16 36 6 18 13 11 17 33 24 2 25 32 34 5 35 41 1 27 28 8 19 21 40 29 12 3 31 10 37 20 39 22 9 14 30 26 23 
0 5
1 22
2 15
3 31
4 0
5 19
6 8
7 4
8 25
9 38
10 33
11 11
12 30
13 10
14 39
15 1
16 6
17 12
18 9
19 26
20 35
21 27
22 37
23 42
24 14
25 16
26 41
27 23
28 24
29 29
30 40
31 32
32 17
33 13
34 18
35 20
36 7
37 34
38 2
39 36
40 28
41 21
42 3
SIMILAR

38 17 16 13 6 20 27 19 22 5 1 31 37 41 25 2 40 9 36 14 35 23 30 21 11 26 3 7 0 42 34 18 28 12 29 24 33 32 39 15 4 10 8 
0 28
1 10
2 15
3 26
4 40
5 9
6 4
7 27
8 42
9 17
10 41
11 24
12 33
13 3
14 19
15 39
16 2
17 1
18 31
19 7
20 5
21 23
22 8
23 21
24 35
25 14
26 25
27 6
28 32
29 34
30 22
31 11
32 37
33 36
34 30
35 20
36 18
37 12
38 0
39 38
40 16
41 13
42 29
SIMILAR

31 28 12 2 16 26 42 34 5 32 17 9 21 14 40 37 4 41 39 33 20 25 10 3 38 19 6 23 22 15 7 24 30 11 1 29 13 36 18 0 8 27 35 
0 39
1 34
2 3
3 23
4 16
5 8
6 26
7 30
8 40
9 11
10 22
11 33
12 2
13 36
14 13
15 29
16 4
17 10
18 38
19 25
20 20
21 12
22 28
23 27
24 31
25 21
26 5
27 41
28 1
29 35
30 32
31 0
32 9
33 19
34 7
35 42
36 37
37 15
38 24
39 18
40 14
41 17
42 6
SIMILAR

21 25 16 13 12 18 23 35 2 7 30 8 17 9 15 33 22 26 39 10 3 14 27 11 34 29 0 32 19 42 1 4 24 40 5 38 6 36 37 41 31 28 20 
0 26
1 30
2 8
3 20
4 31
5 34
6 36
7 9
8 11
9 13
10 19
11 23
12 4
13 3
14 21
15 14
16 2
17 12
18 5
19 28
20 42
21 0
22 16
23 6
24 32
25 1
26 17
27 22
28 41
29 25
30 10
31 40
32 27
33 15
34 24
35 7
36 37
37 38
38 35
39 18
40 33
41 39
42 29
SIMILAR

37 25 14 11 3 22 20 0 21 39 27 40 19 7 10 6 35 4 1 26 30 24 34 8 42 33 16 9 15 29 5 36 28 31 38 13 17 41 23 18 32 2 12 
0 7
1 18
2 41
3 4
4 17
5 30
6 15
7 13
8 23
9 27
10 14
11 3
12 42
13 35
14 2
15 28
16 26
17 36
18 39
19 12
20 6
21 8
22 5
23 38
24 21
25 1
26 19
27 10
28 32
29 29
30 20
31 33
32 40
33 25
34 22
35 16
36 31
37 0
38 34
39 9
40 11
41 37
42 24
SIMILAR

40 26 38 30 25 8 20 1 21 32 9 10 4 0 34 31 14 7 33 36 37 2 35 23 28 12 41 18 16 19 22 42 11 3 39 5 15 6 17 27 24 29 13 
0 13
1 7
2 21
3 33
4 12
5 35
6 37
7 17
8 5
9 10
10 11
11 32
12 25
13 42
14 16
15 36
16 28
17 38
18 27
19 29
20 6
21 8
22 30
23 23
24 40
25 4
26 1
27 39
28 24
29 41
30 3
31 15
32 9
33 18
34 14
35 22
36 19
37 20
38 2
39 34
40 0
41 26
42 31
SIMILAR

12 31 3 6 23 1 37 20 8 14 28 11 10 33 30 7 18 9 29 17 40 27 19 25 41 39 22 26 21 13 32 24 5 42 36 15 34 2 0 35 4 38 16 
0 38
1 5
2 37
3 2
4 40
5 32
6 3
7 15
8 8
9 17
10 12
11 11
12 0
13 29
14 9
15 35
16 42
17 19
18 16
19 22
20 7
21 28
22 26
23 4
24 31
25 23
26 27
27 21
28 10
29 18
30 14
31 1
32 30
33 13
34 36
35 39
36 34
37 6
38 41
39 25
40 20
41 24
42 33
SIMILAR

30 9 10 19 33 40 42 12 7 23 22 11 25 38 34 20 0 28 15 27 6 3 4 8 32 5 2 37 13 1 31 18 16 17 35 41 29 36 14 24 21 26 39 
0 16
1 29
2 26
3 21
4 22
5 25
6 20
7 8
8 23
9 1
10 2
11 11
12 7
13 28
14 38
15 18
16 32
17 33
18 31
19 3
20 15
21 40
22 10
23 9
24 39
25 12
26 41
27 19
28 17
29 36
30 0
31 30
32 24
33 4
34 14
35 34
36 37
37 27
38 13
39 42
40 5
41 35
42 6
SIMILAR

9 8 31 33 16 2 18 35 10 19 17 13 27 20 12 36 32 21 42 6 3 7 4 24 0 34 14 26 28 37 22 1 40 11 30 39 25 41 5 15 29 38 23 
0 24
1 31
2 5
3 20
4 22
5 38
6 19
7 21
8 1
9 0
10 8
11 33
12 14
13 11
14 26
15 39
16 4
17 10
18 6
19 9
20 13
21 17
22 30
23 42
24 23
25 36
26 27
27 12
28 28
29 40
30 34
31 2
32 16
33 3
34 25
35 7
36 15
37 29
38 41
39 35
40 32
41 37
42 18
SIMILAR

5 22 35 26 32 30 8 42 29 33 10 18 23 16 1 4 36 12 38 39 0 17 21 24 40 9 25 20 28 27 11 15 34 2 13 31 14 37 7 6 41 3 19 
0 20
1 14
2 33
3 41
4 15
5 0
6 39
7 38
8 6
9 25
10 10
11 30
12 17
13 34
14 36
15 31
16 13
17 21
18 11
19 42
20 27
21 22
22 1
23 12
24 23
25 26
26 3
27 29
28 28
29 8
30 5
31 35
32 4
33 9
34 32
35 2
36 16
37 37
38 18
39 19
40 24
41 40
42 7
SIMILAR

23 25 1 13 2 21 24 14 5 36 19 30 42 31 29 9 3 18 40 41 16 27 38 10 37 0 39 8 11 35 34 33 7 28 22 17 20 4 6 15 12 26 32 
0 25
1 2
2 4
3 16
4 37
5 8
6 38
7 32
8 27
9 15
10 23
11 28
12 40
13 3
14 7
15 39
16 20
17 35
18 17
19 10
20 36
21 5
22 34
23 0
24 6
25 1
26 41
27 21
28 33
29 14
30 11
31 13
32 42
33 31
34 30
35 29
36 9
37 24
38 22
39 26
40 18
41 19
42 12
SIMILAR

35 26 3 1 22 8 37 14 40 10 33 25 12 28 13 41 31 23 4 24 36 34 17 21 9 32 20 30 11 42 27 0 15 29 2 7 38 39 6 16 19 18 5 
0 31
1 3
2 34
3 2
4 18
5 42
6 38
7 35
8 5
9 24
10 9
11 28
12 12
13 14
14 7
15 32
16 39
17 22
18 41
19 40
20 26
21 23
22 4
23 17
24 19
25 11
26 1
27 30
28 13
29 33
30 27
31 16
32 25
33 10
34 21
35 0
36 20
37 6
38 36
39 37
40 8
41 15
42 29
SIMILAR

37 34 39 36 38 33 12 7 14 11 6 30 22 8 42 18 4 20 35 24 1 23 9 21 5 25 40 28 3 32 2 13 15 26 41 29 0 31 16 10 19 27 17 
0 36
1 20
2 30
3 28
4 16
5 24
6 10
7 7
8 13
9 22
10 39
11 9
12 6
13 31
14 8
15 32
16 38
17 42
18 15
19 40
20 17
21 23
22 12
23 21
24 19
25 25
26 33
27 41
28 27
29 35
30 11
31 37
32 29
33 5
34 1
35 18
36 3
37 0
38 4
39 2
40 26
41 34
42 14
SIMILAR

26 2 35 20 29 13 3 0 25 18 5 28 37 31 16 23 39 14 12 19 34 7 42 27 4 41 40 22 24 21 17 6 38 10 9 11 1 8 36 33 32 30 15 
0 7
1 36
2 1
3 6
4 24
5 10
6 31
7 21
8 37
9 34
10 33
11 35
12 18
13 5
14 17
15 42
16 14
17 30
18 9
19 19
20 3
21 29
22 27
23 15
24 28
25 8
26 0
27 23
28 11
29 4
30 41
31 13
32 40
33 39
34 20
35 2
36 38
37 12
38 32
39 16
40 26
41 25
42 22
SIMILAR

10 35 19 38 3 15 30 40 28 6 5 22 39 12 24 7 0 33 4 16 20 2 9 32 41 17 21 29 36 8 27 34 42 18 25 23 11 14 1 26 31 37 13 
0 16
1 38
2 21
3 4
4 18
5 10
6 9
7 15
8 29
9 22
10 0
11 36
12 13
13 42
14 37
15 5
16 19
17 25
18 33
19 2
20 20
21 26
22 11
23 35
24 14
25 34
26 39
27 30
28 8
29 27
30 6
31 40
32 23
33 17
34 31
35 1
36 28
37 41
38 3
39 12
40 7
41 24
42 32
SIMILAR

0 1 19 9 37 13 31 26 12 17 36 33 22 5 38 28 29 35 24 41 8 14 7 34 42 4 16 2 21 25 15 27 11 32 6 10 20 3 30 23 39 18 40 
0 0
1 1
2 27
3 37
4 25
5 13
6 34
7 22
8 20
9 3
10 35
11 32
12 8
13 5
14 21
15 30
16 26
17 9
18 41
19 2
20 36
21 28
22 12
23 39
24 18
25 29
26 7
27 31
28 15
29 16
30 38
31 6
32 33
33 11
34 23
35 17
36 10
37 4
38 14
39 40
40 42
41 19
42 24
SIMILAR

32 18 6 3 15 9 0 40 29 28 5 8 39 14 24 30 26 35 2 34 4 36 21 41 31 22 7 19 25 33 10 20 42 27 16 23 38 11 1 37 12 13 17 
0 6
1 38
2 18
3 3
4 20
5 10
6 2
7 26
8 11
9 5
10 30
11 37
12 40
13 41
14 13
15 4
16 34
17 42
18 1
19 27
20 31
21 22
22 25
23 35
24 14
25 28
26 16
27 33
28 9
29 8
30 15
31 24
32 0
33 29
34 19
35 17
36 21
37 39
38 36
39 12
40 7
41 23
42 32
SIMILAR

27 1 38 29 13 23 6 19 26 0 22 17 21 15 34 25 8 5 32 7 10 40 20 33 3 18 39 30 14 12 4 41 11 28 31 37 2 36 16 24 9 42 35 
0 9
1 1
2 36
3 24
4 30
5 17
6 6
7 19
8 16
9 40
10 20
11 32
12 29
13 4
14 28
15 13
16 38
17 11
18 25
19 7
20 22
21 12
22 10
23 5
24 39
25 15
26 8
27 0
28 33
29 3
30 27
31 34
32 18
33 23
34 14
35 42
36 37
37 35
38 2
39 26
40 21
41 31
42 41
SIMILAR

4 31 8 20 29 10 17 42 38 19 11 9 24 13 23 12 3 7 40 32 15 6 16 39 14 21 30 33 18 2 1 0 36 27 22 34 5 25 37 26 41 35 28 
0 31
1 30
2 29
3 16
4 0
5 36
6 21
7 17
8 2
9 11
10 5
11 10
12 15
13 13
14 24
15 20
16 22
17 6
18 28
19 9
20 3
21 25
22 34
23 14
24 12
25 37
26 39
27 33
28 42
29 4
30 26
31 1
32 19
33 27
34 35
35 41
36 32
37 38
38 8
39 23
40 18
41 40
42 7
SIMILAR

35 20 27 11 37 40 1 25 4 21 17 7 10 29 14 12 24 3 5 30 38 16 34 6 42 8 0 31 32 19 9 28 41 23 33 26 13 22 15 36 2 39 18 
0 26
1 6
2 40
3 17
4 8
5 18
6 23
7 11
8 25
9 30
10 12
11 3
12 15
13 36
14 14
15 38
16 21
17 10
18 42
19 29
20 1
21 9
22 37
23 33
24 16
25 7
26 35
27 2
28 31
29 13
30 19
31 27
32 28
33 34
34 22
35 0
36 39
37 4
38 20
39 41
40 5
41 32
42 24
SIMILAR

9 1 19 15 0 20 35 23 14 29 3 8 24 6 18 4 26 21 42 16 31 41 13 10 17 38 30 22 25 37 12 11 33 40 39 32 5 2 27 7 36 28 34 
0 4
1 1
2 37
3 10
4 15
5 36
6 13
7 39
8 11
9 0
10 23
11 31
12 30
13 22
14 8
15 3
16 19
17 24
18 14
19 2
20 5
21 17
22 27
23 7
24 12
25 28
26 16
27 38
28 41
29 9
30 26
31 20
32 35
33 32
34 42
35 6
36 40
37 29
38 25
39 34
40 33
41 21
42 18
SIMILAR

9 1 5 37 35 4 3 17 42 30 27 21 12 32 24 6 34 20 31 28 33 23 38 18 16 39 2 15 11 36 26 7 0 8 25 10 13 29 19 40 41 14 22 
0 32
1 1
2 26
3 6
4 5
5 2
6 15
7 31
8 33
9 0
10 35
11 28
12 12
13 36
14 41
15 27
16 24
17 7
18 23
19 38
20 17
21 11
22 42
23 21
24 14
25 34
26 30
27 10
28 19
29 37
30 9
31 18
32 13
33 20
34 16
35 4
36 29
37 3
38 22
39 25
40 39
41 40
42 8
SIMILAR

8 29 31 10 12 5 35 37 39 33 23 26 9 16 0 36 6 15 21 30 22 28 40 41 24 20 25 42 4 3 19 17 34 38 27 7 13 11 1 18 14 2 32 
0 14
1 38
2 41
3 29
4 28
5 5
6 16
7 35
8 0
9 12
10 3
11 37
12 4
13 36
14 40
15 17
16 13
17 31
18 39
19 30
20 25
21 18
22 20
23 10
24 24
25 26
26 11
27 34
28 21
29 1
30 19
31 2
32 42
33 9
34 32
35 6
36 15
37 7
38 33
39 8
40 22
41 23
42 27
SIMILAR

21 29 0 18 42 31 6 20 11 32 41 37 35 4 23 16 2 7 19 24 39 30 28 1 15 10 40 34 33 3 5 8 25 36 14 38 12 9 13 22 26 27 17 
0 2
1 23
2 16
3 29
4 13
5 30
6 6
7 17
8 31
9 37
10 25
11 8
12 36
13 38
14 34
15 24
16 15
17 42
18 3
19 18
20 7
21 0
22 39
23 14
24 19
25 32
26 40
27 41
28 22
29 1
30 21
31 5
32 9
33 28
34 27
35 12
36 33
37 11
38 35
39 20
40 26
41 10
42 4
SIMILAR

35 16 41 12 36 15 31 38 25 29 2 34 42 1 32 9 3 5 18 26 19 11 6 14 8 21 30 10 22 40 4 24 13 7 0 39 20 17 37 27 28 33 23 
0 34
1 13
2 10
3 16
4 30
5 17
6 22
7 33
8 24
9 15
10 27
11 21
12 3
13 32
14 23
15 5
16 1
17 37
18 18
19 20
20 36
21 25
22 28
23 42
24 31
25 8
26 19
27 39
28 40
29 9
30 26
31 6
32 14
33 41
34 11
35 0
36 4
37 38
38 7
39 35
40 29
41 2
42 12
SIMILAR

42 15 41 16 2 23 9 26 20 37 12 35 13 31 19 28 32 0 8 34 27 10 36 33 22 14 40 25 39 4 6 1 24 18 38 21 11 3 30 17 5 29 7 
0 17
1 31
2 4
3 37
4 29
5 40
6 30
7 42
8 18
9 6
10 21
11 36
12 10
13 12
14 25
15 1
16 3
17 39
18 33
19 14
20 8
21 35
22 24
23 5
24 32
25 27
26 7
27 20
28 15
29 41
30 38
31 13
32 16
33 23
34 19
35 11
36 22
37 9
38 34
39 28
40 26
41 2
42 0
SIMILAR

6 4 39 23 1 8 10 35 21 29 0 32 24 41 18 25 11 40 20 19 13 33 34 9 36 12 30 37 5 16 28 31 42 14 27 2 3 17 22 7 38 15 26 
0 10
1 4
2 35
3 36
4 1
5 28
6 0
7 39
8 5
9 23
10 6
11 16
12 25
13 20
14 33
15 41
16 29
17 37
18 14
19 19
20 18
21 8
22 38
23 3
24 12
25 15
26 42
27 34
28 30
29 9
30 26
31 31
32 11
33 21
34 22
35 7
36 24
37 27
38 40
39 2
40 17
41 13
42 32
SIMILAR

22 10 9 7 26 20 24 32 2 8 15 35 38 25 34 33 13 31 12 37 4 42 18 5 27 40 41 17 6 21 36 23 28 29 1 11 30 39 0 14 16 19 3 
0 38
1 34
2 8
3 42
4 20
5 23
6 28
7 3
8 9
9 2
10 1
11 35
12 18
13 16
14 39
15 10
16 40
17 27
18 22
19 41
20 5
21 29
22 0
23 31
24 6
25 13
26 4
27 24
28 32
29 33
30 36
31 17
32 7
33 15
34 14
35 11
36 30
37 19
38 12
39 37
40 25
41 26
42 21
SIMILAR

23 34 6 5 17 11 8 32 19 9 4 28 22 42 30 10 2 33 25 20 40 35 31 16 21 26 24 29 37 14 18 1 39 15 41 0 13 12 3 36 7 38 27 
0 35
1 31
2 16
3 38
4 10
5 3
6 2
7 40
8 6
9 9
10 15
11 5
12 37
13 36
14 29
15 33
16 23
17 4
18 30
19 8
20 19
21 24
22 12
23 0
24 26
25 18
26 25
27 42
28 11
29 27
30 14
31 22
32 7
33 17
34 1
35 21
36 39
37 28
38 41
39 32
40 20
41 34
42 13
SIMILAR

2 8 4 17 11 27 14 10 30 34 36 3 20 9 39 19 29 12 35 41 32 24 7 15 23 33 22 42 40 13 38 1 28 26 6 18 37 31 16 5 0 25 21 
0 40
1 31
2 0
3 11
4 2
5 39
6 34
7 22
8 1
9 13
10 7
11 4
12 17
13 29
14 6
15 23
16 38
17 3
18 35
19 15
20 12
21 42
22 26
23 24
24 21
25 41
26 33
27 5
28 32
29 16
30 8
31 37
32 20
33 25
34 9
35 18
36 10
37 36
38 30
39 14
40 28
41 19
42 27
SIMILAR

15 33 17 42 20 24 35 16 7 1 37 0 39 13 26 19 4 30 11 25 34 12 31 27 6 23 5 32 2 14 38 40 36 29 22 9 28 18 41 8 10 3 21 
0 11
1 9
2 28
3 41
4 16
5 26
6 24
7 8
8 39
9 35
10 40
11 18
12 21
13 13
14 29
15 0
16 7
17 2
18 37
19 15
20 4
21 42
22 34
23 25
24 5
25 19
26 14
27 23
28 36
29 33
30 17
31 22
32 27
33 1
34 20
35 6
36 32
37 10
38 30
39 12
40 31
41 38
42 3
SIMILAR

21 15 36 22 9 26 4 1 42 8 35 18 3 7 11 5 37 19 12 38 25 23 33 14 41 16 28 10 39 40 6 20 34 24 0 32 17 27 29 31 30 2 13 
0 34
1 7
2 41
3 12
4 6
5 15
6 30
7 13
8 9
9 4
10 27
11 14
12 18
13 42
14 23
15 1
16 25
17 36
18 11
19 17
20 31
21 0
22 3
23 21
24 33
25 20
26 5
27 37
28 26
29 38
30 40
31 39
32 35
33 22
34 32
35 10
36 2
37 16
38 19
39 28
40 29
41 24
42 8
SIMILAR

41 6 38 0 2 23 31 18 40 42 34 22 35 11 32 33 26 5 8 12 20 9 15 36 1 29 10 24 21 28 7 16 39 17 30 4 3 14 37 27 25 13 19 
0 3
1 24
2 4
3 36
4 35
5 17
6 1
7 30
8 18
9 21
10 26
11 13
12 19
13 41
14 37
15 22
16 31
17 33
18 7
19 42
20 20
21 28
22 11
23 5
24 27
25 40
26 16
27 39
28 29
29 25
30 34
31 6
32 14
33 15
34 10
35 12
36 23
37 38
38 2
39 32
40 8
41 0
42 9
SIMILAR

10 2 38 42 28 33 7 23 6 36 25 17 37 13 4 24 5 22 8 30 35 21 12 3 11 34 41 27 1 16 31 40 19 18 0 39 9 14 20 26 15 32 29 
0 34
1 28
2 1
3 23
4 14
5 16
6 8
7 6
8 18
9 36
10 0
11 24
12 22
13 13
14 37
15 40
16 29
17 11
18 33
19 32
20 38
21 21
22 17
23 7
24 15
25 10
26 39
27 27
28 4
29 42
30 19
31 30
32 41
33 5
34 25
35 20
36 9
37 12
38 2
39 35
40 31
41 26
42 3
SIMILAR

29 24 20 18 35 42 8 16 28 33 11 30 37 10 26 40 27 21 4 14 22 3 13 36 32 2 5 9 15 17 34 0 19 1 23 7 39 25 38 31 12 6 41 
0 31
1 33
2 25
3 21
4 18
5 26
6 41
7 35
8 6
9 27
10 13
11 10
12 40
13 22
14 19
15 28
16 7
17 29
18 3
19 32
20 2
21 17
22 20
23 34
24 1
25 37
26 14
27 16
28 8
29 0
30 11
31 39
32 24
33 9
34 30
35 4
36 23
37 12
38 38
39 36
40 15
41 42
42 5
SIMILAR

17 37 3 13 2 24 31 29 4 25 34 22 42 11 1 6 40 27 35 15 14 20 9 19 36 5 0 38 12 26 7 8 30 28 41 32 16 23 18 21 10 33 39 
0 26
1 14
2 4
3 2
4 8
5 25
6 15
7 30
8 31
9 22
10 40
11 13
12 28
13 3
14 20
15 19
16 36
17 0
18 38
19 23
20 21
21 39
22 11
23 37
24 5
25 9
26 29
27 17
28 33
29 7
30 32
31 6
32 35
33 41
34 10
35 18
36 24
37 1
38 27
39 42
40 16
41 34
42 12
SIMILAR

27 36 26 3 37 1 21 40 7 18 39 30 6 38 8 10 23 42 14 9 11 5 32 17 41 33 24 0 28 19 25 31 4 2 22 20 29 15 35 34 16 13 12 
0 27
1 5
2 33
3 3
4 32
5 21
6 12
7 8
8 14
9 19
10 15
11 20
12 42
13 41
14 18
15 37
16 40
17 23
18 9
19 29
20 35
21 6
22 34
23 16
24 26
25 30
26 2
27 0
28 28
29 36
30 11
31 31
32 22
33 25
34 39
35 38
36 1
37 4
38 13
39 10
40 7
41 24
42 17
SIMILAR

30 14 28 31 35 8 38 39 34 41 0 16 12 10 4 22 27 5 36 33 9 20 11 21 40 15 23 17 29 19 26 32 6 2 25 24 18 37 3 13 7 42 1 
0 10
1 42
2 33
3 38
4 14
5 17
6 32
7 40
8 5
9 20
10 13
11 22
12 12
13 39
14 1
15 25
16 11
17 27
18 36
19 29
20 21
21 23
22 15
23 26
24 35
25 34
26 30
27 16
28 2
29 28
30 0
31 3
32 31
33 19
34 8
35 4
36 18
37 37
38 6
39 7
40 24
41 9
42 41
SIMILAR

41 36 22 6 21 40 42 30 11 5 12 27 26 35 8 0 25 29 13 10 39 9 19 28 32 1 20 18 7 14 15 16 31 2 34 37 4 23 33 38 17 3 24 
0 15
1 25
2 33
3 41
4 36
5 9
6 3
7 28
8 14
9 21
10 19
11 8
12 10
13 18
14 29
15 30
16 31
17 40
18 27
19 22
20 26
21 4
22 2
23 37
24 42
25 16
26 12
27 11
28 23
29 17
30 7
31 32
32 24
33 38
34 34
35 13
36 1
37 35
38 39
39 20
40 5
41 0
42 6
SIMILAR

32 22 12 15 9 36 3 14 24 30 0 2 27 6 33 28 23 37 1 25 19 26 35 13 7 41 5 42 18 11 4 40 16 8 20 39 29 21 38 17 31 34 10 
0 10
1 18
2 11
3 6
4 30
5 26
6 13
7 24
8 33
9 4
10 42
11 29
12 2
13 23
14 7
15 3
16 32
17 39
18 28
19 20
20 34
21 37
22 1
23 16
24 8
25 19
26 21
27 12
28 15
29 36
30 9
31 40
32 0
33 14
34 41
35 22
36 5
37 17
38 38
39 35
40 31
41 25
42 27
SIMILAR

27 3 29 14 39 9 35 20 23 26 25 17 22 6 28 4 15 32 42 7 34 0 31 2 36 38 24 12 33 37 11 21 19 8 18 41 13 5 16 10 1 40 30 
0 21
1 40
2 23
3 1
4 15
5 37
6 13
7 19
8 33
9 5
10 39
11 30
12 27
13 36
14 3
15 16
16 38
17 11
18 34
19 32
20 7
21 31
22 12
23 8
24 26
25 10
26 9
27 0
28 14
29 2
30 42
31 22
32 17
33 28
34 20
35 6
36 24
37 29
38 25
39 4
40 41
41 35
42 18
SIMILAR

5 39 2 31 32 41 27 26 13 37 40 29 10 21 36 3 19 35 4 42 11 16 24 28 17 7 34 6 14 8 12 23 1 0 33 25 22 30 38 9 15 18 20 
0 33
1 32
2 2
3 15
4 18
5 0
6 27
7 25
8 29
9 39
10 12
11 20
12 30
13 8
14 28
15 40
16 21
17 24
18 41
19 16
20 42
21 13
22 36
23 31
24 22
25 35
26 7
27 6
28 23
29 11
30 37
31 3
32 4
33 34
34 26
35 17
36 14
37 9
38 38
39 1
40 10
41 5
42 19
SIMILAR

38 25 19 1 20 7 36 17 18 12 3 24 34 21 40 31 4 37 8 13 14 16 10 26 32 6 33 29 5 0 22 2 41 28 11 23 42 27 35 30 9 15 39 
0 29
1 3
2 31
3 10
4 16
5 28
6 25
7 5
8 18
9 40
10 22
11 34
12 9
13 19
14 20
15 41
16 21
17 7
18 8
19 2
20 4
21 13
22 30
23 35
24 11
25 1
26 23
27 37
28 33
29 27
30 39
31 15
32 24
33 26
34 12
35 38
36 6
37 17
38 0
39 42
40 14
41 32
42 36
SIMILAR

32 39 6 26 41 21 17 40 4 22 18 9 36 34 38 11 27 10 12 7 35 23 0 25 3 1 8 24 13 16 30 29 28 15 19 5 42 2 14 20 33 37 31 
0 22
1 25
2 37
3 24
4 8
5 35
6 2
7 19
8 26
9 11
10 17
11 15
12 18
13 28
14 38
15 33
16 29
17 6
18 10
19 34
20 39
21 5
22 9
23 21
24 27
25 23
26 3
27 16
28 32
29 31
30 30
31 42
32 0
33 40
34 13
35 20
36 12
37 41
38 14
39 1
40 7
41 4
42 36
SIMILAR

11 31 26 17 41 8 15 16 14 5 33 9 37 1 42 36 19 24 40 23 27 7 28 35 3 22 34 32 21 20 39 12 38 29 2 0 30 25 18 13 4 10 6 
0 35
1 13
2 34
3 24
4 40
5 9
6 42
7 21
8 5
9 11
10 41
11 0
12 31
13 39
14 8
15 6
16 7
17 3
18 38
19 16
20 29
21 28
22 25
23 19
24 17
25 37
26 2
27 20
28 22
29 33
30 36
31 1
32 27
33 10
34 26
35 23
36 15
37 12
38 32
39 30
40 18
41 4
42 14
SIMILAR

23 30 16 14 32 13 10 42 19 3 27 41 20 18 5 17 31 33 8 26 12 21 34 9 28 37 6 22 35 40 7 25 0 39 1 4 38 11 36 2 29 15 24 
0 32
1 34
2 39
3 9
4 35
5 14
6 26
7 30
8 18
9 23
10 6
11 37
12 20
13 5
14 3
15 41
16 2
17 15
18 13
19 8
20 12
21 21
22 27
23 0
24 42
25 31
26 19
27 10
28 24
29 40
30 1
31 16
32 4
33 17
34 22
35 28
36 38
37 25
38 36
39 33
40 29
41 11
42 7
SIMILAR

7 11 25 35 10 1 0 8 24 4 27 21 13 15 37 3 28 42 34 39 19 2 5 16 38 20 40 26 30 33 17 31 29 22 14 23 9 18 32 12 6 36 41 
0 6
1 5
2 21
3 15
4 9
5 22
6 40
7 0
8 7
9 36
10 4
11 1
12 39
13 12
14 34
15 13
16 23
17 30
18 37
19 20
20 25
21 11
22 33
23 35
24 8
25 2
26 27
27 10
28 16
29 32
30 28
31 31
32 38
33 29
34 18
35 3
36 41
37 14
38 24
39 19
40 26
41 42
42 17
SIMILAR

39 33 7 4 36 14 23 15 42 17 31 20 30 5 27 0 18 38 32 24 10 21 8 28 26 12 11 3 13 22 41 6 9 34 19 37 35 29 25 1 2 40 16 
0 15
1 39
2 40
3 27
4 3
5 13
6 31
7 2
8 22
9 32
10 20
11 26
12 25
13 28
14 5
15 7
16 42
17 9
18 16
19 34
20 11
21 21
22 29
23 6
24 19
25 38
26 24
27 14
28 23
29 37
30 12
31 10
32 18
33 1
34 33
35 36
36 4
37 35
38 17
39 0
40 41
41 30
42 8
SIMILAR

23 40 32 30 1 2 42 21 29 7 9 36 12 39 17 14 0 8 31 13 24 20 16 25 38 22 34 19 33 18 15 6 11 4 3 5 41 35 27 37 26 10 28 
0 16
1 4
2 5
3 34
4 33
5 35
6 31
7 9
8 17
9 10
10 41
11 32
12 12
13 19
14 15
15 30
16 22
17 14
18 29
19 27
20 21
21 7
22 25
23 0
24 20
25 23
26 40
27 38
28 42
29 8
30 3
31 18
32 2
33 28
34 26
35 37
36 11
37 39
38 24
39 13
40 1
41 36
42 6
SIMILAR

29 30 32 10 2 6 15 38 35 7 18 25 31 39 11 28 36 17 41 14 12 0 16 9 42 4 8 3 13 27 37 40 34 19 24 21 5 22 20 23 33 1 26 
0 21
1 41
2 4
3 27
4 25
5 36
6 5
7 9
8 26
9 23
10 3
11 14
12 20
13 28
14 19
15 6
16 22
17 17
18 10
19 33
20 38
21 35
22 37
23 39
24 34
25 11
26 42
27 29
28 15
29 0
30 1
31 12
32 2
33 40
34 32
35 8
36 16
37 30
38 7
39 13
40 31
41 18
42 24
SIMILAR

1 42 8 12 9 35 39 10 7 18 41 4 21 3 24 26 40 28 20 23 29 2 34 15 32 19 11 27 13 0 31 5 25 22 33 6 17 30 14 36 16 37 38 
0 29
1 0
2 21
3 13
4 11
5 31
6 35
7 8
8 2
9 4
10 7
11 26
12 3
13 28
14 38
15 23
16 40
17 36
18 9
19 25
20 18
21 12
22 33
23 19
24 14
25 32
26 15
27 27
28 17
29 20
30 37
31 30
32 24
33 34
34 22
35 5
36 39
37 41
38 42
39 6
40 16
41 10
42 1
SIMILAR

25 10 28 16 12 38 34 42 35 13 22 1 40 29 39 26 33 31 2 8 17 21 9 41 23 30 24 7 18 0 3 4 11 32 6 36 15 14 37 27 19 5 20 
0 29
1 11
2 18
3 30
4 31
5 41
6 34
7 27
8 19
9 22
10 1
11 32
12 4
13 9
14 37
15 36
16 3
17 20
18 28
19 40
20 42
21 21
22 10
23 24
24 26
25 0
26 15
27 39
28 2
29 13
30 25
31 17
32 33
33 16
34 6
35 8
36 35
37 38
38 5
39 14
40 12
41 23
42 7
SIMILAR

37 31 17 7 39 15 24 6 16 10 8 29 5 2 33 25 11 40 18 12 4 22 32 1 35 21 41 23 19 20 3 0 42 38 14 28 34 30 26 36 9 27 13 
0 31
1 23
2 13
3 30
4 20
5 12
6 7
7 3
8 10
9 40
10 9
11 16
12 19
13 42
14 34
15 5
16 8
17 2
18 18
19 28
20 29
21 25
22 21
23 27
24 6
25 15
26 38
27 41
28 35
29 11
30 37
31 1
32 22
33 14
34 36
35 24
36 39
37 0
38 33
39 4
40 17
41 26
42 32
SIMILAR

31 42 38 29 13 8 34 12 4 11 41 21 25 0 2 16 19 17 36 39 18 24 28 30 40 5 15 27 22 7 37 26 10 20 23 14 3 1 35 33 32 6 9 
0 13
1 37
2 14
3 36
4 8
5 25
6 41
7 29
8 5
9 42
10 32
11 9
12 7
13 4
14 35
15 26
16 15
17 17
18 20
19 16
20 33
21 11
22 28
23 34
24 21
25 12
26 31
27 27
28 22
29 3
30 23
31 0
32 40
33 39
34 6
35 38
36 18
37 30
38 2
39 19
40 24
41 10
42 1
SIMILAR

1 33 25 41 32 9 4 15 22 16 36 39 23 27 2 13 42 14 18 11 31 35 34 20 26 6 5 7 29 17 37 38 10 40 3 12 30 8 21 28 19 0 24 
0 41
1 0
2 14
3 34
4 6
5 26
6 25
7 27
8 37
9 5
10 32
11 19
12 35
13 15
14 17
15 7
16 9
17 29
18 18
19 40
20 23
21 38
22 8
23 12
24 42
25 2
26 24
27 13
28 39
29 28
30 36
31 20
32 4
33 1
34 22
35 21
36 10
37 30
38 31
39 11
40 33
41 3
42 16
SIMILAR

5 36 10 21 9 11 6 42 14 3 22 32 35 16 39 41 38 27 15 18 34 13 29 7 40 24 1 28 0 30 25 19 20 8 17 23 33 2 26 4 12 31 37 
0 28
1 26
2 37
3 9
4 39
5 0
6 6
7 23
8 33
9 4
10 2
11 5
12 40
13 21
14 8
15 18
16 13
17 34
18 19
19 31
20 32
21 3
22 10
23 35
24 25
25 30
26 38
27 17
28 27
29 22
30 29
31 41
32 11
33 36
34 20
35 12
36 1
37 42
38 16
39 14
40 24
41 15
42 7
SIMILAR

39 31 13 7 16 11 17 22 25 23 42 6 20 0 5 28 18 9 30 12 3 8 2 41 27 24 26 33 14 19 34 36 40 4 32 10 21 15 38 29 35 37 1 
0 13
1 42
2 22
3 20
4 33
5 14
6 11
7 3
8 21
9 17
10 35
11 5
12 19
13 2
14 28
15 37
16 4
17 6
18 16
19 29
20 12
21 36
22 7
23 9
24 25
25 8
26 26
27 24
28 15
29 39
30 18
31 1
32 34
33 27
34 30
35 40
36 31
37 41
38 38
39 0
40 32
41 23
42 10
SIMILAR

10 2 35 4 25 16 8 37 28 34 13 23 29 15 30 36 27 32 0 33 39 12 5 26 20 18 42 22 40 24 3 14 31 17 11 6 19 7 9 1 41 38 21 
0 18
1 39
2 1
3 30
4 3
5 22
6 35
7 37
8 6
9 38
10 0
11 34
12 21
13 10
14 31
15 13
16 5
17 33
18 25
19 36
20 24
21 42
22 27
23 11
24 29
25 4
26 23
27 16
28 8
29 12
30 14
31 32
32 17
33 19
34 9
35 2
36 15
37 7
38 41
39 20
40 28
41 40
42 26
SIMILAR

22 32 23 17 42 24 9 1 20 3 4 28 18 34 14 39 25 27 33 6 36 0 5 29 11 30 2 26 10 31 15 40 38 8 12 41 37 7 13 16 21 19 35 
0 21
1 7
2 26
3 9
4 10
5 22
6 19
7 37
8 33
9 6
10 28
11 24
12 34
13 38
14 14
15 30
16 39
17 3
18 12
19 41
20 8
21 40
22 0
23 2
24 5
25 16
26 27
27 17
28 11
29 23
30 25
31 29
32 1
33 18
34 13
35 42
36 20
37 36
38 32
39 15
40 31
41 35
42 4
SIMILAR

28 11 0 30 22 35 24 29 16 34 1 27 23 15 38 37 18 2 3 7 10 33 39 31 40 21 5 42 26 36 25 4 9 6 19 13 8 14 41 17 12 32 20 
0 2
1 10
2 17
3 18
4 31
5 26
6 33
7 19
8 36
9 32
10 20
11 1
12 40
13 35
14 37
15 13
16 8
17 39
18 16
19 34
20 42
21 25
22 4
23 12
24 6
25 30
26 28
27 11
28 0
29 7
30 3
31 23
32 41
33 21
34 9
35 5
36 29
37 15
38 14
39 22
40 24
41 38
42 27
SIMILAR

7 22 40 23 21 36 4 13 15 32 20 30 35 11 39 19 29 17 12 31 0 5 34 8 9 6 24 1 41 18 27 14 2 28 3 16 33 38 10 42 26 37 25 
0 20
1 27
2 32
3 34
4 6
5 21
6 25
7 0
8 23
9 24
10 38
11 13
12 18
13 7
14 31
15 8
16 35
17 17
18 29
19 15
20 10
21 4
22 1
23 3
24 26
25 42
26 40
27 30
28 33
29 16
30 11
31 19
32 9
33 36
34 22
35 12
36 5
37 41
38 37
39 14
40 2
41 28
42 39
SIMILAR

39 40 6 16 9 11 5 18 34 14 38 29 8 12 41 13 22 19 28 31 10 2 0 27 4 24 25 20 42 37 26 3 1 17 36 7 30 23 32 15 35 21 33 
0 22
1 32
2 21
3 31
4 24
5 6
6 2
7 35
8 12
9 4
10 20
11 5
12 13
13 15
14 9
15 39
16 3
17 33
18 7
19 17
20 27
21 41
22 16
23 37
24 25
25 26
26 30
27 23
28 18
29 11
30 36
31 19
32 38
33 42
34 8
35 40
36 34
37 29
38 10
39 0
40 1
41 14
42 28
SIMILAR

11 15 14 2 25 34 22 4 20 29 31 39 28 16 19 36 33 18 21 24 3 40 12 41 9 6 10 8 1 5 13 38 7 42 27 26 37 23 30 32 35 17 0 
0 42
1 28
2 3
3 20
4 7
5 29
6 25
7 32
8 27
9 24
10 26
11 0
12 22
13 30
14 2
15 1
16 13
17 41
18 17
19 14
20 8
21 18
22 6
23 37
24 19
25 4
26 35
27 34
28 12
29 9
30 38
31 10
32 39
33 16
34 5
35 40
36 15
37 36
38 31
39 11
40 21
41 23
42 33
SIMILAR

22 29 13 9 32 20 40 42 28 27 23 37 16 26 6 0 10 14 8 25 38 34 18 11 1 39 35 24 31 2 19 7 17 33 41 36 5 30 12 3 15 4 21 
0 15
1 24
2 29
3 39
4 41
5 36
6 14
7 31
8 18
9 3
10 16
11 23
12 38
13 2
14 17
15 40
16 12
17 32
18 22
19 30
20 5
21 42
22 0
23 10
24 27
25 19
26 13
27 9
28 8
29 1
30 37
31 28
32 4
33 33
34 21
35 26
36 35
37 11
38 20
39 25
40 6
41 34
42 7
SIMILAR

30 40 17 23 38 6 18 33 29 32 39 8 31 22 36 7 35 12 24 25 21 27 1 42 16 13 2 5 20 37 26 41 15 34 28 3 11 10 19 0 4 9 14 
0 39
1 22
2 26
3 35
4 40
5 27
6 5
7 15
8 11
9 41
10 37
11 36
12 17
13 25
14 42
15 32
16 24
17 2
18 6
19 38
20 28
21 20
22 13
23 3
24 18
25 19
26 30
27 21
28 34
29 8
30 0
31 12
32 9
33 7
34 33
35 16
36 14
37 29
38 4
39 10
40 1
41 31
42 23
SIMILAR

9 12 2 20 5 21 13 35 41 39 4 1 33 30 8 36 42 38 27 15 19 11 28 23 3 29 7 24 34 32 31 14 6 18 40 26 37 22 16 10 25 0 17 
0 41
1 11
2 2
3 24
4 10
5 4
6 32
7 26
8 14
9 0
10 39
11 21
12 1
13 6
14 31
15 19
16 38
17 42
18 33
19 20
20 3
21 5
22 37
23 23
24 27
25 40
26 35
27 18
28 22
29 25
30 13
31 30
32 29
33 12
34 28
35 7
36 15
37 36
38 17
39 9
40 34
41 8
42 16
SIMILAR

0 39 32 22 15 29 42 41 6 37 18 24 40 23 38 7 34 10 16 3 12 20 28 8 17 33 5 26 27 1 9 14 21 31 36 30 2 19 13 25 4 35 11 
0 0
1 29
2 36
3 19
4 40
5 26
6 8
7 15
8 23
9 30
10 17
11 42
12 20
13 38
14 31
15 4
16 18
17 24
18 10
19 37
20 21
21 32
22 3
23 13
24 11
25 39
26 27
27 28
28 22
29 5
30 35
31 33
32 2
33 25
34 16
35 41
36 34
37 9
38 14
39 1
40 12
41 7
42 6
SIMILAR

39 4 16 30 11 34 29 19 32 9 15 40 5 2 33 8 27 35 31 3 0 42 21 23 28 36 24 18 17 37 1 20 22 26 12 41 25 7 38 14 6 10 13 
0 20
1 30
2 13
3 19
4 1
5 12
6 40
7 37
8 15
9 9
10 41
11 4
12 34
13 42
14 39
15 10
16 2
17 28
18 27
19 7
20 31
21 22
22 32
23 23
24 26
25 36
26 33
27 16
28 24
29 6
30 3
31 18
32 8
33 14
34 5
35 17
36 25
37 29
38 38
39 0
40 11
41 35
42 21
SIMILAR

5 42 30 15 20 32 11 26 35 38 23 19 24 33 4 6 28 9 31 41 12 2 22 7 37 1 0 21 18 29 34 3 16 10 40 27 14 8 13 25 36 17 39 
0 26
1 25
2 21
3 31
4 14
5 0
6 15
7 23
8 37
9 17
10 33
11 6
12 20
13 38
14 36
15 3
16 32
17 41
18 28
19 11
20 4
21 27
22 22
23 10
24 12
25 39
26 7
27 35
28 16
29 29
30 2
31 18
32 5
33 13
34 30
35 8
36 40
37 24
38 9
39 42
40 34
41 19
42 1
SIMILAR

20 24 16 18 2 27 6 9 32 36 37 15 39 19 40 30 7 22 13 12 11 23 29 31 17 35 41 38 26 1 5 4 8 10 14 3 42 21 34 33 0 25 28 
0 40
1 29
2 4
3 35
4 31
5 30
6 6
7 16
8 32
9 7
10 33
11 20
12 19
13 18
14 34
15 11
16 2
17 24
18 3
19 13
20 0
21 37
22 17
23 21
24 1
25 41
26 28
27 5
28 42
29 22
30 15
31 23
32 8
33 39
34 38
35 25
36 9
37 10
38 27
39 12
40 14
41 26
42 36
SIMILAR

8 38 20 6 3 39 40 42 21 35 26 34 31 25 29 18 5 30 33 15 1 37 10 2 7 32 23 0 22 4 28 17 24 36 19 9 16 14 27 41 11 13 12 
0 27
1 20
2 23
3 4
4 29
5 16
6 3
7 24
8 0
9 35
10 22
11 40
12 42
13 41
14 37
15 19
16 36
17 31
18 15
19 34
20 2
21 8
22 28
23 26
24 32
25 13
26 10
27 38
28 30
29 14
30 17
31 12
32 25
33 18
34 11
35 9
36 33
37 21
38 1
39 5
40 6
41 39
42 7
SIMILAR

35 2 6 1 19 33 41 32 10 30 14 17 5 24 7 16 8 20 37 40 13 21 29 11 25 0 36 15 9 4 31 27 38 18 34 42 22 23 12 39 26 3 28 
0 25
1 3
2 1
3 41
4 29
5 12
6 2
7 14
8 16
9 28
10 8
11 23
12 38
13 20
14 10
15 27
16 15
17 11
18 33
19 4
20 17
21 21
22 36
23 37
24 13
25 24
26 40
27 31
28 42
29 22
30 9
31 30
32 7
33 5
34 34
35 0
36 26
37 18
38 32
39 39
40 19
41 6
42 35
SIMILAR

4 40 15 38 28 29 39 21 24 26 13 16 7 41 2 30 36 12 32 5 6 10 37 34 14 17 31 42 35 22 8 20 27 19 1 23 0 33 25 18 9 11 3 
0 36
1 34
2 14
3 42
4 0
5 19
6 20
7 12
8 30
9 40
10 21
11 41
12 17
13 10
14 24
15 2
16 11
17 25
18 39
19 33
20 31
21 7
22 29
23 35
24 8
25 38
26 9
27 32
28 4
29 5
30 15
31 26
32 18
33 37
34 23
35 28
36 16
37 22
38 3
39 6
40 1
41 13
42 27
SIMILAR

13 14 32 36 10 9 35 4 5 0 21 28 42 12 2 8 15 31 33 38 22 39 24 25 40 29 16 3 17 37 30 26 18 1 20 23 27 41 7 19 34 6 11 
0 9
1 33
2 14
3 27
4 7
5 8
6 41
7 38
8 15
9 5
10 4
11 42
12 13
13 0
14 1
15 16
16 26
17 28
18 32
19 39
20 34
21 10
22 20
23 35
24 22
25 23
26 31
27 36
28 11
29 25
30 30
31 17
32 2
33 18
34 40
35 6
36 3
37 29
38 19
39 21
40 24
41 37
42 12
SIMILAR

11 39 40 26 23 7 34 10 42 3 2 37 28 41 18 35 24 13 33 15 30 29 32 6 22 25 16 4 5 8 36 12 20 0 17 19 31 38 21 9 1 27 14 
0 33
1 40
2 10
3 9
4 27
5 28
6 23
7 5
8 29
9 39
10 7
11 0
12 31
13 17
14 42
15 19
16 26
17 34
18 14
19 35
20 32
21 38
22 24
23 4
24 16
25 25
26 3
27 41
28 12
29 21
30 20
31 36
32 22
33 18
34 6
35 15
36 30
37 11
38 37
39 1
40 2
41 13
42 8
SIMILAR

2 4 14 41 12 30 19 40 33 15 18 28 9 21 23 25 32 10 42 27 5 16 11 6 26 13 0 8 35 17 39 22 29 34 1 7 24 36 31 37 20 38 3 
0 26
1 34
2 0
3 42
4 1
5 20
6 23
7 35
8 27
9 12
10 17
11 22
12 4
13 25
14 2
15 9
16 21
17 29
18 10
19 6
20 40
21 13
22 31
23 14
24 36
25 15
26 24
27 19
28 11
29 32
30 5
31 38
32 16
33 8
34 33
35 28
36 37
37 39
38 41
39 30
40 7
41 3
42 18
SIMILAR

37 26 29 27 3 42 12 7 28 5 31 20 8 32 38 34 14 21 18 40 17 2 41 25 6 13 30 23 11 33 9 0 10 39 19 36 24 4 16 35 1 15 22 
0 31
1 40
2 21
3 4
4 37
5 9
6 24
7 7
8 12
9 30
10 32
11 28
12 6
13 25
14 16
15 41
16 38
17 20
18 18
19 34
20 11
21 17
22 42
23 27
24 36
25 23
26 1
27 3
28 8
29 2
30 26
31 10
32 13
33 29
34 15
35 39
36 35
37 0
38 14
39 33
40 19
41 22
42 5
SIMILAR

17 34 25 9 6 30 37 39 2 27 5 13 35 33 4 14 19 41 38 20 42 26 12 8 11 22 32 10 31 36 16 29 15 28 7 18 24 23 21 3 40 1 0 
0 42
1 41
2 8
3 39
4 14
5 10
6 4
7 34
8 23
9 3
10 27
11 24
12 22
13 11
14 15
15 32
16 30
17 0
18 35
19 16
20 19
21 38
22 25
23 37
24 36
25 2
26 21
27 9
28 33
29 31
30 5
31 28
32 26
33 13
34 1
35 12
36 29
37 6
38 18
39 7
40 40
41 17
42 20
SIMILAR

37 42 18 28 33 16 3 11 10 15 0 9 38 7 35 32 29 14 17 5 22 31 25 41 23 39 27 36 13 6 26 30 19 24 21 12 8 1 2 20 34 40 4 
0 10
1 37
2 38
3 6
4 42
5 19
6 29
7 13
8 36
9 11
10 8
11 7
12 35
13 28
14 17
15 9
16 5
17 18
18 2
19 32
20 39
21 34
22 20
23 24
24 33
25 22
26 30
27 26
28 3
29 16
30 31
31 21
32 15
33 4
34 40
35 14
36 27
37 0
38 12
39 25
40 41
41 23
42 1
SIMILAR

0 5 27 16 24 18 26 39 28 29 42 41 7 2 22 6 23 9 25 14 34 15 36 32 13 30 33 19 4 3 31 8 35 17 40 1 20 12 11 10 37 38 21 
0 0
1 35
2 13
3 29
4 28
5 1
6 15
7 12
8 31
9 17
10 39
11 38
12 37
13 24
14 19
15 21
16 3
17 33
18 5
19 27
20 36
21 42
22 14
23 16
24 4
25 18
26 6
27 2
28 8
29 9
30 25
31 30
32 23
33 26
34 20
35 32
36 22
37 40
38 41
39 7
40 34
41 11
42 10
SIMILAR

20 23 14 28 35 1 26 4 24 11 30 41 15 29 22 7 19 21 13 17 3 16 10 25 5 42 12 6 33 18 36 39 40 9 2 27 37 8 0 31 38 34 32 
0 38
1 5
2 34
3 20
4 7
5 24
6 27
7 15
8 37
9 33
10 22
11 9
12 26
13 18
14 2
15 12
16 21
17 19
18 29
19 16
20 0
21 17
22 14
23 1
24 8
25 23
26 6
27 35
28 3
29 13
30 10
31 39
32 42
33 28
34 41
35 4
36 30
37 36
38 40
39 31
40 32
41 11
42 25
SIMILAR

14 5 15 21 18 33 40 25 30 11 32 8 31 35 17 16 12 38 20 2 6 23 4 26 22 19 39 29 1 36 7 24 41 27 9 13 37 34 3 10 28 0 42 
0 41
1 28
2 19
3 38
4 22
5 1
6 20
7 30
8 11
9 34
10 39
11 9
12 16
13 35
14 0
15 2
16 15
17 14
18 4
19 25
20 18
21 3
22 24
23 21
24 31
25 7
26 23
27 33
28 40
29 27
30 8
31 12
32 10
33 5
34 37
35 13
36 29
37 36
38 17
39 26
40 6
41 32
42 42
SIMILAR

13 14 31 35 29 23 16 6 37 2 34 26 42 18 12 40 1 28 5 9 30 22 15 19 33 36 24 38 39 11 0 41 20 21 25 32 7 27 3 8 17 10 4 
0 30
1 16
2 9
3 38
4 42
5 18
6 7
7 36
8 39
9 19
10 41
11 29
12 14
13 0
14 1
15 22
16 6
17 40
18 13
19 23
20 32
21 33
22 21
23 5
24 26
25 34
26 11
27 37
28 17
29 4
30 20
31 2
32 35
33 24
34 10
35 3
36 25
37 8
38 27
39 28
40 15
41 31
42 12
SIMILAR

41 7 6 38 13 21 11 39 25 37 28 17 1 8 27 14 36 24 15 29 0 20 19 35 18 2 34 32 9 33 5 10 42 22 31 4 30 12 16 23 3 26 40 
0 20
1 12
2 25
3 40
4 35
5 30
6 2
7 1
8 13
9 28
10 31
11 6
12 37
13 4
14 15
15 18
16 38
17 11
18 24
19 22
20 21
21 5
22 33
23 39
24 17
25 8
26 41
27 14
28 10
29 19
30 36
31 34
32 27
33 29
34 26
35 23
36 16
37 9
38 3
39 7
40 42
41 0
42 32
SIMILAR

16 25 29 7 42 15 22 9 30 2 21 28 1 14 26 6 32 11 3 5 18 39 41 35 33 4 17 20 12 37 27 13 23 34 19 38 0 10 24 8 40 31 36 
0 36
1 12
2 9
3 18
4 25
5 19
6 15
7 3
8 39
9 7
10 37
11 17
12 28
13 31
14 13
15 5
16 0
17 26
18 20
19 34
20 27
21 10
22 6
23 32
24 38
25 1
26 14
27 30
28 11
29 2
30 8
31 41
32 16
33 24
34 33
35 23
36 42
37 29
38 35
39 21
40 40
41 22
42 4
SIMILAR
100 0
10000 0
400000 0
