30
0 1 1 0 0 0 0 0 0 1 0 1 1 1 0 1 0 0 1 0 0 1 0 1 0 1 1 0 0 0 
1 0 0 1 1 1 1 0 0 0 1 1 1 1 1 0 1 1 1 0 0 0 1 0 1 0 1 1 1 1 
1 0 0 1 1 0 1 0 1 0 1 0 0 0 1 0 0 1 1 0 1 0 1 1 1 0 1 1 1 0 
0 1 1 0 1 1 1 1 1 0 0 1 0 0 0 1 1 1 0 0 0 0 0 0 0 0 1 0 0 0 
0 1 1 1 0 0 1 1 0 1 0 1 1 0 0 1 1 0 1 0 0 1 0 0 0 0 1 1 0 1 
0 1 0 1 0 0 0 0 0 0 1 0 0 1 0 1 1 1 1 1 1 1 0 1 1 1 0 0 1 0 
0 1 1 1 1 0 0 0 0 0 1 0 1 1 0 0 0 1 0 0 0 0 1 1 1 1 1 0 0 1 
0 0 0 1 1 0 0 0 0 0 0 0 0 0 1 1 1 1 1 1 0 1 0 0 0 1 0 1 0 1 
0 0 1 1 0 0 0 0 0 0 0 1 0 0 1 0 0 1 0 1 1 0 1 1 0 0 0 0 1 1 
1 0 0 0 1 0 0 0 0 0 1 1 1 1 1 1 0 1 1 1 0 1 0 1 1 0 1 1 1 1 
0 1 1 0 0 1 1 0 0 1 0 0 1 0 0 1 1 0 0 0 0 1 0 0 1 1 0 1 1 1 
1 1 0 1 1 0 0 0 1 1 0 0 1 1 1 0 1 0 1 0 1 0 0 0 0 1 1 1 1 0 
1 1 0 0 1 0 1 0 0 1 1 1 0 1 0 1 1 0 1 1 0 0 0 0 0 0 1 1 1 1 
1 1 0 0 0 1 1 0 0 1 0 1 1 0 0 1 0 0 0 1 1 1 0 0 1 0 0 1 1 1 
0 1 1 0 0 0 0 1 1 1 0 1 0 0 0 1 1 0 0 1 1 0 1 0 0 1 1 1 1 0 
1 0 0 1 1 1 0 1 0 1 1 0 1 1 1 0 1 0 0 1 1 1 0 1 1 1 0 0 1 1 
0 1 0 1 1 1 0 1 0 0 1 1 1 0 1 1 0 1 1 1 0 1 0 1 1 1 0 1 1 1 
0 1 1 1 0 1 1 1 1 1 0 0 0 0 0 0 1 0 0 1 1 1 1 1 1 1 1 0 1 0 
1 1 1 0 1 1 0 1 0 1 0 1 1 0 0 0 1 0 0 1 1 0 1 1 1 1 0 1 0 1 
0 0 0 0 0 1 0 1 1 1 0 0 1 1 1 1 1 1 1 0 1 1 1 1 0 1 0 0 0 0 
0 0 1 0 0 1 0 0 1 0 0 1 0 1 1 1 0 1 1 1 0 0 1 1 0 1 0 1 1 1 
1 0 0 0 1 1 0 1 0 1 1 0 0 1 0 1 1 1 0 1 0 0 1 1 1 1 0 0 0 0 
0 1 1 0 0 0 1 0 1 0 0 0 0 0 1 0 0 1 1 1 1 1 0 1 0 0 1 1 1 0 
1 0 1 0 0 1 1 0 1 1 0 0 0 0 0 1 1 1 1 1 1 1 1 0 0 0 0 0 0 1 
0 1 1 0 0 1 1 0 0 1 1 0 0 1 0 1 1 1 1 0 0 1 0 0 0 0 0 0 1 1 
1 0 0 0 0 1 1 1 0 0 1 1 0 0 1 1 1 1 1 1 1 1 0 0 0 0 0 1 0 1 
1 1 1 1 1 0 1 0 0 1 0 1 1 0 1 0 0 1 0 0 0 0 1 0 0 0 0 0 0 1 
0 1 1 0 1 0 0 1 0 1 1 1 1 1 1 0 1 0 1 0 1 0 1 0 0 1 0 0 1 0 
0 1 1 0 0 1 0 0 1 1 1 1 1 1 1 1 1 1 0 0 1 0 1 0 1 0 0 1 0 0 
0 1 0 0 1 0 1 1 1 1 1 0 1 1 0 1 1 0 1 0 1 0 0 1 1 1 1 0 0 0 

4 19 14 18 11 25 28 16 0 5 6 1 20 17 26 27 2 3 22 8 10 12 29 7 13 15 23 21 9 24 
0 8
1 11
2 16
3 17
4 0
5 9
6 10
7 23
8 19
9 28
10 20
11 4
12 21
13 24
14 2
15 25
16 7
17 13
18 3
19 1
20 12
21 27
22 18
23 26
24 29
25 5
26 14
27 15
28 6
29 22
SIMILAR

6 24 28 1 26 4 22 12 27 23 3 0 9 5 15 25 19 18 21 17 7 16 10 14 11 13 20 29 2 8 
0 11
1 3
2 28
3 10
4 5
5 13
6 0
7 20
8 29
9 12
10 22
11 24
12 7
13 25
14 23
15 14
16 21
17 19
18 17
19 16
20 26
21 18
22 6
23 9
24 1
25 15
26 4
27 8
28 2
29 27
SIMILAR

23 26 8 15 28 25 17 1 4 5 16 10 29 19 6 3 12 18 2 11 13 9 0 7 21 27 22 24 20 14 
0 22
1 7
2 18
3 15
4 8
5 9
6 14
7 23
8 2
9 21
10 11
11 19
12 16
13 20
14 29
15 3
16 10
17 6
18 17
19 13
20 28
21 24
22 26
23 0
24 27
25 5
26 1
27 25
28 4
29 12
SIMILAR

15 0 2 7 18 12 11 17 25 3 20 5 6 29 24 14 10 19 22 4 16 9 23 21 8 26 27 1 13 28 
0 1
1 27
2 2
3 9
4 19
5 11
6 12
7 3
8 24
9 21
10 16
11 6
12 5
13 28
14 15
15 0
16 20
17 7
18 4
19 17
20 10
21 23
22 18
23 22
24 14
25 8
26 25
27 26
28 29
29 13
SIMILAR

29 1 8 10 22 6 4 16 9 5 25 2 7 26 23 21 19 14 15 0 12 27 20 17 13 3 28 11 24 18 
0 19
1 1
2 11
3 25
4 6
5 9
6 5
7 12
8 2
9 8
10 3
11 27
12 20
13 24
14 17
15 18
16 7
17 23
18 29
19 16
20 22
21 15
22 4
23 14
24 28
25 10
26 13
27 21
28 26
29 0
SIMILAR

6 25 14 5 0 9 27 16 8 3 19 11 23 15 10 28 4 12 2 7 26 21 17 1 20 29 22 18 24 13 
0 4
1 23
2 18
3 9
4 16
5 3
6 0
7 19
8 8
9 5
10 14
11 11
12 17
13 29
14 2
15 13
16 7
17 22
18 27
19 10
20 24
21 21
22 26
23 12
24 28
25 1
26 20
27 6
28 15
29 25
SIMILAR

16 2 26 27 19 3 21 22 17 23 18 29 5 12 6 10 9 25 24 1 28 11 4 8 20 0 15 7 13 14 
0 25
1 19
2 1
3 5
4 22
5 12
6 14
7 27
8 23
9 16
10 15
11 21
12 13
13 28
14 29
15 26
16 0
17 8
18 10
19 4
20 24
21 6
22 7
23 9
24 18
25 17
26 2
27 3
28 20
29 11
SIMILAR

16 0 25 20 10 3 24 23 14 2 6 13 8 28 12 26 5 11 19 21 15 7 22 9 18 29 27 17 1 4 
0 1
1 28
2 9
3 5
4 29
5 16
6 10
7 21
8 12
9 23
10 4
11 17
12 14
13 11
14 8
15 20
16 0
17 27
18 24
19 18
20 3
21 19
22 22
23 7
24 6
25 2
26 15
27 26
28 13
29 25
SIMILAR

2 6 22 13 1 25 3 12 17 5 11 27 24 0 29 19 15 26 8 14 7 23 10 21 4 20 9 18 16 28 
0 13
1 4
2 0
3 6
4 24
5 9
6 1
7 20
8 18
9 26
10 22
11 10
12 7
13 3
14 19
15 16
16 28
17 8
18 27
19 15
20 25
21 23
22 2
23 21
24 12
25 5
26 17
27 11
28 29
29 14
SIMILAR

3 23 18 19 11 26 1 4 28 21 27 9 20 16 12 17 15 24 8 7 22 25 10 5 13 14 29 6 0 2 
0 28
1 6
2 29
3 0
4 7
5 23
6 27
7 19
8 18
9 11
10 22
11 4
12 14
13 24
14 25
15 16
16 13
17 15
18 2
19 3
20 12
21 9
22 20
23 1
24 17
25 21
26 5
27 10
28 8
29 26
SIMILAR

28 1 20 6 19 18 15 4 2 3 13 0 8 14 21 5 29 12 16 23 26 9 25 10 27 17 7 24 22 11 
0 11
1 1
2 8
3 9
4 7
5 15
6 3
7 26
8 12
9 21
10 23
11 29
12 17
13 10
14 13
15 6
16 18
17 25
18 5
19 4
20 2
21 14
22 28
23 19
24 27
25 22
26 20
27 24
28 0
29 16
SIMILAR

6 15 28 16 11 24 20 7 3 25 12 23 22 19 10 18 9 17 29 5 13 2 26 27 4 1 21 0 14 8 
0 27
1 25
2 21
3 8
4 24
5 19
6 0
7 7
8 29
9 16
10 14
11 4
12 10
13 20
14 28
15 1
16 3
17 17
18 15
19 13
20 6
21 26
22 12
23 11
24 5
25 9
26 22
27 23
28 2
29 18
SIMILAR

7 17 0 29 16 25 15 28 13 5 10 9 18 12 8 4 6 19 21 23 22 3 24 1 20 27 2 26 14 11 
0 2
1 23
2 26
3 21
4 15
5 9
6 16
7 0
8 14
9 11
10 10
11 29
12 13
13 8
14 28
15 6
16 4
17 1
18 12
19 17
20 24
21 18
22 20
23 19
24 22
25 5
26 27
27 25
28 7
29 3
SIMILAR

4 2 23 9 13 25 8 10 14 15 16 28 11 7 17 18 6 20 26 1 3 24 22 21 19 27 29 12 0 5 
0 28
1 19
2 1
3 20
4 0
5 29
6 16
7 13
8 6
9 3
10 7
11 12
12 27
13 4
14 8
15 9
16 10
17 14
18 15
19 24
20 17
21 23
22 22
23 2
24 21
25 5
26 18
27 25
28 11
29 26
SIMILAR

4 19 6 0 11 1 20 7 12 26 25 14 16 23 17 10 21 3 13 9 2 28 29 22 27 18 8 15 24 5 
0 3
1 5
2 20
3 17
4 0
5 29
6 2
7 7
8 26
9 19
10 15
11 4
12 8
13 18
14 11
15 27
16 12
17 14
18 25
19 1
20 6
21 16
22 23
23 13
24 28
25 10
26 9
27 24
28 21
29 22
SIMILAR

25 18 9 3 6 24 12 15 11 29 8 2 14 20 27 26 22 4 23 16 19 7 13 1 5 17 21 28 10 0 
0 29
1 23
2 11
3 3
4 17
5 24
6 4
7 21
8 10
9 2
10 28
11 8
12 6
13 22
14 12
15 7
16 19
17 25
18 1
19 20
20 13
21 26
22 16
23 18
24 5
25 0
26 15
27 14
28 27
29 9
SIMILAR

10 29 8 9 12 23 11 13 20 5 24 6 16 27 15 26 0 19 25 22 18 7 3 14 2 28 1 17 21 4 
0 16
1 26
2 24
3 22
4 29
5 9
6 11
7 21
8 2
9 3
10 0
11 6
12 4
13 7
14 23
15 14
16 12
17 27
18 20
19 17
20 8
21 28
22 19
23 5
24 10
25 18
26 15
27 13
28 25
29 1
SIMILAR

16 0 8 23 9 1 6 15 10 29 26 13 24 22 12 21 3 18 2 14 20 11 28 19 5 27 25 17 4 7 
0 1
1 5
2 18
3 16
4 28
5 24
6 6
7 29
8 2
9 4
10 8
11 21
12 14
13 11
14 19
15 7
16 0
17 27
18 17
19 23
20 20
21 15
22 13
23 3
24 12
25 26
26 10
27 25
28 22
29 9
SIMILAR

5 29 17 3 16 11 27 13 0 2 24 26 12 4 6 28 21 10 19 1 8 23 18 15 20 9 25 7 22 14 
0 8
1 19
2 9
3 3
4 13
5 0
6 14
7 27
8 20
9 25
10 17
11 5
12 12
13 7
14 29
15 23
16 4
17 2
18 22
19 18
20 24
21 16
22 28
23 21
24 10
25 26
26 11
27 6
28 15
29 1
SIMILAR

0 24 1 13 8 6 4 19 29 27 26 11 23 22 28 14 20 2 21 15 12 10 9 7 5 16 3 25 17 18 
0 0
1 2
2 17
3 26
4 6
5 24
6 5
7 23
8 4
9 22
10 21
11 11
12 20
13 3
14 15
15 19
16 25
17 28
18 29
19 7
20 16
21 18
22 13
23 12
24 1
25 27
26 10
27 9
28 14
29 8
SIMILAR

5 10 14 0 1 22 16 21 8 20 26 28 4 15 13 11 23 6 7 18 3 19 12 24 29 25 17 2 9 27 
0 3
1 4
2 27
3 20
4 12
5 0
6 17
7 18
8 8
9 28
10 1
11 15
12 22
13 14
14 2
15 13
16 6
17 26
18 19
19 21
20 9
21 7
22 5
23 16
24 23
25 25
26 10
27 29
28 11
29 24
SIMILAR

13 8 1 28 24 23 16 18 7 25 2 19 14 29 12 0 3 4 5 20 15 26 10 21 27 11 9 17 6 22 
0 15
1 2
2 10
3 16
4 17
5 18
6 28
7 8
8 1
9 26
10 22
11 25
12 14
13 0
14 12
15 20
16 6
17 27
18 7
19 11
20 19
21 23
22 29
23 5
24 4
25 9
26 21
27 24
28 3
29 13
SIMILAR

18 7 0 11 14 23 4 15 26 24 21 5 2 16 8 20 29 9 6 17 10 19 1 27 12 25 28 3 13 22 
0 2
1 22
2 12
3 27
4 6
5 11
6 18
7 1
8 14
9 17
10 20
11 3
12 24
13 28
14 4
15 7
16 13
17 19
18 0
19 21
20 15
21 10
22 29
23 5
24 9
25 25
26 8
27 23
28 26
29 16
SIMILAR

27 5 0 2 7 23 29 8 16 6 3 17 14 21 22 18 28 19 4 13 11 25 24 15 10 9 1 20 26 12 
0 2
1 26
2 3
3 10
4 18
5 1
6 9
7 4
8 7
9 25
10 24
11 20
12 29
13 19
14 12
15 23
16 8
17 11
18 15
19 17
20 27
21 13
22 14
23 5
24 22
25 21
26 28
27 0
28 16
29 6
SIMILAR

16 28 20 4 3 5 6 8 25 18 29 21 0 27 23 10 14 9 19 11 15 1 2 22 17 7 26 13 24 12 
0 12
1 21
2 22
3 4
4 3
5 5
6 6
7 25
8 7
9 17
10 15
11 19
12 29
13 27
14 16
15 20
16 0
17 24
18 9
19 18
20 2
21 11
22 23
23 14
24 28
25 8
26 26
27 13
28 1
29 10
SIMILAR

20 28 8 10 1 7 25 15 29 0 3 23 26 9 18 27 6 12 19 24 21 14 5 16 22 13 17 2 4 11 
0 9
1 4
2 27
3 10
4 28
5 22
6 16
7 5
8 2
9 13
10 3
11 29
12 17
13 25
14 21
15 7
16 23
17 26
18 14
19 18
20 0
21 20
22 24
23 11
24 19
25 6
26 12
27 15
28 1
29 8
SIMILAR

27 19 17 24 14 29 11 0 25 5 20 18 9 15 10 7 2 12 4 3 1 28 22 26 21 13 8 6 16 23 
0 7
1 20
2 16
3 19
4 18
5 9
6 27
7 15
8 26
9 12
10 14
11 6
12 17
13 25
14 4
15 13
16 28
17 2
18 11
19 1
20 10
21 24
22 22
23 29
24 3
25 8
26 23
27 0
28 21
29 5
SIMILAR

18 3 22 8 7 14 5 29 15 11 9 6 13 25 0 19 21 23 16 26 1 27 20 12 28 2 17 24 4 10 
0 14
1 20
2 25
3 1
4 28
5 6
6 11
7 4
8 3
9 10
10 29
11 9
12 23
13 12
14 5
15 8
16 18
17 26
18 0
19 15
20 22
21 16
22 2
23 17
24 27
25 13
26 19
27 21
28 24
29 7
SIMILAR

12 2 8 25 14 21 15 22 4 28 6 18 9 17 27 11 10 3 19 1 20 26 23 0 24 16 29 7 5 13 
0 23
1 19
2 1
3 17
4 8
5 28
6 10
7 27
8 2
9 12
10 16
11 15
12 0
13 29
14 4
15 6
16 25
17 13
18 11
19 18
20 20
21 5
22 7
23 22
24 24
25 3
26 21
27 14
28 9
29 26
SIMILAR

4 29 6 9 3 16 19 12 14 22 2 28 25 10 15 8 13 27 20 18 1 11 24 23 21 26 7 17 5 0 
0 29
1 20
2 10
3 4
4 0
5 28
6 2
7 26
8 15
9 3
10 13
11 21
12 7
13 16
14 8
15 14
16 5
17 27
18 19
19 6
20 18
21 24
22 9
23 23
24 22
25 12
26 25
27 17
28 11
29 1
SIMILAR

5 14 20 2 1 21 26 16 24 13 6 3 4 23 0 8 17 12 27 9 11 19 22 7 28 29 18 15 10 25 
0 14
1 4
2 3
3 11
4 12
5 0
6 10
7 23
8 15
9 19
10 28
11 20
12 17
13 9
14 1
15 27
16 7
17 16
18 26
19 21
20 2
21 5
22 22
23 13
24 8
25 29
26 6
27 18
28 24
29 25
SIMILAR

17 13 8 5 4 20 23 10 21 29 25 28 18 6 19 7 14 2 11 16 26 24 9 15 27 1 22 12 3 0 
0 29
1 25
2 17
3 28
4 4
5 3
6 13
7 15
8 2
9 22
10 7
11 18
12 27
13 1
14 16
15 23
16 19
17 0
18 12
19 14
20 5
21 8
22 26
23 6
24 21
25 10
26 20
27 24
28 11
29 9
SIMILAR

12 15 11 22 4 21 26 7 18 2 20 1 14 27 24 16 6 10 5 13 25 0 3 28 17 19 9 29 8 23 
0 21
1 11
2 9
3 22
4 4
5 18
6 16
7 7
8 28
9 26
10 17
11 2
12 0
13 19
14 12
15 1
16 15
17 24
18 8
19 25
20 10
21 5
22 3
23 29
24 14
25 20
26 6
27 13
28 23
29 27
SIMILAR

17 3 25 7 11 12 5 18 20 4 23 2 16 21 13 6 19 9 27 15 8 29 28 26 22 1 24 14 0 10 
0 28
1 25
2 11
3 1
4 9
5 6
6 15
7 3
8 20
9 17
10 29
11 4
12 5
13 14
14 27
15 19
16 12
17 0
18 7
19 16
20 8
21 13
22 24
23 10
24 26
25 2
26 23
27 18
28 22
29 21
SIMILAR

14 2 18 12 25 7 11 13 17 29 23 28 22 21 6 1 26 16 20 4 24 5 8 27 10 19 0 15 9 3 
0 26
1 15
2 1
3 29
4 19
5 21
6 14
7 5
8 22
9 28
10 24
11 6
12 3
13 7
14 0
15 27
16 17
17 8
18 2
19 25
20 18
21 13
22 12
23 10
24 20
25 4
26 16
27 23
28 11
29 9
SIMILAR

7 5 4 28 19 3 21 29 1 12 22 8 14 17 6 9 26 25 18 0 10 15 16 24 23 2 27 20 11 13 
0 19
1 8
2 25
3 5
4 2
5 1
6 14
7 0
8 11
9 15
10 20
11 28
12 9
13 29
14 12
15 21
16 22
17 13
18 18
19 4
20 27
21 6
22 10
23 24
24 23
25 17
26 16
27 26
28 3
29 7
SIMILAR

26 25 10 17 18 24 15 14 8 12 27 19 29 4 7 20 16 22 6 3 23 2 21 28 9 13 5 0 1 11 
0 27
1 28
2 21
3 19
4 13
5 26
6 18
7 14
8 8
9 24
10 2
11 29
12 9
13 25
14 7
15 6
16 16
17 3
18 4
19 11
20 15
21 22
22 17
23 20
24 5
25 1
26 0
27 10
28 23
29 12
SIMILAR

27 12 28 16 14 23 26 21 20 1 6 18 17 5 22 19 29 3 9 13 7 24 10 15 11 25 8 0 4 2 
0 27
1 9
2 29
3 17
4 28
5 13
6 10
7 20
8 26
9 18
10 22
11 24
12 1
13 19
14 4
15 23
16 3
17 12
18 11
19 15
20 8
21 7
22 14
23 5
24 21
25 25
26 6
27 0
28 2
29 16
SIMILAR

25 2 1 23 7 27 26 16 0 22 10 19 11 15 28 5 17 4 24 6 9 20 14 21 8 18 12 13 3 29 
0 8
1 2
2 1
3 28
4 17
5 15
6 19
7 4
8 24
9 20
10 10
11 12
12 26
13 27
14 22
15 13
16 7
17 16
18 25
19 11
20 21
21 23
22 9
23 3
24 18
25 0
26 6
27 5
28 14
29 29
SIMILAR

7 9 4 19 8 12 20 17 13 18 27 26 24 14 3 1 10 2 21 6 28 11 15 16 5 25 0 23 29 22 
0 26
1 15
2 17
3 14
4 2
5 24
6 19
7 0
8 4
9 1
10 16
11 21
12 5
13 8
14 13
15 22
16 23
17 7
18 9
19 3
20 6
21 18
22 29
23 27
24 12
25 25
26 11
27 10
28 20
29 28
SIMILAR

6 19 3 5 14 27 23 18 25 16 22 7 28 9 15 20 12 1 8 11 17 26 13 21 2 4 29 24 10 0 
0 29
1 17
2 24
3 2
4 25
5 3
6 0
7 11
8 18
9 13
10 28
11 19
12 16
13 22
14 4
15 14
16 9
17 20
18 7
19 1
20 15
21 23
22 10
23 6
24 27
25 8
26 21
27 5
28 12
29 26
SIMILAR

4 19 23 3 10 9 13 20 25 1 16 26 18 6 28 17 12 29 14 21 0 11 24 22 27 15 2 5 7 8 
0 20
1 9
2 26
3 3
4 0
5 27
6 13
7 28
8 29
9 5
10 4
11 21
12 16
13 6
14 18
15 25
16 10
17 15
18 12
19 1
20 7
21 19
22 23
23 2
24 22
25 8
26 11
27 24
28 14
29 17
SIMILAR

22 1 12 15 7 14 5 3 20 0 18 24 23 6 27 25 29 16 11 26 21 13 17 19 28 8 9 2 10 4 
0 9
1 1
2 27
3 7
4 29
5 6
6 13
7 4
8 25
9 26
10 28
11 18
12 2
13 21
14 5
15 3
16 17
17 22
18 10
19 23
20 8
21 20
22 0
23 12
24 11
25 15
26 19
27 14
28 24
29 16
SIMILAR

17 3 0 27 25 11 12 6 29 5 8 18 1 13 14 2 28 15 16 21 4 22 7 9 26 20 10 24 19 23 
0 2
1 12
2 15
3 1
4 20
5 9
6 7
7 22
8 10
9 23
10 26
11 5
12 6
13 13
14 14
15 17
16 18
17 0
18 11
19 28
20 25
21 19
22 21
23 29
24 27
25 4
26 24
27 3
28 16
29 8
SIMILAR

21 7 25 16 26 11 10 4 0 18 23 27 24 12 13 1 14 29 15 6 5 17 22 3 19 8 28 9 2 20 
0 8
1 15
2 28
3 23
4 7
5 20
6 19
7 1
8 25
9 27
10 6
11 5
12 13
13 14
14 16
15 18
16 3
17 21
18 9
19 24
20 29
21 0
22 22
23 10
24 12
25 2
26 4
27 11
28 26
29 17
SIMILAR

25 0 1 20 29 3 16 2 23 13 28 9 12 11 27 26 15 4 22 10 14 7 8 5 19 18 17 24 6 21 
0 1
1 2
2 7
3 5
4 17
5 23
6 28
7 21
8 22
9 11
10 19
11 13
12 12
13 9
14 20
15 16
16 6
17 26
18 25
19 24
20 3
21 29
22 18
23 8
24 27
25 0
26 15
27 14
28 10
29 4
SIMILAR

13 18 25 9 12 19 1 26 21 11 7 29 15 16 6 23 27 5 4 0 10 20 17 3 24 14 8 22 28 2 
0 19
1 6
2 29
3 23
4 18
5 17
6 14
7 10
8 26
9 3
10 20
11 9
12 4
13 0
14 25
15 12
16 13
17 22
18 1
19 5
20 21
21 8
22 27
23 15
24 24
25 2
26 7
27 16
28 28
29 11
SIMILAR

4 21 16 12 0 3 20 25 9 22 6 17 5 8 15 10 14 27 7 29 24 19 11 1 28 13 23 26 2 18 
0 4
1 23
2 28
3 5
4 0
5 12
6 10
7 18
8 13
9 8
10 15
11 22
12 3
13 25
14 16
15 14
16 2
17 11
18 29
19 21
20 6
21 1
22 9
23 26
24 20
25 7
26 27
27 17
28 24
29 19
SIMILAR

14 26 0 6 18 22 9 12 29 13 25 17 27 16 1 2 3 24 23 11 21 7 15 28 10 8 4 19 5 20 
0 2
1 14
2 15
3 16
4 26
5 28
6 3
7 21
8 25
9 6
10 24
11 19
12 7
13 9
14 0
15 22
16 13
17 11
18 4
19 27
20 29
21 20
22 5
23 18
24 17
25 10
26 1
27 12
28 23
29 8
SIMILAR

5 4 2 14 26 19 25 20 9 28 8 22 6 1 24 11 27 18 10 3 7 12 17 0 21 13 23 29 15 16 
0 23
1 13
2 2
3 19
4 1
5 0
6 12
7 20
8 10
9 8
10 18
11 15
12 21
13 25
14 3
15 28
16 29
17 22
18 17
19 5
20 7
21 24
22 11
23 26
24 14
25 6
26 4
27 16
28 9
29 27
SIMILAR

10 25 28 2 22 15 14 27 8 9 23 6 26 7 5 11 13 0 21 19 4 18 1 24 16 17 12 29 20 3 
0 17
1 22
2 3
3 29
4 20
5 14
6 11
7 13
8 8
9 9
10 0
11 15
12 26
13 16
14 6
15 5
16 24
17 25
18 21
19 19
20 28
21 18
22 4
23 10
24 23
25 1
26 12
27 7
28 2
29 27
SIMILAR

5 6 10 19 2 11 16 0 4 14 17 22 23 29 7 3 9 15 8 27 26 28 24 20 21 13 18 25 1 12 
0 7
1 28
2 4
3 15
4 8
5 0
6 1
7 14
8 18
9 16
10 2
11 5
12 29
13 25
14 9
15 17
16 6
17 10
18 26
19 3
20 23
21 24
22 11
23 12
24 22
25 27
26 20
27 19
28 21
29 13
SIMILAR

15 6 28 23 8 3 22 12 7 17 24 0 21 11 9 10 26 14 29 19 13 5 4 2 25 27 1 16 20 18 
0 11
1 26
2 23
3 5
4 22
5 21
6 1
7 8
8 4
9 14
10 15
11 13
12 7
13 20
14 17
15 0
16 27
17 9
18 29
19 19
20 28
21 12
22 6
23 3
24 10
25 24
26 16
27 25
28 2
29 18
SIMILAR

1 3 21 12 15 14 26 27 7 19 18 25 23 24 20 10 6 13 22 29 16 8 2 11 5 4 9 17 0 28 
0 28
1 0
2 22
3 1
4 25
5 24
6 16
7 8
8 21
9 26
10 15
11 23
12 3
13 17
14 5
15 4
16 20
17 27
18 10
19 9
20 14
21 2
22 18
23 12
24 13
25 11
26 6
27 7
28 29
29 19
SIMILAR

26 2 19 5 0 6 3 20 29 10 14 28 1 7 9 21 18 25 22 11 17 24 16 15 23 13 8 4 27 12 
0 4
1 12
2 1
3 6
4 27
5 3
6 5
7 13
8 26
9 14
10 9
11 19
12 29
13 25
14 10
15 23
16 22
17 20
18 16
19 2
20 7
21 15
22 18
23 24
24 21
25 17
26 0
27 28
28 11
29 8
SIMILAR

1 9 16 18 27 8 19 14 3 12 28 23 21 25 26 15 20 13 5 2 0 10 24 4 6 11 17 29 22 7 
0 20
1 0
2 19
3 8
4 23
5 18
6 24
7 29
8 5
9 1
10 21
11 25
12 9
13 17
14 7
15 15
16 2
17 26
18 3
19 6
20 16
21 12
22 28
23 11
24 22
25 13
26 14
27 4
28 10
29 27
SIMILAR

0 5 27 22 12 16 23 9 13 17 7 10 26 1 4 6 8 19 24 2 15 18 21 3 14 28 29 25 20 11 
0 0
1 13
2 19
3 23
4 14
5 1
6 15
7 10
8 16
9 7
10 11
11 29
12 4
13 8
14 24
15 20
16 5
17 9
18 21
19 17
20 28
21 22
22 3
23 6
24 18
25 27
26 12
27 2
28 25
29 26
SIMILAR

15 13 17 16 14 18 1 6 3 29 9 27 25 11 7 8 2 12 19 28 23 20 5 4 0 10 26 22 21 24 
0 24
1 6
2 16
3 8
4 23
5 22
6 7
7 14
8 15
9 10
10 25
11 13
12 17
13 1
14 4
15 0
16 3
17 2
18 5
19 18
20 21
21 28
22 27
23 20
24 29
25 12
26 26
27 11
28 19
29 9
SIMILAR

7 17 23 1 27 26 25 3 14 6 4 20 29 12 18 13 22 15 0 24 21 19 10 11 2 9 16 28 5 8 
0 18
1 3
2 24
3 7
4 10
5 28
6 9
7 0
8 29
9 25
10 22
11 23
12 13
13 15
14 8
15 17
16 26
17 1
18 14
19 21
20 11
21 20
22 16
23 2
24 19
25 6
26 5
27 4
28 27
29 12
SIMILAR

28 24 6 3 22 12 20 16 19 11 9 26 4 2 7 23 25 17 14 10 15 13 0 1 27 8 5 29 18 21 
0 22
1 23
2 13
3 3
4 12
5 26
6 2
7 14
8 25
9 10
10 19
11 9
12 5
13 21
14 18
15 20
16 7
17 17
18 28
19 8
20 6
21 29
22 4
23 15
24 1
25 16
26 11
27 24
28 0
29 27
SIMILAR

3 25 2 8 26 12 22 5 20 4 28 29 11 6 24 27 9 15 18 17 10 1 13 16 0 23 19 7 14 21 
0 24
1 21
2 2
3 0
4 9
5 7
6 13
7 27
8 3
9 16
10 20
11 12
12 5
13 22
14 28
15 17
16 23
17 19
18 18
19 26
20 8
21 29
22 6
23 25
24 14
25 1
26 4
27 15
28 10
29 11
SIMILAR

18 26 3 9 14 19 2 29 13 15 1 4 16 24 5 11 25 0 12 23 6 17 10 27 22 7 8 21 28 20 
0 17
1 10
2 6
3 2
4 11
5 14
6 20
7 25
8 26
9 3
10 22
11 15
12 18
13 8
14 4
15 9
16 12
17 21
18 0
19 5
20 29
21 27
22 24
23 19
24 13
25 16
26 1
27 23
28 28
29 7
SIMILAR

9 27 14 25 3 10 17 15 20 23 5 6 29 28 26 21 1 7 24 4 0 2 16 22 13 11 19 8 18 12 
0 20
1 16
2 21
3 4
4 19
5 10
6 11
7 17
8 27
9 0
10 5
11 25
12 29
13 24
14 2
15 7
16 22
17 6
18 28
19 26
20 8
21 15
22 23
23 9
24 18
25 3
26 14
27 1
28 13
29 12
SIMILAR

27 26 2 9 19 16 29 6 14 22 1 11 5 18 4 7 12 21 3 28 10 24 17 20 25 8 0 15 13 23 
0 26
1 10
2 2
3 18
4 14
5 12
6 7
7 15
8 25
9 3
10 20
11 11
12 16
13 28
14 8
15 27
16 5
17 22
18 13
19 4
20 23
21 17
22 9
23 29
24 21
25 24
26 1
27 0
28 19
29 6
SIMILAR

15 10 14 18 21 28 6 5 17 7 1 29 9 19 0 8 26 16 11 20 23 22 4 13 25 2 3 24 27 12 
0 14
1 10
2 25
3 26
4 22
5 7
6 6
7 9
8 15
9 12
10 1
11 18
12 29
13 23
14 2
15 0
16 17
17 8
18 3
19 13
20 19
21 4
22 21
23 20
24 27
25 24
26 16
27 28
28 5
29 11
SIMILAR

15 3 13 9 7 14 11 28 16 23 12 25 4 18 21 26 29 2 17 22 24 1 0 10 19 5 8 6 20 27 
0 22
1 21
2 17
3 1
4 12
5 25
6 27
7 4
8 26
9 3
10 23
11 6
12 10
13 2
14 5
15 0
16 8
17 18
18 13
19 24
20 28
21 14
22 19
23 9
24 20
25 11
26 15
27 29
28 7
29 16
SIMILAR

6 5 14 26 12 24 2 19 21 16 9 25 11 29 15 28 7 4 20 3 8 17 18 27 22 0 1 10 13 23 
0 25
1 26
2 6
3 19
4 17
5 1
6 0
7 16
8 20
9 10
10 27
11 12
12 4
13 28
14 2
15 14
16 9
17 21
18 22
19 7
20 18
21 8
22 24
23 29
24 5
25 11
26 3
27 23
28 15
29 13
SIMILAR

11 24 1 26 17 5 18 25 27 22 9 10 15 6 13 23 12 8 7 16 19 0 4 29 2 20 3 28 14 21 
0 21
1 2
2 24
3 26
4 22
5 5
6 13
7 18
8 17
9 10
10 11
11 0
12 16
13 14
14 28
15 12
16 19
17 4
18 6
19 20
20 25
21 29
22 9
23 15
24 1
25 7
26 3
27 8
28 27
29 23
SIMILAR

3 18 27 14 16 26 29 28 15 6 5 2 12 25 22 21 8 10 9 23 0 7 24 17 20 11 13 1 19 4 
0 20
1 27
2 11
3 0
4 29
5 10
6 9
7 21
8 16
9 18
10 17
11 25
12 12
13 26
14 3
15 8
16 4
17 23
18 1
19 28
20 24
21 15
22 14
23 19
24 22
25 13
26 5
27 2
28 7
29 6
SIMILAR

8 25 23 28 24 13 14 19 9 26 7 10 4 29 16 0 11 20 27 17 21 12 22 1 5 18 6 2 3 15 
0 15
1 23
2 27
3 28
4 12
5 24
6 26
7 10
8 0
9 8
10 11
11 16
12 21
13 5
14 6
15 29
16 14
17 19
18 25
19 7
20 17
21 20
22 22
23 2
24 4
25 1
26 9
27 18
28 3
29 13
SIMILAR

14 5 23 18 10 8 11 19 17 13 15 12 9 0 22 4 29 7 21 28 26 27 20 16 6 25 1 2 24 3 
0 13
1 26
2 27
3 29
4 15
5 1
6 24
7 17
8 5
9 12
10 4
11 6
12 11
13 9
14 0
15 10
16 23
17 8
18 3
19 7
20 22
21 18
22 14
23 2
24 28
25 25
26 20
27 21
28 19
29 16
SIMILAR

9 21 7 23 8 1 2 24 26 19 10 11 4 17 28 29 5 27 6 25 18 0 16 12 15 14 13 20 3 22 
0 21
1 5
2 6
3 28
4 12
5 16
6 18
7 2
8 4
9 0
10 10
11 11
12 23
13 26
14 25
15 24
16 22
17 13
18 20
19 9
20 27
21 1
22 29
23 3
24 7
25 19
26 8
27 17
28 14
29 15
SIMILAR

1 6 27 12 7 15 29 11 14 3 25 17 10 0 13 22 28 23 24 19 5 16 9 8 26 2 4 21 20 18 
0 13
1 0
2 25
3 9
4 26
5 20
6 1
7 4
8 23
9 22
10 12
11 7
12 3
13 14
14 8
15 5
16 21
17 11
18 29
19 19
20 28
21 27
22 15
23 17
24 18
25 10
26 24
27 2
28 16
29 6
SIMILAR

12 15 23 21 13 10 2 3 0 18 27 1 29 24 14 22 16 6 17 11 25 7 26 28 20 8 9 4 19 5 
0 8
1 11
2 6
3 7
4 27
5 29
6 17
7 21
8 25
9 26
10 5
11 19
12 0
13 4
14 14
15 1
16 16
17 18
18 9
19 28
20 24
21 3
22 15
23 2
24 13
25 20
26 22
27 10
28 23
29 12
SIMILAR

24 8 22 0 26 29 20 27 19 17 9 18 10 6 5 28 12 4 25 14 16 3 21 23 13 15 7 2 11 1 
0 3
1 29
2 27
3 21
4 17
5 14
6 13
7 26
8 1
9 10
10 12
11 28
12 16
13 24
14 19
15 25
16 20
17 9
18 11
19 8
20 6
21 22
22 2
23 23
24 0
25 18
26 4
27 7
28 15
29 5
SIMILAR

22 2 23 27 10 18 4 17 9 8 7 1 6 26 3 25 12 20 5 13 21 11 19 15 24 29 28 0 16 14 
0 27
1 11
2 1
3 14
4 6
5 18
6 12
7 10
8 9
9 8
10 4
11 21
12 16
13 19
14 29
15 23
16 28
17 7
18 5
19 22
20 17
21 20
22 0
23 2
24 24
25 15
26 13
27 3
28 26
29 25
SIMILAR

27 11 19 20 22 12 26 1 14 15 0 5 17 28 16 24 6 29 3 25 4 23 10 7 2 8 9 21 18 13 
0 10
1 7
2 24
3 18
4 20
5 11
6 16
7 23
8 25
9 26
10 22
11 1
12 5
13 29
14 8
15 9
16 14
17 12
18 28
19 2
20 3
21 27
22 4
23 21
24 15
25 19
26 6
27 0
28 13
29 17
SIMILAR

6 19 8 26 18 4 20 21 27 3 11 2 10 12 22 9 25 0 17 7 15 13 24 14 5 1 29 23 28 16 
0 17
1 25
2 11
3 9
4 5
5 24
6 0
7 19
8 2
9 15
10 12
11 10
12 13
13 21
14 23
15 20
16 29
17 18
18 4
19 1
20 6
21 7
22 14
23 27
24 22
25 16
26 3
27 8
28 28
29 26
SIMILAR

12 26 17 0 27 18 16 20 25 24 14 13 6 21 28 15 4 11 5 10 3 9 29 22 19 2 8 1 7 23 
0 3
1 27
2 25
3 20
4 16
5 18
6 12
7 28
8 26
9 21
10 19
11 17
12 0
13 11
14 10
15 15
16 6
17 2
18 5
19 24
20 7
21 13
22 23
23 29
24 9
25 8
26 1
27 4
28 14
29 22
SIMILAR

11 24 20 28 18 19 9 10 5 7 14 21 4 2 0 15 13 23 29 16 1 12 27 17 26 6 22 3 25 8 
0 14
1 20
2 13
3 27
4 12
5 8
6 25
7 9
8 29
9 6
10 7
11 0
12 21
13 16
14 10
15 15
16 19
17 23
18 4
19 5
20 2
21 11
22 26
23 17
24 1
25 28
26 24
27 22
28 3
29 18
SIMILAR

15 18 3 7 12 25 29 28 21 14 8 10 23 1 5 27 4 17 11 9 0 19 26 24 16 6 13 2 22 20 
0 20
1 13
2 27
3 2
4 16
5 14
6 25
7 3
8 10
9 19
10 11
11 18
12 4
13 26
14 9
15 0
16 24
17 17
18 1
19 21
20 29
21 8
22 28
23 12
24 23
25 5
26 22
27 15
28 7
29 6
SIMILAR

26 17 15 6 0 16 14 29 2 19 10 8 5 28 1 25 23 13 4 9 18 11 3 20 12 27 22 24 21 7 
0 4
1 14
2 8
3 22
4 18
5 12
6 3
7 29
8 11
9 19
10 10
11 21
12 24
13 17
14 6
15 2
16 5
17 1
18 20
19 9
20 23
21 28
22 26
23 16
24 27
25 15
26 0
27 25
28 13
29 7
SIMILAR

13 20 23 10 4 29 1 21 27 25 24 17 6 18 7 9 3 12 8 26 19 2 0 16 11 22 14 15 28 5 
0 22
1 6
2 21
3 16
4 4
5 29
6 12
7 14
8 18
9 15
10 3
11 24
12 17
13 0
14 26
15 27
16 23
17 11
18 13
19 20
20 1
21 7
22 25
23 2
24 10
25 9
26 19
27 8
28 28
29 5
SIMILAR

23 0 12 27 24 15 6 19 7 11 16 4 22 10 2 3 5 18 13 21 9 29 28 26 20 1 17 8 14 25 
0 1
1 25
2 14
3 15
4 11
5 16
6 6
7 8
8 27
9 20
10 13
11 9
12 2
13 18
14 28
15 5
16 10
17 26
18 17
19 7
20 24
21 19
22 12
23 0
24 4
25 29
26 23
27 3
28 22
29 21
SIMILAR

25 20 0 1 29 5 21 23 27 3 18 26 10 19 9 17 6 24 12 8 2 15 13 4 22 14 7 11 28 16 
0 2
1 3
2 20
3 9
4 23
5 5
6 16
7 26
8 19
9 14
10 12
11 27
12 18
13 22
14 25
15 21
16 29
17 15
18 10
19 13
20 1
21 6
22 24
23 7
24 17
25 0
26 11
27 8
28 28
29 4
SIMILAR

10 14 22 27 20 18 19 23 15 11 13 5 21 28 12 4 6 29 26 3 2 17 1 9 24 7 8 0 16 25 
0 27
1 22
2 20
3 19
4 15
5 11
6 16
7 25
8 26
9 23
10 0
11 9
12 14
13 10
14 1
15 8
16 28
17 21
18 5
19 6
20 4
21 12
22 2
23 7
24 24
25 29
26 18
27 3
28 13
29 17
SIMILAR

4 27 23 18 16 0 28 1 19 15 11 10 25 14 29 26 12 6 2 20 22 3 5 7 13 24 9 21 17 8 
0 5
1 7
2 18
3 21
4 0
5 22
6 17
7 23
8 29
9 26
10 11
11 10
12 16
13 24
14 13
15 9
16 4
17 28
18 3
19 8
20 19
21 27
22 20
23 2
24 25
25 12
26 15
27 1
28 6
29 14
SIMILAR

25 10 17 5 21 16 6 7 3 0 24 12 9 20 22 8 11 26 28 19 18 2 15 14 13 4 1 29 27 23 
0 9
1 26
2 21
3 8
4 25
5 3
6 6
7 7
8 15
9 12
10 1
11 16
12 11
13 24
14 23
15 22
16 5
17 2
18 20
19 19
20 13
21 4
22 14
23 29
24 10
25 0
26 17
27 28
28 18
29 27
SIMILAR

0 16 22 21 9 3 17 14 27 8 13 12 28 20 24 10 29 25 4 7 6 1 23 2 18 15 19 26 5 11 
0 0
1 21
2 23
3 5
4 18
5 28
6 20
7 19
8 9
9 4
10 15
11 29
12 11
13 10
14 7
15 25
16 1
17 6
18 24
19 26
20 13
21 3
22 2
23 22
24 14
25 17
26 27
27 8
28 12
29 16
SIMILAR

15 20 23 29 5 4 2 11 1 3 17 10 12 25 18 7 28 26 9 13 16 22 0 6 19 8 27 24 21 14 
0 22
1 8
2 6
3 9
4 5
5 4
6 23
7 15
8 25
9 18
10 11
11 7
12 12
13 19
14 29
15 0
16 20
17 10
18 14
19 24
20 1
21 28
22 21
23 2
24 27
25 13
26 17
27 26
28 16
29 3
SIMILAR

25 19 28 23 5 9 13 0 16 15 21 24 4 6 12 8 29 22 10 11 1 18 27 2 17 7 26 3 14 20 
0 7
1 20
2 23
3 27
4 12
5 4
6 13
7 25
8 15
9 5
10 18
11 19
12 14
13 6
14 28
15 9
16 8
17 24
18 21
19 1
20 29
21 10
22 17
23 3
24 11
25 0
26 26
27 22
28 2
29 16
SIMILAR

27 21 17 24 4 12 25 15 28 13 8 5 0 19 29 10 16 23 18 2 11 26 7 1 3 14 22 6 20 9 
0 12
1 23
2 19
3 24
4 4
5 11
6 27
7 22
8 10
9 29
10 15
11 20
12 5
13 9
14 25
15 7
16 16
17 2
18 18
19 13
20 28
21 1
22 26
23 17
24 3
25 6
26 21
27 0
28 8
29 14
SIMILAR

27 19 28 12 11 13 18 9 24 26 0 15 6 20 2 14 22 16 23 29 17 7 8 25 21 4 3 5 10 1 
0 10
1 29
2 14
3 26
4 25
5 27
6 12
7 21
8 22
9 7
10 28
11 4
12 3
13 5
14 15
15 11
16 17
17 20
18 6
19 1
20 13
21 24
22 16
23 18
24 8
25 23
26 9
27 0
28 2
29 19
SIMILAR

18 14 26 29 10 24 7 9 22 12 21 20 27 2 23 0 15 4 1 11 19 6 5 28 17 13 25 3 8 16 
0 15
1 18
2 13
3 27
4 17
5 22
6 21
7 6
8 28
9 7
10 4
11 19
12 9
13 25
14 1
15 16
16 29
17 24
18 0
19 20
20 11
21 10
22 8
23 14
24 5
25 26
26 2
27 12
28 23
29 3
SIMILAR

15 4 12 1 6 26 0 24 19 11 29 16 5 28 27 25 3 7 14 9 21 8 17 13 10 2 22 23 18 20 
0 6
1 3
2 25
3 16
4 1
5 12
6 4
7 17
8 21
9 19
10 24
11 9
12 2
13 23
14 18
15 0
16 11
17 22
18 28
19 8
20 29
21 20
22 26
23 27
24 7
25 15
26 5
27 14
28 13
29 10
SIMILAR

8 0 1 26 23 3 29 11 14 5 2 21 27 20 7 24 10 9 17 19 28 25 4 22 18 15 12 16 13 6 
0 1
1 2
2 10
3 5
4 22
5 9
6 29
7 14
8 0
9 17
10 16
11 7
12 26
13 28
14 8
15 25
16 27
17 18
18 24
19 19
20 13
21 11
22 23
23 4
24 15
25 21
26 3
27 12
28 20
29 6
SIMILAR

28 0 5 24 6 8 25 26 3 16 21 2 23 12 14 18 20 17 9 15 4 27 13 1 29 22 10 11 7 19 
0 1
1 23
2 11
3 8
4 20
5 2
6 4
7 28
8 5
9 18
10 26
11 27
12 13
13 22
14 14
15 19
16 9
17 17
18 15
19 29
20 16
21 10
22 25
23 12
24 3
25 6
26 7
27 21
28 0
29 24
SIMILAR

21 13 5 7 11 2 16 15 8 18 6 0 4 28 3 10 23 22 17 27 29 12 19 1 25 9 14 20 24 26 
0 11
1 23
2 5
3 14
4 12
5 2
6 10
7 3
8 8
9 25
10 15
11 4
12 21
13 1
14 26
15 7
16 6
17 18
18 9
19 22
20 27
21 0
22 17
23 16
24 28
25 24
26 29
27 19
28 13
29 20
SIMILAR

23 17 22 12 9 4 8 19 3 2 13 1 6 5 0 24 20 16 29 10 26 25 21 27 11 28 15 7 14 18 
0 14
1 11
2 9
3 8
4 5
5 13
6 12
7 27
8 6
9 4
10 19
11 24
12 3
13 10
14 28
15 26
16 17
17 1
18 29
19 7
20 16
21 22
22 2
23 0
24 15
25 21
26 20
27 23
28 25
29 18
SIMILAR

15 22 13 27 25 3 2 4 18 1 11 6 8 5 28 14 7 9 23 26 16 0 19 17 29 20 21 10 12 24 
0 21
1 9
2 6
3 5
4 7
5 13
6 11
7 16
8 12
9 17
10 27
11 10
12 28
13 2
14 15
15 0
16 20
17 23
18 8
19 22
20 25
21 26
22 1
23 18
24 29
25 4
26 19
27 3
28 14
29 24
SIMILAR
100 0
3800 0
263800 0
