30
0 0 1 0 1 1 1 0 1 0 1 1 1 0 0 0 0 0 0 0 0 0 1 1 0 0 1 1 1 0 
0 0 1 1 1 1 1 0 0 0 1 1 1 0 0 0 1 1 0 0 0 0 1 1 1 0 1 1 1 0 
1 1 0 1 0 1 0 1 1 0 0 0 1 1 1 1 1 0 0 1 1 1 0 1 0 1 1 0 0 0 
0 1 1 0 1 0 0 1 0 1 0 0 1 1 1 0 0 1 0 0 0 1 0 1 1 0 0 1 0 0 
1 1 0 1 0 1 0 1 0 0 1 0 1 1 1 0 1 1 0 0 1 1 1 1 1 1 1 1 1 1 
1 1 1 0 1 0 1 0 0 1 1 1 1 0 1 0 1 0 1 1 1 1 0 1 0 1 1 1 1 1 
1 1 0 0 0 1 0 0 1 1 0 1 0 0 0 0 1 0 0 0 1 0 1 1 1 1 1 0 0 0 
0 0 1 1 1 0 0 0 1 0 0 0 0 1 0 1 1 1 1 0 0 0 1 0 0 0 1 1 1 1 
1 0 1 0 0 0 1 1 0 0 1 1 1 1 1 0 0 0 0 0 0 1 1 1 0 0 1 0 0 1 
0 0 0 1 0 1 1 0 0 0 1 0 1 1 0 1 0 1 1 1 0 0 0 1 1 0 1 1 0 1 
1 1 0 0 1 1 0 0 1 1 0 1 1 1 1 0 0 0 1 1 0 0 1 0 0 0 0 0 0 1 
1 1 0 0 0 1 1 0 1 0 1 0 1 1 0 1 0 0 0 1 1 1 1 0 1 1 0 1 1 0 
1 1 1 1 1 1 0 0 1 1 1 1 0 1 0 1 1 0 0 1 0 1 1 1 0 0 1 1 1 0 
0 0 1 1 1 0 0 1 1 1 1 1 1 0 1 1 0 1 0 1 1 0 0 1 0 0 0 1 0 0 
0 0 1 1 1 1 0 0 1 0 1 0 0 1 0 0 0 0 1 1 0 0 1 1 0 0 1 1 0 0 
0 0 1 0 0 0 0 1 0 1 0 1 1 1 0 0 0 1 1 0 0 1 0 1 0 1 1 0 0 1 
0 1 1 0 1 1 1 1 0 0 0 0 1 0 0 0 0 0 1 0 0 0 1 0 1 1 1 0 1 1 
0 1 0 1 1 0 0 1 0 1 0 0 0 1 0 1 0 0 0 0 0 0 0 0 1 1 1 0 0 1 
0 0 0 0 0 1 0 1 0 1 1 0 0 0 1 1 1 0 0 0 1 0 1 1 0 1 1 1 1 1 
0 0 1 0 0 1 0 0 0 1 1 1 1 1 1 0 0 0 0 0 1 0 0 0 1 1 1 1 0 1 
0 0 1 0 1 1 1 0 0 0 0 1 0 1 0 0 0 0 1 1 0 0 0 1 0 1 1 0 0 0 
0 0 1 1 1 1 0 0 1 0 0 1 1 0 0 1 0 0 0 0 0 0 0 1 0 0 1 0 1 0 
1 1 0 0 1 0 1 1 1 0 1 1 1 0 1 0 1 0 1 0 0 0 0 0 0 1 0 0 1 0 
1 1 1 1 1 1 1 0 1 1 0 0 1 1 1 1 0 0 1 0 1 1 0 0 0 1 0 1 0 1 
0 1 0 1 1 0 1 0 0 1 0 1 0 0 0 0 1 1 0 1 0 0 0 0 0 1 1 0 1 0 
0 0 1 0 1 1 1 0 0 0 0 1 0 0 0 1 1 1 1 1 1 0 1 1 1 0 1 1 1 1 
1 1 1 0 1 1 1 1 1 1 0 0 1 0 1 1 1 1 1 1 1 1 0 0 1 1 0 1 1 1 
1 1 0 1 1 1 0 1 0 1 0 1 1 1 1 0 0 0 1 1 0 0 0 1 0 1 1 0 1 1 
1 1 0 0 1 1 0 1 0 0 0 1 1 0 0 0 1 0 1 0 0 1 1 0 1 1 1 1 0 1 
0 0 0 0 1 1 0 1 1 1 1 0 0 0 0 1 1 1 1 1 0 0 0 1 0 1 1 1 1 0 

10 18 8 22 3 11 19 4 1 24 16 15 29 27 0 26 14 9 12 17 25 28 5 20 2 13 6 21 23 7 
0 14
1 8
2 24
3 4
4 7
5 22
6 26
7 29
8 2
9 17
10 0
11 5
12 18
13 25
14 16
15 11
16 10
17 19
18 1
19 6
20 23
21 27
22 3
23 28
24 9
25 20
26 15
27 13
28 21
29 12
SIMILAR

8 13 14 21 19 11 0 22 1 4 25 15 28 5 17 24 3 27 23 18 6 20 2 29 9 12 16 7 26 10 
0 6
1 8
2 22
3 16
4 9
5 13
6 20
7 27
8 0
9 24
10 29
11 5
12 25
13 1
14 2
15 11
16 26
17 14
18 19
19 4
20 21
21 3
22 7
23 18
24 15
25 10
26 28
27 17
28 12
29 23
SIMILAR

9 10 29 2 8 5 12 25 7 17 21 16 11 20 15 23 19 3 13 28 26 1 6 24 4 18 0 27 22 14 
0 26
1 21
2 3
3 17
4 24
5 5
6 22
7 8
8 4
9 0
10 1
11 12
12 6
13 18
14 29
15 14
16 11
17 9
18 25
19 16
20 13
21 10
22 28
23 15
24 23
25 7
26 20
27 27
28 19
29 2
SIMILAR

2 21 16 12 5 26 20 22 8 18 6 24 17 13 0 15 7 11 14 4 29 1 23 27 10 28 25 3 19 9 
0 14
1 21
2 0
3 27
4 19
5 4
6 10
7 16
8 8
9 29
10 24
11 17
12 3
13 13
14 18
15 15
16 2
17 12
18 9
19 28
20 6
21 1
22 7
23 22
24 11
25 26
26 5
27 23
28 25
29 20
SIMILAR

5 26 7 28 10 12 8 24 16 27 14 23 22 13 18 9 29 2 6 21 20 1 15 25 0 3 11 4 17 19 
0 24
1 21
2 17
3 25
4 27
5 0
6 18
7 2
8 6
9 15
10 4
11 26
12 5
13 13
14 10
15 22
16 8
17 28
18 14
19 29
20 20
21 19
22 12
23 11
24 7
25 23
26 1
27 9
28 3
29 16
SIMILAR

3 11 19 7 24 27 2 20 4 16 29 21 28 22 23 17 18 26 25 10 0 5 12 8 13 1 6 14 15 9 
0 20
1 25
2 6
3 0
4 8
5 21
6 26
7 3
8 23
9 29
10 19
11 1
12 22
13 24
14 27
15 28
16 9
17 15
18 16
19 2
20 7
21 11
22 13
23 14
24 4
25 18
26 17
27 5
28 12
29 10
SIMILAR

23 24 7 22 0 8 15 3 10 27 20 28 9 6 2 29 17 1 18 13 5 25 19 4 11 16 26 21 12 14 
0 4
1 17
2 14
3 7
4 23
5 20
6 13
7 2
8 5
9 12
10 8
11 24
12 28
13 19
14 29
15 6
16 25
17 16
18 18
19 22
20 10
21 27
22 3
23 0
24 1
25 21
26 26
27 9
28 11
29 15
SIMILAR

0 19 21 9 16 13 25 18 15 2 7 8 28 1 12 27 11 17 23 20 26 4 3 6 22 5 29 24 14 10 
0 0
1 13
2 9
3 22
4 21
5 25
6 23
7 10
8 11
9 3
10 29
11 16
12 14
13 5
14 28
15 8
16 4
17 17
18 7
19 1
20 19
21 2
22 24
23 18
24 27
25 6
26 20
27 15
28 12
29 26
SIMILAR

21 15 25 27 28 17 20 16 29 10 24 11 22 2 7 18 5 9 19 0 4 6 23 3 13 1 26 8 12 14 
0 19
1 25
2 13
3 23
4 20
5 16
6 21
7 14
8 27
9 17
10 9
11 11
12 28
13 24
14 29
15 1
16 7
17 5
18 15
19 18
20 6
21 0
22 12
23 22
24 10
25 2
26 26
27 3
28 4
29 8
SIMILAR

2 19 7 5 29 13 21 0 11 16 8 26 22 12 24 6 27 3 23 25 17 9 15 4 14 20 1 28 10 18 
0 7
1 26
2 0
3 17
4 23
5 3
6 15
7 2
8 10
9 21
10 28
11 8
12 13
13 5
14 24
15 22
16 9
17 20
18 29
19 1
20 25
21 6
22 12
23 18
24 14
25 19
26 11
27 16
28 27
29 4
SIMILAR

19 22 20 5 3 8 23 18 7 21 1 13 26 11 12 14 0 10 24 9 17 6 4 15 29 28 16 2 25 27 
0 16
1 10
2 27
3 4
4 22
5 3
6 21
7 8
8 5
9 19
10 17
11 13
12 14
13 11
14 15
15 23
16 26
17 20
18 7
19 0
20 2
21 9
22 1
23 6
24 18
25 28
26 12
27 29
28 25
29 24
SIMILAR

12 10 3 15 4 5 20 8 9 22 26 0 16 11 6 25 2 28 21 18 29 13 17 24 1 14 23 7 27 19 
0 11
1 24
2 16
3 2
4 4
5 5
6 14
7 27
8 7
9 8
10 1
11 13
12 0
13 21
14 25
15 3
16 12
17 22
18 19
19 29
20 6
21 18
22 9
23 26
24 23
25 15
26 10
27 28
28 17
29 20
SIMILAR

5 24 18 22 14 26 3 0 10 28 1 25 7 6 21 19 29 2 9 15 23 12 17 13 27 16 11 4 8 20 
0 7
1 10
2 17
3 6
4 27
5 0
6 13
7 12
8 28
9 18
10 8
11 26
12 21
13 23
14 4
15 19
16 25
17 22
18 2
19 15
20 29
21 14
22 3
23 20
24 1
25 11
26 5
27 24
28 9
29 16
SIMILAR

16 10 17 24 1 26 5 23 14 29 6 20 15 13 11 12 27 2 8 22 3 25 19 7 18 9 0 21 28 4 
0 26
1 4
2 17
3 20
4 29
5 6
6 10
7 23
8 18
9 25
10 1
11 14
12 15
13 13
14 8
15 12
16 0
17 2
18 24
19 22
20 11
21 27
22 19
23 7
24 3
25 21
26 5
27 16
28 28
29 9
SIMILAR

9 12 2 23 22 1 6 11 21 24 25 4 3 14 19 17 20 10 0 27 13 26 15 8 29 16 5 28 18 7 
0 18
1 5
2 2
3 12
4 11
5 26
6 6
7 29
8 23
9 0
10 17
11 7
12 1
13 20
14 13
15 22
16 25
17 15
18 28
19 14
20 16
21 8
22 4
23 3
24 9
25 10
26 21
27 19
28 27
29 24
SIMILAR

13 17 18 9 2 4 27 10 28 16 3 7 14 19 6 25 23 1 22 24 29 20 26 11 12 8 21 15 5 0 
0 29
1 17
2 4
3 10
4 5
5 28
6 14
7 11
8 25
9 3
10 7
11 23
12 24
13 0
14 12
15 27
16 9
17 1
18 2
19 13
20 21
21 26
22 18
23 16
24 19
25 15
26 22
27 6
28 8
29 20
SIMILAR

7 3 6 8 9 29 26 20 5 24 15 22 12 0 23 21 17 11 1 10 4 18 13 19 27 25 14 28 16 2 
0 13
1 18
2 29
3 1
4 20
5 8
6 2
7 0
8 3
9 4
10 19
11 17
12 12
13 22
14 26
15 10
16 28
17 16
18 21
19 23
20 7
21 15
22 11
23 14
24 9
25 25
26 6
27 24
28 27
29 5
SIMILAR

25 13 29 18 6 14 20 21 8 28 26 4 19 24 7 22 11 10 16 17 5 0 27 2 9 1 12 23 15 3 
0 21
1 25
2 23
3 29
4 11
5 20
6 4
7 14
8 8
9 24
10 17
11 16
12 26
13 1
14 5
15 28
16 18
17 19
18 3
19 12
20 6
21 7
22 15
23 27
24 13
25 0
26 10
27 22
28 9
29 2
SIMILAR

16 28 13 9 23 1 19 27 21 12 11 0 15 8 25 3 17 7 2 24 4 20 14 10 26 18 29 6 22 5 
0 11
1 5
2 18
3 15
4 20
5 29
6 27
7 17
8 13
9 3
10 23
11 10
12 9
13 2
14 22
15 12
16 0
17 16
18 25
19 6
20 21
21 8
22 28
23 4
24 19
25 14
26 24
27 7
28 1
29 26
SIMILAR

14 16 3 5 29 1 15 23 4 11 13 0 10 20 26 17 18 9 21 28 6 19 27 2 8 12 7 22 24 25 
0 11
1 5
2 23
3 2
4 8
5 3
6 20
7 26
8 24
9 17
10 12
11 9
12 25
13 10
14 0
15 6
16 1
17 15
18 16
19 21
20 13
21 18
22 27
23 7
24 28
25 29
26 14
27 22
28 19
29 4
SIMILAR

24 7 13 6 27 18 23 8 16 5 1 20 15 25 28 0 9 12 14 22 2 21 4 10 19 11 26 3 17 29 
0 15
1 10
2 20
3 27
4 22
5 9
6 3
7 1
8 7
9 16
10 23
11 25
12 17
13 2
14 18
15 12
16 8
17 28
18 5
19 24
20 11
21 21
22 19
23 6
24 0
25 13
26 26
27 4
28 14
29 29
SIMILAR

17 16 6 1 14 0 12 8 10 2 11 13 15 18 26 3 27 5 28 23 25 7 22 29 20 24 19 9 21 4 
0 5
1 3
2 9
3 15
4 29
5 17
6 2
7 21
8 7
9 27
10 8
11 10
12 6
13 11
14 4
15 12
16 1
17 0
18 13
19 26
20 24
21 28
22 22
23 19
24 25
25 20
26 14
27 16
28 18
29 23
SIMILAR

15 17 5 22 26 19 11 16 18 0 7 21 23 27 9 24 1 20 8 3 25 14 29 13 4 12 2 28 10 6 
0 9
1 16
2 26
3 19
4 24
5 2
6 29
7 10
8 18
9 14
10 28
11 6
12 25
13 23
14 21
15 0
16 7
17 1
18 8
19 5
20 17
21 11
22 3
23 12
24 15
25 20
26 4
27 13
28 27
29 22
SIMILAR

24 29 4 8 23 14 15 9 1 6 26 21 22 25 12 10 28 20 3 16 0 19 7 11 27 2 17 5 13 18 
0 20
1 8
2 25
3 18
4 2
5 27
6 9
7 22
8 3
9 7
10 15
11 23
12 14
13 28
14 5
15 6
16 19
17 26
18 29
19 21
20 17
21 11
22 12
23 4
24 0
25 13
26 10
27 24
28 16
29 1
SIMILAR

6 26 2 25 22 29 15 5 28 23 18 9 20 24 19 27 10 7 3 4 8 16 17 14 11 13 1 0 21 12 
0 27
1 26
2 2
3 18
4 19
5 7
6 0
7 17
8 20
9 11
10 16
11 24
12 29
13 25
14 23
15 6
16 21
17 22
18 10
19 14
20 12
21 28
22 4
23 9
24 13
25 3
26 1
27 15
28 8
29 5
SIMILAR

5 24 3 11 29 9 15 0 4 6 14 25 1 22 18 16 28 23 26 17 19 12 7 13 8 10 21 2 20 27 
0 7
1 12
2 27
3 2
4 8
5 0
6 9
7 22
8 24
9 5
10 25
11 3
12 21
13 23
14 10
15 6
16 15
17 19
18 14
19 20
20 28
21 26
22 13
23 17
24 1
25 11
26 18
27 29
28 16
29 4
SIMILAR

5 0 17 22 10 25 7 24 21 11 1 26 23 2 14 12 9 28 13 6 27 4 16 20 19 18 8 15 29 3 
0 1
1 10
2 13
3 29
4 21
5 0
6 19
7 6
8 26
9 16
10 4
11 9
12 15
13 18
14 14
15 27
16 22
17 2
18 25
19 24
20 23
21 8
22 3
23 12
24 7
25 5
26 11
27 20
28 17
29 28
SIMILAR

8 10 29 18 14 26 27 0 24 6 13 22 12 2 15 9 3 20 16 19 23 28 11 25 5 4 17 21 7 1 
0 7
1 29
2 13
3 16
4 25
5 24
6 9
7 28
8 0
9 15
10 1
11 22
12 12
13 10
14 4
15 14
16 18
17 26
18 3
19 19
20 17
21 27
22 11
23 20
24 8
25 23
26 5
27 6
28 21
29 2
SIMILAR

4 25 11 13 22 1 5 19 2 21 29 17 16 15 3 20 28 6 27 24 23 18 7 9 26 14 10 8 0 12 
0 28
1 5
2 8
3 14
4 0
5 6
6 17
7 22
8 27
9 23
10 26
11 2
12 29
13 3
14 25
15 13
16 12
17 11
18 21
19 7
20 15
21 9
22 4
23 20
24 19
25 1
26 24
27 18
28 16
29 10
SIMILAR

27 3 0 4 19 6 25 18 20 9 23 12 24 8 17 28 10 29 22 1 14 15 5 7 21 16 11 26 2 13 
0 2
1 19
2 28
3 1
4 3
5 22
6 5
7 23
8 13
9 9
10 16
11 26
12 11
13 29
14 20
15 21
16 25
17 14
18 7
19 4
20 8
21 24
22 18
23 10
24 12
25 6
26 27
27 0
28 15
29 17
SIMILAR

0 28 23 8 15 4 9 14 19 26 3 25 22 24 1 17 2 18 11 10 6 27 16 29 21 5 12 20 7 13 
0 0
1 14
2 16
3 10
4 5
5 25
6 20
7 28
8 3
9 6
10 19
11 18
12 26
13 29
14 7
15 4
16 22
17 15
18 17
19 8
20 27
21 24
22 12
23 2
24 13
25 11
26 9
27 21
28 1
29 23
SIMILAR

4 9 0 18 17 1 6 10 12 22 14 20 23 15 29 2 25 26 5 13 11 8 27 3 24 21 7 28 16 19 
0 2
1 5
2 15
3 23
4 0
5 18
6 6
7 26
8 21
9 1
10 7
11 20
12 8
13 19
14 10
15 13
16 28
17 4
18 3
19 29
20 11
21 25
22 9
23 12
24 24
25 16
26 17
27 22
28 27
29 14
SIMILAR

5 22 26 19 25 14 6 27 15 16 29 2 24 18 23 3 11 4 13 20 17 21 8 12 10 1 0 28 7 9 
0 26
1 25
2 11
3 15
4 17
5 0
6 6
7 28
8 22
9 29
10 24
11 16
12 23
13 18
14 5
15 8
16 9
17 20
18 13
19 3
20 19
21 21
22 1
23 14
24 12
25 4
26 2
27 7
28 27
29 10
SIMILAR

17 2 9 19 27 5 14 12 29 8 28 0 23 4 25 7 1 11 20 24 21 3 6 26 18 22 10 13 16 15 
0 11
1 16
2 1
3 21
4 13
5 5
6 22
7 15
8 9
9 2
10 26
11 17
12 7
13 27
14 6
15 29
16 28
17 0
18 24
19 3
20 18
21 20
22 25
23 12
24 19
25 14
26 23
27 4
28 10
29 8
SIMILAR

0 14 28 18 5 21 10 9 25 11 8 29 7 17 6 20 23 27 15 13 26 24 19 1 2 22 3 16 4 12 
0 0
1 23
2 24
3 26
4 28
5 4
6 14
7 12
8 10
9 7
10 6
11 9
12 29
13 19
14 1
15 18
16 27
17 13
18 3
19 22
20 15
21 5
22 25
23 16
24 21
25 8
26 20
27 17
28 2
29 11
SIMILAR

22 12 15 6 13 24 16 17 27 10 1 25 19 18 2 23 3 28 0 8 11 7 26 21 9 5 14 20 29 4 
0 18
1 10
2 14
3 16
4 29
5 25
6 3
7 21
8 19
9 24
10 9
11 20
12 1
13 4
14 26
15 2
16 6
17 7
18 13
19 12
20 27
21 23
22 0
23 15
24 5
25 11
26 22
27 8
28 17
29 28
SIMILAR

3 4 18 12 5 27 29 26 8 23 17 22 1 9 19 15 14 20 11 28 25 21 6 10 0 16 13 24 2 7 
0 24
1 12
2 28
3 0
4 1
5 4
6 22
7 29
8 8
9 13
10 23
11 18
12 3
13 26
14 16
15 15
16 25
17 10
18 2
19 14
20 17
21 21
22 11
23 9
24 27
25 20
26 7
27 5
28 19
29 6
SIMILAR

5 19 25 29 12 20 27 21 14 0 9 17 3 22 8 1 13 26 4 23 11 24 6 15 2 16 10 18 7 28 
0 9
1 15
2 24
3 12
4 18
5 0
6 22
7 28
8 14
9 10
10 26
11 20
12 4
13 16
14 8
15 23
16 25
17 11
18 27
19 1
20 5
21 7
22 13
23 19
24 21
25 2
26 17
27 6
28 29
29 3
SIMILAR

9 24 25 12 11 28 22 26 16 23 15 27 8 3 2 0 20 19 21 7 5 13 14 17 1 18 4 10 6 29 
0 15
1 24
2 14
3 13
4 26
5 20
6 28
7 19
8 12
9 0
10 27
11 4
12 3
13 21
14 22
15 10
16 8
17 23
18 25
19 17
20 16
21 18
22 6
23 9
24 1
25 2
26 7
27 11
28 5
29 29
SIMILAR

4 25 24 3 6 19 29 28 20 13 26 7 18 1 17 23 14 5 10 12 15 2 11 27 0 21 8 16 22 9 
0 24
1 13
2 21
3 3
4 0
5 17
6 4
7 11
8 26
9 29
10 18
11 22
12 19
13 9
14 16
15 20
16 27
17 14
18 12
19 5
20 8
21 25
22 28
23 15
24 2
25 1
26 10
27 23
28 7
29 6
SIMILAR

26 14 11 13 28 1 17 25 2 23 0 21 4 5 16 10 15 22 18 9 24 6 19 29 3 7 20 8 12 27 
0 10
1 5
2 8
3 24
4 12
5 13
6 21
7 25
8 27
9 19
10 15
11 2
12 28
13 3
14 1
15 16
16 14
17 6
18 18
19 22
20 26
21 11
22 17
23 9
24 20
25 7
26 0
27 29
28 4
29 23
SIMILAR

4 15 5 14 7 29 26 28 2 22 13 3 6 21 19 23 25 16 1 27 0 17 9 8 10 20 18 12 11 24 
0 20
1 18
2 8
3 11
4 0
5 2
6 12
7 4
8 23
9 22
10 24
11 28
12 27
13 10
14 3
15 1
16 17
17 21
18 26
19 14
20 25
21 13
22 9
23 15
24 29
25 16
26 6
27 19
28 7
29 5
SIMILAR

19 22 6 28 18 1 9 25 13 7 11 20 16 10 4 5 23 26 15 12 3 0 27 24 17 14 21 2 8 29 
0 21
1 5
2 27
3 20
4 14
5 15
6 2
7 9
8 28
9 6
10 13
11 10
12 19
13 8
14 25
15 18
16 12
17 24
18 4
19 0
20 11
21 26
22 1
23 16
24 23
25 7
26 17
27 22
28 3
29 29
SIMILAR

19 3 9 18 24 2 27 6 12 21 13 29 20 14 7 28 26 16 0 17 23 8 11 22 1 5 4 10 25 15 
0 18
1 24
2 5
3 1
4 26
5 25
6 7
7 14
8 21
9 2
10 27
11 22
12 8
13 10
14 13
15 29
16 17
17 19
18 3
19 0
20 12
21 9
22 23
23 20
24 4
25 28
26 16
27 6
28 15
29 11
SIMILAR

5 20 4 10 22 18 1 14 9 24 7 8 11 3 26 25 6 21 2 23 28 15 29 16 27 12 19 0 13 17 
0 27
1 6
2 18
3 13
4 2
5 0
6 16
7 10
8 11
9 8
10 3
11 12
12 25
13 28
14 7
15 21
16 23
17 29
18 5
19 26
20 1
21 17
22 4
23 19
24 9
25 15
26 14
27 24
28 20
29 22
SIMILAR

0 10 4 26 27 19 18 24 17 28 14 29 25 6 21 8 7 2 5 16 22 9 13 23 11 3 20 1 12 15 
0 0
1 27
2 17
3 25
4 2
5 18
6 13
7 16
8 15
9 21
10 1
11 24
12 28
13 22
14 10
15 29
16 19
17 8
18 6
19 5
20 26
21 14
22 20
23 23
24 7
25 12
26 3
27 4
28 9
29 11
SIMILAR

28 23 10 0 5 11 7 16 25 26 24 4 27 3 1 29 13 22 2 17 20 18 9 12 21 8 6 14 19 15 
0 3
1 14
2 18
3 13
4 11
5 4
6 26
7 6
8 25
9 22
10 2
11 5
12 23
13 16
14 27
15 29
16 7
17 19
18 21
19 28
20 20
21 24
22 17
23 1
24 10
25 8
26 9
27 12
28 0
29 15
SIMILAR

12 16 1 10 13 18 22 0 23 27 9 28 26 6 17 8 7 3 24 15 20 25 19 29 4 21 11 14 2 5 
0 7
1 2
2 28
3 17
4 24
5 29
6 13
7 16
8 15
9 10
10 3
11 26
12 0
13 4
14 27
15 19
16 1
17 14
18 5
19 22
20 20
21 25
22 6
23 8
24 18
25 21
26 12
27 9
28 11
29 23
SIMILAR

11 9 28 20 23 3 17 27 6 29 24 21 26 0 19 12 15 16 10 18 25 22 7 1 2 5 14 13 4 8 
0 13
1 23
2 24
3 5
4 28
5 25
6 8
7 22
8 29
9 1
10 18
11 0
12 15
13 27
14 26
15 16
16 17
17 6
18 19
19 14
20 3
21 11
22 21
23 4
24 10
25 20
26 12
27 7
28 2
29 9
SIMILAR

10 6 26 2 23 11 0 4 1 14 29 9 12 7 15 19 17 3 25 28 8 18 24 13 5 27 20 16 21 22 
0 6
1 8
2 3
3 17
4 7
5 24
6 1
7 13
8 20
9 11
10 0
11 5
12 12
13 23
14 9
15 14
16 27
17 16
18 21
19 15
20 26
21 28
22 29
23 4
24 22
25 18
26 2
27 25
28 19
29 10
SIMILAR

14 11 19 13 8 10 29 22 9 17 26 0 20 15 27 16 25 23 2 7 24 28 4 12 3 21 5 18 6 1 
0 11
1 29
2 18
3 24
4 22
5 26
6 28
7 19
8 4
9 8
10 5
11 1
12 23
13 3
14 0
15 13
16 15
17 9
18 27
19 2
20 12
21 25
22 7
23 17
24 20
25 16
26 10
27 14
28 21
29 6
SIMILAR

9 16 5 8 20 4 2 22 25 13 18 14 3 10 12 17 1 21 28 7 26 24 29 0 27 6 19 15 23 11 
0 23
1 16
2 6
3 12
4 5
5 2
6 25
7 19
8 3
9 0
10 13
11 29
12 14
13 9
14 11
15 27
16 1
17 15
18 10
19 26
20 4
21 17
22 7
23 28
24 21
25 8
26 20
27 24
28 18
29 22
SIMILAR

24 28 20 11 19 16 8 27 23 2 26 4 9 5 29 12 25 21 22 15 0 7 6 10 13 3 14 17 1 18 
0 20
1 28
2 9
3 25
4 11
5 13
6 22
7 21
8 6
9 12
10 23
11 3
12 15
13 24
14 26
15 19
16 5
17 27
18 29
19 4
20 2
21 17
22 18
23 8
24 0
25 16
26 10
27 7
28 1
29 14
SIMILAR

3 16 25 5 2 1 7 15 12 6 8 23 29 24 21 19 17 14 10 18 13 0 22 27 20 9 28 26 4 11 
0 21
1 5
2 4
3 0
4 28
5 3
6 9
7 6
8 10
9 25
10 18
11 29
12 8
13 20
14 17
15 7
16 1
17 16
18 19
19 15
20 24
21 14
22 22
23 11
24 13
25 2
26 27
27 23
28 26
29 12
SIMILAR

21 11 22 8 16 29 2 4 28 24 9 6 0 5 13 12 26 3 17 25 27 18 23 7 1 15 19 10 20 14 
0 12
1 24
2 6
3 17
4 7
5 13
6 11
7 23
8 3
9 10
10 27
11 1
12 15
13 14
14 29
15 25
16 4
17 18
18 21
19 26
20 28
21 0
22 2
23 22
24 9
25 19
26 16
27 20
28 8
29 5
SIMILAR

17 23 11 20 16 21 18 4 29 25 0 28 14 3 2 19 13 22 8 26 5 10 6 12 27 7 1 9 15 24 
0 10
1 26
2 14
3 13
4 7
5 20
6 22
7 25
8 18
9 27
10 21
11 2
12 23
13 16
14 12
15 28
16 4
17 0
18 6
19 15
20 3
21 5
22 17
23 1
24 29
25 9
26 19
27 24
28 11
29 8
SIMILAR

20 7 24 18 22 9 14 0 2 28 26 13 11 15 6 19 23 27 25 1 10 5 8 4 29 17 12 16 3 21 
0 7
1 19
2 8
3 28
4 23
5 21
6 14
7 1
8 22
9 5
10 20
11 12
12 26
13 11
14 6
15 13
16 27
17 25
18 3
19 15
20 0
21 29
22 4
23 16
24 2
25 18
26 10
27 17
28 9
29 24
SIMILAR

1 29 14 17 11 4 26 2 6 3 28 5 24 21 13 20 10 23 8 22 25 15 18 0 16 12 7 9 19 27 
0 23
1 0
2 7
3 9
4 5
5 11
6 8
7 26
8 18
9 27
10 16
11 4
12 25
13 14
14 2
15 21
16 24
17 3
18 22
19 28
20 15
21 13
22 19
23 17
24 12
25 20
26 6
27 29
28 10
29 1
SIMILAR

4 12 29 0 1 27 25 5 14 26 9 22 8 17 10 15 21 6 7 2 13 23 16 11 3 24 28 19 20 18 
0 3
1 4
2 19
3 24
4 0
5 7
6 17
7 18
8 12
9 10
10 14
11 23
12 1
13 20
14 8
15 15
16 22
17 13
18 29
19 27
20 28
21 16
22 11
23 21
24 25
25 6
26 9
27 5
28 26
29 2
SIMILAR

20 16 12 17 11 27 14 13 25 26 18 3 1 8 2 5 24 4 29 22 15 28 21 9 10 23 6 7 0 19 
0 28
1 12
2 14
3 11
4 17
5 15
6 26
7 27
8 13
9 23
10 24
11 4
12 2
13 7
14 6
15 20
16 1
17 3
18 10
19 29
20 0
21 22
22 19
23 25
24 16
25 8
26 9
27 5
28 21
29 18
SIMILAR

11 19 26 17 27 16 5 10 6 3 22 25 0 2 12 18 28 4 24 21 1 20 8 7 14 29 15 9 23 13 
0 12
1 20
2 13
3 9
4 17
5 6
6 8
7 23
8 22
9 27
10 7
11 0
12 14
13 29
14 24
15 26
16 5
17 3
18 15
19 1
20 21
21 19
22 10
23 28
24 18
25 11
26 2
27 4
28 16
29 25
SIMILAR

27 11 16 1 3 4 21 6 9 17 24 18 5 23 26 22 10 29 15 20 7 13 12 8 25 14 19 0 2 28 
0 27
1 3
2 28
3 4
4 5
5 12
6 7
7 20
8 23
9 8
10 16
11 1
12 22
13 21
14 25
15 18
16 2
17 9
18 11
19 26
20 19
21 6
22 15
23 13
24 10
25 24
26 14
27 0
28 29
29 17
SIMILAR

4 16 27 23 9 2 12 24 29 21 20 25 5 11 0 3 15 8 13 28 18 19 22 26 6 7 10 1 17 14 
0 14
1 27
2 5
3 15
4 0
5 12
6 24
7 25
8 17
9 4
10 26
11 13
12 6
13 18
14 29
15 16
16 1
17 28
18 20
19 21
20 10
21 9
22 22
23 3
24 7
25 11
26 23
27 2
28 19
29 8
SIMILAR

1 19 21 28 20 2 18 8 0 25 17 7 12 10 23 3 11 13 9 22 16 24 6 27 26 15 14 4 29 5 
0 8
1 0
2 5
3 15
4 27
5 29
6 22
7 11
8 7
9 18
10 13
11 16
12 12
13 17
14 26
15 25
16 20
17 10
18 6
19 1
20 4
21 2
22 19
23 14
24 21
25 9
26 24
27 23
28 3
29 28
SIMILAR

15 23 22 19 7 26 29 9 11 0 18 8 10 6 17 16 5 14 4 3 21 28 27 13 25 12 24 2 20 1 
0 9
1 29
2 27
3 19
4 18
5 16
6 13
7 4
8 11
9 7
10 12
11 8
12 25
13 23
14 17
15 0
16 15
17 14
18 10
19 3
20 28
21 20
22 2
23 1
24 26
25 24
26 5
27 22
28 21
29 6
SIMILAR

6 18 22 9 15 27 20 4 2 1 16 8 25 11 19 24 10 17 29 14 28 26 5 21 23 12 13 0 7 3 
0 27
1 9
2 8
3 29
4 7
5 22
6 0
7 28
8 11
9 3
10 16
11 13
12 25
13 26
14 19
15 4
16 10
17 17
18 1
19 14
20 6
21 23
22 2
23 24
24 15
25 12
26 21
27 5
28 20
29 18
SIMILAR

5 17 0 14 23 8 13 20 18 2 4 12 28 19 10 7 9 24 6 25 11 27 22 1 29 3 16 15 21 26 
0 2
1 23
2 9
3 25
4 10
5 0
6 18
7 15
8 5
9 16
10 14
11 20
12 11
13 6
14 3
15 27
16 26
17 1
18 8
19 13
20 7
21 28
22 22
23 4
24 17
25 19
26 29
27 21
28 12
29 24
SIMILAR

20 2 27 21 8 17 23 22 12 0 26 28 14 29 10 9 24 1 3 4 11 15 25 6 13 5 16 7 19 18 
0 9
1 17
2 1
3 18
4 19
5 25
6 23
7 27
8 4
9 15
10 14
11 20
12 8
13 24
14 12
15 21
16 26
17 5
18 29
19 28
20 0
21 3
22 7
23 6
24 16
25 22
26 10
27 2
28 11
29 13
SIMILAR

18 16 29 21 12 17 9 20 4 10 15 3 8 2 25 1 14 23 7 13 24 5 27 19 11 6 0 26 28 22 
0 26
1 15
2 13
3 11
4 8
5 21
6 25
7 18
8 12
9 6
10 9
11 24
12 4
13 19
14 16
15 10
16 1
17 5
18 0
19 23
20 7
21 3
22 29
23 17
24 20
25 14
26 27
27 22
28 28
29 2
SIMILAR

11 8 9 0 10 19 25 22 28 18 15 5 12 24 3 29 6 23 2 4 13 17 1 21 26 7 14 16 27 20 
0 3
1 22
2 18
3 14
4 19
5 11
6 16
7 25
8 1
9 2
10 4
11 0
12 12
13 20
14 26
15 10
16 27
17 21
18 9
19 5
20 29
21 23
22 7
23 17
24 13
25 6
26 24
27 28
28 8
29 15
SIMILAR

13 6 26 24 29 25 22 23 11 1 14 7 27 18 15 20 0 21 19 2 5 8 16 3 28 12 9 10 17 4 
0 16
1 9
2 19
3 23
4 29
5 20
6 1
7 11
8 21
9 26
10 27
11 8
12 25
13 0
14 10
15 14
16 22
17 28
18 13
19 18
20 15
21 17
22 6
23 7
24 3
25 5
26 2
27 12
28 24
29 4
SIMILAR

20 2 19 7 27 8 18 29 5 6 12 23 17 9 3 24 28 16 14 13 0 15 25 22 1 21 4 11 26 10 
0 20
1 24
2 1
3 14
4 26
5 8
6 9
7 3
8 5
9 13
10 29
11 27
12 10
13 19
14 18
15 21
16 17
17 12
18 6
19 2
20 0
21 25
22 23
23 11
24 15
25 22
26 28
27 4
28 16
29 7
SIMILAR

18 13 15 14 21 11 10 2 19 29 9 5 4 25 26 24 8 17 16 12 3 6 1 0 20 23 28 27 22 7 
0 23
1 22
2 7
3 20
4 12
5 11
6 21
7 29
8 16
9 10
10 6
11 5
12 19
13 1
14 3
15 2
16 18
17 17
18 0
19 8
20 24
21 4
22 28
23 25
24 15
25 13
26 14
27 27
28 26
29 9
SIMILAR

20 3 2 17 1 23 21 11 8 12 10 24 25 18 4 28 13 22 19 5 9 29 27 26 7 14 6 15 0 16 
0 28
1 4
2 2
3 1
4 14
5 19
6 26
7 24
8 8
9 20
10 10
11 7
12 9
13 16
14 25
15 27
16 29
17 3
18 13
19 18
20 0
21 6
22 17
23 5
24 11
25 12
26 23
27 22
28 15
29 21
SIMILAR

2 14 21 12 6 28 17 19 26 23 1 10 18 7 29 0 24 27 3 16 5 25 4 20 11 9 15 22 13 8 
0 15
1 10
2 0
3 18
4 22
5 20
6 4
7 13
8 29
9 25
10 11
11 24
12 3
13 28
14 1
15 26
16 19
17 6
18 12
19 7
20 23
21 2
22 27
23 9
24 16
25 21
26 8
27 17
28 5
29 14
SIMILAR

1 4 18 0 20 21 13 22 27 17 24 25 26 29 14 19 3 23 6 2 5 7 28 16 11 10 12 15 9 8 
0 3
1 0
2 19
3 16
4 1
5 20
6 18
7 21
8 29
9 28
10 25
11 24
12 26
13 6
14 14
15 27
16 23
17 9
18 2
19 15
20 4
21 5
22 7
23 17
24 10
25 11
26 12
27 8
28 22
29 13
SIMILAR

14 0 18 9 21 29 4 20 25 28 3 23 24 6 22 27 16 13 19 8 17 11 7 1 10 15 26 2 12 5 
0 1
1 23
2 27
3 10
4 6
5 29
6 13
7 22
8 19
9 3
10 24
11 21
12 28
13 17
14 0
15 25
16 16
17 20
18 2
19 18
20 7
21 4
22 14
23 11
24 12
25 8
26 26
27 15
28 9
29 5
SIMILAR

20 18 23 10 29 24 8 6 16 17 4 14 11 28 21 26 25 13 3 22 1 7 2 5 9 12 0 19 15 27 
0 26
1 20
2 22
3 18
4 10
5 23
6 7
7 21
8 6
9 24
10 3
11 12
12 25
13 17
14 11
15 28
16 8
17 9
18 1
19 27
20 0
21 14
22 19
23 2
24 5
25 16
26 15
27 29
28 13
29 4
SIMILAR

26 10 7 1 21 16 18 5 12 28 22 15 8 20 23 24 13 11 19 2 6 29 14 27 0 25 3 17 4 9 
0 24
1 3
2 19
3 26
4 28
5 7
6 20
7 2
8 12
9 29
10 1
11 17
12 8
13 16
14 22
15 11
16 5
17 27
18 6
19 18
20 13
21 4
22 10
23 14
24 15
25 25
26 0
27 23
28 9
29 21
SIMILAR

23 16 8 11 15 4 25 3 6 27 18 28 29 20 9 1 17 5 22 24 21 13 14 2 0 10 26 12 7 19 
0 24
1 15
2 23
3 7
4 5
5 17
6 8
7 28
8 2
9 14
10 25
11 3
12 27
13 21
14 22
15 4
16 1
17 16
18 10
19 29
20 13
21 20
22 18
23 0
24 19
25 6
26 26
27 9
28 11
29 12
SIMILAR

26 29 2 27 0 14 17 12 18 8 6 24 11 5 16 20 25 15 13 19 9 28 23 7 21 4 10 3 22 1 
0 4
1 29
2 2
3 27
4 25
5 13
6 10
7 23
8 9
9 20
10 26
11 12
12 7
13 18
14 5
15 17
16 14
17 6
18 8
19 19
20 15
21 24
22 28
23 22
24 11
25 16
26 0
27 3
28 21
29 1
SIMILAR

12 8 15 5 14 26 1 29 18 17 6 2 3 4 27 11 28 24 20 9 10 25 13 16 21 22 19 23 7 0 
0 29
1 6
2 11
3 12
4 13
5 3
6 10
7 28
8 1
9 19
10 20
11 15
12 0
13 22
14 4
15 2
16 23
17 9
18 8
19 26
20 18
21 24
22 25
23 27
24 17
25 21
26 5
27 14
28 16
29 7
SIMILAR

9 22 29 19 16 26 21 23 3 6 15 12 2 13 14 4 1 7 11 10 24 8 5 20 27 18 0 25 17 28 
0 26
1 16
2 12
3 8
4 15
5 22
6 9
7 17
8 21
9 0
10 19
11 18
12 11
13 13
14 14
15 10
16 4
17 28
18 25
19 3
20 23
21 6
22 1
23 7
24 20
25 27
26 5
27 24
28 29
29 2
SIMILAR

6 2 27 29 16 23 0 9 10 13 4 19 24 7 5 12 1 25 14 15 11 28 26 17 3 21 20 18 8 22 
0 6
1 16
2 1
3 24
4 10
5 14
6 0
7 13
8 28
9 7
10 8
11 20
12 15
13 9
14 18
15 19
16 4
17 23
18 27
19 11
20 26
21 25
22 29
23 5
24 12
25 17
26 22
27 2
28 21
29 3
SIMILAR

21 7 12 16 24 0 19 2 17 9 4 26 13 15 27 28 11 14 25 29 5 1 18 8 3 10 23 22 6 20 
0 5
1 21
2 7
3 24
4 10
5 20
6 28
7 1
8 23
9 9
10 25
11 16
12 2
13 12
14 17
15 13
16 3
17 8
18 22
19 6
20 29
21 0
22 27
23 26
24 4
25 18
26 11
27 14
28 15
29 19
SIMILAR

23 20 1 17 13 5 26 22 21 10 2 6 27 14 7 18 12 24 15 8 9 16 29 0 28 3 19 25 11 4 
0 23
1 2
2 10
3 25
4 29
5 5
6 11
7 14
8 19
9 20
10 9
11 28
12 16
13 4
14 13
15 18
16 21
17 3
18 15
19 26
20 1
21 8
22 7
23 0
24 17
25 27
26 6
27 12
28 24
29 22
SIMILAR

10 1 24 20 16 15 9 26 8 3 4 25 28 17 13 23 29 2 14 0 27 7 11 6 21 19 5 18 22 12 
0 19
1 1
2 17
3 9
4 10
5 26
6 23
7 21
8 8
9 6
10 0
11 22
12 29
13 14
14 18
15 5
16 4
17 13
18 27
19 25
20 3
21 24
22 28
23 15
24 2
25 11
26 7
27 20
28 12
29 16
SIMILAR

0 18 27 5 19 22 17 3 20 1 7 8 12 21 11 10 25 24 13 14 23 9 16 26 2 4 29 15 28 6 
0 0
1 9
2 24
3 7
4 25
5 3
6 29
7 10
8 11
9 21
10 15
11 14
12 12
13 18
14 19
15 27
16 22
17 6
18 1
19 4
20 8
21 13
22 5
23 20
24 17
25 16
26 23
27 2
28 28
29 26
SIMILAR

10 4 7 28 14 22 16 24 3 0 23 5 19 6 12 27 18 13 2 1 21 26 8 17 20 11 25 9 29 15 
0 9
1 19
2 18
3 8
4 1
5 11
6 13
7 2
8 22
9 27
10 0
11 25
12 14
13 17
14 4
15 29
16 6
17 23
18 16
19 12
20 24
21 20
22 5
23 10
24 7
25 26
26 21
27 15
28 3
29 28
SIMILAR

18 16 23 22 17 0 4 20 8 3 9 10 26 29 21 5 12 28 1 6 13 2 25 11 7 14 15 27 19 24 
0 5
1 18
2 21
3 9
4 6
5 15
6 19
7 24
8 8
9 10
10 11
11 23
12 16
13 20
14 25
15 26
16 1
17 4
18 0
19 28
20 7
21 14
22 3
23 2
24 29
25 22
26 12
27 27
28 17
29 13
SIMILAR

27 2 6 8 20 26 1 12 28 10 9 11 5 25 17 19 21 7 4 23 0 29 3 14 16 22 15 24 18 13 
0 20
1 6
2 1
3 22
4 18
5 12
6 2
7 17
8 3
9 10
10 9
11 11
12 7
13 29
14 23
15 26
16 24
17 14
18 28
19 15
20 4
21 16
22 25
23 19
24 27
25 13
26 5
27 0
28 8
29 21
SIMILAR

25 22 12 4 27 13 0 17 3 29 28 2 7 5 20 23 15 24 8 1 10 26 18 11 6 14 19 21 9 16 
0 6
1 19
2 11
3 8
4 3
5 13
6 24
7 12
8 18
9 28
10 20
11 23
12 2
13 5
14 25
15 16
16 29
17 7
18 22
19 26
20 14
21 27
22 1
23 15
24 17
25 0
26 21
27 4
28 10
29 9
SIMILAR

16 11 0 4 19 1 14 13 15 5 24 10 25 22 23 18 20 26 9 12 7 17 27 29 2 8 6 28 21 3 
0 2
1 5
2 24
3 29
4 3
5 9
6 26
7 20
8 25
9 18
10 11
11 1
12 19
13 7
14 6
15 8
16 0
17 21
18 15
19 4
20 16
21 28
22 13
23 14
24 10
25 12
26 17
27 22
28 27
29 23
SIMILAR

1 4 14 9 10 22 19 17 24 16 3 7 25 2 26 0 23 15 13 12 18 21 20 27 5 6 28 11 8 29 
0 15
1 0
2 13
3 10
4 1
5 24
6 25
7 11
8 28
9 3
10 4
11 27
12 19
13 18
14 2
15 17
16 9
17 7
18 20
19 6
20 22
21 21
22 5
23 16
24 8
25 12
26 14
27 23
28 26
29 29
SIMILAR

18 10 3 23 14 6 27 20 17 29 16 13 15 24 8 11 0 21 5 9 25 28 7 12 2 4 22 19 26 1 
0 16
1 29
2 24
3 2
4 25
5 18
6 5
7 22
8 14
9 19
10 1
11 15
12 23
13 11
14 4
15 12
16 10
17 8
18 0
19 27
20 7
21 17
22 26
23 3
24 13
25 20
26 28
27 6
28 21
29 9
SIMILAR

6 17 13 20 10 19 15 8 3 27 14 1 9 25 5 11 23 2 29 4 24 18 26 21 0 16 28 22 7 12 
0 24
1 11
2 17
3 8
4 19
5 14
6 0
7 28
8 7
9 12
10 4
11 15
12 29
13 2
14 10
15 6
16 25
17 1
18 21
19 5
20 3
21 23
22 27
23 16
24 20
25 13
26 22
27 9
28 26
29 18
SIMILAR

11 22 14 29 13 26 18 2 10 8 23 12 27 20 16 5 7 19 15 21 24 17 3 4 1 0 9 6 28 25 
0 25
1 24
2 7
3 22
4 23
5 15
6 27
7 16
8 9
9 26
10 8
11 0
12 11
13 4
14 2
15 18
16 14
17 21
18 6
19 17
20 13
21 19
22 1
23 10
24 20
25 29
26 5
27 12
28 28
29 3
SIMILAR

24 15 9 8 10 2 3 11 26 23 19 20 17 27 29 25 7 5 18 6 21 0 28 22 1 14 4 12 13 16 
0 21
1 24
2 5
3 6
4 26
5 17
6 19
7 16
8 3
9 2
10 4
11 7
12 27
13 28
14 25
15 1
16 29
17 12
18 18
19 10
20 11
21 20
22 23
23 9
24 0
25 15
26 8
27 13
28 22
29 14
SIMILAR

11 9 24 18 28 21 1 26 19 17 27 4 8 0 25 16 3 12 5 14 22 13 29 20 2 7 23 15 6 10 
0 13
1 6
2 24
3 16
4 11
5 18
6 28
7 25
8 12
9 1
10 29
11 0
12 17
13 21
14 19
15 27
16 15
17 9
18 3
19 8
20 23
21 5
22 20
23 26
24 2
25 14
26 7
27 10
28 4
29 22
SIMILAR

5 18 11 9 16 3 8 15 23 4 28 13 1 0 25 17 12 20 10 6 14 21 26 29 19 7 24 2 22 27 
0 13
1 12
2 27
3 5
4 9
5 0
6 19
7 25
8 6
9 3
10 18
11 2
12 16
13 11
14 20
15 7
16 4
17 15
18 1
19 24
20 17
21 21
22 28
23 8
24 26
25 14
26 22
27 29
28 10
29 23
SIMILAR
100 0
7800 0
267800 0
