30
0 1 0 0 0 1 0 0 1 1 1 0 0 0 0 0 1 1 1 1 1 0 0 0 1 1 1 0 0 0 
1 0 0 1 0 0 0 1 0 0 0 0 0 1 1 1 1 1 0 0 0 0 1 1 1 1 0 0 0 1 
0 0 0 0 0 0 0 1 1 0 0 0 0 1 0 1 0 1 1 1 0 0 1 1 1 1 1 1 0 1 
0 1 0 0 1 1 1 0 0 0 0 1 0 0 0 1 1 1 0 1 1 0 0 0 0 1 1 1 1 0 
0 0 0 1 0 0 1 0 1 1 1 0 0 0 1 0 0 0 0 1 0 1 1 1 0 1 1 1 1 1 
1 0 0 1 0 0 0 1 0 1 0 1 1 0 1 0 0 0 0 0 1 0 1 0 1 1 1 0 1 1 
0 0 0 1 1 0 0 0 0 0 0 1 1 1 1 0 1 0 1 1 1 1 0 1 0 0 1 1 0 1 
0 1 1 0 0 1 0 0 1 0 1 0 0 0 1 0 1 1 1 0 0 0 0 0 0 0 0 1 1 1 
1 0 1 0 1 0 0 1 0 0 0 1 1 1 0 0 0 1 0 0 0 1 0 1 0 0 0 0 1 0 
1 0 0 0 1 1 0 0 0 0 1 1 1 1 0 0 1 1 0 0 0 0 1 1 0 1 0 1 1 1 
1 0 0 0 1 0 0 1 0 1 0 0 0 0 1 0 1 0 0 1 1 1 1 0 1 0 0 1 1 0 
0 0 0 1 0 1 1 0 1 1 0 0 0 1 0 0 1 0 1 1 0 0 0 1 1 1 0 1 0 0 
0 0 0 0 0 1 1 0 1 1 0 0 0 0 0 1 0 1 1 1 0 1 1 1 1 0 1 0 0 1 
0 1 1 0 0 0 1 0 1 1 0 1 0 0 0 1 1 0 1 0 1 1 1 0 1 1 1 0 1 1 
0 1 0 0 1 1 1 1 0 0 1 0 0 0 0 0 0 0 0 1 1 1 1 0 0 0 1 0 0 0 
0 1 1 1 0 0 0 0 0 0 0 0 1 1 0 0 0 1 0 0 0 0 0 1 1 1 1 0 0 0 
1 1 0 1 0 0 1 1 0 1 1 1 0 1 0 0 0 0 1 0 1 1 1 1 0 1 0 1 0 1 
1 1 1 1 0 0 0 1 1 1 0 0 1 0 0 1 0 0 0 1 0 0 0 1 1 1 1 0 0 0 
1 0 1 0 0 0 1 1 0 0 0 1 1 1 0 0 1 0 0 0 0 1 0 0 1 0 1 1 0 1 
1 0 1 1 1 0 1 0 0 0 1 1 1 0 1 0 0 1 0 0 0 1 1 1 0 1 1 0 1 1 
1 0 0 1 0 1 1 0 0 0 1 0 0 1 1 0 1 0 0 0 0 1 0 1 1 1 0 1 0 0 
0 0 0 0 1 0 1 0 1 0 1 0 1 1 1 0 1 0 1 1 1 0 0 0 1 0 1 1 1 1 
0 1 1 0 1 1 0 0 0 1 1 0 1 1 1 0 1 0 0 1 0 0 0 1 0 1 0 0 0 0 
0 1 1 0 1 0 1 0 1 1 0 1 1 0 0 1 1 1 0 1 1 0 1 0 0 1 1 1 1 0 
1 1 1 0 0 1 0 0 0 0 1 1 1 1 0 1 0 1 1 0 1 1 0 0 0 1 1 1 0 0 
1 1 1 1 1 1 0 0 0 1 0 1 0 1 0 1 1 1 0 1 1 0 1 1 1 0 0 1 1 0 
1 0 1 1 1 1 1 0 0 0 0 0 1 1 1 1 0 1 1 1 0 1 0 1 1 0 0 1 0 1 
0 0 1 1 1 0 1 1 0 1 1 1 0 0 0 0 1 0 1 0 1 1 0 1 1 1 1 0 1 1 
0 0 0 1 1 1 0 1 1 1 1 0 0 1 0 0 0 0 0 1 0 1 0 1 0 1 0 1 0 1 
0 1 1 0 1 1 1 1 0 1 0 0 1 1 0 0 1 0 1 1 0 1 0 0 0 0 1 1 1 0 

22 12 27 7 14 26 4 6 16 15 10 25 17 21 8 0 9 2 19 23 11 1 24 5 20 28 3 29 13 18 
0 15
1 21
2 17
3 26
4 6
5 23
6 7
7 3
8 14
9 16
10 10
11 20
12 1
13 28
14 4
15 9
16 8
17 12
18 29
19 18
20 24
21 13
22 0
23 19
24 22
25 11
26 5
27 2
28 25
29 27
SIMILAR

12 24 13 1 0 23 20 27 25 2 26 10 22 21 18 9 17 3 15 19 8 14 28 29 4 16 5 11 7 6 
0 4
1 3
2 9
3 17
4 24
5 26
6 29
7 28
8 20
9 15
10 11
11 27
12 0
13 2
14 21
15 18
16 25
17 16
18 14
19 19
20 6
21 13
22 12
23 5
24 1
25 8
26 10
27 7
28 22
29 23
SIMILAR

12 13 7 17 11 21 10 4 16 20 22 0 18 15 26 19 2 6 9 5 28 14 1 8 3 29 23 25 24 27 
0 11
1 22
2 16
3 24
4 7
5 19
6 17
7 2
8 23
9 18
10 6
11 4
12 0
13 1
14 21
15 13
16 8
17 3
18 12
19 15
20 9
21 5
22 10
23 26
24 28
25 27
26 14
27 29
28 20
29 25
SIMILAR

20 8 29 14 19 6 18 28 23 11 7 5 25 10 21 0 24 17 27 13 1 2 3 15 22 16 4 12 9 26 
0 15
1 20
2 21
3 22
4 26
5 11
6 5
7 10
8 1
9 28
10 13
11 9
12 27
13 19
14 3
15 23
16 25
17 17
18 6
19 4
20 0
21 14
22 24
23 8
24 16
25 12
26 29
27 18
28 7
29 2
SIMILAR

16 4 18 29 1 17 22 7 3 2 0 5 26 19 12 20 21 23 24 14 28 11 27 8 9 15 25 6 13 10 
0 10
1 4
2 9
3 8
4 1
5 11
6 27
7 7
8 23
9 24
10 29
11 21
12 14
13 28
14 19
15 25
16 0
17 5
18 2
19 13
20 15
21 16
22 6
23 17
24 18
25 26
26 12
27 22
28 20
29 3
SIMILAR

12 7 4 25 24 18 13 23 26 19 20 2 17 21 14 10 28 15 9 29 22 1 27 6 3 11 16 5 8 0 
0 29
1 21
2 11
3 24
4 2
5 27
6 23
7 1
8 28
9 18
10 15
11 25
12 0
13 6
14 14
15 17
16 26
17 12
18 5
19 9
20 10
21 13
22 20
23 7
24 4
25 3
26 8
27 22
28 16
29 19
SIMILAR

24 4 19 2 27 11 21 5 29 18 9 23 8 1 14 0 6 15 10 22 17 26 7 25 28 12 3 13 16 20 
0 15
1 13
2 3
3 26
4 1
5 7
6 16
7 22
8 12
9 10
10 18
11 5
12 25
13 27
14 14
15 17
16 28
17 20
18 9
19 2
20 29
21 6
22 19
23 11
24 0
25 23
26 21
27 4
28 24
29 8
SIMILAR

1 11 28 24 2 27 6 14 16 15 25 13 26 3 19 17 22 7 10 4 9 8 5 29 18 23 0 20 21 12 
0 26
1 0
2 4
3 13
4 19
5 22
6 6
7 17
8 21
9 20
10 18
11 1
12 29
13 11
14 7
15 9
16 8
17 15
18 24
19 14
20 27
21 28
22 16
23 25
24 3
25 10
26 12
27 5
28 2
29 23
SIMILAR

20 8 24 19 4 13 18 27 26 17 14 12 11 16 3 9 15 23 10 25 0 28 21 22 29 5 1 6 2 7 
0 20
1 26
2 28
3 14
4 4
5 25
6 27
7 29
8 1
9 15
10 18
11 12
12 11
13 5
14 10
15 16
16 13
17 9
18 6
19 3
20 0
21 22
22 23
23 17
24 2
25 19
26 8
27 7
28 21
29 24
SIMILAR

9 14 17 10 26 3 27 23 21 28 25 20 16 13 1 7 6 5 22 0 11 4 29 12 19 2 18 15 8 24 
0 19
1 14
2 25
3 5
4 21
5 17
6 16
7 15
8 28
9 0
10 3
11 20
12 23
13 13
14 1
15 27
16 12
17 2
18 26
19 24
20 11
21 8
22 18
23 7
24 29
25 10
26 4
27 6
28 9
29 22
SIMILAR

2 4 9 29 3 12 24 17 23 13 10 25 16 28 26 18 19 22 15 1 20 27 0 5 11 21 7 14 8 6 
0 22
1 19
2 0
3 4
4 1
5 23
6 29
7 26
8 28
9 2
10 10
11 24
12 5
13 9
14 27
15 18
16 12
17 7
18 15
19 16
20 20
21 25
22 17
23 8
24 6
25 11
26 14
27 21
28 13
29 3
SIMILAR

0 22 4 29 24 27 13 2 28 23 16 5 6 7 25 3 1 17 14 26 19 20 9 11 21 12 8 18 10 15 
0 0
1 16
2 7
3 15
4 2
5 11
6 12
7 13
8 26
9 22
10 28
11 23
12 25
13 6
14 18
15 29
16 10
17 17
18 27
19 20
20 21
21 24
22 1
23 9
24 4
25 14
26 19
27 5
28 8
29 3
SIMILAR

12 11 5 9 14 6 3 4 21 8 23 1 29 27 28 18 26 16 0 20 13 24 7 25 2 15 10 22 17 19 
0 18
1 11
2 24
3 6
4 7
5 2
6 5
7 22
8 9
9 3
10 26
11 1
12 0
13 20
14 4
15 25
16 17
17 28
18 15
19 29
20 19
21 8
22 27
23 10
24 21
25 23
26 16
27 13
28 14
29 12
SIMILAR

17 7 18 26 13 29 15 5 23 0 11 25 16 10 12 2 21 22 24 19 6 4 1 28 8 20 9 3 27 14 
0 9
1 22
2 15
3 27
4 21
5 7
6 20
7 1
8 24
9 26
10 13
11 10
12 14
13 4
14 29
15 6
16 12
17 0
18 2
19 19
20 25
21 16
22 17
23 8
24 18
25 11
26 3
27 28
28 23
29 5
SIMILAR

7 12 5 18 15 14 22 29 24 10 28 9 23 6 3 21 13 0 1 19 27 2 8 4 25 11 16 26 17 20 
0 17
1 18
2 21
3 14
4 23
5 2
6 13
7 0
8 22
9 11
10 9
11 25
12 1
13 16
14 5
15 4
16 26
17 28
18 3
19 19
20 29
21 15
22 6
23 12
24 8
25 24
26 27
27 20
28 10
29 7
SIMILAR

9 23 6 22 14 2 28 10 12 1 18 27 15 24 7 0 19 26 11 3 20 21 4 16 8 25 17 13 29 5 
0 15
1 9
2 5
3 19
4 22
5 29
6 2
7 14
8 24
9 0
10 7
11 18
12 8
13 27
14 4
15 12
16 23
17 26
18 10
19 16
20 20
21 21
22 3
23 1
24 13
25 25
26 17
27 11
28 6
29 28
SIMILAR

28 17 15 1 7 19 2 18 24 22 23 9 12 27 21 25 6 8 26 29 20 10 16 13 14 5 4 11 3 0 
0 29
1 3
2 6
3 28
4 26
5 25
6 16
7 4
8 17
9 11
10 21
11 27
12 12
13 23
14 24
15 2
16 22
17 1
18 7
19 5
20 20
21 14
22 9
23 10
24 8
25 15
26 18
27 13
28 0
29 19
SIMILAR

10 22 8 19 20 7 4 2 3 15 21 24 6 1 0 11 29 25 12 13 5 23 28 17 9 26 14 16 18 27 
0 14
1 13
2 7
3 8
4 6
5 20
6 12
7 5
8 2
9 24
10 0
11 15
12 18
13 19
14 26
15 9
16 27
17 23
18 28
19 3
20 4
21 10
22 1
23 21
24 11
25 17
26 25
27 29
28 22
29 16
SIMILAR

29 12 24 20 22 0 7 3 10 9 11 4 27 13 8 19 18 23 6 16 2 26 14 17 21 15 25 5 1 28 
0 5
1 28
2 20
3 7
4 11
5 27
6 18
7 6
8 14
9 9
10 8
11 10
12 1
13 13
14 22
15 25
16 19
17 23
18 16
19 15
20 3
21 24
22 4
23 17
24 2
25 26
26 21
27 12
28 29
29 0
SIMILAR

3 16 23 26 5 4 1 28 18 7 11 25 8 29 19 20 2 24 10 9 21 17 15 12 13 14 22 0 27 6 
0 27
1 6
2 16
3 0
4 5
5 4
6 29
7 9
8 12
9 19
10 18
11 10
12 23
13 24
14 25
15 22
16 1
17 21
18 8
19 14
20 15
21 20
22 26
23 2
24 17
25 11
26 3
27 28
28 7
29 13
SIMILAR

0 18 28 27 11 1 23 12 4 3 14 19 16 29 9 6 13 17 21 7 20 22 10 5 26 2 15 8 24 25 
0 0
1 5
2 25
3 9
4 8
5 23
6 15
7 19
8 27
9 14
10 22
11 4
12 7
13 16
14 10
15 26
16 12
17 17
18 1
19 11
20 20
21 18
22 21
23 6
24 28
25 29
26 24
27 3
28 2
29 13
SIMILAR

6 20 2 13 12 8 29 3 22 9 28 16 11 5 0 17 19 1 18 15 10 4 7 25 26 24 14 23 21 27 
0 14
1 17
2 2
3 7
4 21
5 13
6 0
7 22
8 5
9 9
10 20
11 12
12 4
13 3
14 26
15 19
16 11
17 15
18 18
19 16
20 1
21 28
22 8
23 27
24 25
25 23
26 24
27 29
28 10
29 6
SIMILAR

8 0 20 1 28 21 26 25 29 19 15 10 23 4 16 12 3 17 11 6 14 22 13 7 9 27 5 2 18 24 
0 1
1 3
2 27
3 16
4 13
5 26
6 19
7 23
8 0
9 24
10 11
11 18
12 15
13 22
14 20
15 10
16 14
17 17
18 28
19 9
20 2
21 5
22 21
23 12
24 29
25 7
26 6
27 25
28 4
29 8
SIMILAR

15 27 10 7 9 24 11 22 28 17 5 1 18 8 25 16 26 20 4 0 29 23 14 21 2 3 6 19 12 13 
0 19
1 11
2 24
3 25
4 18
5 10
6 26
7 3
8 13
9 4
10 2
11 6
12 28
13 29
14 22
15 0
16 15
17 9
18 12
19 27
20 17
21 23
22 7
23 21
24 5
25 14
26 16
27 1
28 8
29 20
SIMILAR

4 13 29 15 17 9 12 8 5 26 28 23 20 18 24 22 6 0 1 21 3 19 16 11 14 25 10 7 27 2 
0 17
1 18
2 29
3 20
4 0
5 8
6 16
7 27
8 7
9 5
10 26
11 23
12 6
13 1
14 24
15 3
16 22
17 4
18 13
19 21
20 12
21 19
22 15
23 11
24 14
25 25
26 9
27 28
28 10
29 2
SIMILAR

7 13 28 1 19 17 20 27 24 29 18 16 5 11 10 22 6 23 2 25 14 21 0 15 26 4 8 12 3 9 
0 22
1 3
2 18
3 28
4 25
5 12
6 16
7 0
8 26
9 29
10 14
11 13
12 27
13 1
14 20
15 23
16 11
17 5
18 10
19 4
20 6
21 21
22 15
23 17
24 8
25 19
26 24
27 7
28 2
29 9
SIMILAR

24 19 28 26 11 0 25 18 15 5 2 27 4 3 7 20 21 13 6 8 14 10 22 1 12 17 29 9 16 23 
0 5
1 23
2 10
3 13
4 12
5 9
6 18
7 14
8 19
9 27
10 21
11 4
12 24
13 17
14 20
15 8
16 28
17 25
18 7
19 1
20 15
21 16
22 22
23 29
24 0
25 6
26 3
27 11
28 2
29 26
SIMILAR

22 5 16 23 8 24 6 27 0 26 12 29 15 3 10 13 17 2 28 1 20 4 9 7 25 21 14 18 19 11 
0 8
1 19
2 17
3 13
4 21
5 1
6 6
7 23
8 4
9 22
10 14
11 29
12 10
13 15
14 26
15 12
16 2
17 16
18 27
19 28
20 20
21 25
22 0
23 3
24 5
25 24
26 9
27 7
28 18
29 11
SIMILAR

0 24 21 15 20 1 16 5 19 28 3 12 17 9 2 7 25 4 14 8 27 13 29 26 18 11 22 23 6 10 
0 0
1 5
2 14
3 10
4 17
5 7
6 28
7 15
8 19
9 13
10 29
11 25
12 11
13 21
14 18
15 3
16 6
17 12
18 24
19 8
20 4
21 2
22 26
23 27
24 1
25 16
26 23
27 20
28 9
29 22
SIMILAR

26 22 24 1 11 19 12 9 2 5 13 0 29 10 4 27 7 14 8 18 17 3 15 28 23 20 6 25 21 16 
0 11
1 3
2 8
3 21
4 14
5 9
6 26
7 16
8 18
9 7
10 13
11 4
12 6
13 10
14 17
15 22
16 29
17 20
18 19
19 5
20 25
21 28
22 1
23 24
24 2
25 27
26 0
27 15
28 23
29 12
SIMILAR

28 9 21 5 29 16 8 15 1 10 3 13 27 23 14 26 2 4 24 18 7 17 19 12 0 22 25 20 11 6 
0 24
1 8
2 16
3 10
4 17
5 3
6 29
7 20
8 6
9 1
10 9
11 28
12 23
13 11
14 14
15 7
16 5
17 21
18 19
19 22
20 27
21 2
22 25
23 13
24 18
25 26
26 15
27 12
28 0
29 4
SIMILAR

9 14 8 1 22 11 24 28 29 7 23 18 20 16 15 27 6 21 5 10 17 12 0 3 26 25 2 4 19 13 
0 22
1 3
2 26
3 23
4 27
5 18
6 16
7 9
8 2
9 0
10 19
11 5
12 21
13 29
14 1
15 14
16 13
17 20
18 11
19 28
20 12
21 17
22 4
23 10
24 6
25 25
26 24
27 15
28 7
29 8
SIMILAR

3 1 28 4 22 8 19 26 25 23 12 15 17 7 0 2 29 11 18 16 21 5 13 10 6 24 20 27 9 14 
0 14
1 1
2 15
3 0
4 3
5 21
6 24
7 13
8 5
9 28
10 23
11 17
12 10
13 22
14 29
15 11
16 19
17 12
18 18
19 6
20 26
21 20
22 4
23 9
24 25
25 8
26 7
27 27
28 2
29 16
SIMILAR

25 18 7 26 12 23 5 28 24 2 19 27 11 13 14 21 22 17 3 10 8 6 15 9 1 29 4 0 20 16 
0 27
1 24
2 9
3 18
4 26
5 6
6 21
7 2
8 20
9 23
10 19
11 12
12 4
13 13
14 14
15 22
16 29
17 17
18 1
19 10
20 28
21 15
22 16
23 5
24 8
25 0
26 3
27 11
28 7
29 25
SIMILAR

0 17 14 18 2 10 12 4 29 16 13 8 22 11 1 6 27 7 9 19 15 3 20 25 23 21 28 5 24 26 
0 0
1 14
2 4
3 21
4 7
5 27
6 15
7 17
8 11
9 18
10 5
11 13
12 6
13 10
14 2
15 20
16 9
17 1
18 3
19 19
20 22
21 25
22 12
23 24
24 28
25 23
26 29
27 16
28 26
29 8
SIMILAR

16 9 15 0 26 10 12 19 4 2 11 20 21 13 27 17 7 28 29 8 6 1 18 23 14 22 3 24 25 5 
0 3
1 21
2 9
3 26
4 8
5 29
6 20
7 16
8 19
9 1
10 5
11 10
12 6
13 13
14 24
15 2
16 0
17 15
18 22
19 7
20 11
21 12
22 25
23 23
24 27
25 28
26 4
27 14
28 17
29 18
SIMILAR

17 8 15 14 25 12 6 4 2 7 26 10 3 23 20 19 22 11 24 16 0 1 9 27 5 13 29 28 18 21 
0 20
1 21
2 8
3 12
4 7
5 24
6 6
7 9
8 1
9 22
10 11
11 17
12 5
13 25
14 3
15 2
16 19
17 0
18 28
19 15
20 14
21 29
22 16
23 13
24 18
25 4
26 10
27 23
28 27
29 26
SIMILAR

26 0 18 24 7 17 22 11 12 21 16 9 19 1 29 10 25 13 23 6 15 27 5 2 3 8 14 4 20 28 
0 1
1 13
2 23
3 24
4 27
5 22
6 19
7 4
8 25
9 11
10 15
11 7
12 8
13 17
14 26
15 20
16 10
17 5
18 2
19 12
20 28
21 9
22 6
23 18
24 3
25 16
26 0
27 21
28 29
29 14
SIMILAR

13 4 6 23 20 9 7 14 8 17 10 28 25 21 27 12 11 0 16 26 5 15 19 18 24 1 2 3 29 22 
0 17
1 25
2 26
3 27
4 1
5 20
6 2
7 6
8 8
9 5
10 10
11 16
12 15
13 0
14 7
15 21
16 18
17 9
18 23
19 22
20 4
21 13
22 29
23 3
24 24
25 12
26 19
27 14
28 11
29 28
SIMILAR

2 14 3 26 1 24 4 7 8 10 22 28 9 5 27 23 15 12 16 19 13 25 11 18 6 29 20 17 0 21 
0 28
1 4
2 0
3 2
4 6
5 13
6 24
7 7
8 8
9 12
10 9
11 22
12 17
13 20
14 1
15 16
16 18
17 27
18 23
19 19
20 26
21 29
22 10
23 15
24 5
25 21
26 3
27 14
28 11
29 25
SIMILAR

4 1 11 5 6 7 10 2 28 14 15 21 23 29 13 27 25 0 3 8 24 16 17 12 19 18 26 22 20 9 
0 17
1 1
2 7
3 18
4 0
5 3
6 4
7 5
8 19
9 29
10 6
11 2
12 23
13 14
14 9
15 10
16 21
17 22
18 25
19 24
20 28
21 11
22 27
23 12
24 20
25 16
26 26
27 15
28 8
29 13
SIMILAR

5 21 3 9 26 11 0 14 12 13 7 25 22 2 28 1 23 8 16 20 19 27 10 18 15 4 17 24 29 6 
0 6
1 15
2 13
3 2
4 25
5 0
6 29
7 10
8 17
9 3
10 22
11 5
12 8
13 9
14 7
15 24
16 18
17 26
18 23
19 20
20 19
21 1
22 12
23 16
24 27
25 11
26 4
27 21
28 14
29 28
SIMILAR

0 15 3 13 8 29 27 7 22 25 2 18 21 24 16 1 9 23 5 6 19 4 20 11 26 17 14 10 28 12 
0 0
1 15
2 10
3 2
4 21
5 18
6 19
7 7
8 4
9 16
10 27
11 23
12 29
13 3
14 26
15 1
16 14
17 25
18 11
19 20
20 22
21 12
22 8
23 17
24 13
25 9
26 24
27 6
28 28
29 5
SIMILAR

13 14 10 26 25 7 12 22 2 4 1 28 17 0 3 11 29 15 19 18 16 8 20 9 24 5 6 21 27 23 
0 13
1 10
2 8
3 14
4 9
5 25
6 26
7 5
8 21
9 23
10 2
11 15
12 6
13 0
14 1
15 17
16 20
17 12
18 19
19 18
20 22
21 27
22 7
23 29
24 24
25 4
26 3
27 28
28 11
29 16
SIMILAR

14 9 10 17 16 15 27 13 11 23 5 3 24 6 20 8 1 21 22 26 0 18 25 2 19 4 29 7 28 12 
0 20
1 16
2 23
3 11
4 25
5 10
6 13
7 27
8 15
9 1
10 2
11 8
12 29
13 7
14 0
15 5
16 4
17 3
18 21
19 24
20 14
21 17
22 18
23 9
24 12
25 22
26 19
27 6
28 28
29 26
SIMILAR

24 21 2 11 29 17 27 9 10 15 6 28 26 7 25 13 5 18 12 3 22 20 8 19 0 23 14 1 16 4 
0 24
1 27
2 2
3 19
4 29
5 16
6 10
7 13
8 22
9 7
10 8
11 3
12 18
13 15
14 26
15 9
16 28
17 5
18 17
19 23
20 21
21 1
22 20
23 25
24 0
25 14
26 12
27 6
28 11
29 4
SIMILAR

20 14 1 15 12 22 5 17 4 0 3 26 29 6 16 19 27 11 2 25 7 28 10 18 13 8 24 9 21 23 
0 9
1 2
2 18
3 10
4 8
5 6
6 13
7 20
8 25
9 27
10 22
11 17
12 4
13 24
14 1
15 3
16 14
17 7
18 23
19 15
20 0
21 28
22 5
23 29
24 26
25 19
26 11
27 16
28 21
29 12
SIMILAR

10 8 4 28 3 19 26 6 18 21 25 29 22 1 2 16 0 7 11 17 23 15 20 9 13 5 27 14 12 24 
0 16
1 13
2 14
3 4
4 2
5 25
6 7
7 17
8 1
9 23
10 0
11 18
12 28
13 24
14 27
15 21
16 15
17 19
18 8
19 5
20 22
21 9
22 12
23 20
24 29
25 10
26 6
27 26
28 3
29 11
SIMILAR

26 6 28 1 14 21 3 27 5 24 11 8 13 10 20 18 9 12 16 17 2 23 22 19 7 0 29 25 15 4 
0 25
1 3
2 20
3 6
4 29
5 8
6 1
7 24
8 11
9 16
10 13
11 10
12 17
13 12
14 4
15 28
16 18
17 19
18 15
19 23
20 14
21 5
22 22
23 21
24 9
25 27
26 0
27 7
28 2
29 26
SIMILAR

6 4 23 18 16 10 29 7 19 8 14 13 15 0 22 12 28 9 11 24 26 5 1 17 25 3 21 27 20 2 
0 13
1 22
2 29
3 25
4 1
5 21
6 0
7 7
8 9
9 17
10 5
11 18
12 15
13 11
14 10
15 12
16 4
17 23
18 3
19 8
20 28
21 26
22 14
23 2
24 19
25 24
26 20
27 27
28 16
29 6
SIMILAR

10 2 6 18 9 27 3 26 20 22 17 4 28 12 5 25 8 19 16 11 14 21 23 0 13 7 24 29 1 15 
0 23
1 28
2 1
3 6
4 11
5 14
6 2
7 25
8 16
9 4
10 0
11 19
12 13
13 24
14 20
15 29
16 18
17 10
18 3
19 17
20 8
21 21
22 9
23 22
24 26
25 15
26 7
27 5
28 12
29 27
SIMILAR

20 27 26 15 7 10 18 19 8 11 21 1 22 12 16 2 24 14 4 17 13 25 6 23 29 9 5 0 3 28 
0 27
1 11
2 15
3 28
4 18
5 26
6 22
7 4
8 8
9 25
10 5
11 9
12 13
13 20
14 17
15 3
16 14
17 19
18 6
19 7
20 0
21 10
22 12
23 23
24 16
25 21
26 2
27 1
28 29
29 24
SIMILAR

19 8 16 15 4 20 21 27 22 12 5 25 18 28 6 3 11 14 24 2 17 9 1 10 13 0 29 26 23 7 
0 25
1 22
2 19
3 15
4 4
5 10
6 14
7 29
8 1
9 21
10 23
11 16
12 9
13 24
14 17
15 3
16 2
17 20
18 12
19 0
20 5
21 6
22 8
23 28
24 18
25 11
26 27
27 7
28 13
29 26
SIMILAR

25 9 15 1 13 20 28 14 23 11 6 12 10 19 2 8 29 0 4 24 18 7 21 26 22 3 16 17 27 5 
0 17
1 3
2 14
3 25
4 18
5 29
6 10
7 21
8 15
9 1
10 12
11 9
12 11
13 4
14 7
15 2
16 26
17 27
18 20
19 13
20 5
21 22
22 24
23 8
24 19
25 0
26 23
27 28
28 6
29 16
SIMILAR

11 23 2 19 16 9 3 29 24 27 6 28 14 22 10 21 4 18 8 0 12 17 7 13 25 20 15 5 1 26 
0 19
1 28
2 2
3 6
4 16
5 27
6 10
7 22
8 18
9 5
10 14
11 0
12 20
13 23
14 12
15 26
16 4
17 21
18 17
19 3
20 25
21 15
22 13
23 1
24 8
25 24
26 29
27 9
28 11
29 7
SIMILAR

11 21 18 15 26 1 6 9 17 22 12 14 28 10 2 23 13 25 3 29 24 0 7 19 5 16 4 27 8 20 
0 21
1 5
2 14
3 18
4 26
5 24
6 6
7 22
8 28
9 7
10 13
11 0
12 10
13 16
14 11
15 3
16 25
17 8
18 2
19 23
20 29
21 1
22 9
23 15
24 20
25 17
26 4
27 27
28 12
29 19
SIMILAR

26 25 13 7 9 14 6 28 17 2 11 10 3 12 20 0 24 19 15 29 16 18 8 27 22 5 4 21 23 1 
0 15
1 29
2 9
3 12
4 26
5 25
6 6
7 3
8 22
9 4
10 11
11 10
12 13
13 2
14 5
15 18
16 20
17 8
18 21
19 17
20 14
21 27
22 24
23 28
24 16
25 1
26 0
27 23
28 7
29 19
SIMILAR

26 9 10 27 5 15 8 18 25 6 11 17 20 1 7 24 29 2 22 0 19 3 12 23 16 28 21 4 14 13 
0 19
1 13
2 17
3 21
4 27
5 4
6 9
7 14
8 6
9 1
10 2
11 10
12 22
13 29
14 28
15 5
16 24
17 11
18 7
19 20
20 12
21 26
22 18
23 23
24 15
25 8
26 0
27 3
28 25
29 16
SIMILAR

7 15 19 3 18 4 5 13 8 2 29 21 17 28 27 22 24 14 1 20 25 16 6 26 23 11 0 9 12 10 
0 26
1 18
2 9
3 3
4 5
5 6
6 22
7 0
8 8
9 27
10 29
11 25
12 28
13 7
14 17
15 1
16 21
17 12
18 4
19 2
20 19
21 11
22 15
23 24
24 16
25 20
26 23
27 14
28 13
29 10
SIMILAR

24 28 26 18 17 25 16 4 27 9 1 3 14 21 19 20 0 29 12 15 6 2 22 8 10 7 13 5 23 11 
0 16
1 10
2 21
3 11
4 7
5 27
6 20
7 25
8 23
9 9
10 24
11 29
12 18
13 26
14 12
15 19
16 6
17 4
18 3
19 14
20 15
21 13
22 22
23 28
24 0
25 5
26 2
27 8
28 1
29 17
SIMILAR

24 7 13 0 2 29 23 17 16 5 10 25 4 26 21 12 11 9 28 6 22 14 8 3 15 27 1 20 19 18 
0 3
1 26
2 4
3 23
4 12
5 9
6 19
7 1
8 22
9 17
10 10
11 16
12 15
13 2
14 21
15 24
16 8
17 7
18 29
19 28
20 27
21 14
22 20
23 6
24 0
25 11
26 13
27 25
28 18
29 5
SIMILAR

2 24 12 29 20 22 15 28 9 21 7 0 3 13 19 1 23 11 16 17 5 8 4 18 6 14 10 25 27 26 
0 11
1 15
2 0
3 12
4 22
5 20
6 24
7 10
8 21
9 8
10 26
11 17
12 2
13 13
14 25
15 6
16 18
17 19
18 23
19 14
20 4
21 9
22 5
23 16
24 1
25 27
26 29
27 28
28 7
29 3
SIMILAR

20 4 24 18 17 25 6 28 16 19 8 26 5 27 22 2 13 11 3 15 7 9 10 0 14 1 12 23 29 21 
0 23
1 25
2 15
3 18
4 1
5 12
6 6
7 20
8 10
9 21
10 22
11 17
12 26
13 16
14 24
15 19
16 8
17 4
18 3
19 9
20 0
21 29
22 14
23 27
24 2
25 5
26 11
27 13
28 7
29 28
SIMILAR

0 27 8 14 25 2 9 21 17 6 15 3 26 16 18 20 23 10 7 11 28 12 24 19 1 4 22 5 29 13 
0 0
1 24
2 5
3 11
4 25
5 27
6 9
7 18
8 2
9 6
10 17
11 19
12 21
13 29
14 3
15 10
16 13
17 8
18 14
19 23
20 15
21 7
22 26
23 16
24 22
25 4
26 12
27 1
28 20
29 28
SIMILAR

2 27 3 14 13 29 19 7 17 0 24 23 9 26 4 18 25 11 16 12 22 10 5 20 8 21 15 1 28 6 
0 9
1 27
2 0
3 2
4 14
5 22
6 29
7 7
8 24
9 12
10 21
11 17
12 19
13 4
14 3
15 26
16 18
17 8
18 15
19 6
20 23
21 25
22 20
23 11
24 10
25 16
26 13
27 1
28 28
29 5
SIMILAR

14 10 17 24 7 26 29 15 22 28 20 25 18 27 2 3 11 4 13 21 16 23 5 9 1 19 0 12 8 6 
0 26
1 24
2 14
3 15
4 17
5 22
6 29
7 4
8 28
9 23
10 1
11 16
12 27
13 18
14 0
15 7
16 20
17 2
18 12
19 25
20 10
21 19
22 8
23 21
24 3
25 11
26 5
27 13
28 9
29 6
SIMILAR

20 14 29 0 26 24 28 11 25 16 5 2 18 9 23 22 13 17 12 4 27 21 8 6 3 15 7 19 1 10 
0 3
1 28
2 11
3 24
4 19
5 10
6 23
7 26
8 22
9 13
10 29
11 7
12 18
13 16
14 1
15 25
16 9
17 17
18 12
19 27
20 0
21 21
22 15
23 14
24 5
25 8
26 4
27 20
28 6
29 2
SIMILAR

16 14 12 27 20 13 2 26 0 5 15 6 19 18 28 4 24 23 1 10 25 17 7 9 8 11 29 3 22 21 
0 8
1 18
2 6
3 27
4 15
5 9
6 11
7 22
8 24
9 23
10 19
11 25
12 2
13 5
14 1
15 10
16 0
17 21
18 13
19 12
20 4
21 29
22 28
23 17
24 16
25 20
26 7
27 3
28 14
29 26
SIMILAR

24 17 16 28 15 14 20 8 22 3 11 21 1 25 18 19 29 12 4 6 26 9 2 23 0 5 10 27 7 13 
0 24
1 12
2 22
3 9
4 18
5 25
6 19
7 28
8 7
9 21
10 26
11 10
12 17
13 29
14 5
15 4
16 2
17 1
18 14
19 15
20 6
21 11
22 8
23 23
24 0
25 13
26 20
27 27
28 3
29 16
SIMILAR

17 10 4 5 16 8 13 28 3 2 11 19 23 14 25 15 29 0 21 24 26 18 22 12 20 1 6 7 27 9 
0 17
1 25
2 9
3 8
4 2
5 3
6 26
7 27
8 5
9 29
10 1
11 10
12 23
13 6
14 13
15 15
16 4
17 0
18 21
19 11
20 24
21 18
22 22
23 12
24 19
25 14
26 20
27 28
28 7
29 16
SIMILAR

15 17 20 2 27 22 0 18 25 5 23 11 10 29 28 3 8 24 6 21 14 7 19 13 12 16 1 4 26 9 
0 6
1 26
2 3
3 15
4 27
5 9
6 18
7 21
8 16
9 29
10 12
11 11
12 24
13 23
14 20
15 0
16 25
17 1
18 7
19 22
20 2
21 19
22 5
23 10
24 17
25 8
26 28
27 4
28 14
29 13
SIMILAR

17 1 26 7 28 19 29 18 22 20 13 14 2 4 5 10 21 3 9 23 11 24 6 27 0 12 8 25 15 16 
0 24
1 1
2 12
3 17
4 13
5 14
6 22
7 3
8 26
9 18
10 15
11 20
12 25
13 10
14 11
15 28
16 29
17 0
18 7
19 5
20 9
21 16
22 8
23 19
24 21
25 27
26 2
27 23
28 4
29 6
SIMILAR

1 15 20 26 2 17 4 8 3 9 11 0 19 6 12 10 22 14 7 5 28 25 13 16 23 27 29 18 21 24 
0 11
1 0
2 4
3 8
4 6
5 19
6 13
7 18
8 7
9 9
10 15
11 10
12 14
13 22
14 17
15 1
16 23
17 5
18 27
19 12
20 2
21 28
22 16
23 24
24 29
25 21
26 3
27 25
28 20
29 26
SIMILAR

5 6 13 12 3 29 2 11 7 1 21 24 8 9 27 15 22 19 10 25 23 26 4 18 20 17 0 16 28 14 
0 26
1 9
2 6
3 4
4 22
5 0
6 1
7 8
8 12
9 13
10 18
11 7
12 3
13 2
14 29
15 15
16 27
17 25
18 23
19 17
20 24
21 10
22 16
23 20
24 11
25 19
26 21
27 14
28 28
29 5
SIMILAR

19 17 13 14 3 2 28 8 6 18 10 11 9 20 29 25 7 5 0 21 23 15 22 1 12 26 16 4 24 27 
0 18
1 23
2 5
3 4
4 27
5 17
6 8
7 16
8 7
9 12
10 10
11 11
12 24
13 2
14 3
15 21
16 26
17 1
18 9
19 0
20 13
21 19
22 22
23 20
24 28
25 15
26 25
27 29
28 6
29 14
SIMILAR

11 29 0 13 25 2 17 21 9 22 1 28 4 14 12 15 19 8 5 26 16 18 20 27 23 7 10 24 6 3 
0 2
1 10
2 5
3 29
4 12
5 18
6 28
7 25
8 17
9 8
10 26
11 0
12 14
13 3
14 13
15 15
16 20
17 6
18 21
19 16
20 22
21 7
22 9
23 24
24 27
25 4
26 19
27 23
28 11
29 1
SIMILAR

27 1 24 15 23 0 28 10 29 25 13 11 16 12 4 21 3 14 26 2 22 6 18 19 9 17 7 20 8 5 
0 5
1 1
2 19
3 16
4 14
5 29
6 21
7 26
8 28
9 24
10 7
11 11
12 13
13 10
14 17
15 3
16 12
17 25
18 22
19 23
20 27
21 15
22 20
23 4
24 2
25 9
26 18
27 0
28 6
29 8
SIMILAR

15 24 12 21 19 6 4 1 27 23 2 17 26 7 22 8 28 14 0 29 5 18 16 9 13 3 20 10 25 11 
0 18
1 7
2 10
3 25
4 6
5 20
6 5
7 13
8 15
9 23
10 27
11 29
12 2
13 24
14 17
15 0
16 22
17 11
18 21
19 4
20 26
21 3
22 14
23 9
24 1
25 28
26 12
27 8
28 16
29 19
SIMILAR

16 12 15 0 29 11 1 2 23 22 3 4 27 19 24 14 8 20 26 7 28 5 9 6 25 21 17 13 18 10 
0 3
1 6
2 7
3 10
4 11
5 21
6 23
7 19
8 16
9 22
10 29
11 5
12 1
13 27
14 15
15 2
16 0
17 26
18 28
19 13
20 17
21 25
22 9
23 8
24 14
25 24
26 18
27 12
28 20
29 4
SIMILAR

16 22 1 17 3 18 25 23 27 15 28 12 26 20 2 29 11 4 24 5 9 13 21 10 14 0 19 8 6 7 
0 25
1 2
2 14
3 4
4 17
5 19
6 28
7 29
8 27
9 20
10 23
11 16
12 11
13 21
14 24
15 9
16 0
17 3
18 5
19 26
20 13
21 22
22 1
23 7
24 18
25 6
26 12
27 8
28 10
29 15
SIMILAR

14 5 9 25 0 22 12 23 13 7 4 6 17 24 26 8 16 1 27 3 29 21 19 11 28 18 2 10 20 15 
0 4
1 17
2 26
3 19
4 10
5 1
6 11
7 9
8 15
9 2
10 27
11 23
12 6
13 8
14 0
15 29
16 16
17 12
18 25
19 22
20 28
21 21
22 5
23 7
24 13
25 3
26 14
27 18
28 24
29 20
SIMILAR

11 24 28 25 23 6 1 29 3 13 0 4 26 9 22 12 14 18 19 7 2 5 15 8 17 20 21 27 10 16 
0 10
1 6
2 20
3 8
4 11
5 21
6 5
7 19
8 23
9 13
10 28
11 0
12 15
13 9
14 16
15 22
16 29
17 24
18 17
19 18
20 25
21 26
22 14
23 4
24 1
25 3
26 12
27 27
28 2
29 7
SIMILAR

18 27 25 2 10 19 7 29 5 23 13 16 9 26 0 12 22 6 14 15 28 17 3 4 8 11 21 24 20 1 
0 14
1 29
2 3
3 22
4 23
5 8
6 17
7 6
8 24
9 12
10 4
11 25
12 15
13 10
14 18
15 19
16 11
17 21
18 0
19 5
20 28
21 26
22 16
23 9
24 27
25 2
26 13
27 1
28 20
29 7
SIMILAR

20 0 28 22 15 7 18 16 19 25 10 29 26 27 4 2 12 23 5 17 8 13 6 1 9 11 24 14 3 21 
0 1
1 23
2 15
3 28
4 14
5 18
6 22
7 5
8 20
9 24
10 10
11 25
12 16
13 21
14 27
15 4
16 7
17 19
18 6
19 8
20 0
21 29
22 3
23 17
24 26
25 9
26 12
27 13
28 2
29 11
SIMILAR

1 11 17 28 8 2 4 18 15 22 0 14 3 20 26 27 12 5 7 6 24 9 25 10 16 19 23 29 21 13 
0 10
1 0
2 5
3 12
4 6
5 17
6 19
7 18
8 4
9 21
10 23
11 1
12 16
13 29
14 11
15 8
16 24
17 2
18 7
19 25
20 13
21 28
22 9
23 26
24 20
25 22
26 14
27 15
28 3
29 27
SIMILAR

1 24 9 10 25 20 15 17 29 27 5 19 13 3 21 26 8 18 11 22 14 28 0 6 2 7 23 4 16 12 
0 22
1 0
2 24
3 13
4 27
5 10
6 23
7 25
8 16
9 2
10 3
11 18
12 29
13 12
14 20
15 6
16 28
17 7
18 17
19 11
20 5
21 14
22 19
23 26
24 1
25 4
26 15
27 9
28 21
29 8
SIMILAR

14 4 24 27 22 0 6 17 7 23 16 5 18 15 12 1 8 3 2 11 25 21 9 28 19 26 20 29 13 10 
0 5
1 15
2 18
3 17
4 1
5 11
6 6
7 8
8 16
9 22
10 29
11 19
12 14
13 28
14 0
15 13
16 10
17 7
18 12
19 24
20 26
21 21
22 4
23 9
24 2
25 20
26 25
27 3
28 23
29 27
SIMILAR

23 4 18 1 26 13 5 21 19 25 6 11 7 28 12 15 2 20 16 10 8 24 9 17 22 3 27 0 29 14 
0 27
1 3
2 16
3 25
4 1
5 6
6 10
7 12
8 20
9 22
10 19
11 11
12 14
13 5
14 29
15 15
16 18
17 23
18 2
19 8
20 17
21 7
22 24
23 0
24 21
25 9
26 4
27 26
28 13
29 28
SIMILAR

8 20 19 27 14 28 9 4 15 7 22 12 23 18 10 17 24 26 6 25 29 1 13 5 3 2 21 16 0 11 
0 28
1 21
2 25
3 24
4 7
5 23
6 18
7 9
8 0
9 6
10 14
11 29
12 11
13 22
14 4
15 8
16 27
17 15
18 13
19 2
20 1
21 26
22 10
23 12
24 16
25 19
26 17
27 3
28 5
29 20
SIMILAR

19 1 11 0 15 20 29 22 9 2 21 3 6 24 16 26 17 25 18 5 10 13 7 27 23 4 8 14 12 28 
0 3
1 1
2 9
3 11
4 25
5 19
6 12
7 22
8 26
9 8
10 20
11 2
12 28
13 21
14 27
15 4
16 14
17 16
18 18
19 0
20 5
21 10
22 7
23 24
24 13
25 17
26 15
27 23
28 29
29 6
SIMILAR

27 5 20 6 9 22 1 25 4 0 26 19 12 28 16 10 24 17 18 2 21 13 14 15 8 29 23 11 3 7 
0 9
1 6
2 19
3 28
4 8
5 1
6 3
7 29
8 24
9 4
10 15
11 27
12 12
13 21
14 22
15 23
16 14
17 17
18 18
19 11
20 2
21 20
22 5
23 26
24 16
25 7
26 10
27 0
28 13
29 25
SIMILAR

3 7 13 26 21 28 15 29 18 19 24 14 8 11 5 17 25 6 1 4 16 12 22 20 23 10 2 9 0 27 
0 28
1 18
2 26
3 0
4 19
5 14
6 17
7 1
8 12
9 27
10 25
11 13
12 21
13 2
14 11
15 6
16 20
17 15
18 8
19 9
20 23
21 4
22 22
23 24
24 10
25 16
26 3
27 29
28 5
29 7
SIMILAR

2 29 24 4 12 23 22 21 5 10 15 14 13 6 17 19 8 25 27 11 18 28 26 7 0 1 9 20 16 3 
0 24
1 25
2 0
3 29
4 3
5 8
6 13
7 23
8 16
9 26
10 9
11 19
12 4
13 12
14 11
15 10
16 28
17 14
18 20
19 15
20 27
21 7
22 6
23 5
24 2
25 17
26 22
27 18
28 21
29 1
SIMILAR

18 22 21 15 13 20 19 4 16 2 3 11 23 24 1 0 26 5 7 25 29 8 6 12 14 28 17 27 9 10 
0 15
1 14
2 9
3 10
4 7
5 17
6 22
7 18
8 21
9 28
10 29
11 11
12 23
13 4
14 24
15 3
16 8
17 26
18 0
19 6
20 5
21 2
22 1
23 12
24 13
25 19
26 16
27 27
28 25
29 20
SIMILAR

14 20 12 0 1 19 26 29 23 2 3 24 27 28 10 6 9 25 21 16 7 17 11 5 4 18 15 13 22 8 
0 3
1 4
2 9
3 10
4 24
5 23
6 15
7 20
8 29
9 16
10 14
11 22
12 2
13 27
14 0
15 26
16 19
17 21
18 25
19 5
20 1
21 18
22 28
23 8
24 11
25 17
26 6
27 12
28 13
29 7
SIMILAR

0 9 20 8 27 4 16 24 15 1 22 23 7 21 5 6 28 19 29 11 25 13 10 14 3 26 12 18 17 2 
0 0
1 9
2 29
3 24
4 5
5 14
6 15
7 12
8 3
9 1
10 22
11 19
12 26
13 21
14 23
15 8
16 6
17 28
18 27
19 17
20 2
21 13
22 10
23 11
24 7
25 20
26 25
27 4
28 16
29 18
SIMILAR

16 14 29 2 22 6 1 19 7 10 23 26 25 12 3 4 27 13 8 0 20 5 11 28 24 9 15 18 17 21 
0 19
1 6
2 3
3 14
4 15
5 21
6 5
7 8
8 18
9 25
10 9
11 22
12 13
13 17
14 1
15 26
16 0
17 28
18 27
19 7
20 20
21 29
22 4
23 10
24 24
25 12
26 11
27 16
28 23
29 2
SIMILAR

9 11 17 23 12 21 29 14 20 28 1 8 10 25 18 0 19 26 27 3 24 6 4 7 2 16 22 15 5 13 
0 15
1 10
2 24
3 19
4 22
5 28
6 21
7 23
8 11
9 0
10 12
11 1
12 4
13 29
14 7
15 27
16 25
17 2
18 14
19 16
20 8
21 5
22 26
23 3
24 20
25 13
26 17
27 18
28 9
29 6
SIMILAR

27 6 10 20 0 16 23 9 15 18 13 3 8 21 19 14 26 17 22 28 2 25 1 29 11 12 7 24 5 4 
0 4
1 22
2 20
3 11
4 29
5 28
6 1
7 26
8 12
9 7
10 2
11 24
12 25
13 10
14 15
15 8
16 5
17 17
18 9
19 14
20 3
21 13
22 18
23 6
24 27
25 21
26 16
27 0
28 19
29 23
SIMILAR

5 20 4 19 27 12 21 9 1 29 17 2 18 7 24 25 26 10 0 16 28 3 23 22 8 11 6 13 15 14 
0 18
1 8
2 11
3 21
4 2
5 0
6 26
7 13
8 24
9 7
10 17
11 25
12 5
13 27
14 29
15 28
16 19
17 10
18 12
19 3
20 1
21 6
22 23
23 22
24 14
25 15
26 16
27 4
28 20
29 9
SIMILAR
100 0
900 0
260900 0
