30
0 1 0 1 1 1 0 0 0 0 1 1 1 1 1 0 0 1 1 0 1 1 0 1 1 0 0 0 0 0 
1 0 0 0 0 1 0 1 1 0 1 1 1 0 1 1 1 1 0 1 1 0 0 1 1 1 1 0 0 1 
0 0 0 1 0 0 0 1 0 0 1 0 1 1 1 0 0 1 0 1 0 1 0 1 0 0 0 0 0 0 
1 0 1 0 1 0 0 0 1 1 1 1 0 0 1 1 1 1 1 0 1 0 0 1 0 1 0 1 1 1 
1 0 0 1 0 0 1 1 1 1 0 1 0 1 1 0 0 0 0 0 1 1 1 1 1 0 1 1 1 0 
1 1 0 0 0 0 1 1 0 0 1 1 0 0 1 1 0 0 0 1 1 0 1 0 0 1 0 1 1 1 
0 0 0 0 1 1 0 1 1 1 1 0 1 1 1 0 0 1 0 0 1 1 1 0 1 1 1 0 0 0 
0 1 1 0 1 1 1 0 1 1 1 1 1 1 0 0 0 0 0 0 0 0 1 1 0 1 1 0 1 1 
0 1 0 1 1 0 1 1 0 1 1 0 1 1 1 1 0 1 0 1 1 0 0 0 0 1 1 1 1 1 
0 0 0 1 1 0 1 1 1 0 1 1 1 0 0 0 0 0 1 1 0 1 0 0 1 0 0 1 1 0 
1 1 1 1 0 1 1 1 1 1 0 1 0 1 0 1 1 0 0 1 0 1 0 0 0 1 1 1 0 1 
1 1 0 1 1 1 0 1 0 1 1 0 0 0 1 1 0 1 0 0 0 0 1 1 0 0 0 1 1 0 
1 1 1 0 0 0 1 1 1 1 0 0 0 1 0 1 0 1 0 1 1 1 0 0 1 0 0 1 1 1 
1 0 1 0 1 0 1 1 1 0 1 0 1 0 0 1 1 1 1 1 1 1 1 0 0 0 1 1 0 0 
1 1 1 1 1 1 1 0 1 0 0 1 0 0 0 1 0 0 1 1 0 1 0 0 0 0 1 1 0 1 
0 1 0 1 0 1 0 0 1 0 1 1 1 1 1 0 1 0 0 1 1 1 0 1 0 1 0 0 1 0 
0 1 0 1 0 0 0 0 0 0 1 0 0 1 0 1 0 1 1 0 1 1 1 0 0 0 0 1 0 1 
1 1 1 1 0 0 1 0 1 0 0 1 1 1 0 0 1 0 1 1 1 1 0 1 0 1 1 1 0 0 
1 0 0 1 0 0 0 0 0 1 0 0 0 1 1 0 1 1 0 1 1 1 0 0 0 0 1 1 1 1 
0 1 1 0 0 1 0 0 1 1 1 0 1 1 1 1 0 1 1 0 1 1 0 1 0 0 1 0 0 1 
1 1 0 1 1 1 1 0 1 0 0 0 1 1 0 1 1 1 1 1 0 1 0 0 0 1 0 1 0 1 
1 0 1 0 1 0 1 0 0 1 1 0 1 1 1 1 1 1 1 1 1 0 0 1 0 0 0 1 1 0 
0 0 0 0 1 1 1 1 0 0 0 1 0 1 0 0 1 0 0 0 0 0 0 1 1 1 1 0 1 1 
1 1 1 1 1 0 0 1 0 0 0 1 0 0 0 1 0 1 0 1 0 1 1 0 1 0 0 1 1 1 
1 1 0 0 1 0 1 0 0 1 0 0 1 0 0 0 0 0 0 0 0 0 1 1 0 0 0 1 0 0 
0 1 0 1 0 1 1 1 1 0 1 0 0 0 0 1 0 1 0 0 1 0 1 0 0 0 0 1 0 1 
0 1 0 0 1 0 1 1 1 0 1 0 0 1 1 0 0 1 1 1 0 0 1 0 0 0 0 1 0 0 
0 0 0 1 1 1 0 0 1 1 1 1 1 1 1 0 1 1 1 0 1 1 0 1 1 1 1 0 1 0 
0 0 0 1 1 1 0 1 1 1 0 1 1 0 0 1 0 0 1 0 0 1 1 1 0 0 0 1 0 1 
0 1 0 1 0 1 0 1 1 0 1 0 1 0 1 0 1 0 1 1 1 0 1 1 0 1 0 0 1 0 

7 6 10 21 1 23 19 29 25 24 13 22 14 11 17 26 8 12 5 18 3 15 0 20 28 2 27 4 9 16 
0 22
1 4
2 25
3 20
4 27
5 18
6 1
7 0
8 16
9 28
10 2
11 13
12 17
13 10
14 12
15 21
16 29
17 14
18 19
19 6
20 23
21 3
22 11
23 5
24 9
25 8
26 15
27 26
28 24
29 7
SIMILAR

23 15 18 14 3 26 16 21 24 2 22 6 28 29 19 10 20 13 7 11 9 8 25 27 0 5 12 1 4 17 
0 24
1 27
2 9
3 4
4 28
5 25
6 11
7 18
8 21
9 20
10 15
11 19
12 26
13 17
14 3
15 1
16 6
17 29
18 2
19 14
20 16
21 7
22 10
23 0
24 8
25 22
26 5
27 23
28 12
29 13
SIMILAR

22 8 7 26 21 15 20 2 25 19 1 0 28 17 18 3 27 9 16 24 29 13 6 5 23 14 10 11 12 4 
0 11
1 10
2 7
3 15
4 29
5 23
6 22
7 2
8 1
9 17
10 26
11 27
12 28
13 21
14 25
15 5
16 18
17 13
18 14
19 9
20 6
21 4
22 0
23 24
24 19
25 8
26 3
27 16
28 12
29 20
SIMILAR

25 18 8 15 24 13 26 12 27 21 9 19 4 23 5 6 17 1 29 16 3 14 2 0 7 28 10 20 11 22 
0 23
1 17
2 22
3 20
4 12
5 14
6 15
7 24
8 2
9 10
10 26
11 28
12 7
13 5
14 21
15 3
16 19
17 16
18 1
19 11
20 27
21 9
22 29
23 13
24 4
25 0
26 6
27 8
28 25
29 18
SIMILAR

5 12 22 23 3 28 11 4 19 2 26 14 17 16 6 18 9 29 13 20 21 7 15 0 1 25 24 27 8 10 
0 23
1 24
2 9
3 4
4 7
5 0
6 14
7 21
8 28
9 16
10 29
11 6
12 1
13 18
14 11
15 22
16 13
17 12
18 15
19 8
20 19
21 20
22 2
23 3
24 26
25 25
26 10
27 27
28 5
29 17
SIMILAR

9 8 16 29 19 28 12 15 3 10 7 11 6 22 20 5 14 26 1 24 13 25 2 21 18 0 23 4 27 17 
0 25
1 18
2 22
3 8
4 27
5 15
6 12
7 10
8 1
9 0
10 9
11 11
12 6
13 20
14 16
15 7
16 2
17 29
18 24
19 4
20 14
21 23
22 13
23 26
24 19
25 21
26 17
27 28
28 5
29 3
SIMILAR

20 12 13 18 29 2 6 8 21 14 0 28 1 22 27 10 16 9 26 19 4 24 17 23 3 11 7 5 25 15 
0 10
1 12
2 5
3 24
4 20
5 27
6 6
7 26
8 7
9 17
10 15
11 25
12 1
13 2
14 9
15 29
16 16
17 22
18 3
19 19
20 0
21 8
22 13
23 23
24 21
25 28
26 18
27 14
28 11
29 4
SIMILAR

8 12 10 20 18 23 17 15 21 26 22 0 19 9 7 25 29 5 4 16 3 24 11 13 27 28 2 14 1 6 
0 11
1 28
2 26
3 20
4 18
5 17
6 29
7 14
8 0
9 13
10 2
11 22
12 1
13 23
14 27
15 7
16 19
17 6
18 4
19 12
20 3
21 8
22 10
23 5
24 21
25 15
26 9
27 24
28 25
29 16
SIMILAR

14 19 22 28 9 3 16 17 13 20 27 1 23 0 12 18 25 4 5 24 26 7 8 6 10 15 11 2 21 29 
0 13
1 11
2 27
3 5
4 17
5 18
6 23
7 21
8 22
9 4
10 24
11 26
12 14
13 8
14 0
15 25
16 6
17 7
18 15
19 1
20 9
21 28
22 2
23 12
24 19
25 16
26 20
27 10
28 3
29 29
SIMILAR

11 20 3 1 18 21 28 8 14 15 25 16 0 23 13 10 2 19 6 29 4 22 5 12 27 24 9 17 7 26 
0 12
1 3
2 16
3 2
4 20
5 22
6 18
7 28
8 7
9 26
10 15
11 0
12 23
13 14
14 8
15 9
16 11
17 27
18 4
19 17
20 1
21 5
22 21
23 13
24 25
25 10
26 29
27 24
28 6
29 19
SIMILAR

7 12 8 15 17 13 3 9 16 10 0 18 5 6 21 4 22 11 1 14 26 19 24 2 25 29 28 23 20 27 
0 10
1 18
2 23
3 6
4 15
5 12
6 13
7 0
8 2
9 7
10 9
11 17
12 1
13 5
14 19
15 3
16 8
17 4
18 11
19 21
20 28
21 14
22 16
23 27
24 22
25 24
26 20
27 29
28 26
29 25
SIMILAR

28 0 26 12 6 16 23 1 15 9 8 11 22 20 2 25 21 4 10 27 29 18 5 24 14 7 13 3 19 17 
0 1
1 7
2 14
3 27
4 17
5 22
6 4
7 25
8 10
9 9
10 18
11 11
12 3
13 26
14 24
15 8
16 5
17 29
18 21
19 28
20 13
21 16
22 12
23 6
24 23
25 15
26 2
27 19
28 0
29 20
SIMILAR

23 1 15 18 28 7 17 10 21 16 2 5 3 27 11 0 29 9 24 25 19 8 22 4 14 26 6 13 12 20 
0 15
1 1
2 10
3 12
4 23
5 11
6 26
7 5
8 21
9 17
10 7
11 14
12 28
13 27
14 24
15 2
16 9
17 6
18 3
19 20
20 29
21 8
22 22
23 0
24 18
25 19
26 25
27 13
28 4
29 16
SIMILAR

23 17 14 8 19 18 3 16 0 12 15 11 7 10 5 25 27 13 26 29 6 9 24 2 21 28 1 4 20 22 
0 8
1 26
2 23
3 6
4 27
5 14
6 20
7 12
8 3
9 21
10 13
11 11
12 9
13 17
14 2
15 10
16 7
17 1
18 5
19 4
20 28
21 24
22 29
23 0
24 22
25 15
26 18
27 16
28 25
29 19
SIMILAR

19 11 29 16 0 10 26 8 15 13 1 14 21 6 2 22 23 27 5 20 17 9 18 28 7 12 25 24 4 3 
0 4
1 10
2 14
3 29
4 28
5 18
6 13
7 24
8 7
9 21
10 5
11 1
12 25
13 9
14 11
15 8
16 3
17 20
18 22
19 0
20 19
21 12
22 15
23 16
24 27
25 26
26 6
27 17
28 23
29 2
SIMILAR

14 3 27 4 23 18 9 25 8 21 0 5 22 1 29 12 15 28 20 16 10 6 7 13 19 11 2 24 26 17 
0 10
1 13
2 26
3 1
4 3
5 11
6 21
7 22
8 8
9 6
10 20
11 25
12 15
13 23
14 0
15 16
16 19
17 29
18 5
19 24
20 18
21 9
22 12
23 4
24 27
25 7
26 28
27 2
28 17
29 14
SIMILAR

22 17 0 9 20 21 5 7 4 16 13 24 28 19 23 1 11 8 18 12 27 29 25 2 6 10 26 3 15 14 
0 2
1 15
2 23
3 27
4 8
5 6
6 24
7 7
8 17
9 3
10 25
11 16
12 19
13 10
14 29
15 28
16 9
17 1
18 18
19 13
20 4
21 5
22 0
23 14
24 11
25 22
26 26
27 20
28 12
29 21
SIMILAR

28 7 9 4 25 23 11 6 13 19 18 27 17 0 5 8 12 26 15 14 24 3 21 10 1 22 16 2 20 29 
0 13
1 24
2 27
3 21
4 3
5 14
6 7
7 1
8 15
9 2
10 23
11 6
12 16
13 8
14 19
15 18
16 26
17 12
18 10
19 9
20 28
21 22
22 25
23 5
24 20
25 4
26 17
27 11
28 0
29 29
SIMILAR

11 22 1 23 10 20 16 25 9 18 28 4 24 15 17 8 14 12 5 13 19 29 2 7 0 3 21 6 27 26 
0 24
1 2
2 22
3 25
4 11
5 18
6 27
7 23
8 15
9 8
10 4
11 0
12 17
13 19
14 16
15 13
16 6
17 14
18 9
19 20
20 5
21 26
22 1
23 3
24 12
25 7
26 29
27 28
28 10
29 21
SIMILAR

5 29 11 19 17 20 16 10 7 6 22 9 0 1 3 25 4 26 24 23 18 12 28 14 13 2 15 27 21 8 
0 12
1 13
2 25
3 14
4 16
5 0
6 9
7 8
8 29
9 11
10 7
11 2
12 21
13 24
14 23
15 26
16 6
17 4
18 20
19 3
20 5
21 28
22 10
23 19
24 18
25 15
26 17
27 27
28 22
29 1
SIMILAR

25 4 12 13 24 16 23 29 26 21 8 20 15 28 14 27 10 3 7 19 6 5 1 11 2 18 17 22 9 0 
0 29
1 22
2 24
3 17
4 1
5 21
6 20
7 18
8 10
9 28
10 16
11 23
12 2
13 3
14 14
15 12
16 5
17 26
18 25
19 19
20 11
21 9
22 27
23 6
24 4
25 0
26 8
27 15
28 13
29 7
SIMILAR

10 8 23 12 13 19 28 7 16 24 6 4 11 27 1 18 5 17 0 21 3 29 25 14 15 26 9 22 2 20 
0 18
1 14
2 28
3 20
4 11
5 16
6 10
7 7
8 1
9 26
10 0
11 12
12 3
13 4
14 23
15 24
16 8
17 17
18 15
19 5
20 29
21 19
22 27
23 2
24 9
25 22
26 25
27 13
28 6
29 21
SIMILAR

8 19 1 29 3 14 10 18 24 9 23 2 27 7 20 15 25 11 0 16 22 28 26 12 4 17 5 13 6 21 
0 18
1 2
2 11
3 4
4 24
5 26
6 28
7 13
8 0
9 9
10 6
11 17
12 23
13 27
14 5
15 15
16 19
17 25
18 7
19 1
20 14
21 29
22 20
23 10
24 8
25 16
26 22
27 12
28 21
29 3
SIMILAR

7 1 28 14 8 9 26 24 3 0 27 10 25 16 12 5 22 13 19 6 29 15 11 4 21 20 2 18 17 23 
0 9
1 1
2 26
3 8
4 23
5 15
6 19
7 0
8 4
9 5
10 11
11 22
12 14
13 17
14 3
15 21
16 13
17 28
18 27
19 18
20 25
21 24
22 16
23 29
24 7
25 12
26 6
27 10
28 2
29 20
SIMILAR

23 16 1 28 27 20 7 4 26 19 12 10 24 5 11 0 6 22 13 8 9 2 3 14 29 17 21 18 15 25 
0 15
1 2
2 21
3 22
4 7
5 13
6 16
7 6
8 19
9 20
10 11
11 14
12 10
13 18
14 23
15 28
16 1
17 25
18 27
19 9
20 5
21 26
22 17
23 0
24 12
25 29
26 8
27 4
28 3
29 24
SIMILAR

10 15 9 4 7 11 14 2 1 29 17 6 24 5 16 26 25 23 21 28 19 22 27 18 0 3 8 12 13 20 
0 24
1 8
2 7
3 25
4 3
5 13
6 11
7 4
8 26
9 2
10 0
11 5
12 27
13 28
14 6
15 1
16 14
17 10
18 23
19 20
20 29
21 18
22 21
23 17
24 12
25 16
26 15
27 22
28 19
29 9
SIMILAR

23 18 14 24 8 16 6 21 20 3 12 22 29 25 7 4 26 19 28 13 5 1 15 9 10 11 0 27 17 2 
0 26
1 21
2 29
3 9
4 15
5 20
6 6
7 14
8 4
9 23
10 24
11 25
12 10
13 19
14 2
15 22
16 5
17 28
18 1
19 17
20 8
21 7
22 11
23 0
24 3
25 13
26 16
27 27
28 18
29 12
SIMILAR

10 5 9 1 15 27 14 6 7 26 23 29 4 22 0 13 16 19 17 18 20 24 25 12 3 8 11 28 21 2 
0 14
1 3
2 29
3 24
4 12
5 1
6 7
7 8
8 25
9 2
10 0
11 26
12 23
13 15
14 6
15 4
16 16
17 18
18 19
19 17
20 20
21 28
22 13
23 10
24 21
25 22
26 9
27 5
28 27
29 11
SIMILAR

24 20 4 6 8 29 25 19 28 18 27 12 17 14 26 9 7 1 15 16 21 0 3 13 5 11 10 23 2 22 
0 21
1 17
2 28
3 22
4 2
5 24
6 3
7 16
8 4
9 15
10 26
11 25
12 11
13 23
14 13
15 18
16 19
17 12
18 9
19 7
20 1
21 20
22 29
23 27
24 0
25 6
26 14
27 10
28 8
29 5
SIMILAR

25 9 6 18 29 24 0 23 16 14 13 20 19 26 27 17 5 4 3 11 8 21 10 28 1 12 15 22 2 7 
0 6
1 24
2 28
3 18
4 17
5 16
6 2
7 29
8 20
9 1
10 22
11 19
12 25
13 10
14 9
15 26
16 8
17 15
18 3
19 12
20 11
21 21
22 27
23 7
24 5
25 0
26 13
27 14
28 23
29 4
SIMILAR

17 4 25 5 26 16 22 6 13 7 29 18 3 9 23 15 14 21 12 2 27 19 20 1 8 0 24 28 10 11 
0 25
1 23
2 19
3 12
4 1
5 3
6 7
7 9
8 24
9 13
10 28
11 29
12 18
13 8
14 16
15 15
16 5
17 0
18 11
19 21
20 22
21 17
22 6
23 14
24 26
25 2
26 4
27 20
28 27
29 10
SIMILAR

16 24 7 19 12 6 9 27 0 26 21 2 20 17 10 13 22 15 3 23 28 14 1 8 11 29 25 18 5 4 
0 8
1 22
2 11
3 18
4 29
5 28
6 5
7 2
8 23
9 6
10 14
11 24
12 4
13 15
14 21
15 17
16 0
17 13
18 27
19 3
20 12
21 10
22 16
23 19
24 1
25 26
26 9
27 7
28 20
29 25
SIMILAR

18 17 21 22 26 15 27 10 7 29 4 12 5 28 16 13 0 20 9 8 19 6 14 3 1 2 11 25 23 24 
0 16
1 24
2 25
3 23
4 10
5 12
6 21
7 8
8 19
9 18
10 7
11 26
12 11
13 15
14 22
15 5
16 14
17 1
18 0
19 20
20 17
21 2
22 3
23 28
24 29
25 27
26 4
27 6
28 13
29 9
SIMILAR

23 18 11 3 21 6 12 19 8 22 20 26 7 13 9 29 10 5 27 1 0 15 2 16 25 24 14 17 4 28 
0 20
1 19
2 22
3 3
4 28
5 17
6 5
7 12
8 8
9 14
10 16
11 2
12 6
13 13
14 26
15 21
16 23
17 27
18 1
19 7
20 10
21 4
22 9
23 0
24 25
25 24
26 11
27 18
28 29
29 15
SIMILAR

29 9 15 22 12 19 28 1 24 21 5 27 25 17 13 16 7 10 11 26 3 0 2 6 23 14 4 20 18 8 
0 21
1 7
2 22
3 20
4 26
5 10
6 23
7 16
8 29
9 1
10 17
11 18
12 4
13 14
14 25
15 2
16 15
17 13
18 28
19 5
20 27
21 9
22 3
23 24
24 8
25 12
26 19
27 11
28 6
29 0
SIMILAR

24 3 10 26 6 25 22 28 27 2 29 5 21 1 14 18 15 12 20 8 11 16 19 17 23 7 13 0 9 4 
0 27
1 13
2 9
3 1
4 29
5 11
6 4
7 25
8 19
9 28
10 2
11 20
12 17
13 26
14 14
15 16
16 21
17 23
18 15
19 22
20 18
21 12
22 6
23 24
24 0
25 5
26 3
27 8
28 7
29 10
SIMILAR

19 29 7 20 3 1 6 25 22 9 18 11 10 16 14 8 26 24 15 27 12 21 13 23 5 28 0 4 17 2 
0 26
1 5
2 29
3 4
4 27
5 24
6 6
7 2
8 15
9 9
10 12
11 11
12 20
13 22
14 14
15 18
16 13
17 28
18 10
19 0
20 3
21 21
22 8
23 23
24 17
25 7
26 16
27 19
28 25
29 1
SIMILAR

19 24 23 16 28 27 13 9 22 8 14 3 20 6 29 1 12 10 11 26 0 15 2 17 21 5 25 7 4 18 
0 20
1 15
2 22
3 11
4 28
5 25
6 13
7 27
8 9
9 7
10 17
11 18
12 16
13 6
14 10
15 21
16 3
17 23
18 29
19 0
20 12
21 24
22 8
23 2
24 1
25 26
26 19
27 5
28 4
29 14
SIMILAR

13 9 16 3 7 29 11 8 19 20 26 23 14 18 10 1 15 6 12 5 2 25 22 24 4 27 28 17 21 0 
0 29
1 15
2 20
3 3
4 24
5 19
6 17
7 4
8 7
9 1
10 14
11 6
12 18
13 0
14 12
15 16
16 2
17 27
18 13
19 8
20 9
21 28
22 22
23 11
24 23
25 21
26 10
27 25
28 26
29 5
SIMILAR

1 5 28 8 22 13 12 16 23 14 27 25 7 15 3 26 0 19 11 6 20 2 18 9 21 10 29 24 4 17 
0 16
1 0
2 21
3 14
4 28
5 1
6 19
7 12
8 3
9 23
10 25
11 18
12 6
13 5
14 9
15 13
16 7
17 29
18 22
19 17
20 20
21 24
22 4
23 8
24 27
25 11
26 15
27 10
28 2
29 26
SIMILAR

29 6 28 20 17 18 10 13 8 23 2 4 7 9 1 19 21 12 26 14 27 0 24 16 15 5 11 25 3 22 
0 21
1 14
2 10
3 28
4 11
5 25
6 1
7 12
8 8
9 13
10 6
11 26
12 17
13 7
14 19
15 24
16 23
17 4
18 5
19 15
20 3
21 16
22 29
23 9
24 22
25 27
26 18
27 20
28 2
29 0
SIMILAR

11 12 23 22 18 13 26 15 9 20 7 28 5 19 21 0 8 1 27 16 24 29 2 4 25 14 3 17 10 6 
0 15
1 17
2 22
3 26
4 23
5 12
6 29
7 10
8 16
9 8
10 28
11 0
12 1
13 5
14 25
15 7
16 19
17 27
18 4
19 13
20 9
21 14
22 3
23 2
24 20
25 24
26 6
27 18
28 11
29 21
SIMILAR

25 20 10 27 1 17 15 24 2 19 21 23 9 13 7 0 4 12 8 26 6 29 3 5 22 14 18 16 11 28 
0 15
1 4
2 8
3 22
4 16
5 23
6 20
7 14
8 18
9 12
10 2
11 28
12 17
13 13
14 25
15 6
16 27
17 5
18 26
19 9
20 1
21 10
22 24
23 11
24 7
25 0
26 19
27 3
28 29
29 21
SIMILAR

28 27 14 17 3 18 6 10 5 1 9 0 8 7 24 29 16 20 12 19 22 4 21 26 23 13 2 15 25 11 
0 11
1 9
2 26
3 4
4 21
5 8
6 6
7 13
8 12
9 10
10 7
11 29
12 18
13 25
14 2
15 27
16 16
17 3
18 5
19 19
20 17
21 22
22 20
23 24
24 14
25 28
26 23
27 1
28 0
29 15
SIMILAR

8 19 23 0 27 9 1 25 16 29 3 18 21 7 4 26 17 10 20 22 5 15 24 2 13 6 11 28 14 12 
0 3
1 6
2 23
3 10
4 14
5 20
6 25
7 13
8 0
9 5
10 17
11 26
12 29
13 24
14 28
15 21
16 8
17 16
18 11
19 1
20 18
21 12
22 19
23 2
24 22
25 7
26 15
27 4
28 27
29 9
SIMILAR

27 5 22 1 19 11 0 4 6 18 2 29 21 10 26 9 20 3 14 12 23 17 7 8 24 15 28 25 13 16 
0 6
1 3
2 10
3 17
4 7
5 1
6 8
7 22
8 23
9 15
10 13
11 5
12 19
13 28
14 18
15 25
16 29
17 21
18 9
19 4
20 16
21 12
22 2
23 20
24 24
25 27
26 14
27 0
28 26
29 11
SIMILAR

13 5 9 20 8 0 11 6 15 26 14 27 12 2 1 4 7 21 22 28 10 18 19 3 25 23 17 16 24 29 
0 5
1 14
2 13
3 23
4 15
5 1
6 7
7 16
8 4
9 2
10 20
11 6
12 12
13 0
14 10
15 8
16 27
17 26
18 21
19 22
20 3
21 17
22 18
23 25
24 28
25 24
26 9
27 11
28 19
29 29
SIMILAR

17 0 18 4 13 12 3 6 26 16 20 22 10 8 19 23 27 11 15 14 2 28 21 29 24 1 5 9 25 7 
0 1
1 25
2 20
3 6
4 3
5 26
6 7
7 29
8 13
9 27
10 12
11 17
12 5
13 4
14 19
15 18
16 9
17 0
18 2
19 14
20 10
21 22
22 11
23 15
24 24
25 28
26 8
27 16
28 21
29 23
SIMILAR

16 13 1 22 17 0 5 10 8 26 6 7 20 15 25 9 11 2 27 23 18 24 3 4 19 29 12 28 14 21 
0 5
1 2
2 17
3 22
4 23
5 6
6 10
7 11
8 8
9 15
10 7
11 16
12 26
13 1
14 28
15 13
16 0
17 4
18 20
19 24
20 12
21 29
22 3
23 19
24 21
25 14
26 9
27 18
28 27
29 25
SIMILAR

22 28 5 21 25 12 4 20 10 16 24 17 7 8 9 26 27 1 29 14 13 18 2 11 23 0 3 19 15 6 
0 25
1 17
2 22
3 26
4 6
5 2
6 29
7 12
8 13
9 14
10 8
11 23
12 5
13 20
14 19
15 28
16 9
17 11
18 21
19 27
20 7
21 3
22 0
23 24
24 10
25 4
26 15
27 16
28 1
29 18
SIMILAR

29 10 1 18 27 15 22 6 8 14 16 2 17 26 9 24 23 13 0 20 12 7 19 4 11 25 21 28 3 5 
0 18
1 2
2 11
3 28
4 23
5 29
6 7
7 21
8 8
9 14
10 1
11 24
12 20
13 17
14 9
15 5
16 10
17 12
18 3
19 22
20 19
21 26
22 6
23 16
24 15
25 25
26 13
27 4
28 27
29 0
SIMILAR

12 3 29 24 16 13 17 9 10 18 25 22 1 11 23 2 20 4 7 6 27 26 14 8 21 19 15 5 28 0 
0 29
1 12
2 15
3 1
4 17
5 27
6 19
7 18
8 23
9 7
10 8
11 13
12 0
13 5
14 22
15 26
16 4
17 6
18 9
19 25
20 16
21 24
22 11
23 14
24 3
25 10
26 21
27 20
28 28
29 2
SIMILAR

29 6 28 5 7 26 11 0 25 8 17 22 10 12 19 3 13 9 4 20 23 24 2 27 1 18 14 16 21 15 
0 7
1 24
2 22
3 15
4 18
5 3
6 1
7 4
8 9
9 17
10 12
11 6
12 13
13 16
14 26
15 29
16 27
17 10
18 25
19 14
20 19
21 28
22 11
23 20
24 21
25 8
26 5
27 23
28 2
29 0
SIMILAR

7 1 9 17 23 8 22 5 20 10 19 4 12 28 25 26 29 14 0 6 16 15 13 27 18 3 24 2 21 11 
0 18
1 1
2 27
3 25
4 11
5 7
6 19
7 0
8 5
9 2
10 9
11 29
12 12
13 22
14 17
15 21
16 20
17 3
18 24
19 10
20 8
21 28
22 6
23 4
24 26
25 14
26 15
27 23
28 13
29 16
SIMILAR

20 25 29 23 14 8 10 4 27 13 5 12 24 3 16 7 17 1 9 15 11 0 6 2 19 26 18 21 22 28 
0 21
1 17
2 23
3 13
4 7
5 10
6 22
7 15
8 5
9 18
10 6
11 20
12 11
13 9
14 4
15 19
16 14
17 16
18 26
19 24
20 0
21 27
22 28
23 3
24 12
25 1
26 25
27 8
28 29
29 2
SIMILAR

13 2 29 9 8 0 28 6 16 17 11 4 1 15 23 3 18 21 7 10 5 19 20 14 24 27 25 12 26 22 
0 5
1 12
2 1
3 15
4 11
5 20
6 7
7 18
8 4
9 3
10 19
11 10
12 27
13 0
14 23
15 13
16 8
17 9
18 16
19 21
20 22
21 17
22 29
23 14
24 24
25 26
26 28
27 25
28 6
29 2
SIMILAR

27 25 24 26 10 15 0 19 29 4 17 7 8 14 5 21 23 6 16 2 3 13 18 1 12 28 22 9 11 20 
0 6
1 23
2 19
3 20
4 9
5 14
6 17
7 11
8 12
9 27
10 4
11 28
12 24
13 21
14 13
15 5
16 18
17 10
18 22
19 7
20 29
21 15
22 26
23 16
24 2
25 1
26 3
27 0
28 25
29 8
SIMILAR

24 18 7 23 13 6 1 8 9 29 19 17 0 2 14 4 26 20 28 15 3 22 12 5 16 21 25 27 10 11 
0 12
1 6
2 13
3 20
4 15
5 23
6 5
7 2
8 7
9 8
10 28
11 29
12 22
13 4
14 14
15 19
16 24
17 11
18 1
19 10
20 17
21 25
22 21
23 3
24 0
25 26
26 16
27 27
28 18
29 9
SIMILAR

7 18 0 8 6 24 15 9 27 5 12 25 4 2 16 20 10 22 26 17 14 28 11 21 3 29 23 19 1 13 
0 2
1 28
2 13
3 24
4 12
5 9
6 4
7 0
8 3
9 7
10 16
11 22
12 10
13 29
14 20
15 6
16 14
17 19
18 1
19 27
20 15
21 23
22 17
23 26
24 5
25 11
26 18
27 8
28 21
29 25
SIMILAR

4 26 20 10 27 15 25 7 21 5 11 8 16 17 12 14 9 22 28 19 23 18 13 24 3 0 6 29 1 2 
0 25
1 28
2 29
3 24
4 0
5 9
6 26
7 7
8 11
9 16
10 3
11 10
12 14
13 22
14 15
15 5
16 12
17 13
18 21
19 19
20 2
21 8
22 17
23 20
24 23
25 6
26 1
27 4
28 18
29 27
SIMILAR

21 11 16 10 17 18 29 7 28 3 12 2 4 26 5 27 8 19 25 24 20 6 14 15 0 1 23 9 13 22 
0 24
1 25
2 11
3 9
4 12
5 14
6 21
7 7
8 16
9 27
10 3
11 1
12 10
13 28
14 22
15 23
16 2
17 4
18 5
19 17
20 20
21 0
22 29
23 26
24 19
25 18
26 13
27 15
28 8
29 6
SIMILAR

24 15 21 7 20 4 12 1 16 14 25 11 5 2 19 29 28 8 17 0 23 22 27 10 13 9 3 6 18 26 
0 19
1 7
2 13
3 26
4 5
5 12
6 27
7 3
8 17
9 25
10 23
11 11
12 6
13 24
14 9
15 1
16 8
17 18
18 28
19 14
20 4
21 2
22 21
23 20
24 0
25 10
26 29
27 22
28 16
29 15
SIMILAR

28 5 10 19 1 3 22 0 17 21 24 9 29 20 12 7 2 15 11 27 4 14 18 23 25 13 6 26 8 16 
0 7
1 4
2 16
3 5
4 20
5 1
6 26
7 15
8 28
9 11
10 2
11 18
12 14
13 25
14 21
15 17
16 29
17 8
18 22
19 3
20 13
21 9
22 6
23 23
24 10
25 24
26 27
27 19
28 0
29 12
SIMILAR

3 13 21 27 26 1 6 10 14 15 7 0 20 11 12 22 4 18 17 29 16 8 23 9 2 25 5 19 24 28 
0 11
1 5
2 24
3 0
4 16
5 26
6 6
7 10
8 21
9 23
10 7
11 13
12 14
13 1
14 8
15 9
16 20
17 18
18 17
19 27
20 12
21 2
22 15
23 22
24 28
25 25
26 4
27 3
28 29
29 19
SIMILAR

26 28 12 0 5 27 20 22 1 8 11 2 24 15 17 14 7 4 16 13 23 10 9 3 21 29 25 6 18 19 
0 3
1 8
2 11
3 23
4 17
5 4
6 27
7 16
8 9
9 22
10 21
11 10
12 2
13 19
14 15
15 13
16 18
17 14
18 28
19 29
20 6
21 24
22 7
23 20
24 12
25 26
26 0
27 5
28 1
29 25
SIMILAR

17 19 11 0 24 15 6 9 18 12 23 3 29 21 7 26 27 4 2 8 28 13 1 25 14 20 5 16 10 22 
0 3
1 22
2 18
3 11
4 17
5 26
6 6
7 14
8 19
9 7
10 28
11 2
12 9
13 21
14 24
15 5
16 27
17 0
18 8
19 1
20 25
21 13
22 29
23 10
24 4
25 23
26 15
27 16
28 20
29 12
SIMILAR

8 4 12 23 17 2 14 19 5 0 7 3 24 22 28 27 21 6 10 26 11 29 25 9 20 1 13 18 16 15 
0 9
1 25
2 5
3 11
4 1
5 8
6 17
7 10
8 0
9 23
10 18
11 20
12 2
13 26
14 6
15 29
16 28
17 4
18 27
19 7
20 24
21 16
22 13
23 3
24 12
25 22
26 19
27 15
28 14
29 21
SIMILAR

12 29 3 4 28 13 17 7 14 8 10 11 2 25 0 26 24 1 6 5 19 16 21 9 23 20 18 27 22 15 
0 14
1 17
2 12
3 2
4 3
5 19
6 18
7 7
8 9
9 23
10 10
11 11
12 0
13 5
14 8
15 29
16 21
17 6
18 26
19 20
20 25
21 22
22 28
23 24
24 16
25 13
26 15
27 27
28 4
29 1
SIMILAR

28 26 29 25 22 24 13 14 11 20 1 7 23 18 0 6 27 21 9 5 8 17 16 10 15 19 3 4 12 2 
0 14
1 10
2 29
3 26
4 27
5 19
6 15
7 11
8 20
9 18
10 23
11 8
12 28
13 6
14 7
15 24
16 22
17 21
18 13
19 25
20 9
21 17
22 4
23 12
24 5
25 3
26 1
27 16
28 0
29 2
SIMILAR

8 21 11 26 23 24 18 28 4 14 20 0 7 25 3 29 15 22 12 10 9 5 1 27 13 17 16 6 19 2 
0 11
1 22
2 29
3 14
4 8
5 21
6 27
7 12
8 0
9 20
10 19
11 2
12 18
13 24
14 9
15 16
16 26
17 25
18 6
19 28
20 10
21 1
22 17
23 4
24 5
25 13
26 3
27 23
28 7
29 15
SIMILAR

20 0 9 3 12 1 28 29 8 27 19 21 5 23 17 25 13 22 24 7 16 10 26 15 6 18 14 11 4 2 
0 1
1 5
2 29
3 3
4 28
5 12
6 24
7 19
8 8
9 2
10 21
11 27
12 4
13 16
14 26
15 23
16 20
17 14
18 25
19 10
20 0
21 11
22 17
23 13
24 18
25 15
26 22
27 9
28 6
29 7
SIMILAR

16 4 21 26 3 7 15 11 14 17 5 23 25 1 24 28 29 18 8 6 20 13 9 12 2 19 0 10 27 22 
0 26
1 13
2 24
3 4
4 1
5 10
6 19
7 5
8 18
9 22
10 27
11 7
12 23
13 21
14 8
15 6
16 0
17 9
18 17
19 25
20 20
21 2
22 29
23 11
24 14
25 12
26 3
27 28
28 15
29 16
SIMILAR

19 3 10 20 15 2 0 9 18 28 14 1 12 27 4 25 6 7 22 13 24 23 16 11 21 17 8 29 5 26 
0 6
1 11
2 5
3 1
4 14
5 28
6 16
7 17
8 26
9 7
10 2
11 23
12 12
13 19
14 10
15 4
16 22
17 25
18 8
19 0
20 3
21 24
22 18
23 21
24 20
25 15
26 29
27 13
28 9
29 27
SIMILAR

15 18 22 19 27 3 2 7 10 28 24 1 12 29 8 20 26 5 21 6 13 14 17 0 9 23 25 4 16 11 
0 23
1 11
2 6
3 5
4 27
5 17
6 19
7 7
8 14
9 24
10 8
11 29
12 12
13 20
14 21
15 0
16 28
17 22
18 1
19 3
20 15
21 18
22 2
23 25
24 10
25 26
26 16
27 4
28 9
29 13
SIMILAR

28 15 14 4 18 0 7 16 24 17 12 23 22 1 19 29 2 26 10 25 13 27 6 3 8 11 9 21 20 5 
0 5
1 13
2 16
3 23
4 3
5 29
6 22
7 6
8 24
9 26
10 18
11 25
12 10
13 20
14 2
15 1
16 7
17 9
18 4
19 14
20 28
21 27
22 12
23 11
24 8
25 19
26 17
27 21
28 0
29 15
SIMILAR

21 4 7 15 16 29 23 8 19 2 5 10 6 20 13 22 28 3 9 14 12 27 18 25 1 17 0 26 24 11 
0 26
1 24
2 9
3 17
4 1
5 10
6 12
7 2
8 7
9 18
10 11
11 29
12 20
13 14
14 19
15 3
16 4
17 25
18 22
19 8
20 13
21 0
22 15
23 6
24 28
25 23
26 27
27 21
28 16
29 5
SIMILAR

21 1 22 0 7 2 4 27 29 10 26 3 12 5 25 6 23 24 11 15 14 28 16 8 13 9 18 19 20 17 
0 3
1 1
2 5
3 11
4 6
5 13
6 15
7 4
8 23
9 25
10 9
11 18
12 12
13 24
14 20
15 19
16 22
17 29
18 26
19 27
20 28
21 0
22 2
23 16
24 17
25 14
26 10
27 7
28 21
29 8
SIMILAR

23 7 15 19 12 28 27 22 17 18 1 24 2 26 25 11 10 20 21 0 6 8 3 13 5 16 9 14 29 4 
0 19
1 10
2 12
3 22
4 29
5 24
6 20
7 1
8 21
9 26
10 16
11 15
12 4
13 23
14 27
15 2
16 25
17 8
18 9
19 3
20 17
21 18
22 7
23 0
24 11
25 14
26 13
27 6
28 5
29 28
SIMILAR

19 21 5 28 0 25 1 24 7 8 12 11 27 15 9 10 16 4 22 26 18 13 20 6 14 3 29 2 23 17 
0 4
1 6
2 27
3 25
4 17
5 2
6 23
7 8
8 9
9 14
10 15
11 11
12 10
13 21
14 24
15 13
16 16
17 29
18 20
19 0
20 22
21 1
22 18
23 28
24 7
25 5
26 19
27 12
28 3
29 26
SIMILAR

5 9 24 7 8 3 20 11 19 16 15 22 1 18 0 4 21 29 12 28 14 2 26 17 25 13 23 27 10 6 
0 14
1 12
2 21
3 5
4 15
5 0
6 29
7 3
8 4
9 1
10 28
11 7
12 18
13 25
14 20
15 10
16 9
17 23
18 13
19 8
20 6
21 16
22 11
23 26
24 2
25 24
26 22
27 27
28 19
29 17
SIMILAR

15 9 3 8 2 22 24 4 16 27 10 21 1 26 28 19 6 7 20 23 17 0 11 5 29 18 25 12 14 13 
0 21
1 12
2 4
3 2
4 7
5 23
6 16
7 17
8 3
9 1
10 10
11 22
12 27
13 29
14 28
15 0
16 8
17 20
18 25
19 15
20 18
21 11
22 5
23 19
24 6
25 26
26 13
27 9
28 14
29 24
SIMILAR

9 23 13 15 17 22 12 10 0 8 4 25 18 26 16 24 3 2 20 14 1 21 28 11 7 29 6 27 19 5 
0 8
1 20
2 17
3 16
4 10
5 29
6 26
7 24
8 9
9 0
10 7
11 23
12 6
13 2
14 19
15 3
16 14
17 4
18 12
19 28
20 18
21 21
22 5
23 1
24 15
25 11
26 13
27 27
28 22
29 25
SIMILAR

1 15 6 20 29 22 8 13 5 9 2 23 12 25 16 21 10 3 4 19 11 18 7 0 28 24 26 27 17 14 
0 23
1 0
2 10
3 17
4 18
5 8
6 2
7 22
8 6
9 9
10 16
11 20
12 12
13 7
14 29
15 1
16 14
17 28
18 21
19 19
20 3
21 15
22 5
23 11
24 25
25 13
26 26
27 27
28 24
29 4
SIMILAR

11 26 28 23 1 6 7 13 5 12 16 4 20 8 25 10 17 27 3 15 21 22 18 29 0 24 14 2 19 9 
0 24
1 4
2 27
3 18
4 11
5 8
6 5
7 6
8 13
9 29
10 15
11 0
12 9
13 7
14 26
15 19
16 10
17 16
18 22
19 28
20 12
21 20
22 21
23 3
24 25
25 14
26 1
27 17
28 2
29 23
SIMILAR

0 11 23 18 10 24 14 27 16 26 8 3 13 19 20 6 2 7 22 21 1 28 12 9 5 17 4 25 15 29 
0 0
1 20
2 16
3 11
4 26
5 24
6 15
7 17
8 10
9 23
10 4
11 1
12 22
13 12
14 6
15 28
16 8
17 25
18 3
19 13
20 14
21 19
22 18
23 2
24 5
25 27
26 9
27 7
28 21
29 29
SIMILAR

16 13 24 27 26 22 12 9 18 1 0 4 23 11 5 8 2 21 14 7 20 6 15 25 28 17 19 10 3 29 
0 10
1 9
2 16
3 28
4 11
5 14
6 21
7 19
8 15
9 7
10 27
11 13
12 6
13 1
14 18
15 22
16 0
17 25
18 8
19 26
20 20
21 17
22 5
23 12
24 2
25 23
26 4
27 3
28 24
29 29
SIMILAR

27 19 11 20 12 7 25 24 5 29 28 14 1 22 16 17 2 21 8 18 6 10 3 0 9 26 13 4 15 23 
0 23
1 12
2 16
3 22
4 27
5 8
6 20
7 5
8 18
9 24
10 21
11 2
12 4
13 26
14 11
15 28
16 14
17 15
18 19
19 1
20 3
21 17
22 13
23 29
24 7
25 6
26 25
27 0
28 10
29 9
SIMILAR

8 27 9 28 0 22 2 13 25 7 26 19 5 18 14 11 17 23 29 12 4 24 20 15 21 16 6 3 10 1 
0 4
1 29
2 6
3 27
4 20
5 12
6 26
7 9
8 0
9 2
10 28
11 15
12 19
13 7
14 14
15 23
16 25
17 16
18 13
19 11
20 22
21 24
22 5
23 17
24 21
25 8
26 10
27 1
28 3
29 18
SIMILAR

18 14 23 12 1 28 10 11 9 24 8 2 20 22 7 25 4 3 5 13 16 17 15 27 21 26 19 6 0 29 
0 28
1 4
2 11
3 17
4 16
5 18
6 27
7 14
8 10
9 8
10 6
11 7
12 3
13 19
14 1
15 22
16 20
17 21
18 0
19 26
20 12
21 24
22 13
23 2
24 9
25 15
26 25
27 23
28 5
29 29
SIMILAR

8 2 11 13 9 0 1 20 14 23 3 28 18 19 25 22 15 29 16 6 26 27 21 17 10 7 24 12 4 5 
0 5
1 6
2 1
3 10
4 28
5 29
6 19
7 25
8 0
9 4
10 24
11 2
12 27
13 3
14 8
15 16
16 18
17 23
18 12
19 13
20 7
21 22
22 15
23 9
24 26
25 14
26 20
27 21
28 11
29 17
SIMILAR

2 0 22 13 29 24 20 3 19 23 9 15 5 12 14 4 10 25 17 26 18 11 28 1 7 6 8 21 16 27 
0 1
1 23
2 0
3 7
4 15
5 12
6 25
7 24
8 26
9 10
10 16
11 21
12 13
13 3
14 14
15 11
16 28
17 18
18 20
19 8
20 6
21 27
22 2
23 9
24 5
25 17
26 19
27 29
28 22
29 4
SIMILAR

29 18 4 7 8 24 2 16 12 0 23 26 3 15 27 21 1 17 14 11 5 9 19 6 25 22 10 20 13 28 
0 9
1 16
2 6
3 12
4 2
5 20
6 23
7 3
8 4
9 21
10 26
11 19
12 8
13 28
14 18
15 13
16 7
17 17
18 1
19 22
20 27
21 15
22 25
23 10
24 5
25 24
26 11
27 14
28 29
29 0
SIMILAR

18 14 17 28 4 1 8 0 2 12 27 23 29 11 10 21 26 6 3 24 25 22 13 19 7 5 20 16 9 15 
0 7
1 5
2 8
3 18
4 4
5 25
6 17
7 24
8 6
9 28
10 14
11 13
12 9
13 22
14 1
15 29
16 27
17 2
18 0
19 23
20 26
21 15
22 21
23 11
24 19
25 20
26 16
27 10
28 3
29 12
SIMILAR

22 23 6 28 8 18 15 9 1 4 29 5 19 7 2 25 24 26 13 16 0 20 12 3 17 21 10 27 11 14 
0 20
1 8
2 14
3 23
4 9
5 11
6 2
7 13
8 4
9 7
10 26
11 28
12 22
13 18
14 29
15 6
16 19
17 24
18 5
19 12
20 21
21 25
22 0
23 1
24 16
25 15
26 17
27 27
28 3
29 10
SIMILAR

10 27 21 4 22 26 1 20 5 0 16 2 13 17 7 6 28 19 24 29 23 12 18 25 15 11 8 3 14 9 
0 9
1 6
2 11
3 27
4 3
5 8
6 15
7 14
8 26
9 29
10 0
11 25
12 21
13 12
14 28
15 24
16 10
17 13
18 22
19 17
20 7
21 2
22 4
23 20
24 18
25 23
26 5
27 1
28 16
29 19
SIMILAR

1 22 20 11 18 14 10 12 21 16 27 8 23 9 24 25 13 28 15 19 4 3 17 29 7 6 0 26 5 2 
0 26
1 0
2 29
3 21
4 20
5 28
6 25
7 24
8 11
9 13
10 6
11 3
12 7
13 16
14 5
15 18
16 9
17 22
18 4
19 19
20 2
21 8
22 1
23 12
24 14
25 15
26 27
27 10
28 17
29 23
SIMILAR

10 7 8 20 14 17 29 2 22 1 15 6 21 12 4 11 16 23 13 27 19 24 3 9 25 18 0 28 26 5 
0 26
1 9
2 7
3 22
4 14
5 29
6 11
7 1
8 2
9 23
10 0
11 15
12 13
13 18
14 4
15 10
16 16
17 5
18 25
19 20
20 3
21 12
22 8
23 17
24 21
25 24
26 28
27 19
28 27
29 6
SIMILAR

28 7 5 2 1 6 24 4 3 19 22 20 25 23 16 17 13 29 12 8 15 21 11 9 10 18 0 26 14 27 
0 26
1 4
2 3
3 8
4 7
5 2
6 5
7 1
8 19
9 23
10 24
11 22
12 18
13 16
14 28
15 20
16 14
17 15
18 25
19 9
20 11
21 21
22 10
23 13
24 6
25 12
26 27
27 29
28 0
29 17
SIMILAR

20 28 15 14 21 17 1 23 29 25 8 6 9 18 27 26 16 11 12 13 5 22 10 7 19 3 4 0 24 2 
0 27
1 6
2 29
3 25
4 26
5 20
6 11
7 23
8 10
9 12
10 22
11 17
12 18
13 19
14 3
15 2
16 16
17 5
18 13
19 24
20 0
21 4
22 21
23 7
24 28
25 9
26 15
27 14
28 1
29 8
SIMILAR

2 28 16 7 25 21 1 22 10 18 5 3 29 26 0 14 17 13 27 23 15 19 11 12 24 20 9 4 6 8 
0 14
1 6
2 0
3 11
4 27
5 10
6 28
7 3
8 29
9 26
10 8
11 22
12 23
13 17
14 15
15 20
16 2
17 16
18 9
19 21
20 25
21 5
22 7
23 19
24 24
25 4
26 13
27 18
28 1
29 12
SIMILAR
100 0
600 0
260600 0
