30
0 1 0 1 0 1 1 0 1 0 1 1 0 0 1 1 0 1 1 1 0 0 1 0 0 1 0 1 0 0 
1 0 1 0 1 1 0 0 0 0 0 0 0 0 0 0 0 1 0 1 1 0 0 0 0 0 1 0 0 0 
0 1 0 1 1 1 0 0 0 1 0 1 1 1 1 1 0 1 0 0 1 1 1 1 1 1 0 0 0 1 
1 0 1 0 0 1 0 0 1 0 1 1 0 0 1 1 1 1 0 1 0 1 0 1 1 1 1 1 0 0 
0 1 1 0 0 1 1 1 1 0 1 0 0 0 0 0 1 0 1 1 0 1 1 0 0 0 0 1 0 0 
1 1 1 1 1 0 1 0 1 0 1 1 0 1 1 1 1 1 0 0 1 0 0 1 0 1 0 0 1 1 
1 0 0 0 1 1 0 0 1 0 0 0 1 1 0 1 1 0 1 0 0 1 1 1 1 0 0 0 0 1 
0 0 0 0 1 0 0 0 0 0 1 1 1 0 1 0 0 1 1 0 1 0 0 0 0 1 1 0 0 0 
1 0 0 1 1 1 1 0 0 0 0 0 1 1 1 1 1 1 1 0 1 0 0 1 0 0 1 0 0 1 
0 0 1 0 0 0 0 0 0 0 0 0 1 0 0 1 0 1 1 1 0 0 0 0 0 1 0 1 0 0 
1 0 0 1 1 1 0 1 0 0 0 0 1 1 1 1 0 0 0 0 0 1 0 1 1 1 0 0 0 0 
1 0 1 1 0 1 0 1 0 0 0 0 1 1 1 1 1 0 0 1 1 0 1 1 0 1 1 0 0 0 
0 0 1 0 0 0 1 1 1 1 1 1 0 0 0 0 0 0 1 0 1 1 0 1 1 1 0 1 1 1 
0 0 1 0 0 1 1 0 1 0 1 1 0 0 1 0 1 1 0 0 1 1 1 1 0 0 1 1 0 0 
1 0 1 1 0 1 0 1 1 0 1 1 0 1 0 0 1 0 0 1 0 1 1 1 0 0 1 0 1 0 
1 0 1 1 0 1 1 0 1 1 1 1 0 0 0 0 1 0 1 0 0 0 0 0 0 1 0 0 0 1 
0 0 0 1 1 1 1 0 1 0 0 1 0 1 1 1 0 1 1 1 0 0 1 1 1 1 1 0 1 0 
1 1 1 1 0 1 0 1 1 1 0 0 0 1 0 0 1 0 0 1 0 1 0 1 1 1 0 1 1 1 
1 0 0 0 1 0 1 1 1 1 0 0 1 0 0 1 1 0 0 1 0 1 0 1 1 0 0 0 0 0 
1 1 0 1 1 0 0 0 0 1 0 1 0 0 1 0 1 1 1 0 1 1 1 1 1 0 1 1 1 0 
0 1 1 0 0 1 0 1 1 0 0 1 1 1 0 0 0 0 0 1 0 1 1 0 0 1 1 0 0 1 
0 0 1 1 1 0 1 0 0 0 1 0 1 1 1 0 0 1 1 1 1 0 1 0 0 0 1 1 0 1 
1 0 1 0 1 0 1 0 0 0 0 1 0 1 1 0 1 0 0 1 1 1 0 0 0 1 0 1 1 1 
0 0 1 1 0 1 1 0 1 0 1 1 1 1 1 0 1 1 1 1 0 0 0 0 1 1 1 1 0 1 
0 0 1 1 0 0 1 0 0 0 1 0 1 0 0 0 1 1 1 1 0 0 0 1 0 1 1 0 0 1 
1 0 1 1 0 1 0 1 0 1 1 1 1 0 0 1 1 1 0 0 1 0 1 1 1 0 0 0 1 1 
0 1 0 1 0 0 0 1 1 0 0 1 0 1 1 0 1 0 0 1 1 1 0 1 1 0 0 1 0 1 
1 0 0 1 1 0 0 0 0 1 0 0 1 1 0 0 0 1 0 1 0 1 1 1 0 0 1 0 1 1 
0 0 0 0 0 1 0 0 0 0 0 0 1 0 1 0 1 1 0 1 0 0 1 0 0 1 0 1 0 0 
0 0 1 0 0 1 1 0 1 0 0 0 1 0 0 1 0 1 0 0 1 1 1 1 1 1 1 1 0 0 

28 8 2 19 26 11 23 0 16 29 12 9 24 4 21 10 27 6 22 17 18 3 25 14 5 7 13 20 1 15 
0 7
1 28
2 2
3 21
4 13
5 24
6 17
7 25
8 1
9 11
10 15
11 5
12 10
13 26
14 23
15 29
16 8
17 19
18 20
19 3
20 27
21 14
22 18
23 6
24 12
25 22
26 4
27 16
28 0
29 9
SIMILAR

25 19 13 1 3 14 0 5 18 21 15 10 4 16 28 2 27 8 9 29 23 22 26 17 7 20 24 12 11 6 
0 6
1 3
2 15
3 4
4 12
5 7
6 29
7 24
8 17
9 18
10 11
11 28
12 27
13 2
14 5
15 10
16 13
17 23
18 8
19 1
20 25
21 9
22 21
23 20
24 26
25 0
26 22
27 16
28 14
29 19
SIMILAR

11 0 9 22 6 25 12 18 2 3 21 7 16 5 4 14 17 13 19 24 8 23 15 28 26 29 1 10 20 27 
0 1
1 26
2 8
3 9
4 14
5 13
6 4
7 11
8 20
9 2
10 27
11 0
12 6
13 17
14 15
15 22
16 12
17 16
18 7
19 18
20 28
21 10
22 3
23 21
24 19
25 5
26 24
27 29
28 23
29 25
SIMILAR

16 13 27 11 28 17 0 3 1 20 15 26 10 4 6 19 7 18 29 5 22 23 8 24 9 2 25 12 21 14 
0 6
1 8
2 25
3 7
4 13
5 19
6 14
7 16
8 22
9 24
10 12
11 3
12 27
13 1
14 29
15 10
16 0
17 5
18 17
19 15
20 9
21 28
22 20
23 21
24 23
25 26
26 11
27 2
28 4
29 18
SIMILAR

0 26 28 2 17 19 27 9 3 24 21 1 29 15 5 11 13 22 20 23 25 14 12 16 18 4 8 7 6 10 
0 0
1 11
2 3
3 8
4 25
5 14
6 28
7 27
8 26
9 7
10 29
11 15
12 22
13 16
14 21
15 13
16 23
17 4
18 24
19 5
20 18
21 10
22 17
23 19
24 9
25 20
26 1
27 6
28 2
29 12
SIMILAR

26 8 20 1 10 18 4 15 9 28 11 24 17 27 0 23 12 6 13 3 19 25 22 7 21 2 29 14 5 16 
0 14
1 3
2 25
3 19
4 6
5 28
6 17
7 23
8 1
9 8
10 4
11 10
12 16
13 18
14 27
15 7
16 29
17 12
18 5
19 20
20 2
21 24
22 22
23 15
24 11
25 21
26 0
27 13
28 9
29 26
SIMILAR

0 9 17 21 23 18 12 10 26 1 28 27 4 22 8 16 20 13 14 2 3 25 6 7 5 24 19 15 11 29 
0 0
1 9
2 19
3 20
4 12
5 24
6 22
7 23
8 14
9 1
10 7
11 28
12 6
13 17
14 18
15 27
16 15
17 2
18 5
19 26
20 16
21 3
22 13
23 4
24 25
25 21
26 8
27 11
28 10
29 29
SIMILAR

18 10 21 17 6 5 9 3 4 11 13 23 27 16 26 29 2 28 12 7 22 25 0 8 14 15 19 1 20 24 
0 22
1 27
2 16
3 7
4 8
5 5
6 4
7 19
8 23
9 6
10 1
11 9
12 18
13 10
14 24
15 25
16 13
17 3
18 0
19 26
20 28
21 2
22 20
23 11
24 29
25 21
26 14
27 12
28 17
29 15
SIMILAR

12 11 25 5 29 16 9 17 0 18 13 28 20 27 26 7 19 14 8 22 15 4 10 3 24 1 21 23 2 6 
0 8
1 25
2 28
3 23
4 21
5 3
6 29
7 15
8 18
9 6
10 22
11 1
12 0
13 10
14 17
15 20
16 5
17 7
18 9
19 16
20 12
21 26
22 19
23 27
24 24
25 2
26 14
27 13
28 11
29 4
SIMILAR

23 29 11 6 19 18 1 25 8 12 16 2 15 21 0 27 14 20 10 22 17 26 9 3 7 28 13 4 24 5 
0 14
1 6
2 11
3 23
4 27
5 29
6 3
7 24
8 8
9 22
10 18
11 2
12 9
13 26
14 16
15 12
16 10
17 20
18 5
19 4
20 17
21 13
22 19
23 0
24 28
25 7
26 21
27 15
28 25
29 1
SIMILAR

16 25 29 7 4 23 10 18 9 8 24 12 26 19 6 15 17 27 2 1 0 14 5 11 28 13 20 22 21 3 
0 20
1 19
2 18
3 29
4 4
5 22
6 14
7 3
8 9
9 8
10 6
11 23
12 11
13 25
14 21
15 15
16 0
17 16
18 7
19 13
20 26
21 28
22 27
23 5
24 10
25 1
26 12
27 17
28 24
29 2
SIMILAR

14 5 6 19 23 9 3 1 29 28 12 25 15 11 7 2 24 4 21 18 17 8 16 13 10 22 20 27 26 0 
0 29
1 7
2 15
3 6
4 17
5 1
6 2
7 14
8 21
9 5
10 24
11 13
12 10
13 23
14 0
15 12
16 22
17 20
18 19
19 3
20 26
21 18
22 25
23 4
24 16
25 11
26 28
27 27
28 9
29 8
SIMILAR

10 2 6 18 13 21 3 5 19 8 25 16 9 27 23 29 7 28 1 20 0 15 11 12 17 26 14 22 4 24 
0 20
1 18
2 1
3 6
4 28
5 7
6 2
7 16
8 9
9 12
10 0
11 22
12 23
13 4
14 26
15 21
16 11
17 24
18 3
19 8
20 19
21 5
22 27
23 14
24 29
25 10
26 25
27 13
28 17
29 15
SIMILAR

3 16 4 8 17 6 27 0 11 15 12 13 20 10 9 2 22 7 28 23 5 26 1 21 25 18 14 24 29 19 
0 7
1 22
2 15
3 0
4 2
5 20
6 5
7 17
8 3
9 14
10 13
11 8
12 10
13 11
14 26
15 9
16 1
17 4
18 25
19 29
20 12
21 23
22 16
23 19
24 27
25 24
26 21
27 6
28 18
29 28
SIMILAR

27 14 17 16 28 19 13 22 29 10 3 26 25 6 12 5 2 7 20 18 9 11 4 23 0 8 15 24 1 21 
0 24
1 28
2 16
3 10
4 22
5 15
6 13
7 17
8 25
9 20
10 9
11 21
12 14
13 6
14 1
15 26
16 3
17 2
18 19
19 5
20 18
21 29
22 7
23 23
24 27
25 12
26 11
27 0
28 4
29 8
SIMILAR

9 14 11 27 3 2 13 29 0 25 24 8 19 20 5 1 22 16 17 15 7 26 23 10 18 6 12 28 21 4 
0 8
1 15
2 5
3 4
4 29
5 14
6 25
7 20
8 11
9 0
10 23
11 2
12 26
13 6
14 1
15 19
16 17
17 18
18 24
19 12
20 13
21 28
22 16
23 22
24 10
25 9
26 21
27 3
28 27
29 7
SIMILAR

4 8 11 3 5 28 23 1 19 15 2 10 26 21 6 22 18 24 27 29 9 13 20 7 17 12 16 14 0 25 
0 28
1 7
2 10
3 3
4 0
5 4
6 14
7 23
8 1
9 20
10 11
11 2
12 25
13 21
14 27
15 9
16 26
17 24
18 16
19 8
20 22
21 13
22 15
23 6
24 17
25 29
26 12
27 18
28 5
29 19
SIMILAR

27 5 22 2 24 28 8 11 16 23 9 25 10 20 7 29 3 4 18 21 12 15 0 1 13 14 17 19 6 26 
0 22
1 23
2 3
3 16
4 17
5 1
6 28
7 14
8 6
9 10
10 12
11 7
12 20
13 24
14 25
15 21
16 8
17 26
18 18
19 27
20 13
21 19
22 2
23 9
24 4
25 11
26 29
27 0
28 5
29 15
SIMILAR

11 12 24 21 14 15 25 7 26 6 29 18 0 13 17 3 22 2 1 19 10 27 28 9 5 8 20 23 4 16 
0 12
1 18
2 17
3 15
4 28
5 24
6 9
7 7
8 25
9 23
10 20
11 0
12 1
13 13
14 4
15 5
16 29
17 14
18 11
19 19
20 26
21 3
22 16
23 27
24 2
25 6
26 8
27 21
28 22
29 10
SIMILAR

21 15 20 29 16 14 22 7 0 19 18 28 27 3 13 24 26 25 1 2 17 6 5 8 23 10 9 12 11 4 
0 8
1 18
2 19
3 13
4 29
5 22
6 21
7 7
8 23
9 26
10 25
11 28
12 27
13 14
14 5
15 1
16 4
17 20
18 10
19 9
20 2
21 0
22 6
23 24
24 15
25 17
26 16
27 12
28 11
29 3
SIMILAR

3 24 26 29 27 10 14 6 4 13 21 12 19 1 25 22 2 9 28 17 18 23 11 7 5 16 20 8 0 15 
0 28
1 13
2 16
3 0
4 8
5 24
6 7
7 23
8 27
9 17
10 5
11 22
12 11
13 9
14 6
15 29
16 25
17 19
18 20
19 12
20 26
21 10
22 15
23 21
24 1
25 14
26 2
27 4
28 18
29 3
SIMILAR

4 27 10 17 23 11 7 24 0 13 28 8 14 25 26 15 16 9 21 19 5 12 29 20 2 18 22 3 6 1 
0 8
1 29
2 24
3 27
4 0
5 20
6 28
7 6
8 11
9 17
10 2
11 5
12 21
13 9
14 12
15 15
16 16
17 3
18 25
19 19
20 23
21 18
22 26
23 4
24 7
25 13
26 14
27 1
28 10
29 22
SIMILAR

8 15 0 22 14 24 11 25 6 7 5 1 17 4 3 20 23 28 9 12 26 13 18 29 19 10 21 27 2 16 
0 2
1 11
2 28
3 14
4 13
5 10
6 8
7 9
8 0
9 18
10 25
11 6
12 19
13 21
14 4
15 1
16 29
17 12
18 22
19 24
20 15
21 26
22 3
23 16
24 5
25 7
26 20
27 27
28 17
29 23
SIMILAR

2 24 23 9 13 3 19 0 25 29 28 17 10 21 27 22 11 6 20 26 14 4 5 16 18 15 8 7 12 1 
0 7
1 29
2 0
3 5
4 21
5 22
6 17
7 27
8 26
9 3
10 12
11 16
12 28
13 4
14 20
15 25
16 23
17 11
18 24
19 6
20 18
21 13
22 15
23 2
24 1
25 8
26 19
27 14
28 10
29 9
SIMILAR

12 17 20 28 25 24 19 2 23 13 14 27 21 0 22 26 10 5 7 11 1 16 9 8 18 15 4 29 6 3 
0 13
1 20
2 7
3 29
4 26
5 17
6 28
7 18
8 23
9 22
10 16
11 19
12 0
13 9
14 10
15 25
16 21
17 1
18 24
19 6
20 2
21 12
22 14
23 8
24 5
25 4
26 15
27 11
28 3
29 27
SIMILAR

29 13 27 26 23 21 7 14 2 8 16 9 6 18 24 19 20 17 25 15 22 5 0 12 4 11 3 1 28 10 
0 22
1 27
2 8
3 26
4 24
5 21
6 12
7 6
8 9
9 11
10 29
11 25
12 23
13 1
14 7
15 19
16 10
17 17
18 13
19 15
20 16
21 5
22 20
23 4
24 14
25 18
26 3
27 2
28 28
29 0
SIMILAR

18 27 24 16 3 29 0 12 13 19 17 20 26 8 28 14 25 5 4 7 23 10 6 9 1 2 15 21 22 11 
0 6
1 24
2 25
3 4
4 18
5 17
6 22
7 19
8 13
9 23
10 21
11 29
12 7
13 8
14 15
15 26
16 3
17 10
18 0
19 9
20 11
21 27
22 28
23 20
24 2
25 16
26 12
27 1
28 14
29 5
SIMILAR

9 23 27 6 12 1 8 5 28 20 7 14 11 18 15 19 22 16 21 26 3 13 29 17 24 25 0 2 10 4 
0 26
1 5
2 27
3 20
4 29
5 7
6 3
7 10
8 6
9 0
10 28
11 12
12 4
13 21
14 11
15 14
16 17
17 23
18 13
19 15
20 9
21 18
22 16
23 1
24 24
25 25
26 19
27 2
28 8
29 22
SIMILAR

12 8 7 14 26 0 5 17 29 27 21 13 19 24 15 22 11 3 6 1 18 20 23 28 25 2 10 4 9 16 
0 5
1 19
2 25
3 17
4 27
5 6
6 18
7 2
8 1
9 28
10 26
11 16
12 0
13 11
14 3
15 14
16 29
17 7
18 20
19 12
20 21
21 10
22 15
23 22
24 13
25 24
26 4
27 9
28 23
29 8
SIMILAR

25 9 19 24 20 26 14 12 7 0 2 18 10 4 5 1 22 6 3 11 21 16 27 28 17 29 13 8 23 15 
0 9
1 15
2 10
3 18
4 13
5 14
6 17
7 8
8 27
9 1
10 12
11 19
12 7
13 26
14 6
15 29
16 21
17 24
18 11
19 2
20 4
21 20
22 16
23 28
24 3
25 0
26 5
27 22
28 23
29 25
SIMILAR

26 11 8 20 1 18 27 3 10 15 2 29 22 16 7 0 23 13 21 4 12 28 5 25 19 6 9 17 24 14 
0 15
1 4
2 10
3 7
4 19
5 22
6 25
7 14
8 2
9 26
10 8
11 1
12 20
13 17
14 29
15 9
16 13
17 27
18 5
19 24
20 3
21 18
22 12
23 16
24 28
25 23
26 0
27 6
28 21
29 11
SIMILAR

27 19 0 11 1 16 20 10 8 21 5 3 29 15 9 7 28 4 24 23 26 25 6 17 13 18 22 14 2 12 
0 2
1 4
2 28
3 11
4 17
5 10
6 22
7 15
8 8
9 14
10 7
11 3
12 29
13 24
14 27
15 13
16 5
17 23
18 25
19 1
20 6
21 9
22 26
23 19
24 18
25 21
26 20
27 0
28 16
29 12
SIMILAR

14 21 7 26 22 9 5 13 16 0 10 18 29 27 2 20 28 8 6 25 1 24 15 11 23 19 3 17 4 12 
0 9
1 20
2 14
3 26
4 28
5 6
6 18
7 2
8 17
9 5
10 10
11 23
12 29
13 7
14 0
15 22
16 8
17 27
18 11
19 25
20 15
21 1
22 4
23 24
24 21
25 19
26 3
27 13
28 16
29 12
SIMILAR

14 21 18 19 4 1 12 8 27 7 11 15 9 28 6 17 13 2 23 0 22 20 5 3 10 26 25 16 29 24 
0 19
1 5
2 17
3 23
4 4
5 22
6 14
7 9
8 7
9 12
10 24
11 10
12 6
13 16
14 0
15 11
16 27
17 15
18 2
19 3
20 21
21 1
22 20
23 18
24 29
25 26
26 25
27 8
28 13
29 28
SIMILAR

9 29 5 17 6 27 10 25 2 28 3 23 19 13 14 8 22 26 0 12 24 16 1 7 11 18 20 15 4 21 
0 18
1 22
2 8
3 10
4 28
5 2
6 4
7 23
8 15
9 0
10 6
11 24
12 19
13 13
14 14
15 27
16 21
17 3
18 25
19 12
20 26
21 29
22 16
23 11
24 20
25 7
26 17
27 5
28 9
29 1
SIMILAR

11 13 17 6 19 1 22 9 14 25 18 28 3 8 4 10 20 23 16 27 2 12 24 15 5 26 29 21 0 7 
0 28
1 5
2 20
3 12
4 14
5 24
6 3
7 29
8 13
9 7
10 15
11 0
12 21
13 1
14 8
15 23
16 18
17 2
18 10
19 4
20 16
21 27
22 6
23 17
24 22
25 9
26 25
27 19
28 11
29 26
SIMILAR

6 22 12 19 15 0 5 27 2 3 8 18 26 4 13 23 11 29 14 16 17 20 1 25 21 24 9 10 28 7 
0 5
1 22
2 8
3 9
4 13
5 6
6 0
7 29
8 10
9 26
10 27
11 16
12 2
13 14
14 18
15 4
16 19
17 20
18 11
19 3
20 21
21 24
22 1
23 15
24 25
25 23
26 12
27 7
28 28
29 17
SIMILAR

16 12 17 23 0 25 1 3 22 19 4 28 18 10 6 9 24 26 8 5 7 14 11 2 27 20 13 29 21 15 
0 4
1 6
2 23
3 7
4 10
5 19
6 14
7 20
8 18
9 15
10 13
11 22
12 1
13 26
14 21
15 29
16 0
17 2
18 12
19 9
20 25
21 28
22 8
23 3
24 16
25 5
26 17
27 24
28 11
29 27
SIMILAR

18 25 19 5 11 9 3 22 2 0 7 4 14 28 27 15 12 21 29 1 26 6 24 13 20 10 8 17 16 23 
0 9
1 19
2 8
3 6
4 11
5 3
6 21
7 10
8 26
9 5
10 25
11 4
12 16
13 23
14 12
15 15
16 28
17 27
18 0
19 2
20 24
21 17
22 7
23 29
24 22
25 1
26 20
27 14
28 13
29 18
SIMILAR

6 12 14 0 18 9 28 16 11 22 26 4 15 21 7 25 19 8 17 24 20 10 29 1 23 2 27 13 5 3 
0 3
1 23
2 25
3 29
4 11
5 28
6 0
7 14
8 17
9 5
10 21
11 8
12 1
13 27
14 2
15 12
16 7
17 18
18 4
19 16
20 20
21 13
22 9
23 24
24 19
25 15
26 10
27 26
28 6
29 22
SIMILAR

25 14 20 0 15 1 13 8 4 10 6 24 5 3 27 12 29 21 17 18 26 2 28 7 16 23 9 22 11 19 
0 3
1 5
2 21
3 13
4 8
5 12
6 10
7 23
8 7
9 26
10 9
11 28
12 15
13 6
14 1
15 4
16 24
17 18
18 19
19 29
20 2
21 17
22 27
23 25
24 11
25 0
26 20
27 14
28 22
29 16
SIMILAR

18 6 20 14 13 23 27 17 15 11 10 16 28 22 12 7 19 1 25 5 26 4 3 2 9 21 29 24 8 0 
0 29
1 17
2 23
3 22
4 21
5 19
6 1
7 15
8 28
9 24
10 10
11 9
12 14
13 4
14 3
15 8
16 11
17 7
18 0
19 16
20 2
21 25
22 13
23 5
24 27
25 18
26 20
27 6
28 12
29 26
SIMILAR

20 18 26 21 6 3 12 17 4 24 15 13 1 10 5 14 11 7 22 29 27 25 16 8 9 2 23 0 28 19 
0 27
1 12
2 25
3 5
4 8
5 14
6 4
7 17
8 23
9 24
10 13
11 16
12 6
13 11
14 15
15 10
16 22
17 7
18 1
19 29
20 0
21 3
22 18
23 26
24 9
25 21
26 2
27 20
28 28
29 19
SIMILAR

21 4 7 13 23 1 0 27 22 10 19 28 26 9 17 6 16 14 12 29 3 15 25 18 8 20 2 5 24 11 
0 6
1 5
2 26
3 20
4 1
5 27
6 15
7 2
8 24
9 13
10 9
11 29
12 18
13 3
14 17
15 21
16 16
17 14
18 23
19 10
20 25
21 0
22 8
23 4
24 28
25 22
26 12
27 7
28 11
29 19
SIMILAR

23 28 5 4 2 20 21 7 15 14 12 1 18 19 29 22 6 17 0 8 9 25 3 16 10 24 26 27 13 11 
0 18
1 11
2 4
3 22
4 3
5 2
6 16
7 7
8 19
9 20
10 24
11 29
12 10
13 28
14 9
15 8
16 23
17 17
18 12
19 13
20 5
21 6
22 15
23 0
24 25
25 21
26 26
27 27
28 1
29 14
SIMILAR

13 9 15 25 24 22 4 8 27 5 26 10 6 18 2 19 1 23 21 3 17 28 16 0 14 20 11 12 7 29 
0 23
1 16
2 14
3 19
4 6
5 9
6 12
7 28
8 7
9 1
10 11
11 26
12 27
13 0
14 24
15 2
16 22
17 20
18 13
19 15
20 25
21 18
22 5
23 17
24 4
25 3
26 10
27 8
28 21
29 29
SIMILAR

20 14 2 10 6 1 7 12 22 18 16 3 27 4 15 9 0 26 17 23 25 19 21 11 28 13 29 24 5 8 
0 16
1 5
2 2
3 11
4 13
5 28
6 4
7 6
8 29
9 15
10 3
11 23
12 7
13 25
14 1
15 14
16 10
17 18
18 9
19 21
20 0
21 22
22 8
23 19
24 27
25 20
26 17
27 12
28 24
29 26
SIMILAR

24 12 20 10 26 19 23 22 13 11 21 14 4 17 16 25 15 27 2 5 7 3 8 1 9 0 6 28 29 18 
0 25
1 23
2 18
3 21
4 12
5 19
6 26
7 20
8 22
9 24
10 3
11 9
12 1
13 8
14 11
15 16
16 14
17 13
18 29
19 5
20 2
21 10
22 7
23 6
24 0
25 15
26 4
27 17
28 27
29 28
SIMILAR

27 24 3 11 12 23 9 25 17 28 29 10 26 8 15 7 21 2 22 16 14 1 19 20 0 13 4 6 5 18 
0 24
1 21
2 17
3 2
4 26
5 28
6 27
7 15
8 13
9 6
10 11
11 3
12 4
13 25
14 20
15 14
16 19
17 8
18 29
19 22
20 23
21 16
22 18
23 5
24 1
25 7
26 12
27 0
28 9
29 10
SIMILAR

29 22 19 25 24 5 13 14 7 10 12 0 6 20 18 21 2 4 27 3 11 26 1 9 16 28 15 23 17 8 
0 11
1 22
2 16
3 19
4 17
5 5
6 12
7 8
8 29
9 23
10 9
11 20
12 10
13 6
14 7
15 26
16 24
17 28
18 14
19 2
20 13
21 15
22 1
23 27
24 4
25 3
26 21
27 18
28 25
29 0
SIMILAR

9 23 8 21 17 3 11 26 15 4 6 29 28 0 25 12 22 20 7 13 24 27 2 5 14 16 19 10 1 18 
0 13
1 28
2 22
3 5
4 9
5 23
6 10
7 18
8 2
9 0
10 27
11 6
12 15
13 19
14 24
15 8
16 25
17 4
18 29
19 26
20 17
21 3
22 16
23 1
24 20
25 14
26 7
27 21
28 12
29 11
SIMILAR

17 2 8 0 1 22 24 28 11 4 25 14 10 3 19 12 7 16 15 9 20 6 26 27 29 18 23 13 21 5 
0 3
1 4
2 1
3 13
4 9
5 29
6 21
7 16
8 2
9 19
10 12
11 8
12 15
13 27
14 11
15 18
16 17
17 0
18 25
19 14
20 20
21 28
22 5
23 26
24 6
25 10
26 22
27 23
28 7
29 24
SIMILAR

20 12 2 13 6 15 10 21 29 4 19 5 3 8 27 0 24 1 18 9 28 23 22 16 11 25 17 7 26 14 
0 15
1 17
2 2
3 12
4 9
5 11
6 4
7 27
8 13
9 19
10 6
11 24
12 1
13 3
14 29
15 5
16 23
17 26
18 18
19 10
20 0
21 7
22 22
23 21
24 16
25 25
26 28
27 14
28 20
29 8
SIMILAR

21 13 4 14 27 8 29 16 11 18 28 26 15 24 17 10 12 25 0 2 5 1 3 9 20 7 22 6 19 23 
0 18
1 21
2 19
3 22
4 2
5 20
6 27
7 25
8 5
9 23
10 15
11 8
12 16
13 1
14 3
15 12
16 7
17 14
18 9
19 28
20 24
21 0
22 26
23 29
24 13
25 17
26 11
27 4
28 10
29 6
SIMILAR

11 20 15 3 25 17 8 7 4 18 23 24 29 2 5 6 22 28 9 12 27 1 14 16 19 13 0 10 21 26 
0 26
1 21
2 13
3 3
4 8
5 14
6 15
7 7
8 6
9 18
10 27
11 0
12 19
13 25
14 22
15 2
16 23
17 5
18 9
19 24
20 1
21 28
22 16
23 10
24 11
25 4
26 29
27 20
28 17
29 12
SIMILAR

1 8 0 22 25 5 15 11 23 13 18 4 12 27 19 10 20 29 7 24 2 14 16 17 26 28 9 21 6 3 
0 2
1 0
2 20
3 29
4 11
5 5
6 28
7 18
8 1
9 26
10 15
11 7
12 12
13 9
14 21
15 6
16 22
17 23
18 10
19 14
20 16
21 27
22 3
23 8
24 19
25 4
26 24
27 13
28 25
29 17
SIMILAR

1 9 14 6 8 22 13 0 2 16 24 20 25 23 4 15 29 19 17 12 3 28 11 7 21 5 18 10 26 27 
0 7
1 0
2 8
3 20
4 14
5 25
6 3
7 23
8 4
9 1
10 27
11 22
12 19
13 6
14 2
15 15
16 9
17 18
18 26
19 17
20 11
21 24
22 5
23 13
24 10
25 12
26 28
27 29
28 21
29 16
SIMILAR

25 0 6 24 20 28 22 11 29 8 3 17 4 5 12 15 26 1 10 2 23 19 9 21 13 14 18 16 27 7 
0 1
1 17
2 19
3 10
4 12
5 13
6 2
7 29
8 9
9 22
10 18
11 7
12 14
13 24
14 25
15 15
16 27
17 11
18 26
19 21
20 4
21 23
22 6
23 20
24 3
25 0
26 16
27 28
28 5
29 8
SIMILAR

29 7 12 26 19 11 5 0 1 27 4 9 18 14 10 13 16 20 2 24 17 23 21 6 8 15 3 22 28 25 
0 7
1 8
2 18
3 26
4 10
5 6
6 23
7 1
8 24
9 11
10 14
11 5
12 2
13 15
14 13
15 25
16 16
17 20
18 12
19 4
20 17
21 22
22 27
23 21
24 19
25 29
26 3
27 9
28 28
29 0
SIMILAR

6 0 24 13 5 9 2 7 18 17 20 10 8 11 12 26 28 14 16 27 22 25 19 23 21 29 4 3 1 15 
0 1
1 28
2 6
3 27
4 26
5 4
6 0
7 7
8 12
9 5
10 11
11 13
12 14
13 3
14 17
15 29
16 18
17 9
18 8
19 22
20 10
21 24
22 20
23 23
24 2
25 21
26 15
27 19
28 16
29 25
SIMILAR

2 9 29 17 16 1 11 3 28 20 26 21 22 0 13 15 24 27 6 4 8 19 5 14 10 12 7 25 18 23 
0 13
1 5
2 0
3 7
4 19
5 22
6 18
7 26
8 20
9 1
10 24
11 6
12 25
13 14
14 23
15 15
16 4
17 3
18 28
19 21
20 9
21 11
22 12
23 29
24 16
25 27
26 10
27 17
28 8
29 2
SIMILAR

29 2 22 20 21 23 18 9 10 24 8 25 19 13 14 3 12 26 4 11 0 7 1 17 5 15 28 16 27 6 
0 20
1 22
2 1
3 15
4 18
5 24
6 29
7 21
8 10
9 7
10 8
11 19
12 16
13 13
14 14
15 25
16 27
17 23
18 6
19 12
20 3
21 4
22 2
23 5
24 9
25 11
26 17
27 28
28 26
29 0
SIMILAR

6 22 12 28 16 24 1 2 4 21 8 15 5 10 14 7 17 29 0 23 19 26 13 3 18 20 27 11 25 9 
0 18
1 6
2 7
3 23
4 8
5 12
6 0
7 15
8 10
9 29
10 13
11 27
12 2
13 22
14 14
15 11
16 4
17 16
18 24
19 20
20 25
21 9
22 1
23 19
24 5
25 28
26 21
27 26
28 3
29 17
SIMILAR

27 14 19 10 2 9 8 23 29 24 28 11 1 17 5 22 12 18 16 6 20 15 25 0 26 13 21 3 4 7 
0 23
1 12
2 4
3 27
4 28
5 14
6 19
7 29
8 6
9 5
10 3
11 11
12 16
13 25
14 1
15 21
16 18
17 13
18 17
19 2
20 20
21 26
22 15
23 7
24 9
25 22
26 24
27 0
28 10
29 8
SIMILAR

24 29 3 22 18 16 15 17 20 6 2 10 0 1 27 13 25 14 28 9 11 21 19 7 5 26 23 8 12 4 
0 12
1 13
2 10
3 2
4 29
5 24
6 9
7 23
8 27
9 19
10 11
11 20
12 28
13 15
14 17
15 6
16 5
17 7
18 4
19 22
20 8
21 21
22 3
23 26
24 0
25 16
26 25
27 14
28 18
29 1
SIMILAR

12 0 11 23 24 15 9 3 21 18 22 13 16 28 1 5 20 26 14 8 10 6 2 27 7 4 25 19 29 17 
0 1
1 14
2 22
3 7
4 25
5 15
6 21
7 24
8 19
9 6
10 20
11 2
12 0
13 11
14 18
15 5
16 12
17 29
18 9
19 27
20 16
21 8
22 10
23 3
24 4
25 26
26 17
27 23
28 13
29 28
SIMILAR

2 16 23 8 1 29 12 5 4 25 17 0 10 28 24 11 26 20 6 14 22 21 15 3 27 13 18 19 7 9 
0 11
1 4
2 0
3 23
4 8
5 7
6 18
7 28
8 3
9 29
10 12
11 15
12 6
13 25
14 19
15 22
16 1
17 10
18 26
19 27
20 17
21 21
22 20
23 2
24 14
25 9
26 16
27 24
28 13
29 5
SIMILAR

7 11 6 14 0 27 22 8 20 5 29 26 16 25 17 4 1 18 3 9 23 2 28 24 10 13 21 12 15 19 
0 4
1 16
2 21
3 18
4 15
5 9
6 2
7 0
8 7
9 19
10 24
11 1
12 27
13 25
14 3
15 28
16 12
17 14
18 17
19 29
20 8
21 26
22 6
23 20
24 23
25 13
26 11
27 5
28 22
29 10
SIMILAR

23 19 8 1 26 15 2 17 14 5 27 28 21 11 12 18 6 7 24 3 10 13 16 20 29 25 9 4 0 22 
0 28
1 3
2 6
3 19
4 27
5 9
6 16
7 17
8 2
9 26
10 20
11 13
12 14
13 21
14 8
15 5
16 22
17 7
18 15
19 1
20 23
21 12
22 29
23 0
24 18
25 25
26 4
27 10
28 11
29 24
SIMILAR

27 5 25 1 13 20 23 10 14 4 12 19 17 21 16 24 15 22 26 3 29 9 6 28 0 18 8 11 2 7 
0 24
1 3
2 28
3 19
4 9
5 1
6 22
7 29
8 26
9 21
10 7
11 27
12 10
13 4
14 8
15 16
16 14
17 12
18 25
19 11
20 5
21 13
22 17
23 6
24 15
25 2
26 18
27 0
28 23
29 20
SIMILAR

15 9 16 21 25 14 28 0 20 24 2 13 19 8 1 6 4 7 17 23 5 18 3 22 12 27 26 29 10 11 
0 7
1 14
2 10
3 22
4 16
5 20
6 15
7 17
8 13
9 1
10 28
11 29
12 24
13 11
14 5
15 0
16 2
17 18
18 21
19 12
20 8
21 3
22 23
23 19
24 9
25 4
26 26
27 25
28 6
29 27
SIMILAR

14 22 26 13 19 25 0 27 17 1 5 6 28 12 15 8 10 18 2 29 23 20 21 24 11 16 4 3 7 9 
0 6
1 9
2 18
3 27
4 26
5 10
6 11
7 28
8 15
9 29
10 16
11 24
12 13
13 3
14 0
15 14
16 25
17 8
18 17
19 4
20 21
21 22
22 1
23 20
24 23
25 5
26 2
27 7
28 12
29 19
SIMILAR

23 15 22 19 29 21 7 20 0 3 4 11 16 2 17 1 26 5 8 27 13 6 12 9 18 28 24 25 14 10 
0 8
1 15
2 13
3 9
4 10
5 17
6 21
7 6
8 18
9 23
10 29
11 11
12 22
13 20
14 28
15 1
16 12
17 14
18 24
19 3
20 7
21 5
22 2
23 0
24 26
25 27
26 16
27 19
28 25
29 4
SIMILAR

13 25 10 6 15 8 1 19 20 23 21 14 27 5 22 11 3 18 12 9 4 28 7 24 16 17 29 26 2 0 
0 29
1 6
2 28
3 16
4 20
5 13
6 3
7 22
8 5
9 19
10 2
11 15
12 18
13 0
14 11
15 4
16 24
17 25
18 17
19 7
20 8
21 10
22 14
23 9
24 23
25 1
26 27
27 12
28 21
29 26
SIMILAR

1 9 6 17 21 8 10 0 27 20 18 25 19 11 13 23 26 2 5 15 14 16 28 24 4 7 12 3 22 29 
0 7
1 0
2 17
3 27
4 24
5 18
6 2
7 25
8 5
9 1
10 6
11 13
12 26
13 14
14 20
15 19
16 21
17 3
18 10
19 12
20 9
21 4
22 28
23 15
24 23
25 11
26 16
27 8
28 22
29 29
SIMILAR

29 24 4 22 5 0 6 25 2 16 3 21 13 18 17 1 23 10 11 12 20 15 19 28 27 7 14 9 26 8 
0 5
1 15
2 8
3 10
4 2
5 4
6 6
7 25
8 29
9 27
10 17
11 18
12 19
13 12
14 26
15 21
16 9
17 14
18 13
19 22
20 20
21 11
22 3
23 16
24 1
25 7
26 28
27 24
28 23
29 0
SIMILAR

5 1 14 15 20 3 26 17 8 23 12 18 22 10 9 21 6 13 29 16 25 4 19 28 24 0 7 2 11 27 
0 25
1 1
2 27
3 5
4 21
5 0
6 16
7 26
8 8
9 14
10 13
11 28
12 10
13 17
14 2
15 3
16 19
17 7
18 11
19 22
20 4
21 15
22 12
23 9
24 24
25 20
26 6
27 29
28 23
29 18
SIMILAR

2 22 5 9 12 20 13 17 26 7 3 18 16 24 4 10 1 25 21 6 23 15 11 27 14 28 0 19 29 8 
0 26
1 16
2 0
3 10
4 14
5 2
6 19
7 9
8 29
9 3
10 15
11 22
12 4
13 6
14 24
15 21
16 12
17 7
18 11
19 27
20 5
21 18
22 1
23 20
24 13
25 17
26 8
27 23
28 25
29 28
SIMILAR

18 25 2 19 27 15 16 4 7 28 23 10 14 24 8 17 3 20 22 11 21 29 0 26 5 1 9 6 13 12 
0 22
1 25
2 2
3 16
4 7
5 24
6 27
7 8
8 14
9 26
10 11
11 19
12 29
13 28
14 12
15 5
16 6
17 15
18 0
19 3
20 17
21 20
22 18
23 10
24 13
25 1
26 23
27 4
28 9
29 21
SIMILAR

20 19 2 22 5 9 26 24 18 27 29 17 12 13 28 0 6 10 8 11 16 7 3 21 25 14 1 23 15 4 
0 15
1 26
2 2
3 22
4 29
5 4
6 16
7 21
8 18
9 5
10 17
11 19
12 12
13 13
14 25
15 28
16 20
17 11
18 8
19 1
20 0
21 23
22 3
23 27
24 7
25 24
26 6
27 9
28 14
29 10
SIMILAR

2 5 22 25 23 19 6 20 28 12 14 17 26 27 29 0 21 11 13 3 18 1 7 16 9 15 10 24 8 4 
0 15
1 21
2 0
3 19
4 29
5 1
6 6
7 22
8 28
9 24
10 26
11 17
12 9
13 18
14 10
15 25
16 23
17 11
18 20
19 5
20 7
21 16
22 2
23 4
24 27
25 3
26 12
27 13
28 8
29 14
SIMILAR

19 17 24 25 27 4 21 3 14 1 18 0 22 16 2 8 29 26 7 11 10 12 20 28 6 23 5 9 13 15 
0 11
1 9
2 14
3 7
4 5
5 26
6 24
7 18
8 15
9 27
10 20
11 19
12 21
13 28
14 8
15 29
16 13
17 1
18 10
19 0
20 22
21 6
22 12
23 25
24 2
25 3
26 17
27 4
28 23
29 16
SIMILAR

28 17 16 12 11 1 27 10 14 9 22 25 5 4 0 2 18 15 13 7 29 24 19 26 21 3 20 8 6 23 
0 14
1 5
2 15
3 25
4 13
5 12
6 28
7 19
8 27
9 9
10 7
11 4
12 3
13 18
14 8
15 17
16 2
17 1
18 16
19 22
20 26
21 24
22 10
23 29
24 21
25 11
26 23
27 6
28 0
29 20
SIMILAR

12 7 24 0 19 17 15 10 6 9 26 25 22 1 27 5 16 21 2 23 14 18 29 4 3 11 20 8 28 13 
0 3
1 13
2 18
3 24
4 23
5 15
6 8
7 1
8 27
9 9
10 7
11 25
12 0
13 29
14 20
15 6
16 16
17 5
18 21
19 4
20 26
21 17
22 12
23 19
24 2
25 11
26 10
27 14
28 28
29 22
SIMILAR

9 24 17 29 19 14 16 8 21 20 4 27 15 7 25 11 10 6 1 13 28 18 22 5 26 12 0 3 2 23 
0 26
1 18
2 28
3 27
4 10
5 23
6 17
7 13
8 7
9 0
10 16
11 15
12 25
13 19
14 5
15 12
16 6
17 2
18 21
19 4
20 9
21 8
22 22
23 29
24 1
25 14
26 24
27 11
28 20
29 3
SIMILAR

29 6 3 26 28 5 23 20 24 27 0 14 10 8 18 15 21 13 16 12 4 25 11 17 9 22 1 19 7 2 
0 10
1 26
2 29
3 2
4 20
5 5
6 1
7 28
8 13
9 24
10 12
11 22
12 19
13 17
14 11
15 15
16 18
17 23
18 14
19 27
20 7
21 16
22 25
23 6
24 8
25 21
26 3
27 9
28 4
29 0
SIMILAR

3 26 18 12 2 21 11 13 15 10 27 24 9 1 19 14 29 20 0 28 23 7 8 5 22 6 4 17 16 25 
0 18
1 13
2 4
3 0
4 26
5 23
6 25
7 21
8 22
9 12
10 9
11 6
12 3
13 7
14 15
15 8
16 28
17 27
18 2
19 14
20 17
21 5
22 24
23 20
24 11
25 29
26 1
27 10
28 19
29 16
SIMILAR

5 20 3 17 8 4 13 6 18 9 11 16 1 7 21 2 25 27 28 22 15 23 0 10 24 26 29 19 12 14 
0 22
1 12
2 15
3 2
4 5
5 0
6 7
7 13
8 4
9 9
10 23
11 10
12 28
13 6
14 29
15 20
16 11
17 3
18 8
19 27
20 1
21 14
22 19
23 21
24 24
25 16
26 25
27 17
28 18
29 26
SIMILAR

28 12 7 9 14 21 19 24 25 15 27 22 1 11 3 23 10 8 20 0 29 4 13 6 18 5 16 17 2 26 
0 19
1 12
2 28
3 14
4 21
5 25
6 23
7 2
8 17
9 3
10 16
11 13
12 1
13 22
14 4
15 9
16 26
17 27
18 24
19 6
20 18
21 5
22 11
23 15
24 7
25 8
26 29
27 10
28 0
29 20
SIMILAR

5 16 11 4 25 26 1 13 3 24 20 8 29 14 9 7 0 15 28 10 22 2 23 21 12 6 18 17 27 19 
0 16
1 6
2 21
3 8
4 3
5 0
6 25
7 15
8 11
9 14
10 19
11 2
12 24
13 7
14 13
15 17
16 1
17 27
18 26
19 29
20 10
21 23
22 20
23 22
24 9
25 4
26 5
27 28
28 18
29 12
SIMILAR

6 8 28 19 17 23 22 12 13 18 26 21 4 16 0 9 2 1 10 24 5 15 25 29 14 3 27 20 11 7 
0 14
1 17
2 16
3 25
4 12
5 20
6 0
7 29
8 1
9 15
10 18
11 28
12 7
13 8
14 24
15 21
16 13
17 4
18 9
19 3
20 27
21 11
22 6
23 5
24 19
25 22
26 10
27 26
28 2
29 23
SIMILAR

5 14 11 21 9 25 12 19 8 18 0 6 16 7 26 27 1 10 29 23 3 28 24 22 15 4 20 2 13 17 
0 10
1 16
2 27
3 20
4 25
5 0
6 11
7 13
8 8
9 4
10 17
11 2
12 6
13 28
14 1
15 24
16 12
17 29
18 9
19 7
20 26
21 3
22 23
23 19
24 22
25 5
26 14
27 15
28 21
29 18
SIMILAR

12 11 7 17 6 25 15 27 28 26 16 13 24 1 3 29 14 22 8 5 18 0 21 19 2 4 10 9 23 20 
0 21
1 13
2 24
3 14
4 25
5 19
6 4
7 2
8 18
9 27
10 26
11 1
12 0
13 11
14 16
15 6
16 10
17 3
18 20
19 23
20 29
21 22
22 17
23 28
24 12
25 5
26 9
27 7
28 8
29 15
SIMILAR

5 7 17 9 0 21 16 14 18 10 13 4 12 20 11 1 26 6 25 29 15 19 3 28 24 8 22 27 23 2 
0 4
1 15
2 29
3 22
4 11
5 0
6 17
7 1
8 25
9 3
10 9
11 14
12 12
13 10
14 7
15 20
16 6
17 2
18 8
19 21
20 13
21 5
22 26
23 28
24 24
25 18
26 16
27 27
28 23
29 19
SIMILAR

3 13 29 1 18 28 12 7 19 17 20 25 8 15 16 14 21 2 22 27 24 10 4 11 0 6 9 26 5 23 
0 24
1 3
2 17
3 0
4 22
5 28
6 25
7 7
8 12
9 26
10 21
11 23
12 6
13 1
14 15
15 13
16 14
17 9
18 4
19 8
20 10
21 16
22 18
23 29
24 20
25 11
26 27
27 19
28 5
29 2
SIMILAR

5 0 14 21 16 12 6 23 27 25 13 15 9 3 22 10 1 18 17 28 2 20 24 4 29 19 11 26 7 8 
0 1
1 16
2 20
3 13
4 23
5 0
6 6
7 28
8 29
9 12
10 15
11 26
12 5
13 10
14 2
15 11
16 4
17 18
18 17
19 25
20 21
21 3
22 14
23 7
24 22
25 9
26 27
27 8
28 19
29 24
SIMILAR

1 25 3 13 6 17 14 18 4 9 22 26 12 23 11 16 20 5 29 0 8 10 27 7 19 15 21 24 2 28 
0 19
1 0
2 28
3 2
4 8
5 17
6 4
7 23
8 20
9 9
10 21
11 14
12 12
13 3
14 6
15 25
16 15
17 5
18 7
19 24
20 16
21 26
22 10
23 13
24 27
25 1
26 11
27 22
28 29
29 18
SIMILAR

4 13 3 11 1 8 12 17 5 0 29 21 26 20 19 22 15 10 24 25 2 23 14 28 7 18 9 6 27 16 
0 9
1 4
2 20
3 2
4 0
5 8
6 27
7 24
8 5
9 26
10 17
11 3
12 6
13 1
14 22
15 16
16 29
17 7
18 25
19 14
20 13
21 11
22 15
23 21
24 18
25 19
26 12
27 28
28 23
29 10
SIMILAR

13 10 11 24 7 6 29 22 20 0 4 28 17 26 19 18 5 14 25 15 9 16 12 23 27 3 8 2 1 21 
0 9
1 28
2 27
3 25
4 10
5 16
6 5
7 4
8 26
9 20
10 1
11 2
12 22
13 0
14 17
15 19
16 21
17 12
18 15
19 14
20 8
21 29
22 7
23 23
24 3
25 18
26 13
27 24
28 11
29 6
SIMILAR

0 10 26 27 17 1 29 22 16 18 14 8 24 23 15 9 7 19 2 13 21 4 6 3 12 20 5 11 25 28 
0 0
1 5
2 18
3 23
4 21
5 26
6 22
7 16
8 11
9 15
10 1
11 27
12 24
13 19
14 10
15 14
16 8
17 4
18 9
19 17
20 25
21 20
22 7
23 13
24 12
25 28
26 2
27 3
28 29
29 6
SIMILAR
100 0
2100 0
262100 0
