30
0 1 0 1 1 0 0 1 1 0 1 0 0 1 0 0 1 1 1 0 1 0 0 1 0 1 0 0 1 0 
1 0 1 0 1 0 0 1 1 1 1 1 0 0 0 0 1 0 0 1 1 0 1 0 1 0 1 1 0 0 
0 1 0 1 0 0 0 0 1 0 0 0 0 1 1 0 0 1 1 1 0 1 1 1 1 0 0 1 1 1 
1 0 1 0 0 0 1 1 1 0 1 1 0 1 0 0 1 1 0 1 1 1 0 0 1 1 1 0 1 1 
1 1 0 0 0 1 0 0 1 1 1 1 0 1 0 0 1 1 1 1 0 1 1 1 1 0 0 1 0 0 
0 0 0 0 1 0 1 0 0 0 1 0 1 0 0 0 1 1 0 0 0 1 1 1 1 1 0 0 0 0 
0 0 0 1 0 1 0 1 1 1 1 0 0 0 0 1 1 0 0 1 1 0 1 0 0 0 0 1 1 1 
1 1 0 1 0 0 1 0 0 0 0 0 1 1 1 1 0 1 1 0 1 0 1 1 1 1 0 1 0 1 
1 1 1 1 1 0 1 0 0 1 0 0 0 0 0 1 1 1 0 0 1 0 0 1 0 1 1 0 0 1 
0 1 0 0 1 0 1 0 1 0 0 1 1 0 0 1 1 1 1 0 0 0 1 0 1 0 0 1 0 1 
1 1 0 1 1 1 1 0 0 0 0 0 1 1 0 1 1 1 1 1 0 0 0 0 0 1 0 0 0 1 
0 1 0 1 1 0 0 0 0 1 0 0 1 1 1 0 1 0 1 1 1 1 1 0 1 0 1 1 0 1 
0 0 0 0 0 1 0 1 0 1 1 1 0 0 1 0 1 1 0 0 0 1 1 0 0 0 0 0 1 0 
1 0 1 1 1 0 0 1 0 0 1 1 0 0 1 1 0 1 1 1 1 0 0 0 1 0 1 0 0 0 
0 0 1 0 0 0 0 1 0 0 0 1 1 1 0 1 0 1 0 0 1 0 1 0 1 0 0 1 0 1 
0 0 0 0 0 0 1 1 1 1 1 0 0 1 1 0 0 1 0 0 0 0 1 1 0 1 1 0 1 0 
1 1 0 1 1 1 1 0 1 1 1 1 1 0 0 0 0 0 0 0 0 1 0 1 0 0 0 1 0 0 
1 0 1 1 1 1 0 1 1 1 1 0 1 1 1 1 0 0 0 0 0 0 1 0 1 1 0 1 1 1 
1 0 1 0 1 0 0 1 0 1 1 1 0 1 0 0 0 0 0 0 0 1 1 0 0 0 1 1 1 0 
0 1 1 1 1 0 1 0 0 0 1 1 0 1 0 0 0 0 0 0 0 1 1 1 1 0 0 1 1 1 
1 1 0 1 0 0 1 1 1 0 0 1 0 1 1 0 0 0 0 0 0 1 1 0 0 0 1 1 1 0 
0 0 1 1 1 1 0 0 0 0 0 1 1 0 0 0 1 0 1 1 1 0 1 1 0 1 0 1 1 1 
0 1 1 0 1 1 1 1 0 1 0 1 1 0 1 1 0 1 1 1 1 1 0 1 1 1 0 1 1 1 
1 0 1 0 1 1 0 1 1 0 0 0 0 0 0 1 1 0 0 1 0 1 1 0 1 1 0 0 0 0 
0 1 1 1 1 1 0 1 0 1 0 1 0 1 1 0 0 1 0 1 0 0 1 1 0 0 0 0 0 0 
1 0 0 1 0 1 0 1 1 0 1 0 0 0 0 1 0 1 0 0 0 1 1 1 0 0 0 1 0 0 
0 1 0 1 0 0 0 0 1 0 0 1 0 1 0 1 0 0 1 0 1 0 0 0 0 0 0 1 0 1 
0 1 1 0 1 0 1 1 0 1 0 1 0 0 1 0 1 1 1 1 1 1 1 0 0 1 1 0 0 1 
1 0 1 1 0 0 1 0 0 0 0 0 1 0 0 1 0 1 1 1 1 1 1 0 0 0 0 0 0 1 
0 0 1 1 0 0 1 1 1 1 1 1 0 0 1 0 0 1 0 1 0 1 1 0 0 0 1 1 1 0 

15 24 25 18 20 14 8 6 7 3 4 1 10 5 9 2 12 0 22 23 21 11 29 19 17 26 16 28 27 13 
0 17
1 11
2 15
3 9
4 10
5 13
6 7
7 8
8 6
9 14
10 12
11 21
12 16
13 29
14 5
15 0
16 26
17 24
18 3
19 23
20 4
21 20
22 18
23 19
24 1
25 2
26 25
27 28
28 27
29 22
SIMILAR

4 11 2 17 15 19 8 14 20 23 1 24 5 12 16 7 25 22 0 6 29 9 3 10 13 27 21 18 28 26 
0 18
1 10
2 2
3 22
4 0
5 12
6 19
7 15
8 6
9 21
10 23
11 1
12 13
13 24
14 7
15 4
16 14
17 3
18 27
19 5
20 8
21 26
22 17
23 9
24 11
25 16
26 29
27 25
28 28
29 20
SIMILAR

4 8 29 5 24 10 14 20 12 27 22 13 6 2 7 3 28 19 15 18 26 11 9 25 1 23 16 21 17 0 
0 29
1 24
2 13
3 15
4 0
5 3
6 12
7 14
8 1
9 22
10 5
11 21
12 8
13 11
14 6
15 18
16 26
17 28
18 19
19 17
20 7
21 27
22 10
23 25
24 4
25 23
26 20
27 9
28 16
29 2
SIMILAR

12 20 15 29 24 25 3 18 0 16 23 26 14 27 13 4 6 22 8 21 19 5 7 28 17 11 9 1 10 2 
0 8
1 27
2 29
3 6
4 15
5 21
6 16
7 22
8 18
9 26
10 28
11 25
12 0
13 14
14 12
15 2
16 9
17 24
18 7
19 20
20 1
21 19
22 17
23 10
24 4
25 5
26 11
27 13
28 23
29 3
SIMILAR

10 23 7 11 21 24 15 19 22 1 16 28 5 25 17 9 27 20 2 0 3 12 18 29 14 13 26 6 8 4 
0 19
1 9
2 18
3 20
4 29
5 12
6 27
7 2
8 28
9 15
10 0
11 3
12 21
13 25
14 24
15 6
16 10
17 14
18 22
19 7
20 17
21 4
22 8
23 1
24 5
25 13
26 26
27 16
28 11
29 23
SIMILAR

27 1 5 28 17 11 20 4 12 16 21 3 8 25 6 23 2 18 7 22 14 9 19 26 24 0 15 13 29 10 
0 25
1 1
2 16
3 11
4 7
5 2
6 14
7 18
8 12
9 21
10 29
11 5
12 8
13 27
14 20
15 26
16 9
17 4
18 17
19 22
20 6
21 10
22 19
23 15
24 24
25 13
26 23
27 0
28 3
29 28
SIMILAR

13 23 3 17 6 19 18 8 16 7 26 9 25 1 0 29 28 4 10 2 11 27 15 22 24 14 20 5 21 12 
0 14
1 13
2 19
3 2
4 17
5 27
6 4
7 9
8 7
9 11
10 18
11 20
12 29
13 0
14 25
15 22
16 8
17 3
18 6
19 5
20 26
21 28
22 23
23 1
24 24
25 12
26 10
27 21
28 16
29 15
SIMILAR

20 7 29 3 0 23 11 19 5 15 21 16 28 2 9 13 12 1 18 14 24 6 8 17 22 10 26 4 27 25 
0 4
1 17
2 13
3 3
4 27
5 8
6 21
7 1
8 22
9 14
10 25
11 6
12 16
13 15
14 19
15 9
16 11
17 23
18 18
19 7
20 0
21 10
22 24
23 5
24 20
25 29
26 26
27 28
28 12
29 2
SIMILAR

5 27 4 29 15 14 2 25 0 6 28 7 17 24 23 16 26 1 3 18 10 8 12 21 22 19 9 13 20 11 
0 8
1 17
2 6
3 18
4 2
5 0
6 9
7 11
8 21
9 26
10 20
11 29
12 22
13 27
14 5
15 4
16 15
17 12
18 19
19 25
20 28
21 23
22 24
23 14
24 13
25 7
26 16
27 1
28 10
29 3
SIMILAR

18 24 0 27 1 5 28 19 9 29 23 21 7 15 25 20 12 6 2 3 22 17 13 8 14 16 4 11 10 26 
0 2
1 4
2 18
3 19
4 26
5 5
6 17
7 12
8 23
9 8
10 28
11 27
12 16
13 22
14 24
15 13
16 25
17 21
18 0
19 7
20 15
21 11
22 20
23 10
24 1
25 14
26 29
27 3
28 6
29 9
SIMILAR

4 24 5 9 8 20 12 19 16 25 22 29 1 14 3 7 6 2 13 17 0 11 26 21 10 18 28 27 23 15 
0 20
1 12
2 17
3 14
4 0
5 2
6 16
7 15
8 4
9 3
10 24
11 21
12 6
13 18
14 13
15 29
16 8
17 19
18 25
19 7
20 5
21 23
22 10
23 28
24 1
25 9
26 22
27 27
28 26
29 11
SIMILAR

1 24 13 7 19 3 14 16 27 20 21 2 0 6 9 29 8 18 26 15 4 25 10 28 17 11 12 22 5 23 
0 12
1 0
2 11
3 5
4 20
5 28
6 13
7 3
8 16
9 14
10 22
11 25
12 26
13 2
14 6
15 19
16 7
17 24
18 17
19 4
20 9
21 10
22 27
23 29
24 1
25 21
26 18
27 8
28 23
29 15
SIMILAR

2 14 7 13 9 19 8 27 21 1 10 20 26 17 22 12 3 4 23 28 6 25 11 5 16 18 0 24 29 15 
0 26
1 9
2 0
3 16
4 17
5 23
6 20
7 2
8 6
9 4
10 10
11 22
12 15
13 3
14 1
15 29
16 24
17 13
18 25
19 5
20 11
21 8
22 14
23 18
24 27
25 21
26 12
27 7
28 19
29 28
SIMILAR

10 1 26 15 21 22 2 20 5 9 13 17 28 18 3 11 8 12 27 4 16 29 7 0 19 6 14 23 25 24 
0 23
1 1
2 6
3 14
4 19
5 8
6 25
7 22
8 16
9 9
10 0
11 15
12 17
13 10
14 26
15 3
16 20
17 11
18 13
19 24
20 7
21 4
22 5
23 27
24 29
25 28
26 2
27 18
28 12
29 21
SIMILAR

10 29 7 17 18 1 3 5 27 6 13 20 2 26 25 21 16 19 22 15 28 14 11 0 24 12 8 9 4 23 
0 23
1 5
2 12
3 6
4 28
5 7
6 9
7 2
8 26
9 27
10 0
11 22
12 25
13 10
14 21
15 19
16 16
17 3
18 4
19 17
20 11
21 15
22 18
23 29
24 24
25 14
26 13
27 8
28 20
29 1
SIMILAR

24 15 16 28 29 10 20 19 13 6 2 4 14 5 17 27 7 25 12 3 0 23 9 8 1 18 26 22 11 21 
0 20
1 24
2 10
3 19
4 11
5 13
6 9
7 16
8 23
9 22
10 5
11 28
12 18
13 8
14 12
15 1
16 2
17 14
18 25
19 7
20 6
21 29
22 27
23 21
24 0
25 17
26 26
27 15
28 3
29 4
SIMILAR

0 6 3 18 13 17 20 5 7 22 25 2 4 10 8 11 19 15 24 27 16 9 1 26 12 14 28 29 23 21 
0 0
1 22
2 11
3 2
4 12
5 7
6 1
7 8
8 14
9 21
10 13
11 15
12 24
13 4
14 25
15 17
16 20
17 5
18 3
19 16
20 6
21 29
22 9
23 28
24 18
25 10
26 23
27 19
28 26
29 27
SIMILAR

17 11 10 20 26 21 0 1 9 22 13 23 2 18 19 8 15 16 12 7 3 5 28 29 27 25 24 14 6 4 
0 6
1 7
2 12
3 20
4 29
5 21
6 28
7 19
8 15
9 8
10 2
11 1
12 18
13 10
14 27
15 16
16 17
17 0
18 13
19 14
20 3
21 5
22 9
23 11
24 26
25 25
26 4
27 24
28 22
29 23
SIMILAR

11 14 17 2 4 12 6 23 25 16 27 13 22 24 8 15 21 18 10 26 3 20 19 29 5 9 28 1 7 0 
0 29
1 27
2 3
3 20
4 4
5 24
6 6
7 28
8 14
9 25
10 18
11 0
12 5
13 11
14 1
15 15
16 9
17 2
18 17
19 22
20 21
21 16
22 12
23 7
24 13
25 8
26 19
27 10
28 26
29 23
SIMILAR

0 29 26 16 28 18 3 19 23 13 9 22 25 11 27 1 17 12 15 4 14 8 21 2 24 6 10 7 5 20 
0 0
1 15
2 23
3 6
4 19
5 28
6 25
7 27
8 21
9 10
10 26
11 13
12 17
13 9
14 20
15 18
16 3
17 16
18 5
19 7
20 29
21 22
22 11
23 8
24 24
25 12
26 2
27 14
28 4
29 1
SIMILAR

2 24 8 13 12 26 27 4 0 21 1 10 3 7 20 16 9 6 22 18 23 29 28 15 17 14 11 25 19 5 
0 8
1 10
2 0
3 12
4 7
5 29
6 17
7 13
8 2
9 16
10 11
11 26
12 4
13 3
14 25
15 23
16 15
17 24
18 19
19 28
20 14
21 9
22 18
23 20
24 1
25 27
26 5
27 6
28 22
29 21
SIMILAR

11 0 21 27 23 1 25 13 18 20 29 9 4 22 16 2 12 19 28 10 8 15 5 24 3 26 6 7 14 17 
0 1
1 5
2 15
3 24
4 12
5 22
6 26
7 27
8 20
9 11
10 19
11 0
12 16
13 7
14 28
15 21
16 14
17 29
18 8
19 17
20 9
21 2
22 13
23 4
24 23
25 6
26 25
27 3
28 18
29 10
SIMILAR

26 4 24 20 21 2 0 8 19 6 18 27 29 7 14 13 1 17 11 5 16 10 9 15 28 23 22 3 25 12 
0 6
1 16
2 5
3 27
4 1
5 19
6 9
7 13
8 7
9 22
10 21
11 18
12 29
13 15
14 14
15 23
16 20
17 17
18 10
19 8
20 3
21 4
22 26
23 25
24 2
25 28
26 0
27 11
28 24
29 12
SIMILAR

10 23 25 7 20 2 8 4 28 1 5 3 29 21 27 19 12 24 17 15 11 22 9 26 14 16 6 18 13 0 
0 29
1 9
2 5
3 11
4 7
5 10
6 26
7 3
8 6
9 22
10 0
11 20
12 16
13 28
14 24
15 19
16 25
17 18
18 27
19 15
20 4
21 13
22 21
23 1
24 17
25 2
26 23
27 14
28 8
29 12
SIMILAR

18 8 22 14 24 21 6 26 28 13 15 7 11 17 5 19 16 9 20 23 29 2 3 1 0 10 4 25 12 27 
0 24
1 23
2 21
3 22
4 26
5 14
6 6
7 11
8 1
9 17
10 25
11 12
12 28
13 9
14 3
15 10
16 16
17 13
18 0
19 15
20 18
21 5
22 2
23 19
24 4
25 27
26 7
27 29
28 8
29 20
SIMILAR

24 19 25 2 10 1 18 4 8 13 11 6 0 3 27 28 22 21 23 7 15 5 26 14 29 9 12 16 20 17 
0 12
1 5
2 3
3 13
4 7
5 21
6 11
7 19
8 8
9 25
10 4
11 10
12 26
13 9
14 23
15 20
16 27
17 29
18 6
19 1
20 28
21 17
22 16
23 18
24 0
25 2
26 22
27 14
28 15
29 24
SIMILAR

16 4 14 9 18 19 11 15 8 21 13 2 28 0 26 20 22 10 12 29 6 25 5 27 3 23 1 7 24 17 
0 13
1 26
2 11
3 24
4 1
5 22
6 20
7 27
8 8
9 3
10 17
11 6
12 18
13 10
14 2
15 7
16 0
17 29
18 4
19 5
20 15
21 9
22 16
23 25
24 28
25 21
26 14
27 23
28 12
29 19
SIMILAR

12 25 20 7 1 21 22 3 19 24 13 27 28 10 29 5 9 6 26 11 0 14 15 4 2 23 18 17 8 16 
0 20
1 4
2 24
3 7
4 23
5 15
6 17
7 3
8 28
9 16
10 13
11 19
12 0
13 10
14 21
15 22
16 29
17 27
18 26
19 8
20 2
21 5
22 6
23 25
24 9
25 1
26 18
27 11
28 12
29 14
SIMILAR

12 29 2 14 0 28 13 23 25 3 11 4 18 15 1 10 16 27 6 5 19 21 9 22 8 7 17 26 20 24 
0 4
1 14
2 2
3 9
4 11
5 19
6 18
7 25
8 24
9 22
10 15
11 10
12 0
13 6
14 3
15 13
16 16
17 26
18 12
19 20
20 28
21 21
22 23
23 7
24 29
25 8
26 27
27 17
28 5
29 1
SIMILAR

5 10 26 1 0 15 19 20 4 16 23 21 29 17 22 2 28 11 27 18 9 7 13 12 25 24 14 6 8 3 
0 4
1 3
2 15
3 29
4 8
5 0
6 27
7 21
8 28
9 20
10 1
11 17
12 23
13 22
14 26
15 5
16 9
17 13
18 19
19 6
20 7
21 11
22 14
23 10
24 25
25 24
26 2
27 18
28 16
29 12
SIMILAR

9 11 20 22 29 1 26 2 6 5 10 7 19 18 0 16 27 4 8 23 15 13 25 12 14 3 21 17 28 24 
0 14
1 5
2 7
3 25
4 17
5 9
6 8
7 11
8 18
9 0
10 10
11 1
12 23
13 21
14 24
15 20
16 15
17 27
18 13
19 12
20 2
21 26
22 3
23 19
24 29
25 22
26 6
27 16
28 28
29 4
SIMILAR

15 28 4 16 3 2 24 5 9 26 23 27 14 22 29 17 6 21 12 7 0 19 10 8 1 18 20 11 13 25 
0 20
1 24
2 5
3 4
4 2
5 7
6 16
7 19
8 23
9 8
10 22
11 27
12 18
13 28
14 12
15 0
16 3
17 15
18 25
19 21
20 26
21 17
22 13
23 10
24 6
25 29
26 9
27 11
28 1
29 14
SIMILAR

2 10 5 11 7 4 3 14 8 26 15 16 20 25 21 17 28 6 22 0 19 9 1 13 18 12 23 27 29 24 
0 19
1 22
2 0
3 6
4 5
5 2
6 17
7 4
8 8
9 21
10 1
11 3
12 25
13 23
14 7
15 10
16 11
17 15
18 24
19 20
20 12
21 14
22 18
23 26
24 29
25 13
26 9
27 27
28 16
29 28
SIMILAR

0 6 28 11 4 17 14 12 18 19 2 21 25 3 1 7 29 27 23 15 26 9 13 20 24 22 5 10 8 16 
0 0
1 14
2 10
3 13
4 4
5 26
6 1
7 15
8 28
9 21
10 27
11 3
12 7
13 22
14 6
15 19
16 29
17 5
18 8
19 9
20 23
21 11
22 25
23 18
24 24
25 12
26 20
27 17
28 2
29 16
SIMILAR

28 27 3 23 11 22 10 24 12 25 29 20 21 9 7 2 8 17 18 14 0 26 6 15 5 4 13 16 1 19 
0 20
1 28
2 15
3 2
4 25
5 24
6 22
7 14
8 16
9 13
10 6
11 4
12 8
13 26
14 19
15 23
16 27
17 17
18 18
19 29
20 11
21 12
22 5
23 3
24 7
25 9
26 21
27 1
28 0
29 10
SIMILAR

13 4 19 12 29 21 22 6 23 28 11 24 8 10 0 25 3 7 9 15 14 2 26 17 1 27 16 20 18 5 
0 14
1 24
2 21
3 16
4 1
5 29
6 7
7 17
8 12
9 18
10 13
11 10
12 3
13 0
14 20
15 19
16 26
17 23
18 28
19 2
20 27
21 5
22 6
23 8
24 11
25 15
26 22
27 25
28 9
29 4
SIMILAR

15 18 23 24 20 26 7 12 11 6 28 4 17 29 19 1 22 13 0 16 8 3 5 25 2 27 21 14 9 10 
0 18
1 15
2 24
3 21
4 11
5 22
6 9
7 6
8 20
9 28
10 29
11 8
12 7
13 17
14 27
15 0
16 19
17 12
18 1
19 14
20 4
21 26
22 16
23 2
24 3
25 23
26 5
27 25
28 10
29 13
SIMILAR

8 24 28 25 3 7 4 5 13 19 14 16 11 9 20 15 17 18 21 0 26 1 2 10 6 27 22 12 29 23 
0 19
1 21
2 22
3 4
4 6
5 7
6 24
7 5
8 0
9 13
10 23
11 12
12 27
13 8
14 10
15 15
16 11
17 16
18 17
19 9
20 14
21 18
22 26
23 29
24 1
25 3
26 20
27 25
28 2
29 28
SIMILAR

8 24 9 5 21 29 3 17 1 2 27 10 7 19 12 6 13 0 28 26 16 23 22 18 4 11 25 14 15 20 
0 17
1 8
2 9
3 6
4 24
5 3
6 15
7 12
8 0
9 2
10 11
11 25
12 14
13 16
14 27
15 28
16 20
17 7
18 23
19 13
20 29
21 4
22 22
23 21
24 1
25 26
26 19
27 10
28 18
29 5
SIMILAR

1 24 19 15 23 16 22 13 9 0 10 27 26 12 2 4 29 14 20 25 18 28 8 7 21 6 5 11 3 17 
0 9
1 0
2 14
3 28
4 15
5 26
6 25
7 23
8 22
9 8
10 10
11 27
12 13
13 7
14 17
15 3
16 5
17 29
18 20
19 2
20 18
21 24
22 6
23 4
24 1
25 19
26 12
27 11
28 21
29 16
SIMILAR

13 2 21 1 14 16 17 25 12 10 26 24 28 18 3 20 4 0 23 5 7 19 6 29 9 15 11 27 22 8 
0 17
1 3
2 1
3 14
4 16
5 19
6 22
7 20
8 29
9 24
10 9
11 26
12 8
13 0
14 4
15 25
16 5
17 6
18 13
19 21
20 15
21 2
22 28
23 18
24 11
25 7
26 10
27 27
28 12
29 23
SIMILAR

16 13 3 28 19 20 8 7 23 4 9 25 29 27 15 18 21 24 5 1 17 6 26 11 0 2 22 14 10 12 
0 24
1 19
2 25
3 2
4 9
5 18
6 21
7 7
8 6
9 10
10 28
11 23
12 29
13 1
14 27
15 14
16 0
17 20
18 15
19 4
20 5
21 16
22 26
23 8
24 17
25 11
26 22
27 13
28 3
29 12
SIMILAR

7 20 2 25 6 0 16 28 17 14 29 26 10 13 1 5 3 24 4 23 9 19 22 12 8 27 18 15 21 11 
0 5
1 14
2 2
3 16
4 18
5 15
6 4
7 0
8 24
9 20
10 12
11 29
12 23
13 13
14 9
15 27
16 6
17 8
18 26
19 21
20 1
21 28
22 22
23 19
24 17
25 3
26 11
27 25
28 7
29 10
SIMILAR

21 15 19 16 14 6 12 11 9 13 8 10 29 25 27 22 3 7 5 20 18 26 24 2 1 23 28 0 17 4 
0 27
1 24
2 23
3 16
4 29
5 18
6 5
7 17
8 10
9 8
10 11
11 7
12 6
13 9
14 4
15 1
16 3
17 28
18 20
19 2
20 19
21 0
22 15
23 25
24 22
25 13
26 21
27 14
28 26
29 12
SIMILAR

8 6 19 14 11 21 15 10 2 29 5 13 26 28 25 0 9 22 20 17 12 27 3 7 18 1 4 24 23 16 
0 15
1 25
2 8
3 22
4 26
5 10
6 1
7 23
8 0
9 16
10 7
11 4
12 20
13 11
14 3
15 6
16 29
17 19
18 24
19 2
20 18
21 5
22 17
23 28
24 27
25 14
26 12
27 21
28 13
29 9
SIMILAR

19 12 26 20 11 28 25 1 23 2 9 22 27 5 29 24 3 14 7 16 8 17 15 6 0 4 21 13 18 10 
0 24
1 7
2 9
3 16
4 25
5 13
6 23
7 18
8 20
9 10
10 29
11 4
12 1
13 27
14 17
15 22
16 19
17 21
18 28
19 0
20 3
21 26
22 11
23 8
24 15
25 6
26 2
27 12
28 5
29 14
SIMILAR

4 9 19 29 7 16 8 0 14 26 6 23 5 24 2 15 28 10 25 21 17 3 22 18 1 27 13 20 12 11 
0 7
1 24
2 14
3 21
4 0
5 12
6 10
7 4
8 6
9 1
10 17
11 29
12 28
13 26
14 8
15 15
16 5
17 20
18 23
19 2
20 27
21 19
22 22
23 11
24 13
25 18
26 9
27 25
28 16
29 3
SIMILAR

9 18 29 5 3 28 15 13 7 19 6 22 2 10 24 14 25 26 23 1 27 4 21 17 11 20 8 12 0 16 
0 28
1 19
2 12
3 4
4 21
5 3
6 10
7 8
8 26
9 0
10 13
11 24
12 27
13 7
14 15
15 6
16 29
17 23
18 1
19 9
20 25
21 22
22 11
23 18
24 14
25 16
26 17
27 20
28 5
29 2
SIMILAR

3 19 9 1 14 25 21 29 27 13 18 23 2 11 28 8 6 12 20 10 4 5 7 15 17 22 24 26 0 16 
0 28
1 3
2 12
3 0
4 20
5 21
6 16
7 22
8 15
9 2
10 19
11 13
12 17
13 9
14 4
15 23
16 29
17 24
18 10
19 1
20 18
21 6
22 25
23 11
24 26
25 5
26 27
27 8
28 14
29 7
SIMILAR

9 20 29 28 3 6 18 12 0 23 8 4 7 24 19 27 14 1 15 21 11 10 5 16 25 13 22 2 26 17 
0 8
1 17
2 27
3 4
4 11
5 22
6 5
7 12
8 10
9 0
10 21
11 20
12 7
13 25
14 16
15 18
16 23
17 29
18 6
19 14
20 1
21 19
22 26
23 9
24 13
25 24
26 28
27 15
28 3
29 2
SIMILAR

14 26 11 6 2 4 1 3 21 28 9 27 0 17 18 10 23 25 22 24 20 8 19 13 5 7 29 12 15 16 
0 12
1 6
2 4
3 7
4 5
5 24
6 3
7 25
8 21
9 10
10 15
11 2
12 27
13 23
14 0
15 28
16 29
17 13
18 14
19 22
20 20
21 8
22 18
23 16
24 19
25 17
26 1
27 11
28 9
29 26
SIMILAR

13 10 6 29 26 27 0 7 25 9 17 16 18 21 5 19 8 2 11 24 15 22 28 3 12 4 1 14 20 23 
0 6
1 26
2 17
3 23
4 25
5 14
6 2
7 7
8 16
9 9
10 1
11 18
12 24
13 0
14 27
15 20
16 11
17 10
18 12
19 15
20 28
21 13
22 21
23 29
24 19
25 8
26 4
27 5
28 22
29 3
SIMILAR

13 4 16 22 2 17 12 3 7 25 0 23 28 24 21 8 1 29 27 18 5 20 26 11 10 9 6 19 14 15 
0 10
1 16
2 4
3 7
4 1
5 20
6 26
7 8
8 15
9 25
10 24
11 23
12 6
13 0
14 28
15 29
16 2
17 5
18 19
19 27
20 21
21 14
22 3
23 11
24 13
25 9
26 22
27 18
28 12
29 17
SIMILAR

12 8 23 21 29 14 20 25 15 0 3 13 5 6 1 4 28 9 19 26 24 11 22 18 16 27 7 10 17 2 
0 9
1 14
2 29
3 10
4 15
5 12
6 13
7 26
8 1
9 17
10 27
11 21
12 0
13 11
14 5
15 8
16 24
17 28
18 23
19 18
20 6
21 3
22 22
23 2
24 20
25 7
26 19
27 25
28 16
29 4
SIMILAR

27 4 15 22 12 21 14 23 5 11 19 26 17 6 16 8 28 2 3 9 10 20 25 18 7 24 1 29 13 0 
0 29
1 26
2 17
3 18
4 1
5 8
6 13
7 24
8 15
9 19
10 20
11 9
12 4
13 28
14 6
15 2
16 14
17 12
18 23
19 10
20 21
21 5
22 3
23 7
24 25
25 22
26 11
27 0
28 16
29 27
SIMILAR

7 25 10 0 24 2 15 5 26 6 29 8 1 23 27 9 14 21 11 17 28 19 4 16 20 13 22 18 3 12 
0 3
1 12
2 5
3 28
4 22
5 7
6 9
7 0
8 11
9 15
10 2
11 18
12 29
13 25
14 16
15 6
16 23
17 19
18 27
19 21
20 24
21 17
22 26
23 13
24 4
25 1
26 8
27 14
28 20
29 10
SIMILAR

0 9 5 23 11 18 15 25 27 24 17 3 14 6 21 7 16 28 10 8 20 22 13 2 29 1 19 12 4 26 
0 0
1 25
2 23
3 11
4 28
5 2
6 13
7 15
8 19
9 1
10 18
11 4
12 27
13 22
14 12
15 6
16 16
17 10
18 5
19 26
20 20
21 14
22 21
23 3
24 9
25 7
26 29
27 8
28 17
29 24
SIMILAR

24 23 16 18 19 6 22 15 27 26 11 7 10 2 13 8 4 0 3 25 21 1 14 12 28 5 17 20 9 29 
0 17
1 21
2 13
3 18
4 16
5 25
6 5
7 11
8 15
9 28
10 12
11 10
12 23
13 14
14 22
15 7
16 2
17 26
18 3
19 4
20 27
21 20
22 6
23 1
24 0
25 19
26 9
27 8
28 24
29 29
SIMILAR

0 23 27 1 5 17 2 28 6 3 10 22 12 16 29 21 14 4 24 26 8 13 9 15 11 25 19 20 18 7 
0 0
1 3
2 6
3 9
4 17
5 4
6 8
7 29
8 20
9 22
10 10
11 24
12 12
13 21
14 16
15 23
16 13
17 5
18 28
19 26
20 27
21 15
22 11
23 1
24 18
25 25
26 19
27 2
28 7
29 14
SIMILAR

4 19 27 5 15 28 23 13 18 25 20 8 9 10 7 14 17 16 3 0 22 29 11 21 6 24 12 2 1 26 
0 19
1 28
2 27
3 18
4 0
5 3
6 24
7 14
8 11
9 12
10 13
11 22
12 26
13 7
14 15
15 4
16 17
17 16
18 8
19 1
20 10
21 23
22 20
23 6
24 25
25 9
26 29
27 2
28 5
29 21
SIMILAR

9 3 26 16 6 15 8 11 27 29 19 20 18 12 25 28 21 24 13 2 5 14 23 4 10 17 1 22 0 7 
0 28
1 26
2 19
3 1
4 23
5 20
6 4
7 29
8 6
9 0
10 24
11 7
12 13
13 18
14 21
15 5
16 3
17 25
18 12
19 10
20 11
21 16
22 27
23 22
24 17
25 14
26 2
27 8
28 15
29 9
SIMILAR

12 6 4 8 2 17 11 18 23 16 14 21 27 0 25 20 10 22 28 19 5 7 13 9 15 3 24 29 26 1 
0 13
1 29
2 4
3 25
4 2
5 20
6 1
7 21
8 3
9 23
10 16
11 6
12 0
13 22
14 10
15 24
16 9
17 5
18 7
19 19
20 15
21 11
22 17
23 8
24 26
25 14
26 28
27 12
28 18
29 27
SIMILAR

0 22 9 20 12 25 15 1 21 11 2 10 7 19 29 14 18 5 16 4 17 27 26 28 24 8 23 13 3 6 
0 0
1 7
2 10
3 28
4 19
5 17
6 29
7 12
8 25
9 2
10 11
11 9
12 4
13 27
14 15
15 6
16 18
17 20
18 16
19 13
20 3
21 8
22 1
23 26
24 24
25 5
26 22
27 21
28 23
29 14
SIMILAR

14 0 7 3 5 22 20 6 19 10 28 23 27 2 9 4 25 17 29 11 24 26 16 18 13 12 15 8 1 21 
0 1
1 28
2 13
3 3
4 15
5 4
6 7
7 2
8 27
9 14
10 9
11 19
12 25
13 24
14 0
15 26
16 22
17 17
18 23
19 8
20 6
21 29
22 5
23 11
24 20
25 16
26 21
27 12
28 10
29 18
SIMILAR

1 25 6 13 11 7 17 0 8 29 2 28 15 26 16 23 27 12 18 24 4 5 14 9 20 19 22 3 10 21 
0 7
1 0
2 10
3 27
4 20
5 21
6 2
7 5
8 8
9 23
10 28
11 4
12 17
13 3
14 22
15 12
16 14
17 6
18 18
19 25
20 24
21 29
22 26
23 15
24 19
25 1
26 13
27 16
28 11
29 9
SIMILAR

21 2 12 20 17 27 28 24 19 10 16 15 7 9 13 6 4 3 8 22 29 11 18 5 0 23 1 26 14 25 
0 24
1 26
2 1
3 17
4 16
5 23
6 15
7 12
8 18
9 13
10 9
11 21
12 2
13 14
14 28
15 11
16 10
17 4
18 22
19 8
20 3
21 0
22 19
23 25
24 7
25 29
26 27
27 5
28 6
29 20
SIMILAR

28 27 7 26 14 12 0 8 29 1 6 17 5 25 22 15 9 13 3 19 11 16 2 21 23 10 20 4 24 18 
0 6
1 9
2 22
3 18
4 27
5 12
6 10
7 2
8 7
9 16
10 25
11 20
12 5
13 17
14 4
15 15
16 21
17 11
18 29
19 19
20 26
21 23
22 14
23 24
24 28
25 13
26 3
27 1
28 0
29 8
SIMILAR

27 16 11 25 29 8 15 18 14 12 6 17 28 10 23 5 26 0 22 20 19 2 9 1 3 4 7 21 24 13 
0 17
1 23
2 21
3 24
4 25
5 15
6 10
7 26
8 5
9 22
10 13
11 2
12 9
13 29
14 8
15 6
16 1
17 11
18 7
19 20
20 19
21 27
22 18
23 14
24 28
25 3
26 16
27 0
28 12
29 4
SIMILAR

3 11 15 22 8 9 5 26 25 4 29 28 6 17 16 2 19 10 23 14 21 24 1 12 20 27 18 13 7 0 
0 29
1 22
2 15
3 0
4 9
5 6
6 12
7 28
8 4
9 5
10 17
11 1
12 23
13 27
14 19
15 2
16 14
17 13
18 26
19 16
20 24
21 20
22 3
23 18
24 21
25 8
26 7
27 25
28 11
29 10
SIMILAR

25 12 26 21 18 3 11 24 10 2 14 22 6 15 13 17 4 29 0 5 7 20 16 9 19 27 23 1 28 8 
0 18
1 27
2 9
3 5
4 16
5 19
6 12
7 20
8 29
9 23
10 8
11 6
12 1
13 14
14 10
15 13
16 22
17 15
18 4
19 24
20 21
21 3
22 11
23 26
24 7
25 0
26 2
27 25
28 28
29 17
SIMILAR

18 22 15 13 21 24 11 8 10 0 17 1 6 19 25 4 28 23 7 2 14 29 9 16 5 12 3 26 27 20 
0 9
1 11
2 19
3 26
4 15
5 24
6 12
7 18
8 7
9 22
10 8
11 6
12 25
13 3
14 20
15 2
16 23
17 10
18 0
19 13
20 29
21 4
22 1
23 17
24 5
25 14
26 27
27 28
28 16
29 21
SIMILAR

20 15 27 29 23 25 28 5 17 21 0 16 19 1 14 9 7 22 13 6 11 3 24 2 4 12 10 18 8 26 
0 10
1 13
2 23
3 21
4 24
5 7
6 19
7 16
8 28
9 15
10 26
11 20
12 25
13 18
14 14
15 1
16 11
17 8
18 27
19 12
20 0
21 9
22 17
23 4
24 22
25 5
26 29
27 2
28 6
29 3
SIMILAR

11 22 16 24 17 25 28 5 19 10 9 0 23 13 21 2 26 12 7 14 29 20 15 3 1 27 8 18 6 4 
0 11
1 24
2 15
3 23
4 29
5 7
6 28
7 18
8 26
9 10
10 9
11 0
12 17
13 13
14 19
15 22
16 2
17 4
18 27
19 8
20 21
21 14
22 1
23 12
24 3
25 5
26 16
27 25
28 6
29 20
SIMILAR

11 7 26 19 28 27 3 29 12 17 13 22 24 9 15 4 8 20 1 10 18 23 16 14 21 25 6 2 0 5 
0 28
1 18
2 27
3 6
4 15
5 29
6 26
7 1
8 16
9 13
10 19
11 0
12 8
13 10
14 23
15 14
16 22
17 9
18 20
19 3
20 17
21 24
22 11
23 21
24 12
25 25
26 2
27 5
28 4
29 7
SIMILAR

2 14 18 23 9 13 12 7 28 27 19 25 21 29 5 6 26 16 22 15 0 4 1 8 24 11 10 20 17 3 
0 20
1 22
2 0
3 29
4 21
5 14
6 15
7 7
8 23
9 4
10 26
11 25
12 6
13 5
14 1
15 19
16 17
17 28
18 2
19 10
20 27
21 12
22 18
23 3
24 24
25 11
26 16
27 9
28 8
29 13
SIMILAR

29 12 23 21 4 1 20 19 2 22 9 25 26 10 14 6 27 24 17 8 11 0 13 16 3 7 18 28 15 5 
0 21
1 5
2 8
3 24
4 4
5 29
6 15
7 25
8 19
9 10
10 13
11 20
12 1
13 22
14 14
15 28
16 23
17 18
18 26
19 7
20 6
21 3
22 9
23 2
24 17
25 11
26 12
27 16
28 27
29 0
SIMILAR

10 14 2 16 17 4 13 5 8 0 24 29 25 6 26 11 28 22 27 19 1 20 21 12 9 15 7 23 3 18 
0 9
1 20
2 2
3 28
4 5
5 7
6 13
7 26
8 8
9 24
10 0
11 15
12 23
13 6
14 1
15 25
16 3
17 4
18 29
19 19
20 21
21 22
22 17
23 27
24 10
25 12
26 14
27 18
28 16
29 11
SIMILAR

6 27 2 8 26 11 7 5 15 25 0 19 1 20 22 28 10 3 21 23 12 9 14 16 24 18 17 29 4 13 
0 10
1 12
2 2
3 17
4 28
5 7
6 0
7 6
8 3
9 21
10 16
11 5
12 20
13 29
14 22
15 8
16 23
17 26
18 25
19 11
20 13
21 18
22 14
23 19
24 24
25 9
26 4
27 1
28 15
29 27
SIMILAR

19 24 28 18 29 1 23 6 11 0 9 17 4 16 20 7 10 13 14 3 15 8 2 5 26 22 12 27 21 25 
0 9
1 5
2 22
3 19
4 12
5 23
6 7
7 15
8 21
9 10
10 16
11 8
12 26
13 17
14 18
15 20
16 13
17 11
18 3
19 0
20 14
21 28
22 25
23 6
24 1
25 29
26 24
27 27
28 2
29 4
SIMILAR

22 3 23 17 6 29 27 7 21 24 11 14 13 1 15 19 16 2 26 4 28 20 25 12 8 9 10 5 0 18 
0 28
1 13
2 17
3 1
4 19
5 27
6 4
7 7
8 24
9 25
10 26
11 10
12 23
13 12
14 11
15 14
16 16
17 3
18 29
19 15
20 21
21 8
22 0
23 2
24 9
25 22
26 18
27 6
28 20
29 5
SIMILAR

5 19 25 4 23 27 26 21 8 1 22 7 29 6 13 0 14 20 28 11 3 12 9 18 15 16 10 2 24 17 
0 15
1 9
2 27
3 20
4 3
5 0
6 13
7 11
8 8
9 22
10 26
11 19
12 21
13 14
14 16
15 24
16 25
17 29
18 23
19 1
20 17
21 7
22 10
23 4
24 28
25 2
26 6
27 5
28 18
29 12
SIMILAR

3 9 4 16 10 5 25 0 29 21 13 18 7 12 1 11 14 28 22 15 19 26 2 24 6 20 23 8 27 17 
0 7
1 14
2 22
3 0
4 2
5 5
6 24
7 12
8 27
9 1
10 4
11 15
12 13
13 10
14 16
15 19
16 3
17 29
18 11
19 20
20 25
21 9
22 18
23 26
24 23
25 6
26 21
27 28
28 17
29 8
SIMILAR

4 16 6 28 21 23 22 9 8 20 0 15 14 2 5 25 27 26 29 10 19 24 17 3 1 18 11 12 13 7 
0 10
1 24
2 13
3 23
4 0
5 14
6 2
7 29
8 8
9 7
10 19
11 26
12 27
13 28
14 12
15 11
16 1
17 22
18 25
19 20
20 9
21 4
22 6
23 5
24 21
25 15
26 17
27 16
28 3
29 18
SIMILAR

19 9 12 10 24 8 2 14 21 15 5 17 22 28 3 23 7 20 4 29 6 11 18 27 13 16 0 26 1 25 
0 26
1 28
2 6
3 14
4 18
5 10
6 20
7 16
8 5
9 1
10 3
11 21
12 2
13 24
14 7
15 9
16 25
17 11
18 22
19 0
20 17
21 8
22 12
23 15
24 4
25 29
26 27
27 23
28 13
29 19
SIMILAR

23 17 7 0 10 24 1 16 2 6 3 14 29 21 8 12 13 5 22 4 20 9 15 11 19 28 26 18 27 25 
0 3
1 6
2 8
3 10
4 19
5 17
6 9
7 2
8 14
9 21
10 4
11 23
12 15
13 16
14 11
15 22
16 7
17 1
18 27
19 24
20 20
21 13
22 18
23 0
24 5
25 29
26 26
27 28
28 25
29 12
SIMILAR

6 0 11 27 28 29 8 3 5 1 23 7 10 15 19 22 21 9 2 16 17 20 14 25 24 13 26 18 12 4 
0 1
1 9
2 18
3 7
4 29
5 8
6 0
7 11
8 6
9 17
10 12
11 2
12 28
13 25
14 22
15 13
16 19
17 20
18 27
19 14
20 21
21 16
22 15
23 10
24 24
25 23
26 26
27 3
28 4
29 5
SIMILAR

15 2 25 10 0 16 1 5 14 13 6 29 23 9 21 27 24 26 4 3 19 17 22 12 7 11 28 20 8 18 
0 4
1 6
2 1
3 19
4 18
5 7
6 10
7 24
8 28
9 13
10 3
11 25
12 23
13 9
14 8
15 0
16 5
17 21
18 29
19 20
20 27
21 14
22 22
23 12
24 16
25 2
26 17
27 15
28 26
29 11
SIMILAR

20 28 1 26 12 19 3 17 4 11 15 8 13 27 5 6 7 22 21 23 18 9 10 0 2 29 16 25 14 24 
0 23
1 2
2 24
3 6
4 8
5 14
6 15
7 16
8 11
9 21
10 22
11 9
12 4
13 12
14 28
15 10
16 26
17 7
18 20
19 5
20 0
21 18
22 17
23 19
24 29
25 27
26 3
27 13
28 1
29 25
SIMILAR

10 7 12 17 23 19 6 9 3 20 2 18 25 27 22 21 24 15 8 1 29 4 11 16 14 13 5 0 26 28 
0 27
1 19
2 10
3 8
4 21
5 26
6 6
7 1
8 18
9 7
10 0
11 22
12 2
13 25
14 24
15 17
16 23
17 3
18 11
19 5
20 9
21 15
22 14
23 4
24 16
25 12
26 28
27 13
28 29
29 20
SIMILAR

21 29 10 5 1 19 26 22 28 8 2 13 6 4 0 15 18 24 25 14 27 20 23 16 9 11 17 3 12 7 
0 14
1 4
2 10
3 27
4 13
5 3
6 12
7 29
8 9
9 24
10 2
11 25
12 28
13 11
14 19
15 15
16 23
17 26
18 16
19 5
20 21
21 0
22 7
23 22
24 17
25 18
26 6
27 20
28 8
29 1
SIMILAR

2 6 0 23 10 15 5 1 20 18 17 14 28 3 13 24 9 22 21 7 27 29 11 12 4 26 25 19 8 16 
0 2
1 7
2 0
3 13
4 24
5 6
6 1
7 19
8 28
9 16
10 4
11 22
12 23
13 14
14 11
15 5
16 29
17 10
18 9
19 27
20 8
21 18
22 17
23 3
24 15
25 26
26 25
27 20
28 12
29 21
SIMILAR

23 24 9 2 15 0 17 28 3 11 4 5 8 16 14 20 26 22 10 1 21 18 25 12 19 27 7 6 29 13 
0 5
1 19
2 3
3 8
4 10
5 11
6 27
7 26
8 12
9 2
10 18
11 9
12 23
13 29
14 14
15 4
16 13
17 6
18 21
19 24
20 15
21 20
22 17
23 0
24 1
25 22
26 16
27 25
28 7
29 28
SIMILAR

10 5 21 25 17 1 13 24 23 11 20 16 9 2 26 8 4 0 27 12 29 3 19 7 14 22 28 18 15 6 
0 17
1 5
2 13
3 21
4 16
5 1
6 29
7 23
8 15
9 12
10 0
11 9
12 19
13 6
14 24
15 28
16 11
17 4
18 27
19 22
20 10
21 2
22 25
23 8
24 7
25 3
26 14
27 18
28 26
29 20
SIMILAR

21 16 29 7 11 1 12 28 26 14 2 25 5 23 4 0 18 3 15 24 27 6 9 22 20 19 13 10 17 8 
0 15
1 5
2 10
3 17
4 14
5 12
6 21
7 3
8 29
9 22
10 27
11 4
12 6
13 26
14 9
15 18
16 1
17 28
18 16
19 25
20 24
21 0
22 23
23 13
24 19
25 11
26 8
27 20
28 7
29 2
SIMILAR

5 24 27 21 3 28 23 29 15 19 2 11 18 6 13 25 22 16 17 10 12 4 1 7 14 26 20 8 0 9 
0 28
1 22
2 10
3 4
4 21
5 0
6 13
7 23
8 27
9 29
10 19
11 11
12 20
13 14
14 24
15 8
16 17
17 18
18 12
19 9
20 26
21 3
22 16
23 6
24 1
25 15
26 25
27 2
28 5
29 7
SIMILAR

12 1 19 9 26 17 28 6 8 24 15 29 20 4 7 27 0 22 18 21 5 16 13 14 10 3 2 25 23 11 
0 16
1 1
2 26
3 25
4 13
5 20
6 7
7 14
8 8
9 3
10 24
11 29
12 0
13 22
14 23
15 10
16 21
17 5
18 18
19 2
20 12
21 19
22 17
23 28
24 9
25 27
26 4
27 15
28 6
29 11
SIMILAR

18 16 28 11 27 22 0 8 5 25 9 4 7 15 14 24 19 26 23 13 17 2 29 6 3 1 12 10 20 21 
0 6
1 25
2 21
3 24
4 11
5 8
6 23
7 12
8 7
9 10
10 27
11 3
12 26
13 19
14 14
15 13
16 1
17 20
18 0
19 16
20 28
21 29
22 5
23 18
24 15
25 9
26 17
27 4
28 2
29 22
SIMILAR

3 20 16 6 26 28 10 19 13 4 5 2 21 25 24 27 17 18 9 11 15 14 0 23 29 7 8 1 12 22 
0 22
1 27
2 11
3 0
4 9
5 10
6 3
7 25
8 26
9 18
10 6
11 19
12 28
13 8
14 21
15 20
16 2
17 16
18 17
19 7
20 1
21 12
22 29
23 23
24 14
25 13
26 4
27 15
28 5
29 24
SIMILAR

21 3 7 15 0 11 16 14 23 17 5 22 1 26 19 12 28 24 2 29 25 18 27 6 10 4 20 8 13 9 
0 4
1 12
2 18
3 1
4 25
5 10
6 23
7 2
8 27
9 29
10 24
11 5
12 15
13 28
14 7
15 3
16 6
17 9
18 21
19 14
20 26
21 0
22 11
23 8
24 17
25 20
26 13
27 22
28 16
29 19
SIMILAR

25 15 6 28 17 22 9 0 5 4 29 21 11 24 13 26 23 2 14 20 3 16 1 18 10 12 8 7 27 19 
0 7
1 22
2 17
3 20
4 9
5 8
6 2
7 27
8 26
9 6
10 24
11 12
12 25
13 14
14 18
15 1
16 21
17 4
18 23
19 29
20 19
21 11
22 5
23 16
24 13
25 0
26 15
27 28
28 3
29 10
SIMILAR
100 0
4600 0
264600 0
