30
0 1 0 1 1 0 0 0 1 0 0 1 1 0 0 0 0 1 1 0 0 0 0 0 1 0 0 0 0 0 
1 0 0 1 1 1 1 1 0 0 1 0 1 1 0 1 1 0 1 1 0 1 1 0 0 0 1 0 0 0 
0 0 0 0 1 1 1 1 1 0 0 0 1 1 1 0 1 0 0 0 0 1 1 1 0 1 0 1 1 1 
1 1 0 0 0 1 0 1 1 1 1 0 0 1 0 1 0 1 1 1 0 1 0 0 1 0 1 0 1 0 
1 1 1 0 0 1 0 1 0 1 0 0 1 1 0 0 1 0 1 1 1 1 0 1 1 1 1 0 1 1 
0 1 1 1 1 0 1 1 0 0 1 0 1 1 1 0 0 0 0 0 0 1 1 1 0 0 1 1 0 1 
0 1 1 0 0 1 0 1 0 0 1 0 1 1 0 0 1 1 0 1 1 1 0 0 1 1 0 1 0 0 
0 1 1 1 1 1 1 0 1 1 1 1 1 0 0 0 0 0 0 0 1 1 1 0 0 1 1 0 1 1 
1 0 1 1 0 0 0 1 0 1 1 1 0 1 1 1 0 0 0 1 0 1 0 0 0 0 0 0 0 1 
0 0 0 1 1 0 0 1 1 0 0 1 1 1 1 0 0 1 0 1 1 0 1 0 1 0 0 1 0 0 
0 1 0 1 0 1 1 1 1 0 0 1 1 1 1 0 1 0 1 1 0 1 1 0 1 0 0 0 1 1 
1 0 0 0 0 0 0 1 1 1 1 0 0 1 1 0 0 0 0 1 1 1 0 0 1 1 0 1 1 1 
1 1 1 0 1 1 1 1 0 1 1 0 0 1 1 1 1 1 1 1 0 0 1 0 1 1 0 1 0 1 
0 1 1 1 1 1 1 0 1 1 1 1 1 0 1 1 1 0 0 0 1 1 1 0 1 0 1 1 1 1 
0 0 1 0 0 1 0 0 1 1 1 1 1 1 0 1 0 1 0 0 0 1 0 1 0 1 1 1 0 0 
0 1 0 1 0 0 0 0 1 0 0 0 1 1 1 0 0 1 1 0 1 0 1 0 1 1 0 0 1 1 
0 1 1 0 1 0 1 0 0 0 1 0 1 1 0 0 0 0 1 1 1 1 0 1 0 0 1 0 1 1 
1 0 0 1 0 0 1 0 0 1 0 0 1 0 1 1 0 0 0 1 0 1 1 1 1 0 0 0 1 1 
1 1 0 1 1 0 0 0 0 0 1 0 1 0 0 1 1 0 0 0 0 1 1 1 1 0 0 1 0 0 
0 1 0 1 1 0 1 0 1 1 1 1 1 0 0 0 1 1 0 0 1 0 1 1 1 0 0 0 1 0 
0 0 0 0 1 0 1 1 0 1 0 1 0 1 0 1 1 0 0 1 0 0 0 0 0 0 1 1 0 0 
0 1 1 1 1 1 1 1 1 0 1 1 0 1 1 0 1 1 1 0 0 0 1 1 1 1 0 1 0 0 
0 1 1 0 0 1 0 1 0 1 1 0 1 1 0 1 0 1 1 1 0 1 0 0 1 1 1 1 1 0 
0 0 1 0 1 1 0 0 0 0 0 0 0 0 1 0 1 1 1 1 0 1 0 0 1 1 0 0 1 0 
1 0 0 1 1 0 1 0 0 1 1 1 1 1 0 1 0 1 1 1 0 1 1 1 0 0 1 0 1 0 
0 0 1 0 1 0 1 1 0 0 0 1 1 0 1 1 0 0 0 0 0 1 1 1 0 0 0 1 0 0 
0 1 0 1 1 1 0 1 0 0 0 0 0 1 1 0 1 0 0 0 1 0 1 0 1 0 0 0 0 1 
0 0 1 0 0 1 1 0 0 1 0 1 1 1 1 0 0 0 1 0 1 1 1 0 0 1 0 0 1 1 
0 0 1 1 1 0 0 1 0 0 1 1 0 1 0 1 1 1 0 1 0 0 1 1 1 0 0 1 0 0 
0 0 1 0 1 1 0 1 1 0 1 1 1 1 0 1 1 1 0 0 0 0 0 0 0 0 1 1 0 0 

27 1 10 18 6 8 14 13 28 25 24 5 17 3 29 2 15 7 20 26 4 9 12 23 21 16 22 19 0 11 
0 28
1 1
2 15
3 13
4 20
5 11
6 4
7 17
8 5
9 21
10 2
11 29
12 22
13 7
14 6
15 16
16 25
17 12
18 3
19 27
20 18
21 24
22 26
23 23
24 10
25 9
26 19
27 0
28 8
29 14
SIMILAR

27 15 12 18 29 3 6 8 13 14 26 21 7 2 25 28 19 0 23 22 1 10 5 20 17 4 9 16 24 11 
0 17
1 20
2 13
3 5
4 25
5 22
6 6
7 12
8 7
9 26
10 21
11 29
12 2
13 8
14 9
15 1
16 27
17 24
18 3
19 16
20 23
21 11
22 19
23 18
24 28
25 14
26 10
27 0
28 15
29 4
SIMILAR

13 22 25 6 19 24 15 12 11 18 4 28 7 29 14 2 5 0 9 23 8 3 1 27 21 16 17 26 10 20 
0 17
1 22
2 15
3 21
4 10
5 16
6 3
7 12
8 20
9 18
10 28
11 8
12 7
13 0
14 14
15 6
16 25
17 26
18 9
19 4
20 29
21 24
22 1
23 19
24 5
25 2
26 27
27 23
28 11
29 13
SIMILAR

21 26 7 6 10 23 13 24 19 11 5 1 14 18 8 9 29 12 4 25 0 2 3 15 17 20 27 16 22 28 
0 20
1 11
2 21
3 22
4 18
5 10
6 3
7 2
8 14
9 15
10 4
11 9
12 17
13 6
14 12
15 23
16 27
17 24
18 13
19 8
20 25
21 0
22 28
23 5
24 7
25 19
26 1
27 26
28 29
29 16
SIMILAR

22 15 25 7 11 29 4 18 28 24 5 16 17 23 3 13 2 0 12 1 20 19 9 14 26 8 10 6 21 27 
0 17
1 19
2 16
3 14
4 6
5 10
6 27
7 3
8 25
9 22
10 26
11 4
12 18
13 15
14 23
15 1
16 11
17 12
18 7
19 21
20 20
21 28
22 0
23 13
24 9
25 2
26 24
27 29
28 8
29 5
SIMILAR

27 0 6 3 25 5 9 15 24 4 14 7 20 22 21 2 11 16 26 18 1 23 8 12 29 17 28 19 10 13 
0 1
1 20
2 15
3 3
4 9
5 5
6 2
7 11
8 22
9 6
10 28
11 16
12 23
13 29
14 10
15 7
16 17
17 25
18 19
19 27
20 12
21 14
22 13
23 21
24 8
25 4
26 18
27 0
28 26
29 24
SIMILAR

16 9 7 8 19 0 21 22 4 6 5 11 23 26 2 15 14 1 17 3 20 12 10 28 25 24 29 18 13 27 
0 5
1 17
2 14
3 19
4 8
5 10
6 9
7 2
8 3
9 1
10 22
11 11
12 21
13 28
14 16
15 15
16 0
17 18
18 27
19 4
20 20
21 6
22 7
23 12
24 25
25 24
26 13
27 29
28 23
29 26
SIMILAR

16 12 19 22 11 21 10 4 15 6 20 24 13 5 27 7 26 8 14 0 28 25 2 3 9 1 17 23 29 18 
0 19
1 25
2 22
3 23
4 7
5 13
6 9
7 15
8 17
9 24
10 6
11 4
12 1
13 12
14 18
15 8
16 0
17 26
18 29
19 2
20 10
21 5
22 3
23 27
24 11
25 21
26 16
27 14
28 20
29 28
SIMILAR

17 1 27 14 4 9 0 15 18 22 16 11 10 24 25 2 7 21 20 8 13 28 6 26 19 12 29 3 5 23 
0 6
1 1
2 15
3 27
4 4
5 28
6 22
7 16
8 19
9 5
10 12
11 11
12 25
13 20
14 3
15 7
16 10
17 0
18 8
19 24
20 18
21 17
22 9
23 29
24 13
25 14
26 23
27 2
28 21
29 26
SIMILAR

21 2 3 8 14 15 20 22 26 28 11 4 0 27 24 12 7 5 10 16 23 17 29 1 9 6 25 19 13 18 
0 12
1 23
2 1
3 2
4 11
5 17
6 25
7 16
8 3
9 24
10 18
11 10
12 15
13 28
14 4
15 5
16 19
17 21
18 29
19 27
20 6
21 0
22 7
23 20
24 14
25 26
26 8
27 13
28 9
29 22
SIMILAR

19 28 23 15 14 1 6 18 7 0 8 11 25 22 16 9 20 4 17 2 13 3 5 29 21 12 24 10 27 26 
0 9
1 5
2 19
3 21
4 17
5 22
6 6
7 8
8 10
9 15
10 27
11 11
12 25
13 20
14 4
15 3
16 14
17 18
18 7
19 0
20 16
21 24
22 13
23 2
24 26
25 12
26 29
27 28
28 1
29 23
SIMILAR

25 24 0 13 10 12 28 6 9 4 15 29 1 19 14 16 5 26 27 18 17 7 21 11 23 22 20 2 3 8 
0 2
1 12
2 27
3 28
4 9
5 16
6 7
7 21
8 29
9 8
10 4
11 23
12 5
13 3
14 14
15 10
16 15
17 20
18 19
19 13
20 26
21 22
22 25
23 24
24 1
25 0
26 17
27 18
28 6
29 11
SIMILAR

3 14 12 23 11 5 26 27 21 9 6 4 1 24 20 7 28 13 18 29 19 0 25 8 16 15 2 10 22 17 
0 21
1 12
2 26
3 0
4 11
5 5
6 10
7 15
8 23
9 9
10 27
11 4
12 2
13 17
14 1
15 25
16 24
17 29
18 18
19 20
20 14
21 8
22 28
23 3
24 13
25 22
26 6
27 7
28 16
29 19
SIMILAR

22 12 26 21 9 0 10 15 3 13 14 29 5 19 4 16 8 24 25 18 11 27 2 20 23 1 6 7 28 17 
0 5
1 25
2 22
3 8
4 14
5 12
6 26
7 27
8 16
9 4
10 6
11 20
12 1
13 9
14 10
15 7
16 15
17 29
18 19
19 13
20 23
21 3
22 0
23 24
24 17
25 18
26 2
27 21
28 28
29 11
SIMILAR

14 16 26 8 29 27 4 12 19 3 5 22 13 24 25 23 6 1 9 15 2 18 20 0 11 7 21 10 28 17 
0 23
1 17
2 20
3 9
4 6
5 10
6 16
7 25
8 3
9 18
10 27
11 24
12 7
13 12
14 0
15 19
16 1
17 29
18 21
19 8
20 22
21 26
22 11
23 15
24 13
25 14
26 2
27 5
28 28
29 4
SIMILAR

12 23 3 1 9 21 6 28 25 19 10 13 2 26 7 27 29 18 11 8 16 20 14 17 22 24 5 4 0 15 
0 28
1 3
2 12
3 2
4 27
5 26
6 6
7 14
8 19
9 4
10 10
11 18
12 0
13 11
14 22
15 29
16 20
17 23
18 17
19 9
20 21
21 5
22 24
23 1
24 25
25 8
26 13
27 15
28 7
29 16
SIMILAR

2 10 25 18 28 1 21 19 7 11 15 27 23 16 17 0 8 29 5 26 13 14 6 24 20 4 9 12 22 3 
0 15
1 5
2 0
3 29
4 25
5 18
6 22
7 8
8 16
9 26
10 1
11 9
12 27
13 20
14 21
15 10
16 13
17 14
18 3
19 7
20 24
21 6
22 28
23 12
24 23
25 2
26 19
27 11
28 4
29 17
SIMILAR

11 9 5 19 29 18 24 14 8 7 10 17 6 28 4 27 15 13 1 23 20 22 16 2 3 0 26 21 12 25 
0 25
1 18
2 23
3 24
4 14
5 2
6 12
7 9
8 8
9 1
10 10
11 0
12 28
13 17
14 7
15 16
16 22
17 11
18 5
19 3
20 20
21 27
22 21
23 19
24 6
25 29
26 26
27 15
28 13
29 4
SIMILAR

11 2 28 6 27 23 19 18 7 29 8 16 21 9 24 12 15 4 0 26 17 22 25 3 10 20 14 13 5 1 
0 18
1 29
2 1
3 23
4 17
5 28
6 3
7 8
8 10
9 13
10 24
11 0
12 15
13 27
14 26
15 16
16 11
17 20
18 7
19 6
20 25
21 12
22 21
23 5
24 14
25 22
26 19
27 4
28 2
29 9
SIMILAR

27 16 15 5 29 14 21 23 18 26 12 24 6 3 7 11 9 10 0 17 2 1 13 4 25 20 22 8 19 28 
0 18
1 21
2 20
3 13
4 23
5 3
6 12
7 14
8 27
9 16
10 17
11 15
12 10
13 22
14 5
15 2
16 1
17 19
18 8
19 28
20 25
21 6
22 26
23 7
24 11
25 24
26 9
27 0
28 29
29 4
SIMILAR

28 8 9 20 6 25 7 0 14 2 21 1 10 17 3 22 29 19 27 11 15 16 23 24 18 26 4 5 13 12 
0 7
1 11
2 9
3 14
4 26
5 27
6 4
7 6
8 1
9 2
10 12
11 19
12 29
13 28
14 8
15 20
16 21
17 13
18 24
19 17
20 3
21 10
22 15
23 22
24 23
25 5
26 25
27 18
28 0
29 16
SIMILAR

4 0 7 29 27 14 12 6 20 26 15 23 21 25 17 10 24 1 28 5 8 22 18 9 2 16 13 3 11 19 
0 1
1 17
2 24
3 27
4 0
5 19
6 7
7 2
8 20
9 23
10 15
11 28
12 6
13 26
14 5
15 10
16 25
17 14
18 22
19 29
20 8
21 12
22 21
23 11
24 16
25 13
26 9
27 4
28 18
29 3
SIMILAR

26 21 19 1 18 4 23 15 11 14 3 20 10 13 6 16 24 29 5 2 22 17 8 25 7 28 9 0 27 12 
0 27
1 3
2 19
3 10
4 5
5 18
6 14
7 24
8 22
9 26
10 12
11 8
12 29
13 13
14 9
15 7
16 15
17 21
18 4
19 2
20 11
21 1
22 20
23 6
24 16
25 23
26 0
27 28
28 25
29 17
SIMILAR

3 17 21 28 26 5 19 2 7 14 4 10 16 1 22 24 0 9 29 13 15 27 6 18 8 23 12 11 25 20 
0 16
1 13
2 7
3 0
4 10
5 5
6 22
7 8
8 24
9 17
10 11
11 27
12 26
13 19
14 9
15 20
16 12
17 1
18 23
19 6
20 29
21 2
22 14
23 25
24 15
25 28
26 4
27 21
28 3
29 18
SIMILAR

12 17 22 6 28 27 25 29 4 19 20 21 26 24 7 1 18 3 23 14 11 0 10 8 5 13 2 16 9 15 
0 21
1 15
2 26
3 17
4 8
5 24
6 3
7 14
8 23
9 28
10 22
11 20
12 0
13 25
14 19
15 29
16 27
17 1
18 16
19 9
20 10
21 11
22 2
23 18
24 13
25 6
26 12
27 5
28 4
29 7
SIMILAR

13 18 16 5 2 10 23 6 11 8 0 20 19 9 14 27 17 7 3 22 21 15 25 12 4 1 29 26 28 24 
0 10
1 25
2 4
3 18
4 24
5 3
6 7
7 17
8 9
9 13
10 5
11 8
12 23
13 0
14 14
15 21
16 2
17 16
18 1
19 12
20 11
21 20
22 19
23 6
24 29
25 22
26 27
27 15
28 28
29 26
SIMILAR

16 10 21 0 28 25 22 4 6 8 27 26 19 7 12 24 9 17 13 15 29 14 11 2 5 1 23 20 3 18 
0 3
1 25
2 23
3 28
4 7
5 24
6 8
7 13
8 9
9 16
10 1
11 22
12 14
13 18
14 21
15 19
16 0
17 17
18 29
19 12
20 27
21 2
22 6
23 26
24 15
25 5
26 11
27 10
28 4
29 20
SIMILAR

21 28 13 2 4 27 3 26 8 1 16 20 29 10 5 19 22 15 0 25 11 17 24 14 12 23 18 6 7 9 
0 18
1 9
2 3
3 6
4 4
5 14
6 27
7 28
8 8
9 29
10 13
11 20
12 24
13 2
14 23
15 17
16 10
17 21
18 26
19 15
20 11
21 0
22 16
23 25
24 22
25 19
26 7
27 5
28 1
29 12
SIMILAR

10 23 0 3 29 7 14 15 21 25 5 12 13 8 27 11 24 4 6 28 9 20 17 1 2 16 26 18 22 19 
0 2
1 23
2 24
3 3
4 17
5 10
6 18
7 5
8 13
9 20
10 0
11 15
12 11
13 12
14 6
15 7
16 25
17 22
18 27
19 29
20 21
21 8
22 28
23 1
24 16
25 9
26 26
27 14
28 19
29 4
SIMILAR

16 0 13 6 18 12 9 23 10 14 5 21 8 3 1 28 24 29 2 20 27 17 11 26 25 15 4 22 19 7 
0 1
1 14
2 18
3 13
4 26
5 10
6 3
7 29
8 12
9 6
10 8
11 22
12 5
13 2
14 9
15 25
16 0
17 21
18 4
19 28
20 19
21 11
22 27
23 7
24 16
25 24
26 23
27 20
28 15
29 17
SIMILAR

5 29 20 2 25 10 13 26 11 16 3 15 9 6 19 14 23 7 27 24 18 1 0 28 21 4 8 17 12 22 
0 22
1 21
2 3
3 10
4 25
5 0
6 13
7 17
8 26
9 12
10 5
11 8
12 28
13 6
14 15
15 11
16 9
17 27
18 20
19 14
20 2
21 24
22 29
23 16
24 19
25 4
26 7
27 18
28 23
29 1
SIMILAR

16 17 13 21 14 1 11 20 8 22 9 25 4 7 12 10 28 15 6 19 26 24 29 0 23 5 27 2 18 3 
0 23
1 5
2 27
3 29
4 12
5 25
6 18
7 13
8 8
9 10
10 15
11 6
12 14
13 2
14 4
15 17
16 0
17 1
18 28
19 19
20 7
21 3
22 9
23 24
24 21
25 11
26 20
27 26
28 16
29 22
SIMILAR

0 28 2 26 22 12 15 9 23 11 18 17 25 19 29 24 27 7 16 10 4 20 5 6 14 8 1 13 21 3 
0 0
1 26
2 2
3 29
4 20
5 22
6 23
7 17
8 25
9 7
10 19
11 9
12 5
13 27
14 24
15 6
16 18
17 11
18 10
19 13
20 21
21 28
22 4
23 8
24 15
25 12
26 3
27 16
28 1
29 14
SIMILAR

12 27 25 15 16 17 11 26 9 13 2 18 21 0 28 7 22 24 19 1 3 5 4 14 10 6 23 20 29 8 
0 13
1 19
2 10
3 20
4 22
5 21
6 25
7 15
8 29
9 8
10 24
11 6
12 0
13 9
14 23
15 3
16 4
17 5
18 11
19 18
20 27
21 12
22 16
23 26
24 17
25 2
26 7
27 1
28 14
29 28
SIMILAR

22 15 7 0 5 13 1 24 9 27 4 23 21 25 10 18 12 6 3 8 17 29 16 20 26 2 19 11 28 14 
0 3
1 6
2 25
3 18
4 10
5 4
6 17
7 2
8 19
9 8
10 14
11 27
12 16
13 5
14 29
15 1
16 22
17 20
18 15
19 26
20 23
21 12
22 0
23 11
24 7
25 13
26 24
27 9
28 28
29 21
SIMILAR

29 5 18 8 1 0 19 13 28 21 2 17 25 9 22 3 10 16 23 27 14 12 6 7 4 24 20 11 15 26 
0 5
1 4
2 10
3 15
4 24
5 1
6 22
7 23
8 3
9 13
10 16
11 27
12 21
13 7
14 20
15 28
16 17
17 11
18 2
19 6
20 26
21 9
22 14
23 18
24 25
25 12
26 29
27 19
28 8
29 0
SIMILAR

1 8 12 18 21 15 28 26 0 27 3 10 14 2 5 11 29 24 19 23 20 16 22 7 17 6 25 4 13 9 
0 8
1 0
2 13
3 10
4 27
5 14
6 25
7 23
8 1
9 29
10 11
11 15
12 2
13 28
14 12
15 5
16 21
17 24
18 3
19 18
20 20
21 4
22 22
23 19
24 17
25 26
26 7
27 9
28 6
29 16
SIMILAR

0 16 25 9 24 12 23 8 11 28 19 17 15 4 22 2 29 14 27 5 3 26 7 20 21 6 10 1 13 18 
0 0
1 27
2 15
3 20
4 13
5 19
6 25
7 22
8 7
9 3
10 26
11 8
12 5
13 28
14 17
15 12
16 1
17 11
18 29
19 10
20 23
21 24
22 14
23 6
24 4
25 2
26 21
27 18
28 9
29 16
SIMILAR

4 26 25 27 7 6 12 22 5 20 15 2 19 13 29 17 3 0 28 8 21 9 14 10 11 24 16 18 23 1 
0 17
1 29
2 11
3 16
4 0
5 8
6 5
7 4
8 19
9 21
10 23
11 24
12 6
13 13
14 22
15 10
16 26
17 15
18 27
19 12
20 9
21 20
22 7
23 28
24 25
25 2
26 1
27 3
28 18
29 14
SIMILAR

22 15 8 14 20 11 9 3 10 1 19 23 25 5 17 16 21 29 7 4 24 18 0 13 2 28 26 12 27 6 
0 22
1 9
2 24
3 7
4 19
5 13
6 29
7 18
8 2
9 6
10 8
11 5
12 27
13 23
14 3
15 1
16 15
17 14
18 21
19 10
20 4
21 16
22 0
23 11
24 20
25 12
26 26
27 28
28 25
29 17
SIMILAR

7 8 4 22 15 6 24 13 26 23 21 1 18 25 12 16 28 11 17 29 5 9 14 0 3 19 10 20 2 27 
0 23
1 11
2 28
3 24
4 2
5 20
6 5
7 0
8 1
9 21
10 26
11 17
12 14
13 7
14 22
15 4
16 15
17 18
18 12
19 25
20 27
21 10
22 3
23 9
24 6
25 13
26 8
27 29
28 16
29 19
SIMILAR

4 0 3 23 11 22 16 9 27 18 6 7 21 12 25 17 19 1 8 10 2 13 26 24 5 15 28 20 14 29 
0 1
1 17
2 20
3 2
4 0
5 24
6 10
7 11
8 18
9 7
10 19
11 4
12 13
13 21
14 28
15 25
16 6
17 15
18 9
19 16
20 27
21 12
22 5
23 3
24 23
25 14
26 22
27 8
28 26
29 29
SIMILAR

3 11 4 23 22 7 15 10 24 29 9 8 6 21 5 19 18 13 12 25 14 28 27 0 2 16 17 1 20 26 
0 23
1 27
2 24
3 0
4 2
5 14
6 12
7 5
8 11
9 10
10 7
11 1
12 18
13 17
14 20
15 6
16 25
17 26
18 16
19 15
20 28
21 13
22 4
23 3
24 8
25 19
26 29
27 22
28 21
29 9
SIMILAR

19 8 11 29 26 7 20 24 27 2 3 15 6 12 23 9 14 1 13 18 0 22 21 10 25 4 5 16 17 28 
0 20
1 17
2 9
3 10
4 25
5 26
6 12
7 5
8 1
9 15
10 23
11 2
12 13
13 18
14 16
15 11
16 27
17 28
18 19
19 0
20 6
21 22
22 21
23 14
24 7
25 24
26 4
27 8
28 29
29 3
SIMILAR

18 4 6 12 0 22 26 7 9 3 10 25 29 27 14 28 2 13 15 8 24 20 19 5 11 17 21 16 1 23 
0 4
1 28
2 16
3 9
4 1
5 23
6 2
7 7
8 19
9 8
10 10
11 24
12 3
13 17
14 14
15 18
16 27
17 25
18 0
19 22
20 21
21 26
22 5
23 29
24 20
25 11
26 6
27 13
28 15
29 12
SIMILAR

15 1 16 26 14 24 6 0 12 2 3 18 20 13 9 22 8 19 21 28 4 23 10 7 5 29 27 11 17 25 
0 7
1 1
2 9
3 10
4 20
5 24
6 6
7 23
8 16
9 14
10 22
11 27
12 8
13 13
14 4
15 0
16 2
17 28
18 11
19 17
20 12
21 18
22 15
23 21
24 5
25 29
26 3
27 26
28 19
29 25
SIMILAR

14 15 24 16 29 12 6 7 20 3 2 13 10 1 28 8 4 5 9 26 23 0 25 17 18 11 22 19 27 21 
0 21
1 13
2 10
3 9
4 16
5 17
6 6
7 7
8 15
9 18
10 12
11 25
12 5
13 11
14 0
15 1
16 3
17 23
18 24
19 27
20 8
21 29
22 26
23 20
24 2
25 22
26 19
27 28
28 14
29 4
SIMILAR

14 28 26 29 15 24 16 13 8 19 27 11 22 21 10 5 12 23 1 9 20 18 7 4 0 3 17 2 25 6 
0 24
1 18
2 27
3 25
4 23
5 15
6 29
7 22
8 8
9 19
10 14
11 11
12 16
13 7
14 0
15 4
16 6
17 26
18 21
19 9
20 20
21 13
22 12
23 17
24 5
25 28
26 2
27 10
28 1
29 3
SIMILAR

15 20 26 29 4 22 12 8 23 24 17 21 7 11 27 5 2 14 19 6 1 3 10 25 0 18 9 28 16 13 
0 24
1 20
2 16
3 21
4 4
5 15
6 19
7 12
8 7
9 26
10 22
11 13
12 6
13 29
14 17
15 0
16 28
17 10
18 25
19 18
20 1
21 11
22 5
23 8
24 9
25 23
26 2
27 14
28 27
29 3
SIMILAR

0 8 18 10 9 4 11 28 15 1 13 16 7 29 14 5 27 20 6 25 3 19 2 21 22 12 26 17 23 24 
0 0
1 9
2 22
3 20
4 5
5 15
6 18
7 12
8 1
9 4
10 3
11 6
12 25
13 10
14 14
15 8
16 11
17 27
18 2
19 21
20 17
21 23
22 24
23 28
24 29
25 19
26 26
27 16
28 7
29 13
SIMILAR

22 1 21 10 6 13 9 16 2 3 5 25 7 24 23 27 12 17 28 8 11 20 14 15 29 18 0 19 4 26 
0 26
1 1
2 8
3 9
4 28
5 10
6 4
7 12
8 19
9 6
10 3
11 20
12 16
13 5
14 22
15 23
16 7
17 17
18 25
19 27
20 21
21 2
22 0
23 14
24 13
25 11
26 29
27 15
28 18
29 24
SIMILAR

2 0 25 19 7 22 17 29 5 8 12 11 18 28 9 21 1 24 3 26 20 15 23 6 14 16 4 27 10 13 
0 1
1 16
2 0
3 18
4 26
5 8
6 23
7 4
8 9
9 14
10 28
11 11
12 10
13 29
14 24
15 21
16 25
17 6
18 12
19 3
20 20
21 15
22 5
23 22
24 17
25 2
26 19
27 27
28 13
29 7
SIMILAR

0 25 1 14 18 26 6 4 8 19 20 28 11 10 27 13 3 16 12 15 5 22 9 2 23 21 29 17 24 7 
0 0
1 2
2 23
3 16
4 7
5 20
6 6
7 29
8 8
9 22
10 13
11 12
12 18
13 15
14 3
15 19
16 17
17 27
18 4
19 9
20 10
21 25
22 21
23 24
24 28
25 1
26 5
27 14
28 11
29 26
SIMILAR

18 27 9 22 23 15 26 17 12 2 8 29 19 20 16 5 28 24 0 13 25 21 11 4 1 10 7 3 6 14 
0 18
1 24
2 9
3 27
4 23
5 15
6 28
7 26
8 10
9 2
10 25
11 22
12 8
13 19
14 29
15 5
16 14
17 7
18 0
19 12
20 13
21 21
22 3
23 4
24 17
25 20
26 6
27 1
28 16
29 11
SIMILAR

21 20 11 13 2 28 14 5 19 9 10 23 27 18 17 8 7 29 1 0 6 26 3 16 24 15 4 25 22 12 
0 19
1 18
2 4
3 22
4 26
5 7
6 20
7 16
8 15
9 9
10 10
11 2
12 29
13 3
14 6
15 25
16 23
17 14
18 13
19 8
20 1
21 0
22 28
23 11
24 24
25 27
26 21
27 12
28 5
29 17
SIMILAR

5 12 9 3 26 8 21 14 4 17 20 19 28 29 13 1 6 15 25 16 27 24 7 10 11 18 2 0 22 23 
0 27
1 15
2 26
3 3
4 8
5 0
6 16
7 22
8 5
9 2
10 23
11 24
12 1
13 14
14 7
15 17
16 19
17 9
18 25
19 11
20 10
21 6
22 28
23 29
24 21
25 18
26 4
27 20
28 12
29 13
SIMILAR

9 2 7 17 16 3 24 8 11 20 13 21 10 23 4 25 1 27 22 19 28 15 0 14 26 5 18 6 12 29 
0 22
1 16
2 1
3 5
4 14
5 25
6 27
7 2
8 7
9 0
10 12
11 8
12 28
13 10
14 23
15 21
16 4
17 3
18 26
19 19
20 9
21 11
22 18
23 13
24 6
25 15
26 24
27 17
28 20
29 29
SIMILAR

19 21 4 18 23 2 15 0 13 25 10 27 3 11 1 7 20 12 14 8 29 17 22 16 5 24 28 26 9 6 
0 7
1 14
2 5
3 12
4 2
5 24
6 29
7 15
8 19
9 28
10 10
11 13
12 17
13 8
14 18
15 6
16 23
17 21
18 3
19 0
20 16
21 1
22 22
23 4
24 25
25 9
26 27
27 11
28 26
29 20
SIMILAR

15 14 27 19 18 12 13 9 21 10 28 11 1 8 0 3 4 23 25 29 2 17 5 6 16 26 7 20 22 24 
0 14
1 12
2 20
3 15
4 16
5 22
6 23
7 26
8 13
9 7
10 9
11 11
12 5
13 6
14 1
15 0
16 24
17 21
18 4
19 3
20 27
21 8
22 28
23 17
24 29
25 18
26 25
27 2
28 10
29 19
SIMILAR

9 6 2 29 8 24 4 5 10 13 19 3 27 1 12 18 11 21 0 16 17 14 25 23 15 26 22 20 7 28 
0 18
1 13
2 2
3 11
4 6
5 7
6 1
7 28
8 4
9 0
10 8
11 16
12 14
13 9
14 21
15 24
16 19
17 20
18 15
19 10
20 27
21 17
22 26
23 23
24 5
25 22
26 25
27 12
28 29
29 3
SIMILAR

28 25 20 5 15 29 9 12 2 23 1 16 26 3 18 14 10 22 8 17 4 19 11 6 0 27 7 13 24 21 
0 24
1 10
2 8
3 13
4 20
5 3
6 23
7 26
8 18
9 6
10 16
11 22
12 7
13 27
14 15
15 4
16 11
17 19
18 14
19 21
20 2
21 29
22 17
23 9
24 28
25 1
26 12
27 25
28 0
29 5
SIMILAR

16 11 27 3 8 20 28 5 0 15 1 22 19 25 14 17 10 7 21 9 23 4 2 6 18 29 24 12 26 13 
0 8
1 10
2 22
3 3
4 21
5 7
6 23
7 17
8 4
9 19
10 16
11 1
12 27
13 29
14 14
15 9
16 0
17 15
18 24
19 12
20 5
21 18
22 11
23 20
24 26
25 13
26 28
27 2
28 6
29 25
SIMILAR

25 7 22 17 13 18 15 3 11 24 27 5 19 12 21 29 2 20 14 26 8 6 23 1 9 28 16 10 4 0 
0 29
1 23
2 16
3 7
4 28
5 11
6 21
7 1
8 20
9 24
10 27
11 8
12 13
13 4
14 18
15 6
16 26
17 3
18 5
19 12
20 17
21 14
22 2
23 22
24 9
25 0
26 19
27 10
28 25
29 15
SIMILAR

8 7 3 11 27 24 13 2 12 6 21 20 15 10 9 23 18 1 14 26 5 28 29 19 22 16 17 25 4 0 
0 29
1 17
2 7
3 2
4 28
5 20
6 9
7 1
8 0
9 14
10 13
11 3
12 8
13 6
14 18
15 12
16 25
17 26
18 16
19 23
20 11
21 10
22 24
23 15
24 5
25 27
26 19
27 4
28 21
29 22
SIMILAR

20 24 18 22 21 12 10 27 25 4 23 2 1 29 11 0 26 5 7 9 8 19 28 6 16 3 13 15 14 17 
0 15
1 12
2 11
3 25
4 9
5 17
6 23
7 18
8 20
9 19
10 6
11 14
12 5
13 26
14 28
15 27
16 24
17 29
18 2
19 21
20 0
21 4
22 3
23 10
24 1
25 8
26 16
27 7
28 22
29 13
SIMILAR

18 7 6 4 24 15 0 27 13 29 3 22 12 28 25 10 26 8 21 9 16 11 23 20 17 2 1 19 5 14 
0 6
1 26
2 25
3 10
4 3
5 28
6 2
7 1
8 17
9 19
10 15
11 21
12 12
13 8
14 29
15 5
16 20
17 24
18 0
19 27
20 23
21 18
22 11
23 22
24 4
25 14
26 16
27 7
28 13
29 9
SIMILAR

4 1 10 22 26 2 20 7 25 18 24 9 28 0 15 17 8 21 19 5 16 23 3 6 13 12 14 27 29 11 
0 13
1 1
2 5
3 22
4 0
5 19
6 23
7 7
8 16
9 11
10 2
11 29
12 25
13 24
14 26
15 14
16 20
17 15
18 9
19 18
20 6
21 17
22 3
23 21
24 10
25 8
26 4
27 27
28 12
29 28
SIMILAR

9 7 15 3 10 19 5 20 4 26 17 23 11 29 18 12 16 6 14 1 21 28 22 0 27 13 2 8 25 24 
0 23
1 19
2 26
3 3
4 8
5 6
6 17
7 1
8 27
9 0
10 4
11 12
12 15
13 25
14 18
15 2
16 16
17 10
18 14
19 5
20 7
21 20
22 22
23 11
24 29
25 28
26 9
27 24
28 21
29 13
SIMILAR

23 24 19 0 29 6 10 28 2 17 7 1 13 26 14 5 25 20 16 27 12 11 4 8 15 18 21 9 3 22 
0 3
1 11
2 8
3 28
4 22
5 15
6 5
7 10
8 23
9 27
10 6
11 21
12 20
13 12
14 14
15 24
16 18
17 9
18 25
19 2
20 17
21 26
22 29
23 0
24 1
25 16
26 13
27 19
28 7
29 4
SIMILAR

29 26 11 17 24 8 12 16 18 28 23 5 21 22 14 3 7 4 15 27 2 20 19 1 9 25 0 6 13 10 
0 26
1 23
2 20
3 15
4 17
5 11
6 27
7 16
8 5
9 24
10 29
11 2
12 6
13 28
14 14
15 18
16 7
17 3
18 8
19 22
20 21
21 12
22 13
23 10
24 4
25 25
26 1
27 19
28 9
29 0
SIMILAR

22 20 15 3 5 4 27 24 16 2 25 7 23 14 8 10 26 0 19 11 21 18 28 12 13 1 29 17 9 6 
0 17
1 25
2 9
3 3
4 5
5 4
6 29
7 11
8 14
9 28
10 15
11 19
12 23
13 24
14 13
15 2
16 8
17 27
18 21
19 18
20 1
21 20
22 0
23 12
24 7
25 10
26 16
27 6
28 22
29 26
SIMILAR

28 7 10 18 9 23 1 4 15 14 13 2 16 19 26 6 22 29 3 24 0 5 27 20 17 8 12 25 21 11 
0 20
1 6
2 11
3 18
4 7
5 21
6 15
7 1
8 25
9 4
10 2
11 29
12 26
13 10
14 9
15 8
16 12
17 24
18 3
19 13
20 23
21 28
22 16
23 5
24 19
25 27
26 14
27 22
28 0
29 17
SIMILAR

16 2 15 3 0 7 20 29 14 1 27 12 22 10 18 8 4 17 6 9 28 21 5 19 11 13 25 24 26 23 
0 4
1 9
2 1
3 3
4 16
5 22
6 18
7 5
8 15
9 19
10 13
11 24
12 11
13 25
14 8
15 2
16 0
17 17
18 14
19 23
20 6
21 21
22 12
23 29
24 27
25 26
26 28
27 10
28 20
29 7
SIMILAR

5 13 14 24 8 15 12 18 16 9 17 7 27 26 25 22 0 29 23 10 11 6 2 20 21 19 28 4 3 1 
0 16
1 29
2 22
3 28
4 27
5 0
6 21
7 11
8 4
9 9
10 19
11 20
12 6
13 1
14 2
15 5
16 8
17 10
18 7
19 25
20 23
21 24
22 15
23 18
24 3
25 14
26 13
27 12
28 26
29 17
SIMILAR

9 19 17 23 8 14 3 22 4 12 0 18 25 20 16 21 24 7 26 15 1 10 29 6 28 11 2 5 13 27 
0 10
1 20
2 26
3 6
4 8
5 27
6 23
7 17
8 4
9 0
10 21
11 25
12 9
13 28
14 5
15 19
16 14
17 2
18 11
19 1
20 13
21 15
22 7
23 3
24 16
25 12
26 18
27 29
28 24
29 22
SIMILAR

11 17 22 27 13 0 7 26 15 25 29 20 5 14 10 16 12 1 28 23 18 2 4 8 3 9 19 6 21 24 
0 5
1 17
2 21
3 24
4 22
5 12
6 27
7 6
8 23
9 25
10 14
11 0
12 16
13 4
14 13
15 8
16 15
17 1
18 20
19 26
20 11
21 28
22 2
23 19
24 29
25 9
26 7
27 3
28 18
29 10
SIMILAR

5 12 24 2 17 15 10 26 6 25 1 14 28 11 16 18 8 7 29 0 22 3 9 4 27 23 20 21 19 13 
0 19
1 10
2 3
3 21
4 23
5 0
6 8
7 17
8 16
9 22
10 6
11 13
12 1
13 29
14 11
15 5
16 14
17 4
18 15
19 28
20 26
21 27
22 20
23 25
24 2
25 9
26 7
27 24
28 12
29 18
SIMILAR

11 26 7 0 10 20 21 14 4 19 29 8 25 2 17 9 28 5 27 24 3 13 18 16 1 15 22 23 6 12 
0 3
1 24
2 13
3 20
4 8
5 17
6 28
7 2
8 11
9 15
10 4
11 0
12 29
13 21
14 7
15 25
16 23
17 14
18 22
19 9
20 5
21 6
22 26
23 27
24 19
25 12
26 1
27 18
28 16
29 10
SIMILAR

12 6 26 7 9 17 11 15 4 10 16 18 2 3 13 19 27 20 29 0 28 1 23 22 5 25 21 24 14 8 
0 19
1 21
2 12
3 13
4 8
5 24
6 1
7 3
8 29
9 4
10 9
11 6
12 0
13 14
14 28
15 7
16 10
17 5
18 11
19 15
20 17
21 26
22 23
23 22
24 27
25 25
26 2
27 16
28 20
29 18
SIMILAR

7 20 23 18 10 11 26 16 28 15 8 4 5 22 19 21 27 3 29 13 2 24 0 1 12 25 14 6 9 17 
0 22
1 23
2 20
3 17
4 11
5 12
6 27
7 0
8 10
9 28
10 4
11 5
12 24
13 19
14 26
15 9
16 7
17 29
18 3
19 14
20 1
21 15
22 13
23 2
24 21
25 25
26 6
27 16
28 8
29 18
SIMILAR

11 14 26 16 27 4 13 1 5 10 23 28 18 21 6 15 8 24 9 0 12 7 20 29 25 22 3 2 17 19 
0 19
1 7
2 27
3 26
4 5
5 8
6 14
7 21
8 16
9 18
10 9
11 0
12 20
13 6
14 1
15 15
16 3
17 28
18 12
19 29
20 22
21 13
22 25
23 10
24 17
25 24
26 2
27 4
28 11
29 23
SIMILAR

3 7 24 26 19 13 16 1 11 18 9 22 2 10 12 8 25 15 28 6 29 27 5 20 0 17 21 14 23 4 
0 24
1 7
2 12
3 0
4 29
5 22
6 19
7 1
8 15
9 10
10 13
11 8
12 14
13 5
14 27
15 17
16 6
17 25
18 9
19 4
20 23
21 26
22 11
23 28
24 2
25 16
26 3
27 21
28 18
29 20
SIMILAR

23 12 0 4 24 5 22 28 13 20 7 17 1 18 8 15 21 27 10 29 16 6 19 9 2 3 25 26 11 14 
0 2
1 12
2 24
3 25
4 3
5 5
6 21
7 10
8 14
9 23
10 18
11 28
12 1
13 8
14 29
15 15
16 20
17 11
18 13
19 22
20 9
21 16
22 6
23 0
24 4
25 26
26 27
27 17
28 7
29 19
SIMILAR

22 26 0 3 5 17 18 23 13 25 14 24 28 12 1 6 21 10 29 2 7 8 9 20 27 11 4 15 19 16 
0 2
1 14
2 19
3 3
4 26
5 4
6 15
7 20
8 21
9 22
10 17
11 25
12 13
13 8
14 10
15 27
16 29
17 5
18 6
19 28
20 23
21 16
22 0
23 7
24 11
25 9
26 1
27 24
28 12
29 18
SIMILAR

11 16 17 10 24 20 18 8 4 5 2 6 29 7 9 1 14 3 27 23 26 15 21 19 25 22 13 12 0 28 
0 28
1 15
2 10
3 17
4 8
5 9
6 11
7 13
8 7
9 14
10 3
11 0
12 27
13 26
14 16
15 21
16 1
17 2
18 6
19 23
20 5
21 22
22 25
23 19
24 4
25 24
26 20
27 18
28 29
29 12
SIMILAR

26 13 17 28 12 0 25 11 6 1 27 14 4 21 5 29 9 23 2 15 10 7 3 8 24 19 16 20 22 18 
0 5
1 9
2 18
3 22
4 12
5 14
6 8
7 21
8 23
9 16
10 20
11 7
12 4
13 1
14 11
15 19
16 26
17 2
18 29
19 25
20 27
21 13
22 28
23 17
24 24
25 6
26 0
27 10
28 3
29 15
SIMILAR

0 2 5 17 20 8 27 29 22 6 9 14 25 12 10 7 11 4 23 21 24 18 26 28 3 13 15 1 19 16 
0 0
1 27
2 1
3 24
4 17
5 2
6 9
7 15
8 5
9 10
10 14
11 16
12 13
13 25
14 11
15 26
16 29
17 3
18 21
19 28
20 4
21 19
22 8
23 18
24 20
25 12
26 22
27 6
28 23
29 7
SIMILAR

13 20 14 22 15 1 17 12 4 6 10 11 3 23 5 21 27 0 7 26 2 29 16 8 24 25 19 9 28 18 
0 17
1 5
2 20
3 12
4 8
5 14
6 9
7 18
8 23
9 27
10 10
11 11
12 7
13 0
14 2
15 4
16 22
17 6
18 29
19 26
20 1
21 15
22 3
23 13
24 24
25 25
26 19
27 16
28 28
29 21
SIMILAR

28 0 21 19 17 15 8 10 26 4 6 20 3 5 27 25 1 12 9 18 29 22 7 16 2 11 23 14 24 13 
0 1
1 16
2 24
3 12
4 9
5 13
6 10
7 22
8 6
9 18
10 7
11 25
12 17
13 29
14 27
15 5
16 23
17 4
18 19
19 3
20 11
21 2
22 21
23 26
24 28
25 15
26 8
27 14
28 0
29 20
SIMILAR

29 5 25 12 24 4 8 28 11 19 17 21 6 26 20 1 22 23 3 0 10 16 27 15 9 18 2 13 14 7 
0 19
1 15
2 26
3 18
4 5
5 1
6 12
7 29
8 6
9 24
10 20
11 8
12 3
13 27
14 28
15 23
16 21
17 10
18 25
19 9
20 14
21 11
22 16
23 17
24 4
25 2
26 13
27 22
28 7
29 0
SIMILAR

3 29 2 20 27 24 11 28 21 14 15 17 12 19 4 13 10 0 1 8 6 26 16 22 18 7 9 23 25 5 
0 17
1 18
2 2
3 0
4 14
5 29
6 20
7 25
8 19
9 26
10 16
11 6
12 12
13 15
14 9
15 10
16 22
17 11
18 24
19 13
20 3
21 8
22 23
23 27
24 5
25 28
26 21
27 4
28 7
29 1
SIMILAR

14 26 10 9 3 12 20 24 7 17 28 2 29 5 25 4 0 13 16 18 19 1 11 27 15 8 22 23 21 6 
0 16
1 21
2 11
3 4
4 15
5 13
6 29
7 8
8 25
9 3
10 2
11 22
12 5
13 17
14 0
15 24
16 18
17 9
18 19
19 20
20 6
21 28
22 26
23 27
24 7
25 14
26 1
27 23
28 10
29 12
SIMILAR

21 24 8 26 2 27 28 11 20 9 7 29 17 15 1 18 3 13 6 23 22 19 25 0 16 12 5 14 10 4 
0 23
1 14
2 4
3 16
4 29
5 26
6 18
7 10
8 2
9 9
10 28
11 7
12 25
13 17
14 27
15 13
16 24
17 12
18 15
19 21
20 8
21 0
22 20
23 19
24 1
25 22
26 3
27 5
28 6
29 11
SIMILAR

21 29 18 13 24 3 6 25 11 19 9 17 8 28 10 2 23 0 15 14 7 26 1 5 27 4 20 16 22 12 
0 17
1 22
2 15
3 5
4 25
5 23
6 6
7 20
8 12
9 10
10 14
11 8
12 29
13 3
14 19
15 18
16 27
17 11
18 2
19 9
20 26
21 0
22 28
23 16
24 4
25 7
26 21
27 24
28 13
29 1
SIMILAR

3 18 23 13 17 28 29 21 22 1 25 5 27 8 6 15 7 4 9 10 2 26 14 20 24 12 19 16 0 11 
0 28
1 9
2 20
3 0
4 17
5 11
6 14
7 16
8 13
9 18
10 19
11 29
12 25
13 3
14 22
15 15
16 27
17 4
18 1
19 26
20 23
21 7
22 8
23 2
24 24
25 10
26 21
27 12
28 5
29 6
SIMILAR

8 3 18 0 9 26 13 25 14 24 4 2 20 10 17 5 6 16 21 29 22 1 19 7 12 23 15 27 11 28 
0 3
1 21
2 11
3 1
4 10
5 15
6 16
7 23
8 0
9 4
10 13
11 28
12 24
13 6
14 8
15 26
16 17
17 14
18 2
19 22
20 12
21 18
22 20
23 25
24 9
25 7
26 5
27 27
28 29
29 19
SIMILAR

16 13 29 1 2 26 10 11 22 25 24 6 28 19 12 5 27 18 0 15 3 17 14 8 21 20 9 7 23 4 
0 18
1 3
2 4
3 20
4 29
5 15
6 11
7 27
8 23
9 26
10 6
11 7
12 14
13 1
14 22
15 19
16 0
17 21
18 17
19 13
20 25
21 24
22 8
23 28
24 10
25 9
26 5
27 16
28 12
29 2
SIMILAR

18 14 11 25 20 23 8 0 2 4 21 27 5 10 15 29 26 13 7 6 22 12 24 28 19 17 9 1 16 3 
0 7
1 27
2 8
3 29
4 9
5 12
6 19
7 18
8 6
9 26
10 13
11 2
12 21
13 17
14 1
15 14
16 28
17 25
18 0
19 24
20 4
21 10
22 20
23 5
24 22
25 3
26 16
27 11
28 23
29 15
SIMILAR

23 3 21 9 0 2 12 16 18 8 22 4 14 15 27 7 5 25 29 28 19 24 11 1 20 13 17 10 6 26 
0 4
1 23
2 5
3 1
4 11
5 16
6 28
7 15
8 9
9 3
10 27
11 22
12 6
13 25
14 12
15 13
16 7
17 26
18 8
19 20
20 24
21 2
22 10
23 0
24 21
25 17
26 29
27 14
28 19
29 18
SIMILAR

21 13 20 8 7 23 18 1 3 10 6 2 22 4 19 5 16 0 15 11 24 28 29 14 25 26 9 12 17 27 
0 17
1 7
2 11
3 8
4 13
5 15
6 10
7 4
8 3
9 26
10 9
11 19
12 27
13 1
14 23
15 18
16 16
17 28
18 6
19 14
20 2
21 0
22 12
23 5
24 20
25 24
26 25
27 29
28 21
29 22
SIMILAR
100 0
4200 0
264200 0
