30
0 0 1 1 1 1 0 1 0 0 1 1 0 0 1 1 1 0 0 0 1 0 1 1 0 1 0 0 0 0 
0 0 1 0 0 0 1 0 1 1 0 0 1 0 1 1 1 0 0 1 1 1 1 0 0 1 1 0 0 1 
1 1 0 0 1 1 0 1 0 0 0 1 1 1 1 1 0 1 0 0 1 1 0 0 1 1 0 1 1 1 
1 0 0 0 1 0 0 0 1 0 1 0 0 0 0 0 0 1 1 1 0 0 1 0 0 0 1 0 0 0 
1 0 1 1 0 1 0 1 1 1 1 0 1 0 1 1 1 1 0 1 0 1 1 0 0 1 0 0 0 0 
1 0 1 0 1 0 1 1 0 0 0 0 0 0 0 1 1 1 0 1 1 0 0 1 1 1 1 0 0 0 
0 1 0 0 0 1 0 1 1 1 1 0 1 0 0 1 1 0 0 0 0 1 0 0 0 0 1 0 0 1 
1 0 1 0 1 1 1 0 0 1 0 0 1 0 1 1 0 1 0 0 1 1 1 0 1 0 0 0 1 1 
0 1 0 1 1 0 1 0 0 1 1 1 1 1 0 1 1 1 0 0 1 0 0 0 1 0 1 0 0 0 
0 1 0 0 1 0 1 1 1 0 0 0 0 0 1 1 0 0 0 0 0 0 0 1 1 0 1 0 0 0 
1 0 0 1 1 0 1 0 1 0 0 0 0 1 0 1 1 1 1 0 0 0 0 1 0 1 0 0 1 1 
1 0 1 0 0 0 0 0 1 0 0 0 1 1 0 1 1 0 0 0 0 1 1 1 1 0 0 1 1 0 
0 1 1 0 1 0 1 1 1 0 0 1 0 0 0 1 1 0 0 0 0 1 0 1 1 0 1 0 1 1 
0 0 1 0 0 0 0 0 1 0 1 1 0 0 0 1 1 0 1 0 0 0 0 0 0 1 0 0 1 1 
1 1 1 0 1 0 0 1 0 1 0 0 0 0 0 0 1 0 0 1 0 1 0 0 1 0 0 0 1 1 
1 1 1 0 1 1 1 1 1 1 1 1 1 1 0 0 1 1 1 0 1 0 1 1 1 0 0 0 0 1 
1 1 0 0 1 1 1 0 1 0 1 1 1 1 1 1 0 1 0 0 0 1 1 1 0 1 1 0 1 0 
0 0 1 1 1 1 0 1 1 0 1 0 0 0 0 1 1 0 0 0 0 0 0 1 1 1 1 1 1 1 
0 0 0 1 0 0 0 0 0 0 1 0 0 1 0 1 0 0 0 0 1 1 1 0 1 0 0 1 0 0 
0 1 0 1 1 1 0 0 0 0 0 0 0 0 1 0 0 0 0 0 0 1 0 0 1 1 1 1 1 1 
1 1 1 0 0 1 0 1 1 0 0 0 0 0 0 1 0 0 1 0 0 1 1 0 1 1 0 0 1 0 
0 1 1 0 1 0 1 1 0 0 0 1 1 0 1 0 1 0 1 1 1 0 0 0 1 0 1 0 0 0 
1 1 0 1 1 0 0 1 0 0 0 1 0 0 0 1 1 0 1 0 1 0 0 0 0 0 0 0 0 0 
1 0 0 0 0 1 0 0 0 1 1 1 1 0 0 1 1 1 0 0 0 0 0 0 0 1 0 1 1 0 
0 0 1 0 0 1 0 1 1 1 0 1 1 0 1 1 0 1 1 1 1 1 0 0 0 1 0 1 1 1 
1 1 1 0 1 1 0 0 0 0 1 0 0 1 0 0 1 1 0 1 1 0 0 1 1 0 1 0 0 0 
0 1 0 1 0 1 1 0 1 1 0 0 1 0 0 0 1 1 0 1 0 1 0 0 0 1 0 1 1 1 
0 0 1 0 0 0 0 0 0 0 0 1 0 0 0 0 0 1 1 1 0 0 0 1 1 0 1 0 1 0 
0 0 1 0 0 0 0 1 0 0 1 1 1 1 1 0 1 1 0 1 1 0 0 1 1 0 1 1 0 0 
0 1 1 0 0 0 1 1 0 0 1 0 1 1 1 1 0 1 0 1 0 0 0 0 1 0 1 0 0 0 

24 3 10 20 7 29 22 15 8 25 6 23 28 13 18 0 14 19 4 16 9 11 26 12 2 5 17 1 27 21 
0 15
1 27
2 24
3 1
4 18
5 25
6 10
7 4
8 8
9 20
10 2
11 21
12 23
13 13
14 16
15 7
16 19
17 26
18 14
19 17
20 3
21 29
22 6
23 11
24 0
25 9
26 22
27 28
28 12
29 5
SIMILAR

12 25 16 22 7 23 21 13 2 20 24 27 5 15 1 9 17 11 3 19 14 18 28 6 4 0 10 8 29 26 
0 25
1 14
2 8
3 18
4 24
5 12
6 23
7 4
8 27
9 15
10 26
11 17
12 0
13 7
14 20
15 13
16 2
17 16
18 21
19 19
20 9
21 6
22 3
23 5
24 10
25 1
26 29
27 11
28 22
29 28
SIMILAR

3 2 29 23 4 20 14 16 11 25 28 1 0 17 27 26 22 9 6 8 24 19 15 18 21 12 5 10 13 7 
0 12
1 11
2 1
3 0
4 4
5 26
6 18
7 29
8 19
9 17
10 27
11 8
12 25
13 28
14 6
15 22
16 7
17 13
18 23
19 21
20 5
21 24
22 16
23 3
24 20
25 9
26 15
27 14
28 10
29 2
SIMILAR

23 20 21 5 28 7 16 19 22 8 0 1 2 6 26 4 17 13 24 25 9 10 12 29 3 11 15 27 18 14 
0 10
1 11
2 12
3 24
4 15
5 3
6 13
7 5
8 9
9 20
10 21
11 25
12 22
13 17
14 29
15 26
16 6
17 16
18 28
19 7
20 1
21 2
22 8
23 0
24 18
25 19
26 14
27 27
28 4
29 23
SIMILAR

23 29 6 10 15 19 20 14 18 17 8 27 21 25 2 1 9 13 24 16 12 3 26 0 11 22 4 28 7 5 
0 23
1 15
2 14
3 21
4 26
5 29
6 2
7 28
8 10
9 16
10 3
11 24
12 20
13 17
14 7
15 4
16 19
17 9
18 8
19 5
20 6
21 12
22 25
23 0
24 18
25 13
26 22
27 11
28 27
29 1
SIMILAR

13 24 9 3 14 8 4 29 21 0 18 22 25 17 12 6 19 16 15 28 11 27 5 2 7 1 20 23 26 10 
0 9
1 25
2 23
3 3
4 6
5 22
6 15
7 24
8 5
9 2
10 29
11 20
12 14
13 0
14 4
15 18
16 17
17 13
18 10
19 16
20 26
21 8
22 11
23 27
24 1
25 12
26 28
27 21
28 19
29 7
SIMILAR

18 25 9 29 20 12 16 5 24 22 17 1 10 3 13 7 14 19 21 11 2 23 28 26 15 27 0 8 4 6 
0 26
1 11
2 20
3 13
4 28
5 7
6 29
7 15
8 27
9 2
10 12
11 19
12 5
13 14
14 16
15 24
16 6
17 10
18 0
19 17
20 4
21 18
22 9
23 21
24 8
25 1
26 23
27 25
28 22
29 3
SIMILAR

7 25 6 18 22 8 23 3 15 16 11 4 5 19 27 1 2 24 12 29 10 0 9 28 14 26 13 21 20 17 
0 21
1 15
2 16
3 7
4 11
5 12
6 2
7 0
8 5
9 22
10 20
11 10
12 18
13 26
14 24
15 8
16 9
17 29
18 3
19 13
20 28
21 27
22 4
23 6
24 17
25 1
26 25
27 14
28 23
29 19
SIMILAR

20 11 28 10 12 13 16 4 18 8 24 3 1 25 23 15 7 14 21 26 17 27 0 22 9 29 5 6 2 19 
0 22
1 12
2 28
3 11
4 7
5 26
6 27
7 16
8 9
9 24
10 3
11 1
12 4
13 5
14 17
15 15
16 6
17 20
18 8
19 29
20 0
21 18
22 23
23 14
24 10
25 13
26 19
27 21
28 2
29 25
SIMILAR

27 23 11 8 12 22 26 29 25 15 5 9 16 20 0 13 24 18 2 1 28 7 3 21 6 19 10 14 4 17 
0 14
1 19
2 18
3 22
4 28
5 10
6 24
7 21
8 3
9 11
10 26
11 2
12 4
13 15
14 27
15 9
16 12
17 29
18 17
19 25
20 13
21 23
22 5
23 1
24 16
25 8
26 6
27 0
28 20
29 7
SIMILAR

10 17 24 1 11 15 5 20 23 8 9 29 16 26 18 12 28 27 19 6 0 2 7 13 25 21 14 3 4 22 
0 20
1 3
2 21
3 27
4 28
5 6
6 19
7 22
8 9
9 10
10 0
11 4
12 15
13 23
14 26
15 5
16 12
17 1
18 14
19 18
20 7
21 25
22 29
23 8
24 2
25 24
26 13
27 17
28 16
29 11
SIMILAR

27 25 14 2 22 11 23 10 26 29 18 15 7 13 16 28 0 20 1 8 17 24 19 9 4 5 12 6 21 3 
0 16
1 18
2 3
3 29
4 24
5 25
6 27
7 12
8 19
9 23
10 7
11 5
12 26
13 13
14 2
15 11
16 14
17 20
18 10
19 22
20 17
21 28
22 4
23 6
24 21
25 1
26 8
27 0
28 15
29 9
SIMILAR

28 23 24 1 22 15 8 6 18 14 27 9 5 29 20 21 17 2 19 4 26 25 11 16 10 12 13 0 3 7 
0 27
1 3
2 17
3 28
4 19
5 12
6 7
7 29
8 6
9 11
10 24
11 22
12 25
13 26
14 9
15 5
16 23
17 16
18 8
19 18
20 14
21 15
22 4
23 1
24 2
25 21
26 20
27 10
28 0
29 13
SIMILAR

15 12 9 14 20 26 6 23 29 0 27 4 24 16 13 7 1 3 28 8 22 2 19 5 21 17 11 25 18 10 
0 9
1 16
2 21
3 17
4 11
5 23
6 6
7 15
8 19
9 2
10 29
11 26
12 1
13 14
14 3
15 0
16 13
17 25
18 28
19 22
20 4
21 24
22 20
23 7
24 12
25 27
26 5
27 10
28 18
29 8
SIMILAR

4 20 18 25 15 29 22 5 14 0 11 3 16 6 2 9 7 28 12 8 10 21 19 23 1 17 24 26 13 27 
0 9
1 24
2 14
3 11
4 0
5 7
6 13
7 16
8 19
9 15
10 20
11 10
12 18
13 28
14 8
15 4
16 12
17 25
18 2
19 22
20 1
21 21
22 6
23 23
24 26
25 3
26 27
27 29
28 17
29 5
SIMILAR

25 18 10 9 26 29 4 23 7 8 0 22 27 5 6 19 24 16 28 2 14 1 3 17 11 20 15 12 21 13 
0 10
1 21
2 19
3 22
4 6
5 13
6 14
7 8
8 9
9 3
10 2
11 24
12 27
13 29
14 20
15 26
16 17
17 23
18 1
19 15
20 25
21 28
22 11
23 7
24 16
25 0
26 4
27 12
28 18
29 5
SIMILAR

21 7 24 13 22 27 16 12 28 29 8 9 5 26 18 2 10 1 20 15 3 17 19 14 11 6 0 4 25 23 
0 26
1 17
2 15
3 20
4 27
5 12
6 25
7 1
8 10
9 11
10 16
11 24
12 7
13 3
14 23
15 19
16 6
17 21
18 14
19 22
20 18
21 0
22 4
23 29
24 2
25 28
26 13
27 5
28 8
29 9
SIMILAR

6 25 24 12 8 27 7 15 0 9 23 17 4 21 11 18 22 5 3 19 26 13 1 29 14 20 10 16 28 2 
0 8
1 22
2 29
3 18
4 12
5 17
6 0
7 6
8 4
9 9
10 26
11 14
12 3
13 21
14 24
15 7
16 27
17 11
18 15
19 19
20 25
21 13
22 16
23 10
24 2
25 1
26 20
27 5
28 28
29 23
SIMILAR

17 10 18 4 8 25 0 7 24 11 15 26 3 13 2 21 19 5 16 6 23 9 27 12 29 22 20 14 28 1 
0 6
1 29
2 14
3 12
4 3
5 17
6 19
7 7
8 4
9 21
10 1
11 9
12 23
13 13
14 27
15 10
16 18
17 0
18 2
19 16
20 26
21 15
22 25
23 20
24 8
25 5
26 11
27 22
28 28
29 24
SIMILAR

11 6 18 19 25 29 7 12 21 22 5 15 8 4 16 1 0 10 28 13 27 26 20 17 24 9 2 3 23 14 
0 16
1 15
2 26
3 27
4 13
5 10
6 1
7 6
8 12
9 25
10 17
11 0
12 7
13 19
14 29
15 11
16 14
17 23
18 2
19 3
20 22
21 8
22 9
23 28
24 24
25 4
26 21
27 20
28 18
29 5
SIMILAR

2 24 29 18 7 17 5 13 28 12 15 26 14 21 6 25 16 8 27 20 1 19 11 4 3 9 0 22 10 23 
0 26
1 20
2 0
3 24
4 23
5 6
6 14
7 4
8 17
9 25
10 28
11 22
12 9
13 7
14 12
15 10
16 16
17 5
18 3
19 21
20 19
21 13
22 27
23 29
24 1
25 15
26 11
27 18
28 8
29 2
SIMILAR

7 15 22 5 9 3 27 12 1 11 18 4 6 10 23 25 2 20 29 8 16 13 14 19 28 24 21 26 17 0 
0 29
1 8
2 16
3 5
4 11
5 3
6 12
7 0
8 19
9 4
10 13
11 9
12 7
13 21
14 22
15 1
16 20
17 28
18 10
19 23
20 17
21 26
22 2
23 14
24 25
25 15
26 27
27 6
28 24
29 18
SIMILAR

25 12 26 10 27 0 9 21 13 4 7 5 22 28 29 18 24 20 6 19 3 8 23 16 2 15 1 17 11 14 
0 5
1 26
2 24
3 20
4 9
5 11
6 18
7 10
8 21
9 6
10 3
11 28
12 1
13 8
14 29
15 25
16 23
17 27
18 15
19 19
20 17
21 7
22 12
23 22
24 16
25 0
26 2
27 4
28 13
29 14
SIMILAR

18 25 21 20 3 11 24 27 12 23 6 9 1 14 2 29 0 15 26 13 8 28 16 7 5 19 22 17 10 4 
0 16
1 12
2 14
3 4
4 29
5 24
6 10
7 23
8 20
9 11
10 28
11 5
12 8
13 19
14 13
15 17
16 22
17 27
18 0
19 25
20 3
21 2
22 26
23 9
24 6
25 1
26 18
27 7
28 21
29 15
SIMILAR

9 20 3 18 26 29 27 24 10 1 21 4 6 23 2 12 17 14 22 16 5 8 28 7 25 13 0 11 15 19 
0 26
1 9
2 14
3 2
4 11
5 20
6 12
7 23
8 21
9 0
10 8
11 27
12 15
13 25
14 17
15 28
16 19
17 16
18 3
19 29
20 1
21 10
22 18
23 13
24 7
25 24
26 4
27 6
28 22
29 5
SIMILAR

0 16 21 22 9 14 15 24 29 28 7 27 25 20 13 2 3 11 18 19 23 1 5 8 4 26 6 10 17 12 
0 0
1 21
2 15
3 16
4 24
5 22
6 26
7 10
8 23
9 4
10 27
11 17
12 29
13 14
14 5
15 6
16 1
17 28
18 18
19 19
20 13
21 2
22 3
23 20
24 7
25 12
26 25
27 11
28 9
29 8
SIMILAR

23 26 9 15 20 12 21 18 25 0 5 10 24 8 4 17 22 1 11 27 13 2 3 16 28 6 7 14 19 29 
0 9
1 17
2 21
3 22
4 14
5 10
6 25
7 26
8 13
9 2
10 11
11 18
12 5
13 20
14 27
15 3
16 23
17 15
18 7
19 28
20 4
21 6
22 16
23 0
24 12
25 8
26 1
27 19
28 24
29 29
SIMILAR

25 15 12 5 17 29 1 4 0 6 22 26 2 28 13 23 27 9 3 19 16 7 14 24 18 20 21 10 8 11 
0 8
1 6
2 12
3 18
4 7
5 3
6 9
7 21
8 28
9 17
10 27
11 29
12 2
13 14
14 22
15 1
16 20
17 4
18 24
19 19
20 25
21 26
22 10
23 15
24 23
25 0
26 11
27 16
28 13
29 5
SIMILAR

9 12 24 29 3 18 22 10 11 28 27 4 1 25 7 21 15 8 26 5 6 23 16 17 2 13 19 14 20 0 
0 29
1 12
2 24
3 4
4 11
5 19
6 20
7 14
8 17
9 0
10 7
11 8
12 1
13 25
14 27
15 16
16 22
17 23
18 5
19 26
20 28
21 15
22 6
23 21
24 2
25 13
26 18
27 10
28 9
29 3
SIMILAR

20 0 11 17 26 22 6 16 12 27 24 5 19 14 29 21 23 10 8 28 13 7 9 18 1 15 25 4 2 3 
0 1
1 24
2 28
3 29
4 27
5 11
6 6
7 21
8 18
9 22
10 17
11 2
12 8
13 20
14 13
15 25
16 7
17 3
18 23
19 12
20 0
21 15
22 5
23 16
24 10
25 26
26 4
27 9
28 19
29 14
SIMILAR

16 17 5 25 22 29 12 8 11 24 18 13 14 26 15 27 21 6 3 0 9 10 4 7 23 1 20 28 19 2 
0 19
1 25
2 29
3 18
4 22
5 2
6 17
7 23
8 7
9 20
10 21
11 8
12 6
13 11
14 12
15 14
16 0
17 1
18 10
19 28
20 26
21 16
22 4
23 24
24 9
25 3
26 13
27 15
28 27
29 5
SIMILAR

8 29 9 6 0 13 18 4 20 14 3 27 5 16 22 15 21 7 12 1 24 17 23 2 28 26 25 19 11 10 
0 4
1 19
2 23
3 10
4 7
5 12
6 3
7 17
8 0
9 2
10 29
11 28
12 18
13 5
14 9
15 15
16 13
17 21
18 6
19 27
20 8
21 16
22 14
23 22
24 20
25 26
26 25
27 11
28 24
29 1
SIMILAR

17 27 12 11 16 22 14 9 24 26 6 23 28 3 29 4 7 18 13 15 1 5 21 10 8 20 19 2 25 0 
0 29
1 20
2 27
3 13
4 15
5 21
6 10
7 16
8 24
9 7
10 23
11 3
12 2
13 18
14 6
15 19
16 4
17 0
18 17
19 26
20 25
21 22
22 5
23 11
24 8
25 28
26 9
27 1
28 12
29 14
SIMILAR

26 19 29 5 2 17 25 24 28 16 6 22 21 3 1 10 11 4 20 23 9 14 13 12 7 8 0 15 18 27 
0 26
1 14
2 4
3 13
4 17
5 3
6 10
7 24
8 25
9 20
10 15
11 16
12 23
13 22
14 21
15 27
16 9
17 5
18 28
19 1
20 18
21 12
22 11
23 19
24 7
25 6
26 0
27 29
28 8
29 2
SIMILAR

16 18 10 4 5 8 7 15 6 29 1 12 19 20 2 0 17 3 13 25 27 11 24 14 22 28 23 9 26 21 
0 15
1 10
2 14
3 17
4 3
5 4
6 8
7 6
8 5
9 27
10 2
11 21
12 11
13 18
14 23
15 7
16 0
17 16
18 1
19 12
20 13
21 29
22 24
23 26
24 22
25 19
26 28
27 20
28 25
29 9
SIMILAR

16 18 11 29 15 4 6 2 0 24 19 1 10 12 3 7 25 13 14 8 21 20 28 26 17 23 22 5 9 27 
0 8
1 11
2 7
3 14
4 5
5 27
6 6
7 15
8 19
9 28
10 12
11 2
12 13
13 17
14 18
15 4
16 0
17 24
18 1
19 10
20 21
21 20
22 26
23 25
24 9
25 16
26 23
27 29
28 22
29 3
SIMILAR

13 5 22 6 15 16 26 29 7 25 3 28 2 21 11 0 18 17 19 23 27 1 4 10 8 20 12 24 14 9 
0 15
1 21
2 12
3 10
4 22
5 1
6 3
7 8
8 24
9 29
10 23
11 14
12 26
13 0
14 28
15 4
16 5
17 17
18 16
19 18
20 25
21 13
22 2
23 19
24 27
25 9
26 6
27 20
28 11
29 7
SIMILAR

17 19 16 23 4 5 6 22 20 9 14 21 11 26 12 7 0 27 29 24 2 28 10 18 3 8 13 25 15 1 
0 16
1 29
2 20
3 24
4 4
5 5
6 6
7 15
8 25
9 9
10 22
11 12
12 14
13 26
14 10
15 28
16 2
17 0
18 23
19 1
20 8
21 11
22 7
23 3
24 19
25 27
26 13
27 17
28 21
29 18
SIMILAR

20 4 12 22 26 6 24 16 9 8 14 28 23 7 15 0 27 21 17 25 18 13 29 1 2 3 11 19 10 5 
0 15
1 23
2 24
3 25
4 1
5 29
6 5
7 13
8 9
9 8
10 28
11 26
12 2
13 21
14 10
15 14
16 7
17 18
18 20
19 27
20 0
21 17
22 3
23 12
24 6
25 19
26 4
27 16
28 11
29 22
SIMILAR

9 16 8 21 26 19 24 7 1 14 13 29 17 5 15 25 20 28 4 6 12 22 18 23 0 27 3 2 10 11 
0 24
1 8
2 27
3 26
4 18
5 13
6 19
7 7
8 2
9 0
10 28
11 29
12 20
13 10
14 9
15 14
16 1
17 12
18 22
19 5
20 16
21 3
22 21
23 23
24 6
25 15
26 4
27 25
28 17
29 11
SIMILAR

20 19 14 29 22 6 11 25 0 18 26 3 15 12 16 8 17 7 23 5 1 2 10 24 28 21 27 9 4 13 
0 8
1 20
2 21
3 11
4 28
5 19
6 5
7 17
8 15
9 27
10 22
11 6
12 13
13 29
14 2
15 12
16 14
17 16
18 9
19 1
20 0
21 25
22 4
23 18
24 23
25 7
26 10
27 26
28 24
29 3
SIMILAR

9 18 29 5 26 14 24 7 4 16 1 6 12 3 0 8 28 15 19 10 11 22 13 25 21 2 27 17 23 20 
0 14
1 10
2 25
3 13
4 8
5 3
6 11
7 7
8 15
9 0
10 19
11 20
12 12
13 22
14 5
15 17
16 9
17 27
18 1
19 18
20 29
21 24
22 21
23 28
24 6
25 23
26 4
27 26
28 16
29 2
SIMILAR

29 25 4 2 9 17 16 1 0 5 19 14 7 10 28 23 18 13 24 11 15 12 22 27 21 8 26 6 20 3 
0 8
1 7
2 3
3 29
4 2
5 9
6 27
7 12
8 25
9 4
10 13
11 19
12 21
13 17
14 11
15 20
16 6
17 5
18 16
19 10
20 28
21 24
22 22
23 15
24 18
25 1
26 26
27 23
28 14
29 0
SIMILAR

24 3 2 19 23 9 4 5 8 7 17 16 12 10 27 13 20 11 26 22 14 6 18 28 1 21 25 15 0 29 
0 28
1 24
2 2
3 1
4 6
5 7
6 21
7 9
8 8
9 5
10 13
11 17
12 12
13 15
14 20
15 27
16 11
17 10
18 22
19 3
20 16
21 25
22 19
23 4
24 0
25 26
26 18
27 14
28 23
29 29
SIMILAR

8 24 11 19 10 27 28 22 0 17 15 6 20 16 7 21 13 1 12 25 5 9 14 18 2 4 29 3 23 26 
0 8
1 17
2 24
3 27
4 25
5 20
6 11
7 14
8 0
9 21
10 4
11 2
12 18
13 16
14 22
15 10
16 13
17 9
18 23
19 3
20 12
21 15
22 7
23 28
24 1
25 19
26 29
27 5
28 6
29 26
SIMILAR

24 20 13 26 17 3 27 14 23 28 2 15 4 25 18 19 16 22 11 0 12 29 5 9 7 10 21 1 8 6 
0 19
1 27
2 10
3 5
4 12
5 22
6 29
7 24
8 28
9 23
10 25
11 18
12 20
13 2
14 7
15 11
16 16
17 4
18 14
19 15
20 1
21 26
22 17
23 8
24 0
25 13
26 3
27 6
28 9
29 21
SIMILAR

24 17 10 19 23 28 21 18 11 5 29 13 20 6 1 4 15 9 22 3 25 0 27 14 7 2 8 26 16 12 
0 21
1 14
2 25
3 19
4 15
5 9
6 13
7 24
8 26
9 17
10 2
11 8
12 29
13 11
14 23
15 16
16 28
17 1
18 7
19 3
20 12
21 6
22 18
23 4
24 0
25 20
26 27
27 22
28 5
29 10
SIMILAR

12 18 1 20 28 9 27 24 11 5 14 29 13 19 16 22 23 26 15 3 0 4 7 6 10 2 8 25 21 17 
0 20
1 2
2 25
3 19
4 21
5 9
6 23
7 22
8 26
9 5
10 24
11 8
12 0
13 12
14 10
15 18
16 14
17 29
18 1
19 13
20 3
21 28
22 15
23 16
24 7
25 27
26 17
27 6
28 4
29 11
SIMILAR

2 23 11 7 26 19 5 8 9 3 17 25 27 20 21 28 0 4 22 14 24 6 15 13 10 12 16 29 1 18 
0 16
1 28
2 0
3 9
4 17
5 6
6 21
7 3
8 7
9 8
10 24
11 2
12 25
13 23
14 19
15 22
16 26
17 10
18 29
19 5
20 13
21 14
22 18
23 1
24 20
25 11
26 4
27 12
28 15
29 27
SIMILAR

24 0 29 17 10 26 1 28 27 6 14 15 11 16 19 25 12 2 4 9 20 8 13 18 23 7 5 22 21 3 
0 1
1 6
2 17
3 29
4 18
5 26
6 9
7 25
8 21
9 19
10 4
11 12
12 16
13 22
14 10
15 11
16 13
17 3
18 23
19 14
20 20
21 28
22 27
23 24
24 0
25 15
26 5
27 8
28 7
29 2
SIMILAR

21 24 3 9 29 27 12 13 0 1 2 25 14 28 16 15 8 11 5 7 19 17 6 22 4 26 18 20 10 23 
0 8
1 9
2 10
3 2
4 24
5 18
6 22
7 19
8 16
9 3
10 28
11 17
12 6
13 7
14 12
15 15
16 14
17 21
18 26
19 20
20 27
21 0
22 23
23 29
24 1
25 11
26 25
27 5
28 13
29 4
SIMILAR

12 13 4 2 27 21 3 22 7 24 19 28 25 6 5 14 10 15 0 23 9 16 8 1 11 18 29 26 17 20 
0 18
1 23
2 3
3 6
4 2
5 14
6 13
7 8
8 22
9 20
10 16
11 24
12 0
13 1
14 15
15 17
16 21
17 28
18 25
19 10
20 29
21 5
22 7
23 19
24 9
25 12
26 27
27 4
28 11
29 26
SIMILAR

19 5 23 18 12 25 1 10 27 20 2 24 11 21 15 28 0 4 9 6 3 14 8 29 16 13 7 17 22 26 
0 16
1 6
2 10
3 20
4 17
5 1
6 19
7 26
8 22
9 18
10 7
11 12
12 4
13 25
14 21
15 14
16 24
17 27
18 3
19 0
20 9
21 13
22 28
23 2
24 11
25 5
26 29
27 8
28 15
29 23
SIMILAR

6 3 14 8 4 2 10 22 17 29 13 0 20 9 11 15 12 5 25 18 28 21 23 24 16 27 19 7 26 1 
0 11
1 29
2 5
3 1
4 4
5 17
6 0
7 27
8 3
9 13
10 6
11 14
12 16
13 10
14 2
15 15
16 24
17 8
18 19
19 26
20 12
21 21
22 7
23 22
24 23
25 18
26 28
27 25
28 20
29 9
SIMILAR

8 9 19 13 15 11 21 24 10 17 20 28 0 18 23 29 3 5 16 2 4 7 27 26 14 12 25 1 6 22 
0 12
1 27
2 19
3 16
4 20
5 17
6 28
7 21
8 0
9 1
10 8
11 5
12 25
13 3
14 24
15 4
16 18
17 9
18 13
19 2
20 10
21 6
22 29
23 14
24 7
25 26
26 23
27 22
28 11
29 15
SIMILAR

27 14 4 26 5 13 16 11 3 12 25 22 9 15 19 20 6 1 18 23 21 0 10 8 7 17 24 2 29 28 
0 21
1 17
2 27
3 8
4 2
5 4
6 16
7 24
8 23
9 12
10 22
11 7
12 9
13 5
14 1
15 13
16 6
17 25
18 18
19 14
20 15
21 20
22 11
23 19
24 26
25 10
26 3
27 0
28 29
29 28
SIMILAR

5 9 19 4 20 26 14 16 6 15 27 17 7 23 3 25 8 13 24 22 2 10 21 29 1 11 12 28 18 0 
0 29
1 24
2 20
3 14
4 3
5 0
6 8
7 12
8 16
9 1
10 21
11 25
12 26
13 17
14 6
15 9
16 7
17 11
18 28
19 2
20 4
21 22
22 19
23 13
24 18
25 15
26 5
27 10
28 27
29 23
SIMILAR

26 24 27 9 12 1 8 21 13 16 5 22 17 7 4 14 18 3 23 0 6 25 11 2 29 28 19 15 20 10 
0 19
1 5
2 23
3 17
4 14
5 10
6 20
7 13
8 6
9 3
10 29
11 22
12 4
13 8
14 15
15 27
16 9
17 12
18 16
19 26
20 28
21 7
22 11
23 18
24 1
25 21
26 0
27 2
28 25
29 24
SIMILAR

19 21 3 0 22 4 9 5 1 20 26 29 11 25 23 17 18 15 27 2 12 24 7 28 14 13 16 8 6 10 
0 3
1 8
2 19
3 2
4 5
5 7
6 28
7 22
8 27
9 6
10 29
11 12
12 20
13 25
14 24
15 17
16 26
17 15
18 16
19 0
20 9
21 1
22 4
23 14
24 21
25 13
26 10
27 18
28 23
29 11
SIMILAR

8 25 29 2 11 24 14 3 12 0 28 18 23 15 4 26 19 21 27 13 1 7 17 6 10 16 20 22 9 5 
0 9
1 20
2 3
3 7
4 14
5 29
6 23
7 21
8 0
9 28
10 24
11 4
12 8
13 19
14 6
15 13
16 25
17 22
18 11
19 16
20 26
21 17
22 27
23 12
24 5
25 1
26 15
27 18
28 10
29 2
SIMILAR

10 17 13 26 18 6 4 3 14 9 1 0 5 7 25 23 28 27 12 2 20 21 29 19 22 11 15 24 16 8 
0 11
1 10
2 19
3 7
4 6
5 12
6 5
7 13
8 29
9 9
10 0
11 25
12 18
13 2
14 8
15 26
16 28
17 1
18 4
19 23
20 20
21 21
22 24
23 15
24 27
25 14
26 3
27 17
28 16
29 22
SIMILAR

4 9 10 1 24 28 26 12 22 19 14 6 16 25 0 3 21 15 5 18 11 7 17 27 8 13 23 2 20 29 
0 14
1 3
2 27
3 15
4 0
5 18
6 11
7 21
8 24
9 1
10 2
11 20
12 7
13 25
14 10
15 17
16 12
17 22
18 19
19 9
20 28
21 16
22 8
23 26
24 4
25 13
26 6
27 23
28 5
29 29
SIMILAR

21 7 23 17 1 0 14 12 9 3 22 6 2 5 18 28 25 13 24 26 19 8 15 10 29 11 4 20 16 27 
0 5
1 4
2 12
3 9
4 26
5 13
6 11
7 1
8 21
9 8
10 23
11 25
12 7
13 17
14 6
15 22
16 28
17 3
18 14
19 20
20 27
21 0
22 10
23 2
24 18
25 16
26 19
27 29
28 15
29 24
SIMILAR

6 3 20 27 0 17 7 4 18 23 21 8 2 22 16 13 25 19 11 26 10 14 29 12 15 28 24 1 9 5 
0 4
1 27
2 12
3 1
4 7
5 29
6 0
7 6
8 11
9 28
10 20
11 18
12 23
13 15
14 21
15 24
16 14
17 5
18 8
19 17
20 2
21 10
22 13
23 9
24 26
25 16
26 19
27 3
28 25
29 22
SIMILAR

20 15 22 25 12 29 27 7 17 10 6 1 14 21 26 3 28 24 23 18 11 5 2 0 8 4 13 19 9 16 
0 23
1 11
2 22
3 15
4 25
5 21
6 10
7 7
8 24
9 28
10 9
11 20
12 4
13 26
14 12
15 1
16 29
17 8
18 19
19 27
20 0
21 13
22 2
23 18
24 17
25 3
26 14
27 6
28 16
29 5
SIMILAR

4 14 22 6 29 8 5 24 27 25 23 28 20 18 11 16 2 7 1 3 10 19 15 21 9 0 13 12 26 17 
0 25
1 18
2 16
3 19
4 0
5 6
6 3
7 17
8 5
9 24
10 20
11 14
12 27
13 26
14 1
15 22
16 15
17 29
18 13
19 21
20 12
21 23
22 2
23 10
24 7
25 9
26 28
27 8
28 11
29 4
SIMILAR

3 13 11 10 27 23 5 17 18 21 1 19 26 4 0 8 20 9 7 14 15 6 12 16 22 24 2 29 25 28 
0 14
1 10
2 26
3 0
4 13
5 6
6 21
7 18
8 15
9 17
10 3
11 2
12 22
13 1
14 19
15 20
16 23
17 7
18 8
19 11
20 16
21 9
22 24
23 5
24 25
25 28
26 12
27 4
28 29
29 27
SIMILAR

3 16 13 7 2 5 20 1 18 12 25 26 24 28 10 15 14 22 29 21 17 0 4 11 8 23 6 9 27 19 
0 21
1 7
2 4
3 0
4 22
5 5
6 26
7 3
8 24
9 27
10 14
11 23
12 9
13 2
14 16
15 15
16 1
17 20
18 8
19 29
20 6
21 19
22 17
23 25
24 12
25 10
26 11
27 28
28 13
29 18
SIMILAR

2 3 14 28 16 15 20 0 11 26 18 24 8 6 25 10 29 17 21 4 23 7 1 19 22 12 27 5 9 13 
0 7
1 22
2 0
3 1
4 19
5 27
6 13
7 21
8 12
9 28
10 15
11 8
12 25
13 29
14 2
15 5
16 4
17 17
18 10
19 23
20 6
21 18
22 24
23 20
24 11
25 14
26 9
27 26
28 3
29 16
SIMILAR

17 3 28 7 18 10 23 11 27 0 21 4 26 15 9 20 8 12 19 1 14 22 29 6 2 5 25 16 24 13 
0 9
1 19
2 24
3 1
4 11
5 25
6 23
7 3
8 16
9 14
10 5
11 7
12 17
13 29
14 20
15 13
16 27
17 0
18 4
19 18
20 15
21 10
22 21
23 6
24 28
25 26
26 12
27 8
28 2
29 22
SIMILAR

26 4 14 8 16 18 12 21 23 2 7 13 5 22 15 1 19 11 24 28 25 20 27 9 29 10 17 3 0 6 
0 28
1 15
2 9
3 27
4 1
5 12
6 29
7 10
8 3
9 23
10 25
11 17
12 6
13 11
14 2
15 14
16 4
17 26
18 5
19 16
20 21
21 7
22 13
23 8
24 18
25 20
26 0
27 22
28 19
29 24
SIMILAR

28 5 20 19 4 13 18 29 27 9 17 22 3 6 1 2 12 23 0 26 11 21 14 25 15 7 16 8 24 10 
0 18
1 14
2 15
3 12
4 4
5 1
6 13
7 25
8 27
9 9
10 29
11 20
12 16
13 5
14 22
15 24
16 26
17 10
18 6
19 3
20 2
21 21
22 11
23 17
24 28
25 23
26 19
27 8
28 0
29 7
SIMILAR

13 24 6 16 18 1 14 20 11 0 26 19 4 23 12 8 25 21 10 3 27 17 28 15 7 2 29 5 9 22 
0 9
1 5
2 25
3 19
4 12
5 27
6 2
7 24
8 15
9 28
10 18
11 8
12 14
13 0
14 6
15 23
16 3
17 21
18 4
19 11
20 7
21 17
22 29
23 13
24 1
25 16
26 10
27 20
28 22
29 26
SIMILAR

15 24 21 12 2 14 17 29 3 26 20 27 4 7 0 6 23 5 9 11 22 8 13 25 1 18 19 16 10 28 
0 14
1 24
2 4
3 8
4 12
5 17
6 15
7 13
8 21
9 18
10 28
11 19
12 3
13 22
14 5
15 0
16 27
17 6
18 25
19 26
20 10
21 2
22 20
23 16
24 1
25 23
26 9
27 11
28 29
29 7
SIMILAR

24 8 20 27 2 3 22 6 0 14 15 23 13 26 10 29 21 25 12 4 11 1 9 18 16 17 19 5 7 28 
0 8
1 21
2 4
3 5
4 19
5 27
6 7
7 28
8 1
9 22
10 14
11 20
12 18
13 12
14 9
15 10
16 24
17 25
18 23
19 26
20 2
21 16
22 6
23 11
24 0
25 17
26 13
27 3
28 29
29 15
SIMILAR

20 1 5 11 16 19 9 12 14 27 13 15 7 23 8 28 17 10 0 18 21 26 24 4 6 25 3 2 22 29 
0 18
1 1
2 27
3 26
4 23
5 2
6 24
7 12
8 14
9 6
10 17
11 3
12 7
13 10
14 8
15 11
16 4
17 16
18 19
19 5
20 0
21 20
22 28
23 13
24 22
25 25
26 21
27 9
28 15
29 29
SIMILAR

29 12 0 4 25 15 23 21 16 17 18 1 2 26 6 11 7 14 27 20 19 8 24 13 5 22 10 9 3 28 
0 2
1 11
2 12
3 28
4 3
5 24
6 14
7 16
8 21
9 27
10 26
11 15
12 1
13 23
14 17
15 5
16 8
17 9
18 10
19 20
20 19
21 7
22 25
23 6
24 22
25 4
26 13
27 18
28 29
29 0
SIMILAR

13 21 12 5 4 8 1 20 22 17 18 9 15 3 16 25 2 29 28 26 19 24 11 14 23 7 6 27 0 10 
0 28
1 6
2 16
3 13
4 4
5 3
6 26
7 25
8 5
9 11
10 29
11 22
12 2
13 0
14 23
15 12
16 14
17 9
18 10
19 20
20 7
21 1
22 8
23 24
24 21
25 15
26 19
27 27
28 18
29 17
SIMILAR

20 19 23 5 17 26 27 14 6 29 22 1 18 21 15 13 4 8 9 2 12 11 24 25 7 16 0 3 10 28 
0 26
1 11
2 19
3 27
4 16
5 3
6 8
7 24
8 17
9 18
10 28
11 21
12 20
13 15
14 7
15 14
16 25
17 4
18 12
19 1
20 0
21 13
22 10
23 2
24 22
25 23
26 5
27 6
28 29
29 9
SIMILAR

15 26 22 11 24 18 13 27 3 20 16 0 6 2 21 8 1 7 25 28 12 19 4 9 23 5 14 17 10 29 
0 11
1 16
2 13
3 8
4 22
5 25
6 12
7 17
8 15
9 23
10 28
11 3
12 20
13 6
14 26
15 0
16 10
17 27
18 5
19 21
20 9
21 14
22 2
23 24
24 4
25 18
26 1
27 7
28 19
29 29
SIMILAR

29 7 8 14 21 24 9 28 19 25 6 26 16 2 11 22 20 5 0 4 3 10 13 23 18 15 1 17 27 12 
0 18
1 26
2 13
3 20
4 19
5 17
6 10
7 1
8 2
9 6
10 21
11 14
12 29
13 22
14 3
15 25
16 12
17 27
18 24
19 8
20 16
21 4
22 15
23 23
24 5
25 9
26 11
27 28
28 7
29 0
SIMILAR

8 18 16 13 11 10 14 28 5 15 0 9 21 4 1 23 7 12 27 3 17 26 20 24 2 19 29 25 6 22 
0 10
1 14
2 24
3 19
4 13
5 8
6 28
7 16
8 0
9 11
10 5
11 4
12 17
13 3
14 6
15 9
16 2
17 20
18 1
19 25
20 22
21 12
22 29
23 15
24 23
25 27
26 21
27 18
28 7
29 26
SIMILAR

14 1 29 2 8 20 13 21 5 16 15 3 12 0 10 19 17 7 9 28 4 6 23 27 22 11 26 18 25 24 
0 13
1 1
2 3
3 11
4 20
5 8
6 21
7 17
8 4
9 18
10 14
11 25
12 12
13 6
14 0
15 10
16 9
17 16
18 27
19 15
20 5
21 7
22 24
23 22
24 29
25 28
26 26
27 23
28 19
29 2
SIMILAR

11 18 21 12 1 8 20 25 5 4 14 0 17 28 13 3 29 16 23 10 19 15 27 9 6 22 26 24 7 2 
0 11
1 4
2 29
3 15
4 9
5 8
6 24
7 28
8 5
9 23
10 19
11 0
12 3
13 14
14 10
15 21
16 17
17 12
18 1
19 20
20 6
21 2
22 25
23 18
24 27
25 7
26 26
27 22
28 13
29 16
SIMILAR

2 0 18 21 29 4 23 14 11 16 15 25 13 7 17 3 6 8 1 20 22 9 24 10 5 19 27 28 12 26 
0 1
1 18
2 0
3 15
4 5
5 24
6 16
7 13
8 17
9 21
10 23
11 8
12 28
13 12
14 7
15 10
16 9
17 14
18 2
19 25
20 19
21 3
22 20
23 6
24 22
25 11
26 29
27 26
28 27
29 4
SIMILAR

27 26 4 8 28 20 22 6 12 23 14 5 29 19 16 3 11 18 2 15 17 0 21 13 10 1 25 9 7 24 
0 21
1 25
2 18
3 15
4 2
5 11
6 7
7 28
8 3
9 27
10 24
11 16
12 8
13 23
14 10
15 19
16 14
17 20
18 17
19 13
20 5
21 22
22 6
23 9
24 29
25 26
26 1
27 0
28 4
29 12
SIMILAR

6 12 13 5 8 1 19 9 26 28 22 23 0 4 24 7 11 18 15 25 27 10 21 29 14 3 17 2 16 20 
0 12
1 5
2 27
3 25
4 13
5 3
6 0
7 15
8 4
9 7
10 21
11 16
12 1
13 2
14 24
15 18
16 28
17 26
18 17
19 6
20 29
21 22
22 10
23 11
24 14
25 19
26 8
27 20
28 9
29 23
SIMILAR

28 19 9 26 18 7 1 23 12 16 17 10 4 6 27 3 0 11 22 15 2 20 5 24 25 29 13 8 21 14 
0 16
1 6
2 20
3 15
4 12
5 22
6 13
7 5
8 27
9 2
10 11
11 17
12 8
13 26
14 29
15 19
16 9
17 10
18 4
19 1
20 21
21 28
22 18
23 7
24 23
25 24
26 3
27 14
28 0
29 25
SIMILAR

11 19 25 15 20 7 27 6 21 12 4 0 3 16 28 29 2 24 8 9 13 14 5 22 10 23 26 17 1 18 
0 11
1 28
2 16
3 12
4 10
5 22
6 7
7 5
8 18
9 19
10 24
11 0
12 9
13 20
14 21
15 3
16 13
17 27
18 29
19 1
20 4
21 8
22 23
23 25
24 17
25 2
26 26
27 6
28 14
29 15
SIMILAR

20 25 1 13 21 2 7 24 6 8 9 12 28 27 11 10 16 15 18 5 29 26 3 23 17 22 19 0 14 4 
0 27
1 2
2 5
3 22
4 29
5 19
6 8
7 6
8 9
9 10
10 15
11 14
12 11
13 3
14 28
15 17
16 16
17 24
18 18
19 26
20 0
21 4
22 25
23 23
24 7
25 1
26 21
27 13
28 12
29 20
SIMILAR

0 1 29 17 21 6 8 5 28 22 11 9 12 25 13 19 15 27 7 16 20 26 23 10 3 2 18 4 24 14 
0 0
1 1
2 25
3 24
4 27
5 7
6 5
7 18
8 6
9 11
10 23
11 10
12 12
13 14
14 29
15 16
16 19
17 3
18 26
19 15
20 20
21 4
22 9
23 22
24 28
25 13
26 21
27 17
28 8
29 2
SIMILAR

13 17 29 23 9 2 27 3 15 16 6 1 24 10 14 21 8 11 18 0 25 5 20 7 4 22 19 28 26 12 
0 19
1 11
2 5
3 7
4 24
5 21
6 10
7 23
8 16
9 4
10 13
11 17
12 29
13 0
14 14
15 8
16 9
17 1
18 18
19 26
20 22
21 15
22 25
23 3
24 12
25 20
26 28
27 6
28 27
29 2
SIMILAR

16 5 9 29 6 4 15 7 12 2 20 26 11 19 24 8 21 1 0 13 25 22 10 14 18 27 23 28 17 3 
0 18
1 17
2 9
3 29
4 5
5 1
6 4
7 7
8 15
9 2
10 22
11 12
12 8
13 19
14 23
15 6
16 0
17 28
18 24
19 13
20 10
21 16
22 21
23 26
24 14
25 20
26 11
27 25
28 27
29 3
SIMILAR

7 27 21 2 28 6 5 0 15 10 14 24 18 22 1 11 3 16 8 23 19 12 4 26 29 9 20 13 25 17 
0 7
1 14
2 3
3 16
4 22
5 6
6 5
7 0
8 18
9 25
10 9
11 15
12 21
13 27
14 10
15 8
16 17
17 29
18 12
19 20
20 26
21 2
22 13
23 19
24 11
25 28
26 23
27 1
28 4
29 24
SIMILAR

19 7 0 1 27 12 21 29 14 3 2 18 4 8 17 6 10 11 25 16 5 24 15 26 28 22 13 20 9 23 
0 2
1 3
2 10
3 9
4 12
5 20
6 15
7 1
8 13
9 28
10 16
11 17
12 5
13 26
14 8
15 22
16 19
17 14
18 11
19 0
20 27
21 6
22 25
23 29
24 21
25 18
26 23
27 4
28 24
29 7
SIMILAR

26 28 15 24 22 1 23 3 2 11 20 8 13 0 6 21 19 9 4 12 17 27 16 7 14 5 18 29 25 10 
0 13
1 5
2 8
3 7
4 18
5 25
6 14
7 23
8 11
9 17
10 29
11 9
12 19
13 12
14 24
15 2
16 22
17 20
18 26
19 16
20 10
21 15
22 4
23 6
24 3
25 28
26 0
27 21
28 1
29 27
SIMILAR

13 1 28 0 11 24 5 19 9 4 22 7 2 16 15 29 10 3 21 25 18 8 23 12 6 20 14 26 27 17 
0 3
1 1
2 12
3 17
4 9
5 6
6 24
7 11
8 21
9 8
10 16
11 4
12 23
13 0
14 26
15 14
16 13
17 29
18 20
19 7
20 25
21 18
22 10
23 22
24 5
25 19
26 27
27 28
28 2
29 15
SIMILAR

4 11 15 3 26 7 23 21 19 17 0 10 25 24 2 13 20 28 8 12 9 16 6 22 27 29 1 18 5 14 
0 10
1 26
2 14
3 3
4 0
5 28
6 22
7 5
8 18
9 20
10 11
11 1
12 19
13 15
14 29
15 2
16 21
17 9
18 27
19 8
20 16
21 7
22 23
23 6
24 13
25 12
26 4
27 24
28 17
29 25
SIMILAR

18 16 11 28 3 27 26 0 2 12 21 7 4 19 15 14 23 1 17 13 5 8 9 10 29 24 22 6 20 25 
0 7
1 17
2 8
3 4
4 12
5 20
6 27
7 11
8 21
9 22
10 23
11 2
12 9
13 19
14 15
15 14
16 1
17 18
18 0
19 13
20 28
21 10
22 26
23 16
24 25
25 29
26 6
27 5
28 3
29 24
SIMILAR

19 8 2 15 9 27 29 7 4 21 1 18 14 16 26 6 24 12 3 10 28 25 0 20 17 11 13 22 23 5 
0 22
1 10
2 2
3 18
4 8
5 29
6 15
7 7
8 1
9 4
10 19
11 25
12 17
13 26
14 12
15 3
16 13
17 24
18 11
19 0
20 23
21 9
22 27
23 28
24 16
25 21
26 14
27 5
28 20
29 6
SIMILAR
100 0
2500 0
262500 0
