32
0 1 1 0 1 0 1 0 0 0 0 1 0 0 1 0 1 0 1 1 1 0 1 1 0 0 1 1 0 0 0 0 
1 0 0 1 1 1 0 0 0 0 1 0 0 0 0 0 1 1 1 0 0 0 1 0 0 0 1 0 0 1 1 0 
1 0 0 0 0 1 0 1 0 1 1 0 0 0 0 1 1 0 0 1 0 1 1 0 1 1 0 1 0 0 1 1 
0 1 0 0 1 1 0 1 1 1 1 1 1 1 1 0 1 1 1 0 0 0 1 1 1 1 1 1 0 1 1 0 
1 1 0 1 0 1 0 1 0 0 1 0 1 0 1 1 1 0 1 1 1 1 0 1 0 1 0 0 0 1 0 1 
0 1 1 1 1 0 0 1 0 0 1 0 0 0 1 0 1 0 0 1 1 1 1 1 0 0 1 1 0 0 1 0 
1 0 0 0 0 0 0 1 1 1 0 0 1 0 0 1 1 0 0 0 1 1 1 1 0 0 0 1 0 0 0 0 
0 0 1 1 1 1 1 0 1 0 1 1 1 1 1 0 1 0 1 1 1 1 1 1 0 0 0 1 1 1 1 0 
0 0 0 1 0 0 1 1 0 1 1 1 1 1 0 1 0 0 1 0 1 1 0 0 1 0 1 0 1 0 1 1 
0 0 1 1 0 0 1 0 1 0 1 0 1 1 1 0 1 0 0 0 0 0 1 0 1 1 1 1 0 0 0 0 
0 1 1 1 1 1 0 1 1 1 0 1 1 0 0 1 0 0 0 0 1 1 0 1 0 0 0 1 0 1 1 0 
1 0 0 1 0 0 0 1 1 0 1 0 0 1 1 0 1 0 1 1 0 0 0 0 0 0 0 0 1 1 1 0 
0 0 0 1 1 0 1 1 1 1 1 0 0 1 0 0 1 0 0 1 1 1 1 0 0 0 0 1 1 1 0 1 
0 0 0 1 0 0 0 1 1 1 0 1 1 0 0 0 1 0 1 1 1 1 0 0 0 0 1 0 1 1 0 1 
1 0 0 1 1 1 0 1 0 1 0 1 0 0 0 0 0 1 0 1 0 0 1 0 1 0 0 1 1 0 1 0 
0 0 1 0 1 0 1 0 1 0 1 0 0 0 0 0 1 1 0 0 0 1 0 1 0 1 1 1 0 1 1 0 
1 1 1 1 1 1 1 1 0 1 0 1 1 1 0 1 0 0 0 0 1 0 1 0 1 1 0 0 0 1 0 0 
0 1 0 1 0 0 0 0 0 0 0 0 0 0 1 1 0 0 1 1 0 1 0 1 1 0 0 0 1 0 1 1 
1 1 0 1 1 0 0 1 1 0 0 1 0 1 0 0 0 1 0 0 1 0 1 0 1 0 1 0 0 1 1 1 
1 0 1 0 1 1 0 1 0 0 0 1 1 1 1 0 0 1 0 0 0 0 0 1 0 0 0 1 0 1 0 1 
1 0 0 0 1 1 1 1 1 0 1 0 1 1 0 0 1 0 1 0 0 0 1 1 1 0 1 0 0 1 0 1 
0 0 1 0 1 1 1 1 1 0 1 0 1 1 0 1 0 1 0 0 0 0 0 0 1 1 0 1 0 0 1 0 
1 1 1 1 0 1 1 1 0 1 0 0 1 0 1 0 1 0 1 0 1 0 0 0 1 1 0 1 0 0 1 0 
1 0 0 1 1 1 1 1 0 0 1 0 0 0 0 1 0 1 0 1 1 0 0 0 1 1 0 0 1 0 1 0 
0 0 1 1 0 0 0 0 1 1 0 0 0 0 1 0 1 1 1 0 1 1 1 1 0 0 0 0 0 1 0 0 
0 0 1 1 1 0 0 0 0 1 0 0 0 0 0 1 1 0 0 0 0 1 1 1 0 0 1 0 1 0 1 0 
1 1 0 1 0 1 0 0 1 1 0 0 0 1 0 1 0 0 1 0 1 0 0 0 0 1 0 1 1 1 0 1 
1 0 1 1 0 1 1 1 0 1 1 0 1 0 1 1 0 0 0 1 0 1 1 0 0 0 1 0 1 0 0 0 
0 0 0 0 0 0 0 1 1 0 0 1 1 1 1 0 0 1 0 0 0 0 0 1 0 1 1 1 0 1 0 0 
0 1 0 1 1 0 0 1 0 0 1 1 1 1 0 1 1 0 1 1 1 0 0 0 1 0 1 0 1 0 1 0 
0 1 1 1 0 1 0 1 1 0 1 1 0 0 1 1 0 1 1 0 0 1 1 1 0 1 0 0 0 1 0 0 
0 0 1 0 1 0 0 0 1 0 0 0 1 1 0 0 0 1 1 1 1 0 0 0 0 0 1 0 0 0 0 0 

16 26 28 18 1 9 24 10 30 3 29 20 11 0 6 14 25 23 22 12 8 2 7 31 15 4 17 27 5 21 19 13 
0 13
1 4
2 21
3 9
4 25
5 28
6 14
7 22
8 20
9 5
10 7
11 12
12 19
13 31
14 15
15 24
16 0
17 26
18 3
19 30
20 11
21 29
22 18
23 17
24 6
25 16
26 1
27 27
28 2
29 10
30 8
31 23
SIMILAR

10 1 2 0 16 5 6 23 25 30 17 28 26 22 29 19 7 8 27 21 20 24 12 11 3 14 9 31 13 15 4 18 
0 3
1 1
2 2
3 24
4 30
5 5
6 6
7 16
8 17
9 26
10 0
11 23
12 22
13 28
14 25
15 29
16 4
17 10
18 31
19 15
20 20
21 19
22 13
23 7
24 21
25 8
26 12
27 18
28 11
29 14
30 9
31 27
SIMILAR

10 7 29 23 26 6 11 21 27 16 9 22 4 15 12 25 19 0 20 17 30 3 8 13 24 14 18 2 31 28 1 5 
0 17
1 30
2 27
3 21
4 12
5 31
6 5
7 1
8 22
9 10
10 0
11 6
12 14
13 23
14 25
15 13
16 9
17 19
18 26
19 16
20 18
21 7
22 11
23 3
24 24
25 15
26 4
27 8
28 29
29 2
30 20
31 28
SIMILAR

12 10 4 25 30 1 28 11 19 29 15 23 22 16 2 24 18 21 14 13 0 26 20 6 5 7 17 31 27 8 9 3 
0 20
1 5
2 14
3 31
4 2
5 24
6 23
7 25
8 29
9 30
10 1
11 7
12 0
13 19
14 18
15 10
16 13
17 26
18 16
19 8
20 22
21 17
22 12
23 11
24 15
25 3
26 21
27 28
28 6
29 9
30 4
31 27
SIMILAR

20 1 19 7 9 16 3 29 26 28 24 8 18 27 22 21 6 11 17 12 4 31 25 13 23 2 5 10 14 15 0 30 
0 30
1 1
2 25
3 6
4 20
5 26
6 16
7 3
8 11
9 4
10 27
11 17
12 19
13 23
14 28
15 29
16 5
17 18
18 12
19 2
20 0
21 15
22 14
23 24
24 10
25 22
26 8
27 13
28 9
29 7
30 31
31 21
SIMILAR

3 23 21 12 13 29 2 11 16 4 1 31 6 5 0 8 9 19 15 26 20 17 22 7 28 30 25 10 24 14 27 18 
0 14
1 10
2 6
3 0
4 9
5 13
6 12
7 23
8 15
9 16
10 27
11 7
12 3
13 4
14 29
15 18
16 8
17 21
18 31
19 17
20 20
21 2
22 22
23 1
24 28
25 26
26 19
27 30
28 24
29 5
30 25
31 11
SIMILAR

14 25 22 20 4 10 13 16 29 3 17 28 0 24 15 9 26 23 12 7 30 5 2 6 8 1 27 31 18 19 21 11 
0 12
1 25
2 22
3 9
4 4
5 21
6 23
7 19
8 24
9 15
10 5
11 31
12 18
13 6
14 0
15 14
16 7
17 10
18 28
19 29
20 3
21 30
22 2
23 17
24 13
25 1
26 16
27 26
28 11
29 8
30 20
31 27
SIMILAR

9 22 19 24 7 0 15 14 21 18 27 10 4 6 25 28 3 17 20 8 1 12 30 23 5 11 26 29 16 2 31 13 
0 5
1 20
2 29
3 16
4 12
5 24
6 13
7 4
8 19
9 0
10 11
11 25
12 21
13 31
14 7
15 6
16 28
17 17
18 9
19 2
20 18
21 8
22 1
23 23
24 3
25 14
26 26
27 10
28 15
29 27
30 22
31 30
SIMILAR

13 3 17 27 2 1 11 22 28 6 15 25 19 0 26 8 21 20 5 30 31 4 14 23 24 10 12 16 18 29 7 9 
0 13
1 5
2 4
3 1
4 21
5 18
6 9
7 30
8 15
9 31
10 25
11 6
12 26
13 0
14 22
15 10
16 27
17 2
18 28
19 12
20 17
21 16
22 7
23 23
24 24
25 11
26 14
27 3
28 8
29 29
30 19
31 20
SIMILAR

21 2 17 30 14 12 0 23 19 5 28 29 7 1 8 31 22 15 18 6 20 11 4 3 26 13 25 24 27 9 10 16 
0 6
1 13
2 1
3 23
4 22
5 9
6 19
7 12
8 14
9 29
10 30
11 21
12 5
13 25
14 4
15 17
16 31
17 2
18 18
19 8
20 20
21 0
22 16
23 7
24 27
25 26
26 24
27 28
28 10
29 11
30 3
31 15
SIMILAR

9 3 5 22 14 27 16 28 1 0 25 20 12 6 23 17 7 21 30 10 4 15 19 2 29 8 18 24 31 11 26 13 
0 9
1 8
2 23
3 1
4 20
5 2
6 13
7 16
8 25
9 0
10 19
11 29
12 12
13 31
14 4
15 21
16 6
17 15
18 26
19 22
20 11
21 17
22 3
23 14
24 27
25 10
26 30
27 5
28 7
29 24
30 18
31 28
SIMILAR

1 5 16 11 25 0 10 14 26 31 21 13 17 12 29 6 7 15 27 9 2 22 20 30 23 19 3 8 24 4 28 18 
0 5
1 0
2 20
3 26
4 29
5 1
6 15
7 16
8 27
9 19
10 6
11 3
12 13
13 11
14 7
15 17
16 2
17 12
18 31
19 25
20 22
21 10
22 21
23 24
24 28
25 4
26 8
27 18
28 30
29 14
30 23
31 9
SIMILAR

15 22 17 23 21 16 24 20 27 26 10 18 0 3 5 7 6 11 28 2 12 31 8 1 29 30 25 14 19 13 4 9 
0 12
1 23
2 19
3 13
4 30
5 14
6 16
7 15
8 22
9 31
10 10
11 17
12 20
13 29
14 27
15 0
16 5
17 2
18 11
19 28
20 7
21 4
22 1
23 3
24 6
25 26
26 9
27 8
28 18
29 24
30 25
31 21
SIMILAR

29 30 1 27 15 0 7 6 14 18 22 23 10 4 17 24 3 12 25 2 9 16 8 21 20 19 11 5 31 26 28 13 
0 5
1 2
2 19
3 16
4 13
5 27
6 7
7 6
8 22
9 20
10 12
11 26
12 17
13 31
14 8
15 4
16 21
17 14
18 9
19 25
20 24
21 23
22 10
23 11
24 15
25 18
26 29
27 3
28 30
29 0
30 1
31 28
SIMILAR

19 10 5 6 15 3 13 16 29 27 17 1 0 18 14 4 20 23 9 21 30 2 24 11 25 7 26 28 22 12 8 31 
0 12
1 11
2 21
3 5
4 15
5 2
6 3
7 25
8 30
9 18
10 1
11 23
12 29
13 6
14 14
15 4
16 7
17 10
18 13
19 0
20 16
21 19
22 28
23 17
24 22
25 24
26 26
27 9
28 27
29 8
30 20
31 31
SIMILAR

5 9 26 10 20 1 15 8 24 19 13 22 18 14 21 25 31 23 7 0 4 12 30 3 29 17 16 27 2 6 28 11 
0 19
1 5
2 28
3 23
4 20
5 0
6 29
7 18
8 7
9 1
10 3
11 31
12 21
13 10
14 13
15 6
16 26
17 25
18 12
19 9
20 4
21 14
22 11
23 17
24 8
25 15
26 2
27 27
28 30
29 24
30 22
31 16
SIMILAR

14 25 3 16 12 30 8 23 24 7 26 5 13 6 15 29 9 31 18 11 20 4 19 1 21 28 17 10 27 0 2 22 
0 29
1 23
2 30
3 2
4 21
5 11
6 13
7 9
8 6
9 16
10 27
11 19
12 4
13 12
14 0
15 14
16 3
17 26
18 18
19 22
20 20
21 24
22 31
23 7
24 8
25 1
26 10
27 28
28 25
29 15
30 5
31 17
SIMILAR

0 30 13 18 15 12 27 28 6 2 31 3 1 8 24 16 9 17 4 14 21 5 22 29 19 7 26 11 25 20 10 23 
0 0
1 12
2 9
3 11
4 18
5 21
6 8
7 25
8 13
9 16
10 30
11 27
12 5
13 2
14 19
15 4
16 15
17 17
18 3
19 24
20 29
21 20
22 22
23 31
24 14
25 28
26 26
27 6
28 7
29 23
30 1
31 10
SIMILAR

6 9 15 13 2 25 21 30 28 19 1 18 11 7 27 17 5 12 29 0 4 24 3 14 20 16 22 10 8 23 26 31 
0 19
1 10
2 4
3 22
4 20
5 16
6 0
7 13
8 28
9 1
10 27
11 12
12 17
13 3
14 23
15 2
16 25
17 15
18 11
19 9
20 24
21 6
22 26
23 29
24 21
25 5
26 30
27 14
28 8
29 18
30 7
31 31
SIMILAR

10 0 9 2 14 18 7 31 1 25 8 6 19 12 3 20 21 16 23 24 13 26 15 17 28 30 11 4 22 5 29 27 
0 1
1 8
2 3
3 14
4 27
5 29
6 11
7 6
8 10
9 2
10 0
11 26
12 13
13 20
14 4
15 22
16 17
17 23
18 5
19 12
20 15
21 16
22 28
23 18
24 19
25 9
26 21
27 31
28 24
29 30
30 25
31 7
SIMILAR

17 25 15 8 0 4 10 23 18 9 24 20 30 31 6 11 12 19 7 13 5 26 27 16 14 21 2 29 1 28 22 3 
0 4
1 28
2 26
3 31
4 5
5 20
6 14
7 18
8 3
9 9
10 6
11 15
12 16
13 19
14 24
15 2
16 23
17 0
18 8
19 17
20 11
21 25
22 30
23 7
24 10
25 1
26 21
27 22
28 29
29 27
30 12
31 13
SIMILAR

2 7 9 17 19 4 16 28 6 24 27 0 23 13 5 3 29 18 26 20 10 11 25 21 15 8 31 30 22 1 12 14 
0 11
1 29
2 0
3 15
4 5
5 14
6 8
7 1
8 25
9 2
10 20
11 21
12 30
13 13
14 31
15 24
16 6
17 3
18 17
19 4
20 19
21 23
22 28
23 12
24 9
25 22
26 18
27 10
28 7
29 16
30 27
31 26
SIMILAR

20 16 26 12 1 13 6 14 23 4 19 10 30 29 0 15 11 17 18 31 27 25 7 22 2 9 3 24 28 8 21 5 
0 14
1 4
2 24
3 26
4 9
5 31
6 6
7 22
8 29
9 25
10 11
11 16
12 3
13 5
14 7
15 15
16 1
17 17
18 18
19 10
20 0
21 30
22 23
23 8
24 27
25 21
26 2
27 20
28 28
29 13
30 12
31 19
SIMILAR

10 23 26 5 18 1 4 16 21 17 12 11 13 20 2 8 27 14 28 3 6 31 22 24 25 9 19 30 0 29 15 7 
0 28
1 5
2 14
3 19
4 6
5 3
6 20
7 31
8 15
9 25
10 0
11 11
12 10
13 12
14 17
15 30
16 7
17 9
18 4
19 26
20 13
21 8
22 22
23 1
24 23
25 24
26 2
27 16
28 18
29 29
30 27
31 21
SIMILAR

3 9 17 30 15 13 19 27 10 1 7 18 12 21 28 20 31 8 14 0 24 26 22 11 6 29 2 4 16 25 5 23 
0 19
1 9
2 26
3 0
4 27
5 30
6 24
7 10
8 17
9 1
10 8
11 23
12 12
13 5
14 18
15 4
16 28
17 2
18 11
19 6
20 15
21 13
22 22
23 31
24 20
25 29
26 21
27 7
28 14
29 25
30 3
31 16
SIMILAR

5 11 21 6 16 25 2 3 13 10 26 0 19 31 14 12 23 7 1 27 24 17 18 29 8 15 30 20 22 28 9 4 
0 11
1 18
2 6
3 7
4 31
5 0
6 3
7 17
8 24
9 30
10 9
11 1
12 15
13 8
14 14
15 25
16 4
17 21
18 22
19 12
20 27
21 2
22 28
23 16
24 20
25 5
26 10
27 19
28 29
29 23
30 26
31 13
SIMILAR

24 25 30 29 16 23 3 7 6 28 2 18 31 14 13 0 4 21 27 22 20 15 1 19 12 26 8 11 9 10 17 5 
0 15
1 22
2 10
3 6
4 16
5 31
6 8
7 7
8 26
9 28
10 29
11 27
12 24
13 14
14 13
15 21
16 4
17 30
18 11
19 23
20 20
21 17
22 19
23 5
24 0
25 1
26 25
27 18
28 9
29 3
30 2
31 12
SIMILAR

17 28 2 29 22 30 7 11 23 25 1 18 10 14 6 13 4 9 15 5 8 27 16 3 24 21 26 0 19 31 20 12 
0 27
1 10
2 2
3 23
4 16
5 19
6 14
7 6
8 20
9 17
10 12
11 7
12 31
13 15
14 13
15 18
16 22
17 0
18 11
19 28
20 30
21 25
22 4
23 8
24 24
25 9
26 26
27 21
28 1
29 3
30 5
31 29
SIMILAR

30 25 2 22 28 14 29 8 10 4 7 31 24 19 9 3 6 5 23 11 26 13 12 15 18 1 21 17 16 27 0 20 
0 30
1 25
2 2
3 15
4 9
5 17
6 16
7 10
8 7
9 14
10 8
11 19
12 22
13 21
14 5
15 23
16 28
17 27
18 24
19 13
20 31
21 26
22 3
23 18
24 12
25 1
26 20
27 29
28 4
29 6
30 0
31 11
SIMILAR

5 11 29 15 26 9 22 13 25 8 18 16 14 24 0 30 2 21 7 10 28 12 19 6 23 1 31 20 27 4 3 17 
0 14
1 25
2 16
3 30
4 29
5 0
6 23
7 18
8 9
9 5
10 19
11 1
12 21
13 7
14 12
15 3
16 11
17 31
18 10
19 22
20 27
21 17
22 6
23 24
24 13
25 8
26 4
27 28
28 20
29 2
30 15
31 26
SIMILAR

2 14 20 13 30 29 31 11 23 28 7 3 0 1 8 24 15 22 5 4 10 18 12 21 6 25 26 17 19 16 9 27 
0 12
1 13
2 0
3 11
4 19
5 18
6 24
7 10
8 14
9 30
10 20
11 7
12 22
13 3
14 1
15 16
16 29
17 27
18 21
19 28
20 2
21 23
22 17
23 8
24 15
25 25
26 26
27 31
28 9
29 5
30 4
31 6
SIMILAR

8 10 17 25 9 6 19 0 16 18 29 23 20 26 30 3 1 11 7 13 2 5 31 24 4 14 21 28 22 15 27 12 
0 7
1 16
2 20
3 15
4 24
5 21
6 5
7 18
8 0
9 4
10 1
11 17
12 31
13 19
14 25
15 29
16 8
17 2
18 9
19 6
20 12
21 26
22 28
23 11
24 23
25 3
26 13
27 30
28 27
29 10
30 14
31 22
SIMILAR

30 12 24 22 6 16 3 14 20 21 23 28 15 25 8 17 4 2 19 10 1 5 9 31 13 7 0 11 27 29 18 26 
0 26
1 20
2 17
3 6
4 16
5 21
6 4
7 25
8 14
9 22
10 19
11 27
12 1
13 24
14 7
15 12
16 5
17 15
18 30
19 18
20 8
21 9
22 3
23 10
24 2
25 13
26 31
27 28
28 11
29 29
30 0
31 23
SIMILAR

29 25 16 6 18 14 17 27 3 13 5 30 28 1 2 26 15 24 23 19 12 20 9 31 21 0 4 8 11 22 10 7 
0 25
1 13
2 14
3 8
4 26
5 10
6 3
7 31
8 27
9 22
10 30
11 28
12 20
13 9
14 5
15 16
16 2
17 6
18 4
19 19
20 21
21 24
22 29
23 18
24 17
25 1
26 15
27 7
28 12
29 0
30 11
31 23
SIMILAR

20 10 14 13 22 18 9 31 1 8 19 26 7 12 25 17 23 16 4 3 29 5 28 2 15 0 24 11 6 21 30 27 
0 25
1 8
2 23
3 19
4 18
5 21
6 28
7 12
8 9
9 6
10 1
11 27
12 13
13 3
14 2
15 24
16 17
17 15
18 5
19 10
20 0
21 29
22 4
23 16
24 26
25 14
26 11
27 31
28 22
29 20
30 30
31 7
SIMILAR

6 21 11 13 4 23 28 26 30 3 24 17 22 20 12 27 19 14 8 16 25 1 9 31 5 18 7 2 15 10 0 29 
0 30
1 21
2 27
3 9
4 4
5 24
6 0
7 26
8 18
9 22
10 29
11 2
12 14
13 3
14 17
15 28
16 19
17 11
18 25
19 16
20 13
21 1
22 12
23 5
24 10
25 20
26 7
27 15
28 6
29 31
30 8
31 23
SIMILAR

8 27 1 19 4 28 2 26 5 16 11 21 30 18 17 29 6 7 25 13 31 10 9 22 23 24 20 12 14 15 0 3 
0 30
1 2
2 6
3 31
4 4
5 8
6 16
7 17
8 0
9 22
10 21
11 10
12 27
13 19
14 28
15 29
16 9
17 14
18 13
19 3
20 26
21 11
22 23
23 24
24 25
25 18
26 7
27 1
28 5
29 15
30 12
31 20
SIMILAR

16 0 13 24 17 2 14 29 6 10 27 30 1 23 3 7 5 21 25 11 9 26 28 31 22 15 18 19 20 8 4 12 
0 1
1 12
2 5
3 14
4 30
5 16
6 8
7 15
8 29
9 20
10 9
11 19
12 31
13 2
14 6
15 25
16 0
17 4
18 26
19 27
20 28
21 17
22 24
23 13
24 3
25 18
26 21
27 10
28 22
29 7
30 11
31 23
SIMILAR

12 3 13 19 27 18 17 29 10 2 8 7 21 0 25 24 6 14 31 30 26 11 1 15 9 5 22 20 28 16 4 23 
0 13
1 22
2 9
3 1
4 30
5 25
6 16
7 11
8 10
9 24
10 8
11 21
12 0
13 2
14 17
15 23
16 29
17 6
18 5
19 3
20 27
21 12
22 26
23 31
24 15
25 14
26 20
27 4
28 28
29 7
30 19
31 18
SIMILAR

9 21 7 2 12 8 13 0 20 14 30 18 10 25 17 23 27 4 1 5 16 11 22 31 3 15 29 28 24 6 19 26 
0 7
1 18
2 3
3 24
4 17
5 19
6 29
7 2
8 5
9 0
10 12
11 21
12 4
13 6
14 9
15 25
16 20
17 14
18 11
19 30
20 8
21 1
22 22
23 15
24 28
25 13
26 31
27 16
28 27
29 26
30 10
31 23
SIMILAR

30 14 13 19 26 11 25 16 12 15 7 20 17 21 8 18 0 31 24 10 1 4 5 6 23 27 22 3 28 2 29 9 
0 16
1 20
2 29
3 27
4 21
5 22
6 23
7 10
8 14
9 31
10 19
11 5
12 8
13 2
14 1
15 9
16 7
17 12
18 15
19 3
20 11
21 13
22 26
23 24
24 18
25 6
26 4
27 25
28 28
29 30
30 0
31 17
SIMILAR

17 21 18 8 5 26 16 9 20 23 24 28 30 14 19 1 29 12 13 27 7 2 3 11 22 6 10 15 31 25 0 4 
0 30
1 15
2 21
3 22
4 31
5 4
6 25
7 20
8 3
9 7
10 26
11 23
12 17
13 18
14 13
15 27
16 6
17 0
18 2
19 14
20 8
21 1
22 24
23 9
24 10
25 29
26 5
27 19
28 11
29 16
30 12
31 28
SIMILAR

28 30 13 23 0 31 11 18 25 20 26 12 1 6 19 27 15 21 14 22 29 9 7 4 16 10 2 24 5 3 17 8 
0 4
1 12
2 26
3 29
4 23
5 28
6 13
7 22
8 31
9 21
10 25
11 6
12 11
13 2
14 18
15 16
16 24
17 30
18 7
19 14
20 9
21 17
22 19
23 3
24 27
25 8
26 10
27 15
28 0
29 20
30 1
31 5
SIMILAR

29 23 20 22 18 16 24 0 31 15 11 30 12 25 3 26 13 10 1 19 21 14 7 27 5 8 28 2 17 4 6 9 
0 7
1 18
2 27
3 14
4 29
5 24
6 30
7 22
8 25
9 31
10 17
11 10
12 12
13 16
14 21
15 9
16 5
17 28
18 4
19 19
20 2
21 20
22 3
23 1
24 6
25 13
26 15
27 23
28 26
29 0
30 11
31 8
SIMILAR

4 26 16 20 5 24 3 25 22 29 27 17 28 9 23 1 31 7 14 15 0 6 2 21 18 8 11 12 13 30 19 10 
0 20
1 15
2 22
3 6
4 0
5 4
6 21
7 17
8 25
9 13
10 31
11 26
12 27
13 28
14 18
15 19
16 2
17 11
18 24
19 30
20 3
21 23
22 8
23 14
24 5
25 7
26 1
27 10
28 12
29 9
30 29
31 16
SIMILAR

25 19 8 23 4 31 17 7 9 15 16 24 5 6 13 10 20 21 22 27 30 3 14 0 1 29 26 2 12 11 28 18 
0 23
1 24
2 27
3 21
4 4
5 12
6 13
7 7
8 2
9 8
10 15
11 29
12 28
13 14
14 22
15 9
16 10
17 6
18 31
19 1
20 16
21 17
22 18
23 3
24 11
25 0
26 26
27 19
28 30
29 25
30 20
31 5
SIMILAR

14 13 8 6 9 27 18 3 31 28 5 26 24 19 15 21 11 12 1 7 23 20 10 29 17 16 4 30 25 22 0 2 
0 30
1 18
2 31
3 7
4 26
5 10
6 3
7 19
8 2
9 4
10 22
11 16
12 17
13 1
14 0
15 14
16 25
17 24
18 6
19 13
20 21
21 15
22 29
23 20
24 12
25 28
26 11
27 5
28 9
29 23
30 27
31 8
SIMILAR

1 8 29 23 22 16 26 19 5 27 7 3 0 18 4 31 25 9 6 17 24 20 14 11 13 12 15 2 21 28 10 30 
0 12
1 0
2 27
3 11
4 14
5 8
6 18
7 10
8 1
9 17
10 30
11 23
12 25
13 24
14 22
15 26
16 5
17 19
18 13
19 7
20 21
21 28
22 4
23 3
24 20
25 16
26 6
27 9
28 29
29 2
30 31
31 15
SIMILAR

10 27 4 20 5 22 9 6 8 24 2 3 23 1 7 0 26 14 21 19 11 17 30 28 29 16 31 12 15 25 18 13 
0 15
1 13
2 10
3 11
4 2
5 4
6 7
7 14
8 8
9 6
10 0
11 20
12 27
13 31
14 17
15 28
16 25
17 21
18 30
19 19
20 3
21 18
22 5
23 12
24 9
25 29
26 16
27 1
28 23
29 24
30 22
31 26
SIMILAR

28 24 26 6 2 15 20 10 5 17 29 23 22 31 19 0 7 16 4 9 25 21 27 11 13 12 18 8 14 3 1 30 
0 15
1 30
2 4
3 29
4 18
5 8
6 3
7 16
8 27
9 19
10 7
11 23
12 25
13 24
14 28
15 5
16 17
17 9
18 26
19 14
20 6
21 21
22 12
23 11
24 1
25 20
26 2
27 22
28 0
29 10
30 31
31 13
SIMILAR

8 26 5 17 23 24 20 4 18 19 12 15 11 16 10 22 0 25 29 3 2 13 28 27 14 9 21 31 6 1 7 30 
0 16
1 29
2 20
3 19
4 7
5 2
6 28
7 30
8 0
9 25
10 14
11 12
12 10
13 21
14 24
15 11
16 13
17 3
18 8
19 9
20 6
21 26
22 15
23 4
24 5
25 17
26 1
27 23
28 22
29 18
30 31
31 27
SIMILAR

18 3 21 9 12 22 6 7 19 17 4 25 1 10 28 24 20 27 26 2 31 0 23 30 16 29 15 14 13 11 5 8 
0 21
1 12
2 19
3 1
4 10
5 30
6 6
7 7
8 31
9 3
10 13
11 29
12 4
13 28
14 27
15 26
16 24
17 9
18 0
19 8
20 16
21 2
22 5
23 22
24 15
25 11
26 18
27 17
28 14
29 25
30 23
31 20
SIMILAR

23 31 2 16 19 11 10 27 1 17 26 4 25 30 0 29 24 15 3 9 22 18 28 21 6 12 7 13 8 5 14 20 
0 14
1 8
2 2
3 18
4 11
5 29
6 24
7 26
8 28
9 19
10 6
11 5
12 25
13 27
14 30
15 17
16 3
17 9
18 21
19 4
20 31
21 23
22 20
23 0
24 16
25 12
26 10
27 7
28 22
29 15
30 13
31 1
SIMILAR

1 8 5 3 0 2 10 28 24 15 6 31 9 26 13 23 4 14 27 7 19 25 29 11 22 21 18 12 20 30 16 17 
0 4
1 0
2 5
3 3
4 16
5 2
6 10
7 19
8 1
9 12
10 6
11 23
12 27
13 14
14 17
15 9
16 30
17 31
18 26
19 20
20 28
21 25
22 24
23 15
24 8
25 21
26 13
27 18
28 7
29 22
30 29
31 11
SIMILAR

15 31 14 25 2 7 19 9 17 29 18 0 27 10 22 23 16 4 21 6 8 12 20 1 3 26 13 24 30 28 11 5 
0 11
1 23
2 4
3 24
4 17
5 31
6 19
7 5
8 20
9 7
10 13
11 30
12 21
13 26
14 2
15 0
16 16
17 8
18 10
19 6
20 22
21 18
22 14
23 15
24 27
25 3
26 25
27 12
28 29
29 9
30 28
31 1
SIMILAR

1 26 5 31 10 19 13 25 15 4 3 20 27 16 8 0 2 18 23 28 21 14 29 30 22 17 9 6 7 11 24 12 
0 15
1 0
2 16
3 10
4 9
5 2
6 27
7 28
8 14
9 26
10 4
11 29
12 31
13 6
14 21
15 8
16 13
17 25
18 17
19 5
20 11
21 20
22 24
23 18
24 30
25 7
26 1
27 12
28 19
29 22
30 23
31 3
SIMILAR

24 1 23 31 25 27 22 0 16 6 12 10 29 30 8 18 2 26 15 21 28 11 14 9 13 20 3 7 5 17 19 4 
0 7
1 1
2 16
3 26
4 31
5 28
6 9
7 27
8 14
9 23
10 11
11 21
12 10
13 24
14 22
15 18
16 8
17 29
18 15
19 30
20 25
21 19
22 6
23 2
24 0
25 4
26 17
27 5
28 20
29 12
30 13
31 3
SIMILAR

22 15 0 6 9 4 1 7 31 21 2 19 8 27 23 10 12 16 20 28 3 24 17 30 5 18 11 13 25 14 26 29 
0 2
1 6
2 10
3 20
4 5
5 24
6 3
7 7
8 12
9 4
10 15
11 26
12 16
13 27
14 29
15 1
16 17
17 22
18 25
19 11
20 18
21 9
22 0
23 14
24 21
25 28
26 30
27 13
28 19
29 31
30 23
31 8
SIMILAR

19 15 30 3 10 8 20 2 28 6 0 26 24 14 5 22 25 12 27 17 21 29 18 9 23 31 11 7 1 16 4 13 
0 10
1 28
2 7
3 3
4 30
5 14
6 9
7 27
8 5
9 23
10 4
11 26
12 17
13 31
14 13
15 1
16 29
17 19
18 22
19 0
20 6
21 20
22 15
23 24
24 12
25 16
26 11
27 18
28 8
29 21
30 2
31 25
SIMILAR

13 22 30 26 17 21 29 19 12 16 31 28 6 3 1 24 11 7 0 18 25 15 4 20 14 8 2 27 9 5 10 23 
0 18
1 14
2 26
3 13
4 22
5 29
6 12
7 17
8 25
9 28
10 30
11 16
12 8
13 0
14 24
15 21
16 9
17 4
18 19
19 7
20 23
21 5
22 1
23 31
24 15
25 20
26 3
27 27
28 11
29 6
30 2
31 10
SIMILAR

16 17 12 9 22 0 15 13 1 5 11 28 18 10 25 6 24 29 31 2 7 14 21 19 20 8 23 4 26 27 30 3 
0 5
1 8
2 19
3 31
4 27
5 9
6 15
7 20
8 25
9 3
10 13
11 10
12 2
13 7
14 21
15 6
16 0
17 1
18 12
19 23
20 24
21 22
22 4
23 26
24 16
25 14
26 28
27 29
28 11
29 17
30 30
31 18
SIMILAR

28 7 30 9 10 11 20 2 15 23 26 27 3 14 19 21 29 22 18 0 5 4 6 31 17 16 8 12 13 24 25 1 
0 19
1 31
2 7
3 12
4 21
5 20
6 22
7 1
8 26
9 3
10 4
11 5
12 27
13 28
14 13
15 8
16 25
17 24
18 18
19 14
20 6
21 15
22 17
23 9
24 29
25 30
26 10
27 11
28 0
29 16
30 2
31 23
SIMILAR

26 20 27 31 30 12 18 3 1 10 15 24 0 9 8 7 16 13 17 23 28 21 14 5 6 22 29 4 25 2 19 11 
0 12
1 8
2 29
3 7
4 27
5 23
6 24
7 15
8 14
9 13
10 9
11 31
12 5
13 17
14 22
15 10
16 16
17 18
18 6
19 30
20 1
21 21
22 25
23 19
24 11
25 28
26 0
27 2
28 20
29 26
30 4
31 3
SIMILAR

0 26 4 11 2 1 7 19 14 12 24 30 28 25 20 15 3 13 9 10 16 31 6 27 17 18 8 23 5 22 21 29 
0 0
1 5
2 4
3 16
4 2
5 28
6 22
7 6
8 26
9 18
10 19
11 3
12 9
13 17
14 8
15 15
16 20
17 24
18 25
19 7
20 14
21 30
22 29
23 27
24 10
25 13
26 1
27 23
28 12
29 31
30 11
31 21
SIMILAR

23 14 31 3 12 26 2 28 27 19 7 29 21 11 15 10 4 0 24 1 13 9 16 30 22 20 8 17 5 18 6 25 
0 17
1 19
2 6
3 3
4 16
5 28
6 30
7 10
8 26
9 21
10 15
11 13
12 4
13 20
14 1
15 14
16 22
17 27
18 29
19 9
20 25
21 12
22 24
23 0
24 18
25 31
26 5
27 8
28 7
29 11
30 23
31 2
SIMILAR

10 14 16 29 0 24 2 7 23 18 13 8 19 31 4 9 3 6 26 30 11 20 25 5 17 12 28 27 22 21 15 1 
0 4
1 31
2 6
3 16
4 14
5 23
6 17
7 7
8 11
9 15
10 0
11 20
12 25
13 10
14 1
15 30
16 2
17 24
18 9
19 12
20 21
21 29
22 28
23 8
24 5
25 22
26 18
27 27
28 26
29 3
30 19
31 13
SIMILAR

30 24 9 20 29 2 8 5 22 12 0 17 1 7 16 10 14 4 25 28 27 6 23 13 11 18 19 3 26 21 15 31 
0 10
1 12
2 5
3 27
4 17
5 7
6 21
7 13
8 6
9 2
10 15
11 24
12 9
13 23
14 16
15 30
16 14
17 11
18 25
19 26
20 3
21 29
22 8
23 22
24 1
25 18
26 28
27 20
28 19
29 4
30 0
31 31
SIMILAR

2 0 31 12 8 26 7 6 4 19 30 29 27 17 24 28 20 25 22 15 14 13 5 11 1 21 16 9 3 10 23 18 
0 1
1 24
2 0
3 28
4 8
5 22
6 7
7 6
8 4
9 27
10 29
11 23
12 3
13 21
14 20
15 19
16 26
17 13
18 31
19 9
20 16
21 25
22 18
23 30
24 14
25 17
26 5
27 12
28 15
29 11
30 10
31 2
SIMILAR

26 5 4 15 24 8 11 13 0 20 18 28 6 30 31 27 25 17 21 19 14 29 10 7 2 9 16 1 3 22 12 23 
0 8
1 27
2 24
3 28
4 2
5 1
6 12
7 23
8 5
9 25
10 22
11 6
12 30
13 7
14 20
15 3
16 26
17 17
18 10
19 19
20 9
21 18
22 29
23 31
24 4
25 16
26 0
27 15
28 11
29 21
30 13
31 14
SIMILAR

12 5 25 2 7 27 13 22 10 8 4 1 0 9 17 23 29 28 6 14 24 11 31 30 19 20 26 15 21 3 16 18 
0 12
1 11
2 3
3 29
4 10
5 1
6 18
7 4
8 9
9 13
10 8
11 21
12 0
13 6
14 19
15 27
16 30
17 14
18 31
19 24
20 25
21 28
22 7
23 15
24 20
25 2
26 26
27 5
28 17
29 16
30 23
31 22
SIMILAR

31 7 23 17 22 5 30 3 27 25 0 13 9 24 28 16 11 4 14 1 21 2 6 18 19 29 26 12 10 20 8 15 
0 10
1 19
2 21
3 7
4 17
5 5
6 22
7 1
8 30
9 12
10 28
11 16
12 27
13 11
14 18
15 31
16 15
17 3
18 23
19 24
20 29
21 20
22 4
23 2
24 13
25 9
26 26
27 8
28 14
29 25
30 6
31 0
SIMILAR

24 15 0 12 13 27 11 4 5 6 17 7 25 23 14 19 18 3 29 10 9 16 30 1 20 22 21 31 2 8 26 28 
0 2
1 23
2 28
3 17
4 7
5 8
6 9
7 11
8 29
9 20
10 19
11 6
12 3
13 4
14 14
15 1
16 21
17 10
18 16
19 15
20 24
21 26
22 25
23 13
24 0
25 12
26 30
27 5
28 31
29 18
30 22
31 27
SIMILAR

6 19 26 23 3 15 18 21 11 24 8 31 13 9 1 7 5 20 14 22 25 2 29 4 0 16 30 28 10 27 12 17 
0 24
1 14
2 21
3 4
4 23
5 16
6 0
7 15
8 10
9 13
10 28
11 8
12 30
13 12
14 18
15 5
16 25
17 31
18 6
19 1
20 17
21 7
22 19
23 3
24 9
25 20
26 2
27 29
28 27
29 22
30 26
31 11
SIMILAR

0 28 16 15 22 23 5 14 24 19 11 25 27 6 30 12 4 21 1 2 7 18 8 9 29 13 31 20 17 3 26 10 
0 0
1 18
2 19
3 29
4 16
5 6
6 13
7 20
8 22
9 23
10 31
11 10
12 15
13 25
14 7
15 3
16 2
17 28
18 21
19 9
20 27
21 17
22 4
23 5
24 8
25 11
26 30
27 12
28 1
29 24
30 14
31 26
SIMILAR

11 27 7 19 28 6 20 12 10 23 30 24 17 25 0 26 4 31 29 18 14 3 13 15 1 9 5 22 8 16 2 21 
0 14
1 24
2 30
3 21
4 16
5 26
6 5
7 2
8 28
9 25
10 8
11 0
12 7
13 22
14 20
15 23
16 29
17 12
18 19
19 3
20 6
21 31
22 27
23 9
24 11
25 13
26 15
27 1
28 4
29 18
30 10
31 17
SIMILAR

11 1 18 16 12 27 13 21 2 23 7 0 15 20 5 28 14 26 29 3 19 6 30 31 24 17 4 9 22 25 8 10 
0 11
1 1
2 8
3 19
4 26
5 14
6 21
7 10
8 30
9 27
10 31
11 0
12 4
13 6
14 16
15 12
16 3
17 25
18 2
19 20
20 13
21 7
22 28
23 9
24 24
25 29
26 17
27 5
28 15
29 18
30 22
31 23
SIMILAR

24 6 31 30 7 14 27 13 23 0 21 28 29 2 25 4 18 8 26 5 17 10 1 20 9 19 11 15 22 16 3 12 
0 9
1 22
2 13
3 30
4 15
5 19
6 1
7 4
8 17
9 24
10 21
11 26
12 31
13 7
14 5
15 27
16 29
17 20
18 16
19 25
20 23
21 10
22 28
23 8
24 0
25 14
26 18
27 6
28 11
29 12
30 3
31 2
SIMILAR

15 26 28 0 14 4 7 12 19 13 21 8 11 10 9 6 23 24 29 3 5 2 25 22 16 20 30 17 31 27 1 18 
0 3
1 30
2 21
3 19
4 5
5 20
6 15
7 6
8 11
9 14
10 13
11 12
12 7
13 9
14 4
15 0
16 24
17 27
18 31
19 8
20 25
21 10
22 23
23 16
24 17
25 22
26 1
27 29
28 2
29 18
30 26
31 28
SIMILAR

7 22 24 5 30 20 12 4 28 19 21 17 15 11 25 23 14 1 18 0 3 26 29 2 10 8 13 16 9 6 31 27 
0 19
1 17
2 23
3 20
4 7
5 3
6 29
7 0
8 25
9 28
10 24
11 13
12 6
13 26
14 16
15 12
16 27
17 11
18 18
19 9
20 5
21 10
22 1
23 15
24 2
25 14
26 21
27 31
28 8
29 22
30 4
31 30
SIMILAR

7 5 16 30 4 15 17 6 1 2 28 24 14 21 23 27 13 18 11 31 22 25 9 20 29 8 0 3 12 26 19 10 
0 26
1 8
2 9
3 27
4 4
5 1
6 7
7 0
8 25
9 22
10 31
11 18
12 28
13 16
14 12
15 5
16 2
17 6
18 17
19 30
20 23
21 13
22 20
23 14
24 11
25 21
26 29
27 15
28 10
29 24
30 3
31 19
SIMILAR

13 11 0 22 27 9 12 25 17 19 6 21 14 28 31 20 3 26 29 23 8 18 2 7 5 24 30 4 1 15 10 16 
0 2
1 28
2 22
3 16
4 27
5 24
6 10
7 23
8 20
9 5
10 30
11 1
12 6
13 0
14 12
15 29
16 31
17 8
18 21
19 9
20 15
21 11
22 3
23 19
24 25
25 7
26 17
27 4
28 13
29 18
30 26
31 14
SIMILAR

28 6 9 20 22 13 31 26 29 23 16 18 8 12 10 3 27 4 17 14 21 19 30 7 5 24 15 2 1 0 25 11 
0 29
1 28
2 27
3 15
4 17
5 24
6 1
7 23
8 12
9 2
10 14
11 31
12 13
13 5
14 19
15 26
16 10
17 18
18 11
19 21
20 3
21 20
22 4
23 9
24 25
25 30
26 7
27 16
28 0
29 8
30 22
31 6
SIMILAR

19 26 25 23 20 8 0 4 12 30 16 7 28 27 31 9 3 1 13 14 15 18 5 22 11 24 29 10 2 21 6 17 
0 6
1 17
2 28
3 16
4 7
5 22
6 30
7 11
8 5
9 15
10 27
11 24
12 8
13 18
14 19
15 20
16 10
17 31
18 21
19 0
20 4
21 29
22 23
23 3
24 25
25 2
26 1
27 13
28 12
29 26
30 9
31 14
SIMILAR

15 13 21 26 4 12 8 30 7 17 1 16 24 28 31 11 6 19 9 20 0 10 2 14 18 22 25 27 3 29 5 23 
0 20
1 10
2 22
3 28
4 4
5 30
6 16
7 8
8 6
9 18
10 21
11 15
12 5
13 1
14 23
15 0
16 11
17 9
18 24
19 17
20 19
21 2
22 25
23 31
24 12
25 26
26 3
27 27
28 13
29 29
30 7
31 14
SIMILAR

20 22 13 17 3 14 5 21 12 19 30 11 1 15 23 31 4 2 8 7 18 16 28 6 10 0 29 9 24 26 27 25 
0 25
1 12
2 17
3 4
4 16
5 6
6 23
7 19
8 18
9 27
10 24
11 11
12 8
13 2
14 5
15 13
16 21
17 3
18 20
19 9
20 0
21 7
22 1
23 14
24 28
25 31
26 29
27 30
28 22
29 26
30 10
31 15
SIMILAR

1 8 20 3 12 0 7 23 2 24 26 27 31 5 28 11 19 17 22 29 15 9 30 4 10 14 13 18 6 21 25 16 
0 5
1 0
2 8
3 3
4 23
5 13
6 28
7 6
8 1
9 21
10 24
11 15
12 4
13 26
14 25
15 20
16 31
17 17
18 27
19 16
20 2
21 29
22 18
23 7
24 9
25 30
26 10
27 11
28 14
29 19
30 22
31 12
SIMILAR

15 6 30 22 25 16 28 8 12 2 1 14 24 27 10 5 4 29 11 23 31 20 13 21 0 26 3 19 17 18 7 9 
0 24
1 10
2 9
3 26
4 16
5 15
6 1
7 30
8 7
9 31
10 14
11 18
12 8
13 22
14 11
15 0
16 5
17 28
18 29
19 27
20 21
21 23
22 3
23 19
24 12
25 4
26 25
27 13
28 6
29 17
30 2
31 20
SIMILAR

17 22 31 9 3 14 25 6 29 10 24 28 7 12 0 5 1 21 16 30 20 15 4 8 2 19 18 13 26 23 27 11 
0 14
1 16
2 24
3 4
4 22
5 15
6 7
7 12
8 23
9 3
10 9
11 31
12 13
13 27
14 5
15 21
16 18
17 0
18 26
19 25
20 20
21 17
22 1
23 29
24 10
25 6
26 28
27 30
28 11
29 8
30 19
31 2
SIMILAR

6 20 31 21 22 7 8 3 27 16 30 5 4 0 11 10 14 19 15 9 26 18 1 24 12 23 17 13 29 2 28 25 
0 13
1 22
2 29
3 7
4 12
5 11
6 0
7 5
8 6
9 19
10 15
11 14
12 24
13 27
14 16
15 18
16 9
17 26
18 21
19 17
20 1
21 3
22 4
23 25
24 23
25 31
26 20
27 8
28 30
29 28
30 10
31 2
SIMILAR

8 16 28 6 30 22 21 1 2 5 31 27 20 9 10 13 24 4 7 14 26 0 25 11 19 15 18 3 12 23 17 29 
0 21
1 7
2 8
3 27
4 17
5 9
6 3
7 18
8 0
9 13
10 14
11 23
12 28
13 15
14 19
15 25
16 1
17 30
18 26
19 24
20 12
21 6
22 5
23 29
24 16
25 22
26 20
27 11
28 2
29 31
30 4
31 10
SIMILAR

26 30 19 15 27 29 12 14 0 24 28 8 16 21 2 9 5 22 10 17 31 13 4 11 18 3 7 25 20 6 1 23 
0 8
1 30
2 14
3 25
4 22
5 16
6 29
7 26
8 11
9 15
10 18
11 23
12 6
13 21
14 7
15 3
16 12
17 19
18 24
19 2
20 28
21 13
22 17
23 31
24 9
25 27
26 0
27 4
28 10
29 5
30 1
31 20
SIMILAR

9 18 5 29 1 28 0 21 31 11 19 16 3 17 24 15 27 23 10 14 12 8 2 25 26 22 20 7 6 30 13 4 
0 6
1 4
2 22
3 12
4 31
5 2
6 28
7 27
8 21
9 0
10 18
11 9
12 20
13 30
14 19
15 15
16 11
17 13
18 1
19 10
20 26
21 7
22 25
23 17
24 14
25 23
26 24
27 16
28 5
29 3
30 29
31 8
SIMILAR

28 31 16 5 13 23 1 15 19 22 3 11 7 0 25 26 9 8 6 30 27 18 14 21 12 10 4 2 29 20 24 17 
0 13
1 6
2 27
3 10
4 26
5 3
6 18
7 12
8 17
9 16
10 25
11 11
12 24
13 4
14 22
15 7
16 2
17 31
18 21
19 8
20 29
21 23
22 9
23 5
24 30
25 14
26 15
27 20
28 0
29 28
30 19
31 1
SIMILAR

15 8 19 21 2 14 9 13 18 1 4 29 28 30 31 10 6 23 5 24 22 16 20 0 11 26 17 3 27 12 25 7 
0 23
1 9
2 4
3 27
4 10
5 18
6 16
7 31
8 1
9 6
10 15
11 24
12 29
13 7
14 5
15 0
16 21
17 26
18 8
19 2
20 22
21 3
22 20
23 17
24 19
25 30
26 25
27 28
28 12
29 11
30 13
31 14
SIMILAR

4 20 28 2 12 3 29 5 13 8 6 18 17 1 30 14 25 7 26 11 21 10 27 23 24 19 15 31 22 16 9 0 
0 31
1 13
2 3
3 5
4 0
5 7
6 10
7 17
8 9
9 30
10 21
11 19
12 4
13 8
14 15
15 26
16 29
17 12
18 11
19 25
20 1
21 20
22 28
23 23
24 24
25 16
26 18
27 22
28 2
29 6
30 14
31 27
SIMILAR

1 28 27 21 18 7 0 4 25 20 31 24 16 8 5 29 3 9 12 23 17 6 2 14 11 22 19 26 15 30 10 13 
0 6
1 0
2 22
3 16
4 7
5 14
6 21
7 5
8 13
9 17
10 30
11 24
12 18
13 31
14 23
15 28
16 12
17 20
18 4
19 26
20 9
21 3
22 25
23 19
24 11
25 8
26 27
27 2
28 1
29 15
30 29
31 10
SIMILAR

2 20 14 22 23 9 21 24 29 10 3 6 28 13 0 16 26 19 17 30 31 11 12 4 1 5 27 18 7 25 8 15 
0 14
1 24
2 0
3 10
4 23
5 25
6 11
7 28
8 30
9 5
10 9
11 21
12 22
13 13
14 2
15 31
16 15
17 18
18 27
19 17
20 1
21 6
22 3
23 4
24 7
25 29
26 16
27 26
28 12
29 8
30 19
31 20
SIMILAR

9 23 1 10 2 4 19 7 17 8 5 16 11 21 3 12 13 27 20 6 18 22 28 26 0 14 15 29 31 30 24 25 
0 24
1 2
2 4
3 14
4 5
5 10
6 19
7 7
8 9
9 0
10 3
11 12
12 15
13 16
14 25
15 26
16 11
17 8
18 20
19 6
20 18
21 13
22 21
23 1
24 30
25 31
26 23
27 17
28 22
29 27
30 29
31 28
SIMILAR

18 3 1 29 25 16 7 13 9 6 21 20 26 4 27 12 31 14 19 17 11 0 8 30 28 15 23 2 24 5 22 10 
0 21
1 2
2 27
3 1
4 13
5 29
6 9
7 6
8 22
9 8
10 31
11 20
12 15
13 7
14 17
15 25
16 5
17 19
18 0
19 18
20 11
21 10
22 30
23 26
24 28
25 4
26 12
27 14
28 24
29 3
30 23
31 16
SIMILAR

27 20 12 4 10 6 16 11 18 29 21 26 17 25 1 5 24 15 3 30 19 2 31 9 8 13 7 28 14 23 0 22 
0 30
1 14
2 21
3 18
4 3
5 15
6 5
7 26
8 24
9 23
10 4
11 7
12 2
13 25
14 28
15 17
16 6
17 12
18 8
19 20
20 1
21 10
22 31
23 29
24 16
25 13
26 11
27 0
28 27
29 9
30 19
31 22
SIMILAR
100 0
2300 0
282300 0
