32
0 0 1 1 0 0 1 0 1 0 1 0 1 0 0 1 1 0 0 1 1 0 1 1 0 0 1 0 1 1 1 1 
0 0 0 0 1 0 0 1 1 0 0 0 0 1 1 1 0 0 1 0 1 0 0 1 0 0 0 1 1 0 1 1 
1 0 0 0 0 0 1 1 1 1 0 1 0 0 0 1 0 1 0 0 0 1 1 0 0 0 1 1 0 1 1 1 
1 0 0 0 1 0 0 0 0 0 0 0 0 1 1 1 0 1 0 0 1 1 1 0 0 0 0 1 0 1 0 1 
0 1 0 1 0 1 1 1 1 1 0 1 0 0 0 0 1 0 1 0 0 0 0 1 1 0 1 0 0 1 1 0 
0 0 0 0 1 0 1 0 0 1 0 0 1 1 1 0 1 0 0 0 1 1 0 0 1 1 0 1 1 1 1 1 
1 0 1 0 1 1 0 1 0 1 0 0 1 1 0 0 0 1 0 0 0 0 1 0 1 0 1 0 0 1 1 1 
0 1 1 0 1 0 1 0 0 0 0 1 1 1 0 0 1 0 1 0 0 0 0 1 1 1 0 0 0 0 1 0 
1 1 1 0 1 0 0 0 0 0 0 0 1 0 1 0 1 1 0 1 1 0 0 0 1 1 0 1 0 0 1 0 
0 0 1 0 1 1 1 0 0 0 1 1 0 1 0 0 1 0 1 1 0 1 1 1 0 1 1 1 0 1 1 0 
1 0 0 0 0 0 0 0 0 1 0 0 1 0 1 0 1 0 1 1 1 1 0 0 1 1 1 0 1 1 1 1 
0 0 1 0 1 0 0 1 0 1 0 0 1 0 1 0 1 1 0 0 1 0 1 0 0 1 1 0 0 0 0 1 
1 0 0 0 0 1 1 1 1 0 1 1 0 1 0 0 1 1 1 1 0 0 1 0 0 1 1 1 0 0 0 1 
0 1 0 1 0 1 1 1 0 1 0 0 1 0 0 1 0 1 0 0 1 1 0 1 1 0 0 0 0 0 1 0 
0 1 0 1 0 1 0 0 1 0 1 1 0 0 0 0 0 0 1 1 0 1 0 1 1 0 0 0 0 0 1 0 
1 1 1 1 0 0 0 0 0 0 0 0 0 1 0 0 0 1 0 1 1 0 0 0 0 1 0 1 0 0 1 1 
1 0 0 0 1 1 0 1 1 1 1 1 1 0 0 0 0 0 1 1 1 0 0 1 1 1 1 1 1 1 0 0 
0 0 1 1 0 0 1 0 1 0 0 1 1 1 0 1 0 0 0 0 1 0 1 0 1 0 1 1 1 1 1 0 
0 1 0 0 1 0 0 1 0 1 1 0 1 0 1 0 1 0 0 0 1 1 1 1 0 0 0 1 1 0 1 0 
1 0 0 0 0 0 0 0 1 1 1 0 1 0 1 1 1 0 0 0 1 1 0 0 0 0 1 1 0 1 1 0 
1 1 0 1 0 1 0 0 1 0 1 1 0 1 0 1 1 1 1 1 0 0 1 1 1 1 1 1 0 0 0 1 
0 0 1 1 0 1 0 0 0 1 1 0 0 1 1 0 0 0 1 1 0 0 1 0 1 0 1 1 0 0 0 1 
1 0 1 1 0 0 1 0 0 1 0 1 1 0 0 0 0 1 1 0 1 1 0 1 1 0 1 0 1 0 0 1 
1 1 0 0 1 0 0 1 0 1 0 0 0 1 1 0 1 0 1 0 1 0 1 0 0 1 1 1 0 1 1 0 
0 0 0 0 1 1 1 1 1 0 1 0 0 1 1 0 1 1 0 0 1 1 1 0 0 1 1 1 1 0 1 1 
0 0 0 0 0 1 0 1 1 1 1 1 1 0 0 1 1 0 0 0 1 0 0 1 1 0 0 1 0 1 1 1 
1 0 1 0 1 0 1 0 0 1 1 1 1 0 0 0 1 1 0 1 1 1 1 1 1 0 0 0 1 0 1 1 
0 1 1 1 0 1 0 0 1 1 0 0 1 0 0 1 1 1 1 1 1 1 0 1 1 1 0 0 1 1 0 1 
1 1 0 0 0 1 0 0 0 0 1 0 0 0 0 0 1 1 1 0 0 0 1 0 1 0 1 1 0 0 0 1 
1 0 1 1 1 1 1 0 0 1 1 0 0 0 0 0 1 1 0 1 0 0 0 1 0 1 0 1 0 0 1 0 
1 1 1 0 1 1 1 1 1 1 1 0 0 1 1 1 0 1 1 1 0 0 0 1 1 1 1 0 0 1 0 1 
1 1 1 1 0 1 1 0 0 0 1 1 1 0 0 1 0 0 0 0 1 1 1 0 1 1 1 1 1 0 1 0 

2 13 10 27 11 28 9 26 17 3 18 31 6 8 20 22 14 15 0 21 7 16 19 4 23 30 24 25 1 29 12 5 
0 18
1 28
2 0
3 9
4 23
5 31
6 12
7 20
8 13
9 6
10 2
11 4
12 30
13 1
14 16
15 17
16 21
17 8
18 10
19 22
20 14
21 19
22 15
23 24
24 26
25 27
26 7
27 3
28 5
29 29
30 25
31 11
SIMILAR

17 16 29 26 9 20 0 1 3 4 30 13 11 21 14 5 22 8 2 25 12 24 6 15 19 7 23 10 18 28 31 27 
0 6
1 7
2 18
3 8
4 9
5 15
6 22
7 25
8 17
9 4
10 27
11 12
12 20
13 11
14 14
15 23
16 1
17 0
18 28
19 24
20 5
21 13
22 16
23 26
24 21
25 19
26 3
27 31
28 29
29 2
30 10
31 30
SIMILAR

28 20 8 5 1 14 6 13 10 21 27 16 22 31 0 29 9 23 2 3 4 12 11 17 26 18 24 15 25 7 19 30 
0 14
1 4
2 18
3 19
4 20
5 3
6 6
7 29
8 2
9 16
10 8
11 22
12 21
13 7
14 5
15 27
16 11
17 23
18 25
19 30
20 1
21 9
22 12
23 17
24 26
25 28
26 24
27 10
28 0
29 15
30 31
31 13
SIMILAR

23 6 5 7 22 2 3 21 25 8 0 4 29 26 18 17 20 10 13 1 16 19 27 24 30 28 11 12 14 15 9 31 
0 10
1 19
2 5
3 6
4 11
5 2
6 1
7 3
8 9
9 30
10 17
11 26
12 27
13 18
14 28
15 29
16 20
17 15
18 14
19 21
20 16
21 7
22 4
23 0
24 23
25 8
26 13
27 22
28 25
29 12
30 24
31 31
SIMILAR

8 23 29 1 10 3 30 22 15 17 27 5 11 21 18 16 2 24 13 12 28 9 20 26 7 31 19 25 0 6 14 4 
0 28
1 3
2 16
3 5
4 31
5 11
6 29
7 24
8 0
9 21
10 4
11 12
12 19
13 18
14 30
15 8
16 15
17 9
18 14
19 26
20 22
21 13
22 7
23 1
24 17
25 27
26 23
27 10
28 20
29 2
30 6
31 25
SIMILAR

22 7 29 3 15 25 11 23 20 30 9 2 10 28 27 16 1 31 12 8 0 24 19 26 5 6 13 4 17 14 18 21 
0 20
1 16
2 11
3 3
4 27
5 24
6 25
7 1
8 19
9 10
10 12
11 6
12 18
13 26
14 29
15 4
16 15
17 28
18 30
19 22
20 8
21 31
22 0
23 7
24 21
25 5
26 23
27 14
28 13
29 2
30 9
31 17
SIMILAR

16 8 30 29 23 28 21 3 26 31 19 17 1 2 9 10 15 11 25 4 0 18 20 7 5 13 27 24 14 22 6 12 
0 20
1 12
2 13
3 7
4 19
5 24
6 30
7 23
8 1
9 14
10 15
11 17
12 31
13 25
14 28
15 16
16 0
17 11
18 21
19 10
20 22
21 6
22 29
23 4
24 27
25 18
26 8
27 26
28 5
29 3
30 2
31 9
SIMILAR

28 17 5 18 12 31 8 25 9 0 7 10 30 11 16 27 15 13 14 2 24 21 29 1 26 23 3 20 19 22 6 4 
0 9
1 23
2 19
3 26
4 31
5 2
6 30
7 10
8 6
9 8
10 11
11 13
12 4
13 17
14 18
15 16
16 14
17 1
18 3
19 28
20 27
21 21
22 29
23 25
24 20
25 7
26 24
27 15
28 0
29 22
30 12
31 5
SIMILAR

6 19 25 30 23 17 20 7 15 4 14 8 29 2 27 11 28 9 1 13 12 21 0 5 18 16 22 26 31 10 24 3 
0 22
1 18
2 13
3 31
4 9
5 23
6 0
7 7
8 11
9 17
10 29
11 15
12 20
13 19
14 10
15 8
16 25
17 5
18 24
19 1
20 6
21 21
22 26
23 4
24 30
25 2
26 27
27 14
28 16
29 12
30 3
31 28
SIMILAR

10 1 28 13 15 5 4 20 23 29 12 11 6 21 7 8 24 3 25 26 17 31 30 0 14 16 27 9 2 22 19 18 
0 23
1 1
2 28
3 17
4 6
5 5
6 12
7 14
8 15
9 27
10 0
11 11
12 10
13 3
14 24
15 4
16 25
17 20
18 31
19 30
20 7
21 13
22 29
23 8
24 16
25 18
26 19
27 26
28 2
29 9
30 22
31 21
SIMILAR

8 17 7 25 3 9 5 12 27 14 23 24 20 22 26 16 13 28 1 19 29 31 11 10 30 0 6 18 2 21 4 15 
0 25
1 18
2 28
3 4
4 30
5 6
6 26
7 2
8 0
9 5
10 23
11 22
12 7
13 16
14 9
15 31
16 15
17 1
18 27
19 19
20 12
21 29
22 13
23 10
24 11
25 3
26 14
27 8
28 17
29 20
30 24
31 21
SIMILAR

13 0 8 25 19 27 29 30 11 28 15 21 17 22 9 23 18 1 10 26 20 6 24 2 31 3 14 12 16 5 4 7 
0 1
1 17
2 23
3 25
4 30
5 29
6 21
7 31
8 2
9 14
10 18
11 8
12 27
13 0
14 26
15 10
16 28
17 12
18 16
19 4
20 20
21 11
22 13
23 15
24 22
25 3
26 19
27 5
28 9
29 6
30 7
31 24
SIMILAR

26 9 11 19 3 23 5 22 12 8 14 30 15 6 31 17 2 18 13 4 21 25 16 20 27 1 10 7 28 0 29 24 
0 29
1 25
2 16
3 4
4 19
5 6
6 13
7 27
8 9
9 1
10 26
11 2
12 8
13 18
14 10
15 12
16 22
17 15
18 17
19 3
20 23
21 20
22 7
23 5
24 31
25 21
26 0
27 24
28 28
29 30
30 11
31 14
SIMILAR

15 21 7 31 17 28 0 5 27 18 22 25 3 4 11 19 14 12 1 16 29 26 20 2 10 6 9 13 24 30 8 23 
0 6
1 18
2 23
3 12
4 13
5 7
6 25
7 2
8 30
9 26
10 24
11 14
12 17
13 27
14 16
15 0
16 19
17 4
18 9
19 15
20 22
21 1
22 10
23 31
24 28
25 11
26 21
27 8
28 5
29 20
30 29
31 3
SIMILAR

0 25 16 9 13 17 27 15 19 20 23 8 2 30 22 24 5 29 10 11 28 12 3 6 7 1 18 31 4 14 26 21 
0 0
1 25
2 12
3 22
4 28
5 16
6 23
7 24
8 11
9 3
10 18
11 19
12 21
13 4
14 29
15 7
16 2
17 5
18 26
19 8
20 9
21 31
22 14
23 10
24 15
25 1
26 30
27 6
28 20
29 17
30 13
31 27
SIMILAR

14 15 12 1 10 20 17 2 22 30 19 26 4 24 16 29 31 8 27 18 5 6 23 11 28 3 25 7 13 21 9 0 
0 31
1 3
2 7
3 25
4 12
5 20
6 21
7 27
8 17
9 30
10 4
11 23
12 2
13 28
14 0
15 1
16 14
17 6
18 19
19 10
20 5
21 29
22 8
23 22
24 13
25 26
26 11
27 18
28 24
29 15
30 9
31 16
SIMILAR

5 17 12 24 10 18 3 22 0 21 11 6 2 26 9 23 28 8 31 30 20 7 19 25 4 14 13 27 15 29 1 16 
0 8
1 30
2 12
3 6
4 24
5 0
6 11
7 21
8 17
9 14
10 4
11 10
12 2
13 26
14 25
15 28
16 31
17 1
18 5
19 22
20 20
21 9
22 7
23 15
24 3
25 23
26 13
27 27
28 16
29 29
30 19
31 18
SIMILAR

21 30 29 14 1 31 17 28 13 11 9 20 25 2 26 24 27 22 0 18 16 7 8 5 19 10 4 15 23 6 12 3 
0 18
1 4
2 13
3 31
4 26
5 23
6 29
7 21
8 22
9 10
10 25
11 9
12 30
13 8
14 3
15 27
16 20
17 6
18 19
19 24
20 11
21 0
22 17
23 28
24 15
25 12
26 14
27 16
28 7
29 2
30 1
31 5
SIMILAR

19 16 9 0 30 28 7 4 29 11 1 23 21 24 6 14 27 13 10 3 22 12 2 17 26 25 15 18 31 20 5 8 
0 3
1 10
2 22
3 19
4 7
5 30
6 14
7 6
8 31
9 2
10 18
11 9
12 21
13 17
14 15
15 26
16 1
17 23
18 27
19 0
20 29
21 12
22 20
23 11
24 13
25 25
26 24
27 16
28 5
29 8
30 4
31 28
SIMILAR

29 23 16 20 27 30 19 14 22 15 2 4 24 12 0 7 5 26 18 9 21 25 31 17 8 6 13 1 10 28 11 3 
0 14
1 27
2 10
3 31
4 11
5 16
6 25
7 15
8 24
9 19
10 28
11 30
12 13
13 26
14 7
15 9
16 2
17 23
18 18
19 6
20 3
21 20
22 8
23 1
24 12
25 21
26 17
27 4
28 29
29 0
30 5
31 22
SIMILAR

25 8 23 6 10 1 3 26 22 15 2 11 28 18 13 16 0 4 19 29 5 17 24 31 14 30 21 20 9 27 12 7 
0 16
1 5
2 10
3 6
4 17
5 20
6 3
7 31
8 1
9 28
10 4
11 11
12 30
13 14
14 24
15 9
16 15
17 21
18 13
19 18
20 27
21 26
22 8
23 2
24 22
25 0
26 7
27 29
28 12
29 19
30 25
31 23
SIMILAR

29 10 21 9 7 18 15 23 22 5 31 20 1 0 6 2 28 26 24 16 25 17 3 4 14 8 19 27 13 30 12 11 
0 13
1 12
2 15
3 22
4 23
5 9
6 14
7 4
8 25
9 3
10 1
11 31
12 30
13 28
14 24
15 6
16 19
17 21
18 5
19 26
20 11
21 2
22 8
23 7
24 18
25 20
26 17
27 27
28 16
29 0
30 29
31 10
SIMILAR

5 2 29 1 3 0 26 11 18 28 7 25 14 20 17 12 13 24 6 9 30 23 4 16 10 21 19 15 31 27 8 22 
0 5
1 3
2 1
3 4
4 22
5 0
6 18
7 10
8 30
9 19
10 24
11 7
12 15
13 16
14 12
15 27
16 23
17 14
18 8
19 26
20 13
21 25
22 31
23 21
24 17
25 11
26 6
27 29
28 9
29 2
30 20
31 28
SIMILAR

31 12 30 15 18 1 28 29 11 23 21 24 2 26 22 13 27 16 7 6 10 9 8 5 3 19 0 20 17 4 14 25 
0 26
1 5
2 12
3 24
4 29
5 23
6 19
7 18
8 22
9 21
10 20
11 8
12 1
13 15
14 30
15 3
16 17
17 28
18 4
19 25
20 27
21 10
22 14
23 9
24 11
25 31
26 13
27 16
28 6
29 7
30 2
31 0
SIMILAR

2 21 14 29 10 3 8 20 6 1 27 0 19 25 13 12 7 17 4 26 31 23 30 16 22 24 11 9 28 5 18 15 
0 11
1 9
2 0
3 5
4 18
5 29
6 8
7 16
8 6
9 27
10 4
11 26
12 15
13 14
14 2
15 31
16 23
17 17
18 30
19 12
20 7
21 1
22 24
23 21
24 25
25 13
26 19
27 10
28 28
29 3
30 22
31 20
SIMILAR

12 20 6 25 14 7 23 11 22 21 24 8 9 2 1 17 0 31 16 3 13 27 15 19 30 10 28 4 26 29 18 5 
0 16
1 14
2 13
3 19
4 27
5 31
6 2
7 5
8 11
9 12
10 25
11 7
12 0
13 20
14 4
15 22
16 18
17 15
18 30
19 23
20 1
21 9
22 8
23 6
24 10
25 3
26 28
27 21
28 26
29 29
30 24
31 17
SIMILAR

27 24 4 25 3 7 15 20 2 30 9 1 21 11 14 6 26 28 13 19 16 8 31 5 12 0 22 23 29 10 17 18 
0 25
1 11
2 8
3 4
4 2
5 23
6 15
7 5
8 21
9 10
10 29
11 13
12 24
13 18
14 14
15 6
16 20
17 30
18 31
19 19
20 7
21 12
22 26
23 27
24 1
25 3
26 16
27 0
28 17
29 28
30 9
31 22
SIMILAR

9 4 1 16 13 22 2 3 24 5 31 20 25 11 26 14 28 30 0 6 7 18 27 8 10 19 23 21 12 17 15 29 
0 18
1 2
2 6
3 7
4 1
5 9
6 19
7 20
8 23
9 0
10 24
11 13
12 28
13 4
14 15
15 30
16 3
17 29
18 21
19 25
20 11
21 27
22 5
23 26
24 8
25 12
26 14
27 22
28 16
29 31
30 17
31 10
SIMILAR

24 19 3 7 1 14 20 27 4 0 12 17 22 26 15 29 11 31 5 18 21 10 25 30 13 16 23 28 8 6 2 9 
0 9
1 4
2 30
3 2
4 8
5 18
6 29
7 3
8 28
9 31
10 21
11 16
12 10
13 24
14 5
15 14
16 25
17 11
18 19
19 1
20 6
21 20
22 12
23 26
24 0
25 22
26 13
27 7
28 27
29 15
30 23
31 17
SIMILAR

15 16 26 30 0 18 4 6 5 11 19 22 12 28 17 8 24 14 29 1 3 7 31 21 10 20 27 13 25 23 9 2 
0 4
1 19
2 31
3 20
4 6
5 8
6 7
7 21
8 15
9 30
10 24
11 9
12 12
13 27
14 17
15 0
16 1
17 14
18 5
19 10
20 25
21 23
22 11
23 29
24 16
25 28
26 2
27 26
28 13
29 18
30 3
31 22
SIMILAR

16 20 0 31 19 6 1 9 23 11 21 18 17 24 22 29 12 10 15 5 7 28 13 4 30 2 3 26 8 27 14 25 
0 2
1 6
2 25
3 26
4 23
5 19
6 5
7 20
8 28
9 7
10 17
11 9
12 16
13 22
14 30
15 18
16 0
17 12
18 11
19 4
20 1
21 10
22 14
23 8
24 13
25 31
26 27
27 29
28 21
29 15
30 24
31 3
SIMILAR

24 23 1 20 16 18 27 9 10 6 19 2 5 12 0 11 21 13 14 26 7 17 30 29 8 4 28 3 15 25 31 22 
0 14
1 2
2 11
3 27
4 25
5 12
6 9
7 20
8 24
9 7
10 8
11 15
12 13
13 17
14 18
15 28
16 4
17 21
18 5
19 10
20 3
21 16
22 31
23 1
24 0
25 29
26 19
27 6
28 26
29 23
30 22
31 30
SIMILAR

3 5 29 16 27 1 7 30 28 23 10 4 20 26 11 8 2 17 9 0 31 13 24 19 21 22 6 25 18 12 15 14 
0 19
1 5
2 16
3 0
4 11
5 1
6 26
7 6
8 15
9 18
10 10
11 14
12 29
13 21
14 31
15 30
16 3
17 17
18 28
19 23
20 12
21 24
22 25
23 9
24 22
25 27
26 13
27 4
28 8
29 2
30 7
31 20
SIMILAR

28 9 31 24 30 27 4 1 20 7 21 11 19 23 18 22 2 26 3 25 17 12 10 14 29 5 0 15 8 16 6 13 
0 26
1 7
2 16
3 18
4 6
5 25
6 30
7 9
8 28
9 1
10 22
11 11
12 21
13 31
14 23
15 27
16 29
17 20
18 14
19 12
20 8
21 10
22 15
23 13
24 3
25 19
26 17
27 5
28 0
29 24
30 4
31 2
SIMILAR

30 21 27 15 16 2 10 17 31 19 7 26 9 13 14 25 11 6 1 22 24 18 4 28 8 5 12 23 3 29 0 20 
0 30
1 18
2 5
3 28
4 22
5 25
6 17
7 10
8 24
9 12
10 6
11 16
12 26
13 13
14 14
15 3
16 4
17 7
18 21
19 9
20 31
21 1
22 19
23 27
24 20
25 15
26 11
27 2
28 23
29 29
30 0
31 8
SIMILAR

12 30 13 15 9 22 20 23 16 31 4 5 18 1 28 14 6 7 25 21 8 29 24 27 0 10 3 11 2 17 19 26 
0 24
1 13
2 28
3 26
4 10
5 11
6 16
7 17
8 20
9 4
10 25
11 27
12 0
13 2
14 15
15 3
16 8
17 29
18 12
19 30
20 6
21 19
22 5
23 7
24 22
25 18
26 31
27 23
28 14
29 21
30 1
31 9
SIMILAR

25 21 4 9 6 27 30 17 23 26 14 18 15 16 29 31 0 20 19 28 5 10 22 2 1 13 11 12 8 24 7 3 
0 16
1 24
2 23
3 31
4 2
5 20
6 4
7 30
8 28
9 3
10 21
11 26
12 27
13 25
14 10
15 12
16 13
17 7
18 11
19 18
20 17
21 1
22 22
23 8
24 29
25 0
26 9
27 5
28 19
29 14
30 6
31 15
SIMILAR

28 7 25 5 2 3 20 26 13 30 12 29 21 19 16 27 14 0 11 22 17 4 6 31 8 23 18 9 24 10 1 15 
0 17
1 30
2 4
3 5
4 21
5 3
6 22
7 1
8 24
9 27
10 29
11 18
12 10
13 8
14 16
15 31
16 14
17 20
18 26
19 13
20 6
21 12
22 19
23 25
24 28
25 2
26 7
27 15
28 0
29 11
30 9
31 23
SIMILAR

10 29 9 26 8 24 19 2 30 12 14 11 22 1 13 31 25 20 23 4 3 5 17 15 21 18 16 0 7 27 28 6 
0 27
1 13
2 7
3 20
4 19
5 21
6 31
7 28
8 4
9 2
10 0
11 11
12 9
13 14
14 10
15 23
16 26
17 22
18 25
19 6
20 17
21 24
22 12
23 18
24 5
25 16
26 3
27 29
28 30
29 1
30 8
31 15
SIMILAR

30 15 28 26 16 27 1 12 11 13 21 9 31 23 8 17 3 7 2 22 19 5 29 6 14 18 0 20 10 25 24 4 
0 26
1 6
2 18
3 16
4 31
5 21
6 23
7 17
8 14
9 11
10 28
11 8
12 7
13 9
14 24
15 1
16 4
17 15
18 25
19 20
20 27
21 10
22 19
23 13
24 30
25 29
26 3
27 5
28 2
29 22
30 0
31 12
SIMILAR

8 6 7 17 9 19 1 29 11 20 12 23 15 31 21 10 30 4 14 5 2 26 27 3 16 28 18 24 25 22 0 13 
0 30
1 6
2 20
3 23
4 17
5 19
6 1
7 2
8 0
9 4
10 15
11 8
12 10
13 31
14 18
15 12
16 24
17 3
18 26
19 5
20 9
21 14
22 29
23 11
24 27
25 28
26 21
27 22
28 25
29 7
30 16
31 13
SIMILAR

26 5 29 8 14 22 11 2 4 20 0 9 12 17 15 16 7 18 30 28 6 3 24 13 27 1 19 23 21 31 25 10 
0 10
1 25
2 7
3 21
4 8
5 1
6 20
7 16
8 3
9 11
10 31
11 6
12 12
13 23
14 4
15 14
16 15
17 13
18 17
19 26
20 9
21 28
22 5
23 27
24 22
25 30
26 0
27 24
28 19
29 2
30 18
31 29
SIMILAR

13 30 4 3 25 21 9 5 2 14 23 28 27 31 7 29 18 15 10 11 8 26 16 0 1 22 17 19 6 20 24 12 
0 23
1 24
2 8
3 3
4 2
5 7
6 28
7 14
8 20
9 6
10 18
11 19
12 31
13 0
14 9
15 17
16 22
17 26
18 16
19 27
20 29
21 5
22 25
23 10
24 30
25 4
26 21
27 12
28 11
29 15
30 1
31 13
SIMILAR

9 25 15 14 29 17 5 24 7 16 31 26 12 3 13 19 10 27 8 4 2 28 22 1 23 18 0 6 30 20 11 21 
0 26
1 23
2 20
3 13
4 19
5 6
6 27
7 8
8 18
9 0
10 16
11 30
12 12
13 14
14 3
15 2
16 9
17 5
18 25
19 15
20 29
21 31
22 22
23 24
24 7
25 1
26 11
27 17
28 21
29 4
30 28
31 10
SIMILAR

24 29 9 26 30 13 2 21 11 22 31 23 1 17 25 8 3 0 4 12 14 15 27 7 28 10 6 5 19 16 20 18 
0 17
1 12
2 6
3 16
4 18
5 27
6 26
7 23
8 15
9 2
10 25
11 8
12 19
13 5
14 20
15 21
16 29
17 13
18 31
19 28
20 30
21 7
22 9
23 11
24 0
25 14
26 3
27 22
28 24
29 1
30 4
31 10
SIMILAR

30 25 4 2 6 28 11 26 13 29 9 18 15 0 14 20 3 22 19 5 10 16 27 17 24 21 8 7 1 23 12 31 
0 13
1 28
2 3
3 16
4 2
5 19
6 4
7 27
8 26
9 10
10 20
11 6
12 30
13 8
14 14
15 12
16 21
17 23
18 11
19 18
20 15
21 25
22 17
23 29
24 24
25 1
26 7
27 22
28 5
29 9
30 0
31 31
SIMILAR

3 14 23 8 11 18 7 10 25 2 19 30 21 4 31 16 12 1 5 29 13 0 15 24 6 26 17 9 20 22 27 28 
0 21
1 17
2 9
3 0
4 13
5 18
6 24
7 6
8 3
9 27
10 7
11 4
12 16
13 20
14 1
15 22
16 15
17 26
18 5
19 10
20 28
21 12
22 29
23 2
24 23
25 8
26 25
27 30
28 31
29 19
30 11
31 14
SIMILAR

11 1 14 24 13 3 23 21 12 26 2 15 9 27 20 25 30 6 10 29 7 8 0 18 17 16 5 22 4 31 19 28 
0 22
1 1
2 10
3 5
4 28
5 26
6 17
7 20
8 21
9 12
10 18
11 0
12 8
13 4
14 2
15 11
16 25
17 24
18 23
19 30
20 14
21 7
22 27
23 6
24 3
25 15
26 9
27 13
28 31
29 19
30 16
31 29
SIMILAR

2 1 25 9 15 17 20 16 19 21 6 10 3 11 5 29 0 26 31 14 7 27 8 30 4 12 13 23 28 22 24 18 
0 16
1 1
2 0
3 12
4 24
5 14
6 10
7 20
8 22
9 3
10 11
11 13
12 25
13 26
14 19
15 4
16 7
17 5
18 31
19 8
20 6
21 9
22 29
23 27
24 30
25 2
26 17
27 21
28 28
29 15
30 23
31 18
SIMILAR

18 23 31 11 5 17 28 4 12 9 21 24 2 19 27 14 1 20 3 7 22 15 26 6 30 8 29 0 16 13 10 25 
0 27
1 16
2 12
3 18
4 7
5 4
6 23
7 19
8 25
9 9
10 30
11 3
12 8
13 29
14 15
15 21
16 28
17 5
18 0
19 13
20 17
21 10
22 20
23 1
24 11
25 31
26 22
27 14
28 6
29 26
30 24
31 2
SIMILAR

19 2 28 14 20 22 29 7 13 21 15 24 23 12 8 27 3 9 6 4 26 5 16 18 0 25 11 1 31 30 10 17 
0 24
1 27
2 1
3 16
4 19
5 21
6 18
7 7
8 14
9 17
10 30
11 26
12 13
13 8
14 3
15 10
16 22
17 31
18 23
19 0
20 4
21 9
22 5
23 12
24 11
25 25
26 20
27 15
28 2
29 6
30 29
31 28
SIMILAR

10 17 11 5 22 20 3 29 13 1 14 4 21 2 0 16 12 25 8 30 19 23 9 24 18 28 27 26 6 7 31 15 
0 14
1 9
2 13
3 6
4 11
5 3
6 28
7 29
8 18
9 22
10 0
11 2
12 16
13 8
14 10
15 31
16 15
17 1
18 24
19 20
20 5
21 12
22 4
23 21
24 23
25 17
26 27
27 26
28 25
29 7
30 19
31 30
SIMILAR

4 28 9 12 25 1 13 24 3 6 30 20 10 27 19 21 26 11 23 14 2 7 17 0 29 8 15 18 5 31 22 16 
0 23
1 5
2 20
3 8
4 0
5 28
6 9
7 21
8 25
9 2
10 12
11 17
12 3
13 6
14 19
15 26
16 31
17 22
18 27
19 14
20 11
21 15
22 30
23 18
24 7
25 4
26 16
27 13
28 1
29 24
30 10
31 29
SIMILAR

3 15 29 4 26 31 28 13 19 7 9 23 10 8 30 24 20 18 1 25 16 5 0 27 22 11 6 21 14 2 12 17 
0 22
1 18
2 29
3 0
4 3
5 21
6 26
7 9
8 13
9 10
10 12
11 25
12 30
13 7
14 28
15 1
16 20
17 31
18 17
19 8
20 16
21 27
22 24
23 11
24 15
25 19
26 4
27 23
28 6
29 2
30 14
31 5
SIMILAR

10 14 8 30 16 25 1 7 20 23 21 5 17 22 9 4 6 18 19 3 24 0 12 26 11 13 31 2 27 15 28 29 
0 21
1 6
2 27
3 19
4 15
5 11
6 16
7 7
8 2
9 14
10 0
11 24
12 22
13 25
14 1
15 29
16 4
17 12
18 17
19 18
20 8
21 10
22 13
23 9
24 20
25 5
26 23
27 28
28 30
29 31
30 3
31 26
SIMILAR

16 24 25 20 15 13 0 11 5 8 4 3 9 18 19 23 27 14 17 22 2 29 30 26 1 7 28 21 12 31 10 6 
0 6
1 24
2 20
3 11
4 10
5 8
6 31
7 25
8 9
9 12
10 30
11 7
12 28
13 5
14 17
15 4
16 0
17 18
18 13
19 14
20 3
21 27
22 19
23 15
24 1
25 2
26 23
27 16
28 26
29 21
30 22
31 29
SIMILAR

5 7 31 17 9 0 21 14 19 30 6 13 12 8 1 10 20 11 29 3 26 16 18 25 27 23 22 2 15 28 4 24 
0 5
1 14
2 27
3 19
4 30
5 0
6 10
7 1
8 13
9 4
10 15
11 17
12 12
13 11
14 7
15 28
16 21
17 3
18 22
19 8
20 16
21 6
22 26
23 25
24 31
25 23
26 20
27 24
28 29
29 18
30 9
31 2
SIMILAR

10 8 1 0 7 14 24 28 17 15 6 22 5 21 30 4 29 25 11 3 13 20 19 2 12 31 18 23 26 16 27 9 
0 3
1 2
2 23
3 19
4 15
5 12
6 10
7 4
8 1
9 31
10 0
11 18
12 24
13 20
14 5
15 9
16 29
17 8
18 26
19 22
20 21
21 13
22 11
23 27
24 6
25 17
26 28
27 30
28 7
29 16
30 14
31 25
SIMILAR

6 19 16 18 8 3 2 27 28 24 26 13 22 14 23 11 9 29 1 4 21 31 30 0 25 5 15 20 17 7 12 10 
0 23
1 18
2 6
3 5
4 19
5 25
6 0
7 29
8 4
9 16
10 31
11 15
12 30
13 11
14 13
15 26
16 2
17 28
18 3
19 1
20 27
21 20
22 12
23 14
24 9
25 24
26 10
27 7
28 8
29 17
30 22
31 21
SIMILAR

30 10 21 31 5 24 17 26 16 14 6 27 9 25 19 2 0 8 18 23 7 12 15 11 29 13 20 28 3 4 1 22 
0 16
1 30
2 15
3 28
4 29
5 4
6 10
7 20
8 17
9 12
10 1
11 23
12 21
13 25
14 9
15 22
16 8
17 6
18 18
19 14
20 26
21 2
22 31
23 19
24 5
25 13
26 7
27 11
28 27
29 24
30 0
31 3
SIMILAR

28 13 4 8 10 22 0 21 18 14 11 7 17 23 26 30 15 3 5 9 24 25 12 27 2 16 19 1 31 6 20 29 
0 6
1 27
2 24
3 17
4 2
5 18
6 29
7 11
8 3
9 19
10 4
11 10
12 22
13 1
14 9
15 16
16 25
17 12
18 8
19 26
20 30
21 7
22 5
23 13
24 20
25 21
26 14
27 23
28 0
29 31
30 15
31 28
SIMILAR

19 11 7 2 21 8 31 18 25 20 17 4 1 27 5 13 22 24 28 14 15 0 29 12 9 6 30 16 26 23 10 3 
0 21
1 12
2 3
3 31
4 11
5 14
6 25
7 2
8 5
9 24
10 30
11 1
12 23
13 15
14 19
15 20
16 27
17 10
18 7
19 0
20 9
21 4
22 16
23 29
24 17
25 8
26 28
27 13
28 18
29 22
30 26
31 6
SIMILAR

15 5 3 31 6 16 18 19 17 2 22 21 4 1 25 9 8 11 13 26 27 28 23 7 10 30 0 12 29 24 20 14 
0 26
1 13
2 9
3 2
4 12
5 1
6 4
7 23
8 16
9 15
10 24
11 17
12 27
13 18
14 31
15 0
16 5
17 8
18 6
19 7
20 30
21 11
22 10
23 22
24 29
25 14
26 19
27 20
28 21
29 28
30 25
31 3
SIMILAR

11 28 10 29 26 6 2 14 25 27 24 18 9 16 19 15 1 0 20 8 23 30 31 13 12 22 7 4 21 3 5 17 
0 17
1 16
2 6
3 29
4 27
5 30
6 5
7 26
8 19
9 12
10 2
11 0
12 24
13 23
14 7
15 15
16 13
17 31
18 11
19 14
20 18
21 28
22 25
23 20
24 10
25 8
26 4
27 9
28 1
29 3
30 21
31 22
SIMILAR

1 31 29 8 5 14 9 4 12 28 11 15 17 23 21 22 30 6 25 7 24 20 2 18 10 3 27 19 13 16 0 26 
0 30
1 0
2 22
3 25
4 7
5 4
6 17
7 19
8 3
9 6
10 24
11 10
12 8
13 28
14 5
15 11
16 29
17 12
18 23
19 27
20 21
21 14
22 15
23 13
24 20
25 18
26 31
27 26
28 9
29 2
30 16
31 1
SIMILAR

26 2 30 18 0 24 25 4 8 12 21 15 10 7 19 1 14 17 9 11 16 27 23 5 20 3 31 29 13 22 28 6 
0 4
1 15
2 1
3 25
4 7
5 23
6 31
7 13
8 8
9 18
10 12
11 19
12 9
13 28
14 16
15 11
16 20
17 17
18 3
19 14
20 24
21 10
22 29
23 22
24 5
25 6
26 0
27 21
28 30
29 27
30 2
31 26
SIMILAR

30 23 8 2 24 13 6 5 4 18 7 15 25 22 16 14 0 31 26 3 19 28 9 1 27 11 29 21 10 20 17 12 
0 16
1 23
2 3
3 19
4 8
5 7
6 6
7 10
8 2
9 22
10 28
11 25
12 31
13 5
14 15
15 11
16 14
17 30
18 9
19 20
20 29
21 27
22 13
23 1
24 4
25 12
26 18
27 24
28 21
29 26
30 0
31 17
SIMILAR

29 17 20 24 4 7 8 12 19 15 11 25 23 31 1 30 26 13 9 2 5 27 18 10 6 21 28 0 16 14 22 3 
0 27
1 14
2 19
3 31
4 4
5 20
6 24
7 5
8 6
9 18
10 23
11 10
12 7
13 17
14 29
15 9
16 28
17 1
18 22
19 8
20 2
21 25
22 30
23 12
24 3
25 11
26 16
27 21
28 26
29 0
30 15
31 13
SIMILAR

26 11 27 30 3 31 10 25 13 20 22 18 1 17 6 23 0 9 7 19 29 2 21 24 14 12 8 16 5 15 28 4 
0 16
1 12
2 21
3 4
4 31
5 28
6 14
7 18
8 26
9 17
10 6
11 1
12 25
13 8
14 24
15 29
16 27
17 13
18 11
19 19
20 9
21 22
22 10
23 15
24 23
25 7
26 0
27 2
28 30
29 20
30 3
31 5
SIMILAR

9 22 29 15 5 16 28 14 18 31 8 20 0 21 10 30 2 26 23 12 11 24 17 19 25 3 4 27 1 6 13 7 
0 12
1 28
2 16
3 25
4 26
5 4
6 29
7 31
8 10
9 0
10 14
11 20
12 19
13 30
14 7
15 3
16 5
17 22
18 8
19 23
20 11
21 13
22 1
23 18
24 21
25 24
26 17
27 27
28 6
29 2
30 15
31 9
SIMILAR

25 18 29 0 20 28 16 30 5 22 21 1 13 15 14 6 3 17 31 8 11 26 12 27 23 7 19 4 24 9 2 10 
0 3
1 11
2 30
3 16
4 27
5 8
6 15
7 25
8 19
9 29
10 31
11 20
12 22
13 12
14 14
15 13
16 6
17 17
18 1
19 26
20 4
21 10
22 9
23 24
24 28
25 0
26 21
27 23
28 5
29 2
30 7
31 18
SIMILAR

19 17 2 24 4 13 16 18 31 29 22 28 14 20 6 23 27 9 10 12 26 7 15 5 30 21 11 0 3 25 8 1 
0 27
1 31
2 2
3 28
4 4
5 23
6 14
7 21
8 30
9 17
10 18
11 26
12 19
13 5
14 12
15 22
16 6
17 1
18 7
19 0
20 13
21 25
22 10
23 15
24 3
25 29
26 20
27 16
28 11
29 9
30 24
31 8
SIMILAR

27 29 7 26 13 11 22 12 24 6 10 21 8 1 25 5 16 9 14 4 30 31 15 18 17 3 2 20 19 28 0 23 
0 30
1 13
2 26
3 25
4 19
5 15
6 9
7 2
8 12
9 17
10 10
11 5
12 7
13 4
14 18
15 22
16 16
17 24
18 23
19 28
20 27
21 11
22 6
23 31
24 8
25 14
26 3
27 0
28 29
29 1
30 20
31 21
SIMILAR

11 29 28 16 8 27 9 25 3 20 5 21 12 17 14 15 31 7 22 10 4 1 18 26 30 24 6 23 2 0 19 13 
0 29
1 21
2 28
3 8
4 20
5 10
6 26
7 17
8 4
9 6
10 19
11 0
12 12
13 31
14 14
15 15
16 3
17 13
18 22
19 30
20 9
21 11
22 18
23 27
24 25
25 7
26 23
27 5
28 2
29 1
30 24
31 16
SIMILAR

29 18 4 5 10 28 13 3 19 26 17 25 7 11 0 1 23 9 20 8 22 16 30 27 21 2 24 31 14 6 12 15 
0 14
1 15
2 25
3 7
4 2
5 3
6 29
7 12
8 19
9 17
10 4
11 13
12 30
13 6
14 28
15 31
16 21
17 10
18 1
19 8
20 18
21 24
22 20
23 16
24 26
25 11
26 9
27 23
28 5
29 0
30 22
31 27
SIMILAR

11 18 24 7 15 12 2 3 6 29 0 23 17 9 26 27 25 5 8 28 19 20 21 4 31 13 16 22 14 1 30 10 
0 10
1 29
2 6
3 7
4 23
5 17
6 8
7 3
8 18
9 13
10 31
11 0
12 5
13 25
14 28
15 4
16 26
17 12
18 1
19 20
20 21
21 22
22 27
23 11
24 2
25 16
26 14
27 15
28 19
29 9
30 30
31 24
SIMILAR

10 12 16 3 7 30 5 9 20 19 11 6 26 4 1 13 23 31 29 25 28 2 14 27 22 15 21 18 17 8 24 0 
0 31
1 14
2 21
3 3
4 13
5 6
6 11
7 4
8 29
9 7
10 0
11 10
12 1
13 15
14 22
15 25
16 2
17 28
18 27
19 9
20 8
21 26
22 24
23 16
24 30
25 19
26 12
27 23
28 20
29 18
30 5
31 17
SIMILAR

19 14 16 8 15 28 18 13 7 1 4 3 0 12 31 24 25 23 10 30 5 9 26 27 6 29 17 2 22 11 21 20 
0 12
1 9
2 27
3 11
4 10
5 20
6 24
7 8
8 3
9 21
10 18
11 29
12 13
13 7
14 1
15 4
16 2
17 26
18 6
19 0
20 31
21 30
22 28
23 17
24 15
25 16
26 22
27 23
28 5
29 25
30 19
31 14
SIMILAR

10 18 29 28 27 3 8 13 19 5 1 2 17 14 24 7 6 25 26 4 11 9 30 21 0 20 15 22 23 16 12 31 
0 24
1 10
2 11
3 5
4 19
5 9
6 16
7 15
8 6
9 21
10 0
11 20
12 30
13 7
14 13
15 26
16 29
17 12
18 1
19 8
20 25
21 23
22 27
23 28
24 14
25 17
26 18
27 4
28 3
29 2
30 22
31 31
SIMILAR

27 12 21 22 24 4 13 9 15 20 3 29 26 11 17 19 6 23 30 28 18 0 7 14 31 8 2 1 16 25 5 10 
0 21
1 27
2 26
3 10
4 5
5 30
6 16
7 22
8 25
9 7
10 31
11 13
12 1
13 6
14 23
15 8
16 28
17 14
18 20
19 15
20 9
21 2
22 3
23 17
24 4
25 29
26 12
27 0
28 19
29 11
30 18
31 24
SIMILAR

29 13 12 28 9 6 10 18 25 1 26 31 17 14 24 23 21 20 5 22 8 30 15 2 19 7 4 27 11 3 16 0 
0 31
1 9
2 23
3 29
4 26
5 18
6 5
7 25
8 20
9 4
10 6
11 28
12 2
13 1
14 13
15 22
16 30
17 12
18 7
19 24
20 17
21 16
22 19
23 15
24 14
25 8
26 10
27 27
28 3
29 0
30 21
31 11
SIMILAR

13 19 12 27 3 1 2 7 16 21 0 23 11 20 29 4 5 14 9 17 18 8 6 22 24 15 28 10 30 31 25 26 
0 10
1 5
2 6
3 4
4 15
5 16
6 22
7 7
8 21
9 18
10 27
11 12
12 2
13 0
14 17
15 25
16 8
17 19
18 20
19 1
20 13
21 9
22 23
23 11
24 24
25 30
26 31
27 3
28 26
29 14
30 28
31 29
SIMILAR

11 22 8 26 28 14 23 13 16 20 1 7 17 5 24 2 15 18 30 31 29 25 10 9 27 21 6 3 4 12 19 0 
0 31
1 10
2 15
3 27
4 28
5 13
6 26
7 11
8 2
9 23
10 22
11 0
12 29
13 7
14 5
15 16
16 8
17 12
18 17
19 30
20 9
21 25
22 1
23 6
24 14
25 21
26 3
27 24
28 4
29 20
30 18
31 19
SIMILAR

15 1 28 21 25 7 16 9 10 23 17 19 30 3 0 6 8 13 18 4 31 14 5 12 11 27 22 20 29 2 24 26 
0 14
1 1
2 29
3 13
4 19
5 22
6 15
7 5
8 16
9 7
10 8
11 24
12 23
13 17
14 21
15 0
16 6
17 10
18 18
19 11
20 27
21 3
22 26
23 9
24 30
25 4
26 31
27 25
28 2
29 28
30 12
31 20
SIMILAR

23 25 20 30 15 17 16 31 19 1 28 6 4 12 22 5 24 3 0 2 29 21 26 9 14 7 8 10 11 18 13 27 
0 18
1 9
2 19
3 17
4 12
5 15
6 11
7 25
8 26
9 23
10 27
11 28
12 13
13 30
14 24
15 4
16 6
17 5
18 29
19 8
20 2
21 21
22 14
23 0
24 16
25 1
26 22
27 31
28 10
29 20
30 3
31 7
SIMILAR

27 11 20 0 7 23 3 1 8 15 31 29 16 12 4 13 18 6 17 5 25 24 28 22 10 21 19 14 26 30 2 9 
0 3
1 7
2 30
3 6
4 14
5 19
6 17
7 4
8 8
9 31
10 24
11 1
12 13
13 15
14 27
15 9
16 12
17 18
18 16
19 26
20 2
21 25
22 23
23 5
24 21
25 20
26 28
27 0
28 22
29 11
30 29
31 10
SIMILAR

5 6 29 7 21 28 27 20 8 18 17 26 24 1 11 23 4 31 14 3 25 15 0 30 19 9 10 16 22 12 2 13 
0 22
1 13
2 30
3 19
4 16
5 0
6 1
7 3
8 8
9 25
10 26
11 14
12 29
13 31
14 18
15 21
16 27
17 10
18 9
19 24
20 7
21 4
22 28
23 15
24 12
25 20
26 11
27 6
28 5
29 2
30 23
31 17
SIMILAR

16 13 14 31 9 18 23 19 5 28 27 26 3 12 10 24 7 25 8 6 20 1 22 30 2 21 29 11 17 15 4 0 
0 31
1 21
2 24
3 12
4 30
5 8
6 19
7 16
8 18
9 4
10 14
11 27
12 13
13 1
14 2
15 29
16 0
17 28
18 5
19 7
20 20
21 25
22 22
23 6
24 15
25 17
26 11
27 10
28 9
29 26
30 23
31 3
SIMILAR

3 15 13 22 1 18 20 24 11 2 9 30 14 12 6 19 25 8 16 23 10 28 4 31 26 5 7 29 0 21 17 27 
0 28
1 4
2 9
3 0
4 22
5 25
6 14
7 26
8 17
9 10
10 20
11 8
12 13
13 2
14 12
15 1
16 18
17 30
18 5
19 15
20 6
21 29
22 3
23 19
24 7
25 16
26 24
27 31
28 21
29 27
30 11
31 23
SIMILAR

8 23 25 15 17 18 31 5 22 20 12 3 26 7 9 16 1 0 30 14 10 6 19 21 28 24 4 13 2 11 29 27 
0 17
1 16
2 28
3 11
4 26
5 7
6 21
7 13
8 0
9 14
10 20
11 29
12 10
13 27
14 19
15 3
16 15
17 4
18 5
19 22
20 9
21 23
22 8
23 1
24 25
25 2
26 12
27 31
28 24
29 30
30 18
31 6
SIMILAR

3 20 31 23 16 26 18 17 25 27 30 5 1 4 28 19 10 8 11 24 9 6 29 12 0 22 2 14 13 15 21 7 
0 24
1 12
2 26
3 0
4 13
5 11
6 21
7 31
8 17
9 20
10 16
11 18
12 23
13 28
14 27
15 29
16 4
17 7
18 6
19 15
20 1
21 30
22 25
23 3
24 19
25 8
26 5
27 9
28 14
29 22
30 10
31 2
SIMILAR

28 10 25 30 12 29 21 23 26 2 14 6 16 17 8 19 27 15 13 22 7 1 20 5 11 31 4 18 9 24 3 0 
0 31
1 21
2 9
3 30
4 26
5 23
6 11
7 20
8 14
9 28
10 1
11 24
12 4
13 18
14 10
15 17
16 12
17 13
18 27
19 15
20 22
21 6
22 19
23 7
24 29
25 2
26 8
27 16
28 0
29 5
30 3
31 25
SIMILAR

14 11 7 0 5 21 30 20 10 16 1 27 9 15 4 19 2 17 8 24 13 31 3 29 23 25 28 26 6 18 22 12 
0 3
1 10
2 16
3 22
4 14
5 4
6 28
7 2
8 18
9 12
10 8
11 1
12 31
13 20
14 0
15 13
16 9
17 17
18 29
19 15
20 7
21 5
22 30
23 24
24 19
25 25
26 27
27 11
28 26
29 23
30 6
31 21
SIMILAR

12 4 11 19 31 10 14 17 15 8 6 7 9 20 0 25 13 29 2 3 27 30 5 16 23 26 28 24 22 18 21 1 
0 14
1 31
2 18
3 19
4 1
5 22
6 10
7 11
8 9
9 12
10 5
11 2
12 0
13 16
14 6
15 8
16 23
17 7
18 29
19 3
20 13
21 30
22 28
23 24
24 27
25 15
26 25
27 20
28 26
29 17
30 21
31 4
SIMILAR

4 21 8 2 29 14 16 13 10 6 26 3 24 5 28 23 11 0 20 1 15 9 25 7 22 27 31 30 12 18 17 19 
0 17
1 19
2 3
3 11
4 0
5 13
6 9
7 23
8 2
9 21
10 8
11 16
12 28
13 7
14 5
15 20
16 6
17 30
18 29
19 31
20 18
21 1
22 24
23 15
24 12
25 22
26 10
27 25
28 14
29 4
30 27
31 26
SIMILAR

21 29 8 9 28 2 25 30 16 10 19 7 3 22 18 11 6 23 13 4 26 12 24 27 31 15 17 0 5 14 1 20 
0 27
1 30
2 5
3 12
4 19
5 28
6 16
7 11
8 2
9 3
10 9
11 15
12 21
13 18
14 29
15 25
16 8
17 26
18 14
19 10
20 31
21 0
22 13
23 17
24 22
25 6
26 20
27 23
28 4
29 1
30 7
31 24
SIMILAR

12 27 19 25 4 13 0 1 2 31 21 10 14 24 20 15 11 22 3 30 16 6 29 9 5 26 28 17 8 18 23 7 
0 6
1 7
2 8
3 18
4 4
5 24
6 21
7 31
8 28
9 23
10 11
11 16
12 0
13 5
14 12
15 15
16 20
17 27
18 29
19 2
20 14
21 10
22 17
23 30
24 13
25 3
26 25
27 1
28 26
29 22
30 19
31 9
SIMILAR

19 15 13 24 31 5 21 26 2 18 3 22 25 23 11 6 7 30 27 4 12 1 14 8 29 17 0 28 16 20 10 9 
0 26
1 21
2 8
3 10
4 19
5 5
6 15
7 16
8 23
9 31
10 30
11 14
12 20
13 2
14 22
15 1
16 28
17 25
18 9
19 0
20 29
21 6
22 11
23 13
24 3
25 12
26 7
27 18
28 27
29 24
30 17
31 4
SIMILAR

24 22 20 12 27 21 25 0 31 17 29 26 14 28 13 5 6 15 7 8 10 1 19 23 11 2 4 3 18 16 9 30 
0 7
1 21
2 25
3 27
4 26
5 15
6 16
7 18
8 19
9 30
10 20
11 24
12 3
13 14
14 12
15 17
16 29
17 9
18 28
19 22
20 2
21 5
22 1
23 23
24 0
25 6
26 11
27 4
28 13
29 10
30 31
31 8
SIMILAR

15 0 2 9 14 24 1 30 13 8 16 21 27 31 5 6 3 11 22 28 12 20 19 23 29 25 4 7 17 10 26 18 
0 1
1 6
2 2
3 16
4 26
5 14
6 15
7 27
8 9
9 3
10 29
11 17
12 20
13 8
14 4
15 0
16 10
17 28
18 31
19 22
20 21
21 11
22 18
23 23
24 5
25 25
26 30
27 12
28 19
29 24
30 7
31 13
SIMILAR
100 0
8400 0
288400 0
