32
0 0 0 0 1 0 0 1 1 0 1 1 1 1 0 0 1 1 0 1 0 0 0 1 1 0 0 1 1 0 1 0 
0 0 0 1 1 0 1 0 1 1 1 1 0 0 1 1 0 1 1 1 1 0 0 1 0 0 0 1 0 1 0 1 
0 0 0 0 0 0 1 0 0 0 0 1 0 1 0 1 0 1 1 0 0 0 1 0 1 0 0 1 1 1 0 1 
0 1 0 0 0 0 1 1 0 0 1 0 1 1 0 0 0 0 1 1 1 0 1 1 1 1 0 0 1 0 0 1 
1 1 0 0 0 0 1 0 0 1 0 0 1 1 1 1 1 1 1 0 0 1 0 0 1 0 0 0 0 1 0 1 
0 0 0 0 0 0 1 1 0 1 0 1 0 0 0 0 0 1 0 1 0 1 1 0 1 1 1 1 0 1 1 0 
0 1 1 1 1 1 0 0 0 0 0 0 0 0 1 1 1 0 0 1 1 0 1 1 1 0 0 1 0 1 1 1 
1 0 0 1 0 1 0 0 1 1 1 1 0 1 0 1 1 0 0 0 1 0 0 1 0 0 1 0 1 0 1 0 
1 1 0 0 0 0 0 1 0 0 0 1 1 1 0 0 0 1 1 0 0 0 0 1 1 1 1 0 0 1 1 0 
0 1 0 0 1 1 0 1 0 0 0 1 0 0 1 0 0 1 0 0 0 0 1 0 1 1 0 1 0 0 0 0 
1 1 0 1 0 0 0 1 0 0 0 1 0 0 0 1 0 1 1 0 0 0 0 0 0 1 1 1 0 0 0 0 
1 1 1 0 0 1 0 1 1 1 1 0 0 0 0 0 1 1 1 0 0 1 1 1 0 1 1 0 1 1 1 0 
1 0 0 1 1 0 0 0 1 0 0 0 0 0 1 1 1 1 1 0 0 0 0 0 1 0 1 0 0 1 0 0 
1 0 1 1 1 0 0 1 1 0 0 0 0 0 1 1 0 1 1 0 0 1 1 0 1 1 1 1 1 0 1 0 
0 1 0 0 1 0 1 0 0 1 0 0 1 1 0 1 0 0 0 1 0 1 0 0 0 0 0 1 1 1 1 0 
0 1 1 0 1 0 1 1 0 0 1 0 1 1 1 0 0 1 1 1 1 0 1 1 0 0 1 1 1 1 1 1 
1 0 0 0 1 0 1 1 0 0 0 1 1 0 0 0 0 0 0 1 1 1 0 0 0 0 0 1 1 0 0 1 
1 1 1 0 1 1 0 0 1 1 1 1 1 1 0 1 0 0 0 1 0 0 0 1 1 0 1 1 0 1 1 0 
0 1 1 1 1 0 0 0 1 0 1 1 1 1 0 1 0 0 0 1 1 1 0 0 0 0 0 1 0 0 1 1 
1 1 0 1 0 1 1 0 0 0 0 0 0 0 1 1 1 1 1 0 0 1 1 1 1 1 0 1 0 1 0 1 
0 1 0 1 0 0 1 1 0 0 0 0 0 0 0 1 1 0 1 0 0 1 0 0 1 1 1 0 1 0 0 1 
0 0 0 0 1 1 0 0 0 0 0 1 0 1 1 0 1 0 1 1 1 0 1 1 1 1 0 0 1 0 0 0 
0 0 1 1 0 1 1 0 0 1 0 1 0 1 0 1 0 0 0 1 0 1 0 1 1 1 1 1 0 0 0 0 
1 1 0 1 0 0 1 1 1 0 0 1 0 0 0 1 0 1 0 1 0 1 1 0 1 0 0 0 0 0 0 1 
1 0 1 1 1 1 1 0 1 1 0 0 1 1 0 0 0 1 0 1 1 1 1 1 0 1 1 0 1 1 0 0 
0 0 0 1 0 1 0 0 1 1 1 1 0 1 0 0 0 0 0 1 1 1 1 0 1 0 1 0 1 0 0 1 
0 0 0 0 0 1 0 1 1 0 1 1 1 1 0 1 0 1 0 0 1 0 1 0 1 1 0 0 1 1 0 1 
1 1 1 0 0 1 1 0 0 1 1 0 0 1 1 1 1 1 1 1 0 0 1 0 0 0 0 0 1 1 0 0 
1 0 1 1 0 0 0 1 0 0 0 1 0 1 1 1 1 0 0 0 1 1 0 0 1 1 1 1 0 1 1 1 
0 1 1 0 1 1 1 0 1 0 0 1 1 0 1 1 0 1 0 1 0 0 0 0 1 0 1 1 1 0 0 1 
1 0 0 0 0 1 1 1 1 0 0 1 0 1 1 1 0 1 1 0 0 0 0 0 0 0 0 0 1 0 0 1 
0 1 1 1 1 0 1 0 0 0 0 0 0 0 0 1 1 0 1 1 1 0 0 1 0 1 1 0 1 1 1 0 

6 19 30 27 14 22 4 0 8 11 2 12 3 18 1 23 31 5 24 15 7 29 13 10 28 21 17 16 26 9 20 25 
0 7
1 14
2 10
3 12
4 6
5 17
6 0
7 20
8 8
9 29
10 23
11 9
12 11
13 22
14 4
15 19
16 27
17 26
18 13
19 1
20 30
21 25
22 5
23 15
24 18
25 31
26 28
27 3
28 24
29 21
30 2
31 16
SIMILAR

9 29 21 23 25 27 26 17 6 1 11 3 22 15 31 4 2 18 10 20 16 30 8 0 12 14 7 19 28 13 24 5 
0 23
1 9
2 16
3 11
4 15
5 31
6 8
7 26
8 22
9 0
10 18
11 10
12 24
13 29
14 25
15 13
16 20
17 7
18 17
19 27
20 19
21 2
22 12
23 3
24 30
25 4
26 6
27 5
28 28
29 1
30 21
31 14
SIMILAR

14 26 9 25 15 24 17 21 29 0 10 5 3 6 1 4 28 27 18 30 8 16 11 19 20 2 12 22 13 7 31 23 
0 9
1 14
2 25
3 12
4 15
5 11
6 13
7 29
8 20
9 2
10 10
11 22
12 26
13 28
14 0
15 4
16 21
17 6
18 18
19 23
20 24
21 7
22 27
23 31
24 5
25 3
26 1
27 17
28 16
29 8
30 19
31 30
SIMILAR

10 17 2 3 18 19 30 12 0 9 31 1 15 5 29 24 26 6 23 7 27 13 22 28 20 8 11 16 14 4 25 21 
0 8
1 11
2 2
3 3
4 29
5 13
6 17
7 19
8 25
9 9
10 0
11 26
12 7
13 21
14 28
15 12
16 27
17 1
18 4
19 5
20 24
21 31
22 22
23 18
24 15
25 30
26 16
27 20
28 23
29 14
30 6
31 10
SIMILAR

6 2 9 29 30 14 12 22 10 19 5 31 27 3 7 24 0 28 11 23 8 26 18 1 25 20 4 16 17 21 13 15 
0 16
1 23
2 1
3 13
4 26
5 10
6 0
7 14
8 20
9 2
10 8
11 18
12 6
13 30
14 5
15 31
16 27
17 28
18 22
19 9
20 25
21 29
22 7
23 19
24 15
25 24
26 21
27 12
28 17
29 3
30 4
31 11
SIMILAR

10 31 17 23 13 5 30 28 22 16 26 1 18 0 24 3 14 11 2 15 29 4 19 12 25 6 7 21 20 27 9 8 
0 13
1 11
2 18
3 15
4 21
5 5
6 25
7 26
8 31
9 30
10 0
11 17
12 23
13 4
14 16
15 19
16 9
17 2
18 12
19 22
20 28
21 27
22 8
23 3
24 14
25 24
26 10
27 29
28 7
29 20
30 6
31 1
SIMILAR

10 9 27 15 23 11 17 1 29 6 13 25 16 24 18 7 20 8 19 22 2 5 31 26 21 3 30 14 4 0 12 28 
0 29
1 7
2 20
3 25
4 28
5 21
6 9
7 15
8 17
9 1
10 0
11 5
12 30
13 10
14 27
15 3
16 12
17 6
18 14
19 18
20 16
21 24
22 19
23 4
24 13
25 11
26 23
27 2
28 31
29 8
30 26
31 22
SIMILAR

11 3 12 23 4 24 8 22 20 18 0 29 13 10 25 31 27 9 1 6 19 14 15 30 17 26 2 5 7 16 21 28 
0 10
1 18
2 26
3 1
4 4
5 27
6 19
7 28
8 6
9 17
10 13
11 0
12 2
13 12
14 21
15 22
16 29
17 24
18 9
19 20
20 8
21 30
22 7
23 3
24 5
25 14
26 25
27 16
28 31
29 11
30 23
31 15
SIMILAR

0 3 24 11 2 19 9 27 12 17 7 28 8 31 21 13 4 18 6 5 10 1 14 20 29 23 26 16 15 25 22 30 
0 0
1 21
2 4
3 1
4 16
5 19
6 18
7 10
8 12
9 6
10 20
11 3
12 8
13 15
14 22
15 28
16 27
17 9
18 17
19 5
20 23
21 14
22 30
23 25
24 2
25 29
26 26
27 7
28 11
29 24
30 31
31 13
SIMILAR

14 31 29 30 16 17 26 11 4 21 20 0 10 27 24 1 13 28 15 2 12 3 19 6 22 18 9 7 5 8 25 23 
0 11
1 15
2 19
3 21
4 8
5 28
6 23
7 27
8 29
9 26
10 12
11 7
12 20
13 16
14 0
15 18
16 4
17 5
18 25
19 22
20 10
21 9
22 24
23 31
24 14
25 30
26 6
27 13
28 17
29 2
30 3
31 1
SIMILAR

11 12 10 24 16 23 26 13 14 29 22 8 28 6 5 1 27 7 0 31 17 2 9 20 18 30 3 25 19 21 4 15 
0 18
1 15
2 21
3 26
4 30
5 14
6 13
7 17
8 11
9 22
10 2
11 0
12 1
13 7
14 8
15 31
16 4
17 20
18 24
19 28
20 23
21 29
22 10
23 5
24 3
25 27
26 6
27 16
28 12
29 9
30 25
31 19
SIMILAR

28 24 20 29 8 2 25 18 14 19 5 30 26 21 23 9 3 7 10 22 31 11 16 1 6 4 13 0 27 15 17 12 
0 27
1 23
2 5
3 16
4 25
5 10
6 24
7 17
8 4
9 15
10 18
11 21
12 31
13 26
14 8
15 29
16 22
17 30
18 7
19 9
20 2
21 13
22 19
23 14
24 1
25 6
26 12
27 28
28 0
29 3
30 11
31 20
SIMILAR

4 19 15 14 27 1 26 9 6 22 30 13 29 18 28 8 11 3 16 10 12 23 7 0 25 17 31 20 5 21 24 2 
0 23
1 5
2 31
3 17
4 0
5 28
6 8
7 22
8 15
9 7
10 19
11 16
12 20
13 11
14 3
15 2
16 18
17 25
18 13
19 1
20 27
21 29
22 9
23 21
24 30
25 24
26 6
27 4
28 14
29 12
30 10
31 26
SIMILAR

20 24 9 10 23 4 21 19 13 8 17 26 30 16 5 1 14 6 29 2 25 12 7 28 22 3 0 11 18 27 15 31 
0 26
1 15
2 19
3 25
4 5
5 14
6 17
7 22
8 9
9 2
10 3
11 27
12 21
13 8
14 16
15 30
16 13
17 10
18 28
19 7
20 0
21 6
22 24
23 4
24 1
25 20
26 11
27 29
28 23
29 18
30 12
31 31
SIMILAR

14 5 1 10 28 4 29 9 0 30 19 21 16 6 25 23 7 3 11 24 13 17 8 2 27 18 22 26 12 31 15 20 
0 8
1 2
2 23
3 17
4 5
5 1
6 13
7 16
8 22
9 7
10 3
11 18
12 28
13 20
14 0
15 30
16 12
17 21
18 25
19 10
20 31
21 11
22 26
23 15
24 19
25 14
26 27
27 24
28 4
29 6
30 9
31 29
SIMILAR

24 4 16 28 8 0 13 17 9 7 14 10 20 29 31 26 6 21 1 27 25 23 22 19 30 5 18 3 2 11 15 12 
0 5
1 18
2 28
3 27
4 1
5 25
6 16
7 9
8 4
9 8
10 11
11 29
12 31
13 6
14 10
15 30
16 2
17 7
18 26
19 23
20 12
21 17
22 22
23 21
24 0
25 20
26 15
27 19
28 3
29 13
30 24
31 14
SIMILAR

4 20 15 31 7 16 22 6 30 13 9 8 17 19 18 10 1 25 23 2 12 24 5 14 0 26 3 27 21 11 28 29 
0 24
1 16
2 19
3 26
4 0
5 22
6 7
7 4
8 11
9 10
10 15
11 29
12 20
13 9
14 23
15 2
16 5
17 12
18 14
19 13
20 1
21 28
22 6
23 18
24 21
25 17
26 25
27 27
28 30
29 31
30 8
31 3
SIMILAR

27 24 12 0 2 5 13 11 6 23 29 19 15 20 10 30 28 16 14 25 31 3 22 1 26 4 7 9 21 18 8 17 
0 3
1 23
2 4
3 21
4 25
5 5
6 8
7 26
8 30
9 27
10 14
11 7
12 2
13 6
14 18
15 12
16 17
17 31
18 29
19 11
20 13
21 28
22 22
23 9
24 1
25 19
26 24
27 0
28 16
29 10
30 15
31 20
SIMILAR

8 2 10 7 20 4 16 17 22 3 6 5 21 19 24 28 26 25 18 30 23 29 15 14 13 11 27 9 31 12 1 0 
0 31
1 30
2 1
3 9
4 5
5 11
6 10
7 3
8 0
9 27
10 2
11 25
12 29
13 24
14 23
15 22
16 6
17 7
18 18
19 13
20 4
21 12
22 8
23 20
24 14
25 17
26 16
27 26
28 15
29 21
30 19
31 28
SIMILAR

0 3 16 10 28 25 2 8 27 7 17 31 13 30 14 11 9 6 18 29 26 22 23 19 20 21 1 15 24 4 12 5 
0 0
1 26
2 6
3 1
4 29
5 31
6 17
7 9
8 7
9 16
10 3
11 15
12 30
13 12
14 14
15 27
16 2
17 10
18 18
19 23
20 24
21 25
22 21
23 22
24 28
25 5
26 20
27 8
28 4
29 19
30 13
31 11
SIMILAR

21 29 25 9 11 8 24 28 19 20 13 0 1 30 14 18 10 5 27 31 6 4 7 2 12 16 22 26 3 23 17 15 
0 11
1 12
2 23
3 28
4 21
5 17
6 20
7 22
8 5
9 3
10 16
11 4
12 24
13 10
14 14
15 31
16 25
17 30
18 15
19 8
20 9
21 0
22 26
23 29
24 6
25 2
26 27
27 18
28 7
29 1
30 13
31 19
SIMILAR

10 1 11 31 9 0 4 15 19 8 30 29 16 5 25 27 6 17 12 18 13 3 2 28 26 23 20 24 22 14 7 21 
0 5
1 1
2 22
3 21
4 6
5 13
6 16
7 30
8 9
9 4
10 0
11 2
12 18
13 20
14 29
15 7
16 12
17 17
18 19
19 8
20 26
21 31
22 28
23 25
24 27
25 14
26 24
27 15
28 23
29 11
30 10
31 3
SIMILAR

18 17 27 3 2 13 11 5 31 26 15 30 19 7 1 20 28 22 23 8 14 25 12 29 16 0 4 6 21 24 9 10 
0 25
1 14
2 4
3 3
4 26
5 7
6 27
7 13
8 19
9 30
10 31
11 6
12 22
13 5
14 20
15 10
16 24
17 1
18 0
19 12
20 15
21 28
22 17
23 18
24 29
25 21
26 9
27 2
28 16
29 23
30 11
31 8
SIMILAR

15 3 17 13 6 26 10 5 27 12 30 24 16 20 19 31 7 4 14 29 22 1 18 8 9 25 2 28 11 0 23 21 
0 29
1 21
2 26
3 1
4 17
5 7
6 4
7 16
8 23
9 24
10 6
11 28
12 9
13 3
14 18
15 0
16 12
17 2
18 22
19 14
20 13
21 31
22 20
23 30
24 11
25 25
26 5
27 8
28 27
29 19
30 10
31 15
SIMILAR

6 0 29 22 1 17 8 25 31 15 20 11 21 18 28 27 9 16 19 24 26 30 2 13 3 7 14 23 4 5 10 12 
0 1
1 4
2 22
3 24
4 28
5 29
6 0
7 25
8 6
9 16
10 30
11 11
12 31
13 23
14 26
15 9
16 17
17 5
18 13
19 18
20 10
21 12
22 3
23 27
24 19
25 7
26 20
27 15
28 14
29 2
30 21
31 8
SIMILAR

14 23 13 2 28 26 11 12 10 8 20 0 9 3 7 19 21 30 18 24 4 31 22 15 1 6 27 5 25 16 29 17 
0 11
1 24
2 3
3 13
4 20
5 27
6 25
7 14
8 9
9 12
10 8
11 6
12 7
13 2
14 0
15 23
16 29
17 31
18 18
19 15
20 10
21 16
22 22
23 1
24 19
25 28
26 5
27 26
28 4
29 30
30 17
31 21
SIMILAR

22 0 17 15 26 25 11 28 27 3 30 14 29 13 12 2 20 4 18 31 6 21 7 1 9 16 24 19 8 10 5 23 
0 1
1 23
2 15
3 9
4 17
5 30
6 20
7 22
8 28
9 24
10 29
11 6
12 14
13 13
14 11
15 3
16 25
17 2
18 18
19 27
20 16
21 21
22 0
23 31
24 26
25 5
26 4
27 8
28 7
29 12
30 10
31 19
SIMILAR

0 14 7 30 29 10 23 11 22 20 8 3 28 9 6 27 2 13 4 12 5 18 26 16 31 19 1 24 21 15 17 25 
0 0
1 26
2 16
3 11
4 18
5 20
6 14
7 2
8 10
9 13
10 5
11 7
12 19
13 17
14 1
15 29
16 23
17 30
18 21
19 25
20 9
21 28
22 8
23 6
24 27
25 31
26 22
27 15
28 12
29 4
30 3
31 24
SIMILAR

27 2 30 6 20 24 0 7 11 3 12 28 15 16 10 18 26 8 21 25 9 23 19 22 1 4 5 13 29 14 17 31 
0 6
1 24
2 1
3 9
4 25
5 26
6 3
7 7
8 17
9 20
10 14
11 8
12 10
13 27
14 29
15 12
16 13
17 30
18 15
19 22
20 4
21 18
22 23
23 21
24 5
25 19
26 16
27 0
28 11
29 28
30 2
31 31
SIMILAR

25 27 22 10 7 19 4 12 2 24 13 16 20 26 3 31 21 8 14 30 15 29 6 11 9 1 5 28 0 23 17 18 
0 28
1 25
2 8
3 14
4 6
5 26
6 22
7 4
8 17
9 24
10 3
11 23
12 7
13 10
14 18
15 20
16 11
17 30
18 31
19 5
20 12
21 16
22 2
23 29
24 9
25 0
26 13
27 1
28 27
29 21
30 19
31 15
SIMILAR

25 20 9 26 3 12 7 4 13 5 21 2 28 0 27 16 23 18 24 11 8 10 29 1 31 15 30 14 17 6 19 22 
0 13
1 23
2 11
3 4
4 7
5 9
6 29
7 6
8 20
9 2
10 21
11 19
12 5
13 8
14 27
15 25
16 15
17 28
18 17
19 30
20 1
21 10
22 31
23 16
24 18
25 0
26 3
27 14
28 12
29 22
30 26
31 24
SIMILAR

13 28 16 18 11 22 21 0 5 1 3 24 9 30 31 27 26 8 6 23 12 29 7 2 25 15 20 4 19 17 10 14 
0 7
1 9
2 23
3 10
4 27
5 8
6 18
7 22
8 17
9 12
10 30
11 4
12 20
13 0
14 31
15 25
16 2
17 29
18 3
19 28
20 26
21 6
22 5
23 19
24 11
25 24
26 16
27 15
28 1
29 21
30 13
31 14
SIMILAR

0 12 5 16 26 9 19 10 13 28 22 4 15 14 2 1 18 23 29 17 7 30 21 6 11 27 8 25 3 24 20 31 
0 0
1 15
2 14
3 28
4 11
5 2
6 23
7 20
8 26
9 5
10 7
11 24
12 1
13 8
14 13
15 12
16 3
17 19
18 16
19 6
20 30
21 22
22 10
23 17
24 29
25 27
26 4
27 25
28 9
29 18
30 21
31 31
SIMILAR

23 7 16 26 14 11 24 18 1 19 15 17 29 8 28 13 0 20 4 27 2 5 3 10 21 31 22 30 25 12 6 9 
0 16
1 8
2 20
3 22
4 18
5 21
6 30
7 1
8 13
9 31
10 23
11 5
12 29
13 15
14 4
15 10
16 2
17 11
18 7
19 9
20 17
21 24
22 26
23 0
24 6
25 28
26 3
27 19
28 14
29 12
30 27
31 25
SIMILAR

14 23 31 19 17 28 20 8 16 25 22 10 9 6 24 21 2 12 18 30 29 26 13 15 0 27 7 5 4 3 11 1 
0 24
1 31
2 16
3 29
4 28
5 27
6 13
7 26
8 7
9 12
10 11
11 30
12 17
13 22
14 0
15 23
16 8
17 4
18 18
19 3
20 6
21 15
22 10
23 1
24 14
25 9
26 21
27 25
28 5
29 20
30 19
31 2
SIMILAR

9 29 28 20 21 24 1 16 4 18 3 10 14 17 0 19 5 31 8 27 2 6 23 30 12 7 25 15 11 13 22 26 
0 14
1 6
2 20
3 10
4 8
5 16
6 21
7 25
8 18
9 0
10 11
11 28
12 24
13 29
14 12
15 27
16 7
17 13
18 9
19 15
20 3
21 4
22 30
23 22
24 5
25 26
26 31
27 19
28 2
29 1
30 23
31 17
SIMILAR

16 27 6 17 15 26 18 13 23 22 8 14 9 31 3 24 4 12 10 2 19 21 28 20 29 30 7 5 0 11 25 1 
0 28
1 31
2 19
3 14
4 16
5 27
6 2
7 26
8 10
9 12
10 18
11 29
12 17
13 7
14 11
15 4
16 0
17 3
18 6
19 20
20 23
21 21
22 9
23 8
24 15
25 30
26 5
27 1
28 22
29 24
30 25
31 13
SIMILAR

13 4 8 19 15 11 25 28 29 31 3 1 10 7 23 22 20 26 2 27 0 6 9 16 18 12 5 21 14 17 30 24 
0 20
1 11
2 18
3 10
4 1
5 26
6 21
7 13
8 2
9 22
10 12
11 5
12 25
13 0
14 28
15 4
16 23
17 29
18 24
19 3
20 16
21 27
22 15
23 14
24 31
25 6
26 17
27 19
28 7
29 8
30 30
31 9
SIMILAR

2 22 26 10 23 21 25 11 4 29 16 20 13 17 31 24 5 14 9 12 28 15 8 19 0 6 3 18 7 1 27 30 
0 24
1 29
2 0
3 26
4 8
5 16
6 25
7 28
8 22
9 18
10 3
11 7
12 19
13 12
14 17
15 21
16 10
17 13
18 27
19 23
20 11
21 5
22 1
23 4
24 15
25 6
26 2
27 30
28 20
29 9
30 31
31 14
SIMILAR

10 21 22 27 23 18 3 24 11 9 7 0 5 4 17 8 31 20 12 30 1 2 14 15 19 16 26 13 29 6 28 25 
0 11
1 20
2 21
3 6
4 13
5 12
6 29
7 10
8 15
9 9
10 0
11 8
12 18
13 27
14 22
15 23
16 25
17 14
18 5
19 24
20 17
21 1
22 2
23 4
24 7
25 31
26 26
27 3
28 30
29 28
30 19
31 16
SIMILAR

20 11 7 24 6 4 8 17 28 15 18 31 25 10 14 3 22 12 27 30 1 13 9 0 21 23 16 26 19 5 29 2 
0 23
1 20
2 31
3 15
4 5
5 29
6 4
7 2
8 6
9 22
10 13
11 1
12 17
13 21
14 14
15 9
16 26
17 7
18 10
19 28
20 0
21 24
22 16
23 25
24 3
25 12
26 27
27 18
28 8
29 30
30 19
31 11
SIMILAR

13 10 11 14 15 31 6 29 26 27 9 24 4 16 20 25 18 21 22 1 8 12 3 28 17 19 7 23 30 0 2 5 
0 29
1 19
2 30
3 22
4 12
5 31
6 6
7 26
8 20
9 10
10 1
11 2
12 21
13 0
14 3
15 4
16 13
17 24
18 16
19 25
20 14
21 17
22 18
23 27
24 11
25 15
26 8
27 9
28 23
29 7
30 28
31 5
SIMILAR

31 30 17 7 9 10 18 2 26 25 28 12 24 3 22 8 29 6 5 19 14 27 11 20 23 21 15 1 4 0 16 13 
0 29
1 27
2 7
3 13
4 28
5 18
6 17
7 3
8 15
9 4
10 5
11 22
12 11
13 31
14 20
15 26
16 30
17 2
18 6
19 19
20 23
21 25
22 14
23 24
24 12
25 9
26 8
27 21
28 10
29 16
30 1
31 0
SIMILAR

20 26 3 1 23 31 25 27 10 16 22 17 28 29 2 21 14 12 9 19 11 8 13 15 4 24 5 6 7 30 0 18 
0 30
1 3
2 14
3 2
4 24
5 26
6 27
7 28
8 21
9 18
10 8
11 20
12 17
13 22
14 16
15 23
16 9
17 11
18 31
19 19
20 0
21 15
22 10
23 4
24 25
25 6
26 1
27 7
28 12
29 13
30 29
31 5
SIMILAR

23 28 12 16 24 18 26 4 14 10 8 3 31 20 6 13 9 0 11 21 30 27 5 25 19 29 22 7 15 1 2 17 
0 17
1 29
2 30
3 11
4 7
5 22
6 14
7 27
8 10
9 16
10 9
11 18
12 2
13 15
14 8
15 28
16 3
17 31
18 5
19 24
20 13
21 19
22 26
23 0
24 4
25 23
26 6
27 21
28 1
29 25
30 20
31 12
SIMILAR

15 12 4 14 11 27 1 7 6 2 25 18 10 0 30 16 19 29 24 8 13 5 17 28 9 31 20 3 22 26 21 23 
0 13
1 6
2 9
3 27
4 2
5 21
6 8
7 7
8 19
9 24
10 12
11 4
12 1
13 20
14 3
15 0
16 15
17 22
18 11
19 16
20 26
21 30
22 28
23 31
24 18
25 10
26 29
27 5
28 23
29 17
30 14
31 25
SIMILAR

4 27 28 7 3 23 17 22 30 5 0 13 14 6 25 24 31 9 29 15 10 1 21 8 12 18 19 26 11 16 2 20 
0 10
1 21
2 30
3 4
4 0
5 9
6 13
7 3
8 23
9 17
10 20
11 28
12 24
13 11
14 12
15 19
16 29
17 6
18 25
19 26
20 31
21 22
22 7
23 5
24 15
25 14
26 27
27 1
28 2
29 18
30 8
31 16
SIMILAR

18 29 13 5 8 25 4 26 7 1 19 16 28 20 22 15 21 12 31 27 6 2 24 0 9 14 17 3 10 23 11 30 
0 23
1 9
2 21
3 27
4 6
5 3
6 20
7 8
8 4
9 24
10 28
11 30
12 17
13 2
14 25
15 15
16 11
17 26
18 0
19 10
20 13
21 16
22 14
23 29
24 22
25 5
26 7
27 19
28 12
29 1
30 31
31 18
SIMILAR

21 1 20 18 3 27 8 4 22 2 5 6 26 30 29 12 28 0 31 14 16 7 23 24 9 19 15 10 17 25 11 13 
0 17
1 1
2 9
3 4
4 7
5 10
6 11
7 21
8 6
9 24
10 27
11 30
12 15
13 31
14 19
15 26
16 20
17 28
18 3
19 25
20 2
21 0
22 8
23 22
24 23
25 29
26 12
27 5
28 16
29 14
30 13
31 18
SIMILAR

18 10 21 20 17 8 26 22 30 2 0 19 12 31 11 15 29 16 14 23 28 24 27 6 3 25 7 4 13 1 5 9 
0 10
1 29
2 9
3 24
4 27
5 30
6 23
7 26
8 5
9 31
10 1
11 14
12 12
13 28
14 18
15 15
16 17
17 4
18 0
19 11
20 3
21 2
22 7
23 19
24 21
25 25
26 6
27 22
28 20
29 16
30 8
31 13
SIMILAR

31 15 12 16 14 2 6 25 8 13 9 21 23 26 28 22 3 19 4 10 17 20 0 18 11 24 5 29 1 27 7 30 
0 22
1 28
2 5
3 16
4 18
5 26
6 6
7 30
8 8
9 10
10 19
11 24
12 2
13 9
14 4
15 1
16 3
17 20
18 23
19 17
20 21
21 11
22 15
23 12
24 25
25 7
26 13
27 29
28 14
29 27
30 31
31 0
SIMILAR

6 3 11 7 25 31 16 12 0 2 4 27 22 5 24 13 21 23 29 15 28 14 20 9 10 19 1 26 17 8 18 30 
0 8
1 26
2 9
3 1
4 10
5 13
6 0
7 3
8 29
9 23
10 24
11 2
12 7
13 15
14 21
15 19
16 6
17 28
18 30
19 25
20 22
21 16
22 12
23 17
24 14
25 4
26 27
27 11
28 20
29 18
30 31
31 5
SIMILAR

2 5 8 12 23 9 16 26 18 17 28 13 3 7 15 19 1 24 27 10 11 6 30 22 14 0 29 31 25 4 21 20 
0 25
1 16
2 0
3 12
4 29
5 1
6 21
7 13
8 2
9 5
10 19
11 20
12 3
13 11
14 24
15 14
16 6
17 9
18 8
19 15
20 31
21 30
22 23
23 4
24 17
25 28
26 7
27 18
28 10
29 26
30 22
31 27
SIMILAR

10 0 27 29 15 3 17 11 12 21 6 30 1 19 2 7 31 28 13 23 22 4 25 16 5 26 20 9 8 24 18 14 
0 1
1 12
2 14
3 5
4 21
5 24
6 10
7 15
8 28
9 27
10 0
11 7
12 8
13 18
14 31
15 4
16 23
17 6
18 30
19 13
20 26
21 9
22 20
23 19
24 29
25 22
26 25
27 2
28 17
29 3
30 11
31 16
SIMILAR

23 15 25 13 14 17 1 22 19 4 20 6 21 28 2 16 24 0 31 27 9 8 29 18 10 7 30 26 3 5 12 11 
0 17
1 6
2 14
3 28
4 9
5 29
6 11
7 25
8 21
9 20
10 24
11 31
12 30
13 3
14 4
15 1
16 15
17 5
18 23
19 8
20 10
21 12
22 7
23 0
24 16
25 2
26 27
27 19
28 13
29 22
30 26
31 18
SIMILAR

16 27 1 26 12 10 29 14 3 7 18 15 30 20 8 4 2 11 13 23 5 0 24 9 28 31 17 6 21 19 22 25 
0 21
1 2
2 16
3 8
4 15
5 20
6 27
7 9
8 14
9 23
10 5
11 17
12 4
13 18
14 7
15 11
16 0
17 26
18 10
19 29
20 13
21 28
22 30
23 19
24 22
25 31
26 3
27 1
28 24
29 6
30 12
31 25
SIMILAR

27 16 2 17 15 18 31 20 26 14 24 28 12 8 23 22 1 9 25 29 3 30 4 10 5 21 0 11 6 7 13 19 
0 26
1 16
2 2
3 20
4 22
5 24
6 28
7 29
8 13
9 17
10 23
11 27
12 12
13 30
14 9
15 4
16 1
17 3
18 5
19 31
20 7
21 25
22 15
23 14
24 10
25 18
26 8
27 0
28 11
29 19
30 21
31 6
SIMILAR

21 30 18 14 6 26 16 8 25 24 3 5 4 17 0 9 2 7 28 27 15 10 23 12 20 1 19 22 11 29 31 13 
0 14
1 25
2 16
3 10
4 12
5 11
6 4
7 17
8 7
9 15
10 21
11 28
12 23
13 31
14 3
15 20
16 6
17 13
18 2
19 26
20 24
21 0
22 27
23 22
24 9
25 8
26 5
27 19
28 18
29 29
30 1
31 30
SIMILAR

4 17 30 8 2 28 22 7 6 29 19 26 20 21 23 10 14 11 24 5 31 15 13 25 16 0 27 18 9 3 12 1 
0 25
1 31
2 4
3 29
4 0
5 19
6 8
7 7
8 3
9 28
10 15
11 17
12 30
13 22
14 16
15 21
16 24
17 1
18 27
19 10
20 12
21 13
22 6
23 14
24 18
25 23
26 11
27 26
28 5
29 9
30 2
31 20
SIMILAR

9 16 26 5 10 11 27 6 1 4 12 25 15 14 31 30 3 19 13 7 8 23 0 17 20 21 28 24 22 29 2 18 
0 22
1 8
2 30
3 16
4 9
5 3
6 7
7 19
8 20
9 0
10 4
11 5
12 10
13 18
14 13
15 12
16 1
17 23
18 31
19 17
20 24
21 25
22 28
23 21
24 27
25 11
26 2
27 6
28 26
29 29
30 15
31 14
SIMILAR

5 31 11 29 23 4 18 16 9 21 10 27 14 1 22 30 8 0 17 26 24 7 15 28 6 2 3 20 19 25 13 12 
0 17
1 13
2 25
3 26
4 5
5 0
6 24
7 21
8 16
9 8
10 10
11 2
12 31
13 30
14 12
15 22
16 7
17 18
18 6
19 28
20 27
21 9
22 14
23 4
24 20
25 29
26 19
27 11
28 23
29 3
30 15
31 1
SIMILAR

5 3 16 29 7 15 18 19 14 25 26 0 30 4 9 27 12 6 22 23 1 31 11 28 24 13 17 2 20 8 21 10 
0 11
1 20
2 27
3 1
4 13
5 0
6 17
7 4
8 29
9 14
10 31
11 22
12 16
13 25
14 8
15 5
16 2
17 26
18 6
19 7
20 28
21 30
22 18
23 19
24 24
25 9
26 10
27 15
28 23
29 3
30 12
31 21
SIMILAR

2 7 9 8 22 6 10 31 14 30 5 12 18 19 28 27 15 20 29 25 3 13 26 21 24 17 0 1 16 11 4 23 
0 26
1 27
2 0
3 20
4 30
5 10
6 5
7 1
8 3
9 2
10 6
11 29
12 11
13 21
14 8
15 16
16 28
17 25
18 12
19 13
20 17
21 23
22 4
23 31
24 24
25 19
26 22
27 15
28 14
29 18
30 9
31 7
SIMILAR

20 11 22 12 19 13 29 4 25 0 26 16 1 24 10 3 23 15 2 8 14 5 9 28 7 31 17 30 18 21 27 6 
0 9
1 12
2 18
3 15
4 7
5 21
6 31
7 24
8 19
9 22
10 14
11 1
12 3
13 5
14 20
15 17
16 11
17 26
18 28
19 4
20 0
21 29
22 2
23 16
24 13
25 8
26 10
27 30
28 23
29 6
30 27
31 25
SIMILAR

31 23 14 28 11 5 2 21 30 7 10 18 17 24 6 16 0 20 15 19 9 3 29 1 25 22 4 13 8 27 26 12 
0 16
1 23
2 6
3 21
4 26
5 5
6 14
7 9
8 28
9 20
10 10
11 4
12 31
13 27
14 2
15 18
16 15
17 12
18 11
19 19
20 17
21 7
22 25
23 1
24 13
25 24
26 30
27 29
28 3
29 22
30 8
31 0
SIMILAR

20 15 12 22 21 27 9 6 13 25 11 14 2 1 8 0 19 17 24 10 7 23 31 18 26 30 4 16 29 3 5 28 
0 15
1 13
2 12
3 29
4 26
5 30
6 7
7 20
8 14
9 6
10 19
11 10
12 2
13 8
14 11
15 1
16 27
17 17
18 23
19 16
20 0
21 4
22 3
23 21
24 18
25 9
26 24
27 5
28 31
29 28
30 25
31 22
SIMILAR

13 12 21 27 8 7 19 2 29 3 26 5 25 31 14 0 17 10 20 15 18 9 30 23 22 11 1 28 16 4 24 6 
0 15
1 26
2 7
3 9
4 29
5 11
6 31
7 5
8 4
9 21
10 17
11 25
12 1
13 0
14 14
15 19
16 28
17 16
18 20
19 6
20 18
21 2
22 24
23 23
24 30
25 12
26 10
27 3
28 27
29 8
30 22
31 13
SIMILAR

7 10 15 27 4 30 17 0 26 16 31 19 12 8 24 2 23 28 18 6 1 5 13 9 25 3 21 22 29 14 11 20 
0 7
1 20
2 15
3 25
4 4
5 21
6 19
7 0
8 13
9 23
10 1
11 30
12 12
13 22
14 29
15 2
16 9
17 6
18 18
19 11
20 31
21 26
22 27
23 16
24 14
25 24
26 8
27 3
28 17
29 28
30 5
31 10
SIMILAR

23 2 25 30 18 20 12 28 7 26 22 24 5 11 17 6 27 14 31 29 16 19 21 1 4 15 10 13 0 8 3 9 
0 28
1 23
2 1
3 30
4 24
5 12
6 15
7 8
8 29
9 31
10 26
11 13
12 6
13 27
14 17
15 25
16 20
17 14
18 4
19 21
20 5
21 22
22 10
23 0
24 11
25 2
26 9
27 16
28 7
29 19
30 3
31 18
SIMILAR

18 21 26 27 11 17 23 6 5 7 13 30 20 16 4 14 10 25 12 2 8 29 15 19 28 0 31 9 3 24 22 1 
0 25
1 31
2 19
3 28
4 14
5 8
6 7
7 9
8 20
9 27
10 16
11 4
12 18
13 10
14 15
15 22
16 13
17 5
18 0
19 23
20 12
21 1
22 30
23 6
24 29
25 17
26 2
27 3
28 24
29 21
30 11
31 26
SIMILAR

5 8 29 21 15 1 14 19 6 23 4 11 17 3 12 7 13 9 28 20 27 18 2 25 31 16 30 24 10 26 22 0 
0 31
1 5
2 22
3 13
4 10
5 0
6 8
7 15
8 1
9 17
10 28
11 11
12 14
13 16
14 6
15 4
16 25
17 12
18 21
19 7
20 19
21 3
22 30
23 9
24 27
25 23
26 29
27 20
28 18
29 2
30 26
31 24
SIMILAR

6 16 22 24 27 10 5 26 8 7 21 25 28 15 4 29 19 11 31 20 3 23 1 13 12 9 14 2 18 0 30 17 
0 29
1 22
2 27
3 20
4 14
5 6
6 0
7 9
8 8
9 25
10 5
11 17
12 24
13 23
14 26
15 13
16 1
17 31
18 28
19 16
20 19
21 10
22 2
23 21
24 3
25 11
26 7
27 4
28 12
29 15
30 30
31 18
SIMILAR

24 21 6 8 3 28 13 14 7 0 22 29 18 16 19 11 23 31 2 26 30 12 9 15 25 17 27 10 4 5 20 1 
0 9
1 31
2 18
3 4
4 28
5 29
6 2
7 8
8 3
9 22
10 27
11 15
12 21
13 6
14 7
15 23
16 13
17 25
18 12
19 14
20 30
21 1
22 10
23 16
24 0
25 24
26 19
27 26
28 5
29 11
30 20
31 17
SIMILAR

18 22 9 8 11 6 12 19 4 31 25 7 15 13 5 1 3 24 14 30 28 10 0 17 20 2 16 26 21 27 29 23 
0 22
1 15
2 25
3 16
4 8
5 14
6 5
7 11
8 3
9 2
10 21
11 4
12 6
13 13
14 18
15 12
16 26
17 23
18 0
19 7
20 24
21 28
22 1
23 31
24 17
25 10
26 27
27 29
28 20
29 30
30 19
31 9
SIMILAR

15 4 11 19 17 23 9 29 2 31 16 26 10 24 28 21 25 0 13 1 7 8 14 12 3 18 5 22 27 20 30 6 
0 17
1 19
2 8
3 24
4 1
5 26
6 31
7 20
8 21
9 6
10 12
11 2
12 23
13 18
14 22
15 0
16 10
17 4
18 25
19 3
20 29
21 15
22 27
23 5
24 13
25 16
26 11
27 28
28 14
29 7
30 30
31 9
SIMILAR

10 26 23 19 15 27 7 22 9 13 17 18 3 8 5 28 12 11 29 30 2 4 31 16 24 20 25 21 6 1 14 0 
0 31
1 29
2 20
3 12
4 21
5 14
6 28
7 6
8 13
9 8
10 0
11 17
12 16
13 9
14 30
15 4
16 23
17 10
18 11
19 3
20 25
21 27
22 7
23 2
24 24
25 26
26 1
27 5
28 15
29 18
30 19
31 22
SIMILAR

12 31 27 20 17 10 19 6 29 21 18 14 30 7 2 28 13 24 8 3 0 4 11 5 9 1 16 23 26 25 22 15 
0 20
1 25
2 14
3 19
4 21
5 23
6 7
7 13
8 18
9 24
10 5
11 22
12 0
13 16
14 11
15 31
16 26
17 4
18 10
19 6
20 3
21 9
22 30
23 27
24 17
25 29
26 28
27 2
28 15
29 8
30 12
31 1
SIMILAR

22 25 15 21 14 23 29 19 31 24 18 28 2 3 6 8 26 12 11 16 20 30 27 17 10 5 13 1 4 9 0 7 
0 30
1 27
2 12
3 13
4 28
5 25
6 14
7 31
8 15
9 29
10 24
11 18
12 17
13 26
14 4
15 2
16 19
17 23
18 10
19 7
20 20
21 3
22 0
23 5
24 9
25 1
26 16
27 22
28 11
29 6
30 21
31 8
SIMILAR

10 30 11 17 6 27 31 22 14 2 21 8 18 5 19 24 16 4 15 13 28 7 26 25 20 0 23 9 3 12 1 29 
0 25
1 30
2 9
3 28
4 17
5 13
6 4
7 21
8 11
9 27
10 0
11 2
12 29
13 19
14 8
15 18
16 16
17 3
18 12
19 14
20 24
21 10
22 7
23 26
24 15
25 23
26 22
27 5
28 20
29 31
30 1
31 6
SIMILAR

7 20 29 26 28 6 27 2 25 5 30 13 9 14 11 10 8 15 17 0 19 16 21 1 4 18 22 3 31 24 12 23 
0 19
1 23
2 7
3 27
4 24
5 9
6 5
7 0
8 16
9 12
10 15
11 14
12 30
13 11
14 13
15 17
16 21
17 18
18 25
19 20
20 1
21 22
22 26
23 31
24 29
25 8
26 3
27 6
28 4
29 2
30 10
31 28
SIMILAR

12 30 5 7 17 24 4 18 26 15 22 8 21 2 11 23 25 1 13 0 9 14 28 10 20 16 3 29 31 6 27 19 
0 19
1 17
2 13
3 26
4 6
5 2
6 29
7 3
8 11
9 20
10 23
11 14
12 0
13 18
14 21
15 9
16 25
17 4
18 7
19 31
20 24
21 12
22 10
23 15
24 5
25 16
26 8
27 30
28 22
29 27
30 1
31 28
SIMILAR

0 23 1 24 5 9 12 27 22 20 18 31 15 13 11 8 26 7 2 19 17 25 10 4 14 3 30 21 28 6 16 29 
0 0
1 2
2 18
3 25
4 23
5 4
6 29
7 17
8 15
9 5
10 22
11 14
12 6
13 13
14 24
15 12
16 30
17 20
18 10
19 19
20 9
21 27
22 8
23 1
24 3
25 21
26 16
27 7
28 28
29 31
30 26
31 11
SIMILAR

5 2 0 20 12 23 18 21 19 3 31 1 22 14 10 25 29 17 27 6 16 7 24 11 30 4 28 13 8 9 26 15 
0 2
1 11
2 1
3 9
4 25
5 0
6 19
7 21
8 28
9 29
10 14
11 23
12 4
13 27
14 13
15 31
16 20
17 17
18 6
19 8
20 3
21 7
22 12
23 5
24 22
25 15
26 30
27 18
28 26
29 16
30 24
31 10
SIMILAR

24 4 15 9 7 5 20 13 1 18 26 28 14 2 21 16 27 22 29 23 30 11 8 3 31 25 10 0 17 12 19 6 
0 27
1 8
2 13
3 23
4 1
5 5
6 31
7 4
8 22
9 3
10 26
11 21
12 29
13 7
14 12
15 2
16 15
17 28
18 9
19 30
20 6
21 14
22 17
23 19
24 0
25 25
26 10
27 16
28 11
29 18
30 20
31 24
SIMILAR

26 6 27 28 12 5 13 8 7 29 20 18 24 17 9 23 2 16 30 19 31 15 4 14 1 3 21 25 11 22 0 10 
0 30
1 24
2 16
3 25
4 22
5 5
6 1
7 8
8 7
9 14
10 31
11 28
12 4
13 6
14 23
15 21
16 17
17 13
18 11
19 19
20 10
21 26
22 29
23 15
24 12
25 27
26 0
27 2
28 3
29 9
30 18
31 20
SIMILAR

23 10 3 5 8 0 28 26 21 18 2 24 31 13 9 1 27 6 7 30 11 25 17 14 20 4 16 22 15 19 29 12 
0 5
1 15
2 10
3 2
4 25
5 3
6 17
7 18
8 4
9 14
10 1
11 20
12 31
13 13
14 23
15 28
16 26
17 22
18 9
19 29
20 24
21 8
22 27
23 0
24 11
25 21
26 7
27 16
28 6
29 30
30 19
31 12
SIMILAR

1 15 21 23 16 19 25 7 18 6 5 3 26 28 31 22 14 17 2 9 10 24 29 4 27 30 13 12 8 0 11 20 
0 29
1 0
2 18
3 11
4 23
5 10
6 9
7 7
8 28
9 19
10 20
11 30
12 27
13 26
14 16
15 1
16 4
17 17
18 8
19 5
20 31
21 2
22 15
23 3
24 21
25 6
26 12
27 24
28 13
29 22
30 25
31 14
SIMILAR

24 19 10 3 4 30 31 22 5 13 14 18 16 23 12 26 29 25 21 20 6 7 1 17 27 2 15 0 11 9 28 8 
0 27
1 22
2 25
3 3
4 4
5 8
6 20
7 21
8 31
9 29
10 2
11 28
12 14
13 9
14 10
15 26
16 12
17 23
18 11
19 1
20 19
21 18
22 7
23 13
24 0
25 17
26 15
27 24
28 30
29 16
30 5
31 6
SIMILAR

30 11 12 23 31 5 2 26 20 29 22 1 18 8 19 6 16 25 3 10 0 9 13 14 21 28 24 27 15 7 4 17 
0 20
1 11
2 6
3 18
4 30
5 5
6 15
7 29
8 13
9 21
10 19
11 1
12 2
13 22
14 23
15 28
16 16
17 31
18 12
19 14
20 8
21 24
22 10
23 3
24 26
25 17
26 7
27 27
28 25
29 9
30 0
31 4
SIMILAR

3 31 8 13 27 6 26 19 14 20 24 4 12 2 18 29 28 1 23 11 7 25 30 5 21 17 16 9 10 0 15 22 
0 29
1 17
2 13
3 0
4 11
5 23
6 5
7 20
8 2
9 27
10 28
11 19
12 12
13 3
14 8
15 30
16 26
17 25
18 14
19 7
20 9
21 24
22 31
23 18
24 10
25 21
26 6
27 4
28 16
29 15
30 22
31 1
SIMILAR

12 15 20 16 8 18 17 29 24 25 2 7 0 26 3 14 13 28 6 5 30 19 27 22 11 1 4 31 23 10 9 21 
0 12
1 25
2 10
3 14
4 26
5 19
6 18
7 11
8 4
9 30
10 29
11 24
12 0
13 16
14 15
15 1
16 3
17 6
18 5
19 21
20 2
21 31
22 23
23 28
24 8
25 9
26 13
27 22
28 17
29 7
30 20
31 27
SIMILAR

19 3 30 17 27 14 23 10 9 22 1 16 15 4 7 8 21 11 28 2 0 20 6 5 12 29 13 24 25 18 31 26 
0 20
1 10
2 19
3 1
4 13
5 23
6 22
7 14
8 15
9 8
10 7
11 17
12 24
13 26
14 5
15 12
16 11
17 3
18 29
19 0
20 21
21 16
22 9
23 6
24 27
25 28
26 31
27 4
28 18
29 25
30 2
31 30
SIMILAR

26 16 18 2 10 4 19 11 7 22 28 12 14 3 23 17 0 30 21 1 8 15 9 25 29 31 27 6 24 13 5 20 
0 16
1 19
2 3
3 13
4 5
5 30
6 27
7 8
8 20
9 22
10 4
11 7
12 11
13 29
14 12
15 21
16 1
17 15
18 2
19 6
20 31
21 18
22 9
23 14
24 28
25 23
26 0
27 26
28 10
29 24
30 17
31 25
SIMILAR

31 12 28 8 3 18 2 20 14 11 9 26 30 10 21 0 22 17 23 24 5 19 7 27 15 6 16 29 25 4 13 1 
0 15
1 31
2 6
3 4
4 29
5 20
6 25
7 22
8 3
9 10
10 13
11 9
12 1
13 30
14 8
15 24
16 26
17 17
18 5
19 21
20 7
21 14
22 16
23 18
24 19
25 28
26 11
27 23
28 2
29 27
30 12
31 0
SIMILAR

15 16 23 28 26 5 12 10 6 17 14 27 3 2 20 4 24 21 22 19 25 30 18 13 0 9 1 31 11 8 7 29 
0 24
1 26
2 13
3 12
4 15
5 5
6 8
7 30
8 29
9 25
10 7
11 28
12 6
13 23
14 10
15 0
16 1
17 9
18 22
19 19
20 14
21 17
22 18
23 2
24 16
25 20
26 4
27 11
28 3
29 31
30 21
31 27
SIMILAR

19 10 5 7 4 0 22 11 15 21 9 18 13 12 3 28 8 16 2 26 25 31 20 1 27 24 30 23 29 14 17 6 
0 5
1 23
2 18
3 14
4 4
5 2
6 31
7 3
8 16
9 10
10 1
11 7
12 13
13 12
14 29
15 8
16 17
17 30
18 11
19 0
20 22
21 9
22 6
23 27
24 25
25 20
26 19
27 24
28 15
29 28
30 26
31 21
SIMILAR

12 16 20 21 7 26 6 29 28 11 17 22 24 14 27 3 4 15 31 9 10 5 18 8 1 30 19 2 0 25 13 23 
0 28
1 24
2 27
3 15
4 16
5 21
6 6
7 4
8 23
9 19
10 20
11 9
12 0
13 30
14 13
15 17
16 1
17 10
18 22
19 26
20 2
21 3
22 11
23 31
24 12
25 29
26 5
27 14
28 8
29 7
30 25
31 18
SIMILAR

7 29 15 11 6 10 13 12 3 1 0 14 31 9 24 23 26 21 16 8 2 19 30 18 20 22 27 28 17 25 5 4 
0 10
1 9
2 20
3 8
4 31
5 30
6 4
7 0
8 19
9 13
10 5
11 3
12 7
13 6
14 11
15 2
16 18
17 28
18 23
19 21
20 24
21 17
22 25
23 15
24 14
25 29
26 16
27 26
28 27
29 1
30 22
31 12
SIMILAR

19 9 8 24 18 5 29 27 13 23 21 17 25 30 31 28 15 1 7 6 14 0 11 12 20 4 22 26 10 16 3 2 
0 21
1 17
2 31
3 30
4 25
5 5
6 19
7 18
8 2
9 1
10 28
11 22
12 23
13 8
14 20
15 16
16 29
17 11
18 4
19 0
20 24
21 10
22 26
23 9
24 3
25 12
26 27
27 7
28 15
29 6
30 13
31 14
SIMILAR

2 10 29 31 13 23 26 25 19 30 3 24 0 6 14 7 18 5 17 12 11 22 21 15 16 8 4 28 20 9 27 1 
0 12
1 31
2 0
3 10
4 26
5 17
6 13
7 15
8 25
9 29
10 1
11 20
12 19
13 4
14 14
15 23
16 24
17 18
18 16
19 8
20 28
21 22
22 21
23 5
24 11
25 7
26 6
27 30
28 27
29 2
30 9
31 3
SIMILAR
100 0
4500 0
284500 0
