41
0 1 0 0 0 1 1 1 0 0 1 1 1 0 1 1 0 1 0 0 0 0 0 0 0 0 0 1 1 0 0 0 0 1 1 1 0 1 1 0 0 
1 0 0 1 0 1 1 0 0 1 0 1 1 1 1 0 1 1 0 1 1 1 1 0 1 0 0 1 1 1 0 0 1 0 0 1 1 1 0 1 1 
0 0 0 1 1 0 1 0 0 0 0 0 1 0 1 1 1 1 0 1 1 1 0 0 0 1 1 0 0 0 1 0 1 0 1 1 0 1 0 0 1 
0 1 1 0 1 1 1 0 1 1 1 1 0 1 0 1 0 0 1 1 0 0 0 1 1 1 0 0 0 1 1 1 1 1 0 1 1 1 0 1 1 
0 0 1 1 0 0 0 0 0 0 0 1 0 1 0 0 1 0 0 0 0 1 1 0 1 0 1 1 1 1 1 0 0 1 1 1 1 0 1 1 0 
1 1 0 1 0 0 0 1 0 0 0 0 1 1 1 0 1 0 0 0 0 0 0 1 0 1 1 1 1 1 1 0 1 1 1 1 0 1 1 1 0 
1 1 1 1 0 0 0 1 0 0 0 0 0 0 1 1 1 1 0 1 1 1 0 0 1 1 1 1 1 1 0 1 0 1 0 0 1 0 0 1 0 
1 0 0 0 0 1 1 0 1 1 0 0 0 0 0 1 1 1 0 1 1 0 0 0 1 0 0 1 0 1 0 0 0 1 0 1 0 1 0 0 0 
0 0 0 1 0 0 0 1 0 0 0 0 1 0 0 0 0 1 0 1 1 0 0 1 1 0 0 1 0 0 1 1 1 1 1 1 1 0 1 1 1 
0 1 0 1 0 0 0 1 0 0 1 1 0 0 1 1 1 1 0 1 0 1 1 0 0 0 0 0 0 1 0 0 0 1 0 0 1 1 0 1 0 
1 0 0 1 0 0 0 0 0 1 0 0 0 1 0 1 1 1 1 0 1 0 1 1 1 0 0 0 0 0 1 0 0 0 0 1 1 1 0 0 0 
1 1 0 1 1 0 0 0 0 1 0 0 0 1 0 0 0 0 1 1 1 0 0 0 0 0 1 1 0 0 1 0 1 1 1 1 0 0 1 0 0 
1 1 1 0 0 1 0 0 1 0 0 0 0 0 0 0 1 1 0 1 1 1 0 1 0 1 0 1 1 0 1 0 1 0 0 0 1 0 1 0 0 
0 1 0 1 1 1 0 0 0 0 1 1 0 0 1 0 1 0 1 0 1 0 1 1 1 0 1 1 0 0 1 1 0 1 0 1 0 1 1 0 0 
1 1 1 0 0 1 1 0 0 1 0 0 0 1 0 0 0 0 0 0 1 0 0 0 1 1 0 1 1 1 1 0 0 0 1 0 0 0 1 0 0 
1 0 1 1 0 0 1 1 0 1 1 0 0 0 0 0 0 0 0 0 0 0 1 1 1 1 1 0 0 1 0 1 1 0 0 0 1 1 0 1 0 
0 1 1 0 1 1 1 1 0 1 1 0 1 1 0 0 0 1 0 1 0 0 1 0 0 1 0 1 1 1 1 0 0 0 0 1 0 1 0 1 1 
1 1 1 0 0 0 1 1 1 1 1 0 1 0 0 0 1 0 0 0 1 1 1 0 0 1 1 1 1 0 1 1 0 0 0 0 1 0 1 0 0 
0 0 0 1 0 0 0 0 0 0 1 1 0 1 0 0 0 0 0 0 0 1 1 1 0 1 1 1 0 0 1 0 1 0 1 1 1 0 0 1 1 
0 1 1 1 0 0 1 1 1 1 0 1 1 0 0 0 1 0 0 0 0 0 1 0 1 1 0 0 0 0 1 1 1 1 1 0 1 0 0 1 1 
0 1 1 0 0 0 1 1 1 0 1 1 1 1 1 0 0 1 0 0 0 0 0 1 0 0 0 0 1 1 0 0 0 1 1 0 0 0 0 1 0 
0 1 1 0 1 0 1 0 0 1 0 0 1 0 0 0 0 1 1 0 0 0 0 1 1 1 0 0 1 0 0 0 0 0 0 0 1 1 0 0 1 
0 1 0 0 1 0 0 0 0 1 1 0 0 1 0 1 1 1 1 1 0 0 0 0 1 1 0 1 1 1 1 1 0 1 1 0 0 0 1 1 0 
0 0 0 1 0 1 0 0 1 0 1 0 1 1 0 1 0 0 1 0 1 1 0 0 1 1 1 1 0 0 1 1 1 1 1 0 1 1 0 0 0 
0 1 0 1 1 0 1 1 1 0 1 0 0 1 1 1 0 0 0 1 0 1 1 1 0 1 0 1 0 1 0 1 1 0 0 0 0 1 1 0 1 
0 0 1 1 0 1 1 0 0 0 0 0 1 0 1 1 1 1 1 1 0 1 1 1 1 0 0 1 0 0 0 1 0 0 0 0 1 1 1 0 1 
0 0 1 0 1 1 1 0 0 0 0 1 0 1 0 1 0 1 1 0 0 0 0 1 0 0 0 0 0 0 1 0 1 0 1 1 1 1 0 1 0 
1 1 0 0 1 1 1 1 1 0 0 1 1 1 1 0 1 1 1 0 0 0 1 1 1 1 0 0 0 0 1 0 0 1 0 1 0 1 0 0 0 
1 1 0 0 1 1 1 0 0 0 0 0 1 0 1 0 1 1 0 0 1 1 1 0 0 0 0 0 0 1 0 1 0 1 1 1 1 1 1 0 0 
0 1 0 1 1 1 1 1 0 1 0 0 0 0 1 1 1 0 0 0 1 0 1 0 1 0 0 0 1 0 1 1 0 0 1 1 1 1 1 0 0 
0 0 1 1 1 1 0 0 1 0 1 1 1 1 1 0 1 1 1 1 0 0 1 1 0 0 1 1 0 1 0 0 0 0 1 1 0 0 1 1 0 
0 0 0 1 0 0 1 0 1 0 0 0 0 1 0 1 0 1 0 1 0 0 1 1 1 1 0 0 1 1 0 0 0 0 1 1 1 0 0 0 1 
0 1 1 1 0 1 0 0 1 0 0 1 1 0 0 1 0 0 1 1 0 0 0 1 1 0 1 0 0 0 0 0 0 0 1 1 0 1 1 0 1 
1 0 0 1 1 1 1 1 1 1 0 1 0 1 0 0 0 0 0 1 1 0 1 1 0 0 0 1 1 0 0 0 0 0 0 0 0 1 0 1 0 
1 0 1 0 1 1 0 0 1 0 0 1 0 0 1 0 0 0 1 1 1 0 1 1 0 0 1 0 1 1 1 1 1 0 0 0 1 1 0 1 1 
1 1 1 1 1 1 0 1 1 0 1 1 0 1 0 0 1 0 1 0 0 0 0 0 0 0 1 1 1 1 1 1 1 0 0 0 1 0 1 1 0 
0 1 0 1 1 0 1 0 1 1 1 0 1 0 0 1 0 1 1 1 0 1 0 1 0 1 1 0 1 1 0 1 0 0 1 1 0 1 0 1 1 
1 1 1 1 0 1 0 1 0 1 1 0 0 1 0 1 1 0 0 0 0 1 0 1 1 1 1 1 1 1 0 0 1 1 1 0 1 0 0 0 0 
1 0 0 0 1 1 0 0 1 0 0 1 1 1 1 0 0 1 0 0 0 0 1 0 1 1 0 0 1 1 1 0 1 0 0 1 0 0 0 1 1 
0 1 0 1 1 1 1 0 1 1 0 0 0 0 0 1 1 0 1 1 1 0 1 0 0 0 1 0 0 0 1 0 0 1 1 1 1 0 1 0 0 
0 1 1 1 0 0 0 0 1 0 0 0 0 0 0 0 1 0 1 1 0 1 0 0 1 1 0 0 0 0 0 1 1 0 1 0 1 0 1 0 0 

14 37 13 3 4 0 39 33 35 8 20 25 30 36 2 1 9 31 17 11 23 12 18 40 19 34 27 6 5 32 10 16 15 7 24 21 38 26 29 22 28 
0 5
1 15
2 14
3 3
4 4
5 28
6 27
7 33
8 9
9 16
10 30
11 19
12 21
13 2
14 0
15 32
16 31
17 18
18 22
19 24
20 10
21 35
22 39
23 20
24 34
25 11
26 37
27 26
28 40
29 38
30 12
31 17
32 29
33 7
34 25
35 8
36 13
37 1
38 36
39 6
40 23
SIMILAR

36 34 15 5 29 39 23 30 14 28 1 3 19 31 17 20 25 7 27 2 35 16 8 21 12 18 4 9 32 33 22 11 40 37 38 24 26 0 6 13 10 
0 37
1 10
2 19
3 11
4 26
5 3
6 38
7 17
8 22
9 27
10 40
11 31
12 24
13 39
14 8
15 2
16 21
17 14
18 25
19 12
20 15
21 23
22 30
23 6
24 35
25 16
26 36
27 18
28 9
29 4
30 7
31 13
32 28
33 29
34 1
35 20
36 0
37 33
38 34
39 5
40 32
SIMILAR

6 31 40 4 17 35 28 9 22 23 21 30 12 16 14 11 26 15 32 24 39 2 0 34 25 20 29 5 7 13 38 36 8 19 37 10 3 33 1 18 27 
0 22
1 38
2 21
3 36
4 3
5 27
6 0
7 28
8 32
9 7
10 35
11 15
12 12
13 29
14 14
15 17
16 13
17 4
18 39
19 33
20 25
21 10
22 8
23 9
24 19
25 24
26 16
27 40
28 6
29 26
30 11
31 1
32 18
33 37
34 23
35 5
36 31
37 34
38 30
39 20
40 2
SIMILAR

14 28 33 30 7 31 23 35 2 4 32 6 11 21 29 0 19 16 8 5 24 10 27 25 22 17 15 26 1 38 20 9 34 36 13 18 12 40 37 3 39 
0 15
1 28
2 8
3 39
4 9
5 19
6 11
7 4
8 18
9 31
10 21
11 12
12 36
13 34
14 0
15 26
16 17
17 25
18 35
19 16
20 30
21 13
22 24
23 6
24 20
25 23
26 27
27 22
28 1
29 14
30 3
31 5
32 10
33 2
34 32
35 7
36 33
37 38
38 29
39 40
40 37
SIMILAR

37 6 35 32 1 19 14 29 0 17 30 28 2 33 23 40 22 3 39 11 7 13 27 31 9 18 10 4 38 15 12 34 36 8 24 5 21 20 25 26 16 
0 8
1 4
2 12
3 17
4 27
5 35
6 1
7 20
8 33
9 24
10 26
11 19
12 30
13 21
14 6
15 29
16 40
17 9
18 25
19 5
20 37
21 36
22 16
23 14
24 34
25 38
26 39
27 22
28 11
29 7
30 10
31 23
32 3
33 13
34 31
35 2
36 32
37 0
38 28
39 18
40 15
SIMILAR

36 21 20 28 30 13 4 5 24 25 15 18 17 35 26 6 1 10 14 3 9 8 19 23 38 12 16 31 37 27 32 40 11 29 34 22 7 39 2 0 33 
0 39
1 16
2 38
3 19
4 6
5 7
6 15
7 36
8 21
9 20
10 17
11 32
12 25
13 5
14 18
15 10
16 26
17 12
18 11
19 22
20 2
21 1
22 35
23 23
24 8
25 9
26 14
27 29
28 3
29 33
30 4
31 27
32 30
33 40
34 34
35 13
36 0
37 28
38 24
39 37
40 31
SIMILAR

20 1 2 9 7 19 30 27 25 28 29 37 35 26 17 4 21 12 13 3 34 5 18 15 31 0 14 36 24 11 38 8 32 6 16 33 40 22 10 39 23 
0 25
1 1
2 2
3 19
4 15
5 21
6 33
7 4
8 31
9 3
10 38
11 29
12 17
13 18
14 26
15 23
16 34
17 14
18 22
19 5
20 0
21 16
22 37
23 40
24 28
25 8
26 13
27 7
28 9
29 10
30 6
31 24
32 32
33 35
34 20
35 12
36 27
37 11
38 30
39 39
40 36
SIMILAR

16 21 12 4 15 23 3 18 20 33 26 31 34 40 19 27 8 5 7 0 14 13 35 10 36 25 22 9 29 32 37 39 38 17 1 28 24 2 30 11 6 
0 19
1 34
2 37
3 6
4 3
5 17
6 40
7 18
8 16
9 27
10 23
11 39
12 2
13 21
14 20
15 4
16 0
17 33
18 7
19 14
20 8
21 1
22 26
23 5
24 36
25 25
26 10
27 15
28 35
29 28
30 38
31 11
32 29
33 9
34 12
35 22
36 24
37 30
38 32
39 31
40 13
SIMILAR

24 14 12 33 34 27 11 5 2 29 28 39 21 17 25 4 7 40 0 23 3 22 9 15 18 20 13 16 6 31 10 35 19 1 36 8 26 30 38 37 32 
0 18
1 33
2 8
3 20
4 15
5 7
6 28
7 16
8 35
9 22
10 30
11 6
12 2
13 26
14 1
15 23
16 27
17 13
18 24
19 32
20 25
21 12
22 21
23 19
24 0
25 14
26 36
27 5
28 10
29 9
30 37
31 29
32 40
33 3
34 4
35 31
36 34
37 39
38 38
39 11
40 17
SIMILAR

34 16 36 1 7 40 12 20 33 6 15 37 8 13 24 35 31 29 26 18 25 14 19 17 4 10 3 2 5 38 21 30 0 32 39 22 27 23 28 11 9 
0 32
1 3
2 27
3 26
4 24
5 28
6 9
7 4
8 12
9 40
10 25
11 39
12 6
13 13
14 21
15 10
16 1
17 23
18 19
19 22
20 7
21 30
22 35
23 37
24 14
25 20
26 18
27 36
28 38
29 17
30 31
31 16
32 33
33 8
34 0
35 15
36 2
37 11
38 29
39 34
40 5
SIMILAR

9 6 37 38 31 0 15 30 11 29 4 23 25 34 7 28 20 19 14 13 24 26 16 8 12 36 5 27 10 22 39 3 32 1 21 17 33 40 35 2 18 
0 5
1 33
2 39
3 31
4 10
5 26
6 1
7 14
8 23
9 0
10 28
11 8
12 24
13 19
14 18
15 6
16 22
17 35
18 40
19 17
20 16
21 34
22 29
23 11
24 20
25 12
26 21
27 27
28 15
29 9
30 7
31 4
32 32
33 36
34 13
35 38
36 25
37 2
38 3
39 30
40 37
SIMILAR

32 40 35 36 3 15 11 10 25 5 28 1 9 29 39 24 18 23 33 17 13 20 37 12 7 19 26 8 22 2 21 34 0 6 38 30 31 16 27 4 14 
0 32
1 11
2 29
3 4
4 39
5 9
6 33
7 24
8 27
9 12
10 7
11 6
12 23
13 20
14 40
15 5
16 37
17 19
18 16
19 25
20 21
21 30
22 28
23 17
24 15
25 8
26 26
27 38
28 10
29 13
30 35
31 36
32 0
33 18
34 31
35 2
36 3
37 22
38 34
39 14
40 1
SIMILAR

33 31 18 1 14 30 37 36 22 9 32 7 0 4 15 40 38 6 25 19 35 16 11 23 34 39 24 8 10 5 21 12 17 29 28 27 20 26 13 2 3 
0 12
1 3
2 39
3 40
4 13
5 29
6 17
7 11
8 27
9 9
10 28
11 22
12 31
13 38
14 4
15 14
16 21
17 32
18 2
19 19
20 36
21 30
22 8
23 23
24 26
25 18
26 37
27 35
28 34
29 33
30 5
31 1
32 10
33 0
34 24
35 20
36 7
37 6
38 16
39 25
40 15
SIMILAR

31 30 34 4 29 27 14 1 21 0 6 18 25 11 5 26 35 7 9 32 2 19 39 12 23 33 24 10 15 20 28 17 36 3 8 38 16 22 13 37 40 
0 9
1 7
2 20
3 33
4 3
5 14
6 10
7 17
8 34
9 18
10 27
11 13
12 23
13 38
14 6
15 28
16 36
17 31
18 11
19 21
20 29
21 8
22 37
23 24
24 26
25 12
26 15
27 5
28 30
29 4
30 1
31 0
32 19
33 25
34 2
35 16
36 32
37 39
38 35
39 22
40 40
SIMILAR

40 35 16 26 28 1 6 21 19 38 10 32 30 8 39 23 34 13 15 36 17 29 27 11 0 33 18 3 2 14 31 22 5 4 20 12 25 9 24 37 7 
0 24
1 5
2 28
3 27
4 33
5 32
6 6
7 40
8 13
9 37
10 10
11 23
12 35
13 17
14 29
15 18
16 2
17 20
18 26
19 8
20 34
21 7
22 31
23 15
24 38
25 36
26 3
27 22
28 4
29 21
30 12
31 30
32 11
33 25
34 16
35 1
36 19
37 39
38 9
39 14
40 0
SIMILAR

33 0 17 19 1 39 23 14 13 7 11 16 5 28 18 26 30 24 34 31 36 2 20 37 22 4 3 6 40 8 10 27 15 12 21 25 29 38 35 9 32 
0 1
1 4
2 21
3 26
4 25
5 12
6 27
7 9
8 29
9 39
10 30
11 10
12 33
13 8
14 7
15 32
16 11
17 2
18 14
19 3
20 22
21 34
22 24
23 6
24 17
25 35
26 15
27 31
28 13
29 36
30 16
31 19
32 40
33 0
34 18
35 38
36 20
37 23
38 37
39 5
40 28
SIMILAR

30 27 25 36 22 16 2 1 9 37 34 39 31 20 26 5 40 3 38 8 19 17 28 10 15 33 14 12 4 35 24 11 18 21 13 29 6 7 23 32 0 
0 40
1 7
2 6
3 17
4 28
5 15
6 36
7 37
8 19
9 8
10 23
11 31
12 27
13 34
14 26
15 24
16 5
17 21
18 32
19 20
20 13
21 33
22 4
23 38
24 30
25 2
26 14
27 1
28 22
29 35
30 0
31 12
32 39
33 25
34 10
35 29
36 3
37 9
38 18
39 11
40 16
SIMILAR

0 26 32 27 7 17 5 20 8 4 19 15 39 25 37 2 16 21 10 28 38 1 14 11 31 33 6 30 18 29 36 12 34 22 40 35 9 13 23 24 3 
0 0
1 21
2 15
3 40
4 9
5 6
6 26
7 4
8 8
9 36
10 18
11 23
12 31
13 37
14 22
15 11
16 16
17 5
18 28
19 10
20 7
21 17
22 33
23 38
24 39
25 13
26 1
27 3
28 19
29 29
30 27
31 24
32 2
33 25
34 32
35 35
36 30
37 14
38 20
39 12
40 34
SIMILAR

0 33 23 22 1 29 34 16 2 18 19 7 6 30 4 40 39 9 20 28 3 27 32 10 38 15 25 37 17 5 24 21 35 36 31 11 26 8 14 13 12 
0 0
1 4
2 8
3 20
4 14
5 29
6 12
7 11
8 37
9 17
10 23
11 35
12 40
13 39
14 38
15 25
16 7
17 28
18 9
19 10
20 18
21 31
22 3
23 2
24 30
25 26
26 36
27 21
28 19
29 5
30 13
31 34
32 22
33 1
34 6
35 32
36 33
37 27
38 24
39 16
40 15
SIMILAR

30 29 24 34 2 19 7 8 33 25 13 15 0 6 11 36 38 21 1 23 4 10 31 27 14 12 40 9 18 35 32 5 26 3 16 22 39 37 17 20 28 
0 12
1 18
2 4
3 33
4 20
5 31
6 13
7 6
8 7
9 27
10 21
11 14
12 25
13 10
14 24
15 11
16 34
17 38
18 28
19 5
20 39
21 17
22 35
23 19
24 2
25 9
26 32
27 23
28 40
29 1
30 0
31 22
32 30
33 8
34 3
35 29
36 15
37 37
38 16
39 36
40 26
SIMILAR

14 39 27 19 22 34 2 29 24 6 33 3 16 9 21 12 30 1 18 37 35 0 38 23 5 8 15 36 10 20 11 13 25 7 40 28 26 4 32 17 31 
0 21
1 17
2 6
3 11
4 37
5 24
6 9
7 33
8 25
9 13
10 28
11 30
12 15
13 31
14 0
15 26
16 12
17 39
18 18
19 3
20 29
21 14
22 4
23 23
24 8
25 32
26 36
27 2
28 35
29 7
30 16
31 40
32 38
33 10
34 5
35 20
36 27
37 19
38 22
39 1
40 34
SIMILAR

32 33 30 22 31 27 40 14 17 6 18 29 25 21 12 23 37 15 11 1 9 19 38 4 0 26 7 2 16 28 34 36 8 39 24 3 35 10 13 20 5 
0 24
1 19
2 27
3 35
4 23
5 40
6 9
7 26
8 32
9 20
10 37
11 18
12 14
13 38
14 7
15 17
16 28
17 8
18 10
19 21
20 39
21 13
22 3
23 15
24 34
25 12
26 25
27 5
28 29
29 11
30 2
31 4
32 0
33 1
34 30
35 36
36 31
37 16
38 22
39 33
40 6
SIMILAR

26 5 17 16 1 33 23 18 4 9 2 29 38 20 8 15 36 37 25 30 27 11 39 22 24 32 19 21 34 35 10 13 14 0 31 3 6 40 12 7 28 
0 33
1 4
2 10
3 35
4 8
5 1
6 36
7 39
8 14
9 9
10 30
11 21
12 38
13 31
14 32
15 15
16 3
17 2
18 7
19 26
20 13
21 27
22 23
23 6
24 24
25 18
26 0
27 20
28 40
29 11
30 19
31 34
32 25
33 5
34 28
35 29
36 16
37 17
38 12
39 22
40 37
SIMILAR

12 32 15 13 24 23 39 22 26 38 0 11 4 36 19 25 7 18 21 29 17 2 10 31 40 35 14 30 20 33 1 3 9 28 5 27 6 16 8 34 37 
0 10
1 30
2 21
3 31
4 12
5 34
6 36
7 16
8 38
9 32
10 22
11 11
12 0
13 3
14 26
15 2
16 37
17 20
18 17
19 14
20 28
21 18
22 7
23 5
24 4
25 15
26 8
27 35
28 33
29 19
30 27
31 23
32 1
33 29
34 39
35 25
36 13
37 40
38 9
39 6
40 24
SIMILAR

25 35 22 2 5 9 28 1 18 37 30 36 40 4 27 29 0 12 11 13 17 14 24 39 3 33 21 26 8 34 32 20 7 23 19 38 15 10 16 31 6 
0 16
1 7
2 3
3 24
4 13
5 4
6 40
7 32
8 28
9 5
10 37
11 18
12 17
13 19
14 21
15 36
16 38
17 20
18 8
19 34
20 31
21 26
22 2
23 33
24 22
25 0
26 27
27 14
28 6
29 15
30 10
31 39
32 30
33 25
34 29
35 1
36 11
37 9
38 35
39 23
40 12
SIMILAR

15 32 6 25 22 5 0 9 26 20 4 29 16 21 33 39 37 7 19 3 2 30 11 1 18 36 28 23 31 38 10 27 8 35 13 40 24 17 12 34 14 
0 6
1 23
2 20
3 19
4 10
5 5
6 2
7 17
8 32
9 7
10 30
11 22
12 38
13 34
14 40
15 0
16 12
17 37
18 24
19 18
20 9
21 13
22 4
23 27
24 36
25 3
26 8
27 31
28 26
29 11
30 21
31 28
32 1
33 14
34 39
35 33
36 25
37 16
38 29
39 15
40 35
SIMILAR

3 29 10 15 27 17 11 32 38 19 28 31 33 34 2 4 7 6 24 30 12 23 13 37 16 8 36 21 40 39 1 35 5 14 9 0 20 25 26 22 18 
0 35
1 30
2 14
3 0
4 15
5 32
6 17
7 16
8 25
9 34
10 2
11 6
12 20
13 22
14 33
15 3
16 24
17 5
18 40
19 9
20 36
21 27
22 39
23 21
24 18
25 37
26 38
27 4
28 10
29 1
30 19
31 11
32 7
33 12
34 13
35 31
36 26
37 23
38 8
39 29
40 28
SIMILAR

38 25 22 14 6 31 0 23 18 29 7 24 13 27 40 35 5 36 4 1 26 32 34 9 28 3 8 17 2 21 10 37 11 15 39 20 19 12 30 33 16 
0 6
1 19
2 28
3 25
4 18
5 16
6 4
7 10
8 26
9 23
10 30
11 32
12 37
13 12
14 3
15 33
16 40
17 27
18 8
19 36
20 35
21 29
22 2
23 7
24 11
25 1
26 20
27 13
28 24
29 9
30 38
31 5
32 21
33 39
34 22
35 15
36 17
37 31
38 0
39 34
40 14
SIMILAR

14 31 30 38 2 9 20 8 15 40 17 12 11 29 33 10 28 3 24 34 26 23 7 1 37 6 27 13 16 4 5 25 21 18 0 19 39 22 35 32 36 
0 34
1 23
2 4
3 17
4 29
5 30
6 25
7 22
8 7
9 5
10 15
11 12
12 11
13 27
14 0
15 8
16 28
17 10
18 33
19 35
20 6
21 32
22 37
23 21
24 18
25 31
26 20
27 26
28 16
29 13
30 2
31 1
32 39
33 14
34 19
35 38
36 40
37 24
38 3
39 36
40 9
SIMILAR

12 33 16 11 7 20 27 38 17 3 35 25 22 29 8 5 30 14 36 32 31 34 39 26 21 40 24 15 13 18 23 6 37 19 10 9 28 0 2 4 1 
0 37
1 40
2 38
3 9
4 39
5 15
6 31
7 4
8 14
9 35
10 34
11 3
12 0
13 28
14 17
15 27
16 2
17 8
18 29
19 33
20 5
21 24
22 12
23 30
24 26
25 11
26 23
27 6
28 36
29 13
30 16
31 20
32 19
33 1
34 21
35 10
36 18
37 32
38 7
39 22
40 25
SIMILAR

1 39 40 30 11 24 35 36 23 7 38 8 13 16 32 15 10 6 27 19 12 34 37 5 14 20 25 17 9 18 22 4 28 29 0 3 33 21 2 26 31 
0 34
1 0
2 38
3 35
4 31
5 23
6 17
7 9
8 11
9 28
10 16
11 4
12 20
13 12
14 24
15 15
16 13
17 27
18 29
19 19
20 25
21 37
22 30
23 8
24 5
25 26
26 39
27 18
28 32
29 33
30 3
31 40
32 14
33 36
34 21
35 6
36 7
37 22
38 10
39 1
40 2
SIMILAR

18 5 9 15 30 13 16 37 12 22 24 25 23 21 14 3 27 7 4 31 39 2 17 0 38 33 6 19 26 29 35 34 11 28 40 10 8 36 32 20 1 
0 23
1 40
2 21
3 15
4 18
5 1
6 26
7 17
8 36
9 2
10 35
11 32
12 8
13 5
14 14
15 3
16 6
17 22
18 0
19 27
20 39
21 13
22 9
23 12
24 10
25 11
26 28
27 16
28 33
29 29
30 4
31 19
32 38
33 25
34 31
35 30
36 37
37 7
38 24
39 20
40 34
SIMILAR

34 31 25 5 9 26 4 20 10 28 19 0 40 37 22 27 29 11 6 35 30 24 16 17 36 21 23 15 33 12 38 1 7 8 18 3 2 13 32 39 14 
0 11
1 31
2 36
3 35
4 6
5 3
6 18
7 32
8 33
9 4
10 8
11 17
12 29
13 37
14 40
15 27
16 22
17 23
18 34
19 10
20 7
21 25
22 14
23 26
24 21
25 2
26 5
27 15
28 9
29 16
30 20
31 1
32 38
33 28
34 0
35 19
36 24
37 13
38 30
39 39
40 12
SIMILAR

14 4 17 16 29 26 6 18 39 12 2 35 27 32 8 15 20 1 33 40 25 30 7 36 37 23 24 34 5 9 19 22 0 13 11 21 28 3 38 10 31 
0 32
1 17
2 10
3 37
4 1
5 28
6 6
7 22
8 14
9 29
10 39
11 34
12 9
13 33
14 0
15 15
16 3
17 2
18 7
19 30
20 16
21 35
22 31
23 25
24 26
25 20
26 5
27 12
28 36
29 4
30 21
31 40
32 13
33 18
34 27
35 11
36 23
37 24
38 38
39 8
40 19
SIMILAR

29 6 9 7 1 39 37 40 21 8 10 34 4 24 30 15 26 36 19 33 38 14 35 3 32 31 0 5 2 20 13 25 16 17 28 22 12 11 27 23 18 
0 26
1 4
2 28
3 23
4 12
5 27
6 1
7 3
8 9
9 2
10 10
11 37
12 36
13 30
14 21
15 15
16 32
17 33
18 40
19 18
20 29
21 8
22 35
23 39
24 13
25 31
26 16
27 38
28 34
29 0
30 14
31 25
32 24
33 19
34 11
35 22
36 17
37 6
38 20
39 5
40 7
SIMILAR

40 28 21 4 13 33 37 19 3 16 14 24 20 35 39 15 2 7 31 34 36 30 10 25 22 29 23 18 27 8 32 6 38 17 12 11 5 1 0 26 9 
0 38
1 37
2 16
3 8
4 3
5 36
6 31
7 17
8 29
9 40
10 22
11 35
12 34
13 4
14 10
15 15
16 9
17 33
18 27
19 7
20 12
21 2
22 24
23 26
24 11
25 23
26 39
27 28
28 1
29 25
30 21
31 18
32 30
33 5
34 19
35 13
36 20
37 6
38 32
39 14
40 0
SIMILAR

35 20 39 30 36 19 1 0 14 10 9 33 6 5 12 3 26 37 7 24 25 18 34 31 13 28 4 32 40 2 27 23 21 15 16 29 38 8 22 17 11 
0 7
1 6
2 29
3 15
4 26
5 13
6 12
7 18
8 37
9 10
10 9
11 40
12 14
13 24
14 8
15 33
16 34
17 39
18 21
19 5
20 1
21 32
22 38
23 31
24 19
25 20
26 16
27 30
28 25
29 35
30 3
31 23
32 27
33 11
34 22
35 0
36 4
37 17
38 36
39 2
40 28
SIMILAR

10 35 29 19 16 22 12 13 24 32 5 15 3 26 34 20 11 0 38 1 17 18 4 40 37 23 9 27 7 31 33 39 28 8 21 2 14 25 6 36 30 
0 17
1 19
2 35
3 12
4 22
5 10
6 38
7 28
8 33
9 26
10 0
11 16
12 6
13 7
14 36
15 11
16 4
17 20
18 21
19 3
20 15
21 34
22 5
23 25
24 8
25 37
26 13
27 27
28 32
29 2
30 40
31 29
32 9
33 30
34 14
35 1
36 39
37 24
38 18
39 31
40 23
SIMILAR

14 40 15 8 22 13 2 32 27 9 18 37 25 5 0 39 3 38 24 17 10 11 28 26 34 19 30 4 20 21 6 7 31 12 36 29 33 35 23 16 1 
0 14
1 40
2 6
3 16
4 27
5 13
6 30
7 31
8 3
9 9
10 20
11 21
12 33
13 5
14 0
15 2
16 39
17 19
18 10
19 25
20 28
21 29
22 4
23 38
24 18
25 12
26 23
27 8
28 22
29 35
30 26
31 32
32 7
33 36
34 24
35 37
36 34
37 11
38 17
39 15
40 1
SIMILAR

26 34 24 8 2 20 30 14 35 17 37 7 15 25 0 6 13 4 32 9 38 3 27 29 39 12 23 40 33 22 1 10 31 16 11 18 28 19 5 36 21 
0 14
1 30
2 4
3 21
4 17
5 38
6 15
7 11
8 3
9 19
10 31
11 34
12 25
13 16
14 7
15 12
16 33
17 9
18 35
19 37
20 5
21 40
22 29
23 26
24 2
25 13
26 0
27 22
28 36
29 23
30 6
31 32
32 18
33 28
34 1
35 8
36 39
37 10
38 20
39 24
40 27
SIMILAR

4 27 24 0 22 17 20 5 16 32 36 12 15 30 21 14 1 18 2 13 39 38 34 6 3 28 25 23 26 29 8 31 40 10 35 19 7 11 37 9 33 
0 3
1 16
2 18
3 24
4 0
5 7
6 23
7 36
8 30
9 39
10 33
11 37
12 11
13 19
14 15
15 12
16 8
17 5
18 17
19 35
20 6
21 14
22 4
23 27
24 2
25 26
26 28
27 1
28 25
29 29
30 13
31 31
32 9
33 40
34 22
35 34
36 10
37 38
38 21
39 20
40 32
SIMILAR

40 34 30 0 16 18 7 8 31 1 6 3 39 10 5 22 25 12 36 38 19 27 33 13 28 24 20 15 2 26 4 23 29 35 11 37 17 14 21 9 32 
0 3
1 9
2 28
3 11
4 30
5 14
6 10
7 6
8 7
9 39
10 13
11 34
12 17
13 23
14 37
15 27
16 4
17 36
18 5
19 20
20 26
21 38
22 15
23 31
24 25
25 16
26 29
27 21
28 24
29 32
30 2
31 8
32 40
33 22
34 1
35 33
36 18
37 35
38 19
39 12
40 0
SIMILAR

27 17 39 8 12 16 30 31 37 14 9 3 32 29 11 1 26 34 21 20 22 6 38 10 19 2 23 15 18 36 7 33 40 13 35 28 0 25 5 24 4 
0 36
1 15
2 25
3 11
4 40
5 38
6 21
7 30
8 3
9 10
10 23
11 14
12 4
13 33
14 9
15 27
16 5
17 1
18 28
19 24
20 19
21 18
22 20
23 26
24 39
25 37
26 16
27 0
28 35
29 13
30 6
31 7
32 12
33 31
34 17
35 34
36 29
37 8
38 22
39 2
40 32
SIMILAR

37 36 7 25 4 1 0 5 34 28 2 22 30 12 14 18 38 35 15 6 31 40 33 39 8 16 29 26 23 10 3 32 27 13 21 24 9 17 11 20 19 
0 6
1 5
2 10
3 30
4 4
5 7
6 19
7 2
8 24
9 36
10 29
11 38
12 13
13 33
14 14
15 18
16 25
17 37
18 15
19 40
20 39
21 34
22 11
23 28
24 35
25 3
26 27
27 32
28 9
29 26
30 12
31 20
32 31
33 22
34 8
35 17
36 1
37 0
38 16
39 23
40 21
SIMILAR

3 17 13 2 30 7 40 9 34 11 19 6 35 22 4 28 0 5 10 8 37 27 25 14 26 38 15 21 12 1 20 23 29 39 31 24 32 36 33 18 16 
0 16
1 29
2 3
3 0
4 14
5 17
6 11
7 5
8 19
9 7
10 18
11 9
12 28
13 2
14 23
15 26
16 40
17 1
18 39
19 10
20 30
21 27
22 13
23 31
24 35
25 22
26 24
27 21
28 15
29 32
30 4
31 34
32 36
33 38
34 8
35 12
36 37
37 20
38 25
39 33
40 6
SIMILAR

16 37 31 18 12 15 7 28 36 21 38 34 5 23 3 11 2 4 24 22 25 17 1 13 33 20 40 27 39 6 14 8 10 29 35 30 32 19 0 26 9 
0 38
1 22
2 16
3 14
4 17
5 12
6 29
7 6
8 31
9 40
10 32
11 15
12 4
13 23
14 30
15 5
16 0
17 21
18 3
19 37
20 25
21 9
22 19
23 13
24 18
25 20
26 39
27 27
28 7
29 33
30 35
31 2
32 36
33 24
34 11
35 34
36 8
37 1
38 10
39 28
40 26
SIMILAR

36 19 40 0 32 23 16 8 2 3 13 25 27 28 1 12 6 10 24 9 39 30 20 7 11 14 38 21 33 5 22 15 17 31 26 18 35 34 29 4 37 
0 3
1 14
2 8
3 9
4 39
5 29
6 16
7 23
8 7
9 19
10 17
11 24
12 15
13 10
14 25
15 31
16 6
17 32
18 35
19 1
20 22
21 27
22 30
23 5
24 18
25 11
26 34
27 12
28 13
29 38
30 21
31 33
32 4
33 28
34 37
35 36
36 0
37 40
38 26
39 20
40 2
SIMILAR

1 9 31 4 33 37 38 26 22 18 0 39 35 23 2 34 11 6 19 28 29 8 21 25 3 5 27 7 17 32 12 30 16 14 13 10 40 20 36 24 15 
0 10
1 0
2 14
3 24
4 3
5 25
6 17
7 27
8 21
9 1
10 35
11 16
12 30
13 34
14 33
15 40
16 32
17 28
18 9
19 18
20 37
21 22
22 8
23 13
24 39
25 23
26 7
27 26
28 19
29 20
30 31
31 2
32 29
33 4
34 15
35 12
36 38
37 5
38 6
39 11
40 36
SIMILAR

32 1 33 39 14 27 9 24 13 4 20 26 7 2 0 15 35 30 25 3 21 19 38 16 34 36 10 40 5 23 18 29 8 28 6 17 11 12 31 22 37 
0 14
1 1
2 13
3 19
4 9
5 28
6 34
7 12
8 32
9 6
10 26
11 36
12 37
13 8
14 4
15 15
16 23
17 35
18 30
19 21
20 10
21 20
22 39
23 29
24 7
25 18
26 11
27 5
28 33
29 31
30 17
31 38
32 0
33 2
34 24
35 16
36 25
37 40
38 22
39 3
40 27
SIMILAR

39 25 6 19 11 16 2 23 4 1 3 35 36 10 33 38 21 30 17 9 15 18 7 14 32 37 28 40 29 8 13 27 0 22 24 5 12 20 26 34 31 
0 32
1 9
2 6
3 10
4 8
5 35
6 2
7 22
8 29
9 19
10 13
11 4
12 36
13 30
14 23
15 20
16 5
17 18
18 21
19 3
20 37
21 16
22 33
23 7
24 34
25 1
26 38
27 31
28 26
29 28
30 17
31 40
32 24
33 14
34 39
35 11
36 12
37 25
38 15
39 0
40 27
SIMILAR

36 7 4 15 10 12 6 8 27 25 0 35 37 29 1 13 26 24 33 5 39 2 34 3 16 32 22 9 38 20 28 23 18 30 11 19 21 31 14 40 17 
0 10
1 14
2 21
3 23
4 2
5 19
6 6
7 1
8 7
9 27
10 4
11 34
12 5
13 15
14 38
15 3
16 24
17 40
18 32
19 35
20 29
21 36
22 26
23 31
24 17
25 9
26 16
27 8
28 30
29 13
30 33
31 37
32 25
33 18
34 22
35 11
36 0
37 12
38 28
39 20
40 39
SIMILAR

24 4 9 28 18 16 7 15 40 8 13 33 30 23 36 3 39 31 19 25 22 38 20 27 32 21 14 11 29 37 26 5 6 0 1 34 12 17 10 35 2 
0 33
1 34
2 40
3 15
4 1
5 31
6 32
7 6
8 9
9 2
10 38
11 27
12 36
13 10
14 26
15 7
16 5
17 37
18 4
19 18
20 22
21 25
22 20
23 13
24 0
25 19
26 30
27 23
28 3
29 28
30 12
31 17
32 24
33 11
34 35
35 39
36 14
37 29
38 21
39 16
40 8
SIMILAR

15 31 18 1 32 6 8 26 40 38 12 0 4 2 13 27 39 35 34 19 20 21 14 3 36 17 24 30 9 22 25 29 11 37 7 33 16 5 28 10 23 
0 11
1 3
2 13
3 23
4 12
5 37
6 5
7 34
8 6
9 28
10 39
11 32
12 10
13 14
14 22
15 0
16 36
17 25
18 2
19 19
20 20
21 21
22 29
23 40
24 26
25 30
26 7
27 15
28 38
29 31
30 27
31 1
32 4
33 35
34 18
35 17
36 24
37 33
38 9
39 16
40 8
SIMILAR

30 13 18 34 32 20 35 37 25 9 24 17 26 0 27 16 36 5 29 2 40 19 15 6 39 23 8 14 12 33 38 1 22 31 4 10 21 3 28 11 7 
0 13
1 31
2 19
3 37
4 34
5 17
6 23
7 40
8 26
9 9
10 35
11 39
12 28
13 1
14 27
15 22
16 15
17 11
18 2
19 21
20 5
21 36
22 32
23 25
24 10
25 8
26 12
27 14
28 38
29 18
30 0
31 33
32 4
33 29
34 3
35 6
36 16
37 7
38 30
39 24
40 20
SIMILAR

2 22 20 34 13 18 39 1 31 33 6 27 0 12 10 7 23 40 11 35 4 38 16 3 17 5 28 37 32 26 19 15 36 30 24 21 29 25 14 8 9 
0 12
1 7
2 0
3 23
4 20
5 25
6 10
7 15
8 39
9 40
10 14
11 18
12 13
13 4
14 38
15 31
16 22
17 24
18 5
19 30
20 2
21 35
22 1
23 16
24 34
25 37
26 29
27 11
28 26
29 36
30 33
31 8
32 28
33 9
34 3
35 19
36 32
37 27
38 21
39 6
40 17
SIMILAR

20 12 35 0 22 26 7 13 30 17 39 11 23 18 4 29 40 25 37 16 19 32 3 33 8 31 5 28 14 9 38 21 2 34 1 15 36 6 24 27 10 
0 3
1 34
2 32
3 22
4 14
5 26
6 37
7 6
8 24
9 29
10 40
11 11
12 1
13 7
14 28
15 35
16 19
17 9
18 13
19 20
20 0
21 31
22 4
23 12
24 38
25 17
26 5
27 39
28 27
29 15
30 8
31 25
32 21
33 23
34 33
35 2
36 36
37 18
38 30
39 10
40 16
SIMILAR

40 14 16 33 25 35 18 21 9 34 8 1 29 23 17 39 20 19 32 22 36 10 11 27 30 31 6 13 26 3 7 12 5 4 38 15 2 28 0 24 37 
0 38
1 11
2 36
3 29
4 33
5 32
6 26
7 30
8 10
9 8
10 21
11 22
12 31
13 27
14 1
15 35
16 2
17 14
18 6
19 17
20 16
21 7
22 19
23 13
24 39
25 4
26 28
27 23
28 37
29 12
30 24
31 25
32 18
33 3
34 9
35 5
36 20
37 40
38 34
39 15
40 0
SIMILAR

19 16 21 40 29 25 30 39 26 2 35 23 15 17 12 18 7 5 4 27 14 8 28 0 32 33 10 1 11 24 37 36 34 3 9 38 20 22 31 13 6 
0 23
1 27
2 9
3 33
4 18
5 17
6 40
7 16
8 21
9 34
10 26
11 28
12 14
13 39
14 20
15 12
16 1
17 13
18 15
19 0
20 36
21 2
22 37
23 11
24 29
25 5
26 8
27 19
28 22
29 4
30 6
31 38
32 24
33 25
34 32
35 10
36 31
37 30
38 35
39 7
40 3
SIMILAR

9 40 27 38 39 33 11 31 8 35 3 26 6 12 18 24 28 37 4 15 16 34 21 30 2 17 25 5 19 10 20 32 22 14 13 0 7 1 36 29 23 
0 35
1 37
2 24
3 10
4 18
5 27
6 12
7 36
8 8
9 0
10 29
11 6
12 13
13 34
14 33
15 19
16 20
17 25
18 14
19 28
20 30
21 22
22 32
23 40
24 15
25 26
26 11
27 2
28 16
29 39
30 23
31 7
32 31
33 5
34 21
35 9
36 38
37 17
38 3
39 4
40 1
SIMILAR

8 17 23 15 27 38 37 9 7 10 14 40 32 13 21 29 34 0 33 12 30 5 11 39 26 28 20 19 22 18 6 25 36 16 4 35 2 3 1 31 24 
0 17
1 38
2 36
3 37
4 34
5 21
6 30
7 8
8 0
9 7
10 9
11 22
12 19
13 13
14 10
15 3
16 33
17 1
18 29
19 27
20 26
21 14
22 28
23 2
24 40
25 31
26 24
27 4
28 25
29 15
30 20
31 39
32 12
33 18
34 16
35 35
36 32
37 6
38 5
39 23
40 11
SIMILAR

19 5 10 38 8 21 20 11 39 22 15 32 12 25 31 34 3 27 36 28 40 13 24 2 26 29 33 9 14 18 17 4 6 16 37 30 0 7 35 23 1 
0 36
1 40
2 23
3 16
4 31
5 1
6 32
7 37
8 4
9 27
10 2
11 7
12 12
13 21
14 28
15 10
16 33
17 30
18 29
19 0
20 6
21 5
22 9
23 39
24 22
25 13
26 24
27 17
28 19
29 25
30 35
31 14
32 11
33 26
34 15
35 38
36 18
37 34
38 3
39 8
40 20
SIMILAR

13 5 2 19 37 3 20 16 33 32 26 27 11 34 14 25 7 6 22 23 1 29 31 28 15 39 12 8 40 0 24 21 17 36 18 9 4 30 10 38 35 
0 29
1 20
2 2
3 5
4 36
5 1
6 17
7 16
8 27
9 35
10 38
11 12
12 26
13 0
14 14
15 24
16 7
17 32
18 34
19 3
20 6
21 31
22 18
23 19
24 30
25 15
26 10
27 11
28 23
29 21
30 37
31 22
32 9
33 8
34 13
35 40
36 33
37 4
38 39
39 25
40 28
SIMILAR

2 25 20 36 40 7 32 12 21 8 24 14 23 28 35 19 15 13 1 17 33 22 26 30 38 34 10 39 11 9 31 3 6 29 27 18 16 37 5 4 0 
0 40
1 18
2 0
3 31
4 39
5 38
6 32
7 5
8 9
9 29
10 26
11 28
12 7
13 17
14 11
15 16
16 36
17 19
18 35
19 15
20 2
21 8
22 21
23 12
24 10
25 1
26 22
27 34
28 13
29 33
30 23
31 30
32 6
33 20
34 25
35 14
36 3
37 37
38 24
39 27
40 4
SIMILAR

11 21 28 13 9 5 23 37 35 30 6 24 33 29 40 12 36 20 15 3 34 17 18 10 31 14 26 19 25 1 0 4 2 22 39 38 7 32 16 27 8 
0 30
1 29
2 32
3 19
4 31
5 5
6 10
7 36
8 40
9 4
10 23
11 0
12 15
13 3
14 25
15 18
16 38
17 21
18 22
19 27
20 17
21 1
22 33
23 6
24 11
25 28
26 26
27 39
28 2
29 13
30 9
31 24
32 37
33 12
34 20
35 8
36 16
37 7
38 35
39 34
40 14
SIMILAR

17 1 40 8 37 25 2 10 3 27 18 29 34 39 0 23 9 32 30 20 15 28 21 35 19 6 4 7 33 16 14 11 12 24 22 13 36 26 38 5 31 
0 14
1 1
2 6
3 8
4 26
5 39
6 25
7 27
8 3
9 16
10 7
11 31
12 32
13 35
14 30
15 20
16 29
17 0
18 10
19 24
20 19
21 22
22 34
23 15
24 33
25 5
26 37
27 9
28 21
29 11
30 18
31 40
32 17
33 28
34 12
35 23
36 36
37 4
38 38
39 13
40 2
SIMILAR

27 35 7 6 10 15 12 24 40 38 21 23 32 5 18 13 8 19 29 30 0 17 33 9 28 3 26 22 4 36 14 16 25 11 2 37 34 1 39 20 31 
0 20
1 37
2 34
3 25
4 28
5 13
6 3
7 2
8 16
9 23
10 4
11 33
12 6
13 15
14 30
15 5
16 31
17 21
18 14
19 17
20 39
21 10
22 27
23 11
24 7
25 32
26 26
27 0
28 24
29 18
30 19
31 40
32 12
33 22
34 36
35 1
36 29
37 35
38 9
39 38
40 8
SIMILAR

14 7 2 1 38 16 9 31 30 4 6 19 5 13 15 40 12 0 26 3 20 37 36 35 28 11 10 32 22 21 34 24 39 25 8 17 29 27 23 33 18 
0 17
1 3
2 2
3 19
4 9
5 12
6 10
7 1
8 34
9 6
10 26
11 25
12 16
13 13
14 0
15 14
16 5
17 35
18 40
19 11
20 20
21 29
22 28
23 38
24 31
25 33
26 18
27 37
28 24
29 36
30 8
31 7
32 27
33 39
34 30
35 23
36 22
37 21
38 4
39 32
40 15
SIMILAR

40 4 38 15 26 3 23 33 22 36 12 21 30 17 13 7 35 8 14 20 29 27 39 24 0 37 11 34 2 10 32 28 9 6 31 19 5 1 18 16 25 
0 24
1 37
2 28
3 5
4 1
5 36
6 33
7 15
8 17
9 32
10 29
11 26
12 10
13 14
14 18
15 3
16 39
17 13
18 38
19 35
20 19
21 11
22 8
23 6
24 23
25 40
26 4
27 21
28 31
29 20
30 12
31 34
32 30
33 7
34 27
35 16
36 9
37 25
38 2
39 22
40 0
SIMILAR

25 11 28 31 4 39 3 6 0 26 38 9 29 33 23 37 27 24 35 13 22 15 34 32 20 36 10 8 21 7 17 16 19 5 18 40 2 1 30 12 14 
0 8
1 37
2 36
3 6
4 4
5 33
6 7
7 29
8 27
9 11
10 26
11 1
12 39
13 19
14 40
15 21
16 31
17 30
18 34
19 32
20 24
21 28
22 20
23 14
24 17
25 0
26 9
27 16
28 2
29 12
30 38
31 3
32 23
33 13
34 22
35 18
36 25
37 15
38 10
39 5
40 35
SIMILAR

8 4 39 40 10 13 18 14 32 27 2 15 16 31 35 29 19 24 21 37 22 12 6 0 38 34 36 1 33 26 28 30 17 23 9 5 7 25 3 11 20 
0 23
1 27
2 10
3 38
4 1
5 35
6 22
7 36
8 0
9 34
10 4
11 39
12 21
13 5
14 7
15 11
16 12
17 32
18 6
19 16
20 40
21 18
22 20
23 33
24 17
25 37
26 29
27 9
28 30
29 15
30 31
31 13
32 8
33 28
34 25
35 14
36 26
37 19
38 24
39 2
40 3
SIMILAR

8 5 1 11 18 22 26 21 31 36 14 0 2 25 6 39 37 23 9 4 33 16 38 13 7 17 3 19 28 20 12 29 10 15 40 35 27 30 34 32 24 
0 11
1 2
2 12
3 26
4 19
5 1
6 14
7 24
8 0
9 18
10 32
11 3
12 30
13 23
14 10
15 33
16 21
17 25
18 4
19 27
20 29
21 7
22 5
23 17
24 40
25 13
26 6
27 36
28 28
29 31
30 37
31 8
32 39
33 20
34 38
35 35
36 9
37 16
38 22
39 15
40 34
SIMILAR

4 27 13 5 1 40 28 26 33 20 32 36 19 29 11 10 25 38 9 6 21 12 31 22 0 34 35 3 24 39 16 15 23 2 30 8 17 37 18 14 7 
0 24
1 4
2 33
3 27
4 0
5 3
6 19
7 40
8 35
9 18
10 15
11 14
12 21
13 2
14 39
15 31
16 30
17 36
18 38
19 12
20 9
21 20
22 23
23 32
24 28
25 16
26 7
27 1
28 6
29 13
30 34
31 22
32 10
33 8
34 25
35 26
36 11
37 37
38 17
39 29
40 5
SIMILAR

40 0 26 9 16 6 28 8 20 25 21 17 1 10 37 2 11 15 39 18 3 24 33 5 13 34 4 27 36 31 32 23 7 12 35 30 19 14 22 38 29 
0 1
1 12
2 15
3 20
4 26
5 23
6 5
7 32
8 7
9 3
10 13
11 16
12 33
13 24
14 37
15 17
16 4
17 11
18 19
19 36
20 8
21 10
22 38
23 31
24 21
25 9
26 2
27 27
28 6
29 40
30 35
31 29
32 30
33 22
34 25
35 34
36 28
37 14
38 39
39 18
40 0
SIMILAR

5 17 12 0 30 9 28 18 31 39 24 32 10 7 33 27 26 23 35 8 21 4 13 3 37 20 34 15 22 19 14 2 6 36 1 40 38 11 29 25 16 
0 3
1 34
2 31
3 23
4 21
5 0
6 32
7 13
8 19
9 5
10 12
11 37
12 2
13 22
14 30
15 27
16 40
17 1
18 7
19 29
20 25
21 20
22 28
23 17
24 10
25 39
26 16
27 15
28 6
29 38
30 4
31 8
32 11
33 14
34 26
35 18
36 33
37 24
38 36
39 9
40 35
SIMILAR

39 12 35 10 11 15 6 7 19 28 17 20 23 25 16 4 32 30 31 14 37 33 38 5 29 22 24 40 0 34 8 18 9 1 26 27 21 3 36 2 13 
0 28
1 33
2 39
3 37
4 15
5 23
6 6
7 7
8 30
9 32
10 3
11 4
12 1
13 40
14 19
15 5
16 14
17 10
18 31
19 8
20 11
21 36
22 25
23 12
24 26
25 13
26 34
27 35
28 9
29 24
30 17
31 18
32 16
33 21
34 29
35 2
36 38
37 20
38 22
39 0
40 27
SIMILAR

24 40 15 2 4 16 17 29 38 20 33 0 27 13 35 32 30 36 6 1 26 8 3 11 19 18 10 37 9 5 21 31 28 39 14 23 12 7 34 25 22 
0 11
1 19
2 3
3 22
4 4
5 29
6 18
7 37
8 21
9 28
10 26
11 23
12 36
13 13
14 34
15 2
16 5
17 6
18 25
19 24
20 9
21 30
22 40
23 35
24 0
25 39
26 20
27 12
28 32
29 7
30 16
31 31
32 15
33 10
34 38
35 14
36 17
37 27
38 8
39 33
40 1
SIMILAR

26 8 18 12 32 16 35 11 24 25 21 14 3 30 38 31 20 36 33 37 17 22 15 34 10 28 39 29 0 4 5 9 7 2 27 13 6 19 40 1 23 
0 28
1 39
2 33
3 12
4 29
5 30
6 36
7 32
8 1
9 31
10 24
11 7
12 3
13 35
14 11
15 22
16 5
17 20
18 2
19 37
20 16
21 10
22 21
23 40
24 8
25 9
26 0
27 34
28 25
29 27
30 13
31 15
32 4
33 18
34 23
35 6
36 17
37 19
38 14
39 26
40 38
SIMILAR

2 32 38 4 6 1 19 37 7 30 20 0 27 10 31 36 23 21 8 35 11 17 22 14 29 5 25 28 3 34 40 9 13 15 39 16 33 12 24 26 18 
0 11
1 5
2 0
3 28
4 3
5 25
6 4
7 8
8 18
9 31
10 13
11 20
12 37
13 32
14 23
15 33
16 35
17 21
18 40
19 6
20 10
21 17
22 22
23 16
24 38
25 26
26 39
27 12
28 27
29 24
30 9
31 14
32 1
33 36
34 29
35 19
36 15
37 7
38 2
39 34
40 30
SIMILAR

19 36 39 31 12 30 15 34 37 8 33 23 21 25 3 0 9 13 6 35 11 5 28 7 16 40 22 38 18 29 27 24 17 2 4 32 26 14 1 20 10 
0 15
1 38
2 33
3 14
4 34
5 21
6 18
7 23
8 9
9 16
10 40
11 20
12 4
13 17
14 37
15 6
16 24
17 32
18 28
19 0
20 39
21 12
22 26
23 11
24 31
25 13
26 36
27 30
28 22
29 29
30 5
31 3
32 35
33 10
34 7
35 19
36 1
37 8
38 27
39 2
40 25
SIMILAR

24 39 22 35 3 5 15 21 11 18 1 2 10 19 9 8 6 26 0 27 37 38 13 12 31 34 4 30 32 29 14 25 33 36 16 7 23 28 20 40 17 
0 18
1 10
2 11
3 4
4 26
5 5
6 16
7 35
8 15
9 14
10 12
11 8
12 23
13 22
14 30
15 6
16 34
17 40
18 9
19 13
20 38
21 7
22 2
23 36
24 0
25 31
26 17
27 19
28 37
29 29
30 27
31 24
32 28
33 32
34 25
35 3
36 33
37 20
38 21
39 1
40 39
SIMILAR

32 27 13 10 16 19 18 17 29 12 39 37 5 24 15 2 35 23 31 21 11 38 22 36 26 8 33 40 1 0 3 30 6 9 7 4 34 25 20 28 14 
0 29
1 28
2 15
3 30
4 35
5 12
6 32
7 34
8 25
9 33
10 3
11 20
12 9
13 2
14 40
15 14
16 4
17 7
18 6
19 5
20 38
21 19
22 22
23 17
24 13
25 37
26 24
27 1
28 39
29 8
30 31
31 18
32 0
33 26
34 36
35 16
36 23
37 11
38 21
39 10
40 27
SIMILAR

18 31 29 1 32 6 12 36 24 39 0 15 37 35 34 17 9 30 5 38 19 33 28 7 16 8 13 27 4 21 20 22 40 23 3 2 11 26 14 10 25 
0 10
1 3
2 35
3 34
4 28
5 18
6 5
7 23
8 25
9 16
10 39
11 36
12 6
13 26
14 38
15 11
16 24
17 15
18 0
19 20
20 30
21 29
22 31
23 33
24 8
25 40
26 37
27 27
28 22
29 2
30 17
31 1
32 4
33 21
34 14
35 13
36 7
37 12
38 19
39 9
40 32
SIMILAR

35 8 7 18 39 27 34 21 20 30 6 31 3 38 12 24 4 13 29 0 26 32 2 17 14 19 10 5 25 1 37 15 28 40 33 36 9 16 23 22 11 
0 19
1 29
2 22
3 12
4 16
5 27
6 10
7 2
8 1
9 36
10 26
11 40
12 14
13 17
14 24
15 31
16 37
17 23
18 3
19 25
20 8
21 7
22 39
23 38
24 15
25 28
26 20
27 5
28 32
29 18
30 9
31 11
32 21
33 34
34 6
35 0
36 35
37 30
38 13
39 4
40 33
SIMILAR

10 25 26 4 0 8 15 7 32 29 21 11 40 34 35 19 23 31 37 33 24 16 9 36 20 18 30 12 2 38 28 27 5 14 22 17 1 39 6 3 13 
0 4
1 36
2 28
3 39
4 3
5 32
6 38
7 7
8 5
9 22
10 0
11 11
12 27
13 40
14 33
15 6
16 21
17 35
18 25
19 15
20 24
21 10
22 34
23 16
24 20
25 1
26 2
27 31
28 30
29 9
30 26
31 17
32 8
33 19
34 13
35 14
36 23
37 18
38 29
39 37
40 12
SIMILAR

36 12 40 15 37 8 0 25 20 13 24 28 2 3 21 35 23 19 17 27 6 11 7 31 26 34 30 5 14 1 39 33 32 29 4 16 9 10 18 38 22 
0 6
1 29
2 12
3 13
4 34
5 27
6 20
7 22
8 5
9 36
10 37
11 21
12 1
13 9
14 28
15 3
16 35
17 18
18 38
19 17
20 8
21 14
22 40
23 16
24 10
25 7
26 24
27 19
28 11
29 33
30 26
31 23
32 32
33 31
34 25
35 15
36 0
37 4
38 39
39 30
40 2
SIMILAR

31 29 25 37 1 16 40 3 19 5 9 8 20 24 12 15 22 17 13 10 28 11 38 23 7 27 21 4 26 33 18 0 6 30 36 2 34 35 39 32 14 
0 31
1 4
2 35
3 7
4 27
5 9
6 32
7 24
8 11
9 10
10 19
11 21
12 14
13 18
14 40
15 15
16 5
17 17
18 30
19 8
20 12
21 26
22 16
23 23
24 13
25 2
26 28
27 25
28 20
29 1
30 33
31 0
32 39
33 29
34 36
35 37
36 34
37 3
38 22
39 38
40 6
SIMILAR

3 34 7 11 12 39 23 40 19 6 21 25 4 32 1 15 22 9 38 2 13 36 0 33 18 29 31 10 8 37 20 24 14 27 17 28 16 26 35 30 5 
0 22
1 14
2 19
3 0
4 12
5 40
6 9
7 2
8 28
9 17
10 27
11 3
12 4
13 20
14 32
15 15
16 36
17 34
18 24
19 8
20 30
21 10
22 16
23 6
24 31
25 11
26 37
27 33
28 35
29 25
30 39
31 26
32 13
33 23
34 1
35 38
36 21
37 29
38 18
39 5
40 7
SIMILAR

40 39 19 16 12 2 8 13 37 35 24 7 20 32 1 33 34 28 10 30 15 21 17 9 4 11 3 5 18 27 31 23 0 14 6 36 38 26 22 29 25 
0 32
1 14
2 5
3 26
4 24
5 27
6 34
7 11
8 6
9 23
10 18
11 25
12 4
13 7
14 33
15 20
16 3
17 22
18 28
19 2
20 12
21 21
22 38
23 31
24 10
25 40
26 37
27 29
28 17
29 39
30 19
31 30
32 13
33 15
34 16
35 9
36 35
37 8
38 36
39 1
40 0
SIMILAR

6 17 15 16 24 29 26 2 0 25 13 9 33 39 5 21 28 23 1 38 31 27 37 32 20 4 40 22 18 3 8 30 36 11 34 7 14 10 19 35 12 
0 8
1 18
2 7
3 29
4 25
5 14
6 0
7 35
8 30
9 11
10 37
11 33
12 40
13 10
14 36
15 2
16 3
17 1
18 28
19 38
20 24
21 15
22 27
23 17
24 4
25 9
26 6
27 21
28 16
29 5
30 31
31 20
32 23
33 12
34 34
35 39
36 32
37 22
38 19
39 13
40 26
SIMILAR

26 23 6 17 7 4 27 28 36 37 5 24 3 30 19 34 29 13 11 20 40 9 21 10 16 14 15 1 31 22 2 0 12 35 18 33 8 39 25 38 32 
0 31
1 27
2 30
3 12
4 5
5 10
6 2
7 4
8 36
9 21
10 23
11 18
12 32
13 17
14 25
15 26
16 24
17 3
18 34
19 14
20 19
21 22
22 29
23 1
24 11
25 38
26 0
27 6
28 7
29 16
30 13
31 28
32 40
33 35
34 15
35 33
36 8
37 9
38 39
39 37
40 20
SIMILAR

39 8 32 15 19 0 13 2 35 24 23 28 20 37 26 34 4 6 16 21 36 14 3 40 33 18 11 17 7 38 1 30 9 27 25 12 31 10 22 29 5 
0 5
1 30
2 7
3 22
4 16
5 40
6 17
7 28
8 1
9 32
10 37
11 26
12 35
13 6
14 21
15 3
16 18
17 27
18 25
19 4
20 12
21 19
22 38
23 10
24 9
25 34
26 14
27 33
28 11
29 39
30 31
31 36
32 2
33 24
34 15
35 8
36 20
37 13
38 29
39 0
40 23
SIMILAR

15 12 11 0 28 24 32 33 17 7 30 35 4 36 27 2 20 22 38 9 10 21 6 5 25 3 13 40 19 37 39 18 34 14 16 1 29 8 26 23 31 
0 3
1 35
2 15
3 25
4 12
5 23
6 22
7 9
8 37
9 19
10 20
11 2
12 1
13 26
14 33
15 0
16 34
17 8
18 31
19 28
20 16
21 21
22 17
23 39
24 5
25 24
26 38
27 14
28 4
29 36
30 10
31 40
32 6
33 7
34 32
35 11
36 13
37 29
38 18
39 30
40 27
SIMILAR

36 2 33 27 30 20 14 5 13 28 8 23 12 19 10 31 35 34 3 40 39 22 4 6 7 17 9 21 38 16 24 25 37 15 18 26 32 29 0 1 11 
0 38
1 39
2 1
3 18
4 22
5 7
6 23
7 24
8 10
9 26
10 14
11 40
12 12
13 8
14 6
15 33
16 29
17 25
18 34
19 13
20 5
21 27
22 21
23 11
24 30
25 31
26 35
27 3
28 9
29 37
30 4
31 15
32 36
33 2
34 17
35 16
36 0
37 32
38 28
39 20
40 19
SIMILAR

29 23 3 40 30 0 39 21 26 37 7 15 32 6 14 20 10 38 22 24 33 1 19 28 16 4 2 34 31 8 5 27 25 18 13 9 12 35 36 17 11 
0 5
1 21
2 26
3 2
4 25
5 30
6 13
7 10
8 29
9 35
10 16
11 40
12 36
13 34
14 14
15 11
16 24
17 39
18 33
19 22
20 15
21 7
22 18
23 1
24 19
25 32
26 8
27 31
28 23
29 0
30 4
31 28
32 12
33 20
34 27
35 37
36 38
37 9
38 17
39 6
40 3
SIMILAR

25 29 38 37 4 8 30 35 2 33 36 11 7 34 5 17 19 3 28 6 16 0 20 15 27 21 23 22 12 10 31 39 9 1 32 26 40 13 14 18 24 
0 21
1 33
2 8
3 17
4 4
5 14
6 19
7 12
8 5
9 32
10 29
11 11
12 28
13 37
14 38
15 23
16 20
17 15
18 39
19 16
20 22
21 25
22 27
23 26
24 40
25 0
26 35
27 24
28 18
29 1
30 6
31 30
32 34
33 9
34 13
35 7
36 10
37 3
38 2
39 31
40 36
SIMILAR

30 23 21 37 12 20 9 32 36 27 8 4 33 40 29 11 19 34 35 24 1 5 26 13 2 39 25 6 22 38 0 17 28 10 7 15 16 3 14 18 31 
0 30
1 20
2 24
3 37
4 11
5 21
6 27
7 34
8 10
9 6
10 33
11 15
12 4
13 23
14 38
15 35
16 36
17 31
18 39
19 16
20 5
21 2
22 28
23 1
24 19
25 26
26 22
27 9
28 32
29 14
30 0
31 40
32 7
33 12
34 17
35 18
36 8
37 3
38 29
39 25
40 13
SIMILAR

23 4 39 10 36 14 21 26 33 35 9 30 38 8 32 2 25 24 34 1 16 0 22 6 5 13 27 40 37 15 18 19 20 11 17 3 7 28 29 12 31 
0 21
1 19
2 15
3 35
4 1
5 24
6 23
7 36
8 13
9 10
10 3
11 33
12 39
13 25
14 5
15 29
16 20
17 34
18 30
19 31
20 32
21 6
22 22
23 0
24 17
25 16
26 7
27 26
28 37
29 38
30 11
31 40
32 14
33 8
34 18
35 9
36 4
37 28
38 12
39 2
40 27
SIMILAR

17 19 31 36 35 32 40 2 23 16 13 24 33 4 15 3 9 29 12 14 10 6 38 37 5 28 18 27 8 0 34 20 1 22 7 25 26 30 21 39 11 
0 29
1 32
2 7
3 15
4 13
5 24
6 21
7 34
8 28
9 16
10 20
11 40
12 18
13 10
14 19
15 14
16 9
17 0
18 26
19 1
20 31
21 38
22 33
23 8
24 11
25 35
26 36
27 27
28 25
29 17
30 37
31 2
32 5
33 12
34 30
35 4
36 3
37 23
38 22
39 39
40 6
SIMILAR

17 13 4 20 38 35 33 40 2 39 23 14 19 18 7 37 25 9 27 28 22 3 34 12 6 24 29 16 10 5 1 11 0 36 26 8 31 32 15 21 30 
0 32
1 30
2 8
3 21
4 2
5 29
6 24
7 14
8 35
9 17
10 28
11 31
12 23
13 1
14 11
15 38
16 27
17 0
18 13
19 12
20 3
21 39
22 20
23 10
24 25
25 16
26 34
27 18
28 19
29 26
30 40
31 36
32 37
33 6
34 22
35 5
36 33
37 15
38 4
39 9
40 7
SIMILAR

23 28 13 26 7 24 10 39 21 32 16 33 8 6 38 35 1 18 34 3 12 31 2 40 19 25 37 29 17 9 36 14 4 11 5 20 22 30 27 0 15 
0 39
1 16
2 22
3 19
4 32
5 34
6 13
7 4
8 12
9 29
10 6
11 33
12 20
13 2
14 31
15 40
16 10
17 28
18 17
19 24
20 35
21 8
22 36
23 0
24 5
25 25
26 3
27 38
28 1
29 27
30 37
31 21
32 9
33 11
34 18
35 15
36 30
37 26
38 14
39 7
40 23
SIMILAR
100 0
3800 0
373800 0
