41
0 0 1 1 0 1 0 0 0 0 0 0 1 0 0 1 0 1 1 1 0 1 1 1 0 1 0 1 1 0 1 1 0 1 1 0 1 1 1 1 1 
0 0 0 0 0 0 0 1 0 0 1 0 1 1 0 0 1 0 0 0 1 0 1 1 1 0 0 0 0 0 0 1 1 1 1 1 0 0 1 1 0 
1 0 0 0 1 1 1 0 0 1 1 1 1 1 0 0 0 0 1 0 0 0 0 1 1 1 0 1 1 1 0 0 0 0 0 0 0 0 1 1 1 
1 0 0 0 1 0 1 0 1 1 0 1 1 1 0 1 1 1 0 1 1 0 1 1 0 1 1 0 0 0 0 0 1 0 1 0 1 0 0 0 0 
0 0 1 1 0 1 0 1 0 1 0 1 1 1 1 0 1 0 0 1 0 1 0 1 0 0 1 1 0 1 1 0 0 0 1 0 1 0 0 1 0 
1 0 1 0 1 0 0 1 0 0 1 0 1 0 1 1 1 0 0 1 0 1 1 1 1 0 0 0 1 1 0 1 1 0 0 1 1 0 0 1 1 
0 0 1 1 0 0 0 0 0 1 1 0 1 1 1 0 1 0 0 0 1 0 1 1 0 0 0 1 0 0 1 0 0 0 0 1 1 1 0 0 0 
0 1 0 0 1 1 0 0 1 0 1 0 1 0 1 1 0 1 1 0 1 1 0 0 1 0 0 0 0 1 1 0 1 0 0 1 1 1 1 0 1 
0 0 0 1 0 0 0 1 0 1 0 0 0 0 1 0 0 0 1 0 0 1 1 1 0 1 1 0 0 0 0 0 1 0 0 0 1 1 1 0 0 
0 0 1 1 1 0 1 0 1 0 1 0 1 1 1 1 1 0 0 0 1 1 0 0 0 1 0 0 1 0 0 1 0 1 1 0 0 0 0 1 1 
0 1 1 0 0 1 1 1 0 1 0 0 1 0 0 1 0 1 1 0 1 1 1 0 0 0 0 1 0 0 1 1 0 0 1 1 0 1 1 1 0 
0 0 1 1 1 0 0 0 0 0 0 0 1 1 1 1 1 1 1 1 1 1 1 0 0 1 1 0 1 1 1 0 1 1 1 1 1 1 1 0 0 
1 1 1 1 1 1 1 1 0 1 1 1 0 0 0 0 1 0 1 0 1 0 0 1 1 0 0 0 0 1 0 0 0 0 1 0 0 0 0 0 1 
0 1 1 1 1 0 1 0 0 1 0 1 0 0 1 0 1 0 1 1 0 0 1 1 0 0 1 0 0 1 1 1 1 1 1 0 0 0 0 0 1 
0 0 0 0 1 1 1 1 1 1 0 1 0 1 0 0 1 1 1 1 0 1 0 0 0 1 0 0 0 0 0 1 0 1 0 1 0 1 0 1 0 
1 0 0 1 0 1 0 1 0 1 1 1 0 0 0 0 1 1 1 0 0 1 0 0 0 0 1 1 0 0 0 1 0 1 0 0 1 1 0 0 0 
0 1 0 1 1 1 1 0 0 1 0 1 1 1 1 1 0 1 1 0 1 0 1 1 1 0 0 1 0 1 1 1 0 0 1 0 1 1 0 0 1 
1 0 0 1 0 0 0 1 0 0 1 1 0 0 1 1 1 0 1 0 1 1 1 1 1 1 1 1 0 1 1 0 0 1 1 0 1 0 0 0 1 
1 0 1 0 0 0 0 1 1 0 1 1 1 1 1 1 1 1 0 0 1 0 0 1 1 1 0 0 0 0 1 0 0 1 1 0 1 1 1 1 0 
1 0 0 1 1 1 0 0 0 0 0 1 0 1 1 0 0 0 0 0 1 0 1 0 1 1 1 0 0 1 1 1 1 1 1 1 1 1 1 0 0 
0 1 0 1 0 0 1 1 0 1 1 1 1 0 0 0 1 1 1 1 0 1 0 0 0 0 0 0 1 0 0 0 1 1 1 1 1 1 0 1 0 
1 0 0 0 1 1 0 1 1 1 1 1 0 0 1 1 0 1 0 0 1 0 0 0 0 0 1 0 1 1 1 1 1 0 1 1 1 1 0 1 0 
1 1 0 1 0 1 1 0 1 0 1 1 0 1 0 0 1 1 0 1 0 0 0 1 1 1 0 1 1 1 0 0 1 1 1 1 1 0 0 0 1 
1 1 1 1 1 1 1 0 1 0 0 0 1 1 0 0 1 1 1 0 0 0 1 0 0 1 0 0 1 0 0 0 0 1 0 0 1 0 0 1 0 
0 1 1 0 0 1 0 1 0 0 0 0 1 0 0 0 1 1 1 1 0 0 1 0 0 1 0 0 1 1 0 1 1 0 0 0 1 1 0 0 1 
1 0 1 1 0 0 0 0 1 1 0 1 0 0 1 0 0 1 1 1 0 0 1 1 1 0 1 0 1 1 0 0 0 0 0 1 0 1 1 0 1 
0 0 0 1 1 0 0 0 1 0 0 1 0 1 0 1 0 1 0 1 0 1 0 0 0 1 0 0 1 0 1 1 0 0 1 0 0 0 0 1 1 
1 0 1 0 1 0 1 0 0 0 1 0 0 0 0 1 1 1 0 0 0 0 1 0 0 0 0 0 0 0 0 1 0 0 1 1 0 0 0 0 1 
1 0 1 0 0 1 0 0 0 1 0 1 0 0 0 0 0 0 0 0 1 1 1 1 1 1 1 0 0 0 0 0 0 0 0 0 1 0 1 0 1 
0 0 1 0 1 1 0 1 0 0 0 1 1 1 0 0 1 1 0 1 0 1 1 0 1 1 0 0 0 0 0 0 1 1 1 0 1 1 0 0 1 
1 0 0 0 1 0 1 1 0 0 1 1 0 1 0 0 1 1 1 1 0 1 0 0 0 0 1 0 0 0 0 0 0 0 1 1 1 0 1 0 0 
1 1 0 0 0 1 0 0 0 1 1 0 0 1 1 1 1 0 0 1 0 1 0 0 1 0 1 1 0 0 0 0 1 1 0 1 0 1 0 1 1 
0 1 0 1 0 1 0 1 1 0 0 1 0 1 0 0 0 0 0 1 1 1 1 0 1 0 0 0 0 1 0 1 0 1 1 0 0 1 0 1 0 
1 1 0 0 0 0 0 0 0 1 0 1 0 1 1 1 0 1 1 1 1 0 1 1 0 0 0 0 0 1 0 1 1 0 0 1 1 0 1 1 0 
1 1 0 1 1 0 0 0 0 1 1 1 1 1 0 0 1 1 1 1 1 1 1 0 0 0 1 1 0 1 1 0 1 0 0 0 0 1 1 0 1 
0 1 0 0 0 1 1 1 0 0 1 1 0 0 1 0 0 0 0 1 1 1 1 0 0 1 0 1 0 0 1 1 0 1 0 0 0 0 1 0 1 
1 0 0 1 1 1 1 1 1 0 0 1 0 0 0 1 1 1 1 1 1 1 1 1 1 0 0 0 1 1 1 0 0 1 0 0 0 1 0 1 1 
1 0 0 0 0 0 1 1 1 0 1 1 0 0 1 1 1 0 1 1 1 1 0 0 1 1 0 0 0 1 0 1 1 0 1 0 1 0 0 1 0 
1 1 1 0 0 0 0 1 1 0 1 1 0 0 0 0 0 0 1 1 0 0 0 0 0 1 0 0 1 0 1 0 0 1 1 1 0 0 0 1 0 
1 1 1 0 1 1 0 0 0 1 1 0 0 0 1 0 0 0 1 0 1 1 0 1 0 0 1 0 0 0 0 1 1 1 0 0 1 1 1 0 1 
1 0 1 0 0 1 0 1 0 1 0 0 1 1 0 0 1 1 0 0 0 0 1 0 1 1 1 1 1 1 0 1 0 0 1 1 1 0 0 1 0 

36 29 22 15 35 27 3 7 37 1 6 33 31 40 38 11 20 12 16 39 18 25 14 21 5 24 17 13 30 2 34 8 10 32 28 4 9 26 23 0 19 
0 39
1 9
2 29
3 6
4 35
5 24
6 10
7 7
8 31
9 36
10 32
11 15
12 17
13 27
14 22
15 3
16 18
17 26
18 20
19 40
20 16
21 23
22 2
23 38
24 25
25 21
26 37
27 5
28 34
29 1
30 28
31 12
32 33
33 11
34 30
35 4
36 0
37 8
38 14
39 19
40 13
SIMILAR

36 39 14 22 31 37 25 13 16 4 1 17 28 24 12 15 26 40 11 2 34 20 27 33 35 6 38 7 30 3 32 19 5 29 9 0 18 23 21 8 10 
0 35
1 10
2 19
3 29
4 9
5 32
6 25
7 27
8 39
9 34
10 40
11 18
12 14
13 7
14 2
15 15
16 8
17 11
18 36
19 31
20 21
21 38
22 3
23 37
24 13
25 6
26 16
27 22
28 12
29 33
30 28
31 4
32 30
33 23
34 20
35 24
36 0
37 5
38 26
39 1
40 17
SIMILAR

31 29 32 35 18 5 1 9 19 4 40 23 21 12 15 30 6 26 7 28 24 33 37 0 11 25 3 22 39 13 27 34 17 20 8 2 10 14 16 36 38 
0 23
1 6
2 35
3 26
4 9
5 5
6 16
7 18
8 34
9 7
10 36
11 24
12 13
13 29
14 37
15 14
16 38
17 32
18 4
19 8
20 33
21 12
22 27
23 11
24 20
25 25
26 17
27 30
28 19
29 1
30 15
31 0
32 2
33 21
34 31
35 3
36 39
37 22
38 40
39 28
40 10
SIMILAR

13 12 5 14 3 16 22 34 35 25 15 26 6 32 7 19 27 4 37 39 33 0 2 24 10 11 30 38 36 20 28 21 17 29 31 18 1 23 9 40 8 
0 21
1 36
2 22
3 4
4 17
5 2
6 12
7 14
8 40
9 38
10 24
11 25
12 1
13 0
14 3
15 10
16 5
17 32
18 35
19 15
20 29
21 31
22 6
23 37
24 23
25 9
26 11
27 16
28 30
29 33
30 26
31 34
32 13
33 20
34 7
35 8
36 28
37 18
38 27
39 19
40 39
SIMILAR

30 35 0 36 34 18 14 21 27 22 15 6 20 33 3 11 12 39 24 28 4 19 1 5 2 40 26 9 10 7 38 17 16 32 13 31 23 29 37 8 25 
0 2
1 22
2 24
3 14
4 20
5 23
6 11
7 29
8 39
9 27
10 28
11 15
12 16
13 34
14 6
15 10
16 32
17 31
18 5
19 21
20 12
21 7
22 9
23 36
24 18
25 40
26 26
27 8
28 19
29 37
30 0
31 35
32 33
33 13
34 4
35 1
36 3
37 38
38 30
39 17
40 25
SIMILAR

25 11 31 40 24 6 32 4 30 36 37 12 0 16 18 22 26 34 29 7 20 10 14 33 15 3 8 39 28 23 2 9 35 38 21 27 1 19 17 5 13 
0 12
1 36
2 30
3 25
4 7
5 39
6 5
7 19
8 26
9 31
10 21
11 1
12 11
13 40
14 22
15 24
16 13
17 38
18 14
19 37
20 20
21 34
22 15
23 29
24 4
25 0
26 16
27 35
28 28
29 18
30 8
31 2
32 6
33 23
34 17
35 32
36 9
37 10
38 33
39 27
40 3
SIMILAR

32 10 11 15 1 18 7 8 13 33 9 5 31 4 2 24 17 27 19 21 40 34 36 6 38 25 30 16 0 28 12 23 29 22 39 26 14 37 20 35 3 
0 28
1 4
2 14
3 40
4 13
5 11
6 23
7 6
8 7
9 10
10 1
11 2
12 30
13 8
14 36
15 3
16 27
17 16
18 5
19 18
20 38
21 19
22 33
23 31
24 15
25 25
26 35
27 17
28 29
29 32
30 26
31 12
32 0
33 9
34 21
35 39
36 22
37 37
38 24
39 34
40 20
SIMILAR

28 8 31 21 23 14 20 34 0 27 39 9 26 33 10 15 35 36 6 12 5 1 32 18 13 11 7 30 2 24 40 19 3 38 25 4 22 17 29 16 37 
0 8
1 21
2 28
3 32
4 35
5 20
6 18
7 26
8 1
9 11
10 14
11 25
12 19
13 24
14 5
15 15
16 39
17 37
18 23
19 31
20 6
21 3
22 36
23 4
24 29
25 34
26 12
27 9
28 0
29 38
30 27
31 2
32 22
33 13
34 7
35 16
36 17
37 40
38 33
39 10
40 30
SIMILAR

35 24 17 13 33 30 34 0 16 2 1 31 7 11 19 4 40 18 9 39 20 28 14 3 12 8 37 32 23 36 6 5 25 22 29 26 38 21 27 10 15 
0 7
1 10
2 9
3 23
4 15
5 31
6 30
7 12
8 25
9 18
10 39
11 13
12 24
13 3
14 22
15 40
16 8
17 2
18 17
19 14
20 20
21 37
22 33
23 28
24 1
25 32
26 35
27 38
28 21
29 34
30 5
31 11
32 27
33 4
34 6
35 0
36 29
37 26
38 36
39 19
40 16
SIMILAR

33 31 11 30 24 22 26 0 39 1 21 14 5 9 8 35 18 19 36 2 27 20 37 7 40 29 6 25 15 23 3 4 13 28 12 17 38 10 32 16 34 
0 7
1 9
2 19
3 30
4 31
5 12
6 26
7 23
8 14
9 13
10 37
11 2
12 34
13 32
14 11
15 28
16 39
17 35
18 16
19 17
20 21
21 10
22 5
23 29
24 4
25 27
26 6
27 20
28 33
29 25
30 3
31 1
32 38
33 0
34 40
35 15
36 18
37 22
38 36
39 8
40 24
SIMILAR

4 1 32 18 12 0 8 15 23 34 35 24 11 2 26 37 40 29 27 38 16 25 20 33 10 7 5 9 19 22 3 31 13 30 28 21 39 17 14 36 6 
0 5
1 1
2 13
3 30
4 0
5 26
6 40
7 25
8 6
9 27
10 24
11 12
12 4
13 32
14 38
15 7
16 20
17 37
18 3
19 28
20 22
21 35
22 29
23 8
24 11
25 21
26 14
27 18
28 34
29 17
30 33
31 31
32 2
33 23
34 9
35 10
36 39
37 15
38 19
39 36
40 16
SIMILAR

6 4 24 9 36 35 37 17 25 1 27 33 31 11 10 21 2 8 20 13 7 14 5 28 0 26 22 16 34 38 30 40 29 15 23 3 18 39 32 12 19 
0 24
1 9
2 16
3 35
4 1
5 22
6 0
7 20
8 17
9 3
10 14
11 13
12 39
13 19
14 21
15 33
16 27
17 7
18 36
19 40
20 18
21 15
22 26
23 34
24 2
25 8
26 25
27 10
28 23
29 32
30 30
31 12
32 38
33 11
34 28
35 5
36 4
37 6
38 29
39 37
40 31
SIMILAR

23 6 35 29 39 37 34 15 4 28 17 0 30 31 1 3 9 40 26 8 32 5 20 33 38 7 13 36 27 11 10 14 19 18 22 12 2 16 25 21 24 
0 11
1 14
2 36
3 15
4 8
5 21
6 1
7 25
8 19
9 16
10 30
11 29
12 35
13 26
14 31
15 7
16 37
17 10
18 33
19 32
20 22
21 39
22 34
23 0
24 40
25 38
26 18
27 28
28 9
29 3
30 12
31 13
32 20
33 23
34 6
35 2
36 27
37 5
38 24
39 4
40 17
SIMILAR

20 10 33 25 17 35 15 26 24 18 40 23 4 28 0 13 27 21 14 5 1 39 34 19 6 12 37 11 8 36 30 29 7 2 3 9 38 32 16 31 22 
0 14
1 20
2 33
3 34
4 12
5 19
6 24
7 32
8 28
9 35
10 1
11 27
12 25
13 15
14 18
15 6
16 38
17 4
18 9
19 23
20 0
21 17
22 40
23 11
24 8
25 3
26 7
27 16
28 13
29 31
30 30
31 39
32 37
33 2
34 22
35 5
36 29
37 26
38 36
39 21
40 10
SIMILAR

4 39 32 9 19 5 13 20 16 2 34 14 36 29 18 31 37 15 0 38 12 23 26 10 28 24 27 3 7 6 40 35 8 30 17 11 25 21 33 22 1 
0 18
1 40
2 9
3 27
4 0
5 5
6 29
7 28
8 32
9 3
10 23
11 35
12 20
13 6
14 11
15 17
16 8
17 34
18 14
19 4
20 7
21 37
22 39
23 21
24 25
25 36
26 22
27 26
28 24
29 13
30 33
31 15
32 2
33 38
34 10
35 31
36 12
37 16
38 19
39 1
40 30
SIMILAR

10 40 13 19 33 11 36 25 4 32 22 15 7 38 6 26 29 16 9 12 3 14 27 0 18 24 28 35 31 8 1 2 34 21 5 23 30 37 17 20 39 
0 23
1 30
2 31
3 20
4 8
5 34
6 14
7 12
8 29
9 18
10 0
11 5
12 19
13 2
14 21
15 11
16 17
17 38
18 24
19 3
20 39
21 33
22 10
23 35
24 25
25 7
26 15
27 22
28 26
29 16
30 36
31 28
32 9
33 4
34 32
35 27
36 6
37 37
38 13
39 40
40 1
SIMILAR

14 27 35 38 22 26 37 17 33 34 28 8 11 10 30 25 4 20 7 5 24 13 0 16 23 21 9 19 40 29 15 39 12 3 18 32 31 6 36 2 1 
0 22
1 40
2 39
3 33
4 16
5 19
6 37
7 18
8 11
9 26
10 13
11 12
12 32
13 21
14 0
15 30
16 23
17 7
18 34
19 27
20 17
21 25
22 4
23 24
24 20
25 15
26 5
27 1
28 10
29 29
30 14
31 36
32 35
33 8
34 9
35 2
36 38
37 6
38 3
39 31
40 28
SIMILAR

38 34 1 21 40 10 23 27 25 29 3 19 31 37 11 6 12 5 2 35 14 7 4 0 28 20 32 8 16 22 26 18 9 17 39 30 36 15 24 33 13 
0 23
1 2
2 18
3 10
4 22
5 17
6 15
7 21
8 27
9 32
10 5
11 14
12 16
13 40
14 20
15 37
16 28
17 33
18 31
19 11
20 25
21 3
22 29
23 6
24 38
25 8
26 30
27 7
28 24
29 9
30 35
31 12
32 26
33 39
34 1
35 19
36 36
37 13
38 0
39 34
40 4
SIMILAR

34 3 11 6 17 32 35 28 4 15 40 24 36 5 2 23 0 19 8 16 14 20 18 38 1 26 30 7 10 31 21 29 12 37 9 25 13 27 22 33 39 
0 16
1 24
2 14
3 1
4 8
5 13
6 3
7 27
8 18
9 34
10 28
11 2
12 32
13 36
14 20
15 9
16 19
17 4
18 22
19 17
20 21
21 30
22 38
23 15
24 11
25 35
26 25
27 37
28 7
29 31
30 26
31 29
32 5
33 39
34 0
35 6
36 12
37 33
38 23
39 40
40 10
SIMILAR

5 35 17 8 38 37 9 39 18 19 20 10 34 14 4 7 15 33 6 24 32 36 29 26 22 0 11 1 12 25 16 30 21 27 23 28 13 2 40 31 3 
0 25
1 27
2 37
3 40
4 14
5 0
6 18
7 15
8 3
9 6
10 11
11 26
12 28
13 36
14 13
15 16
16 30
17 2
18 8
19 9
20 10
21 32
22 24
23 34
24 19
25 29
26 23
27 33
28 35
29 22
30 31
31 39
32 20
33 17
34 12
35 1
36 21
37 5
38 4
39 7
40 38
SIMILAR

3 8 31 7 32 11 30 35 14 15 25 37 16 10 23 1 4 28 19 13 34 0 6 40 36 17 2 9 12 21 5 18 29 20 38 24 27 33 26 22 39 
0 21
1 15
2 26
3 0
4 16
5 30
6 22
7 3
8 1
9 27
10 13
11 5
12 28
13 19
14 8
15 9
16 12
17 25
18 31
19 18
20 33
21 29
22 39
23 14
24 35
25 10
26 38
27 36
28 17
29 32
30 6
31 2
32 4
33 37
34 20
35 7
36 24
37 11
38 34
39 40
40 23
SIMILAR

24 21 40 13 39 7 37 16 1 4 23 26 5 35 11 6 25 27 33 29 32 3 12 0 10 17 34 9 8 36 31 22 28 19 18 15 14 2 30 38 20 
0 23
1 8
2 37
3 21
4 9
5 12
6 15
7 5
8 28
9 27
10 24
11 14
12 22
13 3
14 36
15 35
16 7
17 25
18 34
19 33
20 40
21 1
22 31
23 10
24 0
25 16
26 11
27 17
28 32
29 19
30 38
31 30
32 20
33 18
34 26
35 13
36 29
37 6
38 39
39 4
40 2
SIMILAR

15 26 6 10 5 25 12 23 32 28 27 22 40 7 9 37 19 13 1 36 31 11 34 20 16 4 14 39 17 8 18 35 2 0 29 38 30 21 3 33 24 
0 33
1 18
2 32
3 38
4 25
5 4
6 2
7 13
8 29
9 14
10 3
11 21
12 6
13 17
14 26
15 0
16 24
17 28
18 30
19 16
20 23
21 37
22 11
23 7
24 40
25 5
26 1
27 10
28 9
29 34
30 36
31 20
32 8
33 39
34 22
35 31
36 19
37 15
38 35
39 27
40 12
SIMILAR

23 4 19 29 17 3 16 26 21 38 1 33 31 8 14 36 18 10 20 12 7 11 35 37 13 0 6 9 24 2 5 28 15 22 34 25 40 32 27 30 39 
0 25
1 10
2 29
3 5
4 1
5 30
6 26
7 20
8 13
9 27
10 17
11 21
12 19
13 24
14 14
15 32
16 6
17 4
18 16
19 2
20 18
21 8
22 33
23 0
24 28
25 35
26 7
27 38
28 31
29 3
30 39
31 12
32 37
33 11
34 34
35 22
36 15
37 23
38 9
39 40
40 36
SIMILAR

12 27 33 29 36 6 24 40 37 20 32 19 11 0 4 2 15 14 8 26 17 35 21 5 38 31 30 16 13 10 28 3 18 9 7 22 25 39 1 34 23 
0 13
1 38
2 15
3 31
4 14
5 23
6 5
7 34
8 18
9 33
10 29
11 12
12 0
13 28
14 17
15 16
16 27
17 20
18 32
19 11
20 9
21 22
22 35
23 40
24 6
25 36
26 19
27 1
28 30
29 3
30 26
31 25
32 10
33 2
34 39
35 21
36 4
37 8
38 24
39 37
40 7
SIMILAR

30 40 24 33 29 25 6 31 5 11 37 22 21 36 39 18 19 13 10 23 0 12 35 15 7 26 38 20 17 16 3 14 28 9 27 34 4 8 32 2 1 
0 20
1 40
2 39
3 30
4 36
5 8
6 6
7 24
8 37
9 33
10 18
11 9
12 21
13 17
14 31
15 23
16 29
17 28
18 15
19 16
20 27
21 12
22 11
23 19
24 2
25 5
26 25
27 34
28 32
29 4
30 0
31 7
32 38
33 3
34 35
35 22
36 13
37 10
38 26
39 14
40 1
SIMILAR

2 8 7 9 39 27 21 38 33 29 23 11 13 30 32 4 6 26 40 16 15 19 3 17 1 34 10 24 28 0 37 35 31 20 12 25 18 22 14 5 36 
0 29
1 24
2 0
3 22
4 15
5 39
6 16
7 2
8 1
9 3
10 26
11 11
12 34
13 12
14 38
15 20
16 19
17 23
18 36
19 21
20 33
21 6
22 37
23 10
24 27
25 35
26 17
27 5
28 28
29 9
30 13
31 32
32 14
33 8
34 25
35 31
36 40
37 30
38 7
39 4
40 18
SIMILAR

6 21 27 36 34 11 3 31 13 16 29 9 23 10 28 39 5 7 15 38 26 8 37 1 17 24 33 12 32 25 4 35 22 19 30 20 14 40 0 18 2 
0 38
1 23
2 40
3 6
4 30
5 16
6 0
7 17
8 21
9 11
10 13
11 5
12 27
13 8
14 36
15 18
16 9
17 24
18 39
19 33
20 35
21 1
22 32
23 12
24 25
25 29
26 20
27 2
28 14
29 10
30 34
31 7
32 28
33 26
34 4
35 31
36 3
37 22
38 19
39 15
40 37
SIMILAR

9 4 15 13 37 25 2 17 26 16 1 36 22 18 32 10 28 3 34 27 40 20 31 21 23 12 11 35 5 30 24 0 7 19 29 6 8 39 14 38 33 
0 31
1 10
2 6
3 17
4 1
5 28
6 35
7 32
8 36
9 0
10 15
11 26
12 25
13 3
14 38
15 2
16 9
17 7
18 13
19 33
20 21
21 23
22 12
23 24
24 30
25 5
26 8
27 19
28 16
29 34
30 29
31 22
32 14
33 40
34 18
35 27
36 11
37 4
38 39
39 37
40 20
SIMILAR

20 18 9 25 12 22 29 32 19 21 6 35 16 4 7 13 24 8 31 36 34 33 14 38 15 0 5 2 11 26 3 37 23 17 30 27 39 10 40 1 28 
0 25
1 39
2 27
3 30
4 13
5 26
6 10
7 14
8 17
9 2
10 37
11 28
12 4
13 15
14 22
15 24
16 12
17 33
18 1
19 8
20 0
21 9
22 5
23 32
24 16
25 3
26 29
27 35
28 40
29 6
30 34
31 18
32 7
33 21
34 20
35 11
36 19
37 31
38 23
39 36
40 38
SIMILAR

39 36 2 11 19 6 21 27 7 40 26 28 34 32 8 20 4 16 30 10 12 15 0 14 13 1 17 24 18 9 38 29 5 25 31 37 35 23 33 22 3 
0 22
1 25
2 2
3 40
4 16
5 32
6 5
7 8
8 14
9 29
10 19
11 3
12 20
13 24
14 23
15 21
16 17
17 26
18 28
19 4
20 15
21 6
22 39
23 37
24 27
25 33
26 10
27 7
28 11
29 31
30 18
31 34
32 13
33 38
34 12
35 36
36 1
37 35
38 30
39 0
40 9
SIMILAR

22 0 14 40 23 8 18 37 34 10 32 19 15 25 29 6 3 26 1 31 11 39 17 5 36 12 4 20 16 7 9 33 30 21 35 2 27 28 24 38 13 
0 1
1 18
2 35
3 16
4 26
5 23
6 15
7 29
8 5
9 30
10 9
11 20
12 25
13 40
14 2
15 12
16 28
17 22
18 6
19 11
20 27
21 33
22 0
23 4
24 38
25 13
26 17
27 36
28 37
29 14
30 32
31 19
32 10
33 31
34 8
35 34
36 24
37 7
38 39
39 21
40 3
SIMILAR

3 32 11 29 39 10 34 19 40 38 31 12 6 23 9 28 24 15 4 25 1 35 22 8 14 20 17 33 37 0 21 7 26 27 18 5 36 13 2 16 30 
0 29
1 20
2 38
3 0
4 18
5 35
6 12
7 31
8 23
9 14
10 5
11 2
12 11
13 37
14 24
15 17
16 39
17 26
18 34
19 7
20 25
21 30
22 22
23 13
24 16
25 19
26 32
27 33
28 15
29 3
30 40
31 10
32 1
33 27
34 6
35 21
36 36
37 28
38 9
39 4
40 8
SIMILAR

7 13 29 37 16 5 40 14 36 28 15 30 23 27 18 21 9 34 25 0 26 17 12 31 35 32 1 11 39 4 8 24 2 19 38 6 20 10 3 33 22 
0 19
1 26
2 32
3 38
4 29
5 5
6 35
7 0
8 30
9 16
10 37
11 27
12 22
13 1
14 7
15 10
16 4
17 21
18 14
19 33
20 36
21 15
22 40
23 12
24 31
25 18
26 20
27 13
28 9
29 2
30 11
31 23
32 25
33 39
34 17
35 24
36 8
37 3
38 34
39 28
40 6
SIMILAR

14 30 31 38 24 40 21 20 8 34 15 28 4 37 36 33 23 6 11 13 16 19 1 29 0 39 27 10 5 26 3 22 32 7 2 35 12 18 17 9 25 
0 24
1 22
2 34
3 30
4 12
5 28
6 17
7 33
8 8
9 39
10 27
11 18
12 36
13 19
14 0
15 10
16 20
17 38
18 37
19 21
20 7
21 6
22 31
23 16
24 4
25 40
26 29
27 26
28 11
29 23
30 1
31 2
32 32
33 15
34 9
35 35
36 14
37 13
38 3
39 25
40 5
SIMILAR

30 4 7 25 17 1 34 19 36 27 5 16 23 0 21 20 33 39 35 26 28 2 12 38 22 3 14 8 29 18 11 9 10 32 13 40 31 15 37 24 6 
0 13
1 5
2 21
3 25
4 1
5 10
6 40
7 2
8 27
9 31
10 32
11 30
12 22
13 34
14 26
15 37
16 11
17 4
18 29
19 7
20 15
21 14
22 24
23 12
24 39
25 3
26 19
27 9
28 20
29 28
30 0
31 36
32 33
33 16
34 6
35 18
36 8
37 38
38 23
39 17
40 35
SIMILAR

15 33 39 24 30 12 10 26 0 18 35 2 25 6 40 27 3 8 20 1 28 4 36 31 22 5 14 11 34 19 17 32 29 9 21 23 37 7 38 16 13 
0 8
1 19
2 11
3 16
4 21
5 25
6 13
7 37
8 17
9 33
10 6
11 27
12 5
13 40
14 26
15 0
16 39
17 30
18 9
19 29
20 18
21 34
22 24
23 35
24 3
25 12
26 7
27 15
28 20
29 32
30 4
31 23
32 31
33 1
34 28
35 10
36 22
37 36
38 38
39 2
40 14
SIMILAR

6 31 40 30 2 12 24 13 4 5 10 39 29 8 36 33 1 22 21 37 32 25 11 18 17 23 16 34 0 38 20 19 28 26 35 15 3 27 7 14 9 
0 28
1 16
2 4
3 36
4 8
5 9
6 0
7 38
8 13
9 40
10 10
11 22
12 5
13 7
14 39
15 35
16 26
17 24
18 23
19 31
20 30
21 18
22 17
23 25
24 6
25 21
26 33
27 37
28 32
29 12
30 3
31 1
32 20
33 15
34 27
35 34
36 14
37 19
38 29
39 11
40 2
SIMILAR

24 29 39 31 5 32 28 27 21 14 30 7 11 4 37 22 16 15 1 2 17 19 25 35 33 26 38 18 40 8 6 34 13 0 9 10 23 20 12 3 36 
0 33
1 18
2 19
3 39
4 13
5 4
6 30
7 11
8 29
9 34
10 35
11 12
12 38
13 32
14 9
15 17
16 16
17 20
18 27
19 21
20 37
21 8
22 15
23 36
24 0
25 22
26 25
27 7
28 6
29 1
30 10
31 3
32 5
33 24
34 31
35 23
36 40
37 14
38 26
39 2
40 28
SIMILAR

39 33 6 37 27 19 34 26 28 11 36 8 2 16 1 30 40 20 17 23 24 18 10 15 0 31 13 9 12 35 22 38 7 21 3 29 4 25 32 5 14 
0 24
1 14
2 12
3 34
4 36
5 39
6 2
7 32
8 11
9 27
10 22
11 9
12 28
13 26
14 40
15 23
16 13
17 18
18 21
19 5
20 17
21 33
22 30
23 19
24 20
25 37
26 7
27 4
28 8
29 35
30 15
31 25
32 38
33 1
34 6
35 29
36 10
37 3
38 31
39 0
40 16
SIMILAR

34 28 33 5 17 11 20 14 21 25 19 27 2 26 13 32 12 37 22 31 7 4 8 35 36 39 1 40 23 30 16 9 15 3 10 29 18 38 0 6 24 
0 38
1 26
2 12
3 33
4 21
5 3
6 39
7 20
8 22
9 31
10 34
11 5
12 16
13 14
14 7
15 32
16 30
17 4
18 36
19 10
20 6
21 8
22 18
23 28
24 40
25 9
26 13
27 11
28 1
29 35
30 29
31 19
32 15
33 2
34 0
35 23
36 24
37 17
38 37
39 25
40 27
SIMILAR

27 11 16 33 34 26 31 24 28 5 1 15 25 32 4 13 2 0 14 9 7 23 40 12 18 38 36 3 22 21 35 39 6 19 17 20 29 37 30 10 8 
0 17
1 10
2 16
3 27
4 14
5 9
6 32
7 20
8 40
9 19
10 39
11 1
12 23
13 15
14 18
15 11
16 2
17 34
18 24
19 33
20 35
21 29
22 28
23 21
24 7
25 12
26 5
27 0
28 8
29 36
30 38
31 6
32 13
33 3
34 4
35 30
36 26
37 37
38 25
39 31
40 22
SIMILAR

28 15 6 40 23 29 7 35 1 3 11 38 36 32 12 21 22 18 4 19 10 25 39 9 8 31 2 20 37 14 27 34 24 30 13 17 33 26 16 0 5 
0 39
1 8
2 26
3 9
4 18
5 40
6 2
7 6
8 24
9 23
10 20
11 10
12 14
13 34
14 29
15 1
16 38
17 35
18 17
19 19
20 27
21 15
22 16
23 4
24 32
25 21
26 37
27 30
28 0
29 5
30 33
31 25
32 13
33 36
34 31
35 7
36 12
37 28
38 11
39 22
40 3
SIMILAR

5 36 4 24 20 30 14 10 28 3 0 7 38 23 6 35 37 31 32 33 2 11 12 26 40 34 25 1 15 39 29 8 22 17 19 18 21 27 9 16 13 
0 10
1 27
2 20
3 9
4 2
5 0
6 14
7 11
8 31
9 38
10 7
11 21
12 22
13 40
14 6
15 28
16 39
17 33
18 35
19 34
20 4
21 36
22 32
23 13
24 3
25 26
26 23
27 37
28 8
29 30
30 5
31 17
32 18
33 19
34 25
35 15
36 1
37 16
38 12
39 29
40 24
SIMILAR

30 11 3 40 39 33 22 29 1 31 27 28 7 32 16 9 36 0 14 34 10 15 35 4 24 20 38 12 26 25 19 23 5 17 13 8 37 2 21 18 6 
0 17
1 8
2 37
3 2
4 23
5 32
6 40
7 12
8 35
9 15
10 20
11 1
12 27
13 34
14 18
15 21
16 14
17 33
18 39
19 30
20 25
21 38
22 6
23 31
24 24
25 29
26 28
27 10
28 11
29 7
30 0
31 9
32 13
33 5
34 19
35 22
36 16
37 36
38 26
39 4
40 3
SIMILAR

27 21 9 16 14 17 37 10 33 1 40 15 38 32 13 39 30 36 18 22 7 29 23 8 5 0 2 12 19 26 6 3 28 25 35 20 11 4 34 31 24 
0 25
1 9
2 26
3 31
4 37
5 24
6 30
7 20
8 23
9 2
10 7
11 36
12 27
13 14
14 4
15 11
16 3
17 5
18 18
19 28
20 35
21 1
22 19
23 22
24 40
25 33
26 29
27 0
28 32
29 21
30 16
31 39
32 13
33 8
34 38
35 34
36 17
37 6
38 12
39 15
40 10
SIMILAR

4 30 1 15 16 26 13 35 12 23 6 9 8 22 24 34 33 7 38 0 17 36 28 11 37 32 20 10 19 5 25 14 27 3 18 31 39 2 40 29 21 
0 19
1 2
2 37
3 33
4 0
5 29
6 10
7 17
8 12
9 11
10 27
11 23
12 8
13 6
14 31
15 3
16 4
17 20
18 34
19 28
20 26
21 40
22 13
23 9
24 14
25 30
26 5
27 32
28 22
29 39
30 1
31 35
32 25
33 16
34 15
35 7
36 21
37 24
38 18
39 36
40 38
SIMILAR

8 16 12 35 21 10 25 26 34 36 37 11 39 4 40 9 32 1 7 6 27 2 24 13 17 38 5 22 18 29 19 3 33 15 14 30 31 23 0 28 20 
0 38
1 17
2 21
3 31
4 13
5 26
6 19
7 18
8 0
9 15
10 5
11 11
12 2
13 23
14 34
15 33
16 1
17 24
18 28
19 30
20 40
21 4
22 27
23 37
24 22
25 6
26 7
27 20
28 39
29 29
30 35
31 36
32 16
33 32
34 8
35 3
36 9
37 10
38 25
39 12
40 14
SIMILAR

2 33 20 13 8 12 34 31 36 30 0 38 4 24 14 22 5 21 7 17 3 6 15 40 11 32 10 25 26 23 37 29 28 1 39 35 18 16 19 27 9 
0 10
1 33
2 0
3 20
4 12
5 16
6 21
7 18
8 4
9 40
10 26
11 24
12 5
13 3
14 14
15 22
16 37
17 19
18 36
19 38
20 2
21 17
22 15
23 29
24 13
25 27
26 28
27 39
28 32
29 31
30 9
31 7
32 25
33 1
34 6
35 35
36 8
37 30
38 11
39 34
40 23
SIMILAR

6 25 12 14 30 19 21 32 35 24 17 2 28 22 18 31 26 13 9 7 0 20 29 3 36 16 34 4 39 5 15 1 23 40 10 11 37 38 8 33 27 
0 20
1 31
2 11
3 23
4 27
5 29
6 0
7 19
8 38
9 18
10 34
11 35
12 2
13 17
14 3
15 30
16 25
17 10
18 14
19 5
20 21
21 6
22 13
23 32
24 9
25 1
26 16
27 40
28 12
29 22
30 4
31 15
32 7
33 39
34 26
35 8
36 24
37 36
38 37
39 28
40 33
SIMILAR

4 3 13 5 9 6 22 12 36 24 2 23 34 26 35 8 30 15 32 10 38 27 37 1 28 11 17 40 7 29 19 21 16 20 39 31 18 33 14 25 0 
0 40
1 23
2 10
3 1
4 0
5 3
6 5
7 28
8 15
9 4
10 19
11 25
12 7
13 2
14 38
15 17
16 32
17 26
18 36
19 30
20 33
21 31
22 6
23 11
24 9
25 39
26 13
27 21
28 24
29 29
30 16
31 35
32 18
33 37
34 12
35 14
36 8
37 22
38 20
39 34
40 27
SIMILAR

16 31 35 33 14 26 24 6 40 39 21 27 28 11 10 9 32 34 19 25 4 1 17 7 36 15 3 0 22 23 38 2 29 20 18 37 13 12 30 8 5 
0 27
1 21
2 31
3 26
4 20
5 40
6 7
7 23
8 39
9 15
10 14
11 13
12 37
13 36
14 4
15 25
16 0
17 22
18 34
19 18
20 33
21 10
22 28
23 29
24 6
25 19
26 5
27 11
28 12
29 32
30 38
31 1
32 16
33 3
34 17
35 2
36 24
37 35
38 30
39 9
40 8
SIMILAR

11 31 14 37 15 13 26 0 6 21 36 12 24 19 5 38 35 22 10 39 33 30 9 3 32 1 27 2 29 17 23 18 20 8 7 25 34 40 28 16 4 
0 7
1 25
2 27
3 23
4 40
5 14
6 8
7 34
8 33
9 22
10 18
11 0
12 11
13 5
14 2
15 4
16 39
17 29
18 31
19 13
20 32
21 9
22 17
23 30
24 12
25 35
26 6
27 26
28 38
29 28
30 21
31 1
32 24
33 20
34 36
35 16
36 10
37 3
38 15
39 19
40 37
SIMILAR

29 4 17 22 40 26 18 9 30 33 13 32 37 11 34 7 15 35 38 3 21 16 10 12 23 19 39 8 20 25 5 14 24 27 31 1 0 28 6 36 2 
0 36
1 35
2 40
3 19
4 1
5 30
6 38
7 15
8 27
9 7
10 22
11 13
12 23
13 10
14 31
15 16
16 21
17 2
18 6
19 25
20 28
21 20
22 3
23 24
24 32
25 29
26 5
27 33
28 37
29 0
30 8
31 34
32 11
33 9
34 14
35 17
36 39
37 12
38 18
39 26
40 4
SIMILAR

30 26 5 15 32 9 37 33 39 22 38 14 19 7 24 36 20 13 31 10 40 21 27 34 18 4 1 0 23 12 8 29 2 25 17 11 16 28 6 35 3 
0 27
1 26
2 32
3 40
4 25
5 2
6 38
7 13
8 30
9 5
10 19
11 35
12 29
13 17
14 11
15 3
16 36
17 34
18 24
19 12
20 16
21 21
22 9
23 28
24 14
25 33
26 1
27 22
28 37
29 31
30 0
31 18
32 4
33 7
34 23
35 39
36 15
37 6
38 10
39 8
40 20
SIMILAR

10 2 4 8 17 11 21 32 3 13 19 31 7 6 39 12 25 14 37 20 24 15 35 18 23 1 33 27 9 38 0 22 26 5 40 34 30 29 16 36 28 
0 30
1 25
2 1
3 8
4 2
5 33
6 13
7 12
8 3
9 28
10 0
11 5
12 15
13 9
14 17
15 21
16 38
17 4
18 23
19 10
20 19
21 6
22 31
23 24
24 20
25 16
26 32
27 27
28 40
29 37
30 36
31 11
32 7
33 26
34 35
35 22
36 39
37 18
38 29
39 14
40 34
SIMILAR

6 33 13 25 28 10 18 29 34 2 4 1 23 15 27 9 11 3 35 24 30 21 31 36 32 39 37 8 19 12 26 22 5 38 16 14 7 20 40 0 17 
0 39
1 11
2 9
3 17
4 10
5 32
6 0
7 36
8 27
9 15
10 5
11 16
12 29
13 2
14 35
15 13
16 34
17 40
18 6
19 28
20 37
21 21
22 31
23 12
24 19
25 3
26 30
27 14
28 4
29 7
30 20
31 22
32 24
33 1
34 8
35 18
36 23
37 26
38 33
39 25
40 38
SIMILAR

25 13 23 26 17 32 3 31 21 16 37 4 7 1 14 12 19 11 28 0 27 10 5 39 40 35 36 6 9 34 30 8 24 2 38 29 20 22 15 18 33 
0 19
1 13
2 33
3 6
4 11
5 22
6 27
7 12
8 31
9 28
10 21
11 17
12 15
13 1
14 14
15 38
16 9
17 4
18 39
19 16
20 36
21 8
22 37
23 2
24 32
25 0
26 3
27 20
28 18
29 35
30 30
31 7
32 5
33 40
34 29
35 25
36 26
37 10
38 34
39 23
40 24
SIMILAR

33 16 40 31 19 23 11 3 8 32 26 7 0 17 25 20 9 38 13 14 39 28 2 6 22 29 35 1 37 10 18 15 34 27 12 21 30 36 5 24 4 
0 12
1 27
2 22
3 7
4 40
5 38
6 23
7 11
8 8
9 16
10 29
11 6
12 34
13 18
14 19
15 31
16 1
17 13
18 30
19 4
20 15
21 35
22 24
23 5
24 39
25 14
26 10
27 33
28 21
29 25
30 36
31 3
32 9
33 0
34 32
35 26
36 37
37 28
38 17
39 20
40 2
SIMILAR

21 39 33 36 20 26 4 25 14 30 15 38 35 28 1 31 13 37 18 9 40 0 6 19 5 17 11 29 27 12 16 34 2 24 3 22 8 10 23 7 32 
0 21
1 14
2 32
3 34
4 6
5 24
6 22
7 39
8 36
9 19
10 37
11 26
12 29
13 16
14 8
15 10
16 30
17 25
18 18
19 23
20 4
21 0
22 35
23 38
24 33
25 7
26 5
27 28
28 13
29 27
30 9
31 15
32 40
33 2
34 31
35 12
36 3
37 17
38 11
39 1
40 20
SIMILAR

20 6 39 31 34 18 5 2 25 17 38 7 10 13 1 22 9 32 12 29 30 0 24 35 27 3 14 15 8 40 16 33 11 26 28 36 23 4 19 37 21 
0 21
1 14
2 7
3 25
4 37
5 6
6 1
7 11
8 28
9 16
10 12
11 32
12 18
13 13
14 26
15 27
16 30
17 9
18 5
19 38
20 0
21 40
22 15
23 36
24 22
25 8
26 33
27 24
28 34
29 19
30 20
31 3
32 17
33 31
34 4
35 23
36 35
37 39
38 10
39 2
40 29
SIMILAR

26 11 12 17 40 15 19 33 7 38 0 1 37 13 29 18 25 8 5 4 30 21 2 20 24 6 31 14 36 23 39 34 3 27 9 32 22 35 10 16 28 
0 10
1 11
2 22
3 32
4 19
5 18
6 25
7 8
8 17
9 34
10 38
11 1
12 2
13 13
14 27
15 5
16 39
17 3
18 15
19 6
20 23
21 21
22 36
23 29
24 24
25 16
26 0
27 33
28 40
29 14
30 20
31 26
32 35
33 7
34 31
35 37
36 28
37 12
38 9
39 30
40 4
SIMILAR

39 18 40 7 17 28 6 12 3 15 22 27 26 23 1 2 34 35 38 37 31 20 0 10 30 9 29 19 4 11 5 33 14 32 25 13 21 36 16 24 8 
0 22
1 14
2 15
3 8
4 28
5 30
6 6
7 3
8 40
9 25
10 23
11 29
12 7
13 35
14 32
15 9
16 38
17 4
18 1
19 27
20 21
21 36
22 10
23 13
24 39
25 34
26 12
27 11
28 5
29 26
30 24
31 20
32 33
33 31
34 16
35 17
36 37
37 19
38 18
39 0
40 2
SIMILAR

10 1 9 38 37 11 28 23 35 25 14 20 27 6 15 4 36 17 22 13 8 7 3 31 5 16 18 33 40 24 26 39 34 30 32 19 0 21 12 2 29 
0 36
1 1
2 39
3 22
4 15
5 24
6 13
7 21
8 20
9 2
10 0
11 5
12 38
13 19
14 10
15 14
16 25
17 17
18 26
19 35
20 11
21 37
22 18
23 7
24 29
25 9
26 30
27 12
28 6
29 40
30 33
31 23
32 34
33 27
34 32
35 8
36 16
37 4
38 3
39 31
40 28
SIMILAR

3 26 33 16 22 19 34 11 5 18 13 31 39 9 40 28 0 32 8 10 21 15 12 7 1 27 23 25 14 6 4 35 38 24 36 29 20 30 37 17 2 
0 16
1 24
2 40
3 0
4 30
5 8
6 29
7 23
8 18
9 13
10 19
11 7
12 22
13 10
14 28
15 21
16 3
17 39
18 9
19 5
20 36
21 20
22 4
23 26
24 33
25 27
26 1
27 25
28 15
29 35
30 37
31 11
32 17
33 2
34 6
35 31
36 34
37 38
38 32
39 12
40 14
SIMILAR

15 27 3 40 22 32 6 21 8 29 30 38 13 16 7 19 1 24 17 9 0 26 4 12 37 34 20 35 36 25 28 33 18 14 31 39 2 5 10 11 23 
0 20
1 16
2 36
3 2
4 22
5 37
6 6
7 14
8 8
9 19
10 38
11 39
12 23
13 12
14 33
15 0
16 13
17 18
18 32
19 15
20 26
21 7
22 4
23 40
24 17
25 29
26 21
27 1
28 30
29 9
30 10
31 34
32 5
33 31
34 25
35 27
36 28
37 24
38 11
39 35
40 3
SIMILAR

34 14 28 15 20 27 18 13 21 9 33 24 25 8 40 36 35 7 0 16 30 23 4 3 19 2 17 1 32 12 6 11 5 38 31 22 26 39 10 29 37 
0 18
1 27
2 25
3 23
4 22
5 32
6 30
7 17
8 13
9 9
10 38
11 31
12 29
13 7
14 1
15 3
16 19
17 26
18 6
19 24
20 4
21 8
22 35
23 21
24 11
25 12
26 36
27 5
28 2
29 39
30 20
31 34
32 28
33 10
34 0
35 16
36 15
37 40
38 33
39 37
40 14
SIMILAR

27 13 35 37 23 22 20 39 8 7 32 16 6 3 29 25 26 9 5 1 14 36 30 2 40 34 18 15 38 31 12 19 33 21 11 28 0 24 17 10 4 
0 36
1 19
2 23
3 13
4 40
5 18
6 12
7 9
8 8
9 17
10 39
11 34
12 30
13 1
14 20
15 27
16 11
17 38
18 26
19 31
20 6
21 33
22 5
23 4
24 37
25 15
26 16
27 0
28 35
29 14
30 22
31 29
32 10
33 32
34 25
35 2
36 21
37 3
38 28
39 7
40 24
SIMILAR

39 10 25 31 3 18 40 23 27 8 2 36 37 9 5 34 17 24 0 15 19 22 30 26 16 4 12 1 29 7 20 38 14 28 11 35 21 6 13 33 32 
0 18
1 27
2 10
3 4
4 25
5 14
6 37
7 29
8 9
9 13
10 1
11 34
12 26
13 38
14 32
15 19
16 24
17 16
18 5
19 20
20 30
21 36
22 21
23 7
24 17
25 2
26 23
27 8
28 33
29 28
30 22
31 3
32 40
33 39
34 15
35 35
36 11
37 12
38 31
39 0
40 6
SIMILAR

24 3 7 36 30 26 18 12 14 11 27 20 39 38 19 5 9 1 31 28 6 23 8 34 22 29 2 21 25 33 10 15 4 37 17 16 32 40 35 0 13 
0 39
1 17
2 26
3 1
4 32
5 15
6 20
7 2
8 22
9 16
10 30
11 9
12 7
13 40
14 8
15 31
16 35
17 34
18 6
19 14
20 11
21 27
22 24
23 21
24 0
25 28
26 5
27 10
28 19
29 25
30 4
31 18
32 36
33 29
34 23
35 38
36 3
37 33
38 13
39 12
40 37
SIMILAR

7 17 0 29 10 23 27 4 20 32 35 19 5 37 39 13 33 1 16 38 26 34 30 11 14 3 18 15 2 31 8 6 22 28 9 24 12 40 21 25 36 
0 2
1 17
2 28
3 25
4 7
5 12
6 31
7 0
8 30
9 34
10 4
11 23
12 36
13 15
14 24
15 27
16 18
17 1
18 26
19 11
20 8
21 38
22 32
23 5
24 35
25 39
26 20
27 6
28 33
29 3
30 22
31 29
32 9
33 16
34 21
35 10
36 40
37 13
38 19
39 14
40 37
SIMILAR

4 16 31 22 8 6 12 38 19 36 9 14 1 5 20 17 33 27 15 10 2 11 32 3 0 37 23 25 34 18 40 24 21 26 35 29 13 28 7 39 30 
0 24
1 12
2 20
3 23
4 0
5 13
6 5
7 38
8 4
9 10
10 19
11 21
12 6
13 36
14 11
15 18
16 1
17 15
18 29
19 8
20 14
21 32
22 3
23 26
24 31
25 27
26 33
27 17
28 37
29 35
30 40
31 2
32 22
33 16
34 28
35 34
36 9
37 25
38 7
39 39
40 30
SIMILAR

30 27 4 39 17 28 1 40 37 34 31 16 22 8 23 18 33 9 13 20 12 2 11 0 25 35 36 21 3 19 14 32 24 26 6 10 7 15 38 29 5 
0 23
1 6
2 21
3 28
4 2
5 40
6 34
7 36
8 13
9 17
10 35
11 22
12 20
13 18
14 30
15 37
16 11
17 4
18 15
19 29
20 19
21 27
22 12
23 14
24 32
25 24
26 33
27 1
28 5
29 39
30 0
31 10
32 31
33 16
34 9
35 25
36 26
37 8
38 38
39 3
40 7
SIMILAR

23 38 21 11 6 17 13 24 35 40 33 20 2 26 25 0 31 30 3 34 15 37 22 28 16 18 4 19 10 32 7 9 36 39 27 1 5 29 14 8 12 
0 15
1 35
2 12
3 18
4 26
5 36
6 4
7 30
8 39
9 31
10 28
11 3
12 40
13 6
14 38
15 20
16 24
17 5
18 25
19 27
20 11
21 2
22 22
23 0
24 7
25 14
26 13
27 34
28 23
29 37
30 17
31 16
32 29
33 10
34 19
35 8
36 32
37 21
38 1
39 33
40 9
SIMILAR

21 37 6 31 23 34 13 11 17 35 5 33 26 39 22 16 2 12 36 19 10 38 3 27 0 20 32 1 15 30 9 8 7 25 28 18 4 29 14 24 40 
0 24
1 27
2 16
3 22
4 36
5 10
6 2
7 32
8 31
9 30
10 20
11 7
12 17
13 6
14 38
15 28
16 15
17 8
18 35
19 19
20 25
21 0
22 14
23 4
24 39
25 33
26 12
27 23
28 34
29 37
30 29
31 3
32 26
33 11
34 5
35 9
36 18
37 1
38 21
39 13
40 40
SIMILAR

10 9 11 37 17 12 15 16 29 34 26 40 4 5 7 28 32 0 1 33 39 13 25 14 36 24 6 3 38 30 23 22 31 27 2 19 20 21 18 35 8 
0 17
1 18
2 34
3 27
4 12
5 13
6 26
7 14
8 40
9 1
10 0
11 2
12 5
13 21
14 23
15 6
16 7
17 4
18 38
19 35
20 36
21 37
22 31
23 30
24 25
25 22
26 10
27 33
28 15
29 8
30 29
31 32
32 16
33 19
34 9
35 39
36 24
37 3
38 28
39 20
40 11
SIMILAR

20 9 10 36 8 5 40 32 11 16 2 15 35 39 29 33 23 7 17 14 24 38 28 6 0 37 31 4 12 1 13 19 3 30 22 26 25 27 21 18 34 
0 24
1 29
2 10
3 32
4 27
5 5
6 23
7 17
8 4
9 1
10 2
11 8
12 28
13 30
14 19
15 11
16 9
17 18
18 39
19 31
20 0
21 38
22 34
23 16
24 20
25 36
26 35
27 37
28 22
29 14
30 33
31 26
32 7
33 15
34 40
35 12
36 3
37 25
38 21
39 13
40 6
SIMILAR

19 30 31 15 23 20 38 34 26 18 27 1 32 14 2 3 33 13 28 7 29 6 11 24 4 9 22 36 40 37 16 5 21 8 39 17 0 12 25 35 10 
0 36
1 11
2 14
3 15
4 24
5 31
6 21
7 19
8 33
9 25
10 40
11 22
12 37
13 17
14 13
15 3
16 30
17 35
18 9
19 0
20 5
21 32
22 26
23 4
24 23
25 38
26 8
27 10
28 18
29 20
30 1
31 2
32 12
33 16
34 7
35 39
36 27
37 29
38 6
39 34
40 28
SIMILAR

34 21 39 6 20 18 16 22 40 32 15 12 10 5 25 36 37 30 9 38 4 33 0 27 29 14 19 28 2 26 3 35 13 31 1 7 8 11 17 24 23 
0 22
1 34
2 28
3 30
4 20
5 13
6 3
7 35
8 36
9 18
10 12
11 37
12 11
13 32
14 25
15 10
16 6
17 38
18 5
19 26
20 4
21 1
22 7
23 40
24 39
25 14
26 29
27 23
28 27
29 24
30 17
31 33
32 9
33 21
34 0
35 31
36 15
37 16
38 19
39 2
40 8
SIMILAR

38 5 12 29 1 13 39 0 32 25 34 3 9 37 31 20 8 22 21 23 26 4 14 30 6 19 7 35 18 11 33 10 2 40 28 15 24 27 16 17 36 
0 7
1 4
2 32
3 11
4 21
5 1
6 24
7 26
8 16
9 12
10 31
11 29
12 2
13 5
14 22
15 35
16 38
17 39
18 28
19 25
20 15
21 18
22 17
23 19
24 36
25 9
26 20
27 37
28 34
29 3
30 23
31 14
32 8
33 30
34 10
35 27
36 40
37 13
38 0
39 6
40 33
SIMILAR

26 37 22 32 20 29 31 36 40 34 11 1 33 24 39 28 2 16 35 6 13 12 30 25 18 7 23 4 5 14 19 27 9 0 8 38 3 10 21 15 17 
0 33
1 11
2 16
3 36
4 27
5 28
6 19
7 25
8 34
9 32
10 37
11 10
12 21
13 20
14 29
15 39
16 17
17 40
18 24
19 30
20 4
21 38
22 2
23 26
24 13
25 23
26 0
27 31
28 15
29 5
30 22
31 6
32 3
33 12
34 9
35 18
36 7
37 1
38 35
39 14
40 8
SIMILAR

32 26 37 18 36 28 3 24 35 5 33 29 20 8 30 31 0 4 1 15 27 16 40 25 19 12 11 17 13 7 23 2 22 39 6 34 38 10 9 14 21 
0 16
1 18
2 31
3 6
4 17
5 9
6 34
7 29
8 13
9 38
10 37
11 26
12 25
13 28
14 39
15 19
16 21
17 27
18 3
19 24
20 12
21 40
22 32
23 30
24 7
25 23
26 1
27 20
28 5
29 11
30 14
31 15
32 0
33 10
34 35
35 8
36 4
37 2
38 36
39 33
40 22
SIMILAR

1 31 18 23 14 27 17 37 5 7 8 10 32 25 29 4 0 16 2 13 21 36 38 34 19 6 3 15 33 35 39 24 22 26 11 20 12 9 30 28 40 
0 16
1 0
2 18
3 26
4 15
5 8
6 25
7 9
8 10
9 37
10 11
11 34
12 36
13 19
14 4
15 27
16 17
17 6
18 2
19 24
20 35
21 20
22 32
23 3
24 31
25 13
26 33
27 5
28 39
29 14
30 38
31 1
32 12
33 28
34 23
35 29
36 21
37 7
38 22
39 30
40 40
SIMILAR

21 14 25 6 12 3 35 26 30 10 13 8 4 5 39 22 36 1 15 16 33 17 32 7 34 29 11 20 24 23 9 31 0 28 27 18 40 37 38 2 19 
0 32
1 17
2 39
3 5
4 12
5 13
6 3
7 23
8 11
9 30
10 9
11 26
12 4
13 10
14 1
15 18
16 19
17 21
18 35
19 40
20 27
21 0
22 15
23 29
24 28
25 2
26 7
27 34
28 33
29 25
30 8
31 31
32 22
33 20
34 24
35 6
36 16
37 37
38 38
39 14
40 36
SIMILAR

33 23 18 21 30 9 13 19 25 31 0 11 2 38 28 39 6 29 16 14 1 7 26 35 8 40 5 3 20 17 22 36 34 10 12 15 27 37 4 32 24 
0 10
1 20
2 12
3 27
4 38
5 26
6 16
7 21
8 24
9 5
10 33
11 11
12 34
13 6
14 19
15 35
16 18
17 29
18 2
19 7
20 28
21 3
22 30
23 1
24 40
25 8
26 22
27 36
28 14
29 17
30 4
31 9
32 39
33 0
34 32
35 23
36 31
37 37
38 13
39 15
40 25
SIMILAR

10 18 19 33 35 6 23 24 34 17 29 27 8 1 16 0 39 13 31 4 14 2 11 26 38 15 40 30 7 25 36 20 37 21 32 28 12 3 22 5 9 
0 15
1 13
2 21
3 37
4 19
5 39
6 5
7 28
8 12
9 40
10 0
11 22
12 36
13 17
14 20
15 25
16 14
17 9
18 1
19 2
20 31
21 33
22 38
23 6
24 7
25 29
26 23
27 11
28 35
29 10
30 27
31 18
32 34
33 3
34 8
35 4
36 30
37 32
38 24
39 16
40 26
SIMILAR

39 19 24 20 8 9 30 4 22 35 31 1 16 15 25 5 40 14 28 36 32 21 17 12 3 29 18 11 0 38 34 10 13 2 37 27 33 23 6 7 26 
0 28
1 11
2 33
3 24
4 7
5 15
6 38
7 39
8 4
9 5
10 31
11 27
12 23
13 32
14 17
15 13
16 12
17 22
18 26
19 1
20 3
21 21
22 8
23 37
24 2
25 14
26 40
27 35
28 18
29 25
30 6
31 10
32 20
33 36
34 30
35 9
36 19
37 34
38 29
39 0
40 16
SIMILAR

30 13 3 11 21 1 34 24 16 36 32 18 12 4 14 10 37 17 28 29 26 31 0 20 19 15 2 5 6 40 35 22 23 27 33 9 7 25 8 39 38 
0 22
1 5
2 26
3 2
4 13
5 27
6 28
7 36
8 38
9 35
10 15
11 3
12 12
13 1
14 14
15 25
16 8
17 17
18 11
19 24
20 23
21 4
22 31
23 32
24 7
25 37
26 20
27 33
28 18
29 19
30 0
31 21
32 10
33 34
34 6
35 30
36 9
37 16
38 40
39 39
40 29
SIMILAR

8 24 10 21 9 5 31 2 40 12 3 16 32 6 1 11 33 4 0 14 30 25 7 23 35 17 36 18 19 28 37 20 38 29 26 13 27 39 34 15 22 
0 18
1 14
2 7
3 10
4 17
5 5
6 13
7 22
8 0
9 4
10 2
11 15
12 9
13 35
14 19
15 39
16 11
17 25
18 27
19 28
20 31
21 3
22 40
23 23
24 1
25 21
26 34
27 36
28 29
29 33
30 20
31 6
32 12
33 16
34 38
35 24
36 26
37 30
38 32
39 37
40 8
SIMILAR

0 40 30 26 21 36 9 25 18 3 11 20 17 16 19 32 35 28 22 12 37 27 23 1 34 7 8 33 14 39 2 15 38 13 31 10 5 4 29 24 6 
0 0
1 23
2 30
3 9
4 37
5 36
6 40
7 25
8 26
9 6
10 35
11 10
12 19
13 33
14 28
15 31
16 13
17 12
18 8
19 14
20 11
21 4
22 18
23 22
24 39
25 7
26 3
27 21
28 17
29 38
30 2
31 34
32 15
33 27
34 24
35 16
36 5
37 20
38 32
39 29
40 1
SIMILAR

7 34 11 36 14 17 8 32 6 30 2 35 4 39 22 18 21 10 25 40 31 23 15 24 13 3 33 9 29 38 1 20 5 12 26 0 16 19 27 28 37 
0 35
1 30
2 10
3 25
4 12
5 32
6 8
7 0
8 6
9 27
10 17
11 2
12 33
13 24
14 4
15 22
16 36
17 5
18 15
19 37
20 31
21 16
22 14
23 21
24 23
25 18
26 34
27 38
28 39
29 28
30 9
31 20
32 7
33 26
34 1
35 11
36 3
37 40
38 29
39 13
40 19
SIMILAR

35 17 32 31 25 9 21 0 33 1 12 34 8 7 11 26 29 37 24 6 28 30 4 38 19 36 2 27 18 40 13 22 39 16 14 3 23 20 10 5 15 
0 7
1 9
2 26
3 35
4 22
5 39
6 19
7 13
8 12
9 5
10 38
11 14
12 10
13 30
14 34
15 40
16 33
17 1
18 28
19 24
20 37
21 6
22 31
23 36
24 18
25 4
26 15
27 27
28 20
29 16
30 21
31 3
32 2
33 8
34 11
35 0
36 25
37 17
38 23
39 32
40 29
SIMILAR

39 6 31 25 19 5 12 14 8 18 36 24 2 15 0 16 27 28 10 38 23 4 13 21 20 22 37 1 9 17 35 3 33 32 34 40 7 30 29 26 11 
0 14
1 27
2 12
3 31
4 21
5 5
6 1
7 36
8 8
9 28
10 18
11 40
12 6
13 22
14 7
15 13
16 15
17 29
18 9
19 4
20 24
21 23
22 25
23 20
24 11
25 3
26 39
27 16
28 17
29 38
30 37
31 2
32 33
33 32
34 34
35 30
36 10
37 26
38 19
39 0
40 35
SIMILAR

12 20 5 17 37 25 27 21 14 29 6 22 24 2 1 7 38 19 33 34 9 28 40 26 30 10 8 35 13 0 36 39 3 23 4 31 15 32 11 18 16 
0 29
1 14
2 13
3 32
4 34
5 2
6 10
7 15
8 26
9 20
10 25
11 38
12 0
13 28
14 8
15 36
16 40
17 3
18 39
19 17
20 1
21 7
22 11
23 33
24 12
25 5
26 23
27 6
28 21
29 9
30 24
31 35
32 37
33 18
34 19
35 27
36 30
37 4
38 16
39 31
40 22
SIMILAR

30 10 6 22 1 19 36 4 2 33 28 18 38 21 15 17 13 20 12 25 31 35 24 5 0 14 16 23 8 39 32 27 9 7 26 29 40 37 3 34 11 
0 24
1 4
2 8
3 38
4 7
5 23
6 2
7 33
8 28
9 32
10 1
11 40
12 18
13 16
14 25
15 14
16 26
17 15
18 11
19 5
20 17
21 13
22 3
23 27
24 22
25 19
26 34
27 31
28 10
29 35
30 0
31 20
32 30
33 9
34 39
35 21
36 6
37 37
38 12
39 29
40 36
SIMILAR

0 21 20 2 9 39 6 31 32 4 10 14 19 40 17 5 3 8 29 7 24 34 15 25 38 12 28 37 16 26 27 11 30 1 22 18 13 36 33 35 23 
0 0
1 33
2 3
3 16
4 9
5 15
6 6
7 19
8 17
9 4
10 10
11 31
12 25
13 36
14 11
15 22
16 28
17 14
18 35
19 12
20 2
21 1
22 34
23 40
24 20
25 23
26 29
27 30
28 26
29 18
30 32
31 7
32 8
33 38
34 21
35 39
36 37
37 27
38 24
39 5
40 13
SIMILAR

30 12 10 6 18 4 13 19 14 24 34 2 37 15 3 28 16 0 5 11 17 27 26 39 35 40 36 29 33 32 31 22 1 23 20 9 7 25 21 8 38 
0 17
1 32
2 11
3 14
4 5
5 18
6 3
7 36
8 39
9 35
10 2
11 19
12 1
13 6
14 8
15 13
16 16
17 20
18 4
19 7
20 34
21 38
22 31
23 33
24 9
25 37
26 22
27 21
28 15
29 27
30 0
31 30
32 29
33 28
34 10
35 24
36 26
37 12
38 40
39 23
40 25
SIMILAR

18 20 35 24 40 13 26 7 31 1 14 29 23 5 9 4 33 12 6 10 36 37 21 22 15 2 16 3 11 19 32 17 30 34 8 39 38 0 28 25 27 
0 37
1 9
2 25
3 27
4 15
5 13
6 18
7 7
8 34
9 14
10 19
11 28
12 17
13 5
14 10
15 24
16 26
17 31
18 0
19 29
20 1
21 22
22 23
23 12
24 3
25 39
26 6
27 40
28 38
29 11
30 32
31 8
32 30
33 16
34 33
35 2
36 20
37 21
38 36
39 35
40 4
SIMILAR

38 10 5 24 9 31 32 15 39 28 1 14 2 13 3 6 18 29 26 40 4 25 22 7 23 30 35 8 19 33 37 17 27 34 20 11 12 0 21 36 16 
0 37
1 10
2 12
3 14
4 20
5 2
6 15
7 23
8 27
9 4
10 1
11 35
12 36
13 13
14 11
15 7
16 40
17 31
18 16
19 28
20 34
21 38
22 22
23 24
24 3
25 21
26 18
27 32
28 9
29 17
30 25
31 5
32 6
33 29
34 33
35 26
36 39
37 30
38 0
39 8
40 19
SIMILAR

17 16 28 39 33 15 18 14 1 10 27 32 35 20 13 2 34 40 24 38 5 11 26 21 12 25 19 31 22 0 6 9 4 23 30 3 37 8 29 7 36 
0 29
1 8
2 15
3 35
4 32
5 20
6 30
7 39
8 37
9 31
10 9
11 21
12 24
13 14
14 7
15 5
16 1
17 0
18 6
19 26
20 13
21 23
22 28
23 33
24 18
25 25
26 22
27 10
28 2
29 38
30 34
31 27
32 11
33 4
34 16
35 12
36 40
37 36
38 19
39 3
40 17
SIMILAR
100 0
1600 0
371600 0
