41
0 1 0 0 0 1 1 0 1 1 1 1 0 1 0 1 1 1 1 1 0 0 0 1 0 0 0 0 1 1 1 1 1 1 1 0 0 1 0 1 1 
1 0 0 0 0 1 1 1 1 0 0 1 0 1 0 0 1 0 0 1 1 0 1 1 0 0 1 0 0 1 1 1 1 0 1 1 1 1 1 1 1 
0 0 0 0 0 1 0 0 1 1 0 0 0 1 0 0 0 0 0 1 0 1 1 0 1 1 0 1 0 0 0 0 1 1 0 1 0 0 0 1 1 
0 0 0 0 0 0 0 1 1 1 1 0 1 1 0 0 1 0 0 1 1 0 0 0 1 0 1 0 0 0 1 1 0 1 1 1 0 1 0 0 0 
0 0 0 0 0 1 0 1 0 0 0 1 1 1 1 1 1 1 1 1 0 0 1 1 0 0 0 1 0 0 0 0 0 1 1 1 0 0 0 1 1 
1 1 1 0 1 0 1 0 0 1 1 1 1 0 0 0 1 0 0 0 1 0 1 0 1 0 0 1 1 1 0 0 0 0 0 1 1 0 0 0 1 
1 1 0 0 0 1 0 0 1 0 0 1 1 1 0 1 1 0 1 0 1 1 0 0 0 1 1 0 1 1 1 0 1 0 0 1 1 0 1 1 0 
0 1 0 1 1 0 0 0 1 0 1 1 0 1 0 0 0 1 0 0 1 1 0 0 0 0 0 0 0 0 0 0 0 1 1 0 0 0 0 1 0 
1 1 1 1 0 0 1 1 0 1 0 1 0 0 0 0 1 0 1 0 0 0 0 0 1 0 0 1 0 1 1 1 1 0 1 1 1 0 1 0 0 
1 0 1 1 0 1 0 0 1 0 0 0 0 1 1 1 0 1 1 1 1 0 1 0 0 0 0 1 1 1 0 1 1 1 0 0 0 0 1 0 0 
1 0 0 1 0 1 0 1 0 0 0 0 0 0 1 1 1 1 1 1 0 0 0 1 1 0 1 1 0 0 1 0 0 1 0 1 0 0 0 1 1 
1 1 0 0 1 1 1 1 1 0 0 0 1 0 0 1 0 0 1 0 0 0 0 0 1 1 1 0 0 1 1 0 1 1 1 1 1 1 0 0 0 
0 0 0 1 1 1 1 0 0 0 0 1 0 1 0 1 1 1 0 0 0 0 1 0 0 1 0 0 1 0 1 0 0 1 1 0 1 0 0 0 1 
1 1 1 1 1 0 1 1 0 1 0 0 1 0 1 0 0 0 1 0 0 1 0 1 0 0 1 1 0 1 1 1 0 1 1 1 1 1 0 0 1 
0 0 0 0 1 0 0 0 0 1 1 0 0 1 0 1 0 0 1 1 0 0 1 1 1 0 0 1 1 0 1 0 1 0 0 1 1 0 1 0 1 
1 0 0 0 1 0 1 0 0 1 1 1 1 0 1 0 1 1 0 1 0 0 0 1 0 0 1 1 1 1 1 1 0 0 0 1 1 0 1 0 1 
1 1 0 1 1 1 1 0 1 0 1 0 1 0 0 1 0 0 0 1 0 0 0 0 0 0 1 1 1 0 0 0 0 1 0 1 1 0 1 0 0 
1 0 0 0 1 0 0 1 0 1 1 0 1 0 0 1 0 0 1 1 1 1 0 1 1 0 1 0 1 1 1 0 1 1 0 1 1 0 1 0 1 
1 0 0 0 1 0 1 0 1 1 1 1 0 1 1 0 0 1 0 0 0 0 1 0 1 0 0 0 0 0 0 0 0 0 0 1 1 1 0 0 1 
1 1 1 1 1 0 0 0 0 1 1 0 0 0 1 1 1 1 0 0 0 1 0 0 0 1 0 0 0 0 1 0 0 0 1 1 1 1 1 1 0 
0 1 0 1 0 1 1 1 0 1 0 0 0 0 0 0 0 1 0 0 0 1 1 1 1 1 1 0 1 0 0 1 1 1 1 1 1 0 0 0 1 
0 0 1 0 0 0 1 1 0 0 0 0 0 1 0 0 0 1 0 1 1 0 1 1 0 0 0 1 0 1 1 0 0 1 0 1 1 0 0 1 0 
0 1 1 0 1 1 0 0 0 1 0 0 1 0 1 0 0 0 1 0 1 1 0 1 0 1 1 0 0 1 0 0 1 0 1 0 0 0 0 0 0 
1 1 0 0 1 0 0 0 0 0 1 0 0 1 1 1 0 1 0 0 1 1 1 0 0 1 1 1 1 1 1 0 0 0 0 1 1 0 1 1 1 
0 0 1 1 0 1 0 0 1 0 1 1 0 0 1 0 0 1 1 0 1 0 0 0 0 0 0 0 0 0 0 0 0 0 0 1 1 0 0 0 0 
0 0 1 0 0 0 1 0 0 0 0 1 1 0 0 0 0 0 0 1 1 0 1 1 0 0 0 0 1 0 1 1 0 1 1 1 1 1 0 0 1 
0 1 0 1 0 0 1 0 0 0 1 1 0 1 0 1 1 1 0 0 1 0 1 1 0 0 0 1 1 1 0 0 1 1 0 0 0 0 0 1 0 
0 0 1 0 1 1 0 0 1 1 1 0 0 1 1 1 1 0 0 0 0 1 0 1 0 0 1 0 1 0 0 0 1 0 0 1 1 1 0 1 0 
1 0 0 0 0 1 1 0 0 1 0 0 1 0 1 1 1 1 0 0 1 0 0 1 0 1 1 1 0 0 0 0 0 1 0 0 0 0 0 1 1 
1 1 0 0 0 1 1 0 1 1 0 1 0 1 0 1 0 1 0 0 0 1 1 1 0 0 1 0 0 0 1 1 1 0 0 0 0 1 0 1 0 
1 1 0 1 0 0 1 0 1 0 1 1 1 1 1 1 0 1 0 1 0 1 0 1 0 1 0 0 0 1 0 1 0 1 0 0 0 1 1 1 0 
1 1 0 1 0 0 0 0 1 1 0 0 0 1 0 1 0 0 0 0 1 0 0 0 0 1 0 0 0 1 1 0 0 1 0 0 0 0 0 0 1 
1 1 1 0 0 0 1 0 1 1 0 1 0 0 1 0 0 1 0 0 1 0 1 0 0 0 1 1 0 1 0 0 0 0 0 0 1 0 0 1 0 
1 0 1 1 1 0 0 1 0 1 1 1 1 1 0 0 1 1 0 0 1 1 0 0 0 1 1 0 1 0 1 1 0 0 1 1 0 0 0 1 1 
1 1 0 1 1 0 0 1 1 0 0 1 1 1 0 0 0 0 0 1 1 0 1 0 0 1 0 0 0 0 0 0 0 1 0 1 0 0 0 1 0 
0 1 1 1 1 1 1 0 1 0 1 1 0 1 1 1 1 1 1 1 1 1 0 1 1 1 0 1 0 0 0 0 0 1 1 0 1 1 1 1 0 
0 1 0 0 0 1 1 0 1 0 0 1 1 1 1 1 1 1 1 1 1 1 0 1 1 1 0 1 0 0 0 0 1 0 0 1 0 1 1 0 0 
1 1 0 1 0 0 0 0 0 0 0 1 0 1 0 0 0 0 1 1 0 0 0 0 0 1 0 1 0 1 1 0 0 0 0 1 1 0 0 1 0 
0 1 0 0 0 0 1 0 1 1 0 0 0 0 1 1 1 1 0 1 0 0 0 1 0 0 0 0 0 0 1 0 0 0 0 1 1 0 0 0 1 
1 1 1 0 1 0 1 1 0 0 1 0 0 0 0 0 0 0 0 1 0 1 0 1 0 0 1 1 1 1 1 0 1 1 1 1 0 1 0 0 0 
1 1 1 0 1 1 0 0 0 0 1 0 1 1 1 1 0 1 1 0 1 0 0 1 0 1 0 0 1 0 0 1 0 1 0 0 0 0 1 0 0 

3 22 18 15 14 29 10 0 34 39 26 19 28 37 30 36 9 21 5 17 25 23 40 16 32 24 8 31 38 20 11 27 2 12 33 13 4 7 6 1 35 
0 7
1 39
2 32
3 0
4 36
5 18
6 38
7 37
8 26
9 16
10 6
11 30
12 33
13 35
14 4
15 3
16 23
17 19
18 2
19 11
20 29
21 17
22 1
23 21
24 25
25 20
26 10
27 31
28 12
29 5
30 14
31 27
32 24
33 34
34 8
35 40
36 15
37 13
38 28
39 9
40 22
SIMILAR

16 22 6 5 39 21 36 27 40 28 26 11 30 13 25 32 14 17 1 33 24 9 19 23 18 7 0 10 31 37 2 12 34 29 4 35 38 15 20 8 3 
0 26
1 18
2 30
3 40
4 34
5 3
6 2
7 25
8 39
9 21
10 27
11 11
12 31
13 13
14 16
15 37
16 0
17 17
18 24
19 22
20 38
21 5
22 1
23 23
24 20
25 14
26 10
27 7
28 9
29 33
30 12
31 28
32 15
33 19
34 32
35 35
36 6
37 29
38 36
39 4
40 8
SIMILAR

4 6 10 38 17 2 0 28 32 39 20 25 12 1 36 24 26 16 21 31 19 18 14 33 29 7 22 30 40 8 27 11 23 9 5 34 3 37 35 15 13 
0 6
1 13
2 5
3 36
4 0
5 34
6 1
7 25
8 29
9 33
10 2
11 31
12 12
13 40
14 22
15 39
16 17
17 4
18 21
19 20
20 10
21 18
22 26
23 32
24 15
25 11
26 16
27 30
28 7
29 24
30 27
31 19
32 8
33 23
34 35
35 38
36 14
37 37
38 3
39 9
40 28
SIMILAR

16 35 18 36 26 40 25 28 22 6 2 12 11 15 19 17 8 23 3 0 30 31 24 21 32 4 1 5 10 29 9 7 27 38 20 39 33 14 13 34 37 
0 19
1 26
2 10
3 18
4 25
5 27
6 9
7 31
8 16
9 30
10 28
11 12
12 11
13 38
14 37
15 13
16 0
17 15
18 2
19 14
20 34
21 23
22 8
23 17
24 22
25 6
26 4
27 32
28 7
29 29
30 20
31 21
32 24
33 36
34 39
35 1
36 3
37 40
38 33
39 35
40 5
SIMILAR

21 20 9 31 2 15 36 16 14 12 33 38 25 26 5 29 4 10 32 13 18 30 8 0 11 37 3 6 27 1 28 19 24 40 34 7 22 39 23 35 17 
0 23
1 29
2 4
3 26
4 16
5 14
6 27
7 35
8 22
9 2
10 17
11 24
12 9
13 19
14 8
15 5
16 7
17 40
18 20
19 31
20 1
21 0
22 36
23 38
24 32
25 12
26 13
27 28
28 30
29 15
30 21
31 3
32 18
33 10
34 34
35 39
36 6
37 25
38 11
39 37
40 33
SIMILAR

33 1 32 37 4 31 6 25 39 7 12 30 22 3 23 2 18 29 8 26 10 17 40 9 20 11 24 36 21 13 16 19 0 28 15 38 27 34 14 5 35 
0 32
1 1
2 15
3 13
4 4
5 39
6 6
7 9
8 18
9 23
10 20
11 25
12 10
13 29
14 38
15 34
16 30
17 21
18 16
19 31
20 24
21 28
22 12
23 14
24 26
25 7
26 19
27 36
28 33
29 17
30 11
31 5
32 2
33 0
34 37
35 40
36 27
37 3
38 35
39 8
40 22
SIMILAR

7 31 35 15 36 3 29 33 40 27 6 17 32 26 24 30 9 2 13 16 4 21 18 8 28 1 39 34 38 11 37 23 19 25 22 10 12 14 5 20 0 
0 40
1 25
2 17
3 5
4 20
5 38
6 10
7 0
8 23
9 16
10 35
11 29
12 36
13 18
14 37
15 3
16 19
17 11
18 22
19 32
20 39
21 21
22 34
23 31
24 14
25 33
26 13
27 9
28 24
29 6
30 15
31 1
32 12
33 7
34 27
35 2
36 4
37 30
38 28
39 26
40 8
SIMILAR

30 38 11 23 7 22 18 13 35 3 16 5 27 4 36 29 8 17 9 15 31 28 40 21 24 32 33 34 25 1 26 2 39 10 0 37 19 12 14 6 20 
0 34
1 29
2 31
3 9
4 13
5 11
6 39
7 4
8 16
9 18
10 33
11 2
12 37
13 7
14 38
15 19
16 10
17 17
18 6
19 36
20 40
21 23
22 5
23 3
24 24
25 28
26 30
27 12
28 21
29 15
30 0
31 20
32 25
33 26
34 27
35 8
36 14
37 35
38 1
39 32
40 22
SIMILAR

11 3 28 40 29 13 34 5 26 30 35 14 0 10 21 2 4 32 31 24 8 25 1 22 33 39 19 9 23 27 37 17 12 6 36 18 16 7 38 20 15 
0 12
1 22
2 15
3 1
4 16
5 7
6 33
7 37
8 20
9 27
10 13
11 0
12 32
13 5
14 11
15 40
16 36
17 31
18 35
19 26
20 39
21 14
22 23
23 28
24 19
25 21
26 8
27 29
28 2
29 4
30 9
31 18
32 17
33 24
34 6
35 10
36 34
37 30
38 38
39 25
40 3
SIMILAR

34 35 25 39 40 30 21 26 23 3 27 7 17 31 15 16 22 13 19 38 10 2 36 24 37 11 5 18 8 29 32 1 9 14 28 4 6 12 0 33 20 
0 38
1 31
2 21
3 9
4 35
5 26
6 36
7 11
8 28
9 32
10 20
11 25
12 37
13 17
14 33
15 14
16 15
17 12
18 27
19 18
20 40
21 6
22 16
23 8
24 23
25 2
26 7
27 10
28 34
29 29
30 5
31 13
32 30
33 39
34 0
35 1
36 22
37 24
38 19
39 3
40 4
SIMILAR

4 27 37 13 29 19 38 16 15 36 30 39 40 22 2 34 5 20 17 3 11 26 9 21 23 12 24 1 14 18 7 10 25 35 6 32 28 8 33 31 0 
0 40
1 27
2 14
3 19
4 0
5 16
6 34
7 30
8 37
9 22
10 31
11 20
12 25
13 3
14 28
15 8
16 7
17 18
18 29
19 5
20 17
21 23
22 13
23 24
24 26
25 32
26 21
27 1
28 36
29 4
30 10
31 39
32 35
33 38
34 15
35 33
36 9
37 2
38 6
39 11
40 12
SIMILAR

15 10 39 13 26 2 33 25 22 23 28 27 16 31 21 5 4 17 12 32 11 37 9 0 38 19 24 18 1 40 36 3 35 20 8 7 14 6 30 34 29 
0 23
1 28
2 5
3 31
4 16
5 15
6 37
7 35
8 34
9 22
10 1
11 20
12 18
13 3
14 36
15 0
16 12
17 17
18 27
19 25
20 33
21 14
22 8
23 9
24 26
25 7
26 4
27 11
28 10
29 40
30 38
31 13
32 19
33 6
34 39
35 32
36 30
37 21
38 24
39 2
40 29
SIMILAR

33 3 15 8 22 26 37 17 21 11 36 13 39 5 16 25 2 24 23 12 32 29 34 9 38 1 4 40 14 7 0 28 20 18 19 27 31 10 6 35 30 
0 30
1 25
2 16
3 1
4 26
5 13
6 38
7 29
8 3
9 23
10 37
11 9
12 19
13 11
14 28
15 2
16 14
17 7
18 33
19 34
20 32
21 8
22 4
23 18
24 17
25 15
26 5
27 35
28 31
29 21
30 40
31 36
32 20
33 0
34 22
35 39
36 10
37 6
38 24
39 12
40 27
SIMILAR

1 10 2 5 30 23 19 17 14 38 7 15 6 28 20 24 37 13 3 11 22 27 26 29 12 35 40 21 25 4 31 9 0 34 16 8 39 33 18 32 36 
0 32
1 0
2 2
3 18
4 29
5 3
6 12
7 10
8 35
9 31
10 1
11 19
12 24
13 17
14 8
15 11
16 34
17 7
18 38
19 6
20 14
21 27
22 20
23 5
24 15
25 28
26 22
27 21
28 13
29 23
30 4
31 30
32 39
33 37
34 33
35 25
36 40
37 16
38 9
39 36
40 26
SIMILAR

18 6 19 33 38 37 14 29 12 27 31 35 11 4 24 2 20 30 0 39 5 36 32 25 34 17 10 8 40 21 7 26 22 1 3 23 28 9 13 15 16 
0 18
1 33
2 15
3 34
4 13
5 20
6 1
7 30
8 27
9 37
10 26
11 12
12 8
13 38
14 6
15 39
16 40
17 25
18 0
19 2
20 16
21 29
22 32
23 35
24 14
25 23
26 31
27 9
28 36
29 7
30 17
31 10
32 22
33 3
34 24
35 11
36 21
37 5
38 4
39 19
40 28
SIMILAR

25 16 6 36 21 11 20 30 8 1 26 29 9 15 23 17 18 0 4 7 2 24 3 33 13 35 10 32 31 19 27 12 38 22 28 34 5 39 14 40 37 
0 17
1 9
2 20
3 22
4 18
5 36
6 2
7 19
8 8
9 12
10 26
11 5
12 31
13 24
14 38
15 13
16 1
17 15
18 16
19 29
20 6
21 4
22 33
23 14
24 21
25 0
26 10
27 30
28 34
29 11
30 7
31 28
32 27
33 23
34 35
35 25
36 3
37 40
38 32
39 37
40 39
SIMILAR

13 12 30 11 3 21 24 9 1 5 16 20 34 14 23 22 27 7 8 6 4 25 39 17 33 10 19 15 2 31 35 18 37 40 28 29 36 26 38 0 32 
0 39
1 8
2 28
3 4
4 20
5 9
6 19
7 17
8 18
9 7
10 25
11 3
12 1
13 0
14 13
15 27
16 10
17 23
18 31
19 26
20 11
21 5
22 15
23 14
24 6
25 21
26 37
27 16
28 34
29 35
30 2
31 29
32 40
33 24
34 12
35 30
36 36
37 32
38 38
39 22
40 33
SIMILAR

14 40 30 21 26 34 13 9 7 5 4 17 36 12 0 23 2 33 32 8 39 20 27 24 16 15 25 6 37 18 22 29 28 35 38 19 3 31 10 11 1 
0 14
1 40
2 16
3 36
4 10
5 9
6 27
7 8
8 19
9 7
10 38
11 39
12 13
13 6
14 0
15 25
16 24
17 11
18 29
19 35
20 21
21 3
22 30
23 15
24 23
25 26
26 4
27 22
28 32
29 31
30 2
31 37
32 18
33 17
34 5
35 33
36 12
37 28
38 34
39 20
40 1
SIMILAR

30 22 13 11 12 8 1 19 39 4 37 35 27 14 26 17 15 24 31 9 40 25 5 38 7 16 6 36 29 34 21 3 0 20 10 32 23 18 28 2 33 
0 32
1 6
2 39
3 31
4 9
5 22
6 26
7 24
8 5
9 19
10 34
11 3
12 4
13 2
14 13
15 16
16 25
17 15
18 37
19 7
20 33
21 30
22 1
23 36
24 17
25 21
26 14
27 12
28 38
29 28
30 0
31 18
32 35
33 40
34 29
35 11
36 27
37 10
38 23
39 8
40 20
SIMILAR

37 4 2 22 33 16 31 11 19 15 26 40 32 9 17 8 3 23 27 29 7 35 36 38 20 6 5 12 30 24 28 1 14 0 34 25 18 10 39 21 13 
0 33
1 31
2 2
3 16
4 1
5 26
6 25
7 20
8 15
9 13
10 37
11 7
12 27
13 40
14 32
15 9
16 5
17 14
18 36
19 8
20 24
21 39
22 3
23 17
24 29
25 35
26 10
27 18
28 30
29 19
30 28
31 6
32 12
33 4
34 34
35 21
36 22
37 0
38 23
39 38
40 11
SIMILAR

10 26 21 9 31 25 16 40 8 38 13 32 11 18 27 19 2 29 14 24 37 28 35 12 39 36 20 33 22 23 34 30 3 4 15 6 5 7 17 1 0 
0 40
1 39
2 16
3 32
4 33
5 36
6 35
7 37
8 8
9 3
10 0
11 12
12 23
13 10
14 18
15 34
16 6
17 38
18 13
19 15
20 26
21 2
22 28
23 29
24 19
25 5
26 1
27 14
28 21
29 17
30 31
31 4
32 11
33 27
34 30
35 22
36 25
37 20
38 9
39 24
40 7
SIMILAR

17 9 11 14 13 20 15 10 33 16 37 21 12 35 40 36 1 31 38 7 29 3 0 2 23 24 32 25 39 34 4 30 18 8 26 6 27 28 22 19 5 
0 22
1 16
2 23
3 21
4 30
5 40
6 35
7 19
8 33
9 1
10 7
11 2
12 12
13 4
14 3
15 6
16 9
17 0
18 32
19 39
20 5
21 11
22 38
23 24
24 25
25 27
26 34
27 36
28 37
29 20
30 31
31 17
32 26
33 8
34 29
35 13
36 15
37 10
38 18
39 28
40 14
SIMILAR

20 30 22 25 0 36 14 37 2 33 16 29 34 12 23 18 3 9 10 7 4 1 38 6 11 5 17 8 19 24 26 15 27 39 13 31 21 32 35 28 40 
0 4
1 21
2 8
3 16
4 20
5 25
6 23
7 19
8 27
9 17
10 18
11 24
12 13
13 34
14 6
15 31
16 10
17 26
18 15
19 28
20 0
21 36
22 2
23 14
24 29
25 3
26 30
27 32
28 39
29 11
30 1
31 35
32 37
33 9
34 12
35 38
36 5
37 7
38 22
39 33
40 40
SIMILAR

0 13 6 21 7 23 36 11 24 18 2 31 4 39 10 22 37 1 29 38 30 34 33 15 40 8 14 27 16 12 26 28 5 20 25 17 3 9 19 32 35 
0 0
1 17
2 10
3 36
4 12
5 32
6 2
7 4
8 25
9 37
10 14
11 7
12 29
13 1
14 26
15 23
16 28
17 35
18 9
19 38
20 33
21 3
22 15
23 5
24 8
25 34
26 30
27 27
28 31
29 18
30 20
31 11
32 39
33 22
34 21
35 40
36 6
37 16
38 19
39 13
40 24
SIMILAR

27 0 40 36 2 23 35 26 18 28 10 3 5 6 7 32 11 4 31 20 25 15 16 39 38 24 33 34 37 12 13 1 14 9 21 22 19 8 30 17 29 
0 1
1 31
2 4
3 11
4 17
5 12
6 13
7 14
8 37
9 33
10 10
11 16
12 29
13 30
14 32
15 21
16 22
17 39
18 8
19 36
20 19
21 34
22 35
23 5
24 25
25 20
26 7
27 0
28 9
29 40
30 38
31 18
32 15
33 26
34 27
35 6
36 3
37 28
38 24
39 23
40 2
SIMILAR

2 20 23 16 22 19 8 32 0 21 35 28 9 26 3 12 11 30 24 5 34 33 36 25 15 6 1 4 7 37 40 38 17 18 14 27 39 31 10 29 13 
0 8
1 26
2 0
3 14
4 27
5 19
6 25
7 28
8 6
9 12
10 38
11 16
12 15
13 40
14 34
15 24
16 3
17 32
18 33
19 5
20 1
21 9
22 4
23 2
24 18
25 23
26 13
27 35
28 11
29 39
30 17
31 37
32 7
33 21
34 20
35 10
36 22
37 29
38 31
39 36
40 30
SIMILAR

22 14 20 30 23 33 26 36 6 35 1 4 12 28 15 24 31 8 11 16 2 38 29 3 21 32 39 34 9 18 17 27 13 5 7 19 10 37 40 0 25 
0 39
1 10
2 20
3 23
4 11
5 33
6 8
7 34
8 17
9 28
10 36
11 18
12 12
13 32
14 1
15 14
16 19
17 30
18 29
19 35
20 2
21 24
22 0
23 4
24 15
25 40
26 6
27 31
28 13
29 22
30 3
31 16
32 25
33 5
34 27
35 9
36 7
37 37
38 21
39 26
40 38
SIMILAR

10 16 33 37 24 13 2 34 3 31 25 14 35 40 39 38 1 11 12 22 0 27 28 26 32 8 36 4 7 30 18 29 23 6 17 20 19 21 15 9 5 
0 20
1 16
2 6
3 8
4 27
5 40
6 33
7 28
8 25
9 39
10 0
11 17
12 18
13 5
14 11
15 38
16 1
17 34
18 30
19 36
20 35
21 37
22 19
23 32
24 4
25 10
26 23
27 21
28 22
29 31
30 29
31 9
32 24
33 2
34 7
35 12
36 26
37 3
38 15
39 14
40 13
SIMILAR

11 39 30 19 8 32 1 21 40 25 16 22 34 4 24 10 14 36 5 12 38 0 35 15 37 23 17 28 3 29 33 2 18 13 6 31 7 27 20 26 9 
0 21
1 6
2 31
3 28
4 13
5 18
6 34
7 36
8 4
9 40
10 15
11 0
12 19
13 33
14 16
15 23
16 10
17 26
18 32
19 3
20 38
21 7
22 11
23 25
24 14
25 9
26 39
27 37
28 27
29 29
30 2
31 35
32 5
33 30
34 12
35 22
36 17
37 24
38 20
39 1
40 8
SIMILAR

39 4 7 31 19 18 14 22 21 0 32 30 40 34 9 15 11 3 24 5 17 27 38 12 2 16 25 8 20 37 29 1 36 28 26 23 13 35 10 33 6 
0 9
1 31
2 24
3 17
4 1
5 19
6 40
7 2
8 27
9 14
10 38
11 16
12 23
13 36
14 6
15 15
16 25
17 20
18 5
19 4
20 28
21 8
22 7
23 35
24 18
25 26
26 34
27 21
28 33
29 30
30 11
31 3
32 10
33 39
34 13
35 37
36 32
37 29
38 22
39 0
40 12
SIMILAR

18 13 7 1 31 33 22 14 38 39 37 12 0 10 25 32 6 8 40 27 20 4 19 29 15 21 5 23 26 34 9 16 11 3 36 2 30 35 17 24 28 
0 12
1 3
2 35
3 33
4 21
5 26
6 16
7 2
8 17
9 30
10 13
11 32
12 11
13 1
14 7
15 24
16 31
17 38
18 0
19 22
20 20
21 25
22 6
23 27
24 39
25 14
26 28
27 19
28 40
29 23
30 36
31 4
32 15
33 5
34 29
35 37
36 34
37 10
38 8
39 9
40 18
SIMILAR

37 12 18 33 19 31 17 8 14 32 21 0 28 22 25 39 35 11 16 38 7 36 10 9 1 34 23 24 13 15 2 20 6 5 3 26 27 4 30 29 40 
0 11
1 24
2 30
3 34
4 37
5 33
6 32
7 20
8 7
9 23
10 22
11 17
12 1
13 28
14 8
15 29
16 18
17 6
18 2
19 4
20 31
21 10
22 13
23 26
24 27
25 14
26 35
27 36
28 12
29 39
30 38
31 5
32 9
33 3
34 25
35 16
36 21
37 0
38 19
39 15
40 40
SIMILAR

39 12 20 28 7 38 2 0 5 21 34 24 29 27 6 8 3 35 36 10 22 17 19 25 23 26 14 37 15 4 33 40 18 32 30 1 9 11 13 31 16 
0 7
1 35
2 6
3 16
4 29
5 8
6 14
7 4
8 15
9 36
10 19
11 37
12 1
13 38
14 26
15 28
16 40
17 21
18 32
19 22
20 2
21 9
22 20
23 24
24 11
25 23
26 25
27 13
28 3
29 12
30 34
31 39
32 33
33 30
34 10
35 17
36 18
37 27
38 5
39 0
40 31
SIMILAR

5 35 40 39 19 18 34 11 6 9 20 17 16 13 7 8 14 28 32 15 1 30 26 22 31 2 29 0 21 12 38 27 10 33 36 3 23 25 24 4 37 
0 27
1 20
2 25
3 35
4 39
5 0
6 8
7 14
8 15
9 9
10 32
11 7
12 29
13 13
14 16
15 19
16 12
17 11
18 5
19 4
20 10
21 28
22 23
23 36
24 38
25 37
26 22
27 31
28 17
29 26
30 21
31 24
32 18
33 33
34 6
35 1
36 34
37 40
38 30
39 3
40 2
SIMILAR

29 31 35 9 15 4 12 36 37 7 20 23 14 34 33 27 17 11 3 22 30 40 16 25 5 6 24 28 19 2 39 1 8 18 10 26 32 38 13 21 0 
0 40
1 31
2 29
3 18
4 5
5 24
6 25
7 9
8 32
9 3
10 34
11 17
12 6
13 38
14 12
15 4
16 22
17 16
18 33
19 28
20 10
21 39
22 19
23 11
24 26
25 23
26 35
27 15
28 27
29 0
30 20
31 1
32 36
33 14
34 13
35 2
36 7
37 8
38 37
39 30
40 21
SIMILAR

13 33 8 2 27 5 17 18 11 12 29 35 6 30 31 38 24 15 0 3 16 36 40 26 1 19 28 23 14 9 22 39 37 32 34 25 21 4 10 7 20 
0 18
1 24
2 3
3 19
4 37
5 5
6 12
7 39
8 2
9 29
10 38
11 8
12 9
13 0
14 28
15 17
16 20
17 6
18 7
19 25
20 40
21 36
22 30
23 27
24 16
25 35
26 23
27 4
28 26
29 10
30 13
31 14
32 33
33 1
34 34
35 11
36 21
37 32
38 15
39 31
40 22
SIMILAR

29 5 6 36 20 14 0 26 32 19 28 38 21 40 34 17 39 7 23 24 27 15 2 8 33 4 12 37 10 11 18 16 13 30 25 3 1 9 22 31 35 
0 6
1 36
2 22
3 35
4 25
5 1
6 2
7 17
8 23
9 37
10 28
11 29
12 26
13 32
14 5
15 21
16 31
17 15
18 30
19 9
20 4
21 12
22 38
23 18
24 19
25 34
26 7
27 20
28 10
29 0
30 33
31 39
32 8
33 24
34 14
35 40
36 3
37 27
38 11
39 16
40 13
SIMILAR

39 23 38 21 26 14 34 19 24 13 11 20 37 29 4 36 18 7 40 2 27 30 33 17 6 10 35 12 15 5 25 32 28 22 8 16 31 3 0 1 9 
0 38
1 39
2 19
3 37
4 14
5 29
6 24
7 17
8 34
9 40
10 25
11 10
12 27
13 9
14 5
15 28
16 35
17 23
18 16
19 7
20 11
21 3
22 33
23 1
24 8
25 30
26 4
27 20
28 32
29 13
30 21
31 36
32 31
33 22
34 6
35 26
36 15
37 12
38 2
39 0
40 18
SIMILAR

8 12 37 30 14 0 26 11 40 1 29 35 16 31 23 21 27 9 33 15 6 32 19 38 2 36 28 7 4 3 20 39 13 25 22 24 17 18 10 5 34 
0 5
1 9
2 24
3 29
4 28
5 39
6 20
7 27
8 0
9 17
10 38
11 7
12 1
13 32
14 4
15 19
16 12
17 36
18 37
19 22
20 30
21 15
22 34
23 14
24 35
25 33
26 6
27 16
28 26
29 10
30 3
31 13
32 21
33 18
34 40
35 11
36 25
37 2
38 23
39 31
40 8
SIMILAR

10 40 21 5 23 39 2 38 35 7 33 25 22 1 13 4 32 27 17 12 14 34 28 37 26 29 30 15 24 31 0 9 36 18 20 8 11 16 6 19 3 
0 30
1 13
2 6
3 40
4 15
5 3
6 38
7 9
8 35
9 31
10 0
11 36
12 19
13 14
14 20
15 27
16 37
17 18
18 33
19 39
20 34
21 2
22 12
23 4
24 28
25 11
26 24
27 17
28 22
29 25
30 26
31 29
32 16
33 10
34 21
35 8
36 32
37 23
38 7
39 5
40 1
SIMILAR

23 0 18 37 10 15 20 3 31 32 26 16 4 25 19 38 5 12 30 33 39 22 35 36 34 29 24 6 1 28 40 11 13 17 27 2 21 14 9 7 8 
0 1
1 28
2 35
3 7
4 12
5 16
6 27
7 39
8 40
9 38
10 4
11 31
12 17
13 32
14 37
15 5
16 11
17 33
18 2
19 14
20 6
21 36
22 21
23 0
24 26
25 13
26 10
27 34
28 29
29 25
30 18
31 8
32 9
33 19
34 24
35 22
36 23
37 3
38 15
39 20
40 30
SIMILAR

29 36 5 16 17 8 4 3 39 7 31 2 14 32 10 34 11 28 26 30 12 38 37 23 40 21 6 1 0 35 27 22 19 9 33 25 20 24 15 18 13 
0 28
1 27
2 11
3 7
4 6
5 2
6 26
7 9
8 5
9 33
10 14
11 16
12 20
13 40
14 12
15 38
16 3
17 4
18 39
19 32
20 36
21 25
22 31
23 23
24 37
25 35
26 18
27 30
28 17
29 0
30 19
31 10
32 13
33 34
34 15
35 29
36 1
37 22
38 21
39 8
40 24
SIMILAR

14 20 39 1 34 31 13 29 11 18 2 8 38 35 0 4 15 9 40 24 3 21 17 33 36 5 25 12 7 32 16 10 19 30 27 22 28 6 26 37 23 
0 14
1 3
2 10
3 20
4 15
5 25
6 37
7 28
8 11
9 17
10 31
11 8
12 27
13 6
14 0
15 16
16 30
17 22
18 9
19 32
20 1
21 21
22 35
23 40
24 19
25 26
26 38
27 34
28 36
29 7
30 33
31 5
32 29
33 23
34 4
35 13
36 24
37 39
38 12
39 2
40 18
SIMILAR

9 2 25 8 5 21 6 27 36 15 33 23 34 20 10 29 24 1 40 31 38 28 7 35 16 13 4 12 14 26 37 19 32 11 30 3 18 22 17 0 39 
0 39
1 17
2 1
3 35
4 26
5 4
6 6
7 22
8 3
9 0
10 14
11 33
12 27
13 25
14 28
15 9
16 24
17 38
18 36
19 31
20 13
21 5
22 37
23 11
24 16
25 2
26 29
27 7
28 21
29 15
30 34
31 19
32 32
33 10
34 12
35 23
36 8
37 30
38 20
39 40
40 18
SIMILAR

27 26 9 23 21 6 30 32 16 2 38 14 0 39 37 18 1 35 34 33 22 8 7 15 31 5 36 19 29 13 20 3 10 28 25 17 24 12 11 40 4 
0 12
1 16
2 9
3 31
4 40
5 25
6 5
7 22
8 21
9 2
10 32
11 38
12 37
13 29
14 11
15 23
16 8
17 35
18 15
19 27
20 30
21 4
22 20
23 3
24 36
25 34
26 1
27 0
28 33
29 28
30 6
31 24
32 7
33 19
34 18
35 17
36 26
37 14
38 10
39 13
40 39
SIMILAR

15 29 21 14 6 23 0 24 20 12 4 19 36 18 27 34 33 9 26 35 39 40 13 32 37 17 5 25 3 8 10 7 38 30 2 31 1 11 28 16 22 
0 6
1 36
2 34
3 28
4 10
5 26
6 4
7 31
8 29
9 17
10 30
11 37
12 9
13 22
14 3
15 0
16 39
17 25
18 13
19 11
20 8
21 2
22 40
23 5
24 7
25 27
26 18
27 14
28 38
29 1
30 33
31 35
32 23
33 16
34 15
35 19
36 12
37 24
38 32
39 20
40 21
SIMILAR

5 14 23 7 40 25 34 15 32 22 28 9 33 21 1 11 2 26 38 13 10 17 36 4 39 29 8 30 31 18 12 24 37 35 0 3 16 19 27 6 20 
0 34
1 14
2 16
3 35
4 23
5 0
6 39
7 3
8 26
9 11
10 20
11 15
12 30
13 19
14 1
15 7
16 36
17 21
18 29
19 37
20 40
21 13
22 9
23 2
24 31
25 5
26 17
27 38
28 10
29 25
30 27
31 28
32 8
33 12
34 6
35 33
36 22
37 32
38 18
39 24
40 4
SIMILAR

17 3 19 16 31 25 36 29 0 38 27 5 26 14 12 13 39 11 33 28 23 37 15 8 1 18 9 30 10 34 4 2 6 21 20 22 40 35 32 7 24 
0 8
1 24
2 31
3 1
4 30
5 11
6 32
7 39
8 23
9 26
10 28
11 17
12 14
13 15
14 13
15 22
16 3
17 0
18 25
19 2
20 34
21 33
22 35
23 20
24 40
25 5
26 12
27 10
28 19
29 7
30 27
31 4
32 38
33 18
34 29
35 37
36 6
37 21
38 9
39 16
40 36
SIMILAR

34 25 5 23 36 22 0 39 9 2 40 3 38 11 19 29 12 4 27 16 18 24 37 30 21 35 1 32 15 10 26 17 7 20 31 8 6 14 33 28 13 
0 6
1 26
2 9
3 11
4 17
5 2
6 36
7 32
8 35
9 8
10 29
11 13
12 16
13 40
14 37
15 28
16 19
17 31
18 20
19 14
20 33
21 24
22 5
23 3
24 21
25 1
26 30
27 18
28 39
29 15
30 23
31 34
32 27
33 38
34 0
35 25
36 4
37 22
38 12
39 7
40 10
SIMILAR

35 8 7 1 16 21 23 0 12 25 34 13 18 19 24 31 37 32 20 33 22 5 3 15 10 38 26 29 27 14 6 2 40 17 30 39 28 9 11 36 4 
0 7
1 3
2 31
3 22
4 40
5 21
6 30
7 2
8 1
9 37
10 24
11 38
12 8
13 11
14 29
15 23
16 4
17 33
18 12
19 13
20 18
21 5
22 20
23 6
24 14
25 9
26 26
27 28
28 36
29 27
30 34
31 15
32 17
33 19
34 10
35 0
36 39
37 16
38 25
39 35
40 32
SIMILAR

19 14 7 13 20 33 6 8 26 21 10 9 2 18 5 32 15 11 31 27 29 24 4 1 35 34 22 40 37 39 0 38 12 36 30 16 23 3 17 25 28 
0 30
1 23
2 12
3 37
4 22
5 14
6 6
7 2
8 7
9 11
10 10
11 17
12 32
13 3
14 1
15 16
16 35
17 38
18 13
19 0
20 4
21 9
22 26
23 36
24 21
25 39
26 8
27 19
28 40
29 20
30 34
31 18
32 15
33 5
34 25
35 24
36 33
37 28
38 31
39 29
40 27
SIMILAR

29 1 30 27 32 34 18 7 40 9 37 28 11 19 20 8 0 31 33 22 24 38 4 16 26 36 5 6 39 15 35 2 12 17 14 10 21 25 23 13 3 
0 16
1 1
2 31
3 40
4 22
5 26
6 27
7 7
8 15
9 9
10 35
11 12
12 32
13 39
14 34
15 29
16 23
17 33
18 6
19 13
20 14
21 36
22 19
23 38
24 20
25 37
26 24
27 3
28 11
29 0
30 2
31 17
32 4
33 18
34 5
35 30
36 25
37 10
38 21
39 28
40 8
SIMILAR

30 25 34 38 18 11 3 29 7 17 39 9 16 5 21 14 4 20 33 2 1 37 36 35 24 28 13 10 0 8 31 23 22 12 26 19 27 6 15 32 40 
0 28
1 20
2 19
3 6
4 16
5 13
6 37
7 8
8 29
9 11
10 27
11 5
12 33
13 26
14 15
15 38
16 12
17 9
18 4
19 35
20 17
21 14
22 32
23 31
24 24
25 1
26 34
27 36
28 25
29 7
30 0
31 30
32 39
33 18
34 2
35 23
36 22
37 21
38 3
39 10
40 40
SIMILAR

4 24 39 33 27 15 6 25 37 8 35 10 23 30 40 20 36 18 32 3 26 31 5 22 7 14 11 2 17 19 28 34 1 12 16 13 9 0 29 21 38 
0 37
1 32
2 27
3 19
4 0
5 22
6 6
7 24
8 9
9 36
10 11
11 26
12 33
13 35
14 25
15 5
16 34
17 28
18 17
19 29
20 15
21 39
22 23
23 12
24 1
25 7
26 20
27 4
28 30
29 38
30 13
31 21
32 18
33 3
34 31
35 10
36 16
37 8
38 40
39 2
40 14
SIMILAR

24 11 33 2 38 15 22 32 5 35 13 0 8 16 37 6 29 10 4 21 20 36 1 23 9 27 39 14 7 30 25 31 34 26 18 17 28 3 19 40 12 
0 11
1 22
2 3
3 37
4 18
5 8
6 15
7 28
8 12
9 24
10 17
11 1
12 40
13 10
14 27
15 5
16 13
17 35
18 34
19 38
20 20
21 19
22 6
23 23
24 0
25 30
26 33
27 25
28 36
29 16
30 29
31 31
32 7
33 2
34 32
35 9
36 21
37 14
38 4
39 26
40 39
SIMILAR

25 14 34 29 31 26 40 10 33 3 7 17 6 9 2 24 8 13 1 12 15 20 30 23 36 37 5 32 27 39 38 21 35 11 16 28 4 19 18 0 22 
0 39
1 18
2 14
3 9
4 36
5 26
6 12
7 10
8 16
9 13
10 7
11 33
12 19
13 17
14 1
15 20
16 34
17 11
18 38
19 37
20 21
21 31
22 40
23 23
24 15
25 0
26 5
27 28
28 35
29 3
30 22
31 4
32 27
33 8
34 2
35 32
36 24
37 25
38 30
39 29
40 6
SIMILAR

3 1 11 36 24 7 12 34 37 39 27 8 2 35 19 25 6 14 22 38 26 29 20 40 9 16 5 31 21 15 0 4 33 18 13 28 10 30 17 23 32 
0 30
1 1
2 12
3 0
4 31
5 26
6 16
7 5
8 11
9 24
10 36
11 2
12 6
13 34
14 17
15 29
16 25
17 38
18 33
19 14
20 22
21 28
22 18
23 39
24 4
25 15
26 20
27 10
28 35
29 21
30 37
31 27
32 40
33 32
34 7
35 13
36 3
37 8
38 19
39 9
40 23
SIMILAR

21 3 2 36 40 7 31 17 29 26 33 34 18 27 11 25 32 15 22 12 1 6 19 14 20 24 23 0 13 39 16 30 8 38 28 5 10 35 37 9 4 
0 27
1 20
2 2
3 1
4 40
5 35
6 21
7 5
8 32
9 39
10 36
11 14
12 19
13 28
14 23
15 17
16 30
17 7
18 12
19 22
20 24
21 0
22 18
23 26
24 25
25 15
26 9
27 13
28 34
29 8
30 31
31 6
32 16
33 10
34 11
35 37
36 3
37 38
38 33
39 29
40 4
SIMILAR

14 15 31 6 23 16 33 36 13 12 4 9 30 18 19 27 10 35 1 32 34 37 29 26 25 22 17 2 21 11 38 0 24 5 8 40 20 28 39 7 3 
0 31
1 18
2 27
3 40
4 10
5 33
6 3
7 39
8 34
9 11
10 16
11 29
12 9
13 8
14 0
15 1
16 5
17 26
18 13
19 14
20 36
21 28
22 25
23 4
24 32
25 24
26 23
27 15
28 37
29 22
30 12
31 2
32 19
33 6
34 20
35 17
36 7
37 21
38 30
39 38
40 35
SIMILAR

12 3 34 30 32 7 16 26 28 11 15 23 13 9 40 38 14 33 4 18 20 29 6 39 36 17 25 8 19 35 1 0 10 22 24 37 2 31 27 21 5 
0 31
1 30
2 36
3 1
4 18
5 40
6 22
7 5
8 27
9 13
10 32
11 9
12 0
13 12
14 16
15 10
16 6
17 25
18 19
19 28
20 20
21 39
22 33
23 11
24 34
25 26
26 7
27 38
28 8
29 21
30 3
31 37
32 4
33 17
34 2
35 29
36 24
37 35
38 15
39 23
40 14
SIMILAR

2 0 29 15 5 39 11 21 37 10 16 25 24 6 32 4 36 34 17 20 1 8 12 19 30 7 38 14 27 40 35 31 22 18 9 33 26 13 3 23 28 
0 1
1 20
2 0
3 38
4 15
5 4
6 13
7 25
8 21
9 34
10 9
11 6
12 22
13 37
14 27
15 3
16 10
17 18
18 33
19 23
20 19
21 7
22 32
23 39
24 12
25 11
26 36
27 28
28 40
29 2
30 24
31 31
32 14
33 35
34 17
35 30
36 16
37 8
38 26
39 5
40 29
SIMILAR

7 32 2 30 0 6 9 36 31 33 12 21 40 23 18 8 34 20 14 39 27 22 25 19 13 10 5 4 15 37 28 17 24 35 1 29 38 11 16 3 26 
0 4
1 34
2 2
3 39
4 27
5 26
6 5
7 0
8 15
9 6
10 25
11 37
12 10
13 24
14 18
15 28
16 38
17 31
18 14
19 23
20 17
21 11
22 21
23 13
24 32
25 22
26 40
27 20
28 30
29 35
30 3
31 8
32 1
33 9
34 16
35 33
36 7
37 29
38 36
39 19
40 12
SIMILAR

36 6 9 31 17 27 18 5 20 10 0 3 23 34 40 35 16 32 21 1 37 15 30 25 22 8 7 14 28 26 39 33 19 11 38 2 12 24 4 13 29 
0 10
1 19
2 35
3 11
4 38
5 7
6 1
7 26
8 25
9 2
10 9
11 33
12 36
13 39
14 27
15 21
16 16
17 4
18 6
19 32
20 8
21 18
22 24
23 12
24 37
25 23
26 29
27 5
28 28
29 40
30 22
31 3
32 17
33 31
34 13
35 15
36 0
37 20
38 34
39 30
40 14
SIMILAR

36 6 28 22 19 30 37 17 24 1 5 0 10 25 39 13 8 2 38 15 27 21 9 20 7 11 4 12 26 23 29 14 40 32 18 33 16 3 31 35 34 
0 11
1 9
2 17
3 37
4 26
5 10
6 1
7 24
8 16
9 22
10 12
11 25
12 27
13 15
14 31
15 19
16 36
17 7
18 34
19 4
20 23
21 21
22 3
23 29
24 8
25 13
26 28
27 20
28 2
29 30
30 5
31 38
32 33
33 35
34 40
35 39
36 0
37 6
38 18
39 14
40 32
SIMILAR

20 31 28 32 2 23 30 3 40 19 7 13 10 24 0 26 16 12 38 21 5 34 22 39 37 17 18 36 4 25 8 27 1 29 14 35 15 11 33 6 9 
0 14
1 32
2 4
3 7
4 28
5 20
6 39
7 10
8 30
9 40
10 12
11 37
12 17
13 11
14 34
15 36
16 16
17 25
18 26
19 9
20 0
21 19
22 22
23 5
24 13
25 29
26 15
27 31
28 2
29 33
30 6
31 1
32 3
33 38
34 21
35 35
36 27
37 24
38 18
39 23
40 8
SIMILAR

7 28 38 16 18 27 39 20 0 13 5 33 31 6 26 9 32 19 22 30 15 34 23 8 21 2 24 35 37 36 25 1 3 10 12 40 17 14 4 11 29 
0 8
1 31
2 25
3 32
4 38
5 10
6 13
7 0
8 23
9 15
10 33
11 39
12 34
13 9
14 37
15 20
16 3
17 36
18 4
19 17
20 7
21 24
22 18
23 22
24 26
25 30
26 14
27 5
28 1
29 40
30 19
31 12
32 16
33 11
34 21
35 27
36 29
37 28
38 2
39 6
40 35
SIMILAR

30 2 40 22 19 24 35 18 0 9 20 37 17 13 26 25 8 27 12 4 1 36 28 31 23 33 7 29 34 21 11 16 38 32 39 10 6 14 3 15 5 
0 8
1 20
2 1
3 38
4 19
5 40
6 36
7 26
8 16
9 9
10 35
11 30
12 18
13 13
14 37
15 39
16 31
17 12
18 7
19 4
20 10
21 29
22 3
23 24
24 5
25 15
26 14
27 17
28 22
29 27
30 0
31 23
32 33
33 25
34 28
35 6
36 21
37 11
38 32
39 34
40 2
SIMILAR

10 19 36 25 18 6 37 15 3 9 34 7 8 14 12 26 35 31 4 16 32 5 30 22 38 1 23 21 33 2 40 11 17 13 28 20 0 24 27 39 29 
0 36
1 25
2 29
3 8
4 18
5 21
6 5
7 11
8 12
9 9
10 0
11 31
12 14
13 33
14 13
15 7
16 19
17 32
18 4
19 1
20 35
21 27
22 23
23 26
24 37
25 3
26 15
27 38
28 34
29 40
30 22
31 17
32 20
33 28
34 10
35 16
36 2
37 6
38 24
39 39
40 30
SIMILAR

4 27 8 18 21 35 11 12 24 22 16 31 25 29 26 3 15 34 40 5 33 14 0 38 13 17 36 23 30 9 1 32 28 39 6 20 7 10 2 37 19 
0 22
1 30
2 38
3 15
4 0
5 19
6 34
7 36
8 2
9 29
10 37
11 6
12 7
13 24
14 21
15 16
16 10
17 25
18 3
19 40
20 35
21 4
22 9
23 27
24 8
25 12
26 14
27 1
28 32
29 13
30 28
31 11
32 31
33 20
34 17
35 5
36 26
37 39
38 23
39 33
40 18
SIMILAR

16 9 22 8 7 13 31 15 39 4 36 18 28 35 2 12 10 21 33 23 6 38 27 19 32 17 14 40 25 34 3 1 24 5 26 0 30 37 29 11 20 
0 35
1 31
2 14
3 30
4 9
5 33
6 20
7 4
8 3
9 1
10 16
11 39
12 15
13 5
14 26
15 7
16 0
17 25
18 11
19 23
20 40
21 17
22 2
23 19
24 32
25 28
26 34
27 22
28 12
29 38
30 36
31 6
32 24
33 18
34 29
35 13
36 10
37 37
38 21
39 8
40 27
SIMILAR

35 30 37 12 18 6 17 29 10 5 1 21 26 20 7 3 8 27 38 19 22 23 0 33 31 25 13 15 2 39 40 9 11 16 36 28 4 24 14 34 32 
0 22
1 10
2 28
3 15
4 36
5 9
6 5
7 14
8 16
9 31
10 8
11 32
12 3
13 26
14 38
15 27
16 33
17 6
18 4
19 19
20 13
21 11
22 20
23 21
24 37
25 25
26 12
27 17
28 35
29 7
30 1
31 24
32 40
33 23
34 39
35 0
36 34
37 2
38 18
39 29
40 30
SIMILAR

19 34 31 0 35 16 32 18 39 24 13 17 12 7 4 10 36 11 1 21 26 15 3 40 8 14 33 25 27 28 6 37 23 20 30 38 29 2 22 9 5 
0 3
1 18
2 37
3 22
4 14
5 40
6 30
7 13
8 24
9 39
10 15
11 17
12 12
13 10
14 25
15 21
16 5
17 11
18 7
19 0
20 33
21 19
22 38
23 32
24 9
25 27
26 20
27 28
28 29
29 36
30 34
31 2
32 6
33 26
34 1
35 4
36 16
37 31
38 35
39 8
40 23
SIMILAR

32 26 11 15 22 31 40 24 35 14 20 13 23 27 36 17 16 37 8 25 29 0 28 2 7 33 4 19 18 21 5 1 9 39 38 30 3 10 6 12 34 
0 21
1 31
2 23
3 36
4 26
5 30
6 38
7 24
8 18
9 32
10 37
11 2
12 39
13 11
14 9
15 3
16 16
17 15
18 28
19 27
20 10
21 29
22 4
23 12
24 7
25 19
26 1
27 13
28 22
29 20
30 35
31 5
32 0
33 25
34 40
35 8
36 14
37 17
38 34
39 33
40 6
SIMILAR

37 3 0 34 12 6 35 39 22 20 16 8 15 11 7 10 25 27 32 26 4 28 18 36 1 13 33 21 30 14 31 17 23 24 38 9 40 2 5 19 29 
0 2
1 24
2 37
3 1
4 20
5 38
6 5
7 14
8 11
9 35
10 15
11 13
12 4
13 25
14 29
15 12
16 10
17 31
18 22
19 39
20 9
21 27
22 8
23 32
24 33
25 16
26 19
27 17
28 21
29 40
30 28
31 30
32 18
33 26
34 3
35 6
36 23
37 0
38 34
39 7
40 36
SIMILAR

13 6 32 25 37 7 27 38 28 15 4 21 31 34 1 8 29 9 12 19 23 0 16 36 20 22 3 10 35 2 17 40 11 26 33 30 39 24 5 18 14 
0 21
1 14
2 29
3 26
4 10
5 38
6 1
7 5
8 15
9 17
10 27
11 32
12 18
13 0
14 40
15 9
16 22
17 30
18 39
19 19
20 24
21 11
22 25
23 20
24 37
25 3
26 33
27 6
28 8
29 16
30 35
31 12
32 2
33 34
34 13
35 28
36 23
37 4
38 7
39 36
40 31
SIMILAR

1 8 31 6 18 21 35 27 11 30 13 29 40 26 22 17 32 3 5 14 12 10 36 15 24 25 7 4 16 28 23 19 39 33 2 9 0 38 34 37 20 
0 36
1 0
2 34
3 17
4 27
5 18
6 3
7 26
8 1
9 35
10 21
11 8
12 20
13 10
14 19
15 23
16 28
17 15
18 4
19 31
20 40
21 5
22 14
23 30
24 24
25 25
26 13
27 7
28 29
29 11
30 9
31 2
32 16
33 33
34 38
35 6
36 22
37 39
38 37
39 32
40 12
SIMILAR

26 16 40 20 8 28 18 23 4 30 13 32 31 7 22 10 5 12 1 14 37 29 15 6 2 3 35 19 24 33 25 36 0 38 21 27 17 11 9 34 39 
0 32
1 18
2 24
3 25
4 8
5 16
6 23
7 13
8 4
9 38
10 15
11 37
12 17
13 10
14 19
15 22
16 1
17 36
18 6
19 27
20 3
21 34
22 14
23 7
24 28
25 30
26 0
27 35
28 5
29 21
30 9
31 12
32 11
33 29
34 39
35 26
36 31
37 20
38 33
39 40
40 2
SIMILAR

30 29 31 27 8 13 17 12 4 19 40 38 23 39 24 34 20 25 37 0 10 36 1 6 5 28 14 2 3 35 11 9 15 21 18 32 26 33 7 16 22 
0 19
1 22
2 27
3 28
4 8
5 24
6 23
7 38
8 4
9 31
10 20
11 30
12 7
13 5
14 26
15 32
16 39
17 6
18 34
19 9
20 16
21 33
22 40
23 12
24 14
25 17
26 36
27 3
28 25
29 1
30 0
31 2
32 35
33 37
34 15
35 29
36 21
37 18
38 11
39 13
40 10
SIMILAR

24 8 28 0 4 20 33 26 11 29 14 2 36 34 40 13 16 19 37 30 9 7 3 38 35 12 31 23 39 21 32 18 10 5 25 17 22 15 1 6 27 
0 3
1 38
2 11
3 22
4 4
5 33
6 39
7 21
8 1
9 20
10 32
11 8
12 25
13 15
14 10
15 37
16 16
17 35
18 31
19 17
20 5
21 29
22 36
23 27
24 0
25 34
26 7
27 40
28 2
29 9
30 19
31 26
32 30
33 6
34 13
35 24
36 12
37 18
38 23
39 28
40 14
SIMILAR

13 11 27 14 36 9 17 22 10 21 6 33 26 5 25 24 28 37 7 19 1 30 34 2 20 39 40 35 38 4 18 23 8 32 16 3 29 12 31 15 0 
0 40
1 20
2 23
3 35
4 29
5 13
6 10
7 18
8 32
9 5
10 8
11 1
12 37
13 0
14 3
15 39
16 34
17 6
18 30
19 19
20 24
21 9
22 7
23 31
24 15
25 14
26 12
27 2
28 16
29 36
30 21
31 38
32 33
33 11
34 22
35 27
36 4
37 17
38 28
39 25
40 26
SIMILAR

23 21 17 5 26 24 12 37 33 25 18 6 32 29 8 0 4 28 3 38 11 30 39 16 20 1 36 13 19 34 22 35 2 15 27 14 10 31 40 7 9 
0 15
1 25
2 32
3 18
4 16
5 3
6 11
7 39
8 14
9 40
10 36
11 20
12 6
13 27
14 35
15 33
16 23
17 2
18 10
19 28
20 24
21 1
22 30
23 0
24 5
25 9
26 4
27 34
28 17
29 13
30 21
31 37
32 12
33 8
34 29
35 31
36 26
37 7
38 19
39 22
40 38
SIMILAR

3 37 9 40 24 5 7 17 38 13 15 32 25 31 28 33 10 8 20 35 0 1 23 27 16 30 4 26 19 39 36 29 18 2 12 11 22 14 34 21 6 
0 20
1 21
2 33
3 0
4 26
5 5
6 40
7 6
8 17
9 2
10 16
11 35
12 34
13 9
14 37
15 10
16 24
17 7
18 32
19 28
20 18
21 39
22 36
23 22
24 4
25 12
26 27
27 23
28 14
29 31
30 25
31 13
32 11
33 15
34 38
35 19
36 30
37 1
38 8
39 29
40 3
SIMILAR

31 19 37 36 29 9 39 1 38 23 8 17 21 13 25 35 32 27 3 22 2 0 15 7 6 33 16 14 30 4 18 28 40 20 10 11 5 26 34 24 12 
0 21
1 7
2 20
3 18
4 29
5 36
6 24
7 23
8 10
9 5
10 34
11 35
12 40
13 13
14 27
15 22
16 26
17 11
18 30
19 1
20 33
21 12
22 19
23 9
24 39
25 14
26 37
27 17
28 31
29 4
30 28
31 0
32 16
33 25
34 38
35 15
36 3
37 2
38 8
39 6
40 32
SIMILAR

22 14 0 18 30 32 12 34 38 10 5 6 4 16 28 23 19 13 17 7 39 29 3 24 35 25 37 36 2 31 33 15 1 9 11 8 27 26 40 21 20 
0 2
1 32
2 28
3 22
4 12
5 10
6 11
7 19
8 35
9 33
10 9
11 34
12 6
13 17
14 1
15 31
16 13
17 18
18 3
19 16
20 40
21 39
22 0
23 15
24 23
25 25
26 37
27 36
28 14
29 21
30 4
31 29
32 5
33 30
34 7
35 24
36 27
37 26
38 8
39 20
40 38
SIMILAR

5 16 15 12 2 23 4 27 11 10 35 3 7 21 20 1 26 37 28 38 8 31 22 39 32 6 34 18 29 33 40 14 25 36 13 17 24 9 19 30 0 
0 40
1 15
2 4
3 11
4 6
5 0
6 25
7 12
8 20
9 37
10 9
11 8
12 3
13 34
14 31
15 2
16 1
17 35
18 27
19 38
20 14
21 13
22 22
23 5
24 36
25 32
26 16
27 7
28 18
29 28
30 39
31 21
32 24
33 29
34 26
35 10
36 33
37 17
38 19
39 23
40 30
SIMILAR

19 12 26 33 3 30 35 40 7 8 16 14 39 11 22 25 10 23 6 15 0 29 21 34 18 28 2 38 36 4 13 27 31 24 37 9 20 17 5 1 32 
0 20
1 39
2 26
3 4
4 29
5 38
6 18
7 8
8 9
9 35
10 16
11 13
12 1
13 30
14 11
15 19
16 10
17 37
18 24
19 0
20 36
21 22
22 14
23 17
24 33
25 15
26 2
27 31
28 25
29 21
30 5
31 32
32 40
33 3
34 23
35 6
36 28
37 34
38 27
39 12
40 7
SIMILAR

34 6 24 18 30 27 10 17 2 36 1 28 9 31 39 14 20 26 29 5 22 0 13 12 21 3 33 35 11 4 25 38 8 32 40 7 37 19 15 16 23 
0 21
1 10
2 8
3 25
4 29
5 19
6 1
7 35
8 32
9 12
10 6
11 28
12 23
13 22
14 15
15 38
16 39
17 7
18 3
19 37
20 16
21 24
22 20
23 40
24 2
25 30
26 17
27 5
28 11
29 18
30 4
31 13
32 33
33 26
34 0
35 27
36 9
37 36
38 31
39 14
40 34
SIMILAR

31 16 25 32 24 28 14 7 33 23 27 0 20 1 18 19 35 30 39 10 5 13 11 29 3 40 34 4 15 17 22 2 9 12 38 26 6 37 21 8 36 
0 11
1 13
2 31
3 24
4 27
5 20
6 36
7 7
8 39
9 32
10 19
11 22
12 33
13 21
14 6
15 28
16 1
17 29
18 14
19 15
20 12
21 38
22 30
23 9
24 4
25 2
26 35
27 10
28 5
29 23
30 17
31 0
32 3
33 8
34 26
35 16
36 40
37 37
38 34
39 18
40 25
SIMILAR

5 35 40 39 26 29 38 13 2 3 25 10 32 37 31 11 20 28 12 21 4 1 22 27 0 33 24 14 16 34 19 6 9 8 30 17 15 7 36 23 18 
0 24
1 21
2 8
3 9
4 20
5 0
6 31
7 37
8 33
9 32
10 11
11 15
12 18
13 7
14 27
15 36
16 28
17 35
18 40
19 30
20 16
21 19
22 22
23 39
24 26
25 10
26 4
27 23
28 17
29 5
30 34
31 14
32 12
33 25
34 29
35 1
36 38
37 13
38 6
39 3
40 2
SIMILAR

1 27 30 9 2 32 5 19 6 0 37 40 18 33 3 31 15 11 22 39 36 8 7 25 14 35 4 38 17 34 26 21 12 16 24 23 28 10 29 13 20 
0 9
1 0
2 4
3 14
4 26
5 6
6 8
7 22
8 21
9 3
10 37
11 17
12 32
13 39
14 24
15 16
16 33
17 28
18 12
19 7
20 40
21 31
22 18
23 35
24 34
25 23
26 30
27 1
28 36
29 38
30 2
31 15
32 5
33 13
34 29
35 25
36 20
37 10
38 27
39 19
40 11
SIMILAR

22 16 3 14 20 26 32 27 8 10 31 15 2 38 12 0 25 4 19 36 13 24 34 1 17 40 21 28 11 39 37 7 5 35 18 33 30 9 23 6 29 
0 15
1 23
2 12
3 2
4 17
5 32
6 39
7 31
8 8
9 37
10 9
11 28
12 14
13 20
14 3
15 11
16 1
17 24
18 34
19 18
20 4
21 26
22 0
23 38
24 21
25 16
26 5
27 7
28 27
29 40
30 36
31 10
32 6
33 35
34 22
35 33
36 19
37 30
38 13
39 29
40 25
SIMILAR

0 37 14 22 24 5 34 39 21 23 16 36 38 11 25 12 27 3 4 17 26 15 19 33 1 31 20 40 10 6 28 30 29 13 2 18 8 9 35 7 32 
0 0
1 24
2 34
3 17
4 18
5 5
6 29
7 39
8 36
9 37
10 28
11 13
12 15
13 33
14 2
15 21
16 10
17 19
18 35
19 22
20 26
21 8
22 3
23 9
24 4
25 14
26 20
27 16
28 30
29 32
30 31
31 25
32 40
33 23
34 6
35 38
36 11
37 1
38 12
39 7
40 27
SIMILAR

15 10 36 18 9 0 39 35 4 1 30 6 33 14 3 20 19 32 12 23 29 34 26 40 17 7 16 28 31 11 22 38 25 2 13 37 27 8 5 21 24 
0 5
1 9
2 33
3 14
4 8
5 38
6 11
7 25
8 37
9 4
10 1
11 29
12 18
13 34
14 13
15 0
16 26
17 24
18 3
19 16
20 15
21 39
22 30
23 19
24 40
25 32
26 22
27 36
28 27
29 20
30 10
31 28
32 17
33 12
34 21
35 7
36 2
37 35
38 31
39 6
40 23
SIMILAR

35 22 39 36 7 34 32 17 11 23 15 14 3 27 8 10 13 5 16 31 37 18 28 9 4 24 20 2 26 38 33 1 19 29 30 25 40 12 21 0 6 
0 39
1 31
2 27
3 12
4 24
5 17
6 40
7 4
8 14
9 23
10 15
11 8
12 37
13 16
14 11
15 10
16 18
17 7
18 21
19 32
20 26
21 38
22 1
23 9
24 25
25 35
26 28
27 13
28 22
29 33
30 34
31 19
32 6
33 30
34 5
35 0
36 3
37 20
38 29
39 2
40 36
SIMILAR

8 15 5 35 1 17 12 29 24 7 34 23 38 13 22 0 27 39 11 26 40 32 2 33 25 10 9 31 36 21 16 19 18 3 6 30 4 37 28 20 14 
0 15
1 4
2 22
3 33
4 36
5 2
6 34
7 9
8 0
9 26
10 25
11 18
12 6
13 13
14 40
15 1
16 30
17 5
18 32
19 31
20 39
21 29
22 14
23 11
24 8
25 24
26 19
27 16
28 38
29 7
30 35
31 27
32 21
33 23
34 10
35 3
36 28
37 37
38 12
39 17
40 20
SIMILAR

9 8 7 12 32 39 20 28 34 15 4 19 40 35 31 33 37 22 17 29 3 2 14 18 27 10 11 21 24 1 26 38 30 5 25 13 16 6 36 0 23 
0 39
1 29
2 21
3 20
4 10
5 33
6 37
7 2
8 1
9 0
10 25
11 26
12 3
13 35
14 22
15 9
16 36
17 18
18 23
19 11
20 6
21 27
22 17
23 40
24 28
25 34
26 30
27 24
28 7
29 19
30 32
31 14
32 4
33 15
34 8
35 13
36 38
37 16
38 31
39 5
40 12
SIMILAR

25 5 1 21 17 14 27 39 4 38 3 18 32 40 33 12 9 22 36 19 26 30 31 35 10 15 34 37 20 29 0 13 7 11 24 28 2 16 6 23 8 
0 30
1 2
2 36
3 10
4 8
5 1
6 38
7 32
8 40
9 16
10 24
11 33
12 15
13 31
14 5
15 25
16 37
17 4
18 11
19 19
20 28
21 3
22 17
23 39
24 34
25 0
26 20
27 6
28 35
29 29
30 21
31 22
32 12
33 14
34 26
35 23
36 18
37 27
38 9
39 7
40 13
SIMILAR

18 3 7 33 22 12 20 16 8 39 21 1 30 34 19 37 9 14 4 6 11 13 10 36 40 2 32 24 25 15 5 26 17 27 31 0 23 29 28 38 35 
0 35
1 11
2 25
3 1
4 18
5 30
6 19
7 2
8 8
9 16
10 22
11 20
12 5
13 21
14 17
15 29
16 7
17 32
18 0
19 14
20 6
21 10
22 4
23 36
24 27
25 28
26 31
27 33
28 38
29 37
30 12
31 34
32 26
33 3
34 13
35 40
36 23
37 15
38 39
39 9
40 24
SIMILAR

7 40 1 36 5 4 39 25 2 19 22 26 14 33 29 30 8 27 20 28 32 23 12 9 38 11 24 16 37 35 17 21 6 34 31 10 0 3 18 13 15 
0 36
1 2
2 8
3 37
4 5
5 4
6 32
7 0
8 16
9 23
10 35
11 25
12 22
13 39
14 12
15 40
16 27
17 30
18 38
19 9
20 18
21 31
22 10
23 21
24 26
25 7
26 11
27 17
28 19
29 14
30 15
31 34
32 20
33 13
34 33
35 29
36 3
37 28
38 24
39 6
40 1
SIMILAR

39 7 40 28 35 29 38 25 19 33 31 0 18 30 20 11 2 26 24 16 6 10 37 8 4 23 1 9 22 5 17 27 15 32 14 34 36 21 12 13 3 
0 11
1 26
2 16
3 40
4 24
5 29
6 20
7 1
8 23
9 27
10 21
11 15
12 38
13 39
14 34
15 32
16 19
17 30
18 12
19 8
20 14
21 37
22 28
23 25
24 18
25 7
26 17
27 31
28 3
29 5
30 13
31 10
32 33
33 9
34 35
35 4
36 36
37 22
38 6
39 0
40 2
SIMILAR
100 0
3900 0
373900 0
