41
0 1 1 0 1 1 1 1 0 0 0 1 0 0 1 1 1 0 1 0 0 1 0 1 1 0 1 1 0 1 1 1 0 1 0 0 1 1 0 0 1 
1 0 1 1 0 1 0 1 0 1 1 0 0 0 0 1 0 0 1 0 1 0 1 1 1 1 0 1 1 0 0 0 1 0 1 0 0 0 1 0 1 
1 1 0 1 1 1 0 1 0 1 1 1 0 0 0 0 1 0 1 1 0 1 0 1 1 0 0 0 1 0 0 0 1 0 1 0 1 0 1 0 1 
0 1 1 0 0 1 1 0 1 1 1 1 0 1 0 0 0 1 1 0 0 1 0 1 0 1 0 1 1 0 1 0 0 0 1 1 1 1 0 0 0 
1 0 1 0 0 0 1 1 1 1 1 1 1 1 0 1 0 0 1 0 0 0 0 0 1 0 0 0 0 0 0 1 1 1 1 0 1 0 0 1 1 
1 1 1 1 0 0 1 1 1 1 0 0 1 0 1 0 0 0 0 1 0 0 1 0 1 0 0 1 1 1 1 1 0 1 0 0 0 1 1 0 1 
1 0 0 1 1 1 0 0 1 0 1 0 1 1 1 0 0 0 1 1 1 0 0 1 1 0 1 1 1 1 1 1 1 1 1 1 1 1 1 0 0 
1 1 1 0 1 1 0 0 1 1 1 1 1 0 1 1 1 1 1 0 0 0 0 0 0 0 1 0 0 1 1 1 1 1 1 1 1 0 1 1 1 
0 0 0 1 1 1 1 1 0 1 1 1 0 0 1 1 1 1 0 0 0 1 1 0 1 1 1 0 0 1 1 1 0 1 0 1 1 1 1 1 1 
0 1 1 1 1 1 0 1 1 0 1 0 0 0 0 0 0 0 0 0 0 1 0 1 1 1 0 0 0 0 0 1 1 1 0 0 1 0 0 0 0 
0 1 1 1 1 0 1 1 1 1 0 1 0 1 0 1 0 1 1 1 0 1 1 1 1 1 1 0 1 0 0 1 0 1 0 0 0 1 1 0 0 
1 0 1 1 1 0 0 1 1 0 1 0 0 0 0 1 0 0 1 0 1 0 1 1 1 1 1 1 1 1 0 0 1 1 0 0 1 1 1 0 0 
0 0 0 0 1 1 1 1 0 0 0 0 0 1 0 1 0 0 0 0 0 0 1 1 1 0 1 0 0 1 0 1 0 1 0 0 0 1 0 0 1 
0 0 0 1 1 0 1 0 0 0 1 0 1 0 1 1 0 1 0 0 1 1 1 0 1 1 1 1 0 0 1 1 1 1 1 0 1 1 0 0 0 
1 0 0 0 0 1 1 1 1 0 0 0 0 1 0 1 0 0 1 1 1 0 0 0 0 0 1 1 1 1 1 1 1 0 1 0 0 0 0 1 0 
1 1 0 0 1 0 0 1 1 0 1 1 1 1 1 0 0 1 0 1 0 0 0 0 0 0 1 1 1 1 0 0 0 0 1 0 1 0 1 0 1 
1 0 1 0 0 0 0 1 1 0 0 0 0 0 0 0 0 1 1 1 0 0 0 0 1 0 0 0 0 0 1 1 1 1 1 1 1 1 1 1 0 
0 0 0 1 0 0 0 1 1 0 1 0 0 1 0 1 1 0 1 1 1 0 0 1 0 0 1 0 1 1 0 0 0 0 1 0 0 0 1 1 1 
1 1 1 1 1 0 1 1 0 0 1 1 0 0 1 0 1 1 0 0 0 0 0 1 1 1 1 1 0 0 0 1 0 1 1 0 1 1 1 1 0 
0 0 1 0 0 1 1 0 0 0 1 0 0 0 1 1 1 1 0 0 1 0 0 0 0 1 1 0 1 0 0 0 1 0 0 0 1 1 1 1 1 
0 1 0 0 0 0 1 0 0 0 0 1 0 1 1 0 0 1 0 1 0 1 0 1 1 1 0 1 0 0 0 0 0 0 0 0 1 0 1 1 0 
1 0 1 1 0 0 0 0 1 1 1 0 0 1 0 0 0 0 0 0 1 0 0 0 0 0 1 0 0 1 0 1 1 1 1 0 1 1 0 1 0 
0 1 0 0 0 1 0 0 1 0 1 1 1 1 0 0 0 0 0 0 0 0 0 1 1 1 1 1 0 1 1 0 0 1 0 0 1 0 0 0 0 
1 1 1 1 0 0 1 0 0 1 1 1 1 0 0 0 0 1 1 0 1 0 1 0 1 1 1 0 0 1 0 0 1 0 0 0 0 1 1 1 0 
1 1 1 0 1 1 1 0 1 1 1 1 1 1 0 0 1 0 1 0 1 0 1 1 0 1 0 0 1 0 0 0 0 1 0 1 1 1 1 1 0 
0 1 0 1 0 0 0 0 1 1 1 1 0 1 0 0 0 0 1 1 1 0 1 1 1 0 1 1 1 0 0 0 1 1 1 1 1 0 0 1 1 
1 0 0 0 0 0 1 1 1 0 1 1 1 1 1 1 0 1 1 1 0 1 1 1 0 1 0 1 1 0 0 1 0 0 1 1 1 1 0 0 0 
1 1 0 1 0 1 1 0 0 0 0 1 0 1 1 1 0 0 1 0 1 0 1 0 0 1 1 0 0 1 0 1 1 1 0 0 1 0 0 0 0 
0 1 1 1 0 1 1 0 0 0 1 1 0 0 1 1 0 1 0 1 0 0 0 0 1 1 1 0 0 0 0 1 0 0 0 0 1 0 0 1 0 
1 0 0 0 0 1 1 1 1 0 0 1 1 0 1 1 0 1 0 0 0 1 1 1 0 0 0 1 0 0 0 1 1 1 0 0 1 0 0 0 1 
1 0 0 1 0 1 1 1 1 0 0 0 0 1 1 0 1 0 0 0 0 0 1 0 0 0 0 0 0 0 0 1 0 0 1 0 0 1 0 1 1 
1 0 0 0 1 1 1 1 1 1 1 0 1 1 1 0 1 0 1 0 0 1 0 0 0 0 1 1 1 1 1 0 0 1 0 1 1 0 1 0 0 
0 1 1 0 1 0 1 1 0 1 0 1 0 1 1 0 1 0 0 1 0 1 0 1 0 1 0 1 0 1 0 0 0 0 0 0 0 1 0 0 0 
1 0 0 0 1 1 1 1 1 1 1 1 1 1 0 0 1 0 1 0 0 1 1 0 1 1 0 1 0 1 0 1 0 0 0 0 0 0 1 1 1 
0 1 1 1 1 0 1 1 0 0 0 0 0 1 1 1 1 1 1 0 0 1 0 0 0 1 1 0 0 0 1 0 0 0 0 1 0 1 1 1 0 
0 0 0 1 0 0 1 1 1 0 0 0 0 0 0 0 1 0 0 0 0 0 0 0 1 1 1 0 0 0 0 1 0 0 1 0 0 1 1 1 0 
1 0 1 1 1 0 1 1 1 1 0 1 0 1 0 1 1 0 1 1 1 1 1 0 1 1 1 1 1 1 0 1 0 0 0 0 0 1 1 1 0 
1 0 0 1 0 1 1 0 1 0 1 1 1 1 0 0 1 0 1 1 0 1 0 1 1 0 1 0 0 0 1 0 1 0 1 1 1 0 0 0 1 
0 1 1 0 0 1 1 1 1 0 1 1 0 0 0 1 1 1 1 1 1 0 0 1 1 0 0 0 0 0 0 1 0 1 1 1 1 0 0 1 1 
0 0 0 0 1 0 0 1 1 0 0 0 0 0 1 0 1 1 1 1 1 1 0 1 1 1 0 0 1 0 1 0 0 1 1 1 1 0 1 0 1 
1 1 1 0 1 1 0 1 1 0 0 0 1 0 0 1 0 1 0 1 0 0 0 0 0 1 0 0 0 1 1 0 0 1 0 0 0 1 1 1 0 

29 3 28 2 34 17 27 22 30 4 20 1 13 14 0 9 26 19 21 15 40 35 12 7 39 25 10 8 32 33 24 18 37 31 23 11 16 36 6 38 5 
0 14
1 11
2 3
3 1
4 9
5 40
6 38
7 23
8 27
9 15
10 26
11 35
12 22
13 12
14 13
15 19
16 36
17 5
18 31
19 17
20 10
21 18
22 7
23 34
24 30
25 25
26 16
27 6
28 2
29 0
30 8
31 33
32 28
33 29
34 4
35 21
36 37
37 32
38 39
39 24
40 20
SIMILAR

13 7 16 39 5 36 23 31 17 40 26 28 6 9 22 2 0 8 20 10 32 35 30 21 4 24 37 1 19 27 25 33 15 29 34 14 12 18 11 3 38 
0 16
1 27
2 15
3 39
4 24
5 4
6 12
7 1
8 17
9 13
10 19
11 38
12 36
13 0
14 35
15 32
16 2
17 8
18 37
19 28
20 18
21 23
22 14
23 6
24 25
25 30
26 10
27 29
28 11
29 33
30 22
31 7
32 20
33 31
34 34
35 21
36 5
37 26
38 40
39 3
40 9
SIMILAR

17 40 1 28 5 8 35 3 22 18 13 9 24 6 7 0 23 38 16 2 12 34 27 19 36 37 39 10 4 15 33 21 30 11 29 32 20 25 14 31 26 
0 15
1 2
2 19
3 7
4 28
5 4
6 13
7 14
8 5
9 11
10 27
11 33
12 20
13 10
14 38
15 29
16 18
17 0
18 9
19 23
20 36
21 31
22 8
23 16
24 12
25 37
26 40
27 22
28 3
29 34
30 32
31 39
32 35
33 30
34 21
35 6
36 24
37 25
38 17
39 26
40 1
SIMILAR

24 21 1 7 32 25 9 22 13 31 18 10 5 35 2 37 34 28 23 0 26 29 4 11 6 30 3 16 12 19 40 38 17 15 39 27 33 36 8 14 20 
0 19
1 2
2 14
3 26
4 22
5 12
6 24
7 3
8 38
9 6
10 11
11 23
12 28
13 8
14 39
15 33
16 27
17 32
18 10
19 29
20 40
21 1
22 7
23 18
24 0
25 5
26 20
27 35
28 17
29 21
30 25
31 9
32 4
33 36
34 16
35 13
36 37
37 15
38 31
39 34
40 30
SIMILAR

5 2 38 3 20 9 4 34 24 21 36 40 30 25 18 19 8 13 7 10 12 1 28 32 27 37 29 22 14 26 23 31 33 16 35 11 39 15 17 0 6 
0 39
1 21
2 1
3 3
4 6
5 0
6 40
7 18
8 16
9 5
10 19
11 35
12 20
13 17
14 28
15 37
16 33
17 38
18 14
19 15
20 4
21 9
22 27
23 30
24 8
25 13
26 29
27 24
28 22
29 26
30 12
31 31
32 23
33 32
34 7
35 34
36 10
37 25
38 2
39 36
40 11
SIMILAR

18 7 14 26 15 8 40 19 30 11 3 5 28 16 29 20 13 39 6 24 12 1 38 0 37 31 25 23 36 2 34 32 22 10 4 27 35 9 17 33 21 
0 23
1 21
2 29
3 10
4 34
5 11
6 18
7 1
8 5
9 37
10 33
11 9
12 20
13 16
14 2
15 4
16 13
17 38
18 0
19 7
20 15
21 40
22 32
23 27
24 19
25 26
26 3
27 35
28 12
29 14
30 8
31 25
32 31
33 39
34 30
35 36
36 28
37 24
38 22
39 17
40 6
SIMILAR

17 34 35 25 36 26 5 40 38 21 15 13 7 14 39 20 33 22 2 29 9 19 8 32 1 3 11 23 31 30 18 4 10 28 6 27 12 24 16 37 0 
0 40
1 24
2 18
3 25
4 31
5 6
6 34
7 12
8 22
9 20
10 32
11 26
12 36
13 11
14 13
15 10
16 38
17 0
18 30
19 21
20 15
21 9
22 17
23 27
24 37
25 3
26 5
27 35
28 33
29 19
30 29
31 28
32 23
33 16
34 1
35 2
36 4
37 39
38 8
39 14
40 7
SIMILAR

31 23 39 37 40 19 9 3 35 22 15 38 33 24 28 13 29 11 30 25 5 0 26 21 14 18 27 7 32 8 36 17 4 6 12 1 10 34 16 2 20 
0 21
1 35
2 39
3 7
4 32
5 20
6 33
7 27
8 29
9 6
10 36
11 17
12 34
13 15
14 24
15 10
16 38
17 31
18 25
19 5
20 40
21 23
22 9
23 1
24 13
25 19
26 22
27 26
28 14
29 16
30 18
31 0
32 28
33 12
34 37
35 8
36 30
37 3
38 11
39 2
40 4
SIMILAR

20 38 7 15 29 2 36 13 31 11 34 25 32 14 0 19 27 4 23 16 35 26 37 17 1 22 6 28 21 24 10 3 8 33 12 40 30 9 39 5 18 
0 14
1 24
2 5
3 31
4 17
5 39
6 26
7 2
8 32
9 37
10 30
11 9
12 34
13 7
14 13
15 3
16 19
17 23
18 40
19 15
20 0
21 28
22 25
23 18
24 29
25 11
26 21
27 16
28 27
29 4
30 36
31 8
32 12
33 33
34 10
35 20
36 6
37 22
38 1
39 38
40 35
SIMILAR

18 12 14 1 21 39 17 2 33 4 35 10 16 26 30 29 5 24 25 3 13 23 6 37 9 36 8 27 32 0 15 38 11 7 31 40 28 34 19 22 20 
0 29
1 3
2 7
3 19
4 9
5 16
6 22
7 33
8 26
9 24
10 11
11 32
12 1
13 20
14 2
15 30
16 12
17 6
18 0
19 38
20 40
21 4
22 39
23 21
24 17
25 18
26 13
27 27
28 36
29 15
30 14
31 34
32 28
33 8
34 37
35 10
36 25
37 23
38 31
39 5
40 35
SIMILAR

5 40 25 19 17 11 2 38 29 7 35 14 39 15 16 36 9 21 20 10 13 22 34 27 8 23 31 28 30 1 37 18 12 0 26 3 33 6 24 32 4 
0 33
1 29
2 6
3 35
4 40
5 0
6 37
7 9
8 24
9 16
10 19
11 5
12 32
13 20
14 11
15 13
16 14
17 4
18 31
19 3
20 18
21 17
22 21
23 25
24 38
25 2
26 34
27 23
28 27
29 8
30 28
31 26
32 39
33 36
34 22
35 10
36 15
37 30
38 7
39 12
40 1
SIMILAR

16 31 36 6 5 29 2 3 35 40 19 23 21 26 4 17 13 7 18 25 15 22 10 8 11 1 0 9 33 24 20 14 30 12 28 34 27 37 32 39 38 
0 26
1 25
2 6
3 7
4 14
5 4
6 3
7 17
8 23
9 27
10 22
11 24
12 33
13 16
14 31
15 20
16 0
17 15
18 18
19 10
20 30
21 12
22 21
23 11
24 29
25 19
26 13
27 36
28 34
29 5
30 32
31 1
32 38
33 28
34 35
35 8
36 2
37 37
38 40
39 39
40 9
SIMILAR

6 21 10 2 37 33 22 20 36 11 25 3 35 30 14 24 28 8 27 17 32 9 38 16 23 13 5 34 29 1 15 31 40 7 18 4 26 19 39 0 12 
0 39
1 29
2 3
3 11
4 35
5 26
6 0
7 33
8 17
9 21
10 2
11 9
12 40
13 25
14 14
15 30
16 23
17 19
18 34
19 37
20 7
21 1
22 6
23 24
24 15
25 10
26 36
27 18
28 16
29 28
30 13
31 31
32 20
33 5
34 27
35 12
36 8
37 4
38 22
39 38
40 32
SIMILAR

4 40 1 9 20 7 15 32 2 35 17 23 14 16 38 24 5 0 13 36 10 27 31 37 8 12 3 30 34 25 39 21 11 6 18 33 19 28 22 29 26 
0 17
1 2
2 8
3 26
4 0
5 16
6 33
7 5
8 24
9 3
10 20
11 32
12 25
13 18
14 12
15 6
16 13
17 10
18 34
19 36
20 4
21 31
22 38
23 11
24 15
25 29
26 40
27 21
28 37
29 39
30 27
31 22
32 7
33 35
34 28
35 9
36 19
37 23
38 14
39 30
40 1
SIMILAR

1 29 25 36 16 7 15 8 11 5 13 40 30 34 9 22 3 27 35 0 21 20 14 23 12 26 37 38 17 19 2 18 33 10 4 32 39 24 31 28 6 
0 19
1 0
2 30
3 16
4 34
5 9
6 40
7 5
8 7
9 14
10 33
11 8
12 24
13 10
14 22
15 6
16 4
17 28
18 31
19 29
20 21
21 20
22 15
23 23
24 37
25 2
26 25
27 17
28 39
29 1
30 12
31 38
32 35
33 32
34 13
35 18
36 3
37 26
38 27
39 36
40 11
SIMILAR

33 37 13 8 20 26 29 12 24 7 28 35 2 22 38 21 36 16 31 18 11 0 32 6 5 1 39 25 40 34 4 14 19 17 15 23 30 10 9 3 27 
0 21
1 25
2 12
3 39
4 30
5 24
6 23
7 9
8 3
9 38
10 37
11 20
12 7
13 2
14 31
15 34
16 17
17 33
18 19
19 32
20 4
21 15
22 13
23 35
24 8
25 27
26 5
27 40
28 10
29 6
30 36
31 18
32 22
33 0
34 29
35 11
36 16
37 1
38 14
39 26
40 28
SIMILAR

15 9 7 29 19 26 3 37 22 33 8 5 36 31 11 24 17 35 23 12 34 0 10 28 32 21 6 16 25 30 2 20 38 40 13 39 27 1 14 18 4 
0 21
1 37
2 30
3 6
4 40
5 11
6 26
7 2
8 10
9 1
10 22
11 14
12 19
13 34
14 38
15 0
16 27
17 16
18 39
19 4
20 31
21 25
22 8
23 18
24 15
25 28
26 5
27 36
28 23
29 3
30 29
31 13
32 24
33 9
34 20
35 17
36 12
37 7
38 32
39 35
40 33
SIMILAR

34 33 13 18 4 6 40 7 31 1 9 17 29 20 26 32 10 39 15 19 3 14 22 36 37 25 27 35 0 12 24 11 16 23 5 28 8 2 30 21 38 
0 28
1 9
2 37
3 20
4 4
5 34
6 5
7 7
8 36
9 10
10 16
11 31
12 29
13 2
14 21
15 18
16 32
17 11
18 3
19 19
20 13
21 39
22 22
23 33
24 30
25 25
26 14
27 26
28 35
29 12
30 38
31 8
32 15
33 1
34 0
35 27
36 23
37 24
38 40
39 17
40 6
SIMILAR

38 22 27 9 24 0 2 40 20 6 8 33 3 18 39 36 14 29 21 35 11 5 4 15 7 26 34 13 25 17 31 16 37 30 1 23 19 12 10 32 28 
0 5
1 34
2 6
3 12
4 22
5 21
6 9
7 24
8 10
9 3
10 38
11 20
12 37
13 27
14 16
15 23
16 31
17 29
18 13
19 36
20 8
21 18
22 1
23 35
24 4
25 28
26 25
27 2
28 40
29 17
30 33
31 30
32 39
33 11
34 26
35 19
36 15
37 32
38 0
39 14
40 7
SIMILAR

32 34 3 35 29 14 36 11 20 39 19 6 25 13 2 9 1 31 22 21 40 15 7 27 33 18 38 4 30 8 5 37 26 23 12 16 17 24 10 28 0 
0 40
1 16
2 14
3 2
4 27
5 30
6 11
7 22
8 29
9 15
10 38
11 7
12 34
13 13
14 5
15 21
16 35
17 36
18 25
19 10
20 8
21 19
22 18
23 33
24 37
25 12
26 32
27 23
28 39
29 4
30 28
31 17
32 0
33 24
34 1
35 3
36 6
37 31
38 26
39 9
40 20
SIMILAR

21 0 5 2 39 26 13 30 37 7 12 15 24 10 1 31 23 29 33 9 19 11 4 22 32 27 38 8 34 28 35 36 14 6 25 17 18 20 3 40 16 
0 1
1 14
2 3
3 38
4 22
5 2
6 33
7 9
8 27
9 19
10 13
11 21
12 10
13 6
14 32
15 11
16 40
17 35
18 36
19 20
20 37
21 0
22 23
23 16
24 12
25 34
26 5
27 25
28 29
29 17
30 7
31 15
32 24
33 18
34 28
35 30
36 31
37 8
38 26
39 4
40 39
SIMILAR

22 14 24 8 38 23 1 26 2 34 28 37 12 0 33 9 39 15 6 7 5 10 25 29 35 20 17 13 36 19 16 27 3 11 40 31 4 21 30 18 32 
0 13
1 6
2 8
3 32
4 36
5 20
6 18
7 19
8 3
9 15
10 21
11 33
12 12
13 27
14 1
15 17
16 30
17 26
18 39
19 29
20 25
21 37
22 0
23 5
24 2
25 22
26 7
27 31
28 10
29 23
30 38
31 35
32 40
33 14
34 9
35 24
36 28
37 11
38 4
39 16
40 34
SIMILAR

11 38 28 22 8 31 19 26 12 30 21 32 25 13 7 1 3 20 14 10 5 36 39 17 27 16 15 37 23 29 35 24 34 9 18 2 40 0 33 4 6 
0 37
1 15
2 35
3 16
4 39
5 20
6 40
7 14
8 4
9 33
10 19
11 0
12 8
13 13
14 18
15 26
16 25
17 23
18 34
19 6
20 17
21 10
22 3
23 28
24 31
25 12
26 7
27 24
28 2
29 29
30 9
31 5
32 11
33 38
34 32
35 30
36 21
37 27
38 1
39 22
40 36
SIMILAR

40 1 32 3 20 37 35 14 19 24 31 18 0 30 10 9 33 25 7 23 2 28 17 11 29 4 21 12 16 6 26 34 38 15 13 36 27 8 39 5 22 
0 12
1 1
2 20
3 3
4 25
5 39
6 29
7 18
8 37
9 15
10 14
11 23
12 27
13 34
14 7
15 33
16 28
17 22
18 11
19 8
20 4
21 26
22 40
23 19
24 9
25 17
26 30
27 36
28 21
29 24
30 13
31 10
32 2
33 16
34 31
35 6
36 35
37 5
38 32
39 38
40 0
SIMILAR

8 31 21 39 17 20 12 37 9 3 5 28 6 27 16 29 19 4 18 38 10 13 40 32 15 1 30 34 2 11 26 23 14 24 22 25 36 35 33 7 0 
0 40
1 25
2 28
3 9
4 17
5 10
6 12
7 39
8 0
9 8
10 20
11 29
12 6
13 21
14 32
15 24
16 14
17 4
18 18
19 16
20 5
21 2
22 34
23 31
24 33
25 35
26 30
27 13
28 11
29 15
30 26
31 1
32 23
33 38
34 27
35 37
36 36
37 7
38 19
39 3
40 22
SIMILAR

27 26 0 22 15 1 24 17 30 6 35 29 2 14 3 13 25 9 40 33 39 7 37 18 5 19 23 8 16 28 36 20 4 32 10 34 11 12 31 21 38 
0 2
1 5
2 12
3 14
4 32
5 24
6 9
7 21
8 27
9 17
10 34
11 36
12 37
13 15
14 13
15 4
16 28
17 7
18 23
19 25
20 31
21 39
22 3
23 26
24 6
25 16
26 1
27 0
28 29
29 11
30 8
31 38
32 33
33 19
34 35
35 10
36 30
37 22
38 40
39 20
40 18
SIMILAR

32 10 24 14 18 25 27 8 31 39 23 11 1 13 9 35 2 3 40 0 33 38 17 4 19 30 37 15 21 6 34 29 5 22 28 16 26 20 7 36 12 
0 19
1 12
2 16
3 17
4 23
5 32
6 29
7 38
8 7
9 14
10 1
11 11
12 40
13 13
14 3
15 27
16 35
17 22
18 4
19 24
20 37
21 28
22 33
23 10
24 2
25 5
26 36
27 6
28 34
29 31
30 25
31 8
32 0
33 20
34 30
35 15
36 39
37 26
38 21
39 9
40 18
SIMILAR

9 18 32 19 38 3 35 6 4 28 24 1 5 13 10 30 26 14 15 16 20 7 12 8 21 31 27 25 2 40 23 33 22 11 29 34 0 36 17 39 37 
0 36
1 11
2 28
3 5
4 8
5 12
6 7
7 21
8 23
9 0
10 14
11 33
12 22
13 13
14 17
15 18
16 19
17 38
18 1
19 3
20 20
21 24
22 32
23 30
24 10
25 27
26 16
27 26
28 9
29 34
30 15
31 25
32 2
33 31
34 35
35 6
36 37
37 40
38 4
39 39
40 29
SIMILAR

20 4 38 10 32 19 16 0 21 12 18 34 5 40 13 8 22 28 31 33 29 39 3 35 26 23 1 30 6 36 9 11 7 17 2 14 37 24 27 25 15 
0 7
1 26
2 34
3 22
4 1
5 12
6 28
7 32
8 15
9 30
10 3
11 31
12 9
13 14
14 35
15 40
16 6
17 33
18 10
19 5
20 0
21 8
22 16
23 25
24 37
25 39
26 24
27 38
28 17
29 20
30 27
31 18
32 4
33 19
34 11
35 23
36 29
37 36
38 2
39 21
40 13
SIMILAR

1 25 10 0 21 8 13 22 17 35 32 38 24 23 7 18 36 5 28 2 6 27 19 3 26 15 20 37 34 4 39 9 40 30 14 11 29 12 16 33 31 
0 3
1 0
2 19
3 23
4 29
5 17
6 20
7 14
8 5
9 31
10 2
11 35
12 37
13 6
14 34
15 25
16 38
17 8
18 15
19 22
20 26
21 4
22 7
23 13
24 12
25 1
26 24
27 21
28 18
29 36
30 33
31 40
32 10
33 39
34 28
35 9
36 16
37 27
38 11
39 30
40 32
SIMILAR

18 23 15 28 32 26 20 16 8 9 40 2 5 31 19 4 14 12 33 35 36 13 1 37 3 10 34 22 24 6 25 27 38 30 7 11 0 39 21 17 29 
0 36
1 22
2 11
3 24
4 15
5 12
6 29
7 34
8 8
9 9
10 25
11 35
12 17
13 21
14 16
15 2
16 7
17 39
18 0
19 14
20 6
21 38
22 27
23 1
24 28
25 30
26 5
27 31
28 3
29 40
30 33
31 13
32 4
33 18
34 26
35 19
36 20
37 23
38 32
39 37
40 10
SIMILAR

25 6 11 2 14 40 24 37 32 17 36 18 5 3 22 39 34 10 12 23 16 27 26 7 0 21 1 35 29 20 9 31 8 33 4 19 30 13 15 28 38 
0 24
1 26
2 3
3 13
4 34
5 12
6 1
7 23
8 32
9 30
10 17
11 2
12 18
13 37
14 4
15 38
16 20
17 9
18 11
19 35
20 29
21 25
22 14
23 19
24 6
25 0
26 22
27 21
28 39
29 28
30 36
31 31
32 8
33 33
34 16
35 27
36 10
37 7
38 40
39 15
40 5
SIMILAR

20 18 3 24 5 23 34 10 2 6 40 29 15 25 0 38 39 22 26 31 7 16 36 35 12 33 8 30 27 13 14 19 9 37 32 17 1 4 28 11 21 
0 14
1 36
2 8
3 2
4 37
5 4
6 9
7 20
8 26
9 32
10 7
11 39
12 24
13 29
14 30
15 12
16 21
17 35
18 1
19 31
20 0
21 40
22 17
23 5
24 3
25 13
26 18
27 28
28 38
29 11
30 27
31 19
32 34
33 25
34 6
35 23
36 22
37 33
38 15
39 16
40 10
SIMILAR

0 20 36 32 28 23 38 40 18 12 13 30 34 6 21 27 24 25 31 19 9 33 17 7 15 11 5 8 10 26 1 37 39 3 2 29 16 35 4 22 14 
0 0
1 30
2 34
3 33
4 38
5 26
6 13
7 23
8 27
9 20
10 28
11 25
12 9
13 10
14 40
15 24
16 36
17 22
18 8
19 19
20 1
21 14
22 39
23 5
24 16
25 17
26 29
27 15
28 4
29 35
30 11
31 18
32 3
33 21
34 12
35 37
36 2
37 31
38 6
39 32
40 7
SIMILAR

15 37 28 7 8 22 26 18 34 2 5 3 31 12 33 6 40 13 29 24 30 1 35 32 25 4 36 9 0 19 39 21 14 16 11 38 27 10 23 17 20 
0 28
1 21
2 9
3 11
4 25
5 10
6 15
7 3
8 4
9 27
10 37
11 34
12 13
13 17
14 32
15 0
16 33
17 39
18 7
19 29
20 40
21 31
22 5
23 38
24 19
25 24
26 6
27 36
28 2
29 18
30 20
31 12
32 23
33 14
34 8
35 22
36 26
37 1
38 35
39 30
40 16
SIMILAR

33 19 15 28 14 37 27 23 34 16 8 9 12 21 35 29 20 10 30 7 39 38 26 5 25 13 24 4 6 22 11 32 18 31 17 3 36 0 2 40 1 
0 37
1 40
2 38
3 35
4 27
5 23
6 28
7 19
8 10
9 11
10 17
11 30
12 12
13 25
14 4
15 2
16 9
17 34
18 32
19 1
20 16
21 13
22 29
23 7
24 26
25 24
26 22
27 6
28 3
29 15
30 18
31 33
32 31
33 0
34 8
35 14
36 36
37 5
38 21
39 20
40 39
SIMILAR

20 14 21 19 33 24 25 9 40 16 2 36 35 30 11 26 1 18 7 27 8 28 29 37 38 34 13 32 5 3 0 39 15 23 31 4 12 22 17 6 10 
0 30
1 16
2 10
3 29
4 35
5 28
6 39
7 18
8 20
9 7
10 40
11 14
12 36
13 26
14 1
15 32
16 9
17 38
18 17
19 3
20 0
21 2
22 37
23 33
24 5
25 6
26 15
27 19
28 21
29 22
30 13
31 34
32 27
33 4
34 25
35 12
36 11
37 23
38 24
39 31
40 8
SIMILAR

32 7 9 37 2 0 3 17 1 19 30 13 22 21 33 11 26 14 34 16 10 6 36 40 35 24 4 5 8 39 38 25 29 31 18 12 15 20 27 28 23 
0 5
1 8
2 4
3 6
4 26
5 27
6 21
7 1
8 28
9 2
10 20
11 15
12 35
13 11
14 17
15 36
16 19
17 7
18 34
19 9
20 37
21 13
22 12
23 40
24 25
25 31
26 16
27 38
28 39
29 32
30 10
31 33
32 0
33 14
34 18
35 24
36 22
37 3
38 30
39 29
40 23
SIMILAR

40 13 27 21 26 35 16 38 29 7 36 37 9 33 22 30 24 25 3 34 4 32 19 1 11 14 2 5 8 0 31 20 39 12 10 28 15 18 23 17 6 
0 29
1 23
2 26
3 18
4 20
5 27
6 40
7 9
8 28
9 12
10 34
11 24
12 33
13 1
14 25
15 36
16 6
17 39
18 37
19 22
20 31
21 3
22 14
23 38
24 16
25 17
26 4
27 2
28 35
29 8
30 15
31 30
32 21
33 13
34 19
35 5
36 10
37 11
38 7
39 32
40 0
SIMILAR

40 12 21 14 22 11 33 34 8 15 16 7 37 25 17 32 27 6 19 4 24 23 26 35 0 10 3 28 36 30 29 31 1 18 13 2 38 39 20 9 5 
0 24
1 32
2 35
3 26
4 19
5 40
6 17
7 11
8 8
9 39
10 25
11 5
12 1
13 34
14 3
15 9
16 10
17 14
18 33
19 18
20 38
21 2
22 4
23 21
24 20
25 13
26 22
27 16
28 27
29 30
30 29
31 31
32 15
33 6
34 7
35 23
36 28
37 12
38 36
39 37
40 0
SIMILAR

39 20 34 38 8 5 33 30 35 11 3 40 27 4 26 15 24 2 18 36 12 13 16 17 28 21 37 25 32 6 1 23 14 31 19 7 9 10 0 29 22 
0 38
1 30
2 17
3 10
4 13
5 5
6 29
7 35
8 4
9 36
10 37
11 9
12 20
13 21
14 32
15 15
16 22
17 23
18 18
19 34
20 1
21 25
22 40
23 31
24 16
25 27
26 14
27 12
28 24
29 39
30 7
31 33
32 28
33 6
34 2
35 8
36 19
37 26
38 3
39 0
40 11
SIMILAR

22 20 9 32 33 24 30 16 11 13 25 34 4 0 40 23 18 2 38 29 15 17 31 6 19 5 14 10 7 3 21 28 12 37 26 39 35 36 8 27 1 
0 13
1 40
2 17
3 29
4 12
5 25
6 23
7 28
8 38
9 2
10 27
11 8
12 32
13 9
14 26
15 20
16 7
17 21
18 16
19 24
20 1
21 30
22 0
23 15
24 5
25 10
26 34
27 39
28 31
29 19
30 6
31 22
32 3
33 4
34 11
35 36
36 37
37 33
38 18
39 35
40 14
SIMILAR

4 31 29 40 27 22 39 30 17 10 35 3 36 26 37 11 33 18 19 13 28 16 0 6 20 34 14 1 8 32 12 7 5 24 9 15 38 25 21 2 23 
0 22
1 27
2 39
3 11
4 0
5 32
6 23
7 31
8 28
9 34
10 9
11 15
12 30
13 19
14 26
15 35
16 21
17 8
18 17
19 18
20 24
21 38
22 5
23 40
24 33
25 37
26 13
27 4
28 20
29 2
30 7
31 1
32 29
33 16
34 25
35 10
36 12
37 14
38 36
39 6
40 3
SIMILAR

40 21 19 0 38 35 25 11 7 9 34 4 20 39 27 5 15 33 13 6 37 12 1 3 31 26 24 8 18 30 10 28 29 22 14 16 2 17 36 32 23 
0 3
1 22
2 36
3 23
4 11
5 15
6 19
7 8
8 27
9 9
10 30
11 7
12 21
13 18
14 34
15 16
16 35
17 37
18 28
19 2
20 12
21 1
22 33
23 40
24 26
25 6
26 25
27 14
28 31
29 32
30 29
31 24
32 39
33 17
34 10
35 5
36 38
37 20
38 4
39 13
40 0
SIMILAR

23 1 6 31 18 7 19 35 13 11 37 14 5 34 4 27 30 40 26 16 24 3 22 28 15 0 9 36 38 12 33 20 32 8 21 17 25 10 39 2 29 
0 25
1 1
2 39
3 21
4 14
5 12
6 2
7 5
8 33
9 26
10 37
11 9
12 29
13 8
14 11
15 24
16 19
17 35
18 4
19 6
20 31
21 34
22 22
23 0
24 20
25 36
26 18
27 15
28 23
29 40
30 16
31 3
32 32
33 30
34 13
35 7
36 27
37 10
38 28
39 38
40 17
SIMILAR

5 25 19 31 24 10 28 15 26 21 37 18 14 11 29 9 2 27 36 34 0 13 40 30 39 35 3 38 7 1 23 20 4 16 22 12 33 32 8 6 17 
0 20
1 29
2 16
3 26
4 32
5 0
6 39
7 28
8 38
9 15
10 5
11 13
12 35
13 21
14 12
15 7
16 33
17 40
18 11
19 2
20 31
21 9
22 34
23 30
24 4
25 1
26 8
27 17
28 6
29 14
30 23
31 3
32 37
33 36
34 19
35 25
36 18
37 10
38 27
39 24
40 22
SIMILAR

0 15 19 40 34 12 26 2 24 23 25 6 1 14 7 38 39 16 37 9 36 30 27 10 8 21 33 28 32 31 4 5 3 29 35 22 11 18 13 17 20 
0 0
1 12
2 7
3 32
4 30
5 31
6 11
7 14
8 24
9 19
10 23
11 36
12 5
13 38
14 13
15 1
16 17
17 39
18 37
19 2
20 40
21 25
22 35
23 9
24 8
25 10
26 6
27 22
28 27
29 33
30 21
31 29
32 28
33 26
34 4
35 34
36 20
37 18
38 15
39 16
40 3
SIMILAR

30 32 19 21 12 3 0 6 18 10 14 26 34 31 40 13 8 23 22 36 2 37 9 15 29 33 17 27 35 11 1 5 16 38 7 28 24 20 39 25 4 
0 6
1 30
2 20
3 5
4 40
5 31
6 7
7 34
8 16
9 22
10 9
11 29
12 4
13 15
14 10
15 23
16 32
17 26
18 8
19 2
20 37
21 3
22 18
23 17
24 36
25 39
26 11
27 27
28 35
29 24
30 0
31 13
32 1
33 25
34 12
35 28
36 19
37 21
38 33
39 38
40 14
SIMILAR

27 23 28 22 7 20 4 13 9 0 14 11 10 34 38 2 3 33 24 39 29 21 31 36 37 18 35 32 26 17 25 19 16 1 15 40 30 12 6 8 5 
0 9
1 33
2 15
3 16
4 6
5 40
6 38
7 4
8 39
9 8
10 12
11 11
12 37
13 7
14 10
15 34
16 32
17 29
18 25
19 31
20 5
21 21
22 3
23 1
24 18
25 30
26 28
27 0
28 2
29 20
30 36
31 22
32 27
33 17
34 13
35 26
36 23
37 24
38 14
39 19
40 35
SIMILAR

8 14 0 2 7 39 27 5 28 36 13 38 26 31 3 12 20 33 37 17 19 22 1 6 21 15 32 29 24 40 18 23 35 25 10 30 4 9 11 34 16 
0 2
1 22
2 3
3 14
4 36
5 7
6 23
7 4
8 0
9 37
10 34
11 38
12 15
13 10
14 1
15 25
16 40
17 19
18 30
19 20
20 16
21 24
22 21
23 31
24 28
25 33
26 12
27 6
28 8
29 27
30 35
31 13
32 26
33 17
34 39
35 32
36 9
37 18
38 11
39 5
40 29
SIMILAR

14 32 9 17 5 31 25 13 11 12 21 28 39 35 30 7 15 0 27 1 36 40 26 34 33 38 8 29 22 37 16 4 23 3 20 18 2 24 19 10 6 
0 17
1 19
2 36
3 33
4 31
5 4
6 40
7 15
8 26
9 2
10 39
11 8
12 9
13 7
14 0
15 16
16 30
17 3
18 35
19 38
20 34
21 10
22 28
23 32
24 37
25 6
26 22
27 18
28 11
29 27
30 14
31 5
32 1
33 24
34 23
35 13
36 20
37 29
38 25
39 12
40 21
SIMILAR

31 5 3 33 17 38 20 21 10 16 39 23 9 24 13 1 22 37 7 0 11 29 6 30 2 12 32 15 25 19 28 4 18 40 27 8 34 35 36 26 14 
0 19
1 15
2 24
3 2
4 31
5 1
6 22
7 18
8 35
9 12
10 8
11 20
12 25
13 14
14 40
15 27
16 9
17 4
18 32
19 29
20 6
21 7
22 16
23 11
24 13
25 28
26 39
27 34
28 30
29 21
30 23
31 0
32 26
33 3
34 36
35 37
36 38
37 17
38 5
39 10
40 33
SIMILAR

30 6 31 15 2 18 25 35 33 21 34 38 22 11 3 27 26 8 1 39 5 23 14 17 24 13 32 40 37 28 7 20 9 0 12 29 4 16 10 36 19 
0 33
1 18
2 4
3 14
4 36
5 20
6 1
7 30
8 17
9 32
10 38
11 13
12 34
13 25
14 22
15 3
16 37
17 23
18 5
19 40
20 31
21 9
22 12
23 21
24 24
25 6
26 16
27 15
28 29
29 35
30 0
31 2
32 26
33 8
34 10
35 7
36 39
37 28
38 11
39 19
40 27
SIMILAR

19 29 15 35 5 25 20 10 27 32 23 31 26 39 14 16 17 4 12 30 22 36 0 2 9 7 1 38 3 24 37 8 21 18 33 40 28 11 6 34 13 
0 22
1 26
2 23
3 28
4 17
5 4
6 38
7 25
8 31
9 24
10 7
11 37
12 18
13 40
14 14
15 2
16 15
17 16
18 33
19 0
20 6
21 32
22 20
23 10
24 29
25 5
26 12
27 8
28 36
29 1
30 19
31 11
32 9
33 34
34 39
35 3
36 21
37 30
38 27
39 13
40 35
SIMILAR

34 10 27 11 13 37 12 32 36 20 33 3 40 26 15 14 39 31 6 18 17 0 16 24 8 25 29 9 35 2 19 5 23 38 21 30 22 7 1 4 28 
0 21
1 38
2 29
3 11
4 39
5 31
6 18
7 37
8 24
9 27
10 1
11 3
12 6
13 4
14 15
15 14
16 22
17 20
18 19
19 30
20 9
21 34
22 36
23 32
24 23
25 25
26 13
27 2
28 40
29 26
30 35
31 17
32 7
33 10
34 0
35 28
36 8
37 5
38 33
39 16
40 12
SIMILAR

9 32 34 27 35 7 4 13 22 8 16 31 14 28 37 17 24 40 33 6 10 36 12 19 2 5 39 25 11 18 1 23 30 15 0 26 38 29 3 20 21 
0 34
1 30
2 24
3 38
4 6
5 25
6 19
7 5
8 9
9 0
10 20
11 28
12 22
13 7
14 12
15 33
16 10
17 15
18 29
19 23
20 39
21 40
22 8
23 31
24 16
25 27
26 35
27 3
28 13
29 37
30 32
31 11
32 1
33 18
34 2
35 4
36 21
37 14
38 36
39 26
40 17
SIMILAR

16 39 25 38 12 36 11 35 24 0 26 20 31 19 33 1 18 37 3 14 7 29 13 8 34 15 9 32 22 2 30 5 21 27 23 28 17 40 10 6 4 
0 9
1 15
2 29
3 18
4 40
5 31
6 39
7 20
8 23
9 26
10 38
11 6
12 4
13 22
14 19
15 25
16 0
17 36
18 16
19 13
20 11
21 32
22 28
23 34
24 8
25 2
26 10
27 33
28 35
29 21
30 30
31 12
32 27
33 14
34 24
35 7
36 5
37 17
38 3
39 1
40 37
SIMILAR

10 13 23 18 33 30 37 4 15 35 1 31 14 7 22 3 26 8 32 27 9 19 28 29 21 34 12 17 0 5 24 2 20 38 16 25 36 6 39 40 11 
0 28
1 10
2 31
3 15
4 7
5 29
6 37
7 13
8 17
9 20
10 0
11 40
12 26
13 1
14 12
15 8
16 34
17 27
18 3
19 21
20 32
21 24
22 14
23 2
24 30
25 35
26 16
27 19
28 22
29 23
30 5
31 11
32 18
33 4
34 25
35 9
36 36
37 6
38 33
39 38
40 39
SIMILAR

34 20 40 7 22 1 9 37 3 31 35 6 8 4 17 15 12 19 33 14 32 36 25 21 18 23 11 5 28 27 30 24 0 2 26 16 13 29 38 39 10 
0 32
1 5
2 33
3 8
4 13
5 27
6 11
7 3
8 12
9 6
10 40
11 26
12 16
13 36
14 19
15 15
16 35
17 14
18 24
19 17
20 1
21 23
22 4
23 25
24 31
25 22
26 34
27 29
28 28
29 37
30 30
31 9
32 20
33 18
34 0
35 10
36 21
37 7
38 38
39 39
40 2
SIMILAR

35 40 11 34 0 29 37 24 32 13 19 15 12 20 31 1 36 3 38 6 9 27 23 18 16 30 5 39 8 17 28 2 7 4 10 25 14 33 21 26 22 
0 4
1 15
2 31
3 17
4 33
5 26
6 19
7 32
8 28
9 20
10 34
11 2
12 12
13 9
14 36
15 11
16 24
17 29
18 23
19 10
20 13
21 38
22 40
23 22
24 7
25 35
26 39
27 21
28 30
29 5
30 25
31 14
32 8
33 37
34 3
35 0
36 16
37 6
38 18
39 27
40 1
SIMILAR

25 27 36 35 37 21 6 1 17 28 18 33 39 16 2 11 4 34 19 38 15 32 13 14 29 22 0 30 23 40 12 24 8 3 31 7 5 9 26 20 10 
0 26
1 7
2 14
3 33
4 16
5 36
6 6
7 35
8 32
9 37
10 40
11 15
12 30
13 22
14 23
15 20
16 13
17 8
18 10
19 18
20 39
21 5
22 25
23 28
24 31
25 0
26 38
27 1
28 9
29 24
30 27
31 34
32 21
33 11
34 17
35 3
36 2
37 4
38 19
39 12
40 29
SIMILAR

1 22 19 18 26 37 25 35 28 9 33 36 5 27 14 38 17 11 29 10 12 0 7 2 15 39 40 32 13 16 34 8 6 30 20 21 4 31 23 24 3 
0 21
1 0
2 23
3 40
4 36
5 12
6 32
7 22
8 31
9 9
10 19
11 17
12 20
13 28
14 14
15 24
16 29
17 16
18 3
19 2
20 34
21 35
22 1
23 38
24 39
25 6
26 4
27 13
28 8
29 18
30 33
31 37
32 27
33 10
34 30
35 7
36 11
37 5
38 15
39 25
40 26
SIMILAR

22 21 26 16 15 34 31 1 24 5 30 35 6 25 18 38 29 33 12 37 0 40 27 23 20 14 13 4 8 11 36 28 32 39 3 10 9 2 7 19 17 
0 20
1 7
2 37
3 34
4 27
5 9
6 12
7 38
8 28
9 36
10 35
11 29
12 18
13 26
14 25
15 4
16 3
17 40
18 14
19 39
20 24
21 1
22 0
23 23
24 8
25 13
26 2
27 22
28 31
29 16
30 10
31 6
32 32
33 17
34 5
35 11
36 30
37 19
38 15
39 33
40 21
SIMILAR

16 19 0 33 7 9 21 39 26 8 2 3 40 38 28 15 32 36 5 4 1 29 18 20 24 22 31 35 25 34 13 37 23 10 12 6 27 17 14 11 30 
0 2
1 20
2 10
3 11
4 19
5 18
6 35
7 4
8 9
9 5
10 33
11 39
12 34
13 30
14 38
15 15
16 0
17 37
18 22
19 1
20 23
21 6
22 25
23 32
24 24
25 28
26 8
27 36
28 14
29 21
30 40
31 26
32 16
33 3
34 29
35 27
36 17
37 31
38 13
39 7
40 12
SIMILAR

19 17 10 4 32 3 38 7 40 14 18 15 39 25 37 26 11 12 34 33 5 35 29 1 23 8 16 0 28 9 13 31 24 22 6 36 2 20 27 30 21 
0 27
1 23
2 36
3 5
4 3
5 20
6 34
7 7
8 25
9 29
10 2
11 16
12 17
13 30
14 9
15 11
16 26
17 1
18 10
19 0
20 37
21 40
22 33
23 24
24 32
25 13
26 15
27 38
28 28
29 22
30 39
31 31
32 4
33 19
34 18
35 21
36 35
37 14
38 6
39 12
40 8
SIMILAR

33 38 15 16 39 34 27 3 25 32 22 24 31 28 40 5 30 12 23 26 1 10 17 37 2 14 21 18 29 19 11 8 0 13 20 35 7 36 9 4 6 
0 32
1 20
2 24
3 7
4 39
5 15
6 40
7 36
8 31
9 38
10 21
11 30
12 17
13 33
14 25
15 2
16 3
17 22
18 27
19 29
20 34
21 26
22 10
23 18
24 11
25 8
26 19
27 6
28 13
29 28
30 16
31 12
32 9
33 0
34 5
35 35
36 37
37 23
38 1
39 4
40 14
SIMILAR

30 10 16 8 13 24 33 25 37 26 1 6 39 2 7 27 17 3 31 0 12 21 18 29 36 22 23 4 19 38 32 9 5 28 35 14 34 40 20 15 11 
0 19
1 10
2 13
3 17
4 27
5 32
6 11
7 14
8 3
9 31
10 1
11 40
12 20
13 4
14 35
15 39
16 2
17 16
18 22
19 28
20 38
21 21
22 25
23 26
24 5
25 7
26 9
27 15
28 33
29 23
30 0
31 18
32 30
33 6
34 36
35 34
36 24
37 8
38 29
39 12
40 37
SIMILAR

5 18 3 28 4 40 39 27 2 8 0 19 30 6 25 36 14 37 26 10 7 31 32 20 9 22 29 24 15 16 11 13 1 34 33 12 21 17 23 38 35 
0 10
1 32
2 8
3 2
4 4
5 0
6 13
7 20
8 9
9 24
10 19
11 30
12 35
13 31
14 16
15 28
16 29
17 37
18 1
19 11
20 23
21 36
22 25
23 38
24 27
25 14
26 18
27 7
28 3
29 26
30 12
31 21
32 22
33 34
34 33
35 40
36 15
37 17
38 39
39 6
40 5
SIMILAR

6 35 0 23 1 38 33 3 18 30 32 9 16 40 31 25 8 11 7 28 12 5 15 36 39 13 34 22 29 26 37 4 10 24 19 27 20 17 14 21 2 
0 2
1 4
2 40
3 7
4 31
5 21
6 0
7 18
8 16
9 11
10 32
11 17
12 20
13 25
14 38
15 22
16 12
17 37
18 8
19 34
20 36
21 39
22 27
23 3
24 33
25 15
26 29
27 35
28 19
29 28
30 9
31 14
32 10
33 6
34 26
35 1
36 23
37 30
38 5
39 24
40 13
SIMILAR

32 20 19 23 29 34 14 13 11 4 26 35 9 3 33 39 30 5 10 12 25 21 24 0 16 15 27 18 28 38 31 37 40 17 1 6 8 22 36 7 2 
0 23
1 34
2 40
3 13
4 9
5 17
6 35
7 39
8 36
9 12
10 18
11 8
12 19
13 7
14 6
15 25
16 24
17 33
18 27
19 2
20 1
21 21
22 37
23 3
24 22
25 20
26 10
27 26
28 28
29 4
30 16
31 30
32 0
33 14
34 5
35 11
36 38
37 31
38 29
39 15
40 32
SIMILAR

18 3 13 31 12 0 37 6 11 19 16 29 26 33 4 32 35 21 40 2 27 17 23 39 1 30 20 36 28 7 14 38 5 34 9 10 25 8 22 24 15 
0 5
1 24
2 19
3 1
4 14
5 32
6 7
7 29
8 37
9 34
10 35
11 8
12 4
13 2
14 30
15 40
16 10
17 21
18 0
19 9
20 26
21 17
22 38
23 22
24 39
25 36
26 12
27 20
28 28
29 11
30 25
31 3
32 15
33 13
34 33
35 16
36 27
37 6
38 31
39 23
40 18
SIMILAR

5 8 40 12 23 37 26 39 28 34 18 0 36 35 11 27 29 6 13 14 15 25 33 32 19 30 22 7 24 4 9 21 16 38 20 31 2 10 3 17 1 
0 11
1 40
2 36
3 38
4 29
5 0
6 17
7 27
8 1
9 30
10 37
11 14
12 3
13 18
14 19
15 20
16 32
17 39
18 10
19 24
20 34
21 31
22 26
23 4
24 28
25 21
26 6
27 15
28 8
29 16
30 25
31 35
32 23
33 22
34 9
35 13
36 12
37 5
38 33
39 7
40 2
SIMILAR

14 32 18 40 17 28 16 1 19 36 39 22 38 26 34 31 23 20 25 11 30 10 5 33 35 7 13 37 2 27 15 21 8 0 12 3 6 29 4 24 9 
0 33
1 7
2 28
3 35
4 38
5 22
6 36
7 25
8 32
9 40
10 21
11 19
12 34
13 26
14 0
15 30
16 6
17 4
18 2
19 8
20 17
21 31
22 11
23 16
24 39
25 18
26 13
27 29
28 5
29 37
30 20
31 15
32 1
33 23
34 14
35 24
36 9
37 27
38 12
39 10
40 3
SIMILAR

13 36 37 39 8 12 26 3 30 32 1 7 23 38 2 6 10 4 24 40 31 14 27 15 28 11 18 22 20 5 19 21 34 25 29 33 35 0 9 16 17 
0 37
1 10
2 14
3 7
4 17
5 29
6 15
7 11
8 4
9 38
10 16
11 25
12 5
13 0
14 21
15 23
16 39
17 40
18 26
19 30
20 28
21 31
22 27
23 12
24 18
25 33
26 6
27 22
28 24
29 34
30 8
31 20
32 9
33 35
34 32
35 36
36 1
37 2
38 13
39 3
40 19
SIMILAR

22 30 9 32 36 15 39 35 20 16 26 19 17 28 29 38 10 18 23 8 11 27 21 3 37 13 1 5 12 40 6 25 24 0 7 33 2 4 14 31 34 
0 33
1 26
2 36
3 23
4 37
5 27
6 30
7 34
8 19
9 2
10 16
11 20
12 28
13 25
14 38
15 5
16 9
17 12
18 17
19 11
20 8
21 22
22 0
23 18
24 32
25 31
26 10
27 21
28 13
29 14
30 1
31 39
32 3
33 35
34 40
35 7
36 4
37 24
38 15
39 6
40 29
SIMILAR

12 4 10 35 39 16 25 3 6 7 9 37 21 17 11 20 30 2 34 27 5 1 19 40 18 14 24 36 13 32 8 15 31 38 26 22 33 29 28 0 23 
0 39
1 21
2 17
3 7
4 1
5 20
6 8
7 9
8 30
9 10
10 2
11 14
12 0
13 28
14 25
15 31
16 5
17 13
18 24
19 22
20 15
21 12
22 35
23 40
24 26
25 6
26 34
27 19
28 38
29 37
30 16
31 32
32 29
33 36
34 18
35 3
36 27
37 11
38 33
39 4
40 23
SIMILAR

25 0 16 38 2 39 37 32 3 26 36 7 9 29 30 19 4 13 33 27 15 34 35 31 8 1 17 11 12 5 23 14 28 24 20 10 18 40 22 6 21 
0 1
1 25
2 4
3 8
4 16
5 29
6 39
7 11
8 24
9 12
10 35
11 27
12 28
13 17
14 31
15 20
16 2
17 26
18 36
19 15
20 34
21 40
22 38
23 30
24 33
25 0
26 9
27 19
28 32
29 13
30 14
31 23
32 7
33 18
34 21
35 22
36 10
37 6
38 3
39 5
40 37
SIMILAR

17 7 24 0 31 35 13 3 1 27 30 36 4 19 40 14 39 2 16 23 21 33 29 28 8 15 26 37 20 25 18 34 9 38 11 32 12 5 10 6 22 
0 3
1 8
2 17
3 7
4 12
5 37
6 39
7 1
8 24
9 32
10 38
11 34
12 36
13 6
14 15
15 25
16 18
17 0
18 30
19 13
20 28
21 20
22 40
23 19
24 2
25 29
26 26
27 9
28 23
29 22
30 10
31 4
32 35
33 21
34 31
35 5
36 11
37 27
38 33
39 16
40 14
SIMILAR

20 17 15 25 8 6 32 19 40 2 27 14 24 29 33 0 28 5 26 4 36 9 10 30 12 7 16 34 38 39 35 18 31 11 1 22 23 37 13 21 3 
0 15
1 34
2 9
3 40
4 19
5 17
6 5
7 25
8 4
9 21
10 22
11 33
12 24
13 38
14 11
15 2
16 26
17 1
18 31
19 7
20 0
21 39
22 35
23 36
24 12
25 3
26 18
27 10
28 16
29 13
30 23
31 32
32 6
33 14
34 27
35 30
36 20
37 37
38 28
39 29
40 8
SIMILAR

22 3 5 17 39 29 16 14 8 1 12 38 6 23 32 9 40 11 19 31 28 4 34 24 21 20 18 15 35 37 0 10 27 26 7 13 25 30 36 33 2 
0 30
1 9
2 40
3 1
4 21
5 2
6 12
7 34
8 8
9 15
10 31
11 17
12 10
13 35
14 7
15 27
16 6
17 3
18 26
19 18
20 25
21 24
22 0
23 13
24 23
25 36
26 33
27 32
28 20
29 5
30 37
31 19
32 14
33 39
34 22
35 28
36 38
37 29
38 11
39 4
40 16
SIMILAR

23 29 28 6 18 30 25 35 27 0 12 36 19 22 20 11 2 21 3 34 14 7 13 24 16 32 17 26 33 37 4 1 38 10 31 8 40 9 39 5 15 
0 9
1 31
2 16
3 18
4 30
5 39
6 3
7 21
8 35
9 37
10 33
11 15
12 10
13 22
14 20
15 40
16 24
17 26
18 4
19 12
20 14
21 17
22 13
23 0
24 23
25 6
26 27
27 8
28 2
29 1
30 5
31 34
32 25
33 28
34 19
35 7
36 11
37 29
38 32
39 38
40 36
SIMILAR

29 12 1 3 22 8 38 40 4 21 23 16 13 30 31 39 34 11 25 36 7 26 33 27 19 5 9 10 6 24 0 14 28 2 15 37 18 35 17 32 20 
0 30
1 2
2 33
3 3
4 8
5 25
6 28
7 20
8 5
9 26
10 27
11 17
12 1
13 12
14 31
15 34
16 11
17 38
18 36
19 24
20 40
21 9
22 4
23 10
24 29
25 18
26 21
27 23
28 32
29 0
30 13
31 14
32 39
33 22
34 16
35 37
36 19
37 35
38 6
39 15
40 7
SIMILAR

4 24 10 20 9 32 28 15 6 25 36 22 0 30 27 35 7 13 34 31 3 26 33 8 11 12 21 37 14 40 29 17 16 19 23 39 38 18 5 1 2 
0 12
1 39
2 40
3 20
4 0
5 38
6 8
7 16
8 23
9 4
10 2
11 24
12 25
13 17
14 28
15 7
16 32
17 31
18 37
19 33
20 3
21 26
22 11
23 34
24 1
25 9
26 21
27 14
28 6
29 30
30 13
31 19
32 5
33 22
34 18
35 15
36 10
37 27
38 36
39 35
40 29
SIMILAR

10 5 37 12 6 31 11 9 33 27 3 22 26 25 38 29 19 35 36 34 24 32 1 4 17 40 20 13 7 0 30 18 15 21 39 16 28 23 8 14 2 
0 29
1 22
2 40
3 10
4 23
5 1
6 4
7 28
8 38
9 7
10 0
11 6
12 3
13 27
14 39
15 32
16 35
17 24
18 31
19 16
20 26
21 33
22 11
23 37
24 20
25 13
26 12
27 9
28 36
29 15
30 30
31 5
32 21
33 8
34 19
35 17
36 18
37 2
38 14
39 34
40 25
SIMILAR

0 36 5 15 30 22 24 12 29 37 32 28 27 25 11 20 38 18 13 1 26 23 40 39 8 14 31 7 19 6 10 2 21 17 33 4 9 16 3 35 34 
0 0
1 19
2 31
3 38
4 35
5 2
6 29
7 27
8 24
9 36
10 30
11 14
12 7
13 18
14 25
15 3
16 37
17 33
18 17
19 28
20 15
21 32
22 5
23 21
24 6
25 13
26 20
27 12
28 11
29 8
30 4
31 26
32 10
33 34
34 40
35 39
36 1
37 9
38 16
39 23
40 22
SIMILAR

0 17 32 37 40 2 15 22 35 21 11 36 29 38 20 16 1 39 8 30 25 34 27 33 6 18 5 13 26 31 19 23 14 28 3 24 12 7 10 4 9 
0 0
1 16
2 5
3 34
4 39
5 26
6 24
7 37
8 18
9 40
10 38
11 10
12 36
13 27
14 32
15 6
16 15
17 1
18 25
19 30
20 14
21 9
22 7
23 31
24 35
25 20
26 28
27 22
28 33
29 12
30 19
31 29
32 2
33 23
34 21
35 8
36 11
37 3
38 13
39 17
40 4
SIMILAR

24 10 9 4 1 25 15 35 21 12 34 5 23 26 14 0 17 20 38 19 3 36 31 18 37 2 29 8 28 32 39 40 30 13 27 16 7 22 33 6 11 
0 15
1 4
2 25
3 20
4 3
5 11
6 39
7 36
8 27
9 2
10 1
11 40
12 9
13 33
14 14
15 6
16 35
17 16
18 23
19 19
20 17
21 8
22 37
23 12
24 0
25 5
26 13
27 34
28 28
29 26
30 32
31 22
32 29
33 38
34 10
35 7
36 21
37 24
38 18
39 30
40 31
SIMILAR

29 33 26 31 40 25 7 28 15 19 22 36 2 23 35 11 21 4 17 12 16 6 1 3 18 8 34 37 5 27 30 0 24 10 38 9 32 14 20 39 13 
0 31
1 22
2 12
3 23
4 17
5 28
6 21
7 6
8 25
9 35
10 33
11 15
12 19
13 40
14 37
15 8
16 20
17 18
18 24
19 9
20 38
21 16
22 10
23 13
24 32
25 5
26 2
27 29
28 7
29 0
30 30
31 3
32 36
33 1
34 26
35 14
36 11
37 27
38 34
39 39
40 4
SIMILAR

20 22 31 18 6 33 27 32 37 8 40 10 4 36 26 14 12 13 9 1 21 25 7 34 38 29 35 28 19 15 5 24 0 11 39 16 2 17 30 23 3 
0 32
1 19
2 36
3 40
4 12
5 30
6 4
7 22
8 9
9 18
10 11
11 33
12 16
13 17
14 15
15 29
16 35
17 37
18 3
19 28
20 0
21 20
22 1
23 39
24 31
25 21
26 14
27 6
28 27
29 25
30 38
31 2
32 7
33 5
34 23
35 26
36 13
37 8
38 24
39 34
40 10
SIMILAR

4 33 20 11 21 29 17 40 31 6 8 19 26 23 3 25 12 27 5 30 0 9 36 39 24 37 35 14 32 15 18 2 22 1 28 34 38 10 16 7 13 
0 20
1 33
2 31
3 14
4 0
5 18
6 9
7 39
8 10
9 21
10 37
11 3
12 16
13 40
14 27
15 29
16 38
17 6
18 30
19 11
20 2
21 4
22 32
23 13
24 24
25 15
26 12
27 17
28 34
29 5
30 19
31 8
32 28
33 1
34 35
35 26
36 22
37 25
38 36
39 23
40 7
SIMILAR

29 16 39 10 0 35 24 12 8 17 27 3 14 37 18 4 21 2 7 13 31 20 6 36 23 26 33 5 19 15 30 32 22 9 38 40 34 1 25 28 11 
0 4
1 37
2 17
3 11
4 15
5 27
6 22
7 18
8 8
9 33
10 3
11 40
12 7
13 19
14 12
15 29
16 1
17 9
18 14
19 28
20 21
21 16
22 32
23 24
24 6
25 38
26 25
27 10
28 39
29 0
30 30
31 20
32 31
33 26
34 36
35 5
36 23
37 13
38 34
39 2
40 35
SIMILAR

35 33 30 4 29 7 34 22 12 28 39 2 18 5 10 15 26 13 14 32 23 36 31 6 19 37 11 1 40 8 9 25 20 24 16 38 0 3 21 17 27 
0 36
1 27
2 11
3 37
4 3
5 13
6 23
7 5
8 29
9 30
10 14
11 26
12 8
13 17
14 18
15 15
16 34
17 39
18 12
19 24
20 32
21 38
22 7
23 20
24 33
25 31
26 16
27 40
28 9
29 4
30 2
31 22
32 19
33 1
34 6
35 0
36 21
37 25
38 35
39 10
40 28
SIMILAR

15 9 22 4 3 30 16 36 11 33 20 25 7 5 39 1 28 37 18 6 21 19 24 34 32 12 35 2 23 31 26 13 27 0 17 10 8 14 29 40 38 
0 33
1 15
2 27
3 4
4 3
5 13
6 19
7 12
8 36
9 1
10 35
11 8
12 25
13 31
14 37
15 0
16 6
17 34
18 18
19 21
20 10
21 20
22 2
23 28
24 22
25 11
26 30
27 32
28 16
29 38
30 5
31 29
32 24
33 9
34 23
35 26
36 7
37 17
38 40
39 14
40 39
SIMILAR

0 30 2 33 4 34 19 22 15 21 10 16 12 24 32 9 23 31 14 17 29 37 27 1 20 3 38 40 35 13 36 6 5 18 11 39 7 26 8 28 25 
0 0
1 23
2 2
3 25
4 4
5 32
6 31
7 36
8 38
9 15
10 10
11 34
12 12
13 29
14 18
15 8
16 11
17 19
18 33
19 6
20 24
21 9
22 7
23 16
24 13
25 40
26 37
27 22
28 39
29 20
30 1
31 17
32 14
33 3
34 5
35 28
36 30
37 21
38 26
39 35
40 27
SIMILAR

23 7 15 24 4 13 25 19 35 14 37 28 12 3 18 0 9 36 1 11 16 21 10 40 5 17 27 29 39 38 31 26 8 30 22 6 33 32 20 2 34 
0 15
1 18
2 39
3 13
4 4
5 24
6 35
7 1
8 32
9 16
10 22
11 19
12 12
13 5
14 9
15 2
16 20
17 25
18 14
19 7
20 38
21 21
22 34
23 0
24 3
25 6
26 31
27 26
28 11
29 27
30 33
31 30
32 37
33 36
34 40
35 8
36 17
37 10
38 29
39 28
40 23
SIMILAR

37 26 39 1 16 30 25 36 5 33 8 23 22 7 32 27 11 2 20 9 13 3 40 31 29 6 38 19 21 4 0 12 18 24 17 28 34 14 35 10 15 
0 30
1 3
2 17
3 21
4 29
5 8
6 25
7 13
8 10
9 19
10 39
11 16
12 31
13 20
14 37
15 40
16 4
17 34
18 32
19 27
20 18
21 28
22 12
23 11
24 33
25 6
26 1
27 15
28 35
29 24
30 5
31 23
32 14
33 9
34 36
35 38
36 7
37 0
38 26
39 2
40 22
SIMILAR

29 7 33 32 15 27 14 25 28 39 19 13 40 21 5 10 34 22 31 3 1 23 35 0 20 30 6 18 2 36 11 9 24 17 37 4 26 8 12 38 16 
0 23
1 20
2 28
3 19
4 35
5 14
6 26
7 1
8 37
9 31
10 15
11 30
12 38
13 11
14 6
15 4
16 40
17 33
18 27
19 10
20 24
21 13
22 17
23 21
24 32
25 7
26 36
27 5
28 8
29 0
30 25
31 18
32 3
33 2
34 16
35 22
36 29
37 34
38 39
39 9
40 12
SIMILAR

17 28 1 32 40 0 36 29 16 31 38 18 12 25 39 2 22 5 24 23 13 11 35 8 14 30 4 10 27 9 15 20 34 6 26 33 21 7 3 37 19 
0 5
1 2
2 15
3 38
4 26
5 17
6 33
7 37
8 23
9 29
10 27
11 21
12 12
13 20
14 24
15 30
16 8
17 0
18 11
19 40
20 31
21 36
22 16
23 19
24 18
25 13
26 34
27 28
28 1
29 7
30 25
31 9
32 3
33 35
34 32
35 22
36 6
37 39
38 10
39 14
40 4
SIMILAR

13 26 12 27 39 2 0 21 33 14 36 19 1 8 11 28 7 15 16 6 20 17 4 3 35 30 9 5 10 23 31 40 38 32 18 29 34 37 22 25 24 
0 6
1 12
2 5
3 23
4 22
5 27
6 19
7 16
8 13
9 26
10 28
11 14
12 2
13 0
14 9
15 17
16 18
17 21
18 34
19 11
20 20
21 7
22 38
23 29
24 40
25 39
26 1
27 3
28 15
29 35
30 25
31 30
32 33
33 8
34 36
35 24
36 10
37 37
38 32
39 4
40 31
SIMILAR

38 27 23 35 8 0 14 4 34 1 29 19 22 26 25 21 13 12 2 33 20 37 39 7 28 40 10 17 18 11 6 15 30 9 24 3 31 36 5 16 32 
0 5
1 9
2 18
3 35
4 7
5 38
6 30
7 23
8 4
9 33
10 26
11 29
12 17
13 16
14 6
15 31
16 39
17 27
18 28
19 11
20 20
21 15
22 12
23 2
24 34
25 14
26 13
27 1
28 24
29 10
30 32
31 36
32 40
33 19
34 8
35 3
36 37
37 21
38 0
39 22
40 25
SIMILAR
100 0
7600 0
377600 0
