41
0 1 1 1 1 0 0 0 1 1 0 1 0 1 1 0 0 0 1 1 1 0 1 0 1 0 0 1 0 1 1 1 0 1 1 0 1 1 1 1 0 
1 0 1 1 0 1 0 1 1 1 0 1 0 1 1 1 1 0 1 0 0 1 1 0 1 1 1 1 0 0 1 0 0 0 0 1 1 1 0 0 1 
1 1 0 1 1 1 0 1 1 1 0 0 1 0 1 0 0 1 1 1 0 1 1 0 1 1 1 1 1 0 0 0 0 1 1 0 0 1 0 1 1 
1 1 1 0 1 0 1 1 0 0 1 0 1 0 1 0 0 0 0 0 0 0 0 1 0 0 1 0 1 1 1 0 1 0 1 1 0 0 1 0 1 
1 0 1 1 0 1 0 1 0 1 0 0 1 1 0 0 1 1 1 0 0 0 0 1 1 0 1 0 0 0 1 1 1 0 0 1 1 1 0 1 0 
0 1 1 0 1 0 0 0 1 0 0 0 0 1 0 0 1 0 0 1 1 1 1 1 1 0 1 1 0 1 1 1 1 0 0 0 1 1 0 1 1 
0 0 0 1 0 0 0 0 0 1 0 0 1 0 1 0 1 1 0 0 0 1 0 1 1 0 0 1 1 1 1 0 0 0 1 1 0 0 1 1 0 
0 1 1 1 1 0 0 0 1 0 1 0 0 1 1 1 0 0 1 1 1 0 1 1 0 1 1 1 0 0 1 0 0 0 1 0 0 1 1 0 0 
1 1 1 0 0 1 0 1 0 1 1 1 0 0 1 0 0 1 0 1 1 0 0 0 0 1 0 0 1 0 0 1 0 1 1 0 0 0 1 0 1 
1 1 1 0 1 0 1 0 1 0 1 0 1 1 1 1 1 0 1 0 1 1 0 0 0 0 1 1 0 0 0 1 1 1 0 0 1 1 1 1 1 
0 0 0 1 0 0 0 1 1 1 0 0 1 1 0 0 0 0 0 0 0 1 1 0 1 0 1 0 0 1 0 0 0 0 0 1 0 1 0 1 1 
1 1 0 0 0 0 0 0 1 0 0 0 0 0 1 1 0 1 0 1 0 1 0 0 0 0 1 1 0 1 1 0 1 0 0 1 1 1 0 1 0 
0 0 1 1 1 0 1 0 0 1 1 0 0 1 1 1 1 1 1 1 1 1 1 0 1 1 0 0 1 1 0 1 0 1 1 1 1 1 1 1 0 
1 1 0 0 1 1 0 1 0 1 1 0 1 0 1 1 1 0 0 0 0 1 0 0 1 1 0 0 1 0 1 0 0 1 0 0 1 1 1 0 1 
1 1 1 1 0 0 1 1 1 1 0 1 1 1 0 0 0 0 1 1 0 0 0 1 0 0 1 1 0 0 0 1 1 0 1 1 1 1 1 1 1 
0 1 0 0 0 0 0 1 0 1 0 1 1 1 0 0 1 0 0 1 0 0 1 0 1 1 1 0 1 0 1 0 0 0 1 1 0 0 1 0 1 
0 1 0 0 1 1 1 0 0 1 0 0 1 1 0 1 0 1 0 1 0 1 1 1 0 1 1 1 1 1 1 0 0 1 0 0 0 0 0 0 1 
0 0 1 0 1 0 1 0 1 0 0 1 1 0 0 0 1 0 0 0 1 0 0 0 1 0 0 1 0 1 0 0 1 0 1 1 1 0 1 1 0 
1 1 1 0 1 0 0 1 0 1 0 0 1 0 1 0 0 0 0 0 0 0 0 0 0 0 1 1 1 0 1 0 0 1 0 0 0 0 1 0 1 
1 0 1 0 0 1 0 1 1 0 0 1 1 0 1 1 1 0 0 0 1 1 0 1 0 1 0 0 0 0 0 1 0 0 1 1 0 0 1 0 1 
1 0 0 0 0 1 0 1 1 1 0 0 1 0 0 0 0 1 0 1 0 1 1 0 1 1 0 0 1 0 1 0 1 0 1 0 0 0 1 1 0 
0 1 1 0 0 1 1 0 0 1 1 1 1 1 0 0 1 0 0 1 1 0 0 1 1 1 1 1 0 0 1 0 1 1 1 1 0 1 0 0 0 
1 1 1 0 0 1 0 1 0 0 1 0 1 0 0 1 1 0 0 0 1 0 0 0 1 0 0 1 1 1 1 1 0 1 0 0 1 0 1 1 0 
0 0 0 1 1 1 1 1 0 0 0 0 0 0 1 0 1 0 0 1 0 1 0 0 1 1 1 1 0 1 1 1 0 1 0 0 0 1 0 0 0 
1 1 1 0 1 1 1 0 0 0 1 0 1 1 0 1 0 1 0 0 1 1 1 1 0 0 1 0 0 1 0 1 0 0 1 1 1 0 1 1 1 
0 1 1 0 0 0 0 1 1 0 0 0 1 1 0 1 1 0 0 1 1 1 0 1 0 0 1 0 0 0 0 1 1 0 1 0 0 1 1 1 0 
0 1 1 1 1 1 0 1 0 1 1 1 0 0 1 1 1 0 1 0 0 1 0 1 1 1 0 0 0 0 1 1 1 1 0 0 1 0 1 1 1 
1 1 1 0 0 1 1 1 0 1 0 1 0 0 1 0 1 1 1 0 0 1 1 1 0 0 0 0 1 0 0 1 0 0 1 1 0 1 1 1 0 
0 0 1 1 0 0 1 0 1 0 0 0 1 1 0 1 1 0 1 0 1 0 1 0 0 0 0 1 0 0 1 1 1 0 0 0 1 1 1 0 0 
1 0 0 1 0 1 1 0 0 0 1 1 1 0 0 0 1 1 0 0 0 0 1 1 1 0 0 0 0 0 0 0 0 0 1 1 0 0 1 0 1 
1 1 0 1 1 1 1 1 0 0 0 1 0 1 0 1 1 0 1 0 1 1 1 1 0 0 1 0 1 0 0 0 1 1 0 1 0 0 0 1 0 
1 0 0 0 1 1 0 0 1 1 0 0 1 0 1 0 0 0 0 1 0 0 1 1 1 1 1 1 1 0 0 0 0 0 1 0 0 0 1 1 1 
0 0 0 1 1 1 0 0 0 1 0 1 0 0 1 0 0 1 0 0 1 1 0 0 0 1 1 0 1 0 1 0 0 1 1 1 0 1 1 0 1 
1 0 1 0 0 0 0 0 1 1 0 0 1 1 0 0 1 0 1 0 0 1 1 1 0 0 1 0 0 0 1 0 1 0 1 0 1 1 1 0 1 
1 0 1 1 0 0 1 1 1 0 0 0 1 0 1 1 0 1 0 1 1 1 0 0 1 1 0 1 0 1 0 1 1 1 0 1 0 1 0 0 0 
0 1 0 1 1 0 1 0 0 0 1 1 1 0 1 1 0 1 0 1 0 1 0 0 1 0 0 1 0 1 1 0 1 0 1 0 0 0 0 1 0 
1 1 0 0 1 1 0 0 0 1 0 1 1 1 1 0 0 1 0 0 0 0 1 0 1 0 1 0 1 0 0 0 0 1 0 0 0 0 0 0 1 
1 1 1 0 1 1 0 1 0 1 1 1 1 1 1 0 0 0 0 0 0 1 0 1 0 1 0 1 1 0 0 0 1 1 1 0 0 0 1 0 1 
1 0 0 1 0 0 1 1 1 1 0 0 1 1 1 1 0 1 1 1 1 0 1 0 1 1 1 1 1 1 0 1 1 1 0 0 0 1 0 0 1 
1 0 1 0 1 1 1 0 0 1 1 1 1 0 1 0 0 1 0 0 1 0 1 0 1 1 1 1 0 0 1 1 0 0 0 1 0 0 0 0 0 
0 1 1 1 0 1 0 0 1 1 1 0 0 1 1 1 1 0 1 1 0 0 0 0 1 0 1 0 0 1 0 1 1 1 0 0 1 1 1 0 0 

22 32 27 20 19 24 26 18 0 4 14 17 8 12 33 6 40 34 38 15 28 16 5 10 3 35 2 30 36 9 31 23 13 25 1 39 7 21 11 37 29 
0 8
1 34
2 26
3 24
4 9
5 22
6 15
7 36
8 12
9 29
10 23
11 38
12 13
13 32
14 10
15 19
16 21
17 11
18 7
19 4
20 3
21 37
22 0
23 31
24 5
25 33
26 6
27 2
28 20
29 40
30 27
31 30
32 1
33 14
34 17
35 25
36 28
37 39
38 18
39 35
40 16
SIMILAR

37 13 24 34 18 4 29 33 36 31 1 27 22 25 38 12 35 2 28 15 9 8 6 21 14 23 30 16 20 3 0 26 11 7 39 19 32 17 5 40 10 
0 30
1 10
2 17
3 29
4 5
5 38
6 22
7 33
8 21
9 20
10 40
11 32
12 15
13 1
14 24
15 19
16 27
17 37
18 4
19 35
20 28
21 23
22 12
23 25
24 2
25 13
26 31
27 11
28 18
29 6
30 26
31 9
32 36
33 7
34 3
35 16
36 8
37 0
38 14
39 34
40 39
SIMILAR

19 12 39 6 13 5 37 10 9 28 17 40 2 25 7 23 36 26 30 0 34 21 35 31 15 20 33 22 1 38 27 14 29 3 8 11 32 16 4 24 18 
0 19
1 28
2 12
3 33
4 38
5 5
6 3
7 14
8 34
9 8
10 7
11 35
12 1
13 4
14 31
15 24
16 37
17 10
18 40
19 0
20 25
21 21
22 27
23 15
24 39
25 13
26 17
27 30
28 9
29 32
30 18
31 23
32 36
33 26
34 20
35 22
36 16
37 6
38 29
39 2
40 11
SIMILAR

4 11 16 35 31 10 17 7 27 15 8 32 0 33 6 5 30 40 12 36 39 28 18 1 3 13 2 9 25 23 14 20 24 26 38 22 29 19 37 21 34 
0 12
1 23
2 26
3 24
4 0
5 15
6 14
7 7
8 10
9 27
10 5
11 1
12 18
13 25
14 30
15 9
16 2
17 6
18 22
19 37
20 31
21 39
22 35
23 29
24 32
25 28
26 33
27 8
28 21
29 36
30 16
31 4
32 11
33 13
34 40
35 3
36 19
37 38
38 34
39 20
40 17
SIMILAR

31 30 36 38 10 8 26 12 9 17 40 1 28 25 2 21 35 15 39 3 13 32 27 6 37 24 18 29 5 19 23 34 0 22 20 33 4 11 14 7 16 
0 32
1 11
2 14
3 19
4 36
5 28
6 23
7 39
8 5
9 8
10 4
11 37
12 7
13 20
14 38
15 17
16 40
17 9
18 26
19 29
20 34
21 15
22 33
23 30
24 25
25 13
26 6
27 22
28 12
29 27
30 1
31 0
32 21
33 35
34 31
35 16
36 2
37 24
38 3
39 18
40 10
SIMILAR

17 19 24 31 37 34 30 3 35 36 9 5 38 40 26 11 23 10 21 16 22 12 28 13 7 2 29 32 15 4 18 14 20 27 25 0 39 1 6 8 33 
0 35
1 37
2 25
3 7
4 29
5 11
6 38
7 24
8 39
9 10
10 17
11 15
12 21
13 23
14 31
15 28
16 19
17 0
18 30
19 1
20 32
21 18
22 20
23 16
24 2
25 34
26 14
27 33
28 22
29 26
30 6
31 3
32 27
33 40
34 5
35 8
36 9
37 4
38 12
39 36
40 13
SIMILAR

40 35 18 0 36 27 29 26 5 17 28 8 20 14 7 39 23 22 34 10 6 37 1 30 38 9 24 13 31 19 32 11 15 33 16 21 12 2 25 4 3 
0 3
1 22
2 37
3 40
4 39
5 8
6 20
7 14
8 11
9 25
10 19
11 31
12 36
13 27
14 13
15 32
16 34
17 9
18 2
19 29
20 12
21 35
22 17
23 16
24 26
25 38
26 7
27 5
28 10
29 6
30 23
31 28
32 30
33 33
34 18
35 1
36 4
37 21
38 24
39 15
40 0
SIMILAR

12 37 31 33 23 20 21 24 39 0 26 28 3 17 1 27 9 19 16 15 4 14 8 34 22 36 7 35 40 32 11 38 6 2 18 25 29 10 5 30 13 
0 9
1 14
2 33
3 12
4 20
5 38
6 32
7 26
8 22
9 16
10 37
11 30
12 0
13 40
14 21
15 19
16 18
17 13
18 34
19 17
20 5
21 6
22 24
23 4
24 7
25 35
26 10
27 15
28 11
29 36
30 39
31 2
32 29
33 3
34 23
35 27
36 25
37 1
38 31
39 8
40 28
SIMILAR

37 11 9 34 33 6 0 2 30 38 22 12 40 14 28 16 10 1 4 19 17 29 31 13 26 21 20 32 24 36 25 23 5 7 18 39 3 15 8 35 27 
0 6
1 17
2 7
3 36
4 18
5 32
6 5
7 33
8 38
9 2
10 16
11 1
12 11
13 23
14 13
15 37
16 15
17 20
18 34
19 19
20 26
21 25
22 10
23 31
24 28
25 30
26 24
27 40
28 14
29 21
30 8
31 22
32 27
33 4
34 3
35 39
36 29
37 0
38 9
39 35
40 12
SIMILAR

38 15 27 1 0 22 8 33 26 35 6 7 29 21 40 18 13 32 39 23 10 28 5 17 31 11 25 16 12 20 36 30 3 34 24 2 9 37 14 19 4 
0 4
1 3
2 35
3 32
4 40
5 22
6 10
7 11
8 6
9 36
10 20
11 25
12 28
13 16
14 38
15 1
16 27
17 23
18 15
19 39
20 29
21 13
22 5
23 19
24 34
25 26
26 8
27 2
28 21
29 12
30 31
31 24
32 17
33 7
34 33
35 9
36 30
37 37
38 0
39 18
40 14
SIMILAR

27 25 3 12 20 40 11 0 31 21 19 5 8 32 15 6 26 39 9 35 23 13 4 29 33 28 38 2 16 10 22 36 7 37 1 17 14 18 34 24 30 
0 7
1 34
2 27
3 2
4 22
5 11
6 15
7 32
8 12
9 18
10 29
11 6
12 3
13 21
14 36
15 14
16 28
17 35
18 37
19 10
20 4
21 9
22 30
23 20
24 39
25 1
26 16
27 0
28 25
29 23
30 40
31 8
32 13
33 24
34 38
35 19
36 31
37 33
38 26
39 17
40 5
SIMILAR

1 5 24 31 15 35 2 12 27 19 13 4 21 38 29 10 26 9 18 14 28 0 25 16 39 30 36 3 23 11 34 33 7 17 32 20 40 37 6 8 22 
0 21
1 0
2 6
3 27
4 11
5 1
6 38
7 32
8 39
9 17
10 15
11 29
12 7
13 10
14 19
15 4
16 23
17 33
18 18
19 9
20 35
21 12
22 40
23 28
24 2
25 22
26 16
27 8
28 20
29 14
30 25
31 3
32 34
33 31
34 30
35 5
36 26
37 37
38 13
39 24
40 36
SIMILAR

37 30 27 11 34 16 10 0 13 7 32 5 26 21 35 18 28 8 29 40 20 14 1 23 4 19 2 25 39 12 3 15 31 33 9 17 36 24 22 6 38 
0 7
1 22
2 26
3 30
4 24
5 11
6 39
7 9
8 17
9 34
10 6
11 3
12 29
13 8
14 21
15 31
16 5
17 35
18 15
19 25
20 20
21 13
22 38
23 23
24 37
25 27
26 12
27 2
28 16
29 18
30 1
31 32
32 10
33 33
34 4
35 14
36 36
37 0
38 40
39 28
40 19
SIMILAR

1 39 14 13 5 37 12 20 19 6 3 32 21 29 0 36 26 34 10 33 25 2 9 24 38 35 7 4 27 18 8 15 31 40 11 16 28 23 30 22 17 
0 14
1 0
2 21
3 10
4 27
5 4
6 9
7 26
8 30
9 22
10 18
11 34
12 6
13 3
14 2
15 31
16 35
17 40
18 29
19 8
20 7
21 12
22 39
23 37
24 23
25 20
26 16
27 28
28 36
29 13
30 38
31 32
32 11
33 19
34 17
35 25
36 15
37 5
38 24
39 1
40 33
SIMILAR

3 37 4 28 35 36 38 20 22 1 11 29 19 12 0 9 34 39 2 30 33 25 24 17 21 7 15 5 18 14 8 6 13 10 23 16 27 31 40 32 26 
0 14
1 9
2 18
3 0
4 2
5 27
6 31
7 25
8 30
9 15
10 33
11 10
12 13
13 32
14 29
15 26
16 35
17 23
18 28
19 12
20 7
21 24
22 8
23 34
24 22
25 21
26 40
27 36
28 3
29 11
30 19
31 37
32 39
33 20
34 16
35 4
36 5
37 1
38 6
39 17
40 38
SIMILAR

8 37 17 9 29 16 7 22 13 14 38 30 34 20 18 28 36 35 2 39 12 6 5 27 1 21 31 11 26 32 3 23 40 24 4 25 10 33 15 0 19 
0 39
1 24
2 18
3 30
4 34
5 22
6 21
7 6
8 0
9 3
10 36
11 27
12 20
13 8
14 9
15 38
16 5
17 2
18 14
19 40
20 13
21 25
22 7
23 31
24 33
25 35
26 28
27 23
28 15
29 4
30 11
31 26
32 29
33 37
34 12
35 17
36 16
37 1
38 10
39 19
40 32
SIMILAR

14 40 31 30 6 37 26 23 10 25 0 13 2 7 33 22 19 9 12 21 3 5 11 4 17 8 28 29 32 34 38 35 20 39 18 36 15 1 16 27 24 
0 10
1 37
2 12
3 20
4 23
5 21
6 4
7 13
8 25
9 17
10 8
11 22
12 18
13 11
14 0
15 36
16 38
17 24
18 34
19 16
20 32
21 19
22 15
23 7
24 40
25 9
26 6
27 39
28 26
29 27
30 3
31 2
32 28
33 14
34 29
35 31
36 35
37 5
38 30
39 33
40 1
SIMILAR

4 37 29 13 17 6 32 23 1 39 7 2 27 36 19 16 35 22 24 25 38 12 0 20 40 5 14 34 15 33 21 18 10 9 31 8 11 30 26 28 3 
0 22
1 8
2 11
3 40
4 0
5 25
6 5
7 10
8 35
9 33
10 32
11 36
12 21
13 3
14 26
15 28
16 15
17 4
18 31
19 14
20 23
21 30
22 17
23 7
24 18
25 19
26 38
27 12
28 39
29 2
30 37
31 34
32 6
33 29
34 27
35 16
36 13
37 1
38 20
39 9
40 24
SIMILAR

9 14 28 24 7 11 16 26 23 34 20 21 10 0 15 12 5 22 4 1 39 35 33 2 37 31 3 18 17 25 32 27 29 19 13 6 8 40 36 38 30 
0 13
1 19
2 23
3 26
4 18
5 16
6 35
7 4
8 36
9 0
10 12
11 5
12 15
13 34
14 1
15 14
16 6
17 28
18 27
19 33
20 10
21 11
22 17
23 8
24 3
25 29
26 7
27 31
28 2
29 32
30 40
31 25
32 30
33 22
34 9
35 21
36 38
37 24
38 39
39 20
40 37
SIMILAR

29 17 21 20 15 25 16 31 34 14 37 4 5 27 6 36 11 28 19 32 40 23 38 2 33 39 9 13 8 10 3 7 24 18 26 1 35 30 0 12 22 
0 38
1 35
2 23
3 30
4 11
5 12
6 14
7 31
8 28
9 26
10 29
11 16
12 39
13 27
14 9
15 4
16 6
17 1
18 33
19 18
20 3
21 2
22 40
23 21
24 32
25 5
26 34
27 13
28 17
29 0
30 37
31 7
32 19
33 24
34 8
35 36
36 15
37 10
38 22
39 25
40 20
SIMILAR

2 0 15 9 13 18 32 39 31 21 8 27 29 30 23 1 40 12 10 3 22 19 33 36 25 28 11 34 38 5 17 4 35 24 7 20 37 14 6 26 16 
0 1
1 15
2 0
3 19
4 31
5 29
6 38
7 34
8 10
9 3
10 18
11 26
12 17
13 4
14 37
15 2
16 40
17 30
18 5
19 21
20 35
21 9
22 20
23 14
24 33
25 24
26 39
27 11
28 25
29 12
30 13
31 8
32 6
33 22
34 27
35 32
36 23
37 36
38 28
39 7
40 16
SIMILAR

3 26 19 29 24 38 36 16 32 10 12 37 20 17 21 1 31 9 13 34 0 23 11 6 18 15 30 39 4 22 27 33 14 8 2 40 7 25 5 35 28 
0 20
1 15
2 34
3 0
4 28
5 38
6 23
7 36
8 33
9 17
10 9
11 22
12 10
13 18
14 32
15 25
16 7
17 13
18 24
19 2
20 12
21 14
22 29
23 21
24 4
25 37
26 1
27 30
28 40
29 3
30 26
31 16
32 8
33 31
34 19
35 39
36 6
37 11
38 5
39 27
40 35
SIMILAR

6 21 14 2 11 1 18 19 3 34 35 27 36 33 31 32 40 16 22 4 30 38 25 28 15 23 12 7 26 13 20 24 5 29 9 10 17 37 8 0 39 
0 39
1 5
2 3
3 8
4 19
5 32
6 0
7 27
8 38
9 34
10 35
11 4
12 26
13 29
14 2
15 24
16 17
17 36
18 6
19 7
20 30
21 1
22 18
23 25
24 31
25 22
26 28
27 11
28 23
29 33
30 20
31 14
32 15
33 13
34 9
35 10
36 12
37 37
38 21
39 40
40 16
SIMILAR

32 1 14 15 18 27 9 30 11 6 35 3 8 24 25 33 20 10 21 26 22 40 17 7 13 16 29 34 2 0 37 28 39 19 38 12 5 36 31 23 4 
0 29
1 1
2 28
3 11
4 40
5 36
6 9
7 23
8 12
9 6
10 17
11 8
12 35
13 24
14 2
15 3
16 25
17 22
18 4
19 33
20 16
21 18
22 20
23 39
24 13
25 14
26 19
27 5
28 31
29 26
30 7
31 38
32 0
33 15
34 27
35 10
36 37
37 30
38 34
39 32
40 21
SIMILAR

37 20 8 19 29 18 6 22 28 40 24 5 21 15 16 1 13 14 11 3 2 23 33 32 12 36 27 4 34 0 39 31 26 25 10 9 30 7 38 17 35 
0 29
1 15
2 20
3 19
4 27
5 11
6 6
7 37
8 2
9 35
10 34
11 18
12 24
13 16
14 17
15 13
16 14
17 39
18 5
19 3
20 1
21 12
22 7
23 21
24 10
25 33
26 32
27 26
28 8
29 4
30 36
31 31
32 23
33 22
34 28
35 40
36 25
37 0
38 38
39 30
40 9
SIMILAR

1 8 31 15 28 5 7 32 9 11 14 35 17 16 22 39 27 20 18 0 29 21 19 26 36 33 3 30 6 38 25 37 2 34 10 24 23 12 13 40 4 
0 19
1 0
2 32
3 26
4 40
5 5
6 28
7 6
8 1
9 8
10 34
11 9
12 37
13 38
14 10
15 3
16 13
17 12
18 18
19 22
20 17
21 21
22 14
23 36
24 35
25 30
26 23
27 16
28 4
29 20
30 27
31 2
32 7
33 25
34 33
35 11
36 24
37 31
38 29
39 15
40 39
SIMILAR

5 3 38 20 34 36 25 29 28 27 7 17 4 2 16 13 12 10 32 24 33 14 37 11 39 18 1 19 23 9 6 21 31 15 35 26 8 22 30 40 0 
0 40
1 26
2 13
3 1
4 12
5 0
6 30
7 10
8 36
9 29
10 17
11 23
12 16
13 15
14 21
15 33
16 14
17 11
18 25
19 27
20 3
21 31
22 37
23 28
24 19
25 6
26 35
27 9
28 8
29 7
30 38
31 32
32 18
33 20
34 4
35 34
36 5
37 22
38 2
39 24
40 39
SIMILAR

25 33 0 7 13 36 31 19 24 23 32 5 16 21 11 34 27 15 6 9 40 29 10 39 3 37 20 26 12 22 17 28 38 2 30 1 18 8 4 14 35 
0 2
1 35
2 33
3 24
4 38
5 11
6 18
7 3
8 37
9 19
10 22
11 14
12 28
13 4
14 39
15 17
16 12
17 30
18 36
19 7
20 26
21 13
22 29
23 9
24 8
25 0
26 27
27 16
28 31
29 21
30 34
31 6
32 10
33 1
34 15
35 40
36 5
37 25
38 32
39 23
40 20
SIMILAR

6 16 15 40 36 3 7 26 25 4 18 24 2 38 0 1 13 11 8 27 21 28 22 35 20 23 29 12 10 30 17 34 31 37 5 14 19 9 32 39 33 
0 14
1 15
2 12
3 5
4 9
5 34
6 0
7 6
8 18
9 37
10 28
11 17
12 27
13 16
14 35
15 2
16 1
17 30
18 10
19 36
20 24
21 20
22 22
23 25
24 11
25 8
26 7
27 19
28 21
29 26
30 29
31 32
32 38
33 40
34 31
35 23
36 4
37 33
38 13
39 39
40 3
SIMILAR

25 32 40 33 0 38 24 14 4 21 15 18 10 5 39 36 37 27 1 13 34 12 23 7 17 3 28 31 26 9 29 2 16 20 19 8 22 30 11 6 35 
0 4
1 18
2 31
3 25
4 8
5 13
6 39
7 23
8 35
9 29
10 12
11 38
12 21
13 19
14 7
15 10
16 32
17 24
18 11
19 34
20 33
21 9
22 36
23 22
24 6
25 0
26 28
27 17
28 26
29 30
30 37
31 27
32 1
33 3
34 20
35 40
36 15
37 16
38 5
39 14
40 2
SIMILAR

19 39 38 8 22 15 21 5 34 32 29 12 13 14 28 0 7 35 18 36 27 3 26 31 17 24 33 20 2 30 10 9 25 16 40 23 11 4 37 1 6 
0 15
1 39
2 28
3 21
4 37
5 7
6 40
7 16
8 3
9 31
10 30
11 36
12 11
13 12
14 13
15 5
16 33
17 24
18 18
19 0
20 27
21 6
22 4
23 35
24 25
25 32
26 22
27 20
28 14
29 10
30 29
31 23
32 9
33 26
34 8
35 17
36 19
37 38
38 2
39 1
40 34
SIMILAR

35 17 12 4 28 40 16 37 7 22 24 5 29 6 33 15 10 38 21 9 18 23 8 20 14 1 27 19 2 11 25 32 30 36 0 31 34 3 26 39 13 
0 34
1 25
2 28
3 37
4 3
5 11
6 13
7 8
8 22
9 19
10 16
11 29
12 2
13 40
14 24
15 15
16 6
17 1
18 20
19 27
20 23
21 18
22 9
23 21
24 10
25 30
26 38
27 26
28 4
29 12
30 32
31 35
32 31
33 14
34 36
35 0
36 33
37 7
38 17
39 39
40 5
SIMILAR

35 9 36 29 7 6 23 8 12 15 37 27 34 2 3 26 33 28 1 31 4 22 19 25 13 24 30 39 21 14 10 20 32 0 18 38 11 5 16 40 17 
0 33
1 18
2 13
3 14
4 20
5 37
6 5
7 4
8 7
9 1
10 30
11 36
12 8
13 24
14 29
15 9
16 38
17 40
18 34
19 22
20 31
21 28
22 21
23 6
24 25
25 23
26 15
27 11
28 17
29 3
30 26
31 19
32 32
33 16
34 12
35 0
36 2
37 10
38 35
39 27
40 39
SIMILAR

30 22 40 0 33 20 7 38 17 34 15 36 5 6 32 35 9 8 4 3 28 26 2 39 13 37 21 10 16 12 23 29 14 31 27 11 24 18 19 25 1 
0 3
1 40
2 22
3 19
4 18
5 12
6 13
7 6
8 17
9 16
10 27
11 35
12 29
13 24
14 32
15 10
16 28
17 8
18 37
19 38
20 5
21 26
22 1
23 30
24 36
25 39
26 21
27 34
28 20
29 31
30 0
31 33
32 14
33 4
34 9
35 15
36 11
37 25
38 7
39 23
40 2
SIMILAR

21 2 20 3 12 19 1 27 33 23 4 37 32 13 7 5 18 28 6 25 14 15 8 26 9 0 17 40 36 22 39 24 10 11 30 34 35 31 38 29 16 
0 25
1 6
2 1
3 3
4 10
5 15
6 18
7 14
8 22
9 24
10 32
11 33
12 4
13 13
14 20
15 21
16 40
17 26
18 16
19 5
20 2
21 0
22 29
23 9
24 31
25 19
26 23
27 7
28 17
29 39
30 34
31 37
32 12
33 8
34 35
35 36
36 28
37 11
38 38
39 30
40 27
SIMILAR

35 18 21 12 27 22 1 13 28 34 9 40 10 15 11 24 36 16 26 29 5 2 14 4 38 33 23 7 32 31 0 17 37 30 8 3 20 25 39 6 19 
0 30
1 6
2 21
3 35
4 23
5 20
6 39
7 27
8 34
9 10
10 12
11 14
12 3
13 7
14 22
15 13
16 17
17 31
18 1
19 40
20 36
21 2
22 5
23 26
24 15
25 37
26 18
27 4
28 8
29 19
30 33
31 29
32 28
33 25
34 9
35 0
36 16
37 32
38 24
39 38
40 11
SIMILAR

18 4 11 21 12 26 30 6 36 0 38 20 28 35 14 34 7 39 16 23 10 19 37 13 25 33 32 2 40 22 5 31 24 3 1 27 9 29 8 17 15 
0 9
1 34
2 27
3 33
4 1
5 30
6 7
7 16
8 38
9 36
10 20
11 2
12 4
13 23
14 14
15 40
16 18
17 39
18 0
19 21
20 11
21 3
22 29
23 19
24 32
25 24
26 5
27 35
28 12
29 37
30 6
31 31
32 26
33 25
34 15
35 13
36 8
37 22
38 10
39 17
40 28
SIMILAR

0 5 34 33 35 32 21 26 40 31 2 3 39 10 13 38 14 36 20 19 22 18 16 23 1 6 12 17 8 37 29 4 15 7 30 9 27 25 28 24 11 
0 0
1 24
2 10
3 11
4 31
5 1
6 25
7 33
8 28
9 35
10 13
11 40
12 26
13 14
14 16
15 32
16 22
17 27
18 21
19 19
20 18
21 6
22 20
23 23
24 39
25 37
26 7
27 36
28 38
29 30
30 34
31 9
32 5
33 3
34 2
35 4
36 17
37 29
38 15
39 12
40 8
SIMILAR

40 39 13 20 17 14 5 21 2 32 24 11 34 12 18 22 3 26 15 27 10 16 37 0 30 38 7 35 28 33 29 31 19 25 23 1 6 9 36 8 4 
0 23
1 35
2 8
3 16
4 40
5 6
6 36
7 26
8 39
9 37
10 20
11 11
12 13
13 2
14 5
15 18
16 21
17 4
18 14
19 32
20 3
21 7
22 15
23 34
24 10
25 33
26 17
27 19
28 28
29 30
30 24
31 31
32 9
33 29
34 12
35 27
36 38
37 22
38 25
39 1
40 0
SIMILAR

6 2 13 31 29 1 12 39 4 16 10 23 22 11 37 35 26 38 17 28 15 7 8 5 0 3 19 21 40 27 32 9 14 24 30 18 25 20 34 33 36 
0 24
1 5
2 1
3 25
4 8
5 23
6 0
7 21
8 22
9 31
10 10
11 13
12 6
13 2
14 32
15 20
16 9
17 18
18 35
19 26
20 37
21 27
22 12
23 11
24 33
25 36
26 16
27 29
28 19
29 4
30 34
31 3
32 30
33 39
34 38
35 15
36 40
37 14
38 17
39 7
40 28
SIMILAR

11 34 14 12 10 28 4 22 32 7 5 40 6 17 0 33 20 39 23 35 13 27 16 3 31 21 24 36 29 9 8 37 26 1 2 25 18 30 38 15 19 
0 14
1 33
2 34
3 23
4 6
5 10
6 12
7 9
8 30
9 29
10 4
11 0
12 3
13 20
14 2
15 39
16 22
17 13
18 36
19 40
20 16
21 25
22 7
23 18
24 26
25 35
26 32
27 21
28 5
29 28
30 37
31 24
32 8
33 15
34 1
35 19
36 27
37 31
38 38
39 17
40 11
SIMILAR

38 22 7 33 4 31 11 39 1 9 25 26 2 10 21 34 20 36 0 19 16 5 24 8 13 37 3 28 35 14 30 32 6 15 29 23 17 40 18 12 27 
0 18
1 8
2 12
3 26
4 4
5 21
6 32
7 2
8 23
9 9
10 13
11 6
12 39
13 24
14 29
15 33
16 20
17 36
18 38
19 19
20 16
21 14
22 1
23 35
24 22
25 10
26 11
27 40
28 27
29 34
30 30
31 5
32 31
33 3
34 15
35 28
36 17
37 25
38 0
39 7
40 37
SIMILAR

26 20 8 11 21 25 14 1 15 37 7 2 32 0 27 18 29 6 10 35 22 34 24 17 40 4 33 28 38 13 36 19 31 3 16 5 23 30 9 12 39 
0 13
1 7
2 11
3 33
4 25
5 35
6 17
7 10
8 2
9 38
10 18
11 3
12 39
13 29
14 6
15 8
16 34
17 23
18 15
19 31
20 1
21 4
22 20
23 36
24 22
25 5
26 0
27 14
28 27
29 16
30 37
31 32
32 12
33 26
34 21
35 19
36 30
37 9
38 28
39 40
40 24
SIMILAR

29 23 9 30 5 28 24 39 25 11 4 20 38 15 10 12 40 22 27 26 18 3 33 14 16 34 17 1 31 7 21 36 37 35 13 8 19 2 32 0 6 
0 39
1 27
2 37
3 21
4 10
5 4
6 40
7 29
8 35
9 2
10 14
11 9
12 15
13 34
14 23
15 13
16 24
17 26
18 20
19 36
20 11
21 30
22 17
23 1
24 6
25 8
26 19
27 18
28 5
29 0
30 3
31 28
32 38
33 22
34 25
35 33
36 31
37 32
38 12
39 7
40 16
SIMILAR

14 40 24 19 34 0 25 4 39 5 3 7 6 11 23 9 31 13 36 29 26 17 22 12 20 15 37 21 30 35 28 8 32 33 2 27 38 16 10 1 18 
0 5
1 39
2 34
3 10
4 7
5 9
6 12
7 11
8 31
9 15
10 38
11 13
12 23
13 17
14 0
15 25
16 37
17 21
18 40
19 3
20 24
21 27
22 22
23 14
24 2
25 6
26 20
27 35
28 30
29 19
30 28
31 16
32 32
33 33
34 4
35 29
36 18
37 26
38 36
39 8
40 1
SIMILAR

33 39 28 20 1 8 22 35 29 12 31 14 7 26 25 38 3 23 11 27 32 9 19 17 10 5 16 18 36 6 15 40 13 30 21 4 24 37 2 0 34 
0 39
1 4
2 38
3 16
4 35
5 25
6 29
7 12
8 5
9 21
10 24
11 18
12 9
13 32
14 11
15 30
16 26
17 23
18 27
19 22
20 3
21 34
22 6
23 17
24 36
25 14
26 13
27 19
28 2
29 8
30 33
31 10
32 20
33 0
34 40
35 7
36 28
37 37
38 15
39 1
40 31
SIMILAR

39 10 4 31 21 24 6 22 33 28 15 13 19 37 1 26 11 17 16 5 29 8 36 30 18 20 3 32 23 25 12 14 38 9 35 2 27 34 0 7 40 
0 38
1 14
2 35
3 26
4 2
5 19
6 6
7 39
8 21
9 33
10 1
11 16
12 30
13 11
14 31
15 10
16 18
17 17
18 24
19 12
20 25
21 4
22 7
23 28
24 5
25 29
26 15
27 36
28 9
29 20
30 23
31 3
32 27
33 8
34 37
35 34
36 22
37 13
38 32
39 0
40 40
SIMILAR

21 30 35 37 6 39 31 4 10 1 18 34 23 20 3 26 17 27 40 2 29 15 11 38 22 36 12 24 9 8 32 25 7 13 19 33 28 0 5 16 14 
0 37
1 9
2 19
3 14
4 7
5 38
6 4
7 32
8 29
9 28
10 8
11 22
12 26
13 33
14 40
15 21
16 39
17 16
18 10
19 34
20 13
21 0
22 24
23 12
24 27
25 31
26 15
27 17
28 36
29 20
30 1
31 6
32 30
33 35
34 11
35 2
36 25
37 3
38 23
39 5
40 18
SIMILAR

19 4 24 5 36 25 30 7 17 11 28 9 27 12 3 23 10 15 18 21 20 31 37 33 0 2 13 40 26 32 16 8 39 1 29 14 34 35 22 6 38 
0 24
1 33
2 25
3 14
4 1
5 3
6 39
7 7
8 31
9 11
10 16
11 9
12 13
13 26
14 35
15 17
16 30
17 8
18 18
19 0
20 20
21 19
22 38
23 15
24 2
25 5
26 28
27 12
28 10
29 34
30 6
31 21
32 29
33 23
34 36
35 37
36 4
37 22
38 40
39 32
40 27
SIMILAR

35 15 16 18 11 29 8 40 25 3 10 30 26 31 23 7 1 27 2 14 21 4 22 36 28 17 19 33 9 32 24 38 12 34 6 20 39 37 5 13 0 
0 40
1 16
2 18
3 9
4 21
5 38
6 34
7 15
8 6
9 28
10 10
11 4
12 32
13 39
14 19
15 1
16 2
17 25
18 3
19 26
20 35
21 20
22 22
23 14
24 30
25 8
26 12
27 17
28 24
29 5
30 11
31 13
32 29
33 27
34 33
35 0
36 23
37 37
38 31
39 36
40 7
SIMILAR

3 23 14 38 13 29 27 9 16 0 34 24 1 18 19 39 21 22 2 36 35 32 37 33 6 40 31 8 15 5 20 11 4 26 17 28 7 25 12 30 10 
0 9
1 12
2 18
3 0
4 32
5 29
6 24
7 36
8 27
9 7
10 40
11 31
12 38
13 4
14 2
15 28
16 8
17 34
18 13
19 14
20 30
21 16
22 17
23 1
24 11
25 37
26 33
27 6
28 35
29 5
30 39
31 26
32 21
33 23
34 10
35 20
36 19
37 22
38 3
39 15
40 25
SIMILAR

6 37 29 10 7 13 36 33 34 31 14 23 4 8 11 40 12 26 38 28 18 3 17 27 1 19 30 35 2 0 20 32 9 24 21 25 16 15 22 39 5 
0 29
1 24
2 28
3 21
4 12
5 40
6 0
7 4
8 13
9 32
10 3
11 14
12 16
13 5
14 10
15 37
16 36
17 22
18 20
19 25
20 30
21 34
22 38
23 11
24 33
25 35
26 17
27 23
28 19
29 2
30 26
31 9
32 31
33 7
34 8
35 27
36 6
37 1
38 18
39 39
40 15
SIMILAR

37 23 1 3 2 34 21 35 30 9 8 7 12 33 25 40 27 38 26 11 39 28 17 16 10 36 19 20 6 24 31 5 0 22 15 32 18 29 4 13 14 
0 32
1 2
2 4
3 3
4 38
5 31
6 28
7 11
8 10
9 9
10 24
11 19
12 12
13 39
14 40
15 34
16 23
17 22
18 36
19 26
20 27
21 6
22 33
23 1
24 29
25 14
26 18
27 16
28 21
29 37
30 8
31 30
32 35
33 13
34 5
35 7
36 25
37 0
38 17
39 20
40 15
SIMILAR

1 15 6 25 12 16 35 30 38 4 37 14 20 40 22 0 19 10 26 8 23 39 24 9 17 7 13 32 34 31 11 29 18 3 27 21 28 36 5 2 33 
0 15
1 0
2 39
3 33
4 9
5 38
6 2
7 25
8 19
9 23
10 17
11 30
12 4
13 26
14 11
15 1
16 5
17 24
18 32
19 16
20 12
21 35
22 14
23 20
24 22
25 3
26 18
27 34
28 36
29 31
30 7
31 29
32 27
33 40
34 28
35 6
36 37
37 10
38 8
39 21
40 13
SIMILAR

10 26 0 40 19 16 35 8 4 9 33 34 23 18 28 22 25 29 13 27 20 17 1 38 31 15 30 5 7 32 36 11 21 37 14 2 39 3 24 12 6 
0 2
1 22
2 35
3 37
4 8
5 27
6 40
7 28
8 7
9 9
10 0
11 31
12 39
13 18
14 34
15 25
16 5
17 21
18 13
19 4
20 20
21 32
22 15
23 12
24 38
25 16
26 1
27 19
28 14
29 17
30 26
31 24
32 29
33 10
34 11
35 6
36 30
37 33
38 23
39 36
40 3
SIMILAR

3 7 32 2 35 18 17 23 5 38 36 26 8 0 40 12 37 9 13 16 20 19 11 14 4 22 15 34 27 25 30 10 28 33 6 31 39 24 29 1 21 
0 13
1 39
2 3
3 0
4 24
5 8
6 34
7 1
8 12
9 17
10 31
11 22
12 15
13 18
14 23
15 26
16 19
17 6
18 5
19 21
20 20
21 40
22 25
23 7
24 37
25 29
26 11
27 28
28 32
29 38
30 30
31 35
32 2
33 33
34 27
35 4
36 10
37 16
38 9
39 36
40 14
SIMILAR

15 29 36 0 34 38 14 33 6 40 9 1 4 10 26 7 27 22 5 25 12 11 32 31 30 20 17 8 13 2 39 37 23 3 18 19 28 16 24 21 35 
0 3
1 11
2 29
3 33
4 12
5 18
6 8
7 15
8 27
9 10
10 13
11 21
12 20
13 28
14 6
15 0
16 37
17 26
18 34
19 35
20 25
21 39
22 17
23 32
24 38
25 19
26 14
27 16
28 36
29 1
30 24
31 23
32 22
33 7
34 4
35 40
36 2
37 31
38 5
39 30
40 9
SIMILAR

0 24 10 21 22 17 7 30 40 13 5 38 37 33 15 19 3 4 39 2 23 35 16 26 8 1 29 6 31 18 25 11 27 9 32 14 12 34 36 28 20 
0 0
1 25
2 19
3 16
4 17
5 10
6 27
7 6
8 24
9 33
10 2
11 31
12 36
13 9
14 35
15 14
16 22
17 5
18 29
19 15
20 40
21 3
22 4
23 20
24 1
25 30
26 23
27 32
28 39
29 26
30 7
31 28
32 34
33 13
34 37
35 21
36 38
37 12
38 11
39 18
40 8
SIMILAR

29 3 32 16 35 4 1 30 34 0 15 36 40 22 23 27 39 33 25 10 20 8 7 38 2 11 26 37 21 17 18 14 19 12 13 5 24 31 28 9 6 
0 9
1 6
2 24
3 1
4 5
5 35
6 40
7 22
8 21
9 39
10 19
11 25
12 33
13 34
14 31
15 10
16 3
17 29
18 30
19 32
20 20
21 28
22 13
23 14
24 36
25 18
26 26
27 15
28 38
29 0
30 7
31 37
32 2
33 17
34 8
35 4
36 11
37 27
38 23
39 16
40 12
SIMILAR

29 39 13 5 35 19 24 14 3 4 28 2 0 1 22 6 31 26 11 40 33 16 21 36 34 7 10 18 37 25 20 8 38 32 23 17 15 9 30 12 27 
0 12
1 13
2 11
3 8
4 9
5 3
6 15
7 25
8 31
9 37
10 26
11 18
12 39
13 2
14 7
15 36
16 21
17 35
18 27
19 5
20 30
21 22
22 14
23 34
24 6
25 29
26 17
27 40
28 10
29 0
30 38
31 16
32 33
33 20
34 24
35 4
36 23
37 28
38 32
39 1
40 19
SIMILAR

7 14 39 4 18 13 23 37 28 20 12 15 35 8 34 21 6 40 29 22 38 30 19 26 10 11 24 0 32 9 17 1 5 27 16 2 36 25 33 3 31 
0 27
1 31
2 35
3 39
4 3
5 32
6 16
7 0
8 13
9 29
10 24
11 25
12 10
13 5
14 1
15 11
16 34
17 30
18 4
19 22
20 9
21 15
22 19
23 6
24 26
25 37
26 23
27 33
28 8
29 18
30 21
31 40
32 28
33 38
34 14
35 12
36 36
37 7
38 20
39 2
40 17
SIMILAR

34 24 31 18 7 35 40 10 38 19 5 2 36 30 32 13 16 29 33 1 17 6 26 3 28 20 11 0 23 27 25 12 4 37 8 39 15 9 21 22 14 
0 27
1 19
2 11
3 23
4 32
5 10
6 21
7 4
8 34
9 37
10 7
11 26
12 31
13 15
14 40
15 36
16 16
17 20
18 3
19 9
20 25
21 38
22 39
23 28
24 1
25 30
26 22
27 29
28 24
29 17
30 13
31 2
32 14
33 18
34 0
35 5
36 12
37 33
38 8
39 35
40 6
SIMILAR

30 2 3 33 15 37 1 7 18 17 28 5 22 12 35 36 13 40 0 25 8 26 21 32 10 9 38 6 27 23 24 39 16 14 11 34 29 19 20 31 4 
0 18
1 6
2 1
3 2
4 40
5 11
6 27
7 7
8 20
9 25
10 24
11 34
12 13
13 16
14 33
15 4
16 32
17 9
18 8
19 37
20 38
21 22
22 12
23 29
24 30
25 19
26 21
27 28
28 10
29 36
30 0
31 39
32 23
33 3
34 35
35 14
36 15
37 5
38 26
39 31
40 17
SIMILAR

32 7 17 16 3 27 15 8 20 36 6 18 19 38 26 10 33 21 34 12 14 24 35 40 9 28 13 23 30 11 5 39 29 37 0 25 1 2 4 22 31 
0 34
1 36
2 37
3 4
4 38
5 30
6 10
7 1
8 7
9 24
10 15
11 29
12 19
13 26
14 20
15 6
16 3
17 2
18 11
19 12
20 8
21 17
22 39
23 27
24 21
25 35
26 14
27 5
28 25
29 32
30 28
31 40
32 0
33 16
34 18
35 22
36 9
37 33
38 13
39 31
40 23
SIMILAR

7 39 37 19 20 24 4 8 12 26 6 9 22 34 38 36 27 29 17 13 16 31 30 2 25 1 10 21 18 3 32 33 0 5 40 35 28 11 23 15 14 
0 32
1 25
2 23
3 29
4 6
5 33
6 10
7 0
8 7
9 11
10 26
11 37
12 8
13 19
14 40
15 39
16 20
17 18
18 28
19 3
20 4
21 27
22 12
23 38
24 5
25 24
26 9
27 16
28 36
29 17
30 22
31 21
32 30
33 31
34 13
35 35
36 15
37 2
38 14
39 1
40 34
SIMILAR

14 37 38 35 8 31 34 20 0 6 32 9 17 40 13 10 29 7 3 5 36 39 33 18 19 22 4 23 21 1 15 27 12 11 24 28 16 25 30 2 26 
0 8
1 29
2 39
3 18
4 26
5 19
6 9
7 17
8 4
9 11
10 15
11 33
12 32
13 14
14 0
15 30
16 36
17 12
18 23
19 24
20 7
21 28
22 25
23 27
24 34
25 37
26 40
27 31
28 35
29 16
30 38
31 5
32 10
33 22
34 6
35 3
36 20
37 1
38 2
39 21
40 13
SIMILAR

18 0 15 20 39 14 5 12 9 30 8 13 24 35 33 10 32 22 19 17 3 27 7 1 31 26 36 40 11 37 6 4 21 34 25 29 38 16 28 2 23 
0 1
1 23
2 39
3 20
4 31
5 6
6 30
7 22
8 10
9 8
10 15
11 28
12 7
13 11
14 5
15 2
16 37
17 19
18 0
19 18
20 3
21 32
22 17
23 40
24 12
25 34
26 25
27 21
28 38
29 35
30 9
31 24
32 16
33 14
34 33
35 13
36 26
37 29
38 36
39 4
40 27
SIMILAR

30 24 10 22 34 0 8 27 19 11 16 9 35 4 32 38 18 39 20 21 29 12 6 23 28 15 14 25 7 13 5 33 36 31 3 17 1 40 26 2 37 
0 5
1 36
2 39
3 34
4 13
5 30
6 22
7 28
8 6
9 11
10 2
11 9
12 21
13 29
14 26
15 25
16 10
17 35
18 16
19 8
20 18
21 19
22 3
23 23
24 1
25 27
26 38
27 7
28 24
29 20
30 0
31 33
32 14
33 31
34 4
35 12
36 32
37 40
38 15
39 17
40 37
SIMILAR

10 39 1 20 13 11 4 34 32 5 15 21 22 6 31 40 16 29 37 3 38 26 25 17 28 24 9 18 0 30 7 12 27 8 33 23 36 14 35 19 2 
0 28
1 2
2 40
3 19
4 6
5 9
6 13
7 30
8 33
9 26
10 0
11 5
12 31
13 4
14 37
15 10
16 16
17 23
18 27
19 39
20 3
21 11
22 12
23 35
24 25
25 22
26 21
27 32
28 24
29 17
30 29
31 14
32 8
33 34
34 7
35 38
36 36
37 18
38 20
39 1
40 15
SIMILAR

15 0 12 20 16 28 31 6 32 39 23 30 22 5 33 1 38 24 9 27 13 17 4 14 8 37 21 10 36 40 26 35 25 2 7 19 11 34 29 3 18 
0 1
1 15
2 33
3 39
4 22
5 13
6 7
7 34
8 24
9 18
10 27
11 36
12 2
13 20
14 23
15 0
16 4
17 21
18 40
19 35
20 3
21 26
22 12
23 10
24 17
25 32
26 30
27 19
28 5
29 38
30 11
31 6
32 8
33 14
34 37
35 31
36 28
37 25
38 16
39 9
40 29
SIMILAR

27 5 21 22 19 23 17 37 8 34 6 35 16 18 2 20 9 1 4 31 7 39 26 0 10 33 36 29 38 15 3 12 30 11 13 40 32 24 14 28 25 
0 23
1 17
2 14
3 30
4 18
5 1
6 10
7 20
8 8
9 16
10 24
11 33
12 31
13 34
14 38
15 29
16 12
17 6
18 13
19 4
20 15
21 2
22 3
23 5
24 37
25 40
26 22
27 0
28 39
29 27
30 32
31 19
32 36
33 25
34 9
35 11
36 26
37 7
38 28
39 21
40 35
SIMILAR

37 11 2 33 5 34 32 22 15 3 27 26 23 16 13 4 0 31 38 1 17 9 40 6 12 14 21 35 10 25 20 7 39 30 8 29 24 28 19 36 18 
0 16
1 19
2 2
3 9
4 15
5 4
6 23
7 31
8 34
9 21
10 28
11 1
12 24
13 14
14 25
15 8
16 13
17 20
18 40
19 38
20 30
21 26
22 7
23 12
24 36
25 29
26 11
27 10
28 37
29 35
30 33
31 17
32 6
33 3
34 5
35 27
36 39
37 0
38 18
39 32
40 22
SIMILAR

30 20 36 8 40 28 39 9 13 23 7 10 14 6 21 33 24 35 26 1 4 31 38 15 3 16 37 18 5 11 22 34 12 19 0 32 2 29 27 17 25 
0 34
1 19
2 36
3 24
4 20
5 28
6 13
7 10
8 3
9 7
10 11
11 29
12 32
13 8
14 12
15 23
16 25
17 39
18 27
19 33
20 1
21 14
22 30
23 9
24 16
25 40
26 18
27 38
28 5
29 37
30 0
31 21
32 35
33 15
34 31
35 17
36 2
37 26
38 22
39 6
40 4
SIMILAR

32 33 19 1 9 37 0 40 25 31 14 34 22 24 13 27 20 26 15 36 7 18 5 39 16 2 6 8 30 17 35 4 10 21 28 12 38 11 3 29 23 
0 6
1 3
2 25
3 38
4 31
5 22
6 26
7 20
8 27
9 4
10 32
11 37
12 35
13 14
14 10
15 18
16 24
17 29
18 21
19 2
20 16
21 33
22 12
23 40
24 13
25 8
26 17
27 15
28 34
29 39
30 28
31 9
32 0
33 1
34 11
35 30
36 19
37 5
38 36
39 23
40 7
SIMILAR

4 11 22 36 7 32 28 30 2 14 20 5 29 25 6 34 35 10 13 40 26 17 12 39 31 3 38 16 19 23 24 21 1 9 8 33 18 0 15 37 27 
0 37
1 32
2 8
3 25
4 0
5 11
6 14
7 4
8 34
9 33
10 17
11 1
12 22
13 18
14 9
15 38
16 27
17 21
18 36
19 28
20 10
21 31
22 2
23 29
24 30
25 13
26 20
27 40
28 6
29 12
30 7
31 24
32 5
33 35
34 15
35 16
36 3
37 39
38 26
39 23
40 19
SIMILAR

22 14 8 5 33 16 27 34 25 26 31 6 9 36 23 21 10 3 20 12 15 17 7 4 30 1 37 40 11 2 24 19 0 32 38 29 28 13 18 35 39 
0 32
1 25
2 29
3 17
4 23
5 3
6 11
7 22
8 2
9 12
10 16
11 28
12 19
13 37
14 1
15 20
16 5
17 21
18 38
19 31
20 18
21 15
22 0
23 14
24 30
25 8
26 9
27 6
28 36
29 35
30 24
31 10
32 33
33 4
34 7
35 39
36 13
37 26
38 34
39 40
40 27
SIMILAR

7 21 40 19 17 18 31 38 2 27 5 12 8 16 11 23 15 0 13 1 24 6 20 25 36 26 37 4 35 10 22 3 30 32 9 39 14 29 34 33 28 
0 17
1 19
2 8
3 31
4 27
5 10
6 21
7 0
8 12
9 34
10 29
11 14
12 11
13 18
14 36
15 16
16 13
17 4
18 5
19 3
20 22
21 1
22 30
23 15
24 20
25 23
26 25
27 9
28 40
29 37
30 32
31 6
32 33
33 39
34 38
35 28
36 24
37 26
38 7
39 35
40 2
SIMILAR

35 11 23 5 30 26 8 10 25 20 3 1 19 28 39 16 31 40 2 36 9 4 13 33 22 21 7 38 0 24 15 32 18 14 37 29 12 27 17 34 6 
0 28
1 11
2 18
3 10
4 21
5 3
6 40
7 26
8 6
9 20
10 7
11 1
12 36
13 22
14 33
15 30
16 15
17 38
18 32
19 12
20 9
21 25
22 24
23 2
24 29
25 8
26 5
27 37
28 13
29 35
30 4
31 16
32 31
33 23
34 39
35 0
36 19
37 34
38 27
39 14
40 17
SIMILAR

15 9 14 21 36 23 20 29 35 39 12 6 18 24 28 37 13 16 4 33 40 0 2 32 30 34 31 17 10 25 7 22 38 5 27 19 3 1 26 11 8 
0 21
1 37
2 22
3 36
4 18
5 33
6 11
7 30
8 40
9 1
10 28
11 39
12 10
13 16
14 2
15 0
16 17
17 27
18 12
19 35
20 6
21 3
22 31
23 5
24 13
25 29
26 38
27 34
28 14
29 7
30 24
31 26
32 23
33 19
34 25
35 8
36 4
37 15
38 32
39 9
40 20
SIMILAR

21 32 2 10 29 7 6 9 14 3 17 40 18 25 1 31 19 12 38 26 27 5 33 11 24 8 36 16 15 35 22 20 34 30 13 39 37 0 28 23 4 
0 37
1 14
2 2
3 9
4 40
5 21
6 6
7 5
8 25
9 7
10 3
11 23
12 17
13 34
14 8
15 28
16 27
17 10
18 12
19 16
20 31
21 0
22 30
23 39
24 24
25 13
26 19
27 20
28 38
29 4
30 33
31 15
32 1
33 22
34 32
35 29
36 26
37 36
38 18
39 35
40 11
SIMILAR

12 27 23 36 38 30 35 37 34 18 17 0 31 26 15 6 4 39 9 22 25 21 2 32 16 8 24 5 10 11 33 29 19 14 20 1 13 3 28 7 40 
0 11
1 35
2 22
3 37
4 16
5 27
6 15
7 39
8 25
9 18
10 28
11 29
12 0
13 36
14 33
15 14
16 24
17 10
18 9
19 32
20 34
21 21
22 19
23 2
24 26
25 20
26 13
27 1
28 38
29 31
30 5
31 12
32 23
33 30
34 8
35 6
36 3
37 7
38 4
39 17
40 40
SIMILAR

10 37 19 16 11 0 39 17 24 4 2 20 21 13 7 1 22 31 12 26 15 32 3 29 8 23 38 27 33 30 36 6 40 25 5 14 28 34 35 9 18 
0 5
1 15
2 10
3 22
4 9
5 34
6 31
7 14
8 24
9 39
10 0
11 4
12 18
13 13
14 35
15 20
16 3
17 7
18 40
19 2
20 11
21 12
22 16
23 25
24 8
25 33
26 19
27 27
28 36
29 23
30 29
31 17
32 21
33 28
34 37
35 38
36 30
37 1
38 26
39 6
40 32
SIMILAR

21 20 7 32 31 17 28 10 14 4 27 39 2 6 12 30 22 24 18 0 19 38 15 3 11 33 8 37 23 16 26 35 25 5 29 9 36 1 40 34 13 
0 19
1 37
2 12
3 23
4 9
5 33
6 13
7 2
8 26
9 35
10 7
11 24
12 14
13 40
14 8
15 22
16 29
17 5
18 18
19 20
20 1
21 0
22 16
23 28
24 17
25 32
26 30
27 10
28 6
29 34
30 15
31 4
32 3
33 25
34 39
35 31
36 36
37 27
38 21
39 11
40 38
SIMILAR

16 13 27 33 6 36 26 2 10 28 21 20 8 15 5 17 11 37 35 19 18 30 22 34 32 1 24 3 31 4 25 40 39 14 9 29 12 23 38 7 0 
0 40
1 25
2 7
3 27
4 29
5 14
6 4
7 39
8 12
9 34
10 8
11 16
12 36
13 1
14 33
15 13
16 0
17 15
18 20
19 19
20 11
21 10
22 22
23 37
24 26
25 30
26 6
27 2
28 9
29 35
30 21
31 28
32 24
33 3
34 23
35 18
36 5
37 17
38 38
39 32
40 31
SIMILAR

16 22 1 17 25 34 8 3 23 39 28 36 37 9 7 40 32 14 26 13 18 5 38 4 31 10 0 19 27 6 29 2 12 20 30 35 15 33 24 21 11 
0 26
1 2
2 31
3 7
4 23
5 21
6 29
7 14
8 6
9 13
10 25
11 40
12 32
13 19
14 17
15 36
16 0
17 3
18 20
19 27
20 33
21 39
22 1
23 8
24 38
25 4
26 18
27 28
28 10
29 30
30 34
31 24
32 16
33 37
34 5
35 35
36 11
37 12
38 22
39 9
40 15
SIMILAR

11 32 22 5 8 24 33 35 29 40 31 6 1 15 14 17 25 10 20 27 3 0 39 38 2 28 36 23 4 7 13 16 30 9 26 18 34 12 37 19 21 
0 21
1 12
2 24
3 20
4 28
5 3
6 11
7 29
8 4
9 33
10 17
11 0
12 37
13 30
14 14
15 13
16 31
17 15
18 35
19 39
20 18
21 40
22 2
23 27
24 5
25 16
26 34
27 19
28 25
29 8
30 32
31 10
32 1
33 6
34 36
35 7
36 26
37 38
38 23
39 22
40 9
SIMILAR

12 7 36 14 25 40 4 33 34 38 3 19 8 28 2 23 21 30 20 24 15 22 31 13 32 39 37 27 29 18 0 5 10 11 16 9 1 6 26 17 35 
0 30
1 36
2 14
3 10
4 6
5 31
6 37
7 1
8 12
9 35
10 32
11 33
12 0
13 23
14 3
15 20
16 34
17 39
18 29
19 11
20 18
21 16
22 21
23 15
24 19
25 4
26 38
27 27
28 13
29 28
30 17
31 22
32 24
33 7
34 8
35 40
36 2
37 26
38 9
39 25
40 5
SIMILAR

33 23 17 11 13 0 36 9 39 18 25 24 28 3 34 20 32 37 6 30 5 10 8 21 40 31 14 15 38 2 19 27 1 22 12 16 35 4 26 29 7 
0 5
1 32
2 29
3 13
4 37
5 20
6 18
7 40
8 22
9 7
10 21
11 3
12 34
13 4
14 26
15 27
16 35
17 2
18 9
19 30
20 15
21 23
22 33
23 1
24 11
25 10
26 38
27 31
28 12
29 39
30 19
31 25
32 16
33 0
34 14
35 36
36 6
37 17
38 28
39 8
40 24
SIMILAR

37 32 40 27 34 28 7 24 6 17 3 20 22 16 12 13 4 30 35 21 2 11 19 25 10 1 9 18 31 0 39 5 36 33 8 14 29 38 23 26 15 
0 29
1 25
2 20
3 10
4 16
5 31
6 8
7 6
8 34
9 26
10 24
11 21
12 14
13 15
14 35
15 40
16 13
17 9
18 27
19 22
20 11
21 19
22 12
23 38
24 7
25 23
26 39
27 3
28 5
29 36
30 17
31 28
32 1
33 33
34 4
35 18
36 32
37 0
38 37
39 30
40 2
SIMILAR

5 25 22 32 1 35 30 26 16 13 9 29 17 39 27 15 21 8 4 40 33 23 0 18 2 34 7 31 37 12 3 10 24 28 20 6 11 19 36 14 38 
0 22
1 4
2 24
3 30
4 18
5 0
6 35
7 26
8 17
9 10
10 31
11 36
12 29
13 9
14 39
15 15
16 8
17 12
18 23
19 37
20 34
21 16
22 2
23 21
24 32
25 1
26 7
27 14
28 33
29 11
30 6
31 27
32 3
33 20
34 25
35 5
36 38
37 28
38 40
39 13
40 19
SIMILAR

8 2 12 34 36 20 11 31 9 26 39 30 4 6 28 23 3 1 22 15 40 25 17 32 14 13 35 27 0 5 24 37 33 19 38 21 10 29 16 18 7 
0 28
1 17
2 1
3 16
4 12
5 29
6 13
7 40
8 0
9 8
10 36
11 6
12 2
13 25
14 24
15 19
16 38
17 22
18 39
19 33
20 5
21 35
22 18
23 15
24 30
25 21
26 9
27 27
28 14
29 37
30 11
31 7
32 23
33 32
34 3
35 26
36 4
37 31
38 34
39 10
40 20
SIMILAR

1 24 9 36 17 27 10 28 37 14 2 38 11 39 22 26 31 32 35 30 29 34 6 7 18 21 5 15 8 0 19 16 12 23 33 25 20 3 40 13 4 
0 29
1 0
2 10
3 37
4 40
5 26
6 22
7 23
8 28
9 2
10 6
11 12
12 32
13 39
14 9
15 27
16 31
17 4
18 24
19 30
20 36
21 25
22 14
23 33
24 1
25 35
26 15
27 5
28 7
29 20
30 19
31 16
32 17
33 34
34 21
35 18
36 3
37 8
38 11
39 13
40 38
SIMILAR

29 31 27 0 4 23 6 14 38 18 1 35 22 19 11 17 13 20 32 34 28 21 7 26 12 39 2 9 25 5 24 15 8 36 30 16 10 40 33 3 37 
0 3
1 10
2 26
3 39
4 4
5 29
6 6
7 22
8 32
9 27
10 36
11 14
12 24
13 16
14 7
15 31
16 35
17 15
18 9
19 13
20 17
21 21
22 12
23 5
24 30
25 28
26 23
27 2
28 20
29 0
30 34
31 1
32 18
33 38
34 19
35 11
36 33
37 40
38 8
39 25
40 37
SIMILAR

20 32 16 13 8 11 0 23 2 38 24 31 9 28 7 19 27 33 5 18 14 17 3 4 40 36 10 29 12 1 21 25 26 39 6 30 15 22 34 35 37 
0 6
1 29
2 8
3 22
4 23
5 18
6 34
7 14
8 4
9 12
10 26
11 5
12 28
13 3
14 20
15 36
16 2
17 21
18 19
19 15
20 0
21 30
22 37
23 7
24 10
25 31
26 32
27 16
28 13
29 27
30 35
31 11
32 1
33 17
34 38
35 39
36 25
37 40
38 9
39 33
40 24
SIMILAR

3 39 17 19 11 14 22 5 15 26 21 25 35 36 20 2 27 6 0 9 23 7 31 16 33 8 1 10 37 29 28 38 13 34 32 12 40 4 24 30 18 
0 18
1 26
2 15
3 0
4 37
5 7
6 17
7 21
8 25
9 19
10 27
11 4
12 35
13 32
14 5
15 8
16 23
17 2
18 40
19 3
20 14
21 10
22 6
23 20
24 38
25 11
26 9
27 16
28 30
29 29
30 39
31 22
32 34
33 24
34 33
35 12
36 13
37 28
38 31
39 1
40 36
SIMILAR

25 30 20 22 10 37 39 33 31 9 35 36 12 40 23 15 26 38 7 32 16 27 21 17 2 28 6 29 34 3 0 13 19 1 18 5 24 8 14 11 4 
0 30
1 33
2 24
3 29
4 40
5 35
6 26
7 18
8 37
9 9
10 4
11 39
12 12
13 31
14 38
15 15
16 20
17 23
18 34
19 32
20 2
21 22
22 3
23 14
24 36
25 0
26 16
27 21
28 25
29 27
30 1
31 8
32 19
33 7
34 28
35 10
36 11
37 5
38 17
39 6
40 13
SIMILAR

37 11 21 36 0 25 33 18 34 24 29 23 32 5 15 7 31 39 22 10 6 30 19 1 20 8 9 12 28 27 17 38 2 13 26 40 4 14 16 3 35 
0 4
1 23
2 32
3 39
4 36
5 13
6 20
7 15
8 25
9 26
10 19
11 1
12 27
13 33
14 37
15 14
16 38
17 30
18 7
19 22
20 24
21 2
22 18
23 11
24 9
25 5
26 34
27 29
28 28
29 10
30 21
31 16
32 12
33 6
34 8
35 40
36 3
37 0
38 31
39 17
40 35
SIMILAR

38 20 3 31 18 25 6 22 26 17 5 11 40 16 7 14 35 19 1 10 9 39 2 27 8 28 0 13 23 12 24 33 21 32 29 34 36 30 15 4 37 
0 26
1 18
2 22
3 2
4 39
5 10
6 6
7 14
8 24
9 20
10 19
11 11
12 29
13 27
14 15
15 38
16 13
17 9
18 4
19 17
20 1
21 32
22 7
23 28
24 30
25 5
26 8
27 23
28 25
29 34
30 37
31 3
32 33
33 31
34 35
35 16
36 36
37 40
38 0
39 21
40 12
SIMILAR

11 4 29 0 33 3 8 19 26 1 24 10 2 13 35 32 28 31 7 20 6 16 39 18 38 27 21 5 40 36 14 23 15 37 17 30 22 9 25 34 12 
0 3
1 9
2 12
3 5
4 1
5 27
6 20
7 18
8 6
9 37
10 11
11 0
12 40
13 13
14 30
15 32
16 21
17 34
18 23
19 7
20 19
21 26
22 36
23 31
24 10
25 38
26 8
27 25
28 16
29 2
30 35
31 17
32 15
33 4
34 39
35 14
36 29
37 33
38 24
39 22
40 28
SIMILAR

15 39 36 11 10 33 26 17 32 27 19 40 1 18 7 4 14 34 24 31 30 5 9 16 3 12 21 38 37 35 22 25 8 23 28 2 0 13 6 20 29 
0 36
1 12
2 35
3 24
4 15
5 21
6 38
7 14
8 32
9 22
10 4
11 3
12 25
13 37
14 16
15 0
16 23
17 7
18 13
19 10
20 39
21 26
22 30
23 33
24 18
25 31
26 6
27 9
28 34
29 40
30 20
31 19
32 8
33 5
34 17
35 29
36 2
37 28
38 27
39 1
40 11
SIMILAR
100 0
6600 0
376600 0
