74
0 1 1 0 0 1 0 1 0 0 0 0 1 1 1 0 1 0 1 0 1 1 0 0 0 1 0 0 0 1 0 0 1 1 0 0 0 0 0 0 1 1 0 0 0 0 0 0 1 1 1 1 1 1 1 0 0 0 0 1 1 1 0 1 0 0 0 0 1 0 0 1 0 0 
1 0 0 0 0 0 1 0 1 1 1 1 1 0 1 1 0 0 1 1 0 1 1 0 0 0 1 0 0 0 1 1 0 1 0 1 0 0 1 0 0 1 0 1 1 1 1 0 1 1 0 0 0 1 1 1 1 1 0 0 0 1 0 0 0 1 1 0 0 1 1 1 1 1 
1 0 0 0 1 0 0 0 1 1 0 1 0 0 0 1 1 0 0 0 0 1 1 1 0 0 0 1 0 1 1 1 1 0 1 0 1 0 0 0 0 0 1 1 0 0 1 1 0 0 0 1 1 0 1 0 1 0 0 1 1 0 1 0 0 1 0 0 0 0 1 0 0 1 
0 0 0 0 0 1 1 1 0 0 0 0 1 0 1 1 0 0 1 1 0 1 0 1 0 0 0 1 1 0 1 1 0 0 1 0 0 1 1 0 0 1 0 1 1 0 1 0 1 0 1 0 0 0 1 1 0 0 0 0 1 1 0 1 0 1 0 1 1 0 0 1 0 0 
0 0 1 0 0 0 0 0 1 0 1 0 0 1 1 0 1 0 0 0 0 0 1 1 1 0 0 1 1 0 1 1 1 1 0 1 1 1 0 0 0 1 0 1 0 1 0 0 0 1 0 1 1 0 0 0 1 0 1 0 1 0 1 1 0 0 0 1 1 0 0 0 1 1 
1 0 0 1 0 0 1 1 1 1 1 0 1 1 1 1 0 0 1 1 0 0 1 0 0 1 1 1 1 0 0 0 0 0 1 0 0 0 1 0 0 1 1 1 0 0 1 1 0 0 1 1 0 0 0 0 1 1 1 1 0 0 0 1 0 0 1 0 1 1 1 0 0 0 
0 1 0 1 0 1 0 1 0 1 1 0 0 1 0 1 0 0 0 1 0 1 1 0 0 1 0 0 1 0 0 1 1 0 1 1 1 1 0 1 1 0 0 1 1 1 0 1 0 1 0 1 1 1 1 0 0 0 1 1 1 0 1 0 1 1 1 1 1 0 1 1 0 1 
1 0 0 1 0 1 1 0 1 1 0 1 1 1 1 1 0 0 0 0 1 1 1 1 1 0 0 1 1 1 1 0 0 1 0 1 1 0 1 1 1 0 1 0 1 0 1 0 1 0 1 1 1 1 1 1 0 0 0 1 0 0 1 1 1 1 0 1 0 1 0 1 0 0 
0 1 1 0 1 1 0 1 0 0 0 0 0 1 0 0 0 1 1 1 0 0 1 0 1 0 1 0 1 1 0 0 1 0 0 1 0 0 1 1 1 0 1 1 0 0 1 1 1 1 1 0 0 1 1 1 1 1 1 1 0 0 1 0 0 1 1 0 1 0 0 0 1 1 
0 1 1 0 0 1 1 1 0 0 0 0 0 1 0 0 1 1 0 0 1 1 0 0 1 1 0 0 1 1 0 0 0 0 1 1 0 1 0 0 0 1 0 0 0 0 0 0 1 0 1 1 1 0 0 1 0 1 1 1 1 1 1 0 0 0 1 0 0 1 0 0 1 1 
0 1 0 0 1 1 1 0 0 0 0 0 0 1 1 1 1 1 1 1 0 0 0 0 1 1 0 1 0 0 1 0 0 1 1 0 1 0 0 0 0 1 0 0 0 1 0 0 0 1 0 0 0 0 1 0 1 0 0 1 1 1 0 0 1 1 1 1 0 0 0 1 1 0 
0 1 1 0 0 0 0 1 0 0 0 0 1 1 0 1 0 0 0 1 0 1 1 1 1 1 0 1 0 0 0 0 1 1 1 1 0 1 0 0 0 1 0 0 1 1 1 0 0 1 1 1 0 0 0 0 1 1 1 1 1 1 0 1 0 0 1 0 0 1 1 1 1 0 
1 1 0 1 0 1 0 1 0 0 0 1 0 0 0 0 1 1 0 1 0 0 1 0 1 1 1 0 0 0 0 1 1 1 1 1 1 0 0 0 0 1 1 0 0 0 1 0 1 0 1 1 1 0 1 1 1 0 0 0 0 0 1 1 1 1 0 1 1 0 1 1 1 0 
1 0 0 0 1 1 1 1 1 1 1 1 0 0 0 1 1 0 0 0 0 0 1 0 0 0 1 0 0 1 0 0 1 0 1 0 0 0 1 1 0 0 0 1 1 0 0 0 1 1 1 0 1 1 1 0 1 1 1 0 0 1 1 1 1 1 0 0 1 0 1 1 0 0 
1 1 0 1 1 1 0 1 0 0 1 0 0 0 0 0 1 0 0 1 1 0 1 0 0 1 1 0 1 1 0 0 0 0 0 1 0 0 0 1 0 0 1 1 0 1 0 1 1 1 0 1 0 0 0 0 0 1 0 0 0 0 0 0 0 1 0 0 1 0 1 0 1 0 
0 1 1 1 0 1 1 1 0 0 1 1 0 1 0 0 0 0 1 0 0 1 0 0 0 0 0 1 0 0 1 0 1 1 0 1 1 0 0 0 1 0 0 1 1 0 0 1 1 1 1 0 0 1 1 0 0 0 0 1 1 0 0 1 0 1 1 0 0 1 1 0 1 1 
1 0 1 0 1 0 0 0 0 1 1 0 1 1 1 0 0 1 1 1 0 1 0 0 0 0 1 1 0 1 1 0 1 0 0 0 1 0 1 1 1 1 0 0 1 0 0 1 0 1 1 0 0 1 1 0 1 0 1 1 0 1 0 1 1 0 1 1 1 1 1 1 0 0 
0 0 0 0 0 0 0 0 1 1 1 0 1 0 0 0 1 0 1 0 1 0 1 0 1 0 1 1 0 1 1 0 0 1 1 1 0 1 1 1 0 0 0 1 0 0 0 0 0 0 0 0 1 1 1 0 0 0 0 0 1 1 1 0 1 0 0 0 1 1 0 0 1 0 
1 1 0 1 0 1 0 0 1 0 1 0 0 0 0 1 1 1 0 0 1 0 0 1 1 1 0 1 1 1 0 1 0 0 0 0 0 0 0 0 1 0 1 0 1 1 0 0 0 0 1 1 0 1 1 0 0 0 0 0 1 1 0 1 1 1 0 0 0 1 1 1 1 1 
0 1 0 1 0 1 1 0 1 0 1 1 1 0 1 0 1 0 0 0 0 0 1 1 1 1 1 1 1 0 1 1 0 0 1 0 0 1 0 1 1 0 1 1 0 0 1 1 0 1 0 1 0 1 0 1 1 1 0 1 0 1 0 1 0 1 0 1 1 0 0 1 0 0 
1 0 0 0 0 0 0 1 0 1 0 0 0 0 1 0 0 1 1 0 0 1 1 1 1 0 0 0 1 0 0 1 1 1 1 1 0 1 1 1 1 0 0 1 0 0 1 1 0 0 0 0 0 0 0 1 0 1 0 0 0 0 0 1 1 1 1 1 0 0 1 0 1 0 
1 1 1 1 0 0 1 1 0 1 0 1 0 0 0 1 1 0 0 0 1 0 1 0 1 1 0 1 1 0 1 0 0 0 0 0 1 1 1 0 1 0 0 0 1 1 1 0 0 1 1 0 1 0 0 0 1 0 1 1 0 1 0 0 1 1 1 1 0 0 0 1 1 0 
0 1 1 0 1 1 1 1 1 0 0 1 1 1 1 0 0 1 0 1 1 1 0 0 1 1 0 1 1 0 0 1 1 1 1 1 1 1 1 1 1 0 1 1 1 1 1 0 0 1 0 0 0 1 0 0 1 0 0 0 0 0 1 0 1 1 1 1 0 0 0 0 1 1 
0 0 1 1 1 0 0 1 0 0 0 1 0 0 0 0 0 0 1 1 1 0 0 0 0 0 0 1 0 0 1 0 1 0 0 1 0 0 0 0 0 1 1 1 0 1 0 1 1 0 0 0 0 0 1 1 1 1 1 0 1 1 0 1 1 1 1 0 1 0 1 0 1 0 
0 0 0 0 1 0 0 1 1 1 1 1 1 0 0 0 0 1 1 1 1 1 1 0 0 1 0 0 0 0 1 1 1 0 1 1 0 0 0 0 0 0 1 0 1 0 0 1 1 1 0 1 0 1 0 0 1 0 0 1 1 0 1 1 1 0 0 1 1 1 0 0 0 0 
1 0 0 0 0 1 1 0 0 1 1 1 1 0 1 0 0 0 1 1 0 1 1 0 1 0 1 1 1 0 1 1 1 1 0 0 1 1 0 0 0 0 1 1 1 0 0 0 0 0 0 0 1 0 1 1 0 1 1 0 1 1 0 0 1 1 0 0 1 0 0 1 1 1 
0 1 0 0 0 1 0 0 1 0 0 0 1 1 1 0 1 1 0 1 0 0 0 0 0 1 0 0 1 1 1 1 0 1 0 1 0 0 1 1 0 0 1 0 0 1 1 0 1 0 1 1 1 0 1 0 0 0 1 0 1 1 1 0 0 0 1 1 1 0 0 0 0 0 
0 0 1 1 1 1 0 1 0 0 1 1 0 0 0 1 1 1 1 1 0 1 1 1 0 1 0 0 0 1 1 0 1 0 0 1 1 1 1 0 1 0 0 0 0 0 0 1 0 0 0 0 1 1 1 0 1 0 1 0 0 1 0 1 0 0 0 0 1 0 1 0 0 1 
0 0 0 1 1 1 1 1 1 1 0 0 0 0 1 0 0 0 1 1 1 1 1 0 0 1 1 0 0 0 1 0 0 0 1 1 1 1 1 0 0 1 1 1 1 0 0 1 0 0 0 0 1 1 0 1 1 1 1 0 1 1 0 1 0 1 0 0 0 0 1 1 1 1 
1 0 1 0 0 0 0 1 1 1 0 0 0 1 1 0 1 1 1 0 0 0 0 0 0 0 1 1 0 0 1 0 1 0 0 0 1 0 1 1 1 0 1 1 1 1 1 1 1 0 0 1 1 1 1 1 1 1 0 1 0 1 0 1 1 0 1 0 0 1 0 1 0 1 
0 1 1 1 1 0 0 1 0 0 1 0 0 0 0 1 1 1 0 1 0 1 0 1 1 1 1 1 1 1 0 1 1 1 1 1 1 1 0 1 0 0 1 0 0 1 1 1 1 0 1 1 0 1 1 1 1 0 1 0 0 0 0 0 1 0 1 1 1 1 1 0 0 0 
0 1 1 1 1 0 1 0 0 0 0 0 1 0 0 0 0 0 1 1 1 0 1 0 1 1 1 0 0 0 1 0 1 1 0 0 1 0 0 1 1 0 1 0 0 1 0 1 1 0 1 0 0 0 1 1 0 1 0 0 0 0 0 0 0 1 1 0 0 1 0 0 0 1 
1 0 1 0 1 0 1 0 1 0 0 1 1 1 0 1 1 0 0 0 1 0 1 1 1 1 0 1 0 1 1 1 0 1 0 1 0 1 0 1 0 1 0 1 1 1 1 0 0 0 0 0 1 0 0 0 0 1 1 1 0 1 1 0 1 1 0 1 0 1 1 1 0 0 
1 1 0 0 1 0 0 1 0 0 1 1 1 0 0 1 0 1 0 0 1 0 1 0 0 1 1 0 0 0 1 1 1 0 1 1 0 1 0 1 0 1 0 1 1 0 0 1 0 1 1 0 0 0 1 1 1 0 0 1 0 1 0 1 1 1 1 1 0 1 0 1 0 1 
0 0 1 1 0 1 1 0 0 1 1 1 1 1 0 0 0 1 0 1 1 0 1 0 1 0 0 0 1 0 1 0 0 1 0 1 0 1 1 1 0 0 1 0 0 0 0 1 1 1 1 0 0 0 1 0 0 0 1 0 0 0 1 0 0 1 0 1 0 0 0 0 1 1 
0 1 0 0 1 0 1 1 1 1 0 1 1 0 1 1 0 1 0 0 1 0 1 1 1 0 1 1 1 0 1 0 1 1 1 0 0 0 1 1 0 0 0 1 1 0 1 1 0 0 0 1 1 0 0 0 0 1 0 1 1 0 0 0 1 0 0 1 0 1 1 1 1 1 
0 0 1 0 1 0 1 1 0 0 1 0 1 0 0 1 1 0 0 0 0 1 1 0 0 1 0 1 1 1 1 1 0 0 0 0 0 1 0 1 0 0 0 1 1 1 0 1 0 1 0 0 0 0 0 0 0 1 1 1 1 1 0 1 1 0 0 1 1 0 0 0 0 0 
0 0 0 1 1 0 1 0 0 1 0 1 0 0 0 0 0 1 0 1 1 1 1 0 0 1 0 1 1 0 1 0 1 1 1 0 1 0 0 1 0 1 1 1 0 1 0 1 1 0 0 1 1 0 0 1 0 0 1 1 0 0 1 1 1 1 0 1 0 0 0 1 0 0 
0 1 0 1 0 1 0 1 1 0 0 0 0 1 0 0 1 1 0 0 1 1 1 0 0 0 1 1 1 1 0 0 0 0 1 1 0 0 0 1 1 1 1 1 0 1 0 0 1 1 0 0 0 1 1 1 0 0 0 1 0 0 0 1 0 0 1 0 1 0 1 1 0 1 
0 0 0 0 0 0 1 1 1 0 0 0 0 1 1 0 1 1 0 1 1 0 1 0 0 0 1 0 0 1 1 1 1 1 1 1 1 1 1 0 0 0 0 1 0 0 0 0 1 1 1 0 0 0 1 1 0 1 0 1 1 1 1 0 0 0 1 0 1 1 0 0 0 0 
1 0 0 0 0 0 1 1 1 0 0 0 0 0 0 1 1 0 1 1 1 1 1 0 0 0 0 1 0 1 0 1 0 0 0 0 0 0 1 0 0 1 0 0 0 0 0 0 0 0 0 0 0 0 0 1 1 0 1 1 0 0 0 0 0 0 0 0 1 1 0 1 0 0 
1 1 0 1 1 1 0 0 0 1 1 1 1 0 0 0 1 0 0 0 0 0 0 1 0 0 0 0 1 0 0 0 1 1 0 0 0 1 1 0 1 0 0 1 0 0 1 0 0 1 1 1 0 0 1 0 1 1 1 0 0 0 0 1 1 1 1 1 0 0 0 0 1 0 
0 0 1 0 0 1 0 1 1 0 0 0 1 0 1 0 0 0 1 1 0 0 1 1 1 1 1 0 1 1 1 1 0 0 1 0 0 1 1 0 0 0 0 1 1 0 0 0 0 1 1 1 1 0 1 1 0 0 1 1 0 0 0 0 0 1 1 0 1 1 1 0 1 0 
0 1 1 1 1 1 1 0 1 0 0 0 0 1 1 1 0 1 0 1 1 0 1 1 0 1 0 0 1 1 0 0 1 1 0 1 1 1 1 1 0 1 1 0 0 0 0 0 0 0 1 0 1 1 0 0 1 1 0 0 1 0 1 0 1 0 0 1 1 0 0 0 0 1 
0 1 0 1 0 0 1 1 0 0 0 1 0 1 0 1 1 0 1 0 0 1 1 0 1 1 0 0 1 1 0 0 1 1 0 1 1 0 0 0 0 0 1 0 0 0 0 1 0 0 1 1 1 1 1 0 0 0 1 1 1 0 0 0 0 1 0 1 1 0 0 1 1 1 
0 1 0 0 1 0 1 0 0 0 1 1 0 0 1 0 0 0 1 0 0 1 1 1 0 0 1 0 0 1 1 1 1 0 0 0 1 1 1 0 0 0 0 0 0 0 1 0 0 1 1 1 0 1 1 1 0 1 0 1 1 0 1 1 0 1 1 0 0 0 0 0 1 1 
0 1 1 1 0 1 0 1 1 0 0 1 1 0 0 0 0 0 0 1 1 1 1 0 0 0 1 0 0 1 1 0 1 0 0 1 0 0 0 0 0 1 0 0 0 1 0 0 0 0 1 0 1 1 1 0 0 1 0 0 0 1 0 1 0 1 0 0 1 1 0 1 0 0 
0 0 1 0 0 1 1 0 1 0 0 0 0 0 1 1 1 0 0 1 1 0 0 1 1 0 0 1 1 1 1 1 0 1 1 1 1 1 0 0 0 0 0 0 1 0 0 0 1 0 0 1 1 1 0 0 0 0 1 0 0 0 1 1 1 1 1 1 1 0 0 0 0 0 
1 1 0 1 0 0 0 1 1 1 0 0 1 1 1 1 0 0 0 0 0 0 0 1 1 0 1 0 0 1 1 1 0 0 1 0 0 1 1 1 0 0 0 0 0 0 0 1 0 1 0 1 1 1 1 0 0 0 0 1 0 0 0 0 0 1 1 1 1 0 0 0 0 0 
1 1 0 0 1 0 1 0 1 0 1 1 0 1 1 1 1 0 0 1 0 1 1 0 1 0 0 0 0 0 0 0 0 1 1 0 1 0 1 1 0 1 1 0 0 1 0 0 1 0 0 1 1 0 0 0 1 1 1 1 1 1 0 1 1 0 0 0 0 1 0 1 0 1 
1 0 0 1 0 1 0 1 1 1 0 1 1 1 0 1 1 0 1 0 0 1 0 0 0 0 1 0 0 0 1 1 0 1 1 0 0 0 0 1 0 1 1 1 1 1 1 0 0 0 0 0 1 1 1 1 1 1 1 1 0 1 0 0 1 1 0 0 0 0 1 0 0 1 
1 0 1 0 1 1 1 1 0 1 0 1 1 0 1 0 0 0 1 1 0 0 0 0 1 0 1 0 0 1 1 0 0 0 0 1 0 1 0 0 0 1 1 0 1 1 0 1 1 1 0 0 0 0 1 1 1 1 1 0 1 1 1 1 0 1 0 0 1 0 1 1 1 0 
1 0 1 0 1 0 1 1 0 1 0 0 1 1 0 0 0 1 0 0 0 1 0 0 0 1 1 1 1 1 0 0 1 0 0 1 0 1 0 0 0 0 1 1 1 0 1 1 1 1 1 0 0 1 1 1 1 1 1 0 0 1 0 1 1 1 0 1 1 1 0 1 0 1 
1 1 0 0 0 0 1 1 1 0 0 0 0 1 0 1 1 1 1 1 0 0 1 0 1 0 0 1 1 1 1 0 0 0 0 0 0 0 1 0 0 0 0 1 1 1 1 1 1 0 1 0 1 0 0 0 1 0 1 0 1 1 1 0 0 1 1 0 0 0 0 0 1 1 
1 1 1 1 0 0 1 1 1 0 1 0 1 1 0 1 1 1 1 0 0 0 0 1 0 1 1 1 0 1 1 1 0 1 1 0 0 0 1 1 0 1 1 0 1 1 1 0 1 0 1 1 1 0 0 1 1 1 0 0 0 1 1 1 0 1 0 1 0 1 1 0 0 0 
0 1 0 1 0 0 0 1 1 1 0 0 1 0 0 0 0 0 0 1 1 0 0 1 0 1 0 0 1 1 1 1 0 1 0 0 0 1 1 1 1 0 1 0 0 1 0 0 0 0 1 1 1 0 1 0 1 1 1 1 0 1 1 1 1 1 0 0 0 0 0 0 1 1 
0 1 1 0 1 1 0 0 1 0 1 1 1 1 0 0 1 0 0 1 0 1 1 1 1 0 0 1 1 1 1 0 0 1 0 0 0 0 0 0 1 1 0 1 0 0 0 0 0 1 1 1 1 1 1 1 0 1 0 1 0 1 0 0 0 1 0 1 0 1 1 0 1 0 
0 1 0 0 0 1 0 0 1 1 0 1 0 1 1 0 0 0 0 1 1 0 0 1 0 1 0 0 1 1 0 1 1 0 0 1 1 0 0 1 0 1 0 1 0 1 1 0 0 1 1 1 1 0 1 1 1 0 1 1 0 0 1 1 1 1 0 0 1 1 0 1 1 0 
0 0 0 0 1 1 1 0 1 1 0 1 0 1 0 0 1 0 0 0 0 1 0 1 0 1 1 1 1 0 1 0 1 0 1 0 1 1 0 0 1 1 1 0 1 0 0 1 0 1 1 1 1 1 0 1 0 1 0 0 1 1 1 0 1 1 1 0 0 1 0 0 0 1 
1 0 1 0 0 1 1 1 1 1 1 1 0 0 0 1 1 0 0 1 0 1 0 0 1 0 0 0 0 1 0 0 1 1 0 1 1 1 1 1 1 0 1 0 1 1 0 0 1 1 1 0 0 0 0 1 1 1 0 0 0 1 1 0 1 1 0 1 0 0 1 1 0 1 
1 0 1 1 1 0 1 0 0 1 1 1 0 0 0 1 0 1 1 0 0 0 0 1 1 1 1 0 1 0 0 0 0 0 0 1 1 0 0 1 0 0 0 1 1 1 0 0 0 1 0 1 0 1 0 0 0 0 1 0 0 1 1 0 1 0 1 0 0 1 1 1 0 0 
1 1 0 1 0 0 0 0 0 1 1 1 0 1 0 0 1 1 1 1 0 1 0 1 0 1 1 1 1 1 0 0 1 1 0 0 1 0 0 1 0 0 0 0 0 0 1 0 0 1 1 1 1 1 1 1 1 0 1 1 1 0 1 1 1 0 1 1 1 0 1 1 1 1 
0 0 1 0 1 0 1 1 1 1 0 0 1 1 0 0 0 1 0 0 0 0 1 0 1 0 1 0 0 0 0 0 1 0 1 0 0 1 0 1 0 0 0 1 0 1 0 1 0 0 0 1 0 1 1 1 0 1 1 1 1 1 0 1 0 1 1 1 1 1 0 0 0 0 
1 0 0 1 1 1 0 1 0 0 0 1 1 1 0 1 1 0 1 1 1 0 0 1 1 0 0 1 1 1 0 0 0 1 0 0 1 1 1 0 0 1 0 0 0 1 1 1 0 1 0 1 1 0 1 1 0 1 0 0 0 1 1 0 0 0 1 0 0 1 0 0 1 1 
0 0 0 0 0 0 1 1 0 0 1 0 1 1 0 0 1 1 1 0 1 1 1 1 1 1 0 0 0 1 1 0 1 1 0 1 1 1 0 0 0 1 0 1 0 0 0 1 0 1 1 0 1 0 0 1 0 1 1 1 1 1 0 0 0 0 0 1 0 1 1 1 1 1 
0 1 1 1 0 0 1 1 1 0 1 0 1 1 1 1 0 0 1 1 1 1 1 1 0 1 0 0 1 0 0 1 1 1 1 0 0 1 0 0 0 1 1 0 1 1 1 1 1 0 1 1 1 1 1 1 1 1 1 1 0 0 1 0 0 0 0 0 0 1 0 1 1 1 
0 1 0 0 0 1 1 0 1 1 1 1 0 0 0 1 1 0 0 0 1 1 1 1 0 0 1 0 0 1 1 1 0 1 0 0 0 0 1 1 0 1 1 0 0 1 0 1 1 0 0 0 0 1 0 0 0 0 1 0 1 1 1 1 0 0 0 0 0 0 0 1 0 0 
0 0 0 1 1 0 1 1 0 0 1 0 1 0 0 0 1 0 0 1 1 1 1 0 1 0 1 0 0 0 1 0 1 1 1 1 1 1 0 0 0 1 0 1 1 0 0 1 1 0 0 0 1 0 1 0 1 0 0 1 0 1 1 0 1 0 0 0 1 1 1 1 0 1 
1 0 0 1 1 1 1 0 1 0 0 0 1 1 1 0 1 1 0 1 0 0 0 1 1 1 1 1 0 0 1 0 0 0 0 0 1 0 1 1 1 0 1 1 1 0 1 1 1 0 0 1 1 0 0 0 0 1 0 0 0 1 1 0 0 0 0 1 0 1 1 0 1 0 
0 1 0 0 0 1 0 1 0 1 0 1 0 0 0 1 1 1 1 0 0 0 0 0 1 0 0 0 0 1 1 1 1 1 0 1 0 0 0 1 1 0 1 0 0 0 1 0 0 1 0 0 1 0 1 0 1 1 1 0 1 0 1 1 1 1 0 1 1 0 0 0 0 0 
0 1 1 0 0 1 1 0 0 0 0 1 1 1 1 1 1 0 1 0 1 0 0 1 0 0 0 1 1 0 1 0 1 0 0 1 0 0 1 0 0 0 1 0 0 0 0 0 0 0 1 1 0 0 1 0 1 0 0 1 1 1 0 0 1 0 0 1 1 0 0 0 0 1 
1 1 0 1 0 0 1 1 0 0 1 1 1 1 0 0 1 0 1 1 0 1 0 0 0 1 0 0 1 1 0 0 1 1 0 1 0 1 1 0 1 0 0 0 1 0 1 0 0 1 0 1 1 0 0 0 0 1 0 1 1 1 0 0 1 1 1 1 0 0 0 0 0 1 
0 1 0 0 1 0 0 0 1 1 1 1 1 0 1 1 0 1 1 0 1 1 1 1 0 1 0 0 1 0 0 0 0 0 1 1 0 0 0 0 0 1 1 0 1 1 0 0 0 0 0 1 0 1 0 1 1 1 0 0 0 1 0 1 1 1 0 0 1 0 0 0 0 1 
0 1 1 0 1 0 1 0 1 1 0 0 0 0 0 1 0 0 1 0 0 0 1 0 0 1 0 1 1 1 0 1 0 1 1 1 0 0 1 0 0 0 0 1 1 1 0 0 0 1 1 0 1 1 0 1 0 0 1 1 0 1 0 1 1 1 0 1 0 0 1 1 1 0 

3 8 67 1 40 52 51 11 17 5 42 68 46 6 4 26 60 61 7 49 73 32 16 31 23 63 0 45 62 22 28 54 53 65 44 2 70 29 43 14 12 20 15 38 35 13 36 25 69 72 10 41 55 71 39 30 33 21 27 37 19 59 47 9 18 24 64 57 66 58 56 50 48 34 
0 26
1 3
2 35
3 0
4 14
5 9
6 13
7 18
8 1
9 63
10 50
11 7
12 40
13 45
14 39
15 42
16 22
17 8
18 64
19 60
20 41
21 57
22 29
23 24
24 65
25 47
26 15
27 58
28 30
29 37
30 55
31 23
32 21
33 56
34 73
35 44
36 46
37 59
38 43
39 54
40 4
41 51
42 10
43 38
44 34
45 27
46 12
47 62
48 72
49 19
50 71
51 6
52 5
53 32
54 31
55 52
56 70
57 67
58 69
59 61
60 16
61 17
62 28
63 25
64 66
65 33
66 68
67 2
68 11
69 48
70 36
71 53
72 49
73 20
SIMILAR

53 4 23 46 36 58 0 55 5 13 69 24 21 39 45 12 66 18 62 30 25 17 20 50 27 34 51 31 7 63 54 35 47 9 49 67 48 22 26 14 70 29 1 3 73 65 64 6 52 19 61 68 72 40 43 71 60 32 44 10 8 41 59 33 11 2 16 42 56 57 15 38 37 28 
0 6
1 42
2 65
3 43
4 1
5 8
6 47
7 28
8 60
9 33
10 59
11 64
12 15
13 9
14 39
15 70
16 66
17 21
18 17
19 49
20 22
21 12
22 37
23 2
24 11
25 20
26 38
27 24
28 73
29 41
30 19
31 27
32 57
33 63
34 25
35 31
36 4
37 72
38 71
39 13
40 53
41 61
42 67
43 54
44 58
45 14
46 3
47 32
48 36
49 34
50 23
51 26
52 48
53 0
54 30
55 7
56 68
57 69
58 5
59 62
60 56
61 50
62 18
63 29
64 46
65 45
66 16
67 35
68 51
69 10
70 40
71 55
72 52
73 44
SIMILAR

1 37 28 15 46 13 40 61 62 27 5 14 7 3 32 18 49 57 10 43 65 39 52 24 33 30 25 42 29 36 16 12 51 22 54 68 19 47 4 0 56 70 44 53 38 69 48 8 11 31 21 73 50 2 55 26 72 41 23 20 60 66 67 35 58 17 71 34 64 45 63 59 9 6 
0 39
1 0
2 53
3 13
4 38
5 10
6 73
7 12
8 47
9 72
10 18
11 48
12 31
13 5
14 11
15 3
16 30
17 65
18 15
19 36
20 59
21 50
22 33
23 58
24 23
25 26
26 55
27 9
28 2
29 28
30 25
31 49
32 14
33 24
34 67
35 63
36 29
37 1
38 44
39 21
40 6
41 57
42 27
43 19
44 42
45 69
46 4
47 37
48 46
49 16
50 52
51 32
52 22
53 43
54 34
55 54
56 40
57 17
58 64
59 71
60 60
61 7
62 8
63 70
64 68
65 20
66 61
67 62
68 35
69 45
70 41
71 66
72 56
73 51
SIMILAR

62 2 8 36 29 41 27 17 69 39 10 57 60 33 52 23 73 16 26 66 19 49 61 1 14 7 20 64 5 6 46 40 67 53 51 12 63 32 31 68 44 30 71 55 34 18 25 28 13 37 42 70 58 0 65 59 22 35 47 15 43 9 50 3 48 4 45 11 38 24 72 21 56 54 
0 53
1 23
2 1
3 63
4 65
5 28
6 29
7 25
8 2
9 61
10 10
11 67
12 35
13 48
14 24
15 59
16 17
17 7
18 45
19 20
20 26
21 71
22 56
23 15
24 69
25 46
26 18
27 6
28 47
29 4
30 41
31 38
32 37
33 13
34 44
35 57
36 3
37 49
38 68
39 9
40 31
41 5
42 50
43 60
44 40
45 66
46 30
47 58
48 64
49 21
50 62
51 34
52 14
53 33
54 73
55 43
56 72
57 11
58 52
59 55
60 12
61 22
62 0
63 36
64 27
65 54
66 19
67 32
68 39
69 8
70 51
71 42
72 70
73 16
SIMILAR

23 71 73 56 26 36 30 46 66 44 31 37 14 27 33 52 28 60 16 1 54 2 38 48 72 3 13 65 42 10 51 25 41 0 62 67 24 68 55 9 45 8 53 29 19 43 22 11 57 20 50 32 63 34 35 4 61 17 40 47 58 18 21 39 6 15 49 64 12 59 7 70 5 69 
0 33
1 19
2 21
3 25
4 55
5 72
6 64
7 70
8 41
9 39
10 29
11 47
12 68
13 26
14 12
15 65
16 18
17 57
18 61
19 44
20 49
21 62
22 46
23 0
24 36
25 31
26 4
27 13
28 16
29 43
30 6
31 10
32 51
33 14
34 53
35 54
36 5
37 11
38 22
39 63
40 58
41 32
42 28
43 45
44 9
45 40
46 7
47 59
48 23
49 66
50 50
51 30
52 15
53 42
54 20
55 38
56 3
57 48
58 60
59 69
60 17
61 56
62 34
63 52
64 67
65 27
66 8
67 35
68 37
69 73
70 71
71 1
72 24
73 2
SIMILAR

13 28 49 10 38 70 26 34 32 14 11 45 36 19 0 62 41 35 59 50 60 37 55 39 30 69 73 8 18 12 27 48 2 9 46 24 66 68 4 29 72 71 15 5 54 52 43 61 6 1 33 56 21 57 67 53 31 51 63 65 25 20 47 22 42 16 64 7 44 58 40 3 23 17 
0 14
1 49
2 32
3 71
4 38
5 43
6 48
7 67
8 27
9 33
10 3
11 10
12 29
13 0
14 9
15 42
16 65
17 73
18 28
19 13
20 61
21 52
22 63
23 72
24 35
25 60
26 6
27 30
28 1
29 39
30 24
31 56
32 8
33 50
34 7
35 17
36 12
37 21
38 4
39 23
40 70
41 16
42 64
43 46
44 68
45 11
46 34
47 62
48 31
49 2
50 19
51 57
52 45
53 55
54 44
55 22
56 51
57 53
58 69
59 18
60 20
61 47
62 15
63 58
64 66
65 59
66 36
67 54
68 37
69 25
70 5
71 41
72 40
73 26
SIMILAR

49 59 55 22 38 60 40 17 53 30 5 42 62 51 39 64 46 14 31 0 28 68 20 56 52 8 6 3 72 2 32 43 37 29 69 9 66 47 27 48 13 1 12 4 65 54 45 11 23 18 50 70 24 73 21 25 57 44 71 35 33 41 10 67 36 15 7 19 61 63 34 58 26 16 
0 19
1 41
2 29
3 27
4 43
5 10
6 26
7 66
8 25
9 35
10 62
11 47
12 42
13 40
14 17
15 65
16 73
17 7
18 49
19 67
20 22
21 54
22 3
23 48
24 52
25 55
26 72
27 38
28 20
29 33
30 9
31 18
32 30
33 60
34 70
35 59
36 64
37 32
38 4
39 14
40 6
41 61
42 11
43 31
44 57
45 46
46 16
47 37
48 39
49 0
50 50
51 13
52 24
53 8
54 45
55 2
56 23
57 56
58 71
59 1
60 5
61 68
62 12
63 69
64 15
65 44
66 36
67 63
68 21
69 34
70 51
71 58
72 28
73 53
SIMILAR

29 48 69 8 73 33 7 5 34 56 57 62 17 4 3 61 25 20 44 19 71 45 11 70 59 22 58 65 63 47 16 55 12 46 72 18 51 23 39 43 53 37 42 21 1 2 54 32 66 9 10 60 68 28 41 38 6 31 26 13 49 40 15 52 24 30 27 67 36 0 35 14 64 50 
0 69
1 44
2 45
3 14
4 13
5 7
6 56
7 6
8 3
9 49
10 50
11 22
12 32
13 59
14 71
15 62
16 30
17 12
18 35
19 19
20 17
21 43
22 25
23 37
24 64
25 16
26 58
27 66
28 53
29 0
30 65
31 57
32 47
33 5
34 8
35 70
36 68
37 41
38 55
39 38
40 61
41 54
42 42
43 39
44 18
45 21
46 33
47 29
48 1
49 60
50 73
51 36
52 63
53 40
54 46
55 31
56 9
57 10
58 26
59 24
60 51
61 15
62 11
63 28
64 72
65 27
66 48
67 67
68 52
69 2
70 23
71 20
72 34
73 4
SIMILAR

59 22 52 51 38 14 66 19 62 50 67 72 58 68 13 39 29 3 8 27 63 37 23 11 24 47 40 42 35 36 45 31 34 21 4 69 43 28 71 15 56 55 54 32 48 10 73 46 33 30 9 25 53 0 70 57 60 49 12 44 20 65 6 26 7 17 64 1 16 5 2 41 61 18 
0 53
1 67
2 70
3 17
4 34
5 69
6 62
7 64
8 18
9 50
10 45
11 23
12 58
13 14
14 5
15 39
16 68
17 65
18 73
19 7
20 60
21 33
22 1
23 22
24 24
25 51
26 63
27 19
28 37
29 16
30 49
31 31
32 43
33 48
34 32
35 28
36 29
37 21
38 4
39 15
40 26
41 71
42 27
43 36
44 59
45 30
46 47
47 25
48 44
49 57
50 9
51 3
52 2
53 52
54 42
55 41
56 40
57 55
58 12
59 0
60 56
61 72
62 8
63 20
64 66
65 61
66 6
67 10
68 13
69 35
70 54
71 38
72 11
73 46
SIMILAR

35 69 73 27 16 39 67 43 7 49 55 65 13 28 25 46 68 34 20 72 9 17 22 42 50 52 23 30 44 63 36 10 45 71 54 64 51 5 29 62 24 21 3 14 56 26 15 11 66 48 0 59 19 40 38 41 6 57 61 47 70 2 58 60 12 37 53 32 8 18 31 1 33 4 
0 50
1 71
2 61
3 42
4 73
5 37
6 56
7 8
8 68
9 20
10 31
11 47
12 64
13 12
14 43
15 46
16 4
17 21
18 69
19 52
20 18
21 41
22 22
23 26
24 40
25 14
26 45
27 3
28 13
29 38
30 27
31 70
32 67
33 72
34 17
35 0
36 30
37 65
38 54
39 5
40 53
41 55
42 23
43 7
44 28
45 32
46 15
47 59
48 49
49 9
50 24
51 36
52 25
53 66
54 34
55 10
56 44
57 57
58 62
59 51
60 63
61 58
62 39
63 29
64 35
65 11
66 48
67 6
68 16
69 1
70 60
71 33
72 19
73 2
SIMILAR
10 0
10 0
250 0
