22
0 1 0 1 0 1 0 0 0 1 1 1 1 1 0 1 0 0 0 1 0 1 
1 0 1 1 0 1 1 0 1 1 1 1 1 1 0 1 1 0 1 1 1 1 
0 1 0 1 0 1 0 1 1 0 1 0 0 0 0 1 0 1 1 0 0 1 
1 1 1 0 1 0 0 0 1 1 1 0 1 0 0 1 0 1 1 1 1 0 
0 0 0 1 0 1 1 1 0 1 0 0 1 1 0 1 0 0 0 1 1 0 
1 1 1 0 1 0 0 0 0 1 1 0 0 1 1 0 1 0 0 1 0 1 
0 1 0 0 1 0 0 1 1 0 0 0 0 0 1 0 1 1 0 0 1 1 
0 0 1 0 1 0 1 0 0 0 1 0 0 0 0 1 1 1 0 1 0 1 
0 1 1 1 0 0 1 0 0 1 1 1 1 1 0 0 0 1 1 0 1 1 
1 1 0 1 1 1 0 0 1 0 1 0 1 1 1 0 1 0 0 0 0 1 
1 1 1 1 0 1 0 1 1 1 0 0 1 0 0 0 0 1 0 1 0 0 
1 1 0 0 0 0 0 0 1 0 0 0 1 1 0 1 1 1 1 0 0 1 
1 1 0 1 1 0 0 0 1 1 1 1 0 1 1 1 1 1 1 0 0 0 
1 1 0 0 1 1 0 0 1 1 0 1 1 0 1 0 0 1 1 0 0 0 
0 0 0 0 0 1 1 0 0 1 0 0 1 1 0 0 1 1 1 0 0 0 
1 1 1 1 1 0 0 1 0 0 0 1 1 0 0 0 0 1 0 1 1 0 
0 1 0 0 0 1 1 1 0 1 0 1 1 0 1 0 0 0 1 1 1 1 
0 0 1 1 0 0 1 1 1 0 1 1 1 1 1 1 0 0 0 1 1 1 
0 1 1 1 0 0 0 0 1 0 0 1 1 1 1 0 1 0 0 1 0 1 
1 1 0 1 1 1 0 1 0 0 1 0 0 0 0 1 1 1 1 0 1 0 
0 1 0 1 1 0 1 0 1 0 0 0 0 0 0 1 1 1 0 1 0 1 
1 1 1 0 0 1 1 1 1 1 0 1 0 0 0 0 1 1 1 0 1 0 

15 14 19 10 12 3 17 8 2 16 5 13 21 0 20 11 1 7 9 6 18 4 
0 13
1 16
2 8
3 5
4 21
5 10
6 19
7 17
8 7
9 18
10 3
11 15
12 4
13 11
14 1
15 0
16 9
17 6
18 20
19 2
20 14
21 12
SIMILAR

1 7 9 3 4 14 10 18 15 2 21 6 0 19 13 20 17 11 16 5 8 12 
0 12
1 0
2 9
3 3
4 4
5 19
6 11
7 1
8 20
9 2
10 6
11 17
12 21
13 14
14 5
15 8
16 18
17 16
18 7
19 13
20 15
21 10
SIMILAR

4 7 6 21 3 20 18 16 2 10 13 15 9 17 14 1 11 12 5 19 8 0 
0 21
1 15
2 8
3 4
4 0
5 18
6 2
7 1
8 20
9 12
10 9
11 16
12 17
13 10
14 14
15 11
16 7
17 13
18 6
19 19
20 5
21 3
SIMILAR

15 8 3 12 7 17 19 6 2 11 14 5 20 21 13 0 1 16 18 4 9 10 
0 15
1 16
2 8
3 2
4 19
5 11
6 7
7 4
8 1
9 20
10 21
11 9
12 3
13 14
14 10
15 0
16 17
17 5
18 18
19 6
20 12
21 13
SIMILAR

18 12 20 5 1 7 0 21 3 14 2 4 8 13 19 10 11 6 15 9 16 17 
0 6
1 4
2 10
3 8
4 11
5 3
6 17
7 5
8 12
9 19
10 15
11 16
12 1
13 13
14 9
15 18
16 20
17 21
18 0
19 14
20 2
21 7
SIMILAR

17 6 10 16 20 5 1 21 0 11 7 14 19 8 2 13 3 9 18 15 4 12 
0 8
1 6
2 14
3 16
4 20
5 5
6 1
7 10
8 13
9 17
10 2
11 9
12 21
13 15
14 11
15 19
16 3
17 0
18 18
19 12
20 4
21 7
SIMILAR

10 13 1 18 0 19 9 20 14 4 21 17 7 12 8 5 11 6 2 3 15 16 
0 4
1 2
2 18
3 19
4 9
5 15
6 17
7 12
8 14
9 6
10 0
11 16
12 13
13 1
14 8
15 20
16 21
17 11
18 3
19 5
20 7
21 10
SIMILAR

18 11 1 14 17 0 3 10 19 7 9 20 4 21 6 13 16 8 12 15 5 2 
0 5
1 2
2 21
3 6
4 12
5 20
6 14
7 9
8 17
9 10
10 7
11 1
12 18
13 15
14 3
15 19
16 16
17 4
18 0
19 8
20 11
21 13
SIMILAR

3 14 20 16 12 1 2 7 0 8 9 5 4 13 15 10 19 21 6 11 18 17 
0 8
1 5
2 6
3 0
4 12
5 11
6 18
7 7
8 9
9 10
10 15
11 19
12 4
13 13
14 1
15 14
16 3
17 21
18 20
19 16
20 2
21 17
SIMILAR

11 20 13 16 12 21 8 5 19 1 0 14 7 9 2 3 15 6 18 17 4 10 
0 10
1 9
2 14
3 15
4 20
5 7
6 17
7 12
8 6
9 13
10 21
11 0
12 4
13 2
14 11
15 16
16 3
17 19
18 18
19 8
20 1
21 5
SIMILAR

21 14 13 12 15 6 17 10 9 1 16 20 11 0 8 5 3 4 2 18 7 19 
0 13
1 9
2 18
3 16
4 17
5 15
6 5
7 20
8 14
9 8
10 7
11 12
12 3
13 2
14 1
15 4
16 10
17 6
18 19
19 21
20 11
21 0
SIMILAR

5 15 20 7 21 14 12 1 17 13 9 0 19 2 10 8 4 3 11 16 18 6 
0 11
1 7
2 13
3 17
4 16
5 0
6 21
7 3
8 15
9 10
10 14
11 18
12 6
13 9
14 5
15 1
16 19
17 8
18 20
19 12
20 2
21 4
SIMILAR

7 21 19 2 1 0 9 15 11 12 16 13 3 20 14 18 10 6 17 8 4 5 
0 5
1 4
2 3
3 12
4 20
5 21
6 17
7 0
8 19
9 6
10 16
11 8
12 9
13 11
14 14
15 7
16 10
17 18
18 15
19 2
20 13
21 1
SIMILAR

9 19 12 7 14 16 2 10 8 6 4 13 1 0 21 15 20 18 11 3 17 5 
0 13
1 12
2 6
3 19
4 10
5 21
6 9
7 3
8 8
9 0
10 7
11 18
12 2
13 11
14 4
15 15
16 5
17 20
18 17
19 1
20 16
21 14
SIMILAR

12 5 7 20 1 16 0 17 3 19 4 14 15 6 13 18 11 10 2 9 21 8 
0 6
1 4
2 18
3 8
4 10
5 1
6 13
7 2
8 21
9 19
10 17
11 16
12 0
13 14
14 11
15 12
16 5
17 7
18 15
19 9
20 3
21 20
SIMILAR

10 13 5 6 20 8 16 0 14 11 18 7 12 3 15 1 2 4 17 9 19 21 
0 7
1 15
2 16
3 13
4 17
5 2
6 3
7 11
8 5
9 19
10 0
11 9
12 12
13 1
14 8
15 14
16 6
17 18
18 10
19 20
20 4
21 21
SIMILAR

15 19 13 4 16 21 14 6 12 17 9 18 20 8 10 11 2 0 7 1 3 5 
0 17
1 19
2 16
3 20
4 3
5 21
6 7
7 18
8 13
9 10
10 14
11 15
12 8
13 2
14 6
15 0
16 4
17 9
18 11
19 1
20 12
21 5
SIMILAR

3 20 5 21 17 1 13 18 12 8 0 9 16 7 19 10 2 6 15 4 11 14 
0 10
1 5
2 16
3 0
4 19
5 2
6 17
7 13
8 9
9 11
10 15
11 20
12 8
13 6
14 21
15 18
16 12
17 4
18 7
19 14
20 1
21 3
SIMILAR

18 4 5 9 2 8 0 3 15 7 16 6 21 13 17 20 11 14 10 12 1 19 
0 6
1 20
2 4
3 7
4 1
5 2
6 11
7 9
8 5
9 3
10 18
11 16
12 19
13 13
14 17
15 8
16 10
17 14
18 0
19 21
20 15
21 12
SIMILAR

8 3 2 7 20 19 4 18 5 21 16 14 11 12 1 0 15 6 13 17 10 9 
0 15
1 14
2 2
3 1
4 6
5 8
6 17
7 3
8 0
9 21
10 20
11 12
12 13
13 18
14 11
15 16
16 10
17 19
18 7
19 5
20 4
21 9
SIMILAR

18 8 4 3 14 12 19 0 13 15 21 9 20 11 17 1 10 7 5 6 16 2 
0 7
1 15
2 21
3 3
4 2
5 18
6 19
7 17
8 1
9 11
10 16
11 13
12 5
13 8
14 4
15 9
16 20
17 14
18 0
19 6
20 12
21 10
SIMILAR

0 19 4 21 12 5 18 16 1 17 13 8 15 14 20 11 10 2 6 7 3 9 
0 0
1 8
2 17
3 20
4 2
5 5
6 18
7 19
8 11
9 21
10 16
11 15
12 4
13 10
14 13
15 12
16 7
17 9
18 6
19 1
20 14
21 3
SIMILAR

2 1 14 0 12 4 18 11 19 6 3 9 5 7 10 16 15 20 21 17 13 8 
0 3
1 1
2 0
3 10
4 5
5 12
6 9
7 13
8 21
9 11
10 14
11 7
12 4
13 20
14 2
15 16
16 15
17 19
18 6
19 8
20 17
21 18
SIMILAR

21 18 3 15 1 2 8 14 16 4 12 17 11 13 9 7 19 10 0 6 5 20 
0 18
1 4
2 5
3 2
4 9
5 20
6 19
7 15
8 6
9 14
10 17
11 12
12 10
13 13
14 7
15 3
16 8
17 11
18 1
19 16
20 21
21 0
SIMILAR

19 0 21 1 3 15 16 20 10 5 14 13 2 18 7 17 11 4 8 6 12 9 
0 1
1 3
2 12
3 4
4 17
5 9
6 19
7 14
8 18
9 21
10 8
11 16
12 20
13 11
14 10
15 5
16 6
17 15
18 13
19 0
20 7
21 2
SIMILAR

7 19 6 13 4 5 2 15 1 21 14 20 18 10 0 3 17 16 8 12 11 9 
0 14
1 8
2 6
3 15
4 4
5 5
6 2
7 0
8 18
9 21
10 13
11 20
12 19
13 3
14 10
15 7
16 17
17 16
18 12
19 1
20 11
21 9
SIMILAR

16 12 2 14 18 10 0 15 6 13 8 3 5 20 11 9 17 19 21 4 7 1 
0 6
1 21
2 2
3 11
4 19
5 12
6 8
7 20
8 10
9 15
10 5
11 14
12 1
13 9
14 3
15 7
16 0
17 16
18 4
19 17
20 13
21 18
SIMILAR

16 12 20 9 6 5 8 0 17 10 14 1 13 19 15 2 4 18 7 3 21 11 
0 7
1 11
2 15
3 19
4 16
5 5
6 4
7 18
8 6
9 3
10 9
11 21
12 1
13 12
14 10
15 14
16 0
17 8
18 17
19 13
20 2
21 20
SIMILAR

12 18 13 8 2 11 19 9 1 17 6 0 15 16 7 14 21 10 3 5 20 4 
0 11
1 8
2 4
3 18
4 21
5 19
6 10
7 14
8 3
9 7
10 17
11 5
12 0
13 2
14 15
15 12
16 13
17 9
18 1
19 6
20 20
21 16
SIMILAR

5 17 16 20 0 12 10 18 3 4 2 11 21 13 7 1 19 8 14 9 15 6 
0 4
1 15
2 10
3 8
4 9
5 0
6 21
7 14
8 17
9 19
10 6
11 11
12 5
13 13
14 18
15 20
16 2
17 1
18 7
19 16
20 3
21 12
SIMILAR

15 17 16 6 14 7 11 10 2 3 0 9 20 19 1 12 13 8 18 5 21 4 
0 10
1 14
2 8
3 9
4 21
5 19
6 3
7 5
8 17
9 11
10 7
11 6
12 15
13 16
14 4
15 0
16 2
17 1
18 18
19 13
20 12
21 20
SIMILAR

14 3 15 5 20 17 0 13 19 16 2 1 6 8 7 12 21 9 10 4 18 11 
0 6
1 11
2 10
3 1
4 19
5 3
6 12
7 14
8 13
9 17
10 18
11 21
12 15
13 7
14 0
15 2
16 9
17 5
18 20
19 8
20 4
21 16
SIMILAR

19 9 4 2 6 11 5 21 15 12 0 13 14 17 18 1 8 10 20 7 3 16 
0 10
1 15
2 3
3 20
4 2
5 6
6 4
7 19
8 16
9 1
10 17
11 5
12 9
13 11
14 12
15 8
16 21
17 13
18 14
19 0
20 18
21 7
SIMILAR

8 3 12 9 15 4 19 14 1 0 18 2 11 5 16 21 20 7 13 6 10 17 
0 9
1 8
2 11
3 1
4 5
5 13
6 19
7 17
8 0
9 3
10 20
11 12
12 2
13 18
14 7
15 4
16 14
17 21
18 10
19 6
20 16
21 15
SIMILAR

12 17 16 19 0 14 11 18 7 5 8 6 20 3 4 15 21 2 1 10 13 9 
0 4
1 18
2 17
3 13
4 14
5 9
6 11
7 8
8 10
9 21
10 19
11 6
12 0
13 20
14 5
15 15
16 2
17 1
18 7
19 3
20 12
21 16
SIMILAR

0 20 2 19 8 10 13 5 12 17 11 9 6 15 18 7 4 14 1 16 3 21 
0 0
1 18
2 2
3 20
4 16
5 7
6 12
7 15
8 4
9 11
10 5
11 10
12 8
13 6
14 17
15 13
16 19
17 9
18 14
19 3
20 1
21 21
SIMILAR

20 12 11 6 13 14 2 3 16 4 10 1 7 18 8 19 5 0 9 21 15 17 
0 17
1 11
2 6
3 7
4 9
5 16
6 3
7 12
8 14
9 18
10 10
11 2
12 1
13 4
14 5
15 20
16 8
17 21
18 13
19 15
20 0
21 19
SIMILAR

8 19 18 3 15 10 17 4 1 13 5 20 6 12 16 2 0 9 21 11 14 7 
0 16
1 8
2 15
3 3
4 7
5 10
6 12
7 21
8 0
9 17
10 5
11 19
12 13
13 9
14 20
15 4
16 14
17 6
18 2
19 1
20 11
21 18
SIMILAR

7 8 20 15 9 2 5 11 17 4 12 3 21 19 6 16 0 18 13 14 1 10 
0 16
1 20
2 5
3 11
4 9
5 6
6 14
7 0
8 1
9 4
10 21
11 7
12 10
13 18
14 19
15 3
16 15
17 8
18 17
19 13
20 2
21 12
SIMILAR

12 2 6 8 11 15 18 0 10 21 4 5 16 19 9 1 17 20 7 14 3 13 
0 7
1 15
2 1
3 20
4 10
5 11
6 2
7 18
8 3
9 14
10 8
11 4
12 0
13 21
14 19
15 5
16 12
17 16
18 6
19 13
20 17
21 9
SIMILAR

10 2 11 21 4 18 14 9 12 8 6 15 1 5 16 19 13 3 0 20 7 17 
0 18
1 12
2 1
3 17
4 4
5 13
6 10
7 20
8 9
9 7
10 0
11 2
12 8
13 16
14 6
15 11
16 14
17 21
18 5
19 15
20 19
21 3
SIMILAR

5 0 21 3 6 8 20 4 12 2 19 7 17 18 11 13 1 16 9 10 15 14 
0 1
1 16
2 9
3 3
4 7
5 0
6 4
7 11
8 5
9 18
10 19
11 14
12 8
13 15
14 21
15 20
16 17
17 12
18 13
19 10
20 6
21 2
SIMILAR

5 18 17 7 9 10 8 4 14 16 11 13 1 6 2 21 20 19 0 3 12 15 
0 18
1 12
2 14
3 19
4 7
5 0
6 13
7 3
8 6
9 4
10 5
11 10
12 20
13 11
14 8
15 21
16 9
17 2
18 1
19 17
20 16
21 15
SIMILAR

10 15 13 14 0 19 21 6 5 18 7 2 1 11 4 17 12 16 9 3 8 20 
0 4
1 12
2 11
3 19
4 14
5 8
6 7
7 10
8 20
9 18
10 0
11 13
12 16
13 2
14 3
15 1
16 17
17 15
18 9
19 5
20 21
21 6
SIMILAR

3 2 18 1 0 20 8 19 15 10 4 21 12 11 16 9 7 5 6 17 14 13 
0 4
1 3
2 1
3 0
4 10
5 17
6 18
7 16
8 6
9 15
10 9
11 13
12 12
13 21
14 20
15 8
16 14
17 19
18 2
19 7
20 5
21 11
SIMILAR

0 20 8 10 21 6 1 19 2 15 17 18 7 13 4 11 5 12 9 14 16 3 
0 0
1 6
2 8
3 21
4 14
5 16
6 5
7 12
8 2
9 18
10 3
11 15
12 17
13 13
14 19
15 9
16 20
17 10
18 11
19 7
20 1
21 4
SIMILAR

9 13 19 1 14 11 4 5 12 17 20 21 3 0 15 8 7 18 10 2 16 6 
0 13
1 3
2 19
3 12
4 6
5 7
6 21
7 16
8 15
9 0
10 18
11 5
12 8
13 1
14 4
15 14
16 20
17 9
18 17
19 2
20 10
21 11
SIMILAR

13 18 15 8 5 10 3 0 4 19 17 21 12 7 1 2 20 16 6 9 11 14 
0 7
1 14
2 15
3 6
4 8
5 4
6 18
7 13
8 3
9 19
10 5
11 20
12 12
13 0
14 21
15 2
16 17
17 10
18 1
19 9
20 16
21 11
SIMILAR

10 13 14 15 16 11 5 8 6 3 2 17 1 12 18 0 20 9 7 4 19 21 
0 15
1 12
2 10
3 9
4 19
5 6
6 8
7 18
8 7
9 17
10 0
11 5
12 13
13 1
14 2
15 3
16 4
17 11
18 14
19 20
20 16
21 21
SIMILAR

10 14 19 6 8 0 17 12 2 7 18 13 4 3 16 11 15 20 5 1 9 21 
0 5
1 19
2 8
3 13
4 12
5 18
6 3
7 9
8 4
9 20
10 0
11 15
12 7
13 11
14 1
15 16
16 14
17 6
18 10
19 2
20 17
21 21
SIMILAR

19 3 0 7 6 14 10 11 21 12 1 15 5 13 18 9 16 2 4 17 8 20 
0 2
1 10
2 17
3 1
4 18
5 12
6 4
7 3
8 20
9 15
10 6
11 7
12 9
13 13
14 5
15 11
16 16
17 19
18 14
19 0
20 21
21 8
SIMILAR

19 21 8 10 4 15 1 20 13 9 17 7 11 6 5 12 14 0 3 16 2 18 
0 17
1 6
2 20
3 18
4 4
5 14
6 13
7 11
8 2
9 9
10 3
11 12
12 15
13 8
14 16
15 5
16 19
17 10
18 21
19 0
20 7
21 1
SIMILAR

6 0 19 20 7 9 8 10 2 12 11 16 17 1 5 4 21 13 15 18 3 14 
0 1
1 13
2 8
3 20
4 15
5 14
6 0
7 4
8 6
9 5
10 7
11 10
12 9
13 17
14 21
15 18
16 11
17 12
18 19
19 2
20 3
21 16
SIMILAR

5 2 3 8 16 19 1 17 11 10 4 9 12 7 20 14 13 18 21 0 15 6 
0 19
1 6
2 1
3 2
4 10
5 0
6 21
7 13
8 3
9 11
10 9
11 8
12 12
13 16
14 15
15 20
16 4
17 7
18 17
19 5
20 14
21 18
SIMILAR

20 7 1 3 16 19 14 10 18 11 9 2 5 8 15 21 17 6 12 4 0 13 
0 20
1 2
2 11
3 3
4 19
5 12
6 17
7 1
8 13
9 10
10 7
11 9
12 18
13 21
14 6
15 14
16 4
17 16
18 8
19 5
20 0
21 15
SIMILAR

1 3 16 10 15 7 21 19 9 2 17 18 4 6 11 20 14 0 12 8 13 5 
0 17
1 0
2 9
3 1
4 12
5 21
6 13
7 5
8 19
9 8
10 3
11 14
12 18
13 20
14 16
15 4
16 2
17 10
18 11
19 7
20 15
21 6
SIMILAR

15 2 4 8 3 19 14 21 7 1 16 10 11 20 6 0 13 9 5 17 12 18 
0 15
1 9
2 1
3 4
4 2
5 18
6 14
7 8
8 3
9 17
10 11
11 12
12 20
13 16
14 6
15 0
16 10
17 19
18 21
19 5
20 13
21 7
SIMILAR

7 11 17 8 20 6 4 2 3 0 9 21 1 13 12 16 14 19 5 18 10 15 
0 9
1 12
2 7
3 8
4 6
5 18
6 5
7 0
8 3
9 10
10 20
11 1
12 14
13 13
14 16
15 21
16 15
17 2
18 19
19 17
20 4
21 11
SIMILAR

19 21 2 20 13 1 18 3 11 12 0 14 9 16 7 6 4 5 15 17 10 8 
0 10
1 5
2 2
3 7
4 16
5 17
6 15
7 14
8 21
9 12
10 20
11 8
12 9
13 4
14 11
15 18
16 13
17 19
18 6
19 0
20 3
21 1
SIMILAR

12 14 6 7 17 4 2 1 18 3 0 9 8 5 19 21 10 11 16 20 13 15 
0 10
1 7
2 6
3 9
4 5
5 13
6 2
7 3
8 12
9 11
10 16
11 17
12 0
13 20
14 1
15 21
16 18
17 4
18 8
19 14
20 19
21 15
SIMILAR

21 0 5 12 15 3 10 20 14 18 4 1 9 16 13 8 2 17 7 6 19 11 
0 1
1 11
2 16
3 5
4 10
5 2
6 19
7 18
8 15
9 12
10 6
11 21
12 3
13 14
14 8
15 4
16 13
17 17
18 9
19 20
20 7
21 0
SIMILAR

11 18 21 13 9 6 16 2 10 3 12 20 4 19 17 15 7 1 14 8 5 0 
0 21
1 17
2 7
3 9
4 12
5 20
6 5
7 16
8 19
9 4
10 8
11 0
12 10
13 3
14 18
15 15
16 6
17 14
18 1
19 13
20 11
21 2
SIMILAR

2 15 20 17 1 13 10 0 5 3 4 18 14 7 11 19 8 6 16 21 12 9 
0 7
1 4
2 0
3 9
4 10
5 8
6 17
7 13
8 16
9 21
10 6
11 14
12 20
13 5
14 12
15 1
16 18
17 3
18 11
19 15
20 2
21 19
SIMILAR

13 14 20 8 10 12 7 18 3 6 17 0 19 1 4 9 15 11 5 21 2 16 
0 11
1 13
2 20
3 8
4 14
5 18
6 9
7 6
8 3
9 15
10 4
11 17
12 5
13 0
14 1
15 16
16 21
17 10
18 7
19 12
20 2
21 19
SIMILAR

2 12 6 10 5 4 16 3 14 19 21 18 13 15 1 9 0 7 11 20 17 8 
0 16
1 14
2 0
3 7
4 5
5 4
6 2
7 17
8 21
9 15
10 3
11 18
12 1
13 12
14 8
15 13
16 6
17 20
18 11
19 9
20 19
21 10
SIMILAR

21 8 3 6 13 10 9 7 0 5 4 15 18 17 20 12 19 2 16 14 1 11 
0 8
1 20
2 17
3 2
4 10
5 9
6 3
7 7
8 1
9 6
10 5
11 21
12 15
13 4
14 19
15 11
16 18
17 13
18 12
19 16
20 14
21 0
SIMILAR

4 10 21 13 7 11 6 15 20 0 16 17 1 2 19 18 3 14 9 12 5 8 
0 9
1 12
2 13
3 16
4 0
5 20
6 6
7 4
8 21
9 18
10 1
11 5
12 19
13 3
14 17
15 7
16 10
17 11
18 15
19 14
20 8
21 2
SIMILAR

12 4 14 11 21 7 18 16 13 3 9 8 15 19 17 0 2 6 20 10 1 5 
0 15
1 20
2 16
3 9
4 1
5 21
6 17
7 5
8 11
9 10
10 19
11 3
12 0
13 8
14 2
15 12
16 7
17 14
18 6
19 13
20 18
21 4
SIMILAR

6 16 7 9 12 20 2 11 17 15 21 13 14 18 4 10 3 1 19 8 5 0 
0 21
1 17
2 6
3 16
4 14
5 20
6 0
7 2
8 19
9 3
10 15
11 7
12 4
13 11
14 12
15 9
16 1
17 8
18 13
19 18
20 5
21 10
SIMILAR

13 18 0 4 12 19 2 10 11 3 15 9 16 20 14 8 5 21 7 1 17 6 
0 2
1 19
2 6
3 9
4 3
5 16
6 21
7 18
8 15
9 11
10 7
11 8
12 4
13 0
14 14
15 10
16 12
17 20
18 1
19 5
20 13
21 17
SIMILAR

7 3 15 1 11 12 21 9 5 14 4 17 13 0 8 18 6 20 19 16 2 10 
0 13
1 3
2 20
3 1
4 10
5 8
6 16
7 0
8 14
9 7
10 21
11 4
12 5
13 12
14 9
15 2
16 19
17 11
18 15
19 18
20 17
21 6
SIMILAR

1 6 0 12 17 15 16 2 11 3 13 7 10 20 21 5 19 14 4 9 18 8 
0 2
1 0
2 7
3 9
4 18
5 15
6 1
7 11
8 21
9 19
10 12
11 8
12 3
13 10
14 17
15 5
16 6
17 4
18 20
19 16
20 13
21 14
SIMILAR

10 15 11 3 9 12 1 4 17 18 13 14 19 21 16 0 8 6 5 7 2 20 
0 15
1 6
2 20
3 3
4 7
5 18
6 17
7 19
8 16
9 4
10 0
11 2
12 5
13 10
14 11
15 1
16 14
17 8
18 9
19 12
20 21
21 13
SIMILAR

3 15 17 4 13 8 9 20 0 12 2 11 7 14 5 6 19 21 10 18 16 1 
0 8
1 21
2 10
3 0
4 3
5 14
6 15
7 12
8 5
9 6
10 18
11 11
12 9
13 4
14 13
15 1
16 20
17 2
18 19
19 16
20 7
21 17
SIMILAR

7 8 9 14 17 19 12 4 20 18 2 0 3 16 10 11 5 6 13 15 1 21 
0 11
1 20
2 10
3 12
4 7
5 16
6 17
7 0
8 1
9 2
10 14
11 15
12 6
13 18
14 3
15 19
16 13
17 4
18 9
19 5
20 8
21 21
SIMILAR

12 19 6 10 13 2 8 0 20 1 18 14 9 15 21 11 16 4 3 5 7 17 
0 7
1 9
2 5
3 18
4 17
5 19
6 2
7 20
8 6
9 12
10 3
11 15
12 0
13 4
14 11
15 13
16 16
17 21
18 10
19 1
20 8
21 14
SIMILAR

12 19 11 15 2 10 9 6 8 0 3 21 14 1 17 18 16 5 7 13 20 4 
0 9
1 13
2 4
3 10
4 21
5 17
6 7
7 18
8 8
9 6
10 5
11 2
12 0
13 19
14 12
15 3
16 16
17 14
18 15
19 1
20 20
21 11
SIMILAR

2 5 1 11 16 21 0 8 10 20 19 4 13 15 3 14 17 9 12 18 7 6 
0 6
1 2
2 0
3 14
4 11
5 1
6 21
7 20
8 7
9 17
10 8
11 3
12 18
13 12
14 15
15 13
16 4
17 16
18 19
19 10
20 9
21 5
SIMILAR

0 2 10 3 12 5 14 7 13 16 1 9 6 17 21 18 11 4 19 8 15 20 
0 0
1 10
2 1
3 3
4 17
5 5
6 12
7 7
8 19
9 11
10 2
11 16
12 4
13 8
14 6
15 20
16 9
17 13
18 15
19 18
20 21
21 14
SIMILAR

5 10 11 21 8 9 17 6 16 19 0 1 7 18 2 14 15 20 4 3 12 13 
0 10
1 11
2 14
3 19
4 18
5 0
6 7
7 12
8 4
9 5
10 1
11 2
12 20
13 21
14 15
15 16
16 8
17 6
18 13
19 9
20 17
21 3
SIMILAR

13 14 19 3 2 8 10 12 5 17 16 7 6 11 0 15 4 9 20 21 1 18 
0 14
1 20
2 4
3 3
4 16
5 8
6 12
7 11
8 5
9 17
10 6
11 13
12 7
13 0
14 1
15 15
16 10
17 9
18 21
19 2
20 18
21 19
SIMILAR

18 2 21 17 9 14 0 15 5 12 10 1 20 7 3 4 13 8 16 6 19 11 
0 6
1 11
2 1
3 14
4 15
5 8
6 19
7 13
8 17
9 4
10 10
11 21
12 9
13 16
14 5
15 7
16 18
17 3
18 0
19 20
20 12
21 2
SIMILAR

15 10 6 4 3 20 13 5 19 11 1 8 9 16 21 2 14 0 7 18 12 17 
0 17
1 10
2 15
3 4
4 3
5 7
6 2
7 18
8 11
9 12
10 1
11 9
12 20
13 6
14 16
15 0
16 13
17 21
18 19
19 8
20 5
21 14
SIMILAR

0 10 13 6 16 20 17 21 18 11 5 8 14 4 12 2 9 1 19 15 7 3 
0 0
1 17
2 15
3 21
4 13
5 10
6 3
7 20
8 11
9 16
10 1
11 9
12 14
13 2
14 12
15 19
16 4
17 6
18 8
19 18
20 5
21 7
SIMILAR

11 18 21 1 13 16 14 8 10 3 19 20 2 5 9 15 6 12 7 17 4 0 
0 21
1 3
2 12
3 9
4 20
5 13
6 16
7 18
8 7
9 14
10 8
11 0
12 17
13 4
14 6
15 15
16 5
17 19
18 1
19 10
20 11
21 2
SIMILAR

13 21 0 1 14 16 15 5 8 20 7 18 9 3 12 17 11 4 10 6 19 2 
0 2
1 3
2 21
3 13
4 17
5 7
6 19
7 10
8 8
9 12
10 18
11 16
12 14
13 0
14 4
15 6
16 5
17 15
18 11
19 20
20 9
21 1
SIMILAR

17 20 11 8 14 9 18 19 13 4 10 15 1 7 16 0 5 3 6 12 21 2 
0 15
1 12
2 21
3 17
4 9
5 16
6 18
7 13
8 3
9 5
10 10
11 2
12 19
13 8
14 4
15 11
16 14
17 0
18 6
19 7
20 1
21 20
SIMILAR

8 15 17 18 7 20 16 6 5 10 9 19 1 3 13 11 14 2 0 4 21 12 
0 18
1 12
2 17
3 13
4 19
5 8
6 7
7 4
8 0
9 10
10 9
11 15
12 21
13 14
14 16
15 1
16 6
17 2
18 3
19 11
20 5
21 20
SIMILAR

16 14 15 0 13 21 17 20 10 5 11 1 19 6 7 9 2 8 4 18 12 3 
0 3
1 11
2 16
3 21
4 18
5 9
6 13
7 14
8 17
9 15
10 8
11 10
12 20
13 4
14 1
15 2
16 0
17 6
18 19
19 12
20 7
21 5
SIMILAR

13 14 7 16 0 17 10 1 5 8 3 15 6 2 9 18 20 19 21 4 11 12 
0 4
1 7
2 13
3 10
4 19
5 8
6 12
7 2
8 9
9 14
10 6
11 20
12 21
13 0
14 1
15 11
16 3
17 5
18 15
19 17
20 16
21 18
SIMILAR

0 7 19 15 13 2 14 3 9 10 18 6 1 21 4 11 12 5 16 8 17 20 
0 0
1 12
2 5
3 7
4 14
5 17
6 11
7 1
8 19
9 8
10 9
11 15
12 16
13 4
14 6
15 3
16 18
17 20
18 10
19 2
20 21
21 13
SIMILAR

2 10 9 15 16 0 20 11 19 8 6 4 14 1 5 3 12 21 18 13 17 7 
0 5
1 13
2 0
3 15
4 11
5 14
6 10
7 21
8 9
9 2
10 1
11 7
12 16
13 19
14 12
15 3
16 4
17 20
18 18
19 8
20 6
21 17
SIMILAR

10 1 12 2 9 3 18 8 6 20 11 21 19 15 17 16 13 14 0 5 4 7 
0 18
1 1
2 3
3 5
4 20
5 19
6 8
7 21
8 7
9 4
10 0
11 10
12 2
13 16
14 17
15 13
16 15
17 14
18 6
19 12
20 9
21 11
SIMILAR

7 19 14 10 12 2 5 6 9 20 4 17 8 16 13 21 3 1 18 11 0 15 
0 20
1 17
2 5
3 16
4 10
5 6
6 7
7 0
8 12
9 8
10 3
11 19
12 4
13 14
14 2
15 21
16 13
17 11
18 18
19 1
20 9
21 15
SIMILAR

16 5 11 4 18 0 8 20 19 12 7 21 3 2 15 17 13 1 10 14 9 6 
0 5
1 17
2 13
3 12
4 3
5 1
6 21
7 10
8 6
9 20
10 18
11 2
12 9
13 16
14 19
15 14
16 0
17 15
18 4
19 8
20 7
21 11
SIMILAR

15 17 8 6 0 16 21 20 12 13 11 18 19 4 14 9 5 7 1 3 10 2 
0 4
1 18
2 21
3 19
4 13
5 16
6 3
7 17
8 2
9 15
10 20
11 10
12 8
13 9
14 14
15 0
16 5
17 1
18 11
19 12
20 7
21 6
SIMILAR

21 0 3 4 5 18 8 13 2 19 1 12 9 6 20 11 16 7 15 14 17 10 
0 1
1 10
2 8
3 2
4 3
5 4
6 13
7 17
8 6
9 12
10 21
11 15
12 11
13 7
14 19
15 18
16 16
17 20
18 5
19 9
20 14
21 0
SIMILAR

21 19 10 15 3 13 8 11 7 18 1 20 14 17 4 9 6 0 5 2 16 12 
0 17
1 10
2 19
3 4
4 14
5 18
6 16
7 8
8 6
9 15
10 2
11 7
12 21
13 5
14 12
15 3
16 20
17 13
18 9
19 1
20 11
21 0
SIMILAR

21 11 7 17 5 12 3 6 10 13 16 18 15 4 19 2 8 20 14 9 0 1 
0 20
1 21
2 15
3 6
4 13
5 4
6 7
7 2
8 16
9 19
10 8
11 1
12 5
13 9
14 18
15 12
16 10
17 3
18 11
19 14
20 17
21 0
SIMILAR

6 2 21 5 8 12 9 14 19 10 11 0 15 1 17 7 4 20 18 16 13 3 
0 11
1 13
2 1
3 21
4 16
5 3
6 0
7 15
8 4
9 6
10 9
11 10
12 5
13 20
14 7
15 12
16 19
17 14
18 18
19 8
20 17
21 2
SIMILAR
100 0
4900 0
184900 0
