22
0 0 0 1 0 0 0 0 0 0 1 0 1 1 1 0 0 1 0 1 1 0 
0 0 0 1 0 1 1 0 1 0 1 1 1 1 0 0 0 0 0 0 0 1 
0 0 0 0 1 1 0 0 1 0 0 1 0 1 1 0 0 0 0 1 0 0 
1 1 0 0 1 1 0 1 1 0 1 0 0 0 0 1 1 0 0 0 0 0 
0 0 1 1 0 0 0 0 1 1 1 0 1 1 0 1 0 0 0 1 1 0 
0 1 1 1 0 0 1 0 0 1 1 0 1 0 0 0 1 1 0 0 0 1 
0 1 0 0 0 1 0 0 1 1 0 0 1 1 1 1 1 0 0 1 1 0 
0 0 0 1 0 0 0 0 1 1 0 0 0 1 1 0 1 1 0 1 1 0 
0 1 1 1 1 0 1 1 0 0 0 1 0 0 0 1 0 0 1 0 1 1 
0 0 0 0 1 1 1 1 0 0 1 1 1 0 1 0 0 0 0 1 0 0 
1 1 0 1 1 1 0 0 0 1 0 0 1 0 0 0 0 0 0 1 0 1 
0 1 1 0 0 0 0 0 1 1 0 0 0 0 1 0 0 1 1 0 0 1 
1 1 0 0 1 1 1 0 0 1 1 0 0 0 0 0 1 1 0 1 0 0 
1 1 1 0 1 0 1 1 0 0 0 0 0 0 1 0 0 0 1 0 0 1 
1 0 1 0 0 0 1 1 0 1 0 1 0 1 0 1 0 1 1 0 0 1 
0 0 0 1 1 0 1 0 1 0 0 0 0 0 1 0 1 0 0 0 1 1 
0 0 0 1 0 1 1 1 0 0 0 0 1 0 0 1 0 0 0 1 0 0 
1 0 0 0 0 1 0 1 0 0 0 1 1 0 1 0 0 0 1 0 0 1 
0 0 0 0 0 0 0 0 1 0 0 1 0 1 1 0 0 1 0 0 1 1 
1 0 1 0 1 0 1 1 0 1 1 0 1 0 0 0 1 0 0 0 1 1 
1 0 0 0 1 0 1 1 1 0 0 0 0 0 0 1 0 0 1 1 0 1 
0 1 0 0 0 1 0 0 1 0 1 1 0 1 1 1 0 1 1 1 1 0 

12 13 6 0 21 11 9 5 7 2 18 10 20 4 14 1 17 19 15 3 8 16 
0 3
1 15
2 9
3 19
4 13
5 7
6 2
7 8
8 20
9 6
10 11
11 5
12 0
13 1
14 14
15 18
16 21
17 16
18 10
19 17
20 12
21 4
SIMILAR

6 10 7 20 21 17 8 19 4 3 1 11 0 5 12 9 18 13 16 14 15 2 
0 12
1 10
2 21
3 9
4 8
5 13
6 0
7 2
8 6
9 15
10 1
11 11
12 14
13 17
14 19
15 20
16 18
17 5
18 16
19 7
20 3
21 4
SIMILAR

21 12 19 11 17 2 5 15 7 10 0 16 20 18 8 14 1 4 9 3 13 6 
0 10
1 16
2 5
3 19
4 17
5 6
6 21
7 8
8 14
9 18
10 9
11 3
12 1
13 20
14 15
15 7
16 11
17 4
18 13
19 2
20 12
21 0
SIMILAR

6 19 10 16 4 15 13 12 1 8 11 0 21 7 9 17 3 5 2 18 20 14 
0 11
1 8
2 18
3 16
4 4
5 17
6 0
7 13
8 9
9 14
10 2
11 10
12 7
13 6
14 21
15 5
16 3
17 15
18 19
19 1
20 20
21 12
SIMILAR

13 15 5 20 6 7 2 8 11 16 21 4 17 0 12 14 18 10 19 3 9 1 
0 13
1 21
2 6
3 19
4 11
5 2
6 4
7 5
8 7
9 20
10 17
11 8
12 14
13 0
14 15
15 1
16 9
17 12
18 16
19 18
20 3
21 10
SIMILAR

21 18 6 14 11 8 13 15 17 16 5 1 9 4 3 19 2 12 20 0 7 10 
0 19
1 11
2 16
3 14
4 13
5 10
6 2
7 20
8 5
9 12
10 21
11 4
12 17
13 6
14 3
15 7
16 9
17 8
18 1
19 15
20 18
21 0
SIMILAR

4 5 17 21 2 0 11 20 10 6 19 15 8 13 18 1 16 9 12 3 14 7 
0 5
1 15
2 4
3 19
4 0
5 1
6 9
7 21
8 12
9 17
10 8
11 6
12 18
13 13
14 20
15 11
16 16
17 2
18 14
19 10
20 7
21 3
SIMILAR

5 3 21 8 2 18 4 12 19 16 0 17 1 9 15 20 7 11 14 6 10 13 
0 10
1 12
2 4
3 1
4 6
5 0
6 19
7 16
8 3
9 13
10 20
11 17
12 7
13 21
14 18
15 14
16 9
17 11
18 5
19 8
20 15
21 2
SIMILAR

0 21 16 9 4 8 2 6 18 7 10 19 12 17 20 13 1 3 15 14 5 11 
0 0
1 16
2 6
3 17
4 4
5 20
6 7
7 9
8 5
9 3
10 10
11 21
12 12
13 15
14 19
15 18
16 2
17 13
18 8
19 11
20 14
21 1
SIMILAR

7 0 3 5 16 14 21 19 8 9 6 13 11 12 2 15 18 17 20 1 4 10 
0 1
1 19
2 14
3 2
4 20
5 3
6 10
7 0
8 8
9 9
10 21
11 12
12 13
13 11
14 5
15 15
16 4
17 17
18 16
19 7
20 18
21 6
SIMILAR

4 8 21 5 17 11 1 0 10 3 9 19 2 6 18 12 13 20 16 15 14 7 
0 7
1 6
2 12
3 9
4 0
5 3
6 13
7 21
8 1
9 10
10 8
11 5
12 15
13 16
14 20
15 19
16 18
17 4
18 14
19 11
20 17
21 2
SIMILAR

21 15 2 7 19 20 10 3 16 11 0 6 9 1 13 4 14 5 18 12 8 17 
0 10
1 13
2 2
3 7
4 15
5 17
6 11
7 3
8 20
9 12
10 6
11 9
12 19
13 14
14 16
15 1
16 8
17 21
18 18
19 4
20 5
21 0
SIMILAR

16 1 6 17 8 2 12 20 0 13 18 19 7 15 4 21 11 9 5 14 3 10 
0 8
1 1
2 5
3 20
4 14
5 18
6 2
7 12
8 4
9 17
10 21
11 16
12 6
13 9
14 19
15 13
16 0
17 3
18 10
19 11
20 7
21 15
SIMILAR

10 19 18 2 12 16 17 21 6 4 9 0 1 13 20 3 7 5 11 14 15 8 
0 11
1 12
2 3
3 15
4 9
5 17
6 8
7 16
8 21
9 10
10 0
11 18
12 4
13 13
14 19
15 20
16 5
17 6
18 2
19 1
20 14
21 7
SIMILAR

0 5 7 21 6 8 18 16 2 20 17 12 9 11 19 15 4 10 3 1 13 14 
0 0
1 19
2 8
3 18
4 16
5 1
6 4
7 2
8 5
9 12
10 17
11 13
12 11
13 20
14 21
15 15
16 7
17 10
18 6
19 14
20 9
21 3
SIMILAR

9 0 5 1 11 12 21 17 10 13 7 15 2 8 18 20 14 4 6 3 16 19 
0 1
1 3
2 12
3 19
4 17
5 2
6 18
7 10
8 13
9 0
10 8
11 4
12 5
13 9
14 16
15 11
16 20
17 7
18 14
19 21
20 15
21 6
SIMILAR

20 14 0 16 21 7 9 1 5 11 17 10 19 12 3 4 18 2 6 8 15 13 
0 2
1 7
2 17
3 14
4 15
5 8
6 18
7 5
8 19
9 6
10 11
11 9
12 13
13 21
14 1
15 20
16 3
17 10
18 16
19 12
20 0
21 4
SIMILAR

0 5 15 1 17 9 21 20 2 6 3 13 8 4 18 11 7 19 14 16 12 10 
0 0
1 3
2 8
3 10
4 13
5 1
6 9
7 16
8 12
9 5
10 21
11 15
12 20
13 11
14 18
15 2
16 19
17 4
18 14
19 17
20 7
21 6
SIMILAR

9 13 12 2 8 20 7 5 17 19 3 6 4 1 18 11 14 21 16 10 0 15 
0 20
1 13
2 3
3 10
4 12
5 7
6 11
7 6
8 4
9 0
10 19
11 15
12 2
13 1
14 16
15 21
16 18
17 8
18 14
19 9
20 5
21 17
SIMILAR

11 6 1 19 13 4 21 9 17 15 5 12 16 0 10 18 7 14 8 2 3 20 
0 13
1 2
2 19
3 20
4 5
5 10
6 1
7 16
8 18
9 7
10 14
11 0
12 11
13 4
14 17
15 9
16 12
17 8
18 15
19 3
20 21
21 6
SIMILAR

17 9 10 13 15 5 16 1 11 4 3 2 6 12 18 7 20 14 19 0 8 21 
0 19
1 7
2 11
3 10
4 9
5 5
6 12
7 15
8 20
9 1
10 2
11 8
12 13
13 3
14 17
15 4
16 6
17 0
18 14
19 18
20 16
21 21
SIMILAR

8 21 4 11 3 15 19 2 13 7 1 10 12 20 16 18 0 6 14 5 9 17 
0 16
1 10
2 7
3 4
4 2
5 19
6 17
7 9
8 0
9 20
10 11
11 3
12 12
13 8
14 18
15 5
16 14
17 21
18 15
19 6
20 13
21 1
SIMILAR

12 19 10 9 11 0 7 6 21 8 18 5 13 17 15 2 1 20 3 14 16 4 
0 5
1 16
2 15
3 18
4 21
5 11
6 7
7 6
8 9
9 3
10 2
11 4
12 0
13 12
14 19
15 14
16 20
17 13
18 10
19 1
20 17
21 8
SIMILAR

3 20 11 4 0 7 14 18 9 15 21 16 5 10 19 2 8 12 17 6 13 1 
0 4
1 21
2 15
3 0
4 3
5 12
6 19
7 5
8 16
9 8
10 13
11 2
12 17
13 20
14 6
15 9
16 11
17 18
18 7
19 14
20 1
21 10
SIMILAR

13 11 18 8 1 6 21 5 2 7 3 16 9 12 19 20 0 10 17 4 15 14 
0 16
1 4
2 8
3 10
4 19
5 7
6 5
7 9
8 3
9 12
10 17
11 1
12 13
13 0
14 21
15 20
16 11
17 18
18 2
19 14
20 15
21 6
SIMILAR

7 18 17 16 5 12 0 3 8 11 6 20 1 10 13 4 19 9 21 2 15 14 
0 6
1 12
2 19
3 7
4 15
5 4
6 10
7 0
8 8
9 17
10 13
11 9
12 5
13 14
14 21
15 20
16 3
17 2
18 1
19 16
20 11
21 18
SIMILAR

3 8 4 14 21 7 9 17 2 15 6 11 20 18 16 13 1 10 0 12 5 19 
0 18
1 16
2 8
3 0
4 2
5 20
6 10
7 5
8 1
9 6
10 17
11 11
12 19
13 15
14 3
15 9
16 14
17 7
18 13
19 21
20 12
21 4
SIMILAR

9 10 19 18 20 13 1 6 11 7 8 3 16 4 12 5 2 17 0 15 21 14 
0 18
1 6
2 16
3 11
4 13
5 15
6 7
7 9
8 10
9 0
10 1
11 8
12 14
13 5
14 21
15 19
16 12
17 17
18 3
19 2
20 4
21 20
SIMILAR

7 9 2 8 10 21 19 13 20 12 17 18 16 11 15 4 5 0 3 14 6 1 
0 17
1 21
2 2
3 18
4 15
5 16
6 20
7 0
8 3
9 1
10 4
11 13
12 9
13 7
14 19
15 14
16 12
17 10
18 11
19 6
20 8
21 5
SIMILAR

13 12 3 7 0 20 11 18 6 16 9 1 15 5 2 21 14 10 4 17 8 19 
0 4
1 11
2 14
3 2
4 18
5 13
6 8
7 3
8 20
9 10
10 17
11 6
12 1
13 0
14 16
15 12
16 9
17 19
18 7
19 21
20 5
21 15
SIMILAR

0 5 17 19 1 13 18 12 20 21 10 2 4 14 3 9 8 15 11 6 16 7 
0 0
1 4
2 11
3 14
4 12
5 1
6 19
7 21
8 16
9 15
10 10
11 18
12 7
13 5
14 13
15 17
16 20
17 2
18 6
19 3
20 8
21 9
SIMILAR

6 19 7 17 12 3 5 21 16 11 18 2 1 14 15 0 13 4 10 8 20 9 
0 15
1 12
2 11
3 5
4 17
5 6
6 0
7 2
8 19
9 21
10 18
11 9
12 4
13 16
14 13
15 14
16 8
17 3
18 10
19 1
20 20
21 7
SIMILAR

21 1 5 2 11 0 18 20 10 3 12 16 15 8 14 6 4 7 9 19 13 17 
0 5
1 1
2 3
3 9
4 16
5 2
6 15
7 17
8 13
9 18
10 8
11 4
12 10
13 20
14 14
15 12
16 11
17 21
18 6
19 19
20 7
21 0
SIMILAR

10 4 15 7 9 14 11 12 21 1 5 19 18 0 3 2 17 13 16 8 6 20 
0 13
1 9
2 15
3 14
4 1
5 10
6 20
7 3
8 19
9 4
10 0
11 6
12 7
13 17
14 5
15 2
16 18
17 16
18 12
19 11
20 21
21 8
SIMILAR

2 0 3 20 16 17 19 11 9 5 14 8 15 10 7 13 1 4 21 12 6 18 
0 1
1 16
2 0
3 2
4 17
5 9
6 20
7 14
8 11
9 8
10 13
11 7
12 19
13 15
14 10
15 12
16 4
17 5
18 21
19 6
20 3
21 18
SIMILAR

5 9 6 0 13 3 8 16 11 1 4 14 19 21 20 12 2 7 17 10 15 18 
0 3
1 9
2 16
3 5
4 10
5 0
6 2
7 17
8 6
9 1
10 19
11 8
12 15
13 4
14 11
15 20
16 7
17 18
18 21
19 12
20 14
21 13
SIMILAR

21 0 19 4 3 6 13 18 12 2 16 10 1 8 17 9 14 15 7 11 20 5 
0 1
1 12
2 9
3 4
4 3
5 21
6 5
7 18
8 13
9 15
10 11
11 19
12 8
13 6
14 16
15 17
16 10
17 14
18 7
19 2
20 20
21 0
SIMILAR

16 12 18 8 0 2 11 21 4 13 19 10 3 17 14 15 9 6 20 5 7 1 
0 4
1 21
2 5
3 12
4 8
5 19
6 17
7 20
8 3
9 16
10 11
11 6
12 1
13 9
14 14
15 15
16 0
17 13
18 2
19 10
20 18
21 7
SIMILAR

7 15 3 1 12 20 18 2 10 4 17 21 11 5 0 19 16 13 9 8 14 6 
0 14
1 3
2 7
3 2
4 9
5 13
6 21
7 0
8 19
9 18
10 8
11 12
12 4
13 17
14 20
15 1
16 16
17 10
18 6
19 15
20 5
21 11
SIMILAR

4 13 11 20 3 2 5 14 12 9 8 0 18 10 6 16 21 7 1 19 15 17 
0 11
1 18
2 5
3 4
4 0
5 6
6 14
7 17
8 10
9 9
10 13
11 2
12 8
13 1
14 7
15 20
16 15
17 21
18 12
19 19
20 3
21 16
SIMILAR

14 19 6 13 4 15 8 17 12 21 5 3 9 0 2 1 11 7 10 18 20 16 
0 13
1 15
2 14
3 11
4 4
5 10
6 2
7 17
8 6
9 12
10 18
11 16
12 8
13 3
14 0
15 5
16 21
17 7
18 19
19 1
20 20
21 9
SIMILAR

2 4 12 14 19 5 3 20 13 9 0 10 18 11 15 8 6 17 1 16 7 21 
0 10
1 18
2 0
3 6
4 1
5 5
6 16
7 20
8 15
9 9
10 11
11 13
12 2
13 8
14 3
15 14
16 19
17 17
18 12
19 4
20 7
21 21
SIMILAR

0 10 12 1 16 5 7 8 11 9 15 21 2 14 20 17 13 4 18 6 3 19 
0 0
1 3
2 12
3 20
4 17
5 5
6 19
7 6
8 7
9 9
10 1
11 8
12 2
13 16
14 13
15 10
16 4
17 15
18 18
19 21
20 14
21 11
SIMILAR

8 2 12 14 10 16 13 17 3 20 0 5 19 4 11 21 9 15 18 1 6 7 
0 10
1 19
2 1
3 8
4 13
5 11
6 20
7 21
8 0
9 16
10 4
11 14
12 2
13 6
14 3
15 17
16 5
17 7
18 18
19 12
20 9
21 15
SIMILAR

12 0 15 18 10 20 9 8 11 3 17 14 19 21 4 7 16 13 1 5 6 2 
0 1
1 18
2 21
3 9
4 14
5 19
6 20
7 15
8 7
9 6
10 4
11 8
12 0
13 17
14 11
15 2
16 16
17 10
18 3
19 12
20 5
21 13
SIMILAR

8 15 6 9 1 20 0 16 17 18 5 12 7 21 2 4 11 14 3 19 13 10 
0 6
1 4
2 14
3 18
4 15
5 10
6 2
7 12
8 0
9 3
10 21
11 16
12 11
13 20
14 17
15 1
16 7
17 8
18 9
19 19
20 5
21 13
SIMILAR

20 5 11 7 0 6 9 13 12 3 18 19 8 17 21 4 2 16 14 10 1 15 
0 4
1 20
2 16
3 9
4 15
5 1
6 5
7 3
8 12
9 6
10 19
11 2
12 8
13 7
14 18
15 21
16 17
17 13
18 10
19 11
20 0
21 14
SIMILAR

4 15 10 7 14 8 11 21 6 19 18 12 17 9 0 13 16 20 3 2 1 5 
0 14
1 20
2 19
3 18
4 0
5 21
6 8
7 3
8 5
9 13
10 2
11 6
12 11
13 15
14 4
15 1
16 16
17 12
18 10
19 9
20 17
21 7
SIMILAR

9 6 1 16 0 21 18 11 5 15 2 19 3 4 20 10 14 7 13 17 8 12 
0 4
1 2
2 10
3 12
4 13
5 8
6 1
7 17
8 20
9 0
10 15
11 7
12 21
13 18
14 16
15 9
16 3
17 19
18 6
19 11
20 14
21 5
SIMILAR

7 21 1 9 17 2 14 19 5 15 12 6 13 0 10 11 18 8 3 16 20 4 
0 13
1 2
2 5
3 18
4 21
5 8
6 11
7 0
8 17
9 3
10 14
11 15
12 10
13 12
14 6
15 9
16 19
17 4
18 16
19 7
20 20
21 1
SIMILAR

3 9 7 10 20 21 14 11 16 4 12 13 5 6 17 8 15 19 18 1 0 2 
0 20
1 19
2 21
3 0
4 9
5 12
6 13
7 2
8 15
9 1
10 3
11 7
12 10
13 11
14 6
15 16
16 8
17 14
18 18
19 17
20 4
21 5
SIMILAR

9 18 17 7 2 12 5 1 16 8 4 6 3 15 19 13 11 0 20 10 21 14 
0 17
1 7
2 4
3 12
4 10
5 6
6 11
7 3
8 9
9 0
10 19
11 16
12 5
13 15
14 21
15 13
16 8
17 2
18 1
19 14
20 18
21 20
SIMILAR

5 4 17 3 11 19 14 1 13 20 2 7 16 18 12 9 8 15 21 10 0 6 
0 20
1 7
2 10
3 3
4 1
5 0
6 21
7 11
8 16
9 15
10 19
11 4
12 14
13 8
14 6
15 17
16 12
17 2
18 13
19 5
20 9
21 18
SIMILAR

18 14 16 10 5 21 11 8 0 3 13 9 7 12 1 17 4 15 6 2 19 20 
0 8
1 14
2 19
3 9
4 16
5 4
6 18
7 12
8 7
9 11
10 3
11 6
12 13
13 10
14 1
15 17
16 2
17 15
18 0
19 20
20 21
21 5
SIMILAR

17 16 8 18 0 19 1 20 2 5 3 21 7 15 11 6 14 12 10 13 9 4 
0 4
1 6
2 8
3 10
4 21
5 9
6 15
7 12
8 2
9 20
10 18
11 14
12 17
13 19
14 16
15 13
16 1
17 0
18 3
19 5
20 7
21 11
SIMILAR

18 11 3 6 20 1 21 17 14 5 2 16 4 19 10 13 0 15 8 7 12 9 
0 16
1 5
2 10
3 2
4 12
5 9
6 3
7 19
8 18
9 21
10 14
11 1
12 20
13 15
14 8
15 17
16 11
17 7
18 0
19 13
20 4
21 6
SIMILAR

1 10 5 17 21 3 9 14 16 18 6 20 4 15 19 13 7 2 0 8 11 12 
0 18
1 0
2 17
3 5
4 12
5 2
6 10
7 16
8 19
9 6
10 1
11 20
12 21
13 15
14 7
15 13
16 8
17 3
18 9
19 14
20 11
21 4
SIMILAR

21 3 0 10 7 18 8 4 2 6 20 13 11 14 15 16 9 5 17 12 19 1 
0 2
1 21
2 8
3 1
4 7
5 17
6 9
7 4
8 6
9 16
10 3
11 12
12 19
13 11
14 13
15 14
16 15
17 18
18 5
19 20
20 10
21 0
SIMILAR

10 11 6 16 15 19 0 2 8 3 12 13 1 17 7 20 14 21 4 18 9 5 
0 6
1 12
2 7
3 9
4 18
5 21
6 2
7 14
8 8
9 20
10 0
11 1
12 10
13 11
14 16
15 4
16 3
17 13
18 19
19 5
20 15
21 17
SIMILAR

4 14 20 3 0 1 21 6 2 11 13 5 18 19 9 7 10 8 17 16 12 15 
0 4
1 5
2 8
3 3
4 0
5 11
6 7
7 15
8 17
9 14
10 16
11 9
12 20
13 10
14 1
15 21
16 19
17 18
18 12
19 13
20 2
21 6
SIMILAR

18 21 13 1 14 7 10 19 11 12 20 2 8 3 5 17 6 16 15 9 4 0 
0 21
1 3
2 11
3 13
4 20
5 14
6 16
7 5
8 12
9 19
10 6
11 8
12 9
13 2
14 4
15 18
16 17
17 15
18 0
19 7
20 10
21 1
SIMILAR

11 3 2 12 0 14 21 17 1 13 9 6 8 15 16 20 18 7 19 4 5 10 
0 4
1 8
2 2
3 1
4 19
5 20
6 11
7 17
8 12
9 10
10 21
11 0
12 3
13 9
14 5
15 13
16 14
17 7
18 16
19 18
20 15
21 6
SIMILAR

4 2 10 8 14 21 12 5 13 6 16 19 18 15 20 0 3 7 17 11 1 9 
0 15
1 20
2 1
3 16
4 0
5 7
6 9
7 17
8 3
9 21
10 2
11 19
12 6
13 8
14 4
15 13
16 10
17 18
18 12
19 11
20 14
21 5
SIMILAR

14 7 18 20 4 3 5 13 8 21 15 16 0 6 12 11 2 9 19 1 17 10 
0 12
1 19
2 16
3 5
4 4
5 6
6 13
7 1
8 8
9 17
10 21
11 15
12 14
13 7
14 0
15 10
16 11
17 20
18 2
19 18
20 3
21 9
SIMILAR

17 19 21 10 7 2 16 15 14 9 3 13 1 0 20 4 6 8 5 18 11 12 
0 13
1 12
2 5
3 10
4 15
5 18
6 16
7 4
8 17
9 9
10 3
11 20
12 21
13 11
14 8
15 7
16 6
17 0
18 19
19 1
20 14
21 2
SIMILAR

8 9 15 12 6 2 13 16 20 3 5 11 19 7 17 1 0 21 4 10 18 14 
0 16
1 15
2 5
3 9
4 18
5 10
6 4
7 13
8 0
9 1
10 19
11 11
12 3
13 6
14 21
15 2
16 7
17 14
18 20
19 12
20 8
21 17
SIMILAR

17 14 6 15 21 13 2 10 12 8 0 7 19 3 16 18 4 5 9 20 1 11 
0 10
1 20
2 6
3 13
4 16
5 17
6 2
7 11
8 9
9 18
10 7
11 21
12 8
13 5
14 1
15 3
16 14
17 0
18 15
19 12
20 19
21 4
SIMILAR

20 12 14 4 15 17 1 18 9 16 3 13 19 8 21 5 2 0 11 6 10 7 
0 17
1 6
2 16
3 10
4 3
5 15
6 19
7 21
8 13
9 8
10 20
11 18
12 1
13 11
14 2
15 4
16 9
17 5
18 7
19 12
20 0
21 14
SIMILAR

7 13 16 5 21 12 18 11 10 3 14 9 8 15 17 2 6 19 20 4 1 0 
0 21
1 20
2 15
3 9
4 19
5 3
6 16
7 0
8 12
9 11
10 8
11 7
12 5
13 1
14 10
15 13
16 2
17 14
18 6
19 17
20 18
21 4
SIMILAR

16 17 14 6 2 8 12 5 11 3 18 0 13 21 15 9 7 20 4 1 19 10 
0 11
1 19
2 4
3 9
4 18
5 7
6 3
7 16
8 5
9 15
10 21
11 8
12 6
13 12
14 2
15 14
16 0
17 1
18 10
19 20
20 17
21 13
SIMILAR

6 5 13 8 16 2 9 1 7 21 10 3 17 20 18 4 11 12 19 14 0 15 
0 20
1 7
2 5
3 11
4 15
5 1
6 0
7 8
8 3
9 6
10 10
11 16
12 17
13 2
14 19
15 21
16 4
17 12
18 14
19 18
20 13
21 9
SIMILAR

21 10 15 7 16 14 20 18 17 8 0 1 9 11 5 19 4 2 12 13 3 6 
0 10
1 11
2 17
3 20
4 16
5 14
6 21
7 3
8 9
9 12
10 1
11 13
12 18
13 19
14 5
15 2
16 4
17 8
18 7
19 15
20 6
21 0
SIMILAR

11 15 19 9 13 0 14 4 18 6 7 8 17 2 20 10 21 1 12 5 3 16 
0 5
1 17
2 13
3 20
4 7
5 19
6 9
7 10
8 11
9 3
10 15
11 0
12 18
13 4
14 6
15 1
16 21
17 12
18 8
19 2
20 14
21 16
SIMILAR

14 18 9 15 6 12 11 17 20 13 2 7 16 3 21 1 4 19 8 5 10 0 
0 21
1 15
2 10
3 13
4 16
5 19
6 4
7 11
8 18
9 2
10 20
11 6
12 5
13 9
14 0
15 3
16 12
17 7
18 1
19 17
20 8
21 14
SIMILAR

19 14 1 11 4 9 7 21 20 15 12 6 2 13 10 17 5 16 3 18 0 8 
0 20
1 2
2 12
3 18
4 4
5 16
6 11
7 6
8 21
9 5
10 14
11 3
12 10
13 13
14 1
15 9
16 17
17 15
18 19
19 0
20 8
21 7
SIMILAR

7 15 19 6 21 5 10 18 16 13 11 8 20 9 2 14 3 17 4 1 12 0 
0 21
1 19
2 14
3 16
4 18
5 5
6 3
7 0
8 11
9 13
10 6
11 10
12 20
13 9
14 15
15 1
16 8
17 17
18 7
19 2
20 12
21 4
SIMILAR

18 20 12 2 1 6 13 11 21 10 15 4 14 3 7 8 17 19 9 16 0 5 
0 20
1 4
2 3
3 13
4 11
5 21
6 5
7 14
8 15
9 18
10 9
11 7
12 2
13 6
14 12
15 10
16 19
17 16
18 0
19 17
20 1
21 8
SIMILAR

6 11 19 12 13 14 21 0 20 8 4 1 17 5 3 18 7 9 16 2 10 15 
0 7
1 11
2 19
3 14
4 10
5 13
6 0
7 16
8 9
9 17
10 20
11 1
12 3
13 4
14 5
15 21
16 18
17 12
18 15
19 2
20 8
21 6
SIMILAR

2 10 19 1 0 9 17 15 11 6 8 21 13 20 16 5 18 12 4 7 3 14 
0 4
1 3
2 0
3 20
4 18
5 15
6 9
7 19
8 10
9 5
10 1
11 8
12 17
13 12
14 21
15 7
16 14
17 6
18 16
19 2
20 13
21 11
SIMILAR

10 21 7 12 5 14 15 0 19 9 8 17 2 11 4 6 3 20 18 13 1 16 
0 7
1 20
2 12
3 16
4 14
5 4
6 15
7 2
8 10
9 9
10 0
11 13
12 3
13 19
14 5
15 6
16 21
17 11
18 18
19 8
20 17
21 1
SIMILAR

16 17 14 7 6 10 13 15 21 1 12 8 11 2 19 4 20 18 9 3 0 5 
0 20
1 9
2 13
3 19
4 15
5 21
6 4
7 3
8 11
9 18
10 5
11 12
12 10
13 6
14 2
15 7
16 0
17 1
18 17
19 14
20 16
21 8
SIMILAR

12 11 17 15 14 21 4 16 3 2 9 20 1 19 18 5 7 0 10 13 8 6 
0 17
1 12
2 9
3 8
4 6
5 15
6 21
7 16
8 20
9 10
10 18
11 1
12 0
13 19
14 4
15 3
16 7
17 2
18 14
19 13
20 11
21 5
SIMILAR

19 18 5 15 10 3 13 6 11 7 8 4 2 16 20 9 21 1 12 17 0 14 
0 20
1 17
2 12
3 5
4 11
5 2
6 7
7 9
8 10
9 15
10 4
11 8
12 18
13 6
14 21
15 3
16 13
17 19
18 1
19 0
20 14
21 16
SIMILAR

8 17 4 20 6 12 10 7 15 14 5 13 1 2 0 11 19 3 9 21 18 16 
0 14
1 12
2 13
3 17
4 2
5 10
6 4
7 7
8 0
9 18
10 6
11 15
12 5
13 11
14 9
15 8
16 21
17 1
18 20
19 16
20 3
21 19
SIMILAR

16 6 13 18 21 19 3 9 11 12 0 10 4 2 7 1 5 14 15 17 20 8 
0 10
1 15
2 13
3 6
4 12
5 16
6 1
7 14
8 21
9 7
10 11
11 8
12 9
13 2
14 17
15 18
16 0
17 19
18 3
19 5
20 20
21 4
SIMILAR

10 19 5 14 11 17 3 9 12 16 15 18 20 0 6 1 2 4 21 7 13 8 
0 13
1 15
2 16
3 6
4 17
5 2
6 14
7 19
8 21
9 7
10 0
11 4
12 8
13 20
14 3
15 10
16 9
17 5
18 11
19 1
20 12
21 18
SIMILAR

21 11 18 1 2 7 15 19 6 3 12 0 14 17 9 20 10 5 13 16 4 8 
0 11
1 3
2 4
3 9
4 20
5 17
6 8
7 5
8 21
9 14
10 16
11 1
12 10
13 18
14 12
15 6
16 19
17 13
18 2
19 7
20 15
21 0
SIMILAR

12 19 11 0 15 16 3 8 13 20 5 14 7 2 18 17 9 4 10 6 21 1 
0 3
1 21
2 13
3 6
4 17
5 10
6 19
7 12
8 7
9 16
10 18
11 2
12 0
13 8
14 11
15 4
16 5
17 15
18 14
19 1
20 9
21 20
SIMILAR

14 8 16 9 1 10 11 17 4 21 5 13 0 15 20 3 18 19 12 2 7 6 
0 12
1 4
2 19
3 15
4 8
5 10
6 21
7 20
8 1
9 3
10 5
11 6
12 18
13 11
14 0
15 13
16 2
17 7
18 16
19 17
20 14
21 9
SIMILAR

14 19 6 1 5 16 0 11 21 9 18 8 15 3 17 13 10 20 4 7 12 2 
0 6
1 3
2 21
3 13
4 18
5 4
6 2
7 19
8 11
9 9
10 16
11 7
12 20
13 15
14 0
15 12
16 5
17 14
18 10
19 1
20 17
21 8
SIMILAR

3 14 1 19 15 6 2 7 13 0 12 20 21 18 5 11 9 17 8 10 4 16 
0 9
1 2
2 6
3 0
4 20
5 14
6 5
7 7
8 18
9 16
10 19
11 15
12 10
13 8
14 1
15 4
16 21
17 17
18 13
19 3
20 11
21 12
SIMILAR

12 1 21 9 2 13 7 19 10 11 14 16 20 17 4 0 8 3 15 18 5 6 
0 15
1 1
2 4
3 17
4 14
5 20
6 21
7 6
8 16
9 3
10 8
11 9
12 0
13 5
14 10
15 18
16 11
17 13
18 19
19 7
20 12
21 2
SIMILAR

21 3 14 12 2 9 10 20 16 18 5 17 13 11 8 15 7 6 1 4 19 0 
0 21
1 18
2 4
3 1
4 19
5 10
6 17
7 16
8 14
9 5
10 6
11 13
12 3
13 12
14 2
15 15
16 8
17 11
18 9
19 20
20 7
21 0
SIMILAR

2 21 14 5 0 9 18 1 20 17 11 4 3 13 19 10 7 8 6 12 16 15 
0 4
1 7
2 0
3 12
4 11
5 3
6 18
7 16
8 17
9 5
10 15
11 10
12 19
13 13
14 2
15 21
16 20
17 9
18 6
19 14
20 8
21 1
SIMILAR

0 3 21 7 5 17 15 13 16 8 20 2 18 11 10 14 1 12 6 4 9 19 
0 0
1 16
2 11
3 1
4 19
5 4
6 18
7 3
8 9
9 20
10 14
11 13
12 17
13 7
14 15
15 6
16 8
17 5
18 12
19 21
20 10
21 2
SIMILAR

13 15 14 19 12 9 11 18 7 1 5 8 2 0 4 3 10 6 17 20 21 16 
0 13
1 9
2 12
3 15
4 14
5 10
6 17
7 8
8 11
9 5
10 16
11 6
12 4
13 0
14 2
15 1
16 21
17 18
18 7
19 3
20 19
21 20
SIMILAR

0 3 5 12 18 17 19 11 20 4 9 15 13 21 2 7 14 8 16 6 10 1 
0 0
1 21
2 14
3 1
4 9
5 2
6 19
7 15
8 17
9 10
10 20
11 7
12 3
13 12
14 16
15 11
16 18
17 5
18 4
19 6
20 8
21 13
SIMILAR

4 16 0 12 18 17 11 20 8 10 15 6 9 5 21 13 1 7 14 3 2 19 
0 2
1 16
2 20
3 19
4 0
5 13
6 11
7 17
8 8
9 12
10 9
11 6
12 3
13 15
14 18
15 10
16 1
17 5
18 4
19 21
20 7
21 14
SIMILAR

10 16 2 6 0 20 4 11 21 18 14 13 3 12 1 15 8 9 5 17 19 7 
0 4
1 14
2 2
3 12
4 6
5 18
6 3
7 21
8 16
9 17
10 0
11 7
12 13
13 11
14 10
15 15
16 1
17 19
18 9
19 20
20 5
21 8
SIMILAR

7 0 21 20 18 12 16 5 1 4 9 10 3 17 19 8 11 2 15 6 13 14 
0 1
1 8
2 17
3 12
4 9
5 7
6 19
7 0
8 15
9 10
10 11
11 16
12 5
13 20
14 21
15 18
16 6
17 13
18 4
19 14
20 3
21 2
SIMILAR
100 0
3000 0
183000 0
