80
0 0 1 1 1 0 1 1 0 1 0 0 1 1 0 1 1 1 1 0 0 1 1 0 0 1 0 1 1 0 0 0 0 1 0 0 0 0 0 0 1 0 1 0 0 1 1 1 1 1 1 1 1 0 0 0 1 0 1 1 1 0 0 1 1 1 0 0 1 0 0 1 1 0 0 0 0 0 0 1 
0 0 1 1 0 1 1 1 0 0 0 1 1 1 1 1 0 0 0 0 1 0 1 1 1 0 1 0 1 1 0 1 0 1 0 0 0 1 1 0 1 1 1 0 1 0 0 1 0 1 0 1 0 0 0 1 1 1 0 0 1 0 0 1 0 0 0 0 0 1 1 1 0 1 0 1 0 0 0 0 
1 1 0 1 1 0 0 0 1 0 1 1 0 0 0 1 0 0 0 0 0 0 1 1 0 0 0 1 0 1 1 1 1 1 1 1 0 0 0 1 1 1 1 1 0 0 0 0 1 0 0 0 0 0 1 0 1 0 1 0 0 1 1 0 0 1 1 0 1 1 0 0 1 1 1 1 1 1 0 1 
1 1 1 0 0 0 0 0 0 1 0 0 1 1 1 0 0 0 1 0 0 0 0 1 0 1 0 0 0 0 0 0 0 0 0 0 1 1 0 0 1 0 0 1 1 0 0 1 0 1 1 1 0 1 0 0 0 0 1 1 0 0 0 0 1 0 1 0 1 1 0 1 0 1 0 1 0 1 0 1 
1 0 1 0 0 1 1 1 0 1 0 0 1 0 1 1 0 0 1 0 0 1 1 0 1 0 0 1 0 1 1 0 1 1 1 0 1 1 1 1 0 0 1 0 0 0 1 0 0 0 0 0 0 0 0 0 0 1 0 0 1 0 1 1 0 0 1 0 1 1 0 1 1 0 0 1 0 0 0 0 
0 1 0 0 1 0 1 0 1 0 0 1 0 1 0 1 1 1 0 1 0 0 1 0 1 0 1 1 0 0 0 1 0 0 1 0 1 1 0 1 0 1 1 1 0 1 1 1 0 0 1 0 1 1 1 1 1 0 0 1 0 1 0 0 1 0 1 0 1 1 0 0 0 1 0 0 1 0 1 0 
1 1 0 0 1 1 0 1 0 0 1 1 1 0 0 0 0 0 1 1 0 0 1 0 0 1 0 1 1 0 0 1 1 0 0 1 1 0 1 0 1 0 0 0 1 1 0 0 0 1 1 0 1 0 1 0 1 1 0 0 0 0 0 1 0 0 1 1 1 0 1 1 1 1 1 1 1 1 0 1 
1 1 0 0 1 0 1 0 1 1 1 0 0 1 0 0 0 1 1 1 0 1 1 0 0 1 1 0 1 0 1 0 0 1 0 0 1 0 0 1 1 0 1 0 1 0 1 1 0 1 0 1 1 0 0 0 1 0 0 1 1 1 0 1 0 1 0 1 0 0 1 0 0 1 1 0 0 1 0 1 
0 0 1 0 0 1 0 1 0 0 0 1 0 1 1 0 1 1 1 0 1 1 0 1 0 0 1 1 0 1 0 0 0 1 1 1 1 0 1 1 1 0 1 1 1 0 1 0 1 1 0 1 0 1 1 1 0 1 1 0 0 0 0 0 0 0 0 1 0 0 1 1 1 1 1 0 1 0 0 0 
1 0 0 1 1 0 0 1 0 0 1 0 0 1 1 1 1 0 1 0 0 1 0 1 0 0 0 1 0 1 1 0 1 0 1 1 0 1 0 0 1 1 1 0 1 1 1 1 1 0 1 0 0 1 1 1 0 1 0 1 1 1 0 0 0 0 1 0 0 0 0 0 1 1 1 1 0 0 1 0 
0 0 1 0 0 0 1 1 0 1 0 0 0 1 1 1 0 0 1 0 0 0 1 0 0 0 1 1 0 0 1 1 0 0 1 1 1 1 0 1 0 0 0 0 0 1 1 0 0 0 1 0 0 0 1 1 0 1 0 1 1 0 1 0 1 0 0 0 1 1 1 0 0 1 0 1 1 1 1 1 
0 1 1 0 0 1 1 0 1 0 0 0 0 0 0 0 0 1 1 0 0 0 0 0 1 0 0 0 1 1 1 0 0 0 0 0 0 1 1 1 0 1 1 0 0 0 1 0 1 1 0 0 1 0 1 0 0 1 0 0 0 0 1 0 0 0 1 1 0 0 1 1 1 1 1 0 1 1 0 1 
1 1 0 1 1 0 1 0 0 0 0 0 0 0 0 1 1 1 1 1 1 1 0 0 0 0 1 1 0 0 1 0 1 1 1 1 1 1 1 0 1 1 0 1 1 0 0 0 1 1 0 1 0 0 0 0 0 1 1 1 1 0 1 0 0 1 1 0 1 0 1 0 1 0 0 1 0 0 1 1 
1 1 0 1 0 1 0 1 1 1 1 0 0 0 0 0 1 0 1 1 1 0 0 1 1 1 0 1 1 0 0 1 0 0 0 1 0 1 1 0 0 1 1 0 1 1 1 0 0 0 0 1 0 1 1 0 0 0 1 0 1 1 0 1 1 1 1 1 0 1 1 0 0 1 1 1 1 0 0 1 
0 1 0 1 1 0 0 0 1 1 1 0 0 0 0 1 1 0 0 1 0 1 0 1 1 1 0 0 0 1 1 0 0 0 1 1 0 1 0 1 0 0 1 1 0 1 1 0 0 0 1 0 1 0 1 1 0 1 0 1 1 0 1 1 0 0 0 1 0 1 1 0 1 1 1 1 0 1 0 0 
1 1 1 0 1 1 0 0 0 1 1 0 1 0 1 0 0 1 0 0 0 1 1 1 1 0 1 0 0 0 1 0 1 0 1 0 0 1 1 0 0 1 1 1 1 0 0 1 0 1 0 1 0 0 0 1 1 0 0 1 0 0 1 1 1 1 1 1 0 0 0 0 1 1 0 1 1 0 1 0 
1 0 0 0 0 1 0 0 1 1 0 0 1 1 1 0 0 0 1 1 0 1 1 1 0 1 0 1 1 1 1 1 1 1 0 0 0 0 1 0 0 1 1 1 0 0 0 1 0 0 0 0 0 1 0 0 1 0 1 1 0 1 0 0 0 0 1 1 1 1 0 0 1 1 0 1 0 0 1 0 
1 0 0 0 0 1 0 1 1 0 0 1 1 0 0 1 0 0 0 1 0 0 1 1 0 0 0 0 1 0 0 1 1 0 1 0 1 0 0 1 1 0 0 1 1 1 1 0 0 1 1 0 0 0 1 0 1 0 0 1 1 1 1 1 0 0 1 0 0 0 1 0 0 1 0 0 0 0 1 1 
1 0 0 1 1 0 1 1 1 1 1 1 1 1 0 0 1 0 0 1 0 1 1 1 1 1 0 1 0 1 0 0 0 1 1 0 0 1 1 1 1 1 1 1 0 0 1 0 1 0 1 1 0 1 0 0 0 1 1 1 1 1 0 0 0 0 1 1 0 0 1 1 0 0 1 1 1 1 0 0 
0 0 0 0 0 1 1 1 0 0 0 0 1 1 1 0 1 1 1 0 1 1 0 0 1 0 1 1 0 1 0 1 0 1 0 0 1 1 1 1 1 0 0 0 1 0 0 1 0 0 1 1 1 0 1 1 0 1 0 0 0 1 1 0 1 0 0 1 0 0 1 1 1 0 1 1 1 1 0 1 
0 1 0 0 0 0 0 0 1 0 0 0 1 1 0 0 0 0 0 1 0 1 1 1 1 0 1 1 0 1 1 1 0 1 1 1 0 0 0 0 1 1 1 0 1 1 1 1 1 0 1 0 1 0 1 1 0 1 0 0 1 0 0 1 1 1 1 0 1 1 1 0 1 1 0 0 1 0 0 0 
1 0 0 0 1 0 0 1 1 1 0 0 1 0 1 1 1 0 1 1 1 0 1 1 1 1 1 1 1 1 1 0 1 0 1 1 1 1 1 1 1 0 1 0 1 1 0 1 1 1 0 0 0 1 1 1 1 1 1 0 1 0 1 1 1 1 0 0 1 1 0 1 0 0 0 1 1 0 1 0 
1 1 1 0 1 1 1 1 0 0 1 0 0 0 0 1 1 1 1 0 1 1 0 1 0 0 1 1 1 0 1 1 0 0 1 0 0 1 1 0 0 0 0 1 1 1 0 0 1 1 0 0 0 0 1 0 1 1 1 0 0 1 0 1 1 0 0 1 1 0 0 0 0 1 1 0 1 1 0 1 
0 1 1 1 0 0 0 0 1 1 0 0 0 1 1 1 1 1 1 0 1 1 1 0 1 1 0 0 0 1 1 0 0 0 0 0 0 0 1 1 0 1 0 1 1 0 1 1 1 0 1 0 1 1 0 0 0 0 0 1 0 0 1 1 1 1 0 0 0 0 1 1 1 0 0 1 0 0 1 1 
0 1 0 0 1 1 0 0 0 0 0 1 0 1 1 1 0 0 1 1 1 1 0 1 0 1 1 0 0 1 1 0 1 1 1 0 1 0 0 0 1 0 0 1 1 1 0 1 0 1 1 0 0 0 1 0 0 1 0 1 1 0 0 1 0 0 1 1 1 0 1 1 1 1 0 0 0 1 0 0 
1 0 0 1 0 0 1 1 0 0 0 0 0 1 1 0 1 0 1 0 0 1 0 1 1 0 0 1 0 1 1 1 1 1 0 1 0 0 0 1 1 1 1 0 1 0 0 1 1 0 1 0 1 0 1 1 1 0 1 1 0 0 0 1 1 0 0 1 1 1 0 0 1 1 0 1 1 1 0 0 
0 1 0 0 0 1 0 1 1 0 1 0 1 0 0 1 0 0 0 1 1 1 1 0 1 0 0 1 0 1 0 1 1 1 0 0 0 1 1 1 1 0 0 0 0 0 1 1 0 0 1 0 0 1 1 1 1 1 0 0 1 1 0 0 0 1 0 1 0 0 1 1 1 0 1 0 0 0 1 1 
1 0 1 0 1 1 1 0 1 1 1 0 1 1 0 0 1 0 1 1 1 1 1 0 0 1 1 0 1 1 1 0 1 0 1 1 0 0 1 1 0 1 1 1 0 0 1 1 1 1 0 1 0 0 0 0 1 1 1 1 1 1 1 1 1 1 0 0 0 1 1 1 1 0 0 1 1 1 0 1 
1 1 0 0 0 0 1 1 0 0 0 1 0 1 0 0 1 1 0 0 0 1 1 0 0 0 0 1 0 1 0 1 1 0 1 0 1 0 1 1 1 0 1 0 1 1 1 0 1 1 1 0 0 1 1 0 1 0 0 0 1 1 1 0 1 1 1 0 1 1 0 1 0 1 0 0 0 0 1 1 
0 1 1 0 1 0 0 0 1 1 0 1 0 0 1 0 1 0 1 1 1 1 0 1 1 1 1 1 1 0 1 1 1 0 0 0 0 1 1 1 0 1 0 0 0 1 0 1 1 0 1 0 0 1 0 1 0 1 0 0 0 0 0 0 1 1 0 1 0 0 0 0 0 1 1 1 1 1 0 0 
0 0 1 0 1 0 0 1 0 1 1 1 1 0 1 1 1 0 0 0 1 1 1 1 1 1 0 1 0 1 0 1 0 0 0 1 1 1 0 0 0 0 1 0 1 1 0 0 0 0 0 0 1 1 0 1 1 1 0 0 1 1 0 1 1 0 1 1 1 1 1 1 0 0 0 0 0 1 1 1 
0 1 1 0 0 1 1 0 0 0 1 0 0 1 0 0 1 1 0 1 1 0 1 0 0 1 1 0 1 1 1 0 1 0 0 0 0 0 1 0 0 0 1 0 1 0 1 0 0 0 1 0 0 1 1 0 1 0 1 0 0 0 1 1 1 0 0 1 0 1 0 0 0 1 1 1 1 1 1 0 
0 0 1 0 1 0 1 0 0 1 0 0 1 0 0 1 1 1 0 0 0 1 0 0 1 1 1 1 1 1 0 1 0 1 1 1 1 0 0 0 0 1 1 0 0 0 0 0 1 1 1 1 0 1 0 1 1 0 1 1 1 1 0 0 0 1 0 1 0 1 1 0 0 1 0 0 0 0 1 0 
1 1 1 0 1 0 0 1 1 0 0 0 1 0 0 0 1 0 1 1 1 0 0 0 1 1 1 0 0 0 0 0 1 0 0 1 0 0 1 0 1 0 0 1 0 0 0 0 1 0 0 1 1 0 1 0 0 1 1 0 0 1 0 0 1 1 1 0 0 0 0 1 1 1 0 1 1 1 0 1 
0 0 1 0 1 1 0 0 1 1 1 0 1 0 1 1 0 1 1 0 1 1 1 0 1 0 0 1 1 0 0 0 1 0 0 0 1 0 1 1 0 0 0 0 1 1 1 0 0 0 0 1 1 0 0 1 0 1 0 0 0 1 1 1 0 0 0 0 0 1 1 1 1 1 1 0 1 1 0 0 
0 0 1 0 0 0 1 0 1 1 1 0 1 1 1 0 0 0 0 0 1 1 0 0 0 1 0 1 0 0 1 0 1 1 0 0 0 1 1 1 1 0 0 0 0 0 0 1 0 0 1 0 1 0 1 0 1 1 0 1 0 1 1 0 0 0 1 0 0 1 0 0 1 0 1 0 1 0 0 0 
0 0 0 1 1 1 1 1 1 0 1 0 1 0 0 0 0 1 0 1 0 1 0 0 1 0 0 0 1 0 1 0 1 0 1 0 0 1 1 1 1 1 0 1 0 1 1 1 0 1 0 0 0 0 1 1 1 1 0 1 0 0 0 0 1 1 1 0 1 0 0 1 1 1 0 1 0 1 1 0 
0 1 0 1 1 1 0 0 0 1 1 1 1 1 1 1 0 0 1 1 0 1 1 0 0 0 1 0 0 1 1 0 0 0 0 1 1 0 0 0 0 1 0 0 1 1 0 0 1 1 1 1 1 0 0 1 1 0 1 1 0 1 0 0 1 1 0 1 0 0 0 0 1 1 0 1 0 1 0 0 
0 1 0 0 1 0 1 0 1 0 0 1 1 1 0 1 1 0 1 1 0 1 1 1 0 0 1 1 1 1 0 1 0 1 1 1 1 0 0 1 0 0 0 1 1 0 1 0 1 0 0 0 1 1 0 1 1 0 0 1 0 0 0 1 0 1 1 1 1 0 0 0 0 1 0 0 1 1 0 1 
0 0 1 0 1 1 0 1 1 0 1 1 0 0 1 0 0 1 1 1 0 1 0 1 0 1 1 1 1 1 0 0 0 0 1 1 1 0 1 0 1 0 0 0 0 1 0 1 1 1 1 0 0 0 0 1 0 0 1 1 1 0 1 1 0 0 0 1 0 0 0 0 1 1 1 0 1 1 1 0 
1 1 1 1 0 0 1 1 1 1 0 0 1 0 0 0 0 1 1 1 1 1 0 0 1 1 1 0 1 0 0 0 0 1 0 1 1 0 0 1 0 0 0 0 0 0 0 0 1 0 1 1 1 1 1 0 0 0 1 0 1 1 0 0 1 1 0 0 0 1 1 0 0 1 0 1 0 1 1 1 
0 1 1 0 0 1 0 0 0 1 0 1 1 1 0 1 1 0 1 0 1 0 0 1 0 1 0 1 0 1 0 0 1 0 0 0 1 1 0 0 0 0 0 1 0 0 0 1 1 0 1 1 0 0 0 0 1 0 0 1 1 0 1 0 0 1 1 0 0 0 1 0 0 1 1 1 1 0 0 0 
1 1 1 0 1 1 0 1 1 1 0 1 0 1 1 1 1 0 1 0 1 1 0 0 0 1 0 1 1 0 1 1 1 0 0 0 0 0 0 0 0 0 0 1 0 1 1 0 0 0 0 0 1 1 0 0 1 0 0 1 0 0 1 1 1 0 1 0 0 1 0 0 0 0 1 0 1 0 0 0 
0 0 1 1 0 1 0 0 1 0 0 0 1 0 1 1 1 1 1 0 0 0 1 1 1 0 0 1 0 0 0 0 0 1 0 0 1 0 1 0 0 1 1 0 0 1 0 0 0 1 1 0 0 1 1 0 0 1 0 0 0 0 0 1 1 0 0 0 0 1 0 0 1 0 1 0 0 0 0 1 
0 1 0 1 0 0 1 1 1 1 0 0 1 1 0 1 0 1 0 1 1 1 1 1 1 1 0 0 1 0 1 1 0 0 1 0 0 1 1 0 0 0 0 0 0 0 1 0 1 0 0 0 1 0 0 0 1 1 0 0 1 0 1 0 1 0 0 1 1 1 1 1 0 0 0 0 0 0 1 1 
1 0 0 0 0 1 1 0 0 1 1 0 0 1 1 0 0 1 0 0 1 1 1 0 1 0 0 0 1 1 1 0 0 0 1 0 1 1 0 1 0 0 1 1 0 0 1 1 1 0 1 1 1 0 1 0 0 0 1 0 0 1 1 0 0 0 1 1 1 0 0 1 1 1 0 1 0 1 1 1 
1 0 0 0 1 1 0 1 1 1 1 1 0 1 1 0 0 1 1 0 1 0 0 1 0 0 1 1 1 0 0 1 0 0 1 0 1 0 1 0 0 0 1 0 1 1 0 1 0 0 0 0 0 1 1 1 1 1 1 0 1 1 0 1 1 0 0 0 0 0 0 1 0 0 0 0 0 1 1 1 
1 1 0 1 0 1 0 1 0 1 0 0 0 0 0 1 1 0 0 1 1 1 0 1 1 1 1 1 0 1 0 0 0 0 0 1 1 0 0 1 0 1 0 0 0 1 1 0 0 0 0 1 1 1 1 0 1 1 0 0 0 0 0 0 0 0 0 0 0 1 1 0 1 1 0 0 1 1 0 1 
1 0 1 0 0 0 0 0 1 1 0 1 1 0 0 0 0 0 1 0 1 1 1 1 0 1 0 1 1 1 0 0 1 1 0 0 0 1 1 1 1 1 0 0 1 1 0 0 0 0 1 0 1 1 1 1 1 0 1 1 0 1 1 0 0 0 1 0 0 0 0 1 1 1 1 0 0 0 0 0 
1 1 0 1 0 0 1 1 1 0 0 1 1 0 0 1 0 1 0 0 0 1 1 0 1 0 0 1 1 0 0 0 1 0 0 0 1 1 0 1 0 0 0 1 0 0 0 0 0 0 1 0 1 0 0 0 1 1 1 1 1 1 1 0 0 1 0 0 1 1 0 1 0 1 1 0 0 0 1 1 
1 0 0 1 0 1 1 0 0 1 1 0 0 0 1 0 0 1 1 1 1 0 0 1 1 1 1 0 1 1 0 1 1 0 0 1 0 1 0 1 1 1 0 1 0 1 0 0 1 1 0 0 1 0 0 0 0 0 1 0 0 0 1 1 1 0 1 0 1 1 0 0 0 0 1 1 1 0 1 1 
1 1 0 1 0 0 0 1 1 0 0 0 1 1 0 1 0 0 1 1 0 0 0 0 0 0 0 1 0 0 0 0 1 1 1 0 0 1 0 0 1 1 0 0 0 1 0 1 0 0 0 0 1 0 1 1 1 0 0 0 1 1 0 0 0 0 1 1 0 1 0 0 1 1 0 0 0 0 0 1 
1 0 0 0 0 1 1 1 0 0 0 1 0 0 1 0 0 0 0 1 1 0 0 1 0 1 0 0 0 0 1 0 0 1 1 1 0 1 1 0 1 0 1 0 1 1 0 1 1 1 1 1 0 0 0 1 1 1 1 0 1 1 0 1 1 1 1 0 1 1 1 1 1 1 0 1 0 1 1 1 
0 0 0 1 0 1 0 0 1 1 0 0 0 1 0 0 1 0 1 0 0 1 0 1 0 0 1 0 1 1 1 1 1 0 0 0 0 0 1 0 1 0 1 1 0 0 1 1 1 0 0 0 0 0 1 0 1 1 0 0 0 0 1 1 0 1 1 0 1 0 0 1 1 1 0 0 1 1 1 1 
0 0 1 0 0 1 1 0 1 1 1 1 0 1 1 0 0 1 0 1 1 1 1 0 1 1 1 0 1 0 0 1 0 1 0 1 1 0 0 0 1 0 0 1 0 1 1 1 1 0 0 1 0 1 0 0 0 0 1 1 0 1 1 1 0 1 1 0 1 0 1 0 1 1 0 1 1 1 1 1 
0 1 0 0 0 1 0 0 1 1 1 0 0 0 1 1 0 0 0 1 1 1 0 0 0 1 1 0 0 1 1 0 1 0 1 0 1 1 1 1 0 0 0 0 0 0 1 0 1 0 0 1 1 0 0 0 1 1 1 1 1 1 1 0 1 0 0 1 0 1 0 0 0 1 1 1 0 0 0 1 
1 1 1 0 0 1 1 1 0 0 0 0 0 0 0 1 1 1 0 0 0 1 1 0 0 1 1 1 1 0 1 1 1 0 0 1 1 1 1 0 0 1 1 0 1 0 1 1 1 1 0 1 1 1 0 1 0 0 1 0 1 0 0 0 1 1 0 1 1 0 1 0 0 1 0 0 1 1 1 0 
0 1 0 0 1 0 1 0 1 1 1 1 1 0 1 0 0 0 1 1 1 1 1 0 1 0 1 1 0 1 1 0 0 1 1 1 1 0 0 0 0 0 0 1 1 0 1 1 0 1 0 0 1 1 0 1 0 0 0 0 1 0 0 1 1 0 1 0 0 0 1 0 0 0 1 0 1 0 0 0 
1 0 1 1 0 0 0 0 1 0 0 0 1 1 0 0 1 0 1 0 0 1 1 0 0 1 0 1 0 0 0 1 1 1 0 0 0 1 0 1 1 0 0 0 0 1 1 0 1 1 1 0 1 0 1 1 1 0 0 1 1 1 1 1 0 1 1 1 0 1 0 1 0 1 1 0 1 0 1 0 
1 0 0 1 0 1 0 1 0 1 1 0 1 0 1 1 1 1 1 0 0 0 0 1 1 1 0 1 0 0 0 0 1 0 0 1 1 1 1 1 0 1 1 0 0 0 0 0 1 1 0 0 0 0 1 1 0 0 1 0 0 1 0 0 0 1 0 1 0 1 1 1 1 1 0 1 1 0 1 0 
1 1 0 0 1 0 0 1 0 1 1 0 1 1 1 0 0 1 1 0 1 1 0 0 1 0 1 1 1 0 1 0 1 0 0 0 0 0 0 1 1 1 0 0 1 0 1 0 0 1 0 1 1 0 0 1 1 1 1 0 0 1 0 0 1 1 1 1 0 0 0 0 1 0 1 1 0 1 1 1 
0 0 1 0 0 1 0 1 0 1 0 0 0 1 0 0 1 1 1 1 0 0 1 0 0 0 1 1 1 0 1 0 1 1 1 1 0 1 0 0 1 0 0 0 0 1 1 0 1 1 0 1 1 0 1 1 0 0 1 1 1 0 1 1 1 1 1 1 1 1 1 1 0 0 1 1 0 0 1 1 
0 0 1 0 1 0 0 0 0 0 1 1 1 0 1 1 0 1 0 1 0 1 0 1 0 0 0 1 1 0 0 1 0 0 1 1 0 0 0 1 0 1 1 0 1 1 0 0 1 1 1 0 0 1 1 1 0 0 1 0 0 1 0 1 0 0 1 1 0 0 0 1 1 1 0 0 0 1 1 1 
1 1 0 0 1 0 1 1 0 0 0 0 0 1 1 1 0 1 0 0 1 1 1 1 1 1 0 1 0 0 1 1 0 0 1 0 0 0 1 1 0 0 1 1 0 0 1 0 0 0 1 0 1 1 1 0 0 1 1 0 0 1 1 0 1 0 1 1 1 1 0 0 0 0 1 1 1 1 0 0 
1 0 0 1 0 1 0 0 0 0 1 0 0 1 0 1 0 0 0 1 1 1 1 1 0 1 0 1 1 1 1 1 0 1 0 0 1 1 0 0 1 0 1 1 1 0 1 0 0 0 1 0 1 0 0 1 1 1 0 0 1 1 0 1 0 0 1 0 0 1 1 0 0 0 0 0 0 1 0 0 
1 0 1 0 0 0 0 1 0 0 0 0 1 1 0 1 0 0 0 0 1 1 0 1 0 0 1 1 1 1 0 0 1 1 0 0 1 1 1 0 1 1 0 0 0 0 0 0 0 1 0 0 1 1 1 0 1 0 1 1 1 1 0 0 0 0 1 1 0 0 0 0 1 0 1 1 0 1 0 0 
0 0 1 1 1 1 1 0 0 1 0 1 1 1 0 1 1 1 1 0 1 0 0 0 1 0 0 0 1 0 1 0 0 1 0 1 1 0 1 0 0 1 1 0 0 1 0 0 1 0 1 1 1 1 1 0 0 1 1 0 1 1 1 1 1 1 0 0 0 1 1 1 0 1 1 0 0 0 1 0 
0 0 0 0 0 0 1 1 1 0 0 1 0 1 1 1 1 0 1 1 0 0 1 0 1 1 1 0 0 1 1 1 1 0 0 0 0 1 1 1 0 0 0 0 1 1 0 0 0 0 0 1 0 0 0 1 1 0 1 1 1 1 1 1 0 1 0 0 0 1 1 1 1 0 0 1 0 1 0 0 
1 0 1 1 1 1 1 0 0 0 1 0 1 0 0 0 1 0 0 0 1 1 1 0 1 1 0 0 1 0 1 0 0 0 0 0 1 0 1 0 0 0 0 0 1 1 0 0 0 1 1 0 1 1 1 0 1 0 0 0 0 1 0 1 0 0 0 0 0 1 0 0 0 0 1 1 1 1 1 0 
0 1 1 1 1 1 0 0 0 0 1 0 0 1 1 0 1 0 0 0 1 1 0 0 0 1 0 1 1 0 1 1 1 0 1 1 0 0 0 0 1 0 1 1 1 0 0 1 0 1 1 1 1 0 0 1 0 0 1 1 0 1 0 1 1 0 1 1 1 0 1 0 1 0 0 0 0 1 0 1 
0 1 0 0 0 0 1 1 1 0 1 1 1 1 1 0 0 1 1 1 1 0 0 1 1 0 1 1 0 0 1 0 1 0 1 0 0 0 0 0 1 1 0 0 1 0 0 1 0 0 0 0 1 0 1 0 1 1 0 1 0 1 0 0 1 0 1 1 0 1 0 0 0 1 0 1 0 0 0 0 
1 1 0 1 1 0 1 0 1 0 0 1 0 0 0 0 0 0 1 1 0 1 0 1 1 0 1 1 1 0 1 0 0 1 1 0 1 0 0 0 0 0 0 0 1 1 1 0 1 1 0 0 1 1 0 0 0 0 1 1 0 1 1 0 0 0 1 1 0 0 0 0 0 0 1 0 0 1 0 1 
1 0 1 0 1 0 1 0 1 1 0 1 1 0 1 1 1 0 0 1 1 0 0 1 1 1 1 1 0 0 0 0 0 1 1 1 1 1 0 1 0 0 0 1 0 1 0 1 1 0 0 1 1 1 1 0 0 0 0 1 1 0 1 0 0 1 0 1 0 1 0 0 0 0 0 1 1 0 0 0 
0 1 1 1 0 1 1 1 1 1 1 1 0 1 1 1 1 1 0 0 1 0 1 0 1 1 0 0 1 1 0 1 1 1 1 0 1 1 1 1 1 1 0 0 0 1 0 1 1 1 0 1 1 1 1 1 1 0 1 1 0 0 1 0 0 0 1 0 0 0 1 0 0 0 1 1 1 0 1 0 
0 0 1 0 0 0 1 1 1 1 0 1 0 1 1 0 0 0 1 1 0 0 1 0 0 0 1 0 0 1 0 1 0 0 1 1 0 0 0 1 0 1 1 1 0 0 0 0 1 1 1 0 0 0 0 1 0 1 1 0 1 1 0 1 0 1 1 0 1 0 0 1 0 1 0 0 0 0 0 1 
0 1 1 1 1 0 1 0 0 1 1 0 1 1 1 1 1 0 1 1 0 1 0 1 0 1 0 1 0 1 0 1 0 1 0 0 1 1 0 0 1 1 0 0 0 1 0 0 0 0 1 0 1 0 1 1 0 0 0 1 1 1 0 1 0 1 0 1 1 0 1 0 1 1 0 0 0 1 0 0 
0 0 1 0 0 1 1 0 1 0 1 1 0 1 0 1 0 0 1 1 1 1 1 0 0 1 0 1 0 1 0 1 0 1 1 1 0 0 1 1 0 1 1 0 0 0 0 1 0 0 1 0 0 1 1 0 1 1 1 1 0 0 0 1 0 0 0 0 1 0 0 0 1 1 0 0 0 0 1 1 
0 0 1 1 0 0 1 1 0 0 1 1 0 0 1 0 0 0 1 1 0 0 1 0 1 1 0 1 0 1 1 1 0 1 1 0 1 1 1 1 1 0 0 0 0 1 1 1 0 0 0 0 1 1 1 0 1 0 0 0 1 0 1 1 1 1 0 1 1 1 0 1 0 0 0 1 0 0 1 0 
0 0 0 0 0 1 0 0 0 1 1 0 1 0 0 1 1 1 0 0 0 1 0 1 0 0 1 0 1 0 1 1 1 0 0 0 1 0 0 1 1 0 0 0 1 1 1 0 0 1 1 0 1 1 1 0 1 0 1 1 1 1 1 0 0 0 1 0 1 0 0 0 0 1 0 0 1 1 0 1 
1 0 1 1 0 0 1 1 0 0 1 1 1 1 0 0 0 1 0 1 0 0 1 1 0 0 1 1 1 0 1 0 0 1 0 0 0 0 1 0 1 0 0 1 1 1 1 1 0 1 1 1 1 1 1 1 0 0 0 0 1 1 1 0 0 0 0 0 0 1 0 1 0 0 1 0 1 0 1 0 

79 12 32 8 78 39 56 63 51 9 66 28 77 44 3 69 35 57 50 45 11 1 68 48 31 36 19 23 15 25 4 43 14 58 10 54 6 34 52 27 38 37 71 30 73 74 18 7 46 20 75 24 53 49 5 29 60 42 62 55 16 76 59 61 26 2 70 22 13 40 33 21 0 47 65 41 64 67 17 72 
0 72
1 21
2 65
3 14
4 30
5 54
6 36
7 47
8 3
9 9
10 34
11 20
12 1
13 68
14 32
15 28
16 60
17 78
18 46
19 26
20 49
21 71
22 67
23 27
24 51
25 29
26 64
27 39
28 11
29 55
30 43
31 24
32 2
33 70
34 37
35 16
36 25
37 41
38 40
39 5
40 69
41 75
42 57
43 31
44 13
45 19
46 48
47 73
48 23
49 53
50 18
51 8
52 38
53 52
54 35
55 59
56 6
57 17
58 33
59 62
60 56
61 63
62 58
63 7
64 76
65 74
66 10
67 77
68 22
69 15
70 66
71 42
72 79
73 44
74 45
75 50
76 61
77 12
78 4
79 0
SIMILAR

78 59 54 71 45 44 36 22 9 58 72 65 2 35 8 29 0 43 23 38 32 50 4 77 12 42 34 64 5 28 63 26 30 15 47 16 40 73 19 69 27 6 46 20 39 37 74 10 53 66 21 17 11 24 13 49 60 41 62 3 61 70 1 79 25 57 33 18 55 56 52 68 75 51 67 7 14 76 31 48 
0 16
1 62
2 12
3 59
4 22
5 28
6 41
7 75
8 14
9 8
10 47
11 52
12 24
13 54
14 76
15 33
16 35
17 51
18 67
19 38
20 43
21 50
22 7
23 18
24 53
25 64
26 31
27 40
28 29
29 15
30 32
31 78
32 20
33 66
34 26
35 13
36 6
37 45
38 19
39 44
40 36
41 57
42 25
43 17
44 5
45 4
46 42
47 34
48 79
49 55
50 21
51 73
52 70
53 48
54 2
55 68
56 69
57 65
58 9
59 1
60 56
61 60
62 58
63 30
64 27
65 11
66 49
67 74
68 71
69 39
70 61
71 3
72 10
73 37
74 46
75 72
76 77
77 23
78 0
79 63
SIMILAR

73 56 40 27 31 66 38 70 39 22 29 15 8 37 45 60 72 14 24 42 48 62 1 32 28 5 77 46 12 47 34 63 21 10 50 58 61 49 18 59 25 36 33 76 0 65 30 13 9 53 74 43 23 44 7 68 78 2 52 79 20 3 67 41 57 11 17 69 75 51 55 26 35 16 64 4 19 71 54 6 
0 44
1 22
2 57
3 61
4 75
5 25
6 79
7 54
8 12
9 48
10 33
11 65
12 28
13 47
14 17
15 11
16 73
17 66
18 38
19 76
20 60
21 32
22 9
23 52
24 18
25 40
26 71
27 3
28 24
29 10
30 46
31 4
32 23
33 42
34 30
35 72
36 41
37 13
38 6
39 8
40 2
41 63
42 19
43 51
44 53
45 14
46 27
47 29
48 20
49 37
50 34
51 69
52 58
53 49
54 78
55 70
56 1
57 64
58 35
59 39
60 15
61 36
62 21
63 31
64 74
65 45
66 5
67 62
68 55
69 67
70 7
71 77
72 16
73 0
74 50
75 68
76 43
77 26
78 56
79 59
SIMILAR

15 76 2 60 12 8 30 58 66 37 33 79 24 67 70 44 53 6 23 29 39 38 56 40 36 11 10 45 22 13 73 65 5 20 57 0 69 41 26 4 7 19 64 27 17 50 48 55 61 54 28 16 72 63 9 34 14 75 51 25 31 52 74 71 59 32 78 1 62 68 3 21 46 47 35 49 18 43 42 77 
0 35
1 67
2 2
3 70
4 39
5 32
6 17
7 40
8 5
9 54
10 26
11 25
12 4
13 29
14 56
15 0
16 51
17 44
18 76
19 41
20 33
21 71
22 28
23 18
24 12
25 59
26 38
27 43
28 50
29 19
30 6
31 60
32 65
33 10
34 55
35 74
36 24
37 9
38 21
39 20
40 23
41 37
42 78
43 77
44 15
45 27
46 72
47 73
48 46
49 75
50 45
51 58
52 61
53 16
54 49
55 47
56 22
57 34
58 7
59 64
60 3
61 48
62 68
63 53
64 42
65 31
66 8
67 13
68 69
69 36
70 14
71 63
72 52
73 30
74 62
75 57
76 1
77 79
78 66
79 11
SIMILAR

5 44 67 43 69 47 3 39 33 77 25 32 59 21 62 42 6 22 71 29 26 15 50 76 57 20 9 11 45 66 7 38 1 18 46 79 10 4 35 54 2 56 58 55 64 49 34 74 24 37 0 73 31 14 70 12 72 40 28 60 41 23 8 78 51 30 17 52 48 19 61 16 65 75 68 53 13 63 36 27 
0 50
1 32
2 40
3 6
4 37
5 0
6 16
7 30
8 62
9 26
10 36
11 27
12 55
13 76
14 53
15 21
16 71
17 66
18 33
19 69
20 25
21 13
22 17
23 61
24 48
25 10
26 20
27 79
28 58
29 19
30 65
31 52
32 11
33 8
34 46
35 38
36 78
37 49
38 31
39 7
40 57
41 60
42 15
43 3
44 1
45 28
46 34
47 5
48 68
49 45
50 22
51 64
52 67
53 75
54 39
55 43
56 41
57 24
58 42
59 12
60 59
61 70
62 14
63 77
64 44
65 72
66 29
67 2
68 74
69 4
70 54
71 18
72 56
73 51
74 47
75 73
76 23
77 9
78 63
79 35
SIMILAR

60 4 30 65 31 24 47 45 1 33 29 35 62 43 59 49 74 40 42 64 10 78 79 15 53 55 67 44 76 22 6 48 13 0 28 5 34 46 66 73 77 68 20 52 9 32 75 12 63 57 51 70 21 23 50 18 25 8 41 2 61 3 26 27 36 72 19 58 39 54 56 16 38 71 14 17 69 7 37 11 
0 33
1 8
2 59
3 61
4 1
5 35
6 30
7 77
8 57
9 44
10 20
11 79
12 47
13 32
14 74
15 23
16 71
17 75
18 55
19 66
20 42
21 52
22 29
23 53
24 5
25 56
26 62
27 63
28 34
29 10
30 2
31 4
32 45
33 9
34 36
35 11
36 64
37 78
38 72
39 68
40 17
41 58
42 18
43 13
44 27
45 7
46 37
47 6
48 31
49 15
50 54
51 50
52 43
53 24
54 69
55 25
56 70
57 49
58 67
59 14
60 0
61 60
62 12
63 48
64 19
65 3
66 38
67 26
68 41
69 76
70 51
71 73
72 65
73 39
74 16
75 46
76 28
77 40
78 21
79 22
SIMILAR

56 78 57 26 60 54 28 11 7 43 15 53 62 20 12 70 35 10 58 63 49 32 38 66 31 59 16 0 55 64 6 14 52 8 1 42 27 30 2 36 41 51 21 73 68 61 48 79 46 74 23 22 69 25 18 33 34 3 44 47 67 45 19 17 77 24 76 37 5 40 4 39 9 65 72 29 50 71 13 75 
0 27
1 34
2 38
3 57
4 70
5 68
6 30
7 8
8 33
9 72
10 17
11 7
12 14
13 78
14 31
15 10
16 26
17 63
18 54
19 62
20 13
21 42
22 51
23 50
24 65
25 53
26 3
27 36
28 6
29 75
30 37
31 24
32 21
33 55
34 56
35 16
36 39
37 67
38 22
39 71
40 69
41 40
42 35
43 9
44 58
45 61
46 48
47 59
48 46
49 20
50 76
51 41
52 32
53 11
54 5
55 28
56 0
57 2
58 18
59 25
60 4
61 45
62 12
63 19
64 29
65 73
66 23
67 60
68 44
69 52
70 15
71 77
72 74
73 43
74 49
75 79
76 66
77 64
78 1
79 47
SIMILAR

11 67 77 60 61 70 15 54 35 76 12 79 29 45 2 75 33 0 19 26 37 40 7 14 59 22 72 16 34 73 41 46 27 4 13 62 20 5 47 53 24 10 58 30 51 23 55 50 31 63 49 44 64 56 57 69 65 74 36 1 28 17 52 71 8 21 43 42 18 48 3 39 6 38 9 78 32 25 68 66 
0 17
1 59
2 14
3 70
4 33
5 37
6 72
7 22
8 64
9 74
10 41
11 0
12 10
13 34
14 23
15 6
16 27
17 61
18 68
19 18
20 36
21 65
22 25
23 45
24 40
25 77
26 19
27 32
28 60
29 12
30 43
31 48
32 76
33 16
34 28
35 8
36 58
37 20
38 73
39 71
40 21
41 30
42 67
43 66
44 51
45 13
46 31
47 38
48 69
49 50
50 47
51 44
52 62
53 39
54 7
55 46
56 53
57 54
58 42
59 24
60 3
61 4
62 35
63 49
64 52
65 56
66 79
67 1
68 78
69 55
70 5
71 63
72 26
73 29
74 57
75 15
76 9
77 2
78 75
79 11
SIMILAR

72 70 62 48 33 37 34 77 10 12 39 24 23 69 58 51 21 20 35 42 74 41 79 55 9 60 30 11 29 54 43 46 0 49 6 40 13 38 44 53 25 73 59 31 61 2 50 5 66 47 68 64 36 14 56 32 63 45 67 57 76 78 27 22 75 8 4 17 28 15 26 1 7 71 52 18 16 65 3 19 
0 32
1 71
2 45
3 78
4 66
5 47
6 34
7 72
8 65
9 24
10 8
11 27
12 9
13 36
14 53
15 69
16 76
17 67
18 75
19 79
20 17
21 16
22 63
23 12
24 11
25 40
26 70
27 62
28 68
29 28
30 26
31 43
32 55
33 4
34 6
35 18
36 52
37 5
38 37
39 10
40 35
41 21
42 19
43 30
44 38
45 57
46 31
47 49
48 3
49 33
50 46
51 15
52 74
53 39
54 29
55 23
56 54
57 59
58 14
59 42
60 25
61 44
62 2
63 56
64 51
65 77
66 48
67 58
68 50
69 13
70 1
71 73
72 0
73 41
74 20
75 64
76 60
77 7
78 61
79 22
SIMILAR

25 32 44 62 56 73 11 31 36 16 79 67 64 9 24 27 2 50 18 6 4 33 19 61 70 43 22 48 30 40 34 72 15 20 63 76 39 42 12 5 75 41 60 45 28 38 29 58 53 17 23 13 3 21 66 69 51 10 8 59 14 77 57 52 47 55 1 78 54 0 74 71 65 46 26 68 7 49 37 35 
0 69
1 66
2 16
3 52
4 20
5 39
6 19
7 76
8 58
9 13
10 57
11 6
12 38
13 51
14 60
15 32
16 9
17 49
18 18
19 22
20 33
21 53
22 26
23 50
24 14
25 0
26 74
27 15
28 44
29 46
30 28
31 7
32 1
33 21
34 30
35 79
36 8
37 78
38 45
39 36
40 29
41 41
42 37
43 25
44 2
45 43
46 73
47 64
48 27
49 77
50 17
51 56
52 63
53 48
54 68
55 65
56 4
57 62
58 47
59 59
60 42
61 23
62 3
63 34
64 12
65 72
66 54
67 11
68 75
69 55
70 24
71 71
72 31
73 5
74 70
75 40
76 35
77 61
78 67
79 10
SIMILAR
10 0
10 0
310 0
