26
0 0 0 0 1 0 1 1 0 0 0 0 0 1 0 0 1 0 1 0 1 1 1 0 1 1 
0 0 1 0 0 1 1 1 1 1 1 1 1 1 0 0 1 1 0 1 1 1 0 0 0 1 
0 1 0 0 1 0 0 1 1 1 1 1 0 1 1 0 0 0 1 1 1 0 1 0 1 1 
0 0 0 0 0 1 1 0 1 0 1 0 0 0 1 0 1 1 0 1 1 1 1 1 1 0 
1 0 1 0 0 1 0 1 1 0 0 1 0 1 0 1 0 0 1 0 0 1 1 0 0 0 
0 1 0 1 1 0 1 0 0 0 0 1 0 1 0 0 1 0 0 0 0 0 0 0 0 0 
1 1 0 1 0 1 0 1 0 1 0 1 0 1 0 0 1 0 1 1 0 1 0 1 0 1 
1 1 1 0 1 0 1 0 0 0 0 0 1 1 1 1 0 1 0 1 0 1 1 1 1 0 
0 1 1 1 1 0 0 0 0 1 1 1 0 1 1 1 0 1 0 1 0 1 1 1 1 1 
0 1 1 0 0 0 1 0 1 0 1 1 1 0 1 0 0 1 0 1 1 0 0 0 1 1 
0 1 1 1 0 0 0 0 1 1 0 1 0 0 0 1 0 0 1 1 1 1 0 1 0 0 
0 1 1 0 1 1 1 0 1 1 1 0 0 1 1 1 1 1 0 1 1 1 1 1 1 0 
0 1 0 0 0 0 0 1 0 1 0 0 0 1 0 1 0 1 1 1 1 0 1 1 0 1 
1 1 1 0 1 1 1 1 1 0 0 1 1 0 1 0 0 0 1 1 0 1 0 1 0 0 
0 0 1 1 0 0 0 1 1 1 0 1 0 1 0 1 1 0 1 1 0 0 0 1 1 0 
0 0 0 0 1 0 0 1 1 0 1 1 1 0 1 0 1 1 1 0 1 1 1 1 0 1 
1 1 0 1 0 1 1 0 0 0 0 1 0 0 1 1 0 0 1 0 0 0 1 1 0 0 
0 1 0 1 0 0 0 1 1 1 0 1 1 0 0 1 0 0 1 1 1 0 1 1 0 0 
1 0 1 0 1 0 1 0 0 0 1 0 1 1 1 1 1 1 0 0 1 1 1 0 1 0 
0 1 1 1 0 0 1 1 1 1 1 1 1 1 1 0 0 1 0 0 1 1 1 0 1 0 
1 1 1 1 0 0 0 0 0 1 1 1 1 0 0 1 0 1 1 1 0 1 1 1 0 1 
1 1 0 1 1 0 1 1 1 0 1 1 0 1 0 1 0 0 1 1 1 0 0 0 0 1 
1 0 1 1 1 0 0 1 1 0 0 1 1 0 0 1 1 1 1 1 1 0 0 1 0 1 
0 0 0 1 0 0 1 1 1 0 1 1 1 1 1 1 1 1 0 0 1 0 1 0 1 0 
1 0 1 1 0 0 0 1 1 1 0 1 0 0 1 0 0 0 1 1 0 0 0 1 0 1 
1 1 1 0 0 0 1 0 1 1 0 0 1 0 0 1 0 0 0 0 1 1 1 0 1 0 

8 4 24 1 3 14 15 2 11 22 21 16 7 13 18 23 5 10 19 20 25 6 9 12 0 17 
0 24
1 3
2 7
3 4
4 1
5 16
6 21
7 12
8 0
9 22
10 17
11 8
12 23
13 13
14 5
15 6
16 11
17 25
18 14
19 18
20 19
21 10
22 9
23 15
24 2
25 20
SIMILAR

0 24 3 17 19 4 18 7 1 16 11 13 15 21 8 2 25 14 12 20 9 23 10 22 6 5 
0 0
1 8
2 15
3 2
4 5
5 25
6 24
7 7
8 14
9 20
10 22
11 10
12 18
13 11
14 17
15 12
16 9
17 3
18 6
19 4
20 19
21 13
22 23
23 21
24 1
25 16
SIMILAR

18 25 12 6 22 7 8 10 15 13 19 9 24 0 3 5 1 16 17 21 20 14 2 23 4 11 
0 13
1 16
2 22
3 14
4 24
5 15
6 3
7 5
8 6
9 11
10 7
11 25
12 2
13 9
14 21
15 8
16 17
17 18
18 0
19 10
20 20
21 19
22 4
23 23
24 12
25 1
SIMILAR

18 3 7 13 19 2 12 15 23 10 1 11 9 22 14 17 20 8 16 21 24 4 6 5 25 0 
0 25
1 10
2 5
3 1
4 21
5 23
6 22
7 2
8 17
9 12
10 9
11 11
12 6
13 3
14 14
15 7
16 18
17 15
18 0
19 4
20 16
21 19
22 13
23 8
24 20
25 24
SIMILAR

12 21 20 23 1 22 18 4 7 15 11 2 25 14 24 0 9 10 5 6 8 19 13 3 17 16 
0 15
1 4
2 11
3 23
4 7
5 18
6 19
7 8
8 20
9 16
10 17
11 10
12 0
13 22
14 13
15 9
16 25
17 24
18 6
19 21
20 2
21 1
22 5
23 3
24 14
25 12
SIMILAR

11 25 16 7 22 13 19 1 4 20 9 2 10 17 18 24 23 6 12 14 5 8 15 0 3 21 
0 23
1 7
2 11
3 24
4 8
5 20
6 17
7 3
8 21
9 10
10 12
11 0
12 18
13 5
14 19
15 22
16 2
17 13
18 14
19 6
20 9
21 25
22 4
23 16
24 15
25 1
SIMILAR

12 15 11 24 21 20 22 6 2 18 25 8 23 9 7 17 1 13 16 5 14 19 0 10 4 3 
0 22
1 16
2 8
3 25
4 24
5 19
6 7
7 14
8 11
9 13
10 23
11 2
12 0
13 17
14 20
15 1
16 18
17 15
18 9
19 21
20 5
21 4
22 6
23 12
24 3
25 10
SIMILAR

16 25 15 1 12 24 18 14 6 4 10 9 20 23 3 21 0 17 2 7 13 22 8 11 5 19 
0 16
1 3
2 18
3 14
4 9
5 24
6 8
7 19
8 22
9 11
10 10
11 23
12 4
13 20
14 7
15 2
16 0
17 17
18 6
19 25
20 12
21 15
22 21
23 13
24 5
25 1
SIMILAR

7 13 17 22 20 2 5 15 21 8 14 23 12 16 0 6 18 9 1 10 25 3 11 24 4 19 
0 14
1 18
2 5
3 21
4 24
5 6
6 15
7 0
8 9
9 17
10 19
11 22
12 12
13 1
14 10
15 7
16 13
17 2
18 16
19 25
20 4
21 8
22 3
23 11
24 23
25 20
SIMILAR

25 23 1 11 13 2 8 12 19 17 18 4 9 5 14 24 7 21 0 20 16 3 15 22 6 10 
0 18
1 2
2 5
3 21
4 11
5 13
6 24
7 16
8 6
9 12
10 25
11 3
12 7
13 4
14 14
15 22
16 20
17 9
18 10
19 8
20 19
21 17
22 23
23 1
24 15
25 0
SIMILAR

20 0 21 25 24 4 6 9 10 8 17 18 1 22 3 23 16 2 5 13 15 12 7 14 19 11 
0 1
1 12
2 17
3 14
4 5
5 18
6 6
7 22
8 9
9 7
10 8
11 25
12 21
13 19
14 23
15 20
16 16
17 10
18 11
19 24
20 0
21 2
22 13
23 15
24 4
25 3
SIMILAR

20 3 2 22 8 25 5 11 14 9 0 4 7 6 16 23 10 15 1 19 13 17 18 24 21 12 
0 10
1 18
2 2
3 1
4 11
5 6
6 13
7 12
8 4
9 9
10 16
11 7
12 25
13 20
14 8
15 17
16 14
17 21
18 22
19 19
20 0
21 24
22 3
23 15
24 23
25 5
SIMILAR

3 14 15 2 20 10 1 19 11 9 24 4 17 21 22 6 0 25 18 16 13 23 12 5 7 8 
0 16
1 6
2 3
3 0
4 11
5 23
6 15
7 24
8 25
9 9
10 5
11 8
12 22
13 20
14 1
15 2
16 19
17 12
18 18
19 7
20 4
21 13
22 14
23 21
24 10
25 17
SIMILAR

13 2 18 8 23 9 20 22 12 0 15 4 10 21 19 3 7 6 5 16 24 14 1 17 25 11 
0 9
1 22
2 1
3 15
4 11
5 18
6 17
7 16
8 3
9 5
10 12
11 25
12 8
13 0
14 21
15 10
16 19
17 23
18 2
19 14
20 6
21 13
22 7
23 4
24 20
25 24
SIMILAR

15 22 17 4 13 5 8 14 11 0 6 7 21 3 18 10 12 19 23 25 2 20 9 1 24 16 
0 9
1 23
2 20
3 13
4 3
5 5
6 10
7 11
8 6
9 22
10 15
11 8
12 16
13 4
14 7
15 0
16 25
17 2
18 14
19 17
20 21
21 12
22 1
23 18
24 24
25 19
SIMILAR

15 19 17 7 0 16 13 1 21 9 10 11 6 25 12 8 4 3 18 5 24 22 23 20 14 2 
0 4
1 7
2 25
3 17
4 16
5 19
6 12
7 3
8 15
9 9
10 10
11 11
12 14
13 6
14 24
15 0
16 5
17 2
18 18
19 1
20 23
21 8
22 21
23 22
24 20
25 13
SIMILAR

9 14 24 16 1 6 7 2 5 0 23 25 19 20 8 12 17 21 13 11 10 18 15 4 22 3 
0 9
1 4
2 7
3 25
4 23
5 8
6 5
7 6
8 14
9 0
10 20
11 19
12 15
13 18
14 1
15 22
16 3
17 16
18 21
19 12
20 13
21 17
22 24
23 10
24 2
25 11
SIMILAR

10 20 6 13 9 8 11 25 1 21 7 3 5 16 4 2 19 17 0 12 23 18 15 14 24 22 
0 18
1 8
2 15
3 11
4 14
5 12
6 2
7 10
8 5
9 4
10 0
11 6
12 19
13 3
14 23
15 22
16 13
17 17
18 21
19 16
20 1
21 9
22 25
23 20
24 24
25 7
SIMILAR

17 14 8 25 23 15 20 7 10 12 18 13 22 1 11 24 3 19 6 21 9 0 4 16 2 5 
0 21
1 13
2 24
3 16
4 22
5 25
6 18
7 7
8 2
9 20
10 8
11 14
12 9
13 11
14 1
15 5
16 23
17 0
18 10
19 17
20 6
21 19
22 12
23 4
24 15
25 3
SIMILAR

24 18 17 25 4 21 15 3 8 2 22 5 7 16 12 19 6 13 1 11 14 23 20 10 0 9 
0 24
1 18
2 9
3 7
4 4
5 11
6 16
7 12
8 8
9 25
10 23
11 19
12 14
13 17
14 20
15 6
16 13
17 2
18 1
19 15
20 22
21 5
22 10
23 21
24 0
25 3
SIMILAR

15 12 10 9 20 21 19 14 22 13 24 25 3 16 2 7 1 6 23 17 0 4 11 5 18 8 
0 20
1 16
2 14
3 12
4 21
5 23
6 17
7 15
8 25
9 3
10 2
11 22
12 1
13 9
14 7
15 0
16 13
17 19
18 24
19 6
20 4
21 5
22 8
23 18
24 10
25 11
SIMILAR

24 8 0 10 18 22 9 20 2 5 14 16 19 25 21 17 3 13 4 15 12 23 11 7 6 1 
0 2
1 25
2 8
3 16
4 18
5 9
6 24
7 23
8 1
9 6
10 3
11 22
12 20
13 17
14 10
15 19
16 11
17 15
18 4
19 12
20 7
21 14
22 5
23 21
24 0
25 13
SIMILAR

8 24 21 7 20 19 5 14 16 9 12 6 1 0 11 4 23 25 13 2 15 10 3 22 18 17 
0 13
1 12
2 19
3 22
4 15
5 6
6 11
7 3
8 0
9 9
10 21
11 14
12 10
13 18
14 7
15 20
16 8
17 25
18 24
19 5
20 4
21 2
22 23
23 16
24 1
25 17
SIMILAR

4 3 18 22 14 13 9 8 0 17 1 23 12 20 7 10 15 6 21 5 19 24 25 2 16 11 
0 8
1 10
2 23
3 1
4 0
5 19
6 17
7 14
8 7
9 6
10 15
11 25
12 12
13 5
14 4
15 16
16 24
17 9
18 2
19 20
20 13
21 18
22 3
23 11
24 21
25 22
SIMILAR

9 12 3 14 1 25 22 16 8 18 0 13 7 11 4 20 2 6 10 21 23 19 17 24 15 5 
0 10
1 4
2 16
3 2
4 14
5 25
6 17
7 12
8 8
9 0
10 18
11 13
12 1
13 11
14 3
15 24
16 7
17 22
18 9
19 21
20 15
21 19
22 6
23 20
24 23
25 5
SIMILAR

2 11 23 8 15 20 1 24 3 10 14 18 7 25 22 16 4 17 6 5 9 21 13 0 19 12 
0 23
1 6
2 0
3 8
4 16
5 19
6 18
7 12
8 3
9 20
10 9
11 1
12 25
13 22
14 10
15 4
16 15
17 17
18 11
19 24
20 5
21 21
22 14
23 2
24 7
25 13
SIMILAR

12 20 23 11 9 4 1 22 16 8 17 15 18 21 0 14 2 6 3 7 13 25 24 10 19 5 
0 14
1 6
2 16
3 18
4 5
5 25
6 17
7 19
8 9
9 4
10 23
11 3
12 0
13 20
14 15
15 11
16 8
17 10
18 12
19 24
20 1
21 13
22 7
23 2
24 22
25 21
SIMILAR

1 20 18 4 22 19 13 24 9 17 2 0 23 21 10 5 7 8 14 25 11 6 3 16 15 12 
0 11
1 0
2 10
3 22
4 3
5 15
6 21
7 16
8 17
9 8
10 14
11 20
12 25
13 6
14 18
15 24
16 23
17 9
18 2
19 5
20 1
21 13
22 4
23 12
24 7
25 19
SIMILAR

4 20 13 8 25 5 6 23 11 15 0 3 18 7 9 21 19 14 17 24 2 12 22 16 10 1 
0 10
1 25
2 20
3 11
4 0
5 5
6 6
7 13
8 3
9 14
10 24
11 8
12 21
13 2
14 17
15 9
16 23
17 18
18 12
19 16
20 1
21 15
22 22
23 7
24 19
25 4
SIMILAR

15 14 22 17 13 19 10 24 12 8 21 7 2 1 3 6 25 5 0 9 16 4 18 23 20 11 
0 18
1 13
2 12
3 14
4 21
5 17
6 15
7 11
8 9
9 19
10 6
11 25
12 8
13 4
14 1
15 0
16 20
17 3
18 22
19 5
20 24
21 10
22 2
23 23
24 7
25 16
SIMILAR

19 1 16 11 23 8 15 21 5 7 0 3 14 17 10 4 18 25 20 6 22 2 24 12 13 9 
0 10
1 1
2 21
3 11
4 15
5 8
6 19
7 9
8 5
9 25
10 14
11 3
12 23
13 24
14 12
15 6
16 2
17 13
18 16
19 0
20 18
21 7
22 20
23 4
24 22
25 17
SIMILAR

23 0 25 6 19 21 13 20 18 14 8 11 22 15 2 5 12 17 16 7 1 24 3 4 10 9 
0 1
1 20
2 14
3 22
4 23
5 15
6 3
7 19
8 10
9 25
10 24
11 11
12 16
13 6
14 9
15 13
16 18
17 17
18 8
19 4
20 7
21 5
22 12
23 0
24 21
25 2
SIMILAR

8 7 9 1 14 4 16 25 20 10 24 22 23 21 17 12 15 6 5 0 3 19 11 18 13 2 
0 19
1 3
2 25
3 20
4 5
5 18
6 17
7 1
8 0
9 2
10 9
11 22
12 15
13 24
14 4
15 16
16 6
17 14
18 23
19 21
20 8
21 13
22 11
23 12
24 10
25 7
SIMILAR

1 8 12 17 18 7 21 3 6 15 22 19 4 25 23 9 20 2 0 10 24 14 11 13 5 16 
0 18
1 0
2 17
3 7
4 12
5 24
6 8
7 5
8 1
9 15
10 19
11 22
12 2
13 23
14 21
15 9
16 25
17 3
18 4
19 11
20 16
21 6
22 10
23 14
24 20
25 13
SIMILAR

5 16 13 19 1 0 12 4 23 6 15 9 21 18 22 2 17 8 24 11 3 10 20 14 25 7 
0 5
1 4
2 15
3 20
4 7
5 0
6 9
7 25
8 17
9 11
10 21
11 19
12 6
13 2
14 23
15 10
16 1
17 16
18 13
19 3
20 22
21 12
22 14
23 8
24 18
25 24
SIMILAR

21 3 24 18 13 1 20 2 23 10 15 16 7 19 8 4 12 22 17 11 9 5 6 0 14 25 
0 23
1 5
2 7
3 1
4 15
5 21
6 22
7 12
8 14
9 20
10 9
11 19
12 16
13 4
14 24
15 10
16 11
17 18
18 3
19 13
20 6
21 0
22 17
23 8
24 2
25 25
SIMILAR

15 18 25 7 10 24 17 21 19 6 20 0 8 12 1 2 4 9 3 5 22 11 16 23 13 14 
0 11
1 14
2 15
3 18
4 16
5 19
6 9
7 3
8 12
9 17
10 4
11 21
12 13
13 24
14 25
15 0
16 22
17 6
18 1
19 8
20 10
21 7
22 20
23 23
24 5
25 2
SIMILAR

25 1 4 17 14 20 5 0 12 13 24 3 21 23 18 10 15 11 16 6 7 2 19 8 22 9 
0 7
1 1
2 21
3 11
4 2
5 6
6 19
7 20
8 23
9 25
10 15
11 17
12 8
13 9
14 4
15 16
16 18
17 3
18 14
19 22
20 5
21 12
22 24
23 13
24 10
25 0
SIMILAR

23 3 5 13 19 22 14 25 15 6 1 17 9 0 2 12 16 8 21 4 20 11 18 10 7 24 
0 13
1 10
2 14
3 1
4 19
5 2
6 9
7 24
8 17
9 12
10 23
11 21
12 15
13 3
14 6
15 8
16 16
17 11
18 22
19 4
20 20
21 18
22 5
23 0
24 25
25 7
SIMILAR

7 14 20 1 5 22 4 6 8 0 17 23 21 24 25 19 10 13 3 12 9 11 16 18 15 2 
0 9
1 3
2 25
3 18
4 6
5 4
6 7
7 0
8 8
9 20
10 16
11 21
12 19
13 17
14 1
15 24
16 22
17 10
18 23
19 15
20 2
21 12
22 5
23 11
24 13
25 14
SIMILAR

19 1 23 17 2 15 11 3 16 21 12 8 24 13 20 22 10 9 25 6 18 7 14 5 0 4 
0 24
1 1
2 4
3 7
4 25
5 23
6 19
7 21
8 11
9 17
10 16
11 6
12 10
13 13
14 22
15 5
16 8
17 3
18 20
19 0
20 14
21 9
22 15
23 2
24 12
25 18
SIMILAR

12 0 24 6 3 25 16 22 5 11 8 2 20 14 13 21 23 10 9 17 15 19 18 1 7 4 
0 1
1 23
2 11
3 4
4 25
5 8
6 3
7 24
8 10
9 18
10 17
11 9
12 0
13 14
14 13
15 20
16 6
17 19
18 22
19 21
20 12
21 15
22 7
23 16
24 2
25 5
SIMILAR

16 21 5 17 2 22 14 9 0 20 4 10 12 15 8 24 23 13 25 18 6 1 7 19 11 3 
0 8
1 21
2 4
3 25
4 10
5 2
6 20
7 22
8 14
9 7
10 11
11 24
12 12
13 17
14 6
15 13
16 0
17 3
18 19
19 23
20 9
21 1
22 5
23 16
24 15
25 18
SIMILAR

16 1 3 21 25 13 5 15 18 8 17 0 24 4 7 14 23 22 11 10 9 19 2 6 20 12 
0 11
1 1
2 22
3 2
4 13
5 6
6 23
7 14
8 9
9 20
10 19
11 18
12 25
13 5
14 15
15 7
16 0
17 10
18 8
19 21
20 24
21 3
22 17
23 16
24 12
25 4
SIMILAR

17 12 8 11 22 13 24 18 15 6 21 19 14 5 25 9 10 20 4 7 23 3 1 2 0 16 
0 24
1 22
2 23
3 21
4 18
5 13
6 9
7 19
8 2
9 15
10 16
11 3
12 1
13 5
14 12
15 8
16 25
17 0
18 7
19 11
20 17
21 10
22 4
23 20
24 6
25 14
SIMILAR

24 19 22 16 0 3 21 8 2 25 13 20 9 12 1 4 11 5 18 23 15 17 7 6 14 10 
0 4
1 14
2 8
3 5
4 15
5 17
6 23
7 22
8 7
9 12
10 25
11 16
12 13
13 10
14 24
15 20
16 3
17 21
18 18
19 1
20 11
21 6
22 2
23 19
24 0
25 9
SIMILAR

2 14 5 19 7 0 20 9 15 1 25 22 3 21 17 13 18 11 4 12 10 16 6 23 24 8 
0 5
1 9
2 0
3 12
4 18
5 2
6 22
7 4
8 25
9 7
10 20
11 17
12 19
13 15
14 1
15 8
16 21
17 14
18 16
19 3
20 6
21 13
22 11
23 23
24 24
25 10
SIMILAR

18 11 5 1 24 17 4 12 10 20 15 7 19 21 22 23 6 25 8 2 0 9 3 13 14 16 
0 20
1 3
2 19
3 22
4 6
5 2
6 16
7 11
8 18
9 21
10 8
11 1
12 7
13 23
14 24
15 10
16 25
17 5
18 0
19 12
20 9
21 13
22 14
23 15
24 4
25 17
SIMILAR

21 16 17 24 11 9 18 13 6 4 10 15 2 1 25 23 0 8 22 7 12 5 20 14 3 19 
0 16
1 13
2 12
3 24
4 9
5 21
6 8
7 19
8 17
9 5
10 10
11 4
12 20
13 7
14 23
15 11
16 1
17 2
18 6
19 25
20 22
21 0
22 18
23 15
24 3
25 14
SIMILAR

9 21 14 7 4 25 5 1 17 24 13 3 20 15 19 8 11 22 23 10 0 2 16 6 12 18 
0 20
1 7
2 21
3 11
4 4
5 6
6 23
7 3
8 15
9 0
10 19
11 16
12 24
13 10
14 2
15 13
16 22
17 8
18 25
19 14
20 12
21 1
22 17
23 18
24 9
25 5
SIMILAR

4 8 19 15 13 7 16 17 14 1 9 18 21 25 6 0 2 22 5 12 3 10 24 20 23 11 
0 15
1 9
2 16
3 20
4 0
5 18
6 14
7 5
8 1
9 10
10 21
11 25
12 19
13 4
14 8
15 3
16 6
17 7
18 11
19 2
20 23
21 12
22 17
23 24
24 22
25 13
SIMILAR

6 23 2 11 24 25 13 18 7 20 12 21 17 8 9 10 15 16 22 1 19 14 4 5 3 0 
0 25
1 19
2 2
3 24
4 22
5 23
6 0
7 8
8 13
9 14
10 15
11 3
12 10
13 6
14 21
15 16
16 17
17 12
18 7
19 20
20 9
21 11
22 18
23 1
24 4
25 5
SIMILAR

10 5 2 18 25 16 0 11 13 8 22 19 6 12 24 1 3 17 14 4 15 9 23 7 20 21 
0 6
1 15
2 2
3 16
4 19
5 1
6 12
7 23
8 9
9 21
10 0
11 7
12 13
13 8
14 18
15 20
16 5
17 17
18 3
19 11
20 24
21 25
22 10
23 22
24 14
25 4
SIMILAR

7 9 24 3 4 2 25 13 23 15 11 1 6 10 21 5 8 14 20 17 22 18 16 12 0 19 
0 24
1 11
2 5
3 3
4 4
5 15
6 12
7 0
8 16
9 1
10 13
11 10
12 23
13 7
14 17
15 9
16 22
17 19
18 21
19 25
20 18
21 14
22 20
23 8
24 2
25 6
SIMILAR

24 18 16 15 23 22 5 20 3 9 21 6 19 8 11 12 25 10 2 1 17 4 0 13 7 14 
0 22
1 19
2 18
3 8
4 21
5 6
6 11
7 24
8 13
9 9
10 17
11 14
12 15
13 23
14 25
15 3
16 2
17 20
18 1
19 12
20 7
21 10
22 5
23 4
24 0
25 16
SIMILAR

12 8 2 19 22 20 17 16 6 25 24 1 4 0 21 15 11 10 7 9 18 5 13 23 14 3 
0 13
1 11
2 2
3 25
4 12
5 21
6 8
7 18
8 1
9 19
10 17
11 16
12 0
13 22
14 24
15 15
16 7
17 6
18 20
19 3
20 5
21 14
22 4
23 23
24 10
25 9
SIMILAR

15 8 6 0 1 11 2 20 18 3 4 22 9 13 25 5 12 17 23 7 16 24 14 19 21 10 
0 3
1 4
2 6
3 9
4 10
5 15
6 2
7 19
8 1
9 12
10 25
11 5
12 16
13 13
14 22
15 0
16 20
17 17
18 8
19 23
20 7
21 24
22 11
23 18
24 21
25 14
SIMILAR

18 22 10 17 23 1 13 19 3 25 5 15 12 7 6 9 20 16 0 11 4 14 24 8 2 21 
0 18
1 5
2 24
3 8
4 20
5 10
6 14
7 13
8 23
9 15
10 2
11 19
12 12
13 6
14 21
15 11
16 17
17 3
18 0
19 7
20 16
21 25
22 1
23 4
24 22
25 9
SIMILAR

15 17 20 4 12 11 1 21 5 6 9 3 18 7 23 0 8 19 14 16 22 25 13 24 10 2 
0 15
1 6
2 25
3 11
4 3
5 8
6 9
7 13
8 16
9 10
10 24
11 5
12 4
13 22
14 18
15 0
16 19
17 1
18 12
19 17
20 2
21 7
22 20
23 14
24 23
25 21
SIMILAR

0 14 21 17 6 23 3 10 4 11 16 15 7 22 20 19 12 9 13 2 5 25 8 1 24 18 
0 0
1 23
2 19
3 6
4 8
5 20
6 4
7 12
8 22
9 17
10 7
11 9
12 16
13 18
14 1
15 11
16 10
17 3
18 25
19 15
20 14
21 2
22 13
23 5
24 24
25 21
SIMILAR

17 24 20 19 15 9 14 6 21 5 18 25 10 16 11 23 3 7 4 1 2 0 22 12 8 13 
0 21
1 19
2 20
3 16
4 18
5 9
6 7
7 17
8 24
9 5
10 12
11 14
12 23
13 25
14 6
15 4
16 13
17 0
18 10
19 3
20 2
21 8
22 22
23 15
24 1
25 11
SIMILAR

11 21 24 1 2 0 15 9 20 22 6 17 16 25 8 4 18 5 10 12 19 23 14 3 7 13 
0 5
1 3
2 4
3 23
4 15
5 17
6 10
7 24
8 14
9 7
10 18
11 0
12 19
13 25
14 22
15 6
16 12
17 11
18 16
19 20
20 8
21 1
22 9
23 21
24 2
25 13
SIMILAR

4 24 13 5 21 9 2 6 19 14 0 22 15 8 25 11 18 7 17 23 3 20 10 1 16 12 
0 10
1 23
2 6
3 20
4 0
5 3
6 7
7 17
8 13
9 5
10 22
11 15
12 25
13 2
14 9
15 12
16 24
17 18
18 16
19 8
20 21
21 4
22 11
23 19
24 1
25 14
SIMILAR

21 7 4 19 3 9 14 25 10 6 23 2 15 22 0 17 13 5 8 18 11 20 16 1 12 24 
0 14
1 23
2 11
3 4
4 2
5 17
6 9
7 1
8 18
9 5
10 8
11 20
12 24
13 16
14 6
15 12
16 22
17 15
18 19
19 3
20 21
21 0
22 13
23 10
24 25
25 7
SIMILAR

3 10 25 9 4 13 16 18 7 21 0 15 8 2 20 5 22 14 6 24 23 17 11 1 19 12 
0 10
1 23
2 13
3 0
4 4
5 15
6 18
7 8
8 12
9 3
10 1
11 22
12 25
13 5
14 17
15 11
16 6
17 21
18 7
19 24
20 14
21 9
22 16
23 20
24 19
25 2
SIMILAR

23 15 16 25 18 22 19 21 2 5 12 20 4 1 6 24 17 10 14 3 9 7 8 0 11 13 
0 23
1 13
2 8
3 19
4 12
5 9
6 14
7 21
8 22
9 20
10 17
11 24
12 10
13 25
14 18
15 1
16 2
17 16
18 4
19 6
20 11
21 7
22 5
23 0
24 15
25 3
SIMILAR

17 5 3 0 22 20 12 2 16 1 4 8 21 24 9 23 7 14 15 13 18 11 25 19 6 10 
0 3
1 9
2 7
3 2
4 10
5 1
6 24
7 16
8 11
9 14
10 25
11 21
12 6
13 19
14 17
15 18
16 8
17 0
18 20
19 23
20 5
21 12
22 4
23 15
24 13
25 22
SIMILAR

20 15 4 12 18 25 17 8 6 16 7 11 23 3 24 19 21 0 14 2 13 22 5 9 1 10 
0 17
1 24
2 19
3 13
4 2
5 22
6 8
7 10
8 7
9 23
10 25
11 11
12 3
13 20
14 18
15 1
16 9
17 6
18 4
19 15
20 0
21 16
22 21
23 12
24 14
25 5
SIMILAR

12 8 24 9 25 1 17 6 19 13 2 10 16 22 3 20 23 7 21 18 15 4 5 0 14 11 
0 23
1 5
2 10
3 14
4 21
5 22
6 7
7 17
8 1
9 3
10 11
11 25
12 0
13 9
14 24
15 20
16 12
17 6
18 19
19 8
20 15
21 18
22 13
23 16
24 2
25 4
SIMILAR

1 11 18 13 20 19 5 0 3 23 21 16 24 4 2 12 25 8 22 9 17 15 6 14 10 7 
0 7
1 0
2 14
3 8
4 13
5 6
6 22
7 25
8 17
9 19
10 24
11 1
12 15
13 3
14 23
15 21
16 11
17 20
18 2
19 5
20 4
21 10
22 18
23 9
24 12
25 16
SIMILAR

21 20 11 22 24 10 2 12 16 7 1 5 9 13 25 14 4 3 6 15 18 17 19 23 0 8 
0 24
1 10
2 6
3 17
4 16
5 11
6 18
7 9
8 25
9 12
10 5
11 2
12 7
13 13
14 15
15 19
16 8
17 21
18 20
19 22
20 1
21 0
22 3
23 23
24 4
25 14
SIMILAR

6 2 21 23 20 8 12 10 7 22 5 1 0 16 15 18 14 17 9 25 19 24 11 3 4 13 
0 12
1 11
2 1
3 23
4 24
5 10
6 0
7 8
8 5
9 18
10 7
11 22
12 6
13 25
14 16
15 14
16 13
17 17
18 15
19 20
20 4
21 2
22 9
23 3
24 21
25 19
SIMILAR

6 19 25 3 23 16 14 17 13 9 24 4 21 7 11 15 5 12 2 8 18 10 0 20 1 22 
0 22
1 24
2 18
3 3
4 11
5 16
6 0
7 13
8 19
9 9
10 21
11 14
12 17
13 8
14 6
15 15
16 5
17 7
18 20
19 1
20 23
21 12
22 25
23 4
24 10
25 2
SIMILAR

16 12 14 8 21 10 11 22 24 9 18 5 3 17 15 7 13 25 2 23 0 20 4 19 6 1 
0 20
1 25
2 18
3 12
4 22
5 11
6 24
7 15
8 3
9 9
10 5
11 6
12 1
13 16
14 2
15 14
16 0
17 13
18 10
19 23
20 21
21 4
22 7
23 19
24 8
25 17
SIMILAR

22 4 5 21 8 25 18 13 12 17 20 23 24 2 3 9 1 7 19 16 11 0 15 10 14 6 
0 21
1 16
2 13
3 14
4 1
5 2
6 25
7 17
8 4
9 15
10 23
11 20
12 8
13 7
14 24
15 22
16 19
17 9
18 6
19 18
20 10
21 3
22 0
23 11
24 12
25 5
SIMILAR

22 0 8 11 1 5 2 19 24 12 3 21 13 10 9 14 17 15 7 20 25 16 18 6 4 23 
0 1
1 4
2 6
3 10
4 24
5 5
6 23
7 18
8 2
9 14
10 13
11 3
12 9
13 12
14 15
15 17
16 21
17 16
18 22
19 7
20 19
21 11
22 0
23 25
24 8
25 20
SIMILAR

12 17 8 19 11 2 15 3 21 0 23 22 6 13 18 20 9 4 24 16 10 25 7 14 5 1 
0 9
1 25
2 5
3 7
4 17
5 24
6 12
7 22
8 2
9 16
10 20
11 4
12 0
13 13
14 23
15 6
16 19
17 1
18 14
19 3
20 15
21 8
22 11
23 10
24 18
25 21
SIMILAR

17 25 11 22 21 19 8 15 12 3 0 13 24 4 16 18 5 9 10 6 2 1 14 20 23 7 
0 10
1 21
2 20
3 9
4 13
5 16
6 19
7 25
8 6
9 17
10 18
11 2
12 8
13 11
14 22
15 7
16 14
17 0
18 15
19 5
20 23
21 4
22 3
23 24
24 12
25 1
SIMILAR

24 4 13 3 16 15 0 17 22 18 11 19 8 14 21 23 25 9 6 2 10 20 5 7 1 12 
0 6
1 24
2 19
3 3
4 1
5 22
6 18
7 23
8 12
9 17
10 20
11 10
12 25
13 2
14 13
15 5
16 4
17 7
18 9
19 11
20 21
21 14
22 8
23 15
24 0
25 16
SIMILAR

18 21 22 2 13 6 24 7 15 9 3 25 10 11 5 20 1 4 0 17 16 12 23 19 8 14 
0 18
1 16
2 3
3 10
4 17
5 14
6 5
7 7
8 24
9 9
10 12
11 13
12 21
13 4
14 25
15 8
16 20
17 19
18 0
19 23
20 15
21 1
22 2
23 22
24 6
25 11
SIMILAR

17 16 15 12 22 0 1 18 4 11 20 8 25 2 7 9 14 24 3 10 6 23 13 19 21 5 
0 5
1 6
2 13
3 18
4 8
5 25
6 20
7 14
8 11
9 15
10 19
11 9
12 3
13 22
14 16
15 2
16 1
17 0
18 7
19 23
20 10
21 24
22 4
23 21
24 17
25 12
SIMILAR

9 18 16 17 0 19 8 10 1 12 24 21 20 13 6 7 14 15 11 5 4 25 3 23 2 22 
0 4
1 8
2 24
3 22
4 20
5 19
6 14
7 15
8 6
9 0
10 7
11 18
12 9
13 13
14 16
15 17
16 2
17 3
18 1
19 5
20 12
21 11
22 25
23 23
24 10
25 21
SIMILAR

14 22 13 12 19 16 8 9 15 7 10 11 5 4 0 21 17 24 2 18 3 1 23 25 6 20 
0 14
1 21
2 18
3 20
4 13
5 12
6 24
7 9
8 6
9 7
10 10
11 11
12 3
13 2
14 0
15 8
16 5
17 16
18 19
19 4
20 25
21 15
22 1
23 22
24 17
25 23
SIMILAR

19 6 7 1 5 11 4 9 3 13 0 8 20 12 24 22 15 2 10 23 21 18 25 14 17 16 
0 10
1 3
2 17
3 8
4 6
5 4
6 1
7 2
8 11
9 7
10 18
11 5
12 13
13 9
14 23
15 16
16 25
17 24
18 21
19 0
20 12
21 20
22 15
23 19
24 14
25 22
SIMILAR

0 2 15 18 1 11 16 8 7 6 4 5 20 21 19 9 12 25 10 22 3 24 13 23 14 17 
0 0
1 4
2 1
3 20
4 10
5 11
6 9
7 8
8 7
9 15
10 18
11 5
12 16
13 22
14 24
15 2
16 6
17 25
18 3
19 14
20 12
21 13
22 19
23 23
24 21
25 17
SIMILAR

10 5 0 21 19 3 8 16 2 22 7 25 18 1 12 24 17 9 13 4 6 14 23 15 20 11 
0 2
1 13
2 8
3 5
4 19
5 1
6 20
7 10
8 6
9 17
10 0
11 25
12 14
13 18
14 21
15 23
16 7
17 16
18 12
19 4
20 24
21 3
22 9
23 22
24 15
25 11
SIMILAR

18 14 17 10 11 12 6 16 2 7 22 3 20 4 24 15 5 13 21 25 0 1 19 8 9 23 
0 20
1 21
2 8
3 11
4 13
5 16
6 6
7 9
8 23
9 24
10 3
11 4
12 5
13 17
14 1
15 15
16 7
17 2
18 0
19 22
20 12
21 18
22 10
23 25
24 14
25 19
SIMILAR

2 22 0 5 16 21 9 25 1 3 17 4 7 11 23 18 8 12 15 20 6 19 24 13 10 14 
0 2
1 8
2 0
3 9
4 11
5 3
6 20
7 12
8 16
9 6
10 24
11 13
12 17
13 23
14 25
15 18
16 4
17 10
18 15
19 21
20 19
21 5
22 1
23 14
24 22
25 7
SIMILAR

23 14 1 20 7 16 12 24 11 19 18 25 13 22 8 0 4 2 15 9 3 10 17 21 6 5 
0 15
1 2
2 17
3 20
4 16
5 25
6 24
7 4
8 14
9 19
10 21
11 8
12 6
13 12
14 1
15 18
16 5
17 22
18 10
19 9
20 3
21 23
22 13
23 0
24 7
25 11
SIMILAR

15 18 21 2 22 23 19 20 16 13 11 17 25 5 14 10 6 8 9 4 24 7 0 12 1 3 
0 22
1 24
2 3
3 25
4 19
5 13
6 16
7 21
8 17
9 18
10 15
11 10
12 23
13 9
14 14
15 0
16 8
17 11
18 1
19 6
20 7
21 2
22 4
23 5
24 20
25 12
SIMILAR

14 17 10 19 12 5 18 20 6 11 22 7 4 1 13 15 23 8 3 25 16 9 2 24 21 0 
0 25
1 13
2 22
3 18
4 12
5 5
6 8
7 11
8 17
9 21
10 2
11 9
12 4
13 14
14 0
15 15
16 20
17 1
18 6
19 3
20 7
21 24
22 10
23 16
24 23
25 19
SIMILAR

20 14 24 3 23 25 9 5 13 17 1 16 7 6 12 18 15 8 19 22 10 0 4 11 21 2 
0 21
1 10
2 25
3 3
4 22
5 7
6 13
7 12
8 17
9 6
10 20
11 23
12 14
13 8
14 1
15 16
16 11
17 9
18 15
19 18
20 0
21 24
22 19
23 4
24 2
25 5
SIMILAR

15 3 10 18 17 4 12 20 14 9 2 7 0 8 25 16 13 19 23 22 1 21 6 5 11 24 
0 12
1 20
2 10
3 1
4 5
5 23
6 22
7 11
8 13
9 9
10 2
11 24
12 6
13 16
14 8
15 0
16 15
17 4
18 3
19 17
20 7
21 21
22 19
23 18
24 25
25 14
SIMILAR

24 17 5 3 11 15 23 20 25 12 14 1 16 18 10 21 22 19 6 7 13 0 9 2 4 8 
0 21
1 11
2 23
3 3
4 24
5 2
6 18
7 19
8 25
9 22
10 14
11 4
12 9
13 20
14 10
15 5
16 12
17 1
18 13
19 17
20 7
21 15
22 16
23 6
24 0
25 8
SIMILAR

5 0 6 18 14 2 10 23 11 15 22 17 20 16 21 1 8 4 19 24 12 7 3 13 9 25 
0 1
1 15
2 5
3 22
4 17
5 0
6 2
7 21
8 16
9 24
10 6
11 8
12 20
13 23
14 4
15 9
16 13
17 11
18 3
19 18
20 12
21 14
22 10
23 7
24 19
25 25
SIMILAR

19 2 9 7 0 12 18 20 8 16 23 5 4 6 17 11 14 10 1 25 21 22 15 13 24 3 
0 4
1 18
2 1
3 25
4 12
5 11
6 13
7 3
8 8
9 2
10 17
11 15
12 5
13 23
14 16
15 22
16 9
17 14
18 6
19 0
20 7
21 20
22 21
23 10
24 24
25 19
SIMILAR

21 14 4 16 7 17 10 3 1 9 2 22 25 13 0 20 19 15 24 11 23 5 12 6 8 18 
0 14
1 8
2 10
3 7
4 2
5 21
6 23
7 4
8 24
9 9
10 6
11 19
12 22
13 13
14 1
15 17
16 3
17 5
18 25
19 16
20 15
21 0
22 11
23 20
24 18
25 12
SIMILAR

20 4 10 18 9 17 5 2 16 11 24 7 12 25 6 15 0 1 13 14 21 3 8 22 19 23 
0 16
1 17
2 7
3 21
4 1
5 6
6 14
7 11
8 22
9 4
10 2
11 9
12 12
13 18
14 19
15 15
16 8
17 5
18 3
19 24
20 0
21 20
22 23
23 25
24 10
25 13
SIMILAR

5 2 8 3 12 4 16 17 18 14 0 10 24 19 1 7 9 25 11 13 23 21 20 6 22 15 
0 10
1 14
2 1
3 3
4 5
5 0
6 23
7 15
8 2
9 16
10 11
11 18
12 4
13 19
14 9
15 25
16 6
17 7
18 8
19 13
20 22
21 21
22 24
23 20
24 12
25 17
SIMILAR

10 2 17 6 9 18 25 7 14 15 20 13 0 3 21 19 22 12 16 11 4 8 23 5 1 24 
0 12
1 24
2 1
3 13
4 20
5 23
6 3
7 7
8 21
9 4
10 0
11 19
12 17
13 11
14 8
15 9
16 18
17 2
18 5
19 15
20 10
21 14
22 16
23 22
24 25
25 6
SIMILAR
100 0
1400 0
221400 0
