26
0 1 0 0 1 1 1 1 0 1 1 1 1 0 1 1 1 1 1 1 0 1 1 0 0 0 
1 0 0 0 0 1 1 0 0 0 1 1 0 0 1 0 0 0 0 0 1 0 0 0 0 1 
0 0 0 0 0 0 0 0 0 1 0 1 1 0 0 1 0 0 0 0 1 0 1 1 1 1 
0 0 0 0 1 0 0 0 0 1 0 1 0 0 0 1 1 0 1 1 0 0 0 1 0 1 
1 0 0 1 0 0 0 1 1 0 0 0 1 1 1 0 1 1 0 1 1 0 1 0 1 1 
1 1 0 0 0 0 0 0 0 1 1 1 1 0 0 1 0 1 0 1 1 0 1 0 1 1 
1 1 0 0 0 0 0 1 0 0 0 0 0 1 1 0 1 0 1 1 1 1 1 1 1 0 
1 0 0 0 1 0 1 0 1 0 1 1 1 0 0 0 1 0 0 0 0 1 1 0 1 0 
0 0 0 0 1 0 0 1 0 1 0 0 0 1 1 1 1 0 0 1 0 0 0 1 0 1 
1 0 1 1 0 1 0 0 1 0 0 1 0 0 0 0 0 0 1 1 1 0 0 0 0 0 
1 1 0 0 0 1 0 1 0 0 0 0 0 1 0 1 1 1 0 1 0 1 1 1 0 1 
1 1 1 1 0 1 0 1 0 1 0 0 0 1 1 0 1 0 1 1 0 1 1 1 0 1 
1 0 1 0 1 1 0 1 0 0 0 0 0 1 1 0 0 0 1 1 0 0 0 0 1 0 
0 0 0 0 1 0 1 0 1 0 1 1 1 0 1 1 1 0 1 1 1 0 0 1 0 1 
1 1 0 0 1 0 1 0 1 0 0 1 1 1 0 0 1 0 1 1 0 0 0 0 0 1 
1 0 1 1 0 1 0 0 1 0 1 0 0 1 0 0 1 1 0 0 0 1 1 1 0 1 
1 0 0 1 1 0 1 1 1 0 1 1 0 1 1 1 0 0 0 0 1 0 1 0 1 0 
1 0 0 0 1 1 0 0 0 0 1 0 0 0 0 1 0 0 0 0 0 0 1 0 0 1 
1 0 0 1 0 0 1 0 0 1 0 1 1 1 1 0 0 0 0 0 0 1 1 1 0 1 
1 0 0 1 1 1 1 0 1 1 1 1 1 1 1 0 0 0 0 0 1 0 1 0 1 1 
0 1 1 0 1 1 1 0 0 1 0 0 0 1 0 0 1 0 0 1 0 0 1 0 0 1 
1 0 0 0 0 0 1 1 0 0 1 1 0 0 0 1 0 0 1 0 0 0 0 1 0 0 
1 0 1 0 1 1 1 1 0 0 1 1 0 0 0 1 1 1 1 1 1 0 0 1 1 0 
0 0 1 1 0 0 1 0 1 0 1 1 0 1 0 1 0 0 1 0 0 1 1 0 0 0 
0 0 1 0 1 1 1 1 0 0 0 0 1 0 0 0 1 0 0 1 0 0 1 0 0 1 
0 1 1 1 1 1 0 0 1 0 1 1 0 1 1 1 0 1 1 1 1 0 0 0 1 0 

18 23 7 16 14 13 15 5 3 17 22 11 20 21 0 24 12 8 19 25 4 2 10 6 9 1 
0 14
1 25
2 21
3 8
4 20
5 7
6 23
7 2
8 17
9 24
10 22
11 11
12 16
13 5
14 4
15 6
16 3
17 9
18 0
19 18
20 12
21 13
22 10
23 1
24 15
25 19
SIMILAR

14 8 12 1 16 24 11 6 5 2 10 9 18 23 3 4 7 22 19 21 0 15 13 25 20 17 
0 20
1 3
2 9
3 14
4 15
5 8
6 7
7 16
8 1
9 11
10 10
11 6
12 2
13 22
14 0
15 21
16 4
17 25
18 12
19 18
20 24
21 19
22 17
23 13
24 5
25 23
SIMILAR

9 22 21 23 0 16 5 12 19 7 8 1 25 17 4 2 6 10 14 15 20 11 18 3 13 24 
0 4
1 11
2 15
3 23
4 14
5 6
6 16
7 9
8 10
9 0
10 17
11 21
12 7
13 24
14 18
15 19
16 5
17 13
18 22
19 8
20 20
21 2
22 1
23 3
24 25
25 12
SIMILAR

14 23 19 9 0 10 12 3 22 16 25 5 15 17 8 6 20 11 24 13 21 2 18 1 7 4 
0 4
1 23
2 21
3 7
4 25
5 11
6 15
7 24
8 14
9 3
10 5
11 17
12 6
13 19
14 0
15 12
16 9
17 13
18 22
19 2
20 16
21 20
22 8
23 1
24 18
25 10
SIMILAR

13 12 9 17 20 23 7 6 19 3 24 22 14 2 11 0 10 15 5 8 16 21 4 18 25 1 
0 15
1 25
2 13
3 9
4 22
5 18
6 7
7 6
8 19
9 2
10 16
11 14
12 1
13 0
14 12
15 17
16 20
17 3
18 23
19 8
20 4
21 21
22 11
23 5
24 10
25 24
SIMILAR

17 23 11 4 3 24 12 13 16 21 19 1 7 6 8 5 15 14 22 2 10 20 18 25 0 9 
0 24
1 11
2 19
3 4
4 3
5 15
6 13
7 12
8 14
9 25
10 20
11 2
12 6
13 7
14 17
15 16
16 8
17 0
18 22
19 10
20 21
21 9
22 18
23 1
24 5
25 23
SIMILAR

15 19 14 17 22 16 4 3 9 11 5 12 8 23 6 18 13 20 25 24 21 10 1 2 7 0 
0 25
1 22
2 23
3 7
4 6
5 10
6 14
7 24
8 12
9 8
10 21
11 9
12 11
13 16
14 2
15 0
16 5
17 3
18 15
19 1
20 17
21 20
22 4
23 13
24 19
25 18
SIMILAR

11 17 3 9 6 18 4 23 24 25 5 15 19 7 10 16 20 21 13 22 12 0 14 1 8 2 
0 21
1 23
2 25
3 2
4 6
5 10
6 4
7 13
8 24
9 3
10 14
11 0
12 20
13 18
14 22
15 11
16 15
17 1
18 5
19 12
20 16
21 17
22 19
23 7
24 8
25 9
SIMILAR

13 0 25 6 18 22 11 24 23 4 14 7 5 15 10 2 20 16 21 19 8 1 17 9 3 12 
0 1
1 21
2 15
3 24
4 9
5 12
6 3
7 11
8 20
9 23
10 14
11 6
12 25
13 0
14 10
15 13
16 17
17 22
18 4
19 19
20 16
21 18
22 5
23 8
24 7
25 2
SIMILAR

25 8 12 18 11 9 5 22 4 0 13 17 23 14 21 6 15 7 10 3 24 16 2 20 19 1 
0 9
1 25
2 22
3 19
4 8
5 6
6 15
7 17
8 1
9 5
10 18
11 4
12 2
13 10
14 13
15 16
16 21
17 11
18 3
19 24
20 23
21 14
22 7
23 12
24 20
25 0
SIMILAR

2 14 18 0 13 24 3 20 19 25 9 10 22 16 1 21 5 8 17 11 12 6 15 23 7 4 
0 3
1 14
2 0
3 6
4 25
5 16
6 21
7 24
8 17
9 10
10 11
11 19
12 20
13 4
14 1
15 22
16 13
17 18
18 2
19 8
20 7
21 15
22 12
23 23
24 5
25 9
SIMILAR

4 20 9 8 16 18 7 6 19 21 11 25 12 23 2 15 17 14 22 1 5 10 13 24 0 3 
0 24
1 19
2 14
3 25
4 0
5 20
6 7
7 6
8 3
9 2
10 21
11 10
12 12
13 22
14 17
15 15
16 4
17 16
18 5
19 8
20 1
21 9
22 18
23 13
24 23
25 11
SIMILAR

12 10 19 18 0 17 6 3 25 4 15 21 16 24 9 14 20 2 23 22 1 11 8 5 7 13 
0 4
1 20
2 17
3 7
4 9
5 23
6 6
7 24
8 22
9 14
10 1
11 21
12 0
13 25
14 15
15 10
16 12
17 5
18 3
19 2
20 16
21 11
22 19
23 18
24 13
25 8
SIMILAR

18 21 10 9 3 12 24 17 22 5 8 0 16 23 20 13 7 6 2 4 15 19 25 14 1 11 
0 11
1 24
2 18
3 4
4 19
5 9
6 17
7 16
8 10
9 3
10 2
11 25
12 5
13 15
14 23
15 20
16 12
17 7
18 0
19 21
20 14
21 1
22 8
23 13
24 6
25 22
SIMILAR

6 4 14 19 20 15 7 12 2 10 5 0 21 24 25 17 3 8 23 18 22 9 16 13 11 1 
0 11
1 25
2 8
3 16
4 1
5 10
6 0
7 6
8 17
9 21
10 9
11 24
12 7
13 23
14 2
15 5
16 22
17 15
18 19
19 3
20 4
21 12
22 20
23 18
24 13
25 14
SIMILAR

8 5 25 17 13 24 0 9 22 12 18 16 10 23 1 19 7 15 2 4 21 20 11 14 6 3 
0 6
1 14
2 18
3 25
4 19
5 1
6 24
7 16
8 0
9 7
10 12
11 22
12 9
13 4
14 23
15 17
16 11
17 3
18 10
19 15
20 21
21 20
22 8
23 13
24 5
25 2
SIMILAR

18 16 24 20 12 1 22 21 7 19 9 15 2 11 14 10 3 0 23 17 6 13 8 5 25 4 
0 17
1 5
2 12
3 16
4 25
5 23
6 20
7 8
8 22
9 10
10 15
11 13
12 4
13 21
14 14
15 11
16 1
17 19
18 0
19 9
20 3
21 7
22 6
23 18
24 2
25 24
SIMILAR

11 19 21 9 10 6 18 16 14 13 15 25 1 12 22 2 4 23 7 24 17 0 3 20 8 5 
0 21
1 12
2 15
3 22
4 16
5 25
6 5
7 18
8 24
9 3
10 4
11 0
12 13
13 9
14 8
15 10
16 7
17 20
18 6
19 1
20 23
21 2
22 14
23 17
24 19
25 11
SIMILAR

25 22 18 4 20 11 12 19 3 21 14 24 1 6 23 5 0 7 2 10 9 13 17 15 16 8 
0 16
1 12
2 18
3 8
4 3
5 15
6 13
7 17
8 25
9 20
10 19
11 5
12 6
13 21
14 10
15 23
16 24
17 22
18 2
19 7
20 4
21 9
22 1
23 14
24 11
25 0
SIMILAR

4 0 9 6 25 13 15 12 5 20 10 23 11 1 14 21 16 3 8 22 19 18 24 17 2 7 
0 1
1 13
2 24
3 17
4 0
5 8
6 3
7 25
8 18
9 2
10 10
11 12
12 7
13 5
14 14
15 6
16 16
17 23
18 21
19 20
20 9
21 15
22 19
23 11
24 22
25 4
SIMILAR

10 11 19 12 23 24 4 1 20 2 6 0 15 25 9 13 18 5 21 17 16 3 22 7 14 8 
0 11
1 7
2 9
3 21
4 6
5 17
6 10
7 23
8 25
9 14
10 0
11 1
12 3
13 15
14 24
15 12
16 20
17 19
18 16
19 2
20 8
21 18
22 22
23 4
24 5
25 13
SIMILAR

21 12 17 16 25 13 2 0 10 7 23 9 18 8 19 3 4 15 1 20 11 24 14 22 6 5 
0 7
1 18
2 6
3 15
4 16
5 25
6 24
7 9
8 13
9 11
10 8
11 20
12 1
13 5
14 22
15 17
16 3
17 2
18 12
19 14
20 19
21 0
22 23
23 10
24 21
25 4
SIMILAR

15 12 23 7 24 22 13 19 18 25 6 8 20 21 2 3 4 14 0 9 16 5 1 10 17 11 
0 18
1 22
2 14
3 15
4 16
5 21
6 10
7 3
8 11
9 19
10 23
11 25
12 1
13 6
14 17
15 0
16 20
17 24
18 8
19 7
20 12
21 13
22 5
23 2
24 4
25 9
SIMILAR

23 21 13 0 6 7 15 20 1 14 2 10 24 22 3 25 4 8 9 19 12 16 18 17 5 11 
0 3
1 8
2 10
3 14
4 16
5 24
6 4
7 5
8 17
9 18
10 11
11 25
12 20
13 2
14 9
15 6
16 21
17 23
18 22
19 19
20 7
21 1
22 13
23 0
24 12
25 15
SIMILAR

11 18 17 9 0 3 12 8 19 7 13 1 23 2 14 25 20 5 21 10 16 22 24 6 15 4 
0 4
1 11
2 13
3 5
4 25
5 17
6 23
7 9
8 7
9 3
10 19
11 0
12 6
13 10
14 14
15 24
16 20
17 2
18 1
19 8
20 16
21 18
22 21
23 12
24 22
25 15
SIMILAR

23 17 15 13 21 2 19 12 8 25 1 0 22 3 24 10 14 16 20 6 4 11 9 5 7 18 
0 11
1 10
2 5
3 13
4 20
5 23
6 19
7 24
8 8
9 22
10 15
11 21
12 7
13 3
14 16
15 2
16 17
17 1
18 25
19 6
20 18
21 4
22 12
23 0
24 14
25 9
SIMILAR

13 20 21 24 11 19 25 8 17 15 14 2 16 1 23 0 9 10 3 7 5 22 4 12 6 18 
0 15
1 13
2 11
3 18
4 22
5 20
6 24
7 19
8 7
9 16
10 17
11 4
12 23
13 0
14 10
15 9
16 12
17 8
18 25
19 5
20 1
21 2
22 21
23 14
24 3
25 6
SIMILAR

21 3 10 13 22 19 6 12 7 2 23 18 17 1 0 5 20 11 24 25 14 9 8 4 16 15 
0 14
1 13
2 9
3 1
4 23
5 15
6 6
7 8
8 22
9 21
10 2
11 17
12 7
13 3
14 20
15 25
16 24
17 12
18 11
19 5
20 16
21 0
22 4
23 10
24 18
25 19
SIMILAR

14 0 21 15 24 16 17 25 3 19 8 6 20 13 9 10 2 1 22 23 7 12 5 11 18 4 
0 1
1 17
2 16
3 8
4 25
5 22
6 11
7 20
8 10
9 14
10 15
11 23
12 21
13 13
14 0
15 3
16 5
17 6
18 24
19 9
20 12
21 2
22 18
23 19
24 4
25 7
SIMILAR

20 0 17 9 19 10 11 25 18 8 12 21 15 1 22 24 13 14 7 23 6 5 3 2 4 16 
0 1
1 13
2 23
3 22
4 24
5 21
6 20
7 18
8 9
9 3
10 5
11 6
12 10
13 16
14 17
15 12
16 25
17 2
18 8
19 4
20 0
21 11
22 14
23 19
24 15
25 7
SIMILAR

1 10 5 12 0 4 11 25 7 19 3 17 23 14 22 6 8 24 15 20 16 13 18 21 2 9 
0 4
1 0
2 24
3 10
4 5
5 2
6 15
7 8
8 16
9 25
10 1
11 6
12 3
13 21
14 13
15 18
16 20
17 11
18 22
19 9
20 19
21 23
22 14
23 12
24 17
25 7
SIMILAR

14 25 11 2 10 22 20 24 23 3 8 12 7 17 9 21 18 13 4 19 0 6 16 5 15 1 
0 20
1 25
2 3
3 9
4 18
5 23
6 21
7 12
8 10
9 14
10 4
11 2
12 11
13 17
14 0
15 24
16 22
17 13
18 16
19 19
20 6
21 15
22 5
23 8
24 7
25 1
SIMILAR

21 12 5 23 15 10 11 24 2 4 16 19 18 8 25 20 6 1 9 13 22 3 17 0 7 14 
0 23
1 17
2 8
3 21
4 9
5 2
6 16
7 24
8 13
9 18
10 5
11 6
12 1
13 19
14 25
15 4
16 10
17 22
18 12
19 11
20 15
21 0
22 20
23 3
24 7
25 14
SIMILAR

1 21 8 2 9 11 14 15 24 10 19 25 4 7 17 0 13 6 3 5 18 20 16 12 23 22 
0 15
1 0
2 3
3 18
4 12
5 19
6 17
7 13
8 2
9 4
10 9
11 5
12 23
13 16
14 6
15 7
16 22
17 14
18 20
19 10
20 21
21 1
22 25
23 24
24 8
25 11
SIMILAR

5 14 2 21 0 18 25 16 12 1 23 4 10 22 13 11 8 7 24 17 19 15 20 3 6 9 
0 4
1 9
2 2
3 23
4 11
5 0
6 24
7 17
8 16
9 25
10 12
11 15
12 8
13 14
14 1
15 21
16 7
17 19
18 5
19 20
20 22
21 3
22 13
23 10
24 18
25 6
SIMILAR

25 16 0 5 7 22 9 21 13 24 14 1 2 19 23 4 18 17 3 8 12 6 15 11 20 10 
0 2
1 11
2 12
3 18
4 15
5 3
6 21
7 4
8 19
9 6
10 25
11 23
12 20
13 8
14 10
15 22
16 1
17 17
18 16
19 13
20 24
21 7
22 5
23 14
24 9
25 0
SIMILAR

2 4 7 3 25 16 6 19 1 14 22 18 9 12 24 23 20 15 21 13 5 10 17 8 0 11 
0 24
1 8
2 0
3 3
4 1
5 20
6 6
7 2
8 23
9 12
10 21
11 25
12 13
13 19
14 9
15 17
16 5
17 22
18 11
19 7
20 16
21 18
22 10
23 15
24 14
25 4
SIMILAR

4 22 0 1 25 21 11 14 20 12 6 7 5 24 17 15 9 18 10 3 23 2 13 19 8 16 
0 2
1 3
2 21
3 19
4 0
5 12
6 10
7 11
8 24
9 16
10 18
11 6
12 9
13 22
14 7
15 15
16 25
17 14
18 17
19 23
20 8
21 5
22 1
23 20
24 13
25 4
SIMILAR

4 24 5 18 2 13 8 9 3 15 14 16 0 12 20 25 23 6 22 7 19 1 11 21 10 17 
0 12
1 21
2 4
3 8
4 0
5 2
6 17
7 19
8 6
9 7
10 24
11 22
12 13
13 5
14 10
15 9
16 11
17 25
18 3
19 20
20 14
21 23
22 18
23 16
24 1
25 15
SIMILAR

17 24 2 20 15 1 18 16 12 21 14 25 4 19 5 13 9 7 23 22 8 6 3 0 10 11 
0 23
1 5
2 2
3 22
4 12
5 14
6 21
7 17
8 20
9 16
10 24
11 25
12 8
13 15
14 10
15 4
16 7
17 0
18 6
19 13
20 3
21 9
22 19
23 18
24 1
25 11
SIMILAR

1 3 6 12 13 23 19 0 25 18 22 7 11 5 2 20 24 17 21 8 9 10 4 14 15 16 
0 7
1 0
2 14
3 1
4 22
5 13
6 2
7 11
8 19
9 20
10 21
11 12
12 3
13 4
14 23
15 24
16 25
17 17
18 9
19 6
20 15
21 18
22 10
23 5
24 16
25 8
SIMILAR

15 1 11 4 19 3 2 12 22 16 23 7 6 20 10 21 14 8 13 24 9 25 18 17 5 0 
0 25
1 1
2 6
3 5
4 3
5 24
6 12
7 11
8 17
9 20
10 14
11 2
12 7
13 18
14 16
15 0
16 9
17 23
18 22
19 4
20 13
21 15
22 8
23 10
24 19
25 21
SIMILAR

20 19 24 21 7 22 5 13 6 10 3 2 8 16 25 14 23 9 11 15 12 4 1 0 18 17 
0 23
1 22
2 11
3 10
4 21
5 6
6 8
7 4
8 12
9 17
10 9
11 18
12 20
13 7
14 15
15 19
16 13
17 25
18 24
19 1
20 0
21 3
22 5
23 16
24 2
25 14
SIMILAR

25 17 8 18 12 13 10 21 22 24 4 23 14 20 9 15 19 7 1 6 16 2 3 5 0 11 
0 24
1 18
2 21
3 22
4 10
5 23
6 19
7 17
8 2
9 14
10 6
11 25
12 4
13 5
14 12
15 15
16 20
17 1
18 3
19 16
20 13
21 7
22 8
23 11
24 9
25 0
SIMILAR

5 19 20 11 8 0 6 15 12 14 2 17 24 9 18 16 25 1 3 10 4 7 23 13 22 21 
0 5
1 17
2 10
3 18
4 20
5 0
6 6
7 21
8 4
9 13
10 19
11 3
12 8
13 23
14 9
15 7
16 15
17 11
18 14
19 1
20 2
21 25
22 24
23 22
24 12
25 16
SIMILAR

13 10 7 20 17 22 11 2 24 9 21 6 5 4 25 3 12 0 19 14 15 1 8 23 18 16 
0 17
1 21
2 7
3 15
4 13
5 12
6 11
7 2
8 22
9 9
10 1
11 6
12 16
13 0
14 19
15 20
16 25
17 4
18 24
19 18
20 3
21 10
22 5
23 23
24 8
25 14
SIMILAR

20 17 18 0 12 13 24 16 14 21 19 1 25 8 5 22 11 15 10 7 23 2 4 9 3 6 
0 3
1 11
2 21
3 24
4 22
5 14
6 25
7 19
8 13
9 23
10 18
11 16
12 4
13 5
14 8
15 17
16 7
17 1
18 2
19 10
20 0
21 9
22 15
23 20
24 6
25 12
SIMILAR

12 0 17 10 18 14 16 11 15 1 7 3 22 25 23 24 8 4 21 2 20 5 6 19 13 9 
0 1
1 9
2 19
3 11
4 17
5 21
6 22
7 10
8 16
9 25
10 3
11 7
12 0
13 24
14 5
15 8
16 6
17 2
18 4
19 23
20 20
21 18
22 12
23 14
24 15
25 13
SIMILAR

11 21 24 23 7 1 2 16 10 25 15 0 12 5 20 22 19 4 18 6 17 14 3 8 13 9 
0 11
1 5
2 6
3 22
4 17
5 13
6 19
7 4
8 23
9 25
10 8
11 0
12 12
13 24
14 21
15 10
16 7
17 20
18 18
19 16
20 14
21 1
22 15
23 3
24 2
25 9
SIMILAR

21 13 5 3 0 18 16 4 23 1 9 7 20 8 12 25 2 14 6 24 22 19 17 11 15 10 
0 4
1 9
2 16
3 3
4 7
5 2
6 18
7 11
8 13
9 10
10 25
11 23
12 14
13 1
14 17
15 24
16 6
17 22
18 5
19 21
20 12
21 0
22 20
23 8
24 19
25 15
SIMILAR

22 21 23 15 25 8 10 16 9 3 7 2 14 0 1 13 24 20 11 19 12 6 18 17 4 5 
0 13
1 14
2 11
3 9
4 24
5 25
6 21
7 10
8 5
9 8
10 6
11 18
12 20
13 15
14 12
15 3
16 7
17 23
18 22
19 19
20 17
21 1
22 0
23 2
24 16
25 4
SIMILAR

4 23 9 15 0 18 20 7 21 2 3 14 11 13 5 19 24 12 22 6 10 8 17 25 1 16 
0 4
1 24
2 9
3 10
4 0
5 14
6 19
7 7
8 21
9 2
10 20
11 12
12 17
13 13
14 11
15 3
16 25
17 22
18 5
19 15
20 6
21 8
22 18
23 1
24 16
25 23
SIMILAR

12 6 0 8 18 15 13 7 19 4 24 10 16 21 11 22 5 17 9 3 14 2 25 1 23 20 
0 2
1 23
2 21
3 19
4 9
5 16
6 1
7 7
8 3
9 18
10 11
11 14
12 0
13 6
14 20
15 5
16 12
17 17
18 4
19 8
20 25
21 13
22 15
23 24
24 10
25 22
SIMILAR

11 13 19 22 4 9 14 0 25 21 20 23 24 5 15 2 16 17 6 10 12 7 18 1 8 3 
0 7
1 23
2 15
3 25
4 4
5 13
6 18
7 21
8 24
9 5
10 19
11 0
12 20
13 1
14 6
15 14
16 16
17 17
18 22
19 2
20 10
21 9
22 3
23 11
24 12
25 8
SIMILAR

6 13 0 12 17 10 15 3 14 23 1 8 18 21 4 7 20 16 25 24 9 2 19 11 5 22 
0 2
1 10
2 21
3 7
4 14
5 24
6 0
7 15
8 11
9 20
10 5
11 23
12 3
13 1
14 8
15 6
16 17
17 4
18 12
19 22
20 16
21 13
22 25
23 9
24 19
25 18
SIMILAR

11 25 2 10 4 1 9 5 19 12 15 16 0 17 3 24 20 7 18 8 6 14 22 13 21 23 
0 12
1 5
2 2
3 14
4 4
5 7
6 20
7 17
8 19
9 6
10 3
11 0
12 9
13 23
14 21
15 10
16 11
17 13
18 18
19 8
20 16
21 24
22 22
23 25
24 15
25 1
SIMILAR

1 25 21 24 11 15 2 22 17 5 23 8 6 3 16 18 13 7 10 20 0 12 4 14 9 19 
0 20
1 0
2 6
3 13
4 22
5 9
6 12
7 17
8 11
9 24
10 18
11 4
12 21
13 16
14 23
15 5
16 14
17 8
18 15
19 25
20 19
21 2
22 7
23 10
24 3
25 1
SIMILAR

13 22 23 1 24 0 2 7 16 12 20 10 14 19 4 18 17 11 9 3 15 5 8 25 21 6 
0 5
1 3
2 6
3 19
4 14
5 21
6 25
7 7
8 22
9 18
10 11
11 17
12 9
13 0
14 12
15 20
16 8
17 16
18 15
19 13
20 10
21 24
22 1
23 2
24 4
25 23
SIMILAR

20 3 5 7 18 23 8 10 2 24 1 17 15 25 6 21 11 16 13 12 9 19 14 22 4 0 
0 25
1 10
2 8
3 1
4 24
5 2
6 14
7 3
8 6
9 20
10 7
11 16
12 19
13 18
14 22
15 12
16 17
17 11
18 4
19 21
20 0
21 15
22 23
23 5
24 9
25 13
SIMILAR

14 8 1 19 18 11 22 9 25 20 23 16 10 13 6 4 2 24 5 0 3 17 15 12 21 7 
0 19
1 2
2 16
3 20
4 15
5 18
6 14
7 25
8 1
9 7
10 12
11 5
12 23
13 13
14 0
15 22
16 11
17 21
18 4
19 3
20 9
21 24
22 6
23 10
24 17
25 8
SIMILAR

3 20 7 13 17 24 22 25 21 11 18 0 4 8 12 23 6 16 5 1 9 14 2 19 15 10 
0 11
1 19
2 22
3 0
4 12
5 18
6 16
7 2
8 13
9 20
10 25
11 9
12 14
13 3
14 21
15 24
16 17
17 4
18 10
19 23
20 1
21 8
22 6
23 15
24 5
25 7
SIMILAR

1 17 11 6 10 21 22 14 24 13 25 15 18 5 16 8 4 2 3 12 0 20 19 23 9 7 
0 20
1 0
2 17
3 18
4 16
5 13
6 3
7 25
8 15
9 24
10 4
11 2
12 19
13 9
14 7
15 11
16 14
17 1
18 12
19 22
20 21
21 5
22 6
23 23
24 8
25 10
SIMILAR

16 2 7 5 25 0 21 8 1 3 23 12 22 24 19 10 13 6 14 4 11 15 18 17 9 20 
0 5
1 8
2 1
3 9
4 19
5 3
6 17
7 2
8 7
9 24
10 15
11 20
12 11
13 16
14 18
15 21
16 0
17 23
18 22
19 14
20 25
21 6
22 12
23 10
24 13
25 4
SIMILAR

10 17 0 20 6 18 14 22 21 11 16 4 19 13 9 24 3 25 23 15 5 8 2 12 7 1 
0 2
1 25
2 22
3 16
4 11
5 20
6 4
7 24
8 21
9 14
10 0
11 9
12 23
13 13
14 6
15 19
16 10
17 1
18 5
19 12
20 3
21 8
22 7
23 18
24 15
25 17
SIMILAR

1 8 11 4 13 15 24 10 12 18 21 22 20 17 0 5 14 7 25 3 23 2 16 6 19 9 
0 14
1 0
2 21
3 19
4 3
5 15
6 23
7 17
8 1
9 25
10 7
11 2
12 8
13 4
14 16
15 5
16 22
17 13
18 9
19 24
20 12
21 10
22 11
23 20
24 6
25 18
SIMILAR

4 21 25 20 23 14 10 9 5 8 19 15 18 6 7 16 12 11 22 17 13 3 1 24 2 0 
0 25
1 22
2 24
3 21
4 0
5 8
6 13
7 14
8 9
9 7
10 6
11 17
12 16
13 20
14 5
15 11
16 15
17 19
18 12
19 10
20 3
21 1
22 18
23 4
24 23
25 2
SIMILAR

16 20 11 23 25 22 24 0 4 19 7 12 8 14 9 21 1 18 17 3 15 2 5 13 10 6 
0 7
1 16
2 21
3 19
4 8
5 22
6 25
7 10
8 12
9 14
10 24
11 2
12 11
13 23
14 13
15 20
16 0
17 18
18 17
19 9
20 1
21 15
22 5
23 3
24 6
25 4
SIMILAR

24 18 15 9 17 10 8 1 21 13 2 19 20 16 3 5 7 0 14 12 25 11 6 4 23 22 
0 17
1 7
2 10
3 14
4 23
5 15
6 22
7 16
8 6
9 3
10 5
11 21
12 19
13 9
14 18
15 2
16 13
17 4
18 1
19 11
20 12
21 8
22 25
23 24
24 0
25 20
SIMILAR

7 8 2 4 10 1 18 12 5 13 25 17 16 6 11 19 15 20 22 0 21 3 24 9 23 14 
0 19
1 5
2 2
3 21
4 3
5 8
6 13
7 0
8 1
9 23
10 4
11 14
12 7
13 9
14 25
15 16
16 12
17 11
18 6
19 15
20 17
21 20
22 18
23 24
24 22
25 10
SIMILAR

7 19 24 6 14 21 10 12 8 5 13 23 17 3 1 2 25 20 16 9 4 11 15 0 18 22 
0 23
1 14
2 15
3 13
4 20
5 9
6 3
7 0
8 8
9 19
10 6
11 21
12 7
13 10
14 4
15 22
16 18
17 12
18 24
19 1
20 17
21 5
22 25
23 11
24 2
25 16
SIMILAR

11 13 8 0 21 22 12 1 4 15 24 3 16 14 20 2 5 9 6 19 25 18 7 10 23 17 
0 3
1 7
2 15
3 11
4 8
5 16
6 18
7 22
8 2
9 17
10 23
11 0
12 6
13 1
14 13
15 9
16 12
17 25
18 21
19 19
20 14
21 4
22 5
23 24
24 10
25 20
SIMILAR

18 10 7 16 12 13 15 9 20 24 1 19 21 8 17 6 22 25 0 5 2 4 3 14 23 11 
0 18
1 10
2 20
3 22
4 21
5 19
6 15
7 2
8 13
9 7
10 1
11 25
12 4
13 5
14 23
15 6
16 3
17 14
18 0
19 11
20 8
21 12
22 16
23 24
24 9
25 17
SIMILAR

17 14 21 19 1 4 13 23 22 25 5 18 12 3 9 8 15 2 6 11 0 24 7 10 16 20 
0 20
1 4
2 17
3 13
4 5
5 10
6 18
7 22
8 15
9 14
10 23
11 19
12 12
13 6
14 1
15 16
16 24
17 0
18 11
19 3
20 25
21 2
22 8
23 7
24 21
25 9
SIMILAR

1 6 8 18 20 7 4 25 15 19 17 0 24 9 23 21 10 3 5 22 12 2 14 16 13 11 
0 11
1 0
2 21
3 17
4 6
5 18
6 1
7 5
8 2
9 13
10 16
11 25
12 20
13 24
14 22
15 8
16 23
17 10
18 3
19 9
20 4
21 15
22 19
23 14
24 12
25 7
SIMILAR

6 5 23 19 21 15 11 18 1 13 16 22 25 24 14 2 10 8 20 12 7 4 3 17 9 0 
0 25
1 8
2 15
3 22
4 21
5 1
6 0
7 20
8 17
9 24
10 16
11 6
12 19
13 9
14 14
15 5
16 10
17 23
18 7
19 3
20 18
21 4
22 11
23 2
24 13
25 12
SIMILAR

21 15 16 20 2 11 24 17 7 22 0 12 5 13 23 8 25 6 14 18 3 9 10 4 19 1 
0 10
1 25
2 4
3 20
4 23
5 12
6 17
7 8
8 15
9 21
10 22
11 5
12 11
13 13
14 18
15 1
16 2
17 7
18 19
19 24
20 3
21 0
22 9
23 14
24 6
25 16
SIMILAR

12 3 7 6 11 23 17 9 1 0 10 19 13 16 15 20 22 5 2 4 24 8 25 14 21 18 
0 9
1 8
2 18
3 1
4 19
5 17
6 3
7 2
8 21
9 7
10 10
11 4
12 0
13 12
14 23
15 14
16 13
17 6
18 25
19 11
20 15
21 24
22 16
23 5
24 20
25 22
SIMILAR

14 4 2 22 21 24 9 3 7 19 13 18 10 23 16 5 1 15 12 0 20 11 17 25 6 8 
0 19
1 16
2 2
3 7
4 1
5 15
6 24
7 8
8 25
9 6
10 12
11 21
12 18
13 10
14 0
15 17
16 14
17 22
18 11
19 9
20 20
21 4
22 3
23 13
24 5
25 23
SIMILAR

7 2 18 23 24 6 11 9 25 8 10 19 4 21 22 13 5 16 0 15 20 14 1 12 3 17 
0 18
1 22
2 1
3 24
4 12
5 16
6 5
7 0
8 9
9 7
10 10
11 6
12 23
13 15
14 21
15 19
16 17
17 25
18 2
19 11
20 20
21 13
22 14
23 3
24 4
25 8
SIMILAR

23 10 12 21 24 0 19 25 11 1 7 6 14 20 22 13 8 17 2 15 4 3 5 16 9 18 
0 5
1 9
2 18
3 21
4 20
5 22
6 11
7 10
8 16
9 24
10 1
11 8
12 2
13 15
14 12
15 19
16 23
17 17
18 25
19 6
20 13
21 3
22 14
23 0
24 4
25 7
SIMILAR

25 15 5 16 14 19 24 0 7 20 21 12 6 17 22 3 8 10 1 2 4 13 18 9 11 23 
0 7
1 18
2 19
3 15
4 20
5 2
6 12
7 8
8 16
9 23
10 17
11 24
12 11
13 21
14 4
15 1
16 3
17 13
18 22
19 5
20 9
21 10
22 14
23 25
24 6
25 0
SIMILAR

20 9 13 15 24 2 10 17 22 18 3 14 19 6 21 25 1 7 23 5 4 11 16 8 12 0 
0 25
1 16
2 5
3 10
4 20
5 19
6 13
7 17
8 23
9 1
10 6
11 21
12 24
13 2
14 11
15 3
16 22
17 7
18 9
19 12
20 0
21 14
22 8
23 18
24 4
25 15
SIMILAR

22 14 23 25 4 1 2 9 15 13 8 21 17 20 3 19 24 10 18 7 5 16 6 0 11 12 
0 23
1 5
2 6
3 14
4 4
5 20
6 22
7 19
8 10
9 7
10 17
11 24
12 25
13 9
14 1
15 8
16 21
17 12
18 18
19 15
20 13
21 11
22 0
23 2
24 16
25 3
SIMILAR

7 17 22 0 24 1 5 3 23 21 4 19 18 2 20 16 6 11 13 10 8 15 14 12 9 25 
0 3
1 5
2 13
3 7
4 10
5 6
6 16
7 0
8 20
9 24
10 19
11 17
12 23
13 18
14 22
15 21
16 15
17 1
18 12
19 11
20 14
21 9
22 2
23 8
24 4
25 25
SIMILAR

3 8 25 24 17 7 13 16 22 0 1 19 9 5 23 10 21 6 20 15 2 14 11 12 18 4 
0 9
1 10
2 20
3 0
4 25
5 13
6 17
7 5
8 1
9 12
10 15
11 22
12 23
13 6
14 21
15 19
16 7
17 4
18 24
19 11
20 18
21 16
22 8
23 14
24 3
25 2
SIMILAR

3 6 25 19 16 14 13 15 0 1 2 5 12 23 7 8 4 18 10 11 24 22 17 20 9 21 
0 8
1 9
2 10
3 0
4 16
5 11
6 1
7 14
8 15
9 24
10 18
11 19
12 12
13 6
14 5
15 7
16 4
17 22
18 17
19 3
20 23
21 25
22 21
23 13
24 20
25 2
SIMILAR

9 2 4 6 25 24 3 7 19 13 22 1 17 15 23 14 8 21 12 0 11 5 10 16 18 20 
0 19
1 11
2 1
3 6
4 2
5 21
6 3
7 7
8 16
9 0
10 22
11 20
12 18
13 9
14 15
15 13
16 23
17 12
18 24
19 8
20 25
21 17
22 10
23 14
24 5
25 4
SIMILAR

4 13 18 3 2 20 14 16 25 24 1 0 21 10 19 11 15 17 9 5 22 12 6 7 23 8 
0 11
1 10
2 4
3 3
4 0
5 19
6 22
7 23
8 25
9 18
10 13
11 15
12 21
13 1
14 6
15 16
16 7
17 17
18 2
19 14
20 5
21 12
22 20
23 24
24 9
25 8
SIMILAR

23 5 12 7 20 25 6 8 15 16 11 19 14 10 13 3 9 22 1 4 21 24 0 17 2 18 
0 22
1 18
2 24
3 15
4 19
5 1
6 6
7 3
8 7
9 16
10 13
11 10
12 2
13 14
14 12
15 8
16 9
17 23
18 25
19 11
20 4
21 20
22 17
23 0
24 21
25 5
SIMILAR

2 15 12 9 3 21 11 7 25 10 17 8 24 5 22 20 16 0 6 19 4 1 13 23 18 14 
0 17
1 21
2 0
3 4
4 20
5 13
6 18
7 7
8 11
9 3
10 9
11 6
12 2
13 22
14 25
15 1
16 16
17 10
18 24
19 19
20 15
21 5
22 14
23 23
24 12
25 8
SIMILAR

20 3 22 23 19 24 1 7 12 25 2 9 5 10 11 18 13 8 6 16 21 0 15 14 4 17 
0 21
1 6
2 10
3 1
4 24
5 12
6 18
7 7
8 17
9 11
10 13
11 14
12 8
13 16
14 23
15 22
16 19
17 25
18 15
19 4
20 0
21 20
22 2
23 3
24 5
25 9
SIMILAR

16 7 2 19 6 24 8 23 12 10 13 17 18 4 1 25 9 3 20 0 5 14 21 22 11 15 
0 19
1 14
2 2
3 17
4 13
5 20
6 4
7 1
8 6
9 16
10 9
11 24
12 8
13 10
14 21
15 25
16 0
17 11
18 12
19 3
20 18
21 22
22 23
23 7
24 5
25 15
SIMILAR

4 20 6 11 17 0 10 12 23 5 24 13 16 8 1 18 19 25 2 22 15 7 3 9 21 14 
0 5
1 14
2 18
3 22
4 0
5 9
6 2
7 21
8 13
9 23
10 6
11 3
12 7
13 11
14 25
15 20
16 12
17 4
18 15
19 16
20 1
21 24
22 19
23 8
24 10
25 17
SIMILAR

14 24 19 17 6 22 20 7 2 23 18 3 1 0 10 8 11 15 12 21 5 13 16 25 9 4 
0 13
1 12
2 8
3 11
4 25
5 20
6 4
7 7
8 15
9 24
10 14
11 16
12 18
13 21
14 0
15 17
16 22
17 3
18 10
19 2
20 6
21 19
22 5
23 9
24 1
25 23
SIMILAR

6 11 22 25 7 8 3 0 16 5 19 20 21 15 17 24 4 9 10 13 1 12 18 14 2 23 
0 7
1 20
2 24
3 6
4 16
5 9
6 0
7 4
8 5
9 17
10 18
11 1
12 21
13 19
14 23
15 13
16 8
17 14
18 22
19 10
20 11
21 12
22 2
23 25
24 15
25 3
SIMILAR

3 16 1 14 23 5 20 6 25 4 10 8 17 24 7 21 22 2 11 15 13 12 18 19 0 9 
0 24
1 2
2 17
3 0
4 9
5 5
6 7
7 14
8 11
9 25
10 10
11 18
12 21
13 20
14 3
15 19
16 1
17 12
18 22
19 23
20 6
21 15
22 16
23 4
24 13
25 8
SIMILAR

22 17 25 18 3 20 7 0 9 8 11 13 12 21 5 15 10 24 19 14 6 16 4 1 23 2 
0 7
1 23
2 25
3 4
4 22
5 14
6 20
7 6
8 9
9 8
10 16
11 10
12 12
13 11
14 19
15 15
16 21
17 1
18 3
19 18
20 5
21 13
22 0
23 24
24 17
25 2
SIMILAR

8 12 10 20 7 19 22 21 3 14 25 11 24 23 18 16 6 13 5 0 17 4 15 1 9 2 
0 19
1 23
2 25
3 8
4 21
5 18
6 16
7 4
8 0
9 24
10 2
11 11
12 1
13 17
14 9
15 22
16 15
17 20
18 14
19 5
20 3
21 7
22 6
23 13
24 12
25 10
SIMILAR

8 2 4 12 25 22 0 21 20 11 24 23 18 10 17 5 9 3 1 15 7 14 13 16 19 6 
0 6
1 18
2 1
3 17
4 2
5 15
6 25
7 20
8 0
9 16
10 13
11 9
12 3
13 22
14 21
15 19
16 23
17 14
18 12
19 24
20 8
21 7
22 5
23 11
24 10
25 4
SIMILAR

22 19 12 16 14 2 17 1 18 15 3 13 5 8 0 20 24 6 9 23 10 11 21 25 4 7 
0 14
1 7
2 5
3 10
4 24
5 12
6 17
7 25
8 13
9 18
10 20
11 21
12 2
13 11
14 4
15 9
16 3
17 6
18 8
19 1
20 15
21 22
22 0
23 19
24 16
25 23
SIMILAR
100 0
9600 0
229600 0
