26
0 1 0 1 1 1 1 1 0 1 0 0 1 0 1 0 0 0 1 0 0 0 0 1 0 0 
1 0 0 0 0 0 1 1 1 1 1 0 0 0 1 1 1 0 0 0 1 0 0 0 1 0 
0 0 0 1 0 1 0 1 1 0 1 1 0 1 0 0 0 1 1 0 0 0 1 0 0 1 
1 0 1 0 1 0 0 0 0 0 0 1 0 1 0 1 0 1 1 0 0 0 0 0 1 1 
1 0 0 1 0 1 0 0 0 0 1 0 0 1 1 0 1 0 1 1 1 1 0 1 1 0 
1 0 1 0 1 0 0 0 0 0 1 0 0 0 0 1 0 1 0 1 0 1 0 0 0 1 
1 1 0 0 0 0 0 1 1 1 0 1 1 1 1 0 1 1 0 0 0 1 0 0 1 0 
1 1 1 0 0 0 1 0 0 0 0 1 1 1 1 1 1 1 1 0 0 1 0 0 1 0 
0 1 1 0 0 0 1 0 0 1 0 1 0 1 0 1 1 0 0 1 1 0 0 1 1 1 
1 1 0 0 0 0 1 0 1 0 0 1 0 1 0 1 0 1 1 0 0 0 1 0 0 1 
0 1 1 0 1 1 0 0 0 0 0 0 0 1 0 0 1 0 0 0 0 0 0 1 1 0 
0 0 1 1 0 0 1 1 1 1 0 0 0 1 0 0 1 0 1 0 1 1 0 1 1 0 
1 0 0 0 0 0 1 1 0 0 0 0 0 1 0 1 0 1 1 0 1 0 1 1 1 0 
0 0 1 1 1 0 1 1 1 1 1 1 1 0 0 1 1 0 1 1 1 0 1 0 1 1 
1 1 0 0 1 0 1 1 0 0 0 0 0 0 0 1 1 1 0 0 1 1 1 0 1 1 
0 1 0 1 0 1 0 1 1 1 0 0 1 1 1 0 1 0 0 0 1 0 1 0 1 1 
0 1 0 0 1 0 1 1 1 0 1 1 0 1 1 1 0 0 1 0 0 1 0 1 0 0 
0 0 1 1 0 1 1 1 0 1 0 0 1 0 1 0 0 0 0 0 1 1 1 0 0 1 
1 0 1 1 1 0 0 1 0 1 0 1 1 1 0 0 1 0 0 1 1 0 1 1 0 1 
0 0 0 0 1 1 0 0 1 0 0 0 0 1 0 0 0 0 1 0 1 0 1 0 0 1 
0 1 0 0 1 0 0 0 1 0 0 1 1 1 1 1 0 1 1 1 0 0 0 0 1 1 
0 0 0 0 1 1 1 1 0 0 0 1 0 0 1 0 1 1 0 0 0 0 1 0 1 1 
0 0 1 0 0 0 0 0 0 1 0 0 1 1 1 1 0 1 1 1 0 1 0 0 0 1 
1 0 0 0 1 0 0 0 1 0 1 1 1 0 0 0 1 0 1 0 0 0 0 0 0 1 
0 1 0 1 1 0 1 1 1 0 1 1 1 1 1 1 0 0 0 0 1 1 0 0 0 0 
0 0 1 1 0 1 0 0 1 1 0 0 0 1 1 1 0 1 1 1 1 1 1 1 0 0 

9 4 0 20 13 10 11 6 21 25 23 19 17 12 5 8 3 1 15 7 24 16 2 22 18 14 
0 2
1 17
2 22
3 16
4 1
5 14
6 7
7 19
8 15
9 0
10 5
11 6
12 13
13 4
14 25
15 18
16 21
17 12
18 24
19 11
20 3
21 8
22 23
23 10
24 20
25 9
SIMILAR

17 14 12 9 5 11 18 22 19 20 7 10 24 16 4 8 13 23 15 21 25 0 3 2 1 6 
0 21
1 24
2 23
3 22
4 14
5 4
6 25
7 10
8 15
9 3
10 11
11 5
12 2
13 16
14 1
15 18
16 13
17 0
18 6
19 8
20 9
21 19
22 7
23 17
24 12
25 20
SIMILAR

2 1 18 14 17 8 3 24 13 12 7 6 22 25 4 5 23 9 20 15 16 21 19 0 10 11 
0 23
1 1
2 0
3 6
4 14
5 15
6 11
7 10
8 5
9 17
10 24
11 25
12 9
13 8
14 3
15 19
16 20
17 4
18 2
19 22
20 18
21 21
22 12
23 16
24 7
25 13
SIMILAR

21 4 7 22 5 17 15 12 13 23 6 19 9 20 10 11 25 18 0 1 16 3 2 14 24 8 
0 18
1 19
2 22
3 21
4 1
5 4
6 10
7 2
8 25
9 12
10 14
11 15
12 7
13 8
14 23
15 6
16 20
17 5
18 17
19 11
20 13
21 0
22 3
23 9
24 24
25 16
SIMILAR

19 23 21 17 18 7 24 16 15 6 3 8 4 22 9 25 14 0 1 2 20 13 10 12 11 5 
0 17
1 18
2 19
3 10
4 12
5 25
6 9
7 5
8 11
9 14
10 22
11 24
12 23
13 21
14 16
15 8
16 7
17 3
18 4
19 0
20 20
21 2
22 13
23 1
24 6
25 15
SIMILAR

15 25 13 24 20 22 2 4 23 1 0 9 17 6 3 7 5 14 8 16 12 21 10 19 11 18 
0 10
1 9
2 6
3 14
4 7
5 16
6 13
7 15
8 18
9 11
10 22
11 24
12 20
13 2
14 17
15 0
16 19
17 12
18 25
19 23
20 4
21 21
22 5
23 8
24 3
25 1
SIMILAR

3 16 20 24 25 8 21 14 6 2 17 9 23 19 15 11 0 13 1 10 22 18 5 12 4 7 
0 16
1 18
2 9
3 0
4 24
5 22
6 8
7 25
8 5
9 11
10 19
11 15
12 23
13 17
14 7
15 14
16 1
17 10
18 21
19 13
20 2
21 6
22 20
23 12
24 3
25 4
SIMILAR

23 20 4 14 25 3 22 15 1 13 10 2 5 18 16 17 6 9 19 7 11 21 12 24 8 0 
0 25
1 8
2 11
3 5
4 2
5 12
6 16
7 19
8 24
9 17
10 10
11 20
12 22
13 9
14 3
15 7
16 14
17 15
18 13
19 18
20 1
21 21
22 6
23 0
24 23
25 4
SIMILAR

1 8 22 25 16 18 3 5 14 19 9 6 0 12 24 20 13 2 4 11 17 15 10 21 7 23 
0 12
1 0
2 17
3 6
4 18
5 7
6 11
7 24
8 1
9 10
10 22
11 19
12 13
13 16
14 8
15 21
16 4
17 20
18 5
19 9
20 15
21 23
22 2
23 25
24 14
25 3
SIMILAR

13 2 22 23 20 18 6 4 15 1 11 9 16 3 25 21 5 19 12 10 14 24 8 7 17 0 
0 25
1 9
2 1
3 13
4 7
5 16
6 6
7 23
8 22
9 11
10 19
11 10
12 18
13 0
14 20
15 8
16 12
17 24
18 5
19 17
20 4
21 15
22 2
23 3
24 21
25 14
SIMILAR

16 0 15 4 2 24 12 8 18 10 23 11 7 20 14 5 21 3 1 22 19 25 9 13 6 17 
0 1
1 18
2 4
3 17
4 3
5 15
6 24
7 12
8 7
9 22
10 9
11 11
12 6
13 23
14 14
15 2
16 0
17 25
18 8
19 20
20 13
21 16
22 19
23 10
24 5
25 21
SIMILAR

6 17 12 22 23 4 19 14 25 7 9 2 20 10 5 18 3 13 16 8 1 24 11 15 21 0 
0 25
1 20
2 11
3 16
4 5
5 14
6 0
7 9
8 19
9 10
10 13
11 22
12 2
13 17
14 7
15 23
16 18
17 1
18 15
19 6
20 12
21 24
22 3
23 4
24 21
25 8
SIMILAR

22 18 17 10 12 8 20 24 1 0 25 5 3 7 11 4 2 9 19 21 13 6 15 16 14 23 
0 9
1 8
2 16
3 12
4 15
5 11
6 21
7 13
8 5
9 17
10 3
11 14
12 4
13 20
14 24
15 22
16 23
17 2
18 1
19 18
20 6
21 19
22 0
23 25
24 7
25 10
SIMILAR

14 10 9 1 22 19 12 18 23 3 25 8 16 15 24 20 6 2 17 13 5 4 7 21 0 11 
0 24
1 3
2 17
3 9
4 21
5 20
6 16
7 22
8 11
9 2
10 1
11 25
12 6
13 19
14 0
15 13
16 12
17 18
18 7
19 5
20 15
21 23
22 4
23 8
24 14
25 10
SIMILAR

9 23 17 10 12 20 7 15 3 25 24 13 11 16 6 18 8 1 4 2 21 22 19 0 14 5 
0 23
1 17
2 19
3 8
4 18
5 25
6 14
7 6
8 16
9 0
10 3
11 12
12 4
13 11
14 24
15 7
16 13
17 2
18 15
19 22
20 5
21 20
22 21
23 1
24 10
25 9
SIMILAR

1 17 18 9 0 3 6 15 8 23 12 16 22 4 13 20 5 2 7 21 25 19 11 24 10 14 
0 4
1 0
2 17
3 5
4 13
5 16
6 6
7 18
8 8
9 3
10 24
11 22
12 10
13 14
14 25
15 7
16 11
17 1
18 2
19 21
20 15
21 19
22 12
23 9
24 23
25 20
SIMILAR

13 15 17 1 18 0 22 2 7 8 21 6 9 16 14 10 23 12 24 4 25 5 3 20 19 11 
0 5
1 3
2 7
3 22
4 19
5 21
6 11
7 8
8 9
9 12
10 15
11 25
12 17
13 0
14 14
15 1
16 13
17 2
18 4
19 24
20 23
21 10
22 6
23 16
24 18
25 20
SIMILAR

25 0 3 15 19 12 8 16 22 21 5 20 13 7 14 9 10 4 23 2 11 17 6 24 1 18 
0 1
1 24
2 19
3 2
4 17
5 10
6 22
7 13
8 6
9 15
10 16
11 20
12 5
13 12
14 14
15 3
16 7
17 21
18 25
19 4
20 11
21 9
22 8
23 18
24 23
25 0
SIMILAR

3 14 23 15 0 25 21 19 5 24 9 4 18 2 17 7 22 16 8 13 10 1 6 20 12 11 
0 4
1 21
2 13
3 0
4 11
5 8
6 22
7 15
8 18
9 10
10 20
11 25
12 24
13 19
14 1
15 3
16 17
17 14
18 12
19 7
20 23
21 6
22 16
23 2
24 9
25 5
SIMILAR

21 19 1 20 25 3 2 9 6 15 23 24 10 16 11 5 18 13 7 17 22 12 4 8 14 0 
0 25
1 2
2 6
3 5
4 22
5 15
6 8
7 18
8 23
9 7
10 12
11 14
12 21
13 17
14 24
15 9
16 13
17 19
18 16
19 1
20 3
21 0
22 20
23 10
24 11
25 4
SIMILAR

12 8 19 16 2 5 13 17 15 6 4 18 24 9 21 20 22 23 14 11 7 0 10 25 3 1 
0 21
1 25
2 4
3 24
4 10
5 5
6 9
7 20
8 1
9 13
10 22
11 19
12 0
13 6
14 18
15 8
16 3
17 7
18 11
19 2
20 15
21 14
22 16
23 17
24 12
25 23
SIMILAR

0 13 3 18 2 24 21 9 7 15 5 25 14 20 16 8 11 1 22 10 19 4 12 6 17 23 
0 0
1 17
2 4
3 2
4 21
5 10
6 23
7 8
8 15
9 7
10 19
11 16
12 22
13 1
14 12
15 9
16 14
17 24
18 3
19 20
20 13
21 6
22 18
23 25
24 5
25 11
SIMILAR

5 25 10 2 1 23 4 17 9 16 12 8 18 15 21 3 14 24 11 13 0 7 19 20 6 22 
0 20
1 4
2 3
3 15
4 6
5 0
6 24
7 21
8 11
9 8
10 2
11 18
12 10
13 19
14 16
15 13
16 9
17 7
18 12
19 22
20 23
21 14
22 25
23 5
24 17
25 1
SIMILAR

10 6 18 14 2 0 15 5 16 17 24 23 8 12 13 4 7 11 22 25 1 3 9 20 21 19 
0 5
1 20
2 4
3 21
4 15
5 7
6 1
7 16
8 12
9 22
10 0
11 17
12 13
13 14
14 3
15 6
16 8
17 9
18 2
19 25
20 23
21 24
22 18
23 11
24 10
25 19
SIMILAR

19 15 4 9 3 5 18 0 8 16 6 23 25 13 22 24 1 21 10 2 17 20 7 12 11 14 
0 7
1 16
2 19
3 4
4 2
5 5
6 10
7 22
8 8
9 3
10 18
11 24
12 23
13 13
14 25
15 1
16 9
17 20
18 6
19 0
20 21
21 17
22 14
23 11
24 15
25 12
SIMILAR

7 5 12 24 2 6 15 11 9 3 10 8 21 0 20 19 1 13 25 16 18 14 23 17 22 4 
0 13
1 16
2 4
3 9
4 25
5 1
6 5
7 0
8 11
9 8
10 10
11 7
12 2
13 17
14 21
15 6
16 19
17 23
18 20
19 15
20 14
21 12
22 24
23 22
24 3
25 18
SIMILAR

20 25 12 19 9 14 15 5 1 22 13 8 4 23 0 21 11 6 7 24 2 3 17 10 18 16 
0 14
1 8
2 20
3 21
4 12
5 7
6 17
7 18
8 11
9 4
10 23
11 16
12 2
13 10
14 5
15 6
16 25
17 22
18 24
19 3
20 0
21 15
22 9
23 13
24 19
25 1
SIMILAR

12 18 23 0 19 17 9 1 15 14 7 21 2 10 24 16 22 6 25 11 3 4 20 8 13 5 
0 3
1 7
2 12
3 20
4 21
5 25
6 17
7 10
8 23
9 6
10 13
11 19
12 0
13 24
14 9
15 8
16 15
17 5
18 1
19 4
20 22
21 11
22 16
23 2
24 14
25 18
SIMILAR

24 4 17 0 12 21 16 10 22 13 14 25 19 9 6 20 15 2 5 8 1 3 7 18 11 23 
0 3
1 20
2 17
3 21
4 1
5 18
6 14
7 22
8 19
9 13
10 7
11 24
12 4
13 9
14 10
15 16
16 6
17 2
18 23
19 12
20 15
21 5
22 8
23 25
24 0
25 11
SIMILAR

10 15 3 19 20 11 9 14 16 5 7 6 1 2 24 13 21 17 8 22 0 18 12 4 25 23 
0 20
1 12
2 13
3 2
4 23
5 9
6 11
7 10
8 18
9 6
10 0
11 5
12 22
13 15
14 7
15 1
16 8
17 17
18 21
19 3
20 4
21 16
22 19
23 25
24 14
25 24
SIMILAR

6 5 4 14 10 0 19 20 15 23 13 9 1 2 24 3 11 12 18 16 17 8 22 7 25 21 
0 5
1 12
2 13
3 15
4 2
5 1
6 0
7 23
8 21
9 11
10 4
11 16
12 17
13 10
14 3
15 8
16 19
17 20
18 18
19 6
20 7
21 25
22 22
23 9
24 14
25 24
SIMILAR

22 9 1 0 20 6 18 14 24 17 13 4 8 12 25 7 23 11 2 15 3 16 19 21 5 10 
0 3
1 2
2 18
3 20
4 11
5 24
6 5
7 15
8 12
9 1
10 25
11 17
12 13
13 10
14 7
15 19
16 21
17 9
18 6
19 22
20 4
21 23
22 0
23 16
24 8
25 14
SIMILAR

3 11 25 17 10 16 15 5 13 14 23 21 9 19 18 24 8 12 22 1 0 6 7 2 20 4 
0 20
1 19
2 23
3 0
4 25
5 7
6 21
7 22
8 16
9 12
10 4
11 1
12 17
13 8
14 9
15 6
16 5
17 3
18 14
19 13
20 24
21 11
22 18
23 10
24 15
25 2
SIMILAR

13 21 12 17 6 3 19 2 23 10 24 11 5 20 7 0 22 9 1 14 25 8 15 18 16 4 
0 15
1 18
2 7
3 5
4 25
5 12
6 4
7 14
8 21
9 17
10 9
11 11
12 2
13 0
14 19
15 22
16 24
17 3
18 23
19 6
20 13
21 1
22 16
23 8
24 10
25 20
SIMILAR

17 23 18 1 12 22 3 14 6 25 8 5 16 13 20 7 9 19 24 0 4 15 2 10 11 21 
0 19
1 3
2 22
3 6
4 20
5 11
6 8
7 15
8 10
9 16
10 23
11 24
12 4
13 13
14 7
15 21
16 12
17 0
18 2
19 17
20 14
21 25
22 5
23 1
24 18
25 9
SIMILAR

12 16 8 21 15 7 25 6 18 24 11 10 19 14 20 9 23 1 13 5 3 17 0 22 4 2 
0 22
1 17
2 25
3 20
4 24
5 19
6 7
7 5
8 2
9 15
10 11
11 10
12 0
13 18
14 13
15 4
16 1
17 21
18 8
19 12
20 14
21 3
22 23
23 16
24 9
25 6
SIMILAR

24 18 5 22 2 14 17 4 15 10 19 3 8 13 0 23 12 9 6 11 1 16 20 25 21 7 
0 14
1 20
2 4
3 11
4 7
5 2
6 18
7 25
8 12
9 17
10 9
11 19
12 16
13 13
14 5
15 8
16 21
17 6
18 1
19 10
20 22
21 24
22 3
23 15
24 0
25 23
SIMILAR

2 7 11 25 24 1 8 13 10 21 3 4 9 6 16 12 23 15 18 0 14 17 19 22 5 20 
0 19
1 5
2 0
3 10
4 11
5 24
6 13
7 1
8 6
9 12
10 8
11 2
12 15
13 7
14 20
15 17
16 14
17 21
18 18
19 22
20 25
21 9
22 23
23 16
24 4
25 3
SIMILAR

15 16 2 10 20 5 13 11 24 19 9 4 18 17 21 7 14 3 0 25 22 12 8 23 6 1 
0 18
1 25
2 2
3 17
4 11
5 5
6 24
7 15
8 22
9 10
10 3
11 7
12 21
13 6
14 16
15 0
16 1
17 13
18 12
19 9
20 4
21 14
22 20
23 23
24 8
25 19
SIMILAR

16 22 23 13 15 7 25 10 12 18 17 8 24 5 11 6 4 3 21 9 14 1 19 0 2 20 
0 23
1 21
2 24
3 17
4 16
5 13
6 15
7 5
8 11
9 19
10 7
11 14
12 8
13 3
14 20
15 4
16 0
17 10
18 9
19 22
20 25
21 18
22 1
23 2
24 12
25 6
SIMILAR

22 19 25 15 20 10 13 4 14 18 21 8 1 16 5 23 24 3 11 0 7 9 12 6 17 2 
0 19
1 12
2 25
3 17
4 7
5 14
6 23
7 20
8 11
9 21
10 5
11 18
12 22
13 6
14 8
15 3
16 13
17 24
18 9
19 1
20 4
21 10
22 0
23 15
24 16
25 2
SIMILAR

14 19 12 9 22 20 23 16 8 25 11 0 24 17 15 10 2 7 13 4 1 21 5 18 6 3 
0 11
1 20
2 16
3 25
4 19
5 22
6 24
7 17
8 8
9 3
10 15
11 10
12 2
13 18
14 0
15 14
16 7
17 13
18 23
19 1
20 5
21 21
22 4
23 6
24 12
25 9
SIMILAR

10 4 0 14 13 6 19 2 1 22 9 5 21 12 20 23 11 7 16 17 18 15 8 24 25 3 
0 2
1 8
2 7
3 25
4 1
5 11
6 5
7 17
8 22
9 10
10 0
11 16
12 13
13 4
14 3
15 21
16 18
17 19
18 20
19 6
20 14
21 12
22 9
23 15
24 23
25 24
SIMILAR

16 15 12 22 1 3 17 19 5 23 14 10 21 0 4 24 13 8 25 11 6 2 20 18 7 9 
0 13
1 4
2 21
3 5
4 14
5 8
6 20
7 24
8 17
9 25
10 11
11 19
12 2
13 16
14 10
15 1
16 0
17 6
18 23
19 7
20 22
21 12
22 3
23 9
24 15
25 18
SIMILAR

9 11 20 1 2 8 19 6 25 5 18 16 4 15 7 13 3 24 10 17 22 14 0 23 12 21 
0 22
1 3
2 4
3 16
4 12
5 9
6 7
7 14
8 5
9 0
10 18
11 1
12 24
13 15
14 21
15 13
16 11
17 19
18 10
19 6
20 2
21 25
22 20
23 23
24 17
25 8
SIMILAR

9 16 4 5 3 22 7 1 6 17 15 10 11 14 25 2 0 23 18 8 20 12 21 13 24 19 
0 16
1 7
2 15
3 4
4 2
5 3
6 8
7 6
8 19
9 0
10 11
11 12
12 21
13 23
14 13
15 10
16 1
17 9
18 18
19 25
20 20
21 22
22 5
23 17
24 24
25 14
SIMILAR

8 7 15 14 18 3 20 22 4 17 9 5 0 25 10 11 21 16 12 13 2 24 23 19 6 1 
0 12
1 25
2 20
3 5
4 8
5 11
6 24
7 1
8 0
9 10
10 14
11 15
12 18
13 19
14 3
15 2
16 17
17 9
18 4
19 23
20 6
21 16
22 7
23 22
24 21
25 13
SIMILAR

12 9 1 3 23 8 22 0 13 19 16 17 21 10 14 25 4 7 6 20 2 11 15 5 18 24 
0 7
1 2
2 20
3 3
4 16
5 23
6 18
7 17
8 5
9 1
10 13
11 21
12 0
13 8
14 14
15 22
16 10
17 11
18 24
19 9
20 19
21 12
22 6
23 4
24 25
25 15
SIMILAR

21 5 2 20 9 14 0 8 23 13 17 3 12 18 7 25 15 24 4 16 19 11 22 6 10 1 
0 6
1 25
2 2
3 11
4 18
5 1
6 23
7 14
8 7
9 4
10 24
11 21
12 12
13 9
14 5
15 16
16 19
17 10
18 13
19 20
20 3
21 0
22 22
23 8
24 17
25 15
SIMILAR

25 0 18 11 13 14 2 16 24 9 22 17 7 10 21 12 6 5 3 4 19 8 23 1 20 15 
0 1
1 23
2 6
3 18
4 19
5 17
6 16
7 12
8 21
9 9
10 13
11 3
12 15
13 4
14 5
15 25
16 7
17 11
18 2
19 20
20 24
21 14
22 10
23 22
24 8
25 0
SIMILAR

24 25 16 2 10 3 18 7 12 5 23 15 20 8 11 9 6 22 14 13 4 19 0 1 21 17 
0 22
1 23
2 3
3 5
4 20
5 9
6 16
7 7
8 13
9 15
10 4
11 14
12 8
13 19
14 18
15 11
16 2
17 25
18 6
19 21
20 12
21 24
22 17
23 10
24 0
25 1
SIMILAR

25 20 5 9 23 0 7 2 13 15 10 18 16 14 17 8 3 1 6 4 19 21 11 22 24 12 
0 5
1 17
2 7
3 16
4 19
5 2
6 18
7 6
8 15
9 3
10 10
11 22
12 25
13 8
14 13
15 9
16 12
17 14
18 11
19 20
20 1
21 21
22 23
23 4
24 24
25 0
SIMILAR

9 0 7 4 24 3 5 23 1 13 2 20 19 15 8 17 18 16 12 25 11 22 6 10 14 21 
0 1
1 8
2 10
3 5
4 3
5 6
6 22
7 2
8 14
9 0
10 23
11 20
12 18
13 9
14 24
15 13
16 17
17 15
18 16
19 12
20 11
21 25
22 21
23 7
24 4
25 19
SIMILAR

16 23 15 11 0 9 3 24 22 13 18 12 8 5 10 25 14 2 19 6 20 7 21 17 1 4 
0 4
1 24
2 17
3 6
4 25
5 13
6 19
7 21
8 12
9 5
10 14
11 3
12 11
13 9
14 16
15 2
16 0
17 23
18 10
19 18
20 20
21 22
22 8
23 1
24 7
25 15
SIMILAR

25 8 23 1 6 5 9 20 3 21 4 7 13 0 24 19 10 11 14 18 2 12 16 22 15 17 
0 13
1 3
2 20
3 8
4 10
5 5
6 4
7 11
8 1
9 6
10 16
11 17
12 21
13 12
14 18
15 24
16 22
17 25
18 19
19 15
20 7
21 9
22 23
23 2
24 14
25 0
SIMILAR

25 1 22 4 18 14 17 11 13 6 7 23 5 16 15 12 9 3 21 0 10 24 2 20 19 8 
0 19
1 1
2 22
3 17
4 3
5 12
6 9
7 10
8 25
9 16
10 20
11 7
12 15
13 8
14 5
15 14
16 13
17 6
18 4
19 24
20 23
21 18
22 2
23 11
24 21
25 0
SIMILAR

5 18 22 3 16 17 25 20 0 24 1 11 13 10 8 2 9 15 7 21 4 6 12 23 14 19 
0 8
1 10
2 15
3 3
4 20
5 0
6 21
7 18
8 14
9 16
10 13
11 11
12 22
13 12
14 24
15 17
16 4
17 5
18 1
19 25
20 7
21 19
22 2
23 23
24 9
25 6
SIMILAR

25 18 3 2 0 1 17 11 8 24 7 12 23 16 19 21 13 5 15 22 20 14 10 9 4 6 
0 4
1 5
2 3
3 2
4 24
5 17
6 25
7 10
8 8
9 23
10 22
11 7
12 11
13 16
14 21
15 18
16 13
17 6
18 1
19 14
20 20
21 15
22 19
23 12
24 9
25 0
SIMILAR

25 24 13 21 2 0 12 11 16 5 18 20 8 19 4 10 3 9 6 17 7 1 22 15 23 14 
0 5
1 21
2 4
3 16
4 14
5 9
6 18
7 20
8 12
9 17
10 15
11 7
12 6
13 2
14 25
15 23
16 8
17 19
18 10
19 13
20 11
21 3
22 22
23 24
24 1
25 0
SIMILAR

2 17 18 22 8 23 21 7 11 19 0 3 6 1 9 14 16 5 4 25 20 24 12 10 13 15 
0 10
1 13
2 0
3 11
4 18
5 17
6 12
7 7
8 4
9 14
10 23
11 8
12 22
13 24
14 15
15 25
16 16
17 1
18 2
19 9
20 20
21 6
22 3
23 5
24 21
25 19
SIMILAR

0 19 7 10 24 8 13 23 21 12 9 3 22 1 4 16 15 6 5 18 14 11 20 17 25 2 
0 0
1 13
2 25
3 11
4 14
5 18
6 17
7 2
8 5
9 10
10 3
11 21
12 9
13 6
14 20
15 16
16 15
17 23
18 19
19 1
20 22
21 8
22 12
23 7
24 4
25 24
SIMILAR

5 20 3 12 22 18 10 11 0 13 4 2 16 6 25 8 9 24 21 17 19 23 14 7 1 15 
0 8
1 24
2 11
3 2
4 10
5 0
6 13
7 23
8 15
9 16
10 6
11 7
12 3
13 9
14 22
15 25
16 12
17 19
18 5
19 20
20 1
21 18
22 4
23 21
24 17
25 14
SIMILAR

5 12 4 18 22 17 10 6 15 9 21 23 19 13 1 7 11 3 20 25 14 2 0 16 24 8 
0 22
1 14
2 21
3 17
4 2
5 0
6 7
7 15
8 25
9 9
10 6
11 16
12 1
13 13
14 20
15 8
16 23
17 5
18 3
19 12
20 18
21 10
22 4
23 11
24 24
25 19
SIMILAR

0 11 3 18 22 19 24 15 8 4 6 14 12 21 7 2 17 16 25 13 10 9 20 1 5 23 
0 0
1 23
2 15
3 2
4 9
5 24
6 10
7 14
8 8
9 21
10 20
11 1
12 12
13 19
14 11
15 7
16 17
17 16
18 3
19 5
20 22
21 13
22 4
23 25
24 6
25 18
SIMILAR

19 18 9 4 17 15 12 0 20 10 25 8 14 1 24 13 5 16 21 3 6 11 22 7 23 2 
0 7
1 13
2 25
3 19
4 3
5 16
6 20
7 23
8 11
9 2
10 9
11 21
12 6
13 15
14 12
15 5
16 17
17 4
18 1
19 0
20 8
21 18
22 22
23 24
24 14
25 10
SIMILAR

12 2 6 14 1 24 21 0 23 15 20 25 18 10 19 3 7 13 4 16 9 11 8 17 22 5 
0 7
1 4
2 1
3 15
4 18
5 25
6 2
7 16
8 22
9 20
10 13
11 21
12 0
13 17
14 3
15 9
16 19
17 23
18 12
19 14
20 10
21 6
22 24
23 8
24 5
25 11
SIMILAR

9 7 20 18 0 25 13 12 3 19 8 21 10 14 11 6 2 22 16 24 5 4 17 1 23 15 
0 4
1 23
2 16
3 8
4 21
5 20
6 15
7 1
8 10
9 0
10 12
11 14
12 7
13 6
14 13
15 25
16 18
17 22
18 3
19 9
20 2
21 11
22 17
23 24
24 19
25 5
SIMILAR

8 7 11 24 21 17 23 10 12 3 2 4 13 19 0 22 9 14 15 25 6 5 1 16 20 18 
0 14
1 22
2 10
3 9
4 11
5 21
6 20
7 1
8 0
9 16
10 7
11 2
12 8
13 12
14 17
15 18
16 23
17 5
18 25
19 13
20 24
21 4
22 15
23 6
24 3
25 19
SIMILAR

11 19 21 22 10 1 15 24 7 6 4 3 13 5 25 23 17 8 14 0 20 16 2 12 18 9 
0 19
1 5
2 22
3 11
4 10
5 13
6 9
7 8
8 17
9 25
10 4
11 0
12 23
13 12
14 18
15 6
16 21
17 16
18 24
19 1
20 20
21 2
22 3
23 15
24 7
25 14
SIMILAR

1 18 12 15 7 17 8 16 19 11 0 24 21 6 23 9 3 13 22 14 10 5 20 2 4 25 
0 10
1 0
2 23
3 16
4 24
5 21
6 13
7 4
8 6
9 15
10 20
11 9
12 2
13 17
14 19
15 3
16 7
17 5
18 1
19 8
20 22
21 12
22 18
23 14
24 11
25 25
SIMILAR

11 23 1 19 9 10 24 18 0 13 16 22 12 6 25 20 15 5 4 2 14 21 17 7 3 8 
0 8
1 2
2 19
3 24
4 18
5 17
6 13
7 23
8 25
9 4
10 5
11 0
12 12
13 9
14 20
15 16
16 10
17 22
18 7
19 3
20 15
21 21
22 11
23 1
24 6
25 14
SIMILAR

25 18 11 19 6 24 1 21 13 5 14 16 7 10 23 17 15 2 9 12 3 0 8 22 4 20 
0 21
1 6
2 17
3 20
4 24
5 9
6 4
7 12
8 22
9 18
10 13
11 2
12 19
13 8
14 10
15 16
16 11
17 15
18 1
19 3
20 25
21 7
22 23
23 14
24 5
25 0
SIMILAR

15 20 3 17 19 7 2 21 10 8 1 14 0 18 11 24 4 13 22 5 23 25 12 9 16 6 
0 12
1 10
2 6
3 2
4 16
5 19
6 25
7 5
8 9
9 23
10 8
11 14
12 22
13 17
14 11
15 0
16 24
17 3
18 13
19 4
20 1
21 7
22 18
23 20
24 15
25 21
SIMILAR

5 1 23 9 4 22 6 12 21 3 17 0 8 16 18 13 24 25 19 20 14 10 2 11 15 7 
0 11
1 1
2 22
3 9
4 4
5 0
6 6
7 25
8 12
9 3
10 21
11 23
12 7
13 15
14 20
15 24
16 13
17 10
18 14
19 18
20 19
21 8
22 5
23 2
24 16
25 17
SIMILAR

18 24 11 12 3 9 15 5 8 10 13 20 19 7 17 21 0 16 4 2 1 23 14 25 6 22 
0 16
1 20
2 19
3 4
4 18
5 7
6 24
7 13
8 8
9 5
10 9
11 2
12 3
13 10
14 22
15 6
16 17
17 14
18 0
19 12
20 11
21 15
22 25
23 21
24 1
25 23
SIMILAR

25 1 7 5 0 21 14 18 3 8 17 11 6 19 20 24 13 12 15 16 23 22 4 9 10 2 
0 4
1 1
2 25
3 8
4 22
5 3
6 12
7 2
8 9
9 23
10 24
11 11
12 17
13 16
14 6
15 18
16 19
17 10
18 7
19 13
20 14
21 5
22 21
23 20
24 15
25 0
SIMILAR

11 9 21 1 16 14 23 25 24 3 10 18 15 17 7 20 2 5 12 19 4 0 13 22 6 8 
0 21
1 3
2 16
3 9
4 20
5 17
6 24
7 14
8 25
9 1
10 10
11 0
12 18
13 22
14 5
15 12
16 4
17 13
18 11
19 19
20 15
21 2
22 23
23 6
24 8
25 7
SIMILAR

0 9 13 7 14 11 4 24 3 8 1 6 5 12 18 23 19 15 17 20 16 22 2 25 10 21 
0 0
1 10
2 22
3 8
4 6
5 12
6 11
7 3
8 9
9 1
10 24
11 5
12 13
13 2
14 4
15 17
16 20
17 18
18 14
19 16
20 19
21 25
22 21
23 15
24 7
25 23
SIMILAR

12 8 21 25 13 17 23 16 20 19 3 10 14 6 7 5 15 18 22 4 0 11 24 2 9 1 
0 20
1 25
2 23
3 10
4 19
5 15
6 13
7 14
8 1
9 24
10 11
11 21
12 0
13 4
14 12
15 16
16 7
17 5
18 17
19 9
20 8
21 2
22 18
23 6
24 22
25 3
SIMILAR

8 12 23 22 21 4 20 9 15 16 25 7 18 5 3 2 14 19 24 1 11 10 6 17 13 0 
0 25
1 19
2 15
3 14
4 5
5 13
6 22
7 11
8 0
9 7
10 21
11 20
12 1
13 24
14 16
15 8
16 9
17 23
18 12
19 17
20 6
21 4
22 3
23 2
24 18
25 10
SIMILAR

16 18 10 24 8 7 4 1 25 19 21 0 5 23 14 3 6 9 2 15 13 20 11 17 12 22 
0 11
1 7
2 18
3 15
4 6
5 12
6 16
7 5
8 4
9 17
10 2
11 22
12 24
13 20
14 14
15 19
16 0
17 23
18 1
19 9
20 21
21 10
22 25
23 13
24 3
25 8
SIMILAR

11 22 0 2 24 12 7 13 6 3 23 9 5 18 20 25 14 17 4 21 19 15 10 8 16 1 
0 2
1 25
2 3
3 9
4 18
5 12
6 8
7 6
8 23
9 11
10 22
11 0
12 5
13 7
14 16
15 21
16 24
17 17
18 13
19 20
20 14
21 19
22 1
23 10
24 4
25 15
SIMILAR

24 11 14 13 10 4 17 0 16 18 7 3 19 9 20 8 5 22 12 2 6 25 1 15 23 21 
0 7
1 22
2 19
3 11
4 5
5 16
6 20
7 10
8 15
9 13
10 4
11 1
12 18
13 3
14 2
15 23
16 8
17 6
18 9
19 12
20 14
21 25
22 17
23 24
24 0
25 21
SIMILAR

16 3 1 20 9 14 19 13 7 25 2 0 5 10 21 15 23 4 18 12 11 6 24 22 17 8 
0 11
1 2
2 10
3 1
4 17
5 12
6 21
7 8
8 25
9 4
10 13
11 20
12 19
13 7
14 5
15 15
16 0
17 24
18 18
19 6
20 3
21 14
22 23
23 16
24 22
25 9
SIMILAR

1 15 7 25 13 5 3 2 0 24 16 17 14 8 19 12 20 4 18 10 23 21 9 22 11 6 
0 8
1 0
2 7
3 6
4 17
5 5
6 25
7 2
8 13
9 22
10 19
11 24
12 15
13 4
14 12
15 1
16 10
17 11
18 18
19 14
20 16
21 21
22 23
23 20
24 9
25 3
SIMILAR

3 7 23 17 2 19 12 20 21 1 16 25 4 10 14 11 15 0 18 8 9 5 24 6 13 22 
0 17
1 9
2 4
3 0
4 12
5 21
6 23
7 1
8 19
9 20
10 13
11 15
12 6
13 24
14 14
15 16
16 10
17 3
18 18
19 5
20 7
21 8
22 25
23 2
24 22
25 11
SIMILAR

7 3 5 16 24 18 11 12 8 1 21 20 19 10 2 23 14 17 22 4 9 0 13 6 15 25 
0 21
1 9
2 14
3 1
4 19
5 2
6 23
7 0
8 8
9 20
10 13
11 6
12 7
13 22
14 16
15 24
16 3
17 17
18 5
19 12
20 11
21 10
22 18
23 15
24 4
25 25
SIMILAR

24 1 8 4 15 12 21 9 0 6 23 13 14 16 20 22 11 10 19 7 18 25 5 3 2 17 
0 8
1 1
2 24
3 23
4 3
5 22
6 9
7 19
8 2
9 7
10 17
11 16
12 5
13 11
14 12
15 4
16 13
17 25
18 20
19 18
20 14
21 6
22 15
23 10
24 0
25 21
SIMILAR

5 21 2 1 25 6 8 9 3 11 4 7 13 17 16 15 10 18 22 14 0 19 20 12 24 23 
0 20
1 3
2 2
3 8
4 10
5 0
6 5
7 11
8 6
9 7
10 16
11 9
12 23
13 12
14 19
15 15
16 14
17 13
18 17
19 21
20 22
21 1
22 18
23 25
24 24
25 4
SIMILAR

5 21 15 9 24 13 20 2 10 11 18 25 8 6 22 16 17 0 4 14 1 7 12 3 19 23 
0 17
1 20
2 7
3 23
4 18
5 0
6 13
7 21
8 12
9 3
10 8
11 9
12 22
13 5
14 19
15 2
16 15
17 16
18 10
19 24
20 6
21 1
22 14
23 25
24 4
25 11
SIMILAR

21 13 9 18 15 23 4 2 0 10 19 1 20 3 16 14 22 6 7 24 17 25 12 5 11 8 
0 8
1 11
2 7
3 13
4 6
5 23
6 17
7 18
8 25
9 2
10 9
11 24
12 22
13 1
14 15
15 4
16 14
17 20
18 3
19 10
20 12
21 0
22 16
23 5
24 19
25 21
SIMILAR

24 23 12 3 8 9 16 6 1 13 15 21 4 20 14 5 25 10 17 11 22 2 18 7 19 0 
0 25
1 8
2 21
3 3
4 12
5 15
6 7
7 23
8 4
9 5
10 17
11 19
12 2
13 9
14 14
15 10
16 6
17 18
18 22
19 24
20 13
21 11
22 20
23 1
24 0
25 16
SIMILAR

3 7 16 22 12 9 24 2 23 13 11 15 0 1 21 18 20 10 6 4 19 8 14 17 25 5 
0 12
1 13
2 7
3 0
4 19
5 25
6 18
7 1
8 21
9 5
10 17
11 10
12 4
13 9
14 22
15 11
16 2
17 23
18 15
19 20
20 16
21 14
22 3
23 8
24 6
25 24
SIMILAR

13 19 4 21 14 8 2 3 5 25 11 9 23 22 15 1 24 6 17 12 0 10 16 18 7 20 
0 20
1 15
2 6
3 7
4 2
5 8
6 17
7 24
8 5
9 11
10 21
11 10
12 19
13 0
14 4
15 14
16 22
17 18
18 23
19 1
20 25
21 3
22 13
23 12
24 16
25 9
SIMILAR

6 24 14 22 15 17 13 2 23 8 20 16 1 0 7 25 12 11 9 21 4 19 10 3 5 18 
0 13
1 12
2 7
3 23
4 20
5 24
6 0
7 14
8 9
9 18
10 22
11 17
12 16
13 6
14 2
15 4
16 11
17 5
18 25
19 21
20 10
21 19
22 3
23 8
24 1
25 15
SIMILAR

20 9 4 5 18 3 12 25 7 24 16 17 2 14 0 11 10 23 13 15 22 6 21 8 1 19 
0 14
1 24
2 12
3 5
4 2
5 3
6 21
7 8
8 23
9 1
10 16
11 15
12 6
13 18
14 13
15 19
16 10
17 11
18 4
19 25
20 0
21 22
22 20
23 17
24 9
25 7
SIMILAR

3 14 12 15 8 5 1 11 21 20 16 13 25 24 22 19 10 0 4 9 17 7 23 18 2 6 
0 17
1 6
2 24
3 0
4 18
5 5
6 25
7 21
8 4
9 19
10 16
11 7
12 2
13 11
14 1
15 3
16 10
17 20
18 23
19 15
20 9
21 8
22 14
23 22
24 13
25 12
SIMILAR

1 2 11 6 23 12 7 15 4 21 17 18 3 8 24 10 20 25 16 14 0 22 13 5 9 19 
0 20
1 0
2 1
3 12
4 8
5 23
6 3
7 6
8 13
9 24
10 15
11 2
12 5
13 22
14 19
15 7
16 18
17 10
18 11
19 25
20 16
21 9
22 21
23 4
24 14
25 17
SIMILAR

20 0 3 14 9 17 18 7 19 13 6 15 23 11 2 5 1 25 4 12 21 8 16 10 22 24 
0 1
1 16
2 14
3 2
4 18
5 15
6 10
7 7
8 21
9 4
10 23
11 13
12 19
13 9
14 3
15 11
16 22
17 5
18 6
19 8
20 0
21 20
22 24
23 12
24 25
25 17
SIMILAR

3 24 22 13 14 15 16 9 17 0 19 6 21 12 7 18 23 8 25 1 20 4 10 5 2 11 
0 9
1 19
2 24
3 0
4 21
5 23
6 11
7 14
8 17
9 7
10 22
11 25
12 13
13 3
14 4
15 5
16 6
17 8
18 15
19 10
20 20
21 12
22 2
23 16
24 1
25 18
SIMILAR
100 0
6800 0
226800 0
