26
0 1 0 1 1 1 1 1 0 0 0 0 1 1 0 1 0 0 0 1 0 1 1 1 0 0 
1 0 0 0 0 0 1 1 0 1 0 1 0 1 1 0 0 0 0 0 1 1 1 0 1 1 
0 0 0 0 0 0 1 1 0 1 0 0 1 1 0 0 1 1 1 0 1 1 0 1 0 0 
1 0 0 0 0 0 0 0 1 0 0 1 0 1 1 1 1 0 1 1 1 1 0 0 0 0 
1 0 0 0 0 0 0 0 0 1 0 0 1 1 0 1 0 1 1 0 0 1 1 0 1 1 
1 0 0 0 0 0 1 0 1 0 1 0 1 0 1 0 1 0 0 0 0 1 0 1 0 0 
1 1 1 0 0 1 0 1 0 1 1 0 0 1 1 1 1 0 1 1 0 1 0 1 0 0 
1 1 1 0 0 0 1 0 0 1 1 0 0 0 0 0 0 1 1 1 0 1 1 1 1 1 
0 0 0 1 0 1 0 0 0 0 0 1 0 1 0 1 1 1 1 0 0 1 0 0 1 1 
0 1 1 0 1 0 1 1 0 0 0 1 1 1 0 1 1 0 0 0 0 1 1 0 0 1 
0 0 0 0 0 1 1 1 0 0 0 1 0 1 1 1 0 1 1 1 1 1 1 1 0 1 
0 1 0 1 0 0 0 0 1 1 1 0 1 1 1 1 0 1 0 1 0 0 0 1 0 1 
1 0 1 0 1 1 0 0 0 1 0 1 0 1 0 1 0 0 1 1 0 0 0 0 0 1 
1 1 1 1 1 0 1 0 1 1 1 1 1 0 0 1 0 1 1 1 0 0 0 0 1 1 
0 1 0 1 0 1 1 0 0 0 1 1 0 0 0 1 1 1 0 1 1 0 1 0 0 0 
1 0 0 1 1 0 1 0 1 1 1 1 1 1 1 0 1 0 1 1 1 0 1 1 0 0 
0 0 1 1 0 1 1 0 1 1 0 0 0 0 1 1 0 0 1 1 1 1 1 1 0 0 
0 0 1 0 1 0 0 1 1 0 1 1 0 1 1 0 0 0 0 0 1 1 0 0 0 0 
0 0 1 1 1 0 1 1 1 0 1 0 1 1 0 1 1 0 0 1 1 1 0 0 0 1 
1 0 0 1 0 0 1 1 0 0 1 1 1 1 1 1 1 0 1 0 0 0 0 1 0 0 
0 1 1 1 0 0 0 0 0 0 1 0 0 0 1 1 1 1 1 0 0 1 0 1 1 1 
1 1 1 1 1 1 1 1 1 1 1 0 0 0 0 0 1 1 1 0 1 0 1 1 0 0 
1 1 0 0 1 0 0 1 0 1 1 0 0 0 1 1 1 0 0 0 0 1 0 0 1 1 
1 0 1 0 0 1 1 1 0 0 1 1 0 0 0 1 1 0 0 1 1 1 0 0 0 1 
0 1 0 0 1 0 0 1 1 0 0 0 0 1 0 0 0 0 0 0 1 0 1 0 0 0 
0 1 0 0 1 0 0 1 1 1 1 1 1 1 0 0 0 0 1 0 1 0 1 1 0 0 

11 2 12 14 21 8 16 25 7 9 23 6 0 1 18 17 3 24 13 22 15 19 10 5 4 20 
0 12
1 13
2 1
3 16
4 24
5 23
6 11
7 8
8 5
9 9
10 22
11 0
12 2
13 18
14 3
15 20
16 6
17 15
18 14
19 21
20 25
21 4
22 19
23 10
24 17
25 7
SIMILAR

6 3 0 12 4 10 8 18 21 9 16 17 15 13 11 23 7 19 22 25 1 2 20 14 5 24 
0 2
1 20
2 21
3 1
4 4
5 24
6 0
7 16
8 6
9 9
10 5
11 14
12 3
13 13
14 23
15 12
16 10
17 11
18 7
19 17
20 22
21 8
22 18
23 15
24 25
25 19
SIMILAR

17 22 10 25 0 8 13 5 1 19 18 3 7 20 23 11 6 15 12 2 24 9 4 14 16 21 
0 4
1 8
2 19
3 11
4 22
5 7
6 16
7 12
8 5
9 21
10 2
11 15
12 18
13 6
14 23
15 17
16 24
17 0
18 10
19 9
20 13
21 25
22 1
23 14
24 20
25 3
SIMILAR

7 11 18 10 20 0 17 25 12 8 2 5 6 19 23 4 24 15 9 16 14 1 21 3 22 13 
0 5
1 21
2 10
3 23
4 15
5 11
6 12
7 0
8 9
9 18
10 3
11 1
12 8
13 25
14 20
15 17
16 19
17 6
18 2
19 13
20 4
21 22
22 24
23 14
24 16
25 7
SIMILAR

10 20 19 25 7 24 18 1 13 0 11 14 22 8 23 15 16 3 9 21 5 6 2 4 12 17 
0 9
1 7
2 22
3 17
4 23
5 20
6 21
7 4
8 13
9 18
10 0
11 10
12 24
13 8
14 11
15 15
16 16
17 25
18 6
19 2
20 1
21 19
22 12
23 14
24 5
25 3
SIMILAR

15 17 20 4 1 24 25 12 10 7 22 11 3 16 9 14 23 6 21 8 13 0 19 5 18 2 
0 21
1 4
2 25
3 12
4 3
5 23
6 17
7 9
8 19
9 14
10 8
11 11
12 7
13 20
14 15
15 0
16 13
17 1
18 24
19 22
20 2
21 18
22 10
23 16
24 5
25 6
SIMILAR

14 12 0 16 1 18 4 19 22 10 11 5 24 21 2 7 9 3 23 17 6 15 8 25 20 13 
0 2
1 4
2 14
3 17
4 6
5 11
6 20
7 15
8 22
9 16
10 9
11 10
12 1
13 25
14 0
15 21
16 3
17 19
18 5
19 7
20 24
21 13
22 8
23 18
24 12
25 23
SIMILAR

5 3 18 9 20 15 22 6 2 23 7 24 16 17 19 11 13 14 0 4 21 12 25 1 10 8 
0 18
1 23
2 8
3 1
4 19
5 0
6 7
7 10
8 25
9 3
10 24
11 15
12 21
13 16
14 17
15 5
16 12
17 13
18 2
19 14
20 4
21 20
22 6
23 9
24 11
25 22
SIMILAR

13 19 9 6 23 5 1 14 8 0 24 12 2 17 22 18 20 21 25 16 11 4 15 7 10 3 
0 9
1 6
2 12
3 25
4 21
5 5
6 3
7 23
8 8
9 2
10 24
11 20
12 11
13 0
14 7
15 22
16 19
17 13
18 15
19 1
20 16
21 17
22 14
23 4
24 10
25 18
SIMILAR

14 23 24 25 13 17 11 9 12 15 22 16 7 21 3 2 1 5 19 20 4 6 18 8 0 10 
0 24
1 16
2 15
3 14
4 20
5 17
6 21
7 12
8 23
9 7
10 25
11 6
12 8
13 4
14 0
15 9
16 11
17 5
18 22
19 18
20 19
21 13
22 10
23 1
24 2
25 3
SIMILAR

15 5 22 23 16 10 3 12 24 14 17 25 9 2 0 21 13 20 18 6 4 8 19 11 1 7 
0 14
1 24
2 13
3 6
4 20
5 1
6 19
7 25
8 21
9 12
10 5
11 23
12 7
13 16
14 9
15 0
16 4
17 10
18 18
19 22
20 17
21 15
22 2
23 3
24 8
25 11
SIMILAR

13 20 10 12 2 19 15 25 11 9 17 16 22 0 6 23 3 24 14 21 8 7 4 1 18 5 
0 13
1 23
2 4
3 16
4 22
5 25
6 14
7 21
8 20
9 9
10 2
11 8
12 3
13 0
14 18
15 6
16 11
17 10
18 24
19 5
20 1
21 19
22 12
23 15
24 17
25 7
SIMILAR

15 24 9 8 14 1 7 10 2 0 3 25 11 4 21 12 20 23 22 6 16 13 5 18 17 19 
0 9
1 5
2 8
3 10
4 13
5 22
6 19
7 6
8 3
9 2
10 7
11 12
12 15
13 21
14 4
15 0
16 20
17 24
18 23
19 25
20 16
21 14
22 18
23 17
24 1
25 11
SIMILAR

4 14 17 8 3 19 9 18 7 2 22 10 1 11 25 21 23 0 20 5 16 6 24 15 13 12 
0 17
1 12
2 9
3 4
4 0
5 19
6 21
7 8
8 3
9 6
10 11
11 13
12 25
13 24
14 1
15 23
16 20
17 2
18 7
19 5
20 18
21 15
22 10
23 16
24 22
25 14
SIMILAR

7 11 0 20 4 8 6 24 9 21 17 22 13 15 18 23 1 5 3 25 16 10 19 12 14 2 
0 2
1 16
2 25
3 18
4 4
5 17
6 6
7 0
8 5
9 8
10 21
11 1
12 23
13 12
14 24
15 13
16 20
17 10
18 14
19 22
20 3
21 9
22 11
23 15
24 7
25 19
SIMILAR

21 10 13 0 20 9 23 12 2 14 17 19 25 1 22 24 4 11 3 6 18 15 5 8 7 16 
0 3
1 13
2 8
3 18
4 16
5 22
6 19
7 24
8 23
9 5
10 1
11 17
12 7
13 2
14 9
15 21
16 25
17 10
18 20
19 11
20 4
21 0
22 14
23 6
24 15
25 12
SIMILAR

5 22 24 23 18 8 17 21 6 4 3 13 0 16 2 12 15 20 1 11 25 10 9 19 14 7 
0 12
1 18
2 14
3 10
4 9
5 0
6 8
7 25
8 5
9 22
10 21
11 19
12 15
13 11
14 24
15 16
16 13
17 6
18 4
19 23
20 17
21 7
22 1
23 3
24 2
25 20
SIMILAR

17 2 5 23 20 10 0 19 21 18 12 15 9 11 3 14 7 16 13 22 8 1 4 24 6 25 
0 6
1 21
2 1
3 14
4 22
5 2
6 24
7 16
8 20
9 12
10 5
11 13
12 10
13 18
14 15
15 11
16 17
17 0
18 9
19 7
20 4
21 8
22 19
23 3
24 23
25 25
SIMILAR

15 7 4 11 5 2 0 20 6 16 21 23 8 24 3 18 1 19 13 25 22 9 12 10 14 17 
0 6
1 16
2 5
3 14
4 2
5 4
6 8
7 1
8 12
9 21
10 23
11 3
12 22
13 18
14 24
15 0
16 9
17 25
18 15
19 17
20 7
21 10
22 20
23 11
24 13
25 19
SIMILAR

19 2 20 24 22 5 1 15 3 11 14 0 10 21 18 25 17 13 12 7 9 6 8 4 16 23 
0 11
1 6
2 1
3 8
4 23
5 5
6 21
7 19
8 22
9 20
10 12
11 9
12 18
13 17
14 10
15 7
16 24
17 16
18 14
19 0
20 2
21 13
22 4
23 25
24 3
25 15
SIMILAR

19 25 8 9 24 20 23 10 5 4 0 22 7 1 11 12 21 16 18 3 17 15 14 13 2 6 
0 10
1 13
2 24
3 19
4 9
5 8
6 25
7 12
8 2
9 3
10 7
11 14
12 15
13 23
14 22
15 21
16 17
17 20
18 18
19 0
20 5
21 16
22 11
23 6
24 4
25 1
SIMILAR

22 0 15 20 12 18 6 4 19 16 8 1 21 23 25 10 7 13 14 24 2 17 9 11 5 3 
0 1
1 11
2 20
3 25
4 7
5 24
6 6
7 16
8 10
9 22
10 15
11 23
12 4
13 17
14 18
15 2
16 9
17 21
18 5
19 8
20 3
21 12
22 0
23 13
24 19
25 14
SIMILAR

0 22 24 12 2 5 6 10 11 17 8 7 1 21 15 16 25 18 4 23 14 20 9 13 3 19 
0 0
1 12
2 4
3 24
4 18
5 5
6 6
7 11
8 10
9 22
10 7
11 8
12 3
13 23
14 20
15 14
16 15
17 9
18 17
19 25
20 21
21 13
22 1
23 19
24 2
25 16
SIMILAR

4 19 17 2 9 11 21 0 1 14 24 8 18 5 7 13 3 20 12 22 25 6 10 15 16 23 
0 7
1 8
2 3
3 16
4 0
5 13
6 21
7 14
8 11
9 4
10 22
11 5
12 18
13 15
14 9
15 23
16 24
17 2
18 12
19 1
20 17
21 6
22 19
23 25
24 10
25 20
SIMILAR

8 5 24 25 1 17 6 23 13 14 12 20 4 2 21 0 15 11 7 9 22 3 18 10 16 19 
0 15
1 4
2 13
3 21
4 12
5 1
6 6
7 18
8 0
9 19
10 23
11 17
12 10
13 8
14 9
15 16
16 24
17 5
18 22
19 25
20 11
21 14
22 20
23 7
24 2
25 3
SIMILAR

5 9 8 25 2 13 16 24 12 18 0 7 3 20 21 4 22 11 17 15 19 23 10 14 1 6 
0 10
1 24
2 4
3 12
4 15
5 0
6 25
7 11
8 2
9 1
10 22
11 17
12 8
13 5
14 23
15 19
16 6
17 18
18 9
19 20
20 13
21 14
22 16
23 21
24 7
25 3
SIMILAR

6 17 20 9 23 1 18 10 21 15 12 8 5 22 11 16 0 3 25 4 14 2 19 24 13 7 
0 16
1 5
2 21
3 17
4 19
5 12
6 0
7 25
8 11
9 3
10 7
11 14
12 10
13 24
14 20
15 9
16 15
17 1
18 6
19 22
20 2
21 8
22 13
23 4
24 23
25 18
SIMILAR

8 13 24 2 15 3 10 23 19 12 5 22 21 9 14 11 6 25 4 20 18 16 1 0 17 7 
0 23
1 22
2 3
3 5
4 18
5 10
6 16
7 25
8 0
9 13
10 6
11 15
12 9
13 1
14 14
15 4
16 21
17 24
18 20
19 8
20 19
21 12
22 11
23 7
24 2
25 17
SIMILAR

14 19 7 25 6 2 10 9 16 17 22 11 12 3 13 5 20 8 4 23 1 0 24 21 18 15 
0 21
1 20
2 5
3 13
4 18
5 15
6 4
7 2
8 17
9 7
10 6
11 11
12 12
13 14
14 0
15 25
16 8
17 9
18 24
19 1
20 16
21 23
22 10
23 19
24 22
25 3
SIMILAR

7 12 21 24 11 9 10 8 13 6 17 3 18 5 0 1 14 4 25 15 19 22 20 23 16 2 
0 14
1 15
2 25
3 11
4 17
5 13
6 9
7 0
8 7
9 5
10 6
11 4
12 1
13 8
14 16
15 19
16 24
17 10
18 12
19 20
20 22
21 2
22 21
23 23
24 3
25 18
SIMILAR

8 4 22 9 18 11 17 6 5 20 14 13 10 3 25 12 1 21 24 0 7 19 15 23 16 2 
0 19
1 16
2 25
3 13
4 1
5 8
6 7
7 20
8 0
9 3
10 12
11 5
12 15
13 11
14 10
15 22
16 24
17 6
18 4
19 21
20 9
21 17
22 2
23 23
24 18
25 14
SIMILAR

2 15 0 1 21 13 20 6 18 7 22 4 24 11 3 23 10 5 16 8 12 9 19 25 14 17 
0 2
1 3
2 0
3 14
4 11
5 17
6 7
7 9
8 19
9 21
10 16
11 13
12 20
13 5
14 24
15 1
16 18
17 25
18 8
19 22
20 6
21 4
22 10
23 15
24 12
25 23
SIMILAR

23 22 11 18 2 4 16 17 1 20 12 6 19 25 8 9 13 21 5 0 14 15 7 10 24 3 
0 19
1 8
2 4
3 25
4 5
5 18
6 11
7 22
8 14
9 15
10 23
11 2
12 10
13 16
14 20
15 21
16 6
17 7
18 3
19 12
20 9
21 17
22 1
23 0
24 24
25 13
SIMILAR

14 3 5 24 11 17 21 1 10 7 2 18 15 22 19 23 16 6 0 20 8 12 25 4 13 9 
0 18
1 7
2 10
3 1
4 23
5 2
6 17
7 9
8 20
9 25
10 8
11 4
12 21
13 24
14 0
15 12
16 16
17 5
18 11
19 14
20 19
21 6
22 13
23 15
24 3
25 22
SIMILAR

11 5 18 17 9 2 23 7 3 16 22 24 19 1 21 8 15 12 20 4 6 25 10 13 0 14 
0 24
1 13
2 5
3 8
4 19
5 1
6 20
7 7
8 15
9 4
10 22
11 0
12 17
13 23
14 25
15 16
16 9
17 3
18 2
19 12
20 18
21 14
22 10
23 6
24 11
25 21
SIMILAR

7 0 13 9 25 22 18 10 2 20 11 23 21 17 12 15 16 5 1 6 24 8 4 19 14 3 
0 1
1 18
2 8
3 25
4 22
5 17
6 19
7 0
8 21
9 3
10 7
11 10
12 14
13 2
14 24
15 15
16 16
17 13
18 6
19 23
20 9
21 12
22 5
23 11
24 20
25 4
SIMILAR

14 19 24 2 12 20 0 15 16 1 5 17 8 10 13 18 6 11 9 23 22 4 3 25 7 21 
0 6
1 9
2 3
3 22
4 21
5 10
6 16
7 24
8 12
9 18
10 13
11 17
12 4
13 14
14 0
15 7
16 8
17 11
18 15
19 1
20 5
21 25
22 20
23 19
24 2
25 23
SIMILAR

2 9 20 10 14 12 3 5 23 0 24 17 11 18 13 21 1 22 6 4 8 16 25 19 7 15 
0 9
1 16
2 0
3 6
4 19
5 7
6 18
7 24
8 20
9 1
10 3
11 12
12 5
13 14
14 4
15 25
16 21
17 11
18 13
19 23
20 2
21 15
22 17
23 8
24 10
25 22
SIMILAR

11 23 7 24 0 14 1 16 17 9 8 22 18 19 25 15 5 20 2 10 21 13 6 4 3 12 
0 4
1 6
2 18
3 24
4 23
5 16
6 22
7 2
8 10
9 9
10 19
11 0
12 25
13 21
14 5
15 15
16 7
17 8
18 12
19 13
20 17
21 20
22 11
23 1
24 3
25 14
SIMILAR

15 19 10 21 11 6 4 3 0 13 8 9 7 16 20 24 18 1 25 22 17 23 12 5 14 2 
0 8
1 17
2 25
3 7
4 6
5 23
6 5
7 12
8 10
9 11
10 2
11 4
12 22
13 9
14 24
15 0
16 13
17 20
18 16
19 1
20 14
21 3
22 19
23 21
24 15
25 18
SIMILAR

18 16 10 4 24 21 14 11 25 12 2 0 5 3 17 6 23 8 7 19 22 20 15 13 1 9 
0 11
1 24
2 10
3 13
4 3
5 12
6 15
7 18
8 17
9 25
10 2
11 7
12 9
13 23
14 6
15 22
16 1
17 14
18 0
19 19
20 21
21 5
22 20
23 16
24 4
25 8
SIMILAR

19 23 7 0 18 25 3 1 11 2 6 21 5 17 8 10 20 16 15 9 14 22 4 13 24 12 
0 3
1 7
2 9
3 6
4 22
5 12
6 10
7 2
8 14
9 19
10 15
11 8
12 25
13 23
14 20
15 18
16 17
17 13
18 4
19 0
20 16
21 11
22 21
23 1
24 24
25 5
SIMILAR

21 14 7 13 18 1 4 19 25 24 10 9 8 6 3 0 23 17 22 5 11 12 16 2 15 20 
0 15
1 5
2 23
3 14
4 6
5 19
6 13
7 2
8 12
9 11
10 10
11 20
12 21
13 3
14 1
15 24
16 22
17 17
18 4
19 7
20 25
21 0
22 18
23 16
24 9
25 8
SIMILAR

5 18 13 16 11 1 3 19 10 0 20 2 23 7 25 9 4 8 14 22 15 12 6 21 17 24 
0 9
1 5
2 11
3 6
4 16
5 0
6 22
7 13
8 17
9 15
10 8
11 4
12 21
13 2
14 18
15 20
16 3
17 24
18 1
19 7
20 10
21 23
22 19
23 12
24 25
25 14
SIMILAR

7 6 22 18 16 23 3 11 24 13 5 19 10 9 0 8 20 1 17 4 25 2 15 14 12 21 
0 14
1 17
2 21
3 6
4 19
5 10
6 1
7 0
8 15
9 13
10 12
11 7
12 24
13 9
14 23
15 22
16 4
17 18
18 3
19 11
20 16
21 25
22 2
23 5
24 8
25 20
SIMILAR

21 11 16 17 8 3 20 23 22 19 5 2 4 12 15 25 18 9 1 6 14 0 24 10 7 13 
0 21
1 18
2 11
3 5
4 12
5 10
6 19
7 24
8 4
9 17
10 23
11 1
12 13
13 25
14 20
15 14
16 2
17 3
18 16
19 9
20 6
21 0
22 8
23 7
24 22
25 15
SIMILAR

1 20 21 11 0 19 10 14 17 16 22 9 2 24 5 4 23 3 13 7 18 15 8 12 6 25 
0 4
1 0
2 12
3 17
4 15
5 14
6 24
7 19
8 22
9 11
10 6
11 3
12 23
13 18
14 7
15 21
16 9
17 8
18 20
19 5
20 1
21 2
22 10
23 16
24 13
25 25
SIMILAR

9 4 16 20 23 24 12 25 19 1 5 17 3 15 11 0 22 2 8 10 7 18 13 21 14 6 
0 15
1 9
2 17
3 12
4 1
5 10
6 25
7 20
8 18
9 0
10 19
11 14
12 6
13 22
14 24
15 13
16 2
17 11
18 21
19 8
20 3
21 23
22 16
23 4
24 5
25 7
SIMILAR

21 11 2 24 14 22 8 19 12 13 6 25 3 23 5 17 7 0 16 4 9 1 20 18 10 15 
0 17
1 21
2 2
3 12
4 19
5 14
6 10
7 16
8 6
9 20
10 24
11 1
12 8
13 9
14 4
15 25
16 18
17 15
18 23
19 7
20 22
21 0
22 5
23 13
24 3
25 11
SIMILAR

5 20 16 0 10 3 23 18 8 6 12 21 2 11 15 13 14 7 17 24 22 4 25 19 9 1 
0 3
1 25
2 12
3 5
4 21
5 0
6 9
7 17
8 8
9 24
10 4
11 13
12 10
13 15
14 16
15 14
16 2
17 18
18 7
19 23
20 1
21 11
22 20
23 6
24 19
25 22
SIMILAR

14 22 18 23 17 13 15 20 6 21 10 3 4 9 12 16 11 5 25 1 7 2 8 19 24 0 
0 25
1 19
2 21
3 11
4 12
5 17
6 8
7 20
8 22
9 13
10 10
11 16
12 14
13 5
14 0
15 6
16 15
17 4
18 2
19 23
20 7
21 9
22 1
23 3
24 24
25 18
SIMILAR

7 25 6 17 8 23 19 1 9 5 3 20 0 22 15 21 2 16 10 14 13 18 4 11 12 24 
0 12
1 7
2 16
3 10
4 22
5 9
6 2
7 0
8 4
9 8
10 18
11 23
12 24
13 20
14 19
15 14
16 17
17 3
18 21
19 6
20 11
21 15
22 13
23 5
24 25
25 1
SIMILAR

7 0 15 20 16 12 10 18 14 23 8 25 19 6 21 11 2 4 3 5 17 9 1 22 24 13 
0 1
1 22
2 16
3 18
4 17
5 19
6 13
7 0
8 10
9 21
10 6
11 15
12 5
13 25
14 8
15 2
16 4
17 20
18 7
19 12
20 3
21 14
22 23
23 9
24 24
25 11
SIMILAR

25 10 21 5 22 14 16 7 13 3 8 17 23 18 0 2 12 19 24 20 4 9 11 6 1 15 
0 14
1 24
2 15
3 9
4 20
5 3
6 23
7 7
8 10
9 21
10 1
11 22
12 16
13 8
14 5
15 25
16 6
17 11
18 13
19 17
20 19
21 2
22 4
23 12
24 18
25 0
SIMILAR

2 24 7 4 12 14 16 13 6 23 1 20 22 9 11 10 5 3 25 0 17 18 21 8 19 15 
0 19
1 10
2 0
3 17
4 3
5 16
6 8
7 2
8 23
9 13
10 15
11 14
12 4
13 7
14 5
15 25
16 6
17 20
18 21
19 24
20 11
21 22
22 12
23 9
24 1
25 18
SIMILAR

18 2 24 0 11 6 1 8 5 22 17 12 3 15 20 10 13 4 23 19 9 25 14 16 7 21 
0 3
1 6
2 1
3 12
4 17
5 8
6 5
7 24
8 7
9 20
10 15
11 4
12 11
13 16
14 22
15 13
16 23
17 10
18 0
19 19
20 14
21 25
22 9
23 18
24 2
25 21
SIMILAR

15 13 4 2 0 18 14 21 17 1 3 12 11 25 16 22 8 5 9 6 7 10 20 23 19 24 
0 4
1 9
2 3
3 10
4 2
5 17
6 19
7 20
8 16
9 18
10 21
11 12
12 11
13 1
14 6
15 0
16 14
17 8
18 5
19 24
20 22
21 7
22 15
23 23
24 25
25 13
SIMILAR

11 7 0 20 6 25 16 2 18 17 21 4 15 3 14 24 22 10 5 13 19 1 9 12 8 23 
0 2
1 21
2 7
3 13
4 11
5 18
6 4
7 1
8 24
9 22
10 17
11 0
12 23
13 19
14 14
15 12
16 6
17 9
18 8
19 20
20 3
21 10
22 16
23 25
24 15
25 5
SIMILAR

19 22 2 16 21 11 8 4 0 25 15 14 13 10 18 17 24 20 23 9 12 7 1 3 5 6 
0 8
1 22
2 2
3 23
4 7
5 24
6 25
7 21
8 6
9 19
10 13
11 5
12 20
13 12
14 11
15 10
16 3
17 15
18 14
19 0
20 17
21 4
22 1
23 18
24 16
25 9
SIMILAR

3 6 4 8 24 22 10 23 18 16 15 5 11 19 20 25 7 14 0 2 17 12 21 9 1 13 
0 18
1 24
2 19
3 0
4 2
5 11
6 1
7 16
8 3
9 23
10 6
11 12
12 21
13 25
14 17
15 10
16 9
17 20
18 8
19 13
20 14
21 22
22 5
23 7
24 4
25 15
SIMILAR

8 12 10 18 6 7 24 4 1 20 11 0 22 9 3 21 25 16 19 14 2 13 23 15 5 17 
0 11
1 8
2 20
3 14
4 7
5 24
6 4
7 5
8 0
9 13
10 2
11 10
12 1
13 21
14 19
15 23
16 17
17 25
18 3
19 18
20 9
21 15
22 12
23 22
24 6
25 16
SIMILAR

19 14 5 18 11 16 21 3 9 7 0 4 6 1 10 25 8 23 13 12 2 17 15 24 20 22 
0 10
1 13
2 20
3 7
4 11
5 2
6 12
7 9
8 16
9 8
10 14
11 4
12 19
13 18
14 1
15 22
16 5
17 21
18 3
19 0
20 24
21 6
22 25
23 17
24 23
25 15
SIMILAR

17 13 8 21 12 14 7 18 23 20 5 9 0 25 6 16 11 3 2 24 22 19 4 1 15 10 
0 12
1 23
2 18
3 17
4 22
5 10
6 14
7 6
8 2
9 11
10 25
11 16
12 4
13 1
14 5
15 24
16 15
17 0
18 7
19 21
20 9
21 3
22 20
23 8
24 19
25 13
SIMILAR

15 24 16 14 13 10 1 8 23 12 4 6 19 20 0 9 22 18 11 7 2 17 25 5 3 21 
0 14
1 6
2 20
3 24
4 10
5 23
6 11
7 19
8 7
9 15
10 5
11 18
12 9
13 4
14 3
15 0
16 2
17 21
18 17
19 12
20 13
21 25
22 16
23 8
24 1
25 22
SIMILAR

8 20 12 16 21 2 3 25 18 4 13 19 11 0 24 5 9 15 22 1 23 10 14 6 17 7 
0 13
1 19
2 5
3 6
4 9
5 15
6 23
7 25
8 0
9 16
10 21
11 12
12 2
13 10
14 22
15 17
16 3
17 24
18 8
19 11
20 1
21 4
22 18
23 20
24 14
25 7
SIMILAR

2 14 0 19 7 13 21 5 18 25 12 16 1 11 23 3 9 8 6 4 22 24 10 17 20 15 
0 2
1 12
2 0
3 15
4 19
5 7
6 18
7 4
8 17
9 16
10 22
11 13
12 10
13 5
14 1
15 25
16 11
17 23
18 8
19 3
20 24
21 6
22 20
23 14
24 21
25 9
SIMILAR

6 19 4 7 17 16 22 5 18 1 14 10 9 25 8 12 20 0 23 21 2 11 15 3 13 24 
0 17
1 9
2 20
3 23
4 2
5 7
6 0
7 3
8 14
9 12
10 11
11 21
12 15
13 24
14 10
15 22
16 5
17 4
18 8
19 1
20 16
21 19
22 6
23 18
24 25
25 13
SIMILAR

16 14 7 23 2 25 1 5 4 24 15 3 8 10 18 0 22 20 11 9 21 17 12 6 19 13 
0 15
1 6
2 4
3 11
4 8
5 7
6 23
7 2
8 12
9 19
10 13
11 18
12 22
13 25
14 1
15 10
16 0
17 21
18 14
19 24
20 17
21 20
22 16
23 3
24 9
25 5
SIMILAR

14 7 19 22 0 20 21 2 6 10 18 5 4 23 16 11 25 24 13 12 1 17 8 3 9 15 
0 4
1 20
2 7
3 23
4 12
5 11
6 8
7 1
8 22
9 24
10 9
11 15
12 19
13 18
14 0
15 25
16 14
17 21
18 10
19 2
20 5
21 6
22 3
23 13
24 17
25 16
SIMILAR

20 12 11 16 6 19 1 22 9 15 7 18 10 0 25 17 23 14 8 13 2 4 21 24 5 3 
0 13
1 6
2 20
3 25
4 21
5 24
6 4
7 10
8 18
9 8
10 12
11 2
12 1
13 19
14 17
15 9
16 3
17 15
18 11
19 5
20 0
21 22
22 7
23 16
24 23
25 14
SIMILAR

19 6 4 3 11 23 2 22 9 10 0 21 24 13 17 1 18 8 5 25 14 15 16 7 20 12 
0 10
1 15
2 6
3 3
4 2
5 18
6 1
7 23
8 17
9 8
10 9
11 4
12 25
13 13
14 20
15 21
16 22
17 14
18 16
19 0
20 24
21 11
22 7
23 5
24 12
25 19
SIMILAR

0 15 13 7 21 19 1 9 25 10 6 17 8 12 18 2 14 24 4 23 11 5 20 22 3 16 
0 0
1 6
2 15
3 24
4 18
5 21
6 10
7 3
8 12
9 7
10 9
11 20
12 13
13 2
14 16
15 1
16 25
17 11
18 14
19 5
20 22
21 4
22 23
23 19
24 17
25 8
SIMILAR

20 19 12 15 0 11 1 9 22 24 23 3 17 6 2 14 5 7 25 13 21 10 4 18 16 8 
0 4
1 6
2 14
3 11
4 22
5 16
6 13
7 17
8 25
9 7
10 21
11 5
12 2
13 19
14 15
15 3
16 24
17 12
18 23
19 1
20 0
21 20
22 8
23 10
24 9
25 18
SIMILAR

21 2 1 12 15 5 10 4 13 18 20 9 22 24 7 25 8 23 14 3 16 0 17 6 11 19 
0 21
1 2
2 1
3 19
4 7
5 5
6 23
7 14
8 16
9 11
10 6
11 24
12 3
13 8
14 18
15 4
16 20
17 22
18 9
19 25
20 10
21 0
22 12
23 17
24 13
25 15
SIMILAR

16 23 19 15 7 0 1 25 8 21 10 4 13 3 22 20 2 14 18 9 24 6 12 17 11 5 
0 5
1 6
2 16
3 13
4 11
5 25
6 21
7 4
8 8
9 19
10 10
11 24
12 22
13 12
14 17
15 3
16 0
17 23
18 18
19 2
20 15
21 9
22 14
23 1
24 20
25 7
SIMILAR

0 24 9 18 8 14 19 1 12 20 16 17 6 11 13 3 15 4 23 5 25 22 10 2 7 21 
0 0
1 7
2 23
3 15
4 17
5 19
6 12
7 24
8 4
9 2
10 22
11 13
12 8
13 14
14 5
15 16
16 10
17 11
18 3
19 6
20 9
21 25
22 21
23 18
24 1
25 20
SIMILAR

11 21 5 15 24 12 18 6 2 23 16 10 0 17 14 20 8 13 22 9 1 7 3 4 25 19 
0 12
1 20
2 8
3 22
4 23
5 2
6 7
7 21
8 16
9 19
10 11
11 0
12 5
13 17
14 14
15 3
16 10
17 13
18 6
19 25
20 15
21 1
22 18
23 9
24 4
25 24
SIMILAR

14 22 21 1 3 10 9 4 13 24 5 16 8 7 15 17 20 18 11 12 23 6 25 19 2 0 
0 25
1 3
2 24
3 4
4 7
5 10
6 21
7 13
8 12
9 6
10 5
11 18
12 19
13 8
14 0
15 14
16 11
17 15
18 17
19 23
20 16
21 2
22 1
23 20
24 9
25 22
SIMILAR

24 7 18 5 15 10 23 13 25 12 4 22 19 1 16 3 14 20 0 8 11 21 6 17 9 2 
0 18
1 13
2 25
3 15
4 10
5 3
6 22
7 1
8 19
9 24
10 5
11 20
12 9
13 7
14 16
15 4
16 14
17 23
18 2
19 12
20 17
21 21
22 11
23 6
24 0
25 8
SIMILAR

15 5 20 19 14 2 0 13 12 18 17 3 23 4 25 10 16 22 11 1 8 7 6 9 21 24 
0 6
1 19
2 5
3 11
4 13
5 1
6 22
7 21
8 20
9 23
10 15
11 18
12 8
13 7
14 4
15 0
16 16
17 10
18 9
19 3
20 2
21 24
22 17
23 12
24 25
25 14
SIMILAR

5 24 12 15 21 22 6 16 11 9 4 18 7 8 10 1 2 13 20 23 19 0 17 25 3 14 
0 21
1 15
2 16
3 24
4 10
5 0
6 6
7 12
8 13
9 9
10 14
11 8
12 2
13 17
14 25
15 3
16 7
17 22
18 11
19 20
20 18
21 4
22 5
23 19
24 1
25 23
SIMILAR

24 20 0 4 8 22 3 17 19 12 6 18 14 11 16 5 25 7 23 9 21 15 13 10 1 2 
0 2
1 24
2 25
3 6
4 3
5 15
6 10
7 17
8 4
9 19
10 23
11 13
12 9
13 22
14 12
15 21
16 14
17 7
18 11
19 8
20 1
21 20
22 5
23 18
24 0
25 16
SIMILAR

14 17 19 7 22 12 8 3 0 23 5 18 15 11 21 24 20 16 10 25 6 2 9 4 1 13 
0 8
1 24
2 21
3 7
4 23
5 10
6 20
7 3
8 6
9 22
10 18
11 13
12 5
13 25
14 0
15 12
16 17
17 1
18 11
19 2
20 16
21 14
22 4
23 9
24 15
25 19
SIMILAR

17 19 21 2 25 22 20 16 14 4 23 12 18 7 3 0 6 10 1 9 11 15 5 13 24 8 
0 15
1 18
2 3
3 14
4 9
5 22
6 16
7 13
8 25
9 19
10 17
11 20
12 11
13 23
14 8
15 21
16 7
17 0
18 12
19 1
20 6
21 2
22 5
23 10
24 24
25 4
SIMILAR

3 5 11 0 10 17 20 7 15 6 12 21 9 23 18 16 4 14 19 25 2 24 1 22 8 13 
0 3
1 22
2 20
3 0
4 16
5 1
6 9
7 7
8 24
9 12
10 4
11 2
12 10
13 25
14 17
15 8
16 15
17 5
18 14
19 18
20 6
21 11
22 23
23 13
24 21
25 19
SIMILAR

8 1 20 3 18 23 7 12 14 5 10 0 16 19 11 22 2 15 13 25 6 24 21 17 4 9 
0 11
1 1
2 16
3 3
4 24
5 9
6 20
7 6
8 0
9 25
10 10
11 14
12 7
13 18
14 8
15 17
16 12
17 23
18 4
19 13
20 2
21 22
22 15
23 5
24 21
25 19
SIMILAR

25 20 18 22 7 9 5 1 6 19 3 13 21 11 15 17 4 2 0 24 12 23 14 16 8 10 
0 18
1 7
2 17
3 10
4 16
5 6
6 8
7 4
8 24
9 5
10 25
11 13
12 20
13 11
14 22
15 14
16 23
17 15
18 2
19 9
20 1
21 12
22 3
23 21
24 19
25 0
SIMILAR

16 18 21 11 24 19 14 13 15 23 20 12 17 5 10 4 22 1 6 25 8 0 2 7 3 9 
0 21
1 17
2 22
3 24
4 15
5 13
6 18
7 23
8 20
9 25
10 14
11 3
12 11
13 7
14 6
15 8
16 0
17 12
18 1
19 5
20 10
21 2
22 16
23 9
24 4
25 19
SIMILAR

16 1 4 14 0 19 22 13 3 11 15 24 21 17 25 18 20 7 9 10 5 8 23 6 2 12 
0 4
1 1
2 24
3 8
4 2
5 20
6 23
7 17
8 21
9 18
10 19
11 9
12 25
13 7
14 3
15 10
16 0
17 13
18 15
19 5
20 16
21 12
22 6
23 22
24 11
25 14
SIMILAR

25 22 14 5 11 15 23 0 13 12 8 1 24 4 6 7 20 17 19 9 3 18 2 21 10 16 
0 7
1 11
2 22
3 20
4 13
5 3
6 14
7 15
8 10
9 19
10 24
11 4
12 9
13 8
14 2
15 5
16 25
17 17
18 21
19 18
20 16
21 23
22 1
23 6
24 12
25 0
SIMILAR

13 14 20 21 6 0 15 17 1 18 11 22 24 4 8 7 9 25 3 2 16 23 12 10 5 19 
0 5
1 8
2 19
3 18
4 13
5 24
6 4
7 15
8 14
9 16
10 23
11 10
12 22
13 0
14 1
15 6
16 20
17 7
18 9
19 25
20 2
21 3
22 11
23 21
24 12
25 17
SIMILAR

16 13 17 8 24 15 25 5 3 0 22 14 23 4 9 6 19 18 10 7 12 20 11 21 2 1 
0 9
1 25
2 24
3 8
4 13
5 7
6 15
7 19
8 3
9 14
10 18
11 22
12 20
13 1
14 11
15 5
16 0
17 2
18 17
19 16
20 21
21 23
22 10
23 12
24 4
25 6
SIMILAR

8 10 0 15 21 23 14 7 16 12 3 6 22 2 19 17 13 11 18 9 1 4 5 25 20 24 
0 2
1 20
2 13
3 10
4 21
5 22
6 11
7 7
8 0
9 19
10 1
11 17
12 9
13 16
14 6
15 3
16 8
17 15
18 18
19 14
20 24
21 4
22 12
23 5
24 25
25 23
SIMILAR

25 2 24 15 5 9 23 1 17 14 18 6 16 7 0 10 8 4 19 21 12 13 22 3 20 11 
0 14
1 7
2 1
3 23
4 17
5 4
6 11
7 13
8 16
9 5
10 15
11 25
12 20
13 21
14 9
15 3
16 12
17 8
18 10
19 18
20 24
21 19
22 22
23 6
24 2
25 0
SIMILAR

14 3 25 7 23 11 10 4 18 21 17 16 2 5 22 24 0 8 13 15 1 6 12 9 20 19 
0 16
1 20
2 12
3 1
4 7
5 13
6 21
7 3
8 17
9 23
10 6
11 5
12 22
13 18
14 0
15 19
16 11
17 10
18 8
19 25
20 24
21 9
22 14
23 4
24 15
25 2
SIMILAR

11 5 20 12 21 15 18 1 4 10 16 25 19 24 14 8 22 0 9 13 17 23 6 3 7 2 
0 17
1 7
2 25
3 23
4 8
5 1
6 22
7 24
8 15
9 18
10 9
11 0
12 3
13 19
14 14
15 5
16 10
17 20
18 6
19 12
20 2
21 4
22 16
23 21
24 13
25 11
SIMILAR

10 11 17 24 20 14 0 19 6 15 23 18 7 25 9 2 16 12 4 8 21 13 1 5 22 3 
0 6
1 22
2 15
3 25
4 18
5 23
6 8
7 12
8 19
9 14
10 0
11 1
12 17
13 21
14 5
15 9
16 16
17 2
18 11
19 7
20 4
21 20
22 24
23 10
24 3
25 13
SIMILAR

22 24 17 12 18 3 7 25 6 5 13 23 10 9 14 11 19 21 8 2 1 4 0 20 15 16 
0 22
1 20
2 19
3 5
4 21
5 9
6 8
7 6
8 18
9 13
10 12
11 15
12 3
13 10
14 14
15 24
16 25
17 2
18 4
19 16
20 23
21 17
22 0
23 11
24 1
25 7
SIMILAR

7 24 15 23 6 14 22 9 17 25 13 8 18 21 16 0 1 12 5 4 10 3 2 11 19 20 
0 15
1 16
2 22
3 21
4 19
5 18
6 4
7 0
8 11
9 7
10 20
11 23
12 17
13 10
14 5
15 2
16 14
17 8
18 12
19 24
20 25
21 13
22 6
23 3
24 1
25 9
SIMILAR

2 11 15 8 22 9 21 25 19 0 16 18 17 7 1 12 10 3 24 20 4 14 23 6 13 5 
0 9
1 14
2 0
3 17
4 20
5 25
6 23
7 13
8 3
9 5
10 16
11 1
12 15
13 24
14 21
15 2
16 10
17 12
18 11
19 8
20 19
21 6
22 4
23 22
24 18
25 7
SIMILAR
100 0
9100 0
229100 0
