48
0 1 1 0 0 0 1 0 1 0 0 1 1 0 0 1 1 1 1 0 1 0 1 1 0 0 0 1 0 0 0 1 1 0 1 1 0 0 1 0 0 0 0 0 0 0 0 0 
1 0 0 0 0 0 1 1 0 1 0 0 1 1 1 1 1 1 1 0 0 1 0 0 0 0 1 1 0 1 1 0 0 0 1 1 0 1 0 0 0 0 1 1 0 1 1 1 
1 0 0 0 1 1 1 0 0 0 0 0 0 0 0 0 1 0 0 1 1 1 1 1 0 1 0 0 0 0 0 1 0 0 0 1 1 0 1 0 0 0 1 1 0 0 0 1 
0 0 0 0 0 1 0 0 0 0 0 0 1 0 1 1 1 0 0 0 1 1 0 0 0 1 0 1 0 1 0 0 0 1 1 0 0 0 1 1 1 1 0 0 1 0 0 0 
0 0 1 0 0 0 0 1 0 1 1 0 0 0 1 0 1 1 1 1 0 0 0 1 0 0 1 1 0 1 0 1 0 1 1 1 0 0 1 1 1 1 1 1 1 0 1 1 
0 0 1 1 0 0 1 0 0 0 0 1 0 1 0 0 0 0 1 0 0 1 1 0 1 0 1 1 1 1 1 0 1 1 1 0 1 1 0 1 0 0 0 1 0 1 0 0 
1 1 1 0 0 1 0 1 1 0 1 0 0 1 1 1 1 1 0 1 0 0 1 0 0 1 1 0 0 0 1 0 1 0 1 1 0 1 0 1 1 0 0 0 1 1 1 1 
0 1 0 0 1 0 1 0 0 0 1 0 0 1 1 0 1 1 0 1 0 0 1 0 0 0 1 1 1 1 1 0 0 0 1 1 0 1 1 0 0 0 0 1 0 1 1 0 
1 0 0 0 0 0 1 0 0 0 1 1 1 0 1 0 1 1 1 0 1 0 1 1 0 0 1 0 0 0 0 1 1 0 0 0 1 1 1 0 1 0 0 0 1 0 1 0 
0 1 0 0 1 0 0 0 0 0 0 0 0 0 0 0 0 0 0 0 1 1 0 0 1 1 0 1 0 1 0 1 1 1 1 1 0 1 1 1 1 0 0 0 0 0 1 1 
0 0 0 0 1 0 1 1 1 0 0 0 1 0 1 0 0 0 0 0 0 1 1 0 0 1 0 0 1 1 1 1 0 0 1 0 0 0 0 1 1 1 0 1 1 1 1 0 
1 0 0 0 0 1 0 0 1 0 0 0 1 1 1 0 0 1 1 1 1 1 1 1 0 0 1 0 1 1 1 0 1 0 0 1 1 0 1 1 1 1 0 0 0 0 0 0 
1 1 0 1 0 0 0 0 1 0 1 1 0 1 0 1 1 0 1 1 0 1 0 0 1 0 1 0 0 0 1 0 0 0 1 1 0 0 0 1 1 1 1 1 1 0 0 1 
0 1 0 0 0 1 1 1 0 0 0 1 1 0 1 1 0 0 1 0 1 0 0 0 1 0 1 0 1 1 0 0 1 1 1 1 0 0 0 1 1 0 1 1 1 0 1 0 
0 1 0 1 1 0 1 1 1 0 1 1 0 1 0 0 1 1 0 0 1 0 0 1 0 0 0 0 1 0 1 1 1 1 1 0 1 1 1 1 0 1 1 1 1 1 1 0 
1 1 0 1 0 0 1 0 0 0 0 0 1 1 0 0 1 0 1 0 0 1 0 0 0 0 0 1 1 0 1 0 0 1 1 0 1 0 1 1 0 0 1 0 0 1 0 1 
1 1 1 1 1 0 1 1 1 0 0 0 1 0 1 1 0 0 0 0 1 1 1 1 1 1 1 1 0 1 0 0 1 0 1 0 1 1 1 0 0 0 0 0 1 1 1 1 
1 1 0 0 1 0 1 1 1 0 0 1 0 0 1 0 0 0 0 0 0 0 0 1 1 1 1 1 1 1 0 1 1 1 0 1 0 0 1 1 1 0 0 0 0 0 0 1 
1 1 0 0 1 1 0 0 1 0 0 1 1 1 0 1 0 0 0 1 1 0 0 1 0 1 0 1 1 1 1 1 1 0 0 1 1 0 0 1 0 0 1 0 0 1 1 1 
0 0 1 0 1 0 1 1 0 0 0 1 1 0 0 0 0 0 1 0 1 1 0 1 0 0 1 1 1 1 0 1 1 1 0 0 0 0 0 1 0 0 0 1 0 1 1 0 
1 0 1 1 0 0 0 0 1 1 0 1 0 1 1 0 1 0 1 1 0 0 1 0 1 0 0 0 0 1 1 1 1 0 0 0 1 0 0 0 1 1 0 0 1 1 1 0 
0 1 1 1 0 1 0 0 0 1 1 1 1 0 0 1 1 0 0 1 0 0 0 1 0 0 0 1 0 1 1 0 1 0 1 0 1 1 1 0 1 1 0 0 1 0 1 0 
1 0 1 0 0 1 1 1 1 0 1 1 0 0 0 0 1 0 0 0 1 0 0 1 1 1 0 0 0 0 1 0 1 0 1 1 1 0 1 1 1 0 0 1 1 0 0 1 
1 0 1 0 1 0 0 0 1 0 0 1 0 0 1 0 1 1 1 1 0 1 1 0 1 0 1 1 0 0 0 1 1 0 0 1 0 1 1 1 0 0 0 0 1 0 1 0 
0 0 0 0 0 1 0 0 0 1 0 0 1 1 0 0 1 1 0 0 1 0 1 1 0 1 1 1 0 1 1 1 0 0 1 1 1 0 0 0 0 0 0 1 1 0 0 1 
0 0 1 1 0 0 1 0 0 1 1 0 0 0 0 0 1 1 1 0 0 0 1 0 1 0 1 1 0 0 0 1 0 1 0 0 1 0 0 1 0 0 0 1 0 0 0 1 
0 1 0 0 1 1 1 1 1 0 0 1 1 1 0 0 1 1 0 1 0 0 0 1 1 1 0 0 1 0 0 1 0 1 0 1 1 0 1 1 1 0 1 1 0 1 1 0 
1 1 0 1 1 1 0 1 0 1 0 0 0 0 0 1 1 1 1 1 0 1 0 1 1 1 0 0 0 0 1 0 0 0 0 1 0 1 0 1 1 1 0 1 1 0 0 0 
0 0 0 0 0 1 0 1 0 0 1 1 0 1 1 1 0 1 1 1 0 0 0 0 0 0 1 0 0 0 1 1 0 1 1 0 1 1 1 0 1 1 1 1 0 1 0 1 
0 1 0 1 1 1 0 1 0 1 1 1 0 1 0 0 1 1 1 1 1 1 0 0 1 0 0 0 0 0 0 1 0 0 0 0 1 0 0 0 1 1 0 0 0 1 0 0 
0 1 0 0 0 1 1 1 0 0 1 1 1 0 1 1 0 0 1 0 1 1 1 0 1 0 0 1 1 0 0 0 1 1 0 0 1 0 0 0 1 1 0 1 1 0 1 0 
1 0 1 0 1 0 0 0 1 1 1 0 0 0 1 0 0 1 1 1 1 0 0 1 1 1 1 0 1 1 0 0 1 0 1 0 1 1 1 1 1 0 1 0 1 1 0 1 
1 0 0 0 0 1 1 0 1 1 0 1 0 1 1 0 1 1 1 1 1 1 1 1 0 0 0 0 0 0 1 1 0 0 0 0 1 1 1 0 0 1 1 1 1 1 1 0 
0 0 0 1 1 1 0 0 0 1 0 0 0 1 1 1 0 1 0 1 0 0 0 0 0 1 1 0 1 0 1 0 0 0 0 1 1 1 1 0 1 0 0 1 0 0 0 1 
1 1 0 1 1 1 1 1 0 1 1 0 1 1 1 1 1 0 0 0 0 1 1 0 1 0 0 0 1 0 0 1 0 0 0 1 1 1 0 1 1 0 1 1 1 0 1 1 
1 1 1 0 1 0 1 1 0 1 0 1 1 1 0 0 0 1 1 0 0 0 1 1 1 0 1 1 0 0 0 0 0 1 1 0 1 0 1 1 0 0 1 0 1 0 0 0 
0 0 1 0 0 1 0 0 1 0 0 1 0 0 1 1 1 0 1 0 1 1 1 0 1 1 1 0 1 1 1 1 1 1 1 1 0 1 1 0 1 0 1 0 0 1 1 0 
0 1 0 0 0 1 1 1 1 1 0 0 0 0 1 0 1 0 0 0 0 1 0 1 0 0 0 1 1 0 0 1 1 1 1 0 1 0 0 0 1 1 0 1 1 0 0 0 
1 0 1 1 1 0 0 1 1 1 0 1 0 0 1 1 1 1 0 0 0 1 1 1 0 0 1 0 1 0 0 1 1 1 0 1 1 0 0 0 1 1 1 1 0 0 0 1 
0 0 0 1 1 1 1 0 0 1 1 1 1 1 1 1 0 1 1 1 0 0 1 1 0 1 1 1 0 0 0 1 0 0 1 1 0 0 0 0 0 0 0 1 0 0 1 1 
0 0 0 1 1 0 1 0 1 1 1 1 1 1 0 0 0 1 0 0 1 1 1 0 0 0 1 1 1 1 1 1 0 1 1 0 1 1 1 0 0 1 1 1 0 0 1 1 
0 0 0 1 1 0 0 0 0 0 1 1 1 0 1 0 0 0 0 0 1 1 0 0 0 0 0 1 1 1 1 0 1 0 0 0 0 1 1 0 1 0 0 1 0 1 1 0 
0 1 1 0 1 0 0 0 0 0 0 0 1 1 1 1 0 0 1 0 0 0 0 0 0 0 1 0 1 0 0 1 1 0 1 1 1 0 1 0 1 0 0 0 1 0 0 1 
0 1 1 0 1 1 0 1 0 0 1 0 1 1 1 0 0 0 0 1 0 0 1 0 1 1 1 1 1 0 1 0 1 1 1 0 0 1 1 1 1 1 0 0 0 0 1 1 
0 0 0 1 1 0 1 0 1 0 1 0 1 1 1 0 1 0 0 0 1 1 1 1 1 0 0 1 0 0 1 1 1 0 1 1 0 1 0 0 0 0 1 0 0 0 1 1 
0 1 0 0 0 1 1 1 0 0 1 0 0 0 1 1 1 0 1 1 1 0 0 0 0 0 1 0 1 1 0 1 1 0 0 0 1 0 0 0 0 1 0 0 0 0 1 1 
0 1 0 0 1 0 1 1 1 1 1 0 0 1 1 0 1 0 1 1 1 1 0 1 0 0 1 0 0 0 1 0 1 0 1 0 1 0 0 1 1 1 0 1 1 1 0 0 
0 1 1 0 1 0 1 0 0 1 0 0 1 0 0 1 1 1 1 0 0 0 1 0 1 1 0 0 1 0 0 1 0 1 1 0 0 0 1 1 1 0 1 1 1 1 0 0 

12 21 41 3 39 40 32 20 7 0 13 37 10 28 1 35 29 46 24 36 42 9 5 25 6 2 4 44 34 14 27 8 22 45 18 33 17 30 15 38 23 31 16 43 47 19 26 11 
0 9
1 14
2 25
3 3
4 26
5 22
6 24
7 8
8 31
9 21
10 12
11 47
12 0
13 10
14 29
15 38
16 42
17 36
18 34
19 45
20 7
21 1
22 32
23 40
24 18
25 23
26 46
27 30
28 13
29 16
30 37
31 41
32 6
33 35
34 28
35 15
36 19
37 11
38 39
39 4
40 5
41 2
42 20
43 43
44 27
45 33
46 17
47 44
SIMILAR

24 7 6 26 2 45 38 10 23 17 4 15 9 42 13 44 3 40 37 39 31 34 33 29 41 19 25 32 28 0 36 5 14 27 47 43 20 1 35 16 11 30 12 22 18 46 8 21 
0 29
1 37
2 4
3 16
4 10
5 31
6 2
7 1
8 46
9 12
10 7
11 40
12 42
13 14
14 32
15 11
16 39
17 9
18 44
19 25
20 36
21 47
22 43
23 8
24 0
25 26
26 3
27 33
28 28
29 23
30 41
31 20
32 27
33 22
34 21
35 38
36 30
37 18
38 6
39 19
40 17
41 24
42 13
43 35
44 15
45 5
46 45
47 34
SIMILAR

38 25 24 22 1 14 0 3 26 28 35 23 9 18 6 47 45 41 46 11 34 44 15 19 8 27 13 17 12 5 16 21 42 10 31 29 4 37 33 20 36 32 7 30 40 2 39 43 
0 6
1 4
2 45
3 7
4 36
5 29
6 14
7 42
8 24
9 12
10 33
11 19
12 28
13 26
14 5
15 22
16 30
17 27
18 13
19 23
20 39
21 31
22 3
23 11
24 2
25 1
26 8
27 25
28 9
29 35
30 43
31 34
32 41
33 38
34 20
35 10
36 40
37 37
38 0
39 46
40 44
41 17
42 32
43 47
44 21
45 16
46 18
47 15
SIMILAR

17 27 44 6 21 10 32 11 28 40 22 33 1 2 15 4 31 13 3 23 8 46 24 42 26 0 29 45 19 14 47 18 12 38 43 35 7 36 30 34 20 37 5 9 39 16 25 41 
0 25
1 12
2 13
3 18
4 15
5 42
6 3
7 36
8 20
9 43
10 5
11 7
12 32
13 17
14 29
15 14
16 45
17 0
18 31
19 28
20 40
21 4
22 10
23 19
24 22
25 46
26 24
27 1
28 8
29 26
30 38
31 16
32 6
33 11
34 39
35 35
36 37
37 41
38 33
39 44
40 9
41 47
42 23
43 34
44 2
45 27
46 21
47 30
SIMILAR

11 10 26 23 18 43 29 21 9 1 36 0 39 2 17 3 25 16 27 34 28 15 12 32 42 33 6 13 35 45 30 20 8 4 19 5 46 41 7 24 37 22 14 38 44 31 40 47 
0 11
1 9
2 13
3 15
4 33
5 35
6 26
7 38
8 32
9 8
10 1
11 0
12 22
13 27
14 42
15 21
16 17
17 14
18 4
19 34
20 31
21 7
22 41
23 3
24 39
25 16
26 2
27 18
28 20
29 6
30 30
31 45
32 23
33 25
34 19
35 28
36 10
37 40
38 43
39 12
40 46
41 37
42 24
43 5
44 44
45 29
46 36
47 47
SIMILAR

36 22 31 46 23 12 11 39 30 44 18 21 0 26 40 25 32 41 9 7 28 19 37 3 10 4 1 33 15 24 6 2 29 16 8 17 20 38 13 43 14 27 35 45 47 42 34 5 
0 12
1 26
2 31
3 23
4 25
5 47
6 30
7 19
8 34
9 18
10 24
11 6
12 5
13 38
14 40
15 28
16 33
17 35
18 10
19 21
20 36
21 11
22 1
23 4
24 29
25 15
26 13
27 41
28 20
29 32
30 8
31 2
32 16
33 27
34 46
35 42
36 0
37 22
38 37
39 7
40 14
41 17
42 45
43 39
44 9
45 43
46 3
47 44
SIMILAR

28 14 45 38 21 17 1 35 0 39 22 25 41 3 24 10 4 18 5 11 9 13 36 23 37 31 33 26 15 44 43 40 8 30 12 20 27 2 32 19 16 34 42 7 6 47 46 29 
0 8
1 6
2 37
3 13
4 16
5 18
6 44
7 43
8 32
9 20
10 15
11 19
12 34
13 21
14 1
15 28
16 40
17 5
18 17
19 39
20 35
21 4
22 10
23 23
24 14
25 11
26 27
27 36
28 0
29 47
30 33
31 25
32 38
33 26
34 41
35 7
36 22
37 24
38 3
39 9
40 31
41 12
42 42
43 30
44 29
45 2
46 46
47 45
SIMILAR

14 37 20 6 31 23 19 2 24 47 8 43 0 38 7 22 26 32 21 3 13 35 18 16 33 30 36 34 39 29 15 10 46 12 45 17 25 4 44 42 5 11 9 41 1 40 27 28 
0 12
1 44
2 7
3 19
4 37
5 40
6 3
7 14
8 10
9 42
10 31
11 41
12 33
13 20
14 0
15 30
16 23
17 35
18 22
19 6
20 2
21 18
22 15
23 5
24 8
25 36
26 16
27 46
28 47
29 29
30 25
31 4
32 17
33 24
34 27
35 21
36 26
37 1
38 13
39 28
40 45
41 43
42 39
43 11
44 38
45 34
46 32
47 9
SIMILAR

42 47 29 36 41 22 14 34 7 20 30 26 31 10 37 18 6 8 27 21 5 16 35 0 40 39 44 45 13 33 19 24 2 1 46 28 25 43 38 12 17 11 9 4 3 23 15 32 
0 23
1 33
2 32
3 44
4 43
5 20
6 16
7 8
8 17
9 42
10 13
11 41
12 39
13 28
14 6
15 46
16 21
17 40
18 15
19 30
20 9
21 19
22 5
23 45
24 31
25 36
26 11
27 18
28 35
29 2
30 10
31 12
32 47
33 29
34 7
35 22
36 3
37 14
38 38
39 25
40 24
41 4
42 0
43 37
44 26
45 27
46 34
47 1
SIMILAR

47 21 24 34 4 45 3 33 28 22 29 6 43 26 14 30 10 46 39 41 44 1 40 15 5 25 37 9 35 27 17 20 19 0 13 18 32 23 12 31 38 11 8 42 16 2 7 36 
0 33
1 21
2 45
3 6
4 4
5 24
6 11
7 46
8 42
9 27
10 16
11 41
12 38
13 34
14 14
15 23
16 44
17 30
18 35
19 32
20 31
21 1
22 9
23 37
24 2
25 25
26 13
27 29
28 8
29 10
30 15
31 39
32 36
33 7
34 3
35 28
36 47
37 26
38 40
39 18
40 22
41 19
42 43
43 12
44 20
45 5
46 17
47 0
SIMILAR

39 17 35 12 32 5 16 28 13 37 10 27 29 40 18 25 1 42 46 45 44 24 0 15 41 3 7 43 34 47 9 38 14 2 30 4 19 22 6 20 21 36 33 31 26 23 8 11 
0 22
1 16
2 33
3 25
4 35
5 5
6 38
7 26
8 46
9 30
10 10
11 47
12 3
13 8
14 32
15 23
16 6
17 1
18 14
19 36
20 39
21 40
22 37
23 45
24 21
25 15
26 44
27 11
28 7
29 12
30 34
31 43
32 4
33 42
34 28
35 2
36 41
37 9
38 31
39 0
40 13
41 24
42 17
43 27
44 20
45 19
46 18
47 29
SIMILAR

3 5 37 10 24 33 1 22 8 41 29 4 13 2 40 6 19 30 39 35 18 16 25 14 7 0 9 34 20 12 17 36 26 21 44 45 23 43 28 11 27 32 47 38 46 15 42 31 
0 25
1 6
2 13
3 0
4 11
5 1
6 15
7 24
8 8
9 26
10 3
11 39
12 29
13 12
14 23
15 45
16 21
17 30
18 20
19 16
20 28
21 33
22 7
23 36
24 4
25 22
26 32
27 40
28 38
29 10
30 17
31 47
32 41
33 5
34 27
35 19
36 31
37 2
38 43
39 18
40 14
41 9
42 46
43 37
44 34
45 35
46 44
47 42
SIMILAR

44 45 42 0 7 27 21 26 12 47 29 6 25 43 31 33 8 24 46 13 36 2 18 9 32 16 3 11 20 37 19 1 17 4 39 14 15 23 5 34 35 28 38 41 30 40 10 22 
0 3
1 31
2 21
3 26
4 33
5 38
6 11
7 4
8 16
9 23
10 46
11 27
12 8
13 19
14 35
15 36
16 25
17 32
18 22
19 30
20 28
21 6
22 47
23 37
24 17
25 12
26 7
27 5
28 41
29 10
30 44
31 14
32 24
33 15
34 39
35 40
36 20
37 29
38 42
39 34
40 45
41 43
42 2
43 13
44 0
45 1
46 18
47 9
SIMILAR

3 5 45 14 42 8 9 28 32 39 43 18 25 47 31 7 15 35 30 29 36 24 1 2 37 44 46 6 22 16 26 11 4 38 17 41 13 19 27 34 23 33 10 40 21 12 0 20 
0 46
1 22
2 23
3 0
4 32
5 1
6 27
7 15
8 5
9 6
10 42
11 31
12 45
13 36
14 3
15 16
16 29
17 34
18 11
19 37
20 47
21 44
22 28
23 40
24 21
25 12
26 30
27 38
28 7
29 19
30 18
31 14
32 8
33 41
34 39
35 17
36 20
37 24
38 33
39 9
40 43
41 35
42 4
43 10
44 25
45 2
46 26
47 13
SIMILAR

11 12 42 15 19 22 39 47 45 13 35 16 18 34 29 46 14 2 30 1 10 37 32 7 5 6 36 33 8 38 31 3 43 4 25 24 26 40 44 27 41 20 17 23 0 9 28 21 
0 44
1 19
2 17
3 31
4 33
5 24
6 25
7 23
8 28
9 45
10 20
11 0
12 1
13 9
14 16
15 3
16 11
17 42
18 12
19 4
20 41
21 47
22 5
23 43
24 35
25 34
26 36
27 39
28 46
29 14
30 18
31 30
32 22
33 27
34 13
35 10
36 26
37 21
38 29
39 6
40 37
41 40
42 2
43 32
44 38
45 8
46 15
47 7
SIMILAR

37 2 12 16 44 27 39 35 45 26 34 33 47 24 21 38 43 46 40 7 41 19 5 8 6 14 23 20 10 9 22 4 30 11 15 18 29 31 42 28 3 17 25 0 36 32 13 1 
0 43
1 47
2 1
3 40
4 31
5 22
6 24
7 19
8 23
9 29
10 28
11 33
12 2
13 46
14 25
15 34
16 3
17 41
18 35
19 21
20 27
21 14
22 30
23 26
24 13
25 42
26 9
27 5
28 39
29 36
30 32
31 37
32 45
33 11
34 10
35 7
36 44
37 0
38 15
39 6
40 18
41 20
42 38
43 16
44 4
45 8
46 17
47 12
SIMILAR

32 13 29 1 37 30 47 35 18 26 42 17 21 14 44 23 39 38 20 31 40 5 45 24 46 34 19 43 15 22 3 12 9 6 28 7 33 25 27 4 36 2 16 11 0 8 41 10 
0 44
1 3
2 41
3 30
4 39
5 21
6 33
7 35
8 45
9 32
10 47
11 43
12 31
13 1
14 13
15 28
16 42
17 11
18 8
19 26
20 18
21 12
22 29
23 15
24 23
25 37
26 9
27 38
28 34
29 2
30 5
31 19
32 0
33 36
34 25
35 7
36 40
37 4
38 17
39 16
40 20
41 46
42 10
43 27
44 14
45 22
46 24
47 6
SIMILAR

17 16 40 20 18 35 27 46 29 3 8 14 24 26 12 6 13 45 2 47 11 42 0 19 41 4 5 7 31 37 22 9 21 30 32 39 15 28 23 36 25 10 38 1 43 44 33 34 
0 22
1 43
2 18
3 9
4 25
5 26
6 15
7 27
8 10
9 31
10 41
11 20
12 14
13 16
14 11
15 36
16 1
17 0
18 4
19 23
20 3
21 32
22 30
23 38
24 12
25 40
26 13
27 6
28 37
29 8
30 33
31 28
32 34
33 46
34 47
35 5
36 39
37 29
38 42
39 35
40 2
41 24
42 21
43 44
44 45
45 17
46 7
47 19
SIMILAR

22 27 37 1 41 36 7 5 31 34 17 44 24 10 20 46 16 0 25 4 3 30 23 2 29 6 43 32 15 21 12 9 38 19 14 13 40 39 26 28 47 33 11 35 45 42 8 18 
0 17
1 3
2 23
3 20
4 19
5 7
6 25
7 6
8 46
9 31
10 13
11 42
12 30
13 35
14 34
15 28
16 16
17 10
18 47
19 33
20 14
21 29
22 0
23 22
24 12
25 18
26 38
27 1
28 39
29 24
30 21
31 8
32 27
33 41
34 9
35 43
36 5
37 2
38 32
39 37
40 36
41 4
42 45
43 26
44 11
45 44
46 15
47 40
SIMILAR

38 23 8 41 26 34 36 3 42 32 35 14 17 43 27 29 45 0 9 31 25 10 15 30 39 18 19 5 33 37 13 16 24 4 44 11 2 12 47 7 46 40 20 6 21 22 1 28 
0 17
1 46
2 36
3 7
4 33
5 27
6 43
7 39
8 2
9 18
10 21
11 35
12 37
13 30
14 11
15 22
16 31
17 12
18 25
19 26
20 42
21 44
22 45
23 1
24 32
25 20
26 4
27 14
28 47
29 15
30 23
31 19
32 9
33 28
34 5
35 10
36 6
37 29
38 0
39 24
40 41
41 3
42 8
43 13
44 34
45 16
46 40
47 38
SIMILAR

41 38 34 2 17 11 25 13 44 19 21 46 0 47 31 22 12 42 43 30 15 1 6 28 24 27 29 9 23 4 32 3 26 39 14 45 7 18 8 33 16 35 40 5 10 36 37 20 
0 12
1 21
2 3
3 31
4 29
5 43
6 22
7 36
8 38
9 27
10 44
11 5
12 16
13 7
14 34
15 20
16 40
17 4
18 37
19 9
20 47
21 10
22 15
23 28
24 24
25 6
26 32
27 25
28 23
29 26
30 19
31 14
32 30
33 39
34 2
35 41
36 45
37 46
38 1
39 33
40 42
41 0
42 17
43 18
44 8
45 35
46 11
47 13
SIMILAR

31 39 38 2 36 21 8 22 15 46 7 34 44 40 10 4 3 25 0 43 47 41 5 19 16 1 11 17 30 13 37 12 6 33 9 28 45 23 26 18 24 29 42 35 20 32 14 27 
0 18
1 25
2 3
3 16
4 15
5 22
6 32
7 10
8 6
9 34
10 14
11 26
12 31
13 29
14 46
15 8
16 24
17 27
18 39
19 23
20 44
21 5
22 7
23 37
24 40
25 17
26 38
27 47
28 35
29 41
30 28
31 0
32 45
33 33
34 11
35 43
36 4
37 30
38 2
39 1
40 13
41 21
42 42
43 19
44 12
45 36
46 9
47 20
SIMILAR

10 27 0 22 25 24 14 11 33 31 40 20 46 28 18 36 23 2 29 47 39 12 38 34 35 37 26 32 42 9 15 13 17 5 8 30 4 7 43 21 6 44 19 3 16 1 45 41 
0 2
1 45
2 17
3 43
4 36
5 33
6 40
7 37
8 34
9 29
10 0
11 7
12 21
13 31
14 6
15 30
16 44
17 32
18 14
19 42
20 11
21 39
22 3
23 16
24 5
25 4
26 26
27 1
28 13
29 18
30 35
31 9
32 27
33 8
34 23
35 24
36 15
37 25
38 22
39 20
40 10
41 47
42 28
43 38
44 41
45 46
46 12
47 19
SIMILAR

42 44 16 6 9 38 45 8 17 19 14 28 41 26 39 15 37 12 33 29 7 40 10 30 46 47 23 43 32 24 13 31 21 22 11 1 35 25 4 2 36 0 27 34 20 18 3 5 
0 41
1 35
2 39
3 46
4 38
5 47
6 3
7 20
8 7
9 4
10 22
11 34
12 17
13 30
14 10
15 15
16 2
17 8
18 45
19 9
20 44
21 32
22 33
23 26
24 29
25 37
26 13
27 42
28 11
29 19
30 23
31 31
32 28
33 18
34 43
35 36
36 40
37 16
38 5
39 14
40 21
41 12
42 0
43 27
44 1
45 6
46 24
47 25
SIMILAR

7 12 11 43 42 46 0 29 47 40 6 21 34 14 9 33 30 35 28 45 24 19 3 39 22 23 13 17 4 25 18 44 20 16 31 8 1 36 38 10 37 26 32 2 15 27 41 5 
0 6
1 36
2 43
3 22
4 28
5 47
6 10
7 0
8 35
9 14
10 39
11 2
12 1
13 26
14 13
15 44
16 33
17 27
18 30
19 21
20 32
21 11
22 24
23 25
24 20
25 29
26 41
27 45
28 18
29 7
30 16
31 34
32 42
33 15
34 12
35 17
36 37
37 40
38 38
39 23
40 9
41 46
42 4
43 3
44 31
45 19
46 5
47 8
SIMILAR

41 1 21 36 15 42 13 0 31 12 7 14 16 17 18 39 8 20 22 2 27 38 23 5 10 19 4 35 6 29 3 28 32 34 30 44 11 33 26 47 9 24 46 37 45 25 43 40 
0 7
1 1
2 19
3 30
4 26
5 23
6 28
7 10
8 16
9 40
10 24
11 36
12 9
13 6
14 11
15 4
16 12
17 13
18 14
19 25
20 17
21 2
22 18
23 22
24 41
25 45
26 38
27 20
28 31
29 29
30 34
31 8
32 32
33 37
34 33
35 27
36 3
37 43
38 21
39 15
40 47
41 0
42 5
43 46
44 35
45 44
46 42
47 39
SIMILAR

13 25 3 4 39 34 19 5 17 8 23 44 7 9 40 45 29 18 35 37 20 16 11 26 6 33 14 24 2 38 46 41 42 43 0 47 12 22 32 27 36 10 1 30 28 31 15 21 
0 34
1 42
2 28
3 2
4 3
5 7
6 24
7 12
8 9
9 13
10 41
11 22
12 36
13 0
14 26
15 46
16 21
17 8
18 17
19 6
20 20
21 47
22 37
23 10
24 27
25 1
26 23
27 39
28 44
29 16
30 43
31 45
32 38
33 25
34 5
35 18
36 40
37 19
38 29
39 4
40 14
41 31
42 32
43 33
44 11
45 15
46 30
47 35
SIMILAR

25 38 11 6 42 40 19 14 41 29 10 22 13 39 16 27 15 32 37 2 7 24 30 17 1 43 36 3 45 47 46 9 23 44 8 18 35 31 5 26 28 34 21 4 20 33 12 0 
0 47
1 24
2 19
3 27
4 43
5 38
6 3
7 20
8 34
9 31
10 10
11 2
12 46
13 12
14 7
15 16
16 14
17 23
18 35
19 6
20 44
21 42
22 11
23 32
24 21
25 0
26 39
27 15
28 40
29 9
30 22
31 37
32 17
33 45
34 41
35 36
36 26
37 18
38 1
39 13
40 5
41 8
42 4
43 25
44 33
45 28
46 30
47 29
SIMILAR

22 24 36 35 46 8 40 39 12 28 32 6 20 47 1 13 43 23 10 26 33 11 14 18 27 25 9 30 3 41 17 21 5 29 38 37 2 19 34 44 7 45 0 16 42 15 31 4 
0 42
1 14
2 36
3 28
4 47
5 32
6 11
7 40
8 5
9 26
10 18
11 21
12 8
13 15
14 22
15 45
16 43
17 30
18 23
19 37
20 12
21 31
22 0
23 17
24 1
25 25
26 19
27 24
28 9
29 33
30 27
31 46
32 10
33 20
34 38
35 3
36 2
37 35
38 34
39 7
40 6
41 29
42 44
43 16
44 39
45 41
46 4
47 13
SIMILAR

12 46 27 19 2 5 30 34 6 11 14 21 25 22 40 4 42 31 43 26 47 3 23 44 1 8 0 28 20 18 24 36 17 39 37 7 35 41 10 38 13 15 29 9 45 33 32 16 
0 26
1 24
2 4
3 21
4 15
5 5
6 8
7 35
8 25
9 43
10 38
11 9
12 0
13 40
14 10
15 41
16 47
17 32
18 29
19 3
20 28
21 11
22 13
23 22
24 30
25 12
26 19
27 2
28 27
29 42
30 6
31 17
32 46
33 45
34 7
35 36
36 31
37 34
38 39
39 33
40 14
41 37
42 16
43 18
44 23
45 44
46 1
47 20
SIMILAR

10 43 17 0 29 23 8 38 36 47 25 13 9 7 28 37 45 33 31 4 40 24 2 26 30 21 27 16 6 5 1 14 15 34 3 42 19 32 22 39 11 35 12 20 46 18 41 44 
0 3
1 30
2 22
3 34
4 19
5 29
6 28
7 13
8 6
9 12
10 0
11 40
12 42
13 11
14 31
15 32
16 27
17 2
18 45
19 36
20 43
21 25
22 38
23 5
24 21
25 10
26 23
27 26
28 14
29 4
30 24
31 18
32 37
33 17
34 33
35 41
36 8
37 15
38 7
39 39
40 20
41 46
42 35
43 1
44 47
45 16
46 44
47 9
SIMILAR

31 7 35 29 12 19 13 16 23 3 1 37 24 17 8 45 43 11 32 27 42 26 15 36 28 41 10 18 14 0 34 22 20 9 44 5 33 4 30 40 2 47 39 6 21 25 46 38 
0 29
1 10
2 40
3 9
4 37
5 35
6 43
7 1
8 14
9 33
10 26
11 17
12 4
13 6
14 28
15 22
16 7
17 13
18 27
19 5
20 32
21 44
22 31
23 8
24 12
25 45
26 21
27 19
28 24
29 3
30 38
31 0
32 18
33 36
34 30
35 2
36 23
37 11
38 47
39 42
40 39
41 25
42 20
43 16
44 34
45 15
46 46
47 41
SIMILAR

25 43 9 31 41 10 11 0 13 16 38 37 8 46 20 14 23 5 1 47 17 7 34 6 44 45 4 21 26 24 18 32 42 3 33 39 29 36 27 15 22 35 2 19 28 12 40 30 
0 7
1 18
2 42
3 33
4 26
5 17
6 23
7 21
8 12
9 2
10 5
11 6
12 45
13 8
14 15
15 39
16 9
17 20
18 30
19 43
20 14
21 27
22 40
23 16
24 29
25 0
26 28
27 38
28 44
29 36
30 47
31 3
32 31
33 34
34 22
35 41
36 37
37 11
38 10
39 35
40 46
41 4
42 32
43 1
44 24
45 25
46 13
47 19
SIMILAR

32 31 36 16 17 27 15 3 24 35 21 11 43 39 8 40 23 6 13 33 12 4 42 46 44 47 30 19 26 7 28 10 1 0 22 34 14 2 29 37 45 20 38 9 5 25 41 18 
0 33
1 32
2 37
3 7
4 21
5 44
6 17
7 29
8 14
9 43
10 31
11 11
12 20
13 18
14 36
15 6
16 3
17 4
18 47
19 27
20 41
21 10
22 34
23 16
24 8
25 45
26 28
27 5
28 30
29 38
30 26
31 1
32 0
33 19
34 35
35 9
36 2
37 39
38 42
39 13
40 15
41 46
42 22
43 12
44 24
45 40
46 23
47 25
SIMILAR

5 28 31 36 11 26 30 15 7 10 6 37 12 42 21 9 38 3 44 32 41 47 13 16 43 17 24 1 25 33 18 35 46 8 23 0 14 22 20 29 19 27 40 4 45 34 39 2 
0 35
1 27
2 47
3 17
4 43
5 0
6 10
7 8
8 33
9 15
10 9
11 4
12 12
13 22
14 36
15 7
16 23
17 25
18 30
19 40
20 38
21 14
22 37
23 34
24 26
25 28
26 5
27 41
28 1
29 39
30 6
31 2
32 19
33 29
34 45
35 31
36 3
37 11
38 16
39 46
40 42
41 20
42 13
43 24
44 18
45 44
46 32
47 21
SIMILAR

2 10 6 15 7 1 19 34 41 28 38 25 30 43 47 23 11 9 27 42 24 39 3 40 16 33 37 26 14 4 21 29 0 20 44 35 8 45 12 13 5 22 17 18 32 36 46 31 
0 32
1 5
2 0
3 22
4 29
5 40
6 2
7 4
8 36
9 17
10 1
11 16
12 38
13 39
14 28
15 3
16 24
17 42
18 43
19 6
20 33
21 30
22 41
23 15
24 20
25 11
26 27
27 18
28 9
29 31
30 12
31 47
32 44
33 25
34 7
35 35
36 45
37 26
38 10
39 21
40 23
41 8
42 19
43 13
44 34
45 37
46 46
47 14
SIMILAR

25 15 35 20 13 22 30 14 28 29 6 31 36 4 27 11 32 44 40 16 5 7 33 0 42 21 39 18 24 2 38 23 45 34 12 46 37 41 19 1 17 10 8 3 26 47 43 9 
0 23
1 39
2 29
3 43
4 13
5 20
6 10
7 21
8 42
9 47
10 41
11 15
12 34
13 4
14 7
15 1
16 19
17 40
18 27
19 38
20 3
21 25
22 5
23 31
24 28
25 0
26 44
27 14
28 8
29 9
30 6
31 11
32 16
33 22
34 33
35 2
36 12
37 36
38 30
39 26
40 18
41 37
42 24
43 46
44 17
45 32
46 35
47 45
SIMILAR

11 17 22 46 30 24 38 0 8 32 25 39 1 44 45 20 12 29 7 26 13 21 33 35 31 18 19 2 47 3 36 14 43 37 34 4 9 41 16 6 40 15 23 28 10 42 5 27 
0 7
1 12
2 27
3 29
4 35
5 46
6 39
7 18
8 8
9 36
10 44
11 0
12 16
13 20
14 31
15 41
16 38
17 1
18 25
19 26
20 15
21 21
22 2
23 42
24 5
25 10
26 19
27 47
28 43
29 17
30 4
31 24
32 9
33 22
34 34
35 23
36 30
37 33
38 6
39 11
40 40
41 37
42 45
43 32
44 13
45 14
46 3
47 28
SIMILAR

35 39 47 36 4 40 15 46 21 25 43 38 7 16 32 17 22 29 9 42 24 44 8 20 26 27 6 41 2 5 1 18 3 14 33 30 31 19 28 13 10 0 11 12 34 37 23 45 
0 41
1 30
2 28
3 32
4 4
5 29
6 26
7 12
8 22
9 18
10 40
11 42
12 43
13 39
14 33
15 6
16 13
17 15
18 31
19 37
20 23
21 8
22 16
23 46
24 20
25 9
26 24
27 25
28 38
29 17
30 35
31 36
32 14
33 34
34 44
35 0
36 3
37 45
38 11
39 1
40 5
41 27
42 19
43 10
44 21
45 47
46 7
47 2
SIMILAR

21 38 0 16 35 28 10 3 19 20 15 8 33 11 5 18 43 12 30 34 44 32 36 9 26 37 14 7 4 31 41 13 25 40 45 22 42 27 29 39 46 23 24 6 1 47 2 17 
0 2
1 44
2 46
3 7
4 28
5 14
6 43
7 27
8 11
9 23
10 6
11 13
12 17
13 31
14 26
15 10
16 3
17 47
18 15
19 8
20 9
21 0
22 35
23 41
24 42
25 32
26 24
27 37
28 5
29 38
30 18
31 29
32 21
33 12
34 19
35 4
36 22
37 25
38 1
39 39
40 33
41 30
42 36
43 16
44 20
45 34
46 40
47 45
SIMILAR

27 11 2 23 28 38 7 9 31 22 20 8 44 40 0 14 16 17 18 19 41 45 12 30 25 4 24 21 47 15 10 46 29 35 6 1 43 39 5 33 36 13 3 34 42 32 26 37 
0 14
1 35
2 2
3 42
4 25
5 38
6 34
7 6
8 11
9 7
10 30
11 1
12 22
13 41
14 15
15 29
16 16
17 17
18 18
19 19
20 10
21 27
22 9
23 3
24 26
25 24
26 46
27 0
28 4
29 32
30 23
31 8
32 45
33 39
34 43
35 33
36 40
37 47
38 5
39 37
40 13
41 20
42 44
43 36
44 12
45 21
46 31
47 28
SIMILAR

28 24 4 0 1 8 12 15 10 27 42 36 45 38 13 5 39 19 9 25 47 32 43 35 40 18 29 16 41 30 20 11 44 3 31 14 23 37 26 7 46 33 2 17 22 21 34 6 
0 3
1 4
2 42
3 33
4 2
5 15
6 47
7 39
8 5
9 18
10 8
11 31
12 6
13 14
14 35
15 7
16 27
17 43
18 25
19 17
20 30
21 45
22 44
23 36
24 1
25 19
26 38
27 9
28 0
29 26
30 29
31 34
32 21
33 41
34 46
35 23
36 11
37 37
38 13
39 16
40 24
41 28
42 10
43 22
44 32
45 12
46 40
47 20
SIMILAR

39 14 6 26 4 46 16 25 33 1 45 9 18 20 0 37 23 21 24 12 41 22 3 32 19 5 42 38 44 28 2 36 40 31 15 11 34 47 43 8 35 13 27 30 17 7 10 29 
0 14
1 9
2 30
3 22
4 4
5 25
6 2
7 45
8 39
9 11
10 46
11 35
12 19
13 41
14 1
15 34
16 6
17 44
18 12
19 24
20 13
21 17
22 21
23 16
24 18
25 7
26 3
27 42
28 29
29 47
30 43
31 33
32 23
33 8
34 36
35 40
36 31
37 15
38 27
39 0
40 32
41 20
42 26
43 38
44 28
45 10
46 5
47 37
SIMILAR

4 6 33 32 1 5 36 29 40 19 35 26 45 15 39 30 43 31 21 12 44 13 24 2 34 20 18 3 42 28 22 16 37 27 8 38 41 7 14 10 46 17 0 25 47 23 9 11 
0 42
1 4
2 23
3 27
4 0
5 5
6 1
7 37
8 34
9 46
10 39
11 47
12 19
13 21
14 38
15 13
16 31
17 41
18 26
19 9
20 25
21 18
22 30
23 45
24 22
25 43
26 11
27 33
28 29
29 7
30 15
31 17
32 3
33 2
34 24
35 10
36 6
37 32
38 35
39 14
40 8
41 36
42 28
43 16
44 20
45 12
46 40
47 44
SIMILAR

24 40 36 23 30 25 42 37 11 12 13 0 3 15 5 2 1 46 43 14 32 10 28 4 17 16 35 19 18 9 45 7 21 41 20 38 33 39 34 27 8 29 47 44 31 22 6 26 
0 11
1 16
2 15
3 12
4 23
5 14
6 46
7 31
8 40
9 29
10 21
11 8
12 9
13 10
14 19
15 13
16 25
17 24
18 28
19 27
20 34
21 32
22 45
23 3
24 0
25 5
26 47
27 39
28 22
29 41
30 4
31 44
32 20
33 36
34 38
35 26
36 2
37 7
38 35
39 37
40 1
41 33
42 6
43 18
44 43
45 30
46 17
47 42
SIMILAR

46 16 8 14 27 36 37 40 41 47 24 18 7 42 0 28 25 26 5 44 39 33 11 3 32 15 23 43 9 30 35 12 4 21 34 13 1 22 45 17 31 38 10 6 20 19 2 29 
0 14
1 36
2 46
3 23
4 32
5 18
6 43
7 12
8 2
9 28
10 42
11 22
12 31
13 35
14 3
15 25
16 1
17 39
18 11
19 45
20 44
21 33
22 37
23 26
24 10
25 16
26 17
27 4
28 15
29 47
30 29
31 40
32 24
33 21
34 34
35 30
36 5
37 6
38 41
39 20
40 7
41 8
42 13
43 27
44 19
45 38
46 0
47 9
SIMILAR

12 19 25 28 3 16 37 2 17 41 1 47 31 36 13 27 32 46 38 8 29 23 5 24 39 20 0 35 26 34 9 6 7 18 43 40 15 30 11 21 45 10 22 14 4 42 33 44 
0 26
1 10
2 7
3 4
4 44
5 22
6 31
7 32
8 19
9 30
10 41
11 38
12 0
13 14
14 43
15 36
16 5
17 8
18 33
19 1
20 25
21 39
22 42
23 21
24 23
25 2
26 28
27 15
28 3
29 20
30 37
31 12
32 16
33 46
34 29
35 27
36 13
37 6
38 18
39 24
40 35
41 9
42 45
43 34
44 47
45 40
46 17
47 11
SIMILAR

12 34 41 15 28 6 1 25 16 31 46 36 33 47 10 37 18 9 7 30 39 29 3 19 11 22 13 17 35 24 21 2 0 8 45 32 23 44 42 20 26 27 4 14 43 5 38 40 
0 32
1 6
2 31
3 22
4 42
5 45
6 5
7 18
8 33
9 17
10 14
11 24
12 0
13 26
14 43
15 3
16 8
17 27
18 16
19 23
20 39
21 30
22 25
23 36
24 29
25 7
26 40
27 41
28 4
29 21
30 19
31 9
32 35
33 12
34 1
35 28
36 11
37 15
38 46
39 20
40 47
41 2
42 38
43 44
44 37
45 34
46 10
47 13
SIMILAR

33 42 12 1 8 31 28 36 2 0 21 7 27 38 37 45 18 26 19 5 25 23 16 41 34 39 14 3 11 15 30 35 40 47 6 29 46 9 4 20 24 22 17 10 43 44 13 32 
0 9
1 3
2 8
3 27
4 38
5 19
6 34
7 11
8 4
9 37
10 43
11 28
12 2
13 46
14 26
15 29
16 22
17 42
18 16
19 18
20 39
21 10
22 41
23 21
24 40
25 20
26 17
27 12
28 6
29 35
30 30
31 5
32 47
33 0
34 24
35 31
36 7
37 14
38 13
39 25
40 32
41 23
42 1
43 44
44 45
45 15
46 36
47 33
SIMILAR

3 31 17 18 7 34 33 41 32 14 42 15 46 10 39 20 40 29 0 36 30 9 35 28 26 23 2 25 27 13 19 4 47 16 22 5 24 44 37 12 43 8 38 1 11 45 21 6 
0 18
1 43
2 26
3 0
4 31
5 35
6 47
7 4
8 41
9 21
10 13
11 44
12 39
13 29
14 9
15 11
16 33
17 2
18 3
19 30
20 15
21 46
22 34
23 25
24 36
25 27
26 24
27 28
28 23
29 17
30 20
31 1
32 8
33 6
34 5
35 22
36 19
37 38
38 42
39 14
40 16
41 7
42 10
43 40
44 37
45 45
46 12
47 32
SIMILAR

37 47 8 10 17 33 2 40 45 35 26 23 42 27 14 38 30 36 3 22 29 16 15 21 12 18 13 1 6 7 9 39 43 24 41 46 25 28 5 32 11 19 20 4 34 31 44 0 
0 47
1 27
2 6
3 18
4 43
5 38
6 28
7 29
8 2
9 30
10 3
11 40
12 24
13 26
14 14
15 22
16 21
17 4
18 25
19 41
20 42
21 23
22 19
23 11
24 33
25 36
26 10
27 13
28 37
29 20
30 16
31 45
32 39
33 5
34 44
35 9
36 17
37 0
38 15
39 31
40 7
41 34
42 12
43 32
44 46
45 8
46 35
47 1
SIMILAR

14 33 47 12 15 6 16 43 4 44 36 3 7 41 30 10 29 22 39 23 19 21 26 27 40 42 0 13 18 17 34 35 24 1 46 31 20 5 32 9 2 45 28 8 38 25 11 37 
0 26
1 33
2 40
3 11
4 8
5 37
6 5
7 12
8 43
9 39
10 15
11 46
12 3
13 27
14 0
15 4
16 6
17 29
18 28
19 20
20 36
21 21
22 17
23 19
24 32
25 45
26 22
27 23
28 42
29 16
30 14
31 35
32 38
33 1
34 30
35 31
36 10
37 47
38 44
39 18
40 24
41 13
42 25
43 7
44 9
45 41
46 34
47 2
SIMILAR

24 12 26 23 22 30 38 1 41 11 39 7 35 45 9 36 20 6 28 46 47 40 3 15 27 44 0 29 18 16 32 25 17 43 14 33 10 42 8 2 21 13 19 31 5 4 37 34 
0 26
1 7
2 39
3 22
4 45
5 44
6 17
7 11
8 38
9 14
10 36
11 9
12 1
13 41
14 34
15 23
16 29
17 32
18 28
19 42
20 16
21 40
22 4
23 3
24 0
25 31
26 2
27 24
28 18
29 27
30 5
31 43
32 30
33 35
34 47
35 12
36 15
37 46
38 6
39 10
40 21
41 8
42 37
43 33
44 25
45 13
46 19
47 20
SIMILAR

1 0 13 25 40 27 10 3 35 12 21 18 22 28 45 17 26 6 20 5 37 8 7 46 30 47 33 31 39 24 41 9 42 38 44 29 19 43 2 16 11 23 34 14 4 32 36 15 
0 1
1 0
2 38
3 7
4 44
5 19
6 17
7 22
8 21
9 31
10 6
11 40
12 9
13 2
14 43
15 47
16 39
17 15
18 11
19 36
20 18
21 10
22 12
23 41
24 29
25 3
26 16
27 5
28 13
29 35
30 24
31 27
32 45
33 26
34 42
35 8
36 46
37 20
38 33
39 28
40 4
41 30
42 32
43 37
44 34
45 14
46 23
47 25
SIMILAR

11 6 4 36 24 45 15 27 20 30 2 44 41 42 13 17 21 43 0 22 28 18 26 23 33 32 9 37 39 8 10 25 34 16 31 19 40 46 35 1 38 29 12 14 7 5 47 3 
0 18
1 39
2 10
3 47
4 2
5 45
6 1
7 44
8 29
9 26
10 30
11 0
12 42
13 14
14 43
15 6
16 33
17 15
18 21
19 35
20 8
21 16
22 19
23 23
24 4
25 31
26 22
27 7
28 20
29 41
30 9
31 34
32 25
33 24
34 32
35 38
36 3
37 27
38 40
39 28
40 36
41 12
42 13
43 17
44 11
45 5
46 37
47 46
SIMILAR

32 34 5 7 15 2 4 24 1 38 18 42 35 6 47 8 0 30 33 21 13 19 46 36 20 11 17 37 39 14 10 45 27 3 9 29 22 25 31 28 12 41 43 26 40 23 44 16 
0 16
1 8
2 5
3 33
4 6
5 2
6 13
7 3
8 15
9 34
10 30
11 25
12 40
13 20
14 29
15 4
16 47
17 26
18 10
19 21
20 24
21 19
22 36
23 45
24 7
25 37
26 43
27 32
28 39
29 35
30 17
31 38
32 0
33 18
34 1
35 12
36 23
37 27
38 9
39 28
40 44
41 41
42 11
43 42
44 46
45 31
46 22
47 14
SIMILAR

27 22 44 40 12 2 7 25 37 38 17 8 36 33 0 29 46 11 16 1 5 6 41 32 35 9 47 42 10 14 31 18 45 43 24 28 13 30 20 15 21 3 23 19 39 34 4 26 
0 14
1 19
2 5
3 41
4 46
5 20
6 21
7 6
8 11
9 25
10 28
11 17
12 4
13 36
14 29
15 39
16 18
17 10
18 31
19 43
20 38
21 40
22 1
23 42
24 34
25 7
26 47
27 0
28 35
29 15
30 37
31 30
32 23
33 13
34 45
35 24
36 12
37 8
38 9
39 44
40 3
41 22
42 27
43 33
44 2
45 32
46 16
47 26
SIMILAR

42 5 0 14 33 15 9 21 37 40 17 47 18 32 38 43 7 23 28 25 20 44 29 30 24 26 11 6 41 35 22 45 1 8 19 10 27 36 2 13 3 4 46 16 34 31 12 39 
0 2
1 32
2 38
3 40
4 41
5 1
6 27
7 16
8 33
9 6
10 35
11 26
12 46
13 39
14 3
15 5
16 43
17 10
18 12
19 34
20 20
21 7
22 30
23 17
24 24
25 19
26 25
27 36
28 18
29 22
30 23
31 45
32 13
33 4
34 44
35 29
36 37
37 8
38 14
39 47
40 9
41 28
42 0
43 15
44 21
45 31
46 42
47 11
SIMILAR

44 32 46 21 17 14 15 24 28 9 2 35 41 3 31 13 34 40 22 12 23 20 45 0 19 29 38 39 37 47 18 33 10 26 8 11 1 5 25 7 16 4 6 43 27 30 42 36 
0 23
1 36
2 10
3 13
4 41
5 37
6 42
7 39
8 34
9 9
10 32
11 35
12 19
13 15
14 5
15 6
16 40
17 4
18 30
19 24
20 21
21 3
22 18
23 20
24 7
25 38
26 33
27 44
28 8
29 25
30 45
31 14
32 1
33 31
34 16
35 11
36 47
37 28
38 26
39 27
40 17
41 12
42 46
43 43
44 0
45 22
46 2
47 29
SIMILAR

21 29 41 8 19 38 42 1 47 28 18 35 26 22 23 20 45 24 15 25 11 17 40 27 9 36 6 10 32 5 0 44 46 2 14 4 39 37 34 30 43 3 33 31 7 12 13 16 
0 30
1 7
2 33
3 41
4 35
5 29
6 26
7 44
8 3
9 24
10 27
11 20
12 45
13 46
14 34
15 18
16 47
17 21
18 10
19 4
20 15
21 0
22 13
23 14
24 17
25 19
26 12
27 23
28 9
29 1
30 39
31 43
32 28
33 42
34 38
35 11
36 25
37 37
38 5
39 36
40 22
41 2
42 6
43 40
44 31
45 16
46 32
47 8
SIMILAR

20 28 6 2 27 34 42 46 47 40 21 4 0 41 32 12 15 36 3 11 19 16 25 13 22 7 10 35 43 29 38 26 1 5 39 18 14 17 8 45 33 24 31 30 37 23 44 9 
0 12
1 32
2 3
3 18
4 11
5 33
6 2
7 25
8 38
9 47
10 26
11 19
12 15
13 23
14 36
15 16
16 21
17 37
18 35
19 20
20 0
21 10
22 24
23 45
24 41
25 22
26 31
27 4
28 1
29 29
30 43
31 42
32 14
33 40
34 5
35 27
36 17
37 44
38 30
39 34
40 9
41 13
42 6
43 28
44 46
45 39
46 7
47 8
SIMILAR

31 3 35 10 28 8 18 29 0 20 39 1 27 46 45 38 17 12 5 32 24 36 40 23 30 37 47 11 21 43 4 16 7 22 42 14 41 44 2 26 19 34 15 25 9 13 33 6 
0 8
1 11
2 38
3 1
4 30
5 18
6 47
7 32
8 5
9 44
10 3
11 27
12 17
13 45
14 35
15 42
16 31
17 16
18 6
19 40
20 9
21 28
22 33
23 23
24 20
25 43
26 39
27 12
28 4
29 7
30 24
31 0
32 19
33 46
34 41
35 2
36 21
37 25
38 15
39 10
40 22
41 36
42 34
43 29
44 37
45 14
46 13
47 26
SIMILAR

3 24 16 32 25 47 13 11 8 38 12 10 39 0 21 4 33 45 9 27 1 42 30 6 44 46 29 36 37 19 40 20 15 35 23 31 26 18 43 17 5 28 14 2 34 22 41 7 
0 13
1 20
2 43
3 0
4 15
5 40
6 23
7 47
8 8
9 18
10 11
11 7
12 10
13 6
14 42
15 32
16 2
17 39
18 37
19 29
20 31
21 14
22 45
23 34
24 1
25 4
26 36
27 19
28 41
29 26
30 22
31 35
32 3
33 16
34 44
35 33
36 27
37 28
38 9
39 12
40 30
41 46
42 21
43 38
44 24
45 17
46 25
47 5
SIMILAR

42 2 7 12 15 11 5 18 17 31 32 20 4 40 35 29 19 45 8 10 26 28 24 14 37 1 9 22 6 34 38 13 25 41 43 27 47 16 44 33 46 36 0 21 30 39 3 23 
0 42
1 25
2 1
3 46
4 12
5 6
6 28
7 2
8 18
9 26
10 19
11 5
12 3
13 31
14 23
15 4
16 37
17 8
18 7
19 16
20 11
21 43
22 27
23 47
24 22
25 32
26 20
27 35
28 21
29 15
30 44
31 9
32 10
33 39
34 29
35 14
36 41
37 24
38 30
39 45
40 13
41 33
42 0
43 34
44 38
45 17
46 40
47 36
SIMILAR

34 8 44 46 22 16 37 14 5 29 10 26 18 17 20 25 9 6 38 31 12 45 41 3 40 32 42 7 2 21 0 43 30 28 23 15 35 1 47 24 27 33 36 39 19 4 11 13 
0 30
1 37
2 28
3 23
4 45
5 8
6 17
7 27
8 1
9 16
10 10
11 46
12 20
13 47
14 7
15 35
16 5
17 13
18 12
19 44
20 14
21 29
22 4
23 34
24 39
25 15
26 11
27 40
28 33
29 9
30 32
31 19
32 25
33 41
34 0
35 36
36 42
37 6
38 18
39 43
40 24
41 22
42 26
43 31
44 2
45 21
46 3
47 38
SIMILAR

0 32 2 46 23 34 27 38 37 26 30 19 36 25 43 41 35 20 5 10 47 28 9 12 44 3 16 17 6 21 45 1 7 33 39 31 22 24 8 40 18 11 15 42 13 29 4 14 
0 0
1 31
2 2
3 25
4 46
5 18
6 28
7 32
8 38
9 22
10 19
11 41
12 23
13 44
14 47
15 42
16 26
17 27
18 40
19 11
20 17
21 29
22 36
23 4
24 37
25 13
26 9
27 6
28 21
29 45
30 10
31 35
32 1
33 33
34 5
35 16
36 12
37 8
38 7
39 34
40 39
41 15
42 43
43 14
44 24
45 30
46 3
47 20
SIMILAR

7 30 20 29 11 5 15 44 24 33 37 36 18 27 40 22 23 25 16 8 42 43 45 26 47 34 17 46 6 28 4 19 10 32 12 35 1 3 21 41 9 2 31 39 13 0 38 14 
0 45
1 36
2 41
3 37
4 30
5 5
6 28
7 0
8 19
9 40
10 32
11 4
12 34
13 44
14 47
15 6
16 18
17 26
18 12
19 31
20 2
21 38
22 15
23 16
24 8
25 17
26 23
27 13
28 29
29 3
30 1
31 42
32 33
33 9
34 25
35 35
36 11
37 10
38 46
39 43
40 14
41 39
42 20
43 21
44 7
45 22
46 27
47 24
SIMILAR

24 32 46 15 30 12 21 29 37 2 36 43 39 9 33 28 25 11 47 16 0 34 13 40 38 27 1 26 17 42 41 8 7 3 45 4 6 18 5 23 31 20 10 44 22 14 35 19 
0 20
1 26
2 9
3 33
4 35
5 38
6 36
7 32
8 31
9 13
10 42
11 17
12 5
13 22
14 45
15 3
16 19
17 28
18 37
19 47
20 41
21 6
22 44
23 39
24 0
25 16
26 27
27 25
28 15
29 7
30 4
31 40
32 1
33 14
34 21
35 46
36 10
37 8
38 24
39 12
40 23
41 30
42 29
43 11
44 43
45 34
46 2
47 18
SIMILAR

4 9 23 22 38 28 30 14 19 3 33 27 17 1 29 13 34 39 25 2 16 31 44 43 18 12 5 6 20 36 24 8 42 40 47 46 10 45 0 37 7 35 15 41 21 11 26 32 
0 38
1 13
2 19
3 9
4 0
5 26
6 27
7 40
8 31
9 1
10 36
11 45
12 25
13 15
14 7
15 42
16 20
17 12
18 24
19 8
20 28
21 44
22 3
23 2
24 30
25 18
26 46
27 11
28 5
29 14
30 6
31 21
32 47
33 10
34 16
35 41
36 29
37 39
38 4
39 17
40 33
41 43
42 32
43 23
44 22
45 37
46 35
47 34
SIMILAR

15 20 36 6 16 25 0 21 31 9 3 17 35 32 43 26 29 40 38 14 42 27 28 30 37 11 2 13 12 44 7 34 19 18 23 46 47 10 24 5 33 45 22 8 1 39 41 4 
0 6
1 44
2 26
3 10
4 47
5 39
6 3
7 30
8 43
9 9
10 37
11 25
12 28
13 27
14 19
15 0
16 4
17 11
18 33
19 32
20 1
21 7
22 42
23 34
24 38
25 5
26 15
27 21
28 22
29 16
30 23
31 8
32 13
33 40
34 31
35 12
36 2
37 24
38 18
39 45
40 17
41 46
42 20
43 14
44 29
45 41
46 35
47 36
SIMILAR

2 28 6 47 27 41 46 15 5 9 13 22 32 29 35 40 17 25 8 0 3 16 23 45 33 10 36 11 24 38 39 18 19 1 31 20 37 42 34 44 43 7 12 30 26 4 14 21 
0 19
1 33
2 0
3 20
4 45
5 8
6 2
7 41
8 18
9 9
10 25
11 27
12 42
13 10
14 46
15 7
16 21
17 16
18 31
19 32
20 35
21 47
22 11
23 22
24 28
25 17
26 44
27 4
28 1
29 13
30 43
31 34
32 12
33 24
34 38
35 14
36 26
37 36
38 29
39 30
40 15
41 5
42 37
43 40
44 39
45 23
46 6
47 3
SIMILAR

17 35 24 8 23 43 34 19 18 32 0 10 5 42 13 16 7 46 22 25 3 39 47 15 28 37 44 1 12 14 11 9 6 40 38 26 21 20 27 29 31 36 41 45 4 33 2 30 
0 10
1 27
2 46
3 20
4 44
5 12
6 32
7 16
8 3
9 31
10 11
11 30
12 28
13 14
14 29
15 23
16 15
17 0
18 8
19 7
20 37
21 36
22 18
23 4
24 2
25 19
26 35
27 38
28 24
29 39
30 47
31 40
32 9
33 45
34 6
35 1
36 41
37 25
38 34
39 21
40 33
41 42
42 13
43 5
44 26
45 43
46 17
47 22
SIMILAR

12 32 0 40 1 15 24 17 33 13 42 36 2 19 9 27 23 18 41 29 21 25 8 46 47 34 28 45 4 20 37 11 10 44 16 39 22 30 5 43 14 31 26 6 35 3 7 38 
0 2
1 4
2 12
3 45
4 28
5 38
6 43
7 46
8 22
9 14
10 32
11 31
12 0
13 9
14 40
15 5
16 34
17 7
18 17
19 13
20 29
21 20
22 36
23 16
24 6
25 21
26 42
27 15
28 26
29 19
30 37
31 41
32 1
33 8
34 25
35 44
36 11
37 30
38 47
39 35
40 3
41 18
42 10
43 39
44 33
45 27
46 23
47 24
SIMILAR

20 6 5 45 4 43 1 12 40 35 14 27 8 24 7 30 19 11 31 29 2 22 10 47 15 18 34 21 9 25 37 36 41 42 26 0 16 3 46 23 32 28 13 38 39 44 17 33 
0 35
1 6
2 20
3 37
4 4
5 2
6 1
7 14
8 12
9 28
10 22
11 17
12 7
13 42
14 10
15 24
16 36
17 46
18 25
19 16
20 0
21 27
22 21
23 39
24 13
25 29
26 34
27 11
28 41
29 19
30 15
31 18
32 40
33 47
34 26
35 9
36 31
37 30
38 43
39 44
40 8
41 32
42 33
43 5
44 45
45 3
46 38
47 23
SIMILAR

23 6 25 9 8 7 13 47 22 27 36 44 0 37 32 21 11 38 12 45 19 26 16 17 24 2 1 31 15 4 3 30 28 18 5 43 10 39 41 46 20 40 14 33 35 29 34 42 
0 12
1 26
2 25
3 30
4 29
5 34
6 1
7 5
8 4
9 3
10 36
11 16
12 18
13 6
14 42
15 28
16 22
17 23
18 33
19 20
20 40
21 15
22 8
23 0
24 24
25 2
26 21
27 9
28 32
29 45
30 31
31 27
32 14
33 43
34 46
35 44
36 10
37 13
38 17
39 37
40 41
41 38
42 47
43 35
44 11
45 19
46 39
47 7
SIMILAR

7 5 13 28 26 23 16 43 38 11 47 18 29 32 37 14 34 3 41 6 8 30 45 40 22 33 15 44 4 39 25 19 2 35 36 12 21 20 1 9 27 17 10 31 42 46 0 24 
0 46
1 38
2 32
3 17
4 28
5 1
6 19
7 0
8 20
9 39
10 42
11 9
12 35
13 2
14 15
15 26
16 6
17 41
18 11
19 31
20 37
21 36
22 24
23 5
24 47
25 30
26 4
27 40
28 3
29 12
30 21
31 43
32 13
33 25
34 16
35 33
36 34
37 14
38 8
39 29
40 23
41 18
42 44
43 7
44 27
45 22
46 45
47 10
SIMILAR

6 38 27 26 25 21 5 28 3 23 35 29 1 20 13 7 9 12 34 19 22 44 11 39 41 36 16 45 33 24 30 18 14 8 31 43 0 37 42 2 4 10 40 17 15 32 47 46 
0 36
1 12
2 39
3 8
4 40
5 6
6 0
7 15
8 33
9 16
10 41
11 22
12 17
13 14
14 32
15 44
16 26
17 43
18 31
19 19
20 13
21 5
22 20
23 9
24 29
25 4
26 3
27 2
28 7
29 11
30 30
31 34
32 45
33 28
34 18
35 10
36 25
37 37
38 1
39 23
40 42
41 24
42 38
43 35
44 21
45 27
46 47
47 46
SIMILAR

35 2 0 5 17 24 25 13 3 22 31 30 40 18 10 7 39 29 32 37 33 12 47 19 27 21 45 42 44 14 1 38 43 26 34 15 16 11 36 8 23 41 20 46 28 9 4 6 
0 2
1 30
2 1
3 8
4 46
5 3
6 47
7 15
8 39
9 45
10 14
11 37
12 21
13 7
14 29
15 35
16 36
17 4
18 13
19 23
20 42
21 25
22 9
23 40
24 5
25 6
26 33
27 24
28 44
29 17
30 11
31 10
32 18
33 20
34 34
35 0
36 38
37 19
38 31
39 16
40 12
41 41
42 27
43 32
44 28
45 26
46 43
47 22
SIMILAR

9 13 28 3 43 39 1 24 5 27 37 47 11 16 4 8 38 36 45 2 34 40 22 31 44 41 10 29 42 19 32 14 33 30 6 35 25 7 21 15 12 17 18 20 46 0 26 23 
0 45
1 6
2 19
3 3
4 14
5 8
6 34
7 37
8 15
9 0
10 26
11 12
12 40
13 1
14 31
15 39
16 13
17 41
18 42
19 29
20 43
21 38
22 22
23 47
24 7
25 36
26 46
27 9
28 2
29 27
30 33
31 23
32 30
33 32
34 20
35 35
36 17
37 10
38 16
39 5
40 21
41 25
42 28
43 4
44 24
45 18
46 44
47 11
SIMILAR

16 6 31 20 8 40 3 27 39 38 10 33 42 35 18 30 29 19 12 32 4 2 24 41 47 22 1 46 25 0 34 21 9 28 26 44 37 36 17 11 23 5 13 45 7 43 14 15 
0 29
1 26
2 21
3 6
4 20
5 41
6 1
7 44
8 4
9 32
10 10
11 39
12 18
13 42
14 46
15 47
16 0
17 38
18 14
19 17
20 3
21 31
22 25
23 40
24 22
25 28
26 34
27 7
28 33
29 16
30 15
31 2
32 19
33 11
34 30
35 13
36 37
37 36
38 9
39 8
40 5
41 23
42 12
43 45
44 35
45 43
46 27
47 24
SIMILAR

35 6 18 7 22 42 24 2 37 3 30 23 28 25 47 12 16 33 20 5 4 27 0 34 41 32 43 26 17 29 31 45 39 38 14 46 9 10 44 40 11 19 21 1 13 8 36 15 
0 22
1 43
2 7
3 9
4 20
5 19
6 1
7 3
8 45
9 36
10 37
11 40
12 15
13 44
14 34
15 47
16 16
17 28
18 2
19 41
20 18
21 42
22 4
23 11
24 6
25 13
26 27
27 21
28 12
29 29
30 10
31 30
32 25
33 17
34 23
35 0
36 46
37 8
38 33
39 32
40 39
41 24
42 5
43 26
44 38
45 31
46 35
47 14
SIMILAR

7 28 33 1 36 37 38 16 39 19 13 27 30 26 42 12 22 4 0 11 47 18 45 3 32 15 44 14 24 20 9 23 40 6 41 5 25 35 10 34 8 31 21 46 2 29 17 43 
0 18
1 3
2 44
3 23
4 17
5 35
6 33
7 0
8 40
9 30
10 38
11 19
12 15
13 10
14 27
15 25
16 7
17 46
18 21
19 9
20 29
21 42
22 16
23 31
24 28
25 36
26 13
27 11
28 1
29 45
30 12
31 41
32 24
33 2
34 39
35 37
36 4
37 5
38 6
39 8
40 32
41 34
42 14
43 47
44 26
45 22
46 43
47 20
SIMILAR

11 33 24 42 18 31 29 40 34 44 41 16 10 4 20 9 19 30 45 5 35 28 47 12 21 8 26 14 1 36 25 0 6 13 27 43 39 37 23 32 2 38 3 17 15 22 7 46 
0 31
1 28
2 40
3 42
4 13
5 19
6 32
7 46
8 25
9 15
10 12
11 0
12 23
13 33
14 27
15 44
16 11
17 43
18 4
19 16
20 14
21 24
22 45
23 38
24 2
25 30
26 26
27 34
28 21
29 6
30 17
31 5
32 39
33 1
34 8
35 20
36 29
37 37
38 41
39 36
40 7
41 10
42 3
43 35
44 9
45 18
46 47
47 22
SIMILAR

12 3 46 16 22 14 6 38 34 23 43 40 31 47 30 32 26 25 20 27 24 0 29 18 45 44 10 4 13 8 41 21 5 17 11 42 37 28 15 33 35 7 1 19 2 9 36 39 
0 21
1 42
2 44
3 1
4 27
5 32
6 6
7 41
8 29
9 45
10 26
11 34
12 0
13 28
14 5
15 38
16 3
17 33
18 23
19 43
20 18
21 31
22 4
23 9
24 20
25 17
26 16
27 19
28 37
29 22
30 14
31 12
32 15
33 39
34 8
35 40
36 46
37 36
38 7
39 47
40 11
41 30
42 35
43 10
44 25
45 24
46 2
47 13
SIMILAR

17 2 36 32 26 19 30 0 42 14 3 9 31 45 40 41 46 28 12 4 10 20 18 22 6 21 47 38 16 1 15 25 7 43 37 34 8 11 33 13 27 5 39 24 35 29 44 23 
0 7
1 29
2 1
3 10
4 19
5 41
6 24
7 32
8 36
9 11
10 20
11 37
12 18
13 39
14 9
15 30
16 28
17 0
18 22
19 5
20 21
21 25
22 23
23 47
24 43
25 31
26 4
27 40
28 17
29 45
30 6
31 12
32 3
33 38
34 35
35 44
36 2
37 34
38 27
39 42
40 14
41 15
42 8
43 33
44 46
45 13
46 16
47 26
SIMILAR

3 13 25 34 5 7 22 37 45 31 36 46 11 38 29 35 2 43 40 32 18 20 44 26 14 21 15 47 28 17 9 12 23 24 42 10 1 41 27 19 0 39 33 4 6 16 30 8 
0 40
1 36
2 16
3 0
4 43
5 4
6 44
7 5
8 47
9 30
10 35
11 12
12 31
13 1
14 24
15 26
16 45
17 29
18 20
19 39
20 21
21 25
22 6
23 32
24 33
25 2
26 23
27 38
28 28
29 14
30 46
31 9
32 19
33 42
34 3
35 15
36 10
37 7
38 13
39 41
40 18
41 37
42 34
43 17
44 22
45 8
46 11
47 27
SIMILAR

35 46 37 12 15 42 36 0 38 26 17 41 20 11 30 40 13 6 16 39 2 25 21 47 43 5 10 8 29 28 3 14 44 27 32 9 18 24 4 33 1 23 22 7 31 45 19 34 
0 7
1 40
2 20
3 30
4 38
5 25
6 17
7 43
8 27
9 35
10 26
11 13
12 3
13 16
14 31
15 4
16 18
17 10
18 36
19 46
20 12
21 22
22 42
23 41
24 37
25 21
26 9
27 33
28 29
29 28
30 14
31 44
32 34
33 39
34 47
35 0
36 6
37 2
38 8
39 19
40 15
41 11
42 5
43 24
44 32
45 45
46 1
47 23
SIMILAR

20 27 16 5 24 31 11 13 35 46 3 15 43 1 47 9 34 10 42 17 19 18 4 39 7 41 28 12 33 30 22 44 14 32 36 2 21 37 0 26 40 23 29 25 45 6 38 8 
0 38
1 13
2 35
3 10
4 22
5 3
6 45
7 24
8 47
9 15
10 17
11 6
12 27
13 7
14 32
15 11
16 2
17 19
18 21
19 20
20 0
21 36
22 30
23 41
24 4
25 43
26 39
27 1
28 26
29 42
30 29
31 5
32 33
33 28
34 16
35 8
36 34
37 37
38 46
39 23
40 40
41 25
42 18
43 12
44 31
45 44
46 9
47 14
SIMILAR

19 35 26 1 44 24 30 41 13 8 23 46 42 3 7 18 15 11 33 39 12 29 4 28 20 27 25 34 32 31 2 17 0 21 47 36 22 5 14 43 37 45 6 40 10 16 9 38 
0 32
1 3
2 30
3 13
4 22
5 37
6 42
7 14
8 9
9 46
10 44
11 17
12 20
13 8
14 38
15 16
16 45
17 31
18 15
19 0
20 24
21 33
22 36
23 10
24 5
25 26
26 2
27 25
28 23
29 21
30 6
31 29
32 28
33 18
34 27
35 1
36 35
37 40
38 47
39 19
40 43
41 7
42 12
43 39
44 4
45 41
46 11
47 34
SIMILAR

25 38 18 32 24 0 15 14 34 17 40 23 42 46 37 39 33 35 45 36 21 12 13 31 2 27 3 26 6 5 8 1 22 20 11 7 16 44 10 9 28 47 30 29 4 19 41 43 
0 5
1 31
2 24
3 26
4 44
5 29
6 28
7 35
8 30
9 39
10 38
11 34
12 21
13 22
14 7
15 6
16 36
17 9
18 2
19 45
20 33
21 20
22 32
23 11
24 4
25 0
26 27
27 25
28 40
29 43
30 42
31 23
32 3
33 16
34 8
35 17
36 19
37 14
38 1
39 15
40 10
41 46
42 12
43 47
44 37
45 18
46 13
47 41
SIMILAR

4 27 12 37 5 7 31 20 46 38 11 23 44 32 14 17 16 6 10 39 3 36 28 40 25 30 47 24 33 42 18 19 45 15 34 29 0 26 21 13 2 9 8 22 43 35 41 1 
0 36
1 47
2 40
3 20
4 0
5 4
6 17
7 5
8 42
9 41
10 18
11 10
12 2
13 39
14 14
15 33
16 16
17 15
18 30
19 31
20 7
21 38
22 43
23 11
24 27
25 24
26 37
27 1
28 22
29 35
30 25
31 6
32 13
33 28
34 34
35 45
36 21
37 3
38 9
39 19
40 23
41 46
42 29
43 44
44 12
45 32
46 8
47 26
SIMILAR

31 25 27 28 18 24 36 41 4 40 44 2 43 35 21 23 15 34 26 20 47 29 14 42 9 16 12 30 46 3 10 22 1 13 38 8 6 0 7 32 17 45 33 19 5 11 39 37 
0 37
1 32
2 11
3 29
4 8
5 44
6 36
7 38
8 35
9 24
10 30
11 45
12 26
13 33
14 22
15 16
16 25
17 40
18 4
19 43
20 19
21 14
22 31
23 15
24 5
25 1
26 18
27 2
28 3
29 21
30 27
31 0
32 39
33 42
34 17
35 13
36 6
37 47
38 34
39 46
40 9
41 7
42 23
43 12
44 10
45 41
46 28
47 20
SIMILAR

43 36 29 46 14 20 2 26 34 40 45 31 32 27 19 5 28 13 42 39 0 6 33 25 21 1 35 17 23 41 12 44 18 11 15 47 16 10 22 30 7 9 3 24 8 38 4 37 
0 20
1 25
2 6
3 42
4 46
5 15
6 21
7 40
8 44
9 41
10 37
11 33
12 30
13 17
14 4
15 34
16 36
17 27
18 32
19 14
20 5
21 24
22 38
23 28
24 43
25 23
26 7
27 13
28 16
29 2
30 39
31 11
32 12
33 22
34 8
35 26
36 1
37 47
38 45
39 19
40 9
41 29
42 18
43 0
44 31
45 10
46 3
47 35
SIMILAR

4 27 34 36 42 12 31 20 16 28 44 32 14 10 40 38 37 30 6 13 15 5 46 29 2 8 23 9 25 19 45 39 24 0 22 1 7 35 3 11 17 33 43 21 41 18 26 47 
0 33
1 35
2 24
3 38
4 0
5 21
6 18
7 36
8 25
9 27
10 13
11 39
12 5
13 19
14 12
15 20
16 8
17 40
18 45
19 29
20 7
21 43
22 34
23 26
24 32
25 28
26 46
27 1
28 9
29 23
30 17
31 6
32 11
33 41
34 2
35 37
36 3
37 16
38 15
39 31
40 14
41 44
42 4
43 42
44 10
45 30
46 22
47 47
SIMILAR

13 7 21 44 33 47 22 46 5 9 18 1 23 32 3 41 35 4 36 0 16 39 40 37 8 14 2 17 10 43 12 20 15 25 31 34 24 30 29 42 27 28 38 26 19 45 11 6 
0 19
1 11
2 26
3 14
4 17
5 8
6 47
7 1
8 24
9 9
10 28
11 46
12 30
13 0
14 25
15 32
16 20
17 27
18 10
19 44
20 31
21 2
22 6
23 12
24 36
25 33
26 43
27 40
28 41
29 38
30 37
31 34
32 13
33 4
34 35
35 16
36 18
37 23
38 42
39 21
40 22
41 15
42 39
43 29
44 3
45 45
46 7
47 5
SIMILAR

34 4 16 33 45 9 6 30 12 11 19 36 47 2 35 42 7 38 21 24 10 23 27 1 43 44 15 22 14 5 32 20 29 18 46 17 13 40 28 8 39 31 3 41 25 0 26 37 
0 45
1 23
2 13
3 42
4 1
5 29
6 6
7 16
8 39
9 5
10 20
11 9
12 8
13 36
14 28
15 26
16 2
17 35
18 33
19 10
20 31
21 18
22 27
23 21
24 19
25 44
26 46
27 22
28 38
29 32
30 7
31 41
32 30
33 3
34 0
35 14
36 11
37 47
38 17
39 40
40 37
41 43
42 15
43 24
44 25
45 4
46 34
47 12
SIMILAR

46 44 20 17 21 0 5 42 39 43 47 1 25 41 19 30 23 38 36 6 3 10 13 8 7 2 12 16 24 14 45 22 37 15 11 32 28 27 31 18 35 34 33 40 26 9 29 4 
0 5
1 11
2 25
3 20
4 47
5 6
6 19
7 24
8 23
9 45
10 21
11 34
12 26
13 22
14 29
15 33
16 27
17 3
18 39
19 14
20 2
21 4
22 31
23 16
24 28
25 12
26 44
27 37
28 36
29 46
30 15
31 38
32 35
33 42
34 41
35 40
36 18
37 32
38 17
39 8
40 43
41 13
42 7
43 9
44 1
45 30
46 0
47 10
SIMILAR

35 37 31 13 47 33 5 17 27 0 30 29 43 7 20 11 14 38 34 12 21 46 6 44 15 19 40 39 1 23 36 25 8 9 22 16 26 10 2 24 18 28 41 4 42 3 45 32 
0 9
1 28
2 38
3 45
4 43
5 6
6 22
7 13
8 32
9 33
10 37
11 15
12 19
13 3
14 16
15 24
16 35
17 7
18 40
19 25
20 14
21 20
22 34
23 29
24 39
25 31
26 36
27 8
28 41
29 11
30 10
31 2
32 47
33 5
34 18
35 0
36 30
37 1
38 17
39 27
40 26
41 42
42 44
43 12
44 23
45 46
46 21
47 4
SIMILAR

32 46 35 39 4 43 5 2 20 41 25 13 8 47 31 0 23 14 16 1 17 37 36 15 29 21 3 10 26 11 44 24 12 18 30 33 9 6 40 34 38 27 45 7 22 19 28 42 
0 15
1 19
2 7
3 26
4 4
5 6
6 37
7 43
8 12
9 36
10 27
11 29
12 32
13 11
14 17
15 23
16 18
17 20
18 33
19 45
20 8
21 25
22 44
23 16
24 31
25 10
26 28
27 41
28 46
29 24
30 34
31 14
32 0
33 35
34 39
35 2
36 22
37 21
38 40
39 3
40 38
41 9
42 47
43 5
44 30
45 42
46 1
47 13
SIMILAR

1 28 30 39 34 33 41 4 25 3 31 8 6 17 16 23 46 20 47 13 14 10 18 27 37 36 42 29 44 2 11 40 12 43 45 5 7 15 38 32 26 22 24 0 21 19 35 9 
0 43
1 0
2 29
3 9
4 7
5 35
6 12
7 36
8 11
9 47
10 21
11 30
12 32
13 19
14 20
15 37
16 14
17 13
18 22
19 45
20 17
21 44
22 41
23 15
24 42
25 8
26 40
27 23
28 1
29 27
30 2
31 10
32 39
33 5
34 4
35 46
36 25
37 24
38 38
39 3
40 31
41 6
42 26
43 33
44 28
45 34
46 16
47 18
SIMILAR
100 0
3100 0
443100 0
