48
0 1 1 1 1 1 0 0 1 0 1 0 0 1 0 1 0 1 0 0 0 1 0 0 0 0 0 1 1 0 0 0 1 1 0 1 1 1 0 1 0 0 0 0 0 1 0 0 
1 0 0 0 0 1 1 1 1 0 0 1 1 1 0 1 1 1 1 1 1 0 0 1 0 0 0 1 1 1 0 1 1 1 0 0 1 0 1 0 1 0 1 0 1 1 1 1 
1 0 0 1 0 1 0 1 0 0 1 0 1 1 1 0 0 0 0 1 0 0 0 1 0 1 0 1 0 1 1 1 0 1 0 1 0 1 1 1 0 0 0 1 1 1 1 0 
1 0 1 0 0 1 1 1 1 1 1 1 1 0 1 1 0 0 1 1 0 1 0 1 0 1 1 0 0 1 0 1 1 0 0 1 1 1 0 0 0 1 1 0 0 0 0 1 
1 0 0 0 0 0 0 0 1 1 0 1 1 0 1 1 0 1 0 0 0 0 0 0 1 0 0 0 0 0 0 1 0 1 0 1 0 0 1 0 0 0 1 0 0 0 1 0 
1 1 1 1 0 0 1 0 0 1 0 0 1 1 0 0 1 1 1 0 0 0 1 1 0 0 1 1 0 1 1 1 1 1 1 0 1 0 0 0 0 1 1 0 1 1 0 1 
0 1 0 1 0 1 0 0 0 1 1 1 0 0 1 1 1 0 0 1 1 0 0 1 0 0 0 1 0 0 1 1 0 1 1 0 1 1 0 0 1 1 1 1 0 0 0 1 
0 1 1 1 0 0 0 0 0 1 0 1 1 0 1 0 1 1 1 1 1 1 0 0 1 1 1 1 0 0 0 1 0 1 0 0 0 0 1 1 0 1 0 0 1 1 1 1 
1 1 0 1 1 0 0 0 0 0 1 0 1 1 1 0 0 0 1 0 0 0 0 0 1 0 0 0 0 0 0 0 0 1 0 1 0 0 1 1 1 0 0 1 1 1 1 1 
0 0 0 1 1 1 1 1 0 0 0 1 1 1 0 1 1 1 1 1 1 0 1 1 0 1 1 0 0 0 0 1 0 0 1 1 0 1 1 1 0 0 1 0 1 0 1 0 
1 0 1 1 0 0 1 0 1 0 0 1 1 1 1 1 0 0 0 1 1 0 0 0 0 0 1 0 0 1 1 0 1 1 1 0 0 1 1 0 1 0 1 1 0 1 0 1 
0 1 0 1 1 0 1 1 0 1 1 0 0 0 1 0 1 1 0 1 1 1 1 1 0 0 0 0 0 0 0 0 0 1 0 1 0 1 0 0 1 0 0 0 1 1 1 1 
0 1 1 1 1 1 0 1 1 1 1 0 0 0 1 0 1 1 0 1 0 1 0 0 0 0 0 1 1 0 1 1 0 1 1 1 1 1 1 1 0 1 0 1 0 1 1 1 
1 1 1 0 0 1 0 0 1 1 1 0 0 0 0 1 1 0 0 1 0 1 0 1 0 0 1 0 0 1 0 1 1 1 0 1 0 1 1 0 1 0 1 0 0 1 1 1 
0 0 1 1 1 0 1 1 1 0 1 1 1 0 0 1 1 0 1 0 1 0 1 0 1 0 1 0 0 1 0 1 0 1 0 1 1 0 1 1 1 0 0 1 1 0 1 1 
1 1 0 1 1 0 1 0 0 1 1 0 0 1 1 0 0 0 0 1 1 0 1 1 0 1 1 0 0 1 0 1 1 1 0 1 1 0 0 0 1 1 0 0 0 0 0 1 
0 1 0 0 0 1 1 1 0 1 0 1 1 1 1 0 0 0 0 1 0 1 1 1 1 0 1 0 1 0 1 0 1 1 1 1 0 1 1 1 1 0 1 0 1 0 1 0 
1 1 0 0 1 1 0 1 0 1 0 1 1 0 0 0 0 0 1 1 0 0 0 1 1 1 1 0 0 0 0 1 0 1 1 1 1 0 0 0 1 1 0 1 1 0 1 0 
0 1 0 1 0 1 0 1 1 1 0 0 0 0 1 0 0 1 0 1 1 1 0 1 1 1 0 0 0 0 0 1 0 0 1 0 1 1 1 0 1 0 1 0 0 1 0 1 
0 1 1 1 0 0 1 1 0 1 1 1 1 1 0 1 1 1 1 0 1 0 1 1 0 1 1 1 0 1 0 1 0 0 0 1 1 0 1 1 1 1 0 0 0 0 0 1 
0 1 0 0 0 0 1 1 0 1 1 1 0 0 1 1 0 0 1 1 0 0 0 1 1 1 1 1 0 1 0 0 0 0 1 1 0 1 1 1 0 0 1 1 0 0 1 0 
1 0 0 1 0 0 0 1 0 0 0 1 1 1 0 0 1 0 1 0 0 0 0 1 1 0 1 1 1 0 1 0 0 0 0 0 1 0 0 1 0 1 1 0 1 1 0 1 
0 0 0 0 0 1 0 0 0 1 0 1 0 0 1 1 1 0 0 1 0 0 0 0 0 1 1 1 1 1 1 1 1 0 0 0 1 1 0 0 1 1 0 0 1 0 1 0 
0 1 1 1 0 1 1 0 0 1 0 1 0 1 0 1 1 1 1 1 1 1 0 0 0 0 1 0 0 0 1 0 0 0 0 0 0 0 1 1 0 0 1 1 1 1 1 1 
0 0 0 0 1 0 0 1 1 0 0 0 0 0 1 0 1 1 1 0 1 1 0 0 0 1 0 1 0 0 0 1 1 0 1 0 0 1 1 1 0 0 0 1 0 0 0 0 
0 0 1 1 0 0 0 1 0 1 0 0 0 0 0 1 0 1 1 1 1 0 1 0 1 0 1 1 0 0 0 0 0 1 0 0 1 1 0 1 0 0 0 1 0 0 1 0 
0 0 0 1 0 1 0 1 0 1 1 0 0 1 1 1 1 1 0 1 1 1 1 1 0 1 0 1 1 1 1 0 0 0 1 1 0 0 1 0 0 1 0 1 0 0 1 1 
1 1 1 0 0 1 1 1 0 0 0 0 1 0 0 0 0 0 0 1 1 1 1 0 1 1 1 0 1 0 1 1 0 0 0 1 1 0 0 1 0 0 1 0 0 0 0 1 
1 1 0 0 0 0 0 0 0 0 0 0 1 0 0 0 1 0 0 0 0 1 1 0 0 0 1 1 0 0 1 1 0 1 1 1 0 0 0 0 0 1 1 1 0 0 0 1 
0 1 1 1 0 1 0 0 0 0 1 0 0 1 1 1 0 0 0 1 1 0 1 0 0 0 1 0 0 0 0 1 0 1 0 1 0 0 0 1 1 0 0 1 1 1 1 1 
0 0 1 0 0 1 1 0 0 0 1 0 1 0 0 0 1 0 0 0 0 1 1 1 0 0 1 1 1 0 0 0 0 1 1 1 0 0 1 1 1 0 1 0 0 1 0 1 
0 1 1 1 1 1 1 1 0 1 0 0 1 1 1 1 0 1 1 1 0 0 1 0 1 0 0 1 1 1 0 0 0 0 0 1 1 0 1 1 0 1 1 1 1 0 1 1 
1 1 0 1 0 1 0 0 0 0 1 0 0 1 0 1 1 0 0 0 0 0 1 0 1 0 0 0 0 0 0 0 0 1 1 1 0 1 0 1 0 0 0 0 1 1 0 1 
1 1 1 0 1 1 1 1 1 0 1 1 1 1 1 1 1 1 0 0 0 0 0 0 0 1 0 0 1 1 1 0 1 0 0 0 1 0 0 1 1 1 0 1 0 1 0 1 
0 0 0 0 0 1 1 0 0 1 1 0 1 0 0 0 1 1 1 0 1 0 0 0 1 0 1 0 1 0 1 0 1 0 0 1 1 0 1 1 0 0 0 0 0 1 1 1 
1 0 1 1 1 0 0 0 1 1 0 1 1 1 1 1 1 1 0 1 1 0 0 0 0 0 1 1 1 1 1 1 1 0 1 0 0 1 0 1 0 1 1 0 0 1 0 0 
1 1 0 1 0 1 1 0 0 0 0 0 1 0 1 1 0 1 1 1 0 1 1 0 0 1 0 1 0 0 0 1 0 1 1 0 0 1 1 0 0 0 1 1 0 1 0 1 
1 0 1 1 0 0 1 0 0 1 1 1 1 1 0 0 1 0 1 0 1 0 1 0 1 1 0 0 0 0 0 0 1 0 0 1 1 0 0 1 0 0 1 0 0 1 0 1 
0 1 1 0 1 0 0 1 1 1 1 0 1 1 1 0 1 0 1 1 1 0 0 1 1 0 1 0 0 0 1 1 0 0 1 0 1 0 0 1 0 1 1 1 0 0 1 0 
1 0 1 0 0 0 0 1 1 1 0 0 1 0 1 0 1 0 0 1 1 1 0 1 1 1 0 1 0 1 1 1 1 1 1 1 0 1 1 0 1 1 1 0 1 0 0 1 
0 1 0 0 0 0 1 0 1 0 1 1 0 1 1 1 1 1 1 1 0 0 1 0 0 0 0 0 0 1 1 0 0 1 0 0 0 0 0 1 0 0 0 0 1 0 0 0 
0 0 0 1 0 1 1 1 0 0 0 0 1 0 0 1 0 1 0 1 0 1 1 0 0 0 1 0 1 0 0 1 0 1 0 1 0 0 1 1 0 0 1 1 0 1 0 1 
0 1 0 1 1 1 1 0 0 1 1 0 0 1 0 0 1 0 1 0 1 1 0 1 0 0 0 1 1 0 1 1 0 0 0 1 1 1 1 1 0 1 0 0 0 1 1 0 
0 0 1 0 0 0 1 0 1 0 1 0 1 0 1 0 0 1 0 0 1 0 0 1 1 1 1 0 1 1 0 1 0 1 0 0 1 0 1 0 0 1 0 0 1 0 1 1 
0 1 1 0 0 1 0 1 1 1 0 1 0 0 1 0 1 1 0 0 0 1 1 1 0 0 0 0 0 1 0 1 1 0 0 0 0 0 0 1 1 0 0 1 0 1 0 1 
1 1 1 0 0 1 0 1 1 0 1 1 1 1 0 0 0 0 1 0 0 1 0 1 0 0 0 0 0 1 1 0 1 1 1 1 1 1 0 0 0 1 1 0 1 0 0 1 
0 1 1 0 1 0 0 1 1 1 0 1 1 1 1 0 1 1 0 0 1 0 1 1 0 1 1 0 0 1 0 1 0 0 1 0 0 0 1 0 0 0 1 1 0 0 0 0 
0 1 0 1 0 1 1 1 1 0 1 1 1 1 1 1 0 0 1 1 0 1 0 1 0 0 1 1 1 1 1 1 1 1 1 0 1 1 0 1 0 1 0 1 1 1 0 0 

2 37 9 45 42 28 27 7 19 43 38 4 18 10 11 12 16 15 31 5 13 1 24 20 22 8 26 36 44 39 0 33 32 17 6 29 46 40 21 3 30 23 34 41 25 14 47 35 
0 30
1 21
2 0
3 39
4 11
5 19
6 34
7 7
8 25
9 2
10 13
11 14
12 15
13 20
14 45
15 17
16 16
17 33
18 12
19 8
20 23
21 38
22 24
23 41
24 22
25 44
26 26
27 6
28 5
29 35
30 40
31 18
32 32
33 31
34 42
35 47
36 27
37 1
38 10
39 29
40 37
41 43
42 4
43 9
44 28
45 3
46 36
47 46
SIMILAR

2 8 16 11 20 33 25 47 46 40 41 21 17 3 32 45 1 13 34 6 29 38 37 30 31 28 36 23 4 27 10 39 9 15 19 35 42 22 12 26 18 14 24 0 5 44 43 7 
0 43
1 16
2 0
3 13
4 28
5 44
6 19
7 47
8 1
9 32
10 30
11 3
12 38
13 17
14 41
15 33
16 2
17 12
18 40
19 34
20 4
21 11
22 37
23 27
24 42
25 6
26 39
27 29
28 25
29 20
30 23
31 24
32 14
33 5
34 18
35 35
36 26
37 22
38 21
39 31
40 9
41 10
42 36
43 46
44 45
45 15
46 8
47 7
SIMILAR

9 4 16 39 47 41 13 38 34 17 8 18 19 22 37 31 14 6 20 24 46 45 29 0 26 2 42 1 5 36 25 23 11 30 44 21 40 10 15 33 32 3 43 28 7 35 27 12 
0 23
1 27
2 25
3 41
4 1
5 28
6 17
7 44
8 10
9 0
10 37
11 32
12 47
13 6
14 16
15 38
16 2
17 9
18 11
19 12
20 18
21 35
22 13
23 31
24 19
25 30
26 24
27 46
28 43
29 22
30 33
31 15
32 40
33 39
34 8
35 45
36 29
37 14
38 7
39 3
40 36
41 5
42 26
43 42
44 34
45 21
46 20
47 4
SIMILAR

41 18 39 7 13 23 37 43 26 34 24 6 28 15 17 16 11 3 10 20 0 31 36 22 19 44 46 1 21 45 30 8 40 29 32 4 27 5 38 12 14 33 35 9 25 42 2 47 
0 20
1 27
2 46
3 17
4 35
5 37
6 11
7 3
8 31
9 43
10 18
11 16
12 39
13 4
14 40
15 13
16 15
17 14
18 1
19 24
20 19
21 28
22 23
23 5
24 10
25 44
26 8
27 36
28 12
29 33
30 30
31 21
32 34
33 41
34 9
35 42
36 22
37 6
38 38
39 2
40 32
41 0
42 45
43 7
44 25
45 29
46 26
47 47
SIMILAR

12 3 8 1 24 37 13 2 22 9 39 4 47 14 21 28 35 31 34 11 6 32 40 20 44 41 19 18 17 30 29 25 33 7 23 16 43 38 10 45 15 5 46 42 0 26 36 27 
0 44
1 3
2 7
3 1
4 11
5 41
6 20
7 33
8 2
9 9
10 38
11 19
12 0
13 6
14 13
15 40
16 35
17 28
18 27
19 26
20 23
21 14
22 8
23 34
24 4
25 31
26 45
27 47
28 15
29 30
30 29
31 17
32 21
33 32
34 18
35 16
36 46
37 5
38 37
39 10
40 22
41 25
42 43
43 36
44 24
45 39
46 42
47 12
SIMILAR

44 15 9 35 0 18 32 8 17 41 1 28 13 39 25 4 38 7 33 26 34 5 43 22 10 30 47 16 23 3 45 40 42 12 31 29 36 24 21 6 27 19 46 20 37 11 14 2 
0 4
1 10
2 47
3 29
4 15
5 21
6 39
7 17
8 7
9 2
10 24
11 45
12 33
13 12
14 46
15 1
16 27
17 8
18 5
19 41
20 43
21 38
22 23
23 28
24 37
25 14
26 19
27 40
28 11
29 35
30 25
31 34
32 6
33 18
34 20
35 3
36 36
37 44
38 16
39 13
40 31
41 9
42 32
43 22
44 0
45 30
46 42
47 26
SIMILAR

11 8 13 46 43 29 24 1 45 33 37 23 5 6 27 26 42 41 9 40 31 28 21 12 25 34 20 0 17 32 39 16 22 4 7 19 30 18 38 36 35 14 3 10 47 15 2 44 
0 27
1 7
2 46
3 42
4 33
5 12
6 13
7 34
8 1
9 18
10 43
11 0
12 23
13 2
14 41
15 45
16 31
17 28
18 37
19 35
20 26
21 22
22 32
23 11
24 6
25 24
26 15
27 14
28 21
29 5
30 36
31 20
32 29
33 9
34 25
35 40
36 39
37 10
38 38
39 30
40 19
41 17
42 16
43 4
44 47
45 8
46 3
47 44
SIMILAR

23 35 45 46 21 22 31 7 16 38 30 37 26 13 36 47 44 2 27 33 1 29 43 25 17 14 32 11 19 15 42 9 34 6 4 40 24 39 12 8 0 10 28 18 41 20 5 3 
0 40
1 20
2 17
3 47
4 34
5 46
6 33
7 7
8 39
9 31
10 41
11 27
12 38
13 13
14 25
15 29
16 8
17 24
18 43
19 28
20 45
21 4
22 5
23 0
24 36
25 23
26 12
27 18
28 42
29 21
30 10
31 6
32 26
33 19
34 32
35 1
36 14
37 11
38 9
39 37
40 35
41 44
42 30
43 22
44 16
45 2
46 3
47 15
SIMILAR

15 3 10 38 23 41 40 11 2 39 43 6 4 25 35 16 9 24 37 29 26 7 13 31 44 14 17 18 8 5 36 27 12 46 30 32 34 0 19 22 1 42 45 21 47 20 28 33 
0 37
1 40
2 8
3 1
4 12
5 29
6 11
7 21
8 28
9 16
10 2
11 7
12 32
13 22
14 25
15 0
16 15
17 26
18 27
19 38
20 45
21 43
22 39
23 4
24 17
25 13
26 20
27 31
28 46
29 19
30 34
31 23
32 35
33 47
34 36
35 14
36 30
37 18
38 3
39 9
40 6
41 5
42 41
43 10
44 24
45 42
46 33
47 44
SIMILAR

25 14 40 21 46 23 13 5 20 15 38 24 32 22 8 11 47 3 16 7 10 18 6 29 2 31 36 9 39 41 33 34 1 19 28 17 44 0 35 30 42 26 45 4 27 37 43 12 
0 37
1 32
2 24
3 17
4 43
5 7
6 22
7 19
8 14
9 27
10 20
11 15
12 47
13 6
14 1
15 9
16 18
17 35
18 21
19 33
20 8
21 3
22 13
23 5
24 11
25 0
26 41
27 44
28 34
29 23
30 39
31 25
32 12
33 30
34 31
35 38
36 26
37 45
38 10
39 28
40 2
41 29
42 40
43 46
44 36
45 42
46 4
47 16
SIMILAR

40 32 24 4 41 12 13 19 7 2 14 15 45 0 37 10 46 43 16 34 30 29 20 28 1 17 8 42 27 47 25 35 23 5 36 26 21 39 11 3 31 33 6 18 44 9 22 38 
0 13
1 24
2 9
3 39
4 3
5 33
6 42
7 8
8 26
9 45
10 15
11 38
12 5
13 6
14 10
15 11
16 18
17 25
18 43
19 7
20 22
21 36
22 46
23 32
24 2
25 30
26 35
27 28
28 23
29 21
30 20
31 40
32 1
33 41
34 19
35 31
36 34
37 14
38 47
39 37
40 0
41 4
42 27
43 17
44 44
45 12
46 16
47 29
SIMILAR

7 1 12 38 47 35 17 43 42 46 26 27 24 45 31 16 3 37 34 20 23 5 9 32 14 40 29 22 41 33 25 21 0 44 2 19 36 18 28 6 13 8 4 11 30 15 39 10 
0 32
1 1
2 34
3 16
4 42
5 21
6 39
7 0
8 41
9 22
10 47
11 43
12 2
13 40
14 24
15 45
16 15
17 6
18 37
19 35
20 19
21 31
22 27
23 20
24 12
25 30
26 10
27 11
28 38
29 26
30 44
31 14
32 23
33 29
34 18
35 5
36 36
37 17
38 3
39 46
40 25
41 28
42 8
43 7
44 33
45 13
46 9
47 4
SIMILAR

5 16 47 22 32 31 30 7 29 18 34 27 41 43 39 40 10 45 44 19 3 21 37 4 8 24 6 33 26 23 11 36 15 9 46 35 20 28 38 2 42 14 13 17 12 25 1 0 
0 47
1 46
2 39
3 20
4 23
5 0
6 26
7 7
8 24
9 33
10 16
11 30
12 44
13 42
14 41
15 32
16 1
17 43
18 9
19 19
20 36
21 21
22 3
23 29
24 25
25 45
26 28
27 11
28 37
29 8
30 6
31 5
32 4
33 27
34 10
35 35
36 31
37 22
38 38
39 14
40 15
41 12
42 40
43 13
44 18
45 17
46 34
47 2
SIMILAR

30 26 25 12 46 29 9 41 44 0 33 28 20 27 19 37 18 34 42 43 4 16 22 1 32 13 47 36 17 10 45 11 6 38 14 2 31 23 35 15 24 7 39 5 3 21 8 40 
0 9
1 23
2 35
3 44
4 20
5 43
6 32
7 41
8 46
9 6
10 29
11 31
12 3
13 25
14 34
15 39
16 21
17 28
18 16
19 14
20 12
21 45
22 22
23 37
24 40
25 2
26 1
27 13
28 11
29 5
30 0
31 36
32 24
33 10
34 17
35 38
36 27
37 15
38 33
39 42
40 47
41 7
42 18
43 19
44 8
45 30
46 4
47 26
SIMILAR

41 12 36 2 26 45 20 29 16 44 33 32 10 39 42 11 38 8 1 24 19 17 21 31 7 43 40 46 15 47 23 30 27 0 14 25 4 3 22 6 18 13 35 37 28 9 5 34 
0 33
1 18
2 3
3 37
4 36
5 46
6 39
7 24
8 17
9 45
10 12
11 15
12 1
13 41
14 34
15 28
16 8
17 21
18 40
19 20
20 6
21 22
22 38
23 30
24 19
25 35
26 4
27 32
28 44
29 7
30 31
31 23
32 11
33 10
34 47
35 42
36 2
37 43
38 16
39 13
40 26
41 0
42 14
43 25
44 9
45 5
46 27
47 29
SIMILAR

15 17 22 8 0 27 6 18 11 23 47 31 1 26 46 21 42 40 35 5 14 43 29 38 7 36 19 41 13 37 4 20 3 16 28 24 45 9 34 25 10 33 12 2 44 39 30 32 
0 4
1 12
2 43
3 32
4 30
5 19
6 6
7 24
8 3
9 37
10 40
11 8
12 42
13 28
14 20
15 0
16 33
17 1
18 7
19 26
20 31
21 15
22 2
23 9
24 35
25 39
26 13
27 5
28 34
29 22
30 46
31 11
32 47
33 41
34 38
35 18
36 25
37 29
38 23
39 45
40 17
41 27
42 16
43 21
44 44
45 36
46 14
47 10
SIMILAR

0 35 28 20 9 24 29 41 15 30 12 6 22 40 36 42 39 43 8 23 26 17 37 25 34 21 1 16 10 45 2 46 44 32 13 33 38 19 3 4 27 18 11 47 31 14 5 7 
0 0
1 26
2 30
3 38
4 39
5 46
6 11
7 47
8 18
9 4
10 28
11 42
12 10
13 34
14 45
15 8
16 27
17 21
18 41
19 37
20 3
21 25
22 12
23 19
24 5
25 23
26 20
27 40
28 2
29 6
30 9
31 44
32 33
33 35
34 24
35 1
36 14
37 22
38 36
39 16
40 13
41 7
42 15
43 17
44 32
45 29
46 31
47 43
SIMILAR

10 5 26 20 1 6 45 17 38 11 46 47 2 25 35 42 7 29 8 44 9 28 43 18 3 33 40 12 41 31 0 30 32 4 37 14 23 13 27 24 19 16 39 22 15 21 36 34 
0 30
1 4
2 12
3 24
4 33
5 1
6 5
7 16
8 18
9 20
10 0
11 9
12 27
13 37
14 35
15 44
16 41
17 7
18 23
19 40
20 3
21 45
22 43
23 36
24 39
25 13
26 2
27 38
28 21
29 17
30 31
31 29
32 32
33 25
34 47
35 14
36 46
37 34
38 8
39 42
40 26
41 28
42 15
43 22
44 19
45 6
46 10
47 11
SIMILAR

0 20 44 3 15 11 46 42 26 9 43 23 25 36 35 10 30 7 29 38 14 37 18 19 45 33 47 17 13 27 16 12 24 4 39 6 1 8 32 34 40 28 31 22 5 2 21 41 
0 0
1 36
2 45
3 3
4 33
5 44
6 35
7 17
8 37
9 9
10 15
11 5
12 31
13 28
14 20
15 4
16 30
17 27
18 22
19 23
20 1
21 46
22 43
23 11
24 32
25 12
26 8
27 29
28 41
29 18
30 16
31 42
32 38
33 25
34 39
35 14
36 13
37 21
38 19
39 34
40 40
41 47
42 7
43 10
44 2
45 24
46 6
47 26
SIMILAR

3 12 42 34 15 17 38 5 43 21 16 23 33 22 36 7 6 19 32 27 0 1 46 31 13 14 41 26 37 8 9 18 10 25 47 40 20 39 24 29 28 35 11 45 4 44 2 30 
0 20
1 21
2 46
3 0
4 44
5 7
6 16
7 15
8 29
9 30
10 32
11 42
12 1
13 24
14 25
15 4
16 10
17 5
18 31
19 17
20 36
21 9
22 13
23 11
24 38
25 33
26 27
27 19
28 40
29 39
30 47
31 23
32 18
33 12
34 3
35 41
36 14
37 28
38 6
39 37
40 35
41 26
42 2
43 8
44 45
45 43
46 22
47 34
SIMILAR

41 34 0 21 42 13 28 2 10 40 44 5 9 27 39 32 14 31 12 45 33 20 47 43 6 18 30 46 16 8 35 15 17 38 22 36 37 3 24 4 25 26 1 29 7 11 19 23 
0 2
1 42
2 7
3 37
4 39
5 11
6 24
7 44
8 29
9 12
10 8
11 45
12 18
13 5
14 16
15 31
16 28
17 32
18 25
19 46
20 21
21 3
22 34
23 47
24 38
25 40
26 41
27 13
28 6
29 43
30 26
31 17
32 15
33 20
34 1
35 30
36 35
37 36
38 33
39 14
40 9
41 0
42 4
43 23
44 10
45 19
46 27
47 22
SIMILAR

1 38 37 26 41 31 3 22 16 5 8 44 42 43 21 24 25 36 28 47 11 12 32 39 6 34 20 29 4 0 45 15 30 14 18 13 2 9 35 33 46 7 17 40 27 23 19 10 
0 29
1 0
2 36
3 6
4 28
5 9
6 24
7 41
8 10
9 37
10 47
11 20
12 21
13 35
14 33
15 31
16 8
17 42
18 34
19 46
20 26
21 14
22 7
23 45
24 15
25 16
26 3
27 44
28 18
29 27
30 32
31 5
32 22
33 39
34 25
35 38
36 17
37 2
38 1
39 23
40 43
41 4
42 12
43 13
44 11
45 30
46 40
47 19
SIMILAR

1 29 17 15 25 39 7 37 45 26 12 43 5 41 4 35 28 30 8 36 34 14 33 24 40 3 46 42 11 44 23 20 47 6 9 18 10 27 2 0 38 16 32 13 31 22 19 21 
0 39
1 0
2 38
3 25
4 14
5 12
6 33
7 6
8 18
9 34
10 36
11 28
12 10
13 43
14 21
15 3
16 41
17 2
18 35
19 46
20 31
21 47
22 45
23 30
24 23
25 4
26 9
27 37
28 16
29 1
30 17
31 44
32 42
33 22
34 20
35 15
36 19
37 7
38 40
39 5
40 24
41 13
42 27
43 11
44 29
45 8
46 26
47 32
SIMILAR

38 10 14 3 47 43 18 7 31 37 4 29 25 26 41 32 33 9 27 17 21 2 11 23 0 1 8 46 16 45 22 35 39 30 13 19 12 40 5 28 42 20 34 44 24 36 15 6 
0 24
1 25
2 21
3 3
4 10
5 38
6 47
7 7
8 26
9 17
10 1
11 22
12 36
13 34
14 2
15 46
16 28
17 19
18 6
19 35
20 41
21 20
22 30
23 23
24 44
25 12
26 13
27 18
28 39
29 11
30 33
31 8
32 15
33 16
34 42
35 31
36 45
37 9
38 0
39 32
40 37
41 14
42 40
43 5
44 43
45 29
46 27
47 4
SIMILAR

5 35 18 7 41 22 37 31 9 42 8 10 25 36 38 26 6 0 29 13 21 12 20 28 43 24 16 34 32 4 46 33 30 15 3 40 27 23 17 11 45 47 19 2 1 14 44 39 
0 17
1 44
2 43
3 34
4 29
5 0
6 16
7 3
8 10
9 8
10 11
11 39
12 21
13 19
14 45
15 33
16 26
17 38
18 2
19 42
20 22
21 20
22 5
23 37
24 25
25 12
26 15
27 36
28 23
29 18
30 32
31 7
32 28
33 31
34 27
35 1
36 13
37 6
38 14
39 47
40 35
41 4
42 9
43 24
44 46
45 40
46 30
47 41
SIMILAR

33 46 20 36 39 21 30 38 2 35 23 22 28 45 43 9 47 11 42 3 12 24 13 18 40 19 32 26 15 10 27 8 5 25 41 7 6 4 16 14 31 29 44 0 34 17 37 1 
0 43
1 47
2 8
3 19
4 37
5 32
6 36
7 35
8 31
9 15
10 29
11 17
12 20
13 22
14 39
15 28
16 38
17 45
18 23
19 25
20 2
21 5
22 11
23 10
24 21
25 33
26 27
27 30
28 12
29 41
30 6
31 40
32 26
33 0
34 44
35 9
36 3
37 46
38 7
39 4
40 24
41 34
42 18
43 14
44 42
45 13
46 1
47 16
SIMILAR

3 11 0 32 23 43 2 47 19 13 1 28 18 29 31 7 25 46 21 20 24 17 38 41 34 12 4 45 30 39 22 10 26 37 36 16 44 9 40 27 8 14 6 5 42 33 35 15 
0 2
1 10
2 6
3 0
4 26
5 43
6 42
7 15
8 40
9 37
10 31
11 1
12 25
13 9
14 41
15 47
16 35
17 21
18 12
19 8
20 19
21 18
22 30
23 4
24 20
25 16
26 32
27 39
28 11
29 13
30 28
31 14
32 3
33 45
34 24
35 46
36 34
37 33
38 22
39 29
40 38
41 23
42 44
43 5
44 36
45 27
46 17
47 7
SIMILAR

8 33 23 35 9 44 40 14 5 43 37 38 20 25 39 28 3 31 16 36 15 18 21 26 6 42 27 45 30 10 24 46 29 11 4 13 47 0 17 34 19 1 41 32 12 22 2 7 
0 37
1 41
2 46
3 16
4 34
5 8
6 24
7 47
8 0
9 4
10 29
11 33
12 44
13 35
14 7
15 20
16 18
17 38
18 21
19 40
20 12
21 22
22 45
23 2
24 30
25 13
26 23
27 26
28 15
29 32
30 28
31 17
32 43
33 1
34 39
35 3
36 19
37 10
38 11
39 14
40 6
41 42
42 25
43 9
44 5
45 27
46 31
47 36
SIMILAR

7 4 31 35 24 18 25 36 28 8 45 40 27 33 16 30 46 43 20 3 21 6 38 2 9 22 41 1 14 12 17 13 37 11 39 32 26 19 15 29 23 42 47 44 0 5 10 34 
0 44
1 27
2 23
3 19
4 1
5 45
6 21
7 0
8 9
9 24
10 46
11 33
12 29
13 31
14 28
15 38
16 14
17 30
18 5
19 37
20 18
21 20
22 25
23 40
24 4
25 6
26 36
27 12
28 8
29 39
30 15
31 2
32 35
33 13
34 47
35 3
36 7
37 32
38 22
39 34
40 11
41 26
42 41
43 17
44 43
45 10
46 16
47 42
SIMILAR

16 34 21 28 39 10 37 23 12 11 0 41 3 38 7 19 42 14 31 20 43 9 4 33 29 30 27 13 32 5 45 44 22 6 35 25 2 18 36 17 1 26 40 46 24 15 47 8 
0 10
1 40
2 36
3 12
4 22
5 29
6 33
7 14
8 47
9 21
10 5
11 9
12 8
13 27
14 17
15 45
16 0
17 39
18 37
19 15
20 19
21 2
22 32
23 7
24 44
25 35
26 41
27 26
28 3
29 24
30 25
31 18
32 28
33 23
34 1
35 34
36 38
37 6
38 13
39 4
40 42
41 11
42 16
43 20
44 31
45 30
46 43
47 46
SIMILAR

1 15 42 35 41 44 18 30 8 10 22 33 9 4 23 13 14 40 31 38 43 29 25 27 3 5 32 20 16 19 17 0 34 7 47 11 24 45 12 21 46 39 26 6 37 2 28 36 
0 31
1 0
2 45
3 24
4 13
5 25
6 43
7 33
8 8
9 12
10 9
11 35
12 38
13 15
14 16
15 1
16 28
17 30
18 6
19 29
20 27
21 39
22 10
23 14
24 36
25 22
26 42
27 23
28 46
29 21
30 7
31 18
32 26
33 11
34 32
35 3
36 47
37 44
38 19
39 41
40 17
41 4
42 2
43 20
44 5
45 37
46 40
47 34
SIMILAR

6 32 30 40 4 43 20 39 18 21 42 45 27 44 2 37 5 26 25 28 34 23 47 15 31 11 46 19 17 14 13 3 36 12 8 9 16 33 22 24 41 1 35 0 29 7 10 38 
0 43
1 41
2 14
3 31
4 4
5 16
6 0
7 45
8 34
9 35
10 46
11 25
12 33
13 30
14 29
15 23
16 36
17 28
18 8
19 27
20 6
21 9
22 38
23 21
24 39
25 18
26 17
27 12
28 19
29 44
30 2
31 24
32 1
33 37
34 20
35 42
36 32
37 15
38 47
39 7
40 3
41 40
42 10
43 5
44 13
45 11
46 26
47 22
SIMILAR

31 44 19 18 27 32 0 40 6 25 17 22 23 43 14 35 20 11 4 46 2 30 38 16 9 37 26 13 21 47 7 34 24 28 45 33 41 3 39 29 1 15 8 36 10 42 5 12 
0 6
1 40
2 20
3 37
4 18
5 46
6 8
7 30
8 42
9 24
10 44
11 17
12 47
13 27
14 14
15 41
16 23
17 10
18 3
19 2
20 16
21 28
22 11
23 12
24 32
25 9
26 26
27 4
28 33
29 39
30 21
31 0
32 5
33 35
34 31
35 15
36 43
37 25
38 22
39 38
40 7
41 36
42 45
43 13
44 1
45 34
46 19
47 29
SIMILAR

11 14 19 12 26 36 21 34 38 29 46 0 43 5 25 41 13 16 20 27 42 45 39 30 32 33 47 17 4 1 28 44 6 37 35 7 2 18 22 31 40 23 15 9 8 10 3 24 
0 11
1 29
2 36
3 46
4 28
5 13
6 32
7 35
8 44
9 43
10 45
11 0
12 3
13 16
14 1
15 42
16 17
17 27
18 37
19 2
20 18
21 6
22 38
23 41
24 47
25 14
26 4
27 19
28 30
29 9
30 23
31 39
32 24
33 25
34 7
35 34
36 5
37 33
38 8
39 22
40 40
41 15
42 20
43 12
44 31
45 21
46 10
47 26
SIMILAR

42 21 31 6 41 11 24 8 37 10 44 1 7 9 20 45 5 3 33 39 4 17 26 27 22 35 19 40 12 13 16 47 36 28 18 32 25 0 34 15 43 23 29 46 30 38 14 2 
0 37
1 11
2 47
3 17
4 20
5 16
6 3
7 12
8 7
9 13
10 9
11 5
12 28
13 29
14 46
15 39
16 30
17 21
18 34
19 26
20 14
21 1
22 24
23 41
24 6
25 36
26 22
27 23
28 33
29 42
30 44
31 2
32 35
33 18
34 38
35 25
36 32
37 8
38 45
39 19
40 27
41 4
42 0
43 40
44 10
45 15
46 43
47 31
SIMILAR

12 36 25 7 17 37 31 30 5 39 40 13 23 41 6 44 43 10 15 28 33 4 16 26 27 8 32 29 42 0 24 19 22 3 47 45 2 21 35 38 11 1 34 20 46 18 9 14 
0 29
1 41
2 36
3 33
4 21
5 8
6 14
7 3
8 25
9 46
10 17
11 40
12 0
13 11
14 47
15 18
16 22
17 4
18 45
19 31
20 43
21 37
22 32
23 12
24 30
25 2
26 23
27 24
28 19
29 27
30 7
31 6
32 26
33 20
34 42
35 38
36 1
37 5
38 39
39 9
40 10
41 13
42 28
43 16
44 15
45 35
46 44
47 34
SIMILAR

43 20 8 31 47 14 28 37 26 0 21 1 13 36 35 9 17 22 2 5 10 23 6 46 24 30 3 25 15 32 34 4 41 45 27 19 7 29 16 33 18 11 39 40 44 38 42 12 
0 9
1 11
2 18
3 26
4 31
5 19
6 22
7 36
8 2
9 15
10 20
11 41
12 47
13 12
14 5
15 28
16 38
17 16
18 40
19 35
20 1
21 10
22 17
23 21
24 24
25 27
26 8
27 34
28 6
29 37
30 25
31 3
32 29
33 39
34 30
35 14
36 13
37 7
38 45
39 42
40 43
41 32
42 46
43 0
44 44
45 33
46 23
47 4
SIMILAR

13 10 22 35 39 44 40 14 11 46 9 32 20 38 37 21 12 28 36 16 5 23 18 24 45 42 2 4 8 6 17 27 3 0 41 15 26 25 29 19 30 43 34 47 7 1 31 33 
0 33
1 45
2 26
3 32
4 27
5 20
6 29
7 44
8 28
9 10
10 1
11 8
12 16
13 0
14 7
15 35
16 19
17 30
18 22
19 39
20 12
21 15
22 2
23 21
24 23
25 37
26 36
27 31
28 17
29 38
30 40
31 46
32 11
33 47
34 42
35 3
36 18
37 14
38 13
39 4
40 6
41 34
42 25
43 41
44 5
45 24
46 9
47 43
SIMILAR

28 19 41 43 30 11 8 14 23 20 27 39 10 0 24 37 31 15 3 4 6 40 2 45 46 35 21 44 22 42 13 9 5 18 32 16 7 12 38 26 29 34 36 47 1 17 25 33 
0 13
1 44
2 22
3 18
4 19
5 32
6 20
7 36
8 6
9 31
10 12
11 5
12 37
13 30
14 7
15 17
16 35
17 45
18 33
19 1
20 9
21 26
22 28
23 8
24 14
25 46
26 39
27 10
28 0
29 40
30 4
31 16
32 34
33 47
34 41
35 25
36 42
37 15
38 38
39 11
40 21
41 2
42 29
43 3
44 27
45 23
46 24
47 43
SIMILAR

42 29 26 25 16 31 18 30 27 36 9 21 11 44 2 46 12 43 0 37 35 6 47 33 15 34 40 41 39 3 22 28 17 23 32 20 8 7 13 19 45 4 1 5 14 10 24 38 
0 18
1 42
2 14
3 29
4 41
5 43
6 21
7 37
8 36
9 10
10 45
11 12
12 16
13 38
14 44
15 24
16 4
17 32
18 6
19 39
20 35
21 11
22 30
23 33
24 46
25 3
26 2
27 8
28 31
29 1
30 7
31 5
32 34
33 23
34 25
35 20
36 9
37 19
38 47
39 28
40 26
41 27
42 0
43 17
44 13
45 40
46 15
47 22
SIMILAR

46 27 19 2 17 31 36 8 24 6 9 3 0 47 16 45 42 14 39 37 34 38 1 5 13 18 11 29 33 28 20 21 25 7 10 40 12 35 23 4 43 30 44 41 15 22 32 26 
0 12
1 22
2 3
3 11
4 39
5 23
6 9
7 33
8 7
9 10
10 34
11 26
12 36
13 24
14 17
15 44
16 14
17 4
18 25
19 2
20 30
21 31
22 45
23 38
24 8
25 32
26 47
27 1
28 29
29 27
30 41
31 5
32 46
33 28
34 20
35 37
36 6
37 19
38 21
39 18
40 35
41 43
42 16
43 40
44 42
45 15
46 0
47 13
SIMILAR

34 22 8 6 2 30 17 41 1 35 44 31 46 11 27 39 14 7 21 25 20 40 23 19 9 24 15 38 42 5 47 4 16 12 18 33 13 37 45 36 29 0 28 3 43 26 10 32 
0 41
1 8
2 4
3 43
4 31
5 29
6 3
7 17
8 2
9 24
10 46
11 13
12 33
13 36
14 16
15 26
16 32
17 6
18 34
19 23
20 20
21 18
22 1
23 22
24 25
25 19
26 45
27 14
28 42
29 40
30 5
31 11
32 47
33 35
34 0
35 9
36 39
37 37
38 27
39 15
40 21
41 7
42 28
43 44
44 10
45 38
46 12
47 30
SIMILAR

6 16 24 3 25 18 2 27 43 17 23 13 9 12 44 0 46 1 19 42 33 15 30 39 4 36 32 38 22 21 31 45 35 41 26 34 28 20 5 40 11 10 8 47 37 7 29 14 
0 15
1 17
2 6
3 3
4 24
5 38
6 0
7 45
8 42
9 12
10 41
11 40
12 13
13 11
14 47
15 21
16 1
17 9
18 5
19 18
20 37
21 29
22 28
23 10
24 2
25 4
26 34
27 7
28 36
29 46
30 22
31 30
32 26
33 20
34 35
35 32
36 25
37 44
38 27
39 23
40 39
41 33
42 19
43 8
44 14
45 31
46 16
47 43
SIMILAR

23 21 27 10 25 34 32 40 36 12 1 0 18 37 9 35 24 6 39 42 29 15 5 13 22 14 33 31 46 20 4 28 26 30 47 45 16 2 43 17 38 44 7 41 8 19 3 11 
0 11
1 10
2 37
3 46
4 30
5 22
6 17
7 42
8 44
9 14
10 3
11 47
12 9
13 23
14 25
15 21
16 36
17 39
18 12
19 45
20 29
21 1
22 24
23 0
24 16
25 4
26 32
27 2
28 31
29 20
30 33
31 27
32 6
33 26
34 5
35 15
36 8
37 13
38 40
39 18
40 7
41 43
42 19
43 38
44 41
45 35
46 28
47 34
SIMILAR

45 38 28 34 10 23 41 0 33 24 20 14 7 9 5 8 43 31 32 21 27 37 2 22 25 39 17 44 4 15 36 40 26 29 3 1 18 30 6 19 13 11 12 47 46 35 16 42 
0 7
1 35
2 22
3 34
4 28
5 14
6 38
7 12
8 15
9 13
10 4
11 41
12 42
13 40
14 11
15 29
16 46
17 26
18 36
19 39
20 10
21 19
22 23
23 5
24 9
25 24
26 32
27 20
28 2
29 33
30 37
31 17
32 18
33 8
34 3
35 45
36 30
37 21
38 1
39 25
40 31
41 6
42 47
43 16
44 27
45 0
46 44
47 43
SIMILAR

47 46 34 24 9 27 39 35 1 6 28 8 12 44 32 4 11 36 25 40 38 3 17 7 19 13 45 23 42 29 20 14 2 5 21 18 15 43 41 37 26 10 16 33 30 22 0 31 
0 46
1 8
2 32
3 21
4 15
5 33
6 9
7 23
8 11
9 4
10 41
11 16
12 12
13 25
14 31
15 36
16 42
17 22
18 35
19 24
20 30
21 34
22 45
23 27
24 3
25 18
26 40
27 5
28 10
29 29
30 44
31 47
32 14
33 43
34 2
35 7
36 17
37 39
38 20
39 6
40 19
41 38
42 28
43 37
44 13
45 26
46 1
47 0
SIMILAR

15 10 20 13 32 30 4 14 26 31 34 44 29 3 46 7 1 43 0 33 28 18 36 11 22 37 5 9 16 17 12 40 25 41 21 24 42 2 8 39 23 6 27 45 19 47 35 38 
0 18
1 16
2 37
3 13
4 6
5 26
6 41
7 15
8 38
9 27
10 1
11 23
12 30
13 3
14 7
15 0
16 28
17 29
18 21
19 44
20 2
21 34
22 24
23 40
24 35
25 32
26 8
27 42
28 20
29 12
30 5
31 9
32 4
33 19
34 10
35 46
36 22
37 25
38 47
39 39
40 31
41 33
42 36
43 17
44 11
45 43
46 14
47 45
SIMILAR

39 12 21 20 8 33 30 35 46 38 45 7 10 13 18 6 19 0 28 22 4 24 43 47 34 37 1 32 41 36 44 27 26 40 16 25 9 3 23 15 14 31 2 5 17 42 11 29 
0 17
1 26
2 42
3 37
4 20
5 43
6 15
7 11
8 4
9 36
10 12
11 46
12 1
13 13
14 40
15 39
16 34
17 44
18 14
19 16
20 3
21 2
22 19
23 38
24 21
25 35
26 32
27 31
28 18
29 47
30 6
31 41
32 27
33 5
34 24
35 7
36 29
37 25
38 9
39 0
40 33
41 28
42 45
43 22
44 30
45 10
46 8
47 23
SIMILAR

40 43 38 2 5 20 28 41 30 3 37 39 23 16 31 21 44 1 17 36 12 14 46 8 27 33 4 13 24 45 42 34 11 10 35 7 32 47 22 29 15 0 25 26 6 18 19 9 
0 41
1 17
2 3
3 9
4 26
5 4
6 44
7 35
8 23
9 47
10 33
11 32
12 20
13 27
14 21
15 40
16 13
17 18
18 45
19 46
20 5
21 15
22 38
23 12
24 28
25 42
26 43
27 24
28 6
29 39
30 8
31 14
32 36
33 25
34 31
35 34
36 19
37 10
38 2
39 11
40 0
41 7
42 30
43 1
44 16
45 29
46 22
47 37
SIMILAR

18 29 19 7 42 26 36 34 28 12 5 2 45 40 25 32 8 35 22 9 1 13 15 27 14 31 41 30 11 47 16 4 6 10 23 3 0 46 37 43 24 38 44 33 20 39 17 21 
0 36
1 20
2 11
3 35
4 31
5 10
6 32
7 3
8 16
9 19
10 33
11 28
12 9
13 21
14 24
15 22
16 30
17 46
18 0
19 2
20 44
21 47
22 18
23 34
24 40
25 14
26 5
27 23
28 8
29 1
30 27
31 25
32 15
33 43
34 7
35 17
36 6
37 38
38 41
39 45
40 13
41 26
42 4
43 39
44 42
45 12
46 37
47 29
SIMILAR

44 41 1 42 5 35 45 24 9 0 15 23 4 6 32 10 47 29 16 37 39 33 20 25 38 3 34 31 22 12 40 2 8 26 21 36 30 46 17 27 13 19 11 18 28 43 7 14 
0 9
1 2
2 31
3 25
4 12
5 4
6 13
7 46
8 32
9 8
10 15
11 42
12 29
13 40
14 47
15 10
16 18
17 38
18 43
19 41
20 22
21 34
22 28
23 11
24 7
25 23
26 33
27 39
28 44
29 17
30 36
31 27
32 14
33 21
34 26
35 5
36 35
37 19
38 24
39 20
40 30
41 1
42 3
43 45
44 0
45 6
46 37
47 16
SIMILAR

24 3 22 47 7 46 34 1 32 28 42 20 8 41 16 27 40 4 21 26 31 33 11 38 43 0 15 23 5 36 6 44 30 29 17 2 25 18 45 19 14 10 13 37 39 12 35 9 
0 25
1 7
2 35
3 1
4 17
5 28
6 30
7 4
8 12
9 47
10 41
11 22
12 45
13 42
14 40
15 26
16 14
17 34
18 37
19 39
20 11
21 18
22 2
23 27
24 0
25 36
26 19
27 15
28 9
29 33
30 32
31 20
32 8
33 21
34 6
35 46
36 29
37 43
38 23
39 44
40 16
41 13
42 10
43 24
44 31
45 38
46 5
47 3
SIMILAR

21 13 40 28 2 38 30 14 36 0 46 6 41 1 35 18 5 42 9 33 31 43 10 27 44 39 12 24 26 11 37 8 32 4 3 16 23 34 17 45 20 15 7 29 25 22 47 19 
0 9
1 13
2 4
3 34
4 33
5 16
6 11
7 42
8 31
9 18
10 22
11 29
12 26
13 1
14 7
15 41
16 35
17 38
18 15
19 47
20 40
21 0
22 45
23 36
24 27
25 44
26 28
27 23
28 3
29 43
30 6
31 20
32 32
33 19
34 37
35 14
36 8
37 30
38 5
39 25
40 2
41 12
42 17
43 21
44 24
45 39
46 10
47 46
SIMILAR

22 33 15 1 4 24 16 40 6 39 43 19 14 42 9 30 41 17 8 38 45 3 47 21 35 5 7 34 20 11 26 12 27 18 23 29 0 25 2 13 28 32 36 10 46 31 44 37 
0 36
1 3
2 38
3 21
4 4
5 25
6 8
7 26
8 18
9 14
10 43
11 29
12 31
13 39
14 12
15 2
16 6
17 17
18 33
19 11
20 28
21 23
22 0
23 34
24 5
25 37
26 30
27 32
28 40
29 35
30 15
31 45
32 41
33 1
34 27
35 24
36 42
37 47
38 19
39 9
40 7
41 16
42 13
43 10
44 46
45 20
46 44
47 22
SIMILAR

13 25 1 32 34 18 15 11 38 2 41 28 10 26 19 36 7 29 17 6 31 47 12 46 22 45 30 33 21 40 14 23 3 16 42 37 24 0 44 4 8 20 43 27 39 35 9 5 
0 37
1 2
2 9
3 32
4 39
5 47
6 19
7 16
8 40
9 46
10 12
11 7
12 22
13 0
14 30
15 6
16 33
17 18
18 5
19 14
20 41
21 28
22 24
23 31
24 36
25 1
26 13
27 43
28 11
29 17
30 26
31 20
32 3
33 27
34 4
35 45
36 15
37 35
38 8
39 44
40 29
41 10
42 34
43 42
44 38
45 25
46 23
47 21
SIMILAR

13 46 26 2 9 24 7 45 32 37 5 25 4 44 29 33 1 38 15 11 34 18 19 31 6 35 21 43 42 20 12 0 8 3 40 14 41 22 27 47 36 10 23 16 30 28 39 17 
0 31
1 16
2 3
3 33
4 12
5 10
6 24
7 6
8 32
9 4
10 41
11 19
12 30
13 0
14 35
15 18
16 43
17 47
18 21
19 22
20 29
21 26
22 37
23 42
24 5
25 11
26 2
27 38
28 45
29 14
30 44
31 23
32 8
33 15
34 20
35 25
36 40
37 9
38 17
39 46
40 34
41 36
42 28
43 27
44 13
45 7
46 1
47 39
SIMILAR

37 35 1 12 16 25 10 40 15 13 18 3 19 7 47 26 36 9 22 0 29 46 31 43 2 41 5 38 8 42 14 44 39 34 30 23 28 4 11 24 27 6 21 45 20 32 17 33 
0 19
1 2
2 24
3 11
4 37
5 26
6 41
7 13
8 28
9 17
10 6
11 38
12 3
13 9
14 30
15 8
16 4
17 46
18 10
19 12
20 44
21 42
22 18
23 35
24 39
25 5
26 15
27 40
28 36
29 20
30 34
31 22
32 45
33 47
34 33
35 1
36 16
37 0
38 27
39 32
40 7
41 25
42 29
43 23
44 31
45 43
46 21
47 14
SIMILAR

41 46 30 44 2 35 13 10 40 16 37 21 7 5 33 42 26 1 47 8 28 14 45 15 20 38 12 36 18 0 25 11 22 17 9 34 24 23 6 29 32 43 4 27 39 31 19 3 
0 29
1 17
2 4
3 47
4 42
5 13
6 38
7 12
8 19
9 34
10 7
11 31
12 26
13 6
14 21
15 23
16 9
17 33
18 28
19 46
20 24
21 11
22 32
23 37
24 36
25 30
26 16
27 43
28 20
29 39
30 2
31 45
32 40
33 14
34 35
35 5
36 27
37 10
38 25
39 44
40 8
41 0
42 15
43 41
44 3
45 22
46 1
47 18
SIMILAR

7 3 32 34 21 0 38 10 35 28 46 22 36 26 40 20 14 41 47 5 23 1 30 12 33 2 17 42 29 44 45 19 18 15 13 11 27 4 9 16 31 25 6 37 43 39 8 24 
0 5
1 21
2 25
3 1
4 37
5 19
6 42
7 0
8 46
9 38
10 7
11 35
12 23
13 34
14 16
15 33
16 39
17 26
18 32
19 31
20 15
21 4
22 11
23 20
24 47
25 41
26 13
27 36
28 9
29 28
30 22
31 40
32 2
33 24
34 3
35 8
36 12
37 43
38 6
39 45
40 14
41 17
42 27
43 44
44 29
45 30
46 10
47 18
SIMILAR

30 19 0 12 9 35 44 8 45 11 4 38 31 13 15 22 36 37 16 5 40 24 1 28 21 20 41 33 18 2 32 7 43 17 25 46 6 10 3 47 34 23 27 14 39 26 42 29 
0 2
1 22
2 29
3 38
4 10
5 19
6 36
7 31
8 7
9 4
10 37
11 9
12 3
13 13
14 43
15 14
16 18
17 33
18 28
19 1
20 25
21 24
22 15
23 41
24 21
25 34
26 45
27 42
28 23
29 47
30 0
31 12
32 30
33 27
34 40
35 5
36 16
37 17
38 11
39 44
40 20
41 26
42 46
43 32
44 6
45 8
46 35
47 39
SIMILAR

26 9 8 40 45 3 25 24 33 31 39 28 46 10 35 0 13 38 37 19 12 23 18 47 11 5 27 36 41 21 43 14 34 4 44 7 22 16 17 6 32 42 1 15 30 29 2 20 
0 15
1 42
2 46
3 5
4 33
5 25
6 39
7 35
8 2
9 1
10 13
11 24
12 20
13 16
14 31
15 43
16 37
17 38
18 22
19 19
20 47
21 29
22 36
23 21
24 7
25 6
26 0
27 26
28 11
29 45
30 44
31 9
32 40
33 8
34 32
35 14
36 27
37 18
38 17
39 10
40 3
41 28
42 41
43 30
44 34
45 4
46 12
47 23
SIMILAR

4 37 26 23 24 44 35 42 34 45 29 9 38 7 36 30 39 16 32 2 18 6 20 8 28 25 43 13 22 5 33 10 3 21 31 15 12 47 11 40 19 41 0 46 14 1 27 17 
0 42
1 45
2 19
3 32
4 0
5 29
6 21
7 13
8 23
9 11
10 31
11 38
12 36
13 27
14 44
15 35
16 17
17 47
18 20
19 40
20 22
21 33
22 28
23 3
24 4
25 25
26 2
27 46
28 24
29 10
30 15
31 34
32 18
33 30
34 8
35 6
36 14
37 1
38 12
39 16
40 39
41 41
42 7
43 26
44 5
45 9
46 43
47 37
SIMILAR

46 30 0 35 36 8 7 4 38 19 27 43 45 11 17 13 25 15 14 28 44 1 37 26 32 41 31 20 23 22 12 24 39 16 9 2 33 6 18 3 29 34 47 5 40 21 42 10 
0 2
1 21
2 35
3 39
4 7
5 43
6 37
7 6
8 5
9 34
10 47
11 13
12 30
13 15
14 18
15 17
16 33
17 14
18 38
19 9
20 27
21 45
22 29
23 28
24 31
25 16
26 23
27 10
28 19
29 40
30 1
31 26
32 24
33 36
34 41
35 3
36 4
37 22
38 8
39 32
40 44
41 25
42 46
43 11
44 20
45 12
46 0
47 42
SIMILAR

8 40 0 22 39 46 18 9 43 25 13 11 47 33 1 21 2 27 41 35 14 6 30 24 20 12 10 32 31 38 42 44 36 17 4 29 37 45 34 15 26 7 3 28 5 16 23 19 
0 2
1 14
2 16
3 42
4 34
5 44
6 21
7 41
8 0
9 7
10 26
11 11
12 25
13 10
14 20
15 39
16 45
17 33
18 6
19 47
20 24
21 15
22 3
23 46
24 23
25 9
26 40
27 17
28 43
29 35
30 22
31 28
32 27
33 13
34 38
35 19
36 32
37 36
38 29
39 4
40 1
41 18
42 30
43 8
44 31
45 37
46 5
47 12
SIMILAR

4 6 1 44 14 12 15 22 45 40 19 23 31 36 43 9 0 7 32 13 35 2 29 25 47 38 17 27 30 3 42 26 24 33 8 18 37 34 28 21 11 5 46 41 10 16 20 39 
0 16
1 2
2 21
3 29
4 0
5 41
6 1
7 17
8 34
9 15
10 44
11 40
12 5
13 19
14 4
15 6
16 45
17 26
18 35
19 10
20 46
21 39
22 7
23 11
24 32
25 23
26 31
27 27
28 38
29 22
30 28
31 12
32 18
33 33
34 37
35 20
36 13
37 36
38 25
39 47
40 9
41 43
42 30
43 14
44 3
45 8
46 42
47 24
SIMILAR

21 46 32 43 19 7 39 4 37 8 6 31 5 47 25 41 36 15 10 24 29 2 20 42 9 34 38 45 16 18 35 23 27 3 33 28 14 13 12 30 0 40 11 1 26 17 44 22 
0 40
1 43
2 21
3 33
4 7
5 12
6 10
7 5
8 9
9 24
10 18
11 42
12 38
13 37
14 36
15 17
16 28
17 45
18 29
19 4
20 22
21 0
22 47
23 31
24 19
25 14
26 44
27 32
28 35
29 20
30 39
31 11
32 2
33 34
34 25
35 30
36 16
37 8
38 26
39 6
40 41
41 15
42 23
43 3
44 46
45 27
46 1
47 13
SIMILAR

1 20 4 40 23 35 5 25 29 6 33 34 44 22 13 41 37 38 2 19 11 39 28 21 12 8 42 26 17 30 43 7 32 36 47 10 45 16 3 9 24 31 0 14 15 27 18 46 
0 42
1 0
2 18
3 38
4 2
5 6
6 9
7 31
8 25
9 39
10 35
11 20
12 24
13 14
14 43
15 44
16 37
17 28
18 46
19 19
20 1
21 23
22 13
23 4
24 40
25 7
26 27
27 45
28 22
29 8
30 29
31 41
32 32
33 10
34 11
35 5
36 33
37 16
38 17
39 21
40 3
41 15
42 26
43 30
44 12
45 36
46 47
47 34
SIMILAR

7 6 4 22 38 44 33 34 19 0 23 3 28 39 42 17 13 25 41 30 8 37 18 14 47 24 29 2 27 1 11 9 16 46 31 15 12 20 5 43 36 45 35 10 21 40 26 32 
0 9
1 29
2 27
3 11
4 2
5 38
6 1
7 0
8 20
9 31
10 43
11 30
12 36
13 16
14 23
15 35
16 32
17 15
18 22
19 8
20 37
21 44
22 3
23 10
24 25
25 17
26 46
27 28
28 12
29 26
30 19
31 34
32 47
33 6
34 7
35 42
36 40
37 21
38 4
39 13
40 45
41 18
42 14
43 39
44 5
45 41
46 33
47 24
SIMILAR

41 10 16 4 6 15 27 23 45 26 37 30 44 2 46 42 39 32 19 34 31 29 47 8 36 40 25 33 18 28 20 24 11 22 43 7 35 17 0 13 1 9 38 3 21 14 5 12 
0 38
1 40
2 13
3 43
4 3
5 46
6 4
7 35
8 23
9 41
10 1
11 32
12 47
13 39
14 45
15 5
16 2
17 37
18 28
19 18
20 30
21 44
22 33
23 7
24 31
25 26
26 9
27 6
28 29
29 21
30 11
31 20
32 17
33 27
34 19
35 36
36 24
37 10
38 42
39 16
40 25
41 0
42 15
43 34
44 12
45 8
46 14
47 22
SIMILAR

42 10 32 13 2 36 18 33 41 9 11 1 15 22 35 16 40 3 0 14 21 23 37 6 39 27 20 46 31 8 26 5 24 28 30 44 19 34 47 25 7 4 29 45 38 12 43 17 
0 18
1 11
2 4
3 17
4 41
5 31
6 23
7 40
8 29
9 9
10 1
11 10
12 45
13 3
14 19
15 12
16 15
17 47
18 6
19 36
20 26
21 20
22 13
23 21
24 32
25 39
26 30
27 25
28 33
29 42
30 34
31 28
32 2
33 7
34 37
35 14
36 5
37 22
38 44
39 24
40 16
41 8
42 0
43 46
44 35
45 43
46 27
47 38
SIMILAR

26 2 19 22 9 35 6 14 39 36 41 25 10 30 3 38 44 42 0 24 45 32 8 23 31 4 40 46 16 5 13 33 11 27 47 29 34 28 1 20 43 37 7 18 17 12 21 15 
0 18
1 38
2 1
3 14
4 25
5 29
6 6
7 42
8 22
9 4
10 12
11 32
12 45
13 30
14 7
15 47
16 28
17 44
18 43
19 2
20 39
21 46
22 3
23 23
24 19
25 11
26 0
27 33
28 37
29 35
30 13
31 24
32 21
33 31
34 36
35 5
36 9
37 41
38 15
39 8
40 26
41 10
42 17
43 40
44 16
45 20
46 27
47 34
SIMILAR

47 3 27 33 37 29 14 28 45 9 19 7 42 40 26 12 0 43 31 38 41 17 44 8 39 15 20 23 25 11 36 5 10 6 34 46 2 24 21 30 22 16 18 1 13 32 4 35 
0 16
1 43
2 36
3 1
4 46
5 31
6 33
7 11
8 23
9 9
10 32
11 29
12 15
13 44
14 6
15 25
16 41
17 21
18 42
19 10
20 26
21 38
22 40
23 27
24 37
25 28
26 14
27 2
28 7
29 5
30 39
31 18
32 45
33 3
34 34
35 47
36 30
37 4
38 19
39 24
40 13
41 20
42 12
43 17
44 22
45 8
46 35
47 0
SIMILAR

29 18 31 26 7 37 11 41 25 23 21 33 43 40 8 36 10 13 47 20 16 30 44 42 12 32 1 14 15 34 19 39 4 22 2 17 27 0 38 6 24 45 46 3 35 28 9 5 
0 37
1 26
2 34
3 43
4 32
5 47
6 39
7 4
8 14
9 46
10 16
11 6
12 24
13 17
14 27
15 28
16 20
17 35
18 1
19 30
20 19
21 10
22 33
23 9
24 40
25 8
26 3
27 36
28 45
29 0
30 21
31 2
32 25
33 11
34 29
35 44
36 15
37 5
38 38
39 31
40 13
41 7
42 23
43 12
44 22
45 41
46 42
47 18
SIMILAR

22 33 15 44 28 16 2 41 29 30 23 12 14 31 3 7 35 43 8 6 19 21 13 25 0 36 47 34 32 11 46 20 38 37 42 9 18 26 27 40 1 10 4 24 5 45 17 39 
0 24
1 40
2 6
3 14
4 42
5 44
6 19
7 15
8 18
9 35
10 41
11 29
12 11
13 22
14 12
15 2
16 5
17 46
18 36
19 20
20 31
21 21
22 0
23 10
24 43
25 23
26 37
27 38
28 4
29 8
30 9
31 13
32 28
33 1
34 27
35 16
36 25
37 33
38 32
39 47
40 39
41 7
42 34
43 17
44 3
45 45
46 30
47 26
SIMILAR

9 6 21 26 46 32 30 15 47 16 12 24 18 10 29 17 7 39 28 0 40 45 43 42 27 5 35 25 41 34 31 2 4 37 38 19 8 44 33 36 14 23 22 3 1 13 11 20 
0 19
1 44
2 31
3 43
4 32
5 25
6 1
7 16
8 36
9 0
10 13
11 46
12 10
13 45
14 40
15 7
16 9
17 15
18 12
19 35
20 47
21 2
22 42
23 41
24 11
25 27
26 3
27 24
28 18
29 14
30 6
31 30
32 5
33 38
34 29
35 26
36 39
37 33
38 34
39 17
40 20
41 28
42 23
43 22
44 37
45 21
46 4
47 8
SIMILAR

37 42 19 44 14 18 7 16 30 43 6 24 15 21 33 0 29 4 13 28 2 10 25 39 41 11 26 45 36 32 12 8 27 47 34 3 40 35 23 17 38 9 5 20 31 22 1 46 
0 15
1 46
2 20
3 35
4 17
5 42
6 10
7 6
8 31
9 41
10 21
11 25
12 30
13 18
14 4
15 12
16 7
17 39
18 5
19 2
20 43
21 13
22 45
23 38
24 11
25 22
26 26
27 32
28 19
29 16
30 8
31 44
32 29
33 14
34 34
35 37
36 28
37 0
38 40
39 23
40 36
41 24
42 1
43 9
44 3
45 27
46 47
47 33
SIMILAR

12 16 44 36 1 21 17 18 7 40 27 8 33 25 38 10 45 24 5 35 19 46 43 3 0 4 20 29 41 31 2 9 30 22 42 34 37 14 6 32 39 11 28 47 15 23 13 26 
0 24
1 4
2 30
3 23
4 25
5 18
6 38
7 8
8 11
9 31
10 15
11 41
12 0
13 46
14 37
15 44
16 1
17 6
18 7
19 20
20 26
21 5
22 33
23 45
24 17
25 13
26 47
27 10
28 42
29 27
30 32
31 29
32 39
33 12
34 35
35 19
36 3
37 36
38 14
39 40
40 9
41 28
42 34
43 22
44 2
45 16
46 21
47 43
SIMILAR

43 13 16 22 9 19 8 20 40 36 0 32 33 30 47 18 25 17 39 28 5 38 42 34 44 35 3 26 31 2 27 1 12 46 11 15 23 7 41 4 21 37 10 24 6 29 45 14 
0 10
1 31
2 29
3 26
4 39
5 20
6 44
7 37
8 6
9 4
10 42
11 34
12 32
13 1
14 47
15 35
16 2
17 17
18 15
19 5
20 7
21 40
22 3
23 36
24 43
25 16
26 27
27 30
28 19
29 45
30 13
31 28
32 11
33 12
34 23
35 25
36 9
37 41
38 21
39 18
40 8
41 38
42 22
43 0
44 24
45 46
46 33
47 14
SIMILAR

23 44 33 9 35 41 43 7 3 26 5 17 45 15 8 6 37 16 13 29 20 1 32 27 42 46 24 40 36 30 47 31 2 14 11 18 4 39 10 22 21 28 25 12 38 0 19 34 
0 45
1 21
2 32
3 8
4 36
5 10
6 15
7 7
8 14
9 3
10 38
11 34
12 43
13 18
14 33
15 13
16 17
17 11
18 35
19 46
20 20
21 40
22 39
23 0
24 26
25 42
26 9
27 23
28 41
29 19
30 29
31 31
32 22
33 2
34 47
35 4
36 28
37 16
38 44
39 37
40 27
41 5
42 24
43 6
44 1
45 12
46 25
47 30
SIMILAR

20 0 9 12 2 31 25 11 6 43 29 41 22 46 14 45 19 13 7 39 17 34 33 35 8 36 23 10 5 27 28 1 24 26 44 3 47 15 38 21 4 42 37 18 16 30 40 32 
0 1
1 31
2 4
3 35
4 40
5 28
6 8
7 18
8 24
9 2
10 27
11 7
12 3
13 17
14 14
15 37
16 44
17 20
18 43
19 16
20 0
21 39
22 12
23 26
24 32
25 6
26 33
27 29
28 30
29 10
30 45
31 5
32 47
33 22
34 21
35 23
36 25
37 42
38 38
39 19
40 46
41 11
42 41
43 9
44 34
45 15
46 13
47 36
SIMILAR

21 3 26 1 30 47 23 36 11 10 43 12 40 5 34 22 32 45 7 42 15 2 8 13 17 14 28 9 6 25 24 33 19 16 38 20 37 41 27 31 44 29 39 0 18 46 4 35 
0 43
1 3
2 21
3 1
4 46
5 13
6 28
7 18
8 22
9 27
10 9
11 8
12 11
13 23
14 25
15 20
16 33
17 24
18 44
19 32
20 35
21 0
22 15
23 6
24 30
25 29
26 2
27 38
28 26
29 41
30 4
31 39
32 16
33 31
34 14
35 47
36 7
37 36
38 34
39 42
40 12
41 37
42 19
43 10
44 40
45 17
46 45
47 5
SIMILAR

19 7 45 23 10 35 1 34 5 30 14 29 46 15 17 11 6 3 33 12 20 42 21 39 47 43 18 9 31 37 27 44 16 0 25 22 24 26 13 41 40 32 38 28 8 36 4 2 
0 33
1 6
2 47
3 17
4 46
5 8
6 16
7 1
8 44
9 27
10 4
11 15
12 19
13 38
14 10
15 13
16 32
17 14
18 26
19 0
20 20
21 22
22 35
23 3
24 36
25 34
26 37
27 30
28 43
29 11
30 9
31 28
32 41
33 18
34 7
35 5
36 45
37 29
38 42
39 23
40 40
41 39
42 21
43 25
44 31
45 2
46 12
47 24
SIMILAR

4 12 29 26 40 32 20 21 1 10 14 30 46 8 25 24 42 39 31 35 0 13 9 2 23 6 5 34 7 27 11 15 33 47 18 19 44 28 22 41 43 38 17 45 36 16 37 3 
0 20
1 8
2 23
3 47
4 0
5 26
6 25
7 28
8 13
9 22
10 9
11 30
12 1
13 21
14 10
15 31
16 45
17 42
18 34
19 35
20 6
21 7
22 38
23 24
24 15
25 14
26 3
27 29
28 37
29 2
30 11
31 18
32 5
33 32
34 27
35 19
36 44
37 46
38 41
39 17
40 4
41 39
42 16
43 40
44 36
45 43
46 12
47 33
SIMILAR

40 16 15 25 17 9 26 45 30 29 1 47 11 18 37 31 41 0 36 19 38 44 33 22 20 27 28 6 46 23 34 24 12 7 10 35 32 2 4 13 43 5 39 14 21 3 8 42 
0 17
1 10
2 37
3 45
4 38
5 41
6 27
7 33
8 46
9 5
10 34
11 12
12 32
13 39
14 43
15 2
16 1
17 4
18 13
19 19
20 24
21 44
22 23
23 29
24 31
25 3
26 6
27 25
28 26
29 9
30 8
31 15
32 36
33 22
34 30
35 35
36 18
37 14
38 20
39 42
40 0
41 16
42 47
43 40
44 21
45 7
46 28
47 11
SIMILAR

21 27 36 35 41 17 32 43 16 10 2 1 25 34 12 18 19 14 42 26 23 30 11 15 45 29 20 22 7 13 6 37 31 39 40 46 24 3 0 38 9 5 33 8 44 4 28 47 
0 38
1 11
2 10
3 37
4 45
5 41
6 30
7 28
8 43
9 40
10 9
11 22
12 14
13 29
14 17
15 23
16 8
17 5
18 15
19 16
20 26
21 0
22 27
23 20
24 36
25 12
26 19
27 1
28 46
29 25
30 21
31 32
32 6
33 42
34 13
35 3
36 2
37 31
38 39
39 33
40 34
41 4
42 18
43 7
44 44
45 24
46 35
47 47
SIMILAR

13 43 3 2 46 28 24 29 38 11 9 32 23 33 7 35 21 37 15 12 30 22 5 47 10 36 8 26 34 27 6 39 4 41 18 45 25 19 44 0 14 17 20 31 40 1 16 42 
0 39
1 45
2 3
3 2
4 32
5 22
6 30
7 14
8 26
9 10
10 24
11 9
12 19
13 0
14 40
15 18
16 46
17 41
18 34
19 37
20 42
21 16
22 21
23 12
24 6
25 36
26 27
27 29
28 5
29 7
30 20
31 43
32 11
33 13
34 28
35 15
36 25
37 17
38 8
39 31
40 44
41 33
42 47
43 1
44 38
45 35
46 4
47 23
SIMILAR

1 2 11 44 8 4 33 19 18 43 6 22 38 30 24 45 3 36 37 28 32 14 20 34 31 12 29 16 10 13 7 15 21 46 41 9 47 40 5 35 39 42 23 17 26 25 27 0 
0 47
1 0
2 1
3 16
4 5
5 38
6 10
7 30
8 4
9 35
10 28
11 2
12 25
13 29
14 21
15 31
16 27
17 43
18 8
19 7
20 22
21 32
22 11
23 42
24 14
25 45
26 44
27 46
28 19
29 26
30 13
31 24
32 20
33 6
34 23
35 39
36 17
37 18
38 12
39 40
40 37
41 34
42 41
43 9
44 3
45 15
46 33
47 36
SIMILAR

10 46 0 40 39 29 1 34 33 27 26 20 25 14 45 15 43 41 5 32 19 13 47 44 31 4 36 9 35 12 38 6 21 28 30 18 17 16 3 42 11 2 8 22 24 7 23 37 
0 2
1 6
2 41
3 38
4 25
5 18
6 31
7 45
8 42
9 27
10 0
11 40
12 29
13 21
14 13
15 15
16 37
17 36
18 35
19 20
20 11
21 32
22 43
23 46
24 44
25 12
26 10
27 9
28 33
29 5
30 34
31 24
32 19
33 8
34 7
35 28
36 26
37 47
38 30
39 4
40 3
41 17
42 39
43 16
44 23
45 14
46 1
47 22
SIMILAR

22 17 47 40 2 6 20 28 31 11 44 15 25 45 12 37 24 3 38 33 14 42 5 8 29 34 39 4 27 41 23 19 35 30 32 26 13 43 16 1 9 46 21 18 36 10 0 7 
0 46
1 39
2 4
3 17
4 27
5 22
6 5
7 47
8 23
9 40
10 45
11 9
12 14
13 36
14 20
15 11
16 38
17 1
18 43
19 31
20 6
21 42
22 0
23 30
24 16
25 12
26 35
27 28
28 7
29 24
30 33
31 8
32 34
33 19
34 25
35 32
36 44
37 15
38 18
39 26
40 3
41 29
42 21
43 37
44 10
45 13
46 41
47 2
SIMILAR

27 29 24 33 19 9 44 26 34 13 43 17 37 8 0 30 42 25 6 4 7 5 31 35 1 45 23 2 36 39 47 21 12 41 40 32 22 46 14 11 15 10 38 3 28 18 16 20 
0 14
1 24
2 27
3 43
4 19
5 21
6 18
7 20
8 13
9 5
10 41
11 39
12 32
13 9
14 38
15 40
16 46
17 11
18 45
19 4
20 47
21 31
22 36
23 26
24 2
25 17
26 7
27 0
28 44
29 1
30 15
31 22
32 35
33 3
34 8
35 23
36 28
37 12
38 42
39 29
40 34
41 33
42 16
43 10
44 6
45 25
46 37
47 30
SIMILAR

16 31 40 35 38 22 34 32 25 20 44 37 3 21 42 17 2 43 9 26 47 19 10 0 4 46 1 28 11 13 39 18 15 5 23 6 36 12 7 33 8 24 14 45 29 27 41 30 
0 23
1 26
2 16
3 12
4 24
5 33
6 35
7 38
8 40
9 18
10 22
11 28
12 37
13 29
14 42
15 32
16 0
17 15
18 31
19 21
20 9
21 13
22 5
23 34
24 41
25 8
26 19
27 45
28 27
29 44
30 47
31 1
32 7
33 39
34 6
35 3
36 36
37 11
38 4
39 30
40 2
41 46
42 14
43 17
44 10
45 43
46 25
47 20
SIMILAR

0 9 20 16 35 21 2 29 27 38 18 3 13 25 12 5 10 26 14 41 30 8 7 22 6 19 37 1 45 42 28 33 17 31 44 46 23 40 24 15 32 47 4 43 36 34 11 39 
0 0
1 27
2 6
3 11
4 42
5 15
6 24
7 22
8 21
9 1
10 16
11 46
12 14
13 12
14 18
15 39
16 3
17 32
18 10
19 25
20 2
21 5
22 23
23 36
24 38
25 13
26 17
27 8
28 30
29 7
30 20
31 33
32 40
33 31
34 45
35 4
36 44
37 26
38 9
39 47
40 37
41 19
42 29
43 43
44 34
45 28
46 35
47 41
SIMILAR

0 5 10 18 16 15 8 38 37 11 27 46 25 2 30 28 3 17 6 40 39 31 20 23 44 33 19 1 7 29 9 43 34 26 24 36 41 47 45 12 13 4 21 22 14 42 35 32 
0 0
1 27
2 13
3 16
4 41
5 1
6 18
7 28
8 6
9 30
10 2
11 9
12 39
13 40
14 44
15 5
16 4
17 17
18 3
19 26
20 22
21 42
22 43
23 23
24 34
25 12
26 33
27 10
28 15
29 29
30 14
31 21
32 47
33 25
34 32
35 46
36 35
37 8
38 7
39 20
40 19
41 36
42 45
43 31
44 24
45 38
46 11
47 37
SIMILAR

11 21 1 19 43 33 0 6 5 9 45 17 14 42 10 8 29 40 27 18 22 38 4 36 46 15 3 41 37 12 34 16 7 32 28 30 24 20 23 31 44 2 35 25 13 39 47 26 
0 6
1 2
2 41
3 26
4 22
5 8
6 7
7 32
8 15
9 9
10 14
11 0
12 29
13 44
14 12
15 25
16 31
17 11
18 19
19 3
20 37
21 1
22 20
23 38
24 36
25 43
26 47
27 18
28 34
29 16
30 35
31 39
32 33
33 5
34 30
35 42
36 23
37 28
38 21
39 45
40 17
41 27
42 13
43 4
44 40
45 10
46 24
47 46
SIMILAR

20 40 31 3 32 8 38 25 44 39 29 23 34 16 11 27 35 42 36 41 13 24 22 10 43 19 30 28 12 0 5 2 21 14 46 15 7 1 45 26 33 17 37 4 9 47 6 18 
0 29
1 37
2 31
3 3
4 43
5 30
6 46
7 36
8 5
9 44
10 23
11 14
12 28
13 20
14 33
15 35
16 13
17 41
18 47
19 25
20 0
21 32
22 22
23 11
24 21
25 7
26 39
27 15
28 27
29 10
30 26
31 2
32 4
33 40
34 12
35 16
36 18
37 42
38 6
39 9
40 1
41 19
42 17
43 24
44 8
45 38
46 34
47 45
SIMILAR

16 37 31 7 5 21 38 41 33 4 17 14 8 9 36 43 28 46 42 25 29 45 12 22 0 13 3 35 19 26 47 6 1 20 11 30 40 18 23 15 32 44 34 27 39 24 2 10 
0 24
1 32
2 46
3 26
4 9
5 4
6 31
7 3
8 12
9 13
10 47
11 34
12 22
13 25
14 11
15 39
16 0
17 10
18 37
19 28
20 33
21 5
22 23
23 38
24 45
25 19
26 29
27 43
28 16
29 20
30 35
31 2
32 40
33 8
34 42
35 27
36 14
37 1
38 6
39 44
40 36
41 7
42 18
43 15
44 41
45 21
46 17
47 30
SIMILAR

30 14 47 15 19 2 40 36 8 37 16 32 31 3 29 5 28 20 24 26 23 11 7 1 4 27 44 9 25 18 10 43 22 46 12 35 21 13 45 33 42 39 41 17 0 6 34 38 
0 44
1 23
2 5
3 13
4 24
5 15
6 45
7 22
8 8
9 27
10 30
11 21
12 34
13 37
14 1
15 3
16 10
17 43
18 29
19 4
20 17
21 36
22 32
23 20
24 18
25 28
26 19
27 25
28 16
29 14
30 0
31 12
32 11
33 39
34 46
35 35
36 7
37 9
38 47
39 41
40 6
41 42
42 40
43 31
44 26
45 38
46 33
47 2
SIMILAR

39 5 14 34 6 3 43 0 28 40 17 2 25 21 24 35 42 44 45 16 27 38 1 9 47 8 29 13 10 26 12 18 32 7 22 37 46 31 20 15 41 11 4 33 19 23 36 30 
0 7
1 22
2 11
3 5
4 42
5 1
6 4
7 33
8 25
9 23
10 28
11 41
12 30
13 27
14 2
15 39
16 19
17 10
18 31
19 44
20 38
21 13
22 34
23 45
24 14
25 12
26 29
27 20
28 8
29 26
30 47
31 37
32 32
33 43
34 3
35 15
36 46
37 35
38 21
39 0
40 9
41 40
42 16
43 6
44 17
45 18
46 36
47 24
SIMILAR

18 40 3 28 12 43 15 17 37 41 45 46 9 38 34 22 1 16 39 8 0 26 11 4 33 30 29 32 27 5 2 24 6 44 23 21 42 10 13 20 7 31 47 36 35 14 25 19 
0 20
1 16
2 30
3 2
4 23
5 29
6 32
7 40
8 19
9 12
10 37
11 22
12 4
13 38
14 45
15 6
16 17
17 7
18 0
19 47
20 39
21 35
22 15
23 34
24 31
25 46
26 21
27 28
28 3
29 26
30 25
31 41
32 27
33 24
34 14
35 44
36 43
37 8
38 13
39 18
40 1
41 9
42 36
43 5
44 33
45 10
46 11
47 42
SIMILAR

44 15 40 28 0 41 17 18 21 24 34 25 6 31 10 45 43 38 14 8 46 7 19 39 4 9 27 5 35 2 47 20 37 30 3 12 22 23 13 11 29 36 33 1 26 16 32 42 
0 4
1 43
2 29
3 34
4 24
5 27
6 12
7 21
8 19
9 25
10 14
11 39
12 35
13 38
14 18
15 1
16 45
17 6
18 7
19 22
20 31
21 8
22 36
23 37
24 9
25 11
26 44
27 26
28 3
29 40
30 33
31 13
32 46
33 42
34 10
35 28
36 41
37 32
38 17
39 23
40 2
41 5
42 47
43 16
44 0
45 15
46 20
47 30
SIMILAR
100 0
4700 0
444700 0
