48
0 0 1 0 0 1 1 0 1 1 1 1 0 1 1 0 1 1 0 1 0 1 1 0 1 1 1 1 0 1 1 0 0 1 0 1 1 0 0 1 1 0 1 1 0 0 0 1 
0 0 1 1 1 0 0 0 1 0 0 0 1 0 1 0 1 0 0 1 1 1 1 0 0 0 1 1 1 1 0 0 1 1 0 1 0 1 1 1 0 0 0 1 1 1 1 1 
1 1 0 0 0 0 0 0 0 1 0 0 1 1 1 0 0 0 0 1 1 1 1 1 1 0 1 1 0 1 0 1 0 1 0 0 1 0 1 0 0 1 1 1 0 1 1 0 
0 1 0 0 1 1 0 1 0 1 0 1 1 1 0 0 0 0 0 1 0 1 0 0 0 1 0 1 1 1 1 0 0 0 0 1 0 1 1 1 1 0 0 0 1 0 1 1 
0 1 0 1 0 0 0 0 1 0 1 0 0 1 1 1 1 0 1 1 0 0 1 1 0 0 0 0 0 1 1 0 0 1 0 0 1 0 1 1 0 0 1 0 1 1 1 1 
1 0 0 1 0 0 0 0 1 0 1 0 1 1 0 1 1 1 0 0 1 0 1 0 1 1 1 0 0 1 0 0 1 1 0 1 1 1 0 1 0 0 0 0 1 1 1 1 
1 0 0 0 0 0 0 0 1 1 0 0 1 0 0 1 1 1 1 0 1 0 0 0 0 1 1 1 1 0 1 1 0 0 0 1 0 0 1 1 1 0 1 1 1 1 0 0 
0 0 0 1 0 0 0 0 0 1 0 0 0 1 1 1 1 1 1 1 1 0 1 0 0 0 0 0 1 1 1 0 1 0 0 1 1 0 0 1 1 1 0 0 1 1 0 1 
1 1 0 0 1 1 1 0 0 0 1 0 0 0 1 0 1 1 1 0 0 1 0 0 1 1 1 1 0 1 1 0 0 1 0 1 1 0 0 1 1 1 0 1 1 0 0 0 
1 0 1 1 0 0 1 1 0 0 0 1 1 1 0 1 0 0 1 1 1 1 1 0 0 1 1 0 1 1 0 1 1 0 0 0 1 0 1 1 0 1 1 1 1 0 1 0 
1 0 0 0 1 1 0 0 1 0 0 1 1 1 1 0 1 1 1 0 0 1 1 0 0 1 1 0 1 1 1 1 1 0 0 1 1 1 1 0 1 1 0 1 0 1 1 1 
1 0 0 1 0 0 0 0 0 1 1 0 1 0 1 0 1 0 1 1 1 0 1 1 1 0 0 1 1 0 1 0 1 0 1 1 0 0 0 0 0 1 1 1 1 1 1 0 
0 1 1 1 0 1 1 0 0 1 1 1 0 0 0 0 0 1 0 0 0 1 0 1 1 1 0 1 1 0 0 1 1 1 0 0 0 1 1 0 0 0 1 0 1 0 0 0 
1 0 1 1 1 1 0 1 0 1 1 0 0 0 0 1 1 1 1 1 0 0 0 0 0 0 1 0 0 1 0 0 1 1 1 1 1 1 0 1 1 1 1 1 0 0 0 1 
1 1 1 0 1 0 0 1 1 0 1 1 0 0 0 1 1 0 0 0 0 1 0 0 1 1 1 1 1 1 1 1 1 1 1 0 0 1 0 0 1 1 0 0 1 0 1 0 
0 0 0 0 1 1 1 1 0 1 0 0 0 1 1 0 1 0 0 0 0 0 1 0 0 1 0 0 1 1 1 0 1 1 1 1 0 0 0 0 1 1 1 1 1 0 1 0 
1 1 0 0 1 1 1 1 1 0 1 1 0 1 1 1 0 1 1 1 0 0 0 0 0 0 0 1 1 0 1 1 0 0 1 0 1 0 0 1 1 1 0 0 1 0 1 1 
1 0 0 0 0 1 1 1 1 0 1 0 1 1 0 0 1 0 1 1 1 0 1 1 1 0 0 0 1 0 1 0 0 1 1 1 1 0 0 0 1 0 0 0 1 0 0 0 
0 0 0 0 1 0 1 1 1 1 1 1 0 1 0 0 1 1 0 1 1 1 0 0 1 1 1 1 0 0 1 0 1 1 0 0 1 1 1 1 1 0 1 1 0 0 0 0 
1 1 1 1 1 0 0 1 0 1 0 1 0 1 0 0 1 1 1 0 1 0 0 1 0 0 0 0 1 0 0 0 0 0 0 1 0 1 0 0 0 0 1 0 0 1 1 1 
0 1 1 0 0 1 1 1 0 1 0 1 0 0 0 0 0 1 1 1 0 1 0 0 1 0 0 1 0 1 1 0 0 0 1 1 0 0 0 0 1 1 1 0 0 1 0 0 
1 1 1 1 0 0 0 0 1 1 1 0 1 0 1 0 0 0 1 0 1 0 0 1 0 0 1 0 1 0 1 0 0 1 0 0 0 0 0 0 0 0 0 0 0 0 1 0 
1 1 1 0 1 1 0 1 0 1 1 1 0 0 0 1 0 1 0 0 0 0 0 1 1 0 1 0 1 1 1 0 0 0 1 1 1 0 1 0 1 0 1 1 1 0 0 1 
0 0 1 0 1 0 0 0 0 0 0 1 1 0 0 0 0 1 0 1 0 1 1 0 0 0 1 0 1 1 0 1 1 0 0 0 1 1 1 0 1 1 0 0 1 0 1 1 
1 0 1 0 0 1 0 0 1 0 0 1 1 0 1 0 0 1 1 0 1 0 1 0 0 1 0 1 1 1 0 1 0 1 1 1 0 0 0 0 0 1 0 0 0 1 0 1 
1 0 0 1 0 1 1 0 1 1 1 0 1 0 1 1 0 0 1 0 0 0 0 0 1 0 0 1 0 0 1 0 1 0 1 1 0 1 1 1 0 1 0 1 0 0 0 0 
1 1 1 0 0 1 1 0 1 1 1 0 0 1 1 0 0 0 1 0 0 1 1 1 0 0 0 0 1 0 0 1 0 1 0 1 1 0 0 0 0 1 1 1 1 0 1 0 
1 1 1 1 0 0 1 0 1 0 0 1 1 0 1 0 1 0 1 0 1 0 0 0 1 1 0 0 0 1 0 0 0 0 0 0 0 0 0 0 0 0 0 1 1 0 0 1 
0 1 0 1 0 0 1 1 0 1 1 1 1 0 1 1 1 1 0 1 0 1 1 1 1 0 1 0 0 1 0 0 0 1 1 0 0 1 1 1 0 0 0 1 1 1 0 0 
1 1 1 1 1 1 0 1 1 1 1 0 0 1 1 1 0 0 0 0 1 0 1 1 1 0 0 1 1 0 0 0 1 0 0 0 0 1 1 1 1 0 0 0 0 1 1 1 
1 0 0 1 1 0 1 1 1 0 1 1 0 0 1 1 1 1 1 0 1 1 1 0 0 1 0 0 0 0 0 0 1 1 0 0 1 1 1 1 1 1 0 1 1 0 0 1 
0 0 1 0 0 0 1 0 0 1 1 0 1 0 1 0 1 0 0 0 0 0 0 1 1 0 1 0 0 0 0 0 1 1 1 0 1 0 0 1 0 1 1 1 1 0 0 0 
0 1 0 0 0 1 0 1 0 1 1 1 1 1 1 1 0 0 1 0 0 0 0 1 0 1 0 0 0 1 1 1 0 1 0 0 1 1 1 0 1 1 0 0 0 0 1 1 
1 1 1 0 1 1 0 0 1 0 0 0 1 1 1 1 0 1 1 0 0 1 0 0 1 0 1 0 1 0 1 1 1 0 0 1 0 1 1 0 1 1 1 1 0 0 0 0 
0 0 0 0 0 0 0 0 0 0 0 1 0 1 1 1 1 1 0 0 1 0 1 0 1 1 0 0 1 0 0 1 0 0 0 0 1 0 1 0 1 1 1 1 0 1 0 1 
1 1 0 1 0 1 1 1 1 0 1 1 0 1 0 1 0 1 0 1 1 0 1 0 1 1 1 0 0 0 0 0 0 1 0 0 1 0 1 0 1 1 1 1 1 1 0 1 
1 0 1 0 1 1 0 1 1 1 1 0 0 1 0 0 1 1 1 0 0 0 1 1 0 0 1 0 0 0 1 1 1 0 1 1 0 1 0 1 0 1 1 0 0 1 1 1 
0 1 0 1 0 1 0 0 0 0 1 0 1 1 1 0 0 0 1 1 0 0 0 1 0 1 0 0 1 1 1 0 1 1 0 0 1 0 0 0 0 1 0 1 1 1 1 1 
0 1 1 1 1 0 1 0 0 1 1 0 1 0 0 0 0 0 1 0 0 0 1 1 0 1 0 0 1 1 1 0 1 1 1 1 0 0 0 0 1 0 1 1 1 0 0 0 
1 1 0 1 1 1 1 1 1 1 0 0 0 1 0 0 1 0 1 0 0 0 0 0 0 1 0 0 1 1 1 1 0 0 0 0 1 0 0 0 1 0 1 1 1 1 0 0 
1 0 0 1 0 0 1 1 1 0 1 0 0 1 1 1 1 1 1 0 1 0 1 1 0 0 0 0 0 1 1 0 1 1 1 1 0 0 1 1 0 1 0 1 1 1 1 0 
0 0 1 0 0 0 0 1 1 1 1 1 0 1 1 1 1 0 0 0 1 0 0 1 1 1 1 0 0 0 1 1 1 1 1 1 1 1 0 0 1 0 0 1 1 1 1 1 
1 0 1 0 1 0 1 0 0 1 0 1 1 1 0 1 0 0 1 1 1 0 1 0 0 0 1 0 0 0 0 1 0 1 1 1 1 0 1 1 0 0 0 0 1 1 0 0 
1 1 1 0 0 0 1 0 1 1 1 1 0 1 0 1 0 0 1 0 0 0 1 0 0 1 1 1 1 0 1 1 0 1 1 1 0 1 1 1 1 1 0 0 0 0 0 0 
0 1 0 1 1 1 1 1 1 1 0 1 1 0 1 1 1 1 0 0 0 0 1 1 0 0 1 1 1 0 1 1 0 0 0 1 0 1 1 1 1 1 1 0 0 0 0 1 
0 1 1 0 1 1 1 1 0 0 1 1 0 0 0 0 0 0 0 1 1 0 0 0 1 0 0 0 1 1 0 0 0 0 1 1 1 1 0 1 1 1 1 0 0 0 1 1 
0 1 1 1 1 1 0 0 0 1 1 1 0 0 1 1 1 0 0 1 0 1 0 1 0 0 1 0 0 1 0 0 1 0 0 0 1 1 0 0 1 1 0 0 0 1 0 0 
1 1 0 1 1 1 0 1 0 0 1 0 0 1 0 0 1 0 0 1 0 0 1 1 1 0 0 1 0 1 1 0 1 0 1 1 1 1 0 0 0 1 0 0 1 1 0 0 

37 3 38 31 11 17 32 14 23 13 16 28 10 39 22 40 25 1 35 27 5 44 7 33 45 19 9 34 46 24 30 36 29 43 2 0 4 15 8 41 18 6 12 26 47 42 20 21 
0 35
1 17
2 34
3 1
4 36
5 20
6 41
7 22
8 38
9 26
10 12
11 4
12 42
13 9
14 7
15 37
16 10
17 5
18 40
19 25
20 46
21 47
22 14
23 8
24 29
25 16
26 43
27 19
28 11
29 32
30 30
31 3
32 6
33 23
34 27
35 18
36 31
37 0
38 2
39 13
40 15
41 39
42 45
43 33
44 21
45 24
46 28
47 44
SIMILAR

46 18 0 36 24 13 29 11 12 39 2 41 47 14 35 32 5 31 16 30 7 8 20 38 34 4 27 43 40 26 22 37 42 23 3 28 10 1 45 33 21 9 6 15 25 17 19 44 
0 2
1 37
2 10
3 34
4 25
5 16
6 42
7 20
8 21
9 41
10 36
11 7
12 8
13 5
14 13
15 43
16 18
17 45
18 1
19 46
20 22
21 40
22 30
23 33
24 4
25 44
26 29
27 26
28 35
29 6
30 19
31 17
32 15
33 39
34 24
35 14
36 3
37 31
38 23
39 9
40 28
41 11
42 32
43 27
44 47
45 38
46 0
47 12
SIMILAR

14 12 22 32 1 42 38 9 3 20 34 0 5 10 46 28 11 27 2 35 8 6 45 39 4 15 47 24 37 30 13 18 33 43 36 40 44 19 17 41 21 7 25 23 16 26 29 31 
0 11
1 4
2 18
3 8
4 24
5 12
6 21
7 41
8 20
9 7
10 13
11 16
12 1
13 30
14 0
15 25
16 44
17 38
18 31
19 37
20 9
21 40
22 2
23 43
24 27
25 42
26 45
27 17
28 15
29 46
30 29
31 47
32 3
33 32
34 10
35 19
36 34
37 28
38 6
39 23
40 35
41 39
42 5
43 33
44 36
45 22
46 14
47 26
SIMILAR

42 12 34 29 9 35 26 1 18 45 13 17 47 27 37 3 24 22 21 43 16 19 23 40 6 2 28 33 14 36 11 5 15 31 4 41 10 7 30 20 38 46 0 44 8 32 25 39 
0 42
1 7
2 25
3 15
4 34
5 31
6 24
7 37
8 44
9 4
10 36
11 30
12 1
13 10
14 28
15 32
16 20
17 11
18 8
19 21
20 39
21 18
22 17
23 22
24 16
25 46
26 6
27 13
28 26
29 3
30 38
31 33
32 45
33 27
34 2
35 5
36 29
37 14
38 40
39 47
40 23
41 35
42 0
43 19
44 43
45 9
46 41
47 12
SIMILAR

11 0 6 47 16 31 21 23 25 27 39 30 3 9 40 26 1 28 4 12 13 35 33 8 22 17 10 24 32 37 19 45 14 41 44 2 18 15 43 20 29 7 46 42 34 36 38 5 
0 1
1 16
2 35
3 12
4 18
5 47
6 2
7 41
8 23
9 13
10 26
11 0
12 19
13 20
14 32
15 37
16 4
17 25
18 36
19 30
20 39
21 6
22 24
23 7
24 27
25 8
26 15
27 9
28 17
29 40
30 11
31 5
32 28
33 22
34 44
35 21
36 45
37 29
38 46
39 10
40 14
41 33
42 43
43 38
44 34
45 31
46 42
47 3
SIMILAR

8 36 17 42 21 27 32 3 30 40 45 29 12 25 19 47 37 20 41 1 6 5 26 2 14 9 39 31 16 28 7 24 34 38 4 10 22 18 43 0 35 15 44 23 33 13 46 11 
0 39
1 19
2 23
3 7
4 34
5 21
6 20
7 30
8 0
9 25
10 35
11 47
12 12
13 45
14 24
15 41
16 28
17 2
18 37
19 14
20 17
21 4
22 36
23 43
24 31
25 13
26 22
27 5
28 29
29 11
30 8
31 27
32 6
33 44
34 32
35 40
36 1
37 16
38 33
39 26
40 9
41 18
42 3
43 38
44 42
45 10
46 46
47 15
SIMILAR

36 39 29 21 46 4 37 44 11 18 5 47 35 14 9 43 6 25 15 24 10 19 7 12 34 8 41 30 23 20 26 38 28 1 32 40 17 16 22 45 3 31 2 33 13 42 0 27 
0 46
1 33
2 42
3 40
4 5
5 10
6 16
7 22
8 25
9 14
10 20
11 8
12 23
13 44
14 13
15 18
16 37
17 36
18 9
19 21
20 29
21 3
22 38
23 28
24 19
25 17
26 30
27 47
28 32
29 2
30 27
31 41
32 34
33 43
34 24
35 12
36 0
37 6
38 31
39 1
40 35
41 26
42 45
43 15
44 7
45 39
46 4
47 11
SIMILAR

23 12 41 6 37 24 1 38 15 8 46 39 33 13 21 29 32 17 43 31 7 25 22 44 28 47 4 0 45 18 3 30 10 26 36 35 42 2 11 40 14 9 16 34 20 19 5 27 
0 27
1 6
2 37
3 30
4 26
5 46
6 3
7 20
8 9
9 41
10 32
11 38
12 1
13 13
14 40
15 8
16 42
17 17
18 29
19 45
20 44
21 14
22 22
23 0
24 5
25 21
26 33
27 47
28 24
29 15
30 31
31 19
32 16
33 12
34 43
35 35
36 34
37 4
38 7
39 11
40 39
41 2
42 36
43 18
44 23
45 28
46 10
47 25
SIMILAR

25 2 6 19 9 34 27 0 42 4 39 38 22 21 28 14 15 18 23 43 45 26 41 33 29 13 35 44 11 47 32 30 8 20 16 36 17 24 10 7 3 31 12 37 5 40 1 46 
0 7
1 46
2 1
3 40
4 9
5 44
6 2
7 39
8 32
9 4
10 38
11 28
12 42
13 25
14 15
15 16
16 34
17 36
18 17
19 3
20 33
21 13
22 12
23 18
24 37
25 0
26 21
27 6
28 14
29 24
30 31
31 41
32 30
33 23
34 5
35 26
36 35
37 43
38 11
39 10
40 45
41 22
42 8
43 19
44 27
45 20
46 47
47 29
SIMILAR

8 13 17 7 28 38 5 31 9 6 47 39 0 14 12 3 46 26 4 21 36 29 20 43 23 37 35 15 40 2 1 41 42 24 25 19 33 45 34 16 30 22 27 32 10 18 11 44 
0 12
1 30
2 29
3 15
4 18
5 6
6 9
7 3
8 0
9 8
10 44
11 46
12 14
13 1
14 13
15 27
16 39
17 2
18 45
19 35
20 22
21 19
22 41
23 24
24 33
25 34
26 17
27 42
28 4
29 21
30 40
31 7
32 43
33 36
34 38
35 26
36 20
37 25
38 5
39 11
40 28
41 31
42 32
43 23
44 47
45 37
46 16
47 10
SIMILAR

34 40 10 36 33 32 24 6 35 2 45 30 9 44 14 47 23 26 19 31 22 41 7 21 37 18 11 8 16 0 15 43 42 4 38 12 28 17 20 29 1 25 5 27 3 39 46 13 
0 29
1 40
2 9
3 44
4 33
5 42
6 7
7 22
8 27
9 12
10 2
11 26
12 35
13 47
14 14
15 30
16 28
17 37
18 25
19 18
20 38
21 23
22 20
23 16
24 6
25 41
26 17
27 43
28 36
29 39
30 11
31 19
32 5
33 4
34 0
35 8
36 3
37 24
38 34
39 45
40 1
41 21
42 32
43 31
44 13
45 10
46 46
47 15
SIMILAR

34 38 3 18 29 19 4 27 2 40 42 35 31 36 0 12 15 44 46 5 32 43 6 16 14 20 23 47 8 22 24 9 41 7 21 13 37 17 30 1 25 45 33 26 28 39 11 10 
0 14
1 39
2 8
3 2
4 6
5 19
6 22
7 33
8 28
9 31
10 47
11 46
12 15
13 35
14 24
15 16
16 23
17 37
18 3
19 5
20 25
21 34
22 29
23 26
24 30
25 40
26 43
27 7
28 44
29 4
30 38
31 12
32 20
33 42
34 0
35 11
36 13
37 36
38 1
39 45
40 9
41 32
42 10
43 21
44 17
45 41
46 18
47 27
SIMILAR

40 41 0 12 3 25 23 18 47 34 30 13 22 21 32 8 11 24 10 19 46 15 14 7 1 31 43 9 37 39 20 36 27 6 29 4 42 5 2 35 26 33 28 44 45 16 17 38 
0 2
1 24
2 38
3 4
4 35
5 37
6 33
7 23
8 15
9 27
10 18
11 16
12 3
13 11
14 22
15 21
16 45
17 46
18 7
19 19
20 30
21 13
22 12
23 6
24 17
25 5
26 40
27 32
28 42
29 34
30 10
31 25
32 14
33 41
34 9
35 39
36 31
37 28
38 47
39 29
40 0
41 1
42 36
43 26
44 43
45 44
46 20
47 8
SIMILAR

13 23 20 36 26 10 35 42 33 44 3 46 25 11 5 41 16 0 4 38 8 19 24 30 1 43 22 18 7 9 39 32 34 37 12 29 17 45 14 31 6 21 47 15 40 27 28 2 
0 17
1 24
2 47
3 10
4 18
5 14
6 40
7 28
8 20
9 29
10 5
11 13
12 34
13 0
14 38
15 43
16 16
17 36
18 27
19 21
20 2
21 41
22 26
23 1
24 22
25 12
26 4
27 45
28 46
29 35
30 23
31 39
32 31
33 8
34 32
35 6
36 3
37 33
38 19
39 30
40 44
41 15
42 7
43 25
44 9
45 37
46 11
47 42
SIMILAR

32 41 37 34 3 10 29 39 1 2 14 8 26 21 35 15 30 33 25 42 40 43 22 13 38 17 44 24 12 20 27 45 16 6 36 47 18 11 46 28 23 7 19 31 4 5 0 9 
0 46
1 8
2 9
3 4
4 44
5 45
6 33
7 41
8 11
9 47
10 5
11 37
12 28
13 23
14 10
15 15
16 32
17 25
18 36
19 42
20 29
21 13
22 22
23 40
24 27
25 18
26 12
27 30
28 39
29 6
30 16
31 43
32 0
33 17
34 3
35 14
36 34
37 2
38 24
39 7
40 20
41 1
42 19
43 21
44 26
45 31
46 38
47 35
SIMILAR

3 9 45 36 47 5 39 30 4 6 23 41 13 33 20 22 40 38 29 7 11 18 28 15 31 34 2 21 27 42 32 37 24 1 46 8 14 12 17 25 43 26 16 0 19 35 44 10 
0 43
1 33
2 26
3 0
4 8
5 5
6 9
7 19
8 35
9 1
10 47
11 20
12 37
13 12
14 36
15 23
16 42
17 38
18 21
19 44
20 14
21 27
22 15
23 10
24 32
25 39
26 41
27 28
28 22
29 18
30 7
31 24
32 30
33 13
34 25
35 45
36 3
37 31
38 17
39 6
40 16
41 11
42 29
43 40
44 46
45 2
46 34
47 4
SIMILAR

25 40 11 42 19 21 5 10 45 3 13 23 44 20 0 34 1 7 22 47 39 17 4 15 27 38 26 6 36 41 12 37 33 9 8 31 2 35 32 24 43 14 30 29 28 16 46 18 
0 14
1 16
2 36
3 9
4 22
5 6
6 27
7 17
8 34
9 33
10 7
11 2
12 30
13 10
14 41
15 23
16 45
17 21
18 47
19 4
20 13
21 5
22 18
23 11
24 39
25 0
26 26
27 24
28 44
29 43
30 42
31 35
32 38
33 32
34 15
35 37
36 28
37 31
38 25
39 20
40 1
41 29
42 3
43 40
44 12
45 8
46 46
47 19
SIMILAR

5 10 31 27 9 11 30 29 3 13 40 24 15 41 16 42 6 20 34 25 2 1 46 45 17 32 14 12 47 4 33 43 26 0 44 8 35 23 38 18 21 28 22 7 37 19 36 39 
0 33
1 21
2 20
3 8
4 29
5 0
6 16
7 43
8 35
9 4
10 1
11 5
12 27
13 9
14 26
15 12
16 14
17 24
18 39
19 45
20 17
21 40
22 42
23 37
24 11
25 19
26 32
27 3
28 41
29 7
30 6
31 2
32 25
33 30
34 18
35 36
36 46
37 44
38 38
39 47
40 10
41 13
42 15
43 31
44 34
45 23
46 22
47 28
SIMILAR

13 0 1 32 9 35 6 34 11 14 7 10 29 24 20 3 38 27 30 19 43 33 37 8 31 18 25 21 26 5 16 28 42 22 15 17 12 36 45 44 2 39 47 46 23 41 40 4 
0 1
1 2
2 40
3 15
4 47
5 29
6 6
7 10
8 23
9 4
10 11
11 8
12 36
13 0
14 9
15 34
16 30
17 35
18 25
19 19
20 14
21 27
22 33
23 44
24 13
25 26
26 28
27 17
28 31
29 12
30 18
31 24
32 3
33 21
34 7
35 5
36 37
37 22
38 16
39 41
40 46
41 45
42 32
43 20
44 39
45 38
46 43
47 42
SIMILAR

30 9 0 17 43 38 8 14 6 31 29 4 2 5 26 11 13 35 22 24 37 23 46 39 44 1 20 33 41 27 42 36 47 18 32 7 45 34 21 25 28 3 40 10 16 15 12 19 
0 2
1 25
2 12
3 41
4 11
5 13
6 8
7 35
8 6
9 1
10 43
11 15
12 46
13 16
14 7
15 45
16 44
17 3
18 33
19 47
20 26
21 38
22 18
23 21
24 19
25 39
26 14
27 29
28 40
29 10
30 0
31 9
32 34
33 27
34 37
35 17
36 31
37 20
38 5
39 23
40 42
41 28
42 30
43 4
44 24
45 36
46 22
47 32
SIMILAR

35 10 44 38 32 12 18 33 21 39 9 2 25 16 6 20 37 45 8 34 42 14 17 24 41 46 27 5 31 3 40 47 29 7 26 15 23 30 11 4 43 13 0 36 22 28 19 1 
0 42
1 47
2 11
3 29
4 39
5 27
6 14
7 33
8 18
9 10
10 1
11 38
12 5
13 41
14 21
15 35
16 13
17 22
18 6
19 46
20 15
21 8
22 44
23 36
24 23
25 12
26 34
27 26
28 45
29 32
30 37
31 28
32 4
33 7
34 19
35 0
36 43
37 16
38 3
39 9
40 30
41 24
42 20
43 40
44 2
45 17
46 25
47 31
SIMILAR

20 44 42 22 17 7 30 38 23 32 12 41 3 43 16 28 5 2 26 40 0 10 34 31 37 13 11 8 24 19 27 4 14 33 39 36 29 18 45 6 21 1 9 47 15 35 25 46 
0 20
1 41
2 17
3 12
4 31
5 16
6 39
7 5
8 27
9 42
10 21
11 26
12 10
13 25
14 32
15 44
16 14
17 4
18 37
19 29
20 0
21 40
22 3
23 8
24 28
25 46
26 18
27 30
28 15
29 36
30 6
31 23
32 9
33 33
34 22
35 45
36 35
37 24
38 7
39 34
40 19
41 11
42 2
43 13
44 1
45 38
46 47
47 43
SIMILAR

19 3 17 13 33 44 34 23 1 22 39 43 32 16 7 11 15 31 36 14 45 30 0 28 6 42 25 29 40 37 47 24 46 10 12 27 21 35 2 5 41 8 38 26 9 20 18 4 
0 22
1 8
2 38
3 1
4 47
5 39
6 24
7 14
8 41
9 44
10 33
11 15
12 34
13 3
14 19
15 16
16 13
17 2
18 46
19 0
20 45
21 36
22 9
23 7
24 31
25 26
26 43
27 35
28 23
29 27
30 21
31 17
32 12
33 4
34 6
35 37
36 18
37 29
38 42
39 10
40 28
41 40
42 25
43 11
44 5
45 20
46 32
47 30
SIMILAR

8 33 3 15 44 36 30 18 32 10 4 2 13 7 24 27 17 31 38 41 40 28 34 6 12 9 1 45 16 37 11 21 23 47 29 35 42 46 25 20 39 14 5 26 43 19 22 0 
0 47
1 26
2 11
3 2
4 10
5 42
6 23
7 13
8 0
9 25
10 9
11 30
12 24
13 12
14 41
15 3
16 28
17 16
18 7
19 45
20 39
21 31
22 46
23 32
24 14
25 38
26 43
27 15
28 21
29 34
30 6
31 17
32 8
33 1
34 22
35 35
36 5
37 29
38 18
39 40
40 20
41 19
42 36
43 44
44 4
45 27
46 37
47 33
SIMILAR

29 18 6 9 3 40 16 27 42 12 14 39 24 20 41 10 22 47 36 34 25 19 43 28 4 33 35 0 38 26 2 31 37 17 7 1 21 5 13 30 23 15 8 45 46 11 44 32 
0 27
1 35
2 30
3 4
4 24
5 37
6 2
7 34
8 42
9 3
10 15
11 45
12 9
13 38
14 10
15 41
16 6
17 33
18 1
19 21
20 13
21 36
22 16
23 40
24 12
25 20
26 29
27 7
28 23
29 0
30 39
31 31
32 47
33 25
34 19
35 26
36 18
37 32
38 28
39 11
40 5
41 14
42 8
43 22
44 46
45 43
46 44
47 17
SIMILAR

45 38 6 1 8 41 42 22 10 29 7 19 24 5 17 26 21 30 3 34 18 28 40 46 39 32 2 36 20 9 13 31 35 0 11 15 43 33 25 16 47 27 23 37 44 14 4 12 
0 33
1 3
2 26
3 18
4 46
5 13
6 2
7 10
8 4
9 29
10 8
11 34
12 47
13 30
14 45
15 35
16 39
17 14
18 20
19 11
20 28
21 16
22 7
23 42
24 12
25 38
26 15
27 41
28 21
29 9
30 17
31 31
32 25
33 37
34 19
35 32
36 27
37 43
38 1
39 24
40 22
41 5
42 6
43 36
44 44
45 0
46 23
47 40
SIMILAR

39 34 28 37 41 25 9 16 4 6 26 2 18 10 19 44 0 35 15 24 29 3 7 21 11 1 12 17 32 46 43 47 23 33 20 38 40 30 42 5 8 13 31 22 27 36 14 45 
0 16
1 25
2 11
3 21
4 8
5 39
6 9
7 22
8 40
9 6
10 13
11 24
12 26
13 41
14 46
15 18
16 7
17 27
18 12
19 14
20 34
21 23
22 43
23 32
24 19
25 5
26 10
27 44
28 2
29 20
30 37
31 42
32 28
33 33
34 1
35 17
36 45
37 3
38 35
39 0
40 36
41 4
42 38
43 30
44 15
45 47
46 29
47 31
SIMILAR

37 20 34 12 44 28 27 10 8 32 31 25 5 43 46 15 22 23 26 38 36 47 2 6 19 7 40 14 18 42 29 41 9 35 33 4 0 39 11 21 24 13 30 3 17 16 45 1 
0 36
1 47
2 22
3 43
4 35
5 12
6 23
7 25
8 8
9 32
10 7
11 38
12 3
13 41
14 27
15 15
16 45
17 44
18 28
19 24
20 1
21 39
22 16
23 17
24 40
25 11
26 18
27 6
28 5
29 30
30 42
31 10
32 9
33 34
34 2
35 33
36 20
37 0
38 19
39 37
40 26
41 31
42 29
43 13
44 4
45 46
46 14
47 21
SIMILAR

47 31 18 16 44 13 35 42 36 14 33 45 20 9 10 17 21 5 46 19 37 12 27 43 24 28 26 2 25 15 22 7 4 29 23 11 41 6 3 8 39 30 1 32 40 34 38 0 
0 47
1 42
2 27
3 38
4 32
5 17
6 37
7 31
8 39
9 13
10 14
11 35
12 21
13 5
14 9
15 29
16 3
17 15
18 2
19 19
20 12
21 16
22 30
23 34
24 24
25 28
26 26
27 22
28 25
29 33
30 41
31 1
32 43
33 10
34 45
35 6
36 8
37 20
38 46
39 40
40 44
41 36
42 7
43 23
44 4
45 11
46 18
47 0
SIMILAR

26 3 16 5 18 44 27 37 24 33 11 36 31 17 9 20 14 19 30 34 39 13 10 35 1 22 46 25 4 38 23 32 15 47 28 6 8 40 12 21 43 42 2 0 7 29 45 41 
0 43
1 24
2 42
3 1
4 28
5 3
6 35
7 44
8 36
9 14
10 22
11 10
12 38
13 21
14 16
15 32
16 2
17 13
18 4
19 17
20 15
21 39
22 25
23 30
24 8
25 27
26 0
27 6
28 34
29 45
30 18
31 12
32 31
33 9
34 19
35 23
36 11
37 7
38 29
39 20
40 37
41 47
42 41
43 40
44 5
45 46
46 26
47 33
SIMILAR

27 13 26 1 4 41 22 18 2 28 14 36 15 31 5 37 7 32 10 38 46 42 39 0 29 34 47 9 35 6 33 12 8 44 16 3 19 24 17 43 23 40 30 11 20 21 25 45 
0 23
1 3
2 8
3 35
4 4
5 14
6 29
7 16
8 32
9 27
10 18
11 43
12 31
13 1
14 10
15 12
16 34
17 38
18 7
19 36
20 44
21 45
22 6
23 40
24 37
25 46
26 2
27 0
28 9
29 24
30 42
31 13
32 17
33 30
34 25
35 28
36 11
37 15
38 19
39 22
40 41
41 5
42 21
43 39
44 33
45 47
46 20
47 26
SIMILAR

6 10 19 23 44 31 42 11 15 41 29 18 22 20 43 28 26 9 32 36 17 0 45 21 38 25 13 24 1 7 2 46 5 8 37 33 4 39 40 16 35 34 47 27 12 14 3 30 
0 21
1 28
2 30
3 46
4 36
5 32
6 0
7 29
8 33
9 17
10 1
11 7
12 44
13 26
14 45
15 8
16 39
17 20
18 11
19 2
20 13
21 23
22 12
23 3
24 27
25 25
26 16
27 43
28 15
29 10
30 47
31 5
32 18
33 35
34 41
35 40
36 19
37 34
38 24
39 37
40 38
41 9
42 6
43 14
44 4
45 22
46 31
47 42
SIMILAR

32 7 13 17 12 21 25 41 38 28 36 31 10 43 8 39 1 46 6 42 35 20 45 4 9 37 11 22 3 2 27 44 23 0 47 29 18 34 15 30 40 19 5 16 24 26 33 14 
0 33
1 16
2 29
3 28
4 23
5 42
6 18
7 1
8 14
9 24
10 12
11 26
12 4
13 2
14 47
15 38
16 43
17 3
18 36
19 41
20 21
21 5
22 27
23 32
24 44
25 6
26 45
27 30
28 9
29 35
30 39
31 11
32 0
33 46
34 37
35 20
36 10
37 25
38 8
39 15
40 40
41 7
42 19
43 13
44 31
45 22
46 17
47 34
SIMILAR

32 30 34 47 42 27 6 24 44 29 8 10 21 14 7 41 12 38 13 1 33 45 36 26 25 23 20 15 46 17 9 31 3 16 43 4 5 19 18 2 0 11 39 35 28 22 37 40 
0 40
1 19
2 39
3 32
4 35
5 36
6 6
7 14
8 10
9 30
10 11
11 41
12 16
13 18
14 13
15 27
16 33
17 29
18 38
19 37
20 26
21 12
22 45
23 25
24 7
25 24
26 23
27 5
28 44
29 9
30 1
31 31
32 0
33 20
34 2
35 43
36 22
37 46
38 17
39 42
40 47
41 15
42 4
43 34
44 8
45 21
46 28
47 3
SIMILAR

41 24 6 2 16 3 35 32 40 5 31 11 33 4 25 46 19 34 27 37 39 23 47 15 44 28 8 22 42 17 26 9 21 7 30 20 13 10 38 12 0 29 18 43 36 14 45 1 
0 40
1 47
2 3
3 5
4 13
5 9
6 2
7 33
8 26
9 31
10 37
11 11
12 39
13 36
14 45
15 23
16 4
17 29
18 42
19 16
20 35
21 32
22 27
23 21
24 1
25 14
26 30
27 18
28 25
29 41
30 34
31 10
32 7
33 12
34 17
35 6
36 44
37 19
38 38
39 20
40 8
41 0
42 28
43 43
44 24
45 46
46 15
47 22
SIMILAR

21 14 47 4 8 3 46 13 10 45 1 36 2 6 40 24 34 5 12 11 41 22 27 29 19 32 39 15 44 43 35 25 7 30 33 31 38 42 9 26 28 16 0 37 18 17 23 20 
0 42
1 10
2 12
3 5
4 3
5 17
6 13
7 32
8 4
9 38
10 8
11 19
12 18
13 7
14 1
15 27
16 41
17 45
18 44
19 24
20 47
21 0
22 21
23 46
24 15
25 31
26 39
27 22
28 40
29 23
30 33
31 35
32 25
33 34
34 16
35 30
36 11
37 43
38 36
39 26
40 14
41 20
42 37
43 29
44 28
45 9
46 6
47 2
SIMILAR

31 0 18 36 19 32 22 24 17 42 35 33 13 8 4 29 9 43 20 39 3 41 2 16 10 11 14 23 15 47 38 1 44 34 26 27 46 21 5 30 45 7 6 28 12 37 25 40 
0 1
1 31
2 22
3 20
4 14
5 38
6 42
7 41
8 13
9 16
10 24
11 25
12 44
13 12
14 26
15 28
16 23
17 8
18 2
19 4
20 18
21 37
22 6
23 27
24 7
25 46
26 34
27 35
28 43
29 15
30 39
31 0
32 5
33 11
34 33
35 10
36 3
37 45
38 30
39 19
40 47
41 21
42 9
43 17
44 32
45 40
46 36
47 29
SIMILAR

33 45 6 47 27 30 23 40 3 34 2 9 36 11 38 39 43 10 32 14 21 15 37 18 31 24 5 4 28 12 20 46 42 22 19 35 44 16 7 29 0 8 26 13 1 17 41 25 
0 40
1 44
2 10
3 8
4 27
5 26
6 2
7 38
8 41
9 11
10 17
11 13
12 29
13 43
14 19
15 21
16 37
17 45
18 23
19 34
20 30
21 20
22 33
23 6
24 25
25 47
26 42
27 4
28 28
29 39
30 5
31 24
32 18
33 0
34 9
35 35
36 12
37 22
38 14
39 15
40 7
41 46
42 32
43 16
44 36
45 1
46 31
47 3
SIMILAR

38 13 2 36 44 25 29 31 43 32 40 20 37 39 1 7 24 15 9 11 17 18 14 45 8 34 41 35 47 4 10 3 21 16 46 30 6 5 19 22 23 28 27 26 0 12 42 33 
0 44
1 14
2 2
3 31
4 29
5 37
6 36
7 15
8 24
9 18
10 30
11 19
12 45
13 1
14 22
15 17
16 33
17 20
18 21
19 38
20 11
21 32
22 39
23 40
24 16
25 5
26 43
27 42
28 41
29 6
30 35
31 7
32 9
33 47
34 25
35 27
36 3
37 12
38 0
39 13
40 10
41 26
42 46
43 8
44 4
45 23
46 34
47 28
SIMILAR

7 17 33 13 43 38 32 40 20 14 44 0 2 18 35 29 30 25 41 37 31 39 6 42 9 46 1 23 12 34 5 11 47 28 26 19 24 10 21 8 36 15 22 45 27 3 16 4 
0 11
1 26
2 12
3 45
4 47
5 30
6 22
7 0
8 39
9 24
10 37
11 31
12 28
13 3
14 9
15 41
16 46
17 1
18 13
19 35
20 8
21 38
22 42
23 27
24 36
25 17
26 34
27 44
28 33
29 15
30 16
31 20
32 6
33 2
34 29
35 14
36 40
37 19
38 5
39 21
40 7
41 18
42 23
43 4
44 10
45 43
46 25
47 32
SIMILAR

5 14 44 26 16 32 35 1 12 45 30 34 43 27 20 17 8 25 31 21 18 39 40 7 23 4 28 0 22 29 6 38 10 9 2 46 13 33 36 47 37 11 3 15 19 42 24 41 
0 27
1 7
2 34
3 42
4 25
5 0
6 30
7 23
8 16
9 33
10 32
11 41
12 8
13 36
14 1
15 43
16 4
17 15
18 20
19 44
20 14
21 19
22 28
23 24
24 46
25 17
26 3
27 13
28 26
29 29
30 10
31 18
32 5
33 37
34 11
35 6
36 38
37 40
38 31
39 21
40 22
41 47
42 45
43 12
44 2
45 9
46 35
47 39
SIMILAR

13 15 40 14 45 24 47 32 29 42 18 11 27 38 7 26 12 25 3 34 31 10 9 0 1 43 33 23 8 36 39 2 16 41 17 46 19 4 6 28 30 21 22 20 44 35 37 5 
0 23
1 24
2 31
3 18
4 37
5 47
6 38
7 14
8 28
9 22
10 21
11 11
12 16
13 0
14 3
15 1
16 32
17 34
18 10
19 36
20 43
21 41
22 42
23 27
24 5
25 17
26 15
27 12
28 39
29 8
30 40
31 20
32 7
33 26
34 19
35 45
36 29
37 46
38 13
39 30
40 2
41 33
42 9
43 25
44 44
45 4
46 35
47 6
SIMILAR

18 12 45 21 20 10 23 0 17 40 13 31 3 34 19 29 41 47 43 15 44 16 35 5 33 4 42 25 26 39 9 1 38 6 36 8 46 11 24 2 22 7 27 37 32 14 28 30 
0 7
1 31
2 39
3 12
4 25
5 23
6 33
7 41
8 35
9 30
10 5
11 37
12 1
13 10
14 45
15 19
16 21
17 8
18 0
19 14
20 4
21 3
22 40
23 6
24 38
25 27
26 28
27 42
28 46
29 15
30 47
31 11
32 44
33 24
34 13
35 22
36 34
37 43
38 32
39 29
40 9
41 16
42 26
43 18
44 20
45 2
46 36
47 17
SIMILAR

37 44 16 32 46 47 8 1 36 20 39 42 7 2 14 40 10 3 12 15 26 18 45 11 31 22 23 9 24 28 25 34 35 0 19 5 30 27 13 43 6 33 17 4 38 29 21 41 
0 33
1 7
2 13
3 17
4 43
5 35
6 40
7 12
8 6
9 27
10 16
11 23
12 18
13 38
14 14
15 19
16 2
17 42
18 21
19 34
20 9
21 46
22 25
23 26
24 28
25 30
26 20
27 37
28 29
29 45
30 36
31 24
32 3
33 41
34 31
35 32
36 8
37 0
38 44
39 10
40 15
41 47
42 11
43 39
44 1
45 22
46 4
47 5
SIMILAR

17 26 2 37 15 25 32 39 11 38 0 18 21 4 23 27 24 8 10 36 5 19 31 3 43 1 44 35 13 6 47 46 16 45 7 42 29 28 22 20 33 41 34 40 9 30 12 14 
0 10
1 25
2 2
3 23
4 13
5 20
6 29
7 34
8 17
9 44
10 18
11 8
12 46
13 28
14 47
15 4
16 32
17 0
18 11
19 21
20 39
21 12
22 38
23 14
24 16
25 5
26 1
27 15
28 37
29 36
30 45
31 22
32 6
33 40
34 42
35 27
36 19
37 3
38 9
39 7
40 43
41 41
42 35
43 24
44 26
45 33
46 31
47 30
SIMILAR

12 44 6 25 9 2 24 19 27 0 1 42 7 17 20 21 13 28 38 22 30 32 16 47 11 26 5 37 15 23 33 43 31 29 35 14 18 34 3 10 4 45 36 8 40 41 46 39 
0 9
1 10
2 5
3 38
4 40
5 26
6 2
7 12
8 43
9 4
10 39
11 24
12 0
13 16
14 35
15 28
16 22
17 13
18 36
19 7
20 14
21 15
22 19
23 29
24 6
25 3
26 25
27 8
28 17
29 33
30 20
31 32
32 21
33 30
34 37
35 34
36 42
37 27
38 18
39 47
40 44
41 45
42 11
43 31
44 1
45 41
46 46
47 23
SIMILAR

29 4 47 19 41 10 43 1 5 23 6 32 26 8 36 11 46 42 38 13 3 40 20 31 7 35 2 44 25 9 15 27 30 21 17 34 14 37 18 22 28 33 45 12 0 39 24 16 
0 44
1 7
2 26
3 20
4 1
5 8
6 10
7 24
8 13
9 29
10 5
11 15
12 43
13 19
14 36
15 30
16 47
17 34
18 38
19 3
20 22
21 33
22 39
23 9
24 46
25 28
26 12
27 31
28 40
29 0
30 32
31 23
32 11
33 41
34 35
35 25
36 14
37 37
38 18
39 45
40 21
41 4
42 17
43 6
44 27
45 42
46 16
47 2
SIMILAR

25 19 33 8 23 24 29 2 5 45 34 7 6 36 38 20 3 12 41 1 17 40 16 15 9 0 47 26 37 28 22 21 27 39 10 30 43 13 42 4 44 11 46 32 31 14 35 18 
0 25
1 19
2 7
3 16
4 39
5 8
6 12
7 11
8 3
9 24
10 34
11 41
12 17
13 37
14 45
15 23
16 22
17 20
18 47
19 1
20 15
21 31
22 30
23 4
24 5
25 0
26 27
27 32
28 29
29 6
30 35
31 44
32 43
33 2
34 10
35 46
36 13
37 28
38 14
39 33
40 21
41 18
42 38
43 36
44 40
45 9
46 42
47 26
SIMILAR

28 1 7 20 16 43 42 34 15 47 14 24 30 35 5 27 44 39 4 37 19 29 32 23 38 25 12 0 10 3 46 18 21 31 36 8 2 17 33 11 45 13 6 22 40 9 41 26 
0 27
1 1
2 36
3 29
4 18
5 14
6 42
7 2
8 35
9 45
10 28
11 39
12 26
13 41
14 10
15 8
16 4
17 37
18 31
19 20
20 3
21 32
22 43
23 23
24 11
25 25
26 47
27 15
28 0
29 21
30 12
31 33
32 22
33 38
34 7
35 13
36 34
37 19
38 24
39 17
40 44
41 46
42 6
43 5
44 16
45 40
46 30
47 9
SIMILAR

15 46 45 7 41 37 31 30 2 1 23 40 39 21 0 13 8 33 26 27 44 14 19 24 4 18 47 38 16 10 25 42 36 12 35 28 22 29 5 9 43 11 17 34 6 32 3 20 
0 14
1 9
2 8
3 46
4 24
5 38
6 44
7 3
8 16
9 39
10 29
11 41
12 33
13 15
14 21
15 0
16 28
17 42
18 25
19 22
20 47
21 13
22 36
23 10
24 23
25 30
26 18
27 19
28 35
29 37
30 7
31 6
32 45
33 17
34 43
35 34
36 32
37 5
38 27
39 12
40 11
41 4
42 31
43 40
44 20
45 2
46 1
47 26
SIMILAR

27 18 38 13 46 1 5 23 31 16 34 17 2 8 10 36 9 39 41 14 43 28 19 37 6 29 42 47 11 44 0 40 22 24 25 30 32 7 33 35 21 45 15 4 26 3 20 12 
0 30
1 5
2 12
3 45
4 43
5 6
6 24
7 37
8 13
9 16
10 14
11 28
12 47
13 3
14 19
15 42
16 9
17 11
18 1
19 22
20 46
21 40
22 32
23 7
24 33
25 34
26 44
27 0
28 21
29 25
30 35
31 8
32 36
33 38
34 10
35 39
36 15
37 23
38 2
39 17
40 31
41 18
42 26
43 20
44 29
45 41
46 4
47 27
SIMILAR

16 21 37 2 10 20 32 45 29 12 23 38 25 5 26 19 9 18 44 1 40 11 6 15 28 24 7 31 39 34 13 27 4 8 33 42 47 17 46 30 22 41 0 14 43 35 3 36 
0 42
1 19
2 3
3 46
4 32
5 13
6 22
7 26
8 33
9 16
10 4
11 21
12 9
13 30
14 43
15 23
16 0
17 37
18 17
19 15
20 5
21 1
22 40
23 10
24 25
25 12
26 14
27 31
28 24
29 8
30 39
31 27
32 6
33 34
34 29
35 45
36 47
37 2
38 11
39 28
40 20
41 41
42 35
43 44
44 18
45 7
46 38
47 36
SIMILAR

27 47 18 29 4 19 16 12 13 26 9 43 36 8 23 35 33 5 22 20 1 11 14 2 40 6 34 3 31 7 45 10 41 30 28 46 39 44 15 21 0 32 17 25 38 42 24 37 
0 40
1 20
2 23
3 27
4 4
5 17
6 25
7 29
8 13
9 10
10 31
11 21
12 7
13 8
14 22
15 38
16 6
17 42
18 2
19 5
20 19
21 39
22 18
23 14
24 46
25 43
26 9
27 0
28 34
29 3
30 33
31 28
32 41
33 16
34 26
35 15
36 12
37 47
38 44
39 36
40 24
41 32
42 45
43 11
44 37
45 30
46 35
47 1
SIMILAR

31 24 43 19 32 14 27 10 12 5 21 37 44 36 46 47 39 3 15 0 13 40 26 22 34 42 25 33 35 28 20 30 38 45 16 6 17 41 23 8 4 2 29 7 1 9 18 11 
0 19
1 44
2 41
3 17
4 40
5 9
6 35
7 43
8 39
9 45
10 7
11 47
12 8
13 20
14 5
15 18
16 34
17 36
18 46
19 3
20 30
21 10
22 23
23 38
24 1
25 26
26 22
27 6
28 29
29 42
30 31
31 0
32 4
33 27
34 24
35 28
36 13
37 11
38 32
39 16
40 21
41 37
42 25
43 2
44 12
45 33
46 14
47 15
SIMILAR

4 36 28 10 45 37 42 11 22 15 2 23 24 31 8 43 40 47 18 38 16 34 29 41 46 33 9 19 25 6 26 39 1 12 13 5 7 32 27 44 0 21 14 30 3 17 20 35 
0 40
1 32
2 10
3 44
4 0
5 35
6 29
7 36
8 14
9 26
10 3
11 7
12 33
13 34
14 42
15 9
16 20
17 45
18 18
19 27
20 46
21 41
22 8
23 11
24 12
25 28
26 30
27 38
28 2
29 22
30 43
31 13
32 37
33 25
34 21
35 47
36 1
37 5
38 19
39 31
40 16
41 23
42 6
43 15
44 39
45 4
46 24
47 17
SIMILAR

13 26 8 39 40 14 6 36 2 9 0 47 28 11 31 45 27 35 41 12 44 24 43 16 37 29 42 4 22 38 34 25 23 1 20 3 46 7 10 5 17 33 15 30 32 21 18 19 
0 10
1 33
2 8
3 35
4 27
5 39
6 6
7 37
8 2
9 9
10 38
11 13
12 19
13 0
14 5
15 42
16 23
17 40
18 46
19 47
20 34
21 45
22 28
23 32
24 21
25 31
26 1
27 16
28 12
29 25
30 43
31 14
32 44
33 41
34 30
35 17
36 7
37 24
38 29
39 3
40 4
41 18
42 26
43 22
44 20
45 15
46 36
47 11
SIMILAR

38 2 6 16 23 22 34 3 36 44 14 39 26 19 5 27 24 32 21 46 47 20 18 12 45 31 10 11 40 37 13 9 15 4 17 43 30 41 29 0 42 35 33 25 28 8 7 1 
0 39
1 47
2 1
3 7
4 33
5 14
6 2
7 46
8 45
9 31
10 26
11 27
12 23
13 30
14 10
15 32
16 3
17 34
18 22
19 13
20 21
21 18
22 5
23 4
24 16
25 43
26 12
27 15
28 44
29 38
30 36
31 25
32 17
33 42
34 6
35 41
36 8
37 29
38 0
39 11
40 28
41 37
42 40
43 35
44 9
45 24
46 19
47 20
SIMILAR

5 3 14 34 43 0 16 10 35 40 17 19 46 44 42 18 7 45 23 9 13 29 38 1 47 36 31 39 24 33 22 12 4 8 25 32 21 26 2 11 30 41 20 15 6 37 28 27 
0 5
1 23
2 38
3 1
4 32
5 0
6 44
7 16
8 33
9 19
10 7
11 39
12 31
13 20
14 2
15 43
16 6
17 10
18 15
19 11
20 42
21 36
22 30
23 18
24 28
25 34
26 37
27 47
28 46
29 21
30 40
31 26
32 35
33 29
34 3
35 8
36 25
37 45
38 22
39 27
40 9
41 41
42 14
43 4
44 13
45 17
46 12
47 24
SIMILAR

14 12 3 37 6 17 19 10 18 47 11 0 32 27 5 1 42 35 33 9 8 34 29 20 36 28 2 24 44 40 23 31 41 13 21 22 45 38 46 30 25 39 15 43 4 16 26 7 
0 11
1 15
2 26
3 2
4 44
5 14
6 4
7 47
8 20
9 19
10 7
11 10
12 1
13 33
14 0
15 42
16 45
17 5
18 8
19 6
20 23
21 34
22 35
23 30
24 27
25 40
26 46
27 13
28 25
29 22
30 39
31 31
32 12
33 18
34 21
35 17
36 24
37 3
38 37
39 41
40 29
41 32
42 16
43 43
44 28
45 36
46 38
47 9
SIMILAR

43 34 0 35 38 3 37 31 42 33 22 13 16 44 10 29 20 4 27 8 12 7 1 9 18 40 26 21 24 23 2 17 45 25 46 30 41 47 15 19 32 39 6 14 28 11 5 36 
0 2
1 22
2 30
3 5
4 17
5 46
6 42
7 21
8 19
9 23
10 14
11 45
12 20
13 11
14 43
15 38
16 12
17 31
18 24
19 39
20 16
21 27
22 10
23 29
24 28
25 33
26 26
27 18
28 44
29 15
30 35
31 7
32 40
33 9
34 1
35 3
36 47
37 6
38 4
39 41
40 25
41 36
42 8
43 0
44 13
45 32
46 34
47 37
SIMILAR

25 39 31 37 1 30 47 9 41 5 3 8 0 12 6 4 40 42 43 38 20 33 17 45 7 14 10 46 34 36 28 26 21 23 35 13 19 15 24 16 18 29 22 32 27 11 44 2 
0 12
1 4
2 47
3 10
4 15
5 9
6 14
7 24
8 11
9 7
10 26
11 45
12 13
13 35
14 25
15 37
16 39
17 22
18 40
19 36
20 20
21 32
22 42
23 33
24 38
25 0
26 31
27 44
28 30
29 41
30 5
31 2
32 43
33 21
34 28
35 34
36 29
37 3
38 19
39 1
40 16
41 8
42 17
43 18
44 46
45 23
46 27
47 6
SIMILAR

19 34 2 13 16 9 31 36 32 15 35 21 3 27 42 38 22 10 7 1 39 12 40 5 26 14 44 4 45 47 18 30 28 11 33 43 37 24 29 6 41 17 23 25 46 8 0 20 
0 46
1 19
2 2
3 12
4 27
5 23
6 39
7 18
8 45
9 5
10 17
11 33
12 21
13 3
14 25
15 9
16 4
17 41
18 30
19 0
20 47
21 11
22 16
23 42
24 37
25 43
26 24
27 13
28 32
29 38
30 31
31 6
32 8
33 34
34 1
35 10
36 7
37 36
38 15
39 20
40 22
41 40
42 14
43 35
44 26
45 28
46 44
47 29
SIMILAR

7 25 13 22 8 29 14 32 39 31 37 4 30 2 47 5 46 40 44 1 38 20 26 10 19 27 41 33 6 9 11 35 16 43 34 3 15 24 42 18 12 45 21 36 28 17 23 0 
0 47
1 19
2 13
3 35
4 11
5 15
6 28
7 0
8 4
9 29
10 23
11 30
12 40
13 2
14 6
15 36
16 32
17 45
18 39
19 24
20 21
21 42
22 3
23 46
24 37
25 1
26 22
27 25
28 44
29 5
30 12
31 9
32 7
33 27
34 34
35 31
36 43
37 10
38 20
39 8
40 17
41 26
42 38
43 33
44 18
45 41
46 16
47 14
SIMILAR

3 39 7 15 27 2 28 35 4 36 6 17 26 24 42 25 1 0 20 44 9 41 13 10 19 12 22 16 45 8 33 34 32 14 40 18 43 23 5 38 47 37 46 11 21 29 31 30 
0 17
1 16
2 5
3 0
4 8
5 38
6 10
7 2
8 29
9 20
10 23
11 43
12 25
13 22
14 33
15 3
16 27
17 11
18 35
19 24
20 18
21 44
22 26
23 37
24 13
25 15
26 12
27 4
28 6
29 45
30 47
31 46
32 32
33 30
34 31
35 7
36 9
37 41
38 39
39 1
40 34
41 21
42 14
43 36
44 19
45 28
46 42
47 40
SIMILAR

31 39 14 44 38 45 19 43 2 0 18 7 27 37 8 1 13 20 17 10 26 28 42 32 29 16 3 36 23 41 15 11 46 9 24 4 21 6 35 47 25 30 12 33 22 34 40 5 
0 9
1 15
2 8
3 26
4 35
5 47
6 37
7 11
8 14
9 33
10 19
11 31
12 42
13 16
14 2
15 30
16 25
17 18
18 10
19 6
20 17
21 36
22 44
23 28
24 34
25 40
26 20
27 12
28 21
29 24
30 41
31 0
32 23
33 43
34 45
35 38
36 27
37 13
38 4
39 1
40 46
41 29
42 22
43 7
44 3
45 5
46 32
47 39
SIMILAR

0 46 4 14 44 12 32 45 11 1 20 31 2 33 42 8 41 17 5 39 18 30 21 13 26 40 28 24 34 25 6 22 9 27 10 15 23 19 3 38 29 47 37 7 16 43 35 36 
0 0
1 9
2 12
3 38
4 2
5 18
6 30
7 43
8 15
9 32
10 34
11 8
12 5
13 23
14 3
15 35
16 44
17 17
18 20
19 37
20 10
21 22
22 31
23 36
24 27
25 29
26 24
27 33
28 26
29 40
30 21
31 11
32 6
33 13
34 28
35 46
36 47
37 42
38 39
39 19
40 25
41 16
42 14
43 45
44 4
45 7
46 1
47 41
SIMILAR

1 42 14 7 43 45 31 21 27 41 46 44 38 25 12 6 16 35 37 32 9 39 24 3 5 30 17 33 36 0 11 23 15 8 34 13 4 28 29 2 40 19 47 18 20 22 26 10 
0 29
1 0
2 39
3 23
4 36
5 24
6 15
7 3
8 33
9 20
10 47
11 30
12 14
13 35
14 2
15 32
16 16
17 26
18 43
19 41
20 44
21 7
22 45
23 31
24 22
25 13
26 46
27 8
28 37
29 38
30 25
31 6
32 19
33 27
34 34
35 17
36 28
37 18
38 12
39 21
40 40
41 9
42 1
43 4
44 11
45 5
46 10
47 42
SIMILAR

33 42 2 21 7 9 40 28 8 17 34 23 16 3 11 45 19 36 20 1 46 32 5 13 22 47 24 44 18 38 14 27 15 35 4 39 37 25 31 6 29 12 26 41 43 30 10 0 
0 47
1 19
2 2
3 13
4 34
5 22
6 39
7 4
8 8
9 5
10 46
11 14
12 41
13 23
14 30
15 32
16 12
17 9
18 28
19 16
20 18
21 3
22 24
23 11
24 26
25 37
26 42
27 31
28 7
29 40
30 45
31 38
32 21
33 0
34 10
35 33
36 17
37 36
38 29
39 35
40 6
41 43
42 1
43 44
44 27
45 15
46 20
47 25
SIMILAR

41 17 28 35 36 16 32 44 10 5 40 43 45 21 37 1 24 0 15 29 47 33 39 42 38 6 8 14 4 9 22 34 31 3 25 26 23 12 7 20 27 11 19 18 2 46 13 30 
0 17
1 15
2 44
3 33
4 28
5 9
6 25
7 38
8 26
9 29
10 8
11 41
12 37
13 46
14 27
15 18
16 5
17 1
18 43
19 42
20 39
21 13
22 30
23 36
24 16
25 34
26 35
27 40
28 2
29 19
30 47
31 32
32 6
33 21
34 31
35 3
36 4
37 14
38 24
39 22
40 10
41 0
42 23
43 11
44 7
45 12
46 45
47 20
SIMILAR

6 2 30 24 34 13 42 19 0 33 3 47 11 7 23 8 10 32 35 46 26 15 41 45 40 27 4 29 43 37 18 28 25 38 12 31 17 14 9 1 16 20 36 39 5 21 22 44 
0 8
1 39
2 1
3 10
4 26
5 44
6 0
7 13
8 15
9 38
10 16
11 12
12 34
13 5
14 37
15 21
16 40
17 36
18 30
19 7
20 41
21 45
22 46
23 14
24 3
25 32
26 20
27 25
28 31
29 27
30 2
31 35
32 17
33 9
34 4
35 18
36 42
37 29
38 33
39 43
40 24
41 22
42 6
43 28
44 47
45 23
46 19
47 11
SIMILAR

35 3 5 21 14 44 2 25 23 9 19 33 15 13 40 30 32 0 38 8 45 16 18 22 39 1 17 37 4 43 46 12 27 20 31 11 6 36 41 34 47 28 24 10 42 7 29 26 
0 17
1 25
2 6
3 1
4 28
5 2
6 36
7 45
8 19
9 9
10 43
11 35
12 31
13 13
14 4
15 12
16 21
17 26
18 22
19 10
20 33
21 3
22 23
23 8
24 42
25 7
26 47
27 32
28 41
29 46
30 15
31 34
32 16
33 11
34 39
35 0
36 37
37 27
38 18
39 24
40 14
41 38
42 44
43 29
44 5
45 20
46 30
47 40
SIMILAR

5 44 22 10 23 35 3 1 43 4 40 0 30 16 45 32 47 11 41 24 18 31 15 26 2 37 21 28 7 29 25 33 34 36 38 46 9 12 6 27 13 19 8 39 14 17 20 42 
0 11
1 7
2 24
3 6
4 9
5 0
6 38
7 28
8 42
9 36
10 3
11 17
12 37
13 40
14 44
15 22
16 13
17 45
18 20
19 41
20 46
21 26
22 2
23 4
24 19
25 30
26 23
27 39
28 27
29 29
30 12
31 21
32 15
33 31
34 32
35 5
36 33
37 25
38 34
39 43
40 10
41 18
42 47
43 8
44 1
45 14
46 35
47 16
SIMILAR

29 36 27 38 45 17 13 37 40 16 14 15 25 46 39 1 47 2 12 19 33 24 9 10 20 35 3 41 43 34 22 44 7 11 4 8 31 26 28 21 5 18 32 23 0 30 42 6 
0 44
1 15
2 17
3 26
4 34
5 40
6 47
7 32
8 35
9 22
10 23
11 33
12 18
13 6
14 10
15 11
16 9
17 5
18 41
19 19
20 24
21 39
22 30
23 43
24 21
25 12
26 37
27 2
28 38
29 0
30 45
31 36
32 42
33 20
34 29
35 25
36 1
37 7
38 3
39 14
40 8
41 27
42 46
43 28
44 31
45 4
46 13
47 16
SIMILAR

40 47 15 12 10 42 8 32 17 3 14 28 37 27 5 11 26 16 7 34 45 6 21 41 0 19 39 36 46 33 18 20 9 2 43 4 23 22 30 1 24 35 29 13 38 25 31 44 
0 24
1 39
2 33
3 9
4 35
5 14
6 21
7 18
8 6
9 32
10 4
11 15
12 3
13 43
14 10
15 2
16 17
17 8
18 30
19 25
20 31
21 22
22 37
23 36
24 40
25 45
26 16
27 13
28 11
29 42
30 38
31 46
32 7
33 29
34 19
35 41
36 27
37 12
38 44
39 26
40 0
41 23
42 5
43 34
44 47
45 20
46 28
47 1
SIMILAR

31 27 20 7 2 28 39 43 24 29 15 38 6 1 32 0 8 44 12 35 18 41 40 34 10 25 45 3 11 33 14 36 13 30 4 22 37 46 47 5 16 9 17 26 19 21 42 23 
0 15
1 13
2 4
3 27
4 34
5 39
6 12
7 3
8 16
9 41
10 24
11 28
12 18
13 32
14 30
15 10
16 40
17 42
18 20
19 44
20 2
21 45
22 35
23 47
24 8
25 25
26 43
27 1
28 5
29 9
30 33
31 0
32 14
33 29
34 23
35 19
36 31
37 36
38 11
39 6
40 22
41 21
42 46
43 7
44 17
45 26
46 37
47 38
SIMILAR

10 2 7 20 37 0 9 29 34 36 22 47 30 32 18 8 4 39 25 6 12 15 1 27 26 21 13 3 41 45 38 16 17 24 23 46 35 11 5 43 31 44 33 14 28 40 42 19 
0 5
1 22
2 1
3 27
4 16
5 38
6 19
7 2
8 15
9 6
10 0
11 37
12 20
13 26
14 43
15 21
16 31
17 32
18 14
19 47
20 3
21 25
22 10
23 34
24 33
25 18
26 24
27 23
28 44
29 7
30 12
31 40
32 13
33 42
34 8
35 36
36 9
37 4
38 30
39 17
40 45
41 28
42 46
43 39
44 41
45 29
46 35
47 11
SIMILAR

21 26 16 10 40 9 11 3 27 7 41 13 35 15 4 25 2 12 43 1 0 39 42 32 46 6 17 37 33 20 34 24 30 5 14 23 18 28 36 38 8 45 19 31 47 29 22 44 
0 20
1 19
2 16
3 7
4 14
5 33
6 25
7 9
8 40
9 5
10 3
11 6
12 17
13 11
14 34
15 13
16 2
17 26
18 36
19 42
20 29
21 0
22 46
23 35
24 31
25 15
26 1
27 8
28 37
29 45
30 32
31 43
32 23
33 28
34 30
35 12
36 38
37 27
38 39
39 21
40 4
41 10
42 22
43 18
44 47
45 41
46 24
47 44
SIMILAR

21 31 28 3 24 32 38 37 40 22 39 8 18 2 9 16 19 26 12 7 33 34 43 6 47 41 4 29 27 5 20 30 17 35 10 13 42 15 36 25 44 1 11 0 23 46 14 45 
0 43
1 41
2 13
3 3
4 26
5 29
6 23
7 19
8 11
9 14
10 34
11 42
12 18
13 35
14 46
15 37
16 15
17 32
18 12
19 16
20 30
21 0
22 9
23 44
24 4
25 39
26 17
27 28
28 2
29 27
30 31
31 1
32 5
33 20
34 21
35 33
36 38
37 7
38 6
39 10
40 8
41 25
42 36
43 22
44 40
45 47
46 45
47 24
SIMILAR

11 2 26 21 19 34 7 15 17 46 18 13 6 37 27 29 30 32 25 3 1 41 36 5 28 9 47 38 23 12 44 31 35 14 22 20 39 33 4 8 43 40 42 16 10 45 0 24 
0 46
1 20
2 1
3 19
4 38
5 23
6 12
7 6
8 39
9 25
10 44
11 0
12 29
13 11
14 33
15 7
16 43
17 8
18 10
19 4
20 35
21 3
22 34
23 28
24 47
25 18
26 2
27 14
28 24
29 15
30 16
31 31
32 17
33 37
34 5
35 32
36 22
37 13
38 27
39 36
40 41
41 21
42 42
43 40
44 30
45 45
46 9
47 26
SIMILAR

39 14 1 22 27 36 13 38 2 8 9 18 16 12 4 43 32 29 46 35 24 30 37 34 0 47 6 41 40 33 31 19 11 5 20 26 7 42 21 23 25 44 28 15 3 45 17 10 
0 24
1 2
2 8
3 44
4 14
5 33
6 26
7 36
8 9
9 10
10 47
11 32
12 13
13 6
14 1
15 43
16 12
17 46
18 11
19 31
20 34
21 38
22 3
23 39
24 20
25 40
26 35
27 4
28 42
29 17
30 21
31 30
32 16
33 29
34 23
35 19
36 5
37 22
38 7
39 0
40 28
41 27
42 37
43 15
44 41
45 45
46 18
47 25
SIMILAR

16 24 6 45 31 17 38 25 15 3 4 41 22 12 29 47 34 33 14 35 44 2 7 9 11 26 37 20 28 21 10 23 42 36 5 39 27 18 43 40 46 32 1 19 13 8 0 30 
0 46
1 42
2 21
3 9
4 10
5 34
6 2
7 22
8 45
9 23
10 30
11 24
12 13
13 44
14 18
15 8
16 0
17 5
18 37
19 43
20 27
21 29
22 12
23 31
24 1
25 7
26 25
27 36
28 28
29 14
30 47
31 4
32 41
33 17
34 16
35 19
36 33
37 26
38 6
39 35
40 39
41 11
42 32
43 38
44 20
45 3
46 40
47 15
SIMILAR

39 7 18 9 21 16 35 22 47 20 2 19 32 17 42 44 6 28 24 25 45 3 36 30 34 46 5 10 1 33 43 38 27 37 23 31 29 0 41 13 4 26 12 8 40 14 15 11 
0 37
1 28
2 10
3 21
4 40
5 26
6 16
7 1
8 43
9 3
10 27
11 47
12 42
13 39
14 45
15 46
16 5
17 13
18 2
19 11
20 9
21 4
22 7
23 34
24 18
25 19
26 41
27 32
28 17
29 36
30 23
31 35
32 12
33 29
34 24
35 6
36 22
37 33
38 31
39 0
40 44
41 38
42 14
43 30
44 15
45 20
46 25
47 8
SIMILAR

11 30 35 13 33 1 29 21 31 14 9 36 25 2 7 46 16 34 37 44 39 20 8 18 12 6 40 26 45 19 24 5 17 22 15 10 42 28 47 32 23 27 41 43 3 4 0 38 
0 46
1 5
2 13
3 44
4 45
5 31
6 25
7 14
8 22
9 10
10 35
11 0
12 24
13 3
14 9
15 34
16 16
17 32
18 23
19 29
20 21
21 7
22 33
23 40
24 30
25 12
26 27
27 41
28 37
29 6
30 1
31 8
32 39
33 4
34 17
35 2
36 11
37 18
38 47
39 20
40 26
41 42
42 36
43 43
44 19
45 28
46 15
47 38
SIMILAR

11 20 16 14 25 5 9 33 46 17 41 7 28 8 19 29 4 27 35 0 22 13 32 37 44 2 3 38 31 15 18 43 26 40 12 10 39 42 45 23 30 34 21 1 24 47 36 6 
0 19
1 43
2 25
3 26
4 16
5 5
6 47
7 11
8 13
9 6
10 35
11 0
12 34
13 21
14 3
15 29
16 2
17 9
18 30
19 14
20 1
21 42
22 20
23 39
24 44
25 4
26 32
27 17
28 12
29 15
30 40
31 28
32 22
33 7
34 41
35 18
36 46
37 23
38 27
39 36
40 33
41 10
42 37
43 31
44 24
45 38
46 8
47 45
SIMILAR

19 43 18 25 39 14 28 20 11 8 37 6 33 21 45 41 47 26 2 46 4 42 40 30 35 10 23 16 12 17 0 32 13 9 22 38 24 29 3 34 36 31 44 5 1 27 7 15 
0 30
1 44
2 18
3 38
4 20
5 43
6 11
7 46
8 9
9 33
10 25
11 8
12 28
13 32
14 5
15 47
16 27
17 29
18 2
19 0
20 7
21 13
22 34
23 26
24 36
25 3
26 17
27 45
28 6
29 37
30 23
31 41
32 31
33 12
34 39
35 24
36 40
37 10
38 35
39 4
40 22
41 15
42 21
43 1
44 42
45 14
46 19
47 16
SIMILAR

36 42 19 39 46 2 30 8 12 11 7 47 22 0 5 34 4 40 27 15 37 35 43 21 18 20 38 23 16 13 44 41 6 9 3 10 17 29 33 1 24 45 28 32 31 14 25 26 
0 13
1 39
2 5
3 34
4 16
5 14
6 32
7 10
8 7
9 33
10 35
11 9
12 8
13 29
14 45
15 19
16 28
17 36
18 24
19 2
20 25
21 23
22 12
23 27
24 40
25 46
26 47
27 18
28 42
29 37
30 6
31 44
32 43
33 38
34 15
35 21
36 0
37 20
38 26
39 3
40 17
41 31
42 1
43 22
44 30
45 41
46 4
47 11
SIMILAR

41 36 3 42 31 5 34 18 25 0 12 22 4 23 29 21 17 9 19 46 38 33 20 15 47 2 10 44 45 30 7 26 32 43 8 39 14 35 37 11 24 6 16 28 13 27 40 1 
0 9
1 47
2 25
3 2
4 12
5 5
6 41
7 30
8 34
9 17
10 26
11 39
12 10
13 44
14 36
15 23
16 42
17 16
18 7
19 18
20 22
21 15
22 11
23 13
24 40
25 8
26 31
27 45
28 43
29 14
30 29
31 4
32 32
33 21
34 6
35 37
36 1
37 38
38 20
39 35
40 46
41 0
42 3
43 33
44 27
45 28
46 19
47 24
SIMILAR

34 10 19 7 38 28 22 45 29 27 37 40 1 32 6 11 17 39 36 46 20 18 30 8 2 5 21 13 12 26 23 4 41 0 15 25 31 42 16 9 47 44 24 33 35 43 14 3 
0 33
1 12
2 24
3 47
4 31
5 25
6 14
7 3
8 23
9 39
10 1
11 15
12 28
13 27
14 46
15 34
16 38
17 16
18 21
19 2
20 20
21 26
22 6
23 30
24 42
25 35
26 29
27 9
28 5
29 8
30 22
31 36
32 13
33 43
34 0
35 44
36 18
37 10
38 4
39 17
40 11
41 32
42 37
43 45
44 41
45 7
46 19
47 40
SIMILAR

43 8 10 1 0 45 19 26 28 16 3 25 11 7 20 46 4 31 27 36 17 21 32 2 23 37 33 14 9 35 38 13 39 12 29 44 24 22 34 5 30 18 42 6 15 41 47 40 
0 4
1 3
2 23
3 10
4 16
5 39
6 43
7 13
8 1
9 28
10 2
11 12
12 33
13 31
14 27
15 44
16 9
17 20
18 41
19 6
20 14
21 21
22 37
23 24
24 36
25 11
26 7
27 18
28 8
29 34
30 40
31 17
32 22
33 26
34 38
35 29
36 19
37 25
38 30
39 32
40 47
41 45
42 42
43 0
44 35
45 5
46 15
47 46
SIMILAR

10 17 7 11 24 40 4 43 13 29 20 3 33 12 31 36 45 44 47 9 22 21 16 32 15 39 2 42 41 14 46 25 35 19 18 6 38 26 1 8 5 0 34 28 37 27 30 23 
0 41
1 38
2 26
3 11
4 6
5 40
6 35
7 2
8 39
9 19
10 0
11 3
12 13
13 8
14 29
15 24
16 22
17 1
18 34
19 33
20 10
21 21
22 20
23 47
24 4
25 31
26 37
27 45
28 43
29 9
30 46
31 14
32 23
33 12
34 42
35 32
36 15
37 44
38 36
39 25
40 5
41 28
42 27
43 7
44 17
45 16
46 30
47 18
SIMILAR

22 8 15 25 46 28 45 39 19 0 5 26 10 12 16 2 38 3 13 42 43 1 36 44 6 34 7 24 29 41 20 11 30 40 32 14 17 27 47 21 31 35 37 18 23 33 4 9 
0 9
1 21
2 15
3 17
4 46
5 10
6 24
7 26
8 1
9 47
10 12
11 31
12 13
13 18
14 35
15 2
16 14
17 36
18 43
19 8
20 30
21 39
22 0
23 44
24 27
25 3
26 11
27 37
28 5
29 28
30 32
31 40
32 34
33 45
34 25
35 41
36 22
37 42
38 16
39 7
40 33
41 29
42 19
43 20
44 23
45 6
46 4
47 38
SIMILAR

10 44 31 36 5 30 0 34 17 21 43 46 38 1 27 33 28 22 7 45 35 13 39 32 19 37 9 24 15 25 20 4 18 6 42 29 16 12 47 11 26 23 40 3 8 41 14 2 
0 6
1 13
2 47
3 43
4 31
5 4
6 33
7 18
8 44
9 26
10 0
11 39
12 37
13 21
14 46
15 28
16 36
17 8
18 32
19 24
20 30
21 9
22 17
23 41
24 27
25 29
26 40
27 14
28 16
29 35
30 5
31 2
32 23
33 15
34 7
35 20
36 3
37 25
38 12
39 22
40 42
41 45
42 34
43 10
44 1
45 19
46 11
47 38
SIMILAR

46 24 31 13 20 41 27 34 17 30 37 9 23 33 28 35 7 22 47 14 11 36 39 43 45 32 16 38 3 42 21 44 29 26 4 25 15 5 10 8 6 40 12 1 0 2 18 19 
0 44
1 43
2 45
3 28
4 34
5 37
6 40
7 16
8 39
9 11
10 38
11 20
12 42
13 3
14 19
15 36
16 26
17 8
18 46
19 47
20 4
21 30
22 17
23 12
24 1
25 35
26 33
27 6
28 14
29 32
30 9
31 2
32 25
33 13
34 7
35 15
36 21
37 10
38 27
39 22
40 41
41 5
42 29
43 23
44 31
45 24
46 0
47 18
SIMILAR

44 40 20 6 19 36 23 4 12 11 10 3 34 28 1 29 30 5 26 21 43 2 32 39 42 37 24 47 8 9 17 33 15 31 7 14 38 46 25 27 35 41 0 22 18 16 13 45 
0 42
1 14
2 21
3 11
4 7
5 17
6 3
7 34
8 28
9 29
10 10
11 9
12 8
13 46
14 35
15 32
16 45
17 30
18 44
19 4
20 2
21 19
22 43
23 6
24 26
25 38
26 18
27 39
28 13
29 15
30 16
31 33
32 22
33 31
34 12
35 40
36 5
37 25
38 36
39 23
40 1
41 41
42 24
43 20
44 0
45 47
46 37
47 27
SIMILAR

43 31 40 32 28 15 10 29 47 44 5 24 23 17 35 22 19 0 26 11 12 45 20 41 36 30 27 4 14 46 21 25 34 7 42 18 38 1 37 33 13 39 8 6 16 3 9 2 
0 17
1 37
2 47
3 45
4 27
5 10
6 43
7 33
8 42
9 46
10 6
11 19
12 20
13 40
14 28
15 5
16 44
17 13
18 35
19 16
20 22
21 30
22 15
23 12
24 11
25 31
26 18
27 26
28 4
29 7
30 25
31 1
32 3
33 39
34 32
35 14
36 24
37 38
38 36
39 41
40 2
41 23
42 34
43 0
44 9
45 21
46 29
47 8
SIMILAR

18 2 10 44 19 30 21 24 1 34 31 27 28 14 45 11 39 13 33 22 8 5 20 35 37 4 0 41 38 36 16 40 25 6 12 7 43 46 26 9 15 42 47 29 3 23 32 17 
0 26
1 8
2 1
3 44
4 25
5 21
6 33
7 35
8 20
9 39
10 2
11 15
12 34
13 17
14 13
15 40
16 30
17 47
18 0
19 4
20 22
21 6
22 19
23 45
24 7
25 32
26 38
27 11
28 12
29 43
30 5
31 10
32 46
33 18
34 9
35 23
36 29
37 24
38 28
39 16
40 31
41 27
42 41
43 36
44 3
45 14
46 37
47 42
SIMILAR

44 19 30 32 29 20 14 25 2 10 42 37 18 24 46 40 15 1 36 27 3 23 31 16 33 21 5 43 35 28 12 17 39 38 13 7 9 6 11 41 26 22 47 4 8 45 0 34 
0 46
1 17
2 8
3 20
4 43
5 26
6 37
7 35
8 44
9 36
10 9
11 38
12 30
13 34
14 6
15 16
16 23
17 31
18 12
19 1
20 5
21 25
22 41
23 21
24 13
25 7
26 40
27 19
28 29
29 4
30 2
31 22
32 3
33 24
34 47
35 28
36 18
37 11
38 33
39 32
40 15
41 39
42 10
43 27
44 0
45 45
46 14
47 42
SIMILAR

15 11 4 17 10 2 3 43 42 37 19 9 32 23 30 36 26 7 20 40 18 28 33 47 44 27 5 24 29 8 25 38 14 22 34 45 1 12 41 35 13 0 31 6 46 39 16 21 
0 41
1 36
2 5
3 6
4 2
5 26
6 43
7 17
8 29
9 11
10 4
11 1
12 37
13 40
14 32
15 0
16 46
17 3
18 20
19 10
20 18
21 47
22 33
23 13
24 27
25 30
26 16
27 25
28 21
29 28
30 14
31 42
32 12
33 22
34 34
35 39
36 15
37 9
38 31
39 45
40 19
41 38
42 8
43 7
44 24
45 35
46 44
47 23
SIMILAR

34 0 22 24 23 46 19 10 36 28 3 4 37 35 11 39 27 38 7 31 30 20 32 47 17 9 29 16 8 42 44 41 13 1 45 26 33 14 40 2 21 12 5 15 18 25 43 6 
0 1
1 33
2 39
3 10
4 11
5 42
6 47
7 18
8 28
9 25
10 7
11 14
12 41
13 32
14 37
15 43
16 27
17 24
18 44
19 6
20 21
21 40
22 2
23 4
24 3
25 45
26 35
27 16
28 9
29 26
30 20
31 19
32 22
33 36
34 0
35 13
36 8
37 12
38 17
39 15
40 38
41 31
42 29
43 46
44 30
45 34
46 5
47 23
SIMILAR

10 26 36 24 35 40 4 17 43 47 8 23 14 46 7 1 38 11 37 22 28 12 15 18 0 30 13 44 6 31 33 42 45 41 19 25 3 32 29 9 5 21 16 20 27 2 34 39 
0 24
1 15
2 45
3 36
4 6
5 40
6 28
7 14
8 10
9 39
10 0
11 17
12 21
13 26
14 12
15 22
16 42
17 7
18 23
19 34
20 43
21 41
22 19
23 11
24 3
25 35
26 1
27 44
28 20
29 38
30 25
31 29
32 37
33 30
34 46
35 4
36 2
37 18
38 16
39 47
40 5
41 33
42 31
43 8
44 27
45 32
46 13
47 9
SIMILAR
100 0
6400 0
446400 0
