20
0 0 1 0 0 0 1 0 0 0 0 0 1 0 0 1 1 1 0 0 
0 0 0 1 1 0 0 1 1 0 1 0 0 1 0 1 1 1 1 1 
1 0 0 1 1 0 0 1 1 0 0 1 1 1 1 1 1 1 1 1 
0 1 1 0 0 1 0 0 1 1 0 0 1 1 1 1 0 0 1 0 
0 1 1 0 0 0 1 1 0 1 0 0 1 1 0 0 1 0 1 0 
0 0 0 1 0 0 0 1 1 0 0 1 0 0 0 1 1 0 1 0 
1 0 0 0 1 0 0 1 0 0 1 1 0 1 0 1 1 1 0 0 
0 1 1 0 1 1 1 0 1 0 0 1 0 1 0 0 1 1 0 1 
0 1 1 1 0 1 0 1 0 0 1 0 0 0 1 1 1 1 0 1 
0 0 0 1 1 0 0 0 0 0 1 1 0 0 0 0 0 1 1 0 
0 1 0 0 0 0 1 0 1 1 0 0 1 0 0 1 0 1 1 1 
0 0 1 0 0 1 1 1 0 1 0 0 0 1 1 1 1 1 0 1 
1 0 1 1 1 0 0 0 0 0 1 0 0 0 0 1 0 1 1 1 
0 1 1 1 1 0 1 1 0 0 0 1 0 0 1 1 1 0 1 1 
0 0 1 1 0 0 0 0 1 0 0 1 0 1 0 0 1 0 0 0 
1 1 1 1 0 1 1 0 1 0 1 1 1 1 0 0 1 0 0 0 
1 1 1 0 1 1 1 1 1 0 0 1 0 1 1 1 0 1 0 1 
1 1 1 0 0 0 1 1 1 1 1 1 1 0 0 0 1 0 0 0 
0 1 1 1 1 1 0 0 0 1 1 0 1 1 0 0 0 0 0 1 
0 1 1 0 0 0 0 1 1 0 1 1 1 1 0 0 1 0 1 0 

15 10 12 19 11 13 5 7 17 8 16 3 18 2 4 14 0 6 9 1 
0 16
1 19
2 13
3 11
4 14
5 6
6 17
7 7
8 9
9 18
10 1
11 4
12 2
13 5
14 15
15 0
16 10
17 8
18 12
19 3
SIMILAR

18 9 0 3 6 7 13 8 16 10 14 17 11 5 12 4 19 2 1 15 
0 2
1 18
2 17
3 3
4 15
5 13
6 4
7 5
8 7
9 1
10 9
11 12
12 14
13 6
14 10
15 19
16 8
17 11
18 0
19 16
SIMILAR

14 3 10 4 18 11 15 19 1 2 9 0 13 5 8 7 17 6 16 12 
0 11
1 8
2 9
3 1
4 3
5 13
6 17
7 15
8 14
9 10
10 2
11 5
12 19
13 12
14 0
15 6
16 18
17 16
18 4
19 7
SIMILAR

17 14 6 10 12 1 15 3 13 11 8 0 16 9 18 19 7 2 5 4 
0 11
1 5
2 17
3 7
4 19
5 18
6 2
7 16
8 10
9 13
10 3
11 9
12 4
13 8
14 1
15 6
16 12
17 0
18 14
19 15
SIMILAR

15 16 6 13 19 0 3 4 5 11 9 10 14 17 18 12 2 7 8 1 
0 5
1 19
2 16
3 6
4 7
5 8
6 2
7 17
8 18
9 10
10 11
11 9
12 15
13 3
14 12
15 0
16 1
17 13
18 14
19 4
SIMILAR

3 0 15 18 11 7 19 16 4 17 10 5 13 6 12 9 8 14 2 1 
0 1
1 19
2 18
3 0
4 8
5 11
6 13
7 5
8 16
9 15
10 10
11 4
12 14
13 12
14 17
15 2
16 7
17 9
18 3
19 6
SIMILAR

1 6 16 10 9 4 2 7 8 19 15 12 17 18 14 11 0 5 3 13 
0 16
1 0
2 6
3 18
4 5
5 17
6 1
7 7
8 8
9 4
10 3
11 15
12 11
13 19
14 14
15 10
16 2
17 12
18 13
19 9
SIMILAR

18 2 3 16 0 10 11 5 7 8 1 13 6 12 4 9 17 14 19 15 
0 4
1 10
2 1
3 2
4 14
5 7
6 12
7 8
8 9
9 15
10 5
11 6
12 13
13 11
14 17
15 19
16 3
17 16
18 0
19 18
SIMILAR

7 9 2 5 13 8 17 14 19 15 4 10 6 1 12 16 18 11 3 0 
0 19
1 13
2 2
3 18
4 10
5 3
6 12
7 0
8 5
9 1
10 11
11 17
12 14
13 4
14 7
15 9
16 15
17 6
18 16
19 8
SIMILAR

7 18 13 14 3 17 2 4 6 16 8 10 0 1 11 15 5 9 19 12 
0 12
1 13
2 6
3 4
4 7
5 16
6 8
7 0
8 10
9 17
10 11
11 14
12 19
13 2
14 3
15 15
16 9
17 5
18 1
19 18
SIMILAR

19 15 14 10 6 12 7 0 9 3 17 2 11 8 16 5 13 1 4 18 
0 7
1 17
2 11
3 9
4 18
5 15
6 4
7 6
8 13
9 8
10 3
11 12
12 5
13 16
14 2
15 1
16 14
17 10
18 19
19 0
SIMILAR

16 3 1 0 6 4 13 2 19 10 15 9 12 18 5 14 7 11 17 8 
0 3
1 2
2 7
3 1
4 5
5 14
6 4
7 16
8 19
9 11
10 9
11 17
12 12
13 6
14 15
15 10
16 0
17 18
18 13
19 8
SIMILAR

10 2 7 11 14 17 1 5 8 15 6 16 9 13 3 0 12 4 19 18 
0 15
1 6
2 1
3 14
4 17
5 7
6 10
7 2
8 8
9 12
10 0
11 3
12 16
13 13
14 4
15 9
16 11
17 5
18 19
19 18
SIMILAR

5 12 18 10 2 15 11 8 3 13 19 9 7 4 6 0 14 16 1 17 
0 15
1 18
2 4
3 8
4 13
5 0
6 14
7 12
8 7
9 11
10 3
11 6
12 1
13 9
14 16
15 5
16 17
17 19
18 2
19 10
SIMILAR

0 9 17 8 10 1 19 14 11 2 12 15 6 5 4 7 13 3 16 18 
0 0
1 5
2 9
3 17
4 14
5 13
6 12
7 15
8 3
9 1
10 4
11 8
12 10
13 16
14 7
15 11
16 18
17 2
18 19
19 6
SIMILAR

6 2 12 14 19 7 5 1 13 17 15 0 3 8 18 10 11 16 9 4 
0 11
1 7
2 1
3 12
4 19
5 6
6 0
7 5
8 13
9 18
10 15
11 16
12 2
13 8
14 3
15 10
16 17
17 9
18 14
19 4
SIMILAR

4 12 3 10 8 16 13 2 11 7 1 14 5 19 18 6 17 9 15 0 
0 19
1 10
2 7
3 2
4 0
5 12
6 15
7 9
8 4
9 17
10 3
11 8
12 1
13 6
14 11
15 18
16 5
17 16
18 14
19 13
SIMILAR

4 11 7 9 5 14 3 12 6 0 18 16 2 1 13 10 19 8 15 17 
0 9
1 13
2 12
3 6
4 0
5 4
6 8
7 2
8 17
9 3
10 15
11 1
12 7
13 14
14 5
15 18
16 11
17 19
18 10
19 16
SIMILAR

6 13 16 0 19 7 17 4 12 15 5 9 3 10 11 18 2 14 1 8 
0 3
1 18
2 16
3 12
4 7
5 10
6 0
7 5
8 19
9 11
10 13
11 14
12 8
13 1
14 17
15 9
16 2
17 6
18 15
19 4
SIMILAR

1 11 7 2 16 17 0 15 4 5 19 10 14 3 8 13 9 18 12 6 
0 6
1 0
2 3
3 13
4 8
5 9
6 19
7 2
8 14
9 16
10 11
11 1
12 18
13 15
14 12
15 7
16 4
17 5
18 17
19 10
SIMILAR

2 6 18 0 11 12 15 9 13 14 3 19 8 4 7 17 10 1 16 5 
0 3
1 17
2 0
3 10
4 13
5 19
6 1
7 14
8 12
9 7
10 16
11 4
12 5
13 8
14 9
15 6
16 18
17 15
18 2
19 11
SIMILAR

7 19 17 14 13 10 18 9 0 6 4 3 1 8 5 11 2 16 15 12 
0 8
1 12
2 16
3 11
4 10
5 14
6 9
7 0
8 13
9 7
10 5
11 15
12 19
13 4
14 3
15 18
16 17
17 2
18 6
19 1
SIMILAR

7 3 15 4 8 10 18 16 0 5 6 2 13 19 12 9 17 14 11 1 
0 8
1 19
2 11
3 1
4 3
5 9
6 10
7 0
8 4
9 15
10 5
11 18
12 14
13 12
14 17
15 2
16 7
17 16
18 6
19 13
SIMILAR

18 19 0 13 15 14 1 11 3 7 10 2 6 9 12 17 4 8 16 5 
0 2
1 6
2 11
3 8
4 16
5 19
6 12
7 9
8 17
9 13
10 10
11 7
12 14
13 3
14 5
15 4
16 18
17 15
18 0
19 1
SIMILAR

12 17 19 1 10 16 2 9 5 7 4 15 13 3 0 14 18 8 6 11 
0 14
1 3
2 6
3 13
4 10
5 8
6 18
7 9
8 17
9 7
10 4
11 19
12 0
13 12
14 15
15 11
16 5
17 1
18 16
19 2
SIMILAR

3 13 16 10 19 17 0 11 9 8 15 7 18 4 6 1 2 14 5 12 
0 6
1 15
2 16
3 0
4 13
5 18
6 14
7 11
8 9
9 8
10 3
11 7
12 19
13 1
14 17
15 10
16 2
17 5
18 12
19 4
SIMILAR

15 7 6 1 3 19 4 16 17 0 10 18 9 11 13 2 8 12 5 14 
0 9
1 3
2 15
3 4
4 6
5 18
6 2
7 1
8 16
9 12
10 10
11 13
12 17
13 14
14 19
15 0
16 7
17 8
18 11
19 5
SIMILAR

2 8 19 11 12 4 16 13 15 14 6 3 7 1 0 9 18 17 10 5 
0 14
1 13
2 0
3 11
4 5
5 19
6 10
7 12
8 1
9 15
10 18
11 3
12 4
13 7
14 9
15 8
16 6
17 17
18 16
19 2
SIMILAR

14 19 2 11 3 8 5 0 6 18 16 9 7 1 13 15 4 17 12 10 
0 7
1 13
2 2
3 4
4 16
5 6
6 8
7 12
8 5
9 11
10 19
11 3
12 18
13 14
14 0
15 15
16 10
17 17
18 9
19 1
SIMILAR

16 11 7 1 3 14 0 8 9 19 12 5 4 13 6 18 10 2 17 15 
0 6
1 3
2 17
3 4
4 12
5 11
6 14
7 2
8 7
9 8
10 16
11 1
12 10
13 13
14 5
15 19
16 0
17 18
18 15
19 9
SIMILAR

18 9 8 16 12 11 0 19 4 1 13 6 5 15 2 14 3 7 17 10 
0 6
1 9
2 14
3 16
4 8
5 12
6 11
7 17
8 2
9 1
10 19
11 5
12 4
13 10
14 15
15 13
16 3
17 18
18 0
19 7
SIMILAR

11 10 7 16 6 0 14 8 19 1 13 12 4 18 9 17 2 15 3 5 
0 5
1 9
2 16
3 18
4 12
5 19
6 4
7 2
8 7
9 14
10 1
11 0
12 11
13 10
14 6
15 17
16 3
17 15
18 13
19 8
SIMILAR

14 2 1 13 4 16 12 7 19 3 5 11 18 10 0 17 9 15 6 8 
0 14
1 2
2 1
3 9
4 4
5 10
6 18
7 7
8 19
9 16
10 13
11 11
12 6
13 3
14 0
15 17
16 5
17 15
18 12
19 8
SIMILAR

2 9 12 13 14 8 6 15 1 0 17 3 7 10 18 19 16 5 4 11 
0 9
1 8
2 0
3 11
4 18
5 17
6 6
7 12
8 5
9 1
10 13
11 19
12 2
13 3
14 4
15 7
16 16
17 10
18 14
19 15
SIMILAR

12 4 2 13 19 7 15 6 10 1 11 9 0 16 14 5 3 17 8 18 
0 12
1 9
2 2
3 16
4 1
5 15
6 7
7 5
8 18
9 11
10 8
11 10
12 0
13 3
14 14
15 6
16 13
17 17
18 19
19 4
SIMILAR

3 18 12 16 10 15 5 8 2 6 9 1 17 14 13 7 4 11 19 0 
0 19
1 11
2 8
3 0
4 16
5 6
6 9
7 15
8 7
9 10
10 4
11 17
12 2
13 14
14 13
15 5
16 3
17 12
18 1
19 18
SIMILAR

13 5 10 18 0 17 14 19 7 16 11 1 3 15 12 9 4 8 2 6 
0 4
1 11
2 18
3 12
4 16
5 1
6 19
7 8
8 17
9 15
10 2
11 10
12 14
13 0
14 6
15 13
16 9
17 5
18 3
19 7
SIMILAR

3 9 2 5 18 17 13 16 19 4 14 0 11 7 6 8 12 15 1 10 
0 11
1 18
2 2
3 0
4 9
5 3
6 14
7 13
8 15
9 1
10 19
11 12
12 16
13 6
14 10
15 17
16 7
17 5
18 4
19 8
SIMILAR

18 12 7 14 15 11 16 0 8 2 19 1 17 10 13 4 3 9 5 6 
0 7
1 11
2 9
3 16
4 15
5 18
6 19
7 2
8 8
9 17
10 13
11 5
12 1
13 14
14 3
15 4
16 6
17 12
18 0
19 10
SIMILAR

0 4 8 1 12 9 10 19 5 11 13 17 2 14 6 18 16 7 15 3 
0 0
1 3
2 12
3 19
4 1
5 8
6 14
7 17
8 2
9 5
10 6
11 9
12 4
13 10
14 13
15 18
16 16
17 11
18 15
19 7
SIMILAR

10 5 3 16 2 12 17 13 14 19 6 15 0 1 11 8 18 4 7 9 
0 12
1 13
2 4
3 2
4 17
5 1
6 10
7 18
8 15
9 19
10 0
11 14
12 5
13 7
14 8
15 11
16 3
17 6
18 16
19 9
SIMILAR

9 10 6 17 2 19 5 11 15 18 1 3 14 13 7 4 12 8 16 0 
0 19
1 10
2 4
3 11
4 15
5 6
6 2
7 14
8 17
9 0
10 1
11 7
12 16
13 13
14 12
15 8
16 18
17 3
18 9
19 5
SIMILAR

1 19 5 0 3 6 7 16 10 2 13 15 17 11 4 12 18 8 14 9 
0 3
1 0
2 9
3 4
4 14
5 2
6 5
7 6
8 17
9 19
10 8
11 13
12 15
13 10
14 18
15 11
16 7
17 12
18 16
19 1
SIMILAR

18 1 2 3 12 9 0 10 6 17 16 19 13 5 15 11 14 7 8 4 
0 6
1 1
2 2
3 3
4 19
5 13
6 8
7 17
8 18
9 5
10 7
11 15
12 4
13 12
14 16
15 14
16 10
17 9
18 0
19 11
SIMILAR

5 10 2 6 8 3 11 17 12 0 1 13 7 19 14 9 15 18 16 4 
0 9
1 10
2 2
3 5
4 19
5 0
6 3
7 12
8 4
9 15
10 1
11 6
12 8
13 11
14 14
15 16
16 18
17 7
18 17
19 13
SIMILAR

1 11 10 19 13 14 6 0 4 5 18 8 2 15 3 16 7 17 9 12 
0 7
1 0
2 12
3 14
4 8
5 9
6 6
7 16
8 11
9 18
10 2
11 1
12 19
13 4
14 5
15 13
16 15
17 17
18 10
19 3
SIMILAR

17 19 6 5 13 18 15 2 0 1 10 11 12 16 4 14 3 8 9 7 
0 8
1 9
2 7
3 16
4 14
5 3
6 2
7 19
8 17
9 18
10 10
11 11
12 12
13 4
14 15
15 6
16 13
17 0
18 5
19 1
SIMILAR

14 16 8 17 12 3 9 5 13 2 6 7 19 0 1 18 4 10 11 15 
0 13
1 14
2 9
3 5
4 16
5 7
6 10
7 11
8 2
9 6
10 17
11 18
12 4
13 8
14 0
15 19
16 1
17 3
18 15
19 12
SIMILAR

11 7 5 8 6 13 19 0 1 3 12 18 14 16 17 10 4 9 2 15 
0 7
1 8
2 18
3 9
4 16
5 2
6 4
7 1
8 3
9 17
10 15
11 0
12 10
13 5
14 12
15 19
16 13
17 14
18 11
19 6
SIMILAR

6 10 3 0 13 12 17 4 8 16 15 11 19 7 2 14 9 18 5 1 
0 3
1 19
2 14
3 2
4 7
5 18
6 0
7 13
8 8
9 16
10 1
11 11
12 5
13 4
14 15
15 10
16 9
17 6
18 17
19 12
SIMILAR

3 14 4 10 8 7 12 15 6 11 2 13 5 0 18 16 19 17 1 9 
0 13
1 18
2 10
3 0
4 2
5 12
6 8
7 5
8 4
9 19
10 3
11 9
12 6
13 11
14 1
15 7
16 15
17 17
18 14
19 16
SIMILAR

12 7 17 11 9 1 16 19 10 15 18 13 0 14 8 6 4 2 5 3 
0 12
1 5
2 17
3 19
4 16
5 18
6 15
7 1
8 14
9 4
10 8
11 3
12 0
13 11
14 13
15 9
16 6
17 2
18 10
19 7
SIMILAR

4 6 7 9 15 11 10 14 19 1 3 5 8 16 12 0 17 18 2 13 
0 15
1 9
2 18
3 10
4 0
5 11
6 1
7 2
8 12
9 3
10 6
11 5
12 14
13 19
14 7
15 4
16 13
17 16
18 17
19 8
SIMILAR

8 11 15 3 9 7 14 16 18 4 10 19 1 12 17 13 5 2 6 0 
0 19
1 12
2 17
3 3
4 9
5 16
6 18
7 5
8 0
9 4
10 10
11 1
12 13
13 15
14 6
15 2
16 7
17 14
18 8
19 11
SIMILAR

5 17 2 15 9 0 12 10 11 14 8 6 13 1 7 18 3 19 4 16 
0 5
1 13
2 2
3 16
4 18
5 0
6 11
7 14
8 10
9 4
10 7
11 8
12 6
13 12
14 9
15 3
16 19
17 1
18 15
19 17
SIMILAR

6 17 2 10 3 1 9 13 14 18 12 7 8 11 0 15 5 19 16 4 
0 14
1 5
2 2
3 4
4 19
5 16
6 0
7 11
8 12
9 6
10 3
11 13
12 10
13 7
14 8
15 15
16 18
17 1
18 9
19 17
SIMILAR

15 13 7 5 11 14 0 6 10 4 8 12 19 3 9 16 17 2 1 18 
0 6
1 18
2 17
3 13
4 9
5 3
6 7
7 2
8 10
9 14
10 8
11 4
12 11
13 1
14 5
15 0
16 15
17 16
18 19
19 12
SIMILAR

18 2 5 19 9 15 0 16 8 6 1 14 7 11 17 3 4 12 13 10 
0 6
1 10
2 1
3 15
4 16
5 2
6 9
7 12
8 8
9 4
10 19
11 13
12 17
13 18
14 11
15 5
16 7
17 14
18 0
19 3
SIMILAR

17 3 10 1 5 13 8 16 11 12 19 7 9 18 0 15 14 4 6 2 
0 14
1 3
2 19
3 1
4 17
5 4
6 18
7 11
8 6
9 12
10 2
11 8
12 9
13 5
14 16
15 15
16 7
17 0
18 13
19 10
SIMILAR

16 18 7 13 9 19 17 11 3 10 4 12 5 0 8 2 6 1 14 15 
0 13
1 17
2 15
3 8
4 10
5 12
6 16
7 2
8 14
9 4
10 9
11 7
12 11
13 3
14 18
15 19
16 0
17 6
18 1
19 5
SIMILAR

13 16 2 1 14 5 4 3 9 15 17 8 7 19 12 10 11 6 18 0 
0 19
1 3
2 2
3 7
4 6
5 5
6 17
7 12
8 11
9 8
10 15
11 16
12 14
13 0
14 4
15 9
16 1
17 10
18 18
19 13
SIMILAR

2 18 16 10 0 9 7 3 11 19 1 13 8 5 4 14 12 15 17 6 
0 4
1 10
2 0
3 7
4 14
5 13
6 19
7 6
8 12
9 5
10 3
11 8
12 16
13 11
14 15
15 17
16 2
17 18
18 1
19 9
SIMILAR

10 14 15 19 1 4 9 16 2 12 11 18 6 5 3 8 13 7 0 17 
0 18
1 4
2 8
3 14
4 5
5 13
6 12
7 17
8 15
9 6
10 0
11 10
12 9
13 16
14 1
15 2
16 7
17 19
18 11
19 3
SIMILAR

0 7 19 16 9 15 1 3 10 4 18 8 6 17 12 14 13 2 5 11 
0 0
1 6
2 17
3 7
4 9
5 18
6 12
7 1
8 11
9 4
10 8
11 19
12 14
13 16
14 15
15 5
16 3
17 13
18 10
19 2
SIMILAR

9 13 4 19 1 16 8 18 11 17 2 12 0 7 10 3 5 6 14 15 
0 12
1 4
2 10
3 15
4 2
5 16
6 17
7 13
8 6
9 0
10 14
11 8
12 11
13 1
14 18
15 19
16 5
17 9
18 7
19 3
SIMILAR

1 17 19 9 16 13 3 7 5 0 11 2 6 12 18 8 15 4 10 14 
0 9
1 0
2 11
3 6
4 17
5 8
6 12
7 7
8 15
9 3
10 18
11 10
12 13
13 5
14 19
15 16
16 4
17 1
18 14
19 2
SIMILAR

18 11 3 12 0 15 17 8 10 14 9 6 19 7 5 16 4 1 2 13 
0 4
1 17
2 18
3 2
4 16
5 14
6 11
7 13
8 7
9 10
10 8
11 1
12 3
13 19
14 9
15 5
16 15
17 6
18 0
19 12
SIMILAR

18 12 16 15 8 14 19 2 9 1 17 4 6 0 13 3 7 10 11 5 
0 13
1 9
2 7
3 15
4 11
5 19
6 12
7 16
8 4
9 8
10 17
11 18
12 1
13 14
14 5
15 3
16 2
17 10
18 0
19 6
SIMILAR

18 11 16 1 6 7 15 10 8 14 3 0 5 19 12 13 4 9 2 17 
0 11
1 3
2 18
3 10
4 16
5 12
6 4
7 5
8 8
9 17
10 7
11 1
12 14
13 15
14 9
15 6
16 2
17 19
18 0
19 13
SIMILAR

18 9 8 0 2 11 12 5 10 3 6 4 16 1 19 7 14 17 15 13 
0 3
1 13
2 4
3 9
4 11
5 7
6 10
7 15
8 2
9 1
10 8
11 5
12 6
13 19
14 16
15 18
16 12
17 17
18 0
19 14
SIMILAR

2 19 4 13 5 15 3 6 9 7 18 12 14 16 10 1 0 8 11 17 
0 16
1 15
2 0
3 6
4 2
5 4
6 7
7 9
8 17
9 8
10 14
11 18
12 11
13 3
14 12
15 5
16 13
17 19
18 10
19 1
SIMILAR

19 16 11 15 13 3 17 1 14 18 0 12 10 6 4 7 2 8 9 5 
0 10
1 7
2 16
3 5
4 14
5 19
6 13
7 15
8 17
9 18
10 12
11 2
12 11
13 4
14 8
15 3
16 1
17 6
18 9
19 0
SIMILAR

15 2 11 3 9 16 10 8 1 4 5 7 13 18 12 19 17 6 14 0 
0 19
1 8
2 1
3 3
4 9
5 10
6 17
7 11
8 7
9 4
10 6
11 2
12 14
13 12
14 18
15 0
16 5
17 16
18 13
19 15
SIMILAR

9 4 3 12 2 1 7 5 17 10 14 13 15 0 18 11 19 16 8 6 
0 13
1 5
2 4
3 2
4 1
5 7
6 19
7 6
8 18
9 0
10 9
11 15
12 3
13 11
14 10
15 12
16 17
17 8
18 14
19 16
SIMILAR

12 18 16 11 6 14 9 15 17 2 13 7 3 5 1 8 4 19 0 10 
0 18
1 14
2 9
3 12
4 16
5 13
6 4
7 11
8 15
9 6
10 19
11 3
12 0
13 10
14 5
15 7
16 2
17 8
18 1
19 17
SIMILAR

1 2 10 13 17 15 18 8 7 19 0 6 16 11 4 12 3 9 5 14 
0 10
1 0
2 1
3 16
4 14
5 18
6 11
7 8
8 7
9 17
10 2
11 13
12 15
13 3
14 19
15 5
16 12
17 4
18 6
19 9
SIMILAR

7 15 1 0 4 10 2 18 3 13 5 16 14 19 17 9 12 6 11 8 
0 3
1 2
2 6
3 8
4 4
5 10
6 17
7 0
8 19
9 15
10 5
11 18
12 16
13 9
14 12
15 1
16 11
17 14
18 7
19 13
SIMILAR

8 18 9 6 7 10 11 13 3 15 1 12 17 14 0 4 5 16 19 2 
0 14
1 10
2 19
3 8
4 15
5 16
6 3
7 4
8 0
9 2
10 5
11 6
12 11
13 7
14 13
15 9
16 17
17 12
18 1
19 18
SIMILAR

19 9 8 7 0 16 17 2 10 13 11 18 14 3 6 12 5 4 15 1 
0 4
1 19
2 7
3 13
4 17
5 16
6 14
7 3
8 2
9 1
10 8
11 10
12 15
13 9
14 12
15 18
16 5
17 6
18 11
19 0
SIMILAR

8 6 7 5 15 11 4 14 3 12 16 1 13 19 0 2 9 17 10 18 
0 14
1 11
2 15
3 8
4 6
5 3
6 1
7 2
8 0
9 16
10 18
11 5
12 9
13 12
14 7
15 4
16 10
17 17
18 19
19 13
SIMILAR

5 6 13 2 4 15 19 9 0 8 14 11 12 3 18 1 17 10 7 16 
0 8
1 15
2 3
3 13
4 4
5 0
6 1
7 18
8 9
9 7
10 17
11 11
12 12
13 2
14 10
15 5
16 19
17 16
18 14
19 6
SIMILAR

9 16 11 3 4 19 10 2 17 13 7 12 1 14 18 5 6 8 15 0 
0 19
1 12
2 7
3 3
4 4
5 15
6 16
7 10
8 17
9 0
10 6
11 2
12 11
13 9
14 13
15 18
16 1
17 8
18 14
19 5
SIMILAR

3 11 16 1 8 18 10 0 9 6 14 15 4 12 5 2 7 13 19 17 
0 7
1 3
2 15
3 0
4 12
5 14
6 9
7 16
8 4
9 8
10 6
11 1
12 13
13 17
14 10
15 11
16 2
17 19
18 5
19 18
SIMILAR

3 6 2 1 14 16 0 9 5 8 10 19 12 17 11 4 18 13 15 7 
0 6
1 3
2 2
3 0
4 15
5 8
6 1
7 19
8 9
9 7
10 10
11 14
12 12
13 17
14 4
15 18
16 5
17 13
18 16
19 11
SIMILAR

0 3 9 12 4 8 6 11 15 7 17 2 19 13 14 18 5 10 16 1 
0 0
1 19
2 11
3 1
4 4
5 16
6 6
7 9
8 5
9 2
10 17
11 7
12 3
13 13
14 14
15 8
16 18
17 10
18 15
19 12
SIMILAR

10 17 13 11 7 4 19 3 12 8 9 6 16 5 15 1 14 18 0 2 
0 18
1 15
2 19
3 7
4 5
5 13
6 11
7 4
8 9
9 10
10 0
11 3
12 8
13 2
14 16
15 14
16 12
17 1
18 17
19 6
SIMILAR

18 16 6 7 19 17 14 9 12 4 10 0 8 3 5 2 13 15 1 11 
0 11
1 18
2 15
3 13
4 9
5 14
6 2
7 3
8 12
9 7
10 10
11 19
12 8
13 16
14 6
15 17
16 1
17 5
18 0
19 4
SIMILAR

19 7 11 16 3 12 4 18 5 1 2 17 10 6 15 9 14 0 8 13 
0 17
1 9
2 10
3 4
4 6
5 8
6 13
7 1
8 18
9 15
10 12
11 2
12 5
13 19
14 16
15 14
16 3
17 11
18 7
19 0
SIMILAR

10 1 2 4 13 6 14 16 0 11 17 3 5 9 18 12 15 8 19 7 
0 8
1 1
2 2
3 11
4 3
5 12
6 5
7 19
8 17
9 13
10 0
11 9
12 15
13 4
14 6
15 16
16 7
17 10
18 14
19 18
SIMILAR

1 18 17 9 8 13 10 19 4 0 3 12 16 2 6 14 5 15 11 7 
0 9
1 0
2 13
3 10
4 8
5 16
6 14
7 19
8 4
9 3
10 6
11 18
12 11
13 5
14 15
15 17
16 12
17 2
18 1
19 7
SIMILAR

18 6 3 12 11 14 7 19 5 16 17 10 1 2 13 8 0 15 4 9 
0 16
1 12
2 13
3 2
4 18
5 8
6 1
7 6
8 15
9 19
10 11
11 4
12 3
13 14
14 5
15 17
16 9
17 10
18 0
19 7
SIMILAR

3 13 10 0 11 15 16 5 7 9 6 8 18 17 2 1 4 12 19 14 
0 3
1 15
2 14
3 0
4 16
5 7
6 10
7 8
8 11
9 9
10 2
11 4
12 17
13 1
14 19
15 5
16 6
17 13
18 12
19 18
SIMILAR

18 4 11 15 7 19 17 16 14 8 13 6 12 5 1 9 10 2 3 0 
0 19
1 14
2 17
3 18
4 1
5 13
6 11
7 4
8 9
9 15
10 16
11 2
12 12
13 10
14 8
15 3
16 7
17 6
18 0
19 5
SIMILAR

19 9 7 11 17 8 2 18 3 1 0 5 12 16 15 4 14 13 6 10 
0 10
1 9
2 6
3 8
4 15
5 11
6 18
7 2
8 5
9 1
10 19
11 3
12 12
13 17
14 16
15 14
16 13
17 4
18 7
19 0
SIMILAR

14 15 17 1 13 8 7 16 12 2 19 4 18 9 10 3 11 6 5 0 
0 19
1 3
2 9
3 15
4 11
5 18
6 17
7 6
8 5
9 13
10 14
11 16
12 8
13 4
14 0
15 1
16 7
17 2
18 12
19 10
SIMILAR

12 10 9 19 14 0 11 18 1 16 7 3 15 8 6 5 4 2 13 17 
0 5
1 8
2 17
3 11
4 16
5 15
6 14
7 10
8 13
9 2
10 1
11 6
12 0
13 18
14 4
15 12
16 9
17 19
18 7
19 3
SIMILAR

14 7 18 11 1 9 2 8 19 15 0 16 17 5 10 4 3 6 13 12 
0 10
1 4
2 6
3 16
4 15
5 13
6 17
7 1
8 7
9 5
10 14
11 3
12 19
13 18
14 0
15 9
16 11
17 12
18 2
19 8
SIMILAR

8 5 16 2 11 12 6 10 7 0 1 3 13 19 4 18 17 9 15 14 
0 9
1 10
2 3
3 11
4 14
5 1
6 6
7 8
8 0
9 17
10 7
11 4
12 5
13 12
14 19
15 18
16 2
17 16
18 15
19 13
SIMILAR

6 2 9 7 13 1 16 5 12 8 15 10 18 3 17 14 19 11 0 4 
0 18
1 5
2 1
3 13
4 19
5 7
6 0
7 3
8 9
9 2
10 11
11 17
12 8
13 4
14 15
15 10
16 6
17 14
18 12
19 16
SIMILAR

5 15 7 11 17 4 1 13 10 14 12 2 3 19 0 16 8 18 9 6 
0 14
1 6
2 11
3 12
4 5
5 0
6 19
7 2
8 16
9 18
10 8
11 3
12 10
13 7
14 9
15 1
16 15
17 4
18 17
19 13
SIMILAR
100 0
700 0
160700 0
