20
0 1 1 0 1 0 1 1 0 1 1 1 0 0 0 0 0 0 0 1 
1 0 0 0 1 0 0 1 1 1 0 0 1 0 1 0 0 1 0 0 
1 0 0 1 0 1 0 0 1 0 0 1 1 1 0 1 1 1 1 1 
0 0 1 0 1 1 1 1 1 1 0 1 0 0 0 1 0 0 0 0 
1 1 0 1 0 1 0 1 0 1 0 0 1 1 1 0 1 0 0 0 
0 0 1 1 1 0 1 1 0 0 0 1 0 1 1 1 0 0 0 0 
1 0 0 1 0 1 0 0 1 0 1 1 1 1 0 1 1 0 0 0 
1 1 0 1 1 1 0 0 1 1 1 0 1 0 0 0 0 1 1 0 
0 1 1 1 0 0 1 1 0 1 1 0 0 1 0 1 0 1 0 1 
1 1 0 1 1 0 0 1 1 0 0 0 0 1 1 0 0 1 1 0 
1 0 0 0 0 0 1 1 1 0 0 1 1 1 0 0 0 0 0 1 
1 0 1 1 0 1 1 0 0 0 1 0 1 1 0 1 0 0 0 0 
0 1 1 0 1 0 1 1 0 0 1 1 0 0 0 0 0 1 0 1 
0 0 1 0 1 1 1 0 1 1 1 1 0 0 1 0 0 1 1 1 
0 1 0 0 1 1 0 0 0 1 0 0 0 1 0 1 0 1 0 1 
0 0 1 1 0 1 1 0 1 0 0 1 0 0 1 0 1 1 1 1 
0 0 1 0 1 0 1 0 0 0 0 0 0 0 0 1 0 1 1 0 
0 1 1 0 0 0 0 1 1 1 0 0 1 1 1 1 1 0 1 1 
0 0 1 0 0 0 0 1 0 1 0 0 0 1 0 1 1 1 0 1 
1 0 1 0 0 0 0 0 1 0 1 0 1 1 1 1 0 1 1 0 

15 19 17 3 18 2 6 16 0 5 7 13 10 12 8 14 9 11 1 4 
0 8
1 18
2 5
3 3
4 19
5 9
6 6
7 10
8 14
9 16
10 12
11 17
12 13
13 11
14 15
15 0
16 7
17 2
18 4
19 1
SIMILAR

6 11 14 10 16 7 12 0 1 17 13 4 8 3 2 15 18 5 9 19 
0 7
1 8
2 14
3 13
4 11
5 17
6 0
7 5
8 12
9 18
10 3
11 1
12 6
13 10
14 2
15 15
16 4
17 9
18 16
19 19
SIMILAR

13 4 9 11 14 16 10 0 17 2 1 12 3 8 19 5 6 7 15 18 
0 7
1 10
2 9
3 12
4 1
5 15
6 16
7 17
8 13
9 2
10 6
11 3
12 11
13 0
14 4
15 18
16 5
17 8
18 19
19 14
SIMILAR

9 3 18 16 17 19 14 8 15 6 12 5 0 1 2 4 10 7 11 13 
0 12
1 13
2 14
3 1
4 15
5 11
6 9
7 17
8 7
9 0
10 16
11 18
12 10
13 19
14 6
15 8
16 3
17 4
18 2
19 5
SIMILAR

11 19 3 18 10 7 9 5 16 6 17 2 1 15 8 4 14 13 0 12 
0 18
1 12
2 11
3 2
4 15
5 7
6 9
7 5
8 14
9 6
10 4
11 0
12 19
13 17
14 16
15 13
16 8
17 10
18 3
19 1
SIMILAR

10 16 2 5 4 3 14 11 18 9 17 1 7 0 6 8 13 15 19 12 
0 13
1 11
2 2
3 5
4 4
5 3
6 14
7 12
8 15
9 9
10 0
11 7
12 19
13 16
14 6
15 17
16 1
17 10
18 8
19 18
SIMILAR

16 10 11 3 9 13 14 15 0 6 8 4 18 5 12 17 19 2 7 1 
0 8
1 19
2 17
3 3
4 11
5 13
6 9
7 18
8 10
9 4
10 1
11 2
12 14
13 5
14 6
15 7
16 0
17 15
18 12
19 16
SIMILAR

5 17 14 18 3 0 1 12 13 6 4 19 9 7 15 8 16 2 11 10 
0 5
1 6
2 17
3 4
4 10
5 0
6 9
7 13
8 15
9 12
10 19
11 18
12 7
13 8
14 2
15 14
16 16
17 1
18 3
19 11
SIMILAR

2 9 19 14 0 1 8 3 16 13 10 11 5 17 6 12 4 18 7 15 
0 4
1 5
2 0
3 7
4 16
5 12
6 14
7 18
8 6
9 1
10 10
11 11
12 15
13 9
14 3
15 19
16 8
17 13
18 17
19 2
SIMILAR

15 12 7 18 16 9 6 5 3 4 8 0 11 13 1 19 10 17 14 2 
0 11
1 14
2 19
3 8
4 9
5 7
6 6
7 2
8 10
9 5
10 16
11 12
12 1
13 13
14 18
15 0
16 4
17 17
18 3
19 15
SIMILAR

11 1 4 7 18 17 3 2 13 9 14 8 15 16 19 0 12 6 5 10 
0 15
1 1
2 7
3 6
4 2
5 18
6 17
7 3
8 11
9 9
10 19
11 0
12 16
13 8
14 10
15 12
16 13
17 5
18 4
19 14
SIMILAR

4 3 8 5 10 18 11 19 7 6 15 14 16 9 12 17 13 0 2 1 
0 17
1 19
2 18
3 1
4 0
5 3
6 9
7 8
8 2
9 13
10 4
11 6
12 14
13 16
14 11
15 10
16 12
17 15
18 5
19 7
SIMILAR

2 10 1 9 14 12 19 13 11 5 16 4 7 3 8 15 0 17 18 6 
0 16
1 2
2 0
3 13
4 11
5 9
6 19
7 12
8 14
9 3
10 1
11 8
12 5
13 7
14 4
15 15
16 10
17 17
18 18
19 6
SIMILAR

12 18 7 4 3 15 10 13 8 2 16 0 1 6 17 5 11 19 14 9 
0 11
1 12
2 9
3 4
4 3
5 15
6 13
7 2
8 8
9 19
10 6
11 16
12 0
13 7
14 18
15 5
16 10
17 14
18 1
19 17
SIMILAR

18 16 11 13 9 15 3 2 10 1 19 8 4 7 14 12 5 17 0 6 
0 18
1 9
2 7
3 6
4 12
5 16
6 19
7 13
8 11
9 4
10 8
11 2
12 15
13 3
14 14
15 5
16 1
17 17
18 0
19 10
SIMILAR

5 13 0 10 9 8 4 7 18 11 1 6 16 3 12 2 14 19 17 15 
0 2
1 10
2 15
3 13
4 6
5 0
6 11
7 7
8 5
9 4
10 3
11 9
12 14
13 1
14 16
15 19
16 12
17 18
18 8
19 17
SIMILAR

1 4 15 6 11 18 5 17 19 13 14 3 7 16 12 2 8 9 10 0 
0 19
1 0
2 15
3 11
4 1
5 6
6 3
7 12
8 16
9 17
10 18
11 4
12 14
13 9
14 10
15 2
16 13
17 7
18 5
19 8
SIMILAR

9 1 3 0 19 15 6 7 2 4 12 5 16 11 17 13 10 8 14 18 
0 3
1 1
2 8
3 2
4 9
5 11
6 6
7 7
8 17
9 0
10 16
11 13
12 10
13 15
14 18
15 5
16 12
17 14
18 19
19 4
SIMILAR

8 15 6 10 0 7 4 13 1 19 18 11 9 5 16 12 2 3 14 17 
0 4
1 8
2 16
3 17
4 6
5 13
6 2
7 5
8 0
9 12
10 3
11 11
12 15
13 7
14 18
15 1
16 14
17 19
18 10
19 9
SIMILAR

7 19 5 1 4 13 14 8 2 15 3 11 17 10 0 6 16 18 12 9 
0 14
1 3
2 8
3 10
4 4
5 2
6 15
7 0
8 7
9 19
10 13
11 11
12 18
13 5
14 6
15 9
16 16
17 12
18 17
19 1
SIMILAR

2 18 13 14 19 17 5 8 3 12 15 7 6 0 10 4 1 11 16 9 
0 13
1 16
2 0
3 8
4 15
5 6
6 12
7 11
8 7
9 19
10 14
11 17
12 9
13 2
14 3
15 10
16 18
17 5
18 1
19 4
SIMILAR

2 19 9 14 13 18 17 3 16 7 10 5 6 8 1 11 15 12 0 4 
0 18
1 14
2 0
3 7
4 19
5 11
6 12
7 9
8 13
9 2
10 10
11 15
12 17
13 4
14 3
15 16
16 8
17 6
18 5
19 1
SIMILAR

10 5 11 0 18 3 7 4 2 12 9 14 15 8 1 17 19 13 6 16 
0 3
1 14
2 8
3 5
4 7
5 1
6 18
7 6
8 13
9 10
10 0
11 2
12 9
13 17
14 11
15 12
16 19
17 15
18 4
19 16
SIMILAR

19 0 2 8 9 17 4 18 1 3 16 15 7 10 13 11 12 14 5 6 
0 1
1 8
2 2
3 9
4 6
5 18
6 19
7 12
8 3
9 4
10 13
11 15
12 16
13 14
14 17
15 11
16 10
17 5
18 7
19 0
SIMILAR

19 2 4 13 1 3 18 10 17 9 6 5 15 8 7 0 16 14 12 11 
0 15
1 4
2 1
3 5
4 2
5 11
6 10
7 14
8 13
9 9
10 7
11 19
12 18
13 3
14 17
15 12
16 16
17 8
18 6
19 0
SIMILAR

5 14 12 8 16 10 19 18 11 4 7 17 15 1 3 6 0 13 2 9 
0 16
1 13
2 18
3 14
4 9
5 0
6 15
7 10
8 3
9 19
10 5
11 8
12 2
13 17
14 1
15 12
16 4
17 11
18 7
19 6
SIMILAR

5 17 16 7 0 11 1 9 19 10 4 8 13 12 18 2 3 6 14 15 
0 4
1 6
2 15
3 16
4 10
5 0
6 17
7 3
8 11
9 7
10 9
11 5
12 13
13 12
14 18
15 19
16 2
17 1
18 14
19 8
SIMILAR

13 9 3 18 6 12 4 16 14 0 7 5 19 1 17 2 8 11 15 10 
0 9
1 13
2 15
3 2
4 6
5 11
6 4
7 10
8 16
9 1
10 19
11 17
12 5
13 0
14 8
15 18
16 7
17 14
18 3
19 12
SIMILAR

5 12 19 2 15 18 8 16 10 1 14 6 0 9 3 7 11 13 17 4 
0 12
1 9
2 3
3 14
4 19
5 0
6 11
7 15
8 6
9 13
10 8
11 16
12 1
13 17
14 10
15 4
16 7
17 18
18 5
19 2
SIMILAR

14 17 19 1 8 16 13 18 11 7 3 15 12 6 5 0 4 10 9 2 
0 15
1 3
2 19
3 10
4 16
5 14
6 13
7 9
8 4
9 18
10 17
11 8
12 12
13 6
14 0
15 11
16 5
17 1
18 7
19 2
SIMILAR

15 10 4 0 9 11 8 6 3 17 12 16 19 1 18 2 7 5 13 14 
0 3
1 13
2 15
3 8
4 2
5 17
6 7
7 16
8 6
9 4
10 1
11 5
12 10
13 18
14 19
15 0
16 11
17 9
18 14
19 12
SIMILAR

7 6 3 16 13 18 14 9 0 15 4 10 11 2 12 5 17 19 8 1 
0 8
1 19
2 13
3 2
4 10
5 15
6 1
7 0
8 18
9 7
10 11
11 12
12 14
13 4
14 6
15 9
16 3
17 16
18 5
19 17
SIMILAR

3 2 18 14 5 6 8 7 13 11 16 19 10 15 12 17 1 9 0 4 
0 18
1 16
2 1
3 0
4 19
5 4
6 5
7 7
8 6
9 17
10 12
11 9
12 14
13 8
14 3
15 13
16 10
17 15
18 2
19 11
SIMILAR

15 12 0 2 13 18 17 5 4 9 19 8 1 10 7 3 14 6 16 11 
0 2
1 12
2 3
3 15
4 8
5 7
6 17
7 14
8 11
9 9
10 13
11 19
12 1
13 4
14 16
15 0
16 18
17 6
18 5
19 10
SIMILAR

19 9 5 11 3 16 6 13 18 17 7 2 0 15 8 1 4 10 12 14 
0 12
1 15
2 11
3 4
4 16
5 2
6 6
7 10
8 14
9 1
10 17
11 3
12 18
13 7
14 19
15 13
16 5
17 9
18 8
19 0
SIMILAR

7 15 0 9 13 12 4 3 14 8 19 11 2 10 5 16 17 1 6 18 
0 2
1 17
2 12
3 7
4 6
5 14
6 18
7 0
8 9
9 3
10 13
11 11
12 5
13 4
14 8
15 1
16 15
17 16
18 19
19 10
SIMILAR

18 4 9 7 3 8 2 10 1 15 6 0 11 14 19 16 12 13 5 17 
0 11
1 8
2 6
3 4
4 1
5 18
6 10
7 3
8 5
9 2
10 7
11 12
12 16
13 17
14 13
15 9
16 15
17 19
18 0
19 14
SIMILAR

15 8 9 1 14 16 17 7 18 12 2 5 6 0 3 4 19 10 11 13 
0 13
1 3
2 10
3 14
4 15
5 11
6 12
7 7
8 1
9 2
10 17
11 18
12 9
13 19
14 4
15 0
16 5
17 6
18 8
19 16
SIMILAR

8 3 18 0 19 7 17 15 6 16 4 5 2 12 9 13 14 10 1 11 
0 3
1 18
2 12
3 1
4 10
5 11
6 8
7 5
8 0
9 14
10 17
11 19
12 13
13 15
14 16
15 7
16 9
17 6
18 2
19 4
SIMILAR

17 8 19 13 5 3 15 6 10 1 11 12 7 14 18 0 2 9 4 16 
0 15
1 9
2 16
3 5
4 18
5 4
6 7
7 12
8 1
9 17
10 8
11 10
12 11
13 3
14 13
15 6
16 19
17 0
18 14
19 2
SIMILAR

16 7 6 18 11 19 2 15 17 8 3 9 5 12 14 0 13 10 4 1 
0 15
1 19
2 6
3 10
4 18
5 12
6 2
7 1
8 9
9 11
10 17
11 4
12 13
13 16
14 14
15 7
16 0
17 8
18 3
19 5
SIMILAR

6 13 19 11 17 10 9 7 16 1 18 3 15 4 14 2 12 8 0 5 
0 18
1 9
2 15
3 11
4 13
5 19
6 0
7 7
8 17
9 6
10 5
11 3
12 16
13 1
14 14
15 12
16 8
17 4
18 10
19 2
SIMILAR

17 2 3 4 6 10 18 19 7 14 1 0 8 13 12 16 15 9 5 11 
0 11
1 10
2 1
3 2
4 3
5 18
6 4
7 8
8 12
9 17
10 5
11 19
12 14
13 13
14 9
15 16
16 15
17 0
18 6
19 7
SIMILAR

7 16 11 4 12 18 15 10 8 17 3 5 14 6 2 0 1 9 13 19 
0 15
1 16
2 14
3 10
4 3
5 11
6 13
7 0
8 8
9 17
10 7
11 2
12 4
13 18
14 12
15 6
16 1
17 9
18 5
19 19
SIMILAR

9 8 11 17 16 0 6 1 15 5 19 2 12 14 7 13 10 18 3 4 
0 5
1 7
2 11
3 18
4 19
5 9
6 6
7 14
8 1
9 0
10 16
11 2
12 12
13 15
14 13
15 8
16 4
17 3
18 17
19 10
SIMILAR

19 9 10 15 17 11 3 12 13 0 2 4 1 6 18 5 8 14 7 16 
0 9
1 12
2 10
3 6
4 11
5 15
6 13
7 18
8 16
9 1
10 2
11 5
12 7
13 8
14 17
15 3
16 19
17 4
18 14
19 0
SIMILAR

2 17 13 3 1 14 7 4 19 18 11 12 6 9 0 5 8 15 10 16 
0 14
1 4
2 0
3 3
4 7
5 15
6 12
7 6
8 16
9 13
10 18
11 10
12 11
13 2
14 5
15 17
16 19
17 1
18 9
19 8
SIMILAR

8 13 18 16 17 1 11 9 14 2 10 4 6 15 7 3 12 19 5 0 
0 19
1 5
2 9
3 15
4 11
5 18
6 12
7 14
8 0
9 7
10 10
11 6
12 16
13 1
14 8
15 13
16 3
17 4
18 2
19 17
SIMILAR

4 12 3 10 5 9 8 18 14 16 17 13 0 11 7 15 2 19 1 6 
0 12
1 18
2 16
3 2
4 0
5 4
6 19
7 14
8 6
9 5
10 3
11 13
12 1
13 11
14 8
15 15
16 9
17 10
18 7
19 17
SIMILAR

2 18 6 14 17 4 15 8 13 9 7 0 5 11 1 10 12 19 3 16 
0 11
1 14
2 0
3 18
4 5
5 12
6 2
7 10
8 7
9 9
10 15
11 13
12 16
13 8
14 3
15 6
16 19
17 4
18 1
19 17
SIMILAR

16 9 4 0 18 2 7 5 11 1 6 17 12 13 15 10 14 8 19 3 
0 3
1 9
2 5
3 19
4 2
5 7
6 10
7 6
8 17
9 1
10 15
11 8
12 12
13 13
14 16
15 14
16 0
17 11
18 4
19 18
SIMILAR

14 11 18 2 7 12 1 19 8 0 3 17 4 6 10 5 16 13 9 15 
0 9
1 6
2 3
3 10
4 12
5 15
6 13
7 4
8 8
9 18
10 14
11 1
12 5
13 17
14 0
15 19
16 16
17 11
18 2
19 7
SIMILAR

6 15 2 13 11 17 19 12 18 0 9 4 14 5 1 16 10 7 8 3 
0 9
1 14
2 2
3 19
4 11
5 13
6 0
7 17
8 18
9 10
10 16
11 4
12 7
13 3
14 12
15 1
16 15
17 5
18 8
19 6
SIMILAR

1 2 15 7 0 13 18 8 4 16 12 9 17 19 3 10 11 6 14 5 
0 4
1 0
2 1
3 14
4 8
5 19
6 17
7 3
8 7
9 11
10 15
11 16
12 10
13 5
14 18
15 2
16 9
17 12
18 6
19 13
SIMILAR

14 6 0 12 9 1 17 8 19 10 13 3 15 5 11 4 2 16 18 7 
0 2
1 5
2 16
3 11
4 15
5 13
6 1
7 19
8 7
9 4
10 9
11 14
12 3
13 10
14 0
15 12
16 17
17 6
18 18
19 8
SIMILAR

16 14 3 10 15 12 19 5 8 0 7 11 2 13 6 18 1 9 4 17 
0 9
1 16
2 12
3 2
4 18
5 7
6 14
7 10
8 8
9 17
10 3
11 11
12 5
13 13
14 1
15 4
16 0
17 19
18 15
19 6
SIMILAR

0 12 14 19 4 9 11 6 17 7 15 13 8 2 10 16 5 3 1 18 
0 0
1 18
2 13
3 17
4 4
5 16
6 7
7 9
8 12
9 5
10 14
11 6
12 1
13 11
14 2
15 10
16 15
17 8
18 19
19 3
SIMILAR

12 1 8 19 2 5 17 11 13 18 4 15 16 6 14 10 7 3 0 9 
0 18
1 1
2 4
3 17
4 10
5 5
6 13
7 16
8 2
9 19
10 15
11 7
12 0
13 8
14 14
15 11
16 12
17 6
18 9
19 3
SIMILAR

0 4 5 2 19 7 10 15 1 8 16 13 12 18 9 17 3 6 11 14 
0 0
1 8
2 3
3 16
4 1
5 2
6 17
7 5
8 9
9 14
10 6
11 18
12 12
13 11
14 19
15 7
16 10
17 15
18 13
19 4
SIMILAR

4 18 9 14 12 10 3 0 8 11 1 2 7 19 6 13 15 17 16 5 
0 7
1 10
2 11
3 6
4 0
5 19
6 14
7 12
8 8
9 2
10 5
11 9
12 4
13 15
14 3
15 16
16 18
17 17
18 1
19 13
SIMILAR

13 18 11 5 17 14 7 16 9 19 4 2 6 0 15 3 10 1 12 8 
0 13
1 17
2 11
3 15
4 10
5 3
6 12
7 6
8 19
9 8
10 16
11 2
12 18
13 0
14 5
15 14
16 7
17 4
18 1
19 9
SIMILAR

12 0 17 4 1 2 18 3 13 8 5 9 19 10 11 16 15 6 7 14 
0 1
1 4
2 5
3 7
4 3
5 10
6 17
7 18
8 9
9 11
10 13
11 14
12 0
13 8
14 19
15 16
16 15
17 2
18 6
19 12
SIMILAR

1 17 14 2 11 4 15 8 10 19 5 6 3 18 0 12 7 13 16 9 
0 14
1 0
2 3
3 12
4 5
5 10
6 11
7 16
8 7
9 19
10 8
11 4
12 15
13 17
14 2
15 6
16 18
17 1
18 13
19 9
SIMILAR

7 15 4 14 11 12 6 1 16 19 9 3 8 18 17 0 13 10 2 5 
0 15
1 7
2 18
3 11
4 2
5 19
6 6
7 0
8 12
9 10
10 17
11 4
12 5
13 16
14 3
15 1
16 8
17 14
18 13
19 9
SIMILAR

11 2 13 9 14 17 4 12 15 7 18 1 8 6 19 0 3 16 5 10 
0 15
1 11
2 1
3 16
4 6
5 18
6 13
7 9
8 12
9 3
10 19
11 0
12 7
13 2
14 4
15 8
16 17
17 5
18 10
19 14
SIMILAR

11 10 4 12 18 3 14 15 2 16 8 5 13 17 9 7 19 0 1 6 
0 17
1 18
2 8
3 5
4 2
5 11
6 19
7 15
8 10
9 14
10 1
11 0
12 3
13 12
14 6
15 7
16 9
17 13
18 4
19 16
SIMILAR

8 11 17 16 7 9 3 19 13 6 4 10 5 2 18 15 14 12 1 0 
0 19
1 18
2 13
3 6
4 10
5 12
6 9
7 4
8 0
9 5
10 11
11 1
12 17
13 8
14 16
15 15
16 3
17 2
18 14
19 7
SIMILAR

14 12 2 17 6 8 18 1 13 16 11 0 3 9 19 10 5 4 7 15 
0 11
1 7
2 2
3 12
4 17
5 16
6 4
7 18
8 5
9 13
10 15
11 10
12 1
13 8
14 0
15 19
16 9
17 3
18 6
19 14
SIMILAR

12 19 13 2 1 18 10 4 15 14 3 6 0 11 8 7 17 5 9 16 
0 12
1 4
2 3
3 10
4 7
5 17
6 11
7 15
8 14
9 18
10 6
11 13
12 0
13 2
14 9
15 8
16 19
17 16
18 5
19 1
SIMILAR

14 15 16 12 13 9 8 3 1 4 5 0 10 19 7 17 6 18 11 2 
0 11
1 8
2 19
3 7
4 9
5 10
6 16
7 14
8 6
9 5
10 12
11 18
12 3
13 4
14 0
15 1
16 2
17 15
18 17
19 13
SIMILAR

17 1 15 18 13 3 6 19 9 8 16 0 12 5 2 4 11 7 10 14 
0 11
1 1
2 14
3 5
4 15
5 13
6 6
7 17
8 9
9 8
10 18
11 16
12 12
13 4
14 19
15 2
16 10
17 0
18 3
19 7
SIMILAR

2 16 18 6 8 1 13 12 5 10 0 19 14 15 11 4 7 9 17 3 
0 10
1 5
2 0
3 19
4 15
5 8
6 3
7 16
8 4
9 17
10 9
11 14
12 7
13 6
14 12
15 13
16 1
17 18
18 2
19 11
SIMILAR

5 17 19 16 9 7 14 2 0 6 4 3 1 12 18 8 13 15 10 11 
0 8
1 12
2 7
3 11
4 10
5 0
6 9
7 5
8 15
9 4
10 18
11 19
12 13
13 16
14 6
15 17
16 3
17 1
18 14
19 2
SIMILAR

11 14 0 18 13 3 8 16 17 15 6 7 10 5 19 2 4 9 1 12 
0 2
1 18
2 15
3 5
4 16
5 13
6 10
7 11
8 6
9 17
10 12
11 0
12 19
13 4
14 1
15 9
16 7
17 8
18 3
19 14
SIMILAR

9 19 2 14 8 1 0 16 11 7 10 6 3 18 17 13 4 15 12 5 
0 6
1 5
2 2
3 12
4 16
5 19
6 11
7 9
8 4
9 0
10 10
11 8
12 18
13 15
14 3
15 17
16 7
17 14
18 13
19 1
SIMILAR

3 16 19 9 8 11 14 10 17 0 18 5 1 12 15 6 4 13 2 7 
0 9
1 12
2 18
3 0
4 16
5 11
6 15
7 19
8 4
9 3
10 7
11 5
12 13
13 17
14 6
15 14
16 1
17 8
18 10
19 2
SIMILAR

0 2 7 4 17 1 18 3 10 19 6 9 15 14 12 5 16 8 11 13 
0 0
1 5
2 1
3 7
4 3
5 15
6 10
7 2
8 17
9 11
10 8
11 18
12 14
13 19
14 13
15 12
16 16
17 4
18 6
19 9
SIMILAR

6 15 17 14 9 2 3 11 12 16 1 13 19 7 0 18 8 5 10 4 
0 14
1 10
2 5
3 6
4 19
5 17
6 0
7 13
8 16
9 4
10 18
11 7
12 8
13 11
14 3
15 1
16 9
17 2
18 15
19 12
SIMILAR

8 4 7 10 9 18 5 13 0 15 14 1 3 2 6 17 12 16 11 19 
0 8
1 11
2 13
3 12
4 1
5 6
6 14
7 2
8 0
9 4
10 3
11 18
12 16
13 7
14 10
15 9
16 17
17 15
18 5
19 19
SIMILAR

12 6 9 18 2 14 1 16 11 19 4 13 10 8 5 7 0 17 3 15 
0 16
1 6
2 4
3 18
4 10
5 14
6 1
7 15
8 13
9 2
10 12
11 8
12 0
13 11
14 5
15 19
16 7
17 17
18 3
19 9
SIMILAR

13 6 4 3 10 11 17 0 15 5 7 18 12 1 14 9 16 8 19 2 
0 7
1 13
2 19
3 3
4 2
5 9
6 1
7 10
8 17
9 15
10 4
11 5
12 12
13 0
14 14
15 8
16 16
17 6
18 11
19 18
SIMILAR

6 9 18 2 19 1 14 15 7 13 5 16 12 10 17 11 8 4 3 0 
0 19
1 5
2 3
3 18
4 17
5 10
6 0
7 8
8 16
9 1
10 13
11 15
12 12
13 9
14 6
15 7
16 11
17 14
18 2
19 4
SIMILAR

14 16 13 5 17 4 12 8 0 11 18 1 3 19 10 7 9 6 2 15 
0 8
1 11
2 18
3 12
4 5
5 3
6 17
7 15
8 7
9 16
10 14
11 9
12 6
13 2
14 0
15 19
16 1
17 4
18 10
19 13
SIMILAR

10 15 16 13 5 12 4 11 17 0 18 2 1 6 9 8 3 14 19 7 
0 9
1 12
2 11
3 16
4 6
5 4
6 13
7 19
8 15
9 14
10 0
11 7
12 5
13 3
14 17
15 1
16 2
17 8
18 10
19 18
SIMILAR

3 10 2 8 15 17 9 7 11 4 6 19 13 16 5 18 12 0 14 1 
0 17
1 19
2 2
3 0
4 9
5 14
6 10
7 7
8 3
9 6
10 1
11 8
12 16
13 12
14 18
15 4
16 13
17 5
18 15
19 11
SIMILAR

16 1 4 7 6 5 18 13 12 10 3 17 2 8 9 14 19 15 11 0 
0 19
1 1
2 12
3 10
4 2
5 5
6 4
7 3
8 13
9 14
10 9
11 18
12 8
13 7
14 15
15 17
16 0
17 11
18 6
19 16
SIMILAR

3 6 8 12 14 10 15 0 13 18 1 7 5 9 16 4 17 11 19 2 
0 7
1 10
2 19
3 0
4 15
5 12
6 1
7 11
8 2
9 13
10 5
11 17
12 3
13 8
14 4
15 6
16 14
17 16
18 9
19 18
SIMILAR

6 13 10 2 19 5 15 12 7 8 3 11 18 14 16 0 9 17 4 1 
0 15
1 19
2 3
3 10
4 18
5 5
6 0
7 8
8 9
9 16
10 2
11 11
12 7
13 1
14 13
15 6
16 14
17 17
18 12
19 4
SIMILAR

8 3 7 0 13 2 17 1 14 9 12 15 5 11 19 6 4 18 10 16 
0 3
1 7
2 5
3 1
4 16
5 12
6 15
7 2
8 0
9 9
10 18
11 13
12 10
13 4
14 8
15 11
16 19
17 6
18 17
19 14
SIMILAR

17 15 7 18 14 12 16 9 8 10 4 19 1 5 13 11 6 2 3 0 
0 19
1 12
2 17
3 18
4 10
5 13
6 16
7 2
8 8
9 7
10 9
11 15
12 5
13 14
14 4
15 1
16 6
17 0
18 3
19 11
SIMILAR

13 17 6 12 0 3 16 7 11 1 18 5 19 4 15 10 8 14 9 2 
0 4
1 9
2 19
3 5
4 13
5 11
6 2
7 7
8 16
9 18
10 15
11 8
12 3
13 0
14 17
15 14
16 6
17 1
18 10
19 12
SIMILAR

5 10 2 7 13 11 8 4 14 15 0 18 12 6 16 1 3 9 19 17 
0 10
1 15
2 2
3 16
4 7
5 0
6 13
7 3
8 6
9 17
10 1
11 5
12 12
13 4
14 8
15 9
16 14
17 19
18 11
19 18
SIMILAR

16 4 5 0 1 6 11 9 15 10 12 13 18 8 7 19 14 2 17 3 
0 3
1 4
2 17
3 19
4 1
5 2
6 5
7 14
8 13
9 7
10 9
11 6
12 10
13 11
14 16
15 8
16 0
17 18
18 12
19 15
SIMILAR

18 11 7 5 19 15 6 13 10 2 4 12 1 9 0 16 17 8 14 3 
0 14
1 12
2 9
3 19
4 10
5 3
6 6
7 2
8 17
9 13
10 8
11 1
12 11
13 7
14 18
15 5
16 15
17 16
18 0
19 4
SIMILAR

6 8 17 19 5 12 18 4 7 14 2 11 13 9 10 15 3 1 16 0 
0 19
1 17
2 10
3 16
4 7
5 4
6 0
7 8
8 1
9 13
10 14
11 11
12 5
13 12
14 9
15 15
16 18
17 2
18 6
19 3
SIMILAR

5 12 7 18 2 15 6 9 13 8 1 14 19 17 0 16 3 4 11 10 
0 14
1 10
2 4
3 16
4 17
5 0
6 6
7 2
8 9
9 7
10 19
11 18
12 1
13 8
14 11
15 5
16 15
17 13
18 3
19 12
SIMILAR

19 15 7 11 18 3 17 1 6 2 14 8 0 10 5 16 9 13 4 12 
0 12
1 7
2 9
3 5
4 18
5 14
6 8
7 2
8 11
9 16
10 13
11 3
12 19
13 17
14 10
15 1
16 15
17 6
18 4
19 0
SIMILAR

12 0 13 14 17 16 1 9 7 2 5 15 10 18 3 19 6 4 8 11 
0 1
1 6
2 9
3 14
4 17
5 10
6 16
7 8
8 18
9 7
10 12
11 19
12 0
13 2
14 3
15 11
16 5
17 4
18 13
19 15
SIMILAR

2 13 12 18 8 11 0 16 19 10 3 1 6 5 9 7 14 17 15 4 
0 6
1 11
2 0
3 10
4 19
5 13
6 12
7 15
8 4
9 14
10 9
11 5
12 2
13 1
14 16
15 18
16 7
17 17
18 3
19 8
SIMILAR

4 17 13 6 0 11 12 18 7 19 15 9 5 14 10 8 16 2 1 3 
0 4
1 18
2 17
3 19
4 0
5 12
6 3
7 8
8 15
9 11
10 14
11 5
12 6
13 2
14 13
15 10
16 16
17 1
18 7
19 9
SIMILAR
100 0
4100 0
164100 0
