28
0 1 1 0 0 1 0 1 0 1 0 0 1 1 1 1 0 0 0 1 0 0 0 1 1 0 1 1 
1 0 1 0 0 1 0 0 0 0 0 1 0 1 0 0 0 1 1 1 0 0 0 0 0 0 0 0 
1 1 0 1 1 1 1 1 1 1 0 1 1 1 1 1 1 1 0 0 0 0 1 1 0 0 1 0 
0 0 1 0 0 1 0 0 1 0 0 1 0 1 1 1 0 0 0 0 0 0 1 1 1 0 1 0 
0 0 1 0 0 1 0 1 1 1 1 0 0 1 1 0 1 0 0 0 1 0 1 0 1 1 0 1 
1 1 1 1 1 0 0 1 1 1 0 1 0 1 0 1 1 0 1 0 0 1 1 0 1 1 0 0 
0 0 1 0 0 0 0 0 1 0 0 0 1 0 0 0 1 0 1 1 1 1 1 1 1 1 1 1 
1 0 1 0 1 1 0 0 0 1 0 0 0 1 1 0 1 1 0 1 0 0 1 1 1 1 1 0 
0 0 1 1 1 1 1 0 0 1 0 1 1 0 0 1 0 0 0 1 1 1 1 1 1 0 0 0 
1 0 1 0 1 1 0 1 1 0 1 0 0 1 1 0 0 1 1 0 0 0 1 0 1 0 0 0 
0 0 0 0 1 0 0 0 0 1 0 1 0 0 0 1 1 0 1 0 1 0 1 1 1 0 0 0 
0 1 1 1 0 1 0 0 1 0 1 0 1 1 0 1 1 0 1 1 1 0 0 0 0 1 0 1 
1 0 1 0 0 0 1 0 1 0 0 1 0 0 1 0 0 0 1 1 1 1 1 0 1 0 0 0 
1 1 1 1 1 1 0 1 0 1 0 1 0 0 1 0 1 1 1 0 1 1 0 1 1 1 1 1 
1 0 1 1 1 0 0 1 0 1 0 0 1 1 0 1 0 1 1 0 1 1 1 1 1 0 1 0 
1 0 1 1 0 1 0 0 1 0 1 1 0 0 1 0 1 1 0 1 0 0 0 0 1 0 1 1 
0 0 1 0 1 1 1 1 0 0 1 1 0 1 0 1 0 0 0 1 1 0 0 0 1 1 1 0 
0 1 1 0 0 0 0 1 0 1 0 0 0 1 1 1 0 0 1 0 0 1 0 1 1 1 1 0 
0 1 0 0 0 1 1 0 0 1 1 1 1 1 1 0 0 1 0 1 1 1 0 1 0 0 1 1 
1 1 0 0 0 0 1 1 1 0 0 1 1 0 0 1 1 0 1 0 0 1 0 0 0 1 1 0 
0 0 0 0 1 0 1 0 1 0 1 1 1 1 1 0 1 0 1 0 0 0 0 0 1 1 0 0 
0 0 0 0 0 1 1 0 1 0 0 0 1 1 1 0 0 1 1 1 0 0 1 1 0 1 0 0 
0 0 1 1 1 1 1 1 1 1 1 0 1 0 1 0 0 0 0 0 0 1 0 1 0 1 1 1 
1 0 1 1 0 0 1 1 1 0 1 0 0 1 1 0 0 1 1 0 0 1 1 0 0 0 0 0 
1 0 0 1 1 1 1 1 1 1 1 0 1 1 1 1 1 1 0 0 1 0 0 0 0 0 1 0 
0 0 0 0 1 1 1 1 0 0 0 1 0 1 0 0 1 1 0 1 1 1 1 0 0 0 1 1 
1 0 1 1 0 0 1 1 0 0 0 0 0 1 1 1 1 1 1 1 0 0 1 0 1 1 0 0 
1 0 0 0 1 0 1 0 0 0 0 1 0 1 0 1 0 0 1 0 0 0 1 0 0 1 0 0 

19 26 15 8 12 23 24 22 2 7 16 20 9 21 5 14 1 18 17 13 25 0 3 27 6 10 4 11 
0 21
1 16
2 8
3 22
4 26
5 14
6 24
7 9
8 3
9 12
10 25
11 27
12 4
13 19
14 15
15 2
16 10
17 18
18 17
19 0
20 11
21 13
22 7
23 5
24 6
25 20
26 1
27 23
SIMILAR

21 22 27 9 12 10 23 17 1 20 16 26 19 11 0 2 5 15 13 18 3 25 14 6 7 24 4 8 
0 14
1 8
2 15
3 20
4 26
5 16
6 23
7 24
8 27
9 3
10 5
11 13
12 4
13 18
14 22
15 17
16 10
17 7
18 19
19 12
20 9
21 0
22 1
23 6
24 25
25 21
26 11
27 2
SIMILAR

3 22 1 15 14 7 9 18 6 2 4 25 26 23 0 8 13 17 19 27 5 21 10 11 20 12 24 16 
0 14
1 2
2 9
3 0
4 10
5 20
6 8
7 5
8 15
9 6
10 22
11 23
12 25
13 16
14 4
15 3
16 27
17 17
18 7
19 18
20 24
21 21
22 1
23 13
24 26
25 11
26 12
27 19
SIMILAR

9 12 4 13 5 10 14 27 25 6 15 24 11 2 16 23 3 21 20 7 18 17 1 8 22 19 26 0 
0 27
1 22
2 13
3 16
4 2
5 4
6 9
7 19
8 23
9 0
10 5
11 12
12 1
13 3
14 6
15 10
16 14
17 21
18 20
19 25
20 18
21 17
22 24
23 15
24 11
25 8
26 26
27 7
SIMILAR

26 11 6 1 13 5 16 8 21 18 15 4 10 25 19 12 3 9 20 23 22 17 24 7 27 14 2 0 
0 27
1 3
2 26
3 16
4 11
5 5
6 2
7 23
8 7
9 17
10 12
11 1
12 15
13 4
14 25
15 10
16 6
17 21
18 9
19 14
20 18
21 8
22 20
23 19
24 22
25 13
26 0
27 24
SIMILAR

23 8 4 27 5 6 20 24 25 11 13 17 9 12 16 18 14 22 7 2 0 3 19 10 26 21 1 15 
0 20
1 26
2 19
3 21
4 2
5 4
6 5
7 18
8 1
9 12
10 23
11 9
12 13
13 10
14 16
15 27
16 14
17 11
18 15
19 22
20 6
21 25
22 17
23 0
24 7
25 8
26 24
27 3
SIMILAR

3 7 9 24 16 17 18 12 26 10 1 14 6 5 21 23 8 25 15 11 27 4 2 19 20 22 0 13 
0 26
1 10
2 22
3 0
4 21
5 13
6 12
7 1
8 16
9 2
10 9
11 19
12 7
13 27
14 11
15 18
16 4
17 5
18 6
19 23
20 24
21 14
22 25
23 15
24 3
25 17
26 8
27 20
SIMILAR

10 14 2 20 15 7 12 3 24 25 0 26 18 5 6 8 1 21 9 11 13 19 4 23 22 17 16 27 
0 10
1 16
2 2
3 7
4 22
5 13
6 14
7 5
8 15
9 18
10 0
11 19
12 6
13 20
14 1
15 4
16 26
17 25
18 12
19 21
20 3
21 17
22 24
23 23
24 8
25 9
26 11
27 27
SIMILAR

3 0 14 26 15 20 8 6 18 4 23 12 10 1 25 9 22 11 16 19 5 13 2 27 17 7 24 21 
0 1
1 13
2 22
3 0
4 9
5 20
6 7
7 25
8 6
9 15
10 12
11 17
12 11
13 21
14 2
15 4
16 18
17 24
18 8
19 19
20 5
21 27
22 16
23 10
24 26
25 14
26 3
27 23
SIMILAR

17 19 13 20 27 3 10 8 9 24 4 26 1 16 0 2 6 21 18 15 5 11 22 23 7 25 14 12 
0 14
1 12
2 15
3 5
4 10
5 20
6 16
7 24
8 7
9 8
10 6
11 21
12 27
13 2
14 26
15 19
16 13
17 0
18 18
19 1
20 3
21 17
22 22
23 23
24 9
25 25
26 11
27 4
SIMILAR

23 0 5 13 9 25 26 12 10 27 15 14 4 11 1 21 16 3 2 7 18 19 8 24 22 20 17 6 
0 1
1 14
2 18
3 17
4 12
5 2
6 27
7 19
8 22
9 4
10 8
11 13
12 7
13 3
14 11
15 10
16 16
17 26
18 20
19 21
20 25
21 15
22 24
23 0
24 23
25 5
26 6
27 9
SIMILAR

1 15 11 23 3 22 9 13 0 6 2 24 26 14 21 18 25 10 7 8 17 4 5 27 12 16 19 20 
0 8
1 0
2 10
3 4
4 21
5 22
6 9
7 18
8 19
9 6
10 17
11 2
12 24
13 7
14 13
15 1
16 25
17 20
18 15
19 26
20 27
21 14
22 5
23 3
24 11
25 16
26 12
27 23
SIMILAR

19 15 9 17 0 21 25 27 12 5 8 2 23 13 18 7 14 10 6 22 24 3 16 26 11 1 20 4 
0 4
1 25
2 11
3 21
4 27
5 9
6 18
7 15
8 10
9 2
10 17
11 24
12 8
13 13
14 16
15 1
16 22
17 3
18 14
19 0
20 26
21 5
22 19
23 12
24 20
25 6
26 23
27 7
SIMILAR

13 9 7 17 22 24 4 25 3 19 18 20 11 27 21 6 12 10 23 16 0 2 26 5 15 14 1 8 
0 20
1 26
2 21
3 8
4 6
5 23
6 15
7 2
8 27
9 1
10 17
11 12
12 16
13 0
14 25
15 24
16 19
17 3
18 10
19 9
20 11
21 14
22 4
23 18
24 5
25 7
26 22
27 13
SIMILAR

26 9 3 27 0 24 17 25 8 4 10 21 5 14 6 16 11 20 12 18 15 2 1 7 23 19 13 22 
0 4
1 22
2 21
3 2
4 9
5 12
6 14
7 23
8 8
9 1
10 10
11 16
12 18
13 26
14 13
15 20
16 15
17 6
18 19
19 25
20 17
21 11
22 27
23 24
24 5
25 7
26 0
27 3
SIMILAR

15 22 20 6 19 27 10 11 3 14 23 12 13 16 25 24 4 7 17 26 1 2 9 21 18 8 5 0 
0 27
1 20
2 21
3 8
4 16
5 26
6 3
7 17
8 25
9 22
10 6
11 7
12 11
13 12
14 9
15 0
16 13
17 18
18 24
19 4
20 2
21 23
22 1
23 10
24 15
25 14
26 19
27 5
SIMILAR

11 1 27 7 14 2 5 8 16 13 10 9 21 0 25 6 23 4 17 19 12 3 18 15 22 26 20 24 
0 13
1 1
2 5
3 21
4 17
5 6
6 15
7 3
8 7
9 11
10 10
11 0
12 20
13 9
14 4
15 23
16 8
17 18
18 22
19 19
20 26
21 12
22 24
23 16
24 27
25 14
26 25
27 2
SIMILAR

11 15 12 3 21 13 24 10 2 0 19 4 6 9 14 26 25 22 8 5 16 18 27 7 1 20 17 23 
0 9
1 24
2 8
3 3
4 11
5 19
6 12
7 23
8 18
9 13
10 7
11 0
12 2
13 5
14 14
15 1
16 20
17 26
18 21
19 10
20 25
21 4
22 17
23 27
24 6
25 16
26 15
27 22
SIMILAR

12 14 23 18 24 25 4 5 16 0 17 22 21 3 9 7 6 15 13 19 8 20 27 1 11 26 10 2 
0 9
1 23
2 27
3 13
4 6
5 7
6 16
7 15
8 20
9 14
10 26
11 24
12 0
13 18
14 1
15 17
16 8
17 10
18 3
19 19
20 21
21 12
22 11
23 2
24 4
25 5
26 25
27 22
SIMILAR

11 20 18 10 7 16 4 0 6 2 9 3 5 23 27 19 15 24 14 21 26 22 17 8 13 1 12 25 
0 7
1 25
2 9
3 11
4 6
5 12
6 8
7 4
8 23
9 10
10 3
11 0
12 26
13 24
14 18
15 16
16 5
17 22
18 2
19 15
20 1
21 19
22 21
23 13
24 17
25 27
26 20
27 14
SIMILAR

17 1 3 8 23 22 26 2 18 12 10 5 20 14 9 27 21 11 7 13 24 4 15 0 25 6 19 16 
0 23
1 1
2 7
3 2
4 21
5 11
6 25
7 18
8 3
9 14
10 10
11 17
12 9
13 19
14 13
15 22
16 27
17 0
18 8
19 26
20 12
21 16
22 5
23 4
24 20
25 24
26 6
27 15
SIMILAR

27 0 22 25 10 14 17 2 21 24 26 8 18 19 9 7 6 13 20 1 11 4 12 15 16 23 5 3 
0 1
1 19
2 7
3 27
4 21
5 26
6 16
7 15
8 11
9 14
10 4
11 20
12 22
13 17
14 5
15 23
16 24
17 6
18 12
19 13
20 18
21 8
22 2
23 25
24 9
25 3
26 10
27 0
SIMILAR

10 8 23 0 1 12 16 3 14 20 6 2 7 22 27 24 19 25 9 11 26 4 13 17 18 15 21 5 
0 3
1 4
2 11
3 7
4 21
5 27
6 10
7 12
8 1
9 18
10 0
11 19
12 5
13 22
14 8
15 25
16 6
17 23
18 24
19 16
20 9
21 26
22 13
23 2
24 15
25 17
26 20
27 14
SIMILAR

27 19 26 25 15 24 18 11 23 3 4 17 1 14 6 9 0 2 16 21 12 10 5 8 13 22 7 20 
0 16
1 12
2 17
3 9
4 10
5 22
6 14
7 26
8 23
9 15
10 21
11 7
12 20
13 24
14 13
15 4
16 18
17 11
18 6
19 1
20 27
21 19
22 25
23 8
24 5
25 3
26 2
27 0
SIMILAR

26 9 6 18 2 11 1 10 15 14 5 12 25 19 3 0 21 17 13 22 27 23 16 20 24 4 7 8 
0 15
1 6
2 4
3 14
4 25
5 10
6 2
7 26
8 27
9 1
10 7
11 5
12 11
13 18
14 9
15 8
16 22
17 17
18 3
19 13
20 23
21 16
22 19
23 21
24 24
25 12
26 0
27 20
SIMILAR

23 26 12 22 25 27 7 21 6 17 19 0 20 1 8 13 3 14 9 15 2 16 10 11 4 5 24 18 
0 11
1 13
2 20
3 16
4 24
5 25
6 8
7 6
8 14
9 18
10 22
11 23
12 2
13 15
14 17
15 19
16 21
17 9
18 27
19 10
20 12
21 7
22 3
23 0
24 26
25 4
26 1
27 5
SIMILAR

23 3 16 8 12 18 27 25 1 0 26 2 4 6 9 7 11 14 21 20 22 10 24 15 17 13 19 5 
0 9
1 8
2 11
3 1
4 12
5 27
6 13
7 15
8 3
9 14
10 21
11 16
12 4
13 25
14 17
15 23
16 2
17 24
18 5
19 26
20 19
21 18
22 20
23 0
24 22
25 7
26 10
27 6
SIMILAR

12 20 23 15 26 5 18 22 17 0 2 1 21 6 25 8 10 24 11 27 7 13 14 4 19 16 9 3 
0 9
1 11
2 10
3 27
4 23
5 5
6 13
7 20
8 15
9 26
10 16
11 18
12 0
13 21
14 22
15 3
16 25
17 8
18 6
19 24
20 1
21 12
22 7
23 2
24 17
25 14
26 4
27 19
SIMILAR

24 6 4 1 15 3 17 21 27 8 10 11 9 26 25 14 0 2 5 18 13 7 20 22 23 19 16 12 
0 16
1 3
2 17
3 5
4 2
5 18
6 1
7 21
8 9
9 12
10 10
11 11
12 27
13 20
14 15
15 4
16 26
17 6
18 19
19 25
20 22
21 7
22 23
23 24
24 0
25 14
26 13
27 8
SIMILAR

3 7 23 1 6 11 5 15 22 20 12 9 10 25 4 19 24 18 13 14 8 0 2 21 27 16 26 17 
0 21
1 3
2 22
3 0
4 14
5 6
6 4
7 1
8 20
9 11
10 12
11 5
12 10
13 18
14 19
15 7
16 25
17 27
18 17
19 15
20 9
21 23
22 8
23 2
24 16
25 13
26 26
27 24
SIMILAR

5 14 23 15 12 11 3 26 8 10 0 17 6 18 2 19 20 22 4 25 21 27 7 16 13 1 24 9 
0 10
1 25
2 14
3 6
4 18
5 0
6 12
7 22
8 8
9 27
10 9
11 5
12 4
13 24
14 1
15 3
16 23
17 11
18 13
19 15
20 16
21 20
22 17
23 2
24 26
25 19
26 7
27 21
SIMILAR

23 5 10 0 1 9 2 21 6 15 3 14 25 22 16 27 13 17 26 11 20 12 7 19 24 8 4 18 
0 3
1 4
2 6
3 10
4 26
5 1
6 8
7 22
8 25
9 5
10 2
11 19
12 21
13 16
14 11
15 9
16 14
17 17
18 27
19 23
20 20
21 7
22 13
23 0
24 24
25 12
26 18
27 15
SIMILAR

24 14 0 20 5 26 4 2 7 11 9 25 22 27 12 6 23 13 21 1 19 3 18 15 8 16 10 17 
0 2
1 19
2 7
3 21
4 6
5 4
6 15
7 8
8 24
9 10
10 26
11 9
12 14
13 17
14 1
15 23
16 25
17 27
18 22
19 20
20 3
21 18
22 12
23 16
24 0
25 11
26 5
27 13
SIMILAR

27 21 1 7 0 11 26 10 25 17 3 2 6 8 5 12 20 18 14 19 4 16 15 23 22 24 13 9 
0 4
1 2
2 11
3 10
4 20
5 14
6 12
7 3
8 13
9 27
10 7
11 5
12 15
13 26
14 18
15 22
16 21
17 9
18 17
19 19
20 16
21 1
22 24
23 23
24 25
25 8
26 6
27 0
SIMILAR

19 14 3 2 9 17 21 6 13 7 1 22 18 23 8 16 24 25 4 15 26 12 11 20 0 5 27 10 
0 24
1 10
2 3
3 2
4 18
5 25
6 7
7 9
8 14
9 4
10 27
11 22
12 21
13 8
14 1
15 19
16 15
17 5
18 12
19 0
20 23
21 6
22 11
23 13
24 16
25 17
26 20
27 26
SIMILAR

19 12 11 27 7 18 26 21 20 6 22 23 16 8 14 25 3 10 0 9 2 1 24 5 15 17 4 13 
0 18
1 21
2 20
3 16
4 26
5 23
6 9
7 4
8 13
9 19
10 17
11 2
12 1
13 27
14 14
15 24
16 12
17 25
18 5
19 0
20 8
21 7
22 10
23 11
24 22
25 15
26 6
27 3
SIMILAR

2 5 19 0 21 8 13 25 6 9 20 4 15 17 23 27 12 1 7 10 24 16 18 11 14 26 22 3 
0 3
1 17
2 0
3 27
4 11
5 1
6 8
7 18
8 5
9 9
10 19
11 23
12 16
13 6
14 24
15 12
16 21
17 13
18 22
19 2
20 10
21 4
22 26
23 14
24 20
25 7
26 25
27 15
SIMILAR

19 25 20 5 14 8 15 18 24 17 6 13 7 3 16 26 1 21 12 27 10 11 22 4 2 9 23 0 
0 27
1 16
2 24
3 13
4 23
5 3
6 10
7 12
8 5
9 25
10 20
11 21
12 18
13 11
14 4
15 6
16 14
17 9
18 7
19 0
20 2
21 17
22 22
23 26
24 8
25 1
26 15
27 19
SIMILAR

25 16 3 6 22 15 4 1 17 0 11 13 24 7 21 19 20 27 12 10 5 2 9 8 18 26 14 23 
0 9
1 7
2 21
3 2
4 6
5 20
6 3
7 13
8 23
9 22
10 19
11 10
12 18
13 11
14 26
15 5
16 1
17 8
18 24
19 15
20 16
21 14
22 4
23 27
24 12
25 0
26 25
27 17
SIMILAR

10 1 7 9 11 2 21 25 8 6 16 22 5 15 20 14 12 0 13 19 24 17 3 27 4 26 18 23 
0 17
1 1
2 5
3 22
4 24
5 12
6 9
7 2
8 8
9 3
10 0
11 4
12 16
13 18
14 15
15 13
16 10
17 21
18 26
19 19
20 14
21 6
22 11
23 27
24 20
25 7
26 25
27 23
SIMILAR

3 15 25 22 18 9 20 1 21 24 0 16 26 5 13 14 7 6 12 23 4 2 19 8 27 17 10 11 
0 10
1 7
2 21
3 0
4 20
5 13
6 17
7 16
8 23
9 5
10 26
11 27
12 18
13 14
14 15
15 1
16 11
17 25
18 4
19 22
20 6
21 8
22 3
23 19
24 9
25 2
26 12
27 24
SIMILAR

3 15 27 7 5 21 8 23 9 1 12 16 11 19 2 14 25 17 20 13 18 10 22 6 24 4 0 26 
0 26
1 9
2 14
3 0
4 25
5 4
6 23
7 3
8 6
9 8
10 21
11 12
12 10
13 19
14 15
15 1
16 11
17 17
18 20
19 13
20 18
21 5
22 22
23 7
24 24
25 16
26 27
27 2
SIMILAR

1 17 26 2 8 20 16 7 13 0 4 24 10 22 5 25 27 23 14 12 21 19 6 11 15 18 9 3 
0 9
1 0
2 3
3 27
4 10
5 14
6 22
7 7
8 4
9 26
10 12
11 23
12 19
13 8
14 18
15 24
16 6
17 1
18 25
19 21
20 5
21 20
22 13
23 17
24 11
25 15
26 2
27 16
SIMILAR

16 20 15 8 14 17 27 23 11 24 1 26 21 9 7 10 6 18 4 2 25 0 13 5 19 3 22 12 
0 21
1 10
2 19
3 25
4 18
5 23
6 16
7 14
8 3
9 13
10 15
11 8
12 27
13 22
14 4
15 2
16 0
17 5
18 17
19 24
20 1
21 12
22 26
23 7
24 9
25 20
26 11
27 6
SIMILAR

23 18 14 19 15 17 7 25 0 13 4 16 24 22 5 20 11 1 3 27 12 2 10 21 26 8 6 9 
0 8
1 17
2 21
3 18
4 10
5 14
6 26
7 6
8 25
9 27
10 22
11 16
12 20
13 9
14 2
15 4
16 11
17 5
18 1
19 3
20 15
21 23
22 13
23 0
24 12
25 7
26 24
27 19
SIMILAR

1 7 27 6 11 19 18 13 22 23 16 3 17 9 15 5 14 24 21 20 2 4 12 0 10 25 26 8 
0 23
1 0
2 20
3 11
4 21
5 15
6 3
7 1
8 27
9 13
10 24
11 4
12 22
13 7
14 16
15 14
16 10
17 12
18 6
19 5
20 19
21 18
22 8
23 9
24 17
25 25
26 26
27 2
SIMILAR

17 23 11 20 0 3 26 4 5 10 22 13 25 24 7 6 15 19 9 1 12 2 18 14 27 8 21 16 
0 4
1 19
2 21
3 5
4 7
5 8
6 15
7 14
8 25
9 18
10 9
11 2
12 20
13 11
14 23
15 16
16 27
17 0
18 22
19 17
20 3
21 26
22 10
23 1
24 13
25 12
26 6
27 24
SIMILAR

11 17 24 8 6 14 27 26 1 13 20 12 0 21 16 3 9 25 19 15 18 22 2 5 4 10 23 7 
0 12
1 8
2 22
3 15
4 24
5 23
6 4
7 27
8 3
9 16
10 25
11 0
12 11
13 9
14 5
15 19
16 14
17 1
18 20
19 18
20 10
21 13
22 21
23 26
24 2
25 17
26 7
27 6
SIMILAR

14 15 19 0 17 25 2 12 21 7 23 13 26 1 18 3 27 22 10 6 24 8 11 4 20 5 9 16 
0 3
1 13
2 6
3 15
4 23
5 25
6 19
7 9
8 21
9 26
10 18
11 22
12 7
13 11
14 0
15 1
16 27
17 4
18 14
19 2
20 24
21 8
22 17
23 10
24 20
25 5
26 12
27 16
SIMILAR

25 0 24 26 13 3 1 17 27 7 20 23 19 16 10 21 22 18 6 2 15 14 5 8 4 12 11 9 
0 1
1 6
2 19
3 5
4 24
5 22
6 18
7 9
8 23
9 27
10 14
11 26
12 25
13 4
14 21
15 20
16 13
17 7
18 17
19 12
20 10
21 15
22 16
23 11
24 2
25 0
26 3
27 8
SIMILAR

17 27 5 11 13 21 1 18 4 23 7 10 9 2 22 19 16 24 26 15 14 12 6 3 20 8 0 25 
0 26
1 6
2 13
3 23
4 8
5 2
6 22
7 10
8 25
9 12
10 11
11 3
12 21
13 4
14 20
15 19
16 16
17 0
18 7
19 15
20 24
21 5
22 14
23 9
24 17
25 27
26 18
27 1
SIMILAR

17 13 9 14 27 21 0 16 22 12 2 11 5 8 18 15 24 19 4 25 20 7 6 26 10 23 1 3 
0 6
1 26
2 10
3 27
4 18
5 12
6 22
7 21
8 13
9 2
10 24
11 11
12 9
13 1
14 3
15 15
16 7
17 0
18 14
19 17
20 20
21 5
22 8
23 25
24 16
25 19
26 23
27 4
SIMILAR

25 1 2 11 26 8 7 0 9 4 6 15 3 23 5 21 22 27 20 13 16 24 12 18 14 10 19 17 
0 7
1 1
2 2
3 12
4 9
5 14
6 10
7 6
8 5
9 8
10 25
11 3
12 22
13 19
14 24
15 11
16 20
17 27
18 23
19 26
20 18
21 15
22 16
23 13
24 21
25 0
26 4
27 17
SIMILAR

3 11 8 4 17 5 2 19 23 22 14 24 9 7 13 20 12 18 6 0 16 15 10 27 1 21 25 26 
0 19
1 24
2 6
3 0
4 3
5 5
6 18
7 13
8 2
9 12
10 22
11 1
12 16
13 14
14 10
15 21
16 20
17 4
18 17
19 7
20 15
21 25
22 9
23 8
24 11
25 26
26 27
27 23
SIMILAR

4 7 22 16 15 11 0 25 27 21 17 20 9 10 3 1 23 26 5 13 14 18 6 19 24 8 2 12 
0 6
1 15
2 26
3 14
4 0
5 18
6 22
7 1
8 25
9 12
10 13
11 5
12 27
13 19
14 20
15 4
16 3
17 10
18 21
19 23
20 11
21 9
22 2
23 16
24 24
25 7
26 17
27 8
SIMILAR

8 0 10 2 16 14 23 11 5 22 18 21 17 20 19 1 26 27 6 25 9 7 15 4 24 12 3 13 
0 1
1 15
2 3
3 26
4 23
5 8
6 18
7 21
8 0
9 20
10 2
11 7
12 25
13 27
14 5
15 22
16 4
17 12
18 10
19 14
20 13
21 11
22 9
23 6
24 24
25 19
26 16
27 17
SIMILAR

18 26 16 22 2 27 1 24 7 11 14 5 12 0 17 4 15 3 20 8 25 19 23 13 21 9 10 6 
0 13
1 6
2 4
3 17
4 15
5 11
6 27
7 8
8 19
9 25
10 26
11 9
12 12
13 23
14 10
15 16
16 2
17 14
18 0
19 21
20 18
21 24
22 3
23 22
24 7
25 20
26 1
27 5
SIMILAR

23 13 1 8 26 0 17 21 5 14 22 10 2 27 18 24 3 19 15 6 20 12 4 9 7 16 25 11 
0 5
1 2
2 12
3 16
4 22
5 8
6 19
7 24
8 3
9 23
10 11
11 27
12 21
13 1
14 9
15 18
16 25
17 6
18 14
19 17
20 20
21 7
22 10
23 0
24 15
25 26
26 4
27 13
SIMILAR

23 18 15 0 3 7 25 12 19 16 20 1 5 9 4 2 13 10 11 26 22 21 14 6 24 8 27 17 
0 3
1 11
2 15
3 4
4 14
5 12
6 23
7 5
8 25
9 13
10 17
11 18
12 7
13 16
14 22
15 2
16 9
17 27
18 1
19 8
20 10
21 21
22 20
23 0
24 24
25 6
26 19
27 26
SIMILAR

20 14 9 17 22 26 2 8 4 1 18 25 7 24 6 21 3 23 10 15 27 16 5 0 19 11 13 12 
0 23
1 9
2 6
3 16
4 8
5 22
6 14
7 12
8 7
9 2
10 18
11 25
12 27
13 26
14 1
15 19
16 21
17 3
18 10
19 24
20 0
21 15
22 4
23 17
24 13
25 11
26 5
27 20
SIMILAR

7 2 1 19 9 0 3 26 23 15 22 25 18 17 20 24 11 8 16 5 14 4 13 10 12 21 27 6 
0 5
1 2
2 1
3 6
4 21
5 19
6 27
7 0
8 17
9 4
10 23
11 16
12 24
13 22
14 20
15 9
16 18
17 13
18 12
19 3
20 14
21 25
22 10
23 8
24 15
25 11
26 7
27 26
SIMILAR

15 23 10 5 8 19 17 0 16 4 25 2 20 24 26 18 14 11 13 1 9 12 27 3 7 6 22 21 
0 7
1 19
2 11
3 23
4 9
5 3
6 25
7 24
8 4
9 20
10 2
11 17
12 21
13 18
14 16
15 0
16 8
17 6
18 15
19 5
20 12
21 27
22 26
23 1
24 13
25 10
26 14
27 22
SIMILAR

2 20 15 26 3 6 4 9 19 24 5 25 16 10 27 0 18 7 12 17 11 1 13 14 8 23 21 22 
0 15
1 21
2 0
3 4
4 6
5 10
6 5
7 17
8 24
9 7
10 13
11 20
12 18
13 22
14 23
15 2
16 12
17 19
18 16
19 8
20 1
21 26
22 27
23 25
24 9
25 11
26 3
27 14
SIMILAR

6 14 16 12 11 9 27 10 23 1 24 21 7 25 0 20 17 22 3 2 8 18 19 15 5 13 4 26 
0 14
1 9
2 19
3 18
4 26
5 24
6 0
7 12
8 20
9 5
10 7
11 4
12 3
13 25
14 1
15 23
16 2
17 16
18 21
19 22
20 15
21 11
22 17
23 8
24 10
25 13
26 27
27 6
SIMILAR

19 24 7 25 8 17 10 26 12 22 3 13 11 6 0 23 1 14 21 9 2 5 15 18 16 4 27 20 
0 14
1 16
2 20
3 10
4 25
5 21
6 13
7 2
8 4
9 19
10 6
11 12
12 8
13 11
14 17
15 22
16 24
17 5
18 23
19 0
20 27
21 18
22 9
23 15
24 1
25 3
26 7
27 26
SIMILAR

21 0 1 23 25 22 7 11 8 19 12 6 17 4 24 2 10 27 3 14 9 13 16 5 20 15 18 26 
0 1
1 2
2 15
3 18
4 13
5 23
6 11
7 6
8 8
9 20
10 16
11 7
12 10
13 21
14 19
15 25
16 22
17 12
18 26
19 9
20 24
21 0
22 5
23 3
24 14
25 4
26 27
27 17
SIMILAR

23 15 22 2 20 21 16 9 11 3 13 26 17 6 14 18 7 24 4 5 25 27 8 19 10 1 0 12 
0 26
1 25
2 3
3 9
4 18
5 19
6 13
7 16
8 22
9 7
10 24
11 8
12 27
13 10
14 14
15 1
16 6
17 12
18 15
19 23
20 4
21 5
22 2
23 0
24 17
25 20
26 11
27 21
SIMILAR

7 12 4 13 11 15 22 16 5 26 8 18 10 23 20 9 17 27 3 24 0 14 1 6 2 21 19 25 
0 20
1 22
2 24
3 18
4 2
5 8
6 23
7 0
8 10
9 15
10 12
11 4
12 1
13 3
14 21
15 5
16 7
17 16
18 11
19 26
20 14
21 25
22 6
23 13
24 19
25 27
26 9
27 17
SIMILAR

14 1 23 17 22 24 11 2 19 0 3 18 12 16 27 20 5 6 10 13 9 21 8 4 7 25 15 26 
0 9
1 1
2 7
3 10
4 23
5 16
6 17
7 24
8 22
9 20
10 18
11 6
12 12
13 19
14 0
15 26
16 13
17 3
18 11
19 8
20 15
21 21
22 4
23 2
24 5
25 25
26 27
27 14
SIMILAR

22 5 3 26 10 24 21 2 18 11 17 20 8 7 9 6 14 15 27 25 16 13 4 0 1 19 12 23 
0 23
1 24
2 7
3 2
4 22
5 1
6 15
7 13
8 12
9 14
10 4
11 9
12 26
13 21
14 16
15 17
16 20
17 10
18 8
19 25
20 11
21 6
22 0
23 27
24 5
25 19
26 3
27 18
SIMILAR

2 16 14 17 8 26 20 13 5 25 22 9 12 7 18 11 10 15 3 21 4 23 19 27 24 6 0 1 
0 26
1 27
2 0
3 18
4 20
5 8
6 25
7 13
8 4
9 11
10 16
11 15
12 12
13 7
14 2
15 17
16 1
17 3
18 14
19 22
20 6
21 19
22 10
23 21
24 24
25 9
26 5
27 23
SIMILAR

12 16 24 15 17 2 0 14 10 7 3 1 22 23 13 26 25 5 20 6 9 11 21 4 19 8 18 27 
0 6
1 11
2 5
3 10
4 23
5 17
6 19
7 9
8 25
9 20
10 8
11 21
12 0
13 14
14 7
15 3
16 1
17 4
18 26
19 24
20 18
21 22
22 12
23 13
24 2
25 16
26 15
27 27
SIMILAR

2 23 12 17 1 24 13 0 21 20 5 25 11 18 22 7 6 26 15 4 10 3 14 9 8 16 19 27 
0 7
1 4
2 0
3 21
4 19
5 10
6 16
7 15
8 24
9 23
10 20
11 12
12 2
13 6
14 22
15 18
16 25
17 3
18 13
19 26
20 9
21 8
22 14
23 1
24 5
25 11
26 17
27 27
SIMILAR

15 11 2 10 18 21 7 12 4 23 17 0 20 8 9 16 19 22 24 5 27 3 13 6 1 26 25 14 
0 11
1 24
2 2
3 21
4 8
5 19
6 23
7 6
8 13
9 14
10 3
11 1
12 7
13 22
14 27
15 0
16 15
17 10
18 4
19 16
20 12
21 5
22 17
23 9
24 18
25 26
26 25
27 20
SIMILAR

18 7 11 14 23 17 12 26 15 6 3 20 10 5 8 13 16 9 24 1 0 2 21 25 27 19 4 22 
0 20
1 19
2 21
3 10
4 26
5 13
6 9
7 1
8 14
9 17
10 12
11 2
12 6
13 15
14 3
15 8
16 16
17 5
18 0
19 25
20 11
21 22
22 27
23 4
24 18
25 23
26 7
27 24
SIMILAR

8 7 9 16 23 25 6 19 3 12 14 11 1 20 10 15 21 24 2 27 0 5 4 17 18 22 13 26 
0 20
1 12
2 18
3 8
4 22
5 21
6 6
7 1
8 0
9 2
10 14
11 11
12 9
13 26
14 10
15 15
16 3
17 23
18 24
19 7
20 13
21 16
22 25
23 4
24 17
25 5
26 27
27 19
SIMILAR

5 3 13 19 15 27 7 4 8 20 24 16 25 0 9 17 1 22 18 6 11 10 21 23 14 12 26 2 
0 13
1 16
2 27
3 1
4 7
5 0
6 19
7 6
8 8
9 14
10 21
11 20
12 25
13 2
14 24
15 4
16 11
17 15
18 18
19 3
20 9
21 22
22 17
23 23
24 10
25 12
26 26
27 5
SIMILAR

10 4 0 18 1 3 11 12 20 15 26 16 7 24 14 2 27 8 22 17 5 13 23 6 9 19 25 21 
0 2
1 4
2 15
3 5
4 1
5 20
6 23
7 12
8 17
9 24
10 0
11 6
12 7
13 21
14 14
15 9
16 11
17 19
18 3
19 25
20 8
21 27
22 18
23 22
24 13
25 26
26 10
27 16
SIMILAR

18 16 1 5 10 27 7 13 22 3 6 9 23 8 20 14 4 2 25 24 17 11 12 0 26 15 21 19 
0 23
1 2
2 17
3 9
4 16
5 3
6 10
7 6
8 13
9 11
10 4
11 21
12 22
13 7
14 15
15 25
16 1
17 20
18 0
19 27
20 14
21 26
22 8
23 12
24 19
25 18
26 24
27 5
SIMILAR

14 9 0 20 12 16 23 17 15 18 5 24 8 1 13 6 4 11 21 19 22 10 3 27 2 7 25 26 
0 2
1 13
2 24
3 22
4 16
5 10
6 15
7 25
8 12
9 1
10 21
11 17
12 4
13 14
14 0
15 8
16 5
17 7
18 9
19 19
20 3
21 18
22 20
23 6
24 11
25 26
26 27
27 23
SIMILAR

24 5 13 10 20 3 7 8 15 19 18 0 14 25 12 21 4 23 16 6 17 9 22 27 26 2 11 1 
0 11
1 27
2 25
3 5
4 16
5 1
6 19
7 6
8 7
9 21
10 3
11 26
12 14
13 2
14 12
15 8
16 18
17 20
18 10
19 9
20 4
21 15
22 22
23 17
24 0
25 13
26 24
27 23
SIMILAR

14 9 16 27 0 13 21 4 15 20 6 23 22 10 17 24 3 8 2 18 25 5 26 11 12 19 1 7 
0 4
1 26
2 18
3 16
4 7
5 21
6 10
7 27
8 17
9 1
10 13
11 23
12 24
13 5
14 0
15 8
16 2
17 14
18 19
19 25
20 9
21 6
22 12
23 11
24 15
25 20
26 22
27 3
SIMILAR

12 14 24 10 2 19 7 15 13 17 3 25 23 8 0 5 18 9 26 21 20 6 22 27 1 16 4 11 
0 14
1 24
2 4
3 10
4 26
5 15
6 21
7 6
8 13
9 17
10 3
11 27
12 0
13 8
14 1
15 7
16 25
17 9
18 16
19 5
20 20
21 19
22 22
23 12
24 2
25 11
26 18
27 23
SIMILAR

0 23 12 19 10 22 9 6 14 11 15 25 21 8 13 18 3 26 1 20 24 27 2 5 7 4 16 17 
0 0
1 18
2 22
3 16
4 25
5 23
6 7
7 24
8 13
9 6
10 4
11 9
12 2
13 14
14 8
15 10
16 26
17 27
18 15
19 3
20 19
21 12
22 5
23 1
24 20
25 11
26 17
27 21
SIMILAR

13 7 24 16 25 15 17 4 1 26 2 5 8 3 9 14 20 21 19 6 22 27 11 18 0 23 12 10 
0 24
1 8
2 10
3 13
4 7
5 11
6 19
7 1
8 12
9 14
10 27
11 22
12 26
13 0
14 15
15 5
16 3
17 6
18 23
19 18
20 16
21 17
22 20
23 25
24 2
25 4
26 9
27 21
SIMILAR

14 3 23 22 20 27 13 26 18 25 15 6 11 24 1 19 12 16 10 17 8 0 2 7 5 9 21 4 
0 21
1 14
2 22
3 1
4 27
5 24
6 11
7 23
8 20
9 25
10 18
11 12
12 16
13 6
14 0
15 10
16 17
17 19
18 8
19 15
20 4
21 26
22 3
23 2
24 13
25 9
26 7
27 5
SIMILAR

20 19 0 23 18 4 25 1 11 16 21 15 6 22 8 3 24 10 27 9 14 5 12 17 13 7 26 2 
0 2
1 7
2 27
3 15
4 5
5 21
6 12
7 25
8 14
9 19
10 17
11 8
12 22
13 24
14 20
15 11
16 9
17 23
18 4
19 1
20 0
21 10
22 13
23 3
24 16
25 6
26 26
27 18
SIMILAR

26 5 23 15 0 20 2 27 18 9 13 16 3 21 25 4 22 8 19 24 6 10 1 7 17 14 11 12 
0 4
1 22
2 6
3 12
4 15
5 1
6 20
7 23
8 17
9 9
10 21
11 26
12 27
13 10
14 25
15 3
16 11
17 24
18 8
19 18
20 5
21 13
22 16
23 2
24 19
25 14
26 0
27 7
SIMILAR

23 18 7 22 24 27 15 2 25 11 13 19 4 0 5 26 1 20 14 3 6 10 21 12 17 9 8 16 
0 13
1 16
2 7
3 19
4 12
5 14
6 20
7 2
8 26
9 25
10 21
11 9
12 23
13 10
14 18
15 6
16 27
17 24
18 1
19 11
20 17
21 22
22 3
23 0
24 4
25 8
26 15
27 5
SIMILAR

13 14 22 3 19 2 25 18 21 8 0 24 4 1 16 12 10 9 23 5 6 7 15 20 17 26 11 27 
0 10
1 13
2 5
3 3
4 12
5 19
6 20
7 21
8 9
9 17
10 16
11 26
12 15
13 0
14 1
15 22
16 14
17 24
18 7
19 4
20 23
21 8
22 2
23 18
24 11
25 6
26 25
27 27
SIMILAR

4 24 17 21 20 16 3 27 25 2 26 15 18 13 10 22 0 19 11 14 23 5 6 8 7 9 12 1 
0 16
1 27
2 9
3 6
4 0
5 21
6 22
7 24
8 23
9 25
10 14
11 18
12 26
13 13
14 19
15 11
16 5
17 2
18 12
19 17
20 4
21 3
22 15
23 20
24 1
25 8
26 10
27 7
SIMILAR

24 13 4 2 9 19 20 0 26 18 16 10 14 5 7 15 22 11 25 1 17 12 21 8 23 6 27 3 
0 7
1 19
2 3
3 27
4 2
5 13
6 25
7 14
8 23
9 4
10 11
11 17
12 21
13 1
14 12
15 15
16 10
17 20
18 9
19 5
20 6
21 22
22 16
23 24
24 0
25 18
26 8
27 26
SIMILAR

20 13 3 14 23 27 15 5 25 10 6 19 16 17 0 1 26 18 8 4 12 2 22 24 7 21 11 9 
0 14
1 15
2 21
3 2
4 19
5 7
6 10
7 24
8 18
9 27
10 9
11 26
12 20
13 1
14 3
15 6
16 12
17 13
18 17
19 11
20 0
21 25
22 22
23 4
24 23
25 8
26 16
27 5
SIMILAR

3 14 10 0 25 2 6 21 24 9 19 17 20 12 4 26 23 16 15 8 7 5 11 22 13 27 18 1 
0 3
1 27
2 5
3 0
4 14
5 21
6 6
7 20
8 19
9 9
10 2
11 22
12 13
13 24
14 1
15 18
16 17
17 11
18 26
19 10
20 12
21 7
22 23
23 16
24 8
25 4
26 15
27 25
SIMILAR

1 24 9 6 17 19 25 15 8 20 7 27 5 11 13 16 3 12 2 22 14 10 21 26 23 4 18 0 
0 27
1 0
2 18
3 16
4 25
5 12
6 3
7 10
8 8
9 2
10 21
11 13
12 17
13 14
14 20
15 7
16 15
17 4
18 26
19 5
20 9
21 22
22 19
23 24
24 1
25 6
26 23
27 11
SIMILAR

11 7 21 13 27 26 6 8 9 0 5 19 17 10 2 25 1 4 24 20 22 14 15 16 12 3 23 18 
0 9
1 16
2 14
3 25
4 17
5 10
6 6
7 1
8 7
9 8
10 13
11 0
12 24
13 3
14 21
15 22
16 23
17 12
18 27
19 11
20 19
21 2
22 20
23 26
24 18
25 15
26 5
27 4
SIMILAR

23 13 10 12 15 18 7 6 25 5 27 2 16 11 24 17 1 4 8 26 19 20 3 22 9 0 14 21 
0 25
1 16
2 11
3 22
4 17
5 9
6 7
7 6
8 18
9 24
10 2
11 13
12 3
13 1
14 26
15 4
16 12
17 15
18 5
19 20
20 21
21 27
22 23
23 0
24 14
25 8
26 19
27 10
SIMILAR

19 5 18 23 22 7 4 3 12 13 8 25 9 14 26 21 10 27 24 0 1 17 20 2 16 15 11 6 
0 19
1 20
2 23
3 7
4 6
5 1
6 27
7 5
8 10
9 12
10 16
11 26
12 8
13 9
14 13
15 25
16 24
17 21
18 2
19 0
20 22
21 15
22 4
23 3
24 18
25 11
26 14
27 17
SIMILAR

22 15 26 4 24 6 16 10 17 2 19 25 12 8 11 23 5 1 13 27 3 20 14 9 7 21 0 18 
0 26
1 17
2 9
3 20
4 3
5 16
6 5
7 24
8 13
9 23
10 7
11 14
12 12
13 18
14 22
15 1
16 6
17 8
18 27
19 10
20 21
21 25
22 0
23 15
24 4
25 11
26 2
27 19
SIMILAR

16 13 6 7 20 2 21 5 11 4 8 3 18 0 19 15 17 24 22 25 26 23 12 1 27 10 9 14 
0 13
1 23
2 5
3 11
4 9
5 7
6 2
7 3
8 10
9 26
10 25
11 8
12 22
13 1
14 27
15 15
16 0
17 16
18 12
19 14
20 4
21 6
22 18
23 21
24 17
25 19
26 20
27 24
SIMILAR
100 0
7800 0
247800 0
