28
0 1 0 1 1 0 1 1 0 0 0 1 1 1 1 1 0 0 1 0 1 1 1 1 0 0 1 0 
1 0 0 1 0 0 1 1 0 0 1 0 1 0 1 1 0 0 0 0 0 1 1 0 0 0 0 1 
0 0 0 1 0 1 1 0 1 0 1 1 0 0 1 0 1 1 0 0 1 1 1 1 0 1 1 0 
1 1 1 0 0 1 0 1 1 1 0 1 1 0 1 1 0 0 0 0 0 1 0 0 1 1 1 1 
1 0 0 0 0 0 1 0 1 0 0 0 0 0 1 0 0 0 1 0 0 0 0 1 0 0 1 0 
0 0 1 1 0 0 1 0 0 0 0 0 1 0 0 1 0 1 1 1 0 0 1 1 1 0 1 0 
1 1 1 0 1 1 0 1 0 1 1 1 1 0 1 1 0 0 1 0 1 0 1 0 1 0 0 0 
1 1 0 1 0 0 1 0 1 0 0 1 0 0 1 1 0 0 0 1 0 0 0 1 1 1 0 0 
0 0 1 1 1 0 0 1 0 1 0 1 0 1 0 0 0 0 0 1 1 0 0 0 0 0 0 1 
0 0 0 1 0 0 1 0 1 0 0 0 1 0 0 1 0 0 0 0 0 0 1 0 1 1 0 0 
0 1 1 0 0 0 1 0 0 0 0 0 1 0 1 1 1 0 0 1 1 1 1 0 1 0 1 1 
1 0 1 1 0 0 1 1 1 0 0 0 1 1 0 1 1 1 0 1 0 1 1 0 0 0 1 0 
1 1 0 1 0 1 1 0 0 1 1 1 0 0 1 1 0 0 1 1 1 0 1 0 1 1 1 1 
1 0 0 0 0 0 0 0 1 0 0 1 0 0 1 1 0 1 0 0 1 0 0 1 0 1 1 0 
1 1 1 1 1 0 1 1 0 0 1 0 1 1 0 1 1 0 1 1 0 0 0 0 1 0 0 1 
1 1 0 1 0 1 1 1 0 1 1 1 1 1 1 0 1 0 1 0 0 1 0 1 0 1 0 0 
0 0 1 0 0 0 0 0 0 0 1 1 0 0 1 1 0 0 1 1 1 1 1 1 0 0 1 1 
0 0 1 0 0 1 0 0 0 0 0 1 0 1 0 0 0 0 1 0 0 1 1 1 0 0 1 1 
1 0 0 0 1 1 1 0 0 0 0 0 1 0 1 1 1 1 0 0 0 0 1 0 1 1 1 1 
0 0 0 0 0 1 0 1 1 0 1 1 1 0 1 0 1 0 0 0 0 0 0 0 1 1 1 0 
1 0 1 0 0 0 1 0 1 0 1 0 1 1 0 0 1 0 0 0 0 0 1 1 0 0 1 0 
1 1 1 1 0 0 0 0 0 0 1 1 0 0 0 1 1 1 0 0 0 0 1 1 0 0 1 1 
1 1 1 0 0 1 1 0 0 1 1 1 1 0 0 0 1 1 1 0 1 1 0 0 1 0 0 1 
1 0 1 0 1 1 0 1 0 0 0 0 0 1 0 1 1 1 0 0 1 1 0 0 0 1 1 1 
0 0 0 1 0 1 1 1 0 1 1 0 1 0 1 0 0 0 1 1 0 0 1 0 0 0 0 1 
0 0 1 1 0 0 0 1 0 1 0 0 1 1 0 1 0 0 1 1 0 0 0 1 0 0 0 1 
1 0 1 1 1 1 0 0 0 0 1 1 1 1 0 0 1 1 1 1 1 1 0 1 0 0 0 0 
0 1 0 1 0 0 0 0 1 0 1 0 1 0 1 0 1 1 1 0 0 1 1 1 1 1 0 0 

20 27 18 10 4 5 7 17 3 11 22 23 0 6 14 24 21 15 13 9 26 19 1 25 16 12 8 2 
0 12
1 22
2 27
3 8
4 4
5 5
6 13
7 6
8 26
9 19
10 3
11 9
12 25
13 18
14 14
15 17
16 24
17 7
18 2
19 21
20 0
21 16
22 10
23 11
24 15
25 23
26 20
27 1
SIMILAR

17 26 2 23 1 19 4 25 18 13 3 12 0 14 6 27 5 8 22 11 24 7 10 9 16 20 21 15 
0 12
1 4
2 2
3 10
4 6
5 16
6 14
7 21
8 17
9 23
10 22
11 19
12 11
13 9
14 13
15 27
16 24
17 0
18 8
19 5
20 25
21 26
22 18
23 3
24 20
25 7
26 1
27 15
SIMILAR

2 15 4 11 5 13 25 17 26 21 16 1 27 6 9 7 8 0 10 22 14 20 18 3 12 23 19 24 
0 17
1 11
2 0
3 23
4 2
5 4
6 13
7 15
8 16
9 14
10 18
11 3
12 24
13 5
14 20
15 1
16 10
17 7
18 22
19 26
20 21
21 9
22 19
23 25
24 27
25 6
26 8
27 12
SIMILAR

15 26 5 9 10 14 1 8 21 11 17 24 16 25 4 7 23 2 12 27 18 19 20 0 13 6 22 3 
0 23
1 6
2 17
3 27
4 14
5 2
6 25
7 15
8 7
9 3
10 4
11 9
12 18
13 24
14 5
15 0
16 12
17 10
18 20
19 21
20 22
21 8
22 26
23 16
24 11
25 13
26 1
27 19
SIMILAR

22 15 10 19 27 9 6 7 17 25 3 24 13 8 2 5 12 20 1 23 4 14 0 26 21 11 18 16 
0 22
1 18
2 14
3 10
4 20
5 15
6 6
7 7
8 13
9 5
10 2
11 25
12 16
13 12
14 21
15 1
16 27
17 8
18 26
19 3
20 17
21 24
22 0
23 19
24 11
25 9
26 23
27 4
SIMILAR

23 17 14 27 7 11 5 6 19 20 8 24 3 9 0 25 12 15 1 13 21 10 2 26 16 18 22 4 
0 14
1 18
2 22
3 12
4 27
5 6
6 7
7 4
8 10
9 13
10 21
11 5
12 16
13 19
14 2
15 17
16 24
17 1
18 25
19 8
20 9
21 20
22 26
23 0
24 11
25 15
26 23
27 3
SIMILAR

15 21 25 9 14 18 2 23 22 0 17 19 27 26 6 7 1 5 16 10 8 12 4 11 20 13 3 24 
0 9
1 16
2 6
3 26
4 22
5 17
6 14
7 15
8 20
9 3
10 19
11 23
12 21
13 25
14 4
15 0
16 18
17 10
18 5
19 11
20 24
21 1
22 8
23 7
24 27
25 2
26 13
27 12
SIMILAR

22 13 11 0 14 27 25 16 5 19 17 23 4 26 1 10 20 2 9 3 21 12 6 7 15 24 18 8 
0 3
1 14
2 17
3 19
4 12
5 8
6 22
7 23
8 27
9 18
10 15
11 2
12 21
13 1
14 4
15 24
16 7
17 10
18 26
19 9
20 16
21 20
22 0
23 11
24 25
25 6
26 13
27 5
SIMILAR

15 9 14 22 26 21 8 24 7 13 5 19 27 1 16 20 0 25 23 3 18 2 6 12 11 10 17 4 
0 16
1 13
2 21
3 19
4 27
5 10
6 22
7 8
8 6
9 1
10 25
11 24
12 23
13 9
14 2
15 0
16 14
17 26
18 20
19 11
20 15
21 5
22 3
23 18
24 7
25 17
26 4
27 12
SIMILAR

20 3 11 16 18 27 13 7 15 21 2 26 9 8 25 4 22 6 0 19 5 10 12 23 17 14 1 24 
0 18
1 26
2 10
3 1
4 15
5 20
6 17
7 7
8 13
9 12
10 21
11 2
12 22
13 6
14 25
15 8
16 3
17 24
18 4
19 19
20 0
21 9
22 16
23 23
24 27
25 14
26 11
27 5
SIMILAR

4 3 18 17 8 22 19 25 7 2 5 9 13 24 1 21 16 14 6 10 12 23 0 27 20 11 15 26 
0 22
1 14
2 9
3 1
4 0
5 10
6 18
7 8
8 4
9 11
10 19
11 25
12 20
13 12
14 17
15 26
16 16
17 3
18 2
19 6
20 24
21 15
22 5
23 21
24 13
25 7
26 27
27 23
SIMILAR

7 6 2 23 12 21 4 14 16 15 8 20 5 3 26 9 24 27 22 1 11 17 25 19 0 10 18 13 
0 24
1 19
2 2
3 13
4 6
5 12
6 1
7 0
8 10
9 15
10 25
11 20
12 4
13 27
14 7
15 9
16 8
17 21
18 26
19 23
20 11
21 5
22 18
23 3
24 16
25 22
26 14
27 17
SIMILAR

6 19 8 4 17 9 21 23 27 26 10 12 3 1 22 14 18 5 13 2 16 0 25 24 11 20 15 7 
0 21
1 13
2 19
3 12
4 3
5 17
6 0
7 27
8 2
9 5
10 10
11 24
12 11
13 18
14 15
15 26
16 20
17 4
18 16
19 1
20 25
21 6
22 14
23 7
24 23
25 22
26 9
27 8
SIMILAR

23 0 16 14 5 25 3 27 20 11 15 9 7 4 2 21 22 26 18 17 19 6 13 1 24 10 12 8 
0 1
1 23
2 14
3 6
4 13
5 4
6 21
7 12
8 27
9 11
10 25
11 9
12 26
13 22
14 3
15 10
16 2
17 19
18 18
19 20
20 8
21 15
22 16
23 0
24 24
25 5
26 17
27 7
SIMILAR

27 3 22 11 8 21 9 12 0 2 15 4 26 20 16 17 7 19 1 10 25 13 6 24 5 18 23 14 
0 8
1 18
2 9
3 1
4 11
5 24
6 22
7 16
8 4
9 6
10 19
11 3
12 7
13 21
14 27
15 10
16 14
17 15
18 25
19 17
20 13
21 5
22 2
23 26
24 23
25 20
26 12
27 0
SIMILAR

8 11 18 4 23 6 1 26 15 17 27 24 19 13 20 12 25 16 10 5 7 22 0 9 21 3 2 14 
0 22
1 6
2 26
3 25
4 3
5 19
6 5
7 20
8 0
9 23
10 18
11 1
12 15
13 13
14 27
15 8
16 17
17 9
18 2
19 12
20 14
21 24
22 21
23 4
24 11
25 16
26 7
27 10
SIMILAR

15 13 8 2 18 0 9 1 16 20 17 6 27 3 26 11 24 12 4 5 22 25 19 23 14 10 21 7 
0 5
1 7
2 3
3 13
4 18
5 19
6 11
7 27
8 2
9 6
10 25
11 15
12 17
13 1
14 24
15 0
16 8
17 10
18 4
19 22
20 9
21 26
22 20
23 23
24 16
25 21
26 14
27 12
SIMILAR

26 27 3 6 11 24 10 5 20 17 22 7 25 18 8 13 2 19 0 1 23 4 16 15 14 9 21 12 
0 18
1 19
2 16
3 2
4 21
5 7
6 3
7 11
8 14
9 25
10 6
11 4
12 27
13 15
14 24
15 23
16 22
17 9
18 13
19 17
20 8
21 26
22 10
23 20
24 5
25 12
26 0
27 1
SIMILAR

27 18 23 20 21 22 24 13 7 26 25 6 19 8 14 11 3 16 12 5 4 1 15 17 10 0 2 9 
0 25
1 21
2 26
3 16
4 20
5 19
6 11
7 8
8 13
9 27
10 24
11 15
12 18
13 7
14 14
15 22
16 17
17 23
18 1
19 12
20 3
21 4
22 5
23 2
24 6
25 10
26 9
27 0
SIMILAR

7 6 8 9 27 1 24 20 14 17 2 4 3 12 10 25 26 19 23 0 18 21 13 15 5 11 16 22 
0 19
1 5
2 10
3 12
4 11
5 24
6 1
7 0
8 2
9 3
10 14
11 25
12 13
13 22
14 8
15 23
16 26
17 9
18 20
19 17
20 7
21 21
22 27
23 18
24 6
25 15
26 16
27 4
SIMILAR

10 0 7 8 11 22 4 3 23 21 15 9 12 26 16 2 19 18 27 1 25 13 6 20 5 14 24 17 
0 1
1 19
2 15
3 7
4 6
5 24
6 22
7 2
8 3
9 11
10 0
11 4
12 12
13 21
14 25
15 10
16 14
17 27
18 17
19 16
20 23
21 9
22 5
23 8
24 26
25 20
26 13
27 18
SIMILAR

11 12 24 17 6 7 26 22 9 13 5 21 4 25 15 0 23 18 20 19 8 27 3 14 2 1 10 16 
0 15
1 25
2 24
3 22
4 12
5 10
6 4
7 5
8 20
9 8
10 26
11 0
12 1
13 9
14 23
15 14
16 27
17 3
18 17
19 19
20 18
21 11
22 7
23 16
24 2
25 13
26 6
27 21
SIMILAR

16 13 18 20 8 17 10 27 22 7 24 3 19 12 26 0 25 15 23 1 21 5 2 9 11 4 6 14 
0 15
1 19
2 22
3 11
4 25
5 21
6 26
7 9
8 4
9 23
10 6
11 24
12 13
13 1
14 27
15 17
16 0
17 5
18 2
19 12
20 3
21 20
22 8
23 18
24 10
25 16
26 14
27 7
SIMILAR

23 14 20 27 22 17 4 11 6 2 21 9 24 18 12 25 16 5 26 19 8 7 1 15 0 3 10 13 
0 24
1 22
2 9
3 25
4 6
5 17
6 8
7 21
8 20
9 11
10 26
11 7
12 14
13 27
14 1
15 23
16 16
17 5
18 13
19 19
20 2
21 10
22 4
23 0
24 12
25 15
26 18
27 3
SIMILAR

13 11 12 20 10 17 22 2 25 5 9 23 26 16 6 0 19 4 18 1 3 21 8 24 7 27 14 15 
0 15
1 19
2 7
3 20
4 17
5 9
6 14
7 24
8 22
9 10
10 4
11 1
12 2
13 0
14 26
15 27
16 13
17 5
18 18
19 16
20 3
21 21
22 6
23 11
24 23
25 8
26 12
27 25
SIMILAR

0 6 24 9 7 25 15 11 2 4 23 27 20 17 19 5 21 10 18 8 13 14 1 3 12 16 26 22 
0 0
1 22
2 8
3 23
4 9
5 15
6 1
7 4
8 19
9 3
10 17
11 7
12 24
13 20
14 21
15 6
16 25
17 13
18 18
19 14
20 12
21 16
22 27
23 10
24 2
25 5
26 26
27 11
SIMILAR

5 9 14 15 1 4 24 11 10 19 27 26 2 17 8 13 23 7 22 16 20 0 6 21 25 3 12 18 
0 21
1 4
2 12
3 25
4 5
5 0
6 22
7 17
8 14
9 1
10 8
11 7
12 26
13 15
14 2
15 3
16 19
17 13
18 27
19 9
20 20
21 23
22 18
23 16
24 6
25 24
26 11
27 10
SIMILAR

5 17 25 1 16 7 12 9 14 13 8 3 20 0 21 27 2 24 23 15 4 19 18 22 6 26 11 10 
0 13
1 3
2 16
3 11
4 20
5 0
6 24
7 5
8 10
9 7
10 27
11 26
12 6
13 9
14 8
15 19
16 4
17 1
18 22
19 21
20 12
21 14
22 23
23 18
24 17
25 2
26 25
27 15
SIMILAR

19 16 10 4 12 23 21 22 25 17 5 14 2 18 27 26 20 24 15 1 6 9 7 3 11 0 13 8 
0 25
1 19
2 12
3 23
4 3
5 10
6 20
7 22
8 27
9 21
10 2
11 24
12 4
13 26
14 11
15 18
16 1
17 9
18 13
19 0
20 16
21 6
22 7
23 5
24 17
25 8
26 15
27 14
SIMILAR

2 12 13 25 0 5 22 4 21 24 16 6 1 19 18 9 20 10 8 23 3 7 17 27 26 14 15 11 
0 4
1 12
2 0
3 20
4 7
5 5
6 11
7 21
8 18
9 15
10 17
11 27
12 1
13 2
14 25
15 26
16 10
17 22
18 14
19 13
20 16
21 8
22 6
23 19
24 9
25 3
26 24
27 23
SIMILAR

22 27 23 3 9 26 15 12 18 17 5 14 20 4 25 2 8 1 7 10 21 0 19 16 6 11 24 13 
0 21
1 17
2 15
3 3
4 13
5 10
6 24
7 18
8 16
9 4
10 19
11 25
12 7
13 27
14 11
15 6
16 23
17 9
18 8
19 22
20 12
21 20
22 0
23 2
24 26
25 14
26 5
27 1
SIMILAR

5 26 14 4 12 8 2 25 1 0 22 7 19 16 15 20 18 24 23 13 6 10 21 3 9 27 11 17 
0 9
1 8
2 6
3 23
4 3
5 0
6 20
7 11
8 5
9 24
10 21
11 26
12 4
13 19
14 2
15 14
16 13
17 27
18 16
19 12
20 15
21 22
22 10
23 18
24 17
25 7
26 1
27 25
SIMILAR

19 20 23 22 9 11 6 3 14 0 1 7 26 17 16 27 8 15 13 18 10 25 4 21 24 12 2 5 
0 9
1 10
2 26
3 7
4 22
5 27
6 6
7 11
8 16
9 4
10 20
11 5
12 25
13 18
14 8
15 17
16 14
17 13
18 19
19 0
20 1
21 23
22 3
23 2
24 24
25 21
26 12
27 15
SIMILAR

0 4 17 24 7 22 5 14 21 10 11 6 15 9 23 19 16 2 27 8 18 26 25 13 12 20 3 1 
0 0
1 27
2 17
3 26
4 1
5 6
6 11
7 4
8 19
9 13
10 9
11 10
12 24
13 23
14 7
15 12
16 16
17 2
18 20
19 15
20 25
21 8
22 5
23 14
24 3
25 22
26 21
27 18
SIMILAR

2 4 5 6 23 22 24 20 14 12 8 9 21 11 27 13 26 3 1 16 15 18 0 17 7 19 10 25 
0 22
1 18
2 0
3 17
4 1
5 2
6 3
7 24
8 10
9 11
10 26
11 13
12 9
13 15
14 8
15 20
16 19
17 23
18 21
19 25
20 7
21 12
22 5
23 4
24 6
25 27
26 16
27 14
SIMILAR

14 13 4 8 16 25 3 11 0 1 23 22 19 24 6 26 15 18 10 20 9 27 12 7 2 17 5 21 
0 8
1 9
2 24
3 6
4 2
5 26
6 14
7 23
8 3
9 20
10 18
11 7
12 22
13 1
14 0
15 16
16 4
17 25
18 17
19 12
20 19
21 27
22 11
23 10
24 13
25 5
26 15
27 21
SIMILAR

7 14 5 20 3 18 0 10 19 1 12 8 24 26 6 16 13 4 2 17 9 21 27 11 23 22 15 25 
0 6
1 9
2 18
3 4
4 17
5 2
6 14
7 0
8 11
9 20
10 7
11 23
12 10
13 16
14 1
15 26
16 15
17 19
18 5
19 8
20 3
21 21
22 25
23 24
24 12
25 27
26 13
27 22
SIMILAR

26 4 22 11 12 16 1 6 27 5 18 21 9 20 23 17 7 14 10 24 19 2 25 13 15 0 3 8 
0 25
1 6
2 21
3 26
4 1
5 9
6 7
7 16
8 27
9 12
10 18
11 3
12 4
13 23
14 17
15 24
16 5
17 15
18 10
19 20
20 13
21 11
22 2
23 14
24 19
25 22
26 0
27 8
SIMILAR

8 23 20 0 3 13 24 2 27 1 26 19 10 4 25 17 12 5 16 9 14 11 21 6 18 7 15 22 
0 3
1 9
2 7
3 4
4 13
5 17
6 23
7 25
8 0
9 19
10 12
11 21
12 16
13 5
14 20
15 26
16 18
17 15
18 24
19 11
20 2
21 22
22 27
23 1
24 6
25 14
26 10
27 8
SIMILAR

9 20 27 16 3 4 6 7 19 24 26 17 23 1 8 22 14 5 2 18 15 25 0 11 13 21 10 12 
0 22
1 13
2 18
3 4
4 5
5 17
6 6
7 7
8 14
9 0
10 26
11 23
12 27
13 24
14 16
15 20
16 3
17 11
18 19
19 8
20 1
21 25
22 15
23 12
24 9
25 21
26 10
27 2
SIMILAR

15 16 4 6 3 10 21 18 1 26 27 8 5 0 7 20 9 14 13 23 2 22 11 19 17 12 25 24 
0 13
1 8
2 20
3 4
4 2
5 12
6 3
7 14
8 11
9 16
10 5
11 22
12 25
13 18
14 17
15 0
16 1
17 24
18 7
19 23
20 15
21 6
22 21
23 19
24 27
25 26
26 9
27 10
SIMILAR

15 17 26 7 14 25 0 3 13 22 6 12 16 8 11 27 20 1 9 10 21 19 18 4 23 24 2 5 
0 6
1 17
2 26
3 7
4 23
5 27
6 10
7 3
8 13
9 18
10 19
11 14
12 11
13 8
14 4
15 0
16 12
17 1
18 22
19 21
20 16
21 20
22 9
23 24
24 25
25 5
26 2
27 15
SIMILAR

4 18 15 2 26 12 5 24 22 3 1 21 6 10 16 7 17 13 14 27 23 20 11 9 8 19 25 0 
0 27
1 10
2 3
3 9
4 0
5 6
6 12
7 15
8 24
9 23
10 13
11 22
12 5
13 17
14 18
15 2
16 14
17 16
18 1
19 25
20 21
21 11
22 8
23 20
24 7
25 26
26 4
27 19
SIMILAR

5 4 9 23 25 14 19 10 20 0 27 26 15 8 11 7 13 21 6 2 16 17 22 3 24 12 1 18 
0 9
1 26
2 19
3 23
4 1
5 0
6 18
7 15
8 13
9 2
10 7
11 14
12 25
13 16
14 5
15 12
16 20
17 21
18 27
19 6
20 8
21 17
22 22
23 3
24 24
25 4
26 11
27 10
SIMILAR

13 22 20 26 2 1 21 19 16 10 8 15 24 6 9 17 3 4 23 12 27 0 18 14 25 7 5 11 
0 21
1 5
2 4
3 16
4 17
5 26
6 13
7 25
8 10
9 14
10 9
11 27
12 19
13 0
14 23
15 11
16 8
17 15
18 22
19 7
20 2
21 6
22 1
23 18
24 12
25 24
26 3
27 20
SIMILAR

7 24 8 16 27 26 1 0 18 25 15 21 4 22 2 10 5 11 6 23 12 9 17 3 20 19 13 14 
0 7
1 6
2 14
3 23
4 12
5 16
6 18
7 0
8 2
9 21
10 15
11 17
12 20
13 26
14 27
15 10
16 3
17 22
18 8
19 25
20 24
21 11
22 13
23 19
24 1
25 9
26 5
27 4
SIMILAR

15 26 0 22 1 23 5 9 21 16 17 4 3 27 20 11 25 10 6 12 18 8 14 2 19 7 24 13 
0 2
1 4
2 23
3 12
4 11
5 6
6 18
7 25
8 21
9 7
10 17
11 15
12 19
13 27
14 22
15 0
16 9
17 10
18 20
19 24
20 14
21 8
22 3
23 5
24 26
25 16
26 1
27 13
SIMILAR

1 24 19 16 10 0 11 7 8 14 23 5 15 13 17 9 22 25 3 2 21 4 6 26 20 12 27 18 
0 5
1 0
2 19
3 18
4 21
5 11
6 22
7 7
8 8
9 15
10 4
11 6
12 25
13 13
14 9
15 12
16 3
17 14
18 27
19 2
20 24
21 20
22 16
23 10
24 1
25 17
26 23
27 26
SIMILAR

2 7 0 20 22 17 23 3 16 15 25 12 6 4 14 5 19 1 26 27 13 10 18 8 9 21 11 24 
0 2
1 17
2 0
3 7
4 13
5 15
6 12
7 1
8 23
9 24
10 21
11 26
12 11
13 20
14 14
15 9
16 8
17 5
18 22
19 16
20 3
21 25
22 4
23 6
24 27
25 10
26 18
27 19
SIMILAR

12 18 4 6 10 17 5 0 27 25 11 15 20 14 13 19 24 1 23 21 22 7 16 2 26 8 3 9 
0 7
1 17
2 23
3 26
4 2
5 6
6 3
7 21
8 25
9 27
10 4
11 10
12 0
13 14
14 13
15 11
16 22
17 5
18 1
19 15
20 12
21 19
22 20
23 18
24 16
25 9
26 24
27 8
SIMILAR

2 14 25 1 9 18 21 27 0 26 19 22 20 7 3 8 4 24 5 12 10 16 6 17 15 13 11 23 
0 8
1 3
2 0
3 14
4 16
5 18
6 22
7 13
8 15
9 4
10 20
11 26
12 19
13 25
14 1
15 24
16 21
17 23
18 5
19 10
20 12
21 6
22 11
23 27
24 17
25 2
26 9
27 7
SIMILAR

23 1 22 4 27 6 15 17 13 18 19 2 11 10 20 21 8 3 24 26 9 16 12 0 5 14 7 25 
0 23
1 1
2 11
3 17
4 3
5 24
6 5
7 26
8 16
9 20
10 13
11 12
12 22
13 8
14 25
15 6
16 21
17 7
18 9
19 10
20 14
21 15
22 2
23 0
24 18
25 27
26 19
27 4
SIMILAR

26 20 13 18 11 27 4 24 9 17 7 0 16 1 22 23 10 6 19 14 2 25 3 15 12 5 21 8 
0 11
1 13
2 20
3 22
4 6
5 25
6 17
7 10
8 27
9 8
10 16
11 4
12 24
13 2
14 19
15 23
16 12
17 9
18 3
19 18
20 1
21 26
22 14
23 15
24 7
25 21
26 0
27 5
SIMILAR

16 17 23 10 21 5 26 2 4 22 12 14 1 13 18 11 8 24 15 27 25 19 6 9 0 7 20 3 
0 24
1 12
2 7
3 27
4 8
5 5
6 22
7 25
8 16
9 23
10 3
11 15
12 10
13 13
14 11
15 18
16 0
17 1
18 14
19 21
20 26
21 4
22 9
23 2
24 17
25 20
26 6
27 19
SIMILAR

0 18 21 11 10 12 26 13 4 9 8 5 2 19 16 3 24 20 1 15 7 23 22 14 17 25 6 27 
0 0
1 18
2 12
3 15
4 8
5 11
6 26
7 20
8 10
9 9
10 4
11 3
12 5
13 7
14 23
15 19
16 14
17 24
18 1
19 13
20 17
21 2
22 22
23 21
24 16
25 25
26 6
27 27
SIMILAR

5 11 15 13 22 16 4 8 17 20 26 0 3 14 9 27 1 6 21 12 19 24 23 18 10 25 2 7 
0 11
1 16
2 26
3 12
4 6
5 0
6 17
7 27
8 7
9 14
10 24
11 1
12 19
13 3
14 13
15 2
16 5
17 8
18 23
19 20
20 9
21 18
22 4
23 22
24 21
25 25
26 10
27 15
SIMILAR

23 25 8 14 5 1 18 11 16 20 2 22 9 19 0 10 12 6 15 27 17 4 13 26 24 21 7 3 
0 14
1 5
2 10
3 27
4 21
5 4
6 17
7 26
8 2
9 12
10 15
11 7
12 16
13 22
14 3
15 18
16 8
17 20
18 6
19 13
20 9
21 25
22 11
23 0
24 24
25 1
26 23
27 19
SIMILAR

21 27 16 9 17 3 2 22 7 20 23 15 25 6 24 8 0 13 14 1 11 4 10 5 19 26 12 18 
0 16
1 19
2 6
3 5
4 21
5 23
6 13
7 8
8 15
9 3
10 22
11 20
12 26
13 17
14 18
15 11
16 2
17 4
18 27
19 24
20 9
21 0
22 7
23 10
24 14
25 12
26 25
27 1
SIMILAR

12 20 4 10 1 18 14 0 2 3 19 9 22 26 24 17 6 11 8 21 13 23 15 16 5 27 7 25 
0 7
1 4
2 8
3 9
4 2
5 24
6 16
7 26
8 18
9 11
10 3
11 17
12 0
13 20
14 6
15 22
16 23
17 15
18 5
19 10
20 1
21 19
22 12
23 21
24 14
25 27
26 13
27 25
SIMILAR

2 13 9 4 26 25 17 20 0 3 18 8 27 1 21 23 12 24 14 10 19 5 22 6 15 7 16 11 
0 8
1 13
2 0
3 9
4 3
5 21
6 23
7 25
8 11
9 2
10 19
11 27
12 16
13 1
14 18
15 24
16 26
17 6
18 10
19 20
20 7
21 14
22 22
23 15
24 17
25 5
26 4
27 12
SIMILAR

11 15 16 17 21 24 2 1 23 12 27 25 3 26 20 13 14 4 19 6 5 18 7 22 0 9 10 8 
0 24
1 7
2 6
3 12
4 17
5 20
6 19
7 22
8 27
9 25
10 26
11 0
12 9
13 15
14 16
15 1
16 2
17 3
18 21
19 18
20 14
21 4
22 23
23 8
24 5
25 11
26 13
27 10
SIMILAR

1 7 5 27 26 21 24 25 13 2 14 11 23 8 3 9 15 6 4 17 20 22 10 18 0 16 19 12 
0 24
1 0
2 9
3 14
4 18
5 2
6 17
7 1
8 13
9 15
10 22
11 11
12 27
13 8
14 10
15 16
16 25
17 19
18 23
19 26
20 20
21 5
22 21
23 12
24 6
25 7
26 4
27 3
SIMILAR

18 4 15 27 0 10 26 14 3 25 6 24 17 13 11 1 9 16 5 23 8 22 2 7 12 21 20 19 
0 4
1 15
2 22
3 8
4 1
5 18
6 10
7 23
8 20
9 16
10 5
11 14
12 24
13 13
14 7
15 2
16 17
17 12
18 0
19 27
20 26
21 25
22 21
23 19
24 11
25 9
26 6
27 3
SIMILAR

11 7 18 24 3 15 12 21 2 6 17 1 9 4 0 13 19 5 14 22 26 10 23 16 27 8 20 25 
0 14
1 11
2 8
3 4
4 13
5 17
6 9
7 1
8 25
9 12
10 21
11 0
12 6
13 15
14 18
15 5
16 23
17 10
18 2
19 16
20 26
21 7
22 19
23 22
24 3
25 27
26 20
27 24
SIMILAR

26 3 15 9 10 20 4 13 14 18 2 23 5 25 24 19 1 16 6 7 27 8 17 21 11 22 0 12 
0 26
1 16
2 10
3 1
4 6
5 12
6 18
7 19
8 21
9 3
10 4
11 24
12 27
13 7
14 8
15 2
16 17
17 22
18 9
19 15
20 5
21 23
22 25
23 11
24 14
25 13
26 0
27 20
SIMILAR

12 21 26 19 20 5 17 11 23 18 6 13 16 27 7 0 3 9 22 24 2 25 10 4 14 15 8 1 
0 15
1 27
2 20
3 16
4 23
5 5
6 10
7 14
8 26
9 17
10 22
11 7
12 0
13 11
14 24
15 25
16 12
17 6
18 9
19 3
20 4
21 1
22 18
23 8
24 19
25 21
26 2
27 13
SIMILAR

20 27 4 15 9 22 13 2 24 14 19 3 23 18 25 0 5 26 1 6 17 8 10 21 16 11 12 7 
0 15
1 18
2 7
3 11
4 2
5 16
6 19
7 27
8 21
9 4
10 22
11 25
12 26
13 6
14 9
15 3
16 24
17 20
18 13
19 10
20 0
21 23
22 5
23 12
24 8
25 14
26 17
27 1
SIMILAR

25 12 14 15 16 6 5 20 4 9 13 26 17 0 11 10 3 21 23 22 2 27 1 7 19 18 24 8 
0 13
1 22
2 20
3 16
4 8
5 6
6 5
7 23
8 27
9 9
10 15
11 14
12 1
13 10
14 2
15 3
16 4
17 12
18 25
19 24
20 7
21 17
22 19
23 18
24 26
25 0
26 11
27 21
SIMILAR

8 10 16 11 15 12 19 14 23 9 5 13 20 24 25 26 3 27 18 4 1 7 0 22 2 17 6 21 
0 22
1 20
2 24
3 16
4 19
5 10
6 26
7 21
8 0
9 9
10 1
11 3
12 5
13 11
14 7
15 4
16 2
17 25
18 18
19 6
20 12
21 27
22 23
23 8
24 13
25 14
26 15
27 17
SIMILAR

18 24 16 0 15 23 2 8 10 9 21 4 20 7 13 27 19 5 11 14 22 3 17 26 1 25 12 6 
0 3
1 24
2 6
3 21
4 11
5 17
6 27
7 13
8 7
9 9
10 8
11 18
12 26
13 14
14 19
15 4
16 2
17 22
18 0
19 16
20 12
21 10
22 20
23 5
24 1
25 25
26 23
27 15
SIMILAR

24 10 9 16 6 7 13 26 22 20 8 17 0 15 2 1 5 3 21 19 12 18 14 23 25 11 27 4 
0 12
1 15
2 14
3 17
4 27
5 16
6 4
7 5
8 10
9 2
10 1
11 25
12 20
13 6
14 22
15 13
16 3
17 11
18 21
19 19
20 9
21 18
22 8
23 23
24 0
25 24
26 7
27 26
SIMILAR

8 9 18 3 21 1 16 13 22 17 5 26 7 6 27 14 25 11 19 4 10 0 15 12 20 23 2 24 
0 21
1 5
2 26
3 3
4 19
5 10
6 13
7 12
8 0
9 1
10 20
11 17
12 23
13 7
14 15
15 22
16 6
17 9
18 2
19 18
20 24
21 4
22 8
23 25
24 27
25 16
26 11
27 14
SIMILAR

3 21 0 13 11 26 10 1 14 12 24 5 4 20 17 19 2 22 16 7 27 8 18 23 15 9 6 25 
0 2
1 7
2 16
3 0
4 12
5 11
6 26
7 19
8 21
9 25
10 6
11 4
12 9
13 3
14 8
15 24
16 18
17 14
18 22
19 15
20 13
21 1
22 17
23 23
24 10
25 27
26 5
27 20
SIMILAR

0 21 1 7 16 25 17 5 6 3 20 15 27 14 8 4 13 10 23 18 12 24 22 2 11 9 19 26 
0 0
1 2
2 23
3 9
4 15
5 7
6 8
7 3
8 14
9 25
10 17
11 24
12 20
13 16
14 13
15 11
16 4
17 6
18 19
19 26
20 10
21 1
22 22
23 18
24 21
25 5
26 27
27 12
SIMILAR

0 18 11 4 20 8 16 22 17 25 15 1 12 9 21 13 7 2 27 10 5 26 14 3 19 24 23 6 
0 0
1 11
2 17
3 23
4 3
5 20
6 27
7 16
8 5
9 13
10 19
11 2
12 12
13 15
14 22
15 10
16 6
17 8
18 1
19 24
20 4
21 14
22 7
23 26
24 25
25 9
26 21
27 18
SIMILAR

13 17 2 27 10 20 7 8 23 11 4 5 15 14 18 24 25 22 26 6 12 9 16 21 1 3 19 0 
0 27
1 24
2 2
3 25
4 10
5 11
6 19
7 6
8 7
9 21
10 4
11 9
12 20
13 0
14 13
15 12
16 22
17 1
18 14
19 26
20 5
21 23
22 17
23 8
24 15
25 16
26 18
27 3
SIMILAR

22 20 16 2 9 3 17 24 15 21 5 10 11 19 25 13 23 4 18 27 8 0 14 26 1 7 6 12 
0 21
1 24
2 3
3 5
4 17
5 10
6 26
7 25
8 20
9 4
10 11
11 12
12 27
13 15
14 22
15 8
16 2
17 6
18 18
19 13
20 1
21 9
22 0
23 16
24 7
25 14
26 23
27 19
SIMILAR

14 15 17 2 9 20 6 19 23 25 26 7 21 8 18 3 10 13 4 24 16 0 27 22 12 11 5 1 
0 21
1 27
2 3
3 15
4 18
5 26
6 6
7 11
8 13
9 4
10 16
11 25
12 24
13 17
14 0
15 1
16 20
17 2
18 14
19 7
20 5
21 12
22 23
23 8
24 19
25 9
26 10
27 22
SIMILAR

13 18 20 5 10 26 21 2 9 24 6 27 8 7 15 17 23 12 0 3 19 16 25 22 11 4 14 1 
0 18
1 27
2 7
3 19
4 25
5 3
6 10
7 13
8 12
9 8
10 4
11 24
12 17
13 0
14 26
15 14
16 21
17 15
18 1
19 20
20 2
21 6
22 23
23 16
24 9
25 22
26 5
27 11
SIMILAR

9 8 26 15 4 6 3 12 27 11 24 17 21 19 20 13 16 14 25 1 0 10 5 18 23 2 7 22 
0 20
1 19
2 25
3 6
4 4
5 22
6 5
7 26
8 1
9 0
10 21
11 9
12 7
13 15
14 17
15 3
16 16
17 11
18 23
19 13
20 14
21 12
22 27
23 24
24 10
25 18
26 2
27 8
SIMILAR

25 13 24 8 4 21 11 9 2 27 6 18 0 5 17 1 7 12 14 23 19 3 16 22 20 26 10 15 
0 12
1 15
2 8
3 21
4 4
5 13
6 10
7 16
8 3
9 7
10 26
11 6
12 17
13 1
14 18
15 27
16 22
17 14
18 11
19 20
20 24
21 5
22 23
23 19
24 2
25 0
26 25
27 9
SIMILAR

26 10 15 4 7 25 12 23 21 20 18 1 2 3 27 13 16 24 19 5 8 0 9 6 14 11 22 17 
0 21
1 11
2 12
3 13
4 3
5 19
6 23
7 4
8 20
9 22
10 1
11 25
12 6
13 15
14 24
15 2
16 16
17 27
18 10
19 18
20 9
21 8
22 26
23 7
24 17
25 5
26 0
27 14
SIMILAR

27 21 23 4 13 14 26 19 5 17 16 24 0 1 12 3 18 6 11 2 10 20 9 7 22 25 15 8 
0 12
1 13
2 19
3 15
4 3
5 8
6 17
7 23
8 27
9 22
10 20
11 18
12 14
13 4
14 5
15 26
16 10
17 9
18 16
19 7
20 21
21 1
22 24
23 2
24 11
25 25
26 6
27 0
SIMILAR

7 4 6 27 19 14 12 23 24 25 18 22 16 1 9 0 17 20 13 15 2 8 5 10 21 11 26 3 
0 15
1 13
2 20
3 27
4 1
5 22
6 2
7 0
8 21
9 14
10 23
11 25
12 6
13 18
14 5
15 19
16 12
17 16
18 10
19 4
20 17
21 24
22 11
23 7
24 8
25 9
26 26
27 3
SIMILAR

20 23 7 24 13 21 0 16 15 12 18 14 2 6 5 10 26 3 22 19 25 17 27 9 1 4 8 11 
0 6
1 24
2 12
3 17
4 25
5 14
6 13
7 2
8 26
9 23
10 15
11 27
12 9
13 4
14 11
15 8
16 7
17 21
18 10
19 19
20 0
21 5
22 18
23 1
24 3
25 20
26 16
27 22
SIMILAR

4 27 21 8 7 0 19 23 2 20 6 11 5 14 1 25 16 17 9 12 18 24 15 3 13 26 22 10 
0 5
1 14
2 8
3 23
4 0
5 12
6 10
7 4
8 3
9 18
10 27
11 11
12 19
13 24
14 13
15 22
16 16
17 17
18 20
19 6
20 9
21 2
22 26
23 7
24 21
25 15
26 25
27 1
SIMILAR

11 22 26 25 17 23 10 4 1 19 5 9 13 16 27 3 2 20 21 24 14 7 18 15 0 12 8 6 
0 24
1 8
2 16
3 15
4 7
5 10
6 27
7 21
8 26
9 11
10 6
11 0
12 25
13 12
14 20
15 23
16 13
17 4
18 22
19 9
20 17
21 18
22 1
23 5
24 19
25 3
26 2
27 14
SIMILAR

1 25 27 26 7 18 20 9 24 13 2 23 16 15 6 10 17 19 4 5 3 21 12 8 11 14 22 0 
0 27
1 0
2 10
3 20
4 18
5 19
6 14
7 4
8 23
9 7
10 15
11 24
12 22
13 9
14 25
15 13
16 12
17 16
18 5
19 17
20 6
21 21
22 26
23 11
24 8
25 1
26 3
27 2
SIMILAR

9 11 6 18 0 15 7 22 17 12 20 10 8 4 14 21 13 24 16 23 26 3 27 1 2 19 5 25 
0 4
1 23
2 24
3 21
4 13
5 26
6 2
7 6
8 12
9 0
10 11
11 1
12 9
13 16
14 14
15 5
16 18
17 8
18 3
19 25
20 10
21 15
22 7
23 19
24 17
25 27
26 20
27 22
SIMILAR

27 24 25 7 15 21 5 13 3 11 17 10 18 4 16 22 20 12 19 26 6 14 1 0 9 23 2 8 
0 23
1 22
2 26
3 8
4 13
5 6
6 20
7 3
8 27
9 24
10 11
11 9
12 17
13 7
14 21
15 4
16 14
17 10
18 12
19 18
20 16
21 5
22 15
23 25
24 1
25 2
26 19
27 0
SIMILAR

6 5 13 8 27 18 3 11 23 10 14 26 4 12 9 17 25 20 15 1 0 2 16 7 21 22 19 24 
0 20
1 19
2 21
3 6
4 12
5 1
6 0
7 23
8 3
9 14
10 9
11 7
12 13
13 2
14 10
15 18
16 22
17 15
18 5
19 26
20 17
21 24
22 25
23 8
24 27
25 16
26 11
27 4
SIMILAR

4 10 0 20 2 19 8 26 18 25 21 16 17 11 15 23 13 3 6 22 24 5 7 12 14 27 1 9 
0 2
1 26
2 4
3 17
4 0
5 21
6 18
7 22
8 6
9 27
10 1
11 13
12 23
13 16
14 24
15 14
16 11
17 12
18 8
19 5
20 3
21 10
22 19
23 15
24 20
25 9
26 7
27 25
SIMILAR

4 11 7 14 22 6 12 0 9 1 18 3 2 24 20 26 17 27 5 19 25 23 21 13 16 15 10 8 
0 7
1 9
2 12
3 11
4 0
5 18
6 5
7 2
8 27
9 8
10 26
11 1
12 6
13 23
14 3
15 25
16 24
17 16
18 10
19 19
20 14
21 22
22 4
23 21
24 13
25 20
26 15
27 17
SIMILAR

2 27 11 6 15 4 8 21 24 20 14 9 7 26 5 10 19 0 12 1 23 25 16 13 17 18 22 3 
0 17
1 19
2 0
3 27
4 5
5 14
6 3
7 12
8 6
9 11
10 15
11 2
12 18
13 23
14 10
15 4
16 22
17 24
18 25
19 16
20 9
21 7
22 26
23 20
24 8
25 21
26 13
27 1
SIMILAR

11 15 19 12 26 14 9 18 16 6 13 21 5 24 22 17 2 7 25 20 3 1 4 27 10 0 8 23 
0 25
1 21
2 16
3 20
4 22
5 12
6 9
7 17
8 26
9 6
10 24
11 0
12 3
13 10
14 5
15 1
16 8
17 15
18 7
19 2
20 19
21 11
22 14
23 27
24 13
25 18
26 4
27 23
SIMILAR

10 9 1 21 20 12 19 3 16 0 18 6 26 27 5 4 13 11 23 8 25 22 7 15 17 2 14 24 
0 9
1 2
2 25
3 7
4 15
5 14
6 11
7 22
8 19
9 1
10 0
11 17
12 5
13 16
14 26
15 23
16 8
17 24
18 10
19 6
20 4
21 3
22 21
23 18
24 27
25 20
26 12
27 13
SIMILAR

11 10 20 1 8 27 9 21 16 6 12 19 15 14 13 26 25 0 7 18 2 23 24 4 3 17 5 22 
0 17
1 3
2 20
3 24
4 23
5 26
6 9
7 18
8 4
9 6
10 1
11 0
12 10
13 14
14 13
15 12
16 8
17 25
18 19
19 11
20 2
21 7
22 27
23 21
24 22
25 16
26 15
27 5
SIMILAR

21 1 8 18 16 20 10 26 2 19 25 13 14 4 23 11 15 3 27 6 0 17 5 9 12 24 22 7 
0 20
1 1
2 8
3 17
4 13
5 22
6 19
7 27
8 2
9 23
10 6
11 15
12 24
13 11
14 12
15 16
16 4
17 21
18 3
19 9
20 5
21 0
22 26
23 14
24 25
25 10
26 7
27 18
SIMILAR

14 16 0 13 4 10 6 20 25 17 18 12 27 8 1 24 3 5 9 11 19 7 22 21 26 15 23 2 
0 2
1 14
2 27
3 16
4 4
5 17
6 6
7 21
8 13
9 18
10 5
11 19
12 11
13 3
14 0
15 25
16 1
17 9
18 10
19 20
20 7
21 23
22 22
23 26
24 15
25 8
26 24
27 12
SIMILAR

11 21 22 26 0 25 18 7 27 19 17 23 4 16 14 10 20 8 24 13 12 6 2 1 5 3 15 9 
0 4
1 23
2 22
3 25
4 12
5 24
6 21
7 7
8 17
9 27
10 15
11 0
12 20
13 19
14 14
15 26
16 13
17 10
18 6
19 9
20 16
21 1
22 2
23 11
24 18
25 5
26 3
27 8
SIMILAR
100 0
700 0
240700 0
