28
0 0 1 0 1 0 0 1 1 0 0 0 0 1 1 1 0 0 1 0 0 0 0 1 1 1 1 1 
0 0 1 0 0 0 1 0 0 1 0 1 1 1 0 0 1 1 1 0 1 1 0 0 1 1 1 0 
1 1 0 0 0 0 1 0 1 1 1 1 0 1 0 1 1 0 1 1 0 0 1 0 1 0 1 1 
0 0 0 0 1 0 0 0 0 0 0 0 1 0 1 1 0 0 1 0 0 0 0 0 1 1 0 1 
1 0 0 1 0 0 0 0 0 1 1 1 0 0 0 1 0 0 1 0 1 1 1 0 0 1 1 0 
0 0 0 0 0 0 1 1 0 0 1 1 0 0 0 0 0 1 0 1 1 0 1 0 0 0 1 0 
0 1 1 0 0 1 0 1 1 1 0 1 1 0 1 0 0 0 0 1 1 0 0 1 1 1 0 1 
1 0 0 0 0 1 1 0 1 0 0 1 0 0 0 0 0 0 1 0 1 0 0 0 1 1 0 0 
1 0 1 0 0 0 1 1 0 1 1 1 1 1 1 1 0 0 1 0 0 1 0 1 0 0 1 0 
0 1 1 0 1 0 1 0 1 0 1 0 0 1 1 1 1 0 0 1 1 1 1 0 1 1 1 1 
0 0 1 0 1 1 0 0 1 1 0 0 1 0 1 0 1 1 0 1 0 1 0 0 0 1 1 0 
0 1 1 0 1 1 1 1 1 0 0 0 1 1 0 0 0 1 1 0 1 0 1 0 1 0 0 1 
0 1 0 1 0 0 1 0 1 0 1 1 0 0 1 0 0 1 1 1 0 0 1 1 1 0 1 1 
1 1 1 0 0 0 0 0 1 1 0 1 0 0 0 0 1 0 0 0 1 0 0 0 1 1 0 0 
1 0 0 1 0 0 1 0 1 1 1 0 1 0 0 0 1 0 1 0 1 0 0 0 1 1 0 1 
1 0 1 1 1 0 0 0 1 1 0 0 0 0 0 0 0 0 0 1 1 0 0 0 1 1 0 1 
0 1 1 0 0 0 0 0 0 1 1 0 0 1 1 0 0 1 1 1 1 1 0 0 1 0 0 1 
0 1 0 0 0 1 0 0 0 0 1 1 1 0 0 0 1 0 1 0 1 1 0 1 1 1 0 0 
1 1 1 1 1 0 0 1 1 0 0 1 1 0 1 0 1 1 0 1 1 1 0 1 0 1 0 1 
0 0 1 0 0 1 1 0 0 1 1 0 1 0 0 1 1 0 1 0 1 1 1 0 1 0 0 1 
0 1 0 0 1 1 1 1 0 1 0 1 0 1 1 1 1 1 1 1 0 1 1 0 1 0 1 0 
0 1 0 0 1 0 0 0 1 1 1 0 0 0 0 0 1 1 1 1 1 0 0 0 1 1 0 1 
0 0 1 0 1 1 0 0 0 1 0 1 1 0 0 0 0 0 0 1 1 0 0 1 0 1 1 0 
1 0 0 0 0 0 1 0 1 0 0 0 1 0 0 0 0 1 1 0 0 0 1 0 1 0 1 1 
1 1 1 1 0 0 1 1 0 1 0 1 1 1 1 1 1 1 0 1 1 1 0 1 0 1 1 1 
1 1 0 1 1 0 1 1 0 1 1 0 0 1 1 1 0 1 1 0 0 1 1 0 1 0 0 1 
1 1 1 0 1 1 0 0 1 1 1 0 1 0 0 0 0 0 0 0 1 0 1 1 1 0 0 0 
1 0 1 1 0 0 1 0 0 1 0 1 1 0 1 1 1 0 1 1 0 1 0 1 1 1 0 0 

24 8 25 11 7 9 23 6 3 26 14 13 19 10 12 17 18 2 4 20 21 15 27 22 5 0 1 16 
0 25
1 26
2 17
3 8
4 18
5 24
6 7
7 4
8 1
9 5
10 13
11 3
12 14
13 11
14 10
15 21
16 27
17 15
18 16
19 12
20 19
21 20
22 23
23 6
24 0
25 2
26 9
27 22
SIMILAR

2 10 4 17 23 16 22 8 19 24 21 3 26 7 5 14 25 1 9 15 0 11 18 12 20 13 6 27 
0 20
1 17
2 0
3 11
4 2
5 14
6 26
7 13
8 7
9 18
10 1
11 21
12 23
13 25
14 15
15 19
16 5
17 3
18 22
19 8
20 24
21 10
22 6
23 4
24 9
25 16
26 12
27 27
SIMILAR

18 19 6 9 27 5 13 20 2 8 16 26 4 14 22 15 7 25 1 10 21 12 0 11 23 24 17 3 
0 22
1 18
2 8
3 27
4 12
5 5
6 2
7 16
8 9
9 3
10 19
11 23
12 21
13 6
14 13
15 15
16 10
17 26
18 0
19 1
20 7
21 20
22 14
23 24
24 25
25 17
26 11
27 4
SIMILAR

7 22 0 2 20 12 14 17 8 10 9 1 27 6 26 15 19 3 16 13 23 21 18 24 5 11 25 4 
0 2
1 11
2 3
3 17
4 27
5 24
6 13
7 0
8 8
9 10
10 9
11 25
12 5
13 19
14 6
15 15
16 18
17 7
18 22
19 16
20 4
21 21
22 1
23 20
24 23
25 26
26 14
27 12
SIMILAR

20 3 21 18 13 8 6 9 22 25 11 7 24 0 16 12 10 17 5 23 4 1 2 26 15 27 19 14 
0 13
1 21
2 22
3 1
4 20
5 18
6 6
7 11
8 5
9 7
10 16
11 10
12 15
13 4
14 27
15 24
16 14
17 17
18 3
19 26
20 0
21 2
22 8
23 19
24 12
25 9
26 23
27 25
SIMILAR

24 27 16 25 19 3 13 12 20 10 0 8 4 22 21 1 9 2 23 15 6 18 7 11 5 14 26 17 
0 10
1 15
2 17
3 5
4 12
5 24
6 20
7 22
8 11
9 16
10 9
11 23
12 7
13 6
14 25
15 19
16 2
17 27
18 21
19 4
20 8
21 14
22 13
23 18
24 0
25 3
26 26
27 1
SIMILAR

17 12 25 6 9 8 23 0 2 24 5 15 27 1 3 7 13 20 18 19 4 16 11 21 10 14 26 22 
0 7
1 13
2 8
3 14
4 20
5 10
6 3
7 15
8 5
9 4
10 24
11 22
12 1
13 16
14 25
15 11
16 21
17 0
18 18
19 19
20 17
21 23
22 27
23 6
24 9
25 2
26 26
27 12
SIMILAR

24 22 23 4 17 11 10 15 18 9 8 16 7 20 2 25 27 13 19 6 5 3 0 12 14 26 1 21 
0 22
1 26
2 14
3 21
4 3
5 20
6 19
7 12
8 10
9 9
10 6
11 5
12 23
13 17
14 24
15 7
16 11
17 4
18 8
19 18
20 13
21 27
22 1
23 2
24 0
25 15
26 25
27 16
SIMILAR

5 22 25 13 20 23 7 27 17 6 21 0 3 2 18 16 4 24 12 8 14 26 11 15 10 9 19 1 
0 11
1 27
2 13
3 12
4 16
5 0
6 9
7 6
8 19
9 25
10 24
11 22
12 18
13 3
14 20
15 23
16 15
17 8
18 14
19 26
20 4
21 10
22 1
23 5
24 17
25 2
26 21
27 7
SIMILAR

12 20 21 22 15 1 24 5 27 23 17 9 10 0 14 25 3 11 2 8 19 6 16 13 7 18 4 26 
0 13
1 5
2 18
3 16
4 26
5 7
6 21
7 24
8 19
9 11
10 12
11 17
12 0
13 23
14 14
15 4
16 22
17 10
18 25
19 20
20 1
21 2
22 3
23 9
24 6
25 15
26 27
27 8
SIMILAR

14 18 23 4 3 0 10 1 5 13 17 15 12 11 22 25 24 26 2 21 7 16 8 9 20 27 19 6 
0 5
1 7
2 18
3 4
4 3
5 8
6 27
7 20
8 22
9 23
10 6
11 13
12 12
13 9
14 0
15 11
16 21
17 10
18 1
19 26
20 24
21 19
22 14
23 2
24 16
25 15
26 17
27 25
SIMILAR

8 9 14 6 20 19 7 2 21 15 23 27 5 10 12 16 18 22 25 0 13 3 4 1 24 11 26 17 
0 19
1 23
2 7
3 21
4 22
5 12
6 3
7 6
8 0
9 1
10 13
11 25
12 14
13 20
14 2
15 9
16 15
17 27
18 16
19 5
20 4
21 8
22 17
23 10
24 24
25 18
26 26
27 11
SIMILAR

4 6 9 11 21 2 1 22 27 16 23 17 7 5 15 20 10 14 3 26 18 0 12 8 25 19 24 13 
0 21
1 6
2 5
3 18
4 0
5 13
6 1
7 12
8 23
9 2
10 16
11 3
12 22
13 27
14 17
15 14
16 9
17 11
18 20
19 25
20 15
21 4
22 7
23 10
24 26
25 24
26 19
27 8
SIMILAR

8 5 9 25 7 18 1 14 27 4 10 15 16 23 17 21 2 12 11 19 6 0 26 20 22 3 13 24 
0 21
1 6
2 16
3 25
4 9
5 1
6 20
7 4
8 0
9 2
10 10
11 18
12 17
13 26
14 7
15 11
16 12
17 14
18 5
19 19
20 23
21 15
22 24
23 13
24 27
25 3
26 22
27 8
SIMILAR

6 20 1 15 26 27 10 5 9 4 22 23 0 8 7 12 2 16 24 25 18 3 17 14 13 11 21 19 
0 12
1 2
2 16
3 21
4 9
5 7
6 0
7 14
8 13
9 8
10 6
11 25
12 15
13 24
14 23
15 3
16 17
17 22
18 20
19 27
20 1
21 26
22 10
23 11
24 18
25 19
26 4
27 5
SIMILAR

7 16 25 3 6 23 10 24 2 11 8 19 22 21 18 15 9 4 13 17 27 26 5 0 20 12 1 14 
0 23
1 26
2 8
3 3
4 17
5 22
6 4
7 0
8 10
9 16
10 6
11 9
12 25
13 18
14 27
15 15
16 1
17 19
18 14
19 11
20 24
21 13
22 12
23 5
24 7
25 2
26 21
27 20
SIMILAR

16 3 5 0 2 26 12 24 13 1 7 22 25 18 23 20 10 19 11 8 14 17 9 6 4 21 15 27 
0 3
1 9
2 4
3 1
4 24
5 2
6 23
7 10
8 19
9 22
10 16
11 18
12 6
13 8
14 20
15 26
16 0
17 21
18 13
19 17
20 15
21 25
22 11
23 14
24 7
25 12
26 5
27 27
SIMILAR

5 26 4 8 18 20 19 0 21 24 13 9 14 16 23 2 15 12 10 3 1 25 11 6 7 22 27 17 
0 7
1 20
2 15
3 19
4 2
5 0
6 23
7 24
8 3
9 11
10 18
11 22
12 17
13 10
14 12
15 16
16 13
17 27
18 4
19 6
20 5
21 8
22 25
23 14
24 9
25 21
26 1
27 26
SIMILAR

3 15 1 5 4 24 27 12 18 26 21 10 16 13 6 22 14 20 0 7 25 11 9 2 23 8 17 19 
0 18
1 2
2 23
3 0
4 4
5 3
6 14
7 19
8 25
9 22
10 11
11 21
12 7
13 13
14 16
15 1
16 12
17 26
18 8
19 27
20 17
21 10
22 15
23 24
24 5
25 20
26 9
27 6
SIMILAR

22 19 25 18 23 7 3 11 16 10 1 9 6 12 26 20 13 17 4 15 2 27 14 24 21 5 8 0 
0 27
1 10
2 20
3 6
4 18
5 25
6 12
7 5
8 26
9 11
10 9
11 7
12 13
13 16
14 22
15 19
16 8
17 17
18 3
19 1
20 15
21 24
22 0
23 4
24 23
25 2
26 14
27 21
SIMILAR

21 26 17 11 27 16 8 6 19 25 5 22 13 9 15 12 20 4 0 1 2 18 7 3 24 14 23 10 
0 18
1 19
2 20
3 23
4 17
5 10
6 7
7 22
8 6
9 13
10 27
11 3
12 15
13 12
14 25
15 14
16 5
17 2
18 21
19 8
20 16
21 0
22 11
23 26
24 24
25 9
26 1
27 4
SIMILAR

1 15 6 19 10 13 22 16 26 12 8 4 18 9 7 11 5 27 0 14 17 25 2 3 24 20 23 21 
0 18
1 0
2 22
3 23
4 11
5 16
6 2
7 14
8 10
9 13
10 4
11 15
12 9
13 5
14 19
15 1
16 7
17 20
18 12
19 3
20 25
21 27
22 6
23 26
24 24
25 21
26 8
27 17
SIMILAR

19 13 16 6 12 22 3 25 2 11 9 15 18 26 10 24 0 1 4 20 5 21 8 23 7 27 14 17 
0 16
1 17
2 8
3 6
4 18
5 20
6 3
7 24
8 22
9 10
10 14
11 9
12 4
13 1
14 26
15 11
16 2
17 27
18 12
19 0
20 19
21 21
22 5
23 23
24 15
25 7
26 13
27 25
SIMILAR

5 21 23 22 26 0 19 2 8 17 10 27 24 12 20 9 15 4 25 7 3 11 13 16 1 18 14 6 
0 5
1 24
2 7
3 20
4 17
5 0
6 27
7 19
8 8
9 15
10 10
11 21
12 13
13 22
14 26
15 16
16 23
17 9
18 25
19 6
20 14
21 1
22 3
23 2
24 12
25 18
26 4
27 11
SIMILAR

13 1 7 16 3 22 10 6 18 14 17 2 5 12 8 15 21 24 27 23 25 20 11 0 19 4 9 26 
0 23
1 1
2 11
3 4
4 25
5 12
6 7
7 2
8 14
9 26
10 6
11 22
12 13
13 0
14 9
15 15
16 3
17 10
18 8
19 24
20 21
21 16
22 5
23 19
24 17
25 20
26 27
27 18
SIMILAR

1 18 6 5 17 10 25 22 27 26 24 20 0 2 3 4 14 16 12 8 13 11 19 9 7 23 15 21 
0 12
1 0
2 13
3 14
4 15
5 3
6 2
7 24
8 19
9 23
10 5
11 21
12 18
13 20
14 16
15 26
16 17
17 4
18 1
19 22
20 11
21 27
22 7
23 25
24 10
25 6
26 9
27 8
SIMILAR

26 6 15 22 11 5 0 23 21 9 3 27 14 8 25 10 18 17 16 13 2 7 20 24 12 19 4 1 
0 6
1 27
2 20
3 10
4 26
5 5
6 1
7 21
8 13
9 9
10 15
11 4
12 24
13 19
14 12
15 2
16 18
17 17
18 16
19 25
20 22
21 8
22 3
23 7
24 23
25 14
26 0
27 11
SIMILAR

0 7 2 14 20 12 10 1 13 9 11 3 21 22 15 16 26 4 6 25 8 19 24 27 18 17 5 23 
0 0
1 7
2 2
3 11
4 17
5 26
6 18
7 1
8 20
9 9
10 6
11 10
12 5
13 8
14 3
15 14
16 15
17 25
18 24
19 21
20 4
21 12
22 13
23 27
24 22
25 19
26 16
27 23
SIMILAR

18 3 4 5 6 24 19 8 11 1 12 2 27 20 26 9 15 13 7 14 25 23 21 17 0 10 16 22 
0 24
1 9
2 11
3 1
4 2
5 3
6 4
7 18
8 7
9 15
10 25
11 8
12 10
13 17
14 19
15 16
16 26
17 23
18 0
19 6
20 13
21 22
22 27
23 21
24 5
25 20
26 14
27 12
SIMILAR

4 2 23 0 8 17 18 25 15 9 22 14 12 7 19 5 27 21 24 6 10 3 16 13 20 11 26 1 
0 3
1 27
2 1
3 21
4 0
5 15
6 19
7 13
8 4
9 9
10 20
11 25
12 12
13 23
14 11
15 8
16 22
17 5
18 6
19 14
20 24
21 17
22 10
23 2
24 18
25 7
26 26
27 16
SIMILAR

22 1 4 2 5 27 8 23 0 26 20 6 25 21 16 9 18 15 24 19 14 10 13 12 11 7 17 3 
0 8
1 1
2 3
3 27
4 2
5 4
6 11
7 25
8 6
9 15
10 21
11 24
12 23
13 22
14 20
15 17
16 14
17 26
18 16
19 19
20 10
21 13
22 0
23 7
24 18
25 12
26 9
27 5
SIMILAR

22 5 14 0 17 9 12 23 8 1 7 10 21 15 27 24 26 25 13 19 16 4 11 2 20 6 3 18 
0 3
1 9
2 23
3 26
4 21
5 1
6 25
7 10
8 8
9 5
10 11
11 22
12 6
13 18
14 2
15 13
16 20
17 4
18 27
19 19
20 24
21 12
22 0
23 7
24 15
25 17
26 16
27 14
SIMILAR

8 5 0 7 26 21 16 20 18 17 11 24 4 23 14 10 15 9 22 2 25 3 1 19 27 13 12 6 
0 2
1 22
2 19
3 21
4 12
5 1
6 27
7 3
8 0
9 17
10 15
11 10
12 26
13 25
14 14
15 16
16 6
17 9
18 8
19 23
20 7
21 5
22 18
23 13
24 11
25 20
26 4
27 24
SIMILAR

17 13 27 9 4 20 2 16 3 1 21 11 18 26 15 24 19 14 6 10 23 25 5 22 7 12 8 0 
0 27
1 9
2 6
3 8
4 4
5 22
6 18
7 24
8 26
9 3
10 19
11 11
12 25
13 1
14 17
15 14
16 7
17 0
18 12
19 16
20 5
21 10
22 23
23 20
24 15
25 21
26 13
27 2
SIMILAR

21 26 0 4 23 11 1 22 27 3 20 12 25 14 19 9 16 17 2 15 18 6 5 13 7 24 8 10 
0 2
1 6
2 18
3 9
4 3
5 22
6 21
7 24
8 26
9 15
10 27
11 5
12 11
13 23
14 13
15 19
16 16
17 17
18 20
19 14
20 10
21 0
22 7
23 4
24 25
25 12
26 1
27 8
SIMILAR

14 0 7 21 12 20 23 4 1 2 13 25 17 22 10 5 19 18 11 26 6 9 24 15 16 8 27 3 
0 1
1 8
2 9
3 27
4 7
5 15
6 20
7 2
8 25
9 21
10 14
11 18
12 4
13 10
14 0
15 23
16 24
17 12
18 17
19 16
20 5
21 3
22 13
23 6
24 22
25 11
26 19
27 26
SIMILAR

6 22 16 9 10 4 3 13 8 5 18 12 21 27 7 14 25 11 15 0 1 17 23 24 2 20 26 19 
0 19
1 20
2 24
3 6
4 5
5 9
6 0
7 14
8 8
9 3
10 4
11 17
12 11
13 7
14 15
15 18
16 2
17 21
18 10
19 27
20 25
21 12
22 1
23 22
24 23
25 16
26 26
27 13
SIMILAR

6 21 9 24 13 25 26 2 0 3 4 12 20 5 14 27 10 11 16 22 1 18 7 17 19 8 23 15 
0 8
1 20
2 7
3 9
4 10
5 13
6 0
7 22
8 25
9 2
10 16
11 17
12 11
13 4
14 14
15 27
16 18
17 23
18 21
19 24
20 12
21 1
22 19
23 26
24 3
25 5
26 6
27 15
SIMILAR

18 17 11 5 16 7 0 21 14 27 6 23 10 19 4 20 25 13 9 26 12 3 22 8 2 1 24 15 
0 6
1 25
2 24
3 21
4 14
5 3
6 10
7 5
8 23
9 18
10 12
11 2
12 20
13 17
14 8
15 27
16 4
17 1
18 0
19 13
20 15
21 7
22 22
23 11
24 26
25 16
26 19
27 9
SIMILAR

3 5 14 17 13 22 2 19 21 8 6 23 11 7 27 1 9 4 26 10 20 0 18 25 24 12 15 16 
0 21
1 15
2 6
3 0
4 17
5 1
6 10
7 13
8 9
9 16
10 19
11 12
12 25
13 4
14 2
15 26
16 27
17 3
18 22
19 7
20 20
21 8
22 5
23 11
24 24
25 23
26 18
27 14
SIMILAR

7 15 10 5 27 19 0 8 26 23 12 14 16 2 20 17 21 11 1 13 9 6 25 3 24 22 18 4 
0 6
1 18
2 13
3 23
4 27
5 3
6 21
7 0
8 7
9 20
10 2
11 17
12 10
13 19
14 11
15 1
16 12
17 15
18 26
19 5
20 14
21 16
22 25
23 9
24 24
25 22
26 8
27 4
SIMILAR

1 17 25 9 26 0 3 14 22 19 24 23 18 4 11 13 21 15 12 20 7 16 8 10 6 27 5 2 
0 5
1 0
2 27
3 6
4 13
5 26
6 24
7 20
8 22
9 3
10 23
11 14
12 18
13 15
14 7
15 17
16 21
17 1
18 12
19 9
20 19
21 16
22 8
23 11
24 10
25 2
26 4
27 25
SIMILAR

14 11 12 15 1 9 0 24 8 21 26 23 13 6 27 16 5 25 19 17 4 20 10 7 18 3 2 22 
0 6
1 4
2 26
3 25
4 20
5 16
6 13
7 23
8 8
9 5
10 22
11 1
12 2
13 12
14 0
15 3
16 15
17 19
18 24
19 18
20 21
21 9
22 27
23 11
24 7
25 17
26 10
27 14
SIMILAR

21 3 26 12 22 25 5 9 16 10 27 20 4 2 17 1 7 6 13 0 14 11 24 18 8 23 19 15 
0 19
1 15
2 13
3 1
4 12
5 6
6 17
7 16
8 24
9 7
10 9
11 21
12 3
13 18
14 20
15 27
16 8
17 14
18 23
19 26
20 11
21 0
22 4
23 25
24 22
25 5
26 2
27 10
SIMILAR

18 4 8 14 12 11 22 15 20 19 17 26 24 9 16 13 7 5 2 10 23 6 1 25 27 3 0 21 
0 26
1 22
2 18
3 25
4 1
5 17
6 21
7 16
8 2
9 13
10 19
11 5
12 4
13 15
14 3
15 7
16 14
17 10
18 0
19 9
20 8
21 27
22 6
23 20
24 12
25 23
26 11
27 24
SIMILAR

2 25 23 11 8 5 20 12 6 18 26 7 10 9 1 15 14 3 17 13 24 0 16 19 22 21 4 27 
0 21
1 14
2 0
3 17
4 26
5 5
6 8
7 11
8 4
9 13
10 12
11 3
12 7
13 19
14 16
15 15
16 22
17 18
18 9
19 23
20 6
21 25
22 24
23 2
24 20
25 1
26 10
27 27
SIMILAR

8 5 4 0 12 10 25 3 18 2 9 6 23 11 14 13 16 22 24 26 27 1 7 21 19 20 15 17 
0 3
1 21
2 9
3 7
4 2
5 1
6 11
7 22
8 0
9 10
10 5
11 13
12 4
13 15
14 14
15 26
16 16
17 27
18 8
19 24
20 25
21 23
22 17
23 12
24 18
25 6
26 19
27 20
SIMILAR

25 1 14 23 20 2 16 6 27 11 0 12 10 5 18 24 22 4 3 9 13 19 8 21 26 7 15 17 
0 10
1 1
2 5
3 18
4 17
5 13
6 7
7 25
8 22
9 19
10 12
11 9
12 11
13 20
14 2
15 26
16 6
17 27
18 14
19 21
20 4
21 23
22 16
23 3
24 15
25 0
26 24
27 8
SIMILAR

19 3 17 25 16 4 8 12 27 7 20 9 22 10 18 14 2 15 11 26 13 0 5 1 6 23 24 21 
0 21
1 23
2 16
3 1
4 5
5 22
6 24
7 9
8 6
9 11
10 13
11 18
12 7
13 20
14 15
15 17
16 4
17 2
18 14
19 0
20 10
21 27
22 12
23 25
24 26
25 3
26 19
27 8
SIMILAR

21 11 22 5 23 8 18 4 26 12 16 25 10 9 24 2 7 27 3 14 20 19 13 1 0 15 17 6 
0 24
1 23
2 15
3 18
4 7
5 3
6 27
7 16
8 5
9 13
10 12
11 1
12 9
13 22
14 19
15 25
16 10
17 26
18 6
19 21
20 20
21 0
22 2
23 4
24 14
25 11
26 8
27 17
SIMILAR

3 11 13 5 16 7 6 17 14 26 25 19 21 8 1 22 2 10 15 20 23 24 12 9 27 18 0 4 
0 26
1 14
2 16
3 0
4 27
5 3
6 6
7 5
8 13
9 23
10 17
11 1
12 22
13 2
14 8
15 18
16 4
17 7
18 25
19 11
20 19
21 12
22 15
23 20
24 21
25 10
26 9
27 24
SIMILAR

8 27 9 15 19 16 24 7 10 18 14 25 20 6 5 17 4 0 23 13 26 22 2 1 11 3 21 12 
0 17
1 23
2 22
3 25
4 16
5 14
6 13
7 7
8 0
9 2
10 8
11 24
12 27
13 19
14 10
15 3
16 5
17 15
18 9
19 4
20 12
21 26
22 21
23 18
24 6
25 11
26 20
27 1
SIMILAR

16 14 17 10 23 21 1 8 13 3 24 0 11 4 6 7 20 27 9 2 25 19 5 22 12 15 18 26 
0 11
1 6
2 19
3 9
4 13
5 22
6 14
7 15
8 7
9 18
10 3
11 12
12 24
13 8
14 1
15 25
16 0
17 2
18 26
19 21
20 16
21 5
22 23
23 4
24 10
25 20
26 27
27 17
SIMILAR

5 15 13 24 20 25 7 9 6 17 2 10 3 22 14 23 19 4 12 11 1 26 18 27 16 0 8 21 
0 25
1 20
2 10
3 12
4 17
5 0
6 8
7 6
8 26
9 7
10 11
11 19
12 18
13 2
14 14
15 1
16 24
17 9
18 22
19 16
20 4
21 27
22 13
23 15
24 3
25 5
26 21
27 23
SIMILAR

15 11 20 9 19 27 6 12 25 13 4 2 10 14 0 17 18 7 8 16 24 23 5 21 3 26 1 22 
0 14
1 26
2 11
3 24
4 10
5 22
6 6
7 17
8 18
9 3
10 12
11 1
12 7
13 9
14 13
15 0
16 19
17 15
18 16
19 4
20 2
21 23
22 27
23 21
24 20
25 8
26 25
27 5
SIMILAR

15 18 12 2 9 20 27 3 11 8 21 6 10 22 13 23 25 4 17 14 1 24 19 0 26 16 5 7 
0 23
1 20
2 3
3 7
4 17
5 26
6 11
7 27
8 9
9 4
10 12
11 8
12 2
13 14
14 19
15 0
16 25
17 18
18 1
19 22
20 5
21 10
22 13
23 15
24 21
25 16
26 24
27 6
SIMILAR

17 11 19 0 21 14 1 16 2 24 12 13 23 27 8 22 10 26 18 9 3 5 6 7 20 4 15 25 
0 3
1 6
2 8
3 20
4 25
5 21
6 22
7 23
8 14
9 19
10 16
11 1
12 10
13 11
14 5
15 26
16 7
17 0
18 18
19 2
20 24
21 4
22 15
23 12
24 9
25 27
26 17
27 13
SIMILAR

26 6 20 16 3 25 18 1 2 21 5 14 9 19 22 23 15 10 13 12 4 24 17 27 0 8 7 11 
0 24
1 7
2 8
3 4
4 20
5 10
6 1
7 26
8 25
9 12
10 17
11 27
12 19
13 18
14 11
15 16
16 3
17 22
18 6
19 13
20 2
21 9
22 14
23 15
24 21
25 5
26 0
27 23
SIMILAR

3 18 12 9 25 0 20 7 21 15 16 1 22 8 5 26 2 23 14 27 13 6 19 4 24 11 17 10 
0 5
1 11
2 16
3 0
4 23
5 14
6 21
7 7
8 13
9 3
10 27
11 25
12 2
13 20
14 18
15 9
16 10
17 26
18 1
19 22
20 6
21 8
22 12
23 17
24 24
25 4
26 15
27 19
SIMILAR

21 17 8 3 4 9 25 11 2 10 22 7 13 24 15 26 14 23 20 27 5 12 6 16 1 0 18 19 
0 25
1 24
2 8
3 3
4 4
5 20
6 22
7 11
8 2
9 5
10 9
11 7
12 21
13 12
14 16
15 14
16 23
17 1
18 26
19 27
20 18
21 0
22 10
23 17
24 13
25 6
26 15
27 19
SIMILAR

5 19 14 12 16 0 23 8 22 4 15 20 18 25 10 11 1 6 3 27 26 9 17 7 21 24 2 13 
0 5
1 16
2 26
3 18
4 9
5 0
6 17
7 23
8 7
9 21
10 14
11 15
12 3
13 27
14 2
15 10
16 4
17 22
18 12
19 1
20 11
21 24
22 8
23 6
24 25
25 13
26 20
27 19
SIMILAR

5 15 13 11 4 20 19 24 6 21 7 10 12 26 25 3 9 27 1 8 0 2 17 14 16 18 22 23 
0 20
1 18
2 21
3 15
4 4
5 0
6 8
7 10
8 19
9 16
10 11
11 3
12 12
13 2
14 23
15 1
16 24
17 22
18 25
19 6
20 5
21 9
22 26
23 27
24 7
25 14
26 13
27 17
SIMILAR

19 5 25 2 16 10 17 22 7 3 21 20 1 24 14 18 9 0 23 6 8 11 13 15 26 27 4 12 
0 17
1 12
2 3
3 9
4 26
5 1
6 19
7 8
8 20
9 16
10 5
11 21
12 27
13 22
14 14
15 23
16 4
17 6
18 15
19 0
20 11
21 10
22 7
23 18
24 13
25 2
26 24
27 25
SIMILAR

21 23 18 2 15 1 24 12 9 16 19 7 5 6 14 27 25 17 13 0 22 11 8 20 26 3 4 10 
0 19
1 5
2 3
3 25
4 26
5 12
6 13
7 11
8 22
9 8
10 27
11 21
12 7
13 18
14 14
15 4
16 9
17 17
18 2
19 10
20 23
21 0
22 20
23 1
24 6
25 16
26 24
27 15
SIMILAR

10 5 18 1 8 23 21 25 11 24 15 7 17 27 4 26 6 22 2 0 19 9 20 3 13 16 12 14 
0 19
1 3
2 18
3 23
4 14
5 1
6 16
7 11
8 4
9 21
10 0
11 8
12 26
13 24
14 27
15 10
16 25
17 12
18 2
19 20
20 22
21 6
22 17
23 5
24 9
25 7
26 15
27 13
SIMILAR

9 4 27 21 16 7 1 13 6 10 26 2 12 18 0 24 5 3 25 17 15 11 8 22 20 19 23 14 
0 14
1 6
2 11
3 17
4 1
5 16
6 8
7 5
8 22
9 0
10 9
11 21
12 12
13 7
14 27
15 20
16 4
17 19
18 13
19 25
20 24
21 3
22 23
23 26
24 15
25 18
26 10
27 2
SIMILAR

20 19 27 18 24 1 21 7 16 25 10 0 13 9 15 22 26 8 23 12 5 6 4 17 3 14 11 2 
0 11
1 5
2 27
3 24
4 22
5 20
6 21
7 7
8 17
9 13
10 10
11 26
12 19
13 12
14 25
15 14
16 8
17 23
18 3
19 1
20 0
21 6
22 15
23 18
24 4
25 9
26 16
27 2
SIMILAR

26 12 27 4 9 15 11 17 1 5 7 19 13 8 0 10 24 6 25 20 21 2 14 23 22 18 3 16 
0 14
1 8
2 21
3 26
4 3
5 9
6 17
7 10
8 13
9 4
10 15
11 6
12 1
13 12
14 22
15 5
16 27
17 7
18 25
19 11
20 19
21 20
22 24
23 23
24 16
25 18
26 0
27 2
SIMILAR

26 7 0 18 23 24 19 25 2 16 20 6 21 10 14 11 27 9 12 13 8 15 4 22 3 1 17 5 
0 2
1 25
2 8
3 24
4 22
5 27
6 11
7 1
8 20
9 17
10 13
11 15
12 18
13 19
14 14
15 21
16 9
17 26
18 3
19 6
20 10
21 12
22 23
23 4
24 5
25 7
26 0
27 16
SIMILAR

8 20 22 4 13 2 12 24 7 9 19 17 26 11 27 5 10 23 25 6 1 14 21 18 15 16 0 3 
0 26
1 20
2 5
3 27
4 3
5 15
6 19
7 8
8 0
9 9
10 16
11 13
12 6
13 4
14 21
15 24
16 25
17 11
18 23
19 10
20 1
21 22
22 2
23 17
24 7
25 18
26 12
27 14
SIMILAR

5 3 18 26 22 23 16 6 0 4 10 8 2 13 11 14 24 20 25 15 21 9 19 17 7 1 12 27 
0 8
1 25
2 12
3 1
4 9
5 0
6 7
7 24
8 11
9 21
10 10
11 14
12 26
13 13
14 15
15 19
16 6
17 23
18 2
19 22
20 17
21 20
22 4
23 5
24 16
25 18
26 3
27 27
SIMILAR

10 24 3 14 2 9 26 7 13 20 0 17 27 12 5 11 23 6 1 19 22 16 4 21 8 15 18 25 
0 10
1 18
2 4
3 2
4 22
5 14
6 17
7 7
8 24
9 5
10 0
11 15
12 13
13 8
14 3
15 25
16 21
17 11
18 26
19 19
20 9
21 23
22 20
23 16
24 1
25 27
26 6
27 12
SIMILAR

23 13 2 24 0 18 12 1 21 15 4 14 16 19 8 9 27 20 17 7 11 6 25 3 5 10 26 22 
0 4
1 7
2 2
3 23
4 10
5 24
6 21
7 19
8 14
9 15
10 25
11 20
12 6
13 1
14 11
15 9
16 12
17 18
18 5
19 13
20 17
21 8
22 27
23 0
24 3
25 22
26 26
27 16
SIMILAR

25 27 14 15 26 12 7 11 4 9 3 18 2 22 10 24 5 13 21 8 1 6 20 23 0 16 17 19 
0 24
1 20
2 12
3 10
4 8
5 16
6 21
7 6
8 19
9 9
10 14
11 7
12 5
13 17
14 2
15 3
16 25
17 26
18 11
19 27
20 22
21 18
22 13
23 23
24 15
25 0
26 4
27 1
SIMILAR

20 1 4 0 14 26 3 15 11 27 22 24 7 12 9 25 8 6 10 13 2 23 17 16 21 5 19 18 
0 3
1 1
2 20
3 6
4 2
5 25
6 17
7 12
8 16
9 14
10 18
11 8
12 13
13 19
14 4
15 7
16 23
17 22
18 27
19 26
20 0
21 24
22 10
23 21
24 11
25 15
26 5
27 9
SIMILAR

0 22 6 8 5 11 24 2 4 13 1 19 15 27 7 10 21 25 12 17 14 26 23 16 3 9 18 20 
0 0
1 10
2 7
3 24
4 8
5 4
6 2
7 14
8 3
9 25
10 15
11 5
12 18
13 9
14 20
15 12
16 23
17 19
18 26
19 11
20 27
21 16
22 1
23 22
24 6
25 17
26 21
27 13
SIMILAR

15 13 16 7 23 27 2 22 1 5 6 12 9 18 14 20 11 8 26 21 3 17 25 4 19 10 0 24 
0 26
1 8
2 6
3 20
4 23
5 9
6 10
7 3
8 17
9 12
10 25
11 16
12 11
13 1
14 14
15 0
16 2
17 21
18 13
19 24
20 15
21 19
22 7
23 4
24 27
25 22
26 18
27 5
SIMILAR

3 27 14 0 12 18 6 15 7 16 19 17 22 13 10 21 9 25 26 1 23 11 4 8 20 5 2 24 
0 3
1 19
2 26
3 0
4 22
5 25
6 6
7 8
8 23
9 16
10 14
11 21
12 4
13 13
14 2
15 7
16 9
17 11
18 5
19 10
20 24
21 15
22 12
23 20
24 27
25 17
26 18
27 1
SIMILAR

12 16 25 2 19 0 15 21 13 23 24 14 9 26 8 20 22 6 27 10 1 4 3 5 18 7 17 11 
0 5
1 20
2 3
3 22
4 21
5 23
6 17
7 25
8 14
9 12
10 19
11 27
12 0
13 8
14 11
15 6
16 1
17 26
18 24
19 4
20 15
21 7
22 16
23 9
24 10
25 2
26 13
27 18
SIMILAR

13 1 27 7 16 8 15 23 11 26 4 5 2 24 18 3 17 14 6 21 9 25 10 19 20 12 0 22 
0 26
1 1
2 12
3 15
4 10
5 11
6 18
7 3
8 5
9 20
10 22
11 8
12 25
13 0
14 17
15 6
16 4
17 16
18 14
19 23
20 24
21 19
22 27
23 7
24 13
25 21
26 9
27 2
SIMILAR

11 9 7 24 20 2 18 14 16 10 21 22 4 25 15 27 6 8 3 19 5 13 0 23 26 1 12 17 
0 22
1 25
2 5
3 18
4 12
5 20
6 16
7 2
8 17
9 1
10 9
11 0
12 26
13 21
14 7
15 14
16 8
17 27
18 6
19 19
20 4
21 10
22 11
23 23
24 3
25 13
26 24
27 15
SIMILAR

5 18 12 23 8 11 6 20 7 1 17 24 27 22 10 2 9 13 0 19 15 3 16 25 21 14 4 26 
0 18
1 9
2 15
3 21
4 26
5 0
6 6
7 8
8 4
9 16
10 14
11 5
12 2
13 17
14 25
15 20
16 22
17 10
18 1
19 19
20 7
21 24
22 13
23 3
24 11
25 23
26 27
27 12
SIMILAR

11 9 6 20 27 26 5 13 17 22 1 7 25 14 16 21 19 0 3 15 2 10 8 12 18 23 24 4 
0 17
1 10
2 20
3 18
4 27
5 6
6 2
7 11
8 22
9 1
10 21
11 0
12 23
13 7
14 13
15 19
16 14
17 8
18 24
19 16
20 3
21 15
22 9
23 25
24 26
25 12
26 5
27 4
SIMILAR

3 20 26 21 17 13 23 16 0 25 4 15 1 10 27 7 24 18 6 5 22 14 2 19 9 8 11 12 
0 8
1 12
2 22
3 0
4 10
5 19
6 18
7 15
8 25
9 24
10 13
11 26
12 27
13 5
14 21
15 11
16 7
17 4
18 17
19 23
20 1
21 3
22 20
23 6
24 16
25 9
26 2
27 14
SIMILAR

27 5 19 7 11 6 10 1 12 22 25 20 17 13 0 14 21 8 18 3 16 2 24 23 26 9 4 15 
0 14
1 7
2 21
3 19
4 26
5 1
6 5
7 3
8 17
9 25
10 6
11 4
12 8
13 13
14 15
15 27
16 20
17 12
18 18
19 2
20 11
21 16
22 9
23 23
24 22
25 10
26 24
27 0
SIMILAR

15 11 13 26 20 19 4 22 25 27 16 23 7 12 5 2 9 8 17 1 3 10 6 0 18 21 14 24 
0 23
1 19
2 15
3 20
4 6
5 14
6 22
7 12
8 17
9 16
10 21
11 1
12 13
13 2
14 26
15 0
16 10
17 18
18 24
19 5
20 4
21 25
22 7
23 11
24 27
25 8
26 3
27 9
SIMILAR

4 7 5 13 17 22 9 0 19 23 16 27 21 24 6 11 12 10 26 18 3 8 25 14 20 1 15 2 
0 7
1 25
2 27
3 20
4 0
5 2
6 14
7 1
8 21
9 6
10 17
11 15
12 16
13 3
14 23
15 26
16 10
17 4
18 19
19 8
20 24
21 12
22 5
23 9
24 13
25 22
26 18
27 11
SIMILAR

23 21 15 11 24 12 2 14 1 22 20 9 6 3 18 19 0 5 27 26 25 8 10 4 17 7 13 16 
0 16
1 8
2 6
3 13
4 23
5 17
6 12
7 25
8 21
9 11
10 22
11 3
12 5
13 26
14 7
15 2
16 27
17 24
18 14
19 15
20 10
21 1
22 9
23 0
24 4
25 20
26 19
27 18
SIMILAR

14 25 19 16 18 24 22 3 20 17 26 5 0 9 6 8 1 11 2 15 23 12 7 27 10 21 4 13 
0 12
1 16
2 18
3 7
4 26
5 11
6 14
7 22
8 15
9 13
10 24
11 17
12 21
13 27
14 0
15 19
16 3
17 9
18 4
19 2
20 8
21 25
22 6
23 20
24 5
25 1
26 10
27 23
SIMILAR

6 7 9 2 15 16 27 18 11 12 1 13 22 24 17 23 5 3 14 26 25 20 19 21 10 8 0 4 
0 26
1 10
2 3
3 17
4 27
5 16
6 0
7 1
8 25
9 2
10 24
11 8
12 9
13 11
14 18
15 4
16 5
17 14
18 7
19 22
20 21
21 23
22 12
23 15
24 13
25 20
26 19
27 6
SIMILAR

27 18 20 23 6 11 16 12 25 17 19 2 10 22 13 24 0 14 5 7 3 1 26 15 4 21 8 9 
0 16
1 21
2 11
3 20
4 24
5 18
6 4
7 19
8 26
9 27
10 12
11 5
12 7
13 14
14 17
15 23
16 6
17 9
18 1
19 10
20 2
21 25
22 13
23 3
24 15
25 8
26 22
27 0
SIMILAR

8 20 18 27 25 13 6 26 3 14 2 22 4 1 7 10 17 0 23 15 9 5 19 21 12 24 16 11 
0 17
1 13
2 10
3 8
4 12
5 21
6 6
7 14
8 0
9 20
10 15
11 27
12 24
13 5
14 9
15 19
16 26
17 16
18 2
19 22
20 1
21 23
22 11
23 18
24 25
25 4
26 7
27 3
SIMILAR

12 25 5 7 18 21 14 8 9 22 15 4 19 26 1 11 10 16 23 3 17 20 0 24 27 13 2 6 
0 22
1 14
2 26
3 19
4 11
5 2
6 27
7 3
8 7
9 8
10 16
11 15
12 0
13 25
14 6
15 10
16 17
17 20
18 4
19 12
20 21
21 5
22 9
23 18
24 23
25 1
26 13
27 24
SIMILAR

1 23 8 20 16 4 3 22 6 10 9 12 25 17 19 7 13 15 26 18 27 11 14 24 0 2 21 5 
0 24
1 0
2 25
3 6
4 5
5 27
6 8
7 15
8 2
9 10
10 9
11 21
12 11
13 16
14 22
15 17
16 4
17 13
18 19
19 14
20 3
21 26
22 7
23 1
24 23
25 12
26 18
27 20
SIMILAR

11 23 21 14 0 3 20 16 17 27 15 13 10 22 1 9 12 7 18 4 19 6 8 25 24 5 2 26 
0 4
1 14
2 26
3 5
4 19
5 25
6 21
7 17
8 22
9 15
10 12
11 0
12 16
13 11
14 3
15 10
16 7
17 8
18 18
19 20
20 6
21 2
22 13
23 1
24 24
25 23
26 27
27 9
SIMILAR

3 22 9 1 24 23 27 8 20 10 21 11 2 12 6 15 5 7 19 16 4 18 13 0 17 14 26 25 
0 23
1 3
2 12
3 0
4 20
5 16
6 14
7 17
8 7
9 2
10 9
11 11
12 13
13 22
14 25
15 15
16 19
17 24
18 21
19 18
20 8
21 10
22 1
23 5
24 4
25 27
26 26
27 6
SIMILAR

9 25 11 21 27 8 22 2 4 6 7 1 14 3 12 18 24 5 17 16 0 26 19 23 20 13 15 10 
0 20
1 11
2 7
3 13
4 8
5 17
6 9
7 10
8 5
9 0
10 27
11 2
12 14
13 25
14 12
15 26
16 19
17 18
18 15
19 22
20 24
21 3
22 6
23 23
24 16
25 1
26 21
27 4
SIMILAR

21 13 24 2 0 10 1 4 20 25 26 19 14 6 9 8 3 27 5 17 7 12 23 11 16 18 22 15 
0 4
1 6
2 3
3 16
4 7
5 18
6 13
7 20
8 15
9 14
10 5
11 23
12 21
13 1
14 12
15 27
16 24
17 19
18 25
19 11
20 8
21 0
22 26
23 22
24 2
25 9
26 10
27 17
SIMILAR

14 13 3 7 0 4 20 1 23 2 27 25 24 15 5 12 16 18 10 21 8 22 19 17 11 6 9 26 
0 4
1 7
2 9
3 2
4 5
5 14
6 25
7 3
8 20
9 26
10 18
11 24
12 15
13 1
14 0
15 13
16 16
17 23
18 17
19 22
20 6
21 19
22 21
23 8
24 12
25 11
26 27
27 10
SIMILAR

6 5 2 27 19 4 7 9 13 11 21 1 0 8 15 10 3 12 20 24 25 22 16 23 14 17 18 26 
0 12
1 11
2 2
3 16
4 5
5 1
6 0
7 6
8 13
9 7
10 15
11 9
12 17
13 8
14 24
15 14
16 22
17 25
18 26
19 4
20 18
21 10
22 21
23 23
24 19
25 20
26 27
27 3
SIMILAR
100 0
9500 0
249500 0
