40
0 1 0 1 0 0 1 0 0 1 1 1 0 1 1 1 0 1 1 1 0 0 0 0 0 0 1 0 1 1 0 1 0 1 1 0 0 0 0 1 
1 0 0 1 1 0 1 1 0 1 1 0 0 1 1 1 0 1 0 1 1 0 1 0 1 0 0 0 0 1 1 0 1 0 1 0 1 0 1 0 
0 0 0 1 0 1 0 0 0 0 1 0 0 0 0 1 1 0 1 0 0 1 1 1 0 1 0 0 0 0 0 1 0 0 0 1 1 0 0 0 
1 1 1 0 1 1 1 1 1 1 0 0 1 1 1 0 1 0 1 1 1 1 1 0 0 1 1 0 1 1 0 0 1 1 0 0 1 0 0 1 
0 1 0 1 0 0 0 1 0 1 0 0 0 1 0 1 0 0 0 1 0 0 1 1 0 0 1 0 0 1 0 1 1 0 0 0 1 1 1 0 
0 0 1 1 0 0 0 1 1 0 0 0 1 0 1 1 0 1 1 1 1 0 1 0 1 1 1 0 1 1 1 0 0 0 1 0 1 1 1 1 
1 1 0 1 0 0 0 1 1 1 1 0 1 0 0 1 0 0 1 1 1 1 0 1 1 1 0 0 1 0 1 1 0 1 1 1 1 1 0 0 
0 1 0 1 1 1 1 0 1 0 1 0 1 1 1 1 0 1 1 0 0 0 0 1 0 1 0 0 1 0 0 0 0 1 0 0 0 1 1 0 
0 0 0 1 0 1 1 1 0 0 0 1 0 1 0 0 0 0 1 0 1 1 1 1 1 0 1 1 0 0 1 1 0 0 1 0 0 1 1 0 
1 1 0 1 1 0 1 0 0 0 0 0 0 1 0 1 0 0 1 1 1 0 1 1 0 1 1 1 0 1 1 1 0 0 0 0 0 1 0 1 
1 1 1 0 0 0 1 1 0 0 0 0 1 1 1 0 1 0 0 1 1 0 1 0 0 0 0 1 0 0 0 1 0 1 1 1 1 1 0 0 
1 0 0 0 0 0 0 0 1 0 0 0 0 1 1 1 0 0 1 1 1 0 0 0 1 1 0 1 1 1 1 0 1 1 1 0 1 1 1 0 
0 0 0 1 0 1 1 1 0 0 1 0 0 0 0 0 0 0 1 0 1 0 0 0 0 0 1 0 0 1 1 0 1 1 1 0 1 0 0 1 
1 1 0 1 1 0 0 1 1 1 1 1 0 0 0 1 1 1 1 1 1 0 1 1 1 0 0 0 0 1 0 1 1 0 0 0 0 1 0 0 
1 1 0 1 0 1 0 1 0 0 1 1 0 0 0 0 0 1 0 1 0 1 1 0 1 0 1 0 0 0 0 1 1 1 0 1 0 0 1 0 
1 1 1 0 1 1 1 1 0 1 0 1 0 1 0 0 1 0 0 0 1 1 0 1 1 0 1 0 0 1 1 1 0 0 0 1 0 0 1 0 
0 0 1 1 0 0 0 0 0 0 1 0 0 1 0 1 0 0 0 0 0 0 0 1 1 0 1 1 0 0 1 0 1 0 0 1 1 0 0 1 
1 1 0 0 0 1 0 1 0 0 0 0 0 1 1 0 0 0 0 0 1 0 0 0 1 0 1 1 1 1 1 1 1 0 1 0 1 1 0 1 
1 0 1 1 0 1 1 1 1 1 0 1 1 1 0 0 0 0 0 1 0 0 0 1 0 1 0 0 0 1 1 1 0 1 0 0 1 1 0 0 
1 1 0 1 1 1 1 0 0 1 1 1 0 1 1 0 0 0 1 0 1 0 0 0 1 1 0 0 1 0 1 1 0 1 0 1 0 0 1 0 
0 1 0 1 0 1 1 0 1 1 1 1 1 1 0 1 0 1 0 1 0 0 0 0 0 1 0 1 0 0 1 0 1 0 1 1 0 1 1 1 
0 0 1 1 0 0 1 0 1 0 0 0 0 0 1 1 0 0 0 0 0 0 0 0 1 0 0 0 1 1 1 0 0 0 0 0 1 1 0 1 
0 1 1 1 1 1 0 0 1 1 1 0 0 1 1 0 0 0 0 0 0 0 0 0 1 0 1 1 1 1 0 0 1 0 0 0 0 1 0 1 
0 0 1 0 1 0 1 1 1 1 0 0 0 1 0 1 1 0 1 0 0 0 0 0 1 0 1 0 0 0 1 0 1 1 1 0 1 1 0 1 
0 1 0 0 0 1 1 0 1 0 0 1 0 1 1 1 1 1 0 1 0 1 1 1 0 1 1 1 0 0 0 1 0 1 0 1 1 0 1 1 
0 0 1 1 0 1 1 1 0 1 0 1 0 0 0 0 0 0 1 1 1 0 0 0 1 0 0 0 1 1 1 0 0 0 0 1 0 1 1 0 
1 0 0 1 1 1 0 0 1 1 0 0 1 0 1 1 1 1 0 0 0 0 1 1 1 0 0 0 0 1 1 1 1 1 1 1 1 0 1 1 
0 0 0 0 0 0 0 0 1 1 1 1 0 0 0 0 1 1 0 0 1 0 1 0 1 0 0 0 1 0 0 1 0 1 1 1 1 1 0 1 
1 0 0 1 0 1 1 1 0 0 0 1 0 0 0 0 0 1 0 1 0 1 1 0 0 1 0 1 0 1 1 1 0 1 0 1 1 0 1 0 
1 1 0 1 1 1 0 0 0 1 0 1 1 1 0 1 0 1 1 0 0 1 1 0 0 1 1 0 1 0 1 1 0 0 1 0 1 1 1 0 
0 1 0 0 0 1 1 0 1 1 0 1 1 0 0 1 1 1 1 1 1 1 0 1 0 1 1 0 1 1 0 0 1 1 0 0 1 1 1 1 
1 0 1 0 1 0 1 0 1 1 1 0 0 1 1 1 0 1 1 1 0 0 0 0 1 0 1 1 1 1 0 0 1 1 1 1 1 0 1 1 
0 1 0 1 1 0 0 0 0 0 0 1 1 1 1 0 1 1 0 0 1 0 1 1 0 0 1 0 0 0 1 1 0 0 0 1 1 0 0 1 
1 0 0 1 0 0 1 1 0 0 1 1 1 0 1 0 0 0 1 1 0 0 0 1 1 0 1 1 1 0 1 1 0 0 1 0 1 0 0 1 
1 1 0 0 0 1 1 0 1 0 1 1 1 0 0 0 0 1 0 0 1 0 0 1 0 0 1 1 0 1 0 1 0 1 0 0 0 0 0 1 
0 0 1 0 0 0 1 0 0 0 1 0 0 0 1 1 1 0 0 1 1 0 0 0 1 1 1 1 1 0 0 1 1 0 0 0 1 1 0 1 
0 1 1 1 1 1 1 0 0 0 1 1 1 0 0 0 1 1 1 0 0 1 0 1 1 0 1 1 1 1 1 1 1 1 0 1 0 0 1 1 
0 0 0 0 1 1 1 1 1 1 1 1 0 1 0 0 0 1 1 0 1 1 1 1 0 1 0 1 0 1 1 0 0 0 0 1 0 0 1 1 
0 1 0 0 1 1 0 1 1 0 0 1 0 0 1 1 0 0 0 1 1 0 0 0 1 1 1 0 1 1 1 1 0 0 0 0 1 1 0 0 
1 0 0 1 0 1 0 0 0 1 0 0 1 0 0 0 1 1 0 0 1 1 1 1 1 0 1 1 0 0 1 1 1 1 1 1 1 1 0 0 

3 28 31 13 18 37 22 16 0 38 4 9 8 19 39 1 32 20 24 36 11 23 26 27 12 29 21 14 25 34 33 6 10 30 2 15 5 17 35 7 
0 8
1 15
2 34
3 0
4 10
5 36
6 31
7 39
8 12
9 11
10 32
11 20
12 24
13 3
14 27
15 35
16 7
17 37
18 4
19 13
20 17
21 26
22 6
23 21
24 18
25 28
26 22
27 23
28 1
29 25
30 33
31 2
32 16
33 30
34 29
35 38
36 19
37 5
38 9
39 14
SIMILAR

11 19 30 37 26 28 16 5 3 22 0 7 39 10 31 18 14 38 32 15 27 6 8 13 33 21 1 25 23 35 20 29 9 4 36 24 2 34 12 17 
0 10
1 26
2 36
3 8
4 33
5 7
6 21
7 11
8 22
9 32
10 13
11 0
12 38
13 23
14 16
15 19
16 6
17 39
18 15
19 1
20 30
21 25
22 9
23 28
24 35
25 27
26 4
27 20
28 5
29 31
30 2
31 14
32 18
33 24
34 37
35 29
36 34
37 3
38 17
39 12
SIMILAR

11 17 39 19 0 20 25 33 7 27 10 24 31 23 4 8 29 15 38 22 35 30 26 34 16 32 6 37 21 5 3 36 12 14 18 2 28 9 13 1 
0 4
1 39
2 35
3 30
4 14
5 29
6 26
7 8
8 15
9 37
10 10
11 0
12 32
13 38
14 33
15 17
16 24
17 1
18 34
19 3
20 5
21 28
22 19
23 13
24 11
25 6
26 22
27 9
28 36
29 16
30 21
31 12
32 25
33 7
34 23
35 20
36 31
37 27
38 18
39 2
SIMILAR

32 34 39 22 26 31 27 20 2 23 19 28 15 10 25 0 33 24 14 30 36 37 9 12 3 13 1 8 38 35 5 29 18 7 21 11 16 4 17 6 
0 15
1 26
2 8
3 24
4 37
5 30
6 39
7 33
8 27
9 22
10 13
11 35
12 23
13 25
14 18
15 12
16 36
17 38
18 32
19 10
20 7
21 34
22 3
23 9
24 17
25 14
26 4
27 6
28 11
29 31
30 19
31 5
32 0
33 16
34 1
35 29
36 20
37 21
38 28
39 2
SIMILAR

30 17 6 19 14 15 33 10 28 11 34 27 21 18 1 26 31 22 5 24 35 16 8 7 0 23 4 2 25 39 32 13 38 12 29 37 3 20 36 9 
0 24
1 14
2 27
3 36
4 26
5 18
6 2
7 23
8 22
9 39
10 7
11 9
12 33
13 31
14 4
15 5
16 21
17 1
18 13
19 3
20 37
21 12
22 17
23 25
24 19
25 28
26 15
27 11
28 8
29 34
30 0
31 16
32 30
33 6
34 10
35 20
36 38
37 35
38 32
39 29
SIMILAR

37 36 4 8 14 24 25 26 30 15 0 35 32 19 7 39 10 2 31 21 22 20 38 27 18 33 11 5 6 3 16 28 13 29 34 9 23 17 12 1 
0 10
1 39
2 17
3 29
4 2
5 27
6 28
7 14
8 3
9 35
10 16
11 26
12 38
13 32
14 4
15 9
16 30
17 37
18 24
19 13
20 21
21 19
22 20
23 36
24 5
25 6
26 7
27 23
28 31
29 33
30 8
31 18
32 12
33 25
34 34
35 11
36 1
37 0
38 22
39 15
SIMILAR

26 20 39 25 14 12 10 3 7 38 19 13 29 16 23 30 21 37 24 8 34 11 4 5 22 28 0 33 27 31 32 9 2 36 17 35 6 15 1 18 
0 26
1 38
2 32
3 7
4 22
5 23
6 36
7 8
8 19
9 31
10 6
11 21
12 5
13 11
14 4
15 37
16 13
17 34
18 39
19 10
20 1
21 16
22 24
23 14
24 18
25 3
26 0
27 28
28 25
29 12
30 15
31 29
32 30
33 27
34 20
35 35
36 33
37 17
38 9
39 2
SIMILAR

28 37 21 31 6 7 29 14 9 4 17 39 13 19 11 2 32 22 5 15 33 24 23 3 26 1 20 16 0 25 18 35 12 36 10 27 8 30 38 34 
0 28
1 25
2 15
3 23
4 9
5 18
6 4
7 5
8 36
9 8
10 34
11 14
12 32
13 12
14 7
15 19
16 27
17 10
18 30
19 13
20 26
21 2
22 17
23 22
24 21
25 29
26 24
27 35
28 0
29 6
30 37
31 3
32 16
33 20
34 39
35 31
36 33
37 1
38 38
39 11
SIMILAR

25 14 31 5 24 16 6 17 29 11 0 23 15 1 27 8 3 2 28 13 4 9 10 19 21 30 22 7 26 39 34 32 33 20 12 37 38 18 36 35 
0 10
1 13
2 17
3 16
4 20
5 3
6 6
7 27
8 15
9 21
10 22
11 9
12 34
13 19
14 1
15 12
16 5
17 7
18 37
19 23
20 33
21 24
22 26
23 11
24 4
25 0
26 28
27 14
28 18
29 8
30 25
31 2
32 31
33 32
34 30
35 39
36 38
37 35
38 36
39 29
SIMILAR

19 22 7 23 4 32 11 31 39 17 28 33 5 35 30 16 9 14 0 3 27 37 18 25 24 15 6 29 38 34 21 12 36 2 8 13 1 20 10 26 
0 18
1 36
2 33
3 19
4 4
5 12
6 26
7 2
8 34
9 16
10 38
11 6
12 31
13 35
14 17
15 25
16 15
17 9
18 22
19 0
20 37
21 30
22 1
23 3
24 24
25 23
26 39
27 20
28 10
29 27
30 14
31 7
32 5
33 11
34 29
35 13
36 32
37 21
38 28
39 8
SIMILAR

26 0 22 13 16 20 21 35 5 7 30 19 17 15 28 6 27 38 32 12 39 29 14 34 24 11 36 37 9 8 33 18 4 10 3 2 1 23 25 31 
0 1
1 36
2 35
3 34
4 32
5 8
6 15
7 9
8 29
9 28
10 33
11 25
12 19
13 3
14 22
15 13
16 4
17 12
18 31
19 11
20 5
21 6
22 2
23 37
24 24
25 38
26 0
27 16
28 14
29 21
30 10
31 39
32 18
33 30
34 23
35 7
36 26
37 27
38 17
39 20
SIMILAR

4 34 23 32 2 16 1 12 14 13 36 30 31 24 20 17 33 21 38 27 28 22 15 18 0 37 39 8 9 6 3 25 5 35 7 10 19 11 29 26 
0 24
1 6
2 4
3 30
4 0
5 32
6 29
7 34
8 27
9 28
10 35
11 37
12 7
13 9
14 8
15 22
16 5
17 15
18 23
19 36
20 14
21 17
22 21
23 2
24 13
25 31
26 39
27 19
28 20
29 38
30 11
31 12
32 3
33 16
34 1
35 33
36 10
37 25
38 18
39 26
SIMILAR

18 30 11 14 31 38 20 17 5 32 3 35 29 6 24 25 27 26 28 39 13 23 7 19 0 1 15 4 22 9 34 12 37 10 33 2 8 36 16 21 
0 24
1 25
2 35
3 10
4 27
5 8
6 13
7 22
8 36
9 29
10 33
11 2
12 31
13 20
14 3
15 26
16 38
17 7
18 0
19 23
20 6
21 39
22 28
23 21
24 14
25 15
26 17
27 16
28 18
29 12
30 1
31 4
32 9
33 34
34 30
35 11
36 37
37 32
38 5
39 19
SIMILAR

32 5 37 16 23 34 6 10 30 15 0 2 26 13 14 4 29 38 1 11 39 20 21 8 22 27 24 33 35 12 28 36 18 17 25 7 31 9 19 3 
0 10
1 18
2 11
3 39
4 15
5 1
6 6
7 35
8 23
9 37
10 7
11 19
12 29
13 13
14 14
15 9
16 3
17 33
18 32
19 38
20 21
21 22
22 24
23 4
24 26
25 34
26 12
27 25
28 30
29 16
30 8
31 36
32 0
33 27
34 5
35 28
36 31
37 2
38 17
39 20
SIMILAR

1 24 36 6 28 3 19 2 8 10 12 15 27 11 14 34 30 37 22 39 26 31 33 29 35 25 18 9 32 20 7 38 5 16 4 13 21 0 17 23 
0 37
1 0
2 7
3 5
4 34
5 32
6 3
7 30
8 8
9 27
10 9
11 13
12 10
13 35
14 14
15 11
16 33
17 38
18 26
19 6
20 29
21 36
22 18
23 39
24 1
25 25
26 20
27 12
28 4
29 23
30 16
31 21
32 28
33 22
34 15
35 24
36 2
37 17
38 31
39 19
SIMILAR

27 8 5 32 11 39 1 20 30 0 33 7 16 26 10 28 2 36 31 24 37 13 4 21 38 19 9 14 15 3 6 34 35 25 12 23 17 18 22 29 
0 9
1 6
2 16
3 29
4 22
5 2
6 30
7 11
8 1
9 26
10 14
11 4
12 34
13 21
14 27
15 28
16 12
17 36
18 37
19 25
20 7
21 23
22 38
23 35
24 19
25 33
26 13
27 0
28 15
29 39
30 8
31 18
32 3
33 10
34 31
35 32
36 17
37 20
38 24
39 5
SIMILAR

20 36 34 33 39 7 6 8 14 13 0 22 25 3 28 4 24 23 26 17 9 38 12 21 27 11 16 37 10 2 29 30 1 32 35 18 19 15 31 5 
0 10
1 32
2 29
3 13
4 15
5 39
6 6
7 5
8 7
9 20
10 28
11 25
12 22
13 9
14 8
15 37
16 26
17 19
18 35
19 36
20 0
21 23
22 11
23 17
24 16
25 12
26 18
27 24
28 14
29 30
30 31
31 38
32 33
33 3
34 2
35 34
36 1
37 27
38 21
39 4
SIMILAR

30 1 17 2 20 19 37 33 11 39 22 25 15 0 9 28 14 12 5 26 3 35 32 23 13 36 16 18 34 6 27 38 24 10 7 29 4 8 21 31 
0 13
1 1
2 3
3 20
4 36
5 18
6 29
7 34
8 37
9 14
10 33
11 8
12 17
13 24
14 16
15 12
16 26
17 2
18 27
19 5
20 4
21 38
22 10
23 23
24 32
25 11
26 19
27 30
28 15
29 35
30 0
31 39
32 22
33 7
34 28
35 21
36 25
37 6
38 31
39 9
SIMILAR

26 38 10 2 11 37 29 32 9 13 20 25 8 0 24 7 33 1 5 17 28 34 31 6 16 30 36 21 19 18 35 12 27 23 15 14 3 4 22 39 
0 13
1 17
2 3
3 36
4 37
5 18
6 23
7 15
8 12
9 8
10 2
11 4
12 31
13 9
14 35
15 34
16 24
17 19
18 29
19 28
20 10
21 27
22 38
23 33
24 14
25 11
26 0
27 32
28 20
29 6
30 25
31 22
32 7
33 16
34 21
35 30
36 26
37 5
38 1
39 39
SIMILAR

31 0 10 14 25 39 24 6 4 18 37 38 29 13 32 15 12 36 5 2 7 35 3 33 26 30 28 16 19 20 11 21 8 17 9 1 23 27 34 22 
0 1
1 35
2 19
3 22
4 8
5 18
6 7
7 20
8 32
9 34
10 2
11 30
12 16
13 13
14 3
15 15
16 27
17 33
18 9
19 28
20 29
21 31
22 39
23 36
24 6
25 4
26 24
27 37
28 26
29 12
30 25
31 0
32 14
33 23
34 38
35 21
36 17
37 10
38 11
39 5
SIMILAR

12 19 32 39 22 17 36 21 25 35 20 5 18 14 2 34 11 9 4 28 15 0 29 8 6 30 7 1 26 31 24 38 3 27 23 33 37 10 16 13 
0 21
1 27
2 14
3 32
4 18
5 11
6 24
7 26
8 23
9 17
10 37
11 16
12 0
13 39
14 13
15 20
16 38
17 5
18 12
19 1
20 10
21 7
22 4
23 34
24 30
25 8
26 28
27 33
28 19
29 22
30 25
31 29
32 2
33 35
34 15
35 9
36 6
37 36
38 31
39 3
SIMILAR

12 8 1 36 10 2 34 39 9 28 19 7 14 35 30 37 25 38 16 33 24 0 4 29 22 31 15 13 32 27 21 20 18 6 17 11 3 26 23 5 
0 21
1 2
2 5
3 36
4 22
5 39
6 33
7 11
8 1
9 8
10 4
11 35
12 0
13 27
14 12
15 26
16 18
17 34
18 32
19 10
20 31
21 30
22 24
23 38
24 20
25 16
26 37
27 29
28 9
29 23
30 14
31 25
32 28
33 19
34 6
35 13
36 3
37 15
38 17
39 7
SIMILAR

11 39 3 33 36 1 19 17 26 21 9 20 23 29 28 6 7 27 32 14 13 30 24 2 15 16 4 34 8 35 31 25 12 18 0 5 37 38 22 10 
0 34
1 5
2 23
3 2
4 26
5 35
6 15
7 16
8 28
9 10
10 39
11 0
12 32
13 20
14 19
15 24
16 25
17 7
18 33
19 6
20 11
21 9
22 38
23 12
24 22
25 31
26 8
27 17
28 14
29 13
30 21
31 30
32 18
33 3
34 27
35 29
36 4
37 36
38 37
39 1
SIMILAR

8 13 1 9 6 5 18 37 31 20 14 16 10 26 19 11 12 35 15 2 17 24 27 30 34 32 7 33 21 3 28 39 0 22 25 38 36 29 23 4 
0 32
1 2
2 19
3 29
4 39
5 5
6 4
7 26
8 0
9 3
10 12
11 15
12 16
13 1
14 10
15 18
16 11
17 20
18 6
19 14
20 9
21 28
22 33
23 38
24 21
25 34
26 13
27 22
28 30
29 37
30 23
31 8
32 25
33 27
34 24
35 17
36 36
37 7
38 35
39 31
SIMILAR

11 20 2 25 24 0 30 32 7 18 5 36 37 14 6 15 39 1 19 33 38 35 10 22 3 13 16 27 34 23 31 26 29 4 8 21 12 17 28 9 
0 5
1 17
2 2
3 24
4 33
5 10
6 14
7 8
8 34
9 39
10 22
11 0
12 36
13 25
14 13
15 15
16 26
17 37
18 9
19 18
20 1
21 35
22 23
23 29
24 4
25 3
26 31
27 27
28 38
29 32
30 6
31 30
32 7
33 19
34 28
35 21
36 11
37 12
38 20
39 16
SIMILAR

4 32 8 20 25 6 36 30 7 15 0 1 17 11 5 19 16 2 13 31 29 26 21 35 34 22 27 37 33 23 9 14 24 3 39 12 18 10 38 28 
0 10
1 11
2 17
3 33
4 0
5 14
6 5
7 8
8 2
9 30
10 37
11 13
12 35
13 18
14 31
15 9
16 16
17 12
18 36
19 15
20 3
21 22
22 25
23 29
24 32
25 4
26 21
27 26
28 39
29 20
30 7
31 19
32 1
33 28
34 24
35 23
36 6
37 27
38 38
39 34
SIMILAR

34 0 21 37 18 2 3 38 27 7 4 28 36 32 1 6 19 16 9 5 17 35 12 31 24 29 22 23 20 11 39 15 14 25 10 26 13 30 8 33 
0 1
1 14
2 5
3 6
4 10
5 19
6 15
7 9
8 38
9 18
10 34
11 29
12 22
13 36
14 32
15 31
16 17
17 20
18 4
19 16
20 28
21 2
22 26
23 27
24 24
25 33
26 35
27 8
28 11
29 25
30 37
31 23
32 13
33 39
34 0
35 21
36 12
37 3
38 7
39 30
SIMILAR

23 10 12 39 20 5 37 33 2 31 3 25 30 22 26 38 7 35 0 32 13 14 8 6 9 1 21 18 24 27 17 36 28 11 4 19 29 15 16 34 
0 18
1 25
2 8
3 10
4 34
5 5
6 23
7 16
8 22
9 24
10 1
11 33
12 2
13 20
14 21
15 37
16 38
17 30
18 27
19 35
20 4
21 26
22 13
23 0
24 28
25 11
26 14
27 29
28 32
29 36
30 12
31 9
32 19
33 7
34 39
35 17
36 31
37 6
38 15
39 3
SIMILAR

35 15 24 18 2 23 14 13 27 5 8 36 9 31 33 32 12 34 28 25 3 11 16 38 1 30 6 0 17 21 7 22 10 39 26 4 19 37 29 20 
0 27
1 24
2 4
3 20
4 35
5 9
6 26
7 30
8 10
9 12
10 32
11 21
12 16
13 7
14 6
15 1
16 22
17 28
18 3
19 36
20 39
21 29
22 31
23 5
24 2
25 19
26 34
27 8
28 18
29 38
30 25
31 13
32 15
33 14
34 17
35 0
36 11
37 37
38 23
39 33
SIMILAR

15 6 2 9 1 4 8 0 22 33 5 7 14 20 24 39 25 10 17 11 19 31 36 21 38 29 30 34 37 35 23 3 16 18 13 26 32 12 27 28 
0 7
1 4
2 2
3 31
4 5
5 10
6 1
7 11
8 6
9 3
10 17
11 19
12 37
13 34
14 12
15 0
16 32
17 18
18 33
19 20
20 13
21 23
22 8
23 30
24 14
25 16
26 35
27 38
28 39
29 25
30 26
31 21
32 36
33 9
34 27
35 29
36 22
37 28
38 24
39 15
SIMILAR

15 14 23 26 22 17 18 35 25 12 32 4 24 5 34 27 7 38 3 33 16 37 13 11 8 19 31 2 21 10 9 28 36 6 39 29 30 20 0 1 
0 38
1 39
2 27
3 18
4 11
5 13
6 33
7 16
8 24
9 30
10 29
11 23
12 9
13 22
14 1
15 0
16 20
17 5
18 6
19 25
20 37
21 28
22 4
23 2
24 12
25 8
26 3
27 15
28 31
29 35
30 36
31 26
32 10
33 19
34 14
35 7
36 32
37 21
38 17
39 34
SIMILAR

32 27 22 0 18 34 17 6 28 5 12 37 10 38 1 8 30 3 11 13 7 33 25 15 21 29 19 24 39 16 31 35 14 36 20 4 2 23 9 26 
0 3
1 14
2 36
3 17
4 35
5 9
6 7
7 20
8 15
9 38
10 12
11 18
12 10
13 19
14 32
15 23
16 29
17 6
18 4
19 26
20 34
21 24
22 2
23 37
24 27
25 22
26 39
27 1
28 8
29 25
30 16
31 30
32 0
33 21
34 5
35 31
36 33
37 11
38 13
39 28
SIMILAR

8 27 36 9 1 13 2 12 38 39 34 31 6 19 29 35 11 15 18 0 5 24 21 22 26 32 4 7 37 3 16 33 28 14 17 23 30 20 10 25 
0 19
1 4
2 6
3 29
4 26
5 20
6 12
7 27
8 0
9 3
10 38
11 16
12 7
13 5
14 33
15 17
16 30
17 34
18 18
19 13
20 37
21 22
22 23
23 35
24 21
25 39
26 24
27 1
28 32
29 14
30 36
31 11
32 25
33 31
34 10
35 15
36 2
37 28
38 8
39 9
SIMILAR

15 17 7 20 2 25 16 35 1 34 27 14 11 39 4 33 28 5 36 12 29 8 32 3 38 37 23 31 18 30 9 22 13 19 24 10 26 21 0 6 
0 38
1 8
2 4
3 23
4 14
5 17
6 39
7 2
8 21
9 30
10 35
11 12
12 19
13 32
14 11
15 0
16 6
17 1
18 28
19 33
20 3
21 37
22 31
23 26
24 34
25 5
26 36
27 10
28 16
29 20
30 29
31 27
32 22
33 15
34 9
35 7
36 18
37 25
38 24
39 13
SIMILAR

31 3 33 39 23 11 17 16 25 2 9 21 1 20 27 7 34 36 30 38 32 12 18 10 37 29 4 13 5 6 35 19 28 14 8 22 15 26 0 24 
0 38
1 12
2 9
3 1
4 26
5 28
6 29
7 15
8 34
9 10
10 23
11 5
12 21
13 27
14 33
15 36
16 7
17 6
18 22
19 31
20 13
21 11
22 35
23 4
24 39
25 8
26 37
27 14
28 32
29 25
30 18
31 0
32 20
33 2
34 16
35 30
36 17
37 24
38 19
39 3
SIMILAR

33 9 7 2 10 28 21 23 11 35 34 27 36 20 3 16 15 38 19 37 22 6 8 1 31 24 18 12 32 29 17 4 26 0 30 13 25 39 14 5 
0 33
1 23
2 3
3 14
4 31
5 39
6 21
7 2
8 22
9 1
10 4
11 8
12 27
13 35
14 38
15 16
16 15
17 30
18 26
19 18
20 13
21 6
22 20
23 7
24 25
25 36
26 32
27 11
28 5
29 29
30 34
31 24
32 28
33 0
34 10
35 9
36 12
37 19
38 17
39 37
SIMILAR

9 11 29 2 1 18 33 32 30 25 0 7 3 35 38 16 36 31 26 4 22 23 37 14 19 20 10 17 21 27 28 8 6 15 24 12 13 5 34 39 
0 10
1 4
2 3
3 12
4 19
5 37
6 32
7 11
8 31
9 0
10 26
11 1
12 35
13 36
14 23
15 33
16 15
17 27
18 5
19 24
20 25
21 28
22 20
23 21
24 34
25 9
26 18
27 29
28 30
29 2
30 8
31 17
32 7
33 6
34 38
35 13
36 16
37 22
38 14
39 39
SIMILAR

25 19 21 6 37 31 29 18 33 20 4 26 9 1 28 17 23 38 12 39 15 11 2 16 10 5 8 14 0 22 13 3 7 30 35 32 36 27 24 34 
0 28
1 13
2 22
3 31
4 10
5 25
6 3
7 32
8 26
9 12
10 24
11 21
12 18
13 30
14 27
15 20
16 23
17 15
18 7
19 1
20 9
21 2
22 29
23 16
24 38
25 0
26 11
27 37
28 14
29 6
30 33
31 5
32 35
33 8
34 39
35 34
36 36
37 4
38 17
39 19
SIMILAR

19 7 1 4 3 39 16 27 9 25 29 2 30 33 6 18 21 26 15 31 35 8 10 34 12 38 23 0 13 28 37 22 11 17 32 14 36 24 5 20 
0 27
1 2
2 11
3 4
4 3
5 38
6 14
7 1
8 21
9 8
10 22
11 32
12 24
13 28
14 35
15 18
16 6
17 33
18 15
19 0
20 39
21 16
22 31
23 26
24 37
25 9
26 17
27 7
28 29
29 10
30 12
31 19
32 34
33 13
34 23
35 20
36 36
37 30
38 25
39 5
SIMILAR

10 30 29 27 38 8 32 5 7 39 37 31 15 0 34 1 13 24 3 35 11 21 18 22 23 14 9 6 33 28 2 12 17 20 16 19 26 25 4 36 
0 13
1 15
2 30
3 18
4 38
5 7
6 27
7 8
8 5
9 26
10 0
11 20
12 31
13 16
14 25
15 12
16 34
17 32
18 22
19 35
20 33
21 21
22 23
23 24
24 17
25 37
26 36
27 3
28 29
29 2
30 1
31 11
32 6
33 28
34 14
35 19
36 39
37 10
38 4
39 9
SIMILAR

13 7 33 35 26 12 24 20 14 22 21 3 25 16 2 29 15 32 1 39 30 36 0 6 5 19 4 18 34 27 8 28 17 37 11 31 38 23 9 10 
0 22
1 18
2 14
3 11
4 26
5 24
6 23
7 1
8 30
9 38
10 39
11 34
12 5
13 0
14 8
15 16
16 13
17 32
18 27
19 25
20 7
21 10
22 9
23 37
24 6
25 12
26 4
27 29
28 31
29 15
30 20
31 35
32 17
33 2
34 28
35 3
36 21
37 33
38 36
39 19
SIMILAR

38 17 34 32 9 6 39 5 36 27 29 25 1 10 18 16 19 37 7 33 30 24 31 12 4 8 21 11 28 3 23 2 22 35 13 0 20 15 14 26 
0 35
1 12
2 31
3 29
4 24
5 7
6 5
7 18
8 25
9 4
10 13
11 27
12 23
13 34
14 38
15 37
16 15
17 1
18 14
19 16
20 36
21 26
22 32
23 30
24 21
25 11
26 39
27 9
28 28
29 10
30 20
31 22
32 3
33 19
34 2
35 33
36 8
37 17
38 0
39 6
SIMILAR

27 2 0 17 35 11 3 30 8 38 29 10 22 31 4 9 15 7 36 28 5 19 34 14 12 21 39 23 37 18 20 6 32 1 26 13 33 16 24 25 
0 2
1 33
2 1
3 6
4 14
5 20
6 31
7 17
8 8
9 15
10 11
11 5
12 24
13 35
14 23
15 16
16 37
17 3
18 29
19 21
20 30
21 25
22 12
23 27
24 38
25 39
26 34
27 0
28 19
29 10
30 7
31 13
32 32
33 36
34 22
35 4
36 18
37 28
38 9
39 26
SIMILAR

11 16 35 22 3 14 23 26 39 25 20 34 19 18 27 29 36 6 33 30 31 12 32 1 4 13 5 2 37 28 7 9 38 10 21 17 15 0 24 8 
0 37
1 23
2 27
3 4
4 24
5 26
6 17
7 30
8 39
9 31
10 33
11 0
12 21
13 25
14 5
15 36
16 1
17 35
18 13
19 12
20 10
21 34
22 3
23 6
24 38
25 9
26 7
27 14
28 29
29 15
30 19
31 20
32 22
33 18
34 11
35 2
36 16
37 28
38 32
39 8
SIMILAR

31 39 3 25 22 11 23 28 9 32 37 0 5 2 13 4 8 30 6 17 21 38 7 29 10 18 36 20 12 33 27 1 24 14 26 19 34 15 35 16 
0 11
1 31
2 13
3 2
4 15
5 12
6 18
7 22
8 16
9 8
10 24
11 5
12 28
13 14
14 33
15 37
16 39
17 19
18 25
19 35
20 27
21 20
22 4
23 6
24 32
25 3
26 34
27 30
28 7
29 23
30 17
31 0
32 9
33 29
34 36
35 38
36 26
37 10
38 21
39 1
SIMILAR

18 4 32 25 7 6 0 12 14 21 20 28 38 31 11 2 29 5 33 8 37 23 19 26 39 15 22 9 17 10 24 30 1 34 36 13 35 16 3 27 
0 6
1 32
2 15
3 38
4 1
5 17
6 5
7 4
8 19
9 27
10 29
11 14
12 7
13 35
14 8
15 25
16 37
17 28
18 0
19 22
20 10
21 9
22 26
23 21
24 30
25 3
26 23
27 39
28 11
29 16
30 31
31 13
32 2
33 18
34 33
35 36
36 34
37 20
38 12
39 24
SIMILAR

11 19 5 27 17 1 39 8 16 9 14 33 31 24 4 36 15 18 7 35 6 13 25 22 10 23 26 28 21 29 32 34 20 3 30 37 12 38 2 0 
0 39
1 5
2 38
3 33
4 14
5 2
6 20
7 18
8 7
9 9
10 24
11 0
12 36
13 21
14 10
15 16
16 8
17 4
18 17
19 1
20 32
21 28
22 23
23 25
24 13
25 22
26 26
27 3
28 27
29 29
30 34
31 12
32 30
33 11
34 31
35 19
36 15
37 35
38 37
39 6
SIMILAR

24 20 3 31 12 33 14 17 22 2 6 35 36 9 23 8 27 26 7 13 4 1 30 29 21 28 32 18 39 5 19 38 25 0 10 16 15 34 11 37 
0 33
1 21
2 9
3 2
4 20
5 29
6 10
7 18
8 15
9 13
10 34
11 38
12 4
13 19
14 6
15 36
16 35
17 7
18 27
19 30
20 1
21 24
22 8
23 14
24 0
25 32
26 17
27 16
28 25
29 23
30 22
31 3
32 26
33 5
34 37
35 11
36 12
37 39
38 31
39 28
SIMILAR

32 28 1 29 16 39 34 35 10 8 33 2 9 4 25 7 13 37 38 30 27 11 21 14 18 3 22 23 0 26 24 20 31 15 6 5 19 12 36 17 
0 28
1 2
2 11
3 25
4 13
5 35
6 34
7 15
8 9
9 12
10 8
11 21
12 37
13 16
14 23
15 33
16 4
17 39
18 24
19 36
20 31
21 22
22 26
23 27
24 30
25 14
26 29
27 20
28 1
29 3
30 19
31 32
32 0
33 10
34 6
35 7
36 38
37 17
38 18
39 5
SIMILAR

6 1 26 21 16 35 27 22 4 15 36 3 29 18 30 37 33 11 31 28 12 38 17 23 8 34 24 10 20 7 32 2 39 9 0 5 19 13 25 14 
0 34
1 1
2 31
3 11
4 8
5 35
6 0
7 29
8 24
9 33
10 27
11 17
12 20
13 37
14 39
15 9
16 4
17 22
18 13
19 36
20 28
21 3
22 7
23 23
24 26
25 38
26 2
27 6
28 19
29 12
30 14
31 18
32 30
33 16
34 25
35 5
36 10
37 15
38 21
39 32
SIMILAR

5 25 4 31 15 10 13 24 21 11 22 20 1 6 26 29 14 28 35 38 3 8 23 17 16 32 9 27 39 34 2 33 30 36 19 7 18 12 0 37 
0 38
1 12
2 30
3 20
4 2
5 0
6 13
7 35
8 21
9 26
10 5
11 9
12 37
13 6
14 16
15 4
16 24
17 23
18 36
19 34
20 11
21 8
22 10
23 22
24 7
25 1
26 14
27 27
28 17
29 15
30 32
31 3
32 25
33 31
34 29
35 18
36 33
37 39
38 19
39 28
SIMILAR

30 9 11 20 23 1 17 8 24 29 7 28 13 35 22 19 26 14 5 36 3 6 34 2 39 12 21 18 0 15 31 32 27 25 16 10 33 4 38 37 
0 28
1 5
2 23
3 20
4 37
5 18
6 21
7 10
8 7
9 1
10 35
11 2
12 25
13 12
14 17
15 29
16 34
17 6
18 27
19 15
20 3
21 26
22 14
23 4
24 8
25 33
26 16
27 32
28 11
29 9
30 0
31 30
32 31
33 36
34 22
35 13
36 19
37 39
38 38
39 24
SIMILAR

18 36 8 14 17 2 4 25 21 31 20 13 29 11 33 5 19 32 15 12 35 39 38 23 28 30 10 27 26 1 34 3 22 7 16 9 37 24 6 0 
0 39
1 29
2 5
3 31
4 6
5 15
6 38
7 33
8 2
9 35
10 26
11 13
12 19
13 11
14 3
15 18
16 34
17 4
18 0
19 16
20 10
21 8
22 32
23 23
24 37
25 7
26 28
27 27
28 24
29 12
30 25
31 9
32 17
33 14
34 30
35 20
36 1
37 36
38 22
39 21
SIMILAR

20 39 2 12 7 17 10 18 24 21 22 37 33 38 8 26 31 32 14 5 11 0 27 1 9 13 34 36 16 35 28 19 15 4 29 25 6 30 23 3 
0 21
1 23
2 2
3 39
4 33
5 19
6 36
7 4
8 14
9 24
10 6
11 20
12 3
13 25
14 18
15 32
16 28
17 5
18 7
19 31
20 0
21 9
22 10
23 38
24 8
25 35
26 15
27 22
28 30
29 34
30 37
31 16
32 17
33 12
34 26
35 29
36 27
37 11
38 13
39 1
SIMILAR

23 26 5 4 10 18 15 16 34 0 27 31 1 24 9 37 29 6 22 33 11 21 7 2 38 28 25 39 30 20 32 8 14 19 12 17 3 36 13 35 
0 9
1 12
2 23
3 36
4 3
5 2
6 17
7 22
8 31
9 14
10 4
11 20
12 34
13 38
14 32
15 6
16 7
17 35
18 5
19 33
20 29
21 21
22 18
23 0
24 13
25 26
26 1
27 10
28 25
29 16
30 28
31 11
32 30
33 19
34 8
35 39
36 37
37 15
38 24
39 27
SIMILAR

24 14 9 36 10 7 28 34 11 35 19 6 31 16 5 12 4 26 13 38 37 25 27 17 0 32 8 29 21 22 2 3 33 18 20 39 1 23 30 15 
0 24
1 36
2 30
3 31
4 16
5 14
6 11
7 5
8 26
9 2
10 4
11 8
12 15
13 18
14 1
15 39
16 13
17 23
18 33
19 10
20 34
21 28
22 29
23 37
24 0
25 21
26 17
27 22
28 6
29 27
30 38
31 12
32 25
33 32
34 7
35 9
36 3
37 20
38 19
39 35
SIMILAR

16 4 35 26 28 19 1 39 6 7 8 24 37 23 11 9 36 34 0 18 38 17 2 3 10 5 33 22 32 12 31 20 25 15 14 29 30 13 21 27 
0 18
1 6
2 22
3 23
4 1
5 25
6 8
7 9
8 10
9 15
10 24
11 14
12 29
13 37
14 34
15 33
16 0
17 21
18 19
19 5
20 31
21 38
22 27
23 13
24 11
25 32
26 3
27 39
28 4
29 35
30 36
31 30
32 28
33 26
34 17
35 2
36 16
37 12
38 20
39 7
SIMILAR

9 21 30 22 35 20 39 15 7 2 8 5 37 12 34 0 17 6 23 4 38 32 19 3 14 26 18 1 24 10 16 28 31 13 33 11 25 29 36 27 
0 15
1 27
2 9
3 23
4 19
5 11
6 17
7 8
8 10
9 0
10 29
11 35
12 13
13 33
14 24
15 7
16 30
17 16
18 26
19 22
20 5
21 1
22 3
23 18
24 28
25 36
26 25
27 39
28 31
29 37
30 2
31 32
32 21
33 34
34 14
35 4
36 38
37 12
38 20
39 6
SIMILAR

32 11 30 3 9 23 7 29 26 8 15 35 36 2 34 19 22 25 0 6 37 4 31 20 5 17 10 12 13 27 38 21 33 16 14 28 18 39 1 24 
0 18
1 38
2 13
3 3
4 21
5 24
6 19
7 6
8 9
9 4
10 26
11 1
12 27
13 28
14 34
15 10
16 33
17 25
18 36
19 15
20 23
21 31
22 16
23 5
24 39
25 17
26 8
27 29
28 35
29 7
30 2
31 22
32 0
33 32
34 14
35 11
36 12
37 20
38 30
39 37
SIMILAR

4 12 6 22 15 21 7 32 13 16 10 9 20 37 28 11 2 34 0 26 8 30 18 25 14 35 27 17 19 39 29 33 31 38 23 5 3 1 24 36 
0 18
1 37
2 16
3 36
4 0
5 35
6 2
7 6
8 20
9 11
10 10
11 15
12 1
13 8
14 24
15 4
16 9
17 27
18 22
19 28
20 12
21 5
22 3
23 34
24 38
25 23
26 19
27 26
28 14
29 30
30 21
31 32
32 7
33 31
34 17
35 25
36 39
37 13
38 33
39 29
SIMILAR

5 15 8 36 34 14 39 27 11 0 1 12 25 4 22 31 18 32 35 3 2 33 16 6 21 19 9 29 26 20 10 24 13 30 23 17 7 38 28 37 
0 9
1 10
2 20
3 19
4 13
5 0
6 23
7 36
8 2
9 26
10 30
11 8
12 11
13 32
14 5
15 1
16 22
17 35
18 16
19 25
20 29
21 24
22 14
23 34
24 31
25 12
26 28
27 7
28 38
29 27
30 33
31 15
32 17
33 21
34 4
35 18
36 3
37 39
38 37
39 6
SIMILAR

7 15 3 20 6 19 24 31 13 16 17 0 11 2 37 4 38 39 22 8 35 23 36 32 14 28 10 25 1 9 18 12 30 33 21 29 27 34 5 26 
0 11
1 28
2 13
3 2
4 15
5 38
6 4
7 0
8 19
9 29
10 26
11 12
12 31
13 8
14 24
15 1
16 9
17 10
18 30
19 5
20 3
21 34
22 18
23 21
24 6
25 27
26 39
27 36
28 25
29 35
30 32
31 7
32 23
33 33
34 37
35 20
36 22
37 14
38 16
39 17
SIMILAR

37 9 2 15 23 39 35 30 7 6 38 5 27 17 36 12 14 0 31 4 33 20 34 3 25 21 28 22 24 8 18 10 19 32 16 1 29 13 11 26 
0 17
1 35
2 2
3 23
4 19
5 11
6 9
7 8
8 29
9 1
10 31
11 38
12 15
13 37
14 16
15 3
16 34
17 13
18 30
19 32
20 21
21 25
22 27
23 4
24 28
25 24
26 39
27 12
28 26
29 36
30 7
31 18
32 33
33 20
34 22
35 6
36 14
37 0
38 10
39 5
SIMILAR

28 34 26 8 21 0 32 29 10 39 7 23 4 19 1 27 38 18 6 20 16 2 36 9 24 3 11 31 14 37 30 12 35 15 33 22 13 5 25 17 
0 5
1 14
2 21
3 25
4 12
5 37
6 18
7 10
8 3
9 23
10 8
11 26
12 31
13 36
14 28
15 33
16 20
17 39
18 17
19 13
20 19
21 4
22 35
23 11
24 24
25 38
26 2
27 15
28 0
29 7
30 30
31 27
32 6
33 34
34 1
35 32
36 22
37 29
38 16
39 9
SIMILAR

33 30 22 35 12 9 5 34 28 13 23 3 0 7 29 20 19 2 39 6 24 17 25 4 16 8 31 32 15 37 11 36 38 14 27 10 21 18 26 1 
0 12
1 39
2 17
3 11
4 23
5 6
6 19
7 13
8 25
9 5
10 35
11 30
12 4
13 9
14 33
15 28
16 24
17 21
18 37
19 16
20 15
21 36
22 2
23 10
24 20
25 22
26 38
27 34
28 8
29 14
30 1
31 26
32 27
33 0
34 7
35 3
36 31
37 29
38 32
39 18
SIMILAR

29 30 37 26 22 38 25 14 32 28 6 19 39 10 24 33 34 1 23 12 17 27 18 35 5 20 11 31 0 4 13 16 3 15 8 21 7 2 36 9 
0 28
1 17
2 37
3 32
4 29
5 24
6 10
7 36
8 34
9 39
10 13
11 26
12 19
13 30
14 7
15 33
16 31
17 20
18 22
19 11
20 25
21 35
22 4
23 18
24 14
25 6
26 3
27 21
28 9
29 0
30 1
31 27
32 8
33 15
34 16
35 23
36 38
37 2
38 5
39 12
SIMILAR

39 25 14 4 1 32 26 18 23 6 33 12 17 15 28 38 24 11 20 9 29 13 5 22 8 35 19 30 37 3 21 0 2 34 10 16 7 27 31 36 
0 31
1 4
2 32
3 29
4 3
5 22
6 9
7 36
8 24
9 19
10 34
11 17
12 11
13 21
14 2
15 13
16 35
17 12
18 7
19 26
20 18
21 30
22 23
23 8
24 16
25 1
26 6
27 37
28 14
29 20
30 27
31 38
32 5
33 10
34 33
35 25
36 39
37 28
38 15
39 0
SIMILAR

13 27 38 28 15 30 36 24 26 0 35 25 7 31 2 8 29 3 16 14 39 33 21 18 1 34 17 12 23 9 4 5 11 19 20 32 37 10 6 22 
0 9
1 24
2 14
3 17
4 30
5 31
6 38
7 12
8 15
9 29
10 37
11 32
12 27
13 0
14 19
15 4
16 18
17 26
18 23
19 33
20 34
21 22
22 39
23 28
24 7
25 11
26 8
27 1
28 3
29 16
30 5
31 13
32 35
33 21
34 25
35 10
36 6
37 36
38 2
39 20
SIMILAR

13 4 22 20 31 3 37 36 38 39 1 7 11 26 16 15 14 32 35 19 30 5 2 28 21 12 17 18 33 27 24 9 29 8 6 0 34 25 23 10 
0 35
1 10
2 22
3 5
4 1
5 21
6 34
7 11
8 33
9 31
10 39
11 12
12 25
13 0
14 16
15 15
16 14
17 26
18 27
19 19
20 3
21 24
22 2
23 38
24 30
25 37
26 13
27 29
28 23
29 32
30 20
31 4
32 17
33 28
34 36
35 18
36 7
37 6
38 8
39 9
SIMILAR

2 35 26 16 29 20 7 32 9 3 31 28 1 15 38 23 30 25 18 34 24 0 11 19 8 6 14 12 4 22 39 36 5 13 27 21 37 33 10 17 
0 21
1 12
2 0
3 9
4 28
5 32
6 25
7 6
8 24
9 8
10 38
11 22
12 27
13 33
14 26
15 13
16 3
17 39
18 18
19 23
20 5
21 35
22 29
23 15
24 20
25 17
26 2
27 34
28 11
29 4
30 16
31 10
32 7
33 37
34 19
35 1
36 31
37 36
38 14
39 30
SIMILAR

38 0 22 32 28 10 5 23 33 7 9 37 17 36 34 39 16 27 18 30 29 19 4 14 12 8 1 11 21 3 2 6 26 35 24 20 25 31 13 15 
0 1
1 26
2 30
3 29
4 22
5 6
6 31
7 9
8 25
9 10
10 5
11 27
12 24
13 38
14 23
15 39
16 16
17 12
18 18
19 21
20 35
21 28
22 2
23 7
24 34
25 36
26 32
27 17
28 4
29 20
30 19
31 37
32 3
33 8
34 14
35 33
36 13
37 11
38 0
39 15
SIMILAR

12 0 6 5 14 17 32 15 27 34 24 9 39 38 11 13 16 3 20 26 36 18 1 31 33 28 21 35 8 25 37 30 19 7 10 22 23 4 2 29 
0 1
1 22
2 38
3 17
4 37
5 3
6 2
7 33
8 28
9 11
10 34
11 14
12 0
13 15
14 4
15 7
16 16
17 5
18 21
19 32
20 18
21 26
22 35
23 36
24 10
25 29
26 19
27 8
28 25
29 39
30 31
31 23
32 6
33 24
34 9
35 27
36 20
37 30
38 13
39 12
SIMILAR

26 5 6 22 4 33 7 39 25 0 31 9 14 13 38 37 21 36 10 3 28 32 12 15 8 29 27 19 18 2 1 35 24 34 17 11 20 23 30 16 
0 9
1 30
2 29
3 19
4 4
5 1
6 2
7 6
8 24
9 11
10 18
11 35
12 22
13 13
14 12
15 23
16 39
17 34
18 28
19 27
20 36
21 16
22 3
23 37
24 32
25 8
26 0
27 26
28 20
29 25
30 38
31 10
32 21
33 5
34 33
35 31
36 17
37 15
38 14
39 7
SIMILAR

14 36 19 15 0 27 4 34 3 16 6 32 30 10 37 31 33 25 17 20 7 9 29 12 5 24 22 23 8 18 28 35 1 26 13 38 2 11 39 21 
0 4
1 32
2 36
3 8
4 6
5 24
6 10
7 20
8 28
9 21
10 13
11 37
12 23
13 34
14 0
15 3
16 9
17 18
18 29
19 2
20 19
21 39
22 26
23 27
24 25
25 17
26 33
27 5
28 30
29 22
30 12
31 15
32 11
33 16
34 7
35 31
36 1
37 14
38 35
39 38
SIMILAR

16 31 8 4 21 7 24 10 18 33 37 15 13 14 5 28 6 20 35 39 25 32 9 12 0 36 38 17 2 23 30 22 27 11 1 3 26 29 34 19 
0 24
1 34
2 28
3 35
4 3
5 14
6 16
7 5
8 2
9 22
10 7
11 33
12 23
13 12
14 13
15 11
16 0
17 27
18 8
19 39
20 17
21 4
22 31
23 29
24 6
25 20
26 36
27 32
28 15
29 37
30 30
31 1
32 21
33 9
34 38
35 18
36 25
37 10
38 26
39 19
SIMILAR

6 27 30 5 13 24 31 23 14 4 18 22 39 16 12 3 26 35 10 29 17 15 28 34 0 2 38 20 32 21 8 7 19 37 33 1 25 11 9 36 
0 24
1 35
2 25
3 15
4 9
5 3
6 0
7 31
8 30
9 38
10 18
11 37
12 14
13 4
14 8
15 21
16 13
17 20
18 10
19 32
20 27
21 29
22 11
23 7
24 5
25 36
26 16
27 1
28 22
29 19
30 2
31 6
32 28
33 34
34 23
35 17
36 39
37 33
38 26
39 12
SIMILAR

13 29 4 35 33 8 7 11 3 18 24 37 23 32 12 36 31 17 10 6 28 22 5 16 20 38 0 39 25 30 15 9 27 1 19 34 14 21 26 2 
0 26
1 33
2 39
3 8
4 2
5 22
6 19
7 6
8 5
9 31
10 18
11 7
12 14
13 0
14 36
15 30
16 23
17 17
18 9
19 34
20 24
21 37
22 21
23 12
24 10
25 28
26 38
27 32
28 20
29 1
30 29
31 16
32 13
33 4
34 35
35 3
36 15
37 11
38 25
39 27
SIMILAR

35 20 30 33 15 23 28 7 11 27 4 14 24 0 39 31 10 21 34 13 9 38 22 18 25 37 29 32 26 3 19 5 36 2 17 1 16 8 6 12 
0 13
1 35
2 33
3 29
4 10
5 31
6 38
7 7
8 37
9 20
10 16
11 8
12 39
13 19
14 11
15 4
16 36
17 34
18 23
19 30
20 1
21 17
22 22
23 5
24 12
25 24
26 28
27 9
28 6
29 26
30 2
31 15
32 27
33 3
34 18
35 0
36 32
37 25
38 21
39 14
SIMILAR

27 37 38 29 6 13 33 8 21 0 15 12 35 28 14 1 3 16 36 24 7 10 22 30 11 17 25 31 18 32 20 5 34 26 9 23 2 4 39 19 
0 9
1 15
2 36
3 16
4 37
5 31
6 4
7 20
8 7
9 34
10 21
11 24
12 11
13 5
14 14
15 10
16 17
17 25
18 28
19 39
20 30
21 8
22 22
23 35
24 19
25 26
26 33
27 0
28 13
29 3
30 23
31 27
32 29
33 6
34 32
35 12
36 18
37 1
38 2
39 38
SIMILAR

15 38 33 31 29 34 13 2 10 21 28 25 0 24 19 30 4 16 20 35 22 26 6 17 14 5 18 37 1 36 27 11 8 23 12 3 39 7 9 32 
0 12
1 28
2 7
3 35
4 16
5 25
6 22
7 37
8 32
9 38
10 8
11 31
12 34
13 6
14 24
15 0
16 17
17 23
18 26
19 14
20 18
21 9
22 20
23 33
24 13
25 11
26 21
27 30
28 10
29 4
30 15
31 3
32 39
33 2
34 5
35 19
36 29
37 27
38 1
39 36
SIMILAR

23 25 8 14 18 17 35 15 16 1 24 22 38 29 34 37 26 21 31 28 11 5 32 10 39 7 2 3 20 30 13 33 9 12 27 36 6 19 4 0 
0 39
1 9
2 26
3 27
4 38
5 21
6 36
7 25
8 2
9 32
10 23
11 20
12 33
13 30
14 3
15 7
16 8
17 5
18 4
19 37
20 28
21 17
22 11
23 0
24 10
25 1
26 16
27 34
28 19
29 13
30 29
31 18
32 22
33 31
34 14
35 6
36 35
37 15
38 12
39 24
SIMILAR

32 10 9 17 12 16 6 26 21 22 3 8 24 39 38 19 7 11 0 18 14 20 30 25 34 35 13 36 4 31 27 2 29 1 28 23 37 15 5 33 
0 18
1 33
2 31
3 10
4 28
5 38
6 6
7 16
8 11
9 2
10 1
11 17
12 4
13 26
14 20
15 37
16 5
17 3
18 19
19 15
20 21
21 8
22 9
23 35
24 12
25 23
26 7
27 30
28 34
29 32
30 22
31 29
32 0
33 39
34 24
35 25
36 27
37 36
38 14
39 13
SIMILAR

9 35 15 22 30 27 8 31 26 20 21 28 38 39 13 37 29 34 24 7 1 19 33 3 4 18 25 16 14 0 17 32 10 12 2 11 6 5 23 36 
0 29
1 20
2 34
3 23
4 24
5 37
6 36
7 19
8 6
9 0
10 32
11 35
12 33
13 14
14 28
15 2
16 27
17 30
18 25
19 21
20 9
21 10
22 3
23 38
24 18
25 26
26 8
27 5
28 11
29 16
30 4
31 7
32 31
33 22
34 17
35 1
36 39
37 15
38 12
39 13
SIMILAR

10 3 33 11 30 17 38 29 1 13 31 28 5 20 24 8 16 6 32 26 27 12 25 34 4 35 37 9 0 7 39 21 23 2 18 19 36 15 14 22 
0 28
1 8
2 33
3 1
4 24
5 12
6 17
7 29
8 15
9 27
10 0
11 3
12 21
13 9
14 38
15 37
16 16
17 5
18 34
19 35
20 13
21 31
22 39
23 32
24 14
25 22
26 19
27 20
28 11
29 7
30 4
31 10
32 18
33 2
34 23
35 25
36 36
37 26
38 6
39 30
SIMILAR

11 7 10 25 23 20 19 15 35 17 12 3 4 0 24 5 18 32 29 33 22 14 1 27 28 6 37 2 30 31 26 36 39 21 38 8 13 16 34 9 
0 13
1 22
2 27
3 11
4 12
5 15
6 25
7 1
8 35
9 39
10 2
11 0
12 10
13 36
14 21
15 7
16 37
17 9
18 16
19 6
20 5
21 33
22 20
23 4
24 14
25 3
26 30
27 23
28 24
29 18
30 28
31 29
32 17
33 19
34 38
35 8
36 31
37 26
38 34
39 32
SIMILAR

31 37 8 4 36 28 18 2 6 16 32 21 0 25 38 30 29 20 33 24 27 23 22 19 9 3 10 26 17 15 14 11 7 5 35 12 39 13 34 1 
0 12
1 39
2 7
3 25
4 3
5 33
6 8
7 32
8 2
9 24
10 26
11 31
12 35
13 37
14 30
15 29
16 9
17 28
18 6
19 23
20 17
21 11
22 22
23 21
24 19
25 13
26 27
27 20
28 5
29 16
30 15
31 0
32 10
33 18
34 38
35 34
36 4
37 1
38 14
39 36
SIMILAR

31 0 5 15 24 32 19 39 38 21 25 9 37 7 8 27 29 35 18 14 22 28 16 33 6 12 13 17 11 30 36 10 1 26 4 2 23 20 3 34 
0 1
1 32
2 35
3 38
4 34
5 2
6 24
7 13
8 14
9 11
10 31
11 28
12 25
13 26
14 19
15 3
16 22
17 27
18 18
19 6
20 37
21 9
22 20
23 36
24 4
25 10
26 33
27 15
28 21
29 16
30 29
31 0
32 5
33 23
34 39
35 17
36 30
37 12
38 8
39 7
SIMILAR

25 17 16 27 30 8 34 3 19 35 32 1 38 31 6 28 29 24 21 15 18 33 7 36 2 22 9 4 20 11 10 26 23 12 37 14 13 5 39 0 
0 39
1 11
2 24
3 7
4 27
5 37
6 14
7 22
8 5
9 26
10 30
11 29
12 33
13 36
14 35
15 19
16 2
17 1
18 20
19 8
20 28
21 18
22 25
23 32
24 17
25 0
26 31
27 3
28 15
29 16
30 4
31 13
32 10
33 21
34 6
35 9
36 23
37 34
38 12
39 38
SIMILAR

7 18 13 8 1 5 32 3 12 36 34 2 0 28 17 27 26 22 38 23 19 33 24 39 35 29 14 6 15 11 31 9 25 16 10 30 20 37 21 4 
0 12
1 4
2 11
3 7
4 39
5 5
6 27
7 0
8 3
9 31
10 34
11 29
12 8
13 2
14 26
15 28
16 33
17 14
18 1
19 20
20 36
21 38
22 17
23 19
24 22
25 32
26 16
27 15
28 13
29 25
30 35
31 30
32 6
33 21
34 10
35 24
36 9
37 37
38 18
39 23
SIMILAR

22 8 4 20 11 15 21 13 6 17 19 31 14 7 30 36 32 16 2 18 27 5 10 29 12 34 33 35 9 25 1 28 39 24 23 0 3 38 37 26 
0 35
1 30
2 18
3 36
4 2
5 21
6 8
7 13
8 1
9 28
10 22
11 4
12 24
13 7
14 12
15 5
16 17
17 9
18 19
19 10
20 3
21 6
22 0
23 34
24 33
25 29
26 39
27 20
28 31
29 23
30 14
31 11
32 16
33 26
34 25
35 27
36 15
37 38
38 37
39 32
SIMILAR

39 26 38 13 5 18 23 17 10 16 11 29 8 20 7 30 3 32 36 37 21 22 27 2 31 4 6 35 28 19 14 33 12 0 34 9 25 24 15 1 
0 33
1 39
2 23
3 16
4 25
5 4
6 26
7 14
8 12
9 35
10 8
11 10
12 32
13 3
14 30
15 38
16 9
17 7
18 5
19 29
20 13
21 20
22 21
23 6
24 37
25 36
26 1
27 22
28 28
29 11
30 15
31 24
32 17
33 31
34 34
35 27
36 18
37 19
38 2
39 0
SIMILAR

8 26 10 17 21 32 11 5 33 23 19 30 35 27 1 37 34 25 20 2 14 0 31 13 9 16 38 7 28 6 15 36 24 39 4 18 29 3 12 22 
0 21
1 14
2 19
3 37
4 34
5 7
6 29
7 27
8 0
9 24
10 2
11 6
12 38
13 23
14 20
15 30
16 25
17 3
18 35
19 10
20 18
21 4
22 39
23 9
24 32
25 17
26 1
27 13
28 28
29 36
30 11
31 22
32 5
33 8
34 16
35 12
36 31
37 15
38 26
39 33
SIMILAR

12 23 27 38 37 31 8 1 20 33 19 36 18 22 39 21 9 3 5 35 28 16 14 32 10 6 34 13 4 17 26 25 7 15 11 24 29 0 2 30 
0 37
1 7
2 38
3 17
4 28
5 18
6 25
7 32
8 6
9 16
10 24
11 34
12 0
13 27
14 22
15 33
16 21
17 29
18 12
19 10
20 8
21 15
22 13
23 1
24 35
25 31
26 30
27 2
28 20
29 36
30 39
31 5
32 23
33 9
34 26
35 19
36 11
37 4
38 3
39 14
SIMILAR

19 24 23 34 16 30 31 10 28 7 2 32 39 35 9 13 14 21 12 37 4 6 33 15 25 1 22 36 18 38 8 26 11 27 3 29 17 0 20 5 
0 37
1 25
2 10
3 34
4 20
5 39
6 21
7 9
8 30
9 14
10 7
11 32
12 18
13 15
14 16
15 23
16 4
17 36
18 28
19 0
20 38
21 17
22 26
23 2
24 1
25 24
26 31
27 33
28 8
29 35
30 5
31 6
32 11
33 22
34 3
35 13
36 27
37 19
38 29
39 12
SIMILAR

24 17 9 8 16 29 31 22 32 13 1 15 20 7 26 38 14 2 4 0 27 35 11 21 23 5 19 34 36 39 12 33 37 18 28 3 25 6 30 10 
0 19
1 10
2 17
3 35
4 18
5 25
6 37
7 13
8 3
9 2
10 39
11 22
12 30
13 9
14 16
15 11
16 4
17 1
18 33
19 26
20 12
21 23
22 7
23 24
24 0
25 36
26 14
27 20
28 34
29 5
30 38
31 6
32 8
33 31
34 27
35 21
36 28
37 32
38 15
39 29
SIMILAR

4 16 22 35 2 9 5 33 39 14 28 7 6 15 18 25 36 19 31 17 38 27 32 20 24 30 26 37 12 10 13 11 8 23 0 34 3 29 21 1 
0 34
1 39
2 4
3 36
4 0
5 6
6 12
7 11
8 32
9 5
10 29
11 31
12 28
13 30
14 9
15 13
16 1
17 19
18 14
19 17
20 23
21 38
22 2
23 33
24 24
25 15
26 26
27 21
28 10
29 37
30 25
31 18
32 22
33 7
34 35
35 3
36 16
37 27
38 20
39 8
SIMILAR

35 11 32 3 34 19 8 26 9 39 23 12 0 25 33 15 10 16 27 5 38 36 18 22 4 37 28 7 24 2 1 13 17 31 30 14 21 20 6 29 
0 12
1 30
2 29
3 3
4 24
5 19
6 38
7 27
8 6
9 8
10 16
11 1
12 11
13 31
14 35
15 15
16 17
17 32
18 22
19 5
20 37
21 36
22 23
23 10
24 28
25 13
26 7
27 18
28 26
29 39
30 34
31 33
32 2
33 14
34 4
35 0
36 21
37 25
38 20
39 9
SIMILAR

11 30 26 19 0 10 38 22 5 32 36 12 33 37 3 6 14 24 7 28 27 20 8 39 9 15 4 31 17 35 21 2 18 25 13 23 16 34 29 1 
0 4
1 39
2 31
3 14
4 26
5 8
6 15
7 18
8 22
9 24
10 5
11 0
12 11
13 34
14 16
15 25
16 36
17 28
18 32
19 3
20 21
21 30
22 7
23 35
24 17
25 33
26 2
27 20
28 19
29 38
30 1
31 27
32 9
33 12
34 37
35 29
36 10
37 13
38 6
39 23
SIMILAR

15 6 26 11 10 22 18 13 24 38 1 0 14 2 20 5 3 17 25 31 37 4 33 32 35 29 23 28 36 19 21 39 27 30 34 8 7 16 9 12 
0 11
1 10
2 13
3 16
4 21
5 15
6 1
7 36
8 35
9 38
10 4
11 3
12 39
13 7
14 12
15 0
16 37
17 17
18 6
19 29
20 14
21 30
22 5
23 26
24 8
25 18
26 2
27 32
28 27
29 25
30 33
31 19
32 23
33 22
34 34
35 24
36 28
37 20
38 9
39 31
SIMILAR

23 5 39 30 14 17 16 28 22 19 13 3 38 35 31 1 24 12 0 20 32 26 18 11 36 33 7 10 21 37 29 8 6 4 2 34 15 9 27 25 
0 18
1 15
2 34
3 11
4 33
5 1
6 32
7 26
8 31
9 37
10 27
11 23
12 17
13 10
14 4
15 36
16 6
17 5
18 22
19 9
20 19
21 28
22 8
23 0
24 16
25 39
26 21
27 38
28 7
29 30
30 3
31 14
32 20
33 25
34 35
35 13
36 24
37 29
38 12
39 2
SIMILAR
100 0
4800 0
364800 0
