40
0 1 1 0 0 0 0 0 1 0 0 0 1 0 1 0 1 0 0 1 0 1 0 1 1 0 1 1 1 0 1 0 1 0 0 0 0 0 1 0 
1 0 0 1 0 1 0 1 1 0 0 0 0 1 1 1 1 0 1 0 0 1 0 0 0 0 0 0 0 0 0 0 0 0 0 1 1 0 0 1 
1 0 0 1 0 0 0 1 1 0 0 1 1 1 0 0 0 1 1 1 0 0 0 0 1 0 0 0 0 1 1 1 1 0 0 0 0 1 1 1 
0 1 1 0 0 1 1 0 0 1 1 1 1 1 1 0 1 1 0 0 1 1 1 1 0 1 0 0 1 0 1 1 1 1 0 0 0 1 0 0 
0 0 0 0 0 1 1 1 0 1 1 0 0 0 0 1 1 0 1 0 1 1 0 1 1 1 1 0 0 0 0 0 1 0 1 0 1 1 1 1 
0 1 0 1 1 0 0 1 0 1 1 0 1 0 1 1 1 1 1 1 0 1 1 0 1 0 1 1 0 0 1 1 1 0 0 0 1 0 1 1 
0 0 0 1 1 0 0 1 1 1 0 1 0 1 1 1 0 0 0 1 0 1 1 1 1 0 0 1 0 1 1 1 1 0 0 1 1 1 1 1 
0 1 1 0 1 1 1 0 0 1 1 0 0 0 0 0 0 0 0 1 1 1 0 0 0 0 1 0 1 1 1 0 1 1 0 1 1 1 0 1 
1 1 1 0 0 0 1 0 0 1 0 0 0 0 0 1 1 1 1 1 0 1 1 1 1 0 0 0 1 0 1 0 0 0 1 0 1 0 0 1 
0 0 0 1 1 1 1 1 1 0 0 0 0 1 0 1 0 1 1 1 0 0 1 0 0 1 0 0 0 0 1 1 0 0 1 0 1 0 1 1 
0 0 0 1 1 1 0 1 0 0 0 0 1 0 1 1 0 0 1 0 1 1 0 1 0 1 1 1 1 1 1 0 1 1 1 1 0 0 1 0 
0 0 1 1 0 0 1 0 0 0 0 0 0 1 1 0 1 0 1 0 1 1 0 0 0 0 0 0 1 0 0 0 0 1 1 1 1 1 0 0 
1 0 1 1 0 1 0 0 0 0 1 0 0 1 1 1 0 0 0 0 1 1 0 0 1 0 0 0 1 0 1 1 0 1 1 0 1 1 1 1 
0 1 1 1 0 0 1 0 0 1 0 1 1 0 0 1 0 0 1 1 1 0 1 0 0 1 1 1 1 1 1 0 1 1 0 1 1 1 0 0 
1 1 0 1 0 1 1 0 0 0 1 1 1 0 0 0 1 0 0 1 1 1 1 1 0 1 1 0 0 1 0 0 0 0 0 1 1 0 0 0 
0 1 0 0 1 1 1 0 1 1 1 0 1 1 0 0 0 0 0 1 1 0 0 0 1 1 0 1 1 0 0 0 1 1 0 1 0 1 1 0 
1 1 0 1 1 1 0 0 1 0 0 1 0 0 1 0 0 0 1 0 1 0 0 1 1 1 1 1 0 1 0 0 1 1 0 0 0 1 0 0 
0 0 1 1 0 1 0 0 1 1 0 0 0 0 0 0 0 0 1 1 1 0 0 0 0 0 1 1 1 1 0 0 0 1 1 1 1 0 1 1 
0 1 1 0 1 1 0 0 1 1 1 1 0 1 0 0 1 1 0 1 0 0 1 0 0 1 1 1 1 0 0 0 0 0 0 0 0 1 1 0 
1 0 1 0 0 1 1 1 1 1 0 0 0 1 1 1 0 1 1 0 1 1 0 0 0 1 1 0 1 0 0 1 0 1 0 0 1 1 0 1 
0 0 0 1 1 0 0 1 0 0 1 1 1 1 1 1 1 1 0 1 0 1 1 0 1 1 0 1 1 1 0 0 1 1 1 0 1 0 0 1 
1 1 0 1 1 1 1 1 1 0 1 1 1 0 1 0 0 0 0 1 1 0 0 1 0 1 0 1 0 0 0 1 0 0 1 0 0 0 0 1 
0 0 0 1 0 1 1 0 1 1 0 0 0 1 1 0 0 0 1 0 1 0 0 1 1 0 1 0 1 1 0 1 0 0 0 1 0 1 1 1 
1 0 0 1 1 0 1 0 1 0 1 0 0 0 1 0 1 0 0 0 0 1 1 0 0 1 1 1 1 0 1 1 1 1 1 1 1 1 1 0 
1 0 1 0 1 1 1 0 1 0 0 0 1 0 0 1 1 0 0 0 1 0 1 0 0 0 0 0 1 0 0 1 0 0 0 1 0 1 0 0 
0 0 0 1 1 0 0 0 0 1 1 0 0 1 1 1 1 0 1 1 1 1 0 1 0 0 0 0 1 1 0 0 0 0 0 1 0 0 0 1 
1 0 0 0 1 1 0 1 0 0 1 0 0 1 1 0 1 1 1 1 0 0 1 1 0 0 0 1 0 0 0 1 0 1 0 0 0 1 0 0 
1 0 0 0 0 1 1 0 0 0 1 0 0 1 0 1 1 1 1 0 1 1 0 1 0 0 1 0 0 1 1 1 0 1 1 0 1 1 1 0 
1 0 0 1 0 0 0 1 1 0 1 1 1 1 0 1 0 1 1 1 1 0 1 1 1 1 0 0 0 0 0 0 1 0 1 0 1 1 0 1 
0 0 1 0 0 0 1 1 0 0 1 0 0 1 1 0 1 1 0 0 1 0 1 0 0 1 0 1 0 0 1 0 0 0 0 0 1 0 1 1 
1 0 1 1 0 1 1 1 1 1 1 0 1 1 0 0 0 0 0 0 0 0 0 1 0 0 0 1 0 1 0 0 1 1 0 1 0 0 1 0 
0 0 1 1 0 1 1 0 0 1 0 0 1 0 0 0 0 0 0 1 0 1 1 1 1 0 1 1 0 0 0 0 1 0 1 1 1 0 1 1 
1 0 1 1 1 1 1 1 0 0 1 0 0 1 0 1 1 0 0 0 1 0 0 1 0 0 0 0 1 0 1 1 0 0 1 0 1 1 0 1 
0 0 0 1 0 0 0 1 0 0 1 1 1 1 0 1 1 1 0 1 1 0 0 1 0 0 1 1 0 0 1 0 0 0 0 1 1 0 1 1 
0 0 0 0 1 0 0 0 1 1 1 1 1 0 0 0 0 1 0 0 1 1 0 1 0 0 0 1 1 0 0 1 1 0 0 1 0 0 0 1 
0 1 0 0 0 0 1 1 0 0 1 1 0 1 1 1 0 1 0 0 0 0 1 1 1 1 0 0 0 0 1 1 0 1 1 0 1 0 1 0 
0 1 0 0 1 1 1 1 1 1 0 1 1 1 1 0 0 1 0 1 1 0 0 1 0 0 0 1 1 1 0 1 1 1 0 1 0 0 1 0 
0 0 1 1 1 0 1 1 0 0 0 1 1 1 0 1 1 0 1 1 0 0 1 1 1 0 1 1 1 0 0 0 1 0 0 0 0 0 1 1 
1 0 1 0 1 1 1 0 0 1 1 0 1 0 0 1 0 1 1 0 0 0 1 1 0 0 0 1 0 1 1 1 0 1 0 1 1 1 0 0 
0 1 1 0 1 1 1 1 1 1 0 0 1 0 0 0 0 1 0 1 1 1 1 0 0 1 0 0 1 1 0 1 1 1 1 0 0 1 0 0 

30 35 21 29 2 31 18 6 1 25 10 27 28 38 23 37 15 26 4 39 19 12 24 8 14 3 5 16 0 36 13 7 32 22 11 9 33 34 20 17 
0 28
1 8
2 4
3 25
4 18
5 26
6 7
7 31
8 23
9 35
10 10
11 34
12 21
13 30
14 24
15 16
16 27
17 39
18 6
19 20
20 38
21 2
22 33
23 14
24 22
25 9
26 17
27 11
28 12
29 3
30 0
31 5
32 32
33 36
34 37
35 1
36 29
37 15
38 13
39 19
SIMILAR

9 21 20 39 12 22 14 17 31 28 5 16 13 36 32 11 34 18 30 7 27 38 8 4 25 23 0 29 26 6 1 35 24 37 33 3 10 19 15 2 
0 26
1 30
2 39
3 35
4 23
5 10
6 29
7 19
8 22
9 0
10 36
11 15
12 4
13 12
14 6
15 38
16 11
17 7
18 17
19 37
20 2
21 1
22 5
23 25
24 32
25 24
26 28
27 20
28 9
29 27
30 18
31 8
32 14
33 34
34 16
35 31
36 13
37 33
38 21
39 3
SIMILAR

27 13 8 17 4 1 14 34 0 12 10 18 5 29 38 32 15 20 26 22 25 2 33 28 21 37 11 3 9 19 36 6 30 16 39 23 35 24 7 31 
0 8
1 5
2 21
3 27
4 4
5 12
6 31
7 38
8 2
9 28
10 10
11 26
12 9
13 1
14 6
15 16
16 33
17 3
18 11
19 29
20 17
21 24
22 19
23 35
24 37
25 20
26 18
27 0
28 23
29 13
30 32
31 39
32 15
33 22
34 7
35 36
36 30
37 25
38 14
39 34
SIMILAR

33 21 22 25 11 0 9 15 37 8 29 4 19 14 2 10 32 27 26 17 28 7 12 16 18 31 23 36 39 5 3 1 6 13 24 35 34 30 20 38 
0 5
1 31
2 14
3 30
4 11
5 29
6 32
7 21
8 9
9 6
10 15
11 4
12 22
13 33
14 13
15 7
16 23
17 19
18 24
19 12
20 38
21 1
22 2
23 26
24 34
25 3
26 18
27 17
28 20
29 10
30 37
31 25
32 16
33 0
34 36
35 35
36 27
37 8
38 39
39 28
SIMILAR

15 24 31 1 25 33 22 21 18 3 16 37 6 19 26 4 35 8 7 5 30 10 13 32 39 2 12 0 11 29 23 38 20 36 27 34 14 17 28 9 
0 27
1 3
2 25
3 9
4 15
5 19
6 12
7 18
8 17
9 39
10 21
11 28
12 26
13 22
14 36
15 0
16 10
17 37
18 8
19 13
20 32
21 7
22 6
23 30
24 1
25 4
26 14
27 34
28 38
29 29
30 20
31 2
32 23
33 5
34 35
35 16
36 33
37 11
38 31
39 24
SIMILAR

10 21 13 35 2 6 34 4 16 28 0 30 39 29 17 12 38 5 31 15 37 32 20 26 9 36 1 25 8 27 18 7 24 22 33 11 14 19 3 23 
0 10
1 26
2 4
3 38
4 7
5 17
6 5
7 31
8 28
9 24
10 0
11 35
12 15
13 2
14 36
15 19
16 8
17 14
18 30
19 37
20 22
21 1
22 33
23 39
24 32
25 27
26 23
27 29
28 9
29 13
30 11
31 18
32 21
33 34
34 6
35 3
36 25
37 20
38 16
39 12
SIMILAR

17 7 1 20 6 3 23 24 13 16 34 14 0 5 12 9 27 25 22 15 30 35 19 26 38 31 18 39 4 2 32 29 33 21 28 37 8 11 10 36 
0 12
1 2
2 29
3 5
4 28
5 13
6 4
7 1
8 36
9 15
10 38
11 37
12 14
13 8
14 11
15 19
16 9
17 0
18 26
19 22
20 3
21 33
22 18
23 6
24 7
25 17
26 23
27 16
28 34
29 31
30 20
31 25
32 30
33 32
34 10
35 21
36 39
37 35
38 24
39 27
SIMILAR

32 0 33 4 3 36 8 28 1 35 29 31 26 24 7 9 5 34 15 16 10 27 37 19 11 39 25 17 18 30 38 12 6 23 22 2 21 14 13 20 
0 1
1 8
2 35
3 4
4 3
5 16
6 32
7 14
8 6
9 15
10 20
11 24
12 31
13 38
14 37
15 18
16 19
17 27
18 28
19 23
20 39
21 36
22 34
23 33
24 13
25 26
26 12
27 21
28 7
29 10
30 29
31 11
32 0
33 2
34 17
35 9
36 5
37 22
38 30
39 25
SIMILAR

7 32 37 0 9 17 14 1 34 38 26 18 36 27 8 35 29 20 23 28 30 15 4 13 12 5 11 24 10 6 33 2 39 16 22 19 21 25 31 3 
0 3
1 7
2 31
3 39
4 22
5 25
6 29
7 0
8 14
9 4
10 28
11 26
12 24
13 23
14 6
15 21
16 33
17 5
18 11
19 35
20 17
21 36
22 34
23 18
24 27
25 37
26 10
27 13
28 19
29 16
30 20
31 38
32 1
33 30
34 8
35 15
36 12
37 2
38 9
39 32
SIMILAR

33 36 18 20 8 24 9 28 12 15 3 11 13 4 2 22 39 5 6 31 10 19 27 14 25 32 16 26 1 7 29 38 37 30 34 23 17 21 35 0 
0 39
1 28
2 14
3 10
4 13
5 17
6 18
7 29
8 4
9 6
10 20
11 11
12 8
13 12
14 23
15 9
16 26
17 36
18 2
19 21
20 3
21 37
22 15
23 35
24 5
25 24
26 27
27 22
28 7
29 30
30 33
31 19
32 25
33 0
34 34
35 38
36 1
37 32
38 31
39 16
SIMILAR

11 33 16 26 27 37 2 34 38 17 7 19 32 18 39 31 36 22 28 20 35 0 14 10 6 1 24 12 29 15 23 5 25 4 3 9 13 30 8 21 
0 21
1 25
2 6
3 34
4 33
5 31
6 24
7 10
8 38
9 35
10 23
11 0
12 27
13 36
14 22
15 29
16 2
17 9
18 13
19 11
20 19
21 39
22 17
23 30
24 26
25 32
26 3
27 4
28 18
29 28
30 37
31 15
32 12
33 1
34 7
35 20
36 16
37 5
38 8
39 14
SIMILAR

15 30 9 35 7 32 21 5 28 36 16 10 1 33 14 18 6 2 25 26 39 22 20 4 13 3 8 23 19 37 24 29 17 27 11 34 0 38 31 12 
0 36
1 12
2 17
3 25
4 23
5 7
6 16
7 4
8 26
9 2
10 11
11 34
12 39
13 24
14 14
15 0
16 10
17 32
18 15
19 28
20 22
21 6
22 21
23 27
24 30
25 18
26 19
27 33
28 8
29 31
30 1
31 38
32 5
33 13
34 35
35 3
36 9
37 29
38 37
39 20
SIMILAR

32 39 24 27 13 5 36 0 18 14 31 26 28 29 7 2 12 35 4 23 20 15 19 9 11 8 37 34 25 1 17 21 10 3 16 6 30 33 38 22 
0 7
1 29
2 15
3 33
4 18
5 5
6 35
7 14
8 25
9 23
10 32
11 24
12 16
13 4
14 9
15 21
16 34
17 30
18 8
19 22
20 20
21 31
22 39
23 19
24 2
25 28
26 11
27 3
28 12
29 13
30 36
31 10
32 0
33 37
34 27
35 17
36 6
37 26
38 38
39 1
SIMILAR

22 2 3 21 12 27 31 35 16 25 33 17 23 15 14 11 13 0 5 38 19 1 24 7 18 20 4 10 37 8 34 32 9 39 28 30 6 36 29 26 
0 17
1 21
2 1
3 2
4 26
5 18
6 36
7 23
8 29
9 32
10 27
11 15
12 4
13 16
14 14
15 13
16 8
17 11
18 24
19 20
20 25
21 3
22 0
23 12
24 22
25 9
26 39
27 5
28 34
29 38
30 35
31 6
32 31
33 10
34 30
35 7
36 37
37 28
38 19
39 33
SIMILAR

15 20 23 28 7 34 1 21 13 35 39 5 37 27 10 24 19 31 38 6 2 22 26 32 14 12 11 18 8 29 9 17 33 16 36 25 0 3 4 30 
0 36
1 6
2 20
3 37
4 38
5 11
6 19
7 4
8 28
9 30
10 14
11 26
12 25
13 8
14 24
15 0
16 33
17 31
18 27
19 16
20 1
21 7
22 21
23 2
24 15
25 35
26 22
27 13
28 3
29 29
30 39
31 17
32 23
33 32
34 5
35 9
36 34
37 12
38 18
39 10
SIMILAR

8 10 28 11 9 19 20 34 6 26 30 5 27 38 1 0 13 15 14 35 39 32 24 25 3 18 16 33 2 22 36 31 4 21 29 12 7 37 23 17 
0 15
1 14
2 28
3 24
4 32
5 11
6 8
7 36
8 0
9 4
10 1
11 3
12 35
13 16
14 18
15 17
16 26
17 39
18 25
19 5
20 6
21 33
22 29
23 38
24 22
25 23
26 9
27 12
28 2
29 34
30 10
31 31
32 21
33 27
34 7
35 19
36 30
37 37
38 13
39 20
SIMILAR

6 17 19 27 1 32 39 28 22 2 20 0 9 34 5 18 29 11 30 31 38 4 12 21 25 36 33 14 23 3 35 37 13 16 15 7 26 24 10 8 
0 11
1 4
2 9
3 29
4 21
5 14
6 0
7 35
8 39
9 12
10 38
11 17
12 22
13 32
14 27
15 34
16 33
17 1
18 15
19 2
20 10
21 23
22 8
23 28
24 37
25 24
26 36
27 3
28 7
29 16
30 18
31 19
32 5
33 26
34 13
35 30
36 25
37 31
38 20
39 6
SIMILAR

21 20 39 2 11 6 26 9 14 31 17 34 1 33 10 28 32 3 38 16 25 7 29 22 13 5 24 8 30 15 23 4 36 0 27 18 12 37 35 19 
0 33
1 12
2 3
3 17
4 31
5 25
6 5
7 21
8 27
9 7
10 14
11 4
12 36
13 24
14 8
15 29
16 19
17 10
18 35
19 39
20 1
21 0
22 23
23 30
24 26
25 20
26 6
27 34
28 15
29 22
30 28
31 9
32 16
33 13
34 11
35 38
36 32
37 37
38 18
39 2
SIMILAR

18 5 26 15 2 24 17 0 12 19 3 22 34 23 10 9 14 20 21 39 11 4 27 8 38 25 32 35 37 16 1 30 6 13 28 33 31 7 29 36 
0 7
1 30
2 4
3 10
4 21
5 1
6 32
7 37
8 23
9 15
10 14
11 20
12 8
13 33
14 16
15 3
16 29
17 6
18 0
19 9
20 17
21 18
22 11
23 13
24 5
25 25
26 2
27 22
28 34
29 38
30 31
31 36
32 26
33 35
34 12
35 27
36 39
37 28
38 24
39 19
SIMILAR

6 30 22 23 19 16 13 32 25 11 33 39 12 24 38 20 37 27 1 14 4 9 34 2 0 5 29 10 3 26 17 21 36 15 8 28 35 7 18 31 
0 24
1 18
2 23
3 28
4 20
5 25
6 0
7 37
8 34
9 21
10 27
11 9
12 12
13 6
14 19
15 33
16 5
17 30
18 38
19 4
20 15
21 31
22 2
23 3
24 13
25 8
26 29
27 17
28 35
29 26
30 1
31 39
32 7
33 10
34 22
35 36
36 32
37 16
38 14
39 11
SIMILAR

24 5 16 2 34 0 4 33 22 11 9 25 27 6 23 13 1 8 26 20 37 28 35 7 17 30 38 3 12 15 31 10 32 39 19 21 14 29 36 18 
0 5
1 16
2 3
3 27
4 6
5 1
6 13
7 23
8 17
9 10
10 31
11 9
12 28
13 15
14 36
15 29
16 2
17 24
18 39
19 34
20 19
21 35
22 8
23 14
24 0
25 11
26 18
27 12
28 21
29 37
30 25
31 30
32 32
33 7
34 4
35 22
36 38
37 20
38 26
39 33
SIMILAR

33 15 20 4 11 18 36 23 29 8 9 24 12 28 19 10 25 2 3 37 38 39 14 16 32 30 27 21 17 0 26 1 35 7 6 22 34 31 5 13 
0 29
1 31
2 17
3 18
4 3
5 38
6 34
7 33
8 9
9 10
10 15
11 4
12 12
13 39
14 22
15 1
16 23
17 28
18 5
19 14
20 2
21 27
22 35
23 7
24 11
25 16
26 30
27 26
28 13
29 8
30 25
31 37
32 24
33 0
34 36
35 32
36 6
37 19
38 20
39 21
SIMILAR

25 13 35 8 24 39 3 36 34 15 2 31 17 12 10 37 28 1 32 14 33 27 16 21 23 5 18 9 11 4 0 20 30 29 6 38 22 26 19 7 
0 30
1 17
2 10
3 6
4 29
5 25
6 34
7 39
8 3
9 27
10 14
11 28
12 13
13 1
14 19
15 9
16 22
17 12
18 26
19 38
20 31
21 23
22 36
23 24
24 4
25 0
26 37
27 21
28 16
29 33
30 32
31 11
32 18
33 20
34 8
35 2
36 7
37 15
38 35
39 5
SIMILAR

24 25 9 15 27 1 0 30 32 23 6 14 18 34 36 11 33 19 39 16 20 29 17 31 28 13 26 22 7 4 37 21 10 2 35 12 8 3 5 38 
0 6
1 5
2 33
3 37
4 29
5 38
6 10
7 28
8 36
9 2
10 32
11 15
12 35
13 25
14 11
15 3
16 19
17 22
18 12
19 17
20 20
21 31
22 27
23 9
24 0
25 1
26 26
27 4
28 24
29 21
30 7
31 23
32 8
33 16
34 13
35 34
36 14
37 30
38 39
39 18
SIMILAR

11 29 22 38 4 19 14 39 16 2 5 25 27 6 26 33 31 24 15 9 35 8 32 34 36 3 30 28 10 7 0 20 13 37 12 1 23 17 21 18 
0 30
1 35
2 9
3 25
4 4
5 10
6 13
7 29
8 21
9 19
10 28
11 0
12 34
13 32
14 6
15 18
16 8
17 37
18 39
19 5
20 31
21 38
22 2
23 36
24 17
25 11
26 14
27 12
28 27
29 1
30 26
31 16
32 22
33 15
34 23
35 20
36 24
37 33
38 3
39 7
SIMILAR

31 10 22 9 17 33 14 19 27 11 20 28 39 36 30 12 3 35 21 29 16 34 32 6 4 8 23 15 26 25 0 2 13 18 7 37 38 1 24 5 
0 30
1 37
2 31
3 16
4 24
5 39
6 23
7 34
8 25
9 3
10 1
11 9
12 15
13 32
14 6
15 27
16 20
17 4
18 33
19 7
20 10
21 18
22 2
23 26
24 38
25 29
26 28
27 8
28 11
29 19
30 14
31 0
32 22
33 5
34 21
35 17
36 13
37 35
38 36
39 12
SIMILAR

7 32 0 17 38 18 25 39 12 5 35 11 4 14 9 31 15 10 37 8 27 22 23 24 26 20 30 13 28 29 33 34 3 36 19 2 21 1 6 16 
0 2
1 37
2 35
3 32
4 12
5 9
6 38
7 0
8 19
9 14
10 17
11 11
12 8
13 27
14 13
15 16
16 39
17 3
18 5
19 34
20 25
21 36
22 21
23 22
24 23
25 6
26 24
27 20
28 28
29 29
30 26
31 15
32 1
33 30
34 31
35 10
36 33
37 18
38 4
39 7
SIMILAR

31 34 32 24 28 33 7 8 11 26 35 20 15 12 1 39 25 23 27 19 10 29 2 4 21 14 22 3 17 9 37 5 18 38 36 30 6 13 16 0 
0 39
1 14
2 22
3 27
4 23
5 31
6 36
7 6
8 7
9 29
10 20
11 8
12 13
13 37
14 25
15 12
16 38
17 28
18 32
19 19
20 11
21 24
22 26
23 17
24 3
25 16
26 9
27 18
28 4
29 21
30 35
31 0
32 2
33 5
34 1
35 10
36 34
37 30
38 33
39 15
SIMILAR

0 27 30 29 11 18 19 3 13 16 7 31 2 37 15 9 32 1 34 6 23 21 17 5 20 12 38 33 36 28 24 8 39 14 10 26 4 25 35 22 
0 0
1 17
2 12
3 7
4 36
5 23
6 19
7 10
8 31
9 15
10 34
11 4
12 25
13 8
14 33
15 14
16 9
17 22
18 5
19 6
20 24
21 21
22 39
23 20
24 30
25 37
26 35
27 1
28 29
29 3
30 2
31 11
32 16
33 27
34 18
35 38
36 28
37 13
38 26
39 32
SIMILAR

4 10 20 15 36 22 11 30 12 5 19 33 31 6 37 3 23 29 32 2 0 1 13 18 21 26 27 9 14 16 24 17 34 8 28 25 7 39 38 35 
0 20
1 21
2 19
3 15
4 0
5 9
6 13
7 36
8 33
9 27
10 1
11 6
12 8
13 22
14 28
15 3
16 29
17 31
18 23
19 10
20 2
21 24
22 5
23 16
24 30
25 35
26 25
27 26
28 34
29 17
30 7
31 12
32 18
33 11
34 32
35 39
36 4
37 14
38 38
39 37
SIMILAR

31 35 19 1 21 2 36 20 18 27 32 16 7 33 26 28 23 39 34 0 37 22 5 25 17 38 12 6 15 14 4 24 13 3 29 9 10 8 30 11 
0 19
1 3
2 5
3 33
4 30
5 22
6 27
7 12
8 37
9 35
10 36
11 39
12 26
13 32
14 29
15 28
16 11
17 24
18 8
19 2
20 7
21 4
22 21
23 16
24 31
25 23
26 14
27 9
28 15
29 34
30 38
31 0
32 10
33 13
34 18
35 1
36 6
37 20
38 25
39 17
SIMILAR

35 28 2 11 36 12 22 1 29 20 15 32 19 14 17 21 16 31 10 24 34 4 38 23 6 37 5 26 27 30 8 7 3 0 13 18 33 39 9 25 
0 33
1 7
2 2
3 32
4 21
5 26
6 24
7 31
8 30
9 38
10 18
11 3
12 5
13 34
14 13
15 10
16 16
17 14
18 35
19 12
20 9
21 15
22 6
23 23
24 19
25 39
26 27
27 28
28 1
29 8
30 29
31 17
32 11
33 36
34 20
35 0
36 4
37 25
38 22
39 37
SIMILAR

13 8 7 22 38 3 6 20 29 33 16 34 35 2 10 30 39 5 23 26 28 11 36 31 15 4 14 25 18 37 1 21 9 17 32 19 24 0 12 27 
0 37
1 30
2 13
3 5
4 25
5 17
6 6
7 2
8 1
9 32
10 14
11 21
12 38
13 0
14 26
15 24
16 10
17 33
18 28
19 35
20 7
21 31
22 3
23 18
24 36
25 27
26 19
27 39
28 20
29 8
30 15
31 23
32 34
33 9
34 11
35 12
36 22
37 29
38 4
39 16
SIMILAR

28 26 1 27 4 22 38 10 7 16 25 21 30 37 14 20 6 31 8 5 9 12 33 17 34 3 11 35 24 13 23 29 39 18 32 36 19 15 2 0 
0 39
1 2
2 38
3 25
4 4
5 19
6 16
7 8
8 18
9 20
10 7
11 26
12 21
13 29
14 14
15 37
16 9
17 23
18 33
19 36
20 15
21 11
22 5
23 30
24 28
25 10
26 1
27 3
28 0
29 31
30 12
31 17
32 34
33 22
34 24
35 27
36 35
37 13
38 6
39 32
SIMILAR

19 0 4 17 36 34 18 8 25 30 20 27 37 16 2 7 31 5 14 35 11 38 3 12 23 15 9 33 21 28 24 13 26 29 10 39 32 1 22 6 
0 1
1 37
2 14
3 22
4 2
5 17
6 39
7 15
8 7
9 26
10 34
11 20
12 23
13 31
14 18
15 25
16 13
17 3
18 6
19 0
20 10
21 28
22 38
23 24
24 30
25 8
26 32
27 11
28 29
29 33
30 9
31 16
32 36
33 27
34 5
35 19
36 4
37 12
38 21
39 35
SIMILAR

37 32 19 15 30 14 34 38 24 12 26 5 21 35 7 22 20 33 4 8 17 23 36 29 13 39 2 10 6 3 31 25 1 9 27 16 18 11 28 0 
0 39
1 32
2 26
3 29
4 18
5 11
6 28
7 14
8 19
9 33
10 27
11 37
12 9
13 24
14 5
15 3
16 35
17 20
18 36
19 2
20 16
21 12
22 15
23 21
24 8
25 31
26 10
27 34
28 38
29 23
30 4
31 30
32 1
33 17
34 6
35 13
36 22
37 0
38 7
39 25
SIMILAR

14 12 21 34 6 38 35 23 32 29 9 2 33 26 19 1 3 4 28 13 24 7 18 25 8 10 15 20 5 30 17 39 11 0 31 16 37 22 36 27 
0 33
1 15
2 11
3 16
4 17
5 28
6 4
7 21
8 24
9 10
10 25
11 32
12 1
13 19
14 0
15 26
16 35
17 30
18 22
19 14
20 27
21 2
22 37
23 7
24 20
25 23
26 13
27 39
28 18
29 9
30 29
31 34
32 8
33 12
34 3
35 6
36 38
37 36
38 5
39 31
SIMILAR

10 30 0 4 19 24 8 6 37 31 18 21 9 34 16 7 23 28 35 1 38 11 17 33 26 27 2 3 32 5 15 22 12 39 29 25 36 14 20 13 
0 2
1 19
2 26
3 27
4 3
5 29
6 7
7 15
8 6
9 12
10 0
11 21
12 32
13 39
14 37
15 30
16 14
17 22
18 10
19 4
20 38
21 11
22 31
23 16
24 5
25 35
26 24
27 25
28 17
29 34
30 1
31 9
32 28
33 23
34 13
35 18
36 36
37 8
38 20
39 33
SIMILAR

19 2 20 8 16 36 32 37 10 15 17 26 34 35 28 18 5 23 38 39 33 22 14 25 13 3 7 1 11 9 21 30 31 6 27 29 4 0 12 24 
0 37
1 27
2 1
3 25
4 36
5 16
6 33
7 26
8 3
9 29
10 8
11 28
12 38
13 24
14 22
15 9
16 4
17 10
18 15
19 0
20 2
21 30
22 21
23 17
24 39
25 23
26 11
27 34
28 14
29 35
30 31
31 32
32 6
33 20
34 12
35 13
36 5
37 7
38 18
39 19
SIMILAR

27 8 18 23 17 16 19 25 3 20 9 36 39 12 28 11 33 14 15 37 22 32 1 2 34 31 5 29 30 0 24 6 38 7 21 26 4 13 10 35 
0 29
1 22
2 23
3 8
4 36
5 26
6 31
7 33
8 1
9 10
10 38
11 15
12 13
13 37
14 17
15 18
16 5
17 4
18 2
19 6
20 9
21 34
22 20
23 3
24 30
25 7
26 35
27 0
28 14
29 27
30 28
31 25
32 21
33 16
34 24
35 39
36 11
37 19
38 32
39 12
SIMILAR

7 34 29 22 27 30 36 31 4 28 17 1 26 12 0 20 6 33 24 23 32 39 3 13 18 25 2 8 10 21 9 15 35 11 14 19 38 5 37 16 
0 14
1 11
2 26
3 22
4 8
5 37
6 16
7 0
8 27
9 30
10 28
11 33
12 13
13 23
14 34
15 31
16 39
17 10
18 24
19 35
20 15
21 29
22 3
23 19
24 18
25 25
26 12
27 4
28 9
29 2
30 5
31 7
32 20
33 17
34 1
35 32
36 6
37 38
38 36
39 21
SIMILAR

11 24 3 36 20 16 21 22 28 2 7 19 25 15 27 17 32 8 23 13 1 0 37 29 30 34 18 31 6 26 10 35 12 38 39 14 4 9 33 5 
0 21
1 20
2 9
3 2
4 36
5 39
6 28
7 10
8 17
9 37
10 30
11 0
12 32
13 19
14 35
15 13
16 5
17 15
18 26
19 11
20 4
21 6
22 7
23 18
24 1
25 12
26 29
27 14
28 8
29 23
30 24
31 27
32 16
33 38
34 25
35 31
36 3
37 22
38 33
39 34
SIMILAR

34 27 0 3 36 31 12 39 4 30 25 13 9 14 2 33 23 19 1 28 8 26 20 15 22 17 6 11 37 24 32 29 10 5 16 21 18 35 38 7 
0 2
1 18
2 14
3 3
4 8
5 33
6 26
7 39
8 20
9 12
10 32
11 27
12 6
13 11
14 13
15 23
16 34
17 25
18 36
19 17
20 22
21 35
22 24
23 16
24 29
25 10
26 21
27 1
28 19
29 31
30 9
31 5
32 30
33 15
34 0
35 37
36 4
37 28
38 38
39 7
SIMILAR

37 21 25 26 17 32 24 0 15 33 5 7 10 28 29 36 23 3 14 1 6 20 12 18 16 30 22 2 35 27 8 11 34 13 38 31 19 9 39 4 
0 7
1 19
2 27
3 17
4 39
5 10
6 20
7 11
8 30
9 37
10 12
11 31
12 22
13 33
14 18
15 8
16 24
17 4
18 23
19 36
20 21
21 1
22 26
23 16
24 6
25 2
26 3
27 29
28 13
29 14
30 25
31 35
32 5
33 9
34 32
35 28
36 15
37 0
38 34
39 38
SIMILAR

26 39 35 19 8 14 20 36 7 6 28 9 0 3 2 1 23 33 24 29 30 10 15 5 32 22 21 4 38 11 18 12 27 25 17 31 13 16 37 34 
0 12
1 15
2 14
3 13
4 27
5 23
6 9
7 8
8 4
9 11
10 21
11 29
12 31
13 36
14 5
15 22
16 37
17 34
18 30
19 3
20 6
21 26
22 25
23 16
24 18
25 33
26 0
27 32
28 10
29 19
30 20
31 35
32 24
33 17
34 39
35 2
36 7
37 38
38 28
39 1
SIMILAR

2 23 1 30 27 26 25 7 6 13 8 33 17 18 29 0 11 34 36 31 9 37 32 10 38 5 24 20 35 16 22 15 28 19 39 3 14 4 21 12 
0 15
1 2
2 0
3 35
4 37
5 25
6 8
7 7
8 10
9 20
10 23
11 16
12 39
13 9
14 36
15 31
16 29
17 12
18 13
19 33
20 27
21 38
22 30
23 1
24 26
25 6
26 5
27 4
28 32
29 14
30 3
31 19
32 22
33 11
34 17
35 28
36 18
37 21
38 24
39 34
SIMILAR

28 4 6 30 35 15 36 21 25 27 0 39 17 19 10 11 5 29 13 20 2 32 12 34 7 23 3 24 31 16 18 9 8 1 38 37 26 33 22 14 
0 10
1 33
2 20
3 26
4 1
5 16
6 2
7 24
8 32
9 31
10 14
11 15
12 22
13 18
14 39
15 5
16 29
17 12
18 30
19 13
20 19
21 7
22 38
23 25
24 27
25 8
26 36
27 9
28 0
29 17
30 3
31 28
32 21
33 37
34 23
35 4
36 6
37 35
38 34
39 11
SIMILAR

29 19 1 9 35 8 15 10 38 34 0 32 37 16 11 30 20 2 7 27 36 31 6 3 24 25 28 14 22 12 18 26 4 5 17 13 23 39 33 21 
0 10
1 2
2 17
3 23
4 32
5 33
6 22
7 18
8 5
9 3
10 7
11 14
12 29
13 35
14 27
15 6
16 13
17 34
18 30
19 1
20 16
21 39
22 28
23 36
24 24
25 25
26 31
27 19
28 26
29 0
30 15
31 21
32 11
33 38
34 9
35 4
36 20
37 12
38 8
39 37
SIMILAR

13 21 34 35 30 28 33 31 10 1 26 0 12 36 11 32 14 19 16 20 29 6 8 24 38 17 27 23 15 37 9 18 5 2 22 3 7 4 39 25 
0 11
1 9
2 33
3 35
4 37
5 32
6 21
7 36
8 22
9 30
10 8
11 14
12 12
13 0
14 16
15 28
16 18
17 25
18 31
19 17
20 19
21 1
22 34
23 27
24 23
25 39
26 10
27 26
28 5
29 20
30 4
31 7
32 15
33 6
34 2
35 3
36 13
37 29
38 24
39 38
SIMILAR

8 38 25 37 19 15 33 4 11 1 26 28 0 27 22 24 30 21 20 31 3 18 36 6 16 29 39 10 23 2 34 7 32 12 13 17 9 5 14 35 
0 12
1 9
2 29
3 20
4 7
5 37
6 23
7 31
8 0
9 36
10 27
11 8
12 33
13 34
14 38
15 5
16 24
17 35
18 21
19 4
20 18
21 17
22 14
23 28
24 15
25 2
26 10
27 13
28 11
29 25
30 16
31 19
32 32
33 6
34 30
35 39
36 22
37 3
38 1
39 26
SIMILAR

15 2 10 5 19 35 12 34 8 7 4 26 11 0 27 24 18 33 1 3 28 38 9 31 25 36 29 22 37 16 21 20 14 30 13 17 39 6 23 32 
0 13
1 18
2 1
3 19
4 10
5 3
6 37
7 9
8 8
9 22
10 2
11 12
12 6
13 34
14 32
15 0
16 29
17 35
18 16
19 4
20 31
21 30
22 27
23 38
24 15
25 24
26 11
27 14
28 20
29 26
30 33
31 23
32 39
33 17
34 7
35 5
36 25
37 28
38 21
39 36
SIMILAR

26 1 30 38 9 0 8 22 28 2 21 16 17 18 36 10 20 13 23 24 4 35 6 39 31 5 3 27 11 37 29 12 33 14 15 34 7 25 19 32 
0 5
1 1
2 9
3 26
4 20
5 25
6 22
7 36
8 6
9 4
10 15
11 28
12 31
13 17
14 33
15 34
16 11
17 12
18 13
19 38
20 16
21 10
22 7
23 18
24 19
25 37
26 0
27 27
28 8
29 30
30 2
31 24
32 39
33 32
34 35
35 21
36 14
37 29
38 3
39 23
SIMILAR

36 27 19 23 14 8 17 4 38 30 28 22 10 11 7 26 33 39 29 5 21 16 6 3 0 37 18 25 15 35 34 24 20 31 1 9 2 13 12 32 
0 24
1 34
2 36
3 23
4 7
5 19
6 22
7 14
8 5
9 35
10 12
11 13
12 38
13 37
14 4
15 28
16 21
17 6
18 26
19 2
20 32
21 20
22 11
23 3
24 31
25 27
26 15
27 1
28 10
29 18
30 9
31 33
32 39
33 16
34 30
35 29
36 0
37 25
38 8
39 17
SIMILAR

12 0 28 18 6 8 34 1 2 9 3 26 27 16 38 36 17 11 32 19 21 13 31 10 30 4 35 20 29 7 15 14 22 25 33 23 5 37 39 24 
0 1
1 7
2 8
3 10
4 25
5 36
6 4
7 29
8 5
9 9
10 23
11 17
12 0
13 21
14 31
15 30
16 13
17 16
18 3
19 19
20 27
21 20
22 32
23 35
24 39
25 33
26 11
27 12
28 2
29 28
30 24
31 22
32 18
33 34
34 6
35 26
36 15
37 37
38 14
39 38
SIMILAR

29 32 15 34 0 4 14 22 3 9 10 12 21 19 38 6 26 5 37 7 20 30 28 33 25 16 35 1 11 2 8 39 31 23 27 13 36 18 17 24 
0 4
1 27
2 29
3 8
4 5
5 17
6 15
7 19
8 30
9 9
10 10
11 28
12 11
13 35
14 6
15 2
16 25
17 38
18 37
19 13
20 20
21 12
22 7
23 33
24 39
25 24
26 16
27 34
28 22
29 0
30 21
31 32
32 1
33 23
34 3
35 26
36 36
37 18
38 14
39 31
SIMILAR

33 0 9 18 31 35 38 39 34 13 19 27 14 26 25 6 3 12 20 28 22 36 17 21 8 2 15 16 30 32 24 37 7 1 11 10 29 5 23 4 
0 1
1 33
2 25
3 16
4 39
5 37
6 15
7 32
8 24
9 2
10 35
11 34
12 17
13 9
14 12
15 26
16 27
17 22
18 3
19 10
20 18
21 23
22 20
23 38
24 30
25 14
26 13
27 11
28 19
29 36
30 28
31 4
32 29
33 0
34 8
35 5
36 21
37 31
38 6
39 7
SIMILAR

14 3 11 37 12 1 18 36 28 22 25 33 4 30 21 9 20 5 32 0 39 26 10 38 35 8 23 7 27 19 34 16 15 2 6 29 17 31 13 24 
0 19
1 5
2 33
3 1
4 12
5 17
6 34
7 27
8 25
9 15
10 22
11 2
12 4
13 38
14 0
15 32
16 31
17 36
18 6
19 29
20 16
21 14
22 9
23 26
24 39
25 10
26 21
27 28
28 8
29 35
30 13
31 37
32 18
33 11
34 30
35 24
36 7
37 3
38 23
39 20
SIMILAR

37 16 8 17 23 19 21 4 1 32 35 9 14 24 11 36 27 20 31 39 2 13 34 26 12 25 3 6 7 18 29 28 33 5 38 15 0 22 30 10 
0 36
1 8
2 20
3 26
4 7
5 33
6 27
7 28
8 2
9 11
10 39
11 14
12 24
13 21
14 12
15 35
16 1
17 3
18 29
19 5
20 17
21 6
22 37
23 4
24 13
25 25
26 23
27 16
28 31
29 30
30 38
31 18
32 9
33 32
34 22
35 10
36 15
37 0
38 34
39 19
SIMILAR

2 26 6 14 24 13 15 22 29 0 7 25 36 16 28 18 20 11 37 10 35 31 9 39 23 5 1 4 32 3 17 33 19 30 38 21 12 8 34 27 
0 9
1 26
2 0
3 29
4 27
5 25
6 2
7 10
8 37
9 22
10 19
11 17
12 36
13 5
14 3
15 6
16 13
17 30
18 15
19 32
20 16
21 35
22 7
23 24
24 4
25 11
26 1
27 39
28 14
29 8
30 33
31 21
32 28
33 31
34 38
35 20
36 12
37 18
38 34
39 23
SIMILAR

9 5 21 10 14 33 39 37 8 19 17 24 25 4 38 2 26 28 18 20 22 30 23 29 36 7 35 3 27 15 32 31 6 34 16 12 0 11 13 1 
0 36
1 39
2 15
3 27
4 13
5 1
6 32
7 25
8 8
9 0
10 3
11 37
12 35
13 38
14 4
15 29
16 34
17 10
18 18
19 9
20 19
21 2
22 20
23 22
24 11
25 12
26 16
27 28
28 17
29 23
30 21
31 31
32 30
33 5
34 33
35 26
36 24
37 7
38 14
39 6
SIMILAR

4 10 18 33 39 29 3 7 0 23 6 38 27 26 1 35 19 24 14 15 13 32 12 5 22 11 9 17 30 36 2 28 21 25 31 8 34 37 20 16 
0 8
1 14
2 30
3 6
4 0
5 23
6 10
7 7
8 35
9 26
10 1
11 25
12 22
13 20
14 18
15 19
16 39
17 27
18 2
19 16
20 38
21 32
22 24
23 9
24 17
25 33
26 13
27 12
28 31
29 5
30 28
31 34
32 21
33 3
34 36
35 15
36 29
37 37
38 11
39 4
SIMILAR

14 34 37 2 8 28 27 10 0 25 31 21 29 4 16 17 19 23 3 35 33 6 13 5 22 26 32 7 39 20 38 24 36 11 9 15 18 1 30 12 
0 8
1 37
2 3
3 18
4 13
5 23
6 21
7 27
8 4
9 34
10 7
11 33
12 39
13 22
14 0
15 35
16 14
17 15
18 36
19 16
20 29
21 11
22 24
23 17
24 31
25 9
26 25
27 6
28 5
29 12
30 38
31 10
32 26
33 20
34 1
35 19
36 32
37 2
38 30
39 28
SIMILAR

32 1 11 15 20 34 7 23 10 19 35 38 24 28 17 27 4 37 29 30 12 0 18 21 39 5 22 33 2 8 13 36 31 3 14 9 25 6 16 26 
0 21
1 1
2 28
3 33
4 16
5 25
6 37
7 6
8 29
9 35
10 8
11 2
12 20
13 30
14 34
15 3
16 38
17 14
18 22
19 9
20 4
21 23
22 26
23 7
24 12
25 36
26 39
27 15
28 13
29 18
30 19
31 32
32 0
33 27
34 5
35 10
36 31
37 17
38 11
39 24
SIMILAR

23 31 11 10 33 29 3 13 27 7 1 37 39 0 38 9 24 6 5 14 12 35 36 18 19 21 17 4 22 28 8 16 25 30 26 15 32 20 2 34 
0 13
1 10
2 38
3 6
4 27
5 18
6 17
7 9
8 30
9 15
10 3
11 2
12 20
13 7
14 19
15 35
16 31
17 26
18 23
19 24
20 37
21 25
22 28
23 0
24 16
25 32
26 34
27 8
28 29
29 5
30 33
31 1
32 36
33 4
34 39
35 21
36 22
37 11
38 14
39 12
SIMILAR

35 29 4 20 11 17 36 2 14 33 24 37 0 25 12 32 6 19 18 13 3 1 38 30 28 22 9 5 16 15 10 7 26 8 21 34 23 39 31 27 
0 12
1 21
2 7
3 20
4 2
5 27
6 16
7 31
8 33
9 26
10 30
11 4
12 14
13 19
14 8
15 29
16 28
17 5
18 18
19 17
20 3
21 34
22 25
23 36
24 10
25 13
26 32
27 39
28 24
29 1
30 23
31 38
32 15
33 9
34 35
35 0
36 6
37 11
38 22
39 37
SIMILAR

19 31 36 28 2 20 11 15 25 37 22 9 29 14 6 34 39 18 5 10 16 12 38 1 3 33 17 8 27 0 21 23 7 32 4 13 26 24 30 35 
0 29
1 23
2 4
3 24
4 34
5 18
6 14
7 32
8 27
9 11
10 19
11 6
12 21
13 35
14 13
15 7
16 20
17 26
18 17
19 0
20 5
21 30
22 10
23 31
24 37
25 8
26 36
27 28
28 3
29 12
30 38
31 1
32 33
33 25
34 15
35 39
36 2
37 9
38 22
39 16
SIMILAR

27 14 26 16 17 7 5 35 22 33 25 28 29 20 15 38 18 4 13 9 6 39 3 30 12 24 32 34 1 31 11 10 8 21 23 37 2 36 19 0 
0 39
1 28
2 36
3 22
4 17
5 6
6 20
7 5
8 32
9 19
10 31
11 30
12 24
13 18
14 1
15 14
16 3
17 4
18 16
19 38
20 13
21 33
22 8
23 34
24 25
25 10
26 2
27 0
28 11
29 12
30 23
31 29
32 26
33 9
34 27
35 7
36 37
37 35
38 15
39 21
SIMILAR

17 12 38 29 27 14 6 16 37 15 13 2 9 1 28 35 7 21 10 36 31 34 22 24 25 18 4 26 0 23 32 19 20 33 3 39 30 11 5 8 
0 28
1 13
2 11
3 34
4 26
5 38
6 6
7 16
8 39
9 12
10 18
11 37
12 1
13 10
14 5
15 9
16 7
17 0
18 25
19 31
20 32
21 17
22 22
23 29
24 23
25 24
26 27
27 4
28 14
29 3
30 36
31 20
32 30
33 33
34 21
35 15
36 19
37 8
38 2
39 35
SIMILAR

33 12 14 13 15 7 1 21 10 23 22 0 34 2 29 38 36 27 35 37 16 24 26 28 32 6 19 5 17 8 3 18 20 9 31 30 25 39 4 11 
0 11
1 6
2 13
3 30
4 38
5 27
6 25
7 5
8 29
9 33
10 8
11 39
12 1
13 3
14 2
15 4
16 20
17 28
18 31
19 26
20 32
21 7
22 10
23 9
24 21
25 36
26 22
27 17
28 23
29 14
30 35
31 34
32 24
33 0
34 12
35 18
36 16
37 19
38 15
39 37
SIMILAR

13 31 4 23 17 15 18 21 12 36 16 0 39 20 1 33 14 8 38 24 11 25 9 37 10 2 29 32 22 6 27 30 19 35 28 5 34 7 26 3 
0 11
1 14
2 25
3 39
4 2
5 35
6 29
7 37
8 17
9 22
10 24
11 20
12 8
13 0
14 16
15 5
16 10
17 4
18 6
19 32
20 13
21 7
22 28
23 3
24 19
25 21
26 38
27 30
28 34
29 26
30 31
31 1
32 27
33 15
34 36
35 33
36 9
37 23
38 18
39 12
SIMILAR

24 26 16 31 37 17 35 13 7 39 19 32 27 0 4 38 10 5 33 1 9 6 25 20 22 15 36 11 23 28 12 3 29 8 18 14 21 34 2 30 
0 13
1 19
2 38
3 31
4 14
5 17
6 21
7 8
8 33
9 20
10 16
11 27
12 30
13 7
14 35
15 25
16 2
17 5
18 34
19 10
20 23
21 36
22 24
23 28
24 0
25 22
26 1
27 12
28 29
29 32
30 39
31 3
32 11
33 18
34 37
35 6
36 26
37 4
38 15
39 9
SIMILAR

31 34 9 25 22 16 1 30 24 21 28 33 38 23 19 14 10 18 17 32 2 5 36 39 11 15 35 13 6 0 4 29 12 27 20 26 7 8 37 3 
0 29
1 6
2 20
3 39
4 30
5 21
6 28
7 36
8 37
9 2
10 16
11 24
12 32
13 27
14 15
15 25
16 5
17 18
18 17
19 14
20 34
21 9
22 4
23 13
24 8
25 3
26 35
27 33
28 10
29 31
30 7
31 0
32 19
33 11
34 1
35 26
36 22
37 38
38 12
39 23
SIMILAR

31 15 11 19 18 22 7 39 5 26 34 20 21 35 10 23 8 0 17 16 13 3 24 32 38 33 27 9 2 30 1 28 29 12 25 6 37 4 36 14 
0 17
1 30
2 28
3 21
4 37
5 8
6 35
7 6
8 16
9 27
10 14
11 2
12 33
13 20
14 39
15 1
16 19
17 18
18 4
19 3
20 11
21 12
22 5
23 15
24 22
25 34
26 9
27 26
28 31
29 32
30 29
31 0
32 23
33 25
34 10
35 13
36 38
37 36
38 24
39 7
SIMILAR

38 2 22 15 4 21 9 29 13 16 26 14 30 34 6 31 12 23 11 39 36 27 0 7 24 18 20 25 37 17 33 28 10 19 8 3 35 5 1 32 
0 22
1 38
2 1
3 35
4 4
5 37
6 14
7 23
8 34
9 6
10 32
11 18
12 16
13 8
14 11
15 3
16 9
17 29
18 25
19 33
20 26
21 5
22 2
23 17
24 24
25 27
26 10
27 21
28 31
29 7
30 12
31 15
32 39
33 30
34 13
35 36
36 20
37 28
38 0
39 19
SIMILAR

20 27 37 6 17 23 25 34 28 33 38 7 22 31 19 15 9 30 2 11 13 24 5 16 0 32 35 8 10 36 14 12 1 21 39 29 18 4 26 3 
0 24
1 32
2 18
3 39
4 37
5 22
6 3
7 11
8 27
9 16
10 28
11 19
12 31
13 20
14 30
15 15
16 23
17 4
18 36
19 14
20 0
21 33
22 12
23 5
24 21
25 6
26 38
27 1
28 8
29 35
30 17
31 13
32 25
33 9
34 7
35 26
36 29
37 2
38 10
39 34
SIMILAR

29 3 36 14 10 11 15 22 17 38 31 6 20 27 1 35 2 18 23 28 4 30 21 37 26 19 13 5 16 9 39 8 12 24 33 25 34 7 0 32 
0 38
1 14
2 16
3 1
4 20
5 27
6 11
7 37
8 31
9 29
10 4
11 5
12 32
13 26
14 3
15 6
16 28
17 8
18 17
19 25
20 12
21 22
22 7
23 18
24 33
25 35
26 24
27 13
28 19
29 0
30 21
31 10
32 39
33 34
34 36
35 15
36 2
37 23
38 9
39 30
SIMILAR

31 29 5 30 11 34 20 27 6 36 23 25 2 16 38 32 1 26 37 4 17 9 39 3 21 10 22 18 12 7 0 8 14 15 19 33 35 24 28 13 
0 30
1 16
2 12
3 23
4 19
5 2
6 8
7 29
8 31
9 21
10 25
11 4
12 28
13 39
14 32
15 33
16 13
17 20
18 27
19 34
20 6
21 24
22 26
23 10
24 37
25 11
26 17
27 7
28 38
29 1
30 3
31 0
32 15
33 35
34 5
35 36
36 9
37 18
38 14
39 22
SIMILAR

27 26 12 6 37 31 13 9 33 21 11 24 1 38 10 23 2 30 18 8 35 22 19 4 7 20 3 15 32 39 5 14 16 25 17 0 34 29 36 28 
0 35
1 12
2 16
3 26
4 23
5 30
6 3
7 24
8 19
9 7
10 14
11 10
12 2
13 6
14 31
15 27
16 32
17 34
18 18
19 22
20 25
21 9
22 21
23 15
24 11
25 33
26 1
27 0
28 39
29 37
30 17
31 5
32 28
33 8
34 36
35 20
36 38
37 4
38 13
39 29
SIMILAR

36 21 3 16 11 20 25 30 5 32 9 4 28 27 18 19 6 38 37 14 35 12 34 33 15 8 17 39 23 7 29 1 22 31 24 26 0 13 10 2 
0 36
1 31
2 39
3 2
4 11
5 8
6 16
7 29
8 25
9 10
10 38
11 4
12 21
13 37
14 19
15 24
16 3
17 26
18 14
19 15
20 5
21 1
22 32
23 28
24 34
25 6
26 35
27 13
28 12
29 30
30 7
31 33
32 9
33 23
34 22
35 20
36 0
37 18
38 17
39 27
SIMILAR

18 13 9 38 16 22 12 24 37 25 10 3 33 6 0 17 8 19 23 2 34 5 28 36 20 15 7 31 21 35 11 32 26 27 1 14 30 39 4 29 
0 14
1 34
2 19
3 11
4 38
5 21
6 13
7 26
8 16
9 2
10 10
11 30
12 6
13 1
14 35
15 25
16 4
17 15
18 0
19 17
20 24
21 28
22 5
23 18
24 7
25 9
26 32
27 33
28 22
29 39
30 36
31 27
32 31
33 12
34 20
35 29
36 23
37 8
38 3
39 37
SIMILAR

27 36 23 21 25 10 12 19 28 14 18 15 7 5 13 2 35 4 1 26 24 30 9 31 33 22 17 32 37 16 39 11 6 8 0 3 38 34 29 20 
0 34
1 18
2 15
3 35
4 17
5 13
6 32
7 12
8 33
9 22
10 5
11 31
12 6
13 14
14 9
15 11
16 29
17 26
18 10
19 7
20 39
21 3
22 25
23 2
24 20
25 4
26 19
27 0
28 8
29 38
30 21
31 23
32 27
33 24
34 37
35 16
36 1
37 28
38 36
39 30
SIMILAR

4 25 12 16 32 5 1 11 15 10 38 37 33 7 36 24 0 20 13 21 31 29 22 3 9 19 35 27 28 39 26 23 6 8 2 17 18 34 30 14 
0 16
1 6
2 34
3 23
4 0
5 5
6 32
7 13
8 33
9 24
10 9
11 7
12 2
13 18
14 39
15 8
16 3
17 35
18 36
19 25
20 17
21 19
22 22
23 31
24 15
25 1
26 30
27 27
28 28
29 21
30 38
31 20
32 4
33 12
34 37
35 26
36 14
37 11
38 10
39 29
SIMILAR

35 9 2 13 6 15 3 30 27 23 38 12 18 19 33 29 22 4 26 10 0 39 16 7 14 21 25 28 31 5 36 17 11 24 37 20 8 32 34 1 
0 20
1 39
2 2
3 6
4 17
5 29
6 4
7 23
8 36
9 1
10 19
11 32
12 11
13 3
14 24
15 5
16 22
17 31
18 12
19 13
20 35
21 25
22 16
23 9
24 33
25 26
26 18
27 8
28 27
29 15
30 7
31 28
32 37
33 14
34 38
35 0
36 30
37 34
38 10
39 21
SIMILAR

9 19 35 18 36 14 12 33 22 16 26 37 8 10 29 7 21 11 38 31 6 4 34 2 24 32 1 15 27 13 5 17 39 3 25 28 0 20 23 30 
0 36
1 26
2 23
3 33
4 21
5 30
6 20
7 15
8 12
9 0
10 13
11 17
12 6
13 29
14 5
15 27
16 9
17 31
18 3
19 1
20 37
21 16
22 8
23 38
24 24
25 34
26 10
27 28
28 35
29 14
30 39
31 19
32 25
33 7
34 22
35 2
36 4
37 11
38 18
39 32
SIMILAR

32 11 24 33 39 16 3 26 1 31 0 14 20 30 17 37 8 38 34 18 6 21 9 35 27 5 2 22 13 19 36 28 29 4 7 12 25 15 23 10 
0 10
1 8
2 26
3 6
4 33
5 25
6 20
7 34
8 16
9 22
10 39
11 1
12 35
13 28
14 11
15 37
16 5
17 14
18 19
19 29
20 12
21 21
22 27
23 38
24 2
25 36
26 7
27 24
28 31
29 32
30 13
31 9
32 0
33 3
34 18
35 23
36 30
37 15
38 17
39 4
SIMILAR

35 11 39 23 15 2 16 32 1 19 25 18 10 28 22 27 9 12 13 14 8 38 37 34 7 5 33 24 6 30 21 20 17 31 26 36 29 4 3 0 
0 39
1 8
2 5
3 38
4 37
5 25
6 28
7 24
8 20
9 16
10 12
11 1
12 17
13 18
14 19
15 4
16 6
17 32
18 11
19 9
20 31
21 30
22 14
23 3
24 27
25 10
26 34
27 15
28 13
29 36
30 29
31 33
32 7
33 26
34 23
35 0
36 35
37 22
38 21
39 2
SIMILAR

1 6 22 26 8 17 18 15 31 7 30 4 3 14 24 33 34 28 13 27 21 12 38 2 35 25 29 32 5 10 39 16 9 0 37 11 19 23 36 20 
0 33
1 0
2 23
3 12
4 11
5 28
6 1
7 9
8 4
9 32
10 29
11 35
12 21
13 18
14 13
15 7
16 31
17 5
18 6
19 36
20 39
21 20
22 2
23 37
24 14
25 25
26 3
27 19
28 17
29 26
30 10
31 8
32 27
33 15
34 16
35 24
36 38
37 34
38 22
39 30
SIMILAR

26 6 19 0 22 18 33 2 21 3 9 35 20 32 1 17 39 36 29 38 14 25 4 12 13 15 27 7 24 10 8 30 23 37 28 5 11 34 31 16 
0 3
1 14
2 7
3 9
4 22
5 35
6 1
7 27
8 30
9 10
10 29
11 36
12 23
13 24
14 20
15 25
16 39
17 15
18 5
19 2
20 12
21 8
22 4
23 32
24 28
25 21
26 0
27 26
28 34
29 18
30 31
31 38
32 13
33 6
34 37
35 11
36 17
37 33
38 19
39 16
SIMILAR

31 5 8 35 4 25 29 7 14 24 17 1 2 3 18 19 37 15 22 30 27 28 20 9 33 13 21 23 36 16 39 0 11 38 6 34 26 10 12 32 
0 31
1 11
2 12
3 13
4 4
5 1
6 34
7 7
8 2
9 23
10 37
11 32
12 38
13 25
14 8
15 17
16 29
17 10
18 14
19 15
20 22
21 26
22 18
23 27
24 9
25 5
26 36
27 20
28 21
29 6
30 19
31 0
32 39
33 24
34 35
35 3
36 28
37 16
38 33
39 30
SIMILAR

31 26 29 11 20 10 17 2 24 6 28 35 18 23 22 34 14 12 32 0 3 30 15 27 4 36 25 38 7 8 33 16 13 39 9 21 1 5 19 37 
0 19
1 36
2 7
3 20
4 24
5 37
6 9
7 28
8 29
9 34
10 5
11 3
12 17
13 32
14 16
15 22
16 31
17 6
18 12
19 38
20 4
21 35
22 14
23 13
24 8
25 26
26 1
27 23
28 10
29 2
30 21
31 0
32 18
33 30
34 15
35 11
36 25
37 39
38 27
39 33
SIMILAR

0 28 9 3 1 22 7 29 32 15 26 19 24 25 38 31 33 39 36 34 13 12 5 18 11 16 23 2 8 4 17 20 30 6 14 21 35 27 37 10 
0 0
1 4
2 27
3 3
4 29
5 22
6 33
7 6
8 28
9 2
10 39
11 24
12 21
13 20
14 34
15 9
16 25
17 30
18 23
19 11
20 31
21 35
22 5
23 26
24 12
25 13
26 10
27 37
28 1
29 7
30 32
31 15
32 8
33 16
34 19
35 36
36 18
37 38
38 14
39 17
SIMILAR

8 19 30 27 24 37 29 7 20 31 25 4 10 16 13 38 0 34 12 23 36 32 14 26 5 18 2 17 22 21 3 1 35 11 9 15 28 39 6 33 
0 16
1 31
2 26
3 30
4 11
5 24
6 38
7 7
8 0
9 34
10 12
11 33
12 18
13 14
14 22
15 35
16 13
17 27
18 25
19 1
20 8
21 29
22 28
23 19
24 4
25 10
26 23
27 3
28 36
29 6
30 2
31 9
32 21
33 39
34 17
35 32
36 20
37 5
38 15
39 37
SIMILAR

2 20 29 32 37 11 17 15 21 23 28 34 31 22 5 25 39 27 36 3 8 9 16 35 4 19 13 6 1 14 18 30 33 24 10 38 12 26 0 7 
0 38
1 28
2 0
3 19
4 24
5 14
6 27
7 39
8 20
9 21
10 34
11 5
12 36
13 26
14 29
15 7
16 22
17 6
18 30
19 25
20 1
21 8
22 13
23 9
24 33
25 15
26 37
27 17
28 10
29 2
30 31
31 12
32 3
33 32
34 11
35 23
36 18
37 4
38 35
39 16
SIMILAR

38 32 14 19 13 20 10 28 35 34 30 6 18 3 33 15 21 12 25 29 0 27 9 39 11 23 37 5 7 36 22 2 24 17 31 16 1 8 26 4 
0 20
1 36
2 31
3 13
4 39
5 27
6 11
7 28
8 37
9 22
10 6
11 24
12 17
13 4
14 2
15 15
16 35
17 33
18 12
19 3
20 5
21 16
22 30
23 25
24 32
25 18
26 38
27 21
28 7
29 19
30 10
31 34
32 1
33 14
34 9
35 8
36 29
37 26
38 0
39 23
SIMILAR

9 6 39 3 38 13 27 17 35 0 33 23 21 19 26 14 12 11 37 7 29 32 20 8 25 15 10 24 18 1 34 2 30 31 36 16 4 22 28 5 
0 9
1 29
2 31
3 3
4 36
5 39
6 1
7 19
8 23
9 0
10 26
11 17
12 16
13 5
14 15
15 25
16 35
17 7
18 28
19 13
20 22
21 12
22 37
23 11
24 27
25 24
26 14
27 6
28 38
29 20
30 32
31 33
32 21
33 10
34 30
35 8
36 34
37 18
38 4
39 2
SIMILAR

16 21 31 22 0 23 12 20 25 33 2 38 35 29 7 8 5 3 13 28 27 34 36 39 11 14 37 17 1 30 10 32 18 4 9 24 19 15 26 6 
0 4
1 28
2 10
3 17
4 33
5 16
6 39
7 14
8 15
9 34
10 30
11 24
12 6
13 18
14 25
15 37
16 0
17 27
18 32
19 36
20 7
21 1
22 3
23 5
24 35
25 8
26 38
27 20
28 19
29 13
30 29
31 2
32 31
33 9
34 21
35 12
36 22
37 26
38 11
39 23
SIMILAR

27 6 19 35 18 9 36 38 0 31 22 8 26 23 30 29 10 28 15 24 37 4 16 7 11 14 12 2 25 32 1 21 20 39 34 17 33 3 5 13 
0 8
1 30
2 27
3 37
4 21
5 38
6 1
7 23
8 11
9 5
10 16
11 24
12 26
13 39
14 25
15 18
16 22
17 35
18 4
19 2
20 32
21 31
22 10
23 13
24 19
25 28
26 12
27 0
28 17
29 15
30 14
31 9
32 29
33 36
34 34
35 3
36 6
37 20
38 7
39 33
SIMILAR

23 39 9 35 2 14 4 13 33 0 15 29 3 7 20 5 28 32 37 19 18 22 26 10 11 12 31 1 34 38 27 8 6 36 25 30 17 24 21 16 
0 9
1 27
2 4
3 12
4 6
5 15
6 32
7 13
8 31
9 2
10 23
11 24
12 25
13 7
14 5
15 10
16 39
17 36
18 20
19 19
20 14
21 38
22 21
23 0
24 37
25 34
26 22
27 30
28 16
29 11
30 35
31 26
32 17
33 8
34 28
35 3
36 33
37 18
38 29
39 1
SIMILAR

7 19 3 8 29 34 14 9 22 23 31 0 30 17 12 35 15 25 18 27 38 21 13 28 39 6 26 5 11 1 2 33 32 24 16 37 20 4 10 36 
0 11
1 29
2 30
3 2
4 37
5 27
6 25
7 0
8 3
9 7
10 38
11 28
12 14
13 22
14 6
15 16
16 34
17 13
18 18
19 1
20 36
21 21
22 8
23 9
24 33
25 17
26 26
27 19
28 23
29 4
30 12
31 10
32 32
33 31
34 5
35 15
36 39
37 35
38 20
39 24
SIMILAR

32 38 21 6 29 25 10 2 4 8 7 17 39 9 31 33 27 35 22 3 20 34 13 12 5 24 15 1 36 19 16 26 37 18 0 14 23 30 28 11 
0 34
1 27
2 7
3 19
4 8
5 24
6 3
7 10
8 9
9 13
10 6
11 39
12 23
13 22
14 35
15 26
16 30
17 11
18 33
19 29
20 20
21 2
22 18
23 36
24 25
25 5
26 31
27 16
28 38
29 4
30 37
31 14
32 0
33 15
34 21
35 17
36 28
37 32
38 1
39 12
SIMILAR
100 0
6600 0
366600 0
