40
0 0 0 1 0 0 0 0 0 0 0 0 1 0 0 0 1 0 0 1 0 0 1 1 0 1 0 0 0 0 1 0 1 1 0 0 1 0 1 0 
0 0 0 1 1 0 0 1 1 0 1 1 1 0 1 1 1 1 1 0 0 1 1 0 1 1 1 1 1 1 0 0 1 0 0 1 1 0 1 1 
0 0 0 1 0 1 1 0 0 1 1 1 1 1 1 1 0 1 1 0 1 1 1 1 0 0 1 0 1 0 0 1 1 0 0 0 1 0 0 1 
1 1 1 0 1 1 1 0 0 0 0 0 0 0 1 0 0 0 0 0 1 0 0 1 1 1 1 0 1 1 1 0 0 0 1 0 1 1 0 0 
0 1 0 1 0 0 0 0 0 1 0 1 1 0 0 0 0 1 0 1 1 1 0 0 1 0 0 1 0 1 0 0 0 1 0 0 1 0 0 0 
0 0 1 1 0 0 1 1 1 0 0 1 0 1 1 0 1 1 0 0 0 1 1 0 1 0 1 1 1 0 0 1 0 1 1 1 0 0 1 0 
0 0 1 1 0 1 0 0 1 0 1 0 0 1 0 1 1 1 0 0 0 1 1 1 1 1 1 0 1 0 0 1 0 1 0 1 0 0 1 1 
0 1 0 0 0 1 0 0 1 0 1 1 0 0 0 0 0 0 0 1 1 1 0 0 1 1 1 0 0 0 0 1 1 1 0 1 1 1 0 1 
0 1 0 0 0 1 1 1 0 1 0 1 1 1 1 0 0 0 0 1 0 1 1 0 1 1 1 0 0 0 1 1 1 1 1 1 1 1 1 1 
0 0 1 0 1 0 0 0 1 0 0 1 0 1 1 0 0 0 1 0 0 1 0 0 0 1 1 0 1 1 1 1 1 1 1 1 1 1 1 0 
0 1 1 0 0 0 1 1 0 0 0 0 1 1 0 1 0 0 0 1 1 1 0 0 1 0 0 1 1 0 1 1 0 1 1 0 0 0 1 0 
0 1 1 0 1 1 0 1 1 1 0 0 1 0 0 1 0 0 1 0 1 1 1 1 1 0 0 0 0 1 1 1 0 1 1 1 0 0 1 0 
1 1 1 0 1 0 0 0 1 0 1 1 0 0 0 0 1 1 1 1 0 0 1 1 0 0 0 0 0 0 0 0 1 0 0 1 1 0 1 0 
0 0 1 0 0 1 1 0 1 1 1 0 0 0 1 0 1 0 1 1 1 1 1 1 1 1 1 0 0 1 1 0 1 1 0 1 1 1 0 0 
0 1 1 1 0 1 0 0 1 1 0 0 0 1 0 1 0 0 0 0 1 1 1 0 0 1 0 0 1 0 1 1 0 1 0 1 1 1 0 1 
0 1 1 0 0 0 1 0 0 0 1 1 0 0 1 0 1 1 0 1 1 1 1 1 1 0 0 0 1 1 0 1 0 0 0 1 1 0 0 0 
1 1 0 0 0 1 1 0 0 0 0 0 1 1 0 1 0 1 0 0 0 0 1 1 1 1 1 1 0 1 1 0 0 0 1 0 1 0 1 1 
0 1 1 0 1 1 1 0 0 0 0 0 1 0 0 1 1 0 1 1 0 1 1 0 0 1 1 0 1 1 1 1 0 1 0 0 0 0 0 1 
0 1 1 0 0 0 0 0 0 1 0 1 1 1 0 0 0 1 0 1 0 1 1 0 1 1 1 0 0 0 1 1 1 0 1 1 1 1 1 1 
1 0 0 0 1 0 0 1 1 0 1 0 1 1 0 1 0 1 1 0 1 0 1 0 1 1 0 1 0 1 0 1 1 0 0 0 1 0 0 0 
0 0 1 1 1 0 0 1 0 0 1 1 0 1 1 1 0 0 0 1 0 0 1 1 1 1 0 0 0 0 1 1 1 0 1 1 1 0 0 0 
0 1 1 0 1 1 1 1 1 1 1 1 0 1 1 1 0 1 1 0 0 0 0 1 1 1 1 1 0 1 1 0 0 1 0 0 1 0 0 0 
1 1 1 0 0 1 1 0 1 0 0 1 1 1 1 1 1 1 1 1 1 0 0 1 0 1 1 0 0 0 0 0 0 0 0 1 0 1 1 1 
1 0 1 1 0 0 1 0 0 0 0 1 1 1 0 1 1 0 0 0 1 1 1 0 0 0 1 0 1 1 1 1 1 1 1 1 0 1 0 0 
0 1 0 1 1 1 1 1 1 0 1 1 0 1 0 1 1 0 1 1 1 1 0 0 0 0 0 1 1 1 1 0 1 0 0 0 1 0 1 1 
1 1 0 1 0 0 1 1 1 1 0 0 0 1 1 0 1 1 1 1 1 1 1 0 0 0 1 0 1 0 1 0 1 0 1 1 1 0 0 1 
0 1 1 1 0 1 1 1 1 1 0 0 0 1 0 0 1 1 1 0 0 1 1 1 0 1 0 0 0 1 0 0 0 0 0 1 1 0 0 1 
0 1 0 0 1 1 0 0 0 0 1 0 0 0 0 0 1 0 0 1 0 1 0 0 1 0 0 0 1 1 0 0 1 0 0 0 1 0 0 1 
0 1 1 1 0 1 1 0 0 1 1 0 0 0 1 1 0 1 0 0 0 0 0 1 1 1 0 1 0 1 1 1 0 1 1 1 1 1 1 1 
0 1 0 1 1 0 0 0 0 1 0 1 0 1 0 1 1 1 0 1 0 1 0 1 1 0 1 1 1 0 1 1 0 0 1 0 1 1 0 0 
1 0 0 1 0 0 0 0 1 1 1 1 0 1 1 0 1 1 1 0 1 1 0 1 1 1 0 0 1 1 0 0 0 0 1 1 1 0 0 0 
0 0 1 0 0 1 1 1 1 1 1 1 0 0 1 1 0 1 1 1 1 0 0 1 0 0 0 0 1 1 0 0 1 1 1 0 0 1 0 1 
1 1 1 0 0 0 0 1 1 1 0 0 1 1 0 0 0 0 1 1 1 0 0 1 1 1 0 1 0 0 0 1 0 0 1 0 1 1 0 1 
1 0 0 0 1 1 1 1 1 1 1 1 0 1 1 0 0 1 0 0 0 1 0 1 0 0 0 0 1 0 0 1 0 0 1 0 0 1 1 0 
0 0 0 1 0 1 0 0 1 1 1 1 0 0 0 0 1 0 1 0 1 0 0 1 0 1 0 0 1 1 1 1 1 1 0 0 1 0 1 0 
0 1 0 0 0 1 1 1 1 1 0 1 1 1 1 1 0 0 1 0 1 0 1 1 0 1 1 0 1 0 1 0 0 0 0 0 0 0 0 0 
1 1 1 1 1 0 0 1 1 1 0 0 1 1 1 1 1 0 1 1 1 1 0 0 1 1 1 1 1 1 1 0 1 0 1 0 0 0 0 1 
0 0 0 1 0 0 0 1 1 1 0 0 0 1 1 0 0 0 1 0 0 0 1 1 0 0 0 0 1 1 0 1 1 1 0 0 0 0 0 0 
1 1 0 0 0 1 1 0 1 1 1 1 1 0 0 0 1 0 1 0 0 0 1 0 1 0 0 0 1 0 0 0 0 1 1 0 0 0 0 0 
0 1 1 0 0 0 1 1 1 0 0 0 0 0 1 0 1 1 1 0 0 0 1 0 1 1 1 1 1 0 0 1 1 0 0 0 1 0 0 0 

35 27 14 13 19 5 8 9 20 24 22 17 25 31 15 7 10 3 36 30 29 26 37 34 38 11 23 0 28 1 18 21 6 12 4 39 33 16 2 32 
0 27
1 29
2 38
3 17
4 34
5 5
6 32
7 15
8 6
9 7
10 16
11 25
12 33
13 3
14 2
15 14
16 37
17 11
18 30
19 4
20 8
21 31
22 10
23 26
24 9
25 12
26 21
27 1
28 28
29 20
30 19
31 13
32 39
33 36
34 23
35 0
36 18
37 22
38 24
39 35
SIMILAR

7 8 6 38 12 32 0 18 27 34 4 33 36 15 35 25 14 2 13 16 19 31 11 17 5 1 29 3 22 28 39 26 23 10 9 21 24 20 37 30 
0 6
1 25
2 17
3 27
4 10
5 24
6 2
7 0
8 1
9 34
10 33
11 22
12 4
13 18
14 16
15 13
16 19
17 23
18 7
19 20
20 37
21 35
22 28
23 32
24 36
25 15
26 31
27 8
28 29
29 26
30 39
31 21
32 5
33 11
34 9
35 14
36 12
37 38
38 3
39 30
SIMILAR

36 21 0 14 37 38 1 25 29 4 32 7 13 10 20 30 18 22 12 8 34 31 5 23 26 39 19 2 6 17 24 11 35 16 3 27 15 9 33 28 
0 2
1 6
2 27
3 34
4 9
5 22
6 28
7 11
8 19
9 37
10 13
11 31
12 18
13 12
14 3
15 36
16 33
17 29
18 16
19 26
20 14
21 1
22 17
23 23
24 30
25 7
26 24
27 35
28 39
29 8
30 15
31 21
32 10
33 38
34 20
35 32
36 0
37 4
38 5
39 25
SIMILAR

4 24 18 0 10 37 13 28 8 38 17 20 3 39 33 30 14 9 27 32 23 1 29 5 15 36 25 35 12 26 21 31 22 2 34 19 7 16 11 6 
0 3
1 21
2 33
3 12
4 0
5 23
6 39
7 36
8 8
9 17
10 4
11 38
12 28
13 6
14 16
15 24
16 37
17 10
18 2
19 35
20 11
21 30
22 32
23 20
24 1
25 26
26 29
27 18
28 7
29 22
30 15
31 31
32 19
33 14
34 34
35 27
36 25
37 5
38 9
39 13
SIMILAR

17 1 9 3 27 19 12 18 32 15 21 23 35 14 4 6 31 36 30 22 38 28 25 16 8 29 37 39 20 34 26 33 5 0 2 13 11 7 24 10 
0 33
1 1
2 34
3 3
4 14
5 32
6 15
7 37
8 24
9 2
10 39
11 36
12 6
13 35
14 13
15 9
16 23
17 0
18 7
19 5
20 28
21 10
22 19
23 11
24 38
25 22
26 30
27 4
28 21
29 25
30 18
31 16
32 8
33 31
34 29
35 12
36 17
37 26
38 20
39 27
SIMILAR

6 19 29 14 33 8 15 26 37 21 11 23 12 0 39 30 9 1 3 17 36 35 20 10 38 24 25 22 34 27 2 4 32 18 31 5 28 7 13 16 
0 13
1 17
2 30
3 18
4 31
5 35
6 0
7 37
8 5
9 16
10 23
11 10
12 12
13 38
14 3
15 6
16 39
17 19
18 33
19 1
20 22
21 9
22 27
23 11
24 25
25 26
26 7
27 29
28 36
29 2
30 15
31 34
32 32
33 4
34 28
35 21
36 20
37 8
38 24
39 14
SIMILAR

32 21 18 11 17 22 36 14 8 39 30 7 31 10 19 1 29 33 27 37 24 38 9 4 16 20 25 3 26 13 0 12 6 15 35 2 28 34 23 5 
0 30
1 15
2 35
3 27
4 23
5 39
6 32
7 11
8 8
9 22
10 13
11 3
12 31
13 29
14 7
15 33
16 24
17 4
18 2
19 14
20 25
21 1
22 5
23 38
24 20
25 26
26 28
27 18
28 36
29 16
30 10
31 12
32 0
33 17
34 37
35 34
36 6
37 19
38 21
39 9
SIMILAR

5 1 35 13 37 10 21 23 31 2 25 11 29 30 18 8 19 33 12 27 39 20 14 16 38 7 17 34 6 28 4 9 15 32 22 26 3 36 0 24 
0 38
1 1
2 9
3 36
4 30
5 0
6 28
7 25
8 15
9 31
10 5
11 11
12 18
13 3
14 22
15 32
16 23
17 26
18 14
19 16
20 21
21 6
22 34
23 7
24 39
25 10
26 35
27 19
28 29
29 12
30 13
31 8
32 33
33 17
34 27
35 2
36 37
37 4
38 24
39 20
SIMILAR

23 2 24 26 7 10 27 20 6 11 22 31 16 28 39 19 9 35 5 3 21 1 13 32 34 14 4 30 12 17 18 25 33 37 36 38 29 15 8 0 
0 39
1 21
2 1
3 19
4 26
5 18
6 8
7 4
8 38
9 16
10 5
11 9
12 28
13 22
14 25
15 37
16 12
17 29
18 30
19 15
20 7
21 20
22 10
23 0
24 2
25 31
26 3
27 6
28 13
29 36
30 27
31 11
32 23
33 32
34 24
35 17
36 34
37 33
38 35
39 14
SIMILAR

27 38 22 13 11 32 18 24 35 33 2 15 8 16 31 3 4 19 14 36 28 12 30 25 1 0 39 5 21 9 17 37 23 6 10 7 34 29 20 26 
0 25
1 24
2 10
3 15
4 16
5 27
6 33
7 35
8 12
9 29
10 34
11 4
12 21
13 3
14 18
15 11
16 13
17 30
18 6
19 17
20 38
21 28
22 2
23 32
24 7
25 23
26 39
27 0
28 20
29 37
30 22
31 14
32 5
33 9
34 36
35 8
36 19
37 31
38 1
39 26
SIMILAR

36 4 25 35 13 16 32 3 21 33 8 27 19 10 34 15 28 29 14 39 0 37 20 11 7 24 6 22 31 26 9 23 12 30 5 2 17 1 18 38 
0 20
1 37
2 35
3 7
4 1
5 34
6 26
7 24
8 10
9 30
10 13
11 23
12 32
13 4
14 18
15 15
16 5
17 36
18 38
19 12
20 22
21 8
22 27
23 31
24 25
25 2
26 29
27 11
28 16
29 17
30 33
31 28
32 6
33 9
34 14
35 3
36 0
37 21
38 39
39 19
SIMILAR

31 3 17 27 7 19 32 11 26 18 29 0 33 4 2 13 1 36 8 14 38 35 22 28 24 21 37 9 16 12 39 23 30 34 5 20 15 10 6 25 
0 11
1 16
2 14
3 1
4 13
5 34
6 38
7 4
8 18
9 27
10 37
11 7
12 29
13 15
14 19
15 36
16 28
17 2
18 9
19 5
20 35
21 25
22 22
23 31
24 24
25 39
26 8
27 3
28 23
29 10
30 32
31 0
32 6
33 12
34 33
35 21
36 17
37 26
38 20
39 30
SIMILAR

24 7 30 0 12 32 35 38 19 14 5 1 15 31 25 22 18 23 9 20 29 10 6 33 16 36 28 27 3 11 26 2 4 17 37 39 8 13 34 21 
0 3
1 11
2 31
3 28
4 32
5 10
6 22
7 1
8 36
9 18
10 21
11 29
12 4
13 37
14 9
15 12
16 24
17 33
18 16
19 8
20 19
21 39
22 15
23 17
24 0
25 14
26 30
27 27
28 26
29 20
30 2
31 13
32 5
33 23
34 38
35 6
36 25
37 34
38 7
39 35
SIMILAR

0 14 33 28 3 13 25 2 11 7 19 6 36 17 20 16 30 21 1 35 22 12 24 15 29 8 39 34 18 23 32 9 27 5 26 38 31 4 37 10 
0 0
1 18
2 7
3 4
4 37
5 33
6 11
7 9
8 25
9 31
10 39
11 8
12 21
13 5
14 1
15 23
16 15
17 13
18 28
19 10
20 14
21 17
22 20
23 29
24 22
25 6
26 34
27 32
28 3
29 24
30 16
31 36
32 30
33 2
34 27
35 19
36 12
37 38
38 35
39 26
SIMILAR

14 36 16 15 7 24 39 29 12 13 4 26 20 19 31 10 30 38 9 35 25 34 5 22 21 8 28 17 37 32 6 3 11 23 18 33 0 1 2 27 
0 36
1 37
2 38
3 31
4 10
5 22
6 30
7 4
8 25
9 18
10 15
11 32
12 8
13 9
14 0
15 3
16 2
17 27
18 34
19 13
20 12
21 24
22 23
23 33
24 5
25 20
26 11
27 39
28 26
29 7
30 16
31 14
32 29
33 35
34 21
35 19
36 1
37 28
38 17
39 6
SIMILAR

13 4 34 29 31 32 12 30 14 7 25 2 0 23 10 16 8 35 27 19 11 18 20 1 5 9 3 33 17 6 37 26 38 28 39 21 15 22 24 36 
0 12
1 23
2 11
3 26
4 1
5 24
6 29
7 9
8 16
9 25
10 14
11 20
12 6
13 0
14 8
15 36
16 15
17 28
18 21
19 19
20 22
21 35
22 37
23 13
24 38
25 10
26 31
27 18
28 33
29 3
30 7
31 4
32 5
33 27
34 2
35 17
36 39
37 30
38 32
39 34
SIMILAR

5 16 1 26 38 35 9 4 21 12 30 29 27 7 20 14 33 24 3 39 11 18 17 8 32 13 28 23 19 15 31 25 34 6 22 2 0 10 36 37 
0 36
1 2
2 35
3 18
4 7
5 0
6 33
7 13
8 23
9 6
10 37
11 20
12 9
13 25
14 15
15 29
16 1
17 22
18 21
19 28
20 14
21 8
22 34
23 27
24 17
25 31
26 3
27 12
28 26
29 11
30 10
31 30
32 24
33 16
34 32
35 5
36 38
37 39
38 4
39 19
SIMILAR

38 1 5 32 4 12 28 35 27 30 19 36 3 18 29 14 16 23 20 26 34 9 0 21 8 24 15 39 37 17 22 2 7 31 11 25 13 6 33 10 
0 22
1 1
2 31
3 12
4 4
5 2
6 37
7 32
8 24
9 21
10 39
11 34
12 5
13 36
14 15
15 26
16 16
17 29
18 13
19 10
20 18
21 23
22 30
23 17
24 25
25 35
26 19
27 8
28 6
29 14
30 9
31 33
32 3
33 38
34 20
35 7
36 11
37 28
38 0
39 27
SIMILAR

2 20 13 5 37 21 19 1 29 35 33 3 23 28 39 34 22 16 9 14 32 6 0 31 26 38 24 17 4 25 15 30 12 7 8 10 18 27 36 11 
0 22
1 7
2 0
3 11
4 28
5 3
6 21
7 33
8 34
9 18
10 35
11 39
12 32
13 2
14 19
15 30
16 17
17 27
18 36
19 6
20 1
21 5
22 16
23 12
24 26
25 29
26 24
27 37
28 13
29 8
30 31
31 23
32 20
33 10
34 15
35 9
36 38
37 4
38 25
39 14
SIMILAR

32 15 27 23 24 21 14 31 36 8 18 28 2 1 10 5 17 0 19 26 39 22 35 11 6 25 13 30 34 33 29 37 12 16 3 4 9 7 38 20 
0 17
1 13
2 12
3 34
4 35
5 15
6 24
7 37
8 9
9 36
10 14
11 23
12 32
13 26
14 6
15 1
16 33
17 16
18 10
19 18
20 39
21 5
22 21
23 3
24 4
25 25
26 19
27 2
28 11
29 30
30 27
31 7
32 0
33 29
34 28
35 22
36 8
37 31
38 38
39 20
SIMILAR

12 10 20 19 27 5 39 3 7 29 31 6 15 22 30 34 36 24 23 9 1 18 0 13 16 26 33 17 21 25 38 8 35 11 14 4 28 32 37 2 
0 22
1 20
2 39
3 7
4 35
5 5
6 11
7 8
8 31
9 19
10 1
11 33
12 0
13 23
14 34
15 12
16 24
17 27
18 21
19 3
20 2
21 28
22 13
23 18
24 17
25 29
26 25
27 4
28 36
29 9
30 14
31 10
32 37
33 26
34 15
35 32
36 16
37 38
38 30
39 6
SIMILAR

26 18 32 19 5 9 0 35 2 14 4 31 1 13 20 30 27 39 8 36 28 23 11 22 21 38 10 34 17 7 3 33 24 15 25 16 6 12 29 37 
0 6
1 12
2 8
3 30
4 10
5 4
6 36
7 29
8 18
9 5
10 26
11 22
12 37
13 13
14 9
15 33
16 35
17 28
18 1
19 3
20 14
21 24
22 23
23 21
24 32
25 34
26 0
27 16
28 20
29 38
30 15
31 11
32 2
33 31
34 27
35 7
36 19
37 39
38 25
39 17
SIMILAR

23 9 5 17 34 27 4 28 15 16 19 2 32 39 8 33 6 30 22 10 14 26 25 37 24 21 11 1 0 18 36 12 20 29 35 38 31 13 7 3 
0 28
1 27
2 11
3 39
4 6
5 2
6 16
7 38
8 14
9 1
10 19
11 26
12 31
13 37
14 20
15 8
16 9
17 3
18 29
19 10
20 32
21 25
22 18
23 0
24 24
25 22
26 21
27 5
28 7
29 33
30 17
31 36
32 12
33 15
34 4
35 34
36 30
37 23
38 35
39 13
SIMILAR

12 32 20 5 36 38 28 14 16 24 37 2 35 9 3 22 1 25 19 6 31 17 18 21 30 0 7 27 11 34 13 29 4 26 39 33 10 8 23 15 
0 25
1 16
2 11
3 14
4 32
5 3
6 19
7 26
8 37
9 13
10 36
11 28
12 0
13 30
14 7
15 39
16 8
17 21
18 22
19 18
20 2
21 23
22 15
23 38
24 9
25 17
26 33
27 27
28 6
29 31
30 24
31 20
32 1
33 35
34 29
35 12
36 4
37 10
38 5
39 34
SIMILAR

30 17 31 28 38 25 34 8 33 3 13 36 2 10 0 1 6 18 20 21 12 19 15 26 27 4 5 9 35 11 7 16 37 32 39 23 29 14 22 24 
0 14
1 15
2 12
3 9
4 25
5 26
6 16
7 30
8 7
9 27
10 13
11 29
12 20
13 10
14 37
15 22
16 31
17 1
18 17
19 21
20 18
21 19
22 38
23 35
24 39
25 5
26 23
27 24
28 3
29 36
30 0
31 2
32 33
33 8
34 6
35 28
36 11
37 32
38 4
39 34
SIMILAR

38 8 4 14 18 3 17 7 5 35 37 0 1 25 23 34 33 12 9 21 10 31 24 36 19 32 30 2 6 26 16 11 28 22 15 20 29 39 27 13 
0 11
1 12
2 27
3 5
4 2
5 8
6 28
7 7
8 1
9 18
10 20
11 31
12 17
13 39
14 3
15 34
16 30
17 6
18 4
19 24
20 35
21 19
22 33
23 14
24 22
25 13
26 29
27 38
28 32
29 36
30 26
31 21
32 25
33 16
34 15
35 9
36 23
37 10
38 0
39 37
SIMILAR

1 2 33 24 39 12 19 10 27 6 23 38 26 15 35 34 8 14 28 7 4 22 37 9 18 36 20 30 32 31 29 0 21 17 3 25 11 13 5 16 
0 31
1 0
2 1
3 34
4 20
5 38
6 9
7 19
8 16
9 23
10 7
11 36
12 5
13 37
14 17
15 13
16 39
17 33
18 24
19 6
20 26
21 32
22 21
23 10
24 3
25 35
26 12
27 8
28 18
29 30
30 27
31 29
32 28
33 2
34 15
35 14
36 25
37 22
38 11
39 4
SIMILAR

38 10 28 4 17 29 32 39 30 15 24 0 36 26 5 20 34 19 7 25 3 21 31 18 23 27 11 37 16 35 6 1 22 14 12 33 2 9 8 13 
0 11
1 31
2 36
3 20
4 3
5 14
6 30
7 18
8 38
9 37
10 1
11 26
12 34
13 39
14 33
15 9
16 28
17 4
18 23
19 17
20 15
21 21
22 32
23 24
24 10
25 19
26 13
27 25
28 2
29 5
30 8
31 22
32 6
33 35
34 16
35 29
36 12
37 27
38 0
39 7
SIMILAR

39 10 15 7 30 16 14 35 9 0 25 13 34 11 20 33 6 3 23 12 18 29 22 37 31 28 1 24 27 17 36 38 5 2 26 4 19 32 21 8 
0 9
1 26
2 33
3 17
4 35
5 32
6 16
7 3
8 39
9 8
10 1
11 13
12 19
13 11
14 6
15 2
16 5
17 29
18 20
19 36
20 14
21 38
22 22
23 18
24 27
25 10
26 34
27 28
28 25
29 21
30 4
31 24
32 37
33 15
34 12
35 7
36 30
37 23
38 31
39 0
SIMILAR

15 11 36 18 28 29 30 33 25 10 21 0 23 2 17 7 4 27 13 12 34 19 14 38 16 20 31 3 24 22 1 8 35 26 39 37 9 6 5 32 
0 11
1 30
2 13
3 27
4 16
5 38
6 37
7 15
8 31
9 36
10 9
11 1
12 19
13 18
14 22
15 0
16 24
17 14
18 3
19 21
20 25
21 10
22 29
23 12
24 28
25 8
26 33
27 17
28 4
29 5
30 6
31 26
32 39
33 7
34 20
35 32
36 2
37 35
38 23
39 34
SIMILAR

21 19 17 12 9 18 29 0 28 5 4 30 16 14 31 7 15 27 32 36 25 2 37 34 24 20 38 6 10 26 39 35 13 8 22 33 11 3 1 23 
0 7
1 38
2 21
3 37
4 10
5 9
6 27
7 15
8 33
9 4
10 28
11 36
12 3
13 32
14 13
15 16
16 12
17 2
18 5
19 1
20 25
21 0
22 34
23 39
24 24
25 20
26 29
27 17
28 8
29 6
30 11
31 14
32 18
33 35
34 23
35 31
36 19
37 22
38 26
39 30
SIMILAR

20 37 36 23 7 1 34 2 28 13 14 30 0 29 11 10 26 38 15 18 33 35 12 39 9 3 4 16 22 27 8 17 32 19 24 25 31 6 5 21 
0 12
1 5
2 7
3 25
4 26
5 38
6 37
7 4
8 30
9 24
10 15
11 14
12 22
13 9
14 10
15 18
16 27
17 31
18 19
19 33
20 0
21 39
22 28
23 3
24 34
25 35
26 16
27 29
28 8
29 13
30 11
31 36
32 32
33 20
34 6
35 21
36 2
37 1
38 17
39 23
SIMILAR

37 13 38 25 2 1 35 6 18 33 4 29 15 27 30 19 31 26 7 12 34 16 0 39 5 24 23 9 21 28 10 8 14 36 32 20 11 22 3 17 
0 22
1 5
2 4
3 38
4 10
5 24
6 7
7 18
8 31
9 27
10 30
11 36
12 19
13 1
14 32
15 12
16 21
17 39
18 8
19 15
20 35
21 28
22 37
23 26
24 25
25 3
26 17
27 13
28 29
29 11
30 14
31 16
32 34
33 9
34 20
35 6
36 33
37 0
38 2
39 23
SIMILAR

18 38 22 13 12 32 6 8 25 30 20 7 27 5 34 31 10 26 35 36 19 29 4 17 16 37 14 15 9 3 1 28 21 2 24 11 33 0 23 39 
0 37
1 30
2 33
3 29
4 22
5 13
6 6
7 11
8 7
9 28
10 16
11 35
12 4
13 3
14 26
15 27
16 24
17 23
18 0
19 20
20 10
21 32
22 2
23 38
24 34
25 8
26 17
27 12
28 31
29 21
30 9
31 15
32 5
33 36
34 14
35 18
36 19
37 25
38 1
39 39
SIMILAR

17 31 39 13 12 19 35 9 34 10 26 20 18 28 37 2 38 21 1 36 3 11 27 6 4 32 29 0 23 8 15 16 30 25 7 22 5 33 24 14 
0 27
1 18
2 15
3 20
4 24
5 36
6 23
7 34
8 29
9 7
10 9
11 21
12 4
13 3
14 39
15 30
16 31
17 0
18 12
19 5
20 11
21 17
22 35
23 28
24 38
25 33
26 10
27 22
28 13
29 26
30 32
31 1
32 25
33 37
34 8
35 6
36 19
37 14
38 16
39 2
SIMILAR

21 26 2 28 9 3 11 1 4 5 30 20 27 19 10 12 31 23 37 29 15 38 32 36 8 7 17 24 14 39 13 0 18 34 25 35 6 16 33 22 
0 31
1 7
2 2
3 5
4 8
5 9
6 36
7 25
8 24
9 4
10 14
11 6
12 15
13 30
14 28
15 20
16 37
17 26
18 32
19 13
20 11
21 0
22 39
23 17
24 27
25 34
26 1
27 12
28 3
29 19
30 10
31 16
32 22
33 38
34 33
35 35
36 23
37 18
38 21
39 29
SIMILAR

3 4 29 22 17 13 12 7 23 18 27 6 5 0 33 25 30 34 2 28 39 10 14 11 35 15 9 8 31 24 19 21 16 1 37 26 32 36 20 38 
0 13
1 33
2 18
3 0
4 1
5 12
6 11
7 7
8 27
9 26
10 21
11 23
12 6
13 5
14 22
15 25
16 32
17 4
18 9
19 30
20 38
21 31
22 3
23 8
24 29
25 15
26 35
27 10
28 19
29 2
30 16
31 28
32 36
33 14
34 17
35 24
36 37
37 34
38 39
39 20
SIMILAR

29 31 17 3 12 0 6 8 16 22 2 10 28 5 18 25 26 36 1 4 13 7 23 20 39 19 27 11 9 35 30 34 33 15 14 32 24 38 37 21 
0 5
1 18
2 10
3 3
4 19
5 13
6 6
7 21
8 7
9 28
10 11
11 27
12 4
13 20
14 34
15 33
16 8
17 2
18 14
19 25
20 23
21 39
22 9
23 22
24 36
25 15
26 16
27 26
28 12
29 0
30 30
31 1
32 35
33 32
34 31
35 29
36 17
37 38
38 37
39 24
SIMILAR

18 39 26 3 38 37 33 8 34 15 0 6 27 23 10 29 12 14 1 35 36 20 28 13 19 31 4 32 2 7 11 30 21 9 5 24 16 25 17 22 
0 10
1 18
2 28
3 3
4 26
5 34
6 11
7 29
8 7
9 33
10 14
11 30
12 16
13 23
14 17
15 9
16 36
17 38
18 0
19 24
20 21
21 32
22 39
23 13
24 35
25 37
26 2
27 12
28 22
29 15
30 31
31 25
32 27
33 6
34 8
35 19
36 20
37 5
38 4
39 1
SIMILAR

29 19 9 36 7 16 4 8 31 3 24 6 33 26 2 32 14 13 27 28 23 10 17 5 25 1 22 15 18 11 35 30 34 20 38 39 0 12 21 37 
0 36
1 25
2 14
3 9
4 6
5 23
6 11
7 4
8 7
9 2
10 21
11 29
12 37
13 17
14 16
15 27
16 5
17 22
18 28
19 1
20 33
21 38
22 26
23 20
24 10
25 24
26 13
27 18
28 19
29 0
30 31
31 8
32 15
33 12
34 32
35 30
36 3
37 39
38 34
39 35
SIMILAR

23 17 29 39 33 27 21 32 22 19 26 13 24 31 4 6 2 37 14 8 12 9 3 0 25 15 28 36 30 20 38 18 16 7 5 34 11 1 35 10 
0 23
1 37
2 16
3 22
4 14
5 34
6 15
7 33
8 19
9 21
10 39
11 36
12 20
13 11
14 18
15 25
16 32
17 1
18 31
19 9
20 29
21 6
22 8
23 0
24 12
25 24
26 10
27 5
28 26
29 2
30 28
31 13
32 7
33 4
34 35
35 38
36 27
37 17
38 30
39 3
SIMILAR

33 3 11 26 21 19 15 17 39 32 6 23 38 7 1 14 13 2 22 27 9 28 31 16 4 24 18 5 30 29 10 8 35 20 0 36 25 37 12 34 
0 34
1 14
2 17
3 1
4 24
5 27
6 10
7 13
8 31
9 20
10 30
11 2
12 38
13 16
14 15
15 6
16 23
17 7
18 26
19 5
20 33
21 4
22 18
23 11
24 25
25 36
26 3
27 19
28 21
29 29
30 28
31 22
32 9
33 0
34 39
35 32
36 35
37 37
38 12
39 8
SIMILAR

38 31 24 30 23 15 25 12 27 1 19 37 2 29 22 7 32 16 14 26 0 5 36 17 28 10 20 35 11 33 18 4 3 6 21 9 39 8 13 34 
0 20
1 9
2 12
3 32
4 31
5 21
6 33
7 15
8 37
9 35
10 25
11 28
12 7
13 38
14 18
15 5
16 17
17 23
18 30
19 10
20 26
21 34
22 14
23 4
24 2
25 6
26 19
27 8
28 24
29 13
30 3
31 1
32 16
33 29
34 39
35 27
36 22
37 11
38 0
39 36
SIMILAR

9 38 35 31 2 21 27 19 3 14 8 39 7 6 26 13 33 4 1 32 12 25 30 29 20 24 34 17 16 23 11 22 36 0 10 5 15 18 28 37 
0 33
1 18
2 4
3 8
4 17
5 35
6 13
7 12
8 10
9 0
10 34
11 30
12 20
13 15
14 9
15 36
16 28
17 27
18 37
19 7
20 24
21 5
22 31
23 29
24 25
25 21
26 14
27 6
28 38
29 23
30 22
31 3
32 19
33 16
34 26
35 2
36 32
37 39
38 1
39 11
SIMILAR

4 5 14 34 36 19 39 6 33 13 7 0 35 37 30 22 32 11 27 8 16 1 25 9 26 18 38 23 31 29 10 17 12 20 28 24 21 2 3 15 
0 11
1 21
2 37
3 38
4 0
5 1
6 7
7 10
8 19
9 23
10 30
11 17
12 32
13 9
14 2
15 39
16 20
17 31
18 25
19 5
20 33
21 36
22 15
23 27
24 35
25 22
26 24
27 18
28 34
29 29
30 14
31 28
32 16
33 8
34 3
35 12
36 4
37 13
38 26
39 6
SIMILAR

28 39 9 11 15 1 3 16 24 27 20 7 33 38 22 26 29 5 37 4 32 23 31 36 2 12 35 34 19 17 0 8 14 18 25 10 6 13 30 21 
0 30
1 5
2 24
3 6
4 19
5 17
6 36
7 11
8 31
9 2
10 35
11 3
12 25
13 37
14 32
15 4
16 7
17 29
18 33
19 28
20 10
21 39
22 14
23 21
24 8
25 34
26 15
27 9
28 0
29 16
30 38
31 22
32 20
33 12
34 27
35 26
36 23
37 18
38 13
39 1
SIMILAR

7 8 14 13 19 38 29 12 26 30 3 32 20 9 4 6 22 16 11 27 23 33 15 24 36 31 1 39 35 0 25 37 21 34 10 5 17 28 18 2 
0 29
1 26
2 39
3 10
4 14
5 35
6 15
7 0
8 1
9 13
10 34
11 18
12 7
13 3
14 2
15 22
16 17
17 36
18 38
19 4
20 12
21 32
22 16
23 20
24 23
25 30
26 8
27 19
28 37
29 6
30 9
31 25
32 11
33 21
34 33
35 28
36 24
37 31
38 5
39 27
SIMILAR

14 39 28 5 15 27 30 6 38 8 23 17 1 35 26 7 24 16 21 32 25 20 4 29 31 33 34 22 19 18 3 37 11 13 36 0 10 2 9 12 
0 35
1 12
2 37
3 30
4 22
5 3
6 7
7 15
8 9
9 38
10 36
11 32
12 39
13 33
14 0
15 4
16 17
17 11
18 29
19 28
20 21
21 18
22 27
23 10
24 16
25 20
26 14
27 5
28 2
29 23
30 6
31 24
32 19
33 25
34 26
35 13
36 34
37 31
38 8
39 1
SIMILAR

9 26 0 39 29 38 6 27 8 30 3 2 23 33 10 18 4 5 11 32 25 34 22 31 15 17 21 28 37 36 7 24 16 35 12 14 1 19 13 20 
0 2
1 36
2 11
3 10
4 16
5 17
6 6
7 30
8 8
9 0
10 14
11 18
12 34
13 38
14 35
15 24
16 32
17 25
18 15
19 37
20 39
21 26
22 22
23 12
24 31
25 20
26 1
27 7
28 27
29 4
30 9
31 23
32 19
33 13
34 21
35 33
36 29
37 28
38 5
39 3
SIMILAR

33 24 5 23 20 39 22 28 31 36 13 7 25 0 9 35 38 14 26 37 30 27 16 21 34 32 2 29 18 3 12 11 17 10 19 4 8 6 1 15 
0 13
1 38
2 26
3 29
4 35
5 2
6 37
7 11
8 36
9 14
10 33
11 31
12 30
13 10
14 17
15 39
16 22
17 32
18 28
19 34
20 4
21 23
22 6
23 3
24 1
25 12
26 18
27 21
28 7
29 27
30 20
31 8
32 25
33 0
34 24
35 15
36 9
37 19
38 16
39 5
SIMILAR

18 11 24 31 36 32 17 2 37 39 12 34 13 15 21 30 25 19 3 8 0 4 33 27 35 6 22 38 16 14 23 26 29 5 7 1 28 9 20 10 
0 20
1 35
2 7
3 18
4 21
5 33
6 25
7 34
8 19
9 37
10 39
11 1
12 10
13 12
14 29
15 13
16 28
17 6
18 0
19 17
20 38
21 14
22 26
23 30
24 2
25 16
26 31
27 23
28 36
29 32
30 15
31 3
32 5
33 22
34 11
35 24
36 4
37 8
38 27
39 9
SIMILAR

18 8 32 35 22 20 15 24 31 13 2 36 37 28 16 23 29 26 5 21 1 33 39 3 38 34 27 12 19 17 30 11 25 10 0 9 6 4 14 7 
0 34
1 20
2 10
3 23
4 37
5 18
6 36
7 39
8 1
9 35
10 33
11 31
12 27
13 9
14 38
15 6
16 14
17 29
18 0
19 28
20 5
21 19
22 4
23 15
24 7
25 32
26 17
27 26
28 13
29 16
30 30
31 8
32 2
33 21
34 25
35 3
36 11
37 12
38 24
39 22
SIMILAR

6 17 32 34 2 15 21 4 18 33 14 37 19 16 7 9 36 11 39 30 12 1 26 0 24 38 35 31 8 27 22 20 10 25 29 28 23 13 3 5 
0 23
1 21
2 4
3 38
4 7
5 39
6 0
7 14
8 28
9 15
10 32
11 17
12 20
13 37
14 10
15 5
16 13
17 1
18 8
19 12
20 31
21 6
22 30
23 36
24 24
25 33
26 22
27 29
28 35
29 34
30 19
31 27
32 2
33 9
34 3
35 26
36 16
37 11
38 25
39 18
SIMILAR

6 5 19 0 18 1 27 7 4 13 28 15 20 37 10 12 31 2 38 35 29 25 21 17 22 16 39 9 11 36 24 30 32 8 14 34 23 33 3 26 
0 3
1 5
2 17
3 38
4 8
5 1
6 0
7 7
8 33
9 27
10 14
11 28
12 15
13 9
14 34
15 11
16 25
17 23
18 4
19 2
20 12
21 22
22 24
23 36
24 30
25 21
26 39
27 6
28 10
29 20
30 31
31 16
32 32
33 37
34 35
35 19
36 29
37 13
38 18
39 26
SIMILAR

37 5 4 21 24 26 6 25 15 32 38 27 3 34 14 16 10 1 0 17 22 12 2 29 28 31 33 8 7 35 36 19 30 9 13 39 11 20 23 18 
0 18
1 17
2 22
3 12
4 2
5 1
6 6
7 28
8 27
9 33
10 16
11 36
12 21
13 34
14 14
15 8
16 15
17 19
18 39
19 31
20 37
21 3
22 20
23 38
24 4
25 7
26 5
27 11
28 24
29 23
30 32
31 25
32 9
33 26
34 13
35 29
36 30
37 0
38 10
39 35
SIMILAR

18 28 5 4 31 19 8 1 7 37 24 36 10 29 13 34 25 39 32 17 14 0 20 2 12 6 16 27 3 11 38 15 33 9 30 35 23 22 21 26 
0 21
1 7
2 23
3 28
4 3
5 2
6 25
7 8
8 6
9 33
10 12
11 29
12 24
13 14
14 20
15 31
16 26
17 19
18 0
19 5
20 22
21 38
22 37
23 36
24 10
25 16
26 39
27 27
28 1
29 13
30 34
31 4
32 18
33 32
34 15
35 35
36 11
37 9
38 30
39 17
SIMILAR

15 29 21 16 12 13 10 37 2 0 5 38 28 26 17 9 8 31 20 36 19 35 23 34 4 30 33 14 18 39 22 27 1 3 25 6 11 7 32 24 
0 9
1 32
2 8
3 33
4 24
5 10
6 35
7 37
8 16
9 15
10 6
11 36
12 4
13 5
14 27
15 0
16 3
17 14
18 28
19 20
20 18
21 2
22 30
23 22
24 39
25 34
26 13
27 31
28 12
29 1
30 25
31 17
32 38
33 26
34 23
35 21
36 19
37 7
38 11
39 29
SIMILAR

12 4 9 37 10 17 21 26 6 8 11 19 14 16 2 24 28 13 33 25 31 5 38 15 27 20 30 1 0 32 36 18 34 35 3 22 23 29 7 39 
0 28
1 27
2 14
3 34
4 1
5 21
6 8
7 38
8 9
9 2
10 4
11 10
12 0
13 17
14 12
15 23
16 13
17 5
18 31
19 11
20 25
21 6
22 35
23 36
24 15
25 19
26 7
27 24
28 16
29 37
30 26
31 20
32 29
33 18
34 32
35 33
36 30
37 3
38 22
39 39
SIMILAR

27 17 12 6 26 11 32 31 15 29 24 22 36 28 19 2 37 18 39 23 4 7 13 34 20 35 38 5 10 8 0 33 9 21 14 30 3 16 25 1 
0 30
1 39
2 15
3 36
4 20
5 27
6 3
7 21
8 29
9 32
10 28
11 5
12 2
13 22
14 34
15 8
16 37
17 1
18 17
19 14
20 24
21 33
22 11
23 19
24 10
25 38
26 4
27 0
28 13
29 9
30 35
31 7
32 6
33 31
34 23
35 25
36 12
37 16
38 26
39 18
SIMILAR

21 9 18 5 14 2 15 1 8 0 31 39 13 25 4 16 30 29 37 34 11 6 36 26 33 38 22 20 19 3 12 17 27 23 7 35 10 32 24 28 
0 9
1 7
2 5
3 29
4 14
5 3
6 21
7 34
8 8
9 1
10 36
11 20
12 30
13 12
14 4
15 6
16 15
17 31
18 2
19 28
20 27
21 0
22 26
23 33
24 38
25 13
26 23
27 32
28 39
29 17
30 16
31 10
32 37
33 24
34 19
35 35
36 22
37 18
38 25
39 11
SIMILAR

0 30 3 32 38 1 28 17 10 24 20 22 6 23 2 7 27 13 36 15 25 11 12 9 39 5 18 21 8 37 29 33 35 4 26 19 16 31 34 14 
0 0
1 5
2 14
3 2
4 33
5 25
6 12
7 15
8 28
9 23
10 8
11 21
12 22
13 17
14 39
15 19
16 36
17 7
18 26
19 35
20 10
21 27
22 11
23 13
24 9
25 20
26 34
27 16
28 6
29 30
30 1
31 37
32 3
33 31
34 38
35 32
36 18
37 29
38 4
39 24
SIMILAR

12 11 14 39 6 21 18 35 0 4 38 34 3 10 28 13 20 25 19 2 1 26 33 23 16 29 22 15 24 36 31 32 30 7 5 8 17 27 37 9 
0 8
1 20
2 19
3 12
4 9
5 34
6 4
7 33
8 35
9 39
10 13
11 1
12 0
13 15
14 2
15 27
16 24
17 36
18 6
19 18
20 16
21 5
22 26
23 23
24 28
25 17
26 21
27 37
28 14
29 25
30 32
31 30
32 31
33 22
34 11
35 7
36 29
37 38
38 10
39 3
SIMILAR

0 26 39 9 25 33 21 10 15 2 31 36 7 8 19 11 22 3 17 29 13 6 37 23 14 20 1 5 38 16 4 27 12 18 32 34 28 35 30 24 
0 0
1 26
2 9
3 17
4 30
5 27
6 21
7 12
8 13
9 3
10 7
11 15
12 32
13 20
14 24
15 8
16 29
17 18
18 33
19 14
20 25
21 6
22 16
23 23
24 39
25 4
26 1
27 31
28 36
29 19
30 38
31 10
32 34
33 5
34 35
35 37
36 11
37 22
38 28
39 2
SIMILAR

12 0 10 15 28 13 6 27 4 23 9 17 16 20 31 25 7 29 5 18 39 19 33 26 3 36 37 32 1 35 14 22 34 8 38 2 24 11 21 30 
0 1
1 28
2 35
3 24
4 8
5 18
6 6
7 16
8 33
9 10
10 2
11 37
12 0
13 5
14 30
15 3
16 12
17 11
18 19
19 21
20 13
21 38
22 31
23 9
24 36
25 15
26 23
27 7
28 4
29 17
30 39
31 14
32 27
33 22
34 32
35 29
36 25
37 26
38 34
39 20
SIMILAR

28 20 5 0 19 16 11 3 4 21 18 33 37 29 7 12 25 15 24 26 14 1 17 13 9 32 23 6 31 36 34 22 39 35 10 38 8 27 2 30 
0 3
1 21
2 38
3 7
4 8
5 2
6 27
7 14
8 36
9 24
10 34
11 6
12 15
13 23
14 20
15 17
16 5
17 22
18 10
19 4
20 1
21 9
22 31
23 26
24 18
25 16
26 19
27 37
28 0
29 13
30 39
31 28
32 25
33 11
34 30
35 33
36 29
37 12
38 35
39 32
SIMILAR

15 34 30 17 0 26 16 9 33 36 37 6 31 5 23 32 3 1 38 24 22 21 28 4 13 25 19 12 29 8 14 2 11 20 35 27 18 10 7 39 
0 4
1 17
2 31
3 16
4 23
5 13
6 11
7 38
8 29
9 7
10 37
11 32
12 27
13 24
14 30
15 0
16 6
17 3
18 36
19 26
20 33
21 21
22 20
23 14
24 19
25 25
26 5
27 35
28 22
29 28
30 2
31 12
32 15
33 8
34 1
35 34
36 9
37 10
38 18
39 39
SIMILAR

19 4 17 39 7 21 16 27 13 29 14 10 31 32 33 34 37 3 38 5 24 22 18 25 11 15 1 26 28 8 23 35 0 30 6 9 36 20 2 12 
0 32
1 26
2 38
3 17
4 1
5 19
6 34
7 4
8 29
9 35
10 11
11 24
12 39
13 8
14 10
15 25
16 6
17 2
18 22
19 0
20 37
21 5
22 21
23 30
24 20
25 23
26 27
27 7
28 28
29 9
30 33
31 12
32 13
33 14
34 15
35 31
36 36
37 16
38 18
39 3
SIMILAR

14 5 30 6 33 16 21 10 38 19 37 18 1 8 34 22 27 17 2 32 36 4 12 11 7 26 25 39 23 13 35 0 24 9 29 28 31 20 3 15 
0 31
1 12
2 18
3 38
4 21
5 1
6 3
7 24
8 13
9 33
10 7
11 23
12 22
13 29
14 0
15 39
16 5
17 17
18 11
19 9
20 37
21 6
22 15
23 28
24 32
25 26
26 25
27 16
28 35
29 34
30 2
31 36
32 19
33 4
34 14
35 30
36 20
37 10
38 8
39 27
SIMILAR

34 26 29 36 39 19 5 15 7 12 13 14 35 28 27 0 30 6 4 22 10 16 18 2 20 37 9 11 1 33 21 31 17 23 8 25 24 3 38 32 
0 15
1 28
2 23
3 37
4 18
5 6
6 17
7 8
8 34
9 26
10 20
11 27
12 9
13 10
14 11
15 7
16 21
17 32
18 22
19 5
20 24
21 30
22 19
23 33
24 36
25 35
26 1
27 14
28 13
29 2
30 16
31 31
32 39
33 29
34 0
35 12
36 3
37 25
38 38
39 4
SIMILAR

22 26 33 8 39 7 14 36 12 6 29 1 32 10 31 30 38 37 20 24 0 2 35 13 15 17 27 11 19 21 4 9 18 25 23 34 28 5 3 16 
0 20
1 11
2 21
3 38
4 30
5 37
6 9
7 5
8 3
9 31
10 13
11 27
12 8
13 23
14 6
15 24
16 39
17 25
18 32
19 28
20 18
21 29
22 0
23 34
24 19
25 33
26 1
27 26
28 36
29 10
30 15
31 14
32 12
33 2
34 35
35 22
36 7
37 17
38 16
39 4
SIMILAR

9 12 13 23 1 27 36 32 17 38 19 6 3 5 26 34 31 33 8 0 2 30 11 15 28 24 16 22 29 25 4 21 10 39 14 18 37 20 7 35 
0 19
1 4
2 20
3 12
4 30
5 13
6 11
7 38
8 18
9 0
10 32
11 22
12 1
13 2
14 34
15 23
16 26
17 8
18 35
19 10
20 37
21 31
22 27
23 3
24 25
25 29
26 14
27 5
28 24
29 28
30 21
31 16
32 7
33 17
34 15
35 39
36 6
37 36
38 9
39 33
SIMILAR

2 27 16 8 5 31 13 10 38 34 39 6 29 0 7 26 36 37 35 25 33 11 12 19 4 17 32 21 3 30 18 22 9 23 14 15 24 20 1 28 
0 13
1 38
2 0
3 28
4 24
5 4
6 11
7 14
8 3
9 32
10 7
11 21
12 22
13 6
14 34
15 35
16 2
17 25
18 30
19 23
20 37
21 27
22 31
23 33
24 36
25 19
26 15
27 1
28 39
29 12
30 29
31 5
32 26
33 20
34 9
35 18
36 16
37 17
38 8
39 10
SIMILAR

0 38 25 35 2 27 23 5 29 17 37 33 12 3 34 13 7 11 1 30 9 4 14 31 26 19 22 36 18 6 16 32 28 20 8 24 39 21 10 15 
0 0
1 18
2 4
3 13
4 21
5 7
6 29
7 16
8 34
9 20
10 38
11 17
12 12
13 15
14 22
15 39
16 30
17 9
18 28
19 25
20 33
21 37
22 26
23 6
24 35
25 2
26 24
27 5
28 32
29 8
30 19
31 23
32 31
33 11
34 14
35 3
36 27
37 10
38 1
39 36
SIMILAR

1 5 20 2 6 7 11 13 27 36 38 34 4 15 33 25 12 0 21 23 19 3 29 10 14 8 17 22 24 31 32 37 16 39 28 18 35 9 26 30 
0 17
1 0
2 3
3 21
4 12
5 1
6 4
7 5
8 25
9 37
10 23
11 6
12 16
13 7
14 24
15 13
16 32
17 26
18 35
19 20
20 2
21 18
22 27
23 19
24 28
25 15
26 38
27 8
28 34
29 22
30 39
31 29
32 30
33 14
34 11
35 36
36 9
37 31
38 10
39 33
SIMILAR

25 17 23 36 0 39 15 8 38 30 24 2 11 3 16 33 28 29 19 32 37 14 4 34 21 10 18 35 6 5 22 12 13 1 7 26 9 31 27 20 
0 4
1 33
2 11
3 13
4 22
5 29
6 28
7 34
8 7
9 36
10 25
11 12
12 31
13 32
14 21
15 6
16 14
17 1
18 26
19 18
20 39
21 24
22 30
23 2
24 10
25 0
26 35
27 38
28 16
29 17
30 9
31 37
32 19
33 15
34 23
35 27
36 3
37 20
38 8
39 5
SIMILAR

13 39 12 23 10 7 22 36 3 32 30 19 27 5 38 11 28 18 9 0 2 37 14 21 24 31 8 15 25 33 16 29 1 17 34 35 20 26 6 4 
0 19
1 32
2 20
3 8
4 39
5 13
6 38
7 5
8 26
9 18
10 4
11 15
12 2
13 0
14 22
15 27
16 30
17 33
18 17
19 11
20 36
21 23
22 6
23 3
24 24
25 28
26 37
27 12
28 16
29 31
30 10
31 25
32 9
33 29
34 34
35 35
36 7
37 21
38 14
39 1
SIMILAR

1 29 23 17 15 11 37 0 30 27 34 24 6 21 31 12 25 22 38 2 14 16 20 19 26 32 28 4 3 8 33 39 9 36 18 7 13 10 35 5 
0 7
1 0
2 19
3 28
4 27
5 39
6 12
7 35
8 29
9 32
10 37
11 5
12 15
13 36
14 20
15 4
16 21
17 3
18 34
19 23
20 22
21 13
22 17
23 2
24 11
25 16
26 24
27 9
28 26
29 1
30 8
31 14
32 25
33 30
34 10
35 38
36 33
37 6
38 18
39 31
SIMILAR

32 14 3 25 30 29 21 22 17 39 36 31 18 11 9 7 16 12 15 37 10 1 38 23 24 20 5 8 26 35 19 2 33 27 28 34 0 4 13 6 
0 36
1 21
2 31
3 2
4 37
5 26
6 39
7 15
8 27
9 14
10 20
11 13
12 17
13 38
14 1
15 18
16 16
17 8
18 12
19 30
20 25
21 6
22 7
23 23
24 24
25 3
26 28
27 33
28 34
29 5
30 4
31 11
32 0
33 32
34 35
35 29
36 10
37 19
38 22
39 9
SIMILAR

29 25 22 5 20 6 38 16 28 14 7 34 9 30 13 18 3 0 1 19 32 27 23 26 33 8 31 17 10 24 35 2 11 39 15 4 37 12 36 21 
0 17
1 18
2 31
3 16
4 35
5 3
6 5
7 10
8 25
9 12
10 28
11 32
12 37
13 14
14 9
15 34
16 7
17 27
18 15
19 19
20 4
21 39
22 2
23 22
24 29
25 1
26 23
27 21
28 8
29 0
30 13
31 26
32 20
33 24
34 11
35 30
36 38
37 36
38 6
39 33
SIMILAR

3 25 7 27 38 10 21 8 16 32 2 26 13 6 28 39 1 19 35 29 14 34 31 5 18 20 15 23 22 37 12 17 9 33 11 30 24 36 4 0 
0 39
1 16
2 10
3 0
4 38
5 23
6 13
7 2
8 7
9 32
10 5
11 34
12 30
13 12
14 20
15 26
16 8
17 31
18 24
19 17
20 25
21 6
22 28
23 27
24 36
25 1
26 11
27 3
28 14
29 19
30 35
31 22
32 9
33 33
34 21
35 18
36 37
37 29
38 4
39 15
SIMILAR

14 5 27 7 21 32 35 1 26 12 8 10 0 4 28 31 16 19 18 11 22 24 15 3 17 36 25 30 38 9 33 29 23 20 34 39 37 2 6 13 
0 12
1 7
2 37
3 23
4 13
5 1
6 38
7 3
8 10
9 29
10 11
11 19
12 9
13 39
14 0
15 22
16 16
17 24
18 18
19 17
20 33
21 4
22 20
23 32
24 21
25 26
26 8
27 2
28 14
29 31
30 27
31 15
32 5
33 30
34 34
35 6
36 25
37 36
38 28
39 35
SIMILAR

8 14 17 35 11 7 26 24 21 1 16 33 9 15 12 0 6 29 4 27 34 18 38 13 39 23 19 37 22 32 2 30 36 25 31 20 5 10 28 3 
0 15
1 9
2 30
3 39
4 18
5 36
6 16
7 5
8 0
9 12
10 37
11 4
12 14
13 23
14 1
15 13
16 10
17 2
18 21
19 26
20 35
21 8
22 28
23 25
24 7
25 33
26 6
27 19
28 38
29 17
30 31
31 34
32 29
33 11
34 20
35 3
36 32
37 27
38 22
39 24
SIMILAR

10 32 16 8 34 4 29 24 13 5 36 37 22 19 21 23 7 14 11 15 39 27 1 28 26 20 38 3 12 9 31 2 33 25 0 6 17 35 30 18 
0 34
1 22
2 31
3 27
4 5
5 9
6 35
7 16
8 3
9 29
10 0
11 18
12 28
13 8
14 17
15 19
16 2
17 36
18 39
19 13
20 25
21 14
22 12
23 15
24 7
25 33
26 24
27 21
28 23
29 6
30 38
31 30
32 1
33 32
34 4
35 37
36 10
37 11
38 26
39 20
SIMILAR

20 0 35 16 21 24 22 8 38 6 10 2 11 26 12 25 39 3 7 5 23 28 29 15 9 18 33 14 13 27 34 19 36 31 1 17 30 32 4 37 
0 1
1 34
2 11
3 17
4 38
5 19
6 9
7 18
8 7
9 24
10 10
11 12
12 14
13 28
14 27
15 23
16 3
17 35
18 25
19 31
20 0
21 4
22 6
23 20
24 5
25 15
26 13
27 29
28 21
29 22
30 36
31 33
32 37
33 26
34 30
35 2
36 32
37 39
38 8
39 16
SIMILAR

9 33 36 8 14 0 3 26 32 28 38 17 34 6 20 11 25 24 35 19 7 23 22 1 16 13 5 37 15 39 29 2 10 18 4 27 31 21 30 12 
0 5
1 23
2 31
3 6
4 34
5 26
6 13
7 20
8 3
9 0
10 32
11 15
12 39
13 25
14 4
15 28
16 24
17 11
18 33
19 19
20 14
21 37
22 22
23 21
24 17
25 16
26 7
27 35
28 9
29 30
30 38
31 36
32 8
33 1
34 12
35 18
36 2
37 27
38 10
39 29
SIMILAR

38 10 28 27 1 39 0 31 14 18 4 29 7 36 32 33 24 9 11 19 15 8 26 3 21 20 23 13 2 17 35 30 12 22 6 25 5 16 34 37 
0 6
1 4
2 28
3 23
4 10
5 36
6 34
7 12
8 21
9 17
10 1
11 18
12 32
13 27
14 8
15 20
16 37
17 29
18 9
19 19
20 25
21 24
22 33
23 26
24 16
25 35
26 22
27 3
28 2
29 11
30 31
31 7
32 14
33 15
34 38
35 30
36 13
37 39
38 0
39 5
SIMILAR

11 37 36 8 33 38 31 21 39 15 5 28 6 35 16 20 1 9 4 13 32 14 27 12 29 23 34 26 25 0 22 24 18 7 30 3 17 10 2 19 
0 29
1 16
2 38
3 35
4 18
5 10
6 12
7 33
8 3
9 17
10 37
11 0
12 23
13 19
14 21
15 9
16 14
17 36
18 32
19 39
20 15
21 7
22 30
23 25
24 31
25 28
26 27
27 22
28 11
29 24
30 34
31 6
32 20
33 4
34 26
35 13
36 2
37 1
38 5
39 8
SIMILAR

33 0 19 37 29 21 24 9 10 4 26 20 7 11 39 12 17 3 14 13 25 2 15 27 28 35 38 6 30 23 16 8 34 36 1 5 32 22 18 31 
0 1
1 34
2 21
3 17
4 9
5 35
6 27
7 12
8 31
9 7
10 8
11 13
12 15
13 19
14 18
15 22
16 30
17 16
18 38
19 2
20 11
21 5
22 37
23 29
24 6
25 20
26 10
27 23
28 24
29 4
30 28
31 39
32 36
33 0
34 32
35 25
36 33
37 3
38 26
39 14
SIMILAR

5 8 36 34 13 14 29 17 24 31 16 23 38 9 27 1 10 26 21 18 6 30 0 22 33 19 39 4 12 11 15 32 7 25 2 28 20 3 35 37 
0 22
1 15
2 34
3 37
4 27
5 0
6 20
7 32
8 1
9 13
10 16
11 29
12 28
13 4
14 5
15 30
16 10
17 7
18 19
19 25
20 36
21 18
22 23
23 11
24 8
25 33
26 17
27 14
28 35
29 6
30 21
31 9
32 31
33 24
34 3
35 38
36 2
37 39
38 12
39 26
SIMILAR

37 20 35 27 24 12 28 34 15 16 8 33 14 3 38 39 9 6 17 36 7 32 19 23 13 4 22 11 5 30 2 0 29 26 18 21 31 10 1 25 
0 31
1 38
2 30
3 13
4 25
5 28
6 17
7 20
8 10
9 16
10 37
11 27
12 5
13 24
14 12
15 8
16 9
17 18
18 34
19 22
20 1
21 35
22 26
23 23
24 4
25 39
26 33
27 3
28 6
29 32
30 29
31 36
32 21
33 11
34 7
35 2
36 19
37 0
38 14
39 15
SIMILAR

29 26 36 8 17 25 23 24 31 6 39 12 15 3 9 14 21 38 13 22 19 5 1 33 27 32 30 18 16 20 35 28 2 7 11 0 10 37 34 4 
0 35
1 22
2 32
3 13
4 39
5 21
6 9
7 33
8 3
9 14
10 36
11 34
12 11
13 18
14 15
15 12
16 28
17 4
18 27
19 20
20 29
21 16
22 19
23 6
24 7
25 5
26 1
27 24
28 31
29 0
30 26
31 8
32 25
33 23
34 38
35 30
36 2
37 37
38 17
39 10
SIMILAR

24 4 36 30 21 10 20 9 35 3 19 27 32 12 15 33 25 5 0 11 39 34 17 31 29 14 28 13 18 7 1 2 38 6 23 8 16 22 26 37 
0 18
1 30
2 31
3 9
4 1
5 17
6 33
7 29
8 35
9 7
10 5
11 19
12 13
13 27
14 25
15 14
16 36
17 22
18 28
19 10
20 6
21 4
22 37
23 34
24 0
25 16
26 38
27 11
28 26
29 24
30 3
31 23
32 12
33 15
34 21
35 8
36 2
37 39
38 32
39 20
SIMILAR

31 29 4 27 8 34 37 39 14 16 35 11 12 17 33 28 5 7 13 32 38 30 1 6 24 20 36 19 2 21 18 10 25 3 22 15 9 23 26 0 
0 39
1 22
2 28
3 33
4 2
5 16
6 23
7 17
8 4
9 36
10 31
11 11
12 12
13 18
14 8
15 35
16 9
17 13
18 30
19 27
20 25
21 29
22 34
23 37
24 24
25 32
26 38
27 3
28 15
29 1
30 21
31 0
32 19
33 14
34 5
35 10
36 26
37 6
38 20
39 7
SIMILAR

18 26 39 36 28 13 1 32 33 14 10 34 0 21 9 29 12 2 23 6 8 37 15 7 38 24 16 17 20 5 3 4 25 19 30 27 22 11 31 35 
0 12
1 6
2 17
3 30
4 31
5 29
6 19
7 23
8 20
9 14
10 10
11 37
12 16
13 5
14 9
15 22
16 26
17 27
18 0
19 33
20 28
21 13
22 36
23 18
24 25
25 32
26 1
27 35
28 4
29 15
30 34
31 38
32 7
33 8
34 11
35 39
36 3
37 21
38 24
39 2
SIMILAR

23 25 4 14 33 2 11 39 1 17 22 34 28 38 35 13 20 7 5 37 18 0 16 12 36 15 3 27 6 10 24 9 8 19 26 21 31 32 30 29 
0 21
1 8
2 5
3 26
4 2
5 18
6 28
7 17
8 32
9 31
10 29
11 6
12 23
13 15
14 3
15 25
16 22
17 9
18 20
19 33
20 16
21 35
22 10
23 0
24 30
25 1
26 34
27 27
28 12
29 39
30 38
31 36
32 37
33 4
34 11
35 14
36 24
37 19
38 13
39 7
SIMILAR

10 6 32 39 21 23 8 17 5 3 38 36 35 31 22 19 33 11 13 24 18 27 9 29 30 4 34 25 16 14 37 0 15 20 2 26 28 7 1 12 
0 31
1 38
2 34
3 9
4 25
5 8
6 1
7 37
8 6
9 22
10 0
11 17
12 39
13 18
14 29
15 32
16 28
17 7
18 20
19 15
20 33
21 4
22 14
23 5
24 19
25 27
26 35
27 21
28 36
29 23
30 24
31 13
32 2
33 16
34 26
35 12
36 11
37 30
38 10
39 3
SIMILAR

8 29 27 13 7 16 4 34 14 2 31 17 15 24 36 33 20 9 39 18 32 21 19 11 25 6 26 5 35 0 1 10 30 12 22 23 28 38 3 37 
0 29
1 30
2 9
3 38
4 6
5 27
6 25
7 4
8 0
9 17
10 31
11 23
12 33
13 3
14 8
15 12
16 5
17 11
18 19
19 22
20 16
21 21
22 34
23 35
24 13
25 24
26 26
27 2
28 36
29 1
30 32
31 10
32 20
33 15
34 7
35 28
36 14
37 39
38 37
39 18
SIMILAR

33 14 9 8 16 34 5 24 15 17 29 10 27 1 21 20 2 37 3 18 4 38 13 30 6 31 19 11 28 0 22 39 25 23 35 26 32 36 7 12 
0 29
1 13
2 16
3 18
4 20
5 6
6 24
7 38
8 3
9 2
10 11
11 27
12 39
13 22
14 1
15 8
16 4
17 9
18 19
19 26
20 15
21 14
22 30
23 33
24 7
25 32
26 35
27 12
28 28
29 10
30 23
31 25
32 36
33 0
34 5
35 34
36 37
37 17
38 21
39 31
SIMILAR

30 10 28 26 2 5 0 3 36 31 27 39 19 4 14 12 11 34 25 33 18 29 21 38 20 15 16 37 8 17 9 32 13 7 22 6 35 23 1 24 
0 6
1 38
2 4
3 7
4 13
5 5
6 35
7 33
8 28
9 30
10 1
11 16
12 15
13 32
14 14
15 25
16 26
17 29
18 20
19 12
20 24
21 22
22 34
23 37
24 39
25 18
26 3
27 10
28 2
29 21
30 0
31 9
32 31
33 19
34 17
35 36
36 8
37 27
38 23
39 11
SIMILAR

27 9 4 26 20 36 16 30 23 34 13 8 3 0 25 2 35 7 39 11 12 18 17 24 15 29 38 32 22 31 14 21 1 33 28 5 19 10 6 37 
0 13
1 32
2 15
3 12
4 2
5 35
6 38
7 17
8 11
9 1
10 37
11 19
12 20
13 10
14 30
15 24
16 6
17 22
18 21
19 36
20 4
21 31
22 28
23 8
24 23
25 14
26 3
27 0
28 34
29 25
30 7
31 29
32 27
33 33
34 9
35 16
36 5
37 39
38 26
39 18
SIMILAR
100 0
5700 0
365700 0
