18
0 1 1 1 1 0 1 0 0 1 0 0 1 1 0 0 0 1 
1 0 0 1 1 1 1 1 0 1 0 1 1 1 1 0 0 0 
1 0 0 1 1 1 0 1 0 1 1 1 0 1 0 1 1 0 
1 1 1 0 1 0 1 0 1 1 0 0 1 0 1 0 0 1 
1 1 1 1 0 0 0 1 0 1 0 1 1 0 0 0 1 1 
0 1 1 0 0 0 0 0 0 1 1 1 0 1 0 1 0 1 
1 1 0 1 0 0 0 1 1 1 1 0 0 0 0 0 0 1 
0 1 1 0 1 0 1 0 0 0 1 0 0 1 1 0 0 0 
0 0 0 1 0 0 1 0 0 1 0 0 0 1 1 0 1 0 
1 1 1 1 1 1 1 0 1 0 0 1 0 0 0 0 1 1 
0 0 1 0 0 1 1 1 0 0 0 1 0 0 1 0 0 0 
0 1 1 0 1 1 0 0 0 1 1 0 1 0 1 1 0 1 
1 1 0 1 1 0 0 0 0 0 0 1 0 0 1 0 0 0 
1 1 1 0 0 1 0 1 1 0 0 0 0 0 0 1 0 0 
0 1 0 1 0 0 0 1 1 0 1 1 1 0 0 0 0 0 
0 0 1 0 0 1 0 0 0 0 0 1 0 1 0 0 1 0 
0 0 1 0 1 0 0 0 1 1 0 0 0 0 0 1 0 1 
1 0 0 1 1 1 1 0 0 1 0 1 0 0 0 0 1 0 

1 3 0 13 9 16 14 4 6 15 12 5 17 10 8 11 2 7 
0 2
1 0
2 16
3 1
4 7
5 11
6 8
7 17
8 14
9 4
10 13
11 15
12 10
13 3
14 6
15 9
16 5
17 12
SIMILAR

1 15 6 16 10 2 0 13 3 9 12 5 7 17 11 4 14 8 
0 6
1 0
2 5
3 8
4 15
5 11
6 2
7 12
8 17
9 9
10 4
11 14
12 10
13 7
14 16
15 1
16 3
17 13
SIMILAR

11 4 13 3 15 2 0 16 7 14 17 6 12 9 1 5 10 8 
0 6
1 14
2 5
3 3
4 1
5 15
6 11
7 8
8 17
9 13
10 16
11 0
12 12
13 2
14 9
15 4
16 7
17 10
SIMILAR

12 1 6 4 11 3 17 0 7 10 13 8 2 9 5 16 14 15 
0 7
1 1
2 12
3 5
4 3
5 14
6 2
7 8
8 11
9 13
10 9
11 4
12 0
13 10
14 16
15 17
16 15
17 6
SIMILAR

12 4 11 0 2 16 6 1 17 15 3 10 13 7 5 9 8 14 
0 3
1 7
2 4
3 10
4 1
5 14
6 6
7 13
8 16
9 15
10 11
11 2
12 0
13 12
14 17
15 9
16 5
17 8
SIMILAR

1 9 3 15 16 6 11 10 5 12 8 4 17 2 14 0 7 13 
0 15
1 0
2 13
3 2
4 11
5 8
6 5
7 16
8 10
9 1
10 7
11 6
12 9
13 17
14 14
15 3
16 4
17 12
SIMILAR

2 0 15 4 1 3 17 13 16 5 10 7 9 6 8 14 12 11 
0 1
1 4
2 0
3 5
4 3
5 9
6 13
7 11
8 14
9 12
10 10
11 17
12 16
13 7
14 15
15 2
16 8
17 6
SIMILAR

7 17 15 12 8 1 11 13 0 3 10 5 14 6 2 4 9 16 
0 8
1 5
2 14
3 9
4 15
5 11
6 13
7 0
8 4
9 16
10 10
11 6
12 3
13 7
14 12
15 2
16 17
17 1
SIMILAR

3 15 0 2 14 11 9 1 17 8 4 5 13 16 6 12 7 10 
0 2
1 7
2 3
3 0
4 10
5 11
6 14
7 16
8 9
9 6
10 17
11 5
12 15
13 12
14 4
15 1
16 13
17 8
SIMILAR

10 7 14 9 2 6 3 16 1 4 5 8 17 15 11 0 13 12 
0 15
1 8
2 4
3 6
4 9
5 10
6 5
7 1
8 11
9 3
10 0
11 14
12 17
13 16
14 2
15 13
16 7
17 12
SIMILAR

2 3 6 14 4 8 9 15 12 5 7 16 1 17 13 11 0 10 
0 16
1 12
2 0
3 1
4 4
5 9
6 2
7 10
8 5
9 6
10 17
11 15
12 8
13 14
14 3
15 7
16 11
17 13
SIMILAR

8 12 0 13 9 16 10 4 17 7 14 6 5 2 3 11 15 1 
0 2
1 17
2 13
3 14
4 7
5 12
6 11
7 9
8 0
9 4
10 6
11 15
12 1
13 3
14 10
15 16
16 5
17 8
SIMILAR

9 6 3 14 10 0 12 5 16 11 13 7 4 1 17 8 2 15 
0 5
1 13
2 16
3 2
4 12
5 7
6 1
7 11
8 15
9 0
10 4
11 9
12 6
13 10
14 3
15 17
16 8
17 14
SIMILAR

5 17 3 11 4 13 8 12 15 9 2 14 10 0 6 1 16 7 
0 13
1 15
2 10
3 2
4 4
5 0
6 14
7 17
8 6
9 9
10 12
11 3
12 7
13 5
14 11
15 8
16 16
17 1
SIMILAR

1 17 14 4 9 8 5 13 7 0 3 11 6 10 12 2 16 15 
0 9
1 0
2 15
3 10
4 3
5 6
6 12
7 8
8 5
9 4
10 13
11 11
12 14
13 7
14 2
15 17
16 16
17 1
SIMILAR

10 17 1 9 12 8 4 2 14 5 16 0 7 3 13 15 11 6 
0 11
1 2
2 7
3 13
4 6
5 9
6 17
7 12
8 5
9 3
10 0
11 16
12 4
13 14
14 8
15 15
16 10
17 1
SIMILAR

12 0 9 11 17 13 8 15 4 7 6 16 1 14 5 3 10 2 
0 1
1 12
2 17
3 15
4 8
5 14
6 10
7 9
8 6
9 2
10 16
11 3
12 0
13 5
14 13
15 7
16 11
17 4
SIMILAR

17 8 10 4 12 1 0 9 14 16 3 11 7 5 2 13 15 6 
0 6
1 5
2 14
3 10
4 3
5 13
6 17
7 12
8 1
9 7
10 2
11 11
12 4
13 15
14 8
15 16
16 9
17 0
SIMILAR

4 15 10 17 1 3 11 8 9 0 12 2 6 16 14 7 5 13 
0 9
1 4
2 11
3 5
4 0
5 16
6 12
7 15
8 7
9 8
10 2
11 6
12 10
13 17
14 14
15 1
16 13
17 3
SIMILAR

14 5 8 17 16 3 12 4 11 1 9 0 13 6 2 15 10 7 
0 11
1 9
2 14
3 5
4 7
5 1
6 13
7 17
8 2
9 10
10 16
11 8
12 6
13 12
14 0
15 15
16 4
17 3
SIMILAR

2 5 16 14 7 0 13 10 15 9 11 3 1 4 12 6 17 8 
0 5
1 12
2 0
3 11
4 13
5 1
6 15
7 4
8 17
9 9
10 7
11 10
12 14
13 6
14 3
15 8
16 2
17 16
SIMILAR

14 8 16 4 11 7 15 9 3 12 2 10 6 5 13 1 17 0 
0 17
1 15
2 10
3 8
4 3
5 13
6 12
7 5
8 1
9 7
10 11
11 4
12 9
13 14
14 0
15 6
16 2
17 16
SIMILAR

1 0 16 6 17 5 8 13 2 3 15 12 4 11 9 7 14 10 
0 1
1 0
2 8
3 9
4 12
5 5
6 3
7 15
8 6
9 14
10 17
11 13
12 11
13 7
14 16
15 10
16 2
17 4
SIMILAR

4 3 15 6 5 16 0 7 10 2 17 12 8 13 1 14 11 9 
0 6
1 14
2 9
3 1
4 0
5 4
6 3
7 7
8 12
9 17
10 8
11 16
12 11
13 13
14 15
15 2
16 5
17 10
SIMILAR

14 10 4 9 2 16 17 3 8 15 13 5 1 12 11 6 0 7 
0 16
1 12
2 4
3 7
4 2
5 11
6 15
7 17
8 8
9 3
10 1
11 14
12 13
13 10
14 0
15 9
16 5
17 6
SIMILAR

4 15 1 7 10 12 16 9 5 3 8 0 14 2 11 6 17 13 
0 11
1 2
2 13
3 9
4 0
5 8
6 15
7 3
8 10
9 7
10 4
11 14
12 5
13 17
14 12
15 1
16 6
17 16
SIMILAR

0 4 16 7 13 6 11 9 17 1 2 8 12 10 5 3 14 15 
0 0
1 9
2 10
3 15
4 1
5 14
6 5
7 3
8 11
9 7
10 13
11 6
12 12
13 4
14 16
15 17
16 2
17 8
SIMILAR

7 15 10 16 2 5 6 9 3 11 13 1 14 17 0 4 12 8 
0 14
1 11
2 4
3 8
4 15
5 5
6 6
7 0
8 17
9 7
10 2
11 9
12 16
13 10
14 12
15 1
16 3
17 13
SIMILAR

12 7 0 10 17 13 6 16 2 9 1 8 4 3 11 14 5 15 
0 2
1 10
2 8
3 13
4 12
5 16
6 6
7 1
8 11
9 9
10 3
11 14
12 0
13 5
14 15
15 17
16 7
17 4
SIMILAR

12 1 2 5 11 7 4 13 17 8 6 15 9 16 10 0 14 3 
0 15
1 1
2 2
3 17
4 6
5 3
6 10
7 5
8 9
9 12
10 14
11 4
12 0
13 7
14 16
15 11
16 13
17 8
SIMILAR

16 7 14 1 6 5 2 10 4 15 3 9 12 13 11 17 0 8 
0 16
1 3
2 6
3 10
4 8
5 5
6 4
7 1
8 17
9 11
10 7
11 14
12 12
13 13
14 2
15 9
16 0
17 15
SIMILAR

15 13 5 7 1 17 4 3 14 6 12 9 11 0 8 2 16 10 
0 13
1 4
2 15
3 7
4 6
5 2
6 9
7 3
8 14
9 11
10 17
11 12
12 10
13 1
14 8
15 0
16 16
17 5
SIMILAR

14 4 13 7 16 8 9 0 5 2 3 17 6 10 15 1 11 12 
0 7
1 15
2 9
3 10
4 1
5 8
6 12
7 3
8 5
9 6
10 13
11 16
12 17
13 2
14 0
15 14
16 4
17 11
SIMILAR

17 0 13 16 15 11 4 7 3 2 9 14 10 8 12 1 5 6 
0 1
1 15
2 9
3 8
4 6
5 16
6 17
7 7
8 13
9 10
10 12
11 5
12 14
13 2
14 11
15 4
16 3
17 0
SIMILAR

12 16 1 5 0 6 7 2 8 9 4 10 14 3 17 13 11 15 
0 4
1 2
2 7
3 13
4 10
5 3
6 5
7 6
8 8
9 9
10 11
11 16
12 0
13 15
14 12
15 17
16 1
17 14
SIMILAR

11 17 0 2 3 8 10 13 1 4 15 9 16 12 6 5 7 14 
0 2
1 8
2 3
3 4
4 9
5 15
6 14
7 16
8 5
9 11
10 6
11 0
12 13
13 7
14 17
15 10
16 12
17 1
SIMILAR

0 15 4 2 13 12 9 17 6 7 16 3 1 10 5 8 14 11 
0 0
1 12
2 3
3 11
4 2
5 14
6 8
7 9
8 15
9 6
10 13
11 17
12 5
13 4
14 16
15 1
16 10
17 7
SIMILAR

5 16 13 14 12 9 4 17 0 10 6 2 15 11 8 1 3 7 
0 8
1 15
2 11
3 16
4 6
5 0
6 10
7 17
8 14
9 5
10 9
11 13
12 4
13 2
14 3
15 12
16 1
17 7
SIMILAR

17 6 13 14 7 11 8 0 4 3 1 16 15 10 9 2 12 5 
0 7
1 10
2 15
3 9
4 8
5 17
6 1
7 4
8 6
9 14
10 13
11 5
12 16
13 2
14 3
15 12
16 11
17 0
SIMILAR

8 6 10 11 2 3 7 13 17 4 1 5 12 15 16 14 0 9 
0 16
1 10
2 4
3 5
4 9
5 11
6 1
7 6
8 0
9 17
10 2
11 3
12 12
13 7
14 15
15 13
16 14
17 8
SIMILAR

3 8 11 4 0 2 1 5 12 10 6 16 13 17 14 15 9 7 
0 4
1 6
2 5
3 0
4 3
5 7
6 10
7 17
8 1
9 16
10 9
11 2
12 8
13 12
14 14
15 15
16 11
17 13
SIMILAR

8 3 10 7 14 12 13 5 6 9 1 17 15 11 4 0 16 2 
0 15
1 10
2 17
3 1
4 14
5 7
6 8
7 3
8 0
9 9
10 2
11 13
12 5
13 6
14 4
15 12
16 16
17 11
SIMILAR

15 11 12 7 17 8 6 1 2 14 9 5 3 10 13 16 4 0 
0 17
1 7
2 8
3 12
4 16
5 11
6 6
7 3
8 5
9 10
10 13
11 1
12 2
13 14
14 9
15 0
16 15
17 4
SIMILAR

3 13 8 16 7 14 17 15 1 5 12 11 0 2 4 9 6 10 
0 12
1 8
2 13
3 0
4 14
5 9
6 16
7 4
8 2
9 15
10 17
11 11
12 10
13 1
14 5
15 7
16 3
17 6
SIMILAR

11 1 10 13 5 7 14 6 0 3 9 16 4 8 2 12 15 17 
0 8
1 1
2 14
3 9
4 12
5 4
6 7
7 5
8 13
9 10
10 2
11 0
12 15
13 3
14 6
15 16
16 11
17 17
SIMILAR

9 4 13 11 16 2 12 15 6 10 5 7 14 1 3 0 8 17 
0 15
1 13
2 5
3 14
4 1
5 10
6 8
7 11
8 16
9 0
10 9
11 3
12 6
13 2
14 12
15 7
16 4
17 17
SIMILAR

16 4 13 1 6 8 12 17 14 11 0 3 15 10 7 9 2 5 
0 10
1 3
2 16
3 11
4 1
5 17
6 4
7 14
8 5
9 15
10 13
11 9
12 6
13 2
14 8
15 12
16 0
17 7
SIMILAR

12 6 10 7 3 16 0 5 1 2 11 15 13 4 17 9 8 14 
0 6
1 8
2 9
3 4
4 13
5 7
6 1
7 3
8 16
9 15
10 2
11 10
12 0
13 12
14 17
15 11
16 5
17 14
SIMILAR

7 17 12 13 14 1 3 8 2 0 16 15 6 11 5 9 4 10 
0 9
1 5
2 8
3 6
4 16
5 14
6 12
7 0
8 7
9 15
10 17
11 13
12 2
13 3
14 4
15 11
16 10
17 1
SIMILAR

14 0 3 17 1 15 11 2 4 5 16 10 6 8 12 13 7 9 
0 1
1 4
2 7
3 2
4 8
5 9
6 12
7 16
8 13
9 17
10 11
11 6
12 14
13 15
14 0
15 5
16 10
17 3
SIMILAR

4 6 13 8 9 5 16 3 17 15 1 14 0 2 12 10 7 11 
0 12
1 10
2 13
3 7
4 0
5 5
6 1
7 16
8 3
9 4
10 15
11 17
12 14
13 2
14 11
15 9
16 6
17 8
SIMILAR

0 1 6 11 15 8 17 4 3 7 16 10 5 2 9 13 14 12 
0 0
1 1
2 13
3 8
4 7
5 12
6 2
7 9
8 5
9 14
10 11
11 3
12 17
13 15
14 16
15 4
16 10
17 6
SIMILAR

2 0 6 10 5 7 17 1 4 9 8 3 12 15 14 13 16 11 
0 1
1 7
2 0
3 11
4 8
5 4
6 2
7 5
8 10
9 9
10 3
11 17
12 12
13 15
14 14
15 13
16 16
17 6
SIMILAR

14 3 17 9 0 2 16 7 10 8 1 6 4 13 11 12 15 5 
0 4
1 10
2 5
3 1
4 12
5 17
6 11
7 7
8 9
9 3
10 8
11 14
12 15
13 13
14 0
15 16
16 6
17 2
SIMILAR

10 7 14 4 15 5 9 17 3 16 12 13 8 1 2 6 11 0 
0 17
1 13
2 14
3 8
4 3
5 5
6 15
7 1
8 12
9 6
10 0
11 16
12 10
13 11
14 2
15 4
16 9
17 7
SIMILAR

14 10 16 2 7 9 11 17 13 6 15 5 3 12 4 0 8 1 
0 15
1 17
2 3
3 12
4 14
5 11
6 9
7 4
8 16
9 5
10 1
11 6
12 13
13 8
14 0
15 10
16 2
17 7
SIMILAR

17 0 8 3 11 5 13 14 15 12 4 16 9 7 6 1 10 2 
0 1
1 15
2 17
3 3
4 10
5 5
6 14
7 13
8 2
9 12
10 16
11 4
12 9
13 6
14 7
15 8
16 11
17 0
SIMILAR

6 8 15 16 13 9 14 1 2 3 17 5 10 12 4 7 11 0 
0 17
1 7
2 8
3 9
4 14
5 11
6 0
7 15
8 1
9 5
10 12
11 16
12 13
13 4
14 6
15 2
16 3
17 10
SIMILAR

11 6 17 16 1 14 7 8 2 5 12 4 0 9 10 13 15 3 
0 12
1 4
2 8
3 17
4 11
5 9
6 1
7 6
8 7
9 13
10 14
11 0
12 10
13 15
14 5
15 16
16 3
17 2
SIMILAR

1 0 14 11 5 12 16 9 7 8 6 10 15 3 13 2 17 4 
0 1
1 0
2 15
3 13
4 17
5 4
6 10
7 8
8 9
9 7
10 11
11 3
12 5
13 14
14 2
15 12
16 6
17 16
SIMILAR

2 5 12 1 0 3 6 15 4 8 14 7 13 10 9 11 17 16 
0 4
1 3
2 0
3 5
4 8
5 1
6 6
7 11
8 9
9 14
10 13
11 15
12 2
13 12
14 10
15 7
16 17
17 16
SIMILAR

13 14 3 9 0 11 10 7 1 17 2 4 15 16 5 6 12 8 
0 4
1 8
2 10
3 2
4 11
5 14
6 15
7 7
8 17
9 3
10 6
11 5
12 16
13 0
14 1
15 12
16 13
17 9
SIMILAR

12 8 6 2 3 17 4 15 10 13 7 5 11 16 9 1 14 0 
0 17
1 15
2 3
3 4
4 6
5 11
6 2
7 10
8 1
9 14
10 8
11 12
12 0
13 9
14 16
15 7
16 13
17 5
SIMILAR

8 13 10 3 14 16 9 12 6 1 2 17 0 15 5 7 11 4 
0 12
1 9
2 10
3 3
4 17
5 14
6 8
7 15
8 0
9 6
10 2
11 16
12 7
13 1
14 4
15 13
16 5
17 11
SIMILAR

5 12 17 3 16 7 4 0 11 8 13 10 6 9 14 15 2 1 
0 7
1 17
2 16
3 3
4 6
5 0
6 12
7 5
8 9
9 13
10 11
11 8
12 1
13 10
14 14
15 15
16 4
17 2
SIMILAR

1 5 16 13 7 8 4 9 17 15 3 2 10 12 11 6 14 0 
0 17
1 0
2 11
3 10
4 6
5 1
6 15
7 4
8 5
9 7
10 12
11 14
12 13
13 3
14 16
15 9
16 2
17 8
SIMILAR

15 12 13 3 0 8 2 10 6 14 16 7 17 5 1 11 9 4 
0 4
1 14
2 6
3 3
4 17
5 13
6 8
7 11
8 5
9 16
10 7
11 15
12 1
13 2
14 9
15 0
16 10
17 12
SIMILAR

15 17 5 7 10 14 4 8 0 11 2 6 16 3 12 9 13 1 
0 8
1 17
2 10
3 13
4 6
5 2
6 11
7 3
8 7
9 15
10 4
11 9
12 14
13 16
14 5
15 0
16 12
17 1
SIMILAR

12 4 0 5 11 13 3 8 16 7 15 9 6 10 2 1 14 17 
0 2
1 15
2 14
3 6
4 1
5 3
6 12
7 9
8 7
9 11
10 13
11 4
12 0
13 5
14 16
15 10
16 8
17 17
SIMILAR

11 9 13 16 12 8 10 17 2 7 15 1 6 3 4 14 0 5 
0 16
1 11
2 8
3 13
4 14
5 17
6 12
7 9
8 5
9 1
10 6
11 0
12 4
13 2
14 15
15 10
16 3
17 7
SIMILAR

9 12 5 1 15 17 8 4 16 7 0 10 2 13 3 14 11 6 
0 10
1 3
2 12
3 14
4 7
5 2
6 17
7 9
8 6
9 0
10 11
11 16
12 1
13 13
14 15
15 4
16 8
17 5
SIMILAR

13 3 11 8 16 12 17 4 6 14 15 0 10 2 1 9 7 5 
0 11
1 14
2 13
3 1
4 7
5 17
6 8
7 16
8 3
9 15
10 12
11 2
12 5
13 0
14 9
15 10
16 4
17 6
SIMILAR

10 3 1 4 9 2 13 5 15 0 12 14 8 7 16 6 17 11 
0 9
1 2
2 5
3 1
4 3
5 7
6 15
7 13
8 12
9 4
10 0
11 17
12 10
13 6
14 11
15 8
16 14
17 16
SIMILAR

0 12 13 17 14 3 6 16 1 7 9 2 5 8 4 11 10 15 
0 0
1 8
2 11
3 5
4 14
5 12
6 6
7 9
8 13
9 10
10 16
11 15
12 1
13 2
14 4
15 17
16 7
17 3
SIMILAR

4 6 9 14 3 1 8 7 11 0 2 10 5 17 15 16 13 12 
0 9
1 5
2 10
3 4
4 0
5 12
6 1
7 7
8 6
9 2
10 11
11 8
12 17
13 16
14 3
15 14
16 15
17 13
SIMILAR

13 4 15 1 5 16 11 12 14 9 2 10 3 0 8 7 17 6 
0 13
1 3
2 10
3 12
4 1
5 4
6 17
7 15
8 14
9 9
10 11
11 6
12 7
13 0
14 8
15 2
16 5
17 16
SIMILAR

1 10 9 11 4 6 0 12 2 8 14 16 15 7 5 17 3 13 
0 6
1 0
2 8
3 16
4 4
5 14
6 5
7 13
8 9
9 2
10 1
11 3
12 7
13 17
14 10
15 12
16 11
17 15
SIMILAR

7 6 14 0 16 2 11 9 17 1 5 12 13 8 3 10 15 4 
0 3
1 9
2 5
3 14
4 17
5 10
6 1
7 0
8 13
9 7
10 15
11 6
12 11
13 12
14 2
15 16
16 4
17 8
SIMILAR

14 0 9 17 1 13 4 16 2 11 6 8 15 3 12 5 7 10 
0 1
1 4
2 8
3 13
4 6
5 15
6 10
7 16
8 11
9 2
10 17
11 9
12 14
13 5
14 0
15 12
16 7
17 3
SIMILAR

0 14 11 3 2 1 12 9 5 10 8 16 15 13 17 4 6 7 
0 0
1 5
2 4
3 3
4 15
5 8
6 16
7 17
8 10
9 7
10 9
11 2
12 6
13 13
14 1
15 12
16 11
17 14
SIMILAR

2 13 15 6 0 4 10 11 7 17 9 1 8 5 3 14 16 12 
0 4
1 11
2 0
3 14
4 5
5 13
6 3
7 8
8 12
9 10
10 6
11 7
12 17
13 1
14 15
15 2
16 16
17 9
SIMILAR

2 16 4 17 14 10 1 5 7 12 6 9 8 13 15 0 3 11 
0 15
1 6
2 0
3 16
4 2
5 7
6 10
7 8
8 12
9 11
10 5
11 17
12 9
13 13
14 4
15 14
16 1
17 3
SIMILAR

7 1 6 14 2 12 8 0 17 11 15 4 16 3 13 5 10 9 
0 7
1 1
2 4
3 13
4 11
5 15
6 2
7 0
8 6
9 17
10 16
11 9
12 5
13 14
14 3
15 10
16 12
17 8
SIMILAR

4 2 8 0 10 12 1 9 3 16 17 7 6 5 13 14 15 11 
0 3
1 6
2 1
3 8
4 0
5 13
6 12
7 11
8 2
9 7
10 4
11 17
12 5
13 14
14 15
15 16
16 9
17 10
SIMILAR

1 10 2 15 11 5 13 6 9 14 8 3 4 16 7 12 17 0 
0 17
1 0
2 2
3 11
4 12
5 5
6 7
7 14
8 10
9 8
10 1
11 4
12 15
13 6
14 9
15 3
16 13
17 16
SIMILAR

9 15 16 3 6 0 13 17 14 2 7 5 1 4 11 10 8 12 
0 5
1 12
2 9
3 3
4 13
5 11
6 4
7 10
8 16
9 0
10 15
11 14
12 17
13 6
14 8
15 1
16 2
17 7
SIMILAR

5 4 8 2 15 7 9 13 10 17 12 0 11 1 3 6 14 16 
0 11
1 13
2 3
3 14
4 1
5 0
6 15
7 5
8 2
9 6
10 8
11 12
12 10
13 7
14 16
15 4
16 17
17 9
SIMILAR

11 7 9 4 17 14 15 10 12 16 2 13 1 3 5 6 0 8 
0 16
1 12
2 10
3 13
4 3
5 14
6 15
7 1
8 17
9 2
10 7
11 0
12 8
13 11
14 5
15 6
16 9
17 4
SIMILAR

6 12 10 17 13 5 14 7 15 4 16 2 11 3 1 9 8 0 
0 17
1 14
2 11
3 13
4 9
5 5
6 0
7 7
8 16
9 15
10 2
11 12
12 1
13 4
14 6
15 8
16 10
17 3
SIMILAR

10 4 3 9 5 1 0 7 2 12 11 8 15 6 13 14 17 16 
0 6
1 5
2 8
3 2
4 1
5 4
6 13
7 7
8 11
9 3
10 0
11 10
12 9
13 14
14 15
15 12
16 17
17 16
SIMILAR

13 11 6 12 10 14 1 5 3 4 8 15 0 7 16 9 2 17 
0 12
1 6
2 16
3 8
4 9
5 7
6 2
7 13
8 10
9 15
10 4
11 1
12 3
13 0
14 5
15 11
16 14
17 17
SIMILAR

1 4 12 7 15 14 8 2 9 13 6 0 10 16 11 17 5 3 
0 11
1 0
2 7
3 17
4 1
5 16
6 10
7 3
8 6
9 8
10 12
11 14
12 2
13 9
14 5
15 4
16 13
17 15
SIMILAR

15 2 10 0 12 16 4 14 1 11 13 6 17 9 5 8 3 7 
0 3
1 8
2 1
3 16
4 6
5 14
6 11
7 17
8 15
9 13
10 2
11 9
12 4
13 10
14 7
15 0
16 5
17 12
SIMILAR

8 15 11 17 2 6 4 3 9 0 12 14 16 1 7 10 5 13 
0 9
1 13
2 4
3 7
4 6
5 16
6 5
7 14
8 0
9 8
10 15
11 2
12 10
13 17
14 11
15 1
16 12
17 3
SIMILAR

3 14 4 7 17 6 5 16 13 9 15 2 0 8 12 11 10 1 
0 12
1 17
2 11
3 0
4 2
5 6
6 5
7 3
8 13
9 9
10 16
11 15
12 14
13 8
14 1
15 10
16 7
17 4
SIMILAR

13 1 0 8 2 9 7 17 4 5 12 15 14 11 10 3 16 6 
0 2
1 1
2 4
3 15
4 8
5 9
6 17
7 6
8 3
9 5
10 14
11 13
12 10
13 0
14 12
15 11
16 16
17 7
SIMILAR

1 12 10 17 13 8 15 11 9 5 6 2 4 7 0 14 16 3 
0 14
1 0
2 11
3 17
4 12
5 9
6 10
7 13
8 5
9 8
10 2
11 7
12 1
13 4
14 15
15 6
16 16
17 3
SIMILAR

16 2 0 13 3 15 10 12 4 17 9 6 11 14 8 1 5 7 
0 2
1 15
2 1
3 4
4 8
5 16
6 11
7 17
8 14
9 10
10 6
11 12
12 7
13 3
14 13
15 5
16 0
17 9
SIMILAR

15 2 4 14 11 7 6 9 0 1 16 13 10 5 8 17 3 12 
0 8
1 9
2 1
3 16
4 2
5 13
6 6
7 5
8 14
9 7
10 12
11 4
12 17
13 11
14 3
15 0
16 10
17 15
SIMILAR

3 7 13 1 9 16 12 17 11 5 4 14 2 15 0 10 8 6 
0 14
1 3
2 12
3 0
4 10
5 9
6 17
7 1
8 16
9 4
10 15
11 8
12 6
13 2
14 11
15 13
16 5
17 7
SIMILAR
100 0
5000 0
145000 0
