18
0 0 1 0 1 1 0 1 0 1 1 0 0 0 1 1 1 1 
0 0 0 0 1 0 0 1 1 0 1 1 0 1 0 0 1 0 
1 0 0 0 0 1 1 1 1 1 0 0 0 1 1 0 1 1 
0 0 0 0 0 0 0 0 1 0 1 1 0 0 1 1 1 0 
1 1 0 0 0 1 0 1 1 1 0 1 0 1 1 0 0 1 
1 0 1 0 1 0 0 0 0 0 1 1 0 0 0 1 1 1 
0 0 1 0 0 0 0 0 1 0 0 0 1 0 1 0 0 0 
1 1 1 0 1 0 0 0 0 0 0 0 0 0 0 0 1 1 
0 1 1 1 1 0 1 0 0 0 0 1 1 0 1 0 1 0 
1 0 1 0 1 0 0 0 0 0 1 1 1 1 1 0 1 1 
1 1 0 1 0 1 0 0 0 1 0 1 1 0 0 0 0 0 
0 1 0 1 1 1 0 0 1 1 1 0 1 1 0 1 0 1 
0 0 0 0 0 0 1 0 1 1 1 1 0 0 0 0 0 0 
0 1 1 0 1 0 0 0 0 1 0 1 0 0 0 1 1 0 
1 0 1 1 1 0 1 0 1 1 0 0 0 0 0 0 1 0 
1 0 0 1 0 1 0 0 0 0 0 1 0 1 0 0 0 1 
1 1 1 1 0 1 0 1 1 1 0 0 0 1 1 0 0 1 
1 0 1 0 1 1 0 1 0 1 0 1 0 0 0 1 1 0 

1 8 7 0 14 16 11 4 13 5 10 9 12 3 6 15 17 2 
0 3
1 0
2 17
3 13
4 7
5 9
6 14
7 2
8 1
9 11
10 10
11 6
12 12
13 8
14 4
15 15
16 5
17 16
SIMILAR

12 16 15 4 0 1 9 11 8 17 14 6 7 10 5 2 13 3 
0 4
1 5
2 15
3 17
4 3
5 14
6 11
7 12
8 8
9 6
10 13
11 7
12 0
13 16
14 10
15 2
16 1
17 9
SIMILAR

6 12 9 14 7 4 17 11 15 0 13 2 3 10 1 8 16 5 
0 9
1 14
2 11
3 12
4 5
5 17
6 0
7 4
8 15
9 2
10 13
11 7
12 1
13 10
14 3
15 8
16 16
17 6
SIMILAR

5 3 10 13 12 2 8 7 4 17 0 6 9 1 16 14 15 11 
0 10
1 13
2 5
3 1
4 8
5 0
6 11
7 7
8 6
9 12
10 2
11 17
12 4
13 3
14 15
15 16
16 14
17 9
SIMILAR

4 13 6 14 0 1 2 17 12 3 8 11 10 9 5 7 15 16 
0 4
1 5
2 6
3 9
4 0
5 14
6 2
7 15
8 10
9 13
10 12
11 11
12 8
13 1
14 3
15 16
16 17
17 7
SIMILAR

11 9 13 12 5 14 4 15 16 10 2 6 0 7 3 1 8 17 
0 12
1 15
2 10
3 14
4 6
5 4
6 11
7 13
8 16
9 1
10 9
11 0
12 3
13 2
14 5
15 7
16 8
17 17
SIMILAR

9 7 8 4 12 5 15 10 0 11 6 3 16 14 1 17 2 13 
0 8
1 14
2 16
3 11
4 3
5 5
6 10
7 1
8 2
9 0
10 7
11 9
12 4
13 17
14 13
15 6
16 12
17 15
SIMILAR

9 6 5 17 3 11 10 2 16 14 13 7 4 15 12 1 0 8 
0 16
1 15
2 7
3 4
4 12
5 2
6 1
7 11
8 17
9 0
10 6
11 5
12 14
13 10
14 9
15 13
16 8
17 3
SIMILAR

12 17 8 5 2 11 7 15 6 13 16 4 10 14 0 9 3 1 
0 14
1 17
2 4
3 16
4 11
5 3
6 8
7 6
8 2
9 15
10 12
11 5
12 0
13 9
14 13
15 7
16 10
17 1
SIMILAR

0 7 11 4 14 3 17 5 6 16 9 10 12 8 2 13 15 1 
0 0
1 17
2 14
3 5
4 3
5 7
6 8
7 1
8 13
9 10
10 11
11 2
12 12
13 15
14 4
15 16
16 9
17 6
SIMILAR

3 15 16 11 5 14 9 13 12 1 0 17 10 6 2 8 4 7 
0 10
1 9
2 14
3 0
4 16
5 4
6 13
7 17
8 15
9 6
10 12
11 3
12 8
13 7
14 5
15 1
16 2
17 11
SIMILAR

12 3 14 11 6 16 5 15 7 0 4 17 13 2 9 8 10 1 
0 9
1 17
2 13
3 1
4 10
5 6
6 4
7 8
8 15
9 14
10 16
11 3
12 0
13 12
14 2
15 7
16 5
17 11
SIMILAR

11 10 13 1 12 4 9 2 6 3 5 15 0 14 16 17 8 7 
0 12
1 3
2 7
3 9
4 5
5 10
6 8
7 17
8 16
9 6
10 1
11 0
12 4
13 2
14 13
15 11
16 14
17 15
SIMILAR

14 8 5 15 10 0 7 17 11 16 9 6 4 3 12 13 2 1 
0 5
1 17
2 16
3 13
4 12
5 2
6 11
7 6
8 1
9 10
10 4
11 8
12 14
13 15
14 0
15 3
16 9
17 7
SIMILAR

3 0 2 14 12 13 7 10 6 17 4 5 9 8 16 15 11 1 
0 1
1 17
2 2
3 0
4 10
5 11
6 8
7 6
8 13
9 12
10 7
11 16
12 4
13 5
14 3
15 15
16 14
17 9
SIMILAR

2 11 10 9 4 5 15 0 6 7 12 8 14 17 3 16 1 13 
0 7
1 16
2 0
3 14
4 4
5 5
6 8
7 9
8 11
9 3
10 2
11 1
12 10
13 17
14 12
15 6
16 15
17 13
SIMILAR

7 16 4 12 15 11 1 17 2 8 5 0 13 3 6 9 10 14 
0 11
1 6
2 8
3 13
4 2
5 10
6 14
7 0
8 9
9 15
10 16
11 5
12 3
13 12
14 17
15 4
16 1
17 7
SIMILAR

7 1 3 17 2 5 16 4 13 0 10 14 9 12 8 15 11 6 
0 9
1 1
2 4
3 2
4 7
5 5
6 17
7 0
8 14
9 12
10 10
11 16
12 13
13 8
14 11
15 15
16 6
17 3
SIMILAR

2 6 13 0 7 11 3 17 10 1 4 9 5 16 15 14 12 8 
0 3
1 9
2 0
3 6
4 10
5 12
6 1
7 4
8 17
9 11
10 8
11 5
12 16
13 2
14 15
15 14
16 13
17 7
SIMILAR

1 11 15 6 5 7 10 3 17 9 13 8 4 0 14 16 2 12 
0 13
1 0
2 16
3 7
4 12
5 4
6 3
7 5
8 11
9 9
10 6
11 1
12 17
13 10
14 14
15 2
16 15
17 8
SIMILAR

10 16 4 1 17 13 7 2 0 9 8 3 5 11 12 6 14 15 
0 8
1 3
2 7
3 11
4 2
5 12
6 15
7 6
8 10
9 9
10 0
11 13
12 14
13 5
14 16
15 17
16 1
17 4
SIMILAR

16 3 5 0 14 6 10 4 13 1 2 17 11 12 7 15 8 9 
0 3
1 9
2 10
3 1
4 7
5 2
6 5
7 14
8 16
9 17
10 6
11 12
12 13
13 8
14 4
15 15
16 0
17 11
SIMILAR

5 0 13 14 4 9 8 3 12 15 10 2 17 7 16 11 1 6 
0 1
1 16
2 11
3 7
4 4
5 0
6 17
7 13
8 6
9 5
10 10
11 15
12 8
13 2
14 3
15 9
16 14
17 12
SIMILAR

4 16 17 2 5 6 15 14 0 12 10 8 3 13 9 1 11 7 
0 8
1 15
2 3
3 12
4 0
5 4
6 5
7 17
8 11
9 14
10 10
11 16
12 9
13 13
14 7
15 6
16 1
17 2
SIMILAR

6 0 4 17 10 16 5 14 13 9 2 15 7 3 1 8 11 12 
0 1
1 14
2 10
3 13
4 2
5 6
6 0
7 12
8 15
9 9
10 4
11 16
12 17
13 8
14 7
15 11
16 5
17 3
SIMILAR

1 11 6 12 14 9 16 15 13 0 3 2 4 5 10 8 17 7 
0 9
1 0
2 11
3 10
4 12
5 13
6 2
7 17
8 15
9 5
10 14
11 1
12 3
13 8
14 4
15 7
16 6
17 16
SIMILAR

10 11 13 0 12 7 8 17 2 9 14 16 6 1 5 3 15 4 
0 3
1 13
2 8
3 15
4 17
5 14
6 12
7 5
8 6
9 9
10 0
11 1
12 4
13 2
14 10
15 16
16 11
17 7
SIMILAR

17 3 11 16 9 15 1 6 8 12 7 10 2 14 13 4 0 5 
0 16
1 6
2 12
3 1
4 15
5 17
6 7
7 10
8 8
9 4
10 11
11 2
12 9
13 14
14 13
15 5
16 3
17 0
SIMILAR

15 0 10 17 5 6 14 12 4 11 8 2 7 1 13 3 16 9 
0 1
1 13
2 11
3 15
4 8
5 4
6 5
7 12
8 10
9 17
10 2
11 9
12 7
13 14
14 6
15 0
16 16
17 3
SIMILAR

6 13 15 9 16 10 0 1 5 4 17 14 3 2 12 8 11 7 
0 6
1 7
2 13
3 12
4 9
5 8
6 0
7 17
8 15
9 3
10 5
11 16
12 14
13 1
14 11
15 2
16 4
17 10
SIMILAR

11 5 9 0 17 15 6 12 3 2 14 4 1 13 16 10 7 8 
0 3
1 12
2 9
3 8
4 11
5 1
6 6
7 16
8 17
9 2
10 15
11 0
12 7
13 13
14 10
15 5
16 14
17 4
SIMILAR

14 11 3 6 0 12 5 4 10 16 7 15 8 2 13 9 17 1 
0 4
1 17
2 13
3 2
4 7
5 6
6 3
7 10
8 12
9 15
10 8
11 1
12 5
13 14
14 0
15 11
16 9
17 16
SIMILAR

12 15 5 7 17 6 16 13 0 4 2 1 11 8 9 14 3 10 
0 8
1 11
2 10
3 16
4 9
5 2
6 5
7 3
8 13
9 14
10 17
11 12
12 0
13 7
14 15
15 1
16 6
17 4
SIMILAR

9 6 12 3 17 1 7 10 2 14 5 4 16 8 0 11 13 15 
0 14
1 5
2 8
3 3
4 11
5 10
6 1
7 6
8 13
9 0
10 7
11 15
12 2
13 16
14 9
15 17
16 12
17 4
SIMILAR

11 2 3 10 8 15 7 4 16 5 9 14 12 17 0 6 1 13 
0 14
1 16
2 1
3 2
4 7
5 9
6 15
7 6
8 4
9 10
10 3
11 0
12 12
13 17
14 11
15 5
16 8
17 13
SIMILAR

0 15 6 7 5 17 16 8 9 3 12 4 13 10 14 1 11 2 
0 0
1 15
2 17
3 9
4 11
5 4
6 2
7 3
8 7
9 8
10 13
11 16
12 10
13 12
14 14
15 1
16 6
17 5
SIMILAR

10 8 12 16 17 14 7 11 2 4 1 0 15 13 5 9 6 3 
0 11
1 10
2 8
3 17
4 9
5 14
6 16
7 6
8 1
9 15
10 0
11 7
12 2
13 13
14 5
15 12
16 3
17 4
SIMILAR

1 16 2 13 12 15 17 0 4 8 6 9 5 10 3 11 14 7 
0 7
1 0
2 2
3 14
4 8
5 12
6 10
7 17
8 9
9 11
10 13
11 15
12 4
13 3
14 16
15 5
16 1
17 6
SIMILAR

15 12 0 4 2 16 10 17 9 8 6 3 13 7 1 14 11 5 
0 2
1 14
2 4
3 11
4 3
5 17
6 10
7 13
8 9
9 8
10 6
11 16
12 1
13 12
14 15
15 0
16 5
17 7
SIMILAR

0 1 6 9 3 8 5 14 12 11 10 2 16 4 7 13 15 17 
0 0
1 1
2 11
3 4
4 13
5 6
6 2
7 14
8 5
9 3
10 10
11 9
12 8
13 15
14 7
15 16
16 12
17 17
SIMILAR

1 12 17 16 4 5 11 6 15 8 7 9 14 3 2 0 10 13 
0 15
1 0
2 14
3 13
4 4
5 5
6 7
7 10
8 9
9 11
10 16
11 6
12 1
13 17
14 12
15 8
16 3
17 2
SIMILAR

14 16 8 2 5 15 6 13 0 7 3 17 12 11 4 1 9 10 
0 8
1 15
2 3
3 10
4 14
5 4
6 6
7 9
8 2
9 16
10 17
11 13
12 12
13 7
14 0
15 5
16 1
17 11
SIMILAR

6 1 7 0 10 2 15 14 17 13 8 11 12 5 16 3 4 9 
0 3
1 1
2 5
3 15
4 16
5 13
6 0
7 2
8 10
9 17
10 4
11 11
12 12
13 9
14 7
15 6
16 14
17 8
SIMILAR

3 6 15 16 2 14 12 17 0 9 4 8 10 1 5 7 13 11 
0 8
1 13
2 4
3 0
4 10
5 14
6 1
7 15
8 11
9 9
10 12
11 17
12 6
13 16
14 5
15 2
16 3
17 7
SIMILAR

4 3 0 2 8 14 9 7 17 1 11 13 5 10 6 15 12 16 
0 2
1 9
2 3
3 1
4 0
5 12
6 14
7 7
8 4
9 6
10 13
11 10
12 16
13 11
14 5
15 15
16 17
17 8
SIMILAR

10 11 16 17 7 12 2 13 3 4 15 14 0 8 9 1 6 5 
0 12
1 15
2 6
3 8
4 9
5 17
6 16
7 4
8 13
9 14
10 0
11 1
12 5
13 7
14 11
15 10
16 2
17 3
SIMILAR

6 4 16 9 10 15 11 5 7 2 8 3 14 1 17 13 0 12 
0 16
1 13
2 9
3 11
4 1
5 7
6 0
7 8
8 10
9 3
10 4
11 6
12 17
13 15
14 12
15 5
16 2
17 14
SIMILAR

17 13 4 14 7 3 15 2 11 8 6 12 9 10 5 1 0 16 
0 16
1 15
2 7
3 5
4 2
5 14
6 10
7 4
8 9
9 12
10 13
11 8
12 11
13 1
14 3
15 6
16 17
17 0
SIMILAR

0 15 17 1 13 2 16 3 11 4 14 7 8 5 9 6 10 12 
0 0
1 3
2 5
3 7
4 9
5 13
6 15
7 11
8 12
9 14
10 16
11 8
12 17
13 4
14 10
15 1
16 6
17 2
SIMILAR

14 15 7 17 10 2 12 9 1 6 8 13 16 4 0 11 3 5 
0 14
1 8
2 5
3 16
4 13
5 17
6 9
7 2
8 10
9 7
10 4
11 15
12 6
13 11
14 0
15 1
16 12
17 3
SIMILAR

3 10 14 6 16 2 4 7 5 15 17 11 8 13 0 12 9 1 
0 14
1 17
2 5
3 0
4 6
5 8
6 3
7 7
8 12
9 16
10 1
11 11
12 15
13 13
14 2
15 9
16 4
17 10
SIMILAR

5 14 3 17 2 1 6 8 15 11 16 0 4 12 9 13 7 10 
0 11
1 5
2 4
3 2
4 12
5 0
6 6
7 16
8 7
9 14
10 17
11 9
12 13
13 15
14 1
15 8
16 10
17 3
SIMILAR

2 4 9 6 15 16 10 12 3 11 0 13 8 17 5 7 1 14 
0 10
1 16
2 0
3 8
4 1
5 14
6 3
7 15
8 12
9 2
10 6
11 9
12 7
13 11
14 17
15 4
16 5
17 13
SIMILAR

0 8 6 16 17 10 9 14 12 4 7 5 2 3 1 13 15 11 
0 0
1 14
2 12
3 13
4 9
5 11
6 2
7 10
8 1
9 6
10 5
11 17
12 8
13 15
14 7
15 16
16 3
17 4
SIMILAR

13 10 1 17 16 3 15 2 9 12 6 8 7 11 5 0 4 14 
0 15
1 2
2 7
3 5
4 16
5 14
6 10
7 12
8 11
9 8
10 1
11 13
12 9
13 0
14 17
15 6
16 4
17 3
SIMILAR

0 13 5 1 11 15 9 10 3 4 17 16 14 7 12 8 6 2 
0 0
1 3
2 17
3 8
4 9
5 2
6 16
7 13
8 15
9 6
10 7
11 4
12 14
13 1
14 12
15 5
16 11
17 10
SIMILAR

11 17 8 6 0 12 5 16 14 1 3 2 10 13 9 7 4 15 
0 4
1 9
2 11
3 10
4 16
5 6
6 3
7 15
8 2
9 14
10 12
11 0
12 5
13 13
14 8
15 17
16 7
17 1
SIMILAR

17 6 1 8 7 2 12 9 11 5 10 4 16 0 3 15 14 13 
0 13
1 2
2 5
3 14
4 11
5 9
6 1
7 4
8 3
9 7
10 10
11 8
12 6
13 17
14 16
15 15
16 12
17 0
SIMILAR

6 13 10 7 17 14 3 12 4 5 8 0 11 15 2 1 9 16 
0 11
1 15
2 14
3 6
4 8
5 9
6 0
7 3
8 10
9 16
10 2
11 12
12 7
13 1
14 5
15 13
16 17
17 4
SIMILAR

12 14 10 3 8 11 9 1 16 17 6 7 2 13 0 4 5 15 
0 14
1 7
2 12
3 3
4 15
5 16
6 10
7 11
8 4
9 6
10 2
11 5
12 0
13 13
14 1
15 17
16 8
17 9
SIMILAR

1 11 0 17 4 15 6 7 9 2 3 13 16 5 14 12 8 10 
0 2
1 0
2 9
3 10
4 4
5 13
6 6
7 7
8 16
9 8
10 17
11 1
12 15
13 11
14 14
15 5
16 12
17 3
SIMILAR

11 0 17 13 12 8 9 4 2 16 1 14 3 7 6 15 5 10 
0 1
1 10
2 8
3 12
4 7
5 16
6 14
7 13
8 5
9 6
10 17
11 0
12 4
13 3
14 11
15 15
16 9
17 2
SIMILAR

11 13 16 0 9 10 2 15 7 4 17 6 1 3 12 5 14 8 
0 3
1 12
2 6
3 13
4 9
5 15
6 11
7 8
8 17
9 4
10 5
11 0
12 14
13 1
14 16
15 7
16 2
17 10
SIMILAR

1 16 5 6 0 13 4 10 11 2 7 15 8 12 3 17 14 9 
0 4
1 0
2 9
3 14
4 6
5 2
6 3
7 10
8 12
9 17
10 7
11 8
12 13
13 5
14 16
15 11
16 1
17 15
SIMILAR

7 6 10 0 2 16 15 3 1 14 11 5 4 8 9 13 12 17 
0 3
1 8
2 4
3 7
4 12
5 11
6 1
7 0
8 13
9 14
10 2
11 10
12 16
13 15
14 9
15 6
16 5
17 17
SIMILAR

10 15 12 2 4 9 7 16 6 8 5 17 13 3 1 11 14 0 
0 17
1 14
2 3
3 13
4 4
5 10
6 8
7 6
8 9
9 5
10 0
11 15
12 2
13 12
14 16
15 1
16 7
17 11
SIMILAR

12 5 1 3 9 17 2 8 13 10 7 14 6 4 16 0 15 11 
0 15
1 2
2 6
3 3
4 13
5 1
6 12
7 10
8 7
9 4
10 9
11 17
12 0
13 8
14 11
15 16
16 14
17 5
SIMILAR

17 7 15 13 12 0 2 16 5 10 3 8 4 14 6 11 1 9 
0 5
1 16
2 6
3 10
4 12
5 8
6 14
7 1
8 11
9 17
10 9
11 15
12 4
13 3
14 13
15 2
16 7
17 0
SIMILAR

8 9 11 4 0 1 15 7 16 2 13 5 6 3 10 12 14 17 
0 4
1 5
2 9
3 13
4 3
5 11
6 12
7 7
8 0
9 1
10 14
11 2
12 15
13 10
14 16
15 6
16 8
17 17
SIMILAR

5 13 3 10 14 11 6 16 7 1 2 9 15 12 0 8 4 17 
0 14
1 9
2 10
3 2
4 16
5 0
6 6
7 8
8 15
9 11
10 3
11 5
12 13
13 1
14 4
15 12
16 7
17 17
SIMILAR

2 8 15 4 12 16 9 3 7 10 5 1 13 6 14 17 11 0 
0 17
1 11
2 0
3 7
4 3
5 10
6 13
7 8
8 1
9 6
10 9
11 16
12 4
13 12
14 14
15 2
16 5
17 15
SIMILAR

11 5 8 15 9 7 10 4 2 0 14 17 16 3 1 12 13 6 
0 9
1 14
2 8
3 13
4 7
5 1
6 17
7 5
8 2
9 4
10 6
11 0
12 15
13 16
14 10
15 3
16 12
17 11
SIMILAR

15 3 7 2 12 8 5 10 11 6 16 9 1 14 0 13 4 17 
0 14
1 12
2 3
3 1
4 16
5 6
6 9
7 2
8 5
9 11
10 7
11 8
12 4
13 15
14 13
15 0
16 10
17 17
SIMILAR

3 12 6 10 1 16 2 0 5 9 14 7 8 11 13 4 17 15 
0 7
1 4
2 6
3 0
4 15
5 8
6 2
7 11
8 12
9 9
10 3
11 13
12 1
13 14
14 10
15 17
16 5
17 16
SIMILAR

1 8 7 17 0 14 5 10 6 15 2 4 12 11 16 13 9 3 
0 4
1 0
2 10
3 17
4 11
5 6
6 8
7 2
8 1
9 16
10 7
11 13
12 12
13 15
14 5
15 9
16 14
17 3
SIMILAR

9 1 16 2 3 0 4 10 7 8 6 17 13 5 11 14 15 12 
0 5
1 1
2 3
3 4
4 6
5 13
6 10
7 8
8 9
9 0
10 7
11 14
12 17
13 12
14 15
15 16
16 2
17 11
SIMILAR

3 8 14 9 5 11 16 0 7 13 17 2 4 6 15 1 12 10 
0 7
1 15
2 11
3 0
4 12
5 4
6 13
7 8
8 1
9 3
10 17
11 5
12 16
13 9
14 2
15 14
16 6
17 10
SIMILAR

17 0 10 6 3 8 9 13 5 14 2 1 12 11 4 15 7 16 
0 1
1 11
2 10
3 4
4 14
5 8
6 3
7 16
8 5
9 6
10 2
11 13
12 12
13 7
14 9
15 15
16 17
17 0
SIMILAR

4 17 11 6 12 15 2 13 0 8 3 1 14 16 7 10 9 5 
0 8
1 11
2 6
3 10
4 0
5 17
6 3
7 14
8 9
9 16
10 15
11 2
12 4
13 7
14 12
15 5
16 13
17 1
SIMILAR

17 0 6 3 16 10 1 13 15 8 4 11 14 12 9 2 7 5 
0 1
1 6
2 15
3 3
4 10
5 17
6 2
7 16
8 9
9 14
10 5
11 11
12 13
13 7
14 12
15 8
16 4
17 0
SIMILAR

3 16 5 9 1 8 6 14 2 12 0 10 4 7 17 15 11 13 
0 10
1 4
2 8
3 0
4 12
5 2
6 6
7 13
8 5
9 3
10 11
11 16
12 9
13 17
14 7
15 15
16 1
17 14
SIMILAR

16 6 7 1 10 5 0 8 13 12 4 17 2 14 11 15 3 9 
0 6
1 3
2 12
3 16
4 10
5 5
6 1
7 2
8 7
9 17
10 4
11 14
12 9
13 8
14 13
15 15
16 0
17 11
SIMILAR

7 0 14 8 3 5 6 15 1 16 13 17 12 2 9 4 11 10 
0 1
1 8
2 13
3 4
4 15
5 5
6 6
7 0
8 3
9 14
10 17
11 16
12 12
13 10
14 2
15 7
16 9
17 11
SIMILAR

3 13 15 1 0 4 6 2 11 5 16 7 10 12 9 17 8 14 
0 4
1 3
2 7
3 0
4 5
5 9
6 6
7 11
8 16
9 14
10 12
11 8
12 13
13 1
14 17
15 2
16 10
17 15
SIMILAR

5 2 10 0 1 7 8 3 4 17 15 9 16 12 6 14 13 11 
0 3
1 4
2 1
3 7
4 8
5 0
6 14
7 5
8 6
9 11
10 2
11 17
12 13
13 16
14 15
15 10
16 12
17 9
SIMILAR

2 1 6 3 12 11 4 7 10 15 5 13 16 9 0 17 8 14 
0 14
1 1
2 0
3 3
4 6
5 10
6 2
7 7
8 16
9 13
10 8
11 5
12 4
13 11
14 17
15 9
16 12
17 15
SIMILAR

4 7 2 11 14 8 12 0 17 16 15 6 1 10 5 13 3 9 
0 7
1 12
2 2
3 16
4 0
5 14
6 11
7 1
8 5
9 17
10 13
11 3
12 6
13 15
14 4
15 10
16 9
17 8
SIMILAR

14 5 16 17 6 4 0 13 10 7 9 15 3 11 12 1 2 8 
0 6
1 15
2 16
3 12
4 5
5 1
6 4
7 9
8 17
9 10
10 8
11 13
12 14
13 7
14 0
15 11
16 2
17 3
SIMILAR

6 9 17 13 1 10 12 14 2 4 5 7 3 16 0 11 8 15 
0 14
1 4
2 8
3 12
4 9
5 10
6 0
7 11
8 16
9 1
10 5
11 15
12 6
13 3
14 7
15 17
16 13
17 2
SIMILAR

8 3 1 12 17 15 7 5 13 2 16 4 6 10 14 0 11 9 
0 15
1 2
2 9
3 1
4 11
5 7
6 12
7 6
8 0
9 17
10 13
11 16
12 3
13 8
14 14
15 5
16 10
17 4
SIMILAR

9 11 13 7 16 6 0 17 5 4 10 12 15 2 1 3 14 8 
0 6
1 14
2 13
3 15
4 9
5 8
6 5
7 3
8 17
9 0
10 10
11 1
12 11
13 2
14 16
15 12
16 4
17 7
SIMILAR

7 3 15 12 6 14 4 5 13 9 11 1 2 17 8 0 16 10 
0 15
1 11
2 12
3 1
4 6
5 7
6 4
7 0
8 14
9 9
10 17
11 10
12 3
13 8
14 5
15 2
16 16
17 13
SIMILAR

9 13 1 8 2 6 3 5 4 10 11 14 17 0 7 12 16 15 
0 13
1 2
2 4
3 6
4 8
5 7
6 5
7 14
8 3
9 0
10 9
11 10
12 15
13 1
14 11
15 17
16 16
17 12
SIMILAR

16 15 6 14 1 13 10 8 0 5 7 11 17 3 9 12 4 2 
0 8
1 4
2 17
3 13
4 16
5 9
6 2
7 10
8 7
9 14
10 6
11 11
12 15
13 5
14 3
15 1
16 0
17 12
SIMILAR

9 3 10 5 16 2 0 7 14 13 8 15 12 6 4 1 11 17 
0 6
1 15
2 5
3 1
4 14
5 3
6 13
7 7
8 10
9 0
10 2
11 16
12 12
13 9
14 8
15 11
16 4
17 17
SIMILAR

8 7 16 5 12 13 10 3 17 1 4 2 15 14 9 6 11 0 
0 17
1 9
2 11
3 7
4 10
5 3
6 15
7 1
8 0
9 14
10 6
11 16
12 4
13 5
14 13
15 12
16 2
17 8
SIMILAR

17 1 5 2 10 6 3 14 7 4 0 9 11 13 12 15 16 8 
0 10
1 1
2 3
3 6
4 9
5 2
6 5
7 8
8 17
9 11
10 4
11 12
12 14
13 13
14 7
15 15
16 16
17 0
SIMILAR

6 7 9 0 1 12 17 3 10 5 11 13 15 4 8 2 16 14 
0 3
1 4
2 15
3 7
4 13
5 9
6 0
7 1
8 14
9 2
10 8
11 10
12 5
13 11
14 17
15 12
16 16
17 6
SIMILAR

12 2 10 6 15 0 16 8 1 11 13 3 14 5 17 9 4 7 
0 5
1 8
2 1
3 11
4 16
5 13
6 3
7 17
8 7
9 15
10 2
11 9
12 0
13 10
14 12
15 4
16 6
17 14
SIMILAR

12 2 10 15 17 5 1 9 6 11 16 3 13 8 4 0 14 7 
0 15
1 6
2 1
3 11
4 14
5 5
6 8
7 17
8 13
9 7
10 2
11 9
12 0
13 12
14 16
15 3
16 10
17 4
SIMILAR
100 0
6900 0
146900 0
