18
0 0 1 1 0 1 1 1 1 0 1 1 1 0 1 0 1 0 
0 0 1 0 1 1 1 0 0 0 0 1 1 0 0 0 1 1 
1 1 0 0 1 1 1 0 1 1 0 0 0 0 1 0 1 1 
1 0 0 0 0 0 1 1 1 0 0 0 1 0 0 1 0 1 
0 1 1 0 0 0 1 1 0 0 0 1 0 1 0 0 1 1 
1 1 1 0 0 0 0 1 0 1 1 0 0 0 0 1 1 0 
1 1 1 1 1 0 0 1 1 1 0 0 0 0 1 1 1 1 
1 0 0 1 1 1 1 0 0 1 1 0 1 0 1 1 1 1 
1 0 1 1 0 0 1 0 0 1 0 1 1 1 0 1 1 1 
0 0 1 0 0 1 1 1 1 0 0 1 0 0 1 0 0 1 
1 0 0 0 0 1 0 1 0 0 0 0 1 1 1 1 0 1 
1 1 0 0 1 0 0 0 1 1 0 0 1 1 1 0 0 0 
1 1 0 1 0 0 0 1 1 0 1 1 0 1 0 0 0 1 
0 0 0 0 1 0 0 0 1 0 1 1 1 0 1 0 0 0 
1 0 1 0 0 0 1 1 0 1 1 1 0 1 0 0 0 1 
0 0 0 1 0 1 1 1 1 0 1 0 0 0 0 0 0 1 
1 1 1 0 1 1 1 1 1 0 0 0 0 0 0 0 0 1 
0 1 1 1 1 0 1 1 1 1 1 0 1 0 1 1 1 0 

4 7 6 9 3 10 14 1 16 11 15 8 13 17 5 0 2 12 
0 15
1 7
2 16
3 4
4 0
5 14
6 2
7 1
8 11
9 3
10 5
11 9
12 17
13 12
14 6
15 10
16 8
17 13
SIMILAR

17 7 6 15 11 9 3 5 8 16 0 2 14 1 4 12 13 10 
0 10
1 13
2 11
3 6
4 14
5 7
6 2
7 1
8 8
9 5
10 17
11 4
12 15
13 16
14 12
15 3
16 9
17 0
SIMILAR

17 10 16 6 13 0 15 8 7 4 1 5 14 12 11 9 2 3 
0 5
1 10
2 16
3 17
4 9
5 11
6 3
7 8
8 7
9 15
10 1
11 14
12 13
13 4
14 12
15 6
16 2
17 0
SIMILAR

14 11 2 15 17 4 16 9 6 0 5 8 7 3 10 1 12 13 
0 9
1 15
2 2
3 13
4 5
5 10
6 8
7 12
8 11
9 7
10 14
11 1
12 16
13 17
14 0
15 3
16 6
17 4
SIMILAR

15 10 17 12 5 2 7 11 6 13 16 0 4 1 3 9 14 8 
0 11
1 13
2 5
3 14
4 12
5 4
6 8
7 6
8 17
9 15
10 1
11 7
12 3
13 9
14 16
15 0
16 10
17 2
SIMILAR

17 1 7 11 12 0 16 10 13 6 8 3 14 5 15 9 4 2 
0 5
1 1
2 17
3 11
4 16
5 13
6 9
7 2
8 10
9 15
10 7
11 3
12 4
13 8
14 12
15 14
16 6
17 0
SIMILAR

14 8 17 4 0 7 1 13 12 6 15 9 16 11 10 2 5 3 
0 4
1 6
2 15
3 17
4 3
5 16
6 9
7 5
8 1
9 11
10 14
11 13
12 8
13 7
14 0
15 10
16 12
17 2
SIMILAR

14 10 7 17 9 16 4 13 3 8 1 0 11 12 6 2 5 15 
0 11
1 10
2 15
3 8
4 6
5 16
6 14
7 2
8 9
9 4
10 1
11 12
12 13
13 7
14 0
15 17
16 5
17 3
SIMILAR

8 16 2 17 4 9 6 13 5 10 0 1 3 15 11 7 14 12 
0 10
1 11
2 2
3 12
4 4
5 8
6 6
7 15
8 0
9 5
10 9
11 14
12 17
13 7
14 16
15 13
16 1
17 3
SIMILAR

5 16 11 9 2 12 7 3 10 14 0 1 8 6 4 13 15 17 
0 10
1 11
2 4
3 7
4 14
5 0
6 13
7 6
8 12
9 3
10 8
11 2
12 5
13 15
14 9
15 16
16 1
17 17
SIMILAR

11 13 0 12 17 1 2 15 10 6 14 7 9 16 5 4 3 8 
0 2
1 5
2 6
3 16
4 15
5 14
6 9
7 11
8 17
9 12
10 8
11 0
12 3
13 1
14 10
15 7
16 13
17 4
SIMILAR

15 11 4 13 9 8 3 2 12 17 6 0 1 5 10 14 16 7 
0 11
1 12
2 7
3 6
4 2
5 13
6 10
7 17
8 5
9 4
10 14
11 1
12 8
13 3
14 15
15 0
16 16
17 9
SIMILAR

14 4 11 0 8 15 7 16 9 3 17 10 5 13 1 6 2 12 
0 3
1 14
2 16
3 9
4 1
5 12
6 15
7 6
8 4
9 8
10 11
11 2
12 17
13 13
14 0
15 5
16 7
17 10
SIMILAR

12 3 4 7 1 8 6 17 2 13 5 0 10 11 9 15 14 16 
0 11
1 4
2 8
3 1
4 2
5 10
6 6
7 3
8 5
9 14
10 12
11 13
12 0
13 9
14 16
15 15
16 17
17 7
SIMILAR

6 7 0 16 5 1 13 2 9 15 10 3 4 12 11 8 17 14 
0 2
1 5
2 7
3 11
4 12
5 4
6 0
7 1
8 15
9 8
10 10
11 14
12 13
13 6
14 17
15 9
16 3
17 16
SIMILAR

12 11 2 7 3 17 6 10 4 9 8 14 1 15 5 13 0 16 
0 16
1 12
2 2
3 4
4 8
5 14
6 6
7 3
8 10
9 9
10 7
11 1
12 0
13 15
14 11
15 13
16 17
17 5
SIMILAR

0 13 9 2 12 3 4 15 5 7 6 11 8 1 14 16 17 10 
0 0
1 13
2 3
3 5
4 6
5 8
6 10
7 9
8 12
9 2
10 17
11 11
12 4
13 1
14 14
15 7
16 15
17 16
SIMILAR

10 6 15 4 3 16 14 12 0 8 9 13 11 17 2 7 1 5 
0 8
1 16
2 14
3 4
4 3
5 17
6 1
7 15
8 9
9 10
10 0
11 12
12 7
13 11
14 6
15 2
16 5
17 13
SIMILAR

10 16 17 7 12 5 4 0 11 6 15 14 3 8 13 9 1 2 
0 7
1 16
2 17
3 12
4 6
5 5
6 9
7 3
8 13
9 15
10 0
11 8
12 4
13 14
14 11
15 10
16 1
17 2
SIMILAR

15 17 13 16 1 10 14 2 3 6 4 5 9 0 12 8 11 7 
0 13
1 4
2 7
3 8
4 10
5 11
6 9
7 17
8 15
9 12
10 5
11 16
12 14
13 2
14 6
15 0
16 3
17 1
SIMILAR

12 14 5 0 9 13 3 10 15 11 1 16 4 17 2 8 7 6 
0 3
1 10
2 14
3 6
4 12
5 2
6 17
7 16
8 15
9 4
10 7
11 9
12 0
13 5
14 1
15 8
16 11
17 13
SIMILAR

1 8 17 14 16 4 13 12 9 3 6 5 0 10 11 2 15 7 
0 12
1 0
2 15
3 9
4 5
5 11
6 10
7 17
8 1
9 8
10 13
11 14
12 7
13 6
14 3
15 16
16 4
17 2
SIMILAR

11 13 2 1 7 9 17 10 4 0 8 15 3 14 12 16 5 6 
0 9
1 3
2 2
3 12
4 8
5 16
6 17
7 4
8 10
9 5
10 7
11 0
12 14
13 1
14 13
15 11
16 15
17 6
SIMILAR

4 0 13 2 11 9 17 14 1 16 6 10 7 12 3 15 8 5 
0 1
1 8
2 3
3 14
4 0
5 17
6 10
7 12
8 16
9 5
10 11
11 4
12 13
13 2
14 7
15 15
16 9
17 6
SIMILAR

2 3 10 15 13 7 12 11 4 6 0 5 8 17 9 16 14 1 
0 10
1 17
2 0
3 1
4 8
5 11
6 9
7 5
8 12
9 14
10 2
11 7
12 6
13 4
14 16
15 3
16 15
17 13
SIMILAR

9 8 5 6 16 10 0 4 11 3 15 7 13 14 12 1 17 2 
0 6
1 15
2 17
3 9
4 7
5 2
6 3
7 11
8 1
9 0
10 5
11 8
12 14
13 12
14 13
15 10
16 4
17 16
SIMILAR

5 13 4 12 15 2 9 6 14 8 3 17 0 11 7 1 16 10 
0 12
1 15
2 5
3 10
4 2
5 0
6 7
7 14
8 9
9 6
10 17
11 13
12 3
13 1
14 8
15 4
16 16
17 11
SIMILAR

3 12 5 0 16 11 13 14 17 1 2 4 7 10 15 9 8 6 
0 3
1 9
2 10
3 0
4 11
5 2
6 17
7 12
8 16
9 15
10 13
11 5
12 1
13 6
14 7
15 14
16 4
17 8
SIMILAR

2 12 4 5 3 15 1 11 8 16 7 17 10 0 13 6 9 14 
0 13
1 6
2 0
3 4
4 2
5 3
6 15
7 10
8 8
9 16
10 12
11 7
12 1
13 14
14 17
15 5
16 9
17 11
SIMILAR

2 4 15 16 6 12 8 1 7 11 10 3 9 14 0 5 17 13 
0 14
1 7
2 0
3 11
4 1
5 15
6 4
7 8
8 6
9 12
10 10
11 9
12 5
13 17
14 13
15 2
16 3
17 16
SIMILAR

10 0 9 16 8 5 13 1 2 4 14 6 17 7 11 12 15 3 
0 1
1 7
2 8
3 17
4 9
5 5
6 11
7 13
8 4
9 2
10 0
11 14
12 15
13 6
14 10
15 16
16 3
17 12
SIMILAR

17 7 15 5 9 4 8 1 10 12 13 0 16 2 6 3 11 14 
0 11
1 7
2 13
3 15
4 5
5 3
6 14
7 1
8 6
9 4
10 8
11 16
12 9
13 10
14 17
15 2
16 12
17 0
SIMILAR

3 14 16 6 9 0 10 5 13 15 12 7 2 1 4 11 8 17 
0 5
1 13
2 12
3 0
4 14
5 7
6 3
7 11
8 16
9 4
10 6
11 15
12 10
13 8
14 1
15 9
16 2
17 17
SIMILAR

13 4 9 5 15 2 1 11 17 0 10 8 7 12 16 14 3 6 
0 9
1 6
2 5
3 16
4 1
5 3
6 17
7 12
8 11
9 2
10 10
11 7
12 13
13 0
14 15
15 4
16 14
17 8
SIMILAR

1 3 12 16 14 7 10 15 5 6 13 17 9 8 0 11 2 4 
0 14
1 0
2 16
3 1
4 17
5 8
6 9
7 5
8 13
9 12
10 6
11 15
12 2
13 10
14 4
15 7
16 3
17 11
SIMILAR

12 9 1 0 7 13 14 8 5 17 11 2 4 10 3 6 15 16 
0 3
1 2
2 11
3 14
4 12
5 8
6 15
7 4
8 7
9 1
10 13
11 10
12 0
13 5
14 6
15 16
16 17
17 9
SIMILAR

15 16 14 5 8 9 3 11 6 1 7 12 13 10 17 4 2 0 
0 17
1 9
2 16
3 6
4 15
5 3
6 8
7 10
8 4
9 5
10 13
11 7
12 11
13 12
14 2
15 0
16 1
17 14
SIMILAR

5 0 10 13 12 9 4 1 15 11 8 7 16 17 3 2 6 14 
0 1
1 7
2 15
3 14
4 6
5 0
6 16
7 11
8 10
9 5
10 2
11 9
12 4
13 3
14 17
15 8
16 12
17 13
SIMILAR

11 16 6 9 13 4 5 10 1 3 15 2 12 17 8 7 0 14 
0 16
1 8
2 11
3 9
4 5
5 6
6 2
7 15
8 14
9 3
10 7
11 0
12 12
13 4
14 17
15 10
16 1
17 13
SIMILAR

16 17 13 10 15 4 12 14 3 11 8 0 2 6 1 9 5 7 
0 11
1 14
2 12
3 8
4 5
5 16
6 13
7 17
8 10
9 15
10 3
11 9
12 6
13 2
14 7
15 4
16 0
17 1
SIMILAR

14 6 11 8 12 4 9 1 15 7 10 3 16 5 13 2 0 17 
0 16
1 7
2 15
3 11
4 5
5 13
6 1
7 9
8 3
9 6
10 10
11 2
12 4
13 14
14 0
15 8
16 12
17 17
SIMILAR

14 1 13 15 5 11 0 16 17 3 7 9 10 2 8 12 6 4 
0 6
1 1
2 13
3 9
4 17
5 4
6 16
7 10
8 14
9 11
10 12
11 5
12 15
13 2
14 0
15 3
16 7
17 8
SIMILAR

3 15 6 11 8 5 0 1 7 13 9 10 12 17 16 14 2 4 
0 6
1 7
2 16
3 0
4 17
5 5
6 2
7 8
8 4
9 10
10 11
11 3
12 12
13 9
14 15
15 1
16 14
17 13
SIMILAR

2 8 10 12 14 11 1 17 4 9 3 6 15 7 13 0 5 16 
0 15
1 6
2 0
3 10
4 8
5 16
6 11
7 13
8 1
9 9
10 2
11 5
12 3
13 14
14 4
15 12
16 17
17 7
SIMILAR

11 13 5 8 0 9 10 12 2 4 1 15 16 17 14 6 7 3 
0 4
1 10
2 8
3 17
4 9
5 2
6 15
7 16
8 3
9 5
10 6
11 0
12 7
13 1
14 14
15 11
16 12
17 13
SIMILAR

17 14 3 1 13 6 4 11 0 12 8 7 5 15 2 9 10 16 
0 8
1 3
2 14
3 2
4 6
5 12
6 5
7 11
8 10
9 15
10 16
11 7
12 9
13 4
14 1
15 13
16 17
17 0
SIMILAR

5 16 10 14 9 4 0 11 15 1 8 17 12 6 3 7 2 13 
0 6
1 9
2 16
3 14
4 5
5 0
6 13
7 15
8 10
9 4
10 2
11 7
12 12
13 17
14 3
15 8
16 1
17 11
SIMILAR

1 16 14 2 11 15 3 12 5 17 0 7 13 4 10 6 9 8 
0 10
1 0
2 3
3 6
4 13
5 8
6 15
7 11
8 17
9 16
10 14
11 4
12 7
13 12
14 2
15 5
16 1
17 9
SIMILAR

14 9 0 11 8 10 6 5 16 2 4 15 12 13 3 7 1 17 
0 2
1 16
2 9
3 14
4 10
5 7
6 6
7 15
8 4
9 1
10 5
11 3
12 12
13 13
14 0
15 11
16 8
17 17
SIMILAR

6 12 0 7 17 1 13 4 3 2 14 5 9 8 16 15 10 11 
0 2
1 5
2 9
3 8
4 7
5 11
6 0
7 3
8 13
9 12
10 16
11 17
12 1
13 6
14 10
15 15
16 14
17 4
SIMILAR

6 10 13 15 5 14 2 17 8 1 11 0 12 16 9 4 7 3 
0 11
1 9
2 6
3 17
4 15
5 4
6 0
7 16
8 8
9 14
10 1
11 10
12 12
13 2
14 5
15 3
16 13
17 7
SIMILAR

1 9 7 5 16 0 2 13 15 4 11 6 3 12 8 10 14 17 
0 5
1 0
2 6
3 12
4 9
5 3
6 11
7 2
8 14
9 1
10 15
11 10
12 13
13 7
14 16
15 8
16 4
17 17
SIMILAR

6 0 5 12 1 9 13 11 15 17 2 4 14 8 3 10 7 16 
0 1
1 4
2 10
3 14
4 11
5 2
6 0
7 16
8 13
9 5
10 15
11 7
12 3
13 6
14 12
15 8
16 17
17 9
SIMILAR

9 15 10 6 13 8 4 2 16 14 1 5 7 12 17 0 3 11 
0 15
1 10
2 7
3 16
4 6
5 11
6 3
7 12
8 5
9 0
10 2
11 17
12 13
13 4
14 9
15 1
16 8
17 14
SIMILAR

5 10 11 15 14 3 16 12 9 8 1 4 0 2 6 7 17 13 
0 12
1 10
2 13
3 5
4 11
5 0
6 14
7 15
8 9
9 8
10 1
11 2
12 7
13 17
14 4
15 3
16 6
17 16
SIMILAR

1 7 0 12 8 11 3 9 13 15 4 10 17 16 2 14 5 6 
0 2
1 0
2 14
3 6
4 10
5 16
6 17
7 1
8 4
9 7
10 11
11 5
12 3
13 8
14 15
15 9
16 13
17 12
SIMILAR

12 6 11 8 13 4 14 16 2 9 17 15 3 10 0 1 7 5 
0 14
1 15
2 8
3 12
4 5
5 17
6 1
7 16
8 3
9 9
10 13
11 2
12 0
13 4
14 6
15 11
16 7
17 10
SIMILAR

13 3 15 17 14 5 1 10 7 2 9 8 0 4 12 16 6 11 
0 12
1 6
2 9
3 1
4 13
5 5
6 16
7 8
8 11
9 10
10 7
11 17
12 14
13 0
14 4
15 2
16 15
17 3
SIMILAR

16 10 12 0 13 17 14 7 8 6 11 9 1 5 2 3 15 4 
0 3
1 12
2 14
3 15
4 17
5 13
6 9
7 7
8 8
9 11
10 1
11 10
12 2
13 4
14 6
15 16
16 0
17 5
SIMILAR

5 0 8 2 15 12 16 3 9 1 11 4 13 17 7 14 10 6 
0 1
1 9
2 3
3 7
4 11
5 0
6 17
7 14
8 2
9 8
10 16
11 10
12 5
13 12
14 15
15 4
16 6
17 13
SIMILAR

10 0 12 6 7 2 15 1 8 11 13 9 17 14 5 3 4 16 
0 1
1 7
2 5
3 15
4 16
5 14
6 3
7 4
8 8
9 11
10 0
11 9
12 2
13 10
14 13
15 6
16 17
17 12
SIMILAR

16 9 4 1 3 12 7 5 17 8 10 6 13 15 11 0 14 2 
0 15
1 3
2 17
3 4
4 2
5 7
6 11
7 6
8 9
9 1
10 10
11 14
12 5
13 12
14 16
15 13
16 0
17 8
SIMILAR

3 10 16 17 13 5 6 1 9 4 2 8 0 11 14 7 12 15 
0 12
1 7
2 10
3 0
4 9
5 5
6 6
7 15
8 11
9 8
10 1
11 13
12 16
13 4
14 14
15 17
16 2
17 3
SIMILAR

9 0 3 4 14 15 12 10 5 13 2 8 17 7 6 1 16 11 
0 1
1 15
2 10
3 2
4 3
5 8
6 14
7 13
8 11
9 0
10 7
11 17
12 6
13 9
14 4
15 5
16 16
17 12
SIMILAR

14 15 2 12 13 8 9 5 11 10 0 17 16 3 7 1 6 4 
0 10
1 15
2 2
3 13
4 17
5 7
6 16
7 14
8 5
9 6
10 9
11 8
12 3
13 4
14 0
15 1
16 12
17 11
SIMILAR

13 2 11 0 4 6 1 8 12 15 7 14 5 17 9 16 10 3 
0 3
1 6
2 1
3 17
4 4
5 12
6 5
7 10
8 7
9 14
10 16
11 2
12 8
13 0
14 11
15 9
16 15
17 13
SIMILAR

2 15 4 9 10 11 17 8 7 6 14 1 5 12 0 3 16 13 
0 14
1 11
2 0
3 15
4 2
5 12
6 9
7 8
8 7
9 3
10 4
11 5
12 13
13 17
14 10
15 1
16 16
17 6
SIMILAR

11 10 3 9 8 14 6 13 0 12 5 1 16 4 17 7 15 2 
0 8
1 11
2 17
3 2
4 13
5 10
6 6
7 15
8 4
9 3
10 1
11 0
12 9
13 7
14 5
15 16
16 12
17 14
SIMILAR

10 17 13 9 14 4 6 8 3 2 5 7 11 15 1 0 16 12 
0 15
1 14
2 9
3 8
4 5
5 10
6 6
7 11
8 7
9 3
10 0
11 12
12 17
13 2
14 4
15 13
16 16
17 1
SIMILAR

14 1 6 9 8 2 3 5 4 15 7 17 16 0 13 10 11 12 
0 13
1 1
2 5
3 6
4 8
5 7
6 2
7 10
8 4
9 3
10 15
11 16
12 17
13 14
14 0
15 9
16 12
17 11
SIMILAR

12 3 14 8 11 17 7 2 1 0 13 16 10 15 9 5 4 6 
0 9
1 8
2 7
3 1
4 16
5 15
6 17
7 6
8 3
9 14
10 12
11 4
12 0
13 10
14 2
15 13
16 11
17 5
SIMILAR

7 0 17 10 3 12 9 8 14 2 6 13 1 16 11 4 15 5 
0 1
1 12
2 9
3 4
4 15
5 17
6 10
7 0
8 7
9 6
10 3
11 14
12 5
13 11
14 8
15 16
16 13
17 2
SIMILAR

0 8 3 10 4 14 5 1 7 6 13 16 9 2 12 17 15 11 
0 0
1 7
2 13
3 2
4 4
5 6
6 9
7 8
8 1
9 12
10 3
11 17
12 14
13 10
14 5
15 16
16 11
17 15
SIMILAR

15 3 10 0 11 8 6 16 13 4 5 12 9 14 17 1 7 2 
0 3
1 15
2 17
3 1
4 9
5 10
6 6
7 16
8 5
9 12
10 2
11 4
12 11
13 8
14 13
15 0
16 7
17 14
SIMILAR

8 5 16 10 15 2 1 9 13 6 11 4 7 3 14 12 17 0 
0 17
1 6
2 5
3 13
4 11
5 1
6 9
7 12
8 0
9 7
10 3
11 10
12 15
13 8
14 14
15 4
16 2
17 16
SIMILAR

3 9 17 1 15 5 12 10 2 13 6 7 8 0 11 16 4 14 
0 13
1 3
2 8
3 0
4 16
5 5
6 10
7 11
8 12
9 1
10 7
11 14
12 6
13 9
14 17
15 4
16 15
17 2
SIMILAR

11 16 13 15 2 0 5 12 3 4 17 9 1 10 7 14 6 8 
0 5
1 12
2 4
3 8
4 9
5 6
6 16
7 14
8 17
9 11
10 13
11 0
12 7
13 2
14 15
15 3
16 1
17 10
SIMILAR

0 15 1 4 17 11 13 16 10 2 5 6 12 14 7 8 3 9 
0 0
1 2
2 9
3 16
4 3
5 10
6 11
7 14
8 15
9 17
10 8
11 5
12 12
13 6
14 13
15 1
16 7
17 4
SIMILAR

4 5 15 12 7 10 0 9 8 2 3 6 17 1 16 14 13 11 
0 6
1 13
2 9
3 10
4 0
5 1
6 11
7 4
8 8
9 7
10 5
11 17
12 3
13 16
14 15
15 2
16 14
17 12
SIMILAR

0 4 16 12 9 5 13 8 17 14 6 1 7 10 15 11 2 3 
0 0
1 11
2 16
3 17
4 1
5 5
6 10
7 12
8 7
9 4
10 13
11 15
12 3
13 6
14 9
15 14
16 2
17 8
SIMILAR

7 5 2 6 14 9 11 8 13 3 16 10 12 4 1 0 17 15 
0 15
1 14
2 2
3 9
4 13
5 1
6 3
7 0
8 7
9 5
10 11
11 6
12 12
13 8
14 4
15 17
16 10
17 16
SIMILAR

4 6 5 7 1 9 11 14 3 17 13 2 10 8 16 12 15 0 
0 17
1 4
2 11
3 8
4 0
5 2
6 1
7 3
8 13
9 5
10 12
11 6
12 15
13 10
14 7
15 16
16 14
17 9
SIMILAR

11 6 13 16 7 3 2 5 9 0 14 17 15 4 10 12 1 8 
0 9
1 16
2 6
3 5
4 13
5 7
6 1
7 4
8 17
9 8
10 14
11 0
12 15
13 2
14 10
15 12
16 3
17 11
SIMILAR

12 3 13 1 11 7 10 14 5 15 6 17 8 16 4 0 2 9 
0 15
1 3
2 16
3 1
4 14
5 8
6 10
7 5
8 12
9 17
10 6
11 4
12 0
13 2
14 7
15 9
16 13
17 11
SIMILAR

15 11 12 6 13 2 4 14 16 1 8 10 3 0 17 5 9 7 
0 13
1 9
2 5
3 12
4 6
5 15
6 3
7 17
8 10
9 16
10 11
11 1
12 2
13 4
14 7
15 0
16 8
17 14
SIMILAR

1 15 5 7 4 8 6 11 3 9 12 13 10 14 0 16 17 2 
0 14
1 0
2 17
3 8
4 4
5 2
6 6
7 3
8 5
9 9
10 12
11 7
12 10
13 11
14 13
15 1
16 15
17 16
SIMILAR

11 5 9 13 17 0 2 1 6 4 8 15 3 16 12 14 7 10 
0 5
1 7
2 6
3 12
4 9
5 1
6 8
7 16
8 10
9 2
10 17
11 0
12 14
13 3
14 15
15 11
16 13
17 4
SIMILAR

1 15 10 14 8 12 4 11 16 17 5 2 7 3 13 6 9 0 
0 17
1 0
2 11
3 13
4 6
5 10
6 15
7 12
8 4
9 16
10 2
11 7
12 5
13 14
14 3
15 1
16 8
17 9
SIMILAR

13 3 15 4 17 5 0 8 14 2 7 9 16 10 11 12 6 1 
0 6
1 17
2 9
3 1
4 3
5 5
6 16
7 10
8 7
9 11
10 13
11 14
12 15
13 0
14 8
15 2
16 12
17 4
SIMILAR

8 11 12 17 5 0 15 10 7 4 1 9 3 6 14 16 13 2 
0 5
1 10
2 17
3 12
4 9
5 4
6 13
7 8
8 0
9 11
10 7
11 1
12 2
13 16
14 14
15 6
16 15
17 3
SIMILAR

10 13 16 6 14 11 2 17 12 5 8 15 0 4 3 9 1 7 
0 12
1 16
2 6
3 14
4 13
5 9
6 3
7 17
8 10
9 15
10 0
11 5
12 8
13 1
14 4
15 11
16 2
17 7
SIMILAR

8 3 7 14 12 11 2 4 1 17 5 6 9 16 13 0 10 15 
0 15
1 8
2 6
3 1
4 7
5 10
6 11
7 2
8 0
9 12
10 16
11 5
12 4
13 14
14 3
15 17
16 13
17 9
SIMILAR

8 7 15 5 6 17 12 13 11 4 10 0 2 1 9 14 16 3 
0 11
1 13
2 12
3 17
4 9
5 3
6 4
7 1
8 0
9 14
10 10
11 8
12 6
13 7
14 15
15 2
16 16
17 5
SIMILAR

8 0 17 11 5 3 9 10 6 12 4 16 13 1 15 7 2 14 
0 1
1 13
2 16
3 5
4 10
5 4
6 8
7 15
8 0
9 6
10 7
11 3
12 9
13 12
14 17
15 14
16 11
17 2
SIMILAR

7 8 11 14 0 6 9 16 10 13 12 3 2 1 15 17 4 5 
0 4
1 13
2 12
3 11
4 16
5 17
6 5
7 0
8 1
9 6
10 8
11 2
12 10
13 9
14 3
15 14
16 7
17 15
SIMILAR

16 0 15 1 11 14 2 10 12 17 9 6 3 7 13 5 8 4 
0 1
1 3
2 6
3 12
4 17
5 15
6 11
7 13
8 16
9 10
10 7
11 4
12 8
13 14
14 5
15 2
16 0
17 9
SIMILAR

0 6 1 7 9 17 16 2 13 4 5 15 11 14 8 10 12 3 
0 0
1 2
2 7
3 17
4 9
5 10
6 1
7 3
8 14
9 4
10 15
11 12
12 16
13 8
14 13
15 11
16 6
17 5
SIMILAR

5 3 9 7 8 1 10 4 6 13 2 16 17 14 0 15 11 12 
0 14
1 5
2 10
3 1
4 7
5 0
6 8
7 3
8 4
9 2
10 6
11 16
12 17
13 9
14 13
15 15
16 11
17 12
SIMILAR

14 13 4 1 9 7 11 0 6 15 8 3 10 12 17 5 16 2 
0 7
1 3
2 17
3 11
4 2
5 15
6 8
7 5
8 10
9 4
10 12
11 6
12 13
13 1
14 0
15 9
16 16
17 14
SIMILAR

9 7 12 8 1 5 17 0 11 10 13 16 4 2 3 15 6 14 
0 7
1 4
2 13
3 14
4 12
5 5
6 16
7 1
8 3
9 0
10 9
11 8
12 2
13 10
14 17
15 15
16 11
17 6
SIMILAR
100 0
5200 0
145200 0
