25
0 1 0 1 0 0 1 1 0 1 0 1 0 0 1 0 1 0 0 0 1 0 0 1 1 
1 0 0 0 1 0 0 0 0 0 0 1 1 1 1 1 1 1 0 1 1 1 0 0 1 
0 0 0 0 0 0 1 0 1 0 1 1 0 0 0 0 1 1 1 0 0 1 0 0 0 
1 0 0 0 1 1 1 1 1 1 0 0 1 1 0 0 1 0 1 1 0 0 1 0 0 
0 1 0 1 0 0 0 0 1 1 1 0 1 0 0 1 1 0 0 0 1 0 1 1 0 
0 0 0 1 0 0 0 1 1 0 1 0 0 1 0 1 1 0 1 0 0 0 1 1 0 
1 0 1 1 0 0 0 0 0 0 1 0 1 1 1 0 0 0 1 1 1 1 0 0 0 
1 0 0 1 0 1 0 0 0 0 0 1 0 0 1 0 0 1 1 1 0 1 0 1 0 
0 0 1 1 1 1 0 0 0 0 1 0 1 0 0 0 0 0 0 1 1 0 0 1 1 
1 0 0 1 1 0 0 0 0 0 0 1 1 1 0 1 1 1 1 1 0 1 0 1 0 
0 0 1 0 1 1 1 0 1 0 0 0 0 0 0 0 1 1 0 1 0 0 0 0 1 
1 1 1 0 0 0 0 1 0 1 0 0 1 0 1 0 1 0 1 1 0 0 1 0 0 
0 1 0 1 1 0 1 0 1 1 0 1 0 1 1 1 0 0 1 1 0 0 1 0 0 
0 1 0 1 0 1 1 0 0 1 0 0 1 0 0 0 0 1 1 0 1 0 1 1 1 
1 1 0 0 0 0 1 1 0 0 0 1 1 0 0 0 1 1 1 1 0 1 1 1 1 
0 1 0 0 1 1 0 0 0 1 0 0 1 0 0 0 1 1 1 1 1 1 1 0 0 
1 1 1 1 1 1 0 0 0 1 1 1 0 0 1 1 0 1 0 1 1 0 0 1 1 
0 1 1 0 0 0 0 1 0 1 1 0 0 1 1 1 1 0 0 0 1 0 1 0 0 
0 0 1 1 0 1 1 1 0 1 0 1 1 1 1 1 0 0 0 0 1 0 0 0 0 
0 1 0 1 0 0 1 1 1 1 1 1 1 0 1 1 1 0 0 0 0 0 1 1 1 
1 1 0 0 1 0 1 0 1 0 0 0 0 1 0 1 1 1 1 0 0 0 0 1 1 
0 1 1 0 0 0 1 1 0 1 0 0 0 0 1 1 0 0 0 0 0 0 1 0 0 
0 0 0 1 1 1 0 0 0 0 0 1 1 1 1 1 0 1 0 1 0 1 0 0 0 
1 0 0 0 1 1 0 1 1 1 0 0 0 1 1 0 1 0 0 1 1 0 0 0 0 
1 1 0 0 0 0 0 0 1 0 1 0 0 1 1 0 1 0 0 1 1 0 0 0 0 

11 23 10 21 19 20 15 14 7 17 8 5 9 1 3 4 12 13 18 22 24 0 6 2 16 
0 21
1 13
2 23
3 14
4 15
5 11
6 22
7 8
8 10
9 12
10 2
11 0
12 16
13 17
14 7
15 6
16 24
17 9
18 18
19 4
20 5
21 3
22 19
23 1
24 20
SIMILAR

0 16 15 19 8 12 24 9 17 18 23 22 4 14 20 3 2 6 7 11 10 5 1 21 13 
0 0
1 22
2 16
3 15
4 12
5 21
6 17
7 18
8 4
9 7
10 20
11 19
12 5
13 24
14 13
15 2
16 1
17 8
18 9
19 3
20 14
21 23
22 11
23 10
24 6
SIMILAR

7 4 14 1 2 16 3 9 17 21 22 23 13 24 20 19 6 11 12 18 15 5 0 10 8 
0 22
1 3
2 4
3 6
4 1
5 21
6 16
7 0
8 24
9 7
10 23
11 17
12 18
13 12
14 2
15 20
16 5
17 8
18 19
19 15
20 14
21 9
22 10
23 11
24 13
SIMILAR

11 16 8 7 3 14 13 24 19 12 9 17 2 10 6 4 1 22 15 5 0 23 20 21 18 
0 20
1 16
2 12
3 4
4 15
5 19
6 14
7 3
8 2
9 10
10 13
11 0
12 9
13 6
14 5
15 18
16 1
17 11
18 24
19 8
20 22
21 23
22 17
23 21
24 7
SIMILAR

15 18 8 22 12 17 5 16 11 3 1 20 24 13 0 9 7 14 6 2 10 19 21 23 4 
0 14
1 10
2 19
3 9
4 24
5 6
6 18
7 16
8 2
9 15
10 20
11 8
12 4
13 13
14 17
15 0
16 7
17 5
18 1
19 21
20 11
21 22
22 3
23 23
24 12
SIMILAR

19 7 5 20 3 0 9 8 23 14 16 6 2 12 18 1 11 21 4 22 15 13 17 24 10 
0 5
1 15
2 12
3 4
4 18
5 2
6 11
7 1
8 7
9 6
10 24
11 16
12 13
13 21
14 9
15 20
16 10
17 22
18 14
19 0
20 3
21 17
22 19
23 8
24 23
SIMILAR

22 7 13 20 11 9 3 15 10 23 6 12 4 0 16 21 14 2 24 8 18 17 5 1 19 
0 13
1 23
2 17
3 6
4 12
5 22
6 10
7 1
8 19
9 5
10 8
11 4
12 11
13 2
14 16
15 7
16 14
17 21
18 20
19 24
20 3
21 15
22 0
23 9
24 18
SIMILAR

16 1 0 17 18 21 4 2 12 6 13 10 20 5 9 23 24 22 3 19 7 8 14 11 15 
0 2
1 1
2 7
3 18
4 6
5 13
6 9
7 20
8 21
9 14
10 11
11 23
12 8
13 10
14 22
15 24
16 0
17 3
18 4
19 19
20 12
21 5
22 17
23 15
24 16
SIMILAR

8 20 19 4 2 15 16 21 12 7 14 17 23 13 1 3 11 22 9 6 5 10 0 18 24 
0 22
1 14
2 4
3 15
4 3
5 20
6 19
7 9
8 0
9 18
10 21
11 16
12 8
13 13
14 10
15 5
16 6
17 11
18 23
19 2
20 1
21 7
22 17
23 12
24 24
SIMILAR

18 3 1 2 6 16 12 21 7 4 5 24 17 23 22 20 13 19 11 8 15 9 0 14 10 
0 22
1 2
2 3
3 1
4 9
5 10
6 4
7 8
8 19
9 21
10 24
11 18
12 6
13 16
14 23
15 20
16 5
17 12
18 0
19 17
20 15
21 7
22 14
23 13
24 11
SIMILAR

1 10 8 24 23 3 6 13 22 16 19 21 4 12 2 9 17 18 20 14 15 11 7 5 0 
0 24
1 0
2 14
3 5
4 12
5 23
6 6
7 22
8 2
9 15
10 1
11 21
12 13
13 7
14 19
15 20
16 9
17 16
18 17
19 10
20 18
21 11
22 8
23 4
24 3
SIMILAR

10 21 17 7 23 13 15 12 3 18 19 2 11 20 0 16 14 9 8 4 5 22 24 1 6 
0 14
1 23
2 11
3 8
4 19
5 20
6 24
7 3
8 18
9 17
10 0
11 12
12 7
13 5
14 16
15 6
16 15
17 2
18 9
19 10
20 13
21 1
22 21
23 4
24 22
SIMILAR

14 18 6 10 12 2 17 22 23 0 5 4 1 19 24 9 13 7 16 21 8 11 3 15 20 
0 9
1 12
2 5
3 22
4 11
5 10
6 2
7 17
8 20
9 15
10 3
11 21
12 4
13 16
14 0
15 23
16 18
17 6
18 1
19 13
20 24
21 19
22 7
23 8
24 14
SIMILAR

24 8 21 22 6 23 17 4 11 16 14 1 12 0 10 7 3 9 19 13 15 2 18 20 5 
0 13
1 11
2 21
3 16
4 7
5 24
6 4
7 15
8 1
9 17
10 14
11 8
12 12
13 19
14 10
15 20
16 9
17 6
18 22
19 18
20 23
21 2
22 3
23 5
24 0
SIMILAR

4 23 8 24 20 0 2 19 1 15 16 14 17 22 3 21 5 18 7 11 6 12 10 9 13 
0 5
1 8
2 6
3 14
4 0
5 16
6 20
7 18
8 2
9 23
10 22
11 19
12 21
13 24
14 11
15 9
16 10
17 12
18 17
19 7
20 4
21 15
22 13
23 1
24 3
SIMILAR

23 0 24 5 9 1 3 20 16 12 6 10 11 19 15 21 14 2 17 13 4 22 8 7 18 
0 1
1 5
2 17
3 6
4 20
5 3
6 10
7 23
8 22
9 4
10 11
11 12
12 9
13 19
14 16
15 14
16 8
17 18
18 24
19 13
20 7
21 15
22 21
23 0
24 2
SIMILAR

5 16 1 22 24 4 8 13 9 18 23 2 21 3 10 14 19 6 0 15 11 7 17 12 20 
0 18
1 2
2 11
3 13
4 5
5 0
6 17
7 21
8 6
9 8
10 14
11 20
12 23
13 7
14 15
15 19
16 1
17 22
18 9
19 16
20 24
21 12
22 3
23 10
24 4
SIMILAR

21 6 13 19 24 20 23 2 12 22 4 16 18 0 10 17 14 9 8 15 7 3 5 1 11 
0 13
1 23
2 7
3 21
4 10
5 22
6 1
7 20
8 18
9 17
10 14
11 24
12 8
13 2
14 16
15 19
16 11
17 15
18 12
19 3
20 5
21 0
22 9
23 6
24 4
SIMILAR

2 3 0 4 1 5 21 17 12 18 11 24 23 13 20 19 7 14 8 16 6 15 22 10 9 
0 2
1 4
2 0
3 1
4 3
5 5
6 20
7 16
8 18
9 24
10 23
11 10
12 8
13 13
14 17
15 21
16 19
17 7
18 9
19 15
20 14
21 6
22 22
23 12
24 11
SIMILAR

14 9 11 2 5 21 19 8 17 0 6 15 20 12 7 18 13 3 4 16 1 10 22 24 23 
0 9
1 20
2 3
3 17
4 18
5 4
6 10
7 14
8 7
9 1
10 21
11 2
12 13
13 16
14 0
15 11
16 19
17 8
18 15
19 6
20 12
21 5
22 22
23 24
24 23
SIMILAR

8 22 9 20 3 19 10 15 2 7 16 24 13 14 23 6 18 17 11 1 5 4 12 0 21 
0 23
1 19
2 8
3 4
4 21
5 20
6 15
7 9
8 0
9 2
10 6
11 18
12 22
13 12
14 13
15 7
16 10
17 17
18 16
19 5
20 3
21 24
22 1
23 14
24 11
SIMILAR

14 7 18 1 19 20 8 0 22 12 23 2 10 5 11 4 3 24 13 6 15 16 9 21 17 
0 7
1 3
2 11
3 16
4 15
5 13
6 19
7 1
8 6
9 22
10 12
11 14
12 9
13 18
14 0
15 20
16 21
17 24
18 2
19 4
20 5
21 23
22 8
23 10
24 17
SIMILAR

20 18 9 14 10 24 15 13 21 17 7 16 1 3 8 2 22 5 11 0 12 6 4 19 23 
0 19
1 12
2 15
3 13
4 22
5 17
6 21
7 10
8 14
9 2
10 4
11 18
12 20
13 7
14 3
15 6
16 11
17 9
18 1
19 23
20 0
21 8
22 16
23 24
24 5
SIMILAR

7 3 10 13 14 11 12 16 4 17 6 23 1 9 5 0 20 8 22 19 2 24 15 21 18 
0 15
1 12
2 20
3 1
4 8
5 14
6 10
7 0
8 17
9 13
10 2
11 5
12 6
13 3
14 4
15 22
16 7
17 9
18 24
19 19
20 16
21 23
22 18
23 11
24 21
SIMILAR

9 4 18 17 11 20 14 12 10 0 19 7 6 13 24 15 23 22 16 8 2 5 3 1 21 
0 9
1 23
2 20
3 22
4 1
5 21
6 12
7 11
8 19
9 0
10 8
11 4
12 7
13 13
14 6
15 15
16 18
17 3
18 2
19 10
20 5
21 24
22 17
23 16
24 14
SIMILAR

6 19 1 10 20 9 21 22 8 24 4 13 2 5 15 11 14 17 7 0 3 12 18 23 16 
0 19
1 2
2 12
3 20
4 10
5 13
6 0
7 18
8 8
9 5
10 3
11 15
12 21
13 11
14 16
15 14
16 24
17 17
18 22
19 1
20 4
21 6
22 7
23 23
24 9
SIMILAR

15 23 11 9 22 2 24 14 12 13 17 16 6 21 3 7 10 5 4 18 1 20 19 8 0 
0 24
1 20
2 5
3 14
4 18
5 17
6 12
7 15
8 23
9 3
10 16
11 2
12 8
13 9
14 7
15 0
16 11
17 10
18 19
19 22
20 21
21 13
22 4
23 1
24 6
SIMILAR

6 15 3 11 4 18 17 2 20 5 21 19 13 24 1 12 23 0 8 14 10 16 22 9 7 
0 17
1 14
2 7
3 2
4 4
5 9
6 0
7 24
8 18
9 23
10 20
11 3
12 15
13 12
14 19
15 1
16 21
17 6
18 5
19 11
20 8
21 10
22 22
23 16
24 13
SIMILAR

12 22 9 17 10 24 21 19 2 18 5 14 0 3 20 7 16 1 8 13 11 4 15 6 23 
0 12
1 17
2 8
3 13
4 21
5 10
6 23
7 15
8 18
9 2
10 4
11 20
12 0
13 19
14 11
15 22
16 16
17 3
18 9
19 7
20 14
21 6
22 1
23 24
24 5
SIMILAR

3 0 4 5 6 2 21 22 1 24 16 20 14 23 19 15 7 12 13 18 10 11 17 8 9 
0 1
1 8
2 5
3 0
4 2
5 3
6 4
7 16
8 23
9 24
10 20
11 21
12 17
13 18
14 12
15 15
16 10
17 22
18 19
19 14
20 11
21 6
22 7
23 13
24 9
SIMILAR

24 13 2 7 10 6 4 11 8 19 16 9 3 0 14 22 17 12 1 20 15 23 21 5 18 
0 13
1 18
2 2
3 12
4 6
5 23
6 5
7 3
8 8
9 11
10 4
11 7
12 17
13 1
14 14
15 20
16 10
17 16
18 24
19 9
20 19
21 22
22 15
23 21
24 0
SIMILAR

6 16 23 11 17 10 22 9 7 1 15 18 24 12 21 20 8 3 5 2 19 4 13 0 14 
0 23
1 9
2 19
3 17
4 21
5 18
6 0
7 8
8 16
9 7
10 5
11 3
12 13
13 22
14 24
15 10
16 1
17 4
18 11
19 20
20 15
21 14
22 6
23 2
24 12
SIMILAR

0 20 2 17 9 1 19 12 15 14 4 10 24 22 6 5 13 16 8 21 7 23 18 3 11 
0 0
1 5
2 2
3 23
4 10
5 15
6 14
7 20
8 18
9 4
10 11
11 24
12 7
13 16
14 9
15 8
16 17
17 3
18 22
19 6
20 1
21 19
22 13
23 21
24 12
SIMILAR

16 9 5 22 24 20 10 18 6 8 23 13 19 21 3 14 0 12 7 17 11 15 4 1 2 
0 16
1 23
2 24
3 14
4 22
5 2
6 8
7 18
8 9
9 1
10 6
11 20
12 17
13 11
14 15
15 21
16 0
17 19
18 7
19 12
20 5
21 13
22 3
23 10
24 4
SIMILAR

3 8 19 0 21 23 6 2 1 7 20 11 16 10 18 22 14 13 15 12 24 5 9 17 4 
0 3
1 8
2 7
3 0
4 24
5 21
6 6
7 9
8 1
9 22
10 13
11 11
12 19
13 17
14 16
15 18
16 12
17 23
18 14
19 2
20 10
21 4
22 15
23 5
24 20
SIMILAR

24 2 22 12 7 5 0 19 4 15 13 6 17 3 10 16 18 14 1 21 20 23 8 9 11 
0 6
1 18
2 1
3 13
4 8
5 5
6 11
7 4
8 22
9 23
10 14
11 24
12 3
13 10
14 17
15 9
16 15
17 12
18 16
19 7
20 20
21 19
22 2
23 21
24 0
SIMILAR

24 5 18 15 0 23 7 20 4 21 14 17 6 11 16 2 12 9 10 22 3 1 13 19 8 
0 4
1 21
2 15
3 20
4 8
5 1
6 12
7 6
8 24
9 17
10 18
11 13
12 16
13 22
14 10
15 3
16 14
17 11
18 2
19 23
20 7
21 9
22 19
23 5
24 0
SIMILAR

20 1 4 11 15 14 10 22 2 21 13 3 7 23 24 5 17 0 8 19 6 16 12 9 18 
0 17
1 1
2 8
3 11
4 2
5 15
6 20
7 12
8 18
9 23
10 6
11 3
12 22
13 10
14 5
15 4
16 21
17 16
18 24
19 19
20 0
21 9
22 7
23 13
24 14
SIMILAR

3 0 2 14 22 8 15 4 21 10 12 18 20 13 9 19 5 24 11 17 7 6 23 1 16 
0 1
1 23
2 2
3 0
4 7
5 16
6 21
7 20
8 5
9 14
10 9
11 18
12 10
13 13
14 3
15 6
16 24
17 19
18 11
19 15
20 12
21 8
22 4
23 22
24 17
SIMILAR

3 20 23 9 4 10 13 5 1 21 14 7 0 16 2 11 8 19 15 12 17 24 18 22 6 
0 12
1 8
2 14
3 0
4 4
5 7
6 24
7 11
8 16
9 3
10 5
11 15
12 19
13 6
14 10
15 18
16 13
17 20
18 22
19 17
20 1
21 9
22 23
23 2
24 21
SIMILAR

6 20 24 19 16 11 2 0 13 8 5 9 17 10 3 23 21 14 15 12 7 1 22 18 4 
0 7
1 21
2 6
3 14
4 24
5 10
6 0
7 20
8 9
9 11
10 13
11 5
12 19
13 8
14 17
15 18
16 4
17 12
18 23
19 3
20 1
21 16
22 22
23 15
24 2
SIMILAR

7 15 0 2 24 5 21 4 13 3 12 11 19 18 16 8 14 23 22 1 17 10 6 20 9 
0 2
1 19
2 3
3 9
4 7
5 5
6 22
7 0
8 15
9 24
10 21
11 11
12 10
13 8
14 16
15 1
16 14
17 20
18 13
19 12
20 23
21 6
22 18
23 17
24 4
SIMILAR

21 7 14 19 1 2 15 18 24 9 22 3 13 4 8 10 16 6 11 0 17 5 12 20 23 
0 19
1 4
2 5
3 11
4 13
5 21
6 17
7 1
8 14
9 9
10 15
11 18
12 22
13 12
14 2
15 6
16 16
17 20
18 7
19 3
20 23
21 0
22 10
23 24
24 8
SIMILAR

19 8 17 1 0 5 4 13 10 12 9 11 20 14 21 18 2 22 3 15 24 23 6 16 7 
0 4
1 3
2 16
3 18
4 6
5 5
6 22
7 24
8 1
9 10
10 8
11 11
12 9
13 7
14 13
15 19
16 23
17 2
18 15
19 0
20 12
21 14
22 17
23 21
24 20
SIMILAR

8 3 23 7 16 12 24 10 19 2 15 21 5 17 9 18 4 11 13 22 1 6 20 14 0 
0 24
1 20
2 9
3 1
4 16
5 12
6 21
7 3
8 0
9 14
10 7
11 17
12 5
13 18
14 23
15 10
16 4
17 13
18 15
19 8
20 22
21 11
22 19
23 2
24 6
SIMILAR

8 5 2 6 7 1 14 20 11 10 15 19 12 24 16 9 23 4 22 13 3 21 17 0 18 
0 23
1 5
2 2
3 20
4 17
5 1
6 3
7 4
8 0
9 15
10 9
11 8
12 12
13 19
14 6
15 10
16 14
17 22
18 24
19 11
20 7
21 21
22 18
23 16
24 13
SIMILAR

15 16 2 5 6 21 10 7 23 24 9 17 20 1 0 11 12 22 3 13 4 18 19 14 8 
0 14
1 13
2 2
3 18
4 20
5 3
6 4
7 7
8 24
9 10
10 6
11 15
12 16
13 19
14 23
15 0
16 1
17 11
18 21
19 22
20 12
21 5
22 17
23 8
24 9
SIMILAR

3 24 9 19 4 13 10 20 15 0 16 8 12 14 1 2 6 5 11 7 17 18 23 22 21 
0 9
1 14
2 15
3 0
4 4
5 17
6 16
7 19
8 11
9 2
10 6
11 18
12 12
13 5
14 13
15 8
16 10
17 20
18 21
19 3
20 7
21 24
22 23
23 22
24 1
SIMILAR

7 24 4 15 22 0 9 12 20 13 16 14 17 18 8 6 10 5 1 11 21 19 2 3 23 
0 5
1 18
2 22
3 23
4 2
5 17
6 15
7 0
8 14
9 6
10 16
11 19
12 7
13 9
14 11
15 3
16 10
17 12
18 13
19 21
20 8
21 20
22 4
23 24
24 1
SIMILAR

4 12 0 14 23 1 18 24 10 11 17 15 5 2 22 19 8 9 13 3 16 21 7 20 6 
0 2
1 5
2 13
3 19
4 0
5 12
6 24
7 22
8 16
9 17
10 8
11 9
12 1
13 18
14 3
15 11
16 20
17 10
18 6
19 15
20 23
21 21
22 14
23 4
24 7
SIMILAR

15 23 24 16 14 13 22 6 21 4 7 8 1 20 9 12 11 18 5 0 10 3 17 19 2 
0 19
1 12
2 24
3 21
4 9
5 18
6 7
7 10
8 11
9 14
10 20
11 16
12 15
13 5
14 4
15 0
16 3
17 22
18 17
19 23
20 13
21 8
22 6
23 1
24 2
SIMILAR

5 7 0 21 14 23 18 8 10 12 16 1 11 3 13 15 19 9 17 24 2 4 6 22 20 
0 2
1 11
2 20
3 13
4 21
5 0
6 22
7 1
8 7
9 17
10 8
11 12
12 9
13 14
14 4
15 15
16 10
17 18
18 6
19 16
20 24
21 3
22 23
23 5
24 19
SIMILAR

10 6 11 12 8 5 0 15 7 22 16 3 21 20 1 17 4 18 14 19 9 2 24 13 23 
0 6
1 14
2 21
3 11
4 16
5 5
6 1
7 8
8 4
9 20
10 0
11 2
12 3
13 23
14 18
15 7
16 10
17 15
18 17
19 19
20 13
21 12
22 9
23 24
24 22
SIMILAR

22 23 17 5 18 19 24 9 4 6 11 7 16 12 13 20 3 21 2 0 14 10 8 1 15 
0 19
1 23
2 18
3 16
4 8
5 3
6 9
7 11
8 22
9 7
10 21
11 10
12 13
13 14
14 20
15 24
16 12
17 2
18 4
19 5
20 15
21 17
22 0
23 1
24 6
SIMILAR

18 22 20 1 7 8 6 10 17 19 11 9 16 0 24 23 13 21 12 5 14 3 2 4 15 
0 13
1 3
2 22
3 21
4 23
5 19
6 6
7 4
8 5
9 11
10 7
11 10
12 18
13 16
14 20
15 24
16 12
17 8
18 0
19 9
20 2
21 17
22 1
23 15
24 14
SIMILAR

11 5 9 14 13 10 18 23 20 17 16 22 0 1 4 3 2 7 6 24 12 21 19 8 15 
0 12
1 13
2 16
3 15
4 14
5 1
6 18
7 17
8 23
9 2
10 5
11 0
12 20
13 4
14 3
15 24
16 10
17 9
18 6
19 22
20 8
21 21
22 11
23 7
24 19
SIMILAR

24 19 4 23 17 1 11 5 9 15 7 18 21 2 12 8 22 13 10 20 6 3 0 16 14 
0 22
1 5
2 13
3 21
4 2
5 7
6 20
7 10
8 15
9 8
10 18
11 6
12 14
13 17
14 24
15 9
16 23
17 4
18 11
19 1
20 19
21 12
22 16
23 3
24 0
SIMILAR

6 12 13 20 8 1 15 10 18 4 17 24 9 14 11 0 16 3 23 5 21 22 19 2 7 
0 15
1 5
2 23
3 17
4 9
5 19
6 0
7 24
8 4
9 12
10 7
11 14
12 1
13 2
14 13
15 6
16 16
17 10
18 8
19 22
20 3
21 20
22 21
23 18
24 11
SIMILAR

12 10 17 19 18 11 20 6 23 9 16 8 2 7 0 1 22 15 21 4 24 3 13 14 5 
0 14
1 15
2 12
3 21
4 19
5 24
6 7
7 13
8 11
9 9
10 1
11 5
12 0
13 22
14 23
15 17
16 10
17 2
18 4
19 3
20 6
21 18
22 16
23 8
24 20
SIMILAR

6 14 20 1 4 8 2 23 17 19 13 15 18 11 12 5 24 3 21 0 22 9 10 16 7 
0 19
1 3
2 6
3 17
4 4
5 15
6 0
7 24
8 5
9 21
10 22
11 13
12 14
13 10
14 1
15 11
16 23
17 8
18 12
19 9
20 2
21 18
22 20
23 7
24 16
SIMILAR

3 11 8 6 23 24 14 9 18 15 19 2 7 10 16 0 21 4 1 5 22 17 20 13 12 
0 15
1 18
2 11
3 0
4 17
5 19
6 3
7 12
8 2
9 7
10 13
11 1
12 24
13 23
14 6
15 9
16 14
17 21
18 8
19 10
20 22
21 16
22 20
23 4
24 5
SIMILAR

3 14 13 0 20 19 5 22 7 4 2 1 9 24 18 23 12 11 17 6 16 8 21 10 15 
0 3
1 11
2 10
3 0
4 9
5 6
6 19
7 8
8 21
9 12
10 23
11 17
12 16
13 2
14 1
15 24
16 20
17 18
18 14
19 5
20 4
21 22
22 7
23 15
24 13
SIMILAR

11 1 17 24 0 9 6 2 10 3 20 14 15 19 16 21 18 22 23 7 4 13 8 5 12 
0 4
1 1
2 7
3 9
4 20
5 23
6 6
7 19
8 22
9 5
10 8
11 0
12 24
13 21
14 11
15 12
16 14
17 2
18 16
19 13
20 10
21 15
22 17
23 18
24 3
SIMILAR

16 23 2 10 6 18 4 0 15 17 14 3 9 19 5 13 7 20 8 11 12 21 24 1 22 
0 7
1 23
2 2
3 11
4 6
5 14
6 4
7 16
8 18
9 12
10 3
11 19
12 20
13 15
14 10
15 8
16 0
17 9
18 5
19 13
20 17
21 21
22 24
23 1
24 22
SIMILAR

6 23 11 21 18 12 2 7 9 13 22 5 3 0 1 8 4 14 16 19 15 24 20 10 17 
0 13
1 14
2 6
3 12
4 16
5 11
6 0
7 7
8 15
9 8
10 23
11 2
12 5
13 9
14 17
15 20
16 18
17 24
18 4
19 19
20 22
21 3
22 10
23 1
24 21
SIMILAR

2 0 24 15 17 19 6 4 23 20 18 13 14 5 11 1 7 22 21 9 8 10 16 3 12 
0 1
1 15
2 0
3 23
4 7
5 13
6 6
7 16
8 20
9 19
10 21
11 14
12 24
13 11
14 12
15 3
16 22
17 4
18 10
19 5
20 9
21 18
22 17
23 8
24 2
SIMILAR

3 4 1 12 14 15 13 7 16 17 22 18 20 8 10 19 2 6 11 23 21 5 9 24 0 
0 24
1 2
2 16
3 0
4 1
5 21
6 17
7 7
8 13
9 22
10 14
11 18
12 3
13 6
14 4
15 5
16 8
17 9
18 11
19 15
20 12
21 20
22 10
23 19
24 23
SIMILAR

12 6 5 18 13 22 11 4 24 1 21 0 17 19 9 7 10 14 20 15 3 2 8 23 16 
0 11
1 9
2 21
3 20
4 7
5 2
6 1
7 15
8 22
9 14
10 16
11 6
12 0
13 4
14 17
15 19
16 24
17 12
18 3
19 13
20 18
21 10
22 5
23 23
24 8
SIMILAR

6 16 3 15 20 2 9 0 8 12 23 13 17 1 4 22 19 11 18 21 7 24 10 14 5 
0 7
1 13
2 5
3 2
4 14
5 24
6 0
7 20
8 8
9 6
10 22
11 17
12 9
13 11
14 23
15 3
16 1
17 12
18 18
19 16
20 4
21 19
22 15
23 10
24 21
SIMILAR

22 15 5 13 24 16 9 10 2 4 1 7 8 23 0 19 20 6 11 14 17 12 21 3 18 
0 14
1 10
2 8
3 23
4 9
5 2
6 17
7 11
8 12
9 6
10 7
11 18
12 21
13 3
14 19
15 1
16 5
17 20
18 24
19 15
20 16
21 22
22 0
23 13
24 4
SIMILAR

10 15 6 13 14 17 8 24 5 19 12 4 22 23 1 7 16 11 0 3 9 20 2 21 18 
0 18
1 14
2 22
3 19
4 11
5 8
6 2
7 15
8 6
9 20
10 0
11 17
12 10
13 3
14 4
15 1
16 16
17 5
18 24
19 9
20 21
21 23
22 12
23 13
24 7
SIMILAR

12 7 15 4 2 6 18 24 10 9 20 19 13 23 21 11 14 16 17 0 8 22 3 1 5 
0 19
1 23
2 4
3 22
4 3
5 24
6 5
7 1
8 20
9 9
10 8
11 15
12 0
13 12
14 16
15 2
16 17
17 18
18 6
19 11
20 10
21 14
22 21
23 13
24 7
SIMILAR

21 23 16 4 24 18 10 3 14 7 19 8 22 11 13 1 9 2 0 5 17 15 20 6 12 
0 18
1 15
2 17
3 7
4 3
5 19
6 23
7 9
8 11
9 16
10 6
11 13
12 24
13 14
14 8
15 21
16 2
17 20
18 5
19 10
20 22
21 0
22 12
23 1
24 4
SIMILAR

10 0 16 1 9 13 15 18 14 8 17 24 19 3 21 20 7 5 12 11 4 2 22 23 6 
0 1
1 3
2 21
3 13
4 20
5 17
6 24
7 16
8 9
9 4
10 0
11 19
12 18
13 5
14 8
15 6
16 2
17 10
18 7
19 12
20 15
21 14
22 22
23 23
24 11
SIMILAR

4 10 9 24 1 0 5 18 17 16 21 14 2 13 7 6 23 11 8 3 12 19 22 15 20 
0 5
1 4
2 12
3 19
4 0
5 6
6 15
7 14
8 18
9 2
10 1
11 17
12 20
13 13
14 11
15 23
16 9
17 8
18 7
19 21
20 24
21 10
22 22
23 16
24 3
SIMILAR

14 11 23 10 1 3 2 13 18 9 16 15 22 5 20 6 17 12 24 4 7 21 8 19 0 
0 24
1 4
2 6
3 5
4 19
5 13
6 15
7 20
8 22
9 9
10 3
11 1
12 17
13 7
14 0
15 11
16 10
17 16
18 8
19 23
20 14
21 21
22 12
23 2
24 18
SIMILAR

5 20 14 18 15 8 7 2 21 12 13 19 4 1 22 16 10 11 0 9 3 17 24 6 23 
0 18
1 13
2 7
3 20
4 12
5 0
6 23
7 6
8 5
9 19
10 16
11 17
12 9
13 10
14 2
15 4
16 15
17 21
18 3
19 11
20 1
21 8
22 14
23 24
24 22
SIMILAR

3 16 23 12 21 19 20 13 0 7 14 6 2 24 5 18 10 1 8 11 4 17 22 9 15 
0 8
1 17
2 12
3 0
4 20
5 14
6 11
7 9
8 18
9 23
10 16
11 19
12 3
13 7
14 10
15 24
16 1
17 21
18 15
19 5
20 6
21 4
22 22
23 2
24 13
SIMILAR

16 24 9 4 22 11 21 3 18 8 14 7 6 5 23 0 13 2 10 12 20 1 15 17 19 
0 15
1 21
2 17
3 7
4 3
5 13
6 12
7 11
8 9
9 2
10 18
11 5
12 19
13 16
14 10
15 22
16 0
17 23
18 8
19 24
20 20
21 6
22 4
23 14
24 1
SIMILAR

3 20 17 11 6 23 16 4 15 21 5 13 1 10 24 0 12 22 14 2 8 19 7 9 18 
0 15
1 12
2 19
3 0
4 7
5 10
6 4
7 22
8 20
9 23
10 13
11 3
12 16
13 11
14 18
15 8
16 6
17 2
18 24
19 21
20 1
21 9
22 17
23 5
24 14
SIMILAR

19 22 11 3 0 16 9 1 8 24 7 5 21 14 12 23 20 2 13 17 6 4 15 18 10 
0 4
1 7
2 17
3 3
4 21
5 11
6 20
7 10
8 8
9 6
10 24
11 2
12 14
13 18
14 13
15 22
16 5
17 19
18 23
19 0
20 16
21 12
22 1
23 15
24 9
SIMILAR

9 12 5 11 24 15 18 21 17 7 4 3 10 1 22 19 2 23 16 20 6 0 13 14 8 
0 21
1 13
2 16
3 11
4 10
5 2
6 20
7 9
8 24
9 0
10 12
11 3
12 1
13 22
14 23
15 5
16 18
17 8
18 6
19 15
20 19
21 7
22 14
23 17
24 4
SIMILAR

17 12 21 18 3 2 8 19 10 22 24 11 6 9 14 5 7 4 23 20 13 0 15 16 1 
0 21
1 24
2 5
3 4
4 17
5 15
6 12
7 16
8 6
9 13
10 8
11 11
12 1
13 20
14 14
15 22
16 23
17 0
18 3
19 7
20 19
21 2
22 9
23 18
24 10
SIMILAR

5 0 11 21 7 8 13 15 6 4 24 9 16 2 12 23 18 17 19 1 14 22 20 10 3 
0 1
1 19
2 13
3 24
4 9
5 0
6 8
7 4
8 5
9 11
10 23
11 2
12 14
13 6
14 20
15 7
16 12
17 17
18 16
19 18
20 22
21 3
22 21
23 15
24 10
SIMILAR

15 14 24 11 17 22 12 3 13 8 21 4 16 18 23 7 9 6 1 2 19 20 10 5 0 
0 24
1 18
2 19
3 7
4 11
5 23
6 17
7 15
8 9
9 16
10 22
11 3
12 6
13 8
14 1
15 0
16 12
17 4
18 13
19 20
20 21
21 10
22 5
23 14
24 2
SIMILAR

7 6 23 5 4 16 9 24 8 0 12 15 11 13 19 10 18 14 22 1 2 17 3 21 20 
0 9
1 19
2 20
3 22
4 4
5 3
6 1
7 0
8 8
9 6
10 15
11 12
12 10
13 13
14 17
15 11
16 5
17 21
18 16
19 14
20 24
21 23
22 18
23 2
24 7
SIMILAR

19 6 7 4 5 9 8 12 11 13 10 22 23 14 0 20 2 15 1 24 18 17 16 21 3 
0 14
1 18
2 16
3 24
4 3
5 4
6 1
7 2
8 6
9 5
10 10
11 8
12 7
13 9
14 13
15 17
16 22
17 21
18 20
19 0
20 15
21 23
22 11
23 12
24 19
SIMILAR

22 20 1 13 15 3 21 7 4 0 19 2 16 12 24 11 5 17 8 10 23 14 6 18 9 
0 9
1 2
2 11
3 5
4 8
5 16
6 22
7 7
8 18
9 24
10 19
11 15
12 13
13 3
14 21
15 4
16 12
17 17
18 23
19 10
20 1
21 6
22 0
23 20
24 14
SIMILAR

18 10 13 16 22 2 11 1 19 4 8 24 7 21 17 14 20 3 5 15 0 6 12 9 23 
0 20
1 7
2 5
3 17
4 9
5 18
6 21
7 12
8 10
9 23
10 1
11 6
12 22
13 2
14 15
15 19
16 3
17 14
18 0
19 8
20 16
21 13
22 4
23 24
24 11
SIMILAR

22 3 10 8 9 21 23 12 15 20 0 17 11 19 5 14 16 2 18 13 1 4 24 6 7 
0 10
1 20
2 17
3 1
4 21
5 14
6 23
7 24
8 3
9 4
10 2
11 12
12 7
13 19
14 15
15 8
16 16
17 11
18 18
19 13
20 9
21 5
22 0
23 6
24 22
SIMILAR

4 8 15 5 18 9 16 10 14 0 24 23 11 17 2 3 21 20 1 7 6 19 13 22 12 
0 9
1 18
2 14
3 15
4 0
5 3
6 20
7 19
8 1
9 5
10 7
11 12
12 24
13 22
14 8
15 2
16 6
17 13
18 4
19 21
20 17
21 16
22 23
23 11
24 10
SIMILAR

0 21 1 10 4 3 15 23 5 14 2 22 16 11 9 24 17 6 20 12 18 7 8 13 19 
0 0
1 2
2 10
3 5
4 4
5 8
6 17
7 21
8 22
9 14
10 3
11 13
12 19
13 23
14 9
15 6
16 12
17 16
18 20
19 24
20 18
21 1
22 11
23 7
24 15
SIMILAR

17 20 11 10 23 21 7 6 16 3 2 22 9 13 24 0 15 18 4 5 8 12 14 1 19 
0 15
1 23
2 10
3 9
4 18
5 19
6 7
7 6
8 20
9 12
10 3
11 2
12 21
13 13
14 22
15 16
16 8
17 0
18 17
19 24
20 1
21 5
22 11
23 4
24 14
SIMILAR

4 18 8 1 7 17 16 5 19 14 11 6 22 15 3 9 24 12 2 21 13 23 10 0 20 
0 23
1 3
2 18
3 14
4 0
5 7
6 11
7 4
8 2
9 15
10 22
11 10
12 17
13 20
14 9
15 13
16 6
17 5
18 1
19 8
20 24
21 19
22 12
23 21
24 16
SIMILAR

6 18 0 5 24 12 14 19 9 7 15 4 13 16 3 17 8 2 23 21 11 20 10 1 22 
0 2
1 23
2 17
3 14
4 11
5 3
6 0
7 9
8 16
9 8
10 22
11 20
12 5
13 12
14 6
15 10
16 13
17 15
18 1
19 7
20 21
21 19
22 24
23 18
24 4
SIMILAR

22 11 21 8 4 0 24 23 15 18 6 2 5 17 14 1 19 9 10 3 16 7 13 12 20 
0 5
1 15
2 11
3 19
4 4
5 12
6 10
7 21
8 3
9 17
10 18
11 1
12 23
13 22
14 14
15 8
16 20
17 13
18 9
19 16
20 24
21 2
22 0
23 7
24 6
SIMILAR

13 0 23 4 17 7 11 16 6 5 8 1 21 19 9 18 12 15 3 10 20 2 14 24 22 
0 1
1 11
2 21
3 18
4 3
5 9
6 8
7 5
8 10
9 14
10 19
11 6
12 16
13 0
14 22
15 17
16 7
17 4
18 15
19 13
20 20
21 12
22 24
23 2
24 23
SIMILAR

4 12 9 10 15 22 6 0 7 21 23 13 2 5 11 8 24 19 18 16 17 20 1 3 14 
0 7
1 22
2 12
3 23
4 0
5 13
6 6
7 8
8 15
9 2
10 3
11 14
12 1
13 11
14 24
15 4
16 19
17 20
18 18
19 17
20 21
21 9
22 5
23 10
24 16
SIMILAR

14 17 20 15 3 16 5 9 11 12 2 1 8 19 7 10 4 23 0 13 24 21 6 18 22 
0 18
1 11
2 10
3 4
4 16
5 6
6 22
7 14
8 12
9 7
10 15
11 8
12 9
13 19
14 0
15 3
16 5
17 1
18 23
19 13
20 2
21 21
22 24
23 17
24 20
SIMILAR

17 13 20 9 6 22 8 2 7 0 11 1 23 15 3 14 12 10 4 5 24 19 16 18 21 
0 9
1 11
2 7
3 14
4 18
5 19
6 4
7 8
8 6
9 3
10 17
11 10
12 16
13 1
14 15
15 13
16 22
17 0
18 23
19 21
20 2
21 24
22 5
23 12
24 20
SIMILAR
100 0
6100 0
216100 0
