25
0 1 0 0 0 0 0 1 1 1 1 0 1 0 1 0 0 0 0 0 1 1 1 1 1 
1 0 1 0 0 0 1 0 1 1 0 1 1 1 0 0 0 1 1 1 1 1 1 1 0 
0 1 0 0 1 0 0 1 1 1 1 1 1 0 1 1 0 1 0 1 0 0 1 0 1 
0 0 0 0 1 1 1 0 0 1 0 1 0 0 0 0 0 1 0 0 1 0 1 1 0 
0 0 1 1 0 0 1 0 1 1 0 0 0 1 1 0 1 0 0 1 1 1 0 1 0 
0 0 0 1 0 0 0 0 1 1 0 1 1 1 0 1 1 1 0 1 1 0 1 0 0 
0 1 0 1 1 0 0 1 0 1 0 0 0 1 0 0 1 1 1 1 1 1 1 1 1 
1 0 1 0 0 0 1 0 0 0 0 1 0 0 0 0 0 0 0 0 1 1 0 0 0 
1 1 1 0 1 1 0 0 0 0 1 0 0 1 0 1 0 0 1 1 1 0 1 1 0 
1 1 1 1 1 1 1 0 0 0 0 0 1 0 1 1 0 1 0 1 0 1 1 0 1 
1 0 1 0 0 0 0 0 1 0 0 1 1 0 0 1 0 0 0 1 1 1 1 0 1 
0 1 1 1 0 1 0 1 0 0 1 0 1 1 1 1 1 0 1 0 1 0 1 1 0 
1 1 1 0 0 1 0 0 0 1 1 1 0 0 0 1 0 0 1 0 1 0 0 0 0 
0 1 0 0 1 1 1 0 1 0 0 1 0 0 1 1 1 1 1 1 1 0 1 0 0 
1 0 1 0 1 0 0 0 0 1 0 1 0 1 0 1 0 0 1 0 1 0 1 1 0 
0 0 1 0 0 1 0 0 1 1 1 1 1 1 1 0 1 1 1 1 0 0 0 0 0 
0 0 0 0 1 1 1 0 0 0 0 1 0 1 0 1 0 0 1 0 0 0 1 1 0 
0 1 1 1 0 1 1 0 0 1 0 0 0 1 0 1 0 0 0 0 0 0 0 0 1 
0 1 0 0 0 0 1 0 1 0 0 1 1 1 1 1 1 0 0 1 0 0 0 0 1 
0 1 1 0 1 1 1 0 1 1 1 0 0 1 0 1 0 0 1 0 0 0 0 1 1 
1 1 0 1 1 1 1 1 1 0 1 1 1 1 1 0 0 0 0 0 0 1 0 1 1 
1 1 0 0 1 0 1 1 0 1 1 0 0 0 0 0 0 0 0 0 1 0 1 1 0 
1 1 1 1 0 1 1 0 1 1 1 1 0 1 1 0 1 0 0 0 0 1 0 1 0 
1 1 0 1 1 0 1 0 1 0 0 1 0 0 1 0 1 0 0 1 1 1 1 0 1 
1 0 1 0 0 0 1 0 0 1 1 0 0 0 0 0 0 1 1 1 1 0 0 1 0 

2 4 6 12 9 0 19 16 7 3 24 13 22 15 1 14 23 11 17 18 20 21 10 5 8 
0 5
1 14
2 0
3 9
4 1
5 23
6 2
7 8
8 24
9 4
10 22
11 17
12 3
13 11
14 15
15 13
16 7
17 18
18 19
19 6
20 20
21 21
22 12
23 16
24 10
SIMILAR

11 9 0 10 18 17 5 15 23 14 20 4 19 12 7 16 2 22 24 21 6 8 3 13 1 
0 2
1 24
2 16
3 22
4 11
5 6
6 20
7 14
8 21
9 1
10 3
11 0
12 13
13 23
14 9
15 7
16 15
17 5
18 4
19 12
20 10
21 19
22 17
23 8
24 18
SIMILAR

2 20 18 21 24 7 22 6 12 1 10 14 16 15 3 4 8 23 19 13 9 11 0 17 5 
0 22
1 9
2 0
3 14
4 15
5 24
6 7
7 5
8 16
9 20
10 10
11 21
12 8
13 19
14 11
15 13
16 12
17 23
18 2
19 18
20 1
21 3
22 6
23 17
24 4
SIMILAR

18 2 4 21 13 19 14 22 20 3 5 16 24 0 12 15 7 10 17 9 23 6 11 1 8 
0 13
1 23
2 1
3 9
4 2
5 10
6 21
7 16
8 24
9 19
10 17
11 22
12 14
13 4
14 6
15 15
16 11
17 18
18 0
19 5
20 8
21 3
22 7
23 20
24 12
SIMILAR

10 6 8 7 16 5 18 9 15 13 22 23 14 2 20 19 11 17 4 1 24 12 3 0 21 
0 23
1 19
2 13
3 22
4 18
5 5
6 1
7 3
8 2
9 7
10 0
11 16
12 21
13 9
14 12
15 8
16 4
17 17
18 6
19 15
20 14
21 24
22 10
23 11
24 20
SIMILAR

3 11 13 22 9 16 17 19 10 20 1 18 4 0 14 21 15 23 6 12 2 24 7 5 8 
0 13
1 10
2 20
3 0
4 12
5 23
6 18
7 22
8 24
9 4
10 8
11 1
12 19
13 2
14 14
15 16
16 5
17 6
18 11
19 7
20 9
21 15
22 3
23 17
24 21
SIMILAR

23 24 4 18 19 11 0 8 9 1 12 21 10 6 13 22 17 15 3 2 5 7 20 16 14 
0 6
1 9
2 19
3 18
4 2
5 20
6 13
7 21
8 7
9 8
10 12
11 5
12 10
13 14
14 24
15 17
16 23
17 16
18 3
19 4
20 22
21 11
22 15
23 0
24 1
SIMILAR

23 16 18 0 14 13 11 8 10 22 7 2 4 19 21 12 24 15 6 1 20 9 17 3 5 
0 3
1 19
2 11
3 23
4 12
5 24
6 18
7 10
8 7
9 21
10 8
11 6
12 15
13 5
14 4
15 17
16 1
17 22
18 2
19 13
20 20
21 14
22 9
23 0
24 16
SIMILAR

6 13 19 22 0 11 23 2 7 5 12 16 8 10 21 1 18 15 17 20 14 24 4 3 9 
0 4
1 15
2 7
3 23
4 22
5 9
6 0
7 8
8 12
9 24
10 13
11 5
12 10
13 1
14 20
15 17
16 11
17 18
18 16
19 2
20 19
21 14
22 3
23 6
24 21
SIMILAR

17 24 13 18 16 7 21 14 20 19 5 11 22 9 2 15 0 3 1 23 8 12 6 10 4 
0 16
1 18
2 14
3 17
4 24
5 10
6 22
7 5
8 20
9 13
10 23
11 11
12 21
13 2
14 7
15 15
16 4
17 0
18 3
19 9
20 8
21 6
22 12
23 19
24 1
SIMILAR

24 13 7 21 0 3 16 17 14 20 6 15 19 9 5 18 10 8 2 23 22 1 11 4 12 
0 4
1 21
2 18
3 5
4 23
5 14
6 10
7 2
8 17
9 13
10 16
11 22
12 24
13 1
14 8
15 11
16 6
17 7
18 15
19 12
20 9
21 3
22 20
23 19
24 0
SIMILAR

3 19 10 12 14 2 17 6 7 24 9 1 22 5 11 4 23 15 13 8 0 20 18 21 16 
0 20
1 11
2 5
3 0
4 15
5 13
6 7
7 8
8 19
9 10
10 2
11 14
12 3
13 18
14 4
15 17
16 24
17 6
18 22
19 1
20 21
21 23
22 12
23 16
24 9
SIMILAR

4 23 24 21 9 10 22 19 3 13 11 0 8 2 17 7 12 5 1 16 15 20 6 14 18 
0 11
1 18
2 13
3 8
4 0
5 17
6 22
7 15
8 12
9 4
10 5
11 10
12 16
13 9
14 23
15 20
16 19
17 14
18 24
19 7
20 21
21 3
22 6
23 1
24 2
SIMILAR

21 19 13 8 4 0 7 10 12 14 11 3 9 6 16 5 1 17 18 22 15 23 24 20 2 
0 5
1 16
2 24
3 11
4 4
5 15
6 13
7 6
8 3
9 12
10 7
11 10
12 8
13 2
14 9
15 20
16 14
17 17
18 18
19 1
20 23
21 0
22 19
23 21
24 22
SIMILAR

7 21 4 17 2 3 19 14 24 9 20 6 0 8 10 22 5 13 18 11 23 1 16 12 15 
0 12
1 21
2 4
3 5
4 2
5 16
6 11
7 0
8 13
9 9
10 14
11 19
12 23
13 17
14 7
15 24
16 22
17 3
18 18
19 6
20 10
21 1
22 15
23 20
24 8
SIMILAR

22 8 9 15 21 5 19 7 17 14 20 4 24 10 3 23 11 2 0 16 6 1 12 18 13 
0 18
1 21
2 17
3 14
4 11
5 5
6 20
7 7
8 1
9 2
10 13
11 16
12 22
13 24
14 9
15 3
16 19
17 8
18 23
19 6
20 10
21 4
22 0
23 15
24 12
SIMILAR

11 22 6 1 9 17 8 15 23 10 0 20 4 7 5 3 19 2 12 14 16 13 18 24 21 
0 10
1 3
2 17
3 15
4 12
5 14
6 2
7 13
8 6
9 4
10 9
11 0
12 18
13 21
14 19
15 7
16 20
17 5
18 22
19 16
20 11
21 24
22 1
23 8
24 23
SIMILAR

19 8 24 18 15 13 1 23 0 20 7 14 3 16 10 21 9 17 6 11 4 22 2 12 5 
0 8
1 6
2 22
3 12
4 20
5 24
6 18
7 10
8 1
9 16
10 14
11 19
12 23
13 5
14 11
15 4
16 13
17 17
18 3
19 0
20 9
21 15
22 21
23 7
24 2
SIMILAR

4 6 14 24 7 23 15 16 0 19 10 20 13 8 17 3 5 11 22 21 2 1 12 18 9 
0 8
1 21
2 20
3 15
4 0
5 16
6 1
7 4
8 13
9 24
10 10
11 17
12 22
13 12
14 2
15 6
16 7
17 14
18 23
19 9
20 11
21 19
22 18
23 5
24 3
SIMILAR

19 7 9 21 2 0 8 24 23 20 3 14 11 5 13 17 6 18 12 22 16 10 4 15 1 
0 5
1 24
2 4
3 10
4 22
5 13
6 16
7 1
8 6
9 2
10 21
11 12
12 18
13 14
14 11
15 23
16 20
17 15
18 17
19 0
20 9
21 3
22 19
23 8
24 7
SIMILAR

6 13 0 4 24 5 8 17 19 11 14 20 15 9 21 16 1 10 3 12 7 2 18 23 22 
0 2
1 16
2 21
3 18
4 3
5 5
6 0
7 20
8 6
9 13
10 17
11 9
12 19
13 1
14 10
15 12
16 15
17 7
18 22
19 8
20 11
21 14
22 24
23 23
24 4
SIMILAR

19 3 18 8 10 9 23 14 20 12 6 11 22 4 17 5 15 13 16 7 0 21 1 2 24 
0 20
1 22
2 23
3 1
4 13
5 15
6 10
7 19
8 3
9 5
10 4
11 11
12 9
13 17
14 7
15 16
16 18
17 14
18 2
19 0
20 8
21 21
22 12
23 6
24 24
SIMILAR

23 9 1 12 16 3 0 14 18 2 10 15 4 19 22 6 17 24 20 13 11 8 7 5 21 
0 6
1 2
2 9
3 5
4 12
5 23
6 15
7 22
8 21
9 1
10 10
11 20
12 3
13 19
14 7
15 11
16 4
17 16
18 8
19 13
20 18
21 24
22 14
23 0
24 17
SIMILAR

1 19 10 8 21 18 0 4 5 14 20 3 24 17 9 6 22 16 13 12 15 7 2 11 23 
0 6
1 0
2 22
3 11
4 7
5 8
6 15
7 21
8 3
9 14
10 2
11 23
12 19
13 18
14 9
15 20
16 17
17 13
18 5
19 1
20 10
21 4
22 16
23 24
24 12
SIMILAR

5 7 15 19 11 21 2 10 8 20 16 13 14 0 18 3 12 9 6 23 24 1 22 17 4 
0 13
1 21
2 6
3 15
4 24
5 0
6 18
7 1
8 8
9 17
10 7
11 4
12 16
13 11
14 12
15 2
16 10
17 23
18 14
19 3
20 9
21 5
22 22
23 19
24 20
SIMILAR

3 0 6 11 10 5 4 7 9 17 15 1 24 14 21 22 20 2 19 18 12 8 13 16 23 
0 1
1 11
2 17
3 0
4 6
5 5
6 2
7 7
8 21
9 8
10 4
11 3
12 20
13 22
14 13
15 10
16 23
17 9
18 19
19 18
20 16
21 14
22 15
23 24
24 12
SIMILAR

19 3 5 8 18 6 11 22 0 12 17 16 13 24 7 2 4 14 9 23 20 21 1 10 15 
0 8
1 22
2 15
3 1
4 16
5 2
6 5
7 14
8 3
9 18
10 23
11 6
12 9
13 12
14 17
15 24
16 11
17 10
18 4
19 0
20 20
21 21
22 7
23 19
24 13
SIMILAR

21 7 11 15 3 17 19 22 5 14 0 12 8 1 10 16 13 20 18 4 2 9 6 24 23 
0 10
1 13
2 20
3 4
4 19
5 8
6 22
7 1
8 12
9 21
10 14
11 2
12 11
13 16
14 9
15 3
16 15
17 5
18 18
19 6
20 17
21 0
22 7
23 24
24 23
SIMILAR

19 8 4 13 7 17 15 6 9 3 21 12 23 22 0 2 10 24 14 18 20 1 5 16 11 
0 14
1 21
2 15
3 9
4 2
5 22
6 7
7 4
8 1
9 8
10 16
11 24
12 11
13 3
14 18
15 6
16 23
17 5
18 19
19 0
20 20
21 10
22 13
23 12
24 17
SIMILAR

23 4 5 16 21 12 2 14 6 9 18 15 3 19 8 17 11 0 7 10 1 22 13 20 24 
0 17
1 20
2 6
3 12
4 1
5 2
6 8
7 18
8 14
9 9
10 19
11 16
12 5
13 22
14 7
15 11
16 3
17 15
18 10
19 13
20 23
21 4
22 21
23 0
24 24
SIMILAR

4 22 0 18 1 5 3 24 13 8 19 21 23 16 12 15 17 10 11 2 9 6 7 20 14 
0 2
1 4
2 19
3 6
4 0
5 5
6 21
7 22
8 9
9 20
10 17
11 18
12 14
13 8
14 24
15 15
16 13
17 16
18 3
19 10
20 23
21 11
22 1
23 12
24 7
SIMILAR

1 17 7 6 2 0 19 8 12 23 15 10 20 14 18 11 4 9 3 5 24 16 22 13 21 
0 5
1 0
2 4
3 18
4 16
5 19
6 3
7 2
8 7
9 17
10 11
11 15
12 8
13 23
14 13
15 10
16 21
17 1
18 14
19 6
20 12
21 24
22 22
23 9
24 20
SIMILAR

22 20 16 3 15 2 5 1 19 4 18 6 7 23 13 12 0 11 17 10 21 8 9 14 24 
0 16
1 7
2 5
3 3
4 9
5 6
6 11
7 12
8 21
9 22
10 19
11 17
12 15
13 14
14 23
15 4
16 2
17 18
18 10
19 8
20 1
21 20
22 0
23 13
24 24
SIMILAR

15 10 13 7 4 0 20 6 19 5 23 1 16 12 22 3 11 14 21 8 24 17 2 18 9 
0 5
1 11
2 22
3 15
4 4
5 9
6 7
7 3
8 19
9 24
10 1
11 16
12 13
13 2
14 17
15 0
16 12
17 21
18 23
19 8
20 6
21 18
22 14
23 10
24 20
SIMILAR

1 4 15 11 2 21 19 10 20 18 3 7 13 14 0 16 12 5 17 8 22 23 24 6 9 
0 14
1 0
2 4
3 10
4 1
5 17
6 23
7 11
8 19
9 24
10 7
11 3
12 16
13 12
14 13
15 2
16 15
17 18
18 9
19 6
20 8
21 5
22 20
23 21
24 22
SIMILAR

23 11 6 9 0 14 24 21 12 2 18 16 3 20 17 13 4 15 19 8 7 5 22 10 1 
0 4
1 24
2 9
3 12
4 16
5 21
6 2
7 20
8 19
9 3
10 23
11 1
12 8
13 15
14 5
15 17
16 11
17 14
18 10
19 18
20 13
21 7
22 22
23 0
24 6
SIMILAR

7 0 11 16 5 20 1 23 14 12 9 4 8 15 18 13 17 24 10 3 21 2 6 22 19 
0 1
1 6
2 21
3 19
4 11
5 4
6 22
7 0
8 12
9 10
10 18
11 2
12 9
13 15
14 8
15 13
16 3
17 16
18 14
19 24
20 5
21 20
22 23
23 7
24 17
SIMILAR

8 16 12 24 22 23 13 11 2 5 14 19 17 3 4 6 1 15 9 21 10 0 18 7 20 
0 21
1 16
2 8
3 13
4 14
5 9
6 15
7 23
8 0
9 18
10 20
11 7
12 2
13 6
14 10
15 17
16 1
17 12
18 22
19 11
20 24
21 19
22 4
23 5
24 3
SIMILAR

5 10 16 6 2 9 19 22 15 0 3 24 17 18 4 14 23 7 21 20 12 1 11 13 8 
0 9
1 21
2 4
3 10
4 14
5 0
6 3
7 17
8 24
9 5
10 1
11 22
12 20
13 23
14 15
15 8
16 2
17 12
18 13
19 6
20 19
21 18
22 7
23 16
24 11
SIMILAR

11 13 22 17 10 8 21 1 19 4 9 24 7 5 15 16 2 18 0 23 20 6 14 3 12 
0 18
1 7
2 16
3 23
4 9
5 13
6 21
7 12
8 5
9 10
10 4
11 0
12 24
13 1
14 22
15 14
16 15
17 3
18 17
19 8
20 20
21 6
22 2
23 19
24 11
SIMILAR

20 8 7 3 1 17 5 9 24 18 21 13 4 0 10 16 22 14 23 19 6 12 15 11 2 
0 13
1 4
2 24
3 3
4 12
5 6
6 20
7 2
8 1
9 7
10 14
11 23
12 21
13 11
14 17
15 22
16 15
17 5
18 9
19 19
20 0
21 10
22 16
23 18
24 8
SIMILAR

22 17 21 13 23 20 11 14 7 0 5 19 24 18 9 8 1 6 10 2 15 3 4 12 16 
0 9
1 16
2 19
3 21
4 22
5 10
6 17
7 8
8 15
9 14
10 18
11 6
12 23
13 3
14 7
15 20
16 24
17 1
18 13
19 11
20 5
21 2
22 0
23 4
24 12
SIMILAR

3 10 12 4 14 16 23 19 0 11 21 9 2 13 20 18 1 8 5 7 6 24 15 22 17 
0 8
1 16
2 12
3 0
4 3
5 18
6 20
7 19
8 17
9 11
10 1
11 9
12 2
13 13
14 4
15 22
16 5
17 24
18 15
19 7
20 14
21 10
22 23
23 6
24 21
SIMILAR

3 20 0 21 1 17 18 6 12 24 8 14 16 22 4 15 19 7 11 13 10 2 9 23 5 
0 2
1 4
2 21
3 0
4 14
5 24
6 7
7 17
8 10
9 22
10 20
11 18
12 8
13 19
14 11
15 15
16 12
17 5
18 6
19 16
20 1
21 3
22 13
23 23
24 9
SIMILAR

18 7 3 2 0 6 19 10 9 16 23 12 15 17 14 8 22 1 13 5 20 4 24 11 21 
0 4
1 17
2 3
3 2
4 21
5 19
6 5
7 1
8 15
9 8
10 7
11 23
12 11
13 18
14 14
15 12
16 9
17 13
18 0
19 6
20 20
21 24
22 16
23 10
24 22
SIMILAR

17 5 13 19 3 1 11 6 21 2 15 22 12 14 10 24 7 9 20 4 8 23 18 16 0 
0 24
1 5
2 9
3 4
4 19
5 1
6 7
7 16
8 20
9 17
10 14
11 6
12 12
13 2
14 13
15 10
16 23
17 0
18 22
19 3
20 18
21 8
22 11
23 21
24 15
SIMILAR

13 24 9 1 12 5 8 21 10 0 17 3 16 20 22 14 4 7 15 6 18 11 23 19 2 
0 9
1 3
2 24
3 11
4 16
5 5
6 19
7 17
8 6
9 2
10 8
11 21
12 4
13 0
14 15
15 18
16 12
17 10
18 20
19 23
20 13
21 7
22 14
23 22
24 1
SIMILAR

17 3 7 0 11 14 15 23 1 18 16 22 8 5 13 10 6 21 24 4 20 12 2 9 19 
0 3
1 8
2 22
3 1
4 19
5 13
6 16
7 2
8 12
9 23
10 15
11 4
12 21
13 14
14 5
15 6
16 10
17 0
18 9
19 24
20 20
21 17
22 11
23 7
24 18
SIMILAR

7 8 3 5 12 21 2 10 1 17 6 13 20 15 24 16 22 19 9 0 4 11 18 23 14 
0 19
1 8
2 6
3 2
4 20
5 3
6 10
7 0
8 1
9 18
10 7
11 21
12 4
13 11
14 24
15 13
16 15
17 9
18 22
19 17
20 12
21 5
22 16
23 23
24 14
SIMILAR

19 22 9 24 2 8 11 16 12 10 14 7 1 13 21 18 4 0 3 23 6 17 15 5 20 
0 17
1 12
2 4
3 18
4 16
5 23
6 20
7 11
8 5
9 2
10 9
11 6
12 8
13 13
14 10
15 22
16 7
17 21
18 15
19 0
20 24
21 14
22 1
23 19
24 3
SIMILAR

3 9 11 0 24 2 14 10 21 23 19 1 12 13 4 22 16 5 15 17 18 8 20 7 6 
0 3
1 11
2 5
3 0
4 14
5 17
6 24
7 23
8 21
9 1
10 7
11 2
12 12
13 13
14 6
15 18
16 16
17 19
18 20
19 10
20 22
21 8
22 15
23 9
24 4
SIMILAR

18 5 20 17 16 21 15 10 4 13 9 2 7 11 22 8 0 19 14 3 6 12 24 23 1 
0 16
1 24
2 11
3 19
4 8
5 1
6 20
7 12
8 15
9 10
10 7
11 13
12 21
13 9
14 18
15 6
16 4
17 3
18 0
19 17
20 2
21 5
22 14
23 23
24 22
SIMILAR

9 6 20 22 2 12 0 11 14 8 5 16 18 4 19 10 3 23 21 15 7 17 24 1 13 
0 6
1 23
2 4
3 16
4 13
5 10
6 1
7 20
8 9
9 0
10 15
11 7
12 5
13 24
14 8
15 19
16 11
17 21
18 12
19 14
20 2
21 18
22 3
23 17
24 22
SIMILAR

7 23 21 17 10 1 18 22 20 19 5 16 11 9 15 3 2 8 0 14 12 13 6 24 4 
0 18
1 5
2 16
3 15
4 24
5 10
6 22
7 0
8 17
9 13
10 4
11 12
12 20
13 21
14 19
15 14
16 11
17 3
18 6
19 9
20 8
21 2
22 7
23 1
24 23
SIMILAR

7 15 17 16 1 4 23 11 2 3 24 6 22 20 14 12 18 10 0 21 8 9 13 19 5 
0 18
1 4
2 8
3 9
4 5
5 24
6 11
7 0
8 20
9 21
10 17
11 7
12 15
13 22
14 14
15 1
16 3
17 2
18 16
19 23
20 13
21 19
22 12
23 6
24 10
SIMILAR

23 12 16 20 14 2 7 17 1 4 15 24 22 18 3 6 0 13 19 11 8 21 9 5 10 
0 16
1 8
2 5
3 14
4 9
5 23
6 15
7 6
8 20
9 22
10 24
11 19
12 1
13 17
14 4
15 10
16 2
17 7
18 13
19 18
20 3
21 21
22 12
23 0
24 11
SIMILAR

19 7 16 5 2 13 3 20 8 23 4 21 10 9 17 14 1 11 24 12 22 15 18 6 0 
0 24
1 16
2 4
3 6
4 10
5 3
6 23
7 1
8 8
9 13
10 12
11 17
12 19
13 5
14 15
15 21
16 2
17 14
18 22
19 0
20 7
21 11
22 20
23 9
24 18
SIMILAR

4 20 11 19 6 7 23 5 22 10 14 12 24 2 1 13 16 9 17 18 8 15 0 3 21 
0 22
1 14
2 13
3 23
4 0
5 7
6 4
7 5
8 20
9 17
10 9
11 2
12 11
13 15
14 10
15 21
16 16
17 18
18 19
19 3
20 1
21 24
22 8
23 6
24 12
SIMILAR

18 23 20 7 19 1 6 17 10 21 9 0 11 8 5 3 4 24 12 15 2 14 16 22 13 
0 11
1 5
2 20
3 15
4 16
5 14
6 6
7 3
8 13
9 10
10 8
11 12
12 18
13 24
14 21
15 19
16 22
17 7
18 0
19 4
20 2
21 9
22 23
23 1
24 17
SIMILAR

7 1 3 20 5 0 24 12 8 21 13 6 18 14 2 16 23 22 15 4 9 19 17 10 11 
0 5
1 1
2 14
3 2
4 19
5 4
6 11
7 0
8 8
9 20
10 23
11 24
12 7
13 10
14 13
15 18
16 15
17 22
18 12
19 21
20 3
21 9
22 17
23 16
24 6
SIMILAR

1 21 19 9 5 0 7 17 18 16 2 23 24 11 4 13 10 3 15 22 14 12 8 20 6 
0 5
1 0
2 10
3 17
4 14
5 4
6 24
7 6
8 22
9 3
10 16
11 13
12 21
13 15
14 20
15 18
16 9
17 7
18 8
19 2
20 23
21 1
22 19
23 11
24 12
SIMILAR

0 2 23 6 15 16 11 3 18 20 21 4 7 5 14 8 19 13 22 17 9 10 1 24 12 
0 0
1 22
2 1
3 7
4 11
5 13
6 3
7 12
8 15
9 20
10 21
11 6
12 24
13 17
14 14
15 4
16 5
17 19
18 8
19 16
20 9
21 10
22 18
23 2
24 23
SIMILAR

2 0 4 1 20 7 5 21 11 16 6 13 19 23 12 3 8 22 17 9 10 14 15 18 24 
0 1
1 3
2 0
3 15
4 2
5 6
6 10
7 5
8 16
9 19
10 20
11 8
12 14
13 11
14 21
15 22
16 9
17 18
18 23
19 12
20 4
21 7
22 17
23 13
24 24
SIMILAR

8 5 22 0 15 4 2 19 16 7 10 9 3 12 14 11 1 23 21 20 18 17 24 6 13 
0 3
1 16
2 6
3 12
4 5
5 1
6 23
7 9
8 0
9 11
10 10
11 15
12 13
13 24
14 14
15 4
16 8
17 21
18 20
19 7
20 19
21 18
22 2
23 17
24 22
SIMILAR

11 13 18 3 10 15 20 21 1 24 7 19 12 17 0 16 23 5 9 4 6 14 8 22 2 
0 14
1 8
2 24
3 3
4 19
5 17
6 20
7 10
8 22
9 18
10 4
11 0
12 12
13 1
14 21
15 5
16 15
17 13
18 2
19 11
20 6
21 7
22 23
23 16
24 9
SIMILAR

13 9 23 3 5 16 2 0 18 12 17 20 8 22 14 6 11 7 19 21 24 15 1 10 4 
0 7
1 22
2 6
3 3
4 24
5 4
6 15
7 17
8 12
9 1
10 23
11 16
12 9
13 0
14 14
15 21
16 5
17 10
18 8
19 18
20 11
21 19
22 13
23 2
24 20
SIMILAR

12 11 15 2 13 8 20 5 19 4 3 24 10 16 23 17 9 7 21 14 1 6 18 22 0 
0 24
1 20
2 3
3 10
4 9
5 7
6 21
7 17
8 5
9 16
10 12
11 1
12 0
13 4
14 19
15 2
16 13
17 15
18 22
19 8
20 6
21 18
22 23
23 14
24 11
SIMILAR

20 21 3 4 13 17 8 15 6 1 2 7 10 9 24 23 14 12 11 19 5 16 22 0 18 
0 23
1 9
2 10
3 2
4 3
5 20
6 8
7 11
8 6
9 13
10 12
11 18
12 17
13 4
14 16
15 7
16 21
17 5
18 24
19 19
20 0
21 1
22 22
23 15
24 14
SIMILAR

11 19 4 17 0 9 21 23 12 10 13 20 22 15 7 6 16 14 24 18 2 1 5 8 3 
0 4
1 21
2 20
3 24
4 2
5 22
6 15
7 14
8 23
9 5
10 9
11 0
12 8
13 10
14 17
15 13
16 16
17 3
18 19
19 1
20 11
21 6
22 12
23 7
24 18
SIMILAR

9 24 18 8 12 1 21 7 5 22 0 2 16 13 6 23 19 11 3 4 17 15 14 20 10 
0 10
1 5
2 11
3 18
4 19
5 8
6 14
7 7
8 3
9 0
10 24
11 17
12 4
13 13
14 22
15 21
16 12
17 20
18 2
19 16
20 23
21 6
22 9
23 15
24 1
SIMILAR

21 12 23 13 24 4 20 22 14 1 7 0 3 6 11 10 18 5 16 19 17 15 9 8 2 
0 11
1 9
2 24
3 12
4 5
5 17
6 13
7 10
8 23
9 22
10 15
11 14
12 1
13 3
14 8
15 21
16 18
17 20
18 16
19 19
20 6
21 0
22 7
23 2
24 4
SIMILAR

18 1 11 4 22 6 23 14 21 7 24 15 5 9 3 13 12 20 8 17 2 19 0 10 16 
0 22
1 1
2 20
3 14
4 3
5 12
6 5
7 9
8 18
9 13
10 23
11 2
12 16
13 15
14 7
15 11
16 24
17 19
18 0
19 21
20 17
21 8
22 4
23 6
24 10
SIMILAR

5 21 22 13 3 17 0 23 24 11 20 15 2 16 6 14 12 9 8 18 1 7 19 10 4 
0 6
1 20
2 12
3 4
4 24
5 0
6 14
7 21
8 18
9 17
10 23
11 9
12 16
13 3
14 15
15 11
16 13
17 5
18 19
19 22
20 10
21 1
22 2
23 7
24 8
SIMILAR

2 8 19 13 23 17 20 10 4 11 16 1 6 18 12 24 9 14 22 0 21 7 5 3 15 
0 19
1 11
2 0
3 23
4 8
5 22
6 12
7 21
8 1
9 16
10 7
11 9
12 14
13 3
14 17
15 24
16 10
17 5
18 13
19 2
20 6
21 20
22 18
23 4
24 15
SIMILAR

24 19 5 6 11 16 10 23 13 15 21 7 0 3 12 14 22 1 9 20 2 18 17 4 8 
0 12
1 17
2 20
3 13
4 23
5 2
6 3
7 11
8 24
9 18
10 6
11 4
12 14
13 8
14 15
15 9
16 5
17 22
18 21
19 1
20 19
21 10
22 16
23 7
24 0
SIMILAR

10 12 11 0 16 21 1 7 6 15 18 23 8 13 5 19 4 2 14 9 20 24 3 17 22 
0 3
1 6
2 17
3 22
4 16
5 14
6 8
7 7
8 12
9 19
10 0
11 2
12 1
13 13
14 18
15 9
16 4
17 23
18 10
19 15
20 20
21 5
22 24
23 11
24 21
SIMILAR

24 7 15 4 22 12 18 6 16 2 20 21 0 11 10 13 14 17 23 9 3 1 19 5 8 
0 12
1 21
2 9
3 20
4 3
5 23
6 7
7 1
8 24
9 19
10 14
11 13
12 5
13 15
14 16
15 2
16 8
17 17
18 6
19 22
20 10
21 11
22 4
23 18
24 0
SIMILAR

14 10 24 5 16 19 4 11 13 0 7 9 21 6 1 3 17 22 23 18 15 12 20 2 8 
0 9
1 14
2 23
3 15
4 6
5 3
6 13
7 10
8 24
9 11
10 1
11 7
12 21
13 8
14 0
15 20
16 4
17 16
18 19
19 5
20 22
21 12
22 17
23 18
24 2
SIMILAR

22 12 13 20 18 14 23 10 7 0 24 3 6 9 21 8 4 11 15 19 17 2 1 5 16 
0 9
1 22
2 21
3 11
4 16
5 23
6 12
7 8
8 15
9 13
10 7
11 17
12 1
13 2
14 5
15 18
16 24
17 20
18 4
19 19
20 3
21 14
22 0
23 6
24 10
SIMILAR

24 20 9 5 23 0 21 12 19 6 1 14 22 16 18 15 3 7 2 4 13 17 10 8 11 
0 5
1 10
2 18
3 16
4 19
5 3
6 9
7 17
8 23
9 2
10 22
11 24
12 7
13 20
14 11
15 15
16 13
17 21
18 14
19 8
20 1
21 6
22 12
23 4
24 0
SIMILAR

3 7 22 17 9 6 21 14 15 4 16 5 12 11 19 23 24 0 1 18 8 20 2 10 13 
0 17
1 18
2 22
3 0
4 9
5 11
6 5
7 1
8 20
9 4
10 23
11 13
12 12
13 24
14 7
15 8
16 10
17 3
18 19
19 14
20 21
21 6
22 2
23 15
24 16
SIMILAR

24 8 13 1 12 3 16 18 21 15 23 20 6 22 4 19 0 11 10 5 2 14 9 17 7 
0 16
1 3
2 20
3 5
4 14
5 19
6 12
7 24
8 1
9 22
10 18
11 17
12 4
13 2
14 21
15 9
16 6
17 23
18 7
19 15
20 11
21 8
22 13
23 10
24 0
SIMILAR

7 0 5 20 9 15 10 1 11 14 17 22 13 18 4 6 19 12 2 24 8 3 21 16 23 
0 1
1 7
2 18
3 21
4 14
5 2
6 15
7 0
8 20
9 4
10 6
11 8
12 17
13 12
14 9
15 5
16 23
17 10
18 13
19 16
20 3
21 22
22 11
23 24
24 19
SIMILAR

5 14 21 4 7 15 19 8 6 22 23 20 12 0 1 24 18 10 2 3 13 9 17 16 11 
0 13
1 14
2 18
3 19
4 3
5 0
6 8
7 4
8 7
9 21
10 17
11 24
12 12
13 20
14 1
15 5
16 23
17 22
18 16
19 6
20 11
21 2
22 9
23 10
24 15
SIMILAR

10 12 5 21 24 8 20 14 22 2 15 16 9 17 23 18 13 1 6 11 4 19 3 7 0 
0 24
1 17
2 9
3 22
4 20
5 2
6 18
7 23
8 5
9 12
10 0
11 19
12 1
13 16
14 7
15 10
16 11
17 13
18 15
19 21
20 6
21 3
22 8
23 14
24 4
SIMILAR

12 1 13 0 14 18 23 4 3 9 21 2 11 15 20 10 6 17 19 24 5 8 22 7 16 
0 3
1 1
2 11
3 8
4 7
5 20
6 16
7 23
8 21
9 9
10 15
11 12
12 0
13 2
14 4
15 13
16 24
17 17
18 5
19 18
20 14
21 10
22 22
23 6
24 19
SIMILAR

14 19 4 20 9 2 10 22 0 12 16 18 11 23 7 24 13 3 6 8 15 17 5 1 21 
0 8
1 23
2 5
3 17
4 2
5 22
6 18
7 14
8 19
9 4
10 6
11 12
12 9
13 16
14 0
15 20
16 10
17 21
18 11
19 1
20 3
21 24
22 7
23 13
24 15
SIMILAR

16 2 19 22 5 6 13 12 21 7 18 9 23 14 15 0 1 20 4 10 8 3 24 11 17 
0 15
1 16
2 1
3 21
4 18
5 4
6 5
7 9
8 20
9 11
10 19
11 23
12 7
13 6
14 13
15 14
16 0
17 24
18 10
19 2
20 17
21 8
22 3
23 12
24 22
SIMILAR

12 18 4 23 10 19 21 20 9 24 16 17 0 7 2 8 3 1 15 22 6 13 14 5 11 
0 12
1 17
2 14
3 16
4 2
5 23
6 20
7 13
8 15
9 8
10 4
11 24
12 0
13 21
14 22
15 18
16 10
17 11
18 1
19 5
20 7
21 6
22 19
23 3
24 9
SIMILAR

15 0 21 19 10 3 16 18 22 7 1 11 20 12 4 24 23 17 9 5 14 2 13 6 8 
0 1
1 10
2 21
3 5
4 14
5 19
6 23
7 9
8 24
9 18
10 4
11 11
12 13
13 22
14 20
15 0
16 6
17 17
18 7
19 3
20 12
21 2
22 8
23 16
24 15
SIMILAR

15 0 3 11 6 12 18 20 4 22 8 23 21 9 1 24 19 5 17 16 2 10 7 14 13 
0 1
1 14
2 20
3 2
4 8
5 17
6 4
7 22
8 10
9 13
10 21
11 3
12 5
13 24
14 23
15 0
16 19
17 18
18 6
19 16
20 7
21 12
22 9
23 11
24 15
SIMILAR

19 22 8 10 13 9 0 15 4 11 6 23 17 12 18 3 5 1 24 7 14 21 20 16 2 
0 6
1 17
2 24
3 15
4 8
5 16
6 10
7 19
8 2
9 5
10 3
11 9
12 13
13 4
14 20
15 7
16 23
17 12
18 14
19 0
20 22
21 21
22 1
23 11
24 18
SIMILAR

8 12 22 1 18 10 9 2 23 3 13 24 6 21 5 20 11 16 17 0 7 14 4 19 15 
0 19
1 3
2 7
3 9
4 22
5 14
6 12
7 20
8 0
9 6
10 5
11 16
12 1
13 10
14 21
15 24
16 17
17 18
18 4
19 23
20 15
21 13
22 2
23 8
24 11
SIMILAR

2 4 7 23 20 1 3 6 22 19 11 24 14 17 5 9 8 21 18 12 15 16 0 10 13 
0 22
1 5
2 0
3 6
4 1
5 14
6 7
7 2
8 16
9 15
10 23
11 10
12 19
13 24
14 12
15 20
16 21
17 13
18 18
19 9
20 4
21 17
22 8
23 3
24 11
SIMILAR

16 21 19 22 2 5 13 11 24 3 7 9 4 1 18 17 10 23 14 20 12 6 15 8 0 
0 24
1 13
2 4
3 9
4 12
5 5
6 21
7 10
8 23
9 11
10 16
11 7
12 20
13 6
14 18
15 22
16 0
17 15
18 14
19 2
20 19
21 1
22 3
23 17
24 8
SIMILAR

10 4 20 0 7 3 5 6 8 15 16 24 12 9 23 2 19 18 13 21 22 1 17 11 14 
0 3
1 21
2 15
3 5
4 1
5 6
6 7
7 4
8 8
9 13
10 0
11 23
12 12
13 18
14 24
15 9
16 10
17 22
18 17
19 16
20 2
21 19
22 20
23 14
24 11
SIMILAR

16 17 21 2 11 24 15 12 0 22 19 13 9 1 4 14 3 7 8 10 6 20 5 18 23 
0 8
1 13
2 3
3 16
4 14
5 22
6 20
7 17
8 18
9 12
10 19
11 4
12 7
13 11
14 15
15 6
16 0
17 1
18 23
19 10
20 21
21 2
22 9
23 24
24 5
SIMILAR

0 10 3 7 14 15 19 12 18 17 20 16 24 4 13 23 11 1 22 21 6 2 8 9 5 
0 0
1 17
2 21
3 2
4 13
5 24
6 20
7 3
8 22
9 23
10 1
11 16
12 7
13 14
14 4
15 5
16 11
17 9
18 8
19 6
20 10
21 19
22 18
23 15
24 12
SIMILAR

6 0 22 4 1 19 23 3 11 16 15 24 20 18 12 17 5 7 10 8 21 13 9 14 2 
0 1
1 4
2 24
3 7
4 3
5 16
6 0
7 17
8 19
9 22
10 18
11 8
12 14
13 21
14 23
15 10
16 9
17 15
18 13
19 5
20 12
21 20
22 2
23 6
24 11
SIMILAR

14 22 17 0 15 19 10 8 18 5 23 9 21 7 6 16 24 11 3 20 2 4 12 13 1 
0 3
1 24
2 20
3 18
4 21
5 9
6 14
7 13
8 7
9 11
10 6
11 17
12 22
13 23
14 0
15 4
16 15
17 2
18 8
19 5
20 19
21 12
22 1
23 10
24 16
SIMILAR
100 0
7800 0
217800 0
