25
0 1 0 1 0 0 1 0 1 1 1 0 1 0 0 1 1 1 0 1 0 0 0 0 1 
1 0 0 1 1 1 0 1 1 0 1 0 0 1 0 1 0 0 0 0 1 1 1 0 0 
0 0 0 1 1 1 0 1 1 1 0 1 0 0 1 1 1 0 1 1 0 0 1 1 1 
1 1 1 0 1 1 1 0 0 1 1 0 0 0 1 0 0 1 1 0 1 1 1 0 0 
0 1 1 1 0 0 0 1 1 0 1 1 1 1 1 0 0 1 0 0 1 1 0 1 0 
0 1 1 1 0 0 1 0 1 0 0 1 1 1 1 0 1 0 1 1 0 0 0 0 0 
1 0 0 1 0 1 0 1 1 0 1 1 1 1 1 1 0 0 0 0 1 1 0 1 0 
0 1 1 0 1 0 1 0 1 1 0 0 1 1 0 1 0 0 0 0 0 1 0 1 1 
1 1 1 0 1 1 1 1 0 1 0 0 0 1 1 0 1 1 0 1 0 1 1 1 1 
1 0 1 1 0 0 0 1 1 0 0 0 1 1 1 1 0 1 1 1 0 1 1 0 1 
1 1 0 1 1 0 1 0 0 0 0 1 0 0 1 1 0 1 1 1 1 0 0 0 1 
0 0 1 0 1 1 1 0 0 0 1 0 0 1 1 1 1 1 0 0 0 0 0 0 1 
1 0 0 0 1 1 1 1 0 1 0 0 0 0 1 0 1 0 1 1 0 0 0 1 1 
0 1 0 0 1 1 1 1 1 1 0 1 0 0 1 0 0 1 0 0 1 1 1 1 0 
0 0 1 1 1 1 1 0 1 1 1 1 1 1 0 0 0 0 1 0 1 0 1 0 0 
1 1 1 0 0 0 1 1 0 1 1 1 0 0 0 0 0 1 0 0 0 0 1 1 1 
1 0 1 0 0 1 0 0 1 0 0 1 1 0 0 0 0 1 0 1 1 1 1 0 0 
1 0 0 1 1 0 0 0 1 1 1 1 0 1 0 1 1 0 0 0 0 1 0 1 0 
0 0 1 1 0 1 0 0 0 1 1 0 1 0 1 0 0 0 0 0 0 1 0 0 1 
1 0 1 0 0 1 0 0 1 1 1 0 1 0 0 0 1 0 0 0 1 0 0 0 1 
0 1 0 1 1 0 1 0 0 0 1 0 0 1 1 0 1 0 0 1 0 1 1 0 0 
0 1 0 1 1 0 1 1 1 1 0 0 0 1 0 0 1 1 1 0 1 0 1 0 0 
0 1 1 1 0 0 0 0 1 1 0 0 0 1 1 1 1 0 0 0 1 1 0 0 0 
0 0 1 0 1 0 1 1 1 0 0 0 1 1 0 1 0 1 0 0 0 0 0 0 1 
1 0 1 0 0 0 0 1 1 1 1 1 1 0 0 1 0 0 1 1 0 0 0 1 0 

15 11 21 5 14 0 7 2 1 24 13 3 6 19 20 9 8 4 23 18 17 16 12 10 22 
0 5
1 8
2 7
3 11
4 17
5 3
6 12
7 6
8 16
9 15
10 23
11 1
12 22
13 10
14 4
15 0
16 21
17 20
18 19
19 13
20 14
21 2
22 24
23 18
24 9
SIMILAR

24 11 15 8 14 18 16 6 22 0 23 21 12 1 7 13 10 20 9 17 2 3 4 19 5 
0 9
1 13
2 20
3 21
4 22
5 24
6 7
7 14
8 3
9 18
10 16
11 1
12 12
13 15
14 4
15 2
16 6
17 19
18 5
19 23
20 17
21 11
22 8
23 10
24 0
SIMILAR

3 4 7 18 22 15 11 6 24 16 13 17 9 14 5 20 21 0 10 12 19 1 8 2 23 
0 17
1 21
2 23
3 0
4 1
5 14
6 7
7 2
8 22
9 12
10 18
11 6
12 19
13 10
14 13
15 5
16 9
17 11
18 3
19 20
20 15
21 16
22 4
23 24
24 8
SIMILAR

9 7 11 13 23 8 2 12 4 19 15 18 0 21 10 1 5 22 20 6 14 24 3 17 16 
0 12
1 15
2 6
3 22
4 8
5 16
6 19
7 1
8 5
9 0
10 14
11 2
12 7
13 3
14 20
15 10
16 24
17 23
18 11
19 9
20 18
21 13
22 17
23 4
24 21
SIMILAR

1 18 23 3 11 10 22 21 0 2 16 14 6 24 5 4 20 8 9 15 17 12 19 7 13 
0 8
1 0
2 9
3 3
4 15
5 14
6 12
7 23
8 17
9 18
10 5
11 4
12 21
13 24
14 11
15 19
16 10
17 20
18 1
19 22
20 16
21 7
22 6
23 2
24 13
SIMILAR

17 3 0 8 2 11 22 12 13 7 23 6 21 15 1 16 4 14 20 19 24 9 10 5 18 
0 2
1 14
2 4
3 1
4 16
5 23
6 11
7 9
8 3
9 21
10 22
11 5
12 7
13 8
14 17
15 13
16 15
17 0
18 24
19 19
20 18
21 12
22 6
23 10
24 20
SIMILAR

22 24 23 1 2 20 21 12 19 16 0 8 10 9 6 4 14 3 13 7 5 11 17 15 18 
0 10
1 3
2 4
3 17
4 15
5 20
6 14
7 19
8 11
9 13
10 12
11 21
12 7
13 18
14 16
15 23
16 9
17 22
18 24
19 8
20 5
21 6
22 0
23 2
24 1
SIMILAR

16 0 22 24 18 19 7 6 8 17 4 20 1 23 14 12 10 3 5 15 9 13 2 11 21 
0 1
1 12
2 22
3 17
4 10
5 18
6 7
7 6
8 8
9 20
10 16
11 23
12 15
13 21
14 14
15 19
16 0
17 9
18 4
19 5
20 11
21 24
22 2
23 13
24 3
SIMILAR

14 11 9 23 22 21 19 7 3 1 16 6 4 15 17 20 24 8 5 0 2 10 12 18 13 
0 19
1 9
2 20
3 8
4 12
5 18
6 11
7 7
8 17
9 2
10 21
11 1
12 22
13 24
14 0
15 13
16 10
17 14
18 23
19 6
20 15
21 5
22 4
23 3
24 16
SIMILAR

8 21 24 10 6 3 23 0 17 5 7 11 20 16 9 15 2 19 13 18 1 14 22 12 4 
0 7
1 20
2 16
3 5
4 24
5 9
6 4
7 10
8 0
9 14
10 3
11 11
12 23
13 18
14 21
15 15
16 13
17 8
18 19
19 17
20 12
21 1
22 22
23 6
24 2
SIMILAR

13 18 24 4 1 3 11 7 9 16 14 21 10 0 2 8 12 6 15 22 5 20 17 19 23 
0 13
1 4
2 14
3 5
4 3
5 20
6 17
7 7
8 15
9 8
10 12
11 6
12 16
13 0
14 10
15 18
16 9
17 22
18 1
19 23
20 21
21 11
22 19
23 24
24 2
SIMILAR

7 1 12 13 23 9 5 10 16 8 20 24 22 4 11 3 15 19 2 14 0 18 6 17 21 
0 20
1 1
2 18
3 15
4 13
5 6
6 22
7 0
8 9
9 5
10 7
11 14
12 2
13 3
14 19
15 16
16 8
17 23
18 21
19 17
20 10
21 24
22 12
23 4
24 11
SIMILAR

16 6 18 24 22 14 5 11 15 20 2 3 21 13 1 17 8 12 23 0 7 9 10 19 4 
0 19
1 14
2 10
3 11
4 24
5 6
6 1
7 20
8 16
9 21
10 22
11 7
12 17
13 13
14 5
15 8
16 0
17 15
18 2
19 23
20 9
21 12
22 4
23 18
24 3
SIMILAR

2 23 7 18 22 1 13 3 4 17 15 11 5 16 19 6 21 12 8 10 14 24 0 20 9 
0 22
1 5
2 0
3 7
4 8
5 12
6 15
7 2
8 18
9 24
10 19
11 11
12 17
13 6
14 20
15 10
16 13
17 9
18 3
19 14
20 23
21 16
22 4
23 1
24 21
SIMILAR

19 17 0 14 11 5 8 7 20 22 9 16 18 3 13 21 4 10 1 23 6 12 24 15 2 
0 2
1 18
2 24
3 13
4 16
5 5
6 20
7 7
8 6
9 10
10 17
11 4
12 21
13 14
14 3
15 23
16 11
17 1
18 12
19 0
20 8
21 15
22 9
23 19
24 22
SIMILAR

12 6 22 0 15 20 3 7 18 1 2 16 8 13 4 10 19 5 9 11 21 17 14 24 23 
0 3
1 9
2 10
3 6
4 14
5 17
6 1
7 7
8 12
9 18
10 15
11 19
12 0
13 13
14 22
15 4
16 11
17 21
18 8
19 16
20 5
21 20
22 2
23 24
24 23
SIMILAR

1 8 16 11 3 5 2 4 13 15 12 20 9 23 21 10 18 0 14 7 24 6 19 22 17 
0 17
1 0
2 6
3 4
4 7
5 5
6 21
7 19
8 1
9 12
10 15
11 3
12 10
13 8
14 18
15 9
16 2
17 24
18 16
19 22
20 11
21 14
22 23
23 13
24 20
SIMILAR

17 14 11 16 3 15 18 24 22 8 5 1 19 20 21 9 2 6 23 12 13 4 0 7 10 
0 22
1 11
2 16
3 4
4 21
5 10
6 17
7 23
8 9
9 15
10 24
11 2
12 19
13 20
14 1
15 5
16 3
17 0
18 6
19 12
20 13
21 14
22 8
23 18
24 7
SIMILAR

15 10 16 12 2 0 23 11 4 17 3 14 21 24 22 20 7 19 5 9 6 8 13 18 1 
0 5
1 24
2 4
3 10
4 8
5 18
6 20
7 16
8 21
9 19
10 1
11 7
12 3
13 22
14 11
15 0
16 2
17 9
18 23
19 17
20 15
21 12
22 14
23 6
24 13
SIMILAR

8 13 23 20 14 15 11 4 24 2 7 1 21 16 0 22 6 3 17 19 9 12 5 10 18 
0 14
1 11
2 9
3 17
4 7
5 22
6 16
7 10
8 0
9 20
10 23
11 6
12 21
13 1
14 4
15 5
16 13
17 18
18 24
19 19
20 3
21 12
22 15
23 2
24 8
SIMILAR

5 2 4 16 1 24 20 22 13 15 21 18 17 23 14 12 3 8 9 19 10 0 7 6 11 
0 21
1 4
2 1
3 16
4 2
5 0
6 23
7 22
8 17
9 18
10 20
11 24
12 15
13 8
14 14
15 9
16 3
17 12
18 11
19 19
20 6
21 10
22 7
23 13
24 5
SIMILAR

11 0 17 6 15 14 12 2 22 21 4 7 10 24 1 9 19 16 5 13 20 8 23 3 18 
0 1
1 14
2 7
3 23
4 10
5 18
6 3
7 11
8 21
9 15
10 12
11 0
12 6
13 19
14 5
15 4
16 17
17 2
18 24
19 16
20 20
21 9
22 8
23 22
24 13
SIMILAR

1 8 9 23 14 15 7 18 3 6 16 19 2 20 22 13 5 21 17 11 4 0 10 12 24 
0 21
1 0
2 12
3 8
4 20
5 16
6 9
7 6
8 1
9 2
10 22
11 19
12 23
13 15
14 4
15 5
16 10
17 18
18 7
19 11
20 13
21 17
22 14
23 3
24 24
SIMILAR

12 24 18 23 3 10 5 11 9 6 2 22 17 19 4 1 16 8 21 7 0 20 15 13 14 
0 20
1 15
2 10
3 4
4 14
5 6
6 9
7 19
8 17
9 8
10 5
11 7
12 0
13 23
14 24
15 22
16 16
17 12
18 2
19 13
20 21
21 18
22 11
23 3
24 1
SIMILAR

12 9 13 15 19 2 3 14 24 8 22 4 0 17 11 10 20 21 6 18 1 16 5 7 23 
0 12
1 20
2 5
3 6
4 11
5 22
6 18
7 23
8 9
9 1
10 15
11 14
12 0
13 2
14 7
15 3
16 21
17 13
18 19
19 4
20 16
21 17
22 10
23 24
24 8
SIMILAR

23 8 2 17 4 10 21 11 7 24 12 6 3 18 14 5 20 22 9 0 16 19 15 13 1 
0 19
1 24
2 2
3 12
4 4
5 15
6 11
7 8
8 1
9 18
10 5
11 7
12 10
13 23
14 14
15 22
16 20
17 3
18 13
19 21
20 16
21 6
22 17
23 0
24 9
SIMILAR

13 22 15 9 6 16 7 24 4 1 10 17 12 21 20 0 8 18 11 2 14 19 3 23 5 
0 15
1 9
2 19
3 22
4 8
5 24
6 4
7 6
8 16
9 3
10 10
11 18
12 12
13 0
14 20
15 2
16 5
17 11
18 17
19 21
20 14
21 13
22 1
23 23
24 7
SIMILAR

13 22 24 7 2 21 3 15 12 11 6 17 9 23 10 5 16 4 0 19 8 1 18 20 14 
0 18
1 21
2 4
3 6
4 17
5 15
6 10
7 3
8 20
9 12
10 14
11 9
12 8
13 0
14 24
15 7
16 16
17 11
18 22
19 19
20 23
21 5
22 1
23 13
24 2
SIMILAR

19 18 4 13 10 12 20 0 24 11 7 3 16 6 22 2 23 9 21 14 1 5 15 17 8 
0 7
1 20
2 15
3 11
4 2
5 21
6 13
7 10
8 24
9 17
10 4
11 9
12 5
13 3
14 19
15 22
16 12
17 23
18 1
19 0
20 6
21 18
22 14
23 16
24 8
SIMILAR

4 7 1 22 18 9 10 19 24 8 21 0 16 17 3 13 20 6 12 14 5 2 11 23 15 
0 11
1 2
2 21
3 14
4 0
5 20
6 17
7 1
8 9
9 5
10 6
11 22
12 18
13 15
14 19
15 24
16 12
17 13
18 4
19 7
20 16
21 10
22 3
23 23
24 8
SIMILAR

4 7 9 21 2 0 13 12 3 1 14 6 23 16 19 10 24 15 22 17 11 20 18 8 5 
0 5
1 9
2 4
3 8
4 0
5 24
6 11
7 1
8 23
9 2
10 15
11 20
12 7
13 6
14 10
15 17
16 13
17 19
18 22
19 14
20 21
21 3
22 18
23 12
24 16
SIMILAR

12 2 20 11 23 14 10 22 16 21 18 7 8 4 15 19 1 17 5 6 24 3 13 0 9 
0 23
1 16
2 1
3 21
4 13
5 18
6 19
7 11
8 12
9 24
10 6
11 3
12 0
13 22
14 5
15 14
16 8
17 17
18 10
19 15
20 2
21 9
22 7
23 4
24 20
SIMILAR

2 13 18 22 24 8 14 10 0 17 4 20 7 3 19 12 5 16 15 11 21 1 9 6 23 
0 8
1 21
2 0
3 13
4 10
5 16
6 23
7 12
8 5
9 22
10 7
11 19
12 15
13 1
14 6
15 18
16 17
17 9
18 2
19 14
20 11
21 20
22 3
23 24
24 4
SIMILAR

9 6 0 17 3 23 15 8 4 14 12 1 10 7 2 22 16 11 19 13 20 24 21 18 5 
0 2
1 11
2 14
3 4
4 8
5 24
6 1
7 13
8 7
9 0
10 12
11 17
12 10
13 19
14 9
15 6
16 16
17 3
18 23
19 18
20 20
21 22
22 15
23 5
24 21
SIMILAR

0 17 3 10 16 15 13 9 11 6 18 8 4 21 24 2 5 14 23 19 1 7 12 20 22 
0 0
1 20
2 15
3 2
4 12
5 16
6 9
7 21
8 11
9 7
10 3
11 8
12 22
13 6
14 17
15 5
16 4
17 1
18 10
19 19
20 23
21 13
22 24
23 18
24 14
SIMILAR

19 23 20 7 3 24 14 8 5 1 9 18 4 22 12 16 21 11 15 17 6 2 0 13 10 
0 22
1 9
2 21
3 4
4 12
5 8
6 20
7 3
8 7
9 10
10 24
11 17
12 14
13 23
14 6
15 18
16 15
17 19
18 11
19 0
20 2
21 16
22 13
23 1
24 5
SIMILAR

17 5 19 24 11 13 12 9 6 18 1 7 23 15 20 4 2 16 10 8 22 0 14 21 3 
0 21
1 10
2 16
3 24
4 15
5 1
6 8
7 11
8 19
9 7
10 18
11 4
12 6
13 5
14 22
15 13
16 17
17 0
18 9
19 2
20 14
21 23
22 20
23 12
24 3
SIMILAR

17 6 4 23 15 8 0 22 3 9 11 1 24 2 19 21 20 7 5 12 10 18 14 16 13 
0 6
1 11
2 13
3 8
4 2
5 18
6 1
7 17
8 5
9 9
10 20
11 10
12 19
13 24
14 22
15 4
16 23
17 0
18 21
19 14
20 16
21 15
22 7
23 3
24 12
SIMILAR

18 19 1 20 4 8 3 24 9 2 21 11 0 7 12 22 6 17 5 15 10 13 23 16 14 
0 12
1 2
2 9
3 6
4 4
5 18
6 16
7 13
8 5
9 8
10 20
11 11
12 14
13 21
14 24
15 19
16 23
17 17
18 0
19 1
20 3
21 10
22 15
23 22
24 7
SIMILAR

17 13 19 5 23 2 16 6 9 18 0 7 4 14 22 12 24 3 11 8 21 20 10 15 1 
0 10
1 24
2 5
3 17
4 12
5 3
6 7
7 11
8 19
9 8
10 22
11 18
12 15
13 1
14 13
15 23
16 6
17 0
18 9
19 2
20 21
21 20
22 14
23 4
24 16
SIMILAR

4 5 12 15 19 13 8 6 24 14 16 0 21 2 9 7 1 22 20 11 17 18 10 3 23 
0 11
1 16
2 13
3 23
4 0
5 1
6 7
7 15
8 6
9 14
10 22
11 19
12 2
13 5
14 9
15 3
16 10
17 20
18 21
19 4
20 18
21 12
22 17
23 24
24 8
SIMILAR

9 2 10 0 16 4 15 21 6 23 17 8 19 12 7 3 14 11 13 5 22 20 24 1 18 
0 3
1 23
2 1
3 15
4 5
5 19
6 8
7 14
8 11
9 0
10 2
11 17
12 13
13 18
14 16
15 6
16 4
17 10
18 24
19 12
20 21
21 7
22 20
23 9
24 22
SIMILAR

7 13 21 24 14 5 0 11 8 15 4 6 17 3 19 18 20 10 22 16 2 9 12 23 1 
0 6
1 24
2 20
3 13
4 10
5 5
6 11
7 0
8 8
9 21
10 17
11 7
12 22
13 1
14 4
15 9
16 19
17 12
18 15
19 14
20 16
21 2
22 18
23 23
24 3
SIMILAR

21 18 3 17 2 19 4 23 15 11 9 16 10 6 8 7 20 14 22 12 13 5 1 24 0 
0 24
1 22
2 4
3 2
4 6
5 21
6 13
7 15
8 14
9 10
10 12
11 9
12 19
13 20
14 17
15 8
16 11
17 3
18 1
19 5
20 16
21 0
22 18
23 7
24 23
SIMILAR

16 3 11 4 24 21 6 1 18 10 20 0 23 13 2 17 19 9 5 15 12 22 7 8 14 
0 11
1 7
2 14
3 1
4 3
5 18
6 6
7 22
8 23
9 17
10 9
11 2
12 20
13 13
14 24
15 19
16 0
17 15
18 8
19 16
20 10
21 5
22 21
23 12
24 4
SIMILAR

16 24 15 2 19 0 9 6 13 18 10 23 5 4 11 12 22 17 1 3 20 8 14 7 21 
0 5
1 18
2 3
3 19
4 13
5 12
6 7
7 23
8 21
9 6
10 10
11 14
12 15
13 8
14 22
15 2
16 0
17 17
18 9
19 4
20 20
21 24
22 16
23 11
24 1
SIMILAR

14 12 16 3 6 5 19 23 10 21 7 2 4 8 11 1 9 18 22 17 20 0 13 15 24 
0 21
1 15
2 11
3 3
4 12
5 5
6 4
7 10
8 13
9 16
10 8
11 14
12 1
13 22
14 0
15 23
16 2
17 19
18 17
19 6
20 20
21 9
22 18
23 7
24 24
SIMILAR

24 11 22 12 23 16 3 1 17 9 2 5 7 6 14 15 13 18 21 0 19 10 8 20 4 
0 19
1 7
2 10
3 6
4 24
5 11
6 13
7 12
8 22
9 9
10 21
11 1
12 3
13 16
14 14
15 15
16 5
17 8
18 17
19 20
20 23
21 18
22 2
23 4
24 0
SIMILAR

9 4 3 18 21 8 16 6 22 1 23 11 20 10 5 24 12 13 17 2 15 14 7 19 0 
0 24
1 9
2 19
3 2
4 1
5 14
6 7
7 22
8 5
9 0
10 13
11 11
12 16
13 17
14 21
15 20
16 6
17 18
18 3
19 23
20 12
21 4
22 8
23 10
24 15
SIMILAR

10 18 2 21 0 22 11 8 16 23 5 17 9 3 4 19 24 15 7 20 13 14 6 1 12 
0 4
1 23
2 2
3 13
4 14
5 10
6 22
7 18
8 7
9 12
10 0
11 6
12 24
13 20
14 21
15 17
16 8
17 11
18 1
19 15
20 19
21 3
22 5
23 9
24 16
SIMILAR

22 18 24 16 6 15 2 5 21 12 9 23 10 1 20 14 13 4 3 17 7 19 8 0 11 
0 23
1 13
2 6
3 18
4 17
5 7
6 4
7 20
8 22
9 10
10 12
11 24
12 9
13 16
14 15
15 5
16 3
17 19
18 1
19 21
20 14
21 8
22 0
23 11
24 2
SIMILAR

4 7 3 12 17 14 15 1 2 6 23 24 11 19 0 21 20 16 13 5 10 22 9 8 18 
0 14
1 7
2 8
3 2
4 0
5 19
6 9
7 1
8 23
9 22
10 20
11 12
12 3
13 18
14 5
15 6
16 17
17 4
18 24
19 13
20 16
21 15
22 21
23 10
24 11
SIMILAR

23 9 14 24 7 12 18 0 1 19 3 6 17 15 4 22 16 10 20 8 2 21 5 11 13 
0 7
1 8
2 20
3 10
4 14
5 22
6 11
7 4
8 19
9 1
10 17
11 23
12 5
13 24
14 2
15 13
16 16
17 12
18 6
19 9
20 18
21 21
22 15
23 0
24 3
SIMILAR

17 10 2 20 3 13 14 8 4 0 12 24 18 11 21 5 9 23 1 7 6 19 15 22 16 
0 9
1 18
2 2
3 4
4 8
5 15
6 20
7 19
8 7
9 16
10 1
11 13
12 10
13 5
14 6
15 22
16 24
17 0
18 12
19 21
20 3
21 14
22 23
23 17
24 11
SIMILAR

4 24 23 18 16 14 2 0 13 17 21 10 8 20 9 1 15 3 7 22 6 19 12 11 5 
0 7
1 15
2 6
3 17
4 0
5 24
6 20
7 18
8 12
9 14
10 11
11 23
12 22
13 8
14 5
15 16
16 4
17 9
18 3
19 21
20 13
21 10
22 19
23 2
24 1
SIMILAR

8 6 3 18 14 11 1 13 7 24 23 16 9 22 2 5 21 20 17 15 10 4 19 0 12 
0 23
1 6
2 14
3 2
4 21
5 15
6 1
7 8
8 0
9 12
10 20
11 5
12 24
13 7
14 4
15 19
16 11
17 18
18 3
19 22
20 17
21 16
22 13
23 10
24 9
SIMILAR

11 20 16 12 14 1 18 13 24 9 23 3 4 6 21 19 8 15 2 7 5 17 0 22 10 
0 22
1 5
2 18
3 11
4 12
5 20
6 13
7 19
8 16
9 9
10 24
11 0
12 3
13 7
14 4
15 17
16 2
17 21
18 6
19 15
20 1
21 14
22 23
23 10
24 8
SIMILAR

14 16 9 4 6 12 0 10 23 5 24 7 15 13 1 3 22 17 8 18 20 11 21 2 19 
0 6
1 14
2 23
3 15
4 3
5 9
6 4
7 11
8 18
9 2
10 7
11 21
12 5
13 13
14 0
15 12
16 1
17 17
18 19
19 24
20 20
21 22
22 16
23 8
24 10
SIMILAR

19 0 13 2 5 7 24 11 15 12 1 18 9 8 10 16 4 3 22 14 17 6 21 23 20 
0 1
1 10
2 3
3 17
4 16
5 4
6 21
7 5
8 13
9 12
10 14
11 7
12 9
13 2
14 19
15 8
16 15
17 20
18 11
19 0
20 24
21 22
22 18
23 23
24 6
SIMILAR

17 8 14 18 2 19 10 4 23 7 9 11 13 1 20 16 6 15 12 0 3 24 21 5 22 
0 19
1 13
2 4
3 20
4 7
5 23
6 16
7 9
8 1
9 10
10 6
11 11
12 18
13 12
14 2
15 17
16 15
17 0
18 3
19 5
20 14
21 22
22 24
23 8
24 21
SIMILAR

8 14 22 23 15 18 9 10 7 16 11 6 12 0 5 2 21 1 17 24 19 13 20 3 4 
0 13
1 17
2 15
3 23
4 24
5 14
6 11
7 8
8 0
9 6
10 7
11 10
12 12
13 21
14 1
15 4
16 9
17 18
18 5
19 20
20 22
21 16
22 2
23 3
24 19
SIMILAR

12 4 7 11 1 21 24 20 23 9 0 16 6 14 2 8 3 13 19 10 17 22 18 15 5 
0 10
1 4
2 14
3 16
4 1
5 24
6 12
7 2
8 15
9 9
10 19
11 3
12 0
13 17
14 13
15 23
16 11
17 20
18 22
19 18
20 7
21 5
22 21
23 8
24 6
SIMILAR

19 6 5 17 4 23 1 0 15 16 10 13 11 18 24 20 22 3 14 9 12 2 21 8 7 
0 7
1 6
2 21
3 17
4 4
5 2
6 1
7 24
8 23
9 19
10 10
11 12
12 20
13 11
14 18
15 8
16 9
17 3
18 13
19 0
20 15
21 22
22 16
23 5
24 14
SIMILAR

0 18 19 11 24 4 20 17 10 8 15 16 12 23 13 22 5 7 21 3 1 14 6 9 2 
0 0
1 20
2 24
3 19
4 5
5 16
6 22
7 17
8 9
9 23
10 8
11 3
12 12
13 14
14 21
15 10
16 11
17 7
18 1
19 2
20 6
21 18
22 15
23 13
24 4
SIMILAR

21 4 18 5 15 11 14 19 10 24 2 16 23 7 20 1 6 17 9 12 22 0 13 8 3 
0 21
1 15
2 10
3 24
4 1
5 3
6 16
7 13
8 23
9 18
10 8
11 5
12 19
13 22
14 6
15 4
16 11
17 17
18 2
19 7
20 14
21 0
22 20
23 12
24 9
SIMILAR

11 20 4 13 21 5 7 22 17 15 12 6 18 3 0 2 10 1 16 8 9 24 23 14 19 
0 14
1 17
2 15
3 13
4 2
5 5
6 11
7 6
8 19
9 20
10 16
11 0
12 10
13 3
14 23
15 9
16 18
17 8
18 12
19 24
20 1
21 4
22 7
23 22
24 21
SIMILAR

15 19 5 7 20 6 12 17 24 22 13 9 0 11 16 14 1 23 21 18 4 3 2 10 8 
0 12
1 16
2 22
3 21
4 20
5 2
6 5
7 3
8 24
9 11
10 23
11 13
12 6
13 10
14 15
15 0
16 14
17 7
18 19
19 1
20 4
21 18
22 9
23 17
24 8
SIMILAR

1 11 0 13 5 17 21 15 14 24 20 18 22 4 16 2 8 10 12 6 3 19 9 7 23 
0 2
1 0
2 15
3 20
4 13
5 4
6 19
7 23
8 16
9 22
10 17
11 1
12 18
13 3
14 8
15 7
16 14
17 5
18 11
19 21
20 10
21 6
22 12
23 24
24 9
SIMILAR

23 6 24 2 15 9 13 18 10 7 0 21 12 1 17 11 5 3 22 16 14 8 20 4 19 
0 10
1 13
2 3
3 17
4 23
5 16
6 1
7 9
8 21
9 5
10 8
11 15
12 12
13 6
14 20
15 4
16 19
17 14
18 7
19 24
20 22
21 11
22 18
23 0
24 2
SIMILAR

15 17 6 16 14 11 1 2 20 8 10 9 13 5 24 0 4 21 22 19 12 18 7 3 23 
0 15
1 6
2 7
3 23
4 16
5 13
6 2
7 22
8 9
9 11
10 10
11 5
12 20
13 12
14 4
15 0
16 3
17 1
18 21
19 19
20 8
21 17
22 18
23 24
24 14
SIMILAR

20 7 22 18 11 21 6 2 15 4 24 5 14 8 13 10 3 12 17 19 23 1 16 9 0 
0 24
1 21
2 7
3 16
4 9
5 11
6 6
7 1
8 13
9 23
10 15
11 4
12 17
13 14
14 12
15 8
16 22
17 18
18 3
19 19
20 0
21 5
22 2
23 20
24 10
SIMILAR

19 4 15 13 6 17 1 18 14 23 21 10 12 9 7 24 5 2 3 11 16 8 22 0 20 
0 23
1 6
2 17
3 18
4 1
5 16
6 4
7 14
8 21
9 13
10 11
11 19
12 12
13 3
14 8
15 2
16 20
17 5
18 7
19 0
20 24
21 10
22 22
23 9
24 15
SIMILAR

24 5 7 1 21 11 13 23 20 17 9 6 14 4 15 0 3 18 8 12 10 19 2 22 16 
0 15
1 3
2 22
3 16
4 13
5 1
6 11
7 2
8 18
9 10
10 20
11 5
12 19
13 6
14 12
15 14
16 24
17 9
18 17
19 21
20 8
21 4
22 23
23 7
24 0
SIMILAR

12 22 5 2 9 10 23 8 0 17 1 13 4 20 15 3 6 24 7 11 14 19 16 18 21 
0 8
1 10
2 3
3 15
4 12
5 2
6 16
7 18
8 7
9 4
10 5
11 19
12 0
13 11
14 20
15 14
16 22
17 9
18 23
19 21
20 13
21 24
22 1
23 6
24 17
SIMILAR

4 1 18 17 3 23 2 22 11 7 12 8 19 9 10 13 24 21 14 0 5 15 16 20 6 
0 19
1 1
2 6
3 4
4 0
5 20
6 24
7 9
8 11
9 13
10 14
11 8
12 10
13 15
14 18
15 21
16 22
17 3
18 2
19 12
20 23
21 17
22 7
23 5
24 16
SIMILAR

11 18 10 13 21 23 5 16 17 12 14 1 3 8 20 0 2 19 15 6 7 4 9 22 24 
0 15
1 11
2 16
3 12
4 21
5 6
6 19
7 20
8 13
9 22
10 2
11 0
12 9
13 3
14 10
15 18
16 7
17 8
18 1
19 17
20 14
21 4
22 23
23 5
24 24
SIMILAR

3 13 4 22 12 9 7 0 24 18 11 1 17 2 6 10 21 15 16 14 8 20 19 23 5 
0 7
1 11
2 13
3 0
4 2
5 24
6 14
7 6
8 20
9 5
10 15
11 10
12 4
13 1
14 19
15 17
16 18
17 12
18 9
19 22
20 21
21 16
22 3
23 23
24 8
SIMILAR

18 13 14 21 23 8 10 5 7 12 15 4 6 17 19 20 1 0 22 11 24 16 3 9 2 
0 17
1 16
2 24
3 22
4 11
5 7
6 12
7 8
8 5
9 23
10 6
11 19
12 9
13 1
14 2
15 10
16 21
17 13
18 0
19 14
20 15
21 3
22 18
23 4
24 20
SIMILAR

9 15 10 1 18 16 4 11 14 5 17 6 19 22 8 21 7 24 20 2 23 13 12 3 0 
0 24
1 3
2 19
3 23
4 6
5 9
6 11
7 16
8 14
9 0
10 2
11 7
12 22
13 21
14 8
15 1
16 5
17 10
18 4
19 12
20 18
21 15
22 13
23 20
24 17
SIMILAR

6 20 19 0 8 10 22 9 16 15 13 12 7 23 21 17 1 24 14 5 2 11 18 4 3 
0 3
1 16
2 20
3 24
4 23
5 19
6 0
7 12
8 4
9 7
10 5
11 21
12 11
13 10
14 18
15 9
16 8
17 15
18 22
19 2
20 1
21 14
22 6
23 13
24 17
SIMILAR

22 8 17 9 6 15 16 21 0 4 20 12 19 3 2 10 24 1 7 11 5 14 18 23 13 
0 8
1 17
2 14
3 13
4 9
5 20
6 4
7 18
8 1
9 3
10 15
11 19
12 11
13 24
14 21
15 5
16 6
17 2
18 22
19 12
20 10
21 7
22 0
23 23
24 16
SIMILAR

9 23 13 1 4 17 0 8 20 24 16 19 18 14 15 21 5 2 3 7 11 10 22 12 6 
0 6
1 3
2 17
3 18
4 4
5 16
6 24
7 19
8 7
9 0
10 21
11 20
12 23
13 2
14 13
15 14
16 10
17 5
18 12
19 11
20 8
21 15
22 22
23 1
24 9
SIMILAR

5 0 7 15 10 4 6 22 20 2 12 9 13 21 23 8 3 19 11 14 18 16 24 17 1 
0 1
1 24
2 9
3 16
4 5
5 0
6 6
7 2
8 15
9 11
10 4
11 18
12 10
13 12
14 19
15 3
16 21
17 23
18 20
19 17
20 8
21 13
22 7
23 14
24 22
SIMILAR

0 11 12 18 9 14 8 6 7 2 22 21 10 4 23 16 19 15 17 5 24 1 13 3 20 
0 0
1 21
2 9
3 23
4 13
5 19
6 7
7 8
8 6
9 4
10 12
11 1
12 2
13 22
14 5
15 17
16 15
17 18
18 3
19 16
20 24
21 11
22 10
23 14
24 20
SIMILAR

3 9 13 21 8 22 15 17 6 10 12 24 20 1 7 4 18 16 11 19 23 14 5 2 0 
0 24
1 13
2 23
3 0
4 15
5 22
6 8
7 14
8 4
9 1
10 9
11 18
12 10
13 2
14 21
15 6
16 17
17 7
18 16
19 19
20 12
21 3
22 5
23 20
24 11
SIMILAR

7 3 6 13 8 22 0 23 10 12 5 15 18 17 4 9 14 19 21 11 24 16 1 2 20 
0 6
1 22
2 23
3 1
4 14
5 10
6 2
7 0
8 4
9 15
10 8
11 19
12 9
13 3
14 16
15 11
16 21
17 13
18 12
19 17
20 24
21 18
22 5
23 7
24 20
SIMILAR

16 12 3 20 21 15 11 18 23 22 5 24 6 14 4 19 9 1 8 17 0 10 2 7 13 
0 20
1 17
2 22
3 2
4 14
5 10
6 12
7 23
8 18
9 16
10 21
11 6
12 1
13 24
14 13
15 5
16 0
17 19
18 7
19 15
20 3
21 4
22 9
23 8
24 11
SIMILAR

5 22 23 17 14 2 19 12 6 0 4 11 3 20 13 10 9 18 16 21 7 15 8 24 1 
0 9
1 24
2 5
3 12
4 10
5 0
6 8
7 20
8 22
9 16
10 15
11 11
12 7
13 14
14 4
15 21
16 18
17 3
18 17
19 6
20 13
21 19
22 1
23 2
24 23
SIMILAR

18 20 4 14 17 13 9 12 5 2 3 6 1 11 24 19 7 8 22 0 10 23 16 15 21 
0 19
1 12
2 9
3 10
4 2
5 8
6 11
7 16
8 17
9 6
10 20
11 13
12 7
13 5
14 3
15 23
16 22
17 4
18 0
19 15
20 1
21 24
22 18
23 21
24 14
SIMILAR

9 7 2 21 10 5 15 12 20 4 1 11 0 16 23 17 3 22 13 19 14 24 18 6 8 
0 12
1 10
2 2
3 16
4 9
5 5
6 23
7 1
8 24
9 0
10 4
11 11
12 7
13 18
14 20
15 6
16 13
17 15
18 22
19 19
20 8
21 3
22 17
23 14
24 21
SIMILAR

6 2 15 19 7 5 18 8 3 13 9 23 14 16 22 20 12 0 11 4 21 17 1 10 24 
0 17
1 22
2 1
3 8
4 19
5 5
6 0
7 4
8 7
9 10
10 23
11 18
12 16
13 9
14 12
15 2
16 13
17 21
18 6
19 3
20 15
21 20
22 14
23 11
24 24
SIMILAR

21 13 19 7 4 12 23 10 2 9 8 0 17 24 5 3 6 1 15 18 16 11 20 14 22 
0 11
1 17
2 8
3 15
4 4
5 14
6 16
7 3
8 10
9 9
10 7
11 21
12 5
13 1
14 23
15 18
16 20
17 12
18 19
19 2
20 22
21 0
22 24
23 6
24 13
SIMILAR

6 18 1 12 22 0 23 2 5 19 9 4 7 11 17 20 24 21 14 16 8 15 13 10 3 
0 5
1 2
2 7
3 24
4 11
5 8
6 0
7 12
8 20
9 10
10 23
11 13
12 3
13 22
14 18
15 21
16 19
17 14
18 1
19 9
20 15
21 17
22 4
23 6
24 16
SIMILAR

7 18 22 5 6 11 17 9 23 12 8 3 4 13 14 10 16 24 19 20 1 0 21 2 15 
0 21
1 20
2 23
3 11
4 12
5 3
6 4
7 0
8 10
9 7
10 15
11 5
12 9
13 13
14 14
15 24
16 16
17 6
18 1
19 18
20 19
21 22
22 2
23 8
24 17
SIMILAR

8 18 12 22 1 14 15 5 23 21 9 6 13 10 2 17 16 24 20 3 19 11 7 4 0 
0 24
1 4
2 14
3 19
4 23
5 7
6 11
7 22
8 0
9 10
10 13
11 21
12 2
13 12
14 5
15 6
16 16
17 15
18 1
19 20
20 18
21 9
22 3
23 8
24 17
SIMILAR

16 8 24 12 23 21 9 20 10 0 5 22 1 7 11 4 15 19 17 6 13 3 18 14 2 
0 9
1 12
2 24
3 21
4 15
5 10
6 19
7 13
8 1
9 6
10 8
11 14
12 3
13 20
14 23
15 16
16 0
17 18
18 22
19 17
20 7
21 5
22 11
23 4
24 2
SIMILAR

13 16 3 23 20 7 17 8 24 18 15 19 14 2 10 9 12 22 1 0 4 11 6 21 5 
0 19
1 18
2 13
3 2
4 20
5 24
6 22
7 5
8 7
9 15
10 14
11 21
12 16
13 0
14 12
15 10
16 1
17 6
18 9
19 11
20 4
21 23
22 17
23 3
24 8
SIMILAR

14 1 15 3 9 6 4 12 19 17 13 22 16 5 20 11 0 10 18 8 24 21 2 7 23 
0 16
1 1
2 22
3 3
4 6
5 13
6 5
7 23
8 19
9 4
10 17
11 15
12 7
13 10
14 0
15 2
16 12
17 9
18 18
19 8
20 14
21 21
22 11
23 24
24 20
SIMILAR

17 23 7 20 4 8 14 21 5 16 9 10 15 12 6 11 2 18 22 13 24 3 19 1 0 
0 24
1 23
2 16
3 21
4 4
5 8
6 14
7 2
8 5
9 10
10 11
11 15
12 13
13 19
14 6
15 12
16 9
17 0
18 17
19 22
20 3
21 7
22 18
23 1
24 20
SIMILAR

13 2 4 10 24 6 17 20 22 1 0 14 3 21 9 12 11 5 7 8 19 16 23 15 18 
0 10
1 9
2 1
3 12
4 2
5 17
6 5
7 18
8 19
9 14
10 3
11 16
12 15
13 0
14 11
15 23
16 21
17 6
18 24
19 20
20 7
21 13
22 8
23 22
24 4
SIMILAR
100 0
6600 0
216600 0
