25
0 0 0 0 1 0 1 1 0 0 1 1 1 1 0 1 1 0 0 0 1 1 1 0 1 
0 0 1 0 0 0 1 0 1 1 1 1 0 1 0 1 0 0 0 1 0 1 0 1 1 
0 1 0 0 1 1 0 0 1 0 0 0 1 1 0 0 1 1 0 0 1 0 0 1 1 
0 0 0 0 1 1 1 1 0 0 1 1 1 0 0 1 0 0 0 1 0 1 0 0 0 
1 0 1 1 0 1 0 1 1 1 1 0 1 0 1 0 1 1 0 0 1 1 0 1 0 
0 0 1 1 1 0 1 1 0 0 0 1 0 1 1 0 1 0 1 1 1 0 1 0 0 
1 1 0 1 0 1 0 0 1 0 1 1 0 1 0 0 0 0 0 0 1 1 1 1 0 
1 0 0 1 1 1 0 0 1 1 1 1 0 1 0 1 1 0 1 0 1 1 0 0 0 
0 1 1 0 1 0 1 1 0 1 0 1 0 1 1 0 1 0 1 1 0 0 1 0 0 
0 1 0 0 1 0 0 1 1 0 0 1 0 0 0 1 1 1 1 1 1 0 0 0 0 
1 1 0 1 1 0 1 1 0 0 0 0 1 0 0 0 1 1 1 0 1 0 0 1 0 
1 1 0 1 0 1 1 1 1 1 0 0 0 0 0 1 0 1 1 1 1 1 0 0 1 
1 0 1 1 1 0 0 0 0 0 1 0 0 0 0 1 0 0 0 1 1 0 1 1 0 
1 1 1 0 0 1 1 1 1 0 0 0 0 0 1 1 0 0 1 0 0 1 1 0 1 
0 0 0 0 1 1 0 0 1 0 0 0 0 1 0 1 0 1 0 0 1 1 1 1 0 
1 1 0 1 0 0 0 1 0 1 0 1 1 1 1 0 1 0 0 0 0 1 0 0 1 
1 0 1 0 1 1 0 1 1 1 1 0 0 0 0 1 0 1 0 0 1 0 0 1 1 
0 0 1 0 1 0 0 0 0 1 1 1 0 0 1 0 1 0 0 1 0 0 1 1 0 
0 0 0 0 0 1 0 1 1 1 1 1 0 1 0 0 0 0 0 0 1 0 1 1 0 
0 1 0 1 0 1 0 0 1 1 0 1 1 0 0 0 0 1 0 0 0 1 1 0 0 
1 0 1 0 1 1 1 1 0 1 1 1 1 0 1 0 1 0 1 0 0 0 1 0 0 
1 1 0 1 1 0 1 1 0 0 0 1 0 1 1 1 0 0 0 1 0 0 1 0 1 
1 0 0 0 0 1 1 0 1 0 0 0 1 1 1 0 0 1 1 1 1 1 0 1 0 
0 1 1 0 1 0 1 0 0 0 1 0 1 0 1 0 1 1 1 0 0 0 1 0 0 
1 1 1 0 0 0 0 0 0 0 0 1 0 1 0 1 1 0 0 0 0 1 0 0 0 

20 22 21 5 23 2 9 16 6 19 15 14 7 4 3 13 11 24 12 10 8 1 18 0 17 
0 23
1 21
2 5
3 14
4 13
5 3
6 8
7 12
8 20
9 6
10 19
11 16
12 18
13 15
14 11
15 10
16 7
17 24
18 22
19 9
20 0
21 2
22 1
23 4
24 17
SIMILAR

11 6 22 16 20 5 19 24 1 17 15 18 14 21 12 13 0 9 23 3 8 7 10 4 2 
0 16
1 8
2 24
3 19
4 23
5 5
6 1
7 21
8 20
9 17
10 22
11 0
12 14
13 15
14 12
15 10
16 3
17 9
18 11
19 6
20 4
21 13
22 2
23 18
24 7
SIMILAR

1 15 22 4 8 13 12 19 18 17 0 3 20 21 14 11 5 6 7 9 16 10 23 2 24 
0 10
1 0
2 23
3 11
4 3
5 16
6 17
7 18
8 4
9 19
10 21
11 15
12 6
13 5
14 14
15 1
16 20
17 9
18 8
19 7
20 12
21 13
22 2
23 22
24 24
SIMILAR

8 7 3 17 18 24 13 5 2 22 21 9 14 19 6 0 1 12 10 11 4 23 15 16 20 
0 15
1 16
2 8
3 2
4 20
5 7
6 14
7 1
8 0
9 11
10 18
11 19
12 17
13 6
14 12
15 22
16 23
17 3
18 4
19 13
20 24
21 10
22 9
23 21
24 5
SIMILAR

8 22 15 20 18 10 6 17 3 12 1 13 7 2 14 16 11 9 0 19 23 5 24 4 21 
0 18
1 10
2 13
3 8
4 23
5 21
6 6
7 12
8 0
9 17
10 5
11 16
12 9
13 11
14 14
15 2
16 15
17 7
18 4
19 19
20 3
21 24
22 1
23 20
24 22
SIMILAR

2 3 15 13 18 11 21 5 19 7 0 4 17 9 22 6 8 23 24 1 12 16 20 14 10 
0 10
1 19
2 0
3 1
4 11
5 7
6 15
7 9
8 16
9 13
10 24
11 5
12 20
13 3
14 23
15 2
16 21
17 12
18 4
19 8
20 22
21 6
22 14
23 17
24 18
SIMILAR

5 15 19 16 22 14 8 0 11 17 13 6 9 10 4 20 24 1 3 12 23 2 7 21 18 
0 7
1 17
2 21
3 18
4 14
5 0
6 11
7 22
8 6
9 12
10 13
11 8
12 19
13 10
14 5
15 1
16 3
17 9
18 24
19 2
20 15
21 23
22 4
23 20
24 16
SIMILAR

19 15 2 0 21 24 17 8 14 3 11 12 20 4 18 5 7 22 6 10 9 13 23 16 1 
0 3
1 24
2 2
3 9
4 13
5 15
6 18
7 16
8 7
9 20
10 19
11 10
12 11
13 21
14 8
15 1
16 23
17 6
18 14
19 0
20 12
21 4
22 17
23 22
24 5
SIMILAR

13 9 6 10 15 18 17 12 3 22 19 14 4 21 8 5 16 11 2 24 23 7 1 0 20 
0 23
1 22
2 18
3 8
4 12
5 15
6 2
7 21
8 14
9 1
10 3
11 17
12 7
13 0
14 11
15 4
16 16
17 6
18 5
19 10
20 24
21 13
22 9
23 20
24 19
SIMILAR

4 20 5 7 14 19 3 22 10 8 15 2 23 6 21 11 1 9 16 13 12 0 17 24 18 
0 21
1 16
2 11
3 6
4 0
5 2
6 13
7 3
8 9
9 17
10 8
11 15
12 20
13 19
14 4
15 10
16 18
17 22
18 24
19 5
20 1
21 14
22 7
23 12
24 23
SIMILAR

20 6 13 23 2 16 15 17 21 8 10 7 9 12 5 1 11 18 24 0 19 22 3 14 4 
0 19
1 15
2 4
3 22
4 24
5 14
6 1
7 11
8 9
9 12
10 10
11 16
12 13
13 2
14 23
15 6
16 5
17 7
18 17
19 20
20 0
21 8
22 21
23 3
24 18
SIMILAR

6 15 9 21 13 2 11 3 23 4 0 18 12 7 20 10 14 16 5 8 24 19 1 22 17 
0 10
1 22
2 5
3 7
4 9
5 18
6 0
7 13
8 19
9 2
10 15
11 6
12 12
13 4
14 16
15 1
16 17
17 24
18 11
19 21
20 14
21 3
22 23
23 8
24 20
SIMILAR

5 16 8 0 19 9 4 17 12 2 22 11 3 24 10 14 1 21 20 15 6 13 23 7 18 
0 3
1 16
2 9
3 12
4 6
5 0
6 20
7 23
8 2
9 5
10 14
11 11
12 8
13 21
14 15
15 19
16 1
17 7
18 24
19 4
20 18
21 17
22 10
23 22
24 13
SIMILAR

18 17 9 1 21 3 8 11 7 5 22 4 20 12 2 23 16 19 6 14 0 13 24 15 10 
0 20
1 3
2 14
3 5
4 11
5 9
6 18
7 8
8 6
9 2
10 24
11 7
12 13
13 21
14 19
15 23
16 16
17 1
18 0
19 17
20 12
21 4
22 10
23 15
24 22
SIMILAR

16 21 17 2 11 23 15 5 1 10 7 6 13 0 20 24 8 18 9 14 3 22 12 19 4 
0 13
1 8
2 3
3 20
4 24
5 7
6 11
7 10
8 16
9 18
10 9
11 4
12 22
13 12
14 19
15 6
16 0
17 2
18 17
19 23
20 14
21 1
22 21
23 5
24 15
SIMILAR

24 22 5 21 0 2 4 19 20 12 9 10 16 6 13 15 11 17 7 3 1 23 8 14 18 
0 4
1 20
2 5
3 19
4 6
5 2
6 13
7 18
8 22
9 10
10 11
11 16
12 9
13 14
14 23
15 15
16 12
17 17
18 24
19 7
20 8
21 3
22 1
23 21
24 0
SIMILAR

17 18 21 24 23 11 8 0 13 20 22 9 3 2 1 12 16 15 5 6 7 19 4 10 14 
0 7
1 14
2 13
3 12
4 22
5 18
6 19
7 20
8 6
9 11
10 23
11 5
12 15
13 8
14 24
15 17
16 16
17 0
18 1
19 21
20 9
21 2
22 10
23 4
24 3
SIMILAR

17 24 3 5 8 0 23 9 18 7 11 1 14 2 21 20 4 10 19 22 16 13 12 6 15 
0 5
1 11
2 13
3 2
4 16
5 3
6 23
7 9
8 4
9 7
10 17
11 10
12 22
13 21
14 12
15 24
16 20
17 0
18 8
19 18
20 15
21 14
22 19
23 6
24 1
SIMILAR

8 22 9 5 23 0 1 16 15 20 14 17 13 6 24 10 3 18 2 11 12 4 19 21 7 
0 5
1 6
2 18
3 16
4 21
5 3
6 13
7 24
8 0
9 2
10 15
11 19
12 20
13 12
14 10
15 8
16 7
17 11
18 17
19 22
20 9
21 23
22 1
23 4
24 14
SIMILAR

12 2 22 19 10 5 7 24 21 20 11 14 18 9 3 23 17 8 16 15 13 1 0 6 4 
0 22
1 21
2 1
3 14
4 24
5 5
6 23
7 6
8 17
9 13
10 4
11 10
12 0
13 20
14 11
15 19
16 18
17 16
18 12
19 3
20 9
21 8
22 2
23 15
24 7
SIMILAR

12 21 5 16 7 15 10 24 23 6 14 4 3 17 20 19 0 9 22 18 8 11 2 1 13 
0 16
1 23
2 22
3 12
4 11
5 2
6 9
7 4
8 20
9 17
10 6
11 21
12 0
13 24
14 10
15 5
16 3
17 13
18 19
19 15
20 14
21 1
22 18
23 8
24 7
SIMILAR

15 7 17 18 0 3 16 2 22 23 9 11 24 5 21 20 12 4 1 14 13 10 19 8 6 
0 4
1 18
2 7
3 5
4 17
5 13
6 24
7 1
8 23
9 10
10 21
11 11
12 16
13 20
14 19
15 0
16 6
17 2
18 3
19 22
20 15
21 14
22 8
23 9
24 12
SIMILAR

20 3 16 18 0 12 13 14 24 9 6 2 1 7 5 15 11 8 22 23 19 10 21 4 17 
0 4
1 12
2 11
3 1
4 23
5 14
6 10
7 13
8 17
9 9
10 21
11 16
12 5
13 6
14 7
15 15
16 2
17 24
18 3
19 20
20 0
21 22
22 18
23 19
24 8
SIMILAR

11 1 8 17 2 14 0 6 24 22 4 21 23 20 19 12 10 7 16 3 15 13 9 18 5 
0 6
1 1
2 4
3 19
4 10
5 24
6 7
7 17
8 2
9 22
10 16
11 0
12 15
13 21
14 5
15 20
16 18
17 3
18 23
19 14
20 13
21 11
22 9
23 12
24 8
SIMILAR

20 1 16 12 23 17 9 21 2 11 18 7 14 10 3 4 8 13 6 15 5 19 0 24 22 
0 22
1 1
2 8
3 14
4 15
5 20
6 18
7 11
8 16
9 6
10 13
11 9
12 3
13 17
14 12
15 19
16 2
17 5
18 10
19 21
20 0
21 7
22 24
23 4
24 23
SIMILAR

23 20 14 4 5 2 9 15 18 17 12 6 22 1 21 11 8 13 3 10 7 16 0 19 24 
0 22
1 13
2 5
3 18
4 3
5 4
6 11
7 20
8 16
9 6
10 19
11 15
12 10
13 17
14 2
15 7
16 21
17 9
18 8
19 23
20 1
21 14
22 12
23 0
24 24
SIMILAR

16 9 12 20 10 0 8 24 15 7 21 11 19 2 1 6 5 22 13 18 3 23 17 4 14 
0 5
1 14
2 13
3 20
4 23
5 16
6 15
7 9
8 6
9 1
10 4
11 11
12 2
13 18
14 24
15 8
16 0
17 22
18 19
19 12
20 3
21 10
22 17
23 21
24 7
SIMILAR

11 14 17 4 15 21 0 7 13 24 1 23 20 18 10 8 6 5 16 22 9 12 2 19 3 
0 6
1 10
2 22
3 24
4 3
5 17
6 16
7 7
8 15
9 20
10 14
11 0
12 21
13 8
14 1
15 4
16 18
17 2
18 13
19 23
20 12
21 5
22 19
23 11
24 9
SIMILAR

5 13 22 17 20 19 21 12 15 14 3 18 0 8 7 9 4 10 11 16 1 23 2 6 24 
0 12
1 20
2 22
3 10
4 16
5 0
6 23
7 14
8 13
9 15
10 17
11 18
12 7
13 1
14 9
15 8
16 19
17 3
18 11
19 5
20 4
21 6
22 2
23 21
24 24
SIMILAR

11 1 12 0 24 10 8 9 20 21 15 19 5 2 16 17 4 7 14 22 23 18 6 13 3 
0 3
1 1
2 13
3 24
4 16
5 12
6 22
7 17
8 6
9 7
10 5
11 0
12 2
13 23
14 18
15 10
16 14
17 15
18 21
19 11
20 8
21 9
22 19
23 20
24 4
SIMILAR

18 24 6 10 15 12 5 16 9 14 20 11 13 23 17 1 4 2 8 21 22 3 0 19 7 
0 22
1 15
2 17
3 21
4 16
5 6
6 2
7 24
8 18
9 8
10 3
11 11
12 5
13 12
14 9
15 4
16 7
17 14
18 0
19 23
20 10
21 19
22 20
23 13
24 1
SIMILAR

11 1 14 21 7 15 2 16 23 8 4 9 24 3 13 6 10 5 22 0 12 19 17 20 18 
0 19
1 1
2 6
3 13
4 10
5 17
6 15
7 4
8 9
9 11
10 16
11 0
12 20
13 14
14 2
15 5
16 7
17 22
18 24
19 21
20 23
21 3
22 18
23 8
24 12
SIMILAR

8 18 14 10 4 12 11 15 1 17 21 22 13 5 3 0 6 20 19 23 24 16 7 9 2 
0 15
1 8
2 24
3 14
4 4
5 13
6 16
7 22
8 0
9 23
10 3
11 6
12 5
13 12
14 2
15 7
16 21
17 9
18 1
19 18
20 17
21 10
22 11
23 19
24 20
SIMILAR

22 12 14 18 21 10 4 13 5 11 2 3 20 19 23 9 24 17 8 16 15 1 6 0 7 
0 23
1 21
2 10
3 11
4 6
5 8
6 22
7 24
8 18
9 15
10 5
11 9
12 1
13 7
14 2
15 20
16 19
17 17
18 3
19 13
20 12
21 4
22 0
23 14
24 16
SIMILAR

14 16 12 6 18 5 24 23 7 10 17 1 19 11 15 3 9 13 21 0 2 4 8 20 22 
0 19
1 11
2 20
3 15
4 21
5 5
6 3
7 8
8 22
9 16
10 9
11 13
12 2
13 17
14 0
15 14
16 1
17 10
18 4
19 12
20 23
21 18
22 24
23 7
24 6
SIMILAR

12 1 9 15 14 11 6 18 17 3 7 19 13 5 21 23 16 2 24 22 10 20 8 4 0 
0 24
1 1
2 17
3 9
4 23
5 13
6 6
7 10
8 22
9 2
10 20
11 5
12 0
13 12
14 4
15 3
16 16
17 8
18 7
19 11
20 21
21 14
22 19
23 15
24 18
SIMILAR

0 8 5 20 10 12 2 3 6 22 23 9 16 17 11 14 15 21 4 1 18 19 13 24 7 
0 0
1 19
2 6
3 7
4 18
5 2
6 8
7 24
8 1
9 11
10 4
11 14
12 5
13 22
14 15
15 16
16 12
17 13
18 20
19 21
20 3
21 17
22 9
23 10
24 23
SIMILAR

12 11 6 4 16 19 7 3 18 0 17 8 23 9 1 21 15 14 24 10 13 20 5 22 2 
0 9
1 14
2 24
3 7
4 3
5 22
6 2
7 6
8 11
9 13
10 19
11 1
12 0
13 20
14 17
15 16
16 4
17 10
18 8
19 5
20 21
21 15
22 23
23 12
24 18
SIMILAR

17 20 23 22 3 19 4 15 12 10 6 14 18 9 5 7 0 2 21 11 16 13 1 8 24 
0 16
1 22
2 17
3 4
4 6
5 14
6 10
7 15
8 23
9 13
10 9
11 19
12 8
13 21
14 11
15 7
16 20
17 0
18 12
19 5
20 1
21 18
22 3
23 2
24 24
SIMILAR

8 16 4 10 20 22 0 18 14 24 13 21 12 11 23 9 5 2 17 15 7 3 19 6 1 
0 6
1 24
2 17
3 21
4 2
5 16
6 23
7 20
8 0
9 15
10 3
11 13
12 12
13 10
14 8
15 19
16 1
17 18
18 7
19 22
20 4
21 11
22 5
23 14
24 9
SIMILAR

11 24 18 7 23 1 14 3 21 6 2 13 10 22 0 8 16 5 4 20 9 17 15 19 12 
0 14
1 5
2 10
3 7
4 18
5 17
6 9
7 3
8 15
9 20
10 12
11 0
12 24
13 11
14 6
15 22
16 16
17 21
18 2
19 23
20 19
21 8
22 13
23 4
24 1
SIMILAR

24 13 19 21 7 20 2 18 8 6 10 14 0 23 15 16 22 4 11 9 17 1 12 5 3 
0 12
1 21
2 6
3 24
4 17
5 23
6 9
7 4
8 8
9 19
10 10
11 18
12 22
13 1
14 11
15 14
16 15
17 20
18 7
19 2
20 5
21 3
22 16
23 13
24 0
SIMILAR

14 13 24 12 16 18 20 5 7 23 2 21 0 17 1 3 10 4 9 8 6 15 22 11 19 
0 12
1 14
2 10
3 15
4 17
5 7
6 20
7 8
8 19
9 18
10 16
11 23
12 3
13 1
14 0
15 21
16 4
17 13
18 5
19 24
20 6
21 11
22 22
23 9
24 2
SIMILAR

24 12 21 2 11 17 5 14 13 20 7 19 3 16 6 4 0 1 10 9 23 15 18 22 8 
0 16
1 17
2 3
3 12
4 15
5 6
6 14
7 10
8 24
9 19
10 18
11 4
12 1
13 8
14 7
15 21
16 13
17 5
18 22
19 11
20 9
21 2
22 23
23 20
24 0
SIMILAR

1 5 6 18 24 21 17 16 14 2 4 12 13 15 10 11 23 3 22 8 9 20 19 0 7 
0 23
1 0
2 9
3 17
4 10
5 1
6 2
7 24
8 19
9 20
10 14
11 15
12 11
13 12
14 8
15 13
16 7
17 6
18 3
19 22
20 21
21 5
22 18
23 16
24 4
SIMILAR

17 3 18 10 14 8 13 7 12 6 4 0 9 23 19 15 20 16 21 22 1 24 2 11 5 
0 11
1 20
2 22
3 1
4 10
5 24
6 9
7 7
8 5
9 12
10 3
11 23
12 8
13 6
14 4
15 15
16 17
17 0
18 2
19 14
20 16
21 18
22 19
23 13
24 21
SIMILAR

8 21 15 13 3 1 16 17 23 4 19 10 20 11 18 9 24 14 5 0 6 7 2 22 12 
0 19
1 5
2 22
3 4
4 9
5 18
6 20
7 21
8 0
9 15
10 11
11 13
12 24
13 3
14 17
15 2
16 6
17 7
18 14
19 10
20 12
21 1
22 23
23 8
24 16
SIMILAR

20 18 1 11 15 24 6 7 3 9 23 4 16 13 2 8 22 12 10 21 19 5 17 14 0 
0 24
1 2
2 14
3 8
4 11
5 21
6 6
7 7
8 15
9 9
10 18
11 3
12 17
13 13
14 23
15 4
16 12
17 22
18 1
19 20
20 0
21 19
22 16
23 10
24 5
SIMILAR

14 6 4 23 15 18 13 7 24 9 11 2 3 1 10 21 22 12 19 17 20 8 0 16 5 
0 22
1 13
2 11
3 12
4 2
5 24
6 1
7 7
8 21
9 9
10 14
11 10
12 17
13 6
14 0
15 4
16 23
17 19
18 5
19 18
20 20
21 15
22 16
23 3
24 8
SIMILAR

15 20 0 24 11 17 1 3 13 18 8 2 5 10 7 22 4 16 14 23 9 12 6 21 19 
0 2
1 6
2 11
3 7
4 16
5 12
6 22
7 14
8 10
9 20
10 13
11 4
12 21
13 8
14 18
15 0
16 17
17 5
18 9
19 24
20 1
21 23
22 15
23 19
24 3
SIMILAR

3 8 12 18 23 24 0 21 16 7 20 5 15 13 19 11 10 1 4 2 14 17 9 6 22 
0 6
1 17
2 19
3 0
4 18
5 11
6 23
7 9
8 1
9 22
10 16
11 15
12 2
13 13
14 20
15 12
16 8
17 21
18 3
19 14
20 10
21 7
22 24
23 4
24 5
SIMILAR

13 2 9 11 17 10 12 7 14 4 19 20 0 21 8 24 1 16 15 5 23 18 6 22 3 
0 12
1 16
2 1
3 24
4 9
5 19
6 22
7 7
8 14
9 2
10 5
11 3
12 6
13 0
14 8
15 18
16 17
17 4
18 21
19 10
20 11
21 13
22 23
23 20
24 15
SIMILAR

22 13 15 21 9 5 8 3 23 7 0 17 18 6 16 2 12 20 19 10 4 24 1 11 14 
0 10
1 22
2 15
3 7
4 20
5 5
6 13
7 9
8 6
9 4
10 19
11 23
12 16
13 1
14 24
15 2
16 14
17 11
18 12
19 18
20 17
21 3
22 0
23 8
24 21
SIMILAR

4 6 14 22 7 3 1 9 15 11 5 20 2 0 13 10 8 12 24 16 23 21 18 17 19 
0 13
1 6
2 12
3 5
4 0
5 10
6 1
7 4
8 16
9 7
10 15
11 9
12 17
13 14
14 2
15 8
16 19
17 23
18 22
19 24
20 11
21 21
22 3
23 20
24 18
SIMILAR

19 24 13 15 9 1 0 12 4 5 16 3 2 6 21 7 23 22 14 20 11 17 18 10 8 
0 6
1 5
2 12
3 11
4 8
5 9
6 13
7 15
8 24
9 4
10 23
11 20
12 7
13 2
14 18
15 3
16 10
17 21
18 22
19 0
20 19
21 14
22 17
23 16
24 1
SIMILAR

1 22 19 8 7 17 15 14 0 20 5 24 6 18 2 12 9 16 3 23 13 21 10 11 4 
0 8
1 0
2 14
3 18
4 24
5 10
6 12
7 4
8 3
9 16
10 22
11 23
12 15
13 20
14 7
15 6
16 17
17 5
18 13
19 2
20 9
21 21
22 1
23 19
24 11
SIMILAR

15 4 8 0 9 23 6 7 22 14 24 12 1 10 20 21 16 3 18 17 5 2 11 19 13 
0 3
1 12
2 21
3 17
4 1
5 20
6 6
7 7
8 2
9 4
10 13
11 22
12 11
13 24
14 9
15 0
16 16
17 19
18 18
19 23
20 14
21 15
22 8
23 5
24 10
SIMILAR

1 2 6 12 11 3 18 14 19 20 13 4 23 8 22 24 5 15 0 7 10 9 17 21 16 
0 18
1 0
2 1
3 5
4 11
5 16
6 2
7 19
8 13
9 21
10 20
11 4
12 3
13 10
14 7
15 17
16 24
17 22
18 6
19 8
20 9
21 23
22 14
23 12
24 15
SIMILAR

19 24 15 11 22 18 2 16 12 21 20 3 23 1 0 7 13 14 10 5 9 17 4 6 8 
0 14
1 13
2 6
3 11
4 22
5 19
6 23
7 15
8 24
9 20
10 18
11 3
12 8
13 16
14 17
15 2
16 7
17 21
18 5
19 0
20 10
21 9
22 4
23 12
24 1
SIMILAR

3 14 16 23 17 10 13 24 7 12 6 15 0 2 22 4 1 21 19 5 20 9 18 8 11 
0 12
1 16
2 13
3 0
4 15
5 19
6 10
7 8
8 23
9 21
10 5
11 24
12 9
13 6
14 1
15 11
16 2
17 4
18 22
19 18
20 20
21 17
22 14
23 3
24 7
SIMILAR

24 9 22 18 14 8 3 11 12 13 1 2 19 16 0 10 21 15 20 6 7 23 17 4 5 
0 14
1 10
2 11
3 6
4 23
5 24
6 19
7 20
8 5
9 1
10 15
11 7
12 8
13 9
14 4
15 17
16 13
17 22
18 3
19 12
20 18
21 16
22 2
23 21
24 0
SIMILAR

16 17 7 11 23 24 5 3 2 8 22 4 13 6 12 9 14 0 15 10 21 18 19 20 1 
0 17
1 24
2 8
3 7
4 11
5 6
6 13
7 2
8 9
9 15
10 19
11 3
12 14
13 12
14 16
15 18
16 0
17 1
18 21
19 22
20 23
21 20
22 10
23 4
24 5
SIMILAR

24 6 9 13 18 21 11 23 12 20 10 1 15 16 14 0 5 7 3 4 2 8 17 19 22 
0 15
1 11
2 20
3 18
4 19
5 16
6 1
7 17
8 21
9 2
10 10
11 6
12 8
13 3
14 14
15 12
16 13
17 22
18 4
19 23
20 9
21 5
22 24
23 7
24 0
SIMILAR

21 15 7 3 5 23 14 0 13 2 20 12 4 17 11 16 6 1 19 10 22 9 24 18 8 
0 7
1 17
2 9
3 3
4 12
5 4
6 16
7 2
8 24
9 21
10 19
11 14
12 11
13 8
14 6
15 1
16 15
17 13
18 23
19 18
20 10
21 0
22 20
23 5
24 22
SIMILAR

2 14 18 20 6 8 24 1 5 12 10 9 22 19 15 13 17 0 4 7 3 21 23 16 11 
0 17
1 7
2 0
3 20
4 18
5 8
6 4
7 19
8 5
9 11
10 10
11 24
12 9
13 15
14 1
15 14
16 23
17 16
18 2
19 13
20 3
21 21
22 12
23 22
24 6
SIMILAR

5 15 24 6 0 19 18 16 20 12 3 14 1 9 11 8 7 17 2 10 22 23 13 4 21 
0 4
1 12
2 18
3 10
4 23
5 0
6 3
7 16
8 15
9 13
10 19
11 14
12 9
13 22
14 11
15 1
16 7
17 17
18 6
19 5
20 8
21 24
22 20
23 21
24 2
SIMILAR

1 17 15 23 4 12 5 0 18 20 6 7 10 2 13 11 24 9 16 8 14 22 21 3 19 
0 7
1 0
2 13
3 23
4 4
5 6
6 10
7 11
8 19
9 17
10 12
11 15
12 5
13 14
14 20
15 2
16 18
17 1
18 8
19 24
20 9
21 22
22 21
23 3
24 16
SIMILAR

13 1 4 5 3 2 8 0 20 11 9 17 19 14 22 6 10 21 24 12 18 7 16 15 23 
0 7
1 1
2 5
3 4
4 2
5 3
6 15
7 21
8 6
9 10
10 16
11 9
12 19
13 0
14 13
15 23
16 22
17 11
18 20
19 12
20 8
21 17
22 14
23 24
24 18
SIMILAR

12 16 18 10 2 4 23 19 15 3 9 17 0 8 1 6 14 13 7 24 22 11 20 5 21 
0 12
1 14
2 4
3 9
4 5
5 23
6 15
7 18
8 13
9 10
10 3
11 21
12 0
13 17
14 16
15 8
16 1
17 11
18 2
19 7
20 22
21 24
22 20
23 6
24 19
SIMILAR

8 12 1 10 14 0 23 9 16 15 21 18 13 19 2 20 24 11 3 17 6 22 7 5 4 
0 5
1 2
2 14
3 18
4 24
5 23
6 20
7 22
8 0
9 7
10 3
11 17
12 1
13 12
14 4
15 9
16 8
17 19
18 11
19 13
20 15
21 10
22 21
23 6
24 16
SIMILAR

16 19 9 10 4 0 11 17 24 20 13 18 14 1 2 5 7 3 23 12 6 8 22 15 21 
0 5
1 13
2 14
3 17
4 4
5 15
6 20
7 16
8 21
9 2
10 3
11 6
12 19
13 10
14 12
15 23
16 0
17 7
18 11
19 1
20 9
21 24
22 22
23 18
24 8
SIMILAR

3 2 14 18 11 12 4 23 16 9 21 24 0 22 7 10 17 19 15 13 20 6 1 8 5 
0 12
1 22
2 1
3 0
4 6
5 24
6 21
7 14
8 23
9 9
10 15
11 4
12 5
13 19
14 2
15 18
16 8
17 16
18 3
19 17
20 20
21 10
22 13
23 7
24 11
SIMILAR

11 14 5 2 4 22 10 19 7 1 17 21 16 24 23 8 0 6 20 9 13 3 12 15 18 
0 16
1 9
2 3
3 21
4 4
5 2
6 17
7 8
8 15
9 19
10 6
11 0
12 22
13 20
14 1
15 23
16 12
17 10
18 24
19 7
20 18
21 11
22 5
23 14
24 13
SIMILAR

16 24 1 19 14 6 4 21 2 18 8 20 0 23 17 10 22 7 9 13 12 11 15 5 3 
0 12
1 2
2 8
3 24
4 6
5 23
6 5
7 17
8 10
9 18
10 15
11 21
12 20
13 19
14 4
15 22
16 0
17 14
18 9
19 3
20 11
21 7
22 16
23 13
24 1
SIMILAR

20 3 22 21 5 19 11 2 12 13 16 10 6 14 0 17 24 8 7 23 9 15 1 4 18 
0 14
1 22
2 7
3 1
4 23
5 4
6 12
7 18
8 17
9 20
10 11
11 6
12 8
13 9
14 13
15 21
16 10
17 15
18 24
19 5
20 0
21 3
22 2
23 19
24 16
SIMILAR

21 0 18 15 13 24 17 14 8 11 23 3 22 10 12 19 20 4 9 2 7 1 16 6 5 
0 1
1 21
2 19
3 11
4 17
5 24
6 23
7 20
8 8
9 18
10 13
11 9
12 14
13 4
14 7
15 3
16 22
17 6
18 2
19 15
20 16
21 0
22 12
23 10
24 5
SIMILAR

3 16 0 10 9 4 12 18 20 11 17 23 21 2 8 19 1 6 24 15 13 7 22 5 14 
0 2
1 16
2 13
3 0
4 5
5 23
6 17
7 21
8 14
9 4
10 3
11 9
12 6
13 20
14 24
15 19
16 1
17 10
18 7
19 15
20 8
21 12
22 22
23 11
24 18
SIMILAR

14 11 19 17 9 15 13 24 4 8 2 6 1 18 0 3 21 23 12 20 10 5 16 7 22 
0 14
1 12
2 10
3 15
4 8
5 21
6 11
7 23
8 9
9 4
10 20
11 1
12 18
13 6
14 0
15 5
16 22
17 3
18 13
19 2
20 19
21 16
22 24
23 17
24 7
SIMILAR

15 22 13 8 9 4 23 24 7 14 11 0 17 18 19 5 3 6 2 16 20 12 21 1 10 
0 11
1 23
2 18
3 16
4 5
5 15
6 17
7 8
8 3
9 4
10 24
11 10
12 21
13 2
14 9
15 0
16 19
17 12
18 13
19 14
20 20
21 22
22 1
23 6
24 7
SIMILAR

4 9 12 5 8 23 22 2 15 14 6 16 0 19 18 1 21 17 13 20 11 3 7 10 24 
0 12
1 15
2 7
3 21
4 0
5 3
6 10
7 22
8 4
9 1
10 23
11 20
12 2
13 18
14 9
15 8
16 11
17 17
18 14
19 13
20 19
21 16
22 6
23 5
24 24
SIMILAR

7 24 6 0 17 15 11 4 9 10 1 5 12 16 20 19 23 2 13 18 8 3 22 21 14 
0 3
1 10
2 17
3 21
4 7
5 11
6 2
7 0
8 20
9 8
10 9
11 6
12 12
13 18
14 24
15 5
16 13
17 4
18 19
19 15
20 14
21 23
22 22
23 16
24 1
SIMILAR

0 10 15 23 20 7 1 5 12 22 6 16 24 21 18 3 2 8 14 17 11 4 9 13 19 
0 0
1 6
2 16
3 15
4 21
5 7
6 10
7 5
8 17
9 22
10 1
11 20
12 8
13 23
14 18
15 2
16 11
17 19
18 14
19 24
20 4
21 13
22 9
23 3
24 12
SIMILAR

18 6 13 24 1 0 4 12 7 22 23 5 3 2 21 10 9 11 17 15 8 14 16 19 20 
0 5
1 4
2 13
3 12
4 6
5 11
6 1
7 8
8 20
9 16
10 15
11 17
12 7
13 2
14 21
15 19
16 22
17 18
18 0
19 23
20 24
21 14
22 9
23 10
24 3
SIMILAR

23 5 1 4 19 22 16 10 15 13 12 14 24 3 6 18 9 8 21 20 0 17 7 11 2 
0 20
1 2
2 24
3 13
4 3
5 1
6 14
7 22
8 17
9 16
10 7
11 23
12 10
13 9
14 11
15 8
16 6
17 21
18 15
19 4
20 19
21 18
22 5
23 0
24 12
SIMILAR

8 6 21 4 15 20 7 3 22 9 14 19 24 1 13 17 12 16 10 18 5 2 0 11 23 
0 22
1 13
2 21
3 7
4 3
5 20
6 1
7 6
8 0
9 9
10 18
11 23
12 16
13 14
14 10
15 4
16 17
17 15
18 19
19 11
20 5
21 2
22 8
23 24
24 12
SIMILAR

17 22 16 5 11 13 24 2 15 6 23 1 18 20 19 8 21 9 3 0 14 10 12 4 7 
0 19
1 11
2 7
3 18
4 23
5 3
6 9
7 24
8 15
9 17
10 21
11 4
12 22
13 5
14 20
15 8
16 2
17 0
18 12
19 14
20 13
21 16
22 1
23 10
24 6
SIMILAR

19 1 5 9 8 14 0 11 20 15 2 23 3 18 17 6 7 16 10 13 4 21 12 22 24 
0 6
1 1
2 10
3 12
4 20
5 2
6 15
7 16
8 4
9 3
10 18
11 7
12 22
13 19
14 5
15 9
16 17
17 14
18 13
19 0
20 8
21 21
22 23
23 11
24 24
SIMILAR

23 13 22 4 5 0 1 18 24 2 12 9 11 17 19 3 6 20 16 8 14 7 15 10 21 
0 5
1 6
2 9
3 15
4 3
5 4
6 16
7 21
8 19
9 11
10 23
11 12
12 10
13 1
14 20
15 22
16 18
17 13
18 7
19 14
20 17
21 24
22 2
23 0
24 8
SIMILAR

22 18 8 9 15 19 7 21 17 6 13 1 5 10 11 12 4 24 14 2 0 20 23 16 3 
0 20
1 11
2 19
3 24
4 16
5 12
6 9
7 6
8 2
9 3
10 13
11 14
12 15
13 10
14 18
15 4
16 23
17 8
18 1
19 5
20 21
21 7
22 0
23 22
24 17
SIMILAR

22 9 6 10 19 7 23 4 13 11 3 14 24 15 21 12 2 0 1 17 18 20 5 8 16 
0 17
1 18
2 16
3 10
4 7
5 22
6 2
7 5
8 23
9 1
10 3
11 9
12 15
13 8
14 11
15 13
16 24
17 19
18 20
19 4
20 21
21 14
22 0
23 6
24 12
SIMILAR

20 8 19 2 14 10 23 3 13 7 9 22 5 4 17 6 21 11 12 1 24 0 18 16 15 
0 21
1 19
2 3
3 7
4 13
5 12
6 15
7 9
8 1
9 10
10 5
11 17
12 18
13 8
14 4
15 24
16 23
17 14
18 22
19 2
20 0
21 16
22 11
23 6
24 20
SIMILAR

24 23 8 1 18 6 0 3 2 14 17 13 10 19 21 12 22 16 20 4 5 9 11 15 7 
0 6
1 3
2 8
3 7
4 19
5 20
6 5
7 24
8 2
9 21
10 12
11 22
12 15
13 11
14 9
15 23
16 17
17 10
18 4
19 13
20 18
21 14
22 16
23 1
24 0
SIMILAR

2 10 4 8 23 9 7 13 18 3 19 21 22 24 15 16 1 14 20 5 12 0 17 11 6 
0 21
1 16
2 0
3 9
4 2
5 19
6 24
7 6
8 3
9 5
10 1
11 23
12 20
13 7
14 17
15 14
16 15
17 22
18 8
19 10
20 18
21 11
22 12
23 4
24 13
SIMILAR

11 4 5 1 13 12 3 22 6 14 0 17 18 19 10 7 21 23 8 15 24 9 20 16 2 
0 10
1 3
2 24
3 6
4 1
5 2
6 8
7 15
8 18
9 21
10 14
11 0
12 5
13 4
14 9
15 19
16 23
17 11
18 12
19 13
20 22
21 16
22 7
23 17
24 20
SIMILAR

6 3 9 8 22 7 20 18 15 17 12 21 11 1 14 0 2 19 4 24 23 10 5 13 16 
0 15
1 13
2 16
3 1
4 18
5 22
6 0
7 5
8 3
9 2
10 21
11 12
12 10
13 23
14 14
15 8
16 24
17 9
18 7
19 17
20 6
21 11
22 4
23 20
24 19
SIMILAR

1 14 3 0 21 13 20 2 5 12 24 15 9 16 11 6 8 22 4 7 17 19 23 18 10 
0 3
1 0
2 7
3 2
4 18
5 8
6 15
7 19
8 16
9 12
10 24
11 14
12 9
13 5
14 1
15 11
16 13
17 20
18 23
19 21
20 6
21 4
22 17
23 22
24 10
SIMILAR

14 23 8 4 6 17 24 20 7 0 3 13 2 19 18 11 9 1 5 16 12 10 15 22 21 
0 9
1 17
2 12
3 10
4 3
5 18
6 4
7 8
8 2
9 16
10 21
11 15
12 20
13 11
14 0
15 22
16 19
17 5
18 14
19 13
20 7
21 24
22 23
23 1
24 6
SIMILAR

15 21 5 10 4 18 20 9 1 16 24 8 2 11 22 19 14 23 7 0 6 3 17 12 13 
0 19
1 8
2 12
3 21
4 4
5 2
6 20
7 18
8 11
9 7
10 3
11 13
12 23
13 24
14 16
15 0
16 9
17 22
18 5
19 15
20 6
21 1
22 14
23 17
24 10
SIMILAR

7 1 19 0 23 5 6 12 24 17 18 20 10 16 15 2 4 8 9 21 14 11 13 22 3 
0 3
1 1
2 15
3 24
4 16
5 5
6 6
7 0
8 17
9 18
10 12
11 21
12 7
13 22
14 20
15 14
16 13
17 9
18 10
19 2
20 11
21 19
22 23
23 4
24 8
SIMILAR

11 0 7 8 19 16 5 17 12 4 2 13 20 6 14 22 24 3 9 10 15 1 21 23 18 
0 1
1 21
2 10
3 17
4 9
5 6
6 13
7 2
8 3
9 18
10 19
11 0
12 8
13 11
14 14
15 20
16 5
17 7
18 24
19 4
20 12
21 22
22 15
23 23
24 16
SIMILAR
100 0
4600 0
214600 0
