25
0 0 0 1 1 0 1 0 1 0 0 0 1 1 1 0 0 0 0 1 1 1 1 1 0 
0 0 0 1 1 0 1 1 0 0 0 0 0 1 1 0 0 1 1 1 0 1 0 1 1 
0 0 0 0 0 0 1 0 1 1 1 0 0 0 0 0 1 0 1 0 0 1 1 0 0 
1 1 0 0 1 0 0 0 1 1 0 0 0 0 1 0 1 1 1 1 0 0 0 0 0 
1 1 0 1 0 0 0 0 0 0 1 1 1 0 0 0 0 1 1 0 0 0 1 0 0 
0 0 0 0 0 0 1 0 0 1 0 1 0 1 0 0 0 1 0 1 0 0 0 1 0 
1 1 1 0 0 1 0 0 0 1 1 0 0 1 0 1 1 1 0 0 0 1 0 0 0 
0 1 0 0 0 0 0 0 1 0 0 1 0 1 0 1 1 1 1 0 0 0 0 0 1 
1 0 1 1 0 0 0 1 0 1 1 1 0 0 0 1 0 1 1 1 0 1 0 0 1 
0 0 1 1 0 1 1 0 1 0 0 1 1 0 1 0 1 0 1 1 1 1 1 1 0 
0 0 1 0 1 0 1 0 1 0 0 0 1 0 1 1 1 1 1 0 0 0 0 0 1 
0 0 0 0 1 1 0 1 1 1 0 0 1 0 1 1 1 0 0 0 1 1 1 1 0 
1 0 0 0 1 0 0 0 0 1 1 1 0 1 0 0 1 1 1 1 1 1 0 0 1 
1 1 0 0 0 1 1 1 0 0 0 0 1 0 0 0 0 1 1 0 0 1 0 0 1 
1 1 0 1 0 0 0 0 0 1 1 1 0 0 0 0 0 0 0 0 0 1 1 1 1 
0 0 0 0 0 0 1 1 1 0 1 1 0 0 0 0 1 0 0 0 0 1 1 1 1 
0 0 1 1 0 0 1 1 0 1 1 1 1 0 0 1 0 1 0 1 1 1 0 1 0 
0 1 0 1 1 1 1 1 1 0 1 0 1 1 0 0 1 0 1 0 1 1 1 0 1 
0 1 1 1 1 0 0 1 1 1 1 0 1 1 0 0 0 1 0 1 0 0 1 0 1 
1 1 0 1 0 1 0 0 1 1 0 0 1 0 0 0 1 0 1 0 0 1 1 1 0 
1 0 0 0 0 0 0 0 0 1 0 1 1 0 0 0 1 1 0 0 0 0 0 1 1 
1 1 1 0 0 0 1 0 1 1 0 1 1 1 1 1 1 1 0 1 0 0 0 1 0 
1 0 1 0 1 0 0 0 0 1 0 1 0 0 1 1 0 1 1 1 0 0 0 1 1 
1 1 0 0 0 1 0 0 0 1 0 1 0 0 1 1 1 0 0 1 1 1 1 0 1 
0 1 0 0 0 0 0 1 1 0 1 0 1 1 1 1 0 1 1 0 1 0 1 1 0 

14 13 24 7 9 21 12 16 17 4 19 23 22 5 15 2 8 0 11 3 6 10 1 20 18 
0 17
1 22
2 15
3 19
4 9
5 13
6 20
7 3
8 16
9 4
10 21
11 18
12 6
13 1
14 0
15 14
16 7
17 8
18 24
19 10
20 23
21 5
22 12
23 11
24 2
SIMILAR

14 2 4 7 18 3 17 11 21 6 12 8 0 5 24 10 1 20 13 9 16 23 22 15 19 
0 12
1 16
2 1
3 5
4 2
5 13
6 9
7 3
8 11
9 19
10 15
11 7
12 10
13 18
14 0
15 23
16 20
17 6
18 4
19 24
20 17
21 8
22 22
23 21
24 14
SIMILAR

16 10 19 1 3 8 21 7 9 5 13 22 20 18 24 2 6 12 4 0 11 15 14 17 23 
0 19
1 3
2 15
3 4
4 18
5 9
6 16
7 7
8 5
9 8
10 1
11 20
12 17
13 10
14 22
15 21
16 0
17 23
18 13
19 2
20 12
21 6
22 11
23 24
24 14
SIMILAR

22 10 19 1 14 5 3 15 0 9 8 16 6 20 4 24 21 18 13 7 17 11 23 2 12 
0 8
1 3
2 23
3 6
4 14
5 5
6 12
7 19
8 10
9 9
10 1
11 21
12 24
13 18
14 4
15 7
16 11
17 20
18 17
19 2
20 13
21 16
22 0
23 22
24 15
SIMILAR

18 15 23 2 17 24 19 21 9 22 6 14 10 5 3 7 13 12 16 20 11 1 4 0 8 
0 23
1 21
2 3
3 14
4 22
5 13
6 10
7 15
8 24
9 8
10 12
11 20
12 17
13 16
14 11
15 1
16 18
17 4
18 0
19 6
20 19
21 7
22 9
23 2
24 5
SIMILAR

9 4 14 11 12 24 2 19 18 5 8 7 17 0 20 6 23 21 1 3 15 16 13 22 10 
0 13
1 18
2 6
3 19
4 1
5 9
6 15
7 11
8 10
9 0
10 24
11 3
12 4
13 22
14 2
15 20
16 21
17 12
18 8
19 7
20 14
21 17
22 23
23 16
24 5
SIMILAR

23 15 9 4 13 1 6 22 20 11 0 12 14 16 2 8 3 19 24 7 21 17 18 5 10 
0 10
1 5
2 14
3 16
4 3
5 23
6 6
7 19
8 15
9 2
10 24
11 9
12 11
13 4
14 12
15 1
16 13
17 21
18 22
19 17
20 8
21 20
22 7
23 0
24 18
SIMILAR

17 20 4 5 0 8 10 3 1 2 22 14 6 16 9 21 19 12 11 24 23 18 13 15 7 
0 4
1 8
2 9
3 7
4 2
5 3
6 12
7 24
8 5
9 14
10 6
11 18
12 17
13 22
14 11
15 23
16 13
17 0
18 21
19 16
20 1
21 15
22 10
23 20
24 19
SIMILAR

10 15 1 13 4 19 16 20 12 23 24 3 0 6 9 21 5 7 8 17 14 2 22 18 11 
0 12
1 2
2 21
3 11
4 4
5 16
6 13
7 17
8 18
9 14
10 0
11 24
12 8
13 3
14 20
15 1
16 6
17 19
18 23
19 5
20 7
21 15
22 22
23 9
24 10
SIMILAR

23 0 3 24 4 13 7 1 8 9 15 18 11 16 19 5 21 2 10 17 12 22 6 20 14 
0 1
1 7
2 17
3 2
4 4
5 15
6 22
7 6
8 8
9 9
10 18
11 12
12 20
13 5
14 24
15 10
16 13
17 19
18 11
19 14
20 23
21 16
22 21
23 0
24 3
SIMILAR

17 3 18 15 24 21 12 10 5 11 14 6 9 0 22 7 2 8 20 19 23 1 13 16 4 
0 13
1 21
2 16
3 1
4 24
5 8
6 11
7 15
8 17
9 12
10 7
11 9
12 6
13 22
14 10
15 3
16 23
17 0
18 2
19 19
20 18
21 5
22 14
23 20
24 4
SIMILAR

23 20 5 2 19 0 22 6 9 7 3 15 24 18 21 11 8 17 4 14 12 16 13 1 10 
0 5
1 23
2 3
3 10
4 18
5 2
6 7
7 9
8 16
9 8
10 24
11 15
12 20
13 22
14 19
15 11
16 21
17 17
18 13
19 4
20 1
21 14
22 6
23 0
24 12
SIMILAR

2 13 3 17 18 21 0 4 19 6 8 11 14 16 1 23 7 20 9 22 5 24 10 12 15 
0 6
1 14
2 0
3 2
4 7
5 20
6 9
7 16
8 10
9 18
10 22
11 11
12 23
13 1
14 12
15 24
16 13
17 3
18 4
19 8
20 17
21 5
22 19
23 15
24 21
SIMILAR

4 6 14 9 24 5 16 0 10 19 11 15 8 22 2 13 7 1 3 12 23 20 18 17 21 
0 7
1 17
2 14
3 18
4 0
5 5
6 1
7 16
8 12
9 3
10 8
11 10
12 19
13 15
14 2
15 11
16 6
17 23
18 22
19 9
20 21
21 24
22 13
23 20
24 4
SIMILAR

11 15 17 13 0 19 9 12 21 6 18 3 1 8 16 5 22 20 14 23 2 7 24 4 10 
0 4
1 12
2 20
3 11
4 23
5 15
6 9
7 21
8 13
9 6
10 24
11 0
12 7
13 3
14 18
15 1
16 14
17 2
18 10
19 5
20 17
21 8
22 16
23 19
24 22
SIMILAR

0 21 6 7 2 15 8 10 20 16 3 1 13 11 9 4 19 23 22 5 14 24 18 12 17 
0 0
1 11
2 4
3 10
4 15
5 19
6 2
7 3
8 6
9 14
10 7
11 13
12 23
13 12
14 20
15 5
16 9
17 24
18 22
19 16
20 8
21 1
22 18
23 17
24 21
SIMILAR

1 0 23 24 17 8 13 19 10 3 11 20 2 12 16 5 22 21 14 15 6 18 4 9 7 
0 1
1 0
2 12
3 9
4 22
5 15
6 20
7 24
8 5
9 23
10 8
11 10
12 13
13 6
14 18
15 19
16 14
17 4
18 21
19 7
20 11
21 17
22 16
23 2
24 3
SIMILAR

24 7 21 23 16 18 14 0 10 5 2 1 3 4 11 17 13 19 8 22 9 12 15 6 20 
0 7
1 11
2 10
3 12
4 13
5 9
6 23
7 1
8 18
9 20
10 8
11 14
12 21
13 16
14 6
15 22
16 4
17 15
18 5
19 17
20 24
21 2
22 19
23 3
24 0
SIMILAR

22 18 2 7 9 1 6 5 0 14 4 10 23 11 12 13 24 17 16 15 19 8 20 21 3 
0 8
1 5
2 2
3 24
4 10
5 7
6 6
7 3
8 21
9 4
10 11
11 13
12 14
13 15
14 9
15 19
16 18
17 17
18 1
19 20
20 22
21 23
22 0
23 12
24 16
SIMILAR

5 22 2 18 17 11 14 8 23 7 4 3 9 16 0 13 20 6 1 12 10 24 15 21 19 
0 14
1 18
2 2
3 11
4 10
5 0
6 17
7 9
8 7
9 12
10 20
11 5
12 19
13 15
14 6
15 22
16 13
17 4
18 3
19 24
20 16
21 23
22 1
23 8
24 21
SIMILAR

13 24 20 15 23 12 16 0 7 4 21 10 22 18 17 19 9 1 11 5 3 6 8 14 2 
0 7
1 17
2 24
3 20
4 9
5 19
6 21
7 8
8 22
9 16
10 11
11 18
12 5
13 0
14 23
15 3
16 6
17 14
18 13
19 15
20 2
21 10
22 12
23 4
24 1
SIMILAR

3 7 9 11 2 18 12 4 10 6 15 23 22 21 0 17 16 5 19 13 20 8 1 14 24 
0 14
1 22
2 4
3 0
4 7
5 17
6 9
7 1
8 21
9 2
10 8
11 3
12 6
13 19
14 23
15 10
16 16
17 15
18 5
19 18
20 20
21 13
22 12
23 11
24 24
SIMILAR

21 6 11 20 16 0 17 10 24 22 18 19 2 13 3 7 4 23 5 14 9 1 15 8 12 
0 5
1 21
2 12
3 14
4 16
5 18
6 1
7 15
8 23
9 20
10 7
11 2
12 24
13 13
14 19
15 22
16 4
17 6
18 10
19 11
20 3
21 0
22 9
23 17
24 8
SIMILAR

24 23 10 0 5 2 4 14 22 9 16 19 17 21 6 13 3 12 8 1 11 7 18 20 15 
0 3
1 19
2 5
3 16
4 6
5 4
6 14
7 21
8 18
9 9
10 2
11 20
12 17
13 15
14 7
15 24
16 10
17 12
18 22
19 11
20 23
21 13
22 8
23 1
24 0
SIMILAR

7 19 23 21 17 9 2 6 24 18 16 15 22 1 20 0 3 4 5 11 8 13 10 14 12 
0 15
1 13
2 6
3 16
4 17
5 18
6 7
7 0
8 20
9 5
10 22
11 19
12 24
13 21
14 23
15 11
16 10
17 4
18 9
19 1
20 14
21 3
22 12
23 2
24 8
SIMILAR

18 22 7 6 21 2 14 8 0 24 10 17 15 1 13 19 11 23 5 9 20 3 4 12 16 
0 8
1 13
2 5
3 21
4 22
5 18
6 3
7 2
8 7
9 19
10 10
11 16
12 23
13 14
14 6
15 12
16 24
17 11
18 0
19 15
20 20
21 4
22 1
23 17
24 9
SIMILAR

21 19 3 4 11 24 14 13 15 1 9 2 16 18 23 12 5 22 0 7 6 20 10 17 8 
0 18
1 9
2 11
3 2
4 3
5 16
6 20
7 19
8 24
9 10
10 22
11 4
12 15
13 7
14 6
15 8
16 12
17 23
18 13
19 1
20 21
21 0
22 17
23 14
24 5
SIMILAR

1 11 6 8 21 2 9 23 20 19 16 15 12 14 24 4 13 5 3 0 18 17 7 22 10 
0 19
1 0
2 5
3 18
4 15
5 17
6 2
7 22
8 3
9 6
10 24
11 1
12 12
13 16
14 13
15 11
16 10
17 21
18 20
19 9
20 8
21 4
22 23
23 7
24 14
SIMILAR

17 20 2 13 11 8 15 19 7 14 23 24 10 0 6 21 5 4 9 12 22 1 18 16 3 
0 13
1 21
2 2
3 24
4 17
5 16
6 14
7 8
8 5
9 18
10 12
11 4
12 19
13 3
14 9
15 6
16 23
17 0
18 22
19 7
20 1
21 15
22 20
23 10
24 11
SIMILAR

14 15 19 5 0 7 12 1 10 13 16 24 23 3 8 22 2 18 21 4 9 11 17 6 20 
0 4
1 7
2 16
3 13
4 19
5 3
6 23
7 5
8 14
9 20
10 8
11 21
12 6
13 9
14 0
15 1
16 10
17 22
18 17
19 2
20 24
21 18
22 15
23 12
24 11
SIMILAR

16 19 9 4 7 5 24 8 13 18 1 21 6 11 12 17 2 0 23 10 14 15 3 22 20 
0 17
1 10
2 16
3 22
4 3
5 5
6 12
7 4
8 7
9 2
10 19
11 13
12 14
13 8
14 20
15 21
16 0
17 15
18 9
19 1
20 24
21 11
22 23
23 18
24 6
SIMILAR

3 21 4 1 23 18 19 2 7 5 0 16 9 15 13 24 10 12 17 8 22 14 20 6 11 
0 10
1 3
2 7
3 0
4 2
5 9
6 23
7 8
8 19
9 12
10 16
11 24
12 17
13 14
14 21
15 13
16 11
17 18
18 5
19 6
20 22
21 1
22 20
23 4
24 15
SIMILAR

10 16 4 24 18 15 9 14 22 1 2 23 12 21 19 7 8 5 11 20 6 17 3 13 0 
0 24
1 9
2 10
3 22
4 2
5 17
6 20
7 15
8 16
9 6
10 0
11 18
12 12
13 23
14 7
15 5
16 1
17 21
18 4
19 14
20 19
21 13
22 8
23 11
24 3
SIMILAR

19 12 17 23 22 7 10 5 3 6 20 14 0 1 18 4 13 11 24 16 8 21 15 9 2 
0 12
1 13
2 24
3 8
4 15
5 7
6 9
7 5
8 20
9 23
10 6
11 17
12 1
13 16
14 11
15 22
16 19
17 2
18 14
19 0
20 10
21 21
22 4
23 3
24 18
SIMILAR

5 19 10 8 22 17 24 14 11 21 15 3 7 0 16 12 23 1 2 13 6 18 20 4 9 
0 13
1 17
2 18
3 11
4 23
5 0
6 20
7 12
8 3
9 24
10 2
11 8
12 15
13 19
14 7
15 10
16 14
17 5
18 21
19 1
20 22
21 9
22 4
23 16
24 6
SIMILAR

10 9 14 23 18 5 22 15 21 24 0 7 3 6 12 16 2 13 11 1 19 4 8 17 20 
0 10
1 19
2 16
3 12
4 21
5 5
6 13
7 11
8 22
9 1
10 0
11 18
12 14
13 17
14 2
15 7
16 15
17 23
18 4
19 20
20 24
21 8
22 6
23 3
24 9
SIMILAR

22 20 10 9 4 17 8 11 15 21 3 14 24 7 1 13 19 6 23 5 12 16 18 2 0 
0 24
1 14
2 23
3 10
4 4
5 19
6 17
7 13
8 6
9 3
10 2
11 7
12 20
13 15
14 11
15 8
16 21
17 5
18 22
19 16
20 1
21 9
22 0
23 18
24 12
SIMILAR

12 10 20 8 24 14 9 13 5 3 1 11 23 19 18 21 2 6 0 17 4 15 16 22 7 
0 18
1 10
2 16
3 9
4 20
5 8
6 17
7 24
8 3
9 6
10 1
11 11
12 0
13 7
14 5
15 21
16 22
17 19
18 14
19 13
20 2
21 15
22 23
23 12
24 4
SIMILAR

7 3 24 20 1 19 18 23 8 13 2 15 0 14 11 21 17 9 5 16 10 6 22 12 4 
0 12
1 4
2 10
3 1
4 24
5 18
6 21
7 0
8 8
9 17
10 20
11 14
12 23
13 9
14 13
15 11
16 19
17 16
18 6
19 5
20 3
21 15
22 22
23 7
24 2
SIMILAR

19 6 5 12 11 9 10 16 14 13 1 3 8 4 20 17 2 21 15 24 22 18 7 23 0 
0 24
1 10
2 16
3 11
4 13
5 2
6 1
7 22
8 12
9 5
10 6
11 4
12 3
13 9
14 8
15 18
16 7
17 15
18 21
19 0
20 14
21 17
22 20
23 23
24 19
SIMILAR

20 21 16 15 7 22 11 10 0 8 5 2 6 23 1 17 12 18 19 14 9 13 4 3 24 
0 8
1 14
2 11
3 23
4 22
5 10
6 12
7 4
8 9
9 20
10 7
11 6
12 16
13 21
14 19
15 3
16 2
17 15
18 17
19 18
20 0
21 1
22 5
23 13
24 24
SIMILAR

16 13 1 4 18 22 24 10 9 0 2 19 8 12 14 23 7 3 17 21 15 20 5 11 6 
0 9
1 2
2 10
3 17
4 3
5 22
6 24
7 16
8 12
9 8
10 7
11 23
12 13
13 1
14 14
15 20
16 0
17 18
18 4
19 11
20 21
21 19
22 5
23 15
24 6
SIMILAR

6 24 11 20 3 18 22 2 9 15 13 1 5 0 12 10 4 7 23 16 8 19 21 14 17 
0 13
1 11
2 7
3 4
4 16
5 12
6 0
7 17
8 20
9 8
10 15
11 2
12 14
13 10
14 23
15 9
16 19
17 24
18 5
19 21
20 3
21 22
22 6
23 18
24 1
SIMILAR

9 12 17 23 11 20 7 10 14 1 13 0 5 21 24 6 3 8 16 4 22 18 19 2 15 
0 11
1 9
2 23
3 16
4 19
5 12
6 15
7 6
8 17
9 0
10 7
11 4
12 1
13 10
14 8
15 24
16 18
17 2
18 21
19 22
20 5
21 13
22 20
23 3
24 14
SIMILAR

8 20 21 6 18 23 7 16 10 13 9 22 11 4 12 0 5 2 24 3 19 14 17 15 1 
0 15
1 24
2 17
3 19
4 13
5 16
6 3
7 6
8 0
9 10
10 8
11 12
12 14
13 9
14 21
15 23
16 7
17 22
18 4
19 20
20 1
21 2
22 11
23 5
24 18
SIMILAR

11 8 6 18 2 13 15 16 1 14 9 17 22 7 23 4 20 0 5 12 19 10 3 24 21 
0 17
1 8
2 4
3 22
4 15
5 18
6 2
7 13
8 1
9 10
10 21
11 0
12 19
13 5
14 9
15 6
16 7
17 11
18 3
19 20
20 16
21 24
22 12
23 14
24 23
SIMILAR

3 17 12 16 4 22 2 23 20 13 10 21 11 5 19 24 6 1 14 18 7 0 15 9 8 
0 21
1 17
2 6
3 0
4 4
5 13
6 16
7 20
8 24
9 23
10 10
11 12
12 2
13 9
14 18
15 22
16 3
17 1
18 19
19 14
20 8
21 11
22 5
23 7
24 15
SIMILAR

10 23 16 12 7 11 14 21 15 22 5 3 17 19 6 18 24 2 8 4 0 13 20 9 1 
0 20
1 24
2 17
3 11
4 19
5 10
6 14
7 4
8 18
9 23
10 0
11 5
12 3
13 21
14 6
15 8
16 2
17 12
18 15
19 13
20 22
21 7
22 9
23 1
24 16
SIMILAR

11 4 7 20 6 21 22 1 18 10 23 3 16 13 5 19 0 2 9 8 15 24 12 17 14 
0 16
1 7
2 17
3 11
4 1
5 14
6 4
7 2
8 19
9 18
10 9
11 0
12 22
13 13
14 24
15 20
16 12
17 23
18 8
19 15
20 3
21 5
22 6
23 10
24 21
SIMILAR

10 5 23 7 19 12 13 22 24 15 16 0 14 2 6 21 3 17 8 20 18 9 1 11 4 
0 11
1 22
2 13
3 16
4 24
5 1
6 14
7 3
8 18
9 21
10 0
11 23
12 5
13 6
14 12
15 9
16 10
17 17
18 20
19 4
20 19
21 15
22 7
23 2
24 8
SIMILAR

20 2 18 21 16 11 6 1 24 4 8 3 22 14 17 5 0 13 12 9 7 15 10 19 23 
0 16
1 7
2 1
3 11
4 9
5 15
6 6
7 20
8 10
9 19
10 22
11 5
12 18
13 17
14 13
15 21
16 4
17 14
18 2
19 23
20 0
21 3
22 12
23 24
24 8
SIMILAR

23 7 1 11 18 6 8 21 15 4 2 9 22 13 17 3 12 10 19 20 0 16 5 14 24 
0 20
1 2
2 10
3 15
4 9
5 22
6 5
7 1
8 6
9 11
10 17
11 3
12 16
13 13
14 23
15 8
16 21
17 14
18 4
19 18
20 19
21 7
22 12
23 0
24 24
SIMILAR

14 9 0 4 8 20 3 17 5 1 11 6 13 22 7 10 19 24 21 15 18 23 12 16 2 
0 2
1 9
2 24
3 6
4 3
5 8
6 11
7 14
8 4
9 1
10 15
11 10
12 22
13 12
14 0
15 19
16 23
17 7
18 20
19 16
20 5
21 18
22 13
23 21
24 17
SIMILAR

17 20 22 5 15 4 14 19 1 0 8 18 2 13 11 16 9 10 24 7 23 6 3 21 12 
0 9
1 8
2 12
3 22
4 5
5 3
6 21
7 19
8 10
9 16
10 17
11 14
12 24
13 13
14 6
15 4
16 15
17 0
18 11
19 7
20 1
21 23
22 2
23 20
24 18
SIMILAR

23 16 9 0 19 2 18 8 12 5 11 13 17 20 21 1 14 24 4 6 3 22 15 7 10 
0 3
1 15
2 5
3 20
4 18
5 9
6 19
7 23
8 7
9 2
10 24
11 10
12 8
13 11
14 16
15 22
16 1
17 12
18 6
19 4
20 13
21 14
22 21
23 0
24 17
SIMILAR

3 19 8 11 10 16 4 1 24 6 17 20 22 12 5 9 23 14 2 7 13 0 18 21 15 
0 21
1 7
2 18
3 0
4 6
5 14
6 9
7 19
8 2
9 15
10 4
11 3
12 13
13 20
14 17
15 24
16 5
17 10
18 22
19 1
20 11
21 23
22 12
23 16
24 8
SIMILAR

24 16 23 19 5 20 22 0 8 18 21 9 4 12 10 6 15 17 1 3 14 2 7 13 11 
0 7
1 18
2 21
3 19
4 12
5 4
6 15
7 22
8 8
9 11
10 14
11 24
12 13
13 23
14 20
15 16
16 1
17 17
18 9
19 3
20 5
21 10
22 6
23 2
24 0
SIMILAR

7 11 1 0 22 5 16 21 8 2 6 3 12 19 10 23 13 17 20 9 14 18 4 24 15 
0 3
1 2
2 9
3 11
4 22
5 5
6 10
7 0
8 8
9 19
10 14
11 1
12 12
13 16
14 20
15 24
16 6
17 17
18 21
19 13
20 18
21 7
22 4
23 15
24 23
SIMILAR

6 8 5 19 22 2 9 10 18 15 7 17 12 3 16 20 24 21 13 14 23 11 0 4 1 
0 22
1 24
2 5
3 13
4 23
5 2
6 0
7 10
8 1
9 6
10 7
11 21
12 12
13 18
14 19
15 9
16 14
17 11
18 8
19 3
20 15
21 17
22 4
23 20
24 16
SIMILAR

24 15 8 3 5 23 4 19 17 2 20 7 9 16 6 14 11 12 10 1 0 18 13 21 22 
0 20
1 19
2 9
3 3
4 6
5 4
6 14
7 11
8 2
9 12
10 18
11 16
12 17
13 22
14 15
15 1
16 13
17 8
18 21
19 7
20 10
21 23
22 24
23 5
24 0
SIMILAR

19 21 12 14 16 22 10 8 15 6 2 9 7 18 4 1 24 5 23 3 17 13 11 20 0 
0 24
1 15
2 10
3 19
4 14
5 17
6 9
7 12
8 7
9 11
10 6
11 22
12 2
13 21
14 3
15 8
16 4
17 20
18 13
19 0
20 23
21 1
22 5
23 18
24 16
SIMILAR

19 20 13 23 14 24 21 6 2 8 18 17 10 16 11 22 7 1 12 4 0 5 3 9 15 
0 20
1 17
2 8
3 22
4 19
5 21
6 7
7 16
8 9
9 23
10 12
11 14
12 18
13 2
14 4
15 24
16 13
17 11
18 10
19 0
20 1
21 6
22 15
23 3
24 5
SIMILAR

0 15 23 21 7 13 14 8 24 3 19 1 18 11 10 9 12 22 5 4 20 2 6 17 16 
0 0
1 11
2 21
3 9
4 19
5 18
6 22
7 4
8 7
9 15
10 14
11 13
12 16
13 5
14 6
15 1
16 24
17 23
18 12
19 10
20 20
21 3
22 17
23 2
24 8
SIMILAR

8 0 19 18 5 9 1 24 10 16 22 14 23 2 17 15 11 21 4 13 7 12 3 6 20 
0 1
1 6
2 13
3 22
4 18
5 4
6 23
7 20
8 0
9 5
10 8
11 16
12 21
13 19
14 11
15 15
16 9
17 14
18 3
19 2
20 24
21 17
22 10
23 12
24 7
SIMILAR

19 20 15 10 9 17 21 24 8 22 18 0 12 5 3 13 4 16 7 6 14 11 1 23 2 
0 11
1 22
2 24
3 14
4 16
5 13
6 19
7 18
8 8
9 4
10 3
11 21
12 12
13 15
14 20
15 2
16 17
17 5
18 10
19 0
20 1
21 6
22 9
23 23
24 7
SIMILAR

3 21 18 11 20 13 15 19 5 17 0 6 14 10 22 16 2 12 9 4 7 1 8 24 23 
0 10
1 21
2 16
3 0
4 19
5 8
6 11
7 20
8 22
9 18
10 13
11 3
12 17
13 5
14 12
15 6
16 15
17 9
18 2
19 7
20 4
21 1
22 14
23 24
24 23
SIMILAR

9 7 6 15 0 14 5 20 19 13 11 3 2 24 23 12 22 4 1 21 10 16 17 8 18 
0 4
1 18
2 12
3 11
4 17
5 6
6 2
7 1
8 23
9 0
10 20
11 10
12 15
13 9
14 5
15 3
16 21
17 22
18 24
19 8
20 7
21 19
22 16
23 14
24 13
SIMILAR

19 13 17 7 3 24 22 14 5 16 21 11 1 23 8 0 18 15 2 9 10 20 12 4 6 
0 15
1 12
2 18
3 4
4 23
5 8
6 24
7 3
8 14
9 19
10 20
11 11
12 22
13 1
14 7
15 17
16 9
17 2
18 16
19 0
20 21
21 10
22 6
23 13
24 5
SIMILAR

22 21 0 15 20 10 17 4 12 16 19 7 8 9 14 1 6 3 18 2 13 5 11 24 23 
0 2
1 15
2 19
3 17
4 7
5 21
6 16
7 11
8 12
9 13
10 5
11 22
12 8
13 20
14 14
15 3
16 9
17 6
18 18
19 10
20 4
21 1
22 0
23 24
24 23
SIMILAR

4 1 14 10 7 22 18 3 0 21 13 2 8 16 24 20 19 15 9 5 11 23 6 17 12 
0 8
1 1
2 11
3 7
4 0
5 19
6 22
7 4
8 12
9 18
10 3
11 20
12 24
13 10
14 2
15 17
16 13
17 23
18 6
19 16
20 15
21 9
22 5
23 21
24 14
SIMILAR

7 21 17 8 24 9 4 14 6 16 0 3 12 23 1 20 10 18 5 22 19 15 2 13 11 
0 10
1 14
2 22
3 11
4 6
5 18
6 8
7 0
8 3
9 5
10 16
11 24
12 12
13 23
14 7
15 21
16 9
17 2
18 17
19 20
20 15
21 1
22 19
23 13
24 4
SIMILAR

21 6 17 22 9 8 23 13 20 19 3 11 14 10 15 12 4 7 5 0 1 2 16 18 24 
0 19
1 20
2 21
3 10
4 16
5 18
6 1
7 17
8 5
9 4
10 13
11 11
12 15
13 7
14 12
15 14
16 22
17 2
18 23
19 9
20 8
21 0
22 3
23 6
24 24
SIMILAR

16 0 6 12 2 7 14 19 17 3 8 4 23 10 20 24 15 18 1 11 5 9 22 21 13 
0 1
1 18
2 4
3 9
4 11
5 20
6 2
7 5
8 10
9 21
10 13
11 19
12 3
13 24
14 6
15 16
16 0
17 8
18 17
19 7
20 14
21 23
22 22
23 12
24 15
SIMILAR

3 0 15 7 21 17 4 1 14 10 23 13 20 18 16 2 22 24 9 8 19 11 12 5 6 
0 1
1 7
2 15
3 0
4 6
5 23
6 24
7 3
8 19
9 18
10 9
11 21
12 22
13 11
14 8
15 2
16 14
17 5
18 13
19 20
20 12
21 4
22 16
23 10
24 17
SIMILAR

4 7 3 6 11 18 0 10 19 17 21 15 14 24 8 12 20 1 9 22 5 2 16 23 13 
0 6
1 17
2 21
3 2
4 0
5 20
6 3
7 1
8 14
9 18
10 7
11 4
12 15
13 24
14 12
15 11
16 22
17 9
18 5
19 8
20 16
21 10
22 19
23 23
24 13
SIMILAR

5 10 11 3 4 19 12 22 21 20 1 16 9 24 18 14 13 15 7 2 6 8 0 17 23 
0 22
1 10
2 19
3 3
4 4
5 0
6 20
7 18
8 21
9 12
10 1
11 2
12 6
13 16
14 15
15 17
16 11
17 23
18 14
19 5
20 9
21 8
22 7
23 24
24 13
SIMILAR

15 3 17 12 14 18 6 13 24 4 0 10 11 19 7 8 21 23 9 1 2 16 20 5 22 
0 10
1 19
2 20
3 1
4 9
5 23
6 6
7 14
8 15
9 18
10 11
11 12
12 3
13 7
14 4
15 0
16 21
17 2
18 5
19 13
20 22
21 16
22 24
23 17
24 8
SIMILAR

2 17 16 22 14 6 20 3 8 10 7 5 19 21 9 12 24 18 11 13 23 1 0 15 4 
0 22
1 21
2 0
3 7
4 24
5 11
6 5
7 10
8 8
9 14
10 9
11 18
12 15
13 19
14 4
15 23
16 2
17 1
18 17
19 12
20 6
21 13
22 3
23 20
24 16
SIMILAR

22 11 3 17 8 9 10 4 0 24 1 23 15 14 19 16 21 12 20 18 6 2 13 7 5 
0 8
1 10
2 21
3 2
4 7
5 24
6 20
7 23
8 4
9 5
10 6
11 1
12 17
13 22
14 13
15 12
16 15
17 3
18 19
19 14
20 18
21 16
22 0
23 11
24 9
SIMILAR

8 14 1 15 3 7 20 16 23 10 24 12 17 5 2 21 13 22 18 0 19 9 11 6 4 
0 19
1 2
2 14
3 4
4 24
5 13
6 23
7 5
8 0
9 21
10 9
11 22
12 11
13 16
14 1
15 3
16 7
17 12
18 18
19 20
20 6
21 15
22 17
23 8
24 10
SIMILAR

1 22 3 9 21 13 15 8 23 19 7 6 11 18 20 12 17 4 24 2 14 10 5 16 0 
0 24
1 0
2 19
3 2
4 17
5 22
6 11
7 10
8 7
9 3
10 21
11 12
12 15
13 5
14 20
15 6
16 23
17 16
18 13
19 9
20 14
21 4
22 1
23 8
24 18
SIMILAR

21 15 16 6 19 1 10 11 12 22 20 13 9 18 7 14 2 3 24 17 8 4 23 5 0 
0 24
1 5
2 16
3 17
4 21
5 23
6 3
7 14
8 20
9 12
10 6
11 7
12 8
13 11
14 15
15 1
16 2
17 19
18 13
19 4
20 10
21 0
22 9
23 22
24 18
SIMILAR

4 13 23 20 15 9 6 19 8 14 21 17 3 2 24 0 12 16 7 1 10 18 22 11 5 
0 15
1 19
2 13
3 12
4 0
5 24
6 6
7 18
8 8
9 5
10 20
11 23
12 16
13 1
14 9
15 4
16 17
17 11
18 21
19 7
20 3
21 10
22 22
23 2
24 14
SIMILAR

6 17 23 14 24 8 5 2 11 21 9 18 16 1 19 4 20 10 22 13 7 12 0 3 15 
0 22
1 13
2 7
3 23
4 15
5 6
6 0
7 20
8 5
9 10
10 17
11 8
12 21
13 19
14 3
15 24
16 12
17 1
18 11
19 14
20 16
21 9
22 18
23 2
24 4
SIMILAR

6 21 5 16 20 13 8 12 22 15 11 7 4 17 24 0 18 9 19 14 3 1 23 2 10 
0 15
1 21
2 23
3 20
4 12
5 2
6 0
7 11
8 6
9 17
10 24
11 10
12 7
13 5
14 19
15 9
16 3
17 13
18 16
19 18
20 4
21 1
22 8
23 22
24 14
SIMILAR

1 16 20 2 7 8 18 4 12 23 21 14 10 13 11 15 3 24 19 5 22 9 0 6 17 
0 22
1 0
2 3
3 16
4 7
5 19
6 23
7 4
8 5
9 21
10 12
11 14
12 8
13 13
14 11
15 15
16 1
17 24
18 6
19 18
20 2
21 10
22 20
23 9
24 17
SIMILAR

0 16 20 2 13 21 19 18 10 7 23 3 22 15 5 4 9 17 14 12 11 1 8 24 6 
0 0
1 21
2 3
3 11
4 15
5 14
6 24
7 9
8 22
9 16
10 8
11 20
12 19
13 4
14 18
15 13
16 1
17 17
18 7
19 6
20 2
21 5
22 12
23 10
24 23
SIMILAR

14 20 21 3 15 9 8 19 11 4 22 0 13 5 16 23 18 7 1 10 12 24 6 2 17 
0 11
1 18
2 23
3 3
4 9
5 13
6 22
7 17
8 6
9 5
10 19
11 8
12 20
13 12
14 0
15 4
16 14
17 24
18 16
19 7
20 1
21 2
22 10
23 15
24 21
SIMILAR

23 22 13 0 11 15 17 2 19 20 1 5 7 4 24 21 16 10 3 6 8 14 12 18 9 
0 3
1 10
2 7
3 18
4 13
5 11
6 19
7 12
8 20
9 24
10 17
11 4
12 22
13 2
14 21
15 5
16 16
17 6
18 23
19 8
20 9
21 15
22 1
23 0
24 14
SIMILAR

11 10 22 24 17 20 4 14 1 9 19 18 8 21 2 12 6 16 15 7 3 13 23 5 0 
0 24
1 8
2 14
3 20
4 6
5 23
6 16
7 19
8 12
9 9
10 1
11 0
12 15
13 21
14 7
15 18
16 17
17 4
18 11
19 10
20 5
21 13
22 2
23 22
24 3
SIMILAR

7 14 1 13 23 19 4 15 16 0 21 3 20 17 12 9 10 22 11 24 5 2 6 18 8 
0 9
1 2
2 21
3 11
4 6
5 20
6 22
7 0
8 24
9 15
10 16
11 18
12 14
13 3
14 1
15 7
16 8
17 13
18 23
19 5
20 12
21 10
22 17
23 4
24 19
SIMILAR

11 6 12 20 15 16 9 4 24 19 0 14 3 2 5 17 10 7 23 22 8 1 21 18 13 
0 10
1 21
2 13
3 12
4 7
5 14
6 1
7 17
8 20
9 6
10 16
11 0
12 2
13 24
14 11
15 4
16 5
17 15
18 23
19 9
20 3
21 22
22 19
23 18
24 8
SIMILAR

12 22 6 17 1 10 4 14 0 13 16 8 7 20 23 19 2 9 11 5 21 24 3 15 18 
0 8
1 4
2 16
3 22
4 6
5 19
6 2
7 12
8 11
9 17
10 5
11 18
12 0
13 9
14 7
15 23
16 10
17 3
18 24
19 15
20 13
21 20
22 1
23 14
24 21
SIMILAR

24 2 9 23 1 11 12 19 14 16 22 18 20 0 13 21 4 3 17 5 7 8 10 15 6 
0 13
1 4
2 1
3 17
4 16
5 19
6 24
7 20
8 21
9 2
10 22
11 5
12 6
13 14
14 8
15 23
16 9
17 18
18 11
19 7
20 12
21 15
22 10
23 3
24 0
SIMILAR

1 24 15 5 13 19 7 10 4 0 8 9 14 18 20 2 12 16 11 21 3 22 17 6 23 
0 9
1 0
2 15
3 20
4 8
5 3
6 23
7 6
8 10
9 11
10 7
11 18
12 16
13 4
14 12
15 2
16 17
17 22
18 13
19 5
20 14
21 19
22 21
23 24
24 1
SIMILAR

4 7 21 13 8 19 17 18 12 20 0 24 15 3 14 23 11 22 6 5 9 2 1 10 16 
0 10
1 22
2 21
3 13
4 0
5 19
6 18
7 1
8 4
9 20
10 23
11 16
12 8
13 3
14 14
15 12
16 24
17 6
18 7
19 5
20 9
21 2
22 17
23 15
24 11
SIMILAR

10 19 16 15 23 5 7 20 8 22 2 24 13 4 6 12 1 18 14 0 3 9 11 17 21 
0 19
1 16
2 10
3 20
4 13
5 5
6 14
7 6
8 8
9 21
10 0
11 22
12 15
13 12
14 18
15 3
16 2
17 23
18 17
19 1
20 7
21 24
22 9
23 4
24 11
SIMILAR

21 2 8 22 20 18 11 0 23 19 15 7 3 5 12 1 13 10 14 16 6 9 17 24 4 
0 7
1 15
2 1
3 12
4 24
5 13
6 20
7 11
8 2
9 21
10 17
11 6
12 14
13 16
14 18
15 10
16 19
17 22
18 5
19 9
20 4
21 0
22 3
23 8
24 23
SIMILAR

8 20 16 11 5 10 7 6 18 4 21 9 23 2 12 19 3 15 0 13 17 22 24 1 14 
0 18
1 23
2 13
3 16
4 9
5 4
6 7
7 6
8 0
9 11
10 5
11 3
12 14
13 19
14 24
15 17
16 2
17 20
18 8
19 15
20 1
21 10
22 21
23 12
24 22
SIMILAR

17 2 15 14 8 0 19 10 24 6 7 3 22 9 11 4 13 12 18 20 23 21 16 5 1 
0 5
1 24
2 1
3 11
4 15
5 23
6 9
7 10
8 4
9 13
10 7
11 14
12 17
13 16
14 3
15 2
16 22
17 0
18 18
19 6
20 19
21 21
22 12
23 20
24 8
SIMILAR
100 0
300 0
210300 0
