46
0 1 1 1 0 0 0 1 1 1 0 1 1 1 0 1 1 1 1 1 1 0 1 0 0 0 1 0 0 1 1 0 1 1 1 1 1 0 0 0 0 1 1 1 1 0 
1 0 1 1 0 1 1 1 0 0 0 0 0 0 0 1 1 1 0 0 1 0 0 1 1 1 1 1 1 1 1 0 0 0 1 1 0 0 1 0 1 0 1 0 0 1 
1 1 0 1 1 0 0 1 1 1 0 0 0 0 1 1 0 1 1 1 1 1 0 1 1 0 1 0 1 0 0 1 0 0 0 1 1 0 1 1 0 0 0 0 1 0 
1 1 1 0 0 0 0 0 0 0 0 0 0 1 0 1 1 1 1 1 0 0 0 1 0 1 1 0 1 1 0 0 1 1 0 1 1 1 0 0 1 1 0 1 0 1 
0 0 1 0 0 0 1 0 0 1 1 1 0 0 1 1 1 0 1 0 0 1 1 1 0 0 0 1 0 1 1 0 1 1 1 1 0 0 1 0 0 0 0 0 0 0 
0 1 0 0 0 0 1 1 1 1 0 0 0 0 0 1 1 1 1 0 0 0 1 0 0 0 1 0 0 0 0 0 0 0 1 1 1 0 1 1 1 1 1 0 1 0 
0 1 0 0 1 1 0 1 0 1 0 0 0 1 1 1 0 1 1 1 0 1 0 1 1 0 0 1 0 1 0 1 0 0 1 1 1 1 1 1 0 1 0 1 0 1 
1 1 1 0 0 1 1 0 0 1 0 1 1 0 0 1 0 1 1 1 0 0 0 0 0 0 0 0 0 0 1 0 1 0 1 1 1 0 0 1 1 0 0 0 0 0 
1 0 1 0 0 1 0 0 0 0 1 0 0 1 0 1 0 1 0 0 0 1 1 1 0 0 1 0 1 0 0 1 1 0 1 1 1 1 1 1 1 0 1 0 1 1 
1 0 1 0 1 1 1 1 0 0 1 1 0 1 1 1 0 1 0 1 1 0 0 0 1 0 1 1 0 1 1 1 0 0 1 0 0 0 1 0 1 0 1 1 0 0 
0 0 0 0 1 0 0 0 1 1 0 1 1 0 0 0 1 0 0 1 0 0 1 0 1 0 0 1 1 0 1 0 0 1 0 0 0 1 1 1 0 0 0 0 1 1 
1 0 0 0 1 0 0 1 0 1 1 0 0 0 1 1 1 1 1 1 0 0 1 1 1 1 0 1 0 1 0 0 1 0 1 0 0 1 1 0 1 1 1 0 0 0 
1 0 0 0 0 0 0 1 0 0 1 0 0 0 0 1 1 1 1 1 0 0 1 0 0 0 1 0 1 1 1 1 1 1 1 0 0 1 0 0 0 0 1 0 1 0 
1 0 0 1 0 0 1 0 1 1 0 0 0 0 1 0 1 1 1 1 0 0 1 1 1 1 1 0 0 0 0 1 0 1 1 1 1 1 1 1 0 0 1 1 0 0 
0 0 1 0 1 0 1 0 0 1 0 1 0 1 0 0 0 0 0 0 1 1 0 1 1 0 0 0 0 1 0 1 1 1 1 0 1 0 0 1 0 1 1 1 0 1 
1 1 1 1 1 1 1 1 1 1 0 1 1 0 0 0 0 0 0 1 0 0 1 0 0 1 1 1 1 0 1 1 0 0 1 0 0 1 1 0 1 1 1 1 1 0 
1 1 0 1 1 1 0 0 0 0 1 1 1 1 0 0 0 1 1 1 1 1 1 0 0 0 1 1 1 1 0 1 1 0 0 1 0 0 0 0 1 0 0 1 0 1 
1 1 1 1 0 1 1 1 1 1 0 1 1 1 0 0 1 0 0 0 1 1 1 1 1 1 0 0 0 0 1 1 1 1 1 0 1 1 1 0 1 0 1 0 0 1 
1 0 1 1 1 1 1 1 0 0 0 1 1 1 0 0 1 0 0 0 1 1 1 0 0 0 1 0 1 0 1 0 0 0 1 1 1 1 0 1 0 1 0 1 0 1 
1 0 1 1 0 0 1 1 0 1 1 1 1 1 0 1 1 0 0 0 0 1 1 1 0 1 0 1 1 1 1 0 1 0 1 0 1 1 0 1 0 0 0 1 1 0 
1 1 1 0 0 0 0 0 0 1 0 0 0 0 1 0 1 1 1 0 0 1 0 0 0 0 0 1 0 1 1 1 0 0 0 0 1 1 1 1 1 0 1 1 1 0 
0 0 1 0 1 0 1 0 1 0 0 0 0 0 1 0 1 1 1 1 1 0 0 0 0 1 0 0 0 1 0 0 1 0 1 0 1 1 1 1 0 0 1 0 1 0 
1 0 0 0 1 1 0 0 1 0 1 1 1 1 0 1 1 1 1 1 0 0 0 1 0 0 1 1 0 1 1 1 1 0 1 0 1 0 0 1 0 1 1 0 0 0 
0 1 1 1 1 0 1 0 1 0 0 1 0 1 1 0 0 1 0 1 0 0 1 0 0 0 1 0 0 0 1 0 0 0 1 0 1 1 0 0 1 1 0 1 1 1 
0 1 1 0 0 0 1 0 0 1 1 1 0 1 1 0 0 1 0 0 0 0 0 0 0 0 0 1 1 1 0 1 1 0 1 0 1 0 0 1 1 0 0 1 0 0 
0 1 0 1 0 0 0 0 0 0 0 1 0 1 0 1 0 1 0 1 0 1 0 0 0 0 0 1 1 0 0 1 1 0 1 0 1 0 1 0 1 0 1 1 0 0 
1 1 1 1 0 1 0 0 1 1 0 0 1 1 0 1 1 0 1 0 0 0 1 1 0 0 0 1 1 1 0 0 1 1 1 1 1 0 1 1 0 1 1 1 0 0 
0 1 0 0 1 0 1 0 0 1 1 1 0 0 0 1 1 0 0 1 1 0 1 0 1 1 1 0 1 1 1 0 0 1 0 0 1 1 1 1 0 0 0 0 1 1 
0 1 1 1 0 0 0 0 1 0 1 0 1 0 0 1 1 0 1 1 0 0 0 0 1 1 1 1 0 1 0 1 0 0 0 1 1 1 0 0 1 0 1 0 0 1 
1 1 0 1 1 0 1 0 0 1 0 1 1 0 1 0 1 0 0 1 1 1 1 0 1 0 1 1 1 0 1 0 0 1 0 0 1 0 1 0 1 0 1 0 0 0 
1 1 0 0 1 0 0 1 0 1 1 0 1 0 0 1 0 1 1 1 1 0 1 1 0 0 0 1 0 1 0 1 1 0 1 1 1 1 0 1 0 0 0 1 1 0 
0 0 1 0 0 0 1 0 1 1 0 0 1 1 1 1 1 1 0 0 1 0 1 0 1 1 0 0 1 0 1 0 1 0 0 0 1 1 0 0 1 0 0 0 1 1 
1 0 0 1 1 0 0 1 1 0 0 1 1 0 1 0 1 1 0 1 0 1 1 0 1 1 1 0 0 0 1 1 0 1 0 1 1 1 1 0 0 0 0 0 0 0 
1 0 0 1 1 0 0 0 0 0 1 0 1 1 1 0 0 1 0 0 0 0 0 0 0 0 1 1 0 1 0 0 1 0 1 0 0 0 0 0 1 1 1 1 0 0 
1 1 0 0 1 1 1 1 1 1 0 1 1 1 1 1 0 1 1 1 0 1 1 1 1 1 1 0 0 0 1 0 0 1 0 0 1 1 0 1 1 1 1 0 0 0 
1 1 1 1 1 1 1 1 1 0 0 0 0 1 0 0 1 0 1 0 0 0 0 0 0 0 1 0 1 0 1 0 1 0 0 0 1 0 0 0 0 0 1 0 0 0 
1 0 1 1 0 1 1 1 1 0 0 0 0 1 1 0 0 1 1 1 1 1 1 1 1 1 1 1 1 1 1 1 1 0 1 1 0 0 1 1 1 0 0 0 0 1 
0 0 0 1 0 0 1 0 1 0 1 1 1 1 0 1 0 1 1 1 1 1 0 1 0 0 0 1 1 0 1 1 1 0 1 0 0 0 1 0 1 1 0 0 0 0 
0 1 1 0 1 1 1 0 1 1 1 1 0 1 0 1 0 1 0 0 1 1 0 0 0 1 1 1 0 1 0 0 1 0 0 0 1 1 0 0 1 0 1 0 1 0 
0 0 1 0 0 1 1 1 1 0 1 0 0 1 1 0 0 0 1 1 1 1 1 0 1 0 1 1 0 0 1 0 0 0 1 0 1 0 0 0 1 0 1 0 0 1 
0 1 0 1 0 1 0 1 1 1 0 1 0 0 0 1 1 1 0 0 1 0 0 1 1 1 0 0 1 1 0 1 0 1 1 0 1 1 1 1 0 0 1 0 1 0 
1 0 0 1 0 1 1 0 0 0 0 1 0 0 1 1 0 0 1 0 0 0 1 1 0 0 1 0 0 0 0 0 0 1 1 0 0 1 0 0 0 0 1 0 1 1 
1 1 0 0 0 1 0 0 1 1 0 1 1 1 1 1 0 1 0 0 1 1 1 0 0 1 1 0 1 1 0 0 0 1 1 1 0 0 1 1 1 1 0 0 0 0 
1 0 0 1 0 0 1 0 0 1 0 0 0 1 1 1 1 0 1 1 1 0 0 1 1 1 1 0 0 0 1 0 0 1 0 0 0 0 0 0 0 0 0 0 1 0 
1 0 1 0 0 1 0 0 1 0 1 0 1 0 0 1 0 0 0 1 1 1 0 1 0 0 0 1 0 0 1 1 0 0 0 0 0 0 1 0 1 1 0 1 0 0 
0 1 0 1 0 0 1 0 1 0 1 0 0 0 1 0 1 1 1 0 0 0 0 1 0 0 0 1 1 0 0 1 0 0 0 0 1 0 0 1 0 1 0 0 0 0 

33 38 12 45 24 7 3 6 32 36 37 18 4 42 40 16 11 5 22 1 44 20 0 25 2 35 9 14 26 19 27 8 39 29 21 34 23 15 28 41 10 17 31 30 43 13 
0 22
1 19
2 24
3 6
4 12
5 17
6 7
7 5
8 31
9 26
10 40
11 16
12 2
13 45
14 27
15 37
16 15
17 41
18 11
19 29
20 21
21 34
22 18
23 36
24 4
25 23
26 28
27 30
28 38
29 33
30 43
31 42
32 8
33 0
34 35
35 25
36 9
37 10
38 1
39 32
40 14
41 39
42 13
43 44
44 20
45 3
SIMILAR

41 8 16 32 40 25 42 43 12 1 26 11 10 39 21 20 31 14 9 29 7 0 5 24 35 19 3 22 36 23 34 6 17 27 37 18 44 28 2 45 38 15 13 30 33 4 
0 21
1 9
2 38
3 26
4 45
5 22
6 31
7 20
8 1
9 18
10 12
11 11
12 8
13 42
14 17
15 41
16 2
17 32
18 35
19 25
20 15
21 14
22 27
23 29
24 23
25 5
26 10
27 33
28 37
29 19
30 43
31 16
32 3
33 44
34 30
35 24
36 28
37 34
38 40
39 13
40 4
41 0
42 6
43 7
44 36
45 39
SIMILAR

37 10 6 22 44 40 41 21 24 36 1 16 39 19 13 33 3 45 14 12 9 8 7 0 15 2 17 31 27 30 34 29 26 4 18 35 25 23 43 5 42 32 28 20 11 38 
0 23
1 10
2 25
3 16
4 33
5 39
6 2
7 22
8 21
9 20
10 1
11 44
12 19
13 14
14 18
15 24
16 11
17 26
18 34
19 13
20 43
21 7
22 3
23 37
24 8
25 36
26 32
27 28
28 42
29 31
30 29
31 27
32 41
33 15
34 30
35 35
36 9
37 0
38 45
39 12
40 5
41 6
42 40
43 38
44 4
45 17
SIMILAR

44 10 31 17 12 29 43 2 5 1 45 28 21 9 39 38 3 30 11 18 6 15 23 7 25 32 0 8 41 40 35 22 37 20 19 34 27 16 14 24 42 36 4 33 13 26 
0 26
1 9
2 7
3 16
4 42
5 8
6 20
7 23
8 27
9 13
10 1
11 18
12 4
13 44
14 38
15 21
16 37
17 3
18 19
19 34
20 33
21 12
22 31
23 22
24 39
25 24
26 45
27 36
28 11
29 5
30 17
31 2
32 25
33 43
34 35
35 30
36 41
37 32
38 15
39 14
40 29
41 28
42 40
43 6
44 0
45 10
SIMILAR

8 14 11 1 21 18 28 6 26 33 7 5 42 39 0 2 45 29 27 41 22 20 9 25 32 37 35 15 44 36 12 34 13 43 24 30 17 19 31 10 3 16 40 4 23 38 
0 14
1 3
2 15
3 40
4 43
5 11
6 7
7 10
8 0
9 22
10 39
11 2
12 30
13 32
14 1
15 27
16 41
17 36
18 5
19 37
20 21
21 4
22 20
23 44
24 34
25 23
26 8
27 18
28 6
29 17
30 35
31 38
32 24
33 9
34 31
35 26
36 29
37 25
38 45
39 13
40 42
41 19
42 12
43 33
44 28
45 16
SIMILAR

1 10 8 24 0 13 7 11 6 42 25 21 40 32 16 28 15 43 38 36 33 12 41 29 39 23 44 35 18 2 17 30 45 19 20 31 26 22 5 3 37 34 9 14 27 4 
0 4
1 0
2 29
3 39
4 45
5 38
6 8
7 6
8 2
9 42
10 1
11 7
12 21
13 5
14 43
15 16
16 14
17 30
18 28
19 33
20 34
21 11
22 37
23 25
24 3
25 10
26 36
27 44
28 15
29 23
30 31
31 35
32 13
33 20
34 41
35 27
36 19
37 40
38 18
39 24
40 12
41 22
42 9
43 17
44 26
45 32
SIMILAR

9 29 1 15 28 14 39 22 38 30 35 23 24 44 43 6 10 17 37 13 42 19 34 45 27 2 25 31 21 20 18 5 33 16 36 12 26 0 3 11 40 8 7 32 41 4 
0 37
1 2
2 25
3 38
4 45
5 31
6 15
7 42
8 41
9 0
10 16
11 39
12 35
13 19
14 5
15 3
16 33
17 17
18 30
19 21
20 29
21 28
22 7
23 11
24 12
25 26
26 36
27 24
28 4
29 1
30 9
31 27
32 43
33 32
34 22
35 10
36 34
37 18
38 8
39 6
40 40
41 44
42 20
43 14
44 13
45 23
SIMILAR

8 6 30 11 25 35 36 13 41 9 21 17 7 28 33 29 42 5 39 2 3 27 38 10 14 23 20 44 15 32 0 16 45 12 31 19 37 1 43 40 22 24 34 18 26 4 
0 30
1 37
2 19
3 20
4 45
5 17
6 1
7 12
8 0
9 9
10 23
11 3
12 33
13 7
14 24
15 28
16 31
17 11
18 43
19 35
20 26
21 10
22 40
23 25
24 41
25 4
26 44
27 21
28 13
29 15
30 2
31 34
32 29
33 14
34 42
35 5
36 6
37 36
38 22
39 18
40 39
41 8
42 16
43 38
44 27
45 32
SIMILAR

21 26 7 4 28 9 1 12 29 24 31 20 45 14 43 6 33 22 10 37 32 18 2 38 19 15 13 34 27 17 44 11 5 36 30 23 41 35 39 3 25 0 8 40 42 16 
0 41
1 6
2 22
3 39
4 3
5 32
6 15
7 2
8 42
9 5
10 18
11 31
12 7
13 26
14 13
15 25
16 45
17 29
18 21
19 24
20 11
21 0
22 17
23 35
24 9
25 40
26 1
27 28
28 4
29 8
30 34
31 10
32 20
33 16
34 27
35 37
36 33
37 19
38 23
39 38
40 43
41 36
42 44
43 14
44 30
45 12
SIMILAR

2 28 13 45 23 43 1 42 14 36 3 35 40 22 8 38 34 31 11 26 10 15 20 32 30 33 12 27 29 0 39 4 6 44 17 16 19 18 7 37 9 5 21 25 41 24 
0 29
1 6
2 0
3 10
4 31
5 41
6 32
7 38
8 14
9 40
10 20
11 18
12 26
13 2
14 8
15 21
16 35
17 34
18 37
19 36
20 22
21 42
22 13
23 4
24 45
25 43
26 19
27 27
28 1
29 28
30 24
31 17
32 23
33 25
34 16
35 11
36 9
37 39
38 15
39 30
40 12
41 44
42 7
43 5
44 33
45 3
SIMILAR

12 35 10 1 3 9 41 31 37 32 25 38 29 4 23 15 20 40 2 34 6 28 22 18 24 33 17 26 5 13 0 8 21 19 45 7 42 44 27 16 39 11 36 30 43 14 
0 30
1 3
2 18
3 4
4 13
5 28
6 20
7 35
8 31
9 5
10 2
11 41
12 0
13 29
14 45
15 15
16 39
17 26
18 23
19 33
20 16
21 32
22 22
23 14
24 24
25 10
26 27
27 38
28 21
29 12
30 43
31 7
32 9
33 25
34 19
35 1
36 42
37 8
38 11
39 40
40 17
41 6
42 36
43 44
44 37
45 34
SIMILAR

45 21 33 18 1 14 42 10 4 26 11 16 3 35 7 25 27 5 9 2 17 43 19 44 8 12 15 38 30 20 36 32 41 29 28 6 0 23 24 13 31 39 34 40 37 22 
0 36
1 4
2 19
3 12
4 8
5 17
6 35
7 14
8 24
9 18
10 7
11 10
12 25
13 39
14 5
15 26
16 11
17 20
18 3
19 22
20 29
21 1
22 45
23 37
24 38
25 15
26 9
27 16
28 34
29 33
30 28
31 40
32 31
33 2
34 42
35 13
36 30
37 44
38 27
39 41
40 43
41 32
42 6
43 21
44 23
45 0
SIMILAR

3 22 29 6 44 2 11 24 41 13 32 34 0 30 35 27 37 7 28 26 42 38 14 1 39 8 31 21 17 4 33 45 43 40 9 18 20 15 25 23 12 36 10 16 19 5 
0 12
1 23
2 5
3 0
4 29
5 45
6 3
7 17
8 25
9 34
10 42
11 6
12 40
13 9
14 22
15 37
16 43
17 28
18 35
19 44
20 36
21 27
22 1
23 39
24 7
25 38
26 19
27 15
28 18
29 2
30 13
31 26
32 10
33 30
34 11
35 14
36 41
37 16
38 21
39 24
40 33
41 8
42 20
43 32
44 4
45 31
SIMILAR

38 12 27 8 23 15 33 30 25 4 40 44 19 10 16 22 39 37 26 11 20 24 41 35 13 45 36 1 42 17 18 29 21 34 5 32 3 9 31 2 0 28 14 7 6 43 
0 40
1 27
2 39
3 36
4 9
5 34
6 44
7 43
8 3
9 37
10 13
11 19
12 1
13 24
14 42
15 5
16 14
17 29
18 30
19 12
20 20
21 32
22 15
23 4
24 21
25 8
26 18
27 2
28 41
29 31
30 7
31 38
32 35
33 6
34 33
35 23
36 26
37 17
38 0
39 16
40 10
41 22
42 28
43 45
44 11
45 25
SIMILAR

15 4 17 42 34 43 32 36 44 18 37 31 20 40 14 26 30 7 9 41 38 24 33 1 27 39 13 35 29 6 45 12 28 21 16 22 23 3 2 10 0 11 8 5 25 19 
0 40
1 23
2 38
3 37
4 1
5 43
6 29
7 17
8 42
9 18
10 39
11 41
12 31
13 26
14 14
15 0
16 34
17 2
18 9
19 45
20 12
21 33
22 35
23 36
24 21
25 44
26 15
27 24
28 32
29 28
30 16
31 11
32 6
33 22
34 4
35 27
36 7
37 10
38 20
39 25
40 13
41 19
42 3
43 5
44 8
45 30
SIMILAR

8 36 0 42 44 11 14 37 10 27 3 21 35 15 7 45 1 25 26 38 23 30 9 18 24 33 12 4 32 5 34 29 31 40 19 6 41 2 22 17 43 16 20 13 39 28 
0 2
1 16
2 37
3 10
4 27
5 29
6 35
7 14
8 0
9 22
10 8
11 5
12 26
13 43
14 6
15 13
16 41
17 39
18 23
19 34
20 42
21 11
22 38
23 20
24 24
25 17
26 18
27 9
28 45
29 31
30 21
31 32
32 28
33 25
34 30
35 12
36 1
37 7
38 19
39 44
40 33
41 36
42 3
43 40
44 4
45 15
SIMILAR

44 0 45 41 32 27 35 2 12 19 43 38 1 17 24 3 23 40 37 30 22 18 7 21 4 36 13 25 39 6 42 8 34 33 26 28 5 14 29 15 10 20 9 16 11 31 
0 1
1 12
2 7
3 15
4 24
5 36
6 29
7 22
8 31
9 42
10 40
11 44
12 8
13 26
14 37
15 39
16 43
17 13
18 21
19 9
20 41
21 23
22 20
23 16
24 14
25 27
26 34
27 5
28 35
29 38
30 19
31 45
32 4
33 33
34 32
35 6
36 25
37 18
38 11
39 28
40 17
41 3
42 30
43 10
44 0
45 2
SIMILAR

30 22 5 38 41 23 34 3 12 31 9 25 39 24 28 42 14 45 11 44 10 6 29 43 33 27 1 2 15 19 7 18 37 20 36 8 17 4 13 0 21 26 35 16 32 40 
0 39
1 26
2 27
3 7
4 37
5 2
6 21
7 30
8 35
9 10
10 20
11 18
12 8
13 38
14 16
15 28
16 43
17 36
18 31
19 29
20 33
21 40
22 1
23 5
24 13
25 11
26 41
27 25
28 14
29 22
30 0
31 9
32 44
33 24
34 6
35 42
36 34
37 32
38 3
39 12
40 45
41 4
42 15
43 23
44 19
45 17
SIMILAR

4 14 15 39 21 10 0 19 18 37 12 44 1 26 38 24 28 11 29 17 42 32 34 36 16 41 43 45 9 3 35 7 33 40 13 5 2 8 31 22 25 23 6 30 20 27 
0 6
1 12
2 36
3 29
4 0
5 35
6 42
7 31
8 37
9 28
10 5
11 17
12 10
13 34
14 1
15 2
16 24
17 19
18 8
19 7
20 44
21 4
22 39
23 41
24 15
25 40
26 13
27 45
28 16
29 18
30 43
31 38
32 21
33 32
34 22
35 30
36 23
37 9
38 14
39 3
40 33
41 25
42 20
43 26
44 11
45 27
SIMILAR

2 12 36 41 18 0 15 14 9 32 43 29 25 30 5 24 37 17 10 19 31 26 23 45 28 21 11 4 20 27 34 44 39 6 38 35 1 13 16 40 33 7 8 42 22 3 
0 5
1 36
2 0
3 45
4 27
5 14
6 33
7 41
8 42
9 8
10 18
11 26
12 1
13 37
14 7
15 6
16 38
17 17
18 4
19 19
20 28
21 25
22 44
23 22
24 15
25 12
26 21
27 29
28 24
29 11
30 13
31 20
32 9
33 40
34 30
35 35
36 2
37 16
38 34
39 32
40 39
41 3
42 43
43 10
44 31
45 23
SIMILAR

41 44 37 4 32 5 14 35 36 12 30 19 23 39 17 11 42 20 16 21 8 15 29 45 40 27 31 18 22 3 0 43 24 10 33 26 6 38 25 34 28 9 1 2 13 7 
0 30
1 42
2 43
3 29
4 3
5 5
6 36
7 45
8 20
9 41
10 33
11 15
12 9
13 44
14 6
15 21
16 18
17 14
18 27
19 11
20 17
21 19
22 28
23 12
24 32
25 38
26 35
27 25
28 40
29 22
30 10
31 26
32 4
33 34
34 39
35 7
36 8
37 2
38 37
39 13
40 24
41 0
42 16
43 31
44 1
45 23
SIMILAR

36 38 18 35 10 5 23 3 44 43 30 40 0 37 32 34 29 24 22 16 15 39 4 26 25 21 2 19 45 33 13 41 12 1 42 20 31 14 27 6 9 11 8 28 7 17 
0 12
1 33
2 26
3 7
4 22
5 5
6 39
7 44
8 42
9 40
10 4
11 41
12 32
13 30
14 37
15 20
16 19
17 45
18 2
19 27
20 35
21 25
22 18
23 6
24 17
25 24
26 23
27 38
28 43
29 16
30 10
31 36
32 14
33 29
34 15
35 3
36 0
37 13
38 1
39 21
40 11
41 31
42 34
43 9
44 8
45 28
SIMILAR

4 12 31 25 7 41 27 26 14 18 13 35 5 43 23 2 9 1 21 40 19 39 36 8 0 42 45 22 33 17 10 32 30 16 38 6 37 44 11 15 24 29 34 20 3 28 
0 24
1 17
2 15
3 44
4 0
5 12
6 35
7 4
8 23
9 16
10 30
11 38
12 1
13 10
14 8
15 39
16 33
17 29
18 9
19 20
20 43
21 18
22 27
23 14
24 40
25 3
26 7
27 6
28 45
29 41
30 32
31 2
32 31
33 28
34 42
35 11
36 22
37 36
38 34
39 21
40 19
41 5
42 25
43 13
44 37
45 26
SIMILAR

37 21 34 25 23 39 14 24 43 30 8 0 1 44 38 22 32 5 10 45 9 11 36 19 2 17 40 33 16 7 31 27 6 29 28 20 12 26 41 13 42 4 3 35 15 18 
0 11
1 12
2 24
3 42
4 41
5 17
6 32
7 29
8 10
9 20
10 18
11 21
12 36
13 39
14 6
15 44
16 28
17 25
18 45
19 23
20 35
21 1
22 15
23 4
24 7
25 3
26 37
27 31
28 34
29 33
30 9
31 30
32 16
33 27
34 2
35 43
36 22
37 0
38 14
39 5
40 26
41 38
42 40
43 8
44 13
45 19
SIMILAR

4 7 26 0 13 19 2 12 36 16 32 3 15 44 22 8 43 1 28 40 29 42 27 41 39 9 35 33 30 23 6 5 18 11 34 14 10 17 37 21 31 24 38 20 45 25 
0 3
1 17
2 6
3 11
4 0
5 31
6 30
7 1
8 15
9 25
10 36
11 33
12 7
13 4
14 35
15 12
16 9
17 37
18 32
19 5
20 43
21 39
22 14
23 29
24 41
25 45
26 2
27 22
28 18
29 20
30 28
31 40
32 10
33 27
34 34
35 26
36 8
37 38
38 42
39 24
40 19
41 23
42 21
43 16
44 13
45 44
SIMILAR

5 13 29 16 26 24 11 27 22 0 25 45 14 4 7 6 17 20 44 18 19 36 38 23 12 32 21 9 15 2 30 10 40 8 33 35 3 31 28 41 37 34 43 42 1 39 
0 9
1 44
2 29
3 36
4 13
5 0
6 15
7 14
8 33
9 27
10 31
11 6
12 24
13 1
14 12
15 28
16 3
17 16
18 19
19 20
20 17
21 26
22 8
23 23
24 5
25 10
26 4
27 7
28 38
29 2
30 30
31 37
32 25
33 34
34 41
35 35
36 21
37 40
38 22
39 45
40 32
41 39
42 43
43 42
44 18
45 11
SIMILAR

39 23 6 9 13 30 42 1 18 2 7 25 32 26 31 37 8 24 41 5 44 34 22 35 33 3 0 40 4 12 11 16 21 29 43 14 10 38 19 20 36 28 45 15 17 27 
0 26
1 7
2 9
3 25
4 28
5 19
6 2
7 10
8 16
9 3
10 36
11 30
12 29
13 4
14 35
15 43
16 31
17 44
18 8
19 38
20 39
21 32
22 22
23 1
24 17
25 11
26 13
27 45
28 41
29 33
30 5
31 14
32 12
33 24
34 21
35 23
36 40
37 15
38 37
39 0
40 27
41 18
42 6
43 34
44 20
45 42
SIMILAR

29 4 31 26 35 0 44 9 20 41 28 5 23 14 27 11 42 12 24 21 22 33 17 16 19 37 30 43 13 8 34 45 10 18 2 6 38 40 1 15 25 3 7 32 36 39 
0 5
1 38
2 34
3 41
4 1
5 11
6 35
7 42
8 29
9 7
10 32
11 15
12 17
13 28
14 13
15 39
16 23
17 22
18 33
19 24
20 8
21 19
22 20
23 12
24 18
25 40
26 3
27 14
28 10
29 0
30 26
31 2
32 43
33 21
34 30
35 4
36 44
37 25
38 36
39 45
40 37
41 9
42 16
43 27
44 6
45 31
SIMILAR

39 24 2 25 35 40 42 45 15 8 29 34 10 4 17 18 21 12 6 1 16 28 5 3 32 38 22 9 13 19 44 36 37 7 33 30 23 20 27 31 41 43 11 14 0 26 
0 44
1 19
2 2
3 23
4 13
5 22
6 18
7 33
8 9
9 27
10 12
11 42
12 17
13 28
14 43
15 8
16 20
17 14
18 15
19 29
20 37
21 16
22 26
23 36
24 1
25 3
26 45
27 38
28 21
29 10
30 35
31 39
32 24
33 34
34 11
35 4
36 31
37 32
38 25
39 0
40 5
41 40
42 6
43 41
44 30
45 7
SIMILAR

36 5 39 3 24 40 34 38 14 7 22 27 13 31 16 1 19 20 37 2 32 15 44 6 10 43 41 35 21 12 45 0 18 42 23 17 8 29 4 9 30 33 28 25 11 26 
0 31
1 15
2 19
3 3
4 38
5 1
6 23
7 9
8 36
9 39
10 24
11 44
12 29
13 12
14 8
15 21
16 14
17 35
18 32
19 16
20 17
21 28
22 10
23 34
24 4
25 43
26 45
27 11
28 42
29 37
30 40
31 13
32 20
33 41
34 6
35 27
36 0
37 18
38 7
39 2
40 5
41 26
42 33
43 25
44 22
45 30
SIMILAR

10 33 14 17 19 3 40 21 23 34 45 44 28 30 27 42 2 11 24 12 7 43 37 35 9 6 4 41 38 5 0 20 1 13 32 8 29 39 25 26 18 16 31 22 15 36 
0 30
1 32
2 16
3 5
4 26
5 29
6 25
7 20
8 35
9 24
10 0
11 17
12 19
13 33
14 2
15 44
16 41
17 3
18 40
19 4
20 31
21 7
22 43
23 8
24 18
25 38
26 39
27 14
28 12
29 36
30 13
31 42
32 34
33 1
34 9
35 23
36 45
37 22
38 28
39 37
40 6
41 27
42 15
43 21
44 11
45 10
SIMILAR

9 1 45 41 14 22 39 0 13 12 34 40 42 11 5 24 2 28 20 44 27 6 3 33 19 26 29 8 16 23 30 4 32 43 25 31 15 36 38 18 17 7 35 37 21 10 
0 7
1 1
2 16
3 22
4 31
5 14
6 21
7 41
8 27
9 0
10 45
11 13
12 9
13 8
14 4
15 36
16 28
17 40
18 39
19 24
20 18
21 44
22 5
23 29
24 15
25 34
26 25
27 20
28 17
29 26
30 30
31 35
32 32
33 23
34 10
35 42
36 37
37 43
38 38
39 6
40 11
41 3
42 12
43 33
44 19
45 2
SIMILAR

43 15 37 16 23 26 5 22 21 41 17 27 44 8 13 36 19 14 42 18 11 7 25 12 39 28 0 34 32 38 1 30 40 10 20 33 45 35 6 9 3 31 29 24 4 2 
0 26
1 30
2 45
3 40
4 44
5 6
6 38
7 21
8 13
9 39
10 33
11 20
12 23
13 14
14 17
15 1
16 3
17 10
18 19
19 16
20 34
21 8
22 7
23 4
24 43
25 22
26 5
27 11
28 25
29 42
30 31
31 41
32 28
33 35
34 27
35 37
36 15
37 2
38 29
39 24
40 32
41 9
42 18
43 0
44 12
45 36
SIMILAR

22 34 16 42 30 19 0 28 41 39 20 27 15 31 43 38 44 37 2 40 23 26 12 24 14 17 45 7 18 10 21 13 29 1 6 32 33 9 5 4 25 3 8 35 11 36 
0 6
1 33
2 18
3 41
4 39
5 38
6 34
7 27
8 42
9 37
10 29
11 44
12 22
13 31
14 24
15 12
16 2
17 25
18 28
19 5
20 10
21 30
22 0
23 20
24 23
25 40
26 21
27 11
28 7
29 32
30 4
31 13
32 35
33 36
34 1
35 43
36 45
37 17
38 15
39 9
40 19
41 8
42 3
43 14
44 16
45 26
SIMILAR

39 21 35 6 45 42 38 17 1 16 26 4 7 5 41 24 25 23 9 27 37 40 19 20 15 13 30 0 36 3 11 34 18 33 14 12 31 44 32 43 10 28 8 2 22 29 
0 27
1 8
2 43
3 29
4 11
5 13
6 3
7 12
8 42
9 18
10 40
11 30
12 35
13 25
14 34
15 24
16 9
17 7
18 32
19 22
20 23
21 1
22 44
23 17
24 15
25 16
26 10
27 19
28 41
29 45
30 26
31 36
32 38
33 33
34 31
35 2
36 28
37 20
38 6
39 0
40 21
41 14
42 5
43 39
44 37
45 4
SIMILAR

42 34 10 45 13 18 19 40 23 1 4 21 33 32 44 2 28 29 5 39 15 36 25 8 27 11 6 35 26 7 20 17 16 24 14 43 9 22 31 3 12 41 0 37 30 38 
0 42
1 9
2 15
3 39
4 10
5 18
6 26
7 29
8 23
9 36
10 2
11 25
12 40
13 4
14 34
15 20
16 32
17 31
18 5
19 6
20 30
21 11
22 37
23 8
24 33
25 22
26 28
27 24
28 16
29 17
30 44
31 38
32 13
33 12
34 1
35 27
36 21
37 43
38 45
39 19
40 7
41 41
42 0
43 35
44 14
45 3
SIMILAR

5 24 13 18 0 34 25 32 22 44 35 38 11 30 19 40 36 4 21 12 7 27 26 23 45 2 6 16 39 17 33 10 41 1 37 31 9 8 14 42 15 43 3 29 28 20 
0 4
1 33
2 25
3 42
4 17
5 0
6 26
7 20
8 37
9 36
10 31
11 12
12 19
13 2
14 38
15 40
16 27
17 29
18 3
19 14
20 45
21 18
22 8
23 23
24 1
25 6
26 22
27 21
28 44
29 43
30 13
31 35
32 7
33 30
34 5
35 10
36 16
37 34
38 11
39 28
40 15
41 32
42 39
43 41
44 9
45 24
SIMILAR

36 9 3 28 7 13 24 14 31 15 30 44 17 40 12 34 4 20 35 16 19 5 23 29 41 1 27 6 26 22 37 2 10 0 11 21 38 25 43 33 32 39 42 8 18 45 
0 33
1 25
2 31
3 2
4 16
5 21
6 27
7 4
8 43
9 1
10 32
11 34
12 14
13 5
14 7
15 9
16 19
17 12
18 44
19 20
20 17
21 35
22 29
23 22
24 6
25 37
26 28
27 26
28 3
29 23
30 10
31 8
32 40
33 39
34 15
35 18
36 0
37 30
38 36
39 41
40 13
41 24
42 42
43 38
44 11
45 45
SIMILAR

18 6 17 12 1 8 10 23 7 26 2 19 42 32 13 20 29 3 27 37 14 43 4 34 0 41 35 36 45 15 5 39 30 44 24 40 9 38 28 25 31 33 22 11 21 16 
0 24
1 4
2 10
3 17
4 22
5 30
6 1
7 8
8 5
9 36
10 6
11 43
12 3
13 14
14 20
15 29
16 45
17 2
18 0
19 11
20 15
21 44
22 42
23 7
24 34
25 39
26 9
27 18
28 38
29 16
30 32
31 40
32 13
33 41
34 23
35 26
36 27
37 19
38 37
39 31
40 35
41 25
42 12
43 21
44 33
45 28
SIMILAR

12 35 27 5 2 41 19 10 37 23 28 4 45 26 22 9 30 20 13 6 36 29 14 16 8 3 33 24 39 11 0 7 34 31 17 18 25 1 40 38 42 44 32 43 21 15 
0 30
1 37
2 4
3 25
4 11
5 3
6 19
7 31
8 24
9 15
10 7
11 29
12 0
13 18
14 22
15 45
16 23
17 34
18 35
19 6
20 17
21 44
22 14
23 9
24 27
25 36
26 13
27 2
28 10
29 21
30 16
31 33
32 42
33 26
34 32
35 1
36 20
37 8
38 39
39 28
40 38
41 5
42 40
43 43
44 41
45 12
SIMILAR

42 19 3 43 40 2 39 15 16 13 8 24 31 33 34 41 10 7 45 14 35 25 30 9 0 4 20 12 37 22 44 17 11 29 18 21 38 23 28 1 6 27 5 36 26 32 
0 24
1 39
2 5
3 2
4 25
5 42
6 40
7 17
8 10
9 23
10 16
11 32
12 27
13 9
14 19
15 7
16 8
17 31
18 34
19 1
20 26
21 35
22 29
23 37
24 11
25 21
26 44
27 41
28 38
29 33
30 22
31 12
32 45
33 13
34 14
35 20
36 43
37 28
38 36
39 6
40 4
41 15
42 0
43 3
44 30
45 18
SIMILAR

42 17 43 3 15 31 30 25 18 35 14 26 10 38 37 29 1 22 12 2 9 45 28 36 16 20 5 40 11 23 39 32 21 33 19 7 44 27 34 4 41 13 6 24 0 8 
0 44
1 16
2 19
3 3
4 39
5 26
6 42
7 35
8 45
9 20
10 12
11 28
12 18
13 41
14 10
15 4
16 24
17 1
18 8
19 34
20 25
21 32
22 17
23 29
24 43
25 7
26 11
27 37
28 22
29 15
30 6
31 5
32 31
33 33
34 38
35 9
36 23
37 14
38 13
39 30
40 27
41 40
42 0
43 2
44 36
45 21
SIMILAR

1 5 8 45 25 23 30 21 17 31 3 41 34 38 24 4 16 18 10 9 42 20 33 29 22 26 0 13 43 6 12 11 7 36 2 27 39 14 15 28 19 44 37 40 35 32 
0 26
1 0
2 34
3 10
4 15
5 1
6 29
7 32
8 2
9 19
10 18
11 31
12 30
13 27
14 37
15 38
16 16
17 8
18 17
19 40
20 21
21 7
22 24
23 5
24 14
25 4
26 25
27 35
28 39
29 23
30 6
31 9
32 45
33 22
34 12
35 44
36 33
37 42
38 13
39 36
40 43
41 11
42 20
43 28
44 41
45 3
SIMILAR

42 6 1 36 8 14 15 39 9 27 18 12 22 30 13 23 0 3 5 10 20 25 35 28 2 34 44 41 26 45 11 17 37 16 31 24 33 38 29 19 21 32 43 40 7 4 
0 16
1 2
2 24
3 17
4 45
5 18
6 1
7 44
8 4
9 8
10 19
11 30
12 11
13 14
14 5
15 6
16 33
17 31
18 10
19 39
20 20
21 40
22 12
23 15
24 35
25 21
26 28
27 9
28 23
29 38
30 13
31 34
32 41
33 36
34 25
35 22
36 3
37 32
38 37
39 7
40 43
41 27
42 0
43 42
44 26
45 29
SIMILAR

35 31 34 45 0 37 8 6 42 14 33 17 28 44 43 4 38 32 20 9 40 41 15 21 1 26 18 13 16 10 12 23 19 2 29 22 39 25 3 7 27 5 11 36 30 24 
0 4
1 24
2 33
3 38
4 15
5 41
6 7
7 39
8 6
9 19
10 29
11 42
12 30
13 27
14 9
15 22
16 28
17 11
18 26
19 32
20 18
21 23
22 35
23 31
24 45
25 37
26 25
27 40
28 12
29 34
30 44
31 1
32 17
33 10
34 2
35 0
36 43
37 5
38 16
39 36
40 20
41 21
42 8
43 14
44 13
45 3
SIMILAR

43 4 38 16 40 27 10 29 7 12 14 23 24 42 35 2 18 36 21 19 31 20 26 28 32 15 37 11 9 25 13 6 0 30 41 34 8 17 44 5 22 3 1 39 45 33 
0 32
1 42
2 15
3 41
4 1
5 39
6 31
7 8
8 36
9 28
10 6
11 27
12 9
13 30
14 10
15 25
16 3
17 37
18 16
19 19
20 21
21 18
22 40
23 11
24 12
25 29
26 22
27 5
28 23
29 7
30 33
31 20
32 24
33 45
34 35
35 14
36 17
37 26
38 2
39 43
40 4
41 34
42 13
43 0
44 38
45 44
SIMILAR

42 27 25 37 7 32 39 44 21 20 19 6 8 24 29 10 14 28 38 11 3 23 15 13 4 18 1 9 43 31 30 0 16 5 12 34 40 35 2 36 17 45 41 33 22 26 
0 31
1 26
2 38
3 20
4 24
5 33
6 11
7 4
8 12
9 27
10 15
11 19
12 34
13 23
14 16
15 22
16 32
17 40
18 25
19 10
20 9
21 8
22 44
23 21
24 13
25 2
26 45
27 1
28 17
29 14
30 30
31 29
32 5
33 43
34 35
35 37
36 39
37 3
38 18
39 6
40 36
41 42
42 0
43 28
44 7
45 41
SIMILAR

7 0 1 21 26 23 43 8 15 11 16 33 6 31 36 27 44 28 12 40 2 30 29 45 4 17 39 32 42 10 38 5 9 22 24 3 35 18 14 34 13 25 19 41 37 20 
0 1
1 2
2 20
3 35
4 24
5 31
6 12
7 0
8 7
9 32
10 29
11 9
12 18
13 40
14 38
15 8
16 10
17 25
18 37
19 42
20 45
21 3
22 33
23 5
24 34
25 41
26 4
27 15
28 17
29 22
30 21
31 13
32 27
33 11
34 39
35 36
36 14
37 44
38 30
39 26
40 19
41 43
42 28
43 6
44 16
45 23
SIMILAR

1 33 13 29 14 44 30 10 4 20 18 21 12 19 37 7 26 22 25 0 36 41 45 24 8 27 43 35 11 34 32 3 9 31 15 16 38 5 28 40 6 17 39 42 2 23 
0 19
1 0
2 44
3 31
4 8
5 37
6 40
7 15
8 24
9 32
10 7
11 28
12 12
13 2
14 4
15 34
16 35
17 41
18 10
19 13
20 9
21 11
22 17
23 45
24 23
25 18
26 16
27 25
28 38
29 3
30 6
31 33
32 30
33 1
34 29
35 27
36 20
37 14
38 36
39 42
40 39
41 21
42 43
43 26
44 5
45 22
SIMILAR

18 29 1 33 19 10 2 34 23 35 30 37 32 21 26 38 13 11 4 45 28 40 15 7 12 6 39 25 44 8 9 22 31 5 3 36 41 16 17 0 24 43 27 20 14 42 
0 39
1 2
2 6
3 34
4 18
5 33
6 25
7 23
8 29
9 30
10 5
11 17
12 24
13 16
14 44
15 22
16 37
17 38
18 0
19 4
20 43
21 13
22 31
23 8
24 40
25 27
26 14
27 42
28 20
29 1
30 10
31 32
32 12
33 3
34 7
35 9
36 35
37 11
38 15
39 26
40 21
41 36
42 45
43 41
44 28
45 19
SIMILAR

35 31 29 30 20 3 13 6 28 2 19 26 18 43 16 23 22 40 36 25 17 37 0 42 4 15 44 8 27 9 32 39 14 34 11 7 12 10 33 21 24 38 45 1 5 41 
0 22
1 43
2 9
3 5
4 24
5 44
6 7
7 35
8 27
9 29
10 37
11 34
12 36
13 6
14 32
15 25
16 14
17 20
18 12
19 10
20 4
21 39
22 16
23 15
24 40
25 19
26 11
27 28
28 8
29 2
30 3
31 1
32 30
33 38
34 33
35 0
36 18
37 21
38 41
39 31
40 17
41 45
42 23
43 13
44 26
45 42
SIMILAR

36 34 6 42 40 38 3 32 43 33 20 35 2 1 17 18 8 10 22 45 37 7 12 30 14 27 25 0 11 21 31 39 19 28 41 23 16 44 4 26 29 9 15 5 24 13 
0 27
1 13
2 12
3 6
4 38
5 43
6 2
7 21
8 16
9 41
10 17
11 28
12 22
13 45
14 24
15 42
16 36
17 14
18 15
19 32
20 10
21 29
22 18
23 35
24 44
25 26
26 39
27 25
28 33
29 40
30 23
31 30
32 7
33 9
34 1
35 11
36 0
37 20
38 5
39 31
40 4
41 34
42 3
43 8
44 37
45 19
SIMILAR

2 21 45 37 8 16 34 3 9 19 27 39 43 44 25 40 31 11 24 22 10 15 35 18 41 20 4 6 1 17 38 12 32 0 28 5 42 7 36 30 33 26 23 14 13 29 
0 33
1 28
2 0
3 7
4 26
5 35
6 27
7 37
8 4
9 8
10 20
11 17
12 31
13 44
14 43
15 21
16 5
17 29
18 23
19 9
20 25
21 1
22 19
23 42
24 18
25 14
26 41
27 10
28 34
29 45
30 39
31 16
32 32
33 40
34 6
35 22
36 38
37 3
38 30
39 11
40 15
41 24
42 36
43 12
44 13
45 2
SIMILAR

22 26 21 30 23 35 2 10 36 19 33 41 20 43 31 3 11 12 29 40 44 0 27 34 7 4 25 16 42 9 8 28 37 32 38 6 17 15 45 1 5 13 18 24 39 14 
0 21
1 39
2 6
3 15
4 25
5 40
6 35
7 24
8 30
9 29
10 7
11 16
12 17
13 41
14 45
15 37
16 27
17 36
18 42
19 9
20 12
21 2
22 0
23 4
24 43
25 26
26 1
27 22
28 31
29 18
30 3
31 14
32 33
33 10
34 23
35 5
36 8
37 32
38 34
39 44
40 19
41 11
42 28
43 13
44 20
45 38
SIMILAR

25 15 40 29 12 8 4 39 26 17 27 23 6 5 18 28 38 31 24 43 3 21 41 30 20 10 34 42 44 13 32 14 1 35 22 45 11 7 0 16 2 19 9 36 33 37 
0 38
1 32
2 40
3 20
4 6
5 13
6 12
7 37
8 5
9 42
10 25
11 36
12 4
13 29
14 31
15 1
16 39
17 9
18 14
19 41
20 24
21 21
22 34
23 11
24 18
25 0
26 8
27 10
28 15
29 3
30 23
31 17
32 30
33 44
34 26
35 33
36 43
37 45
38 16
39 7
40 2
41 22
42 27
43 19
44 28
45 35
SIMILAR

30 11 7 20 17 19 10 29 36 33 32 14 1 42 2 3 43 31 38 41 6 37 21 9 8 4 15 0 22 23 26 12 16 45 35 44 18 24 34 28 27 39 40 25 5 13 
0 27
1 12
2 14
3 15
4 25
5 44
6 20
7 2
8 24
9 23
10 6
11 1
12 31
13 45
14 11
15 26
16 32
17 4
18 36
19 5
20 3
21 22
22 28
23 29
24 37
25 43
26 30
27 40
28 39
29 7
30 0
31 17
32 10
33 9
34 38
35 34
36 8
37 21
38 18
39 41
40 42
41 19
42 13
43 16
44 35
45 33
SIMILAR

3 25 9 13 7 2 42 14 24 0 34 16 36 19 43 44 1 20 26 40 38 6 37 21 32 30 11 22 10 12 39 35 33 5 18 45 29 15 23 17 28 8 27 41 4 31 
0 9
1 16
2 5
3 0
4 44
5 33
6 21
7 4
8 41
9 2
10 28
11 26
12 29
13 3
14 7
15 37
16 11
17 39
18 34
19 13
20 17
21 23
22 27
23 38
24 8
25 1
26 18
27 42
28 40
29 36
30 25
31 45
32 24
33 32
34 10
35 31
36 12
37 22
38 20
39 30
40 19
41 43
42 6
43 14
44 15
45 35
SIMILAR

15 28 9 18 0 5 38 1 23 26 3 39 27 44 10 34 19 4 31 43 6 7 22 30 11 16 20 12 25 37 35 13 2 17 33 36 32 42 21 29 8 41 45 40 24 14 
0 4
1 7
2 32
3 10
4 17
5 5
6 20
7 21
8 40
9 2
10 14
11 24
12 27
13 31
14 45
15 0
16 25
17 33
18 3
19 16
20 26
21 38
22 22
23 8
24 44
25 28
26 9
27 12
28 1
29 39
30 23
31 18
32 36
33 34
34 15
35 30
36 35
37 29
38 6
39 11
40 43
41 41
42 37
43 19
44 13
45 42
SIMILAR

17 27 26 32 23 19 15 29 28 45 4 18 40 11 43 35 3 42 7 39 44 21 24 37 1 6 25 34 9 20 31 38 8 14 33 41 13 16 12 0 22 30 2 5 36 10 
0 39
1 24
2 42
3 16
4 10
5 43
6 25
7 18
8 32
9 28
10 45
11 13
12 38
13 36
14 33
15 6
16 37
17 0
18 11
19 5
20 29
21 21
22 40
23 4
24 22
25 26
26 2
27 1
28 8
29 7
30 41
31 30
32 3
33 34
34 27
35 15
36 44
37 23
38 31
39 19
40 12
41 35
42 17
43 14
44 20
45 9
SIMILAR

43 35 17 9 34 41 14 28 39 12 1 25 31 11 6 21 3 7 33 16 32 23 0 37 36 2 30 44 19 10 40 27 8 29 38 4 5 24 18 42 45 20 13 22 26 15 
0 22
1 10
2 25
3 16
4 35
5 36
6 14
7 17
8 32
9 3
10 29
11 13
12 9
13 42
14 6
15 45
16 19
17 2
18 38
19 28
20 41
21 15
22 43
23 21
24 37
25 11
26 44
27 31
28 7
29 33
30 26
31 12
32 20
33 18
34 4
35 1
36 24
37 23
38 34
39 8
40 30
41 5
42 39
43 0
44 27
45 40
SIMILAR

43 33 26 16 6 30 18 36 42 8 21 44 34 5 19 32 27 28 38 23 3 2 22 15 10 9 24 40 1 17 11 45 12 39 41 0 37 35 4 20 7 29 13 31 14 25 
0 35
1 28
2 21
3 20
4 38
5 13
6 4
7 40
8 9
9 25
10 24
11 30
12 32
13 42
14 44
15 23
16 3
17 29
18 6
19 14
20 39
21 10
22 22
23 19
24 26
25 45
26 2
27 16
28 17
29 41
30 5
31 43
32 15
33 1
34 12
35 37
36 7
37 36
38 18
39 33
40 27
41 34
42 8
43 0
44 11
45 31
SIMILAR

6 19 25 39 18 38 31 41 15 24 42 8 27 9 29 32 16 35 33 22 4 12 7 3 17 5 34 36 44 28 21 2 11 43 1 45 23 0 14 13 30 26 37 40 20 10 
0 37
1 34
2 31
3 23
4 20
5 25
6 0
7 22
8 11
9 13
10 45
11 32
12 21
13 39
14 38
15 8
16 16
17 24
18 4
19 1
20 44
21 30
22 19
23 36
24 9
25 2
26 41
27 12
28 29
29 14
30 40
31 6
32 15
33 18
34 26
35 17
36 27
37 42
38 5
39 3
40 43
41 7
42 10
43 33
44 28
45 35
SIMILAR

40 36 7 18 9 33 35 12 15 39 28 20 45 4 43 42 21 0 3 2 16 38 25 34 11 26 10 24 27 1 37 23 22 44 29 8 31 30 14 32 19 6 13 17 5 41 
0 17
1 29
2 19
3 18
4 13
5 44
6 41
7 2
8 35
9 4
10 26
11 24
12 7
13 42
14 38
15 8
16 20
17 43
18 3
19 40
20 11
21 16
22 32
23 31
24 27
25 22
26 25
27 28
28 10
29 34
30 37
31 36
32 39
33 5
34 23
35 6
36 1
37 30
38 21
39 9
40 0
41 45
42 15
43 14
44 33
45 12
SIMILAR

33 32 7 22 4 26 11 34 21 13 10 19 16 27 3 37 12 45 8 20 15 9 35 43 1 38 18 5 42 2 24 17 39 6 23 36 44 0 25 41 29 28 40 31 30 14 
0 37
1 24
2 29
3 14
4 4
5 27
6 33
7 2
8 18
9 21
10 10
11 6
12 16
13 9
14 45
15 20
16 12
17 31
18 26
19 11
20 19
21 8
22 3
23 34
24 30
25 38
26 5
27 13
28 41
29 40
30 44
31 43
32 1
33 0
34 7
35 22
36 35
37 15
38 25
39 32
40 42
41 39
42 28
43 23
44 36
45 17
SIMILAR

17 27 7 42 18 25 6 16 22 35 1 20 26 39 14 40 2 5 24 21 43 31 13 11 33 4 9 19 23 29 30 37 3 34 28 8 36 10 32 0 38 45 12 44 15 41 
0 39
1 10
2 16
3 32
4 25
5 17
6 6
7 2
8 35
9 26
10 37
11 23
12 42
13 22
14 14
15 44
16 7
17 0
18 4
19 27
20 11
21 19
22 8
23 28
24 18
25 5
26 12
27 1
28 34
29 29
30 30
31 21
32 38
33 24
34 33
35 9
36 36
37 31
38 40
39 13
40 15
41 45
42 3
43 20
44 43
45 41
SIMILAR

32 27 1 8 37 24 15 4 11 14 44 28 19 38 12 33 43 42 35 17 3 13 26 2 7 6 10 36 25 21 18 0 31 5 9 23 39 16 34 41 29 22 20 30 45 40 
0 31
1 2
2 23
3 20
4 7
5 33
6 25
7 24
8 3
9 34
10 26
11 8
12 14
13 21
14 9
15 6
16 37
17 19
18 30
19 12
20 42
21 29
22 41
23 35
24 5
25 28
26 22
27 1
28 11
29 40
30 43
31 32
32 0
33 15
34 38
35 18
36 27
37 4
38 13
39 36
40 45
41 39
42 17
43 16
44 10
45 44
SIMILAR

30 11 9 24 29 25 39 36 16 44 15 2 34 4 18 38 0 10 27 31 17 19 33 21 45 26 8 28 13 3 32 20 7 1 37 43 23 41 5 40 22 6 42 35 14 12 
0 16
1 33
2 11
3 29
4 13
5 38
6 41
7 32
8 26
9 2
10 17
11 1
12 45
13 28
14 44
15 10
16 8
17 20
18 14
19 21
20 31
21 23
22 40
23 36
24 3
25 5
26 25
27 18
28 27
29 4
30 0
31 19
32 30
33 22
34 12
35 43
36 7
37 34
38 15
39 6
40 39
41 37
42 42
43 35
44 9
45 24
SIMILAR

4 11 28 5 2 27 34 37 24 13 6 9 1 12 31 8 16 23 3 17 36 22 42 21 25 26 19 0 40 41 7 44 15 45 29 10 30 18 43 33 38 20 35 39 32 14 
0 27
1 12
2 4
3 18
4 0
5 3
6 10
7 30
8 15
9 11
10 35
11 1
12 13
13 9
14 45
15 32
16 16
17 19
18 37
19 26
20 41
21 23
22 21
23 17
24 8
25 24
26 25
27 5
28 2
29 34
30 36
31 14
32 44
33 39
34 6
35 42
36 20
37 7
38 40
39 43
40 28
41 29
42 22
43 38
44 31
45 33
SIMILAR

34 2 16 10 42 0 20 15 41 22 14 7 32 33 36 3 19 1 40 38 6 27 43 24 8 37 25 12 31 13 26 17 11 4 44 23 5 39 29 21 45 18 28 30 35 9 
0 5
1 17
2 1
3 15
4 33
5 36
6 20
7 11
8 24
9 45
10 3
11 32
12 27
13 29
14 10
15 7
16 2
17 31
18 41
19 16
20 6
21 39
22 9
23 35
24 23
25 26
26 30
27 21
28 42
29 38
30 43
31 28
32 12
33 13
34 0
35 44
36 14
37 25
38 19
39 37
40 18
41 8
42 4
43 22
44 34
45 40
SIMILAR

45 28 9 1 19 23 6 36 37 13 10 26 17 0 22 38 21 3 8 34 30 7 40 29 41 27 32 11 18 42 5 35 20 44 12 14 15 39 2 24 31 43 16 25 33 4 
0 13
1 3
2 38
3 17
4 45
5 30
6 6
7 21
8 18
9 2
10 10
11 27
12 34
13 9
14 35
15 36
16 42
17 12
18 28
19 4
20 32
21 16
22 14
23 5
24 39
25 43
26 11
27 25
28 1
29 23
30 20
31 40
32 26
33 44
34 19
35 31
36 7
37 8
38 15
39 37
40 22
41 24
42 29
43 41
44 33
45 0
SIMILAR

2 15 29 37 38 3 6 36 20 16 34 25 44 11 41 18 10 42 32 12 5 35 39 17 19 26 24 8 31 7 13 21 40 30 23 45 0 1 4 14 43 9 27 22 28 33 
0 36
1 37
2 0
3 5
4 38
5 20
6 6
7 29
8 27
9 41
10 16
11 13
12 19
13 30
14 39
15 1
16 9
17 23
18 15
19 24
20 8
21 31
22 43
23 34
24 26
25 11
26 25
27 42
28 44
29 2
30 33
31 28
32 18
33 45
34 10
35 21
36 7
37 3
38 4
39 22
40 32
41 14
42 17
43 40
44 12
45 35
SIMILAR

8 38 0 1 30 9 27 25 22 40 21 7 11 12 31 37 6 35 43 32 44 3 45 39 42 13 29 34 18 41 20 24 2 5 23 4 28 17 19 14 33 15 36 16 10 26 
0 2
1 3
2 32
3 21
4 35
5 33
6 16
7 11
8 0
9 5
10 44
11 12
12 13
13 25
14 39
15 41
16 43
17 37
18 28
19 38
20 30
21 10
22 8
23 34
24 31
25 7
26 45
27 6
28 36
29 26
30 4
31 14
32 19
33 40
34 27
35 17
36 42
37 15
38 1
39 23
40 9
41 29
42 24
43 18
44 20
45 22
SIMILAR

6 45 36 22 12 41 34 31 17 43 27 8 25 3 5 19 42 15 23 40 13 35 39 20 4 14 38 7 26 44 32 9 11 24 21 10 30 1 28 2 18 29 0 16 33 37 
0 42
1 37
2 39
3 13
4 24
5 14
6 0
7 27
8 11
9 31
10 35
11 32
12 4
13 20
14 25
15 17
16 43
17 8
18 40
19 15
20 23
21 34
22 3
23 18
24 33
25 12
26 28
27 10
28 38
29 41
30 36
31 7
32 30
33 44
34 6
35 21
36 2
37 45
38 26
39 22
40 19
41 5
42 16
43 9
44 29
45 1
SIMILAR

45 26 13 2 28 6 16 19 14 1 17 20 4 40 37 10 18 36 9 27 43 31 25 42 12 0 7 24 15 8 34 41 38 30 3 33 35 39 32 21 22 44 23 5 29 11 
0 25
1 9
2 3
3 34
4 12
5 43
6 5
7 26
8 29
9 18
10 15
11 45
12 24
13 2
14 8
15 28
16 6
17 10
18 16
19 7
20 11
21 39
22 40
23 42
24 27
25 22
26 1
27 19
28 4
29 44
30 33
31 21
32 38
33 35
34 30
35 36
36 17
37 14
38 32
39 37
40 13
41 31
42 23
43 20
44 41
45 0
SIMILAR

39 33 14 17 34 15 10 35 20 7 12 11 45 40 13 30 9 21 26 1 2 32 3 8 42 38 36 25 5 23 29 41 6 37 27 18 31 0 19 24 22 43 28 44 4 16 
0 37
1 19
2 20
3 22
4 44
5 28
6 32
7 9
8 23
9 16
10 6
11 11
12 10
13 14
14 2
15 5
16 45
17 3
18 35
19 38
20 8
21 17
22 40
23 29
24 39
25 27
26 18
27 34
28 42
29 30
30 15
31 36
32 21
33 1
34 4
35 7
36 26
37 33
38 25
39 0
40 13
41 31
42 24
43 41
44 43
45 12
SIMILAR

9 10 8 41 20 0 29 39 12 37 19 25 1 13 21 27 32 40 44 26 17 24 6 35 30 22 43 7 3 18 38 33 42 34 31 28 45 11 16 4 2 5 14 36 23 15 
0 5
1 12
2 40
3 28
4 39
5 41
6 22
7 27
8 2
9 0
10 1
11 37
12 8
13 13
14 42
15 45
16 38
17 20
18 29
19 10
20 4
21 14
22 25
23 44
24 21
25 11
26 19
27 15
28 35
29 6
30 24
31 34
32 16
33 31
34 33
35 23
36 43
37 9
38 30
39 7
40 17
41 3
42 32
43 26
44 18
45 36
SIMILAR

45 31 8 40 26 37 13 16 20 4 18 9 27 35 44 30 21 12 14 15 39 42 5 22 17 0 38 7 1 43 33 29 32 25 28 23 24 36 19 6 3 10 41 11 2 34 
0 25
1 28
2 44
3 40
4 9
5 22
6 39
7 27
8 2
9 11
10 41
11 43
12 17
13 6
14 18
15 19
16 7
17 24
18 10
19 38
20 8
21 16
22 23
23 35
24 36
25 33
26 4
27 12
28 34
29 31
30 15
31 1
32 32
33 30
34 45
35 13
36 37
37 5
38 26
39 20
40 3
41 42
42 21
43 29
44 14
45 0
SIMILAR

43 28 18 25 13 4 42 36 39 37 38 9 10 45 27 0 41 22 31 7 11 12 16 19 6 29 20 24 35 33 15 40 23 34 14 30 21 17 32 5 44 2 3 1 8 26 
0 15
1 43
2 41
3 42
4 5
5 39
6 24
7 19
8 44
9 11
10 12
11 20
12 21
13 4
14 34
15 30
16 22
17 37
18 2
19 23
20 26
21 36
22 17
23 32
24 27
25 3
26 45
27 14
28 1
29 25
30 35
31 18
32 38
33 29
34 33
35 28
36 7
37 9
38 10
39 8
40 31
41 16
42 6
43 0
44 40
45 13
SIMILAR

32 6 9 8 29 3 13 41 37 40 15 45 27 7 11 18 44 23 14 34 1 4 38 43 20 39 17 12 0 28 16 19 31 36 21 5 2 33 26 25 42 10 30 24 22 35 
0 28
1 20
2 36
3 5
4 21
5 35
6 1
7 13
8 3
9 2
10 41
11 14
12 27
13 6
14 18
15 10
16 30
17 26
18 15
19 31
20 24
21 34
22 44
23 17
24 43
25 39
26 38
27 12
28 29
29 4
30 42
31 32
32 0
33 37
34 19
35 45
36 33
37 8
38 22
39 25
40 9
41 7
42 40
43 23
44 16
45 11
SIMILAR

41 13 31 1 26 43 4 0 9 18 12 35 21 19 14 39 15 38 33 27 29 7 34 2 32 36 44 37 40 23 16 22 3 45 6 28 5 10 11 8 17 42 20 25 24 30 
0 7
1 3
2 23
3 32
4 6
5 36
6 34
7 21
8 39
9 8
10 37
11 38
12 10
13 1
14 14
15 16
16 30
17 40
18 9
19 13
20 42
21 12
22 31
23 29
24 44
25 43
26 4
27 19
28 35
29 20
30 45
31 2
32 24
33 18
34 22
35 11
36 25
37 27
38 17
39 15
40 28
41 0
42 41
43 5
44 26
45 33
SIMILAR

9 24 41 39 30 6 42 38 40 12 16 33 5 25 23 1 3 26 35 43 17 8 22 34 11 20 19 37 18 21 4 13 7 44 10 31 32 29 0 28 27 36 14 2 15 45 
0 38
1 15
2 43
3 16
4 30
5 12
6 5
7 32
8 21
9 0
10 34
11 24
12 9
13 31
14 42
15 44
16 10
17 20
18 28
19 26
20 25
21 29
22 22
23 14
24 1
25 13
26 17
27 40
28 39
29 37
30 4
31 35
32 36
33 11
34 23
35 18
36 41
37 27
38 7
39 3
40 8
41 2
42 6
43 19
44 33
45 45
SIMILAR

13 9 25 2 17 41 27 4 39 16 5 34 38 3 8 14 12 43 32 24 29 19 45 42 37 11 44 0 31 30 40 33 35 21 23 26 22 6 7 36 15 20 18 28 10 1 
0 27
1 45
2 3
3 13
4 7
5 10
6 37
7 38
8 14
9 1
10 44
11 25
12 16
13 0
14 15
15 40
16 9
17 4
18 42
19 21
20 41
21 33
22 36
23 34
24 19
25 2
26 35
27 6
28 43
29 20
30 29
31 28
32 18
33 31
34 11
35 32
36 39
37 24
38 12
39 8
40 30
41 5
42 23
43 17
44 26
45 22
SIMILAR

23 21 0 35 19 32 9 38 24 42 2 8 28 20 16 37 30 44 40 11 27 45 22 36 25 1 39 12 18 3 13 31 15 34 26 14 29 17 7 5 43 6 10 41 33 4 
0 2
1 25
2 10
3 29
4 45
5 39
6 41
7 38
8 11
9 6
10 42
11 19
12 27
13 30
14 35
15 32
16 14
17 37
18 28
19 4
20 13
21 1
22 22
23 0
24 8
25 24
26 34
27 20
28 12
29 36
30 16
31 31
32 5
33 44
34 33
35 3
36 23
37 15
38 7
39 26
40 18
41 43
42 9
43 40
44 17
45 21
SIMILAR

39 20 11 29 26 37 22 24 13 15 41 5 9 45 21 10 4 1 27 3 17 19 44 36 32 42 0 28 30 14 12 33 40 38 31 35 2 8 6 25 7 43 34 16 23 18 
0 26
1 17
2 36
3 19
4 16
5 11
6 38
7 40
8 37
9 12
10 15
11 2
12 30
13 8
14 29
15 9
16 43
17 20
18 45
19 21
20 1
21 14
22 6
23 44
24 7
25 39
26 4
27 18
28 27
29 3
30 28
31 34
32 24
33 31
34 42
35 35
36 23
37 5
38 33
39 0
40 32
41 10
42 25
43 41
44 22
45 13
SIMILAR

30 6 36 2 41 29 24 12 45 22 4 9 13 38 17 15 23 8 42 31 5 11 37 7 20 18 43 21 10 32 44 39 19 1 28 33 40 27 0 16 34 25 26 14 35 3 
0 38
1 33
2 3
3 45
4 10
5 20
6 1
7 23
8 17
9 11
10 28
11 21
12 7
13 12
14 43
15 15
16 39
17 14
18 25
19 32
20 24
21 27
22 9
23 16
24 6
25 41
26 42
27 37
28 34
29 5
30 0
31 19
32 29
33 35
34 40
35 44
36 2
37 22
38 13
39 31
40 36
41 4
42 18
43 26
44 30
45 8
SIMILAR

3 12 16 23 42 24 45 37 38 31 20 17 28 41 11 43 19 22 34 27 14 8 15 10 25 21 40 6 0 33 13 26 4 18 29 2 7 9 32 30 1 39 35 5 36 44 
0 28
1 40
2 35
3 0
4 32
5 43
6 27
7 36
8 21
9 37
10 23
11 14
12 1
13 30
14 20
15 22
16 2
17 11
18 33
19 16
20 10
21 25
22 17
23 3
24 5
25 24
26 31
27 19
28 12
29 34
30 39
31 9
32 38
33 29
34 18
35 42
36 44
37 7
38 8
39 41
40 26
41 13
42 4
43 15
44 45
45 6
SIMILAR

31 15 28 1 34 18 19 44 26 29 22 13 37 35 17 36 4 21 16 2 3 8 10 40 33 14 6 24 38 9 32 0 7 23 20 39 42 12 41 45 30 11 27 43 5 25 
0 31
1 3
2 19
3 20
4 16
5 44
6 26
7 32
8 21
9 29
10 22
11 41
12 37
13 11
14 25
15 1
16 18
17 14
18 5
19 6
20 34
21 17
22 10
23 33
24 27
25 45
26 8
27 42
28 2
29 9
30 40
31 0
32 30
33 24
34 4
35 13
36 15
37 12
38 28
39 35
40 23
41 38
42 36
43 43
44 7
45 39
SIMILAR

17 14 43 42 27 18 44 34 30 35 15 10 1 4 6 36 26 39 24 12 45 40 9 28 29 13 16 38 7 19 11 33 23 41 2 22 3 31 32 0 25 5 8 21 20 37 
0 39
1 12
2 34
3 36
4 13
5 41
6 14
7 28
8 42
9 22
10 11
11 30
12 19
13 25
14 1
15 10
16 26
17 0
18 5
19 29
20 44
21 43
22 35
23 32
24 18
25 40
26 16
27 4
28 23
29 24
30 8
31 37
32 38
33 31
34 7
35 9
36 15
37 45
38 27
39 17
40 21
41 33
42 3
43 2
44 6
45 20
SIMILAR

44 21 23 32 16 33 42 34 14 6 35 18 15 8 24 39 17 27 4 45 5 10 28 19 13 11 20 26 30 12 31 2 37 43 41 22 40 1 3 36 25 29 9 38 7 0 
0 45
1 37
2 31
3 38
4 18
5 20
6 9
7 44
8 13
9 42
10 21
11 25
12 29
13 24
14 8
15 12
16 4
17 16
18 11
19 23
20 26
21 1
22 35
23 2
24 14
25 40
26 27
27 17
28 22
29 41
30 28
31 30
32 3
33 5
34 7
35 10
36 39
37 32
38 43
39 15
40 36
41 34
42 6
43 33
44 0
45 19
SIMILAR

23 21 33 16 25 3 7 43 27 39 35 20 22 30 34 31 28 5 13 41 38 42 15 14 18 0 9 40 1 36 4 8 2 26 6 10 45 11 44 12 37 29 32 24 19 17 
0 25
1 28
2 32
3 5
4 30
5 17
6 34
7 6
8 31
9 26
10 35
11 37
12 39
13 18
14 23
15 22
16 3
17 45
18 24
19 44
20 11
21 1
22 12
23 0
24 43
25 4
26 33
27 8
28 16
29 41
30 13
31 15
32 42
33 2
34 14
35 10
36 29
37 40
38 20
39 9
40 27
41 19
42 21
43 7
44 38
45 36
SIMILAR

21 27 32 30 44 15 43 23 5 4 10 42 37 29 1 9 17 41 22 16 12 26 35 3 8 7 33 38 45 40 31 14 34 39 24 20 11 19 13 18 25 28 36 0 2 6 
0 43
1 14
2 44
3 23
4 9
5 8
6 45
7 25
8 24
9 15
10 10
11 36
12 20
13 38
14 31
15 5
16 19
17 16
18 39
19 37
20 35
21 0
22 18
23 7
24 34
25 40
26 21
27 1
28 41
29 13
30 3
31 30
32 2
33 26
34 32
35 22
36 42
37 12
38 27
39 33
40 29
41 17
42 11
43 6
44 4
45 28
SIMILAR

23 22 15 43 10 25 8 45 6 18 9 40 27 26 20 37 32 36 1 29 41 42 3 2 16 19 35 31 0 12 13 11 34 39 33 30 4 28 21 7 5 14 24 44 38 17 
0 28
1 18
2 23
3 22
4 36
5 40
6 8
7 39
8 6
9 10
10 4
11 31
12 29
13 30
14 41
15 2
16 24
17 45
18 9
19 25
20 14
21 38
22 1
23 0
24 42
25 5
26 13
27 12
28 37
29 19
30 35
31 27
32 16
33 34
34 32
35 26
36 17
37 15
38 44
39 33
40 11
41 20
42 21
43 3
44 43
45 7
SIMILAR

31 6 19 38 43 5 20 13 27 42 30 7 45 0 21 41 14 28 16 9 44 12 15 18 34 36 3 8 33 1 23 17 32 22 11 2 25 24 4 10 29 40 35 37 39 26 
0 13
1 29
2 35
3 26
4 38
5 5
6 1
7 11
8 27
9 19
10 39
11 34
12 21
13 7
14 16
15 22
16 18
17 31
18 23
19 2
20 6
21 14
22 33
23 30
24 37
25 36
26 45
27 8
28 17
29 40
30 10
31 0
32 32
33 28
34 24
35 42
36 25
37 43
38 3
39 44
40 41
41 15
42 9
43 4
44 20
45 12
SIMILAR

25 19 11 8 44 33 31 1 15 21 28 12 9 16 3 14 26 10 39 2 45 5 41 32 36 23 27 34 35 24 38 40 13 0 42 6 37 7 22 30 17 18 29 43 20 4 
0 33
1 7
2 19
3 14
4 45
5 21
6 35
7 37
8 3
9 12
10 17
11 2
12 11
13 32
14 15
15 8
16 13
17 40
18 41
19 1
20 44
21 9
22 38
23 25
24 29
25 0
26 16
27 26
28 10
29 42
30 39
31 6
32 23
33 5
34 27
35 28
36 24
37 36
38 30
39 18
40 31
41 22
42 34
43 43
44 4
45 20
SIMILAR

29 45 21 15 24 17 0 41 11 34 27 44 6 7 14 8 39 40 25 10 9 23 20 12 31 19 16 42 1 37 30 3 2 26 5 22 4 38 43 36 33 13 28 18 35 32 
0 6
1 28
2 32
3 31
4 36
5 34
6 12
7 13
8 15
9 20
10 19
11 8
12 23
13 41
14 14
15 3
16 26
17 5
18 43
19 25
20 22
21 2
22 35
23 21
24 4
25 18
26 33
27 10
28 42
29 0
30 30
31 24
32 45
33 40
34 9
35 44
36 39
37 29
38 37
39 16
40 17
41 7
42 27
43 38
44 11
45 1
SIMILAR

7 1 21 36 37 38 18 31 6 39 28 10 0 41 22 42 27 24 19 20 43 23 34 8 15 2 30 33 29 3 32 11 40 4 17 25 5 45 12 44 16 9 26 14 13 35 
0 12
1 1
2 25
3 29
4 33
5 36
6 8
7 0
8 23
9 41
10 11
11 31
12 38
13 44
14 43
15 24
16 40
17 34
18 6
19 18
20 19
21 2
22 14
23 21
24 17
25 35
26 42
27 16
28 10
29 28
30 26
31 7
32 30
33 27
34 22
35 45
36 3
37 4
38 5
39 9
40 32
41 13
42 15
43 20
44 39
45 37
SIMILAR

5 3 23 4 35 18 16 38 2 44 32 42 17 25 9 1 34 24 31 11 10 6 12 37 14 45 27 39 33 15 21 43 29 41 7 8 19 28 30 20 36 26 13 22 40 0 
0 45
1 15
2 8
3 1
4 3
5 0
6 21
7 34
8 35
9 14
10 20
11 19
12 22
13 42
14 24
15 29
16 6
17 12
18 5
19 36
20 39
21 30
22 43
23 2
24 17
25 13
26 41
27 26
28 37
29 32
30 38
31 18
32 10
33 28
34 16
35 4
36 40
37 23
38 7
39 27
40 44
41 33
42 11
43 31
44 9
45 25
SIMILAR

27 21 28 12 39 29 30 20 31 11 13 10 23 25 24 37 2 16 38 15 33 19 35 26 34 4 17 1 41 32 36 9 0 40 5 18 3 22 7 45 6 42 43 14 44 8 
0 32
1 27
2 16
3 36
4 25
5 34
6 40
7 38
8 45
9 31
10 11
11 9
12 3
13 10
14 43
15 19
16 17
17 26
18 35
19 21
20 7
21 1
22 37
23 12
24 14
25 13
26 23
27 0
28 2
29 5
30 6
31 8
32 29
33 20
34 24
35 22
36 30
37 15
38 18
39 4
40 33
41 28
42 41
43 42
44 44
45 39
SIMILAR

16 31 37 27 33 0 40 28 36 44 11 8 24 45 13 17 23 42 39 6 9 15 35 7 25 18 2 29 20 22 19 38 41 10 3 30 43 1 34 32 14 26 21 12 4 5 
0 5
1 37
2 26
3 34
4 44
5 45
6 19
7 23
8 11
9 20
10 33
11 10
12 43
13 14
14 40
15 21
16 0
17 15
18 25
19 30
20 28
21 42
22 29
23 16
24 12
25 24
26 41
27 3
28 7
29 27
30 35
31 1
32 39
33 4
34 38
35 22
36 8
37 2
38 31
39 18
40 6
41 32
42 17
43 36
44 9
45 13
SIMILAR

3 45 1 43 35 23 27 10 0 2 31 30 18 36 12 33 21 13 9 42 11 22 34 7 40 4 5 17 20 8 32 15 44 26 37 24 14 38 6 19 39 16 25 28 29 41 
0 8
1 2
2 9
3 0
4 25
5 26
6 38
7 23
8 29
9 18
10 7
11 20
12 14
13 17
14 36
15 31
16 41
17 27
18 12
19 39
20 28
21 16
22 21
23 5
24 35
25 42
26 33
27 6
28 43
29 44
30 11
31 10
32 30
33 15
34 22
35 4
36 13
37 34
38 37
39 40
40 24
41 45
42 19
43 3
44 32
45 1
SIMILAR
100 0
5800 0
425800 0
