46
0 1 0 1 1 0 1 0 1 1 1 0 1 1 1 0 1 1 0 0 1 1 0 0 0 0 1 1 1 0 0 1 1 0 1 1 1 1 1 1 0 1 1 1 1 0 
1 0 1 0 0 0 0 0 0 0 1 0 1 0 0 1 1 1 1 1 1 1 1 0 1 1 0 0 0 1 0 0 1 0 0 1 1 0 1 1 0 1 1 1 0 0 
0 1 0 1 0 1 0 0 1 0 0 1 0 0 0 0 1 1 0 0 1 0 1 0 0 1 0 1 0 1 0 0 1 0 1 1 0 0 1 1 0 1 0 1 0 0 
1 0 1 0 0 1 1 0 1 1 0 0 1 1 1 0 1 0 0 1 0 0 0 1 0 1 1 1 0 1 0 0 0 1 1 1 1 0 0 0 1 0 0 0 1 0 
1 0 0 0 0 0 0 0 1 1 1 0 0 0 0 0 1 1 1 1 0 1 1 1 0 0 0 1 1 1 1 0 0 0 0 1 0 1 1 1 0 1 0 0 1 1 
0 0 1 1 0 0 1 0 0 1 1 1 0 0 0 0 1 1 0 0 0 0 1 1 1 0 1 1 1 0 1 1 0 1 1 1 1 0 0 0 0 1 0 0 1 1 
1 0 0 1 0 1 0 0 1 0 0 0 0 1 1 0 1 1 1 1 1 1 0 1 1 0 1 1 0 0 0 1 1 0 1 1 0 1 0 1 1 0 1 0 0 0 
0 0 0 0 0 0 0 0 1 0 0 1 0 1 1 1 0 1 1 0 1 1 1 0 0 0 0 1 0 1 1 0 1 1 1 0 1 1 1 0 0 1 1 0 0 1 
1 0 1 1 1 0 1 1 0 1 0 1 0 0 1 1 0 0 0 1 1 0 1 1 1 1 1 1 0 0 0 0 0 0 0 0 1 0 0 0 0 1 0 1 0 1 
1 0 0 1 1 1 0 0 1 0 1 0 0 1 1 0 0 0 1 1 0 1 0 0 0 1 0 0 0 1 1 1 0 1 0 0 0 0 1 0 1 1 0 1 1 0 
1 1 0 0 1 1 0 0 0 1 0 1 0 1 1 1 1 1 1 1 0 0 0 1 0 1 1 0 1 0 1 1 0 0 0 0 0 0 1 0 1 0 0 0 0 0 
0 0 1 0 0 1 0 1 1 0 1 0 1 1 1 1 1 0 0 0 0 0 1 1 0 1 1 0 1 1 1 1 1 1 0 1 0 1 0 0 1 1 0 0 1 1 
1 1 0 1 0 0 0 0 0 0 0 1 0 1 0 1 0 0 1 1 1 0 1 0 0 0 1 1 1 1 0 0 0 1 1 1 1 1 0 1 1 0 1 0 1 0 
1 0 0 1 0 0 1 1 0 1 1 1 1 0 1 1 0 0 0 1 1 0 0 1 0 0 1 0 1 0 0 0 0 0 1 0 1 1 0 0 0 1 0 1 1 1 
1 0 0 1 0 0 1 1 1 1 1 1 0 1 0 0 0 0 1 1 0 0 1 1 1 1 1 1 1 1 0 0 1 0 1 1 0 0 0 1 1 0 1 1 1 0 
0 1 0 0 0 0 0 1 1 0 1 1 1 1 0 0 1 0 0 1 1 1 0 1 1 1 1 1 1 0 1 1 0 1 0 0 0 0 0 1 1 1 0 1 0 1 
1 1 1 1 1 1 1 0 0 0 1 1 0 0 0 1 0 0 1 1 1 1 1 0 1 0 1 1 0 1 1 0 0 1 1 1 0 1 0 1 1 1 0 1 0 1 
1 1 1 0 1 1 1 1 0 0 1 0 0 0 0 0 0 0 0 1 0 1 0 1 0 1 0 1 1 0 0 0 0 0 1 1 0 0 1 0 0 0 0 1 0 0 
0 1 0 0 1 0 1 1 0 1 1 0 1 0 1 0 1 0 0 1 0 1 0 0 0 1 1 1 0 0 0 1 0 1 1 1 1 0 1 1 0 0 0 0 1 1 
0 1 0 1 1 0 1 0 1 1 1 0 1 1 1 1 1 1 1 0 0 1 0 1 1 1 1 0 1 1 1 1 1 0 1 0 1 1 1 1 0 0 1 1 1 1 
1 1 1 0 0 0 1 1 1 0 0 0 1 1 0 1 1 0 0 0 0 1 0 0 1 1 0 1 0 0 0 1 0 1 1 0 1 1 0 0 1 0 0 0 0 0 
1 1 0 0 1 0 1 1 0 1 0 0 0 0 0 1 1 1 1 1 1 0 1 1 1 0 0 0 1 1 0 0 0 1 1 0 1 0 1 1 1 1 1 1 1 0 
0 1 1 0 1 1 0 1 1 0 0 1 1 0 1 0 1 0 0 0 0 1 0 0 0 0 0 0 1 0 0 1 1 1 1 1 1 1 0 0 0 1 1 1 0 0 
0 0 0 1 1 1 1 0 1 0 1 1 0 1 1 1 0 1 0 1 0 1 0 0 0 1 0 1 1 1 1 0 0 1 0 0 0 1 0 0 1 1 1 1 1 1 
0 1 0 0 0 1 1 0 1 0 0 0 0 0 1 1 1 0 0 1 1 1 0 0 0 0 1 1 0 0 0 0 0 0 0 0 1 1 0 0 0 0 0 0 1 1 
0 1 1 1 0 0 0 0 1 1 1 1 0 0 1 1 0 1 1 1 1 0 0 1 0 0 0 0 0 1 0 1 0 0 1 0 0 0 0 0 0 0 1 0 1 1 
1 0 0 1 0 1 1 0 1 0 1 1 1 1 1 1 1 0 1 1 0 0 0 0 1 0 0 0 1 1 0 1 1 1 0 1 0 0 0 0 1 1 0 0 1 1 
1 0 1 1 1 1 1 1 1 0 0 0 1 0 1 1 1 1 1 0 1 0 0 1 1 0 0 0 1 0 0 1 0 1 1 0 1 0 0 0 1 1 1 0 0 0 
1 0 0 0 1 1 0 0 0 0 1 1 1 1 1 1 0 1 0 1 0 1 1 1 0 0 1 1 0 0 0 0 1 0 0 0 0 0 0 0 1 1 0 1 1 0 
0 1 1 1 1 0 0 1 0 1 0 1 1 0 1 0 1 0 0 1 0 1 0 1 0 1 1 0 0 0 0 0 1 1 0 1 0 0 0 1 0 0 1 0 0 0 
0 0 0 0 1 1 0 1 0 1 1 1 0 0 0 1 1 0 0 1 0 0 0 1 0 0 0 0 0 0 0 1 0 1 1 1 1 0 1 0 1 0 0 0 1 0 
1 0 0 0 0 1 1 0 0 1 1 1 0 0 0 1 0 0 1 1 1 0 1 0 0 1 1 1 0 0 1 0 0 0 1 1 0 0 0 1 0 1 1 0 1 0 
1 1 1 0 0 0 1 1 0 0 0 1 0 0 1 0 0 0 0 1 0 0 1 0 0 0 1 0 1 1 0 0 0 1 1 1 1 1 0 1 1 0 0 1 0 1 
0 0 0 1 0 1 0 1 0 1 0 1 1 0 0 1 1 0 1 0 1 1 1 1 0 0 1 1 0 1 1 0 1 0 1 0 1 1 0 0 0 0 0 0 0 0 
1 0 1 1 0 1 1 1 0 0 0 0 1 1 1 0 1 1 1 1 1 1 1 0 0 1 0 1 0 0 1 1 1 1 0 0 0 0 1 1 0 0 0 0 0 0 
1 1 1 1 1 1 1 0 0 0 0 1 1 0 1 0 1 1 1 0 0 0 1 0 0 0 1 0 0 1 1 1 1 0 0 0 0 0 0 1 1 0 1 1 0 0 
1 1 0 1 0 1 0 1 1 0 0 0 1 1 0 0 0 0 1 1 1 1 1 0 1 0 0 1 0 0 1 0 1 1 0 0 0 1 0 0 1 0 1 1 0 1 
1 0 0 0 1 0 1 1 0 0 0 1 1 1 0 0 1 0 0 1 1 0 1 1 1 0 0 0 0 0 0 0 1 1 0 0 1 0 1 0 0 1 0 1 0 1 
1 1 1 0 1 0 0 1 0 1 1 0 0 0 0 0 0 1 1 1 0 1 0 0 0 0 0 0 0 0 1 0 0 0 1 0 0 1 0 1 1 0 0 0 1 1 
1 1 1 0 1 0 1 0 0 0 0 0 1 0 1 1 1 0 1 1 0 1 0 0 0 0 0 0 0 1 0 1 1 0 1 1 0 0 1 0 0 0 0 1 1 1 
0 0 0 1 0 0 1 0 0 1 1 1 1 0 1 1 1 0 0 0 1 1 0 1 0 0 1 1 1 0 1 0 1 0 0 1 1 0 1 0 0 0 1 1 1 1 
1 1 1 0 1 1 0 1 1 1 0 1 0 1 0 1 1 0 0 0 0 1 1 1 0 0 1 1 1 0 0 1 0 0 0 0 0 1 0 0 0 0 1 0 0 0 
1 1 0 0 0 0 1 1 0 0 0 0 1 0 1 0 0 0 0 1 0 1 1 1 0 1 0 1 0 1 0 1 0 0 0 1 1 0 0 0 1 1 0 0 1 1 
1 1 1 0 0 0 0 0 1 1 0 0 0 1 1 1 1 1 0 1 0 1 1 1 0 0 0 0 1 0 0 0 1 0 0 1 1 1 0 1 1 0 0 0 0 1 
1 0 0 1 1 1 0 0 0 1 0 1 1 1 1 0 0 0 1 1 0 1 0 1 1 1 1 0 1 0 1 1 0 0 0 0 0 0 1 1 1 0 1 0 0 0 
0 0 0 0 1 1 0 1 1 0 0 1 0 1 0 1 1 0 1 1 0 0 0 1 1 1 1 0 0 0 0 0 1 0 0 0 1 1 1 1 1 0 1 1 0 0 

35 5 24 25 21 42 15 39 44 26 7 28 4 20 37 12 16 32 40 22 1 3 9 33 2 11 43 27 8 6 0 29 23 10 14 38 36 18 13 30 45 41 31 17 34 19 
0 30
1 20
2 24
3 21
4 12
5 1
6 29
7 10
8 28
9 22
10 33
11 25
12 15
13 38
14 34
15 6
16 16
17 43
18 37
19 45
20 13
21 4
22 19
23 32
24 2
25 3
26 9
27 27
28 11
29 31
30 39
31 42
32 17
33 23
34 44
35 0
36 36
37 14
38 35
39 7
40 18
41 41
42 5
43 26
44 8
45 40
SIMILAR

5 42 23 44 45 36 7 4 43 17 33 12 26 3 29 0 20 10 11 9 14 8 37 21 13 38 35 30 6 15 32 25 40 34 2 22 1 41 27 18 39 19 24 16 31 28 
0 15
1 36
2 34
3 13
4 7
5 0
6 28
7 6
8 21
9 19
10 17
11 18
12 11
13 24
14 20
15 29
16 43
17 9
18 39
19 41
20 16
21 23
22 35
23 2
24 42
25 31
26 12
27 38
28 45
29 14
30 27
31 44
32 30
33 10
34 33
35 26
36 5
37 22
38 25
39 40
40 32
41 37
42 1
43 8
44 3
45 4
SIMILAR

3 6 7 8 38 2 5 19 28 32 11 10 45 21 4 25 22 30 31 20 34 1 13 23 44 27 26 42 0 17 9 16 15 35 33 43 39 24 41 36 29 37 14 40 12 18 
0 28
1 21
2 5
3 0
4 14
5 6
6 1
7 2
8 3
9 30
10 11
11 10
12 44
13 22
14 42
15 32
16 31
17 29
18 45
19 7
20 19
21 13
22 16
23 23
24 37
25 15
26 26
27 25
28 8
29 40
30 17
31 18
32 9
33 34
34 20
35 33
36 39
37 41
38 4
39 36
40 43
41 38
42 27
43 35
44 24
45 12
SIMILAR

1 38 17 11 43 25 29 14 45 21 42 26 7 30 18 20 39 16 44 9 19 4 2 13 0 8 5 32 3 12 37 6 36 22 24 15 34 28 31 41 33 27 35 40 23 10 
0 24
1 0
2 22
3 28
4 21
5 26
6 31
7 12
8 25
9 19
10 45
11 3
12 29
13 23
14 7
15 35
16 17
17 2
18 14
19 20
20 15
21 9
22 33
23 44
24 34
25 5
26 11
27 41
28 37
29 6
30 13
31 38
32 27
33 40
34 36
35 42
36 32
37 30
38 1
39 16
40 43
41 39
42 10
43 4
44 18
45 8
SIMILAR

14 38 41 35 40 9 20 1 12 34 16 42 10 22 2 29 25 11 3 19 45 21 30 32 7 8 5 13 31 26 43 15 27 37 39 33 18 17 28 0 23 24 6 4 44 36 
0 39
1 7
2 14
3 18
4 43
5 26
6 42
7 24
8 25
9 5
10 12
11 17
12 8
13 27
14 0
15 31
16 10
17 37
18 36
19 19
20 6
21 21
22 13
23 40
24 41
25 16
26 29
27 32
28 38
29 15
30 22
31 28
32 23
33 35
34 9
35 3
36 45
37 33
38 1
39 34
40 4
41 2
42 11
43 30
44 44
45 20
SIMILAR

17 38 45 20 41 3 30 7 0 28 8 37 33 31 4 10 39 2 12 40 24 18 9 15 1 19 29 22 35 21 32 14 36 26 5 6 13 23 44 43 27 16 42 25 34 11 
0 8
1 24
2 17
3 5
4 14
5 34
6 35
7 7
8 10
9 22
10 15
11 45
12 18
13 36
14 31
15 23
16 41
17 0
18 21
19 25
20 3
21 29
22 27
23 37
24 20
25 43
26 33
27 40
28 9
29 26
30 6
31 13
32 30
33 12
34 44
35 28
36 32
37 11
38 1
39 16
40 19
41 4
42 42
43 39
44 38
45 2
SIMILAR

19 29 28 21 14 7 23 33 13 10 34 5 17 27 41 31 44 9 30 35 16 15 26 32 3 0 24 2 39 22 37 4 43 40 8 20 1 42 18 12 6 38 36 45 25 11 
0 25
1 36
2 27
3 24
4 31
5 11
6 40
7 5
8 34
9 17
10 9
11 45
12 39
13 8
14 4
15 21
16 20
17 12
18 38
19 0
20 35
21 3
22 29
23 6
24 26
25 44
26 22
27 13
28 2
29 1
30 18
31 15
32 23
33 7
34 10
35 19
36 42
37 30
38 41
39 28
40 33
41 14
42 37
43 32
44 16
45 43
SIMILAR

28 33 21 12 35 15 25 36 38 0 2 9 39 40 42 19 45 32 6 43 22 31 24 8 17 16 10 30 44 26 13 4 7 41 11 20 14 23 3 5 37 34 18 29 27 1 
0 9
1 45
2 10
3 38
4 31
5 39
6 18
7 32
8 23
9 11
10 26
11 34
12 3
13 30
14 36
15 5
16 25
17 24
18 42
19 15
20 35
21 2
22 20
23 37
24 22
25 6
26 29
27 44
28 0
29 43
30 27
31 21
32 17
33 1
34 41
35 4
36 7
37 40
38 8
39 12
40 13
41 33
42 14
43 19
44 28
45 16
SIMILAR

12 36 39 10 1 4 22 30 40 9 7 20 41 42 0 38 34 19 28 2 24 33 15 35 11 29 17 37 25 27 43 14 31 32 6 8 5 23 21 16 3 45 26 44 13 18 
0 14
1 4
2 19
3 40
4 5
5 36
6 34
7 10
8 35
9 9
10 3
11 24
12 0
13 44
14 31
15 22
16 39
17 26
18 45
19 17
20 11
21 38
22 6
23 37
24 20
25 28
26 42
27 29
28 18
29 25
30 7
31 32
32 33
33 21
34 16
35 23
36 1
37 27
38 15
39 2
40 8
41 12
42 13
43 30
44 43
45 41
SIMILAR

45 5 31 6 35 34 8 16 28 38 13 15 1 43 3 14 32 10 12 44 36 37 42 40 18 9 0 27 24 26 33 21 17 7 39 19 25 30 20 4 22 29 2 41 11 23 
0 26
1 12
2 42
3 14
4 39
5 1
6 3
7 33
8 6
9 25
10 17
11 44
12 18
13 10
14 15
15 11
16 7
17 32
18 24
19 35
20 38
21 31
22 40
23 45
24 28
25 36
26 29
27 27
28 8
29 41
30 37
31 2
32 16
33 30
34 5
35 4
36 20
37 21
38 9
39 34
40 23
41 43
42 22
43 13
44 19
45 0
SIMILAR

19 13 16 35 9 7 41 31 43 6 4 1 20 22 37 45 27 2 25 8 40 39 14 17 10 15 32 30 38 36 42 29 21 23 24 3 26 44 33 0 12 11 28 5 34 18 
0 39
1 11
2 17
3 35
4 10
5 43
6 9
7 5
8 19
9 4
10 24
11 41
12 40
13 1
14 22
15 25
16 2
17 23
18 45
19 0
20 12
21 32
22 13
23 33
24 34
25 18
26 36
27 16
28 42
29 31
30 27
31 7
32 26
33 38
34 44
35 3
36 29
37 14
38 28
39 21
40 20
41 6
42 30
43 8
44 37
45 15
SIMILAR

22 35 30 31 26 38 37 16 11 12 34 42 5 40 0 20 28 1 13 4 44 9 27 14 17 32 6 41 25 24 33 3 21 19 23 43 15 39 36 2 29 7 45 18 8 10 
0 14
1 17
2 39
3 31
4 19
5 12
6 26
7 41
8 44
9 21
10 45
11 8
12 9
13 18
14 23
15 36
16 7
17 24
18 43
19 33
20 15
21 32
22 0
23 34
24 29
25 28
26 4
27 22
28 16
29 40
30 2
31 3
32 25
33 30
34 10
35 1
36 38
37 6
38 5
39 37
40 13
41 27
42 11
43 35
44 20
45 42
SIMILAR

13 17 41 30 44 27 33 22 43 11 20 40 45 42 15 12 31 7 23 19 8 5 14 21 37 36 0 34 28 1 38 39 9 32 26 4 3 6 2 25 10 29 24 35 16 18 
0 26
1 29
2 38
3 36
4 35
5 21
6 37
7 17
8 20
9 32
10 40
11 9
12 15
13 0
14 22
15 14
16 44
17 1
18 45
19 19
20 10
21 23
22 7
23 18
24 42
25 39
26 34
27 5
28 28
29 41
30 3
31 16
32 33
33 6
34 27
35 43
36 25
37 24
38 30
39 31
40 11
41 2
42 13
43 8
44 4
45 12
SIMILAR

25 44 11 45 21 29 41 43 8 35 39 30 19 14 4 0 22 38 18 16 40 10 28 1 36 5 32 12 42 23 13 26 15 7 31 27 6 20 9 33 24 17 3 37 2 34 
0 15
1 23
2 44
3 42
4 14
5 25
6 36
7 33
8 8
9 38
10 21
11 2
12 27
13 30
14 13
15 32
16 19
17 41
18 18
19 12
20 37
21 4
22 16
23 29
24 40
25 0
26 31
27 35
28 22
29 5
30 11
31 34
32 26
33 39
34 45
35 9
36 24
37 43
38 17
39 10
40 20
41 6
42 28
43 7
44 1
45 3
SIMILAR

38 24 28 18 8 12 40 13 15 23 14 43 29 35 7 45 33 37 5 1 36 26 25 4 6 0 31 16 32 21 22 34 27 3 42 17 20 30 41 39 10 11 19 44 2 9 
0 25
1 19
2 44
3 33
4 23
5 18
6 24
7 14
8 4
9 45
10 40
11 41
12 5
13 7
14 10
15 8
16 27
17 35
18 3
19 42
20 36
21 29
22 30
23 9
24 1
25 22
26 21
27 32
28 2
29 12
30 37
31 26
32 28
33 16
34 31
35 13
36 20
37 17
38 0
39 39
40 6
41 38
42 34
43 11
44 43
45 15
SIMILAR

14 26 29 37 1 7 35 24 8 10 9 41 16 40 36 4 17 12 25 30 38 18 44 19 34 20 5 45 43 21 27 28 2 39 32 0 23 11 13 6 22 3 31 15 33 42 
0 35
1 4
2 32
3 41
4 15
5 26
6 39
7 5
8 8
9 10
10 9
11 37
12 17
13 38
14 0
15 43
16 12
17 16
18 21
19 23
20 25
21 29
22 40
23 36
24 7
25 18
26 1
27 30
28 31
29 2
30 19
31 42
32 34
33 44
34 24
35 6
36 14
37 3
38 20
39 33
40 13
41 11
42 45
43 28
44 22
45 27
SIMILAR

13 35 9 12 32 36 25 10 33 41 20 7 43 18 29 14 3 24 15 17 4 19 39 26 21 42 27 2 30 22 6 28 31 0 34 44 1 23 38 8 5 16 37 11 45 40 
0 33
1 36
2 27
3 16
4 20
5 40
6 30
7 11
8 39
9 2
10 7
11 43
12 3
13 0
14 15
15 18
16 41
17 19
18 13
19 21
20 10
21 24
22 29
23 37
24 17
25 6
26 23
27 26
28 31
29 14
30 28
31 32
32 4
33 8
34 34
35 1
36 5
37 42
38 38
39 22
40 45
41 9
42 25
43 12
44 35
45 44
SIMILAR

23 16 41 11 7 2 34 20 37 33 17 27 25 24 32 36 10 1 3 5 42 28 44 29 45 43 31 26 8 4 6 0 39 30 14 13 18 38 40 12 21 19 35 9 15 22 
0 31
1 17
2 5
3 18
4 29
5 19
6 30
7 4
8 28
9 43
10 16
11 3
12 39
13 35
14 34
15 44
16 1
17 10
18 36
19 41
20 7
21 40
22 45
23 0
24 13
25 12
26 27
27 11
28 21
29 23
30 33
31 26
32 14
33 9
34 6
35 42
36 15
37 8
38 37
39 32
40 38
41 2
42 20
43 25
44 22
45 24
SIMILAR

19 7 11 4 37 12 5 23 14 42 30 27 20 13 1 22 3 26 35 32 21 10 34 29 16 41 43 9 45 18 17 24 6 38 2 36 15 25 40 0 31 44 28 39 33 8 
0 39
1 14
2 34
3 16
4 3
5 6
6 32
7 1
8 45
9 27
10 21
11 2
12 5
13 13
14 8
15 36
16 24
17 30
18 29
19 0
20 12
21 20
22 15
23 7
24 31
25 37
26 17
27 11
28 42
29 23
30 10
31 40
32 19
33 44
34 22
35 18
36 35
37 4
38 33
39 43
40 38
41 25
42 9
43 26
44 41
45 28
SIMILAR

41 0 25 39 34 10 14 26 40 4 30 20 29 19 44 38 21 35 43 7 1 28 18 13 31 37 32 42 9 2 6 5 27 17 11 12 8 36 16 22 15 45 3 24 33 23 
0 1
1 20
2 29
3 42
4 9
5 31
6 30
7 19
8 36
9 28
10 5
11 34
12 35
13 23
14 6
15 40
16 38
17 33
18 22
19 13
20 11
21 16
22 39
23 45
24 43
25 2
26 7
27 32
28 21
29 12
30 10
31 24
32 26
33 44
34 4
35 17
36 37
37 25
38 15
39 3
40 8
41 0
42 27
43 18
44 14
45 41
SIMILAR

29 17 23 3 18 14 24 12 43 10 2 27 5 7 44 42 1 33 38 19 34 16 37 35 13 31 32 9 41 21 4 0 25 26 8 45 15 40 36 30 6 20 39 11 28 22 
0 31
1 16
2 10
3 3
4 30
5 12
6 40
7 13
8 34
9 27
10 9
11 43
12 7
13 24
14 5
15 36
16 21
17 1
18 4
19 19
20 41
21 29
22 45
23 2
24 6
25 32
26 33
27 11
28 44
29 0
30 39
31 25
32 26
33 17
34 20
35 23
36 38
37 22
38 18
39 42
40 37
41 28
42 15
43 8
44 14
45 35
SIMILAR

39 8 9 25 3 14 5 34 19 12 24 15 29 6 13 23 45 1 18 38 0 2 16 27 7 11 32 44 10 33 28 30 42 26 17 35 20 22 21 4 31 40 37 43 41 36 
0 20
1 17
2 21
3 4
4 39
5 6
6 13
7 24
8 1
9 2
10 28
11 25
12 9
13 14
14 5
15 11
16 22
17 34
18 18
19 8
20 36
21 38
22 37
23 15
24 10
25 3
26 33
27 23
28 30
29 12
30 31
31 40
32 26
33 29
34 7
35 35
36 45
37 42
38 19
39 0
40 41
41 44
42 32
43 43
44 27
45 16
SIMILAR

26 35 27 8 19 15 1 11 7 45 24 30 34 41 16 31 0 2 6 36 4 13 43 14 39 18 29 37 38 40 42 32 25 33 20 9 44 22 12 3 21 5 17 28 10 23 
0 16
1 6
2 17
3 39
4 20
5 41
6 18
7 8
8 3
9 35
10 44
11 7
12 38
13 21
14 23
15 5
16 14
17 42
18 25
19 4
20 34
21 40
22 37
23 45
24 10
25 32
26 0
27 2
28 43
29 26
30 11
31 15
32 31
33 33
34 12
35 1
36 19
37 27
38 28
39 24
40 29
41 13
42 30
43 22
44 36
45 9
SIMILAR

10 25 35 44 33 45 24 40 41 1 5 4 19 20 3 39 17 38 37 27 22 26 29 23 11 18 2 13 42 0 6 16 31 12 30 8 7 36 34 32 28 14 21 15 43 9 
0 29
1 9
2 26
3 14
4 11
5 10
6 30
7 36
8 35
9 45
10 0
11 24
12 33
13 27
14 41
15 43
16 31
17 16
18 25
19 12
20 13
21 42
22 20
23 23
24 6
25 1
26 21
27 19
28 40
29 22
30 34
31 32
32 39
33 4
34 38
35 2
36 37
37 18
38 17
39 15
40 7
41 8
42 28
43 44
44 3
45 5
SIMILAR

15 24 35 44 11 41 9 20 3 32 6 45 28 1 40 7 25 10 42 34 22 43 36 33 18 38 14 16 13 4 31 12 17 37 23 29 19 0 39 8 27 2 26 21 5 30 
0 37
1 13
2 41
3 8
4 29
5 44
6 10
7 15
8 39
9 6
10 17
11 4
12 31
13 28
14 26
15 0
16 27
17 32
18 24
19 36
20 7
21 43
22 20
23 34
24 1
25 16
26 42
27 40
28 12
29 35
30 45
31 30
32 9
33 23
34 19
35 2
36 22
37 33
38 25
39 38
40 14
41 5
42 18
43 21
44 3
45 11
SIMILAR

27 40 32 7 30 4 24 5 12 17 31 10 28 19 20 39 45 35 8 23 44 6 21 2 37 34 11 9 16 41 22 42 13 43 36 0 18 26 38 33 15 25 29 1 14 3 
0 35
1 43
2 23
3 45
4 5
5 7
6 21
7 3
8 18
9 27
10 11
11 26
12 8
13 32
14 44
15 40
16 28
17 9
18 36
19 13
20 14
21 22
22 30
23 19
24 6
25 41
26 37
27 0
28 12
29 42
30 4
31 10
32 2
33 39
34 25
35 17
36 34
37 24
38 38
39 15
40 1
41 29
42 31
43 33
44 20
45 16
SIMILAR

16 44 18 34 22 27 14 26 4 29 36 3 40 23 33 20 21 30 41 15 13 19 28 10 35 31 39 12 25 42 7 17 9 32 8 43 38 11 5 37 2 45 6 0 24 1 
0 43
1 45
2 40
3 11
4 8
5 38
6 42
7 30
8 34
9 32
10 23
11 37
12 27
13 20
14 6
15 19
16 0
17 31
18 2
19 21
20 15
21 16
22 4
23 13
24 44
25 28
26 7
27 5
28 22
29 9
30 17
31 25
32 33
33 14
34 3
35 24
36 10
37 39
38 36
39 26
40 12
41 18
42 29
43 35
44 1
45 41
SIMILAR

6 21 18 31 45 23 9 3 40 37 28 24 29 8 0 20 25 19 4 17 26 7 14 34 43 41 16 32 30 5 12 38 13 15 42 39 36 44 11 33 2 22 27 10 1 35 
0 14
1 44
2 40
3 7
4 18
5 29
6 0
7 21
8 13
9 6
10 43
11 38
12 30
13 32
14 22
15 33
16 26
17 19
18 2
19 17
20 15
21 1
22 41
23 5
24 11
25 16
26 20
27 42
28 10
29 12
30 28
31 3
32 27
33 39
34 23
35 45
36 36
37 9
38 31
39 35
40 8
41 25
42 34
43 24
44 37
45 4
SIMILAR

15 17 5 33 23 8 41 43 29 37 26 0 36 7 44 14 31 21 32 40 22 19 10 28 20 42 25 39 6 18 35 11 12 24 30 9 13 3 38 1 34 4 45 27 16 2 
0 11
1 39
2 45
3 37
4 41
5 2
6 28
7 13
8 5
9 35
10 22
11 31
12 32
13 36
14 15
15 0
16 44
17 1
18 29
19 21
20 24
21 17
22 20
23 4
24 33
25 26
26 10
27 43
28 23
29 8
30 34
31 16
32 18
33 3
34 40
35 30
36 12
37 9
38 38
39 27
40 19
41 6
42 25
43 7
44 14
45 42
SIMILAR

35 32 16 6 23 31 28 0 14 2 36 17 19 26 13 33 45 11 9 41 30 44 29 24 8 12 27 43 34 20 22 7 5 25 15 42 39 21 4 37 38 10 3 40 18 1 
0 7
1 45
2 9
3 42
4 38
5 32
6 3
7 31
8 24
9 18
10 41
11 17
12 25
13 14
14 8
15 34
16 2
17 11
18 44
19 12
20 29
21 37
22 30
23 4
24 23
25 33
26 13
27 26
28 6
29 22
30 20
31 5
32 1
33 15
34 28
35 0
36 10
37 39
38 40
39 36
40 43
41 19
42 35
43 27
44 21
45 16
SIMILAR

30 1 24 9 29 13 5 3 20 25 28 4 37 8 23 32 43 21 10 0 12 11 2 35 34 6 7 42 26 17 41 18 39 45 22 14 40 27 36 31 19 15 33 44 38 16 
0 19
1 1
2 22
3 7
4 11
5 6
6 25
7 26
8 13
9 3
10 18
11 21
12 20
13 5
14 35
15 41
16 45
17 29
18 31
19 40
20 8
21 17
22 34
23 14
24 2
25 9
26 28
27 37
28 10
29 4
30 0
31 39
32 15
33 42
34 24
35 23
36 38
37 12
38 44
39 32
40 36
41 30
42 27
43 16
44 43
45 33
SIMILAR

9 33 36 26 42 43 29 13 41 24 12 37 6 4 16 44 0 27 8 31 11 7 3 1 22 40 28 2 38 19 35 25 23 18 21 17 5 45 34 10 30 15 20 14 32 39 
0 16
1 23
2 27
3 22
4 13
5 36
6 12
7 21
8 18
9 0
10 39
11 20
12 10
13 7
14 43
15 41
16 14
17 35
18 33
19 29
20 42
21 34
22 24
23 32
24 9
25 31
26 3
27 17
28 26
29 6
30 40
31 19
32 44
33 1
34 38
35 30
36 2
37 11
38 28
39 45
40 25
41 8
42 4
43 5
44 15
45 37
SIMILAR

36 0 44 35 1 34 22 25 30 19 11 3 28 20 33 38 5 23 15 40 24 31 2 12 9 37 43 13 4 10 26 16 8 41 7 45 42 17 18 29 6 27 39 21 14 32 
0 1
1 4
2 22
3 11
4 28
5 16
6 40
7 34
8 32
9 24
10 29
11 10
12 23
13 27
14 44
15 18
16 31
17 37
18 38
19 9
20 13
21 43
22 6
23 17
24 20
25 7
26 30
27 41
28 12
29 39
30 8
31 21
32 45
33 14
34 5
35 3
36 0
37 25
38 15
39 42
40 19
41 33
42 36
43 26
44 2
45 35
SIMILAR

44 28 20 23 36 14 41 40 34 2 1 29 10 37 18 22 19 30 43 27 25 0 8 3 13 11 35 7 9 32 4 6 5 26 16 31 21 24 38 17 42 33 15 45 12 39 
0 21
1 10
2 9
3 23
4 30
5 32
6 31
7 27
8 22
9 28
10 12
11 25
12 44
13 24
14 5
15 42
16 34
17 39
18 14
19 16
20 2
21 36
22 15
23 3
24 37
25 20
26 33
27 19
28 1
29 11
30 17
31 35
32 29
33 41
34 8
35 26
36 4
37 13
38 38
39 45
40 7
41 6
42 40
43 18
44 0
45 43
SIMILAR

31 14 6 37 20 9 43 28 4 22 7 24 27 0 21 8 10 17 39 30 13 19 35 25 2 16 41 44 40 33 42 32 11 5 29 45 34 1 15 18 12 23 36 3 38 26 
0 13
1 37
2 24
3 43
4 8
5 33
6 2
7 10
8 15
9 5
10 16
11 32
12 40
13 20
14 1
15 38
16 25
17 17
18 39
19 21
20 4
21 14
22 9
23 41
24 11
25 23
26 45
27 12
28 7
29 34
30 19
31 0
32 31
33 29
34 36
35 22
36 42
37 3
38 44
39 18
40 28
41 26
42 30
43 6
44 27
45 35
SIMILAR

5 43 31 28 17 15 30 2 35 44 29 41 39 6 37 20 26 27 36 16 40 18 45 9 38 12 10 14 3 22 7 4 1 13 24 25 23 32 34 8 0 42 19 33 11 21 
0 40
1 32
2 7
3 28
4 31
5 0
6 13
7 30
8 39
9 23
10 26
11 44
12 25
13 33
14 27
15 5
16 19
17 4
18 21
19 42
20 15
21 45
22 29
23 36
24 34
25 35
26 16
27 17
28 3
29 10
30 6
31 2
32 37
33 43
34 38
35 8
36 18
37 14
38 24
39 12
40 20
41 11
42 41
43 1
44 9
45 22
SIMILAR

0 41 3 39 26 33 43 15 38 40 7 25 16 31 8 24 36 14 11 29 21 37 27 30 12 9 19 20 44 17 10 4 5 28 45 22 35 2 32 18 1 42 13 6 23 34 
0 0
1 40
2 37
3 2
4 31
5 32
6 43
7 10
8 14
9 25
10 30
11 18
12 24
13 42
14 17
15 7
16 12
17 29
18 39
19 26
20 27
21 20
22 35
23 44
24 15
25 11
26 4
27 22
28 33
29 19
30 23
31 13
32 38
33 5
34 45
35 36
36 16
37 21
38 8
39 3
40 9
41 1
42 41
43 6
44 28
45 34
SIMILAR

2 26 41 27 44 35 19 13 12 3 4 22 11 0 33 31 20 10 38 17 5 18 1 42 43 23 21 32 16 40 24 28 14 6 25 29 34 39 9 36 15 37 8 45 30 7 
0 13
1 22
2 0
3 9
4 10
5 20
6 33
7 45
8 42
9 38
10 17
11 12
12 8
13 7
14 32
15 40
16 28
17 19
18 21
19 6
20 16
21 26
22 11
23 25
24 30
25 34
26 1
27 3
28 31
29 35
30 44
31 15
32 27
33 14
34 36
35 5
36 39
37 41
38 18
39 37
40 29
41 2
42 23
43 24
44 4
45 43
SIMILAR

23 37 28 43 7 25 34 26 33 35 40 29 45 1 11 18 2 16 14 38 3 31 41 5 24 4 44 8 32 19 27 39 0 21 13 10 15 9 42 17 36 30 6 22 20 12 
0 32
1 13
2 16
3 20
4 25
5 23
6 42
7 4
8 27
9 37
10 35
11 14
12 45
13 34
14 18
15 36
16 17
17 39
18 15
19 29
20 44
21 33
22 43
23 0
24 24
25 5
26 7
27 30
28 2
29 11
30 41
31 21
32 28
33 8
34 6
35 9
36 40
37 1
38 19
39 31
40 10
41 22
42 38
43 3
44 26
45 12
SIMILAR

26 19 31 43 39 11 6 40 13 29 1 15 34 42 5 16 45 37 18 27 22 0 3 7 38 30 32 8 28 21 25 23 14 17 20 36 10 24 44 41 12 4 35 2 33 9 
0 21
1 10
2 43
3 22
4 41
5 14
6 6
7 23
8 27
9 45
10 36
11 5
12 40
13 8
14 32
15 11
16 15
17 33
18 18
19 1
20 34
21 29
22 20
23 31
24 37
25 30
26 0
27 19
28 28
29 9
30 25
31 2
32 26
33 44
34 12
35 42
36 35
37 17
38 24
39 4
40 7
41 39
42 13
43 3
44 38
45 16
SIMILAR

1 43 0 42 15 3 34 37 13 21 5 45 36 12 27 28 14 2 20 8 7 9 25 38 41 23 35 19 17 29 6 16 32 39 18 26 44 31 24 11 22 4 10 33 30 40 
0 2
1 0
2 17
3 5
4 41
5 10
6 30
7 20
8 19
9 21
10 42
11 39
12 13
13 8
14 16
15 4
16 31
17 28
18 34
19 27
20 18
21 9
22 40
23 25
24 38
25 22
26 35
27 14
28 15
29 29
30 44
31 37
32 32
33 43
34 6
35 26
36 12
37 7
38 23
39 33
40 45
41 24
42 3
43 1
44 36
45 11
SIMILAR

34 30 4 0 11 5 3 29 16 31 38 2 41 22 21 35 24 36 27 8 14 12 9 42 18 7 32 19 6 23 28 25 17 20 33 13 43 26 37 15 45 10 39 44 40 1 
0 3
1 45
2 11
3 6
4 2
5 5
6 28
7 25
8 19
9 22
10 41
11 4
12 21
13 35
14 20
15 39
16 8
17 32
18 24
19 27
20 33
21 14
22 13
23 29
24 16
25 31
26 37
27 18
28 30
29 7
30 1
31 9
32 26
33 34
34 0
35 15
36 17
37 38
38 10
39 42
40 44
41 12
42 23
43 36
44 43
45 40
SIMILAR

17 43 38 25 21 9 23 8 45 5 22 44 20 27 13 6 34 4 24 32 26 12 39 1 15 37 33 31 14 41 28 30 0 3 36 16 2 18 29 42 19 35 10 7 40 11 
0 32
1 23
2 36
3 33
4 17
5 9
6 15
7 43
8 7
9 5
10 42
11 45
12 21
13 14
14 28
15 24
16 35
17 0
18 37
19 40
20 12
21 4
22 10
23 6
24 18
25 3
26 20
27 13
28 30
29 38
30 31
31 27
32 19
33 26
34 16
35 41
36 34
37 25
38 2
39 22
40 44
41 29
42 39
43 1
44 11
45 8
SIMILAR

13 14 30 21 0 42 9 18 8 32 6 7 15 26 12 37 33 44 23 41 2 43 16 3 27 5 38 1 22 36 19 39 31 40 11 34 4 35 29 24 20 45 28 10 17 25 
0 4
1 27
2 20
3 23
4 36
5 25
6 10
7 11
8 8
9 6
10 43
11 34
12 14
13 0
14 1
15 12
16 22
17 44
18 7
19 30
20 40
21 3
22 28
23 18
24 39
25 45
26 13
27 24
28 42
29 38
30 2
31 32
32 9
33 16
34 35
35 37
36 29
37 15
38 26
39 31
40 33
41 19
42 5
43 21
44 17
45 41
SIMILAR

43 20 7 12 34 28 19 6 5 23 18 26 3 42 31 21 22 8 25 44 14 13 10 39 0 37 1 4 11 15 40 29 17 2 30 9 38 27 16 41 24 33 36 45 35 32 
0 24
1 26
2 33
3 12
4 27
5 8
6 7
7 2
8 17
9 35
10 22
11 28
12 3
13 21
14 20
15 29
16 38
17 32
18 10
19 6
20 1
21 15
22 16
23 9
24 40
25 18
26 11
27 37
28 5
29 31
30 34
31 14
32 45
33 41
34 4
35 44
36 42
37 25
38 36
39 23
40 30
41 39
42 13
43 0
44 19
45 43
SIMILAR

11 9 24 15 45 12 37 2 6 0 40 35 32 42 44 10 21 20 8 43 38 29 31 5 34 14 19 28 22 25 39 33 1 7 3 17 23 27 13 18 26 30 4 36 16 41 
0 9
1 32
2 7
3 34
4 42
5 23
6 8
7 33
8 18
9 1
10 15
11 0
12 5
13 38
14 25
15 3
16 44
17 35
18 39
19 26
20 17
21 16
22 28
23 36
24 2
25 29
26 40
27 37
28 27
29 21
30 41
31 22
32 12
33 31
34 24
35 11
36 43
37 6
38 20
39 30
40 10
41 45
42 13
43 19
44 14
45 4
SIMILAR

6 14 23 13 40 31 7 45 30 17 39 25 19 24 41 29 35 10 44 26 5 27 28 42 36 3 43 33 2 34 37 11 12 15 18 0 21 4 1 8 32 16 9 22 38 20 
0 35
1 38
2 28
3 25
4 37
5 20
6 0
7 6
8 39
9 42
10 17
11 31
12 32
13 3
14 1
15 33
16 41
17 9
18 34
19 12
20 45
21 36
22 43
23 2
24 13
25 11
26 19
27 21
28 22
29 15
30 8
31 5
32 40
33 27
34 29
35 16
36 24
37 30
38 44
39 10
40 4
41 14
42 23
43 26
44 18
45 7
SIMILAR

11 6 40 26 27 4 15 14 0 19 5 23 45 41 3 24 37 13 38 34 9 7 31 33 2 10 28 21 36 43 17 29 32 44 16 1 8 42 22 39 20 12 35 18 30 25 
0 8
1 35
2 24
3 14
4 5
5 10
6 1
7 21
8 36
9 20
10 25
11 0
12 41
13 17
14 7
15 6
16 34
17 30
18 43
19 9
20 40
21 27
22 38
23 11
24 15
25 45
26 3
27 4
28 26
29 31
30 44
31 22
32 32
33 23
34 19
35 42
36 28
37 16
38 18
39 39
40 2
41 13
42 37
43 29
44 33
45 12
SIMILAR

21 4 9 37 6 1 43 23 13 17 16 22 2 15 8 5 33 34 14 39 27 45 0 35 20 25 26 18 40 7 11 41 36 38 32 44 28 10 24 31 30 19 3 12 29 42 
0 22
1 5
2 12
3 42
4 1
5 15
6 4
7 29
8 14
9 2
10 37
11 30
12 43
13 8
14 18
15 13
16 10
17 9
18 27
19 41
20 24
21 0
22 11
23 7
24 38
25 25
26 26
27 20
28 36
29 44
30 40
31 39
32 34
33 16
34 17
35 23
36 32
37 3
38 33
39 19
40 28
41 31
42 45
43 6
44 35
45 21
SIMILAR

5 4 8 0 33 14 24 2 11 31 12 15 18 17 27 26 44 39 19 35 42 40 9 36 10 38 43 20 7 23 30 3 29 34 37 32 28 25 41 16 1 22 21 45 13 6 
0 3
1 40
2 7
3 31
4 1
5 0
6 45
7 28
8 2
9 22
10 24
11 8
12 10
13 44
14 5
15 11
16 39
17 13
18 12
19 18
20 27
21 42
22 41
23 29
24 6
25 37
26 15
27 14
28 36
29 32
30 30
31 9
32 35
33 4
34 33
35 19
36 23
37 34
38 25
39 17
40 21
41 38
42 20
43 26
44 16
45 43
SIMILAR

23 40 41 31 13 14 2 43 39 10 21 5 37 25 32 17 24 8 0 38 35 4 6 19 16 18 30 7 1 12 34 15 44 45 33 29 27 28 9 42 3 20 22 36 11 26 
0 18
1 28
2 6
3 40
4 21
5 11
6 22
7 27
8 17
9 38
10 9
11 44
12 29
13 4
14 5
15 31
16 24
17 15
18 25
19 23
20 41
21 10
22 42
23 0
24 16
25 13
26 45
27 36
28 37
29 35
30 26
31 3
32 14
33 34
34 30
35 20
36 43
37 12
38 19
39 8
40 1
41 2
42 39
43 7
44 32
45 33
SIMILAR

42 14 25 33 22 27 37 4 30 29 6 10 40 18 17 12 13 31 15 7 44 2 38 3 32 45 9 28 21 5 43 8 39 23 20 11 36 41 26 24 1 35 19 0 16 34 
0 43
1 40
2 21
3 23
4 7
5 29
6 10
7 19
8 31
9 26
10 11
11 35
12 15
13 16
14 1
15 18
16 44
17 14
18 13
19 42
20 34
21 28
22 4
23 33
24 39
25 2
26 38
27 5
28 27
29 9
30 8
31 17
32 24
33 3
34 45
35 41
36 36
37 6
38 22
39 32
40 12
41 37
42 0
43 30
44 20
45 25
SIMILAR

25 7 26 38 22 31 5 17 24 20 16 14 9 10 42 4 13 8 19 6 3 1 21 36 41 18 11 35 0 2 43 37 29 23 27 30 28 33 34 40 39 12 15 32 44 45 
0 28
1 21
2 29
3 20
4 15
5 6
6 19
7 1
8 17
9 12
10 13
11 26
12 41
13 16
14 11
15 42
16 10
17 7
18 25
19 18
20 9
21 22
22 4
23 33
24 8
25 0
26 2
27 34
28 36
29 32
30 35
31 5
32 43
33 37
34 38
35 27
36 23
37 31
38 3
39 40
40 39
41 24
42 14
43 30
44 44
45 45
SIMILAR

39 36 25 33 9 40 5 27 18 41 35 1 37 42 0 26 34 24 29 15 20 3 11 19 44 31 10 28 6 43 17 13 45 30 12 32 16 14 23 22 4 21 38 2 7 8 
0 14
1 11
2 43
3 21
4 40
5 6
6 28
7 44
8 45
9 4
10 26
11 22
12 34
13 31
14 37
15 19
16 36
17 30
18 8
19 23
20 20
21 41
22 39
23 38
24 17
25 2
26 15
27 7
28 27
29 18
30 33
31 25
32 35
33 3
34 16
35 10
36 1
37 12
38 42
39 0
40 5
41 9
42 13
43 29
44 24
45 32
SIMILAR

24 11 7 33 16 41 3 8 37 45 1 14 39 27 44 25 15 2 18 12 13 23 20 22 32 5 4 43 0 31 10 19 34 40 21 26 17 35 30 9 6 28 42 36 38 29 
0 28
1 10
2 17
3 6
4 26
5 25
6 40
7 2
8 7
9 39
10 30
11 1
12 19
13 20
14 11
15 16
16 4
17 36
18 18
19 31
20 22
21 34
22 23
23 21
24 0
25 15
26 35
27 13
28 41
29 45
30 38
31 29
32 24
33 3
34 32
35 37
36 43
37 8
38 44
39 12
40 33
41 5
42 42
43 27
44 14
45 9
SIMILAR

31 28 40 14 23 37 6 45 42 38 13 12 21 29 10 33 35 25 43 16 3 5 9 30 4 34 15 44 1 26 20 17 8 24 11 18 32 36 7 41 22 27 19 39 2 0 
0 45
1 28
2 44
3 20
4 24
5 21
6 6
7 38
8 32
9 22
10 14
11 34
12 11
13 10
14 3
15 26
16 19
17 31
18 35
19 42
20 30
21 12
22 40
23 4
24 33
25 17
26 29
27 41
28 1
29 13
30 23
31 0
32 36
33 15
34 25
35 16
36 37
37 5
38 9
39 43
40 2
41 39
42 8
43 18
44 27
45 7
SIMILAR

39 9 41 4 36 40 29 15 3 17 8 45 37 19 13 2 30 14 7 11 27 0 18 20 42 10 1 16 35 31 34 26 12 43 21 32 6 38 28 23 22 44 5 25 24 33 
0 21
1 26
2 15
3 8
4 3
5 42
6 36
7 18
8 10
9 1
10 25
11 19
12 32
13 14
14 17
15 7
16 27
17 9
18 22
19 13
20 23
21 34
22 40
23 39
24 44
25 43
26 31
27 20
28 38
29 6
30 16
31 29
32 35
33 45
34 30
35 28
36 4
37 12
38 37
39 0
40 5
41 2
42 24
43 33
44 41
45 11
SIMILAR

17 23 40 11 31 9 14 42 26 38 22 2 35 0 39 41 19 3 5 21 4 27 30 33 13 44 28 25 15 43 32 36 45 18 7 8 29 6 16 24 20 34 12 1 37 10 
0 13
1 43
2 11
3 17
4 20
5 18
6 37
7 34
8 35
9 5
10 45
11 3
12 42
13 24
14 6
15 28
16 38
17 0
18 33
19 16
20 40
21 19
22 10
23 1
24 39
25 27
26 8
27 21
28 26
29 36
30 22
31 4
32 30
33 23
34 41
35 12
36 31
37 44
38 9
39 14
40 2
41 15
42 7
43 29
44 25
45 32
SIMILAR

15 21 18 32 16 4 20 17 42 7 43 38 23 1 30 44 39 2 12 40 9 5 22 3 0 36 41 19 24 6 26 14 27 31 33 13 34 29 37 25 10 45 8 11 28 35 
0 24
1 13
2 17
3 23
4 5
5 21
6 29
7 9
8 42
9 20
10 40
11 43
12 18
13 35
14 31
15 0
16 4
17 7
18 2
19 27
20 6
21 1
22 22
23 12
24 28
25 39
26 30
27 32
28 44
29 37
30 14
31 33
32 3
33 34
34 36
35 45
36 25
37 38
38 11
39 16
40 19
41 26
42 8
43 10
44 15
45 41
SIMILAR

9 39 20 42 38 4 33 37 2 7 16 31 35 28 24 3 19 6 15 30 11 25 17 14 29 22 10 21 12 43 5 32 1 41 40 45 44 26 8 34 13 18 36 23 0 27 
0 44
1 32
2 8
3 15
4 5
5 30
6 17
7 9
8 38
9 0
10 26
11 20
12 28
13 40
14 23
15 18
16 10
17 22
18 41
19 16
20 2
21 27
22 25
23 43
24 14
25 21
26 37
27 45
28 13
29 24
30 19
31 11
32 31
33 6
34 39
35 12
36 42
37 7
38 4
39 1
40 34
41 33
42 3
43 29
44 36
45 35
SIMILAR

27 45 41 30 13 11 42 26 0 2 32 29 36 23 16 22 44 1 18 5 10 31 40 15 24 17 3 7 37 28 4 19 21 39 25 12 9 8 34 6 14 33 43 20 35 38 
0 8
1 17
2 9
3 26
4 30
5 19
6 39
7 27
8 37
9 36
10 20
11 5
12 35
13 4
14 40
15 23
16 14
17 25
18 18
19 31
20 43
21 32
22 15
23 13
24 24
25 34
26 7
27 0
28 29
29 11
30 3
31 21
32 10
33 41
34 38
35 44
36 12
37 28
38 45
39 33
40 22
41 2
42 6
43 42
44 16
45 1
SIMILAR

24 4 25 26 41 45 19 11 23 44 17 43 21 8 6 14 37 10 16 33 42 1 2 38 39 35 27 7 5 12 28 34 29 18 32 36 31 3 40 20 9 30 13 15 22 0 
0 45
1 21
2 22
3 37
4 1
5 28
6 14
7 27
8 13
9 40
10 17
11 7
12 29
13 42
14 15
15 43
16 18
17 10
18 33
19 6
20 39
21 12
22 44
23 8
24 0
25 2
26 3
27 26
28 30
29 32
30 41
31 36
32 34
33 19
34 31
35 25
36 35
37 16
38 23
39 24
40 38
41 4
42 20
43 11
44 9
45 5
SIMILAR

18 33 0 26 32 38 40 34 22 23 5 29 8 44 11 9 19 17 30 45 6 15 42 39 27 12 16 10 13 31 21 7 20 3 24 37 41 2 1 25 43 35 36 14 4 28 
0 2
1 38
2 37
3 33
4 44
5 10
6 20
7 31
8 12
9 15
10 27
11 14
12 25
13 28
14 43
15 21
16 26
17 17
18 0
19 16
20 32
21 30
22 8
23 9
24 34
25 39
26 3
27 24
28 45
29 11
30 18
31 29
32 4
33 1
34 7
35 41
36 42
37 35
38 5
39 23
40 6
41 36
42 22
43 40
44 13
45 19
SIMILAR

3 45 33 27 38 35 40 39 15 36 20 43 17 23 5 2 25 18 8 22 37 44 7 13 29 24 31 4 10 0 11 6 16 1 41 14 9 21 32 42 30 28 26 34 12 19 
0 29
1 33
2 15
3 0
4 27
5 14
6 31
7 22
8 18
9 36
10 28
11 30
12 44
13 23
14 35
15 8
16 32
17 12
18 17
19 45
20 10
21 37
22 19
23 13
24 25
25 16
26 42
27 3
28 41
29 24
30 40
31 26
32 38
33 2
34 43
35 5
36 9
37 20
38 4
39 7
40 6
41 34
42 39
43 11
44 21
45 1
SIMILAR

34 25 40 38 21 27 29 8 33 7 11 14 15 43 30 23 28 5 16 12 9 41 22 13 45 2 35 3 32 26 37 44 20 24 19 4 0 10 18 39 6 17 1 36 42 31 
0 36
1 42
2 25
3 27
4 35
5 17
6 40
7 9
8 7
9 20
10 37
11 10
12 19
13 23
14 11
15 12
16 18
17 41
18 38
19 34
20 32
21 4
22 22
23 15
24 33
25 1
26 29
27 5
28 16
29 6
30 14
31 45
32 28
33 8
34 0
35 26
36 43
37 30
38 3
39 39
40 2
41 21
42 44
43 13
44 31
45 24
SIMILAR

1 23 5 24 41 19 27 2 31 39 26 13 9 43 20 42 33 35 6 38 8 4 12 3 15 34 10 16 45 0 25 18 11 14 21 36 17 40 37 28 7 22 44 29 30 32 
0 29
1 0
2 7
3 23
4 21
5 2
6 18
7 40
8 20
9 12
10 26
11 32
12 22
13 11
14 33
15 24
16 27
17 36
18 31
19 5
20 14
21 34
22 41
23 1
24 3
25 30
26 10
27 6
28 39
29 43
30 44
31 8
32 45
33 16
34 25
35 17
36 35
37 38
38 19
39 9
40 37
41 4
42 15
43 13
44 42
45 28
SIMILAR

32 17 13 4 24 25 20 30 12 1 18 7 28 44 33 2 43 10 35 22 21 27 45 29 11 15 0 41 23 26 40 5 42 38 9 14 37 39 36 8 6 3 19 16 34 31 
0 26
1 9
2 15
3 41
4 3
5 31
6 40
7 11
8 39
9 34
10 17
11 24
12 8
13 2
14 35
15 25
16 43
17 1
18 10
19 42
20 6
21 20
22 19
23 28
24 4
25 5
26 29
27 21
28 12
29 23
30 7
31 45
32 0
33 14
34 44
35 18
36 38
37 36
38 33
39 37
40 30
41 27
42 32
43 16
44 13
45 22
SIMILAR

10 26 41 13 21 36 17 42 8 33 2 19 44 28 43 3 20 18 40 37 7 27 14 29 4 34 38 35 30 24 9 0 16 11 15 22 31 12 5 39 25 32 45 1 23 6 
0 31
1 43
2 10
3 15
4 24
5 38
6 45
7 20
8 8
9 30
10 0
11 33
12 37
13 3
14 22
15 34
16 32
17 6
18 17
19 11
20 16
21 4
22 35
23 44
24 29
25 40
26 1
27 21
28 13
29 23
30 28
31 36
32 41
33 9
34 25
35 27
36 5
37 19
38 26
39 39
40 18
41 2
42 7
43 14
44 12
45 42
SIMILAR

8 17 23 36 44 25 22 20 10 6 3 0 27 32 33 4 31 43 29 37 9 34 35 14 42 19 11 15 5 41 45 2 40 16 21 12 30 18 38 24 1 7 26 13 39 28 
0 11
1 40
2 31
3 10
4 15
5 28
6 9
7 41
8 0
9 20
10 8
11 26
12 35
13 43
14 23
15 27
16 33
17 1
18 37
19 25
20 7
21 34
22 6
23 2
24 39
25 5
26 42
27 12
28 45
29 18
30 36
31 16
32 13
33 14
34 21
35 22
36 3
37 19
38 38
39 44
40 32
41 29
42 24
43 17
44 4
45 30
SIMILAR

39 20 15 38 40 28 5 31 14 8 42 2 1 24 7 4 35 32 34 19 23 17 9 10 33 13 6 25 18 21 45 44 0 30 16 36 22 11 37 41 29 3 27 43 26 12 
0 32
1 12
2 11
3 41
4 15
5 6
6 26
7 14
8 9
9 22
10 23
11 37
12 45
13 25
14 8
15 2
16 34
17 21
18 28
19 19
20 1
21 29
22 36
23 20
24 13
25 27
26 44
27 42
28 5
29 40
30 33
31 7
32 17
33 24
34 18
35 16
36 35
37 38
38 3
39 0
40 4
41 39
42 10
43 43
44 31
45 30
SIMILAR

23 34 6 9 10 28 35 31 37 3 4 24 32 26 43 14 27 21 33 42 2 36 45 17 12 5 44 20 30 29 41 38 8 15 22 18 40 0 13 7 19 16 11 1 39 25 
0 37
1 43
2 20
3 9
4 10
5 25
6 2
7 39
8 32
9 3
10 4
11 42
12 24
13 38
14 15
15 33
16 41
17 23
18 35
19 40
20 27
21 17
22 34
23 0
24 11
25 45
26 13
27 16
28 5
29 29
30 28
31 7
32 12
33 18
34 1
35 6
36 21
37 8
38 31
39 44
40 36
41 30
42 19
43 14
44 26
45 22
SIMILAR

37 1 22 30 40 31 43 26 27 41 20 19 24 0 42 44 10 34 13 3 11 12 7 2 5 21 9 23 36 18 35 32 8 14 45 17 4 6 16 29 15 33 25 39 28 38 
0 13
1 1
2 23
3 19
4 36
5 24
6 37
7 22
8 32
9 26
10 16
11 20
12 21
13 18
14 33
15 40
16 38
17 35
18 29
19 11
20 10
21 25
22 2
23 27
24 12
25 42
26 7
27 8
28 44
29 39
30 3
31 5
32 31
33 41
34 17
35 30
36 28
37 0
38 45
39 43
40 4
41 9
42 14
43 6
44 15
45 34
SIMILAR

3 31 37 15 30 33 26 2 25 10 35 36 22 28 38 19 20 12 18 5 4 40 11 44 8 14 21 1 39 0 23 9 13 42 41 24 45 7 6 16 34 29 43 17 27 32 
0 29
1 27
2 7
3 0
4 20
5 19
6 38
7 37
8 24
9 31
10 9
11 22
12 17
13 32
14 25
15 3
16 39
17 43
18 18
19 15
20 16
21 26
22 12
23 30
24 35
25 8
26 6
27 44
28 13
29 41
30 4
31 1
32 45
33 5
34 40
35 10
36 11
37 2
38 14
39 28
40 21
41 34
42 33
43 42
44 23
45 36
SIMILAR

35 22 2 30 26 1 38 23 15 14 45 6 21 39 25 44 11 18 41 37 42 10 24 7 34 31 33 20 4 43 0 3 27 8 32 28 13 5 36 9 17 29 19 12 40 16 
0 30
1 5
2 2
3 31
4 28
5 37
6 11
7 23
8 33
9 39
10 21
11 16
12 43
13 36
14 9
15 8
16 45
17 40
18 17
19 42
20 27
21 12
22 1
23 7
24 22
25 14
26 4
27 32
28 35
29 41
30 3
31 25
32 34
33 26
34 24
35 0
36 38
37 19
38 6
39 13
40 44
41 18
42 20
43 29
44 15
45 10
SIMILAR

41 0 17 10 21 22 31 38 23 16 19 20 43 32 3 44 18 2 11 8 25 27 37 33 12 42 1 5 14 40 15 24 30 28 9 4 29 39 45 26 13 6 34 36 35 7 
0 1
1 26
2 17
3 14
4 35
5 27
6 41
7 45
8 19
9 34
10 3
11 18
12 24
13 40
14 28
15 30
16 9
17 2
18 16
19 10
20 11
21 4
22 5
23 8
24 31
25 20
26 39
27 21
28 33
29 36
30 32
31 6
32 13
33 23
34 42
35 44
36 43
37 22
38 7
39 37
40 29
41 0
42 25
43 12
44 15
45 38
SIMILAR

14 28 33 13 12 35 45 0 25 10 42 23 22 7 43 5 32 20 34 16 24 44 30 21 3 8 18 29 39 11 31 4 19 41 36 9 37 6 15 17 1 38 27 40 2 26 
0 7
1 40
2 44
3 24
4 31
5 15
6 37
7 13
8 25
9 35
10 9
11 29
12 4
13 3
14 0
15 38
16 19
17 39
18 26
19 32
20 17
21 23
22 12
23 11
24 20
25 8
26 45
27 42
28 1
29 27
30 22
31 30
32 16
33 2
34 18
35 5
36 34
37 36
38 41
39 28
40 43
41 33
42 10
43 14
44 21
45 6
SIMILAR

26 22 31 33 38 14 30 25 29 15 9 8 34 19 24 43 4 32 28 7 41 42 0 23 13 10 37 35 44 21 45 27 36 6 3 17 18 2 5 39 11 20 40 16 1 12 
0 22
1 44
2 37
3 34
4 16
5 38
6 33
7 19
8 11
9 10
10 25
11 40
12 45
13 24
14 5
15 9
16 43
17 35
18 36
19 13
20 41
21 29
22 1
23 23
24 14
25 7
26 0
27 31
28 18
29 8
30 6
31 2
32 17
33 3
34 12
35 27
36 32
37 26
38 4
39 39
40 42
41 20
42 21
43 15
44 28
45 30
SIMILAR

21 11 6 27 4 42 19 45 29 36 3 44 5 33 34 39 41 25 23 2 30 12 0 35 40 28 22 14 13 8 20 37 7 38 15 43 31 18 9 26 17 10 1 24 16 32 
0 22
1 42
2 19
3 10
4 4
5 12
6 2
7 32
8 29
9 38
10 41
11 1
12 21
13 28
14 27
15 34
16 44
17 40
18 37
19 6
20 30
21 0
22 26
23 18
24 43
25 17
26 39
27 3
28 25
29 8
30 20
31 36
32 45
33 13
34 14
35 23
36 9
37 31
38 33
39 15
40 24
41 16
42 5
43 35
44 11
45 7
SIMILAR

16 11 36 12 19 15 45 10 22 34 29 5 25 24 31 28 33 9 13 30 21 17 39 43 7 0 41 35 2 26 3 18 38 40 14 37 1 4 32 42 27 20 6 8 44 23 
0 25
1 36
2 28
3 30
4 37
5 11
6 42
7 24
8 43
9 17
10 7
11 1
12 3
13 18
14 34
15 5
16 0
17 21
18 31
19 4
20 41
21 20
22 8
23 45
24 13
25 12
26 29
27 40
28 15
29 10
30 19
31 14
32 38
33 16
34 9
35 27
36 2
37 35
38 32
39 22
40 33
41 26
42 39
43 23
44 44
45 6
SIMILAR

0 43 26 24 31 4 39 38 30 40 28 3 41 11 32 13 37 21 14 42 18 35 19 8 16 22 5 20 23 2 1 25 12 33 17 9 10 34 15 6 27 7 29 45 44 36 
0 0
1 30
2 29
3 11
4 5
5 26
6 39
7 41
8 23
9 35
10 36
11 13
12 32
13 15
14 18
15 38
16 24
17 34
18 20
19 22
20 27
21 17
22 25
23 28
24 3
25 31
26 2
27 40
28 10
29 42
30 8
31 4
32 14
33 33
34 37
35 21
36 45
37 16
38 7
39 6
40 9
41 12
42 19
43 1
44 44
45 43
SIMILAR

40 29 41 2 26 7 14 1 22 30 45 34 15 42 33 43 10 27 5 28 3 24 21 32 0 4 16 38 13 18 11 31 35 25 23 9 6 12 39 36 44 17 8 20 19 37 
0 24
1 7
2 3
3 20
4 25
5 18
6 36
7 5
8 42
9 35
10 16
11 30
12 37
13 28
14 6
15 12
16 26
17 41
18 29
19 44
20 43
21 22
22 8
23 34
24 21
25 33
26 4
27 17
28 19
29 1
30 9
31 31
32 23
33 14
34 11
35 32
36 39
37 45
38 27
39 38
40 0
41 2
42 13
43 15
44 40
45 10
SIMILAR

31 37 3 10 32 43 13 21 26 23 15 20 34 4 35 25 27 29 41 33 14 22 30 7 8 11 38 12 9 45 18 0 2 24 44 1 39 6 16 42 28 19 40 36 17 5 
0 31
1 35
2 32
3 2
4 13
5 45
6 37
7 23
8 24
9 28
10 3
11 25
12 27
13 6
14 20
15 10
16 38
17 44
18 30
19 41
20 11
21 7
22 21
23 9
24 33
25 15
26 8
27 16
28 40
29 17
30 22
31 0
32 4
33 19
34 12
35 14
36 43
37 1
38 26
39 36
40 42
41 18
42 39
43 5
44 34
45 29
SIMILAR

30 22 0 31 9 16 36 27 6 7 39 38 34 21 41 20 33 44 29 23 18 1 13 37 40 4 12 3 24 5 2 8 26 28 35 43 11 19 42 15 14 25 32 10 45 17 
0 2
1 21
2 30
3 27
4 25
5 29
6 8
7 9
8 31
9 4
10 43
11 36
12 26
13 22
14 40
15 39
16 5
17 45
18 20
19 37
20 15
21 13
22 1
23 19
24 28
25 41
26 32
27 7
28 33
29 18
30 0
31 3
32 42
33 16
34 12
35 34
36 6
37 23
38 11
39 10
40 24
41 14
42 38
43 35
44 17
45 44
SIMILAR

32 42 2 15 40 33 9 25 38 6 3 41 45 30 27 13 23 19 43 10 20 29 4 35 37 5 12 11 8 16 36 22 14 31 28 0 39 7 17 18 24 26 21 1 44 34 
0 35
1 43
2 2
3 10
4 22
5 25
6 9
7 37
8 28
9 6
10 19
11 27
12 26
13 15
14 32
15 3
16 29
17 38
18 39
19 17
20 20
21 42
22 31
23 16
24 40
25 7
26 41
27 14
28 34
29 21
30 13
31 33
32 0
33 5
34 45
35 23
36 30
37 24
38 8
39 36
40 4
41 11
42 1
43 18
44 44
45 12
SIMILAR

2 45 39 37 3 32 34 9 6 25 28 12 29 10 31 19 4 20 13 40 16 24 0 14 17 35 22 23 26 8 30 41 11 7 36 33 5 27 42 21 38 15 43 18 44 1 
0 22
1 45
2 0
3 4
4 16
5 36
6 8
7 33
8 29
9 7
10 13
11 32
12 11
13 18
14 23
15 41
16 20
17 24
18 43
19 15
20 17
21 39
22 26
23 27
24 21
25 9
26 28
27 37
28 10
29 12
30 30
31 14
32 5
33 35
34 6
35 25
36 34
37 3
38 40
39 2
40 19
41 31
42 38
43 42
44 44
45 1
SIMILAR

10 5 27 35 44 26 38 2 41 40 12 31 42 34 24 19 3 45 15 18 33 32 29 36 11 30 1 37 20 7 16 28 39 9 17 0 23 14 25 21 8 43 22 6 13 4 
0 35
1 26
2 7
3 16
4 45
5 1
6 43
7 29
8 40
9 33
10 0
11 24
12 10
13 44
14 37
15 18
16 30
17 34
18 19
19 15
20 28
21 39
22 42
23 36
24 14
25 38
26 5
27 2
28 31
29 22
30 25
31 11
32 21
33 20
34 13
35 3
36 23
37 27
38 6
39 32
40 9
41 8
42 12
43 41
44 4
45 17
SIMILAR

44 23 4 42 8 2 39 27 41 18 13 3 36 35 45 7 16 28 0 32 5 37 31 12 14 40 33 10 11 17 20 15 34 22 25 43 21 9 6 19 38 1 29 24 30 26 
0 18
1 41
2 5
3 11
4 2
5 20
6 38
7 15
8 4
9 37
10 27
11 28
12 23
13 10
14 24
15 31
16 16
17 29
18 9
19 39
20 30
21 36
22 33
23 1
24 43
25 34
26 45
27 7
28 17
29 42
30 44
31 22
32 19
33 26
34 32
35 13
36 12
37 21
38 40
39 6
40 25
41 8
42 3
43 35
44 0
45 14
SIMILAR

20 14 0 42 33 36 15 8 43 35 22 19 28 30 29 39 1 4 18 5 41 12 31 6 24 44 32 10 3 34 40 11 38 9 27 13 25 37 45 21 23 7 17 26 16 2 
0 2
1 16
2 45
3 28
4 17
5 19
6 23
7 41
8 7
9 33
10 27
11 31
12 21
13 35
14 1
15 6
16 44
17 42
18 18
19 11
20 0
21 39
22 10
23 40
24 24
25 36
26 43
27 34
28 12
29 14
30 13
31 22
32 26
33 4
34 29
35 9
36 5
37 37
38 32
39 15
40 30
41 20
42 3
43 8
44 25
45 38
SIMILAR

37 31 6 22 3 24 26 39 15 41 45 9 38 5 43 18 0 12 4 8 28 42 14 40 17 27 34 1 2 36 11 32 33 44 25 7 30 13 20 19 23 16 21 35 10 29 
0 16
1 27
2 28
3 4
4 18
5 13
6 2
7 35
8 19
9 11
10 44
11 30
12 17
13 37
14 22
15 8
16 41
17 24
18 15
19 39
20 38
21 42
22 3
23 40
24 5
25 34
26 6
27 25
28 20
29 45
30 36
31 1
32 31
33 32
34 26
35 43
36 29
37 0
38 12
39 7
40 23
41 9
42 21
43 14
44 33
45 10
SIMILAR

7 43 17 10 30 37 29 15 8 33 34 23 36 22 21 12 19 31 3 39 26 1 2 16 4 6 44 11 25 42 18 20 45 24 41 9 5 38 28 32 35 13 40 14 0 27 
0 44
1 21
2 22
3 18
4 24
5 36
6 25
7 0
8 8
9 35
10 3
11 27
12 15
13 41
14 43
15 7
16 23
17 2
18 30
19 16
20 31
21 14
22 13
23 11
24 33
25 28
26 20
27 45
28 38
29 6
30 4
31 17
32 39
33 9
34 10
35 40
36 12
37 5
38 37
39 19
40 42
41 34
42 29
43 1
44 26
45 32
SIMILAR

11 24 4 19 32 36 16 8 27 40 29 43 13 21 15 17 0 10 22 28 31 34 45 5 26 39 25 41 35 14 33 20 30 1 38 12 42 37 9 7 23 6 3 44 18 2 
0 16
1 33
2 45
3 42
4 2
5 23
6 41
7 39
8 7
9 38
10 17
11 0
12 35
13 12
14 29
15 14
16 6
17 15
18 44
19 3
20 31
21 13
22 18
23 40
24 1
25 26
26 24
27 8
28 19
29 10
30 32
31 20
32 4
33 30
34 21
35 28
36 5
37 37
38 34
39 25
40 9
41 27
42 36
43 11
44 43
45 22
SIMILAR

3 42 32 26 36 41 2 39 45 4 35 14 18 20 38 43 1 15 24 19 6 9 33 28 22 8 10 21 11 34 13 27 16 44 31 29 30 25 40 12 5 23 7 0 17 37 
0 43
1 16
2 6
3 0
4 9
5 40
6 20
7 42
8 25
9 21
10 26
11 28
12 39
13 30
14 11
15 17
16 32
17 44
18 12
19 19
20 13
21 27
22 24
23 41
24 18
25 37
26 3
27 31
28 23
29 35
30 36
31 34
32 2
33 22
34 29
35 10
36 4
37 45
38 14
39 7
40 38
41 5
42 1
43 15
44 33
45 8
SIMILAR

5 35 45 19 17 37 28 21 12 4 16 10 33 13 29 22 39 24 27 1 7 9 14 36 44 0 3 41 8 23 43 32 38 2 25 6 20 26 40 34 42 15 30 31 18 11 
0 25
1 19
2 33
3 26
4 9
5 0
6 35
7 20
8 28
9 21
10 11
11 45
12 8
13 13
14 22
15 41
16 10
17 4
18 44
19 3
20 36
21 7
22 15
23 29
24 17
25 34
26 37
27 18
28 6
29 14
30 42
31 43
32 31
33 12
34 39
35 1
36 23
37 5
38 32
39 16
40 38
41 27
42 40
43 30
44 24
45 2
SIMILAR

17 4 19 40 23 16 44 2 39 21 35 42 12 33 22 31 1 36 10 6 28 41 9 7 25 11 14 20 45 29 8 0 30 5 26 3 32 43 27 18 38 37 13 24 15 34 
0 31
1 16
2 7
3 35
4 1
5 33
6 19
7 23
8 30
9 22
10 18
11 25
12 12
13 42
14 26
15 44
16 5
17 0
18 39
19 2
20 27
21 9
22 14
23 4
24 43
25 24
26 34
27 38
28 20
29 29
30 32
31 15
32 36
33 13
34 45
35 10
36 17
37 41
38 40
39 8
40 3
41 21
42 11
43 37
44 6
45 28
SIMILAR

8 40 1 19 35 28 23 44 20 38 32 42 37 45 33 29 11 9 6 41 5 24 25 22 0 2 17 13 18 39 30 4 26 10 15 27 31 14 43 3 16 7 36 21 34 12 
0 24
1 2
2 25
3 39
4 31
5 20
6 18
7 41
8 0
9 17
10 33
11 16
12 45
13 27
14 37
15 34
16 40
17 26
18 28
19 3
20 8
21 43
22 23
23 6
24 21
25 22
26 32
27 35
28 5
29 15
30 30
31 36
32 10
33 14
34 44
35 4
36 42
37 12
38 9
39 29
40 1
41 19
42 11
43 38
44 7
45 13
SIMILAR

30 44 20 17 16 45 36 14 28 12 32 35 22 37 38 0 43 42 21 40 2 9 8 3 11 15 7 33 24 5 23 41 29 26 10 31 39 25 27 34 4 13 18 1 6 19 
0 15
1 43
2 20
3 23
4 40
5 29
6 44
7 26
8 22
9 21
10 34
11 24
12 9
13 41
14 7
15 25
16 4
17 3
18 42
19 45
20 2
21 18
22 12
23 30
24 28
25 37
26 33
27 38
28 8
29 32
30 0
31 35
32 10
33 27
34 39
35 11
36 6
37 13
38 14
39 36
40 19
41 31
42 17
43 16
44 1
45 5
SIMILAR

27 0 2 3 8 36 9 15 22 31 41 29 14 18 4 1 16 42 38 12 44 23 24 17 19 43 34 7 26 37 25 40 39 20 5 13 35 11 6 28 30 33 10 45 21 32 
0 1
1 15
2 2
3 3
4 14
5 34
6 38
7 27
8 4
9 6
10 42
11 37
12 19
13 35
14 12
15 7
16 16
17 23
18 13
19 24
20 33
21 44
22 8
23 21
24 22
25 30
26 28
27 0
28 39
29 11
30 40
31 9
32 45
33 41
34 26
35 36
36 5
37 29
38 18
39 32
40 31
41 10
42 17
43 25
44 20
45 43
SIMILAR

16 28 43 12 18 29 38 40 19 36 27 11 23 20 25 2 39 33 17 24 41 13 8 0 9 26 5 14 45 31 21 4 6 32 1 35 3 42 10 7 22 44 34 15 37 30 
0 23
1 34
2 15
3 36
4 31
5 26
6 32
7 39
8 22
9 24
10 38
11 11
12 3
13 21
14 27
15 43
16 0
17 18
18 4
19 8
20 13
21 30
22 40
23 12
24 19
25 14
26 25
27 10
28 1
29 5
30 45
31 29
32 33
33 17
34 42
35 35
36 9
37 44
38 6
39 16
40 7
41 20
42 37
43 2
44 41
45 28
SIMILAR

38 7 14 2 42 39 22 6 13 37 5 29 35 9 33 8 19 34 40 30 0 18 10 16 17 12 23 1 27 4 41 3 43 24 11 25 21 31 32 26 20 36 15 45 28 44 
0 20
1 27
2 3
3 31
4 29
5 10
6 7
7 1
8 15
9 13
10 22
11 34
12 25
13 8
14 2
15 42
16 23
17 24
18 21
19 16
20 40
21 36
22 6
23 26
24 33
25 35
26 39
27 28
28 44
29 11
30 19
31 37
32 38
33 14
34 17
35 12
36 41
37 9
38 0
39 5
40 18
41 30
42 4
43 32
44 45
45 43
SIMILAR

12 41 15 0 22 20 32 5 1 10 13 28 44 36 9 33 31 34 16 6 27 26 42 8 35 23 21 14 29 45 30 43 17 24 40 11 4 2 25 19 39 7 38 37 3 18 
0 3
1 8
2 37
3 44
4 36
5 7
6 19
7 41
8 23
9 14
10 9
11 35
12 0
13 10
14 27
15 2
16 18
17 32
18 45
19 39
20 5
21 26
22 4
23 25
24 33
25 38
26 21
27 20
28 11
29 28
30 30
31 16
32 6
33 15
34 17
35 24
36 13
37 43
38 42
39 40
40 34
41 1
42 22
43 31
44 12
45 29
SIMILAR
100 0
9200 0
429200 0
