46
0 1 0 1 1 1 1 1 0 1 1 0 0 0 0 0 1 0 1 1 0 0 1 0 0 1 0 1 0 1 1 1 0 1 0 0 1 1 0 1 0 0 0 1 1 0 
1 0 1 0 0 0 0 0 1 1 0 1 1 1 0 1 0 1 1 0 0 0 1 1 0 0 1 1 1 1 0 0 0 0 0 1 0 0 1 1 1 0 0 0 0 1 
0 1 0 1 0 1 0 0 0 0 1 1 0 1 1 0 0 1 1 0 1 1 0 0 1 1 1 1 1 1 0 1 0 0 0 1 0 1 0 0 0 0 0 0 0 1 
1 0 1 0 0 0 0 0 0 0 0 0 0 0 1 0 1 0 1 0 0 1 0 1 0 1 1 1 0 1 1 0 0 1 0 1 0 0 1 0 0 0 1 0 0 0 
1 0 0 0 0 0 0 0 1 1 0 0 1 1 0 0 0 0 0 1 1 0 0 1 0 0 0 0 1 0 1 1 1 0 1 1 1 1 1 0 1 0 0 1 0 0 
1 0 1 0 0 0 1 0 1 0 0 1 0 1 1 1 1 1 1 0 1 1 0 0 1 1 0 0 0 0 0 1 1 0 1 0 1 0 1 0 0 1 0 1 0 0 
1 0 0 0 0 1 0 1 1 1 1 0 0 1 0 1 0 0 1 0 1 1 1 1 1 1 0 1 1 0 0 1 1 1 1 1 0 0 0 0 1 0 1 0 1 0 
1 0 0 0 0 0 1 0 0 0 1 0 0 1 0 1 1 1 0 1 0 0 0 0 0 1 0 0 0 0 0 1 1 1 0 0 1 0 0 0 0 1 0 1 1 0 
0 1 0 0 1 1 1 0 0 0 1 1 0 0 1 1 1 0 0 1 1 1 0 1 0 1 1 0 0 0 0 0 0 0 0 1 0 1 0 0 0 0 1 0 1 1 
1 1 0 0 1 0 1 0 0 0 0 1 0 0 0 1 0 0 0 0 1 0 1 1 1 1 0 0 1 1 1 0 0 0 0 0 0 1 0 1 1 1 1 0 0 0 
1 0 1 0 0 0 1 1 1 0 0 1 0 0 0 1 0 0 0 1 1 0 0 0 1 1 1 1 0 1 0 0 1 1 1 1 0 0 0 1 0 0 1 0 1 1 
0 1 1 0 0 1 0 0 1 1 1 0 1 1 1 1 1 0 0 1 0 1 1 1 1 1 0 1 1 0 0 0 0 1 1 0 1 0 1 0 1 0 0 1 1 0 
0 1 0 0 1 0 0 0 0 0 0 1 0 0 0 1 1 1 0 1 1 0 1 0 0 0 0 0 0 0 1 1 0 1 0 0 1 1 1 1 1 1 0 1 0 1 
0 1 1 0 1 1 1 1 0 0 0 1 0 0 1 1 0 1 1 1 0 0 1 0 1 1 0 0 0 1 1 1 1 1 0 0 1 0 0 0 1 1 0 0 0 0 
0 0 1 1 0 1 0 0 1 0 0 1 0 1 0 0 0 0 1 1 1 1 1 0 1 0 1 1 1 1 0 0 0 1 0 0 1 0 0 0 0 1 1 0 0 0 
0 1 0 0 0 1 1 1 1 1 1 1 1 1 0 0 1 0 0 0 0 0 1 0 1 0 1 1 1 0 1 0 0 0 0 0 0 0 1 0 1 0 1 0 0 0 
1 0 0 1 0 1 0 1 1 0 0 1 1 0 0 1 0 1 0 0 1 0 1 1 0 0 1 0 0 0 0 1 1 0 0 1 1 0 1 0 0 1 1 1 1 0 
0 1 1 0 0 1 0 1 0 0 0 0 1 1 0 0 1 0 1 1 1 1 1 1 0 1 0 1 1 0 0 0 0 0 0 0 0 1 1 1 0 1 0 0 0 1 
1 1 1 1 0 1 1 0 0 0 0 0 0 1 1 0 0 1 0 1 0 0 0 1 1 0 1 1 0 0 1 1 1 1 1 1 0 0 0 1 0 0 0 1 1 1 
1 0 0 0 1 0 0 1 1 0 1 1 1 1 1 0 0 1 1 0 0 0 0 0 0 1 1 1 1 0 1 0 0 0 1 0 1 0 0 1 0 1 0 1 1 1 
0 0 1 0 1 1 1 0 1 1 1 0 1 0 1 0 1 1 0 0 0 0 0 1 0 0 0 1 0 1 1 0 1 0 1 0 1 1 1 0 0 0 1 1 0 1 
0 0 1 1 0 1 1 0 1 0 0 1 0 0 1 0 0 1 0 0 0 0 1 0 1 1 1 1 1 0 0 0 1 0 1 0 1 1 1 1 0 0 1 1 1 0 
1 1 0 0 0 0 1 0 0 1 0 1 1 1 1 1 1 1 0 0 0 1 0 1 0 0 1 1 1 0 1 1 1 1 1 1 0 0 1 1 1 0 1 0 0 0 
0 1 0 1 1 0 1 0 1 1 0 1 0 0 0 0 1 1 1 0 1 0 1 0 0 0 0 0 1 1 1 0 0 0 0 0 1 1 1 1 0 1 1 1 1 1 
0 0 1 0 0 1 1 0 0 1 1 1 0 1 1 1 0 0 1 0 0 1 0 0 0 0 1 0 1 0 1 1 0 0 1 1 0 0 1 0 0 1 1 0 0 0 
1 0 1 1 0 1 1 1 1 1 1 1 0 1 0 0 0 1 0 1 0 1 0 0 0 0 0 0 0 1 0 1 1 1 1 1 0 1 1 0 0 0 1 1 1 0 
0 1 1 1 0 0 0 0 1 0 1 0 0 0 1 1 1 0 1 1 0 1 1 0 1 0 0 1 1 1 1 0 1 0 1 1 1 1 1 1 1 1 1 1 0 0 
1 1 1 1 0 0 1 0 0 0 1 1 0 0 1 1 0 1 1 1 1 1 1 0 0 0 1 0 1 1 0 1 1 0 0 1 1 0 1 0 0 0 1 0 1 1 
0 1 1 0 1 0 1 0 0 1 0 1 0 0 1 1 0 1 0 1 0 1 1 1 1 0 1 1 0 1 1 0 0 1 1 1 1 0 1 0 1 0 0 1 0 1 
1 1 1 1 0 0 0 0 0 1 1 0 0 1 1 0 0 0 0 0 1 0 0 1 0 1 1 1 1 0 0 1 0 1 0 1 0 0 0 0 1 0 1 1 0 1 
1 0 0 1 1 0 0 0 0 1 0 0 1 1 0 1 0 0 1 1 1 0 1 1 1 0 1 0 1 0 0 0 0 1 1 0 1 1 0 0 1 0 1 1 0 1 
1 0 1 0 1 1 1 1 0 0 0 0 1 1 0 0 1 0 1 0 0 0 1 0 1 1 0 1 0 1 0 0 0 0 1 0 0 0 1 0 0 0 0 1 1 0 
0 0 0 0 1 1 1 1 0 0 1 0 0 1 0 0 1 0 1 0 1 1 1 0 0 1 1 1 0 0 0 0 0 1 1 1 0 1 1 1 1 1 1 1 1 1 
1 0 0 1 0 0 1 1 0 0 1 1 1 1 1 0 0 0 1 0 0 0 1 0 0 1 0 0 1 1 1 0 1 0 1 0 1 1 0 1 0 0 1 1 0 1 
0 0 0 0 1 1 1 0 0 0 1 1 0 0 0 0 0 0 1 1 1 1 1 0 1 1 1 0 1 0 1 1 1 1 0 0 0 1 0 0 1 1 0 1 1 1 
0 1 1 1 1 0 1 0 1 0 1 0 0 0 0 0 1 0 1 0 0 0 1 0 1 1 1 1 1 1 0 0 1 0 0 0 1 0 1 0 1 1 0 1 0 1 
1 0 0 0 1 1 0 1 0 0 0 1 1 1 1 0 1 0 0 1 1 1 0 1 0 0 1 1 1 0 1 0 0 1 0 1 0 0 0 0 1 0 1 1 0 1 
1 0 1 0 1 0 0 0 1 1 0 0 1 0 0 0 0 1 0 0 1 1 0 1 0 1 1 0 0 0 1 0 1 1 1 0 0 0 0 1 0 0 1 1 1 0 
0 1 0 1 1 1 0 0 0 0 0 1 1 0 0 1 1 1 0 0 1 1 1 1 1 1 1 1 1 0 0 1 1 0 0 1 0 0 0 1 1 0 1 0 0 1 
1 1 0 0 0 0 0 0 0 1 1 0 1 0 0 0 0 1 1 1 0 1 1 1 0 0 1 0 0 0 0 0 1 1 0 0 0 1 1 0 0 1 0 0 0 1 
0 1 0 0 1 0 1 0 0 1 0 1 1 1 0 1 0 0 0 0 0 0 1 0 0 0 1 0 1 1 1 0 1 0 1 1 1 0 1 0 0 0 0 0 1 1 
0 0 0 0 0 1 0 1 0 1 0 0 1 1 1 0 1 1 0 1 0 0 0 1 1 0 1 0 0 0 0 0 1 0 1 1 0 0 0 1 0 0 0 1 0 0 
0 0 0 1 0 0 1 0 1 1 1 0 0 0 1 1 1 0 0 0 1 1 1 1 1 1 1 1 0 1 1 0 1 1 0 0 1 1 1 0 0 0 0 0 0 0 
1 0 0 0 1 1 0 1 0 0 0 1 1 0 0 0 1 0 1 1 1 1 0 1 0 1 1 0 1 1 1 1 1 1 1 1 1 1 0 0 0 1 0 0 1 1 
1 0 0 0 0 0 1 1 1 0 1 1 0 0 0 0 1 0 1 1 0 1 0 1 0 1 0 1 0 0 0 1 1 0 1 0 0 1 0 0 1 0 0 1 0 0 
0 1 1 0 0 0 0 0 1 0 1 0 1 0 0 0 0 1 1 1 1 0 0 1 0 0 0 1 1 1 1 0 1 1 1 1 1 0 1 1 1 0 0 1 0 0 

26 40 12 11 24 33 15 3 30 45 9 32 7 29 8 35 6 41 21 34 5 13 16 43 39 2 14 19 42 0 44 25 23 36 18 31 1 20 38 28 4 37 27 10 22 17 
0 29
1 36
2 25
3 7
4 40
5 20
6 16
7 12
8 14
9 10
10 43
11 3
12 2
13 21
14 26
15 6
16 22
17 45
18 34
19 27
20 37
21 18
22 44
23 32
24 4
25 31
26 0
27 42
28 39
29 13
30 8
31 35
32 11
33 5
34 19
35 15
36 33
37 41
38 38
39 24
40 1
41 17
42 28
43 23
44 30
45 9
SIMILAR

5 16 21 19 4 45 43 20 3 8 29 9 37 35 11 0 27 31 17 25 22 40 38 24 30 42 26 32 39 7 10 28 2 23 15 6 36 14 13 18 12 33 1 44 34 41 
0 15
1 42
2 32
3 8
4 4
5 0
6 35
7 29
8 9
9 11
10 30
11 14
12 40
13 38
14 37
15 34
16 1
17 18
18 39
19 3
20 7
21 2
22 20
23 33
24 23
25 19
26 26
27 16
28 31
29 10
30 24
31 17
32 27
33 41
34 44
35 13
36 36
37 12
38 22
39 28
40 21
41 45
42 25
43 6
44 43
45 5
SIMILAR

30 12 38 24 31 6 41 23 13 9 25 45 34 3 39 37 2 20 11 7 40 35 21 32 15 42 18 28 1 44 33 43 29 8 19 4 22 10 27 17 14 16 36 5 0 26 
0 44
1 28
2 16
3 13
4 35
5 43
6 5
7 19
8 33
9 9
10 37
11 18
12 1
13 8
14 40
15 24
16 41
17 39
18 26
19 34
20 17
21 22
22 36
23 7
24 3
25 10
26 45
27 38
28 27
29 32
30 0
31 4
32 23
33 30
34 12
35 21
36 42
37 15
38 2
39 14
40 20
41 6
42 25
43 31
44 29
45 11
SIMILAR

17 37 0 7 24 10 26 21 15 18 32 19 41 4 2 40 13 31 29 3 38 33 1 25 6 27 34 9 22 35 28 42 16 44 5 30 14 11 43 8 45 39 12 20 36 23 
0 2
1 22
2 14
3 19
4 13
5 34
6 24
7 3
8 39
9 27
10 5
11 37
12 42
13 16
14 36
15 8
16 32
17 0
18 9
19 11
20 43
21 7
22 28
23 45
24 4
25 23
26 6
27 25
28 30
29 18
30 35
31 17
32 10
33 21
34 26
35 29
36 44
37 1
38 20
39 41
40 15
41 12
42 31
43 38
44 33
45 40
SIMILAR

12 19 4 23 30 13 31 7 3 28 11 39 21 29 33 44 26 8 10 34 18 35 38 2 6 42 1 40 5 32 20 22 14 41 15 17 45 43 27 24 25 37 0 36 16 9 
0 42
1 26
2 23
3 8
4 2
5 28
6 24
7 7
8 17
9 45
10 18
11 10
12 0
13 5
14 32
15 34
16 44
17 35
18 20
19 1
20 30
21 12
22 31
23 3
24 39
25 40
26 16
27 38
28 9
29 13
30 4
31 6
32 29
33 14
34 19
35 21
36 43
37 41
38 22
39 11
40 27
41 33
42 25
43 37
44 15
45 36
SIMILAR

21 33 38 30 9 23 35 14 10 7 28 26 2 22 27 16 11 17 25 12 29 43 40 34 32 19 45 37 44 18 39 8 6 31 24 5 13 4 1 42 36 3 20 0 15 41 
0 43
1 38
2 12
3 41
4 37
5 35
6 32
7 9
8 31
9 4
10 8
11 16
12 19
13 36
14 7
15 44
16 15
17 17
18 29
19 25
20 42
21 0
22 13
23 5
24 34
25 18
26 11
27 14
28 10
29 20
30 3
31 33
32 24
33 1
34 23
35 6
36 40
37 27
38 2
39 30
40 22
41 45
42 39
43 21
44 28
45 26
SIMILAR

14 6 40 35 8 41 19 17 28 34 20 29 11 44 37 38 33 5 18 39 16 21 24 0 10 45 13 31 4 1 32 22 7 43 27 3 2 36 23 25 12 15 42 26 30 9 
0 23
1 29
2 36
3 35
4 28
5 17
6 1
7 32
8 4
9 45
10 24
11 12
12 40
13 26
14 0
15 41
16 20
17 7
18 18
19 6
20 10
21 21
22 31
23 38
24 22
25 39
26 43
27 34
28 8
29 11
30 44
31 27
32 30
33 16
34 9
35 3
36 37
37 14
38 15
39 19
40 2
41 5
42 42
43 33
44 13
45 25
SIMILAR

3 33 6 37 43 15 40 4 10 22 13 35 19 17 34 28 31 29 20 1 45 16 2 27 12 7 14 0 23 24 44 18 36 38 26 9 8 25 42 5 32 11 41 39 30 21 
0 27
1 19
2 22
3 0
4 7
5 39
6 2
7 25
8 36
9 35
10 8
11 41
12 24
13 10
14 26
15 5
16 21
17 13
18 31
19 12
20 18
21 45
22 9
23 28
24 29
25 37
26 34
27 23
28 15
29 17
30 44
31 16
32 40
33 1
34 14
35 11
36 32
37 3
38 33
39 43
40 6
41 42
42 38
43 4
44 30
45 20
SIMILAR

43 17 29 0 2 8 38 31 23 3 18 41 37 28 21 6 26 20 24 22 19 14 42 16 4 40 39 34 10 1 32 13 7 12 15 5 25 45 35 9 44 11 27 36 30 33 
0 3
1 29
2 4
3 9
4 24
5 35
6 15
7 32
8 5
9 39
10 28
11 41
12 33
13 31
14 21
15 34
16 23
17 1
18 10
19 20
20 17
21 14
22 19
23 8
24 18
25 36
26 16
27 42
28 13
29 2
30 44
31 7
32 30
33 45
34 27
35 38
36 43
37 12
38 6
39 26
40 25
41 11
42 22
43 0
44 40
45 37
SIMILAR

29 7 34 32 26 27 25 30 45 40 10 41 13 18 20 37 12 42 33 23 17 44 15 21 28 4 31 1 2 6 35 3 38 5 14 0 11 43 19 36 39 24 9 8 16 22 
0 35
1 27
2 28
3 31
4 25
5 33
6 29
7 1
8 43
9 42
10 10
11 36
12 16
13 12
14 34
15 22
16 44
17 20
18 13
19 38
20 14
21 23
22 45
23 19
24 41
25 6
26 4
27 5
28 24
29 0
30 7
31 26
32 3
33 18
34 2
35 30
36 39
37 15
38 32
39 40
40 9
41 11
42 17
43 37
44 21
45 8
SIMILAR

37 20 2 24 22 34 19 4 16 10 33 43 3 29 28 13 41 9 15 7 18 6 14 23 42 5 36 27 11 30 26 1 44 39 40 25 38 12 45 8 35 31 32 17 0 21 
0 44
1 31
2 2
3 12
4 7
5 25
6 21
7 19
8 39
9 17
10 9
11 28
12 37
13 15
14 22
15 18
16 8
17 43
18 20
19 6
20 1
21 45
22 4
23 23
24 3
25 35
26 30
27 27
28 14
29 13
30 29
31 41
32 42
33 10
34 5
35 40
36 26
37 0
38 36
39 33
40 34
41 16
42 24
43 11
44 32
45 38
SIMILAR

0 29 2 15 25 38 1 40 39 34 28 4 30 32 45 36 37 10 24 8 12 41 42 33 26 9 18 19 11 6 7 44 14 5 16 27 13 43 23 20 31 17 22 3 21 35 
0 0
1 6
2 2
3 43
4 11
5 33
6 29
7 30
8 19
9 25
10 17
11 28
12 20
13 36
14 32
15 3
16 34
17 41
18 26
19 27
20 39
21 44
22 42
23 38
24 18
25 4
26 24
27 35
28 10
29 1
30 12
31 40
32 13
33 23
34 9
35 45
36 15
37 16
38 5
39 8
40 7
41 21
42 22
43 37
44 31
45 14
SIMILAR

24 36 31 14 19 8 5 44 0 26 45 27 23 12 15 13 1 18 16 29 30 22 38 40 35 21 6 20 3 28 17 37 39 10 34 25 41 42 11 4 43 9 7 33 32 2 
0 8
1 16
2 45
3 28
4 39
5 6
6 26
7 42
8 5
9 41
10 33
11 38
12 13
13 15
14 3
15 14
16 18
17 30
18 17
19 4
20 27
21 25
22 21
23 12
24 0
25 35
26 9
27 11
28 29
29 19
30 20
31 2
32 44
33 43
34 34
35 24
36 1
37 31
38 22
39 32
40 23
41 36
42 37
43 40
44 7
45 10
SIMILAR

28 9 40 20 17 35 2 4 33 11 43 30 14 27 29 22 34 18 41 19 25 38 5 45 23 1 13 32 21 0 31 7 39 44 15 36 3 8 6 10 42 24 37 12 16 26 
0 29
1 25
2 6
3 36
4 7
5 22
6 38
7 31
8 37
9 1
10 39
11 9
12 43
13 26
14 12
15 34
16 44
17 4
18 17
19 19
20 3
21 28
22 15
23 24
24 41
25 20
26 45
27 13
28 0
29 14
30 11
31 30
32 27
33 8
34 16
35 5
36 35
37 42
38 21
39 32
40 2
41 18
42 40
43 10
44 33
45 23
SIMILAR

44 17 34 3 29 42 33 4 32 6 13 21 22 30 10 18 2 45 25 9 15 24 16 31 26 12 43 38 7 28 14 1 27 8 40 5 11 37 36 35 0 41 20 23 39 19 
0 40
1 31
2 16
3 3
4 7
5 35
6 9
7 28
8 33
9 19
10 14
11 36
12 25
13 10
14 30
15 20
16 22
17 1
18 15
19 45
20 42
21 11
22 12
23 43
24 21
25 18
26 24
27 32
28 29
29 4
30 13
31 23
32 8
33 6
34 2
35 39
36 38
37 37
38 27
39 44
40 34
41 41
42 5
43 26
44 0
45 17
SIMILAR

24 4 40 42 3 36 38 12 14 32 30 25 0 43 8 7 33 15 16 34 17 31 9 44 39 18 27 41 35 28 5 19 20 6 29 10 13 45 1 23 11 26 21 2 22 37 
0 12
1 38
2 43
3 4
4 1
5 30
6 33
7 15
8 14
9 22
10 35
11 40
12 7
13 36
14 8
15 17
16 18
17 20
18 25
19 31
20 32
21 42
22 44
23 39
24 0
25 11
26 41
27 26
28 29
29 34
30 10
31 21
32 9
33 16
34 19
35 28
36 5
37 45
38 6
39 24
40 2
41 27
42 3
43 13
44 23
45 37
SIMILAR

25 14 21 43 16 19 12 30 0 1 5 34 27 20 15 33 31 7 17 45 13 10 23 28 18 36 26 39 22 38 2 32 4 37 3 24 41 29 42 6 40 11 8 9 35 44 
0 8
1 9
2 30
3 34
4 32
5 10
6 39
7 17
8 42
9 43
10 21
11 41
12 6
13 20
14 1
15 14
16 4
17 18
18 24
19 5
20 13
21 2
22 28
23 22
24 35
25 0
26 26
27 12
28 23
29 37
30 7
31 16
32 31
33 15
34 11
35 44
36 25
37 33
38 29
39 27
40 40
41 36
42 38
43 3
44 45
45 19
SIMILAR

31 22 8 11 12 23 43 24 38 17 25 20 15 10 28 41 34 1 30 32 27 2 36 44 9 13 14 21 39 40 7 4 42 19 6 26 29 37 0 33 35 45 16 5 18 3 
0 38
1 17
2 21
3 45
4 31
5 43
6 34
7 30
8 2
9 24
10 13
11 3
12 4
13 25
14 26
15 12
16 42
17 9
18 44
19 33
20 11
21 27
22 1
23 5
24 7
25 10
26 35
27 20
28 14
29 36
30 18
31 0
32 19
33 39
34 16
35 40
36 22
37 37
38 8
39 28
40 29
41 15
42 32
43 6
44 23
45 41
SIMILAR

25 33 0 35 15 31 13 16 8 18 20 32 38 41 11 5 44 39 40 36 24 2 4 21 42 1 14 12 43 34 30 7 26 9 23 17 22 10 37 19 28 6 29 45 27 3 
0 2
1 25
2 21
3 45
4 22
5 15
6 41
7 31
8 8
9 33
10 37
11 14
12 27
13 6
14 26
15 4
16 7
17 35
18 9
19 39
20 10
21 23
22 36
23 34
24 20
25 0
26 32
27 44
28 40
29 42
30 30
31 5
32 11
33 1
34 29
35 3
36 19
37 38
38 12
39 17
40 18
41 13
42 24
43 28
44 16
45 43
SIMILAR

43 13 24 1 40 22 4 17 37 18 6 15 8 12 45 3 10 31 29 11 41 16 38 5 39 0 23 27 14 32 9 30 21 35 33 26 19 20 44 25 2 28 7 36 34 42 
0 25
1 3
2 40
3 15
4 6
5 23
6 10
7 42
8 12
9 30
10 16
11 19
12 13
13 1
14 28
15 11
16 21
17 7
18 9
19 36
20 37
21 32
22 5
23 26
24 2
25 39
26 35
27 27
28 41
29 18
30 31
31 17
32 29
33 34
34 44
35 33
36 43
37 8
38 22
39 24
40 4
41 20
42 45
43 0
44 38
45 14
SIMILAR

41 11 40 1 4 15 30 12 36 9 39 5 22 26 24 10 23 38 37 8 31 28 17 19 7 27 14 13 34 6 44 25 20 43 18 29 32 0 35 33 16 42 2 21 45 3 
0 37
1 3
2 42
3 45
4 4
5 11
6 29
7 24
8 19
9 9
10 15
11 1
12 7
13 27
14 26
15 5
16 40
17 22
18 34
19 23
20 32
21 43
22 12
23 16
24 14
25 31
26 13
27 25
28 21
29 35
30 6
31 20
32 36
33 39
34 28
35 38
36 8
37 18
38 17
39 10
40 2
41 0
42 41
43 33
44 30
45 44
SIMILAR

19 31 21 40 3 7 39 45 25 23 29 13 11 37 2 32 35 22 20 30 15 33 16 44 5 10 27 26 4 14 12 1 17 8 36 0 43 9 6 34 42 41 28 38 24 18 
0 35
1 31
2 14
3 4
4 28
5 24
6 38
7 5
8 33
9 37
10 25
11 12
12 30
13 11
14 29
15 20
16 22
17 32
18 45
19 0
20 18
21 2
22 17
23 9
24 44
25 8
26 27
27 26
28 42
29 10
30 19
31 1
32 15
33 21
34 39
35 16
36 34
37 13
38 43
39 6
40 3
41 41
42 40
43 36
44 23
45 7
SIMILAR

37 0 27 41 32 20 19 45 43 5 13 1 2 38 31 35 34 44 36 11 9 6 17 14 30 12 28 8 33 42 15 23 22 4 40 26 39 16 25 21 10 3 18 29 24 7 
0 1
1 11
2 12
3 41
4 33
5 9
6 21
7 45
8 27
9 20
10 40
11 19
12 25
13 10
14 23
15 30
16 37
17 22
18 42
19 6
20 5
21 39
22 32
23 31
24 44
25 38
26 35
27 2
28 26
29 43
30 24
31 14
32 4
33 28
34 16
35 15
36 18
37 0
38 13
39 36
40 34
41 3
42 29
43 8
44 17
45 7
SIMILAR

5 3 41 10 7 8 26 2 25 18 32 11 19 12 6 9 20 21 34 29 43 17 35 4 22 27 36 15 14 16 33 44 40 42 1 38 39 30 31 28 0 13 37 45 23 24 
0 40
1 34
2 7
3 1
4 23
5 0
6 14
7 4
8 5
9 15
10 3
11 11
12 13
13 41
14 28
15 27
16 29
17 21
18 9
19 12
20 16
21 17
22 24
23 44
24 45
25 8
26 6
27 25
28 39
29 19
30 37
31 38
32 10
33 30
34 18
35 22
36 26
37 42
38 35
39 36
40 32
41 2
42 33
43 20
44 31
45 43
SIMILAR

43 16 18 29 23 13 6 17 35 10 44 11 25 40 37 4 27 36 38 33 26 3 42 12 15 9 24 21 1 14 39 0 41 2 19 28 45 7 20 5 31 8 22 30 34 32 
0 31
1 28
2 33
3 21
4 15
5 39
6 6
7 37
8 41
9 25
10 9
11 11
12 23
13 5
14 29
15 24
16 1
17 7
18 2
19 34
20 38
21 27
22 42
23 4
24 26
25 12
26 20
27 16
28 35
29 3
30 43
31 40
32 45
33 19
34 44
35 8
36 17
37 14
38 18
39 30
40 13
41 32
42 22
43 0
44 10
45 36
SIMILAR

15 10 38 3 1 11 9 4 0 41 14 45 43 34 12 39 29 18 21 6 13 2 16 30 42 33 36 40 5 23 32 31 28 17 37 20 27 25 44 26 24 22 8 35 19 7 
0 8
1 4
2 21
3 3
4 7
5 28
6 19
7 45
8 42
9 6
10 1
11 5
12 14
13 20
14 10
15 0
16 22
17 33
18 17
19 44
20 35
21 18
22 41
23 29
24 40
25 37
26 39
27 36
28 32
29 16
30 23
31 31
32 30
33 25
34 13
35 43
36 26
37 34
38 2
39 15
40 27
41 9
42 24
43 12
44 38
45 11
SIMILAR

4 30 41 20 12 32 9 38 14 23 36 21 42 43 40 11 13 10 1 33 6 37 28 31 5 44 45 18 16 34 15 19 3 26 2 25 0 27 35 8 29 17 39 22 24 7 
0 36
1 18
2 34
3 32
4 0
5 24
6 20
7 45
8 39
9 6
10 17
11 15
12 4
13 16
14 8
15 30
16 28
17 41
18 27
19 31
20 3
21 11
22 43
23 9
24 44
25 35
26 33
27 37
28 22
29 40
30 1
31 23
32 5
33 19
34 29
35 38
36 10
37 21
38 7
39 42
40 14
41 2
42 12
43 13
44 25
45 26
SIMILAR

29 3 2 27 38 13 15 22 21 4 37 25 6 28 17 10 33 30 31 35 8 23 42 43 41 12 9 36 16 1 39 11 0 14 26 45 5 44 32 18 7 19 40 24 20 34 
0 32
1 29
2 2
3 1
4 9
5 36
6 12
7 40
8 20
9 26
10 15
11 31
12 25
13 5
14 33
15 6
16 28
17 14
18 39
19 41
20 44
21 8
22 7
23 21
24 43
25 11
26 34
27 3
28 13
29 0
30 17
31 18
32 38
33 16
34 45
35 19
36 27
37 10
38 4
39 30
40 42
41 24
42 22
43 23
44 37
45 35
SIMILAR

33 10 24 28 35 18 25 12 36 45 22 13 7 4 19 34 9 32 38 6 3 14 23 41 44 37 30 21 20 15 2 42 17 11 39 0 40 16 31 29 26 27 43 5 1 8 
0 35
1 44
2 30
3 20
4 13
5 43
6 19
7 12
8 45
9 16
10 1
11 33
12 7
13 11
14 21
15 29
16 37
17 32
18 5
19 14
20 28
21 27
22 10
23 22
24 2
25 6
26 40
27 41
28 3
29 39
30 26
31 38
32 17
33 0
34 15
35 4
36 8
37 25
38 18
39 34
40 36
41 23
42 31
43 42
44 24
45 9
SIMILAR

6 3 35 38 21 2 15 42 17 10 20 18 12 7 29 25 9 19 28 37 31 5 45 14 23 36 27 16 32 40 43 13 8 4 30 39 41 44 0 11 26 33 22 1 24 34 
0 38
1 43
2 5
3 1
4 33
5 21
6 0
7 13
8 32
9 16
10 9
11 39
12 12
13 31
14 23
15 6
16 27
17 8
18 11
19 17
20 10
21 4
22 42
23 24
24 44
25 15
26 40
27 26
28 18
29 14
30 34
31 20
32 28
33 41
34 45
35 2
36 25
37 19
38 3
39 35
40 29
41 36
42 7
43 30
44 37
45 22
SIMILAR

10 39 29 32 22 18 30 28 21 45 40 1 34 7 9 5 3 4 26 23 0 33 37 36 38 27 44 25 12 42 15 31 19 24 16 17 13 14 41 6 20 11 43 2 35 8 
0 20
1 11
2 43
3 16
4 17
5 15
6 39
7 13
8 45
9 14
10 0
11 41
12 28
13 36
14 37
15 30
16 34
17 35
18 5
19 32
20 40
21 8
22 4
23 19
24 33
25 27
26 18
27 25
28 7
29 2
30 6
31 31
32 3
33 21
34 12
35 44
36 23
37 22
38 24
39 1
40 10
41 38
42 29
43 42
44 26
45 9
SIMILAR

32 30 7 10 24 12 38 40 5 43 17 20 21 35 1 3 9 41 15 42 29 16 36 31 2 0 27 14 18 22 13 33 44 26 45 19 8 23 28 25 4 11 37 39 34 6 
0 25
1 14
2 24
3 15
4 40
5 8
6 45
7 2
8 36
9 16
10 3
11 41
12 5
13 30
14 27
15 18
16 21
17 10
18 28
19 35
20 11
21 12
22 29
23 37
24 4
25 39
26 33
27 26
28 38
29 20
30 1
31 23
32 0
33 31
34 44
35 13
36 22
37 42
38 6
39 43
40 7
41 17
42 19
43 9
44 32
45 34
SIMILAR

4 30 45 2 3 40 29 38 35 37 34 7 16 11 42 6 36 27 41 12 24 31 1 26 9 33 14 22 17 21 18 25 8 5 20 44 0 10 39 19 15 43 13 23 32 28 
0 36
1 22
2 3
3 4
4 0
5 33
6 15
7 11
8 32
9 24
10 37
11 13
12 19
13 42
14 26
15 40
16 12
17 28
18 30
19 39
20 34
21 29
22 27
23 43
24 20
25 31
26 23
27 17
28 45
29 6
30 1
31 21
32 44
33 25
34 10
35 8
36 16
37 9
38 7
39 38
40 5
41 18
42 14
43 41
44 35
45 2
SIMILAR

33 2 21 17 3 34 37 26 40 25 18 11 31 20 44 27 1 8 12 45 16 36 6 30 4 32 29 41 9 15 38 23 0 43 28 19 24 22 13 35 39 14 5 7 42 10 
0 32
1 16
2 1
3 4
4 24
5 42
6 22
7 43
8 17
9 28
10 45
11 11
12 18
13 38
14 41
15 29
16 20
17 3
18 10
19 35
20 13
21 2
22 37
23 31
24 36
25 9
26 7
27 15
28 34
29 26
30 23
31 12
32 25
33 0
34 5
35 39
36 21
37 6
38 30
39 40
40 8
41 27
42 44
43 33
44 14
45 19
SIMILAR

33 1 4 41 12 2 30 26 16 32 13 44 25 38 24 40 19 27 11 28 42 10 3 20 18 14 45 31 36 29 0 17 9 43 22 7 34 39 8 15 5 35 21 37 23 6 
0 30
1 1
2 5
3 22
4 2
5 40
6 45
7 35
8 38
9 32
10 21
11 18
12 4
13 10
14 25
15 39
16 8
17 31
18 24
19 16
20 23
21 42
22 34
23 44
24 14
25 12
26 7
27 17
28 19
29 29
30 6
31 27
32 9
33 0
34 36
35 41
36 28
37 43
38 13
39 37
40 15
41 3
42 20
43 33
44 11
45 26
SIMILAR

21 0 11 6 10 9 23 4 41 25 38 17 34 27 15 44 24 31 3 22 39 40 30 8 37 32 35 26 14 33 1 16 43 20 29 13 42 36 7 2 19 12 18 5 28 45 
0 1
1 30
2 39
3 18
4 7
5 43
6 3
7 38
8 23
9 5
10 4
11 2
12 41
13 35
14 28
15 14
16 31
17 11
18 42
19 40
20 33
21 0
22 19
23 6
24 16
25 9
26 27
27 13
28 44
29 34
30 22
31 17
32 25
33 29
34 12
35 26
36 37
37 24
38 10
39 20
40 21
41 8
42 36
43 32
44 15
45 45
SIMILAR

30 36 14 37 13 19 31 32 33 4 12 40 5 2 42 39 38 3 41 11 27 28 29 6 9 8 18 10 7 25 35 26 23 20 1 34 21 17 15 22 24 16 0 43 44 45 
0 42
1 34
2 13
3 17
4 9
5 12
6 23
7 28
8 25
9 24
10 27
11 19
12 10
13 4
14 2
15 38
16 41
17 37
18 26
19 5
20 33
21 36
22 39
23 32
24 40
25 29
26 31
27 20
28 21
29 22
30 0
31 6
32 7
33 8
34 35
35 30
36 1
37 3
38 16
39 15
40 11
41 18
42 14
43 43
44 44
45 45
SIMILAR

30 42 36 18 21 4 13 12 43 9 38 27 32 19 40 5 25 41 3 24 17 35 8 23 14 0 6 31 34 45 10 39 26 28 16 2 7 11 20 37 15 1 33 44 29 22 
0 25
1 41
2 35
3 18
4 5
5 15
6 26
7 36
8 22
9 9
10 30
11 37
12 7
13 6
14 24
15 40
16 34
17 20
18 3
19 13
20 38
21 4
22 45
23 23
24 19
25 16
26 32
27 11
28 33
29 44
30 0
31 27
32 12
33 42
34 28
35 21
36 2
37 39
38 10
39 31
40 14
41 17
42 1
43 8
44 43
45 29
SIMILAR

34 3 33 10 26 36 18 2 17 29 15 4 1 43 19 6 16 22 11 7 35 8 44 25 9 13 28 14 39 27 42 30 24 41 0 40 23 20 12 5 31 38 21 45 37 32 
0 34
1 12
2 7
3 1
4 11
5 39
6 15
7 19
8 21
9 24
10 3
11 18
12 38
13 25
14 27
15 10
16 16
17 8
18 6
19 14
20 37
21 42
22 17
23 36
24 32
25 23
26 4
27 29
28 26
29 9
30 31
31 40
32 45
33 2
34 0
35 20
36 5
37 44
38 41
39 28
40 35
41 33
42 30
43 13
44 22
45 43
SIMILAR

22 21 27 23 34 40 30 38 41 6 32 9 20 35 0 39 7 4 29 17 2 10 12 33 44 18 14 45 13 25 24 11 19 8 36 31 5 37 16 15 42 1 43 28 3 26 
0 14
1 41
2 20
3 44
4 17
5 36
6 9
7 16
8 33
9 11
10 21
11 31
12 22
13 28
14 26
15 39
16 38
17 19
18 25
19 32
20 12
21 1
22 0
23 3
24 30
25 29
26 45
27 2
28 43
29 18
30 6
31 35
32 10
33 23
34 4
35 13
36 34
37 37
38 7
39 15
40 5
41 8
42 40
43 42
44 24
45 27
SIMILAR

0 25 42 28 20 8 41 35 40 45 18 16 34 39 1 23 12 11 32 17 31 9 37 19 15 10 21 6 7 5 43 14 3 13 24 22 29 44 36 2 4 33 38 30 27 26 
0 0
1 14
2 39
3 32
4 40
5 29
6 27
7 28
8 5
9 21
10 25
11 17
12 16
13 33
14 31
15 24
16 11
17 19
18 10
19 23
20 4
21 26
22 35
23 15
24 34
25 1
26 45
27 44
28 3
29 36
30 43
31 20
32 18
33 41
34 12
35 7
36 38
37 22
38 42
39 13
40 8
41 6
42 2
43 30
44 37
45 9
SIMILAR

18 16 42 1 7 8 0 34 32 17 45 9 40 10 39 2 3 14 20 33 6 28 11 27 13 41 36 30 26 43 21 4 44 22 15 24 29 38 37 31 5 12 35 19 23 25 
0 6
1 3
2 15
3 16
4 31
5 40
6 20
7 4
8 5
9 11
10 13
11 22
12 41
13 24
14 17
15 34
16 1
17 9
18 0
19 43
20 18
21 30
22 33
23 44
24 35
25 45
26 28
27 23
28 21
29 36
30 27
31 39
32 8
33 19
34 7
35 42
36 26
37 38
38 37
39 14
40 12
41 25
42 2
43 29
44 32
45 10
SIMILAR

34 23 30 28 15 40 13 1 43 19 37 17 41 29 31 11 4 18 12 32 16 6 38 25 33 9 22 45 8 5 27 10 14 7 26 44 36 3 24 20 39 42 0 2 35 21 
0 42
1 7
2 43
3 37
4 16
5 29
6 21
7 33
8 28
9 25
10 31
11 15
12 18
13 6
14 32
15 4
16 20
17 11
18 17
19 9
20 39
21 45
22 26
23 1
24 38
25 23
26 34
27 30
28 3
29 13
30 2
31 14
32 19
33 24
34 0
35 44
36 36
37 10
38 22
39 40
40 5
41 12
42 41
43 8
44 35
45 27
SIMILAR

10 16 9 34 13 28 11 26 43 44 37 32 0 18 35 3 30 29 40 15 23 21 7 36 22 2 33 17 4 42 14 31 45 6 27 20 24 38 5 25 1 12 39 8 41 19 
0 12
1 40
2 25
3 15
4 28
5 38
6 33
7 22
8 43
9 2
10 0
11 6
12 41
13 4
14 30
15 19
16 1
17 27
18 13
19 45
20 35
21 21
22 24
23 20
24 36
25 39
26 7
27 34
28 5
29 17
30 16
31 31
32 11
33 26
34 3
35 14
36 23
37 10
38 37
39 42
40 18
41 44
42 29
43 8
44 9
45 32
SIMILAR

11 19 18 38 24 39 6 8 41 16 35 43 7 15 13 1 17 10 36 37 29 26 40 3 22 23 33 32 4 0 45 20 30 21 34 2 44 31 12 42 14 5 25 9 28 27 
0 29
1 15
2 35
3 23
4 28
5 41
6 6
7 12
8 7
9 43
10 17
11 0
12 38
13 14
14 40
15 13
16 9
17 16
18 2
19 1
20 31
21 33
22 24
23 25
24 4
25 42
26 21
27 45
28 44
29 20
30 32
31 37
32 27
33 26
34 34
35 10
36 18
37 19
38 3
39 5
40 22
41 8
42 39
43 11
44 36
45 30
SIMILAR

43 5 7 16 10 25 32 31 6 36 38 3 35 44 37 17 11 45 12 8 2 21 42 1 9 33 13 20 28 23 41 18 30 19 22 0 14 24 26 4 27 40 15 34 29 39 
0 35
1 23
2 20
3 11
4 39
5 1
6 8
7 2
8 19
9 24
10 4
11 16
12 18
13 26
14 36
15 42
16 3
17 15
18 31
19 33
20 27
21 21
22 34
23 29
24 37
25 5
26 38
27 40
28 28
29 44
30 32
31 7
32 6
33 25
34 43
35 12
36 9
37 14
38 10
39 45
40 41
41 30
42 22
43 0
44 13
45 17
SIMILAR

21 19 36 27 35 2 33 16 6 0 43 41 4 5 10 11 39 14 28 7 13 3 30 37 23 24 38 40 32 15 29 18 26 25 9 44 42 1 8 22 34 20 17 12 45 31 
0 9
1 37
2 5
3 21
4 12
5 13
6 8
7 19
8 38
9 34
10 14
11 15
12 43
13 20
14 17
15 29
16 7
17 42
18 31
19 1
20 41
21 0
22 39
23 24
24 25
25 33
26 32
27 3
28 18
29 30
30 22
31 45
32 28
33 6
34 40
35 4
36 2
37 23
38 26
39 16
40 27
41 11
42 36
43 10
44 35
45 44
SIMILAR

42 21 35 10 37 34 23 25 5 9 20 7 28 15 39 4 26 8 43 13 41 2 14 22 24 17 27 6 33 29 1 32 18 31 45 44 40 16 38 36 12 11 30 3 19 0 
0 45
1 30
2 21
3 43
4 15
5 8
6 27
7 11
8 17
9 9
10 3
11 41
12 40
13 19
14 22
15 13
16 37
17 25
18 32
19 44
20 10
21 1
22 23
23 6
24 24
25 7
26 16
27 26
28 12
29 29
30 42
31 33
32 31
33 28
34 5
35 2
36 39
37 4
38 38
39 14
40 36
41 20
42 0
43 18
44 35
45 34
SIMILAR

19 24 4 14 1 30 27 22 40 2 15 20 35 16 32 41 45 7 43 34 37 29 13 33 36 42 26 44 12 6 0 31 23 25 8 28 21 9 18 38 11 17 39 10 5 3 
0 30
1 4
2 9
3 45
4 2
5 44
6 29
7 17
8 34
9 37
10 43
11 40
12 28
13 22
14 3
15 10
16 13
17 41
18 38
19 0
20 11
21 36
22 7
23 32
24 1
25 33
26 26
27 6
28 35
29 21
30 5
31 31
32 14
33 23
34 19
35 12
36 24
37 20
38 39
39 42
40 8
41 15
42 25
43 18
44 27
45 16
SIMILAR

8 42 33 40 19 41 12 20 37 31 6 28 17 27 14 3 10 21 23 39 18 15 26 4 29 35 25 16 30 11 2 36 0 7 5 38 32 45 44 22 43 13 24 9 1 34 
0 32
1 44
2 30
3 15
4 23
5 34
6 10
7 33
8 0
9 43
10 16
11 29
12 6
13 41
14 14
15 21
16 27
17 12
18 20
19 4
20 7
21 17
22 39
23 18
24 42
25 26
26 22
27 13
28 11
29 24
30 28
31 9
32 36
33 2
34 45
35 25
36 31
37 8
38 35
39 19
40 3
41 5
42 1
43 40
44 38
45 37
SIMILAR

22 16 8 30 43 31 13 38 9 1 10 7 17 5 21 34 41 6 42 4 23 12 40 39 35 2 25 20 37 0 11 18 32 14 28 44 27 15 45 24 29 26 19 33 3 36 
0 29
1 9
2 25
3 44
4 19
5 13
6 17
7 11
8 2
9 8
10 10
11 30
12 21
13 6
14 33
15 37
16 1
17 12
18 31
19 42
20 27
21 14
22 0
23 20
24 39
25 26
26 41
27 36
28 34
29 40
30 3
31 5
32 32
33 43
34 15
35 24
36 45
37 28
38 7
39 23
40 22
41 16
42 18
43 4
44 35
45 38
SIMILAR

39 40 38 33 37 35 27 19 36 13 23 12 30 16 29 15 26 18 43 10 41 34 11 17 32 5 25 22 8 21 1 2 3 0 24 42 44 45 14 31 4 20 6 28 9 7 
0 33
1 30
2 31
3 32
4 40
5 25
6 42
7 45
8 28
9 44
10 19
11 22
12 11
13 9
14 38
15 15
16 13
17 23
18 17
19 7
20 41
21 29
22 27
23 10
24 34
25 26
26 16
27 6
28 43
29 14
30 12
31 39
32 24
33 3
34 21
35 5
36 8
37 4
38 2
39 0
40 1
41 20
42 35
43 18
44 36
45 37
SIMILAR

15 4 7 9 21 5 8 33 35 10 16 31 45 2 6 42 17 25 32 26 19 29 24 44 39 40 36 27 34 37 28 1 38 22 20 14 13 30 18 23 41 0 11 3 43 12 
0 41
1 31
2 13
3 43
4 1
5 5
6 14
7 2
8 6
9 3
10 9
11 42
12 45
13 36
14 35
15 0
16 10
17 16
18 38
19 20
20 34
21 4
22 33
23 39
24 22
25 17
26 19
27 27
28 30
29 21
30 37
31 11
32 18
33 7
34 28
35 8
36 26
37 29
38 32
39 24
40 25
41 40
42 15
43 44
44 23
45 12
SIMILAR

18 26 2 17 28 8 14 42 32 34 5 27 3 0 41 1 11 36 21 19 30 40 37 7 23 9 12 25 44 15 29 33 45 35 20 10 6 4 43 39 16 31 22 13 24 38 
0 13
1 15
2 2
3 12
4 37
5 10
6 36
7 23
8 5
9 25
10 35
11 16
12 26
13 43
14 6
15 29
16 40
17 3
18 0
19 19
20 34
21 18
22 42
23 24
24 44
25 27
26 1
27 11
28 4
29 30
30 20
31 41
32 8
33 31
34 9
35 33
36 17
37 22
38 45
39 39
40 21
41 14
42 7
43 38
44 28
45 32
SIMILAR

36 5 6 3 10 43 1 40 28 11 14 13 39 19 32 27 45 37 15 35 23 41 38 30 12 42 26 33 2 44 20 18 24 29 34 31 7 4 25 22 16 0 9 21 8 17 
0 41
1 6
2 28
3 3
4 37
5 1
6 2
7 36
8 44
9 42
10 4
11 9
12 24
13 11
14 10
15 18
16 40
17 45
18 31
19 13
20 30
21 43
22 39
23 20
24 32
25 38
26 26
27 15
28 8
29 33
30 23
31 35
32 14
33 27
34 34
35 19
36 0
37 17
38 22
39 12
40 7
41 21
42 25
43 5
44 29
45 16
SIMILAR

44 19 41 34 11 35 13 4 5 39 28 45 20 36 25 1 17 32 24 31 37 16 42 15 0 2 6 22 7 38 12 33 18 21 9 26 30 10 14 29 27 23 3 8 40 43 
0 24
1 15
2 25
3 42
4 7
5 8
6 26
7 28
8 43
9 34
10 37
11 4
12 30
13 6
14 38
15 23
16 21
17 16
18 32
19 1
20 12
21 33
22 27
23 41
24 18
25 14
26 35
27 40
28 10
29 39
30 36
31 19
32 17
33 31
34 3
35 5
36 13
37 20
38 29
39 9
40 44
41 2
42 22
43 45
44 0
45 11
SIMILAR

9 30 15 2 27 8 19 4 41 29 16 18 38 17 28 20 5 22 37 45 14 13 0 23 40 31 7 26 36 25 33 10 35 24 1 44 3 11 42 34 21 32 39 6 12 43 
0 22
1 34
2 3
3 36
4 7
5 16
6 43
7 26
8 5
9 0
10 31
11 37
12 44
13 21
14 20
15 2
16 10
17 13
18 11
19 6
20 15
21 40
22 17
23 23
24 33
25 29
26 27
27 4
28 14
29 9
30 1
31 25
32 41
33 30
34 39
35 32
36 28
37 18
38 12
39 42
40 24
41 8
42 38
43 45
44 35
45 19
SIMILAR

45 6 31 43 2 13 21 14 36 27 39 3 0 1 19 8 18 10 25 26 30 7 16 29 33 22 35 40 44 9 28 32 34 17 15 23 38 20 24 42 4 37 11 12 41 5 
0 12
1 13
2 4
3 11
4 40
5 45
6 1
7 21
8 15
9 29
10 17
11 42
12 43
13 5
14 7
15 34
16 22
17 33
18 16
19 14
20 37
21 6
22 25
23 35
24 38
25 18
26 19
27 9
28 30
29 23
30 20
31 2
32 31
33 24
34 32
35 26
36 8
37 41
38 36
39 10
40 27
41 44
42 39
43 3
44 28
45 0
SIMILAR

20 11 21 4 37 23 41 3 33 9 38 0 15 30 39 29 10 17 35 34 45 1 27 14 19 43 22 26 24 13 12 36 16 25 5 32 7 6 31 2 44 40 8 18 42 28 
0 11
1 21
2 39
3 7
4 3
5 34
6 37
7 36
8 42
9 9
10 16
11 1
12 30
13 29
14 23
15 12
16 32
17 17
18 43
19 24
20 0
21 2
22 26
23 5
24 28
25 33
26 27
27 22
28 45
29 15
30 13
31 38
32 35
33 8
34 19
35 18
36 31
37 4
38 10
39 14
40 41
41 6
42 44
43 25
44 40
45 20
SIMILAR

7 40 33 37 13 30 29 17 8 9 18 16 32 2 35 42 39 26 28 24 11 44 31 1 45 22 36 19 14 25 0 6 27 12 38 20 4 41 43 3 15 34 21 10 23 5 
0 30
1 23
2 13
3 39
4 36
5 45
6 31
7 0
8 8
9 9
10 43
11 20
12 33
13 4
14 28
15 40
16 11
17 7
18 10
19 27
20 35
21 42
22 25
23 44
24 19
25 29
26 17
27 32
28 18
29 6
30 5
31 22
32 12
33 2
34 41
35 14
36 26
37 3
38 34
39 16
40 1
41 37
42 15
43 38
44 21
45 24
SIMILAR

39 4 9 37 25 11 34 0 28 14 31 15 2 1 42 23 33 26 27 41 32 7 17 6 35 45 8 36 12 30 29 18 5 13 24 21 19 38 16 44 22 43 20 10 40 3 
0 7
1 13
2 12
3 45
4 1
5 32
6 23
7 21
8 26
9 2
10 43
11 5
12 28
13 33
14 9
15 11
16 38
17 22
18 31
19 36
20 42
21 35
22 40
23 15
24 34
25 4
26 17
27 18
28 8
29 30
30 29
31 10
32 20
33 16
34 6
35 24
36 27
37 3
38 37
39 0
40 44
41 19
42 14
43 41
44 39
45 25
SIMILAR

38 42 44 29 32 15 10 28 21 19 25 24 14 0 17 35 4 27 43 31 30 13 18 39 22 12 33 6 1 7 5 45 3 23 34 11 41 9 20 36 16 40 26 8 2 37 
0 13
1 28
2 44
3 32
4 16
5 30
6 27
7 29
8 43
9 37
10 6
11 35
12 25
13 21
14 12
15 5
16 40
17 14
18 22
19 9
20 38
21 8
22 24
23 33
24 11
25 10
26 42
27 17
28 7
29 3
30 20
31 19
32 4
33 26
34 34
35 15
36 39
37 45
38 0
39 23
40 41
41 36
42 1
43 18
44 2
45 31
SIMILAR

29 40 15 3 4 26 38 24 23 36 43 11 7 25 5 22 10 0 27 13 34 28 19 9 35 8 14 42 1 39 41 20 31 6 45 33 37 2 44 21 16 18 12 17 32 30 
0 17
1 28
2 37
3 3
4 4
5 14
6 33
7 12
8 25
9 23
10 16
11 11
12 42
13 19
14 26
15 2
16 40
17 43
18 41
19 22
20 31
21 39
22 15
23 8
24 7
25 13
26 5
27 18
28 21
29 0
30 45
31 32
32 44
33 35
34 20
35 24
36 9
37 36
38 6
39 29
40 1
41 30
42 27
43 10
44 38
45 34
SIMILAR

23 44 36 20 17 37 13 14 15 6 7 31 43 34 21 30 8 25 39 22 11 16 18 38 33 19 29 10 1 40 24 26 28 45 5 41 12 2 32 9 3 35 27 0 4 42 
0 43
1 28
2 37
3 40
4 44
5 34
6 9
7 10
8 16
9 39
10 27
11 20
12 36
13 6
14 7
15 8
16 21
17 4
18 22
19 25
20 3
21 14
22 19
23 0
24 30
25 17
26 31
27 42
28 32
29 26
30 15
31 11
32 38
33 24
34 13
35 41
36 2
37 5
38 23
39 18
40 29
41 35
42 45
43 12
44 1
45 33
SIMILAR

27 41 25 37 40 2 33 29 35 26 24 16 15 13 39 43 10 38 5 34 45 14 30 20 1 8 3 6 28 7 11 23 4 12 19 31 21 17 36 22 32 9 42 44 18 0 
0 45
1 24
2 5
3 26
4 32
5 18
6 27
7 29
8 25
9 41
10 16
11 30
12 33
13 13
14 21
15 12
16 11
17 37
18 44
19 34
20 23
21 36
22 39
23 31
24 10
25 2
26 9
27 0
28 28
29 7
30 22
31 35
32 40
33 6
34 19
35 8
36 38
37 3
38 17
39 14
40 4
41 1
42 42
43 15
44 43
45 20
SIMILAR

4 38 24 22 37 7 20 44 43 40 18 39 21 32 5 42 35 34 3 33 11 12 26 13 41 25 45 14 2 29 36 1 8 28 0 17 6 27 30 10 9 16 15 19 23 31 
0 34
1 31
2 28
3 18
4 0
5 14
6 36
7 5
8 32
9 40
10 39
11 20
12 21
13 23
14 27
15 42
16 41
17 35
18 10
19 43
20 6
21 12
22 3
23 44
24 2
25 25
26 22
27 37
28 33
29 29
30 38
31 45
32 13
33 19
34 17
35 16
36 30
37 4
38 1
39 11
40 9
41 24
42 15
43 8
44 7
45 26
SIMILAR

21 12 8 37 36 23 16 43 3 30 7 0 41 38 5 4 34 42 29 14 44 40 20 35 18 13 28 19 27 33 25 1 39 22 17 24 6 31 11 15 9 32 45 2 10 26 
0 11
1 31
2 43
3 8
4 15
5 14
6 36
7 10
8 2
9 40
10 44
11 38
12 1
13 25
14 19
15 39
16 6
17 34
18 24
19 27
20 22
21 0
22 33
23 5
24 35
25 30
26 45
27 28
28 26
29 18
30 9
31 37
32 41
33 29
34 16
35 23
36 4
37 3
38 13
39 32
40 21
41 12
42 17
43 7
44 20
45 42
SIMILAR

44 4 3 36 42 2 19 30 41 21 1 16 38 8 11 14 45 5 39 7 25 23 15 18 17 12 28 26 22 6 31 24 20 35 27 33 43 40 32 0 10 29 13 34 9 37 
0 39
1 10
2 5
3 2
4 1
5 17
6 29
7 19
8 13
9 44
10 40
11 14
12 25
13 42
14 15
15 22
16 11
17 24
18 23
19 6
20 32
21 9
22 28
23 21
24 31
25 20
26 27
27 34
28 26
29 41
30 7
31 30
32 38
33 35
34 43
35 33
36 3
37 45
38 12
39 18
40 37
41 8
42 4
43 36
44 0
45 16
SIMILAR

13 35 25 31 30 42 6 21 24 17 23 34 9 14 3 28 37 12 33 4 39 5 22 15 10 40 32 45 18 0 41 43 38 16 29 2 1 8 20 36 7 11 19 26 44 27 
0 29
1 36
2 35
3 14
4 19
5 21
6 6
7 40
8 37
9 12
10 24
11 41
12 17
13 0
14 13
15 23
16 33
17 9
18 28
19 42
20 38
21 7
22 22
23 10
24 8
25 2
26 43
27 45
28 15
29 34
30 4
31 3
32 26
33 18
34 11
35 1
36 39
37 16
38 32
39 20
40 25
41 30
42 5
43 31
44 44
45 27
SIMILAR

3 41 6 42 43 2 23 27 11 32 33 17 36 44 19 25 5 20 4 0 18 14 22 10 40 45 28 12 34 39 8 13 16 37 15 29 38 35 30 21 26 31 24 9 7 1 
0 19
1 45
2 5
3 0
4 18
5 16
6 2
7 44
8 30
9 43
10 23
11 8
12 27
13 31
14 21
15 34
16 32
17 11
18 20
19 14
20 17
21 39
22 22
23 6
24 42
25 15
26 40
27 7
28 26
29 35
30 38
31 41
32 9
33 10
34 28
35 37
36 12
37 33
38 36
39 29
40 24
41 1
42 3
43 4
44 13
45 25
SIMILAR

39 27 30 19 11 29 15 12 6 23 2 1 13 42 33 17 0 45 7 21 18 35 25 26 32 36 24 4 9 14 3 44 37 22 43 28 34 41 40 8 16 20 38 31 10 5 
0 16
1 11
2 10
3 30
4 27
5 45
6 8
7 18
8 39
9 28
10 44
11 4
12 7
13 12
14 29
15 6
16 40
17 15
18 20
19 3
20 41
21 19
22 33
23 9
24 26
25 22
26 23
27 1
28 35
29 5
30 2
31 43
32 24
33 14
34 36
35 21
36 25
37 32
38 42
39 0
40 38
41 37
42 13
43 34
44 31
45 17
SIMILAR

45 22 39 3 24 16 26 35 25 23 6 36 41 13 8 31 28 44 18 4 10 38 43 32 40 5 19 30 12 42 1 15 34 29 2 17 7 14 21 33 27 20 0 11 9 37 
0 42
1 30
2 34
3 3
4 19
5 25
6 10
7 36
8 14
9 44
10 20
11 43
12 28
13 13
14 37
15 31
16 5
17 35
18 18
19 26
20 41
21 38
22 1
23 9
24 4
25 8
26 6
27 40
28 16
29 33
30 27
31 15
32 23
33 39
34 32
35 7
36 11
37 45
38 21
39 2
40 24
41 12
42 29
43 22
44 17
45 0
SIMILAR

18 43 22 44 19 42 40 1 2 32 7 5 8 30 37 39 21 31 38 3 23 20 26 35 36 25 9 33 10 24 34 4 6 14 0 16 13 15 45 28 11 27 17 12 41 29 
0 34
1 7
2 8
3 19
4 31
5 11
6 32
7 10
8 12
9 26
10 28
11 40
12 43
13 36
14 33
15 37
16 35
17 42
18 0
19 4
20 21
21 16
22 2
23 20
24 29
25 25
26 22
27 41
28 39
29 45
30 13
31 17
32 9
33 27
34 30
35 23
36 24
37 14
38 18
39 15
40 6
41 44
42 5
43 1
44 3
45 38
SIMILAR

0 6 12 39 32 38 5 10 27 8 36 30 33 24 23 25 42 20 17 2 19 11 41 15 29 40 43 35 13 18 21 9 45 4 1 34 16 22 44 7 14 3 28 26 37 31 
0 0
1 34
2 19
3 41
4 33
5 6
6 1
7 39
8 9
9 31
10 7
11 21
12 2
13 28
14 40
15 23
16 36
17 18
18 29
19 20
20 17
21 30
22 37
23 14
24 13
25 15
26 43
27 8
28 42
29 24
30 11
31 45
32 4
33 12
34 35
35 27
36 10
37 44
38 5
39 3
40 25
41 22
42 16
43 26
44 38
45 32
SIMILAR

29 27 7 12 4 33 24 21 34 38 37 10 11 42 23 8 43 22 39 2 3 1 14 30 28 5 0 9 20 25 17 13 41 16 45 36 15 18 35 32 44 19 31 6 40 26 
0 26
1 21
2 19
3 20
4 4
5 25
6 43
7 2
8 15
9 27
10 11
11 12
12 3
13 31
14 22
15 36
16 33
17 30
18 37
19 41
20 28
21 7
22 17
23 14
24 6
25 29
26 45
27 1
28 24
29 0
30 23
31 42
32 39
33 5
34 8
35 38
36 35
37 10
38 9
39 18
40 44
41 32
42 13
43 16
44 40
45 34
SIMILAR

15 6 30 31 4 13 28 11 16 29 21 7 40 33 23 41 20 44 5 22 42 0 45 8 1 17 43 24 38 39 14 36 12 34 35 32 37 3 25 10 2 9 18 27 19 26 
0 21
1 24
2 40
3 37
4 4
5 18
6 1
7 11
8 23
9 41
10 39
11 7
12 32
13 5
14 30
15 0
16 8
17 25
18 42
19 44
20 16
21 10
22 19
23 14
24 27
25 38
26 45
27 43
28 6
29 9
30 2
31 3
32 35
33 13
34 33
35 34
36 31
37 36
38 28
39 29
40 12
41 15
42 20
43 26
44 17
45 22
SIMILAR

24 17 10 36 15 34 7 14 12 42 37 8 0 26 40 39 45 5 35 6 22 38 32 25 23 11 41 2 18 44 9 30 13 4 33 21 29 1 43 28 3 31 27 19 16 20 
0 12
1 37
2 27
3 40
4 33
5 17
6 19
7 6
8 11
9 30
10 2
11 25
12 8
13 32
14 7
15 4
16 44
17 1
18 28
19 43
20 45
21 35
22 20
23 24
24 0
25 23
26 13
27 42
28 39
29 36
30 31
31 41
32 22
33 34
34 5
35 18
36 3
37 10
38 21
39 15
40 14
41 26
42 9
43 38
44 29
45 16
SIMILAR

41 33 42 17 14 10 16 36 31 20 15 0 40 19 34 5 18 12 25 43 30 21 27 2 3 29 9 22 11 32 44 4 24 7 39 37 8 28 23 1 38 45 35 13 6 26 
0 11
1 39
2 23
3 24
4 31
5 15
6 44
7 33
8 36
9 26
10 5
11 28
12 17
13 43
14 4
15 10
16 6
17 3
18 16
19 13
20 9
21 21
22 27
23 38
24 32
25 18
26 45
27 22
28 37
29 25
30 20
31 8
32 29
33 1
34 14
35 42
36 7
37 35
38 40
39 34
40 12
41 0
42 2
43 19
44 30
45 41
SIMILAR

28 40 12 11 29 4 23 36 45 1 38 3 26 13 25 35 6 14 33 5 44 8 16 17 24 15 21 0 42 18 27 30 20 43 7 2 32 22 41 37 9 34 31 19 10 39 
0 27
1 9
2 35
3 11
4 5
5 19
6 16
7 34
8 21
9 40
10 44
11 3
12 2
13 13
14 17
15 25
16 22
17 23
18 29
19 43
20 32
21 26
22 37
23 6
24 24
25 14
26 12
27 30
28 0
29 4
30 31
31 42
32 36
33 18
34 41
35 15
36 7
37 39
38 10
39 45
40 1
41 38
42 28
43 33
44 20
45 8
SIMILAR

5 38 42 20 1 29 11 12 2 37 18 30 27 0 10 3 43 31 4 21 6 35 15 32 36 39 23 14 7 9 33 44 45 40 28 41 34 22 26 17 24 13 8 19 16 25 
0 13
1 4
2 8
3 15
4 18
5 0
6 20
7 28
8 42
9 29
10 14
11 6
12 7
13 41
14 27
15 22
16 44
17 39
18 10
19 43
20 3
21 19
22 37
23 26
24 40
25 45
26 38
27 12
28 34
29 5
30 11
31 17
32 23
33 30
34 36
35 21
36 24
37 9
38 1
39 25
40 33
41 35
42 2
43 16
44 31
45 32
SIMILAR

30 14 18 8 31 29 5 45 10 1 36 35 19 7 33 20 24 28 34 38 39 23 13 27 42 3 16 15 26 37 43 6 32 40 17 0 25 21 41 4 9 22 44 11 12 2 
0 35
1 9
2 45
3 25
4 39
5 6
6 31
7 13
8 3
9 40
10 8
11 43
12 44
13 22
14 1
15 27
16 26
17 34
18 2
19 12
20 15
21 37
22 41
23 21
24 16
25 36
26 28
27 23
28 17
29 5
30 0
31 4
32 32
33 14
34 18
35 11
36 10
37 29
38 19
39 20
40 33
41 38
42 24
43 30
44 42
45 7
SIMILAR

17 28 43 13 11 45 20 18 2 32 19 10 35 21 39 44 15 42 34 40 33 14 8 16 22 37 6 0 3 12 1 24 41 7 31 9 29 25 30 4 26 23 27 5 36 38 
0 27
1 30
2 8
3 28
4 39
5 43
6 26
7 33
8 22
9 35
10 11
11 4
12 29
13 3
14 21
15 16
16 23
17 0
18 7
19 10
20 6
21 13
22 24
23 41
24 31
25 37
26 40
27 42
28 1
29 36
30 38
31 34
32 9
33 20
34 18
35 12
36 44
37 25
38 45
39 14
40 19
41 32
42 17
43 2
44 15
45 5
SIMILAR

13 8 31 6 41 17 40 27 26 14 15 4 0 45 29 43 38 19 21 30 39 42 33 32 22 5 16 10 18 35 20 34 24 2 36 25 1 3 12 44 11 28 23 7 9 37 
0 12
1 36
2 33
3 37
4 11
5 25
6 3
7 43
8 1
9 44
10 27
11 40
12 38
13 0
14 9
15 10
16 26
17 5
18 28
19 17
20 30
21 18
22 24
23 42
24 32
25 35
26 8
27 7
28 41
29 14
30 19
31 2
32 23
33 22
34 31
35 29
36 34
37 45
38 16
39 20
40 6
41 4
42 21
43 15
44 39
45 13
SIMILAR

3 11 44 35 40 14 9 7 15 8 37 0 38 41 23 22 19 13 26 5 16 28 10 34 4 29 27 6 30 12 31 32 39 43 24 42 21 20 45 2 25 1 36 33 17 18 
0 11
1 41
2 39
3 0
4 24
5 19
6 27
7 7
8 9
9 6
10 22
11 1
12 29
13 17
14 5
15 8
16 20
17 44
18 45
19 16
20 37
21 36
22 15
23 14
24 34
25 40
26 18
27 26
28 21
29 25
30 28
31 30
32 31
33 43
34 23
35 3
36 42
37 10
38 12
39 32
40 4
41 13
42 35
43 33
44 2
45 38
SIMILAR

29 26 20 24 11 1 28 16 43 40 5 27 10 34 7 15 0 9 21 23 33 32 14 12 4 22 39 36 45 6 30 37 35 18 25 3 19 42 2 31 44 17 8 41 38 13 
0 16
1 5
2 38
3 35
4 24
5 10
6 29
7 14
8 42
9 17
10 12
11 4
12 23
13 45
14 22
15 15
16 7
17 41
18 33
19 36
20 2
21 18
22 25
23 19
24 3
25 34
26 1
27 11
28 6
29 0
30 30
31 39
32 21
33 20
34 13
35 32
36 27
37 31
38 44
39 26
40 9
41 43
42 37
43 8
44 40
45 28
SIMILAR

4 29 23 6 37 9 2 10 21 31 5 30 33 32 12 43 19 8 44 0 11 38 1 17 15 27 14 35 41 20 36 39 28 25 24 16 18 42 40 22 34 7 13 45 3 26 
0 19
1 22
2 6
3 44
4 0
5 10
6 3
7 41
8 17
9 5
10 7
11 20
12 14
13 42
14 26
15 24
16 35
17 23
18 36
19 16
20 29
21 8
22 39
23 2
24 34
25 33
26 45
27 25
28 32
29 1
30 11
31 9
32 13
33 12
34 40
35 27
36 30
37 4
38 21
39 31
40 38
41 28
42 37
43 15
44 18
45 43
SIMILAR

17 2 14 19 8 34 0 27 1 29 11 35 12 31 24 36 16 26 25 41 43 37 28 18 15 45 10 42 4 32 13 7 39 21 44 30 22 9 38 20 6 33 23 3 5 40 
0 6
1 8
2 1
3 43
4 28
5 44
6 40
7 31
8 4
9 37
10 26
11 10
12 12
13 30
14 2
15 24
16 16
17 0
18 23
19 3
20 39
21 33
22 36
23 42
24 14
25 18
26 17
27 7
28 22
29 9
30 35
31 13
32 29
33 41
34 5
35 11
36 15
37 21
38 38
39 32
40 45
41 19
42 27
43 20
44 34
45 25
SIMILAR

0 1 39 34 18 3 15 32 44 12 5 2 21 6 26 28 13 35 42 8 24 10 22 45 38 29 17 41 40 25 23 16 31 36 33 7 37 4 11 27 20 9 19 14 43 30 
0 0
1 1
2 11
3 5
4 37
5 10
6 13
7 35
8 19
9 41
10 21
11 38
12 9
13 16
14 43
15 6
16 31
17 26
18 4
19 42
20 40
21 12
22 22
23 30
24 20
25 29
26 14
27 39
28 15
29 25
30 45
31 32
32 7
33 34
34 3
35 17
36 33
37 36
38 24
39 2
40 28
41 27
42 18
43 44
44 8
45 23
SIMILAR

8 13 41 17 19 22 36 9 27 7 1 4 3 0 40 32 16 20 31 26 35 28 29 44 34 21 23 10 33 42 2 38 12 43 5 30 24 14 15 39 37 6 18 25 11 45 
0 13
1 10
2 30
3 12
4 11
5 34
6 41
7 9
8 0
9 7
10 27
11 44
12 32
13 1
14 37
15 38
16 16
17 3
18 42
19 4
20 17
21 25
22 5
23 26
24 36
25 43
26 19
27 8
28 21
29 22
30 35
31 18
32 15
33 28
34 24
35 20
36 6
37 40
38 31
39 39
40 14
41 2
42 29
43 33
44 23
45 45
SIMILAR

44 16 3 41 27 26 20 12 8 2 22 9 38 15 39 36 17 35 19 10 29 4 24 34 6 37 33 7 25 42 13 14 43 11 45 32 18 0 1 31 23 5 21 40 28 30 
0 37
1 38
2 9
3 2
4 21
5 41
6 24
7 27
8 8
9 11
10 19
11 33
12 7
13 30
14 31
15 13
16 1
17 16
18 36
19 18
20 6
21 42
22 10
23 40
24 22
25 28
26 5
27 4
28 44
29 20
30 45
31 39
32 35
33 26
34 23
35 17
36 15
37 25
38 12
39 14
40 43
41 3
42 29
43 32
44 0
45 34
SIMILAR

9 0 27 4 43 39 45 17 16 31 11 24 10 37 5 29 28 8 12 42 22 25 13 3 26 14 7 40 15 18 2 21 44 1 32 19 30 35 41 20 38 33 6 23 34 36 
0 1
1 33
2 30
3 23
4 3
5 14
6 42
7 26
8 17
9 0
10 12
11 10
12 18
13 22
14 25
15 28
16 8
17 7
18 29
19 35
20 39
21 31
22 20
23 43
24 11
25 21
26 24
27 2
28 16
29 15
30 36
31 9
32 34
33 41
34 44
35 37
36 45
37 13
38 40
39 5
40 27
41 38
42 19
43 4
44 32
45 6
SIMILAR

26 43 5 13 2 34 25 19 6 17 44 22 18 37 38 27 33 1 45 41 40 42 10 0 30 3 15 21 39 12 36 14 7 31 20 8 23 28 16 9 11 29 4 24 32 35 
0 23
1 17
2 4
3 25
4 42
5 2
6 8
7 32
8 35
9 39
10 22
11 40
12 29
13 3
14 31
15 26
16 38
17 9
18 12
19 7
20 34
21 27
22 11
23 36
24 43
25 6
26 0
27 15
28 37
29 41
30 24
31 33
32 44
33 16
34 5
35 45
36 30
37 13
38 14
39 28
40 20
41 19
42 21
43 1
44 10
45 18
SIMILAR

19 35 41 10 1 36 25 13 31 18 34 28 29 42 26 33 12 0 7 23 4 30 27 38 39 21 17 20 2 3 45 43 40 44 16 24 15 14 9 8 37 5 11 6 22 32 
0 17
1 4
2 28
3 29
4 20
5 41
6 43
7 18
8 39
9 38
10 3
11 42
12 16
13 7
14 37
15 36
16 34
17 26
18 9
19 0
20 27
21 25
22 44
23 19
24 35
25 6
26 14
27 22
28 11
29 12
30 21
31 8
32 45
33 15
34 10
35 1
36 5
37 40
38 23
39 24
40 32
41 2
42 13
43 31
44 33
45 30
SIMILAR

16 36 10 9 25 0 3 4 7 34 40 20 39 19 29 45 38 43 11 33 6 1 8 15 32 26 30 2 18 42 5 27 12 24 41 14 23 21 35 31 37 28 22 17 44 13 
0 5
1 21
2 27
3 6
4 7
5 30
6 20
7 8
8 22
9 3
10 2
11 18
12 32
13 45
14 35
15 23
16 0
17 43
18 28
19 13
20 11
21 37
22 42
23 36
24 33
25 4
26 25
27 31
28 41
29 14
30 26
31 39
32 24
33 19
34 9
35 38
36 1
37 40
38 16
39 12
40 10
41 34
42 29
43 17
44 44
45 15
SIMILAR

42 1 11 14 20 38 4 12 27 30 18 2 23 37 36 45 8 34 9 33 15 7 5 29 41 10 16 31 17 35 32 21 0 19 6 22 39 43 25 44 28 3 24 26 13 40 
0 32
1 1
2 11
3 41
4 6
5 22
6 34
7 21
8 16
9 18
10 25
11 2
12 7
13 44
14 3
15 20
16 26
17 28
18 10
19 33
20 4
21 31
22 35
23 12
24 42
25 38
26 43
27 8
28 40
29 23
30 9
31 27
32 30
33 19
34 17
35 29
36 14
37 13
38 5
39 36
40 45
41 24
42 0
43 37
44 39
45 15
SIMILAR

30 22 9 21 17 8 41 2 16 11 32 1 13 12 28 7 36 34 10 44 23 4 24 35 5 42 29 33 14 15 6 37 18 40 45 3 25 0 20 43 38 31 39 19 26 27 
0 37
1 11
2 7
3 35
4 21
5 24
6 30
7 15
8 5
9 2
10 18
11 9
12 13
13 12
14 28
15 29
16 8
17 4
18 32
19 43
20 38
21 3
22 1
23 20
24 22
25 36
26 44
27 45
28 14
29 26
30 0
31 41
32 10
33 27
34 17
35 23
36 16
37 31
38 40
39 42
40 33
41 6
42 25
43 39
44 19
45 34
SIMILAR

36 24 3 0 12 21 10 15 16 14 34 43 8 45 17 25 39 28 9 29 6 41 2 19 32 33 26 35 44 27 23 1 37 4 5 18 42 38 40 20 11 7 31 30 13 22 
0 3
1 31
2 22
3 2
4 33
5 34
6 20
7 41
8 12
9 18
10 6
11 40
12 4
13 44
14 9
15 7
16 8
17 14
18 35
19 23
20 39
21 5
22 45
23 30
24 1
25 15
26 26
27 29
28 17
29 19
30 43
31 42
32 24
33 25
34 10
35 27
36 0
37 32
38 37
39 16
40 38
41 21
42 36
43 11
44 28
45 13
SIMILAR

43 19 41 21 31 8 25 37 29 34 32 7 18 24 22 14 33 27 40 16 36 1 4 26 23 11 6 39 2 3 42 9 10 44 35 20 15 38 45 12 28 13 0 30 17 5 
0 42
1 21
2 28
3 29
4 22
5 45
6 26
7 11
8 5
9 31
10 32
11 25
12 39
13 41
14 15
15 36
16 19
17 44
18 12
19 1
20 35
21 3
22 14
23 24
24 13
25 6
26 23
27 17
28 40
29 8
30 43
31 4
32 10
33 16
34 9
35 34
36 20
37 7
38 37
39 27
40 18
41 2
42 30
43 0
44 33
45 38
SIMILAR

3 8 19 36 14 41 43 45 42 34 32 35 37 25 10 24 12 31 11 9 22 33 29 15 20 5 17 39 4 27 23 0 21 28 30 13 16 40 26 6 38 44 7 2 1 18 
0 31
1 44
2 43
3 0
4 28
5 25
6 39
7 42
8 1
9 19
10 14
11 18
12 16
13 35
14 4
15 23
16 36
17 26
18 45
19 2
20 24
21 32
22 20
23 30
24 15
25 13
26 38
27 29
28 33
29 22
30 34
31 17
32 10
33 21
34 9
35 11
36 3
37 12
38 40
39 27
40 37
41 5
42 8
43 6
44 41
45 7
SIMILAR

17 43 10 19 26 35 0 1 15 30 42 13 27 2 12 11 6 28 29 5 38 18 23 22 8 20 39 32 31 40 16 4 25 37 44 41 21 34 3 14 9 7 24 36 45 33 
0 6
1 7
2 13
3 38
4 31
5 19
6 16
7 41
8 24
9 40
10 2
11 15
12 14
13 11
14 39
15 8
16 30
17 0
18 21
19 3
20 25
21 36
22 23
23 22
24 42
25 32
26 4
27 12
28 17
29 18
30 9
31 28
32 27
33 45
34 37
35 5
36 43
37 33
38 20
39 26
40 29
41 35
42 10
43 1
44 34
45 44
SIMILAR
100 0
4800 0
424800 0
