46
0 1 1 0 0 1 1 1 0 1 1 1 0 0 1 1 1 0 1 1 0 0 1 1 0 1 1 1 1 1 0 0 0 1 1 0 1 0 0 0 0 1 1 0 1 0 
1 0 1 0 0 0 0 1 1 0 0 1 0 0 1 0 1 1 0 0 1 1 0 1 0 0 1 1 1 0 0 0 1 1 0 0 0 0 1 0 1 1 0 0 0 1 
1 1 0 0 0 0 1 1 1 0 0 0 0 0 0 0 1 1 1 1 1 1 1 1 0 1 0 0 1 1 0 0 0 0 0 1 1 1 1 1 0 0 1 0 1 1 
0 0 0 0 0 0 0 1 1 1 1 0 0 0 1 0 1 0 1 0 1 1 1 1 1 1 1 1 0 0 1 1 0 0 1 1 0 1 1 0 1 0 0 0 0 0 
0 0 0 0 0 0 1 0 0 0 1 0 0 0 1 1 0 0 1 0 1 1 1 0 1 1 1 0 0 0 0 0 0 0 0 0 1 0 1 1 0 1 1 0 1 1 
1 0 0 0 0 0 1 0 0 0 0 0 0 0 1 0 0 1 1 0 0 1 0 1 0 0 0 0 1 0 0 1 1 1 1 1 0 0 1 1 0 1 1 1 0 0 
1 0 1 0 1 1 0 1 1 1 0 0 1 1 1 0 1 1 1 1 0 0 1 0 0 0 1 0 1 0 0 0 1 1 0 1 1 0 1 0 0 1 1 1 1 1 
1 1 1 1 0 0 1 0 0 0 0 1 1 1 0 0 0 1 0 1 1 1 0 0 1 0 0 0 0 0 0 0 1 0 0 1 0 1 0 0 0 1 1 0 1 1 
0 1 1 1 0 0 1 0 0 0 0 0 1 0 0 1 0 0 1 1 0 1 1 1 1 1 0 1 1 1 1 0 0 0 1 1 1 1 1 1 0 1 1 1 0 1 
1 0 0 1 0 0 1 0 0 0 0 1 0 1 0 0 1 0 0 0 0 0 0 0 1 0 1 0 0 1 1 1 1 0 1 0 1 1 0 1 0 1 0 1 1 1 
1 0 0 1 1 0 0 0 0 0 0 0 1 1 1 0 1 0 0 1 0 0 0 0 1 0 0 0 1 1 1 0 1 1 1 1 1 1 0 0 0 0 1 1 0 0 
1 1 0 0 0 0 0 1 0 1 0 0 0 0 1 0 0 0 1 1 0 1 1 1 1 0 0 1 1 1 1 1 0 1 1 1 0 1 1 1 1 1 1 0 1 1 
0 0 0 0 0 0 1 1 1 0 1 0 0 1 0 1 1 1 0 1 0 1 0 0 1 0 1 1 1 0 0 1 0 0 0 0 0 0 1 1 1 1 1 1 1 0 
0 0 0 0 0 0 1 1 0 1 1 0 1 0 1 0 0 0 0 1 1 0 0 1 0 1 1 0 0 1 1 0 0 0 1 1 1 0 0 1 0 0 1 0 0 1 
1 1 0 1 1 1 1 0 0 0 1 1 0 1 0 1 1 1 1 1 1 1 0 1 0 0 1 1 1 1 1 1 0 0 1 0 1 0 1 1 1 0 1 0 1 1 
1 0 0 0 1 0 0 0 1 0 0 0 1 0 1 0 0 0 1 1 0 1 0 1 0 1 0 1 0 0 1 0 0 0 1 1 1 0 0 0 0 0 0 1 0 1 
1 1 1 1 0 0 1 0 0 1 1 0 1 0 1 0 0 1 1 1 1 0 1 0 1 1 0 1 1 1 1 1 0 0 1 1 1 0 1 0 1 1 0 0 0 0 
0 1 1 0 0 1 1 1 0 0 0 0 1 0 1 0 1 0 0 1 1 1 0 1 1 0 1 1 1 1 0 1 0 1 1 0 0 1 0 1 0 0 0 1 0 0 
1 0 1 1 1 1 1 0 1 0 0 1 0 0 1 1 1 0 0 0 0 0 1 1 0 0 0 0 1 1 1 1 1 0 1 1 1 1 0 0 1 0 1 1 1 0 
1 0 1 0 0 0 1 1 1 0 1 1 1 1 1 1 1 1 0 0 1 1 1 1 0 1 1 1 1 0 1 1 0 0 0 0 1 0 1 1 1 0 0 0 0 0 
0 1 1 1 1 0 0 1 0 0 0 0 0 1 1 0 1 1 0 1 0 1 0 1 0 1 1 0 0 0 1 0 0 1 0 0 0 1 1 0 1 1 1 1 1 1 
0 1 1 1 1 1 0 1 1 0 0 1 1 0 1 1 0 1 0 1 1 0 0 0 0 0 0 1 1 0 1 0 0 1 0 0 0 0 1 0 1 0 0 1 0 0 
1 0 1 1 1 0 1 0 1 0 0 1 0 0 0 0 1 0 1 1 0 0 0 0 1 1 0 1 1 0 1 0 1 1 0 0 0 1 0 1 0 0 0 1 1 1 
1 1 1 1 0 1 0 0 1 0 0 1 0 1 1 1 0 1 1 1 1 0 0 0 1 1 1 0 1 0 0 0 1 1 0 1 0 1 1 1 1 0 1 0 1 1 
0 0 0 1 1 0 0 1 1 1 1 1 1 0 0 0 1 1 0 0 0 0 1 1 0 1 1 0 1 0 1 0 1 1 1 1 1 0 0 1 0 0 0 0 0 0 
1 0 1 1 1 0 0 0 1 0 0 0 0 1 0 1 1 0 0 1 1 0 1 1 1 0 0 0 0 1 1 0 0 1 0 1 1 0 0 1 0 1 1 1 0 0 
1 1 0 1 1 0 1 0 0 1 0 0 1 1 1 0 0 1 0 1 1 0 0 1 1 0 0 1 1 1 0 0 1 0 0 1 1 1 1 0 0 1 1 0 0 0 
1 1 0 1 0 0 0 0 1 0 0 1 1 0 1 1 1 1 0 1 0 1 1 0 0 0 1 0 1 0 1 1 1 0 0 0 0 0 1 1 0 1 1 1 0 0 
1 1 1 0 0 1 1 0 1 0 1 1 1 0 1 0 1 1 1 1 0 1 1 1 1 0 1 1 0 0 1 1 1 1 0 0 1 0 1 0 0 1 0 0 1 0 
1 0 1 0 0 0 0 0 1 1 1 1 0 1 1 0 1 1 1 0 0 0 0 0 0 1 1 0 0 0 1 0 1 1 0 0 0 1 1 0 0 0 1 1 1 0 
0 0 0 1 0 0 0 0 1 1 1 1 0 1 1 1 1 0 1 1 1 1 1 0 1 1 0 1 1 1 0 1 1 0 0 1 0 0 1 0 0 0 0 0 1 0 
0 0 0 1 0 1 0 0 0 1 0 1 1 0 1 0 1 1 1 1 0 0 0 0 0 0 0 1 1 0 1 0 0 0 0 0 1 1 1 0 0 1 0 1 0 1 
0 1 0 0 0 1 1 1 0 1 1 0 0 0 0 0 0 0 1 0 0 0 1 1 1 0 1 1 1 1 1 0 0 1 1 0 0 1 1 0 0 0 0 1 1 1 
1 1 0 0 0 1 1 0 0 0 1 1 0 0 0 0 0 1 0 0 1 1 1 1 1 1 0 0 1 1 0 0 1 0 1 1 1 1 0 0 1 1 0 1 1 0 
1 0 0 1 0 1 0 0 1 1 1 1 0 1 1 1 1 1 1 0 0 0 0 0 1 0 0 0 0 0 0 0 1 1 0 1 1 0 0 0 1 0 1 0 1 1 
0 0 1 1 0 1 1 1 1 0 1 1 0 1 0 1 1 0 1 0 0 0 0 1 1 1 1 0 0 0 1 0 0 1 1 0 1 1 1 1 1 1 0 0 1 1 
1 0 1 0 1 0 1 0 1 1 1 0 0 1 1 1 1 0 1 1 0 0 0 0 1 1 1 0 1 0 0 1 0 1 1 1 0 0 0 1 0 1 1 1 1 1 
0 0 1 1 0 0 0 1 1 1 1 1 0 0 0 0 0 1 1 0 1 0 1 1 0 0 1 0 0 1 0 1 1 1 0 1 0 0 0 0 0 0 1 0 1 0 
0 1 1 1 1 1 1 0 1 0 0 1 1 0 1 0 1 0 0 1 1 1 0 1 0 0 1 1 1 1 1 1 1 0 0 1 0 0 0 1 0 0 1 0 0 0 
0 0 1 0 1 1 0 0 1 1 0 1 1 1 1 0 0 1 0 1 0 0 1 1 1 1 0 1 0 0 0 0 0 0 0 1 1 0 1 0 0 0 1 0 0 0 
0 1 0 1 0 0 0 0 0 0 0 1 1 0 1 0 1 0 1 1 1 1 0 1 0 0 0 0 0 0 0 0 0 1 1 1 0 0 0 0 0 0 0 1 1 1 
1 1 0 0 1 1 1 1 1 1 0 1 1 0 0 0 1 0 0 0 1 0 0 0 0 1 1 1 1 0 0 1 0 1 0 1 1 0 0 0 0 0 0 0 1 0 
1 0 1 0 1 1 1 1 1 0 1 1 1 1 1 0 0 0 1 0 1 0 0 1 0 1 1 1 0 1 0 0 0 0 1 0 1 1 1 1 0 0 0 1 0 0 
0 0 0 0 0 1 1 0 1 1 1 0 1 0 0 1 0 1 1 0 1 1 1 0 0 1 0 1 0 1 0 1 1 1 0 0 1 0 0 0 1 0 1 0 0 1 
1 0 1 0 1 0 1 1 0 1 0 1 1 0 1 0 0 0 1 0 1 0 1 1 0 0 0 0 1 1 1 0 1 1 1 1 1 1 0 0 1 1 0 0 0 0 
0 1 1 0 1 0 1 1 1 1 0 1 0 1 1 1 0 0 0 0 1 0 1 1 0 0 0 0 0 0 0 1 1 0 1 1 1 0 0 0 1 0 0 1 0 0 

43 5 26 34 22 13 19 35 40 16 28 42 6 7 41 31 8 44 24 20 38 33 2 23 0 1 36 12 9 32 27 37 29 14 18 4 10 11 3 39 25 45 17 21 30 15 
0 24
1 25
2 22
3 38
4 35
5 1
6 12
7 13
8 16
9 28
10 36
11 37
12 27
13 5
14 33
15 45
16 9
17 42
18 34
19 6
20 19
21 43
22 4
23 23
24 18
25 40
26 2
27 30
28 10
29 32
30 44
31 15
32 29
33 21
34 3
35 7
36 26
37 31
38 20
39 39
40 8
41 14
42 11
43 0
44 17
45 41
SIMILAR

1 26 16 4 37 30 22 9 19 34 12 23 40 31 8 24 13 25 11 0 44 35 42 21 10 15 6 5 3 27 33 32 43 28 18 7 41 14 2 38 20 45 17 36 29 39 
0 19
1 0
2 38
3 28
4 3
5 27
6 26
7 35
8 14
9 7
10 24
11 18
12 10
13 16
14 37
15 25
16 2
17 42
18 34
19 8
20 40
21 23
22 6
23 11
24 15
25 17
26 1
27 29
28 33
29 44
30 5
31 13
32 31
33 30
34 9
35 21
36 43
37 4
38 39
39 45
40 12
41 36
42 22
43 32
44 20
45 41
SIMILAR

30 43 16 41 34 14 23 17 11 2 5 44 18 38 28 36 7 3 22 32 29 15 27 10 1 6 24 33 0 45 26 39 42 13 31 37 25 12 8 21 19 40 9 20 35 4 
0 28
1 24
2 9
3 17
4 45
5 10
6 25
7 16
8 38
9 42
10 23
11 8
12 37
13 33
14 5
15 21
16 2
17 7
18 12
19 40
20 43
21 39
22 18
23 6
24 26
25 36
26 30
27 22
28 14
29 20
30 0
31 34
32 19
33 27
34 4
35 44
36 15
37 35
38 13
39 31
40 41
41 3
42 32
43 1
44 11
45 29
SIMILAR

5 45 32 40 44 39 15 6 0 33 12 27 29 13 25 2 37 42 24 31 7 14 41 17 28 30 38 22 11 10 3 21 1 16 8 20 36 35 9 19 18 26 23 4 43 34 
0 8
1 32
2 15
3 30
4 43
5 0
6 7
7 20
8 34
9 38
10 29
11 28
12 10
13 13
14 21
15 6
16 33
17 23
18 40
19 39
20 35
21 31
22 27
23 42
24 18
25 14
26 41
27 11
28 24
29 12
30 25
31 19
32 2
33 9
34 45
35 37
36 36
37 16
38 26
39 5
40 3
41 22
42 17
43 44
44 4
45 1
SIMILAR

0 40 19 13 4 21 45 10 2 38 43 25 34 3 9 16 37 18 22 36 29 23 20 24 30 39 28 5 35 12 1 31 14 7 15 26 42 41 27 44 17 33 11 8 32 6 
0 0
1 30
2 8
3 13
4 4
5 27
6 45
7 33
8 43
9 14
10 7
11 42
12 29
13 3
14 32
15 34
16 15
17 40
18 17
19 2
20 22
21 5
22 18
23 21
24 23
25 11
26 35
27 38
28 26
29 20
30 24
31 31
32 44
33 41
34 12
35 28
36 19
37 16
38 9
39 25
40 1
41 37
42 36
43 10
44 39
45 6
SIMILAR

25 41 8 15 20 24 27 36 16 42 18 44 12 19 14 40 45 35 38 4 11 34 21 23 39 32 2 26 22 29 6 13 9 33 0 1 10 43 5 30 7 31 3 28 17 37 
0 34
1 35
2 26
3 42
4 19
5 38
6 30
7 40
8 2
9 32
10 36
11 20
12 12
13 31
14 14
15 3
16 8
17 44
18 10
19 13
20 4
21 22
22 28
23 23
24 5
25 0
26 27
27 6
28 43
29 29
30 39
31 41
32 25
33 33
34 21
35 17
36 7
37 45
38 18
39 24
40 15
41 1
42 9
43 37
44 11
45 16
SIMILAR

12 31 35 11 16 40 32 20 7 39 22 15 26 2 43 21 19 9 24 13 29 38 36 33 0 17 45 34 42 18 5 6 28 27 41 1 10 25 37 23 8 30 14 44 3 4 
0 24
1 35
2 13
3 44
4 45
5 30
6 31
7 8
8 40
9 17
10 36
11 3
12 0
13 19
14 42
15 11
16 4
17 25
18 29
19 16
20 7
21 15
22 10
23 39
24 18
25 37
26 12
27 33
28 32
29 20
30 41
31 1
32 6
33 23
34 27
35 2
36 22
37 38
38 21
39 9
40 5
41 34
42 28
43 14
44 43
45 26
SIMILAR

21 37 19 18 1 39 16 24 32 43 25 11 41 40 44 4 38 33 0 14 8 9 35 26 17 2 27 15 34 7 12 13 6 3 22 42 20 29 36 28 5 45 23 10 30 31 
0 18
1 4
2 25
3 33
4 15
5 40
6 32
7 29
8 20
9 21
10 43
11 11
12 30
13 31
14 19
15 27
16 6
17 24
18 3
19 2
20 36
21 0
22 34
23 42
24 7
25 10
26 23
27 26
28 39
29 37
30 44
31 45
32 8
33 17
34 28
35 22
36 38
37 1
38 16
39 5
40 13
41 12
42 35
43 9
44 14
45 41
SIMILAR

7 20 34 22 21 25 40 33 39 5 4 2 43 32 15 0 18 29 27 37 8 31 14 13 38 16 45 17 36 6 23 10 19 30 3 11 1 24 35 28 42 26 44 12 9 41 
0 15
1 36
2 11
3 34
4 10
5 9
6 29
7 0
8 20
9 44
10 31
11 35
12 43
13 23
14 22
15 14
16 25
17 27
18 16
19 32
20 1
21 4
22 3
23 30
24 37
25 5
26 41
27 18
28 39
29 17
30 33
31 21
32 13
33 7
34 2
35 38
36 28
37 19
38 24
39 8
40 6
41 45
42 40
43 12
44 42
45 26
SIMILAR

5 26 30 43 31 29 14 24 4 2 10 6 15 7 39 3 34 13 38 19 37 25 20 12 42 8 0 32 23 40 16 45 11 36 35 44 1 22 41 9 33 28 18 27 21 17 
0 26
1 36
2 9
3 15
4 8
5 0
6 11
7 13
8 25
9 39
10 10
11 32
12 23
13 17
14 6
15 12
16 30
17 45
18 42
19 19
20 22
21 44
22 37
23 28
24 7
25 21
26 1
27 43
28 41
29 5
30 2
31 4
32 27
33 40
34 16
35 34
36 33
37 20
38 18
39 14
40 29
41 38
42 24
43 3
44 35
45 31
SIMILAR

42 7 22 16 20 14 21 26 9 41 24 17 38 8 40 10 29 28 37 43 34 0 1 35 45 33 4 15 2 27 44 31 11 5 19 32 23 39 3 25 36 30 6 18 12 13 
0 21
1 22
2 28
3 38
4 26
5 33
6 42
7 1
8 13
9 8
10 15
11 32
12 44
13 45
14 5
15 27
16 3
17 11
18 43
19 34
20 4
21 6
22 2
23 36
24 10
25 39
26 7
27 29
28 17
29 16
30 41
31 31
32 35
33 25
34 20
35 23
36 40
37 18
38 12
39 37
40 14
41 9
42 0
43 19
44 30
45 24
SIMILAR

29 9 11 30 26 2 23 8 39 34 45 3 37 14 7 40 6 32 33 44 27 12 17 15 24 36 19 22 41 18 5 38 31 35 1 20 10 42 16 13 28 25 43 21 4 0 
0 45
1 34
2 5
3 11
4 44
5 30
6 16
7 14
8 7
9 1
10 36
11 2
12 21
13 39
14 13
15 23
16 38
17 22
18 29
19 26
20 35
21 43
22 27
23 6
24 24
25 41
26 4
27 20
28 40
29 0
30 3
31 32
32 17
33 18
34 9
35 33
36 25
37 12
38 31
39 8
40 15
41 28
42 37
43 42
44 19
45 10
SIMILAR

22 38 14 31 17 9 39 37 15 4 33 30 45 36 27 34 42 23 28 40 3 7 35 41 19 10 26 6 24 5 12 43 20 2 11 18 21 32 0 44 16 29 13 25 1 8 
0 38
1 44
2 33
3 20
4 9
5 29
6 27
7 21
8 45
9 5
10 25
11 34
12 30
13 42
14 2
15 8
16 40
17 4
18 35
19 24
20 32
21 36
22 0
23 17
24 28
25 43
26 26
27 14
28 18
29 41
30 11
31 3
32 37
33 10
34 15
35 22
36 13
37 7
38 1
39 6
40 19
41 23
42 16
43 31
44 39
45 12
SIMILAR

9 16 34 13 5 32 14 11 31 8 10 26 20 22 27 2 28 35 40 44 7 43 38 15 36 3 37 42 30 25 39 4 19 1 6 33 12 0 24 41 18 23 17 29 21 45 
0 37
1 33
2 15
3 25
4 31
5 4
6 34
7 20
8 9
9 0
10 10
11 7
12 36
13 3
14 6
15 23
16 1
17 42
18 40
19 32
20 12
21 44
22 13
23 41
24 38
25 29
26 11
27 14
28 16
29 43
30 28
31 8
32 5
33 35
34 2
35 17
36 24
37 26
38 22
39 30
40 18
41 39
42 27
43 21
44 19
45 45
SIMILAR

16 25 13 26 45 4 40 33 35 10 9 3 32 12 22 7 39 34 18 14 23 1 11 29 8 31 27 21 44 24 6 38 2 0 19 5 30 15 37 43 36 28 17 42 41 20 
0 33
1 21
2 32
3 11
4 5
5 35
6 30
7 15
8 24
9 10
10 9
11 22
12 13
13 2
14 19
15 37
16 0
17 42
18 18
19 34
20 45
21 27
22 14
23 20
24 29
25 1
26 3
27 26
28 41
29 23
30 36
31 25
32 12
33 7
34 17
35 8
36 40
37 38
38 31
39 16
40 6
41 44
42 43
43 39
44 28
45 4
SIMILAR

43 26 18 25 42 23 38 34 31 41 29 6 13 20 16 24 10 35 27 0 15 40 36 9 21 7 8 12 33 5 11 45 19 17 1 2 39 32 14 3 44 22 37 30 4 28 
0 19
1 34
2 35
3 39
4 44
5 29
6 11
7 25
8 26
9 23
10 16
11 30
12 27
13 12
14 38
15 20
16 14
17 33
18 2
19 32
20 13
21 24
22 41
23 5
24 15
25 3
26 1
27 18
28 45
29 10
30 43
31 8
32 37
33 28
34 7
35 17
36 22
37 42
38 6
39 36
40 21
41 9
42 4
43 0
44 40
45 31
SIMILAR

1 33 44 0 6 32 21 8 2 27 24 12 13 38 28 10 14 42 41 11 20 4 16 23 22 34 9 39 35 36 26 15 31 19 43 40 30 18 37 29 3 7 25 45 5 17 
0 3
1 0
2 8
3 40
4 21
5 44
6 4
7 41
8 7
9 26
10 15
11 19
12 11
13 12
14 16
15 31
16 22
17 45
18 37
19 33
20 20
21 6
22 24
23 23
24 10
25 42
26 30
27 9
28 14
29 39
30 36
31 32
32 5
33 1
34 25
35 28
36 29
37 38
38 13
39 27
40 35
41 18
42 17
43 34
44 2
45 43
SIMILAR

17 14 4 26 42 37 25 33 40 39 16 9 10 43 34 31 32 18 30 0 44 35 21 28 45 24 6 11 3 38 27 23 15 2 36 41 19 29 1 13 22 7 8 12 20 5 
0 19
1 38
2 33
3 28
4 2
5 45
6 26
7 41
8 42
9 11
10 12
11 27
12 43
13 39
14 1
15 32
16 10
17 0
18 17
19 36
20 44
21 22
22 40
23 31
24 25
25 6
26 3
27 30
28 23
29 37
30 18
31 15
32 16
33 7
34 14
35 21
36 34
37 5
38 29
39 9
40 8
41 35
42 4
43 13
44 20
45 24
SIMILAR

8 30 33 22 13 32 7 36 0 10 29 12 5 38 16 45 44 14 28 24 2 4 23 31 6 37 21 27 40 17 39 42 3 20 26 18 19 1 43 35 25 41 15 34 9 11 
0 8
1 37
2 20
3 32
4 21
5 12
6 24
7 6
8 0
9 44
10 9
11 45
12 11
13 4
14 17
15 42
16 14
17 29
18 35
19 36
20 33
21 26
22 3
23 22
24 19
25 40
26 34
27 27
28 18
29 10
30 1
31 23
32 5
33 2
34 43
35 39
36 7
37 25
38 13
39 30
40 28
41 41
42 31
43 38
44 16
45 15
SIMILAR

26 13 20 32 24 21 6 23 15 17 18 43 35 31 16 38 10 33 28 34 2 39 42 9 3 40 1 45 12 37 0 29 11 30 44 27 25 4 7 41 36 22 5 8 14 19 
0 30
1 26
2 20
3 24
4 37
5 42
6 6
7 38
8 43
9 23
10 16
11 32
12 28
13 1
14 44
15 8
16 14
17 9
18 10
19 45
20 2
21 5
22 41
23 7
24 4
25 36
26 0
27 35
28 18
29 31
30 33
31 13
32 3
33 17
34 19
35 12
36 40
37 29
38 15
39 21
40 25
41 39
42 22
43 11
44 34
45 27
SIMILAR

24 11 26 13 35 39 15 44 4 2 36 5 17 21 18 27 40 45 34 28 7 22 9 20 1 12 31 37 41 33 43 6 3 25 14 8 29 42 30 19 10 23 0 38 32 16 
0 42
1 24
2 9
3 32
4 8
5 11
6 31
7 20
8 35
9 22
10 40
11 1
12 25
13 3
14 34
15 6
16 45
17 12
18 14
19 39
20 23
21 13
22 21
23 41
24 0
25 33
26 2
27 15
28 19
29 36
30 38
31 26
32 44
33 29
34 18
35 4
36 10
37 27
38 43
39 5
40 16
41 28
42 37
43 30
44 7
45 17
SIMILAR

45 14 28 9 44 19 33 11 15 10 16 31 25 20 13 39 38 5 7 22 12 8 43 41 27 3 34 23 4 6 0 2 21 17 40 18 24 36 35 30 1 29 37 32 26 42 
0 30
1 40
2 31
3 25
4 28
5 17
6 29
7 18
8 21
9 3
10 9
11 7
12 20
13 14
14 1
15 8
16 10
17 33
18 35
19 5
20 13
21 32
22 19
23 27
24 36
25 12
26 44
27 24
28 2
29 41
30 39
31 11
32 43
33 6
34 26
35 38
36 37
37 42
38 16
39 15
40 34
41 23
42 45
43 22
44 4
45 0
SIMILAR

16 41 6 1 13 36 25 5 23 24 17 34 40 43 2 37 20 45 0 18 11 32 42 27 12 21 35 3 4 15 10 33 8 44 9 29 14 7 30 19 28 22 39 38 26 31 
0 18
1 3
2 14
3 27
4 28
5 7
6 2
7 37
8 32
9 34
10 30
11 20
12 24
13 4
14 36
15 29
16 0
17 10
18 19
19 39
20 16
21 25
22 41
23 8
24 9
25 6
26 44
27 23
28 40
29 35
30 38
31 45
32 21
33 31
34 11
35 26
36 5
37 15
38 43
39 42
40 12
41 1
42 22
43 13
44 33
45 17
SIMILAR

4 40 9 41 22 7 17 25 11 33 12 32 27 18 19 36 5 28 1 16 45 44 14 31 26 29 38 35 37 24 10 34 13 2 39 6 8 20 15 30 23 0 3 42 43 21 
0 41
1 18
2 33
3 42
4 0
5 16
6 35
7 5
8 36
9 2
10 30
11 8
12 10
13 32
14 22
15 38
16 19
17 6
18 13
19 14
20 37
21 45
22 4
23 40
24 29
25 7
26 24
27 12
28 17
29 25
30 39
31 23
32 11
33 9
34 31
35 27
36 15
37 28
38 26
39 34
40 1
41 3
42 43
43 44
44 21
45 20
SIMILAR

7 11 42 31 13 15 6 37 44 34 23 0 22 25 2 4 10 20 1 32 40 30 28 26 3 14 39 27 43 17 24 5 18 19 8 45 29 33 38 41 16 21 36 35 9 12 
0 11
1 18
2 14
3 24
4 15
5 31
6 6
7 0
8 34
9 44
10 16
11 1
12 45
13 4
14 25
15 5
16 40
17 29
18 32
19 33
20 17
21 41
22 12
23 10
24 30
25 13
26 23
27 27
28 22
29 36
30 21
31 3
32 19
33 37
34 9
35 43
36 42
37 7
38 38
39 26
40 20
41 39
42 2
43 28
44 8
45 35
SIMILAR

4 15 25 16 28 38 13 40 0 30 8 17 37 22 34 39 9 26 20 32 41 27 36 2 3 29 33 24 5 31 19 12 42 44 35 14 1 23 43 45 10 11 21 18 7 6 
0 8
1 36
2 23
3 24
4 0
5 28
6 45
7 44
8 10
9 16
10 40
11 41
12 31
13 6
14 35
15 1
16 3
17 11
18 43
19 30
20 18
21 42
22 13
23 37
24 27
25 2
26 17
27 21
28 4
29 25
30 9
31 29
32 19
33 26
34 14
35 34
36 22
37 12
38 5
39 15
40 7
41 20
42 32
43 38
44 33
45 39
SIMILAR

41 10 18 34 30 1 24 7 16 4 20 15 0 31 37 17 28 27 40 38 2 29 25 12 45 33 9 44 36 23 43 11 21 32 22 13 35 8 39 42 19 5 3 14 6 26 
0 12
1 5
2 20
3 42
4 9
5 41
6 44
7 7
8 37
9 26
10 1
11 31
12 23
13 35
14 43
15 11
16 8
17 15
18 2
19 40
20 10
21 32
22 34
23 29
24 6
25 22
26 45
27 17
28 16
29 21
30 4
31 13
32 33
33 25
34 3
35 36
36 28
37 14
38 19
39 38
40 18
41 0
42 39
43 30
44 27
45 24
SIMILAR

28 41 1 40 32 8 15 36 2 30 45 11 35 24 17 26 20 5 3 19 18 13 37 22 44 23 12 4 43 42 38 27 21 14 10 25 39 0 31 29 7 9 33 16 6 34 
0 37
1 2
2 8
3 18
4 27
5 17
6 44
7 40
8 5
9 41
10 34
11 11
12 26
13 21
14 33
15 6
16 43
17 14
18 20
19 19
20 16
21 32
22 23
23 25
24 13
25 35
26 15
27 31
28 0
29 39
30 9
31 38
32 4
33 42
34 45
35 12
36 7
37 22
38 30
39 36
40 3
41 1
42 29
43 28
44 24
45 10
SIMILAR

7 21 44 22 16 38 36 31 20 25 34 5 1 40 33 27 13 0 14 17 43 28 15 11 45 3 24 26 9 18 32 10 6 41 39 37 2 12 23 35 19 8 4 29 30 42 
0 17
1 12
2 36
3 25
4 42
5 11
6 32
7 0
8 41
9 28
10 31
11 23
12 37
13 16
14 18
15 22
16 4
17 19
18 29
19 40
20 8
21 1
22 3
23 38
24 26
25 9
26 27
27 15
28 21
29 43
30 44
31 7
32 30
33 14
34 10
35 39
36 6
37 35
38 5
39 34
40 13
41 33
42 45
43 20
44 2
45 24
SIMILAR

0 30 16 27 9 28 18 23 15 4 43 10 22 2 41 7 37 44 19 45 25 39 21 11 24 36 40 6 38 13 8 5 33 1 35 14 32 42 34 12 20 26 29 3 17 31 
0 0
1 33
2 13
3 43
4 9
5 31
6 27
7 15
8 30
9 4
10 11
11 23
12 39
13 29
14 35
15 8
16 2
17 44
18 6
19 18
20 40
21 22
22 12
23 7
24 24
25 20
26 41
27 3
28 5
29 42
30 1
31 45
32 36
33 32
34 38
35 34
36 25
37 16
38 28
39 21
40 26
41 14
42 37
43 10
44 17
45 19
SIMILAR

0 43 27 14 7 32 29 36 1 15 17 33 12 37 21 44 26 45 6 28 39 4 16 24 42 34 9 31 19 13 20 3 10 11 2 25 41 18 38 5 22 8 23 35 40 30 
0 0
1 8
2 34
3 31
4 21
5 39
6 18
7 4
8 41
9 26
10 32
11 33
12 12
13 29
14 3
15 9
16 22
17 10
18 37
19 28
20 30
21 14
22 40
23 42
24 23
25 35
26 16
27 2
28 19
29 6
30 45
31 27
32 5
33 11
34 25
35 43
36 7
37 13
38 38
39 20
40 44
41 36
42 24
43 1
44 15
45 17
SIMILAR

1 29 12 23 15 39 43 3 31 45 11 38 36 27 0 41 6 32 16 7 26 13 10 19 40 8 2 18 25 24 17 34 35 44 28 37 5 42 33 14 30 9 4 22 21 20 
0 14
1 0
2 26
3 7
4 42
5 36
6 16
7 19
8 25
9 41
10 22
11 10
12 2
13 21
14 39
15 4
16 18
17 30
18 27
19 23
20 45
21 44
22 43
23 3
24 29
25 28
26 20
27 13
28 34
29 1
30 40
31 8
32 17
33 38
34 31
35 32
36 12
37 35
38 11
39 5
40 24
41 15
42 37
43 6
44 33
45 9
SIMILAR

6 5 28 20 34 37 30 39 36 10 7 9 12 43 22 8 3 23 33 38 2 19 25 1 14 42 11 4 31 45 16 29 18 35 15 13 17 44 26 27 24 41 0 21 32 40 
0 42
1 23
2 20
3 16
4 27
5 1
6 0
7 10
8 15
9 11
10 9
11 26
12 12
13 35
14 24
15 34
16 30
17 36
18 32
19 21
20 3
21 43
22 14
23 17
24 40
25 22
26 38
27 39
28 2
29 31
30 6
31 28
32 44
33 18
34 4
35 33
36 8
37 5
38 19
39 7
40 45
41 41
42 25
43 13
44 37
45 29
SIMILAR

7 8 19 23 15 28 25 32 38 3 10 11 34 39 27 17 45 40 13 4 22 36 42 35 44 29 6 30 5 16 1 20 2 37 18 14 12 24 0 31 26 9 33 21 41 43 
0 38
1 30
2 32
3 9
4 19
5 28
6 26
7 0
8 1
9 41
10 10
11 11
12 36
13 18
14 35
15 4
16 29
17 15
18 34
19 2
20 31
21 43
22 20
23 3
24 37
25 6
26 40
27 14
28 5
29 25
30 27
31 39
32 7
33 42
34 12
35 23
36 21
37 33
38 8
39 13
40 17
41 44
42 22
43 45
44 24
45 16
SIMILAR

18 43 26 12 10 9 41 15 3 13 24 34 27 0 33 21 35 25 40 42 8 19 36 14 44 20 23 4 30 22 1 38 37 29 17 45 2 32 28 16 5 39 6 7 11 31 
0 13
1 30
2 36
3 8
4 27
5 40
6 42
7 43
8 20
9 5
10 4
11 44
12 3
13 9
14 23
15 7
16 39
17 34
18 0
19 21
20 25
21 15
22 29
23 26
24 10
25 17
26 2
27 12
28 38
29 33
30 28
31 45
32 37
33 14
34 11
35 16
36 22
37 32
38 31
39 41
40 18
41 6
42 19
43 1
44 24
45 35
SIMILAR

26 17 45 21 6 29 43 35 36 27 41 18 37 19 5 3 38 4 11 24 13 8 28 32 25 14 12 33 39 1 30 31 20 34 10 2 23 44 42 22 7 0 16 40 9 15 
0 41
1 29
2 35
3 15
4 17
5 14
6 4
7 40
8 21
9 44
10 34
11 18
12 26
13 20
14 25
15 45
16 42
17 1
18 11
19 13
20 32
21 3
22 39
23 36
24 19
25 24
26 0
27 9
28 22
29 5
30 30
31 31
32 23
33 27
34 33
35 7
36 8
37 12
38 16
39 28
40 43
41 10
42 38
43 6
44 37
45 2
SIMILAR

42 41 38 22 43 16 2 13 21 8 45 34 24 40 29 7 27 3 15 44 0 23 1 31 14 9 6 25 12 11 39 5 33 17 32 19 36 10 35 26 37 18 28 4 30 20 
0 20
1 22
2 6
3 17
4 43
5 31
6 26
7 15
8 9
9 25
10 37
11 29
12 28
13 7
14 24
15 18
16 5
17 33
18 41
19 35
20 45
21 8
22 3
23 21
24 12
25 27
26 39
27 16
28 42
29 14
30 44
31 23
32 34
33 32
34 11
35 38
36 36
37 40
38 2
39 30
40 13
41 1
42 0
43 4
44 19
45 10
SIMILAR

28 37 45 5 2 0 29 3 40 42 27 9 16 4 12 30 39 13 26 15 23 7 6 36 38 14 21 8 35 1 41 17 19 34 10 24 33 20 22 44 11 25 32 43 18 31 
0 5
1 29
2 4
3 7
4 13
5 3
6 22
7 21
8 27
9 11
10 34
11 40
12 14
13 17
14 25
15 19
16 12
17 31
18 44
19 32
20 37
21 26
22 38
23 20
24 35
25 41
26 18
27 10
28 0
29 6
30 15
31 45
32 42
33 36
34 33
35 28
36 23
37 1
38 24
39 16
40 8
41 30
42 9
43 43
44 39
45 2
SIMILAR

44 41 39 42 3 40 2 16 15 23 34 27 9 0 22 28 32 43 25 36 31 37 30 29 4 10 13 11 20 24 5 14 26 18 6 19 35 33 38 17 45 8 21 12 1 7 
0 13
1 44
2 6
3 4
4 24
5 30
6 34
7 45
8 41
9 12
10 25
11 27
12 43
13 26
14 31
15 8
16 7
17 39
18 33
19 35
20 28
21 42
22 14
23 9
24 29
25 18
26 32
27 11
28 15
29 23
30 22
31 20
32 16
33 37
34 10
35 36
36 19
37 21
38 38
39 2
40 5
41 1
42 3
43 17
44 0
45 40
SIMILAR

37 18 26 31 8 13 6 43 29 42 0 16 15 40 20 4 19 36 10 27 9 17 7 28 35 33 39 44 34 38 3 21 30 41 12 24 45 11 2 23 25 14 5 32 1 22 
0 10
1 44
2 38
3 30
4 15
5 42
6 6
7 22
8 4
9 20
10 18
11 37
12 34
13 5
14 41
15 12
16 11
17 21
18 1
19 16
20 14
21 31
22 45
23 39
24 35
25 40
26 2
27 19
28 23
29 8
30 32
31 3
32 43
33 25
34 28
35 24
36 17
37 0
38 29
39 26
40 13
41 33
42 9
43 7
44 27
45 36
SIMILAR

6 28 8 7 39 15 3 24 19 12 11 36 44 2 37 25 41 10 5 33 42 0 9 20 16 14 29 4 38 32 17 43 26 45 21 31 13 23 34 1 40 22 35 30 27 18 
0 21
1 39
2 13
3 6
4 27
5 18
6 0
7 3
8 2
9 22
10 17
11 10
12 9
13 36
14 25
15 5
16 24
17 30
18 45
19 8
20 23
21 34
22 41
23 37
24 7
25 15
26 32
27 44
28 1
29 26
30 43
31 35
32 29
33 19
34 38
35 42
36 11
37 14
38 28
39 4
40 40
41 16
42 20
43 31
44 12
45 33
SIMILAR

42 14 39 32 35 10 18 1 26 41 43 15 37 6 5 28 3 29 44 31 7 9 16 20 30 8 22 45 34 27 23 17 24 13 2 4 21 36 40 11 25 0 19 12 38 33 
0 41
1 7
2 34
3 16
4 35
5 14
6 13
7 20
8 25
9 21
10 5
11 39
12 43
13 33
14 1
15 11
16 22
17 31
18 6
19 42
20 23
21 36
22 26
23 30
24 32
25 40
26 8
27 29
28 15
29 17
30 24
31 19
32 3
33 45
34 28
35 4
36 37
37 12
38 44
39 2
40 38
41 9
42 0
43 10
44 18
45 27
SIMILAR

32 39 11 23 16 17 7 31 4 21 36 2 30 29 44 34 38 24 18 22 41 42 0 26 8 10 33 43 19 6 12 40 13 9 45 35 15 20 28 14 5 37 3 27 1 25 
0 22
1 44
2 11
3 42
4 8
5 40
6 29
7 6
8 24
9 33
10 25
11 2
12 30
13 32
14 39
15 36
16 4
17 5
18 18
19 28
20 37
21 9
22 19
23 3
24 17
25 45
26 23
27 43
28 38
29 13
30 12
31 7
32 0
33 26
34 15
35 35
36 10
37 41
38 16
39 1
40 31
41 20
42 21
43 27
44 14
45 34
SIMILAR

23 5 12 31 4 37 42 39 32 13 17 18 24 14 22 20 0 38 6 33 25 2 40 29 30 3 16 9 36 44 26 1 35 28 21 8 41 11 7 43 15 27 19 45 10 34 
0 16
1 31
2 21
3 25
4 4
5 1
6 18
7 38
8 35
9 27
10 44
11 37
12 2
13 9
14 13
15 40
16 26
17 10
18 11
19 42
20 15
21 34
22 14
23 0
24 12
25 20
26 30
27 41
28 33
29 23
30 24
31 3
32 8
33 19
34 45
35 32
36 28
37 5
38 17
39 7
40 22
41 36
42 6
43 39
44 29
45 43
SIMILAR

19 8 32 18 20 6 40 43 10 23 37 17 30 13 33 27 5 21 9 0 26 22 36 2 15 42 4 1 31 35 14 38 28 7 34 24 41 29 12 3 25 11 16 44 45 39 
0 19
1 27
2 23
3 39
4 26
5 16
6 5
7 33
8 1
9 18
10 8
11 41
12 38
13 13
14 30
15 24
16 42
17 11
18 3
19 0
20 4
21 17
22 21
23 9
24 35
25 40
26 20
27 15
28 32
29 37
30 12
31 28
32 2
33 14
34 34
35 29
36 22
37 10
38 31
39 45
40 6
41 36
42 25
43 7
44 43
45 44
SIMILAR

32 15 40 20 30 8 0 5 37 23 33 42 3 26 9 7 17 35 1 10 13 24 41 4 36 45 19 31 22 14 2 6 25 28 18 44 27 12 34 39 43 16 38 11 21 29 
0 6
1 18
2 30
3 12
4 23
5 7
6 31
7 15
8 5
9 14
10 19
11 43
12 37
13 20
14 29
15 1
16 41
17 16
18 34
19 26
20 3
21 44
22 28
23 9
24 21
25 32
26 13
27 36
28 33
29 45
30 4
31 27
32 0
33 10
34 38
35 17
36 24
37 8
38 42
39 39
40 2
41 22
42 11
43 40
44 35
45 25
SIMILAR

29 35 37 32 19 22 9 28 23 2 4 43 13 30 6 17 31 11 25 39 5 40 10 45 20 36 34 33 38 27 15 26 42 16 3 44 7 8 14 21 41 1 0 18 24 12 
0 42
1 41
2 9
3 34
4 10
5 20
6 14
7 36
8 37
9 6
10 22
11 17
12 45
13 12
14 38
15 30
16 33
17 15
18 43
19 4
20 24
21 39
22 5
23 8
24 44
25 18
26 31
27 29
28 7
29 0
30 13
31 16
32 3
33 27
34 26
35 1
36 25
37 2
38 28
39 19
40 21
41 40
42 32
43 11
44 35
45 23
SIMILAR

12 1 28 27 18 20 44 26 9 33 25 32 42 2 36 19 29 8 38 7 13 35 3 22 40 14 30 11 17 23 10 5 21 16 4 0 24 43 34 45 37 39 31 15 41 6 
0 35
1 1
2 13
3 22
4 34
5 31
6 45
7 19
8 17
9 8
10 30
11 27
12 0
13 20
14 25
15 43
16 33
17 28
18 4
19 15
20 5
21 32
22 23
23 29
24 36
25 10
26 7
27 3
28 2
29 16
30 26
31 42
32 11
33 9
34 38
35 21
36 14
37 40
38 18
39 41
40 24
41 44
42 12
43 37
44 6
45 39
SIMILAR

0 35 14 11 31 15 36 9 22 5 8 13 20 44 42 18 25 30 37 45 41 43 1 12 28 27 6 40 33 34 2 38 17 26 10 24 32 7 16 3 21 39 29 23 4 19 
0 0
1 22
2 30
3 39
4 44
5 9
6 26
7 37
8 10
9 7
10 34
11 3
12 23
13 11
14 2
15 5
16 38
17 32
18 15
19 45
20 12
21 40
22 8
23 43
24 35
25 16
26 33
27 25
28 24
29 42
30 17
31 4
32 36
33 28
34 29
35 1
36 6
37 18
38 31
39 41
40 27
41 20
42 14
43 21
44 13
45 19
SIMILAR

17 2 28 32 20 24 35 21 0 42 12 41 29 40 13 8 37 15 43 9 19 16 6 39 36 14 25 11 38 23 31 30 26 5 10 45 22 4 1 7 33 3 44 34 27 18 
0 8
1 38
2 1
3 41
4 37
5 33
6 22
7 39
8 15
9 19
10 34
11 27
12 10
13 14
14 25
15 17
16 21
17 0
18 45
19 20
20 4
21 7
22 36
23 29
24 5
25 26
26 32
27 44
28 2
29 12
30 31
31 30
32 3
33 40
34 43
35 6
36 24
37 16
38 28
39 23
40 13
41 11
42 9
43 18
44 42
45 35
SIMILAR

28 1 33 14 23 9 2 25 37 8 0 38 7 32 17 34 22 3 15 40 43 35 27 12 31 21 11 5 24 42 44 19 41 36 10 29 30 6 39 45 18 26 20 13 16 4 
0 10
1 1
2 6
3 17
4 45
5 27
6 37
7 12
8 9
9 5
10 34
11 26
12 23
13 43
14 3
15 18
16 44
17 14
18 40
19 31
20 42
21 25
22 16
23 4
24 28
25 7
26 41
27 22
28 0
29 35
30 36
31 24
32 13
33 2
34 15
35 21
36 33
37 8
38 11
39 38
40 19
41 32
42 29
43 20
44 30
45 39
SIMILAR

37 42 10 13 22 30 45 0 26 27 40 8 17 5 4 15 1 2 43 32 16 11 23 29 24 25 44 33 41 14 21 19 7 38 36 34 9 20 12 39 18 31 35 3 28 6 
0 7
1 16
2 17
3 43
4 14
5 13
6 45
7 32
8 11
9 36
10 2
11 21
12 38
13 3
14 29
15 15
16 20
17 12
18 40
19 31
20 37
21 30
22 4
23 22
24 24
25 25
26 8
27 9
28 44
29 23
30 5
31 41
32 19
33 27
34 35
35 42
36 34
37 0
38 33
39 39
40 10
41 28
42 1
43 18
44 26
45 6
SIMILAR

7 41 11 20 29 24 18 10 14 38 44 28 0 26 21 12 37 30 3 31 42 4 22 36 16 43 2 40 25 35 6 39 8 1 19 32 23 5 33 45 27 15 17 34 9 13 
0 12
1 33
2 26
3 18
4 21
5 37
6 30
7 0
8 32
9 44
10 7
11 2
12 15
13 45
14 8
15 41
16 24
17 42
18 6
19 34
20 3
21 14
22 22
23 36
24 5
25 28
26 13
27 40
28 11
29 4
30 17
31 19
32 35
33 38
34 43
35 29
36 23
37 16
38 9
39 31
40 27
41 1
42 20
43 25
44 10
45 39
SIMILAR

34 8 42 36 1 14 12 41 15 40 43 11 30 16 35 39 28 7 44 32 27 25 5 20 31 18 6 13 4 38 9 23 33 37 21 2 0 45 24 10 19 26 17 29 22 3 
0 36
1 4
2 35
3 45
4 28
5 22
6 26
7 17
8 1
9 30
10 39
11 11
12 6
13 27
14 5
15 8
16 13
17 42
18 25
19 40
20 23
21 34
22 44
23 31
24 38
25 21
26 41
27 20
28 16
29 43
30 12
31 24
32 19
33 32
34 0
35 14
36 3
37 33
38 29
39 15
40 9
41 7
42 2
43 10
44 18
45 37
SIMILAR

17 38 37 12 0 3 20 22 1 14 21 36 10 28 42 11 44 15 9 8 45 25 5 7 30 40 29 39 43 26 32 41 23 19 27 4 35 18 13 6 34 33 31 2 16 24 
0 4
1 8
2 43
3 5
4 35
5 22
6 39
7 23
8 19
9 18
10 12
11 15
12 3
13 38
14 9
15 17
16 44
17 0
18 37
19 33
20 6
21 10
22 7
23 32
24 45
25 21
26 29
27 34
28 13
29 26
30 24
31 42
32 30
33 41
34 40
35 36
36 11
37 2
38 1
39 27
40 25
41 31
42 14
43 28
44 16
45 20
SIMILAR

22 44 10 43 8 4 12 0 26 42 34 24 36 5 20 15 35 32 2 23 13 41 29 18 7 39 16 6 17 45 14 21 30 3 37 25 9 31 19 1 11 27 28 40 38 33 
0 7
1 39
2 18
3 33
4 5
5 13
6 27
7 24
8 4
9 36
10 2
11 40
12 6
13 20
14 30
15 15
16 26
17 28
18 23
19 38
20 14
21 31
22 0
23 19
24 11
25 35
26 8
27 41
28 42
29 22
30 32
31 37
32 17
33 45
34 10
35 16
36 12
37 34
38 44
39 25
40 43
41 21
42 9
43 3
44 1
45 29
SIMILAR

28 33 24 5 8 37 23 9 45 18 42 39 20 21 22 16 6 4 17 35 41 2 30 15 29 36 3 12 10 0 26 44 14 31 27 43 34 32 19 40 1 11 25 38 13 7 
0 29
1 40
2 21
3 26
4 17
5 3
6 16
7 45
8 4
9 7
10 28
11 41
12 27
13 44
14 32
15 23
16 15
17 18
18 9
19 38
20 12
21 13
22 14
23 6
24 2
25 42
26 30
27 34
28 0
29 24
30 22
31 33
32 37
33 1
34 36
35 19
36 25
37 5
38 43
39 11
40 39
41 20
42 10
43 35
44 31
45 8
SIMILAR

42 32 24 10 21 4 26 20 18 8 16 31 3 27 45 36 2 1 0 5 33 38 44 14 40 35 11 34 23 15 41 22 43 17 37 9 19 6 7 25 12 30 39 13 28 29 
0 18
1 17
2 16
3 12
4 5
5 19
6 37
7 38
8 9
9 35
10 3
11 26
12 40
13 43
14 23
15 29
16 10
17 33
18 8
19 36
20 7
21 4
22 31
23 28
24 2
25 39
26 6
27 13
28 44
29 45
30 41
31 11
32 1
33 20
34 27
35 25
36 15
37 34
38 21
39 42
40 24
41 30
42 0
43 32
44 22
45 14
SIMILAR

2 39 3 40 13 6 45 20 8 25 19 41 4 44 17 43 12 9 29 0 37 38 26 42 23 30 5 16 1 28 31 32 14 34 35 7 22 24 27 18 21 10 33 15 11 36 
0 19
1 28
2 0
3 2
4 12
5 26
6 5
7 35
8 8
9 17
10 41
11 44
12 16
13 4
14 32
15 43
16 27
17 14
18 39
19 10
20 7
21 40
22 36
23 24
24 37
25 9
26 22
27 38
28 29
29 18
30 25
31 30
32 31
33 42
34 33
35 34
36 45
37 20
38 21
39 1
40 3
41 11
42 23
43 15
44 13
45 6
SIMILAR

8 10 44 27 40 17 31 5 33 21 4 34 22 37 1 16 35 25 32 28 3 9 30 39 15 2 41 12 20 43 0 13 29 19 6 26 24 14 36 7 42 45 38 18 11 23 
0 30
1 14
2 25
3 20
4 10
5 7
6 34
7 39
8 0
9 21
10 1
11 44
12 27
13 31
14 37
15 24
16 15
17 5
18 43
19 33
20 28
21 9
22 12
23 45
24 36
25 17
26 35
27 3
28 19
29 32
30 22
31 6
32 18
33 8
34 11
35 16
36 38
37 13
38 42
39 23
40 4
41 26
42 40
43 29
44 2
45 41
SIMILAR

16 6 10 32 14 11 26 25 41 35 39 1 9 5 34 44 22 28 20 23 17 2 18 21 13 0 33 24 27 19 7 4 15 36 30 38 12 43 42 3 29 45 8 40 37 31 
0 25
1 11
2 21
3 39
4 31
5 13
6 1
7 30
8 42
9 12
10 2
11 5
12 36
13 24
14 4
15 32
16 0
17 20
18 22
19 29
20 18
21 23
22 16
23 19
24 27
25 7
26 6
27 28
28 17
29 40
30 34
31 45
32 3
33 26
34 14
35 9
36 33
37 44
38 35
39 10
40 43
41 8
42 38
43 37
44 15
45 41
SIMILAR

41 14 10 18 21 44 38 40 42 9 34 8 4 16 6 3 1 26 12 31 43 15 19 13 35 45 30 32 22 27 37 17 39 29 20 11 28 0 36 23 33 7 25 5 2 24 
0 37
1 16
2 44
3 15
4 12
5 43
6 14
7 41
8 11
9 9
10 2
11 35
12 18
13 23
14 1
15 21
16 13
17 31
18 3
19 22
20 34
21 4
22 28
23 39
24 45
25 42
26 17
27 29
28 36
29 33
30 26
31 19
32 27
33 40
34 10
35 24
36 38
37 30
38 6
39 32
40 7
41 0
42 8
43 20
44 5
45 25
SIMILAR

21 5 31 23 39 41 20 9 40 26 16 33 8 27 12 13 37 10 38 30 24 25 18 44 29 7 22 19 43 4 1 11 28 2 3 17 32 0 45 42 34 14 15 36 35 6 
0 37
1 30
2 33
3 34
4 29
5 1
6 45
7 25
8 12
9 7
10 17
11 31
12 14
13 15
14 41
15 42
16 10
17 35
18 22
19 27
20 6
21 0
22 26
23 3
24 20
25 21
26 9
27 13
28 32
29 24
30 19
31 2
32 36
33 11
34 40
35 44
36 43
37 16
38 18
39 4
40 8
41 5
42 39
43 28
44 23
45 38
SIMILAR

19 20 42 13 12 22 32 26 2 37 35 14 39 1 18 7 38 36 10 11 6 34 28 0 24 15 43 40 27 33 31 45 8 16 30 29 9 3 5 23 4 44 21 25 17 41 
0 23
1 13
2 8
3 37
4 40
5 38
6 20
7 15
8 32
9 36
10 18
11 19
12 4
13 3
14 11
15 25
16 33
17 44
18 14
19 0
20 1
21 42
22 5
23 39
24 24
25 43
26 7
27 28
28 22
29 35
30 34
31 30
32 6
33 29
34 21
35 10
36 17
37 9
38 16
39 12
40 27
41 45
42 2
43 26
44 41
45 31
SIMILAR

20 10 7 0 42 25 30 13 38 24 28 32 33 22 21 2 23 43 27 19 39 8 45 1 36 12 17 34 35 37 4 29 5 3 15 18 14 16 44 11 26 31 40 6 41 9 
0 3
1 23
2 15
3 33
4 30
5 32
6 43
7 2
8 21
9 45
10 1
11 39
12 25
13 7
14 36
15 34
16 37
17 26
18 35
19 19
20 0
21 14
22 13
23 16
24 9
25 5
26 40
27 18
28 10
29 31
30 6
31 41
32 11
33 12
34 27
35 28
36 24
37 29
38 8
39 20
40 42
41 44
42 4
43 17
44 38
45 22
SIMILAR

28 26 42 39 10 22 15 30 21 9 5 19 41 2 36 37 38 43 14 7 12 44 32 35 1 40 25 3 31 13 27 4 18 16 20 24 17 0 23 29 6 11 45 33 8 34 
0 37
1 24
2 13
3 27
4 31
5 10
6 40
7 19
8 44
9 9
10 4
11 41
12 20
13 29
14 18
15 6
16 33
17 36
18 32
19 11
20 34
21 8
22 5
23 38
24 35
25 26
26 1
27 30
28 0
29 39
30 7
31 28
32 22
33 43
34 45
35 23
36 14
37 15
38 16
39 3
40 25
41 12
42 2
43 17
44 21
45 42
SIMILAR

12 33 34 26 1 37 29 45 3 38 28 24 25 15 6 4 13 43 8 11 41 31 10 44 36 40 21 20 0 35 39 22 42 30 9 14 2 17 32 19 16 18 27 23 5 7 
0 28
1 4
2 36
3 8
4 15
5 44
6 14
7 45
8 18
9 34
10 22
11 19
12 0
13 16
14 35
15 13
16 40
17 37
18 41
19 39
20 27
21 26
22 31
23 43
24 11
25 12
26 3
27 42
28 10
29 6
30 33
31 21
32 38
33 1
34 2
35 29
36 24
37 5
38 9
39 30
40 25
41 20
42 32
43 17
44 23
45 7
SIMILAR

36 42 11 4 7 3 8 35 17 12 29 18 0 25 31 6 23 38 9 28 16 22 39 24 44 32 14 33 1 15 37 20 43 2 30 27 13 10 26 40 21 45 19 5 34 41 
0 12
1 28
2 33
3 5
4 3
5 43
6 15
7 4
8 6
9 18
10 37
11 2
12 9
13 36
14 26
15 29
16 20
17 8
18 11
19 42
20 31
21 40
22 21
23 16
24 23
25 13
26 38
27 35
28 19
29 10
30 34
31 14
32 25
33 27
34 44
35 7
36 0
37 30
38 17
39 22
40 39
41 45
42 1
43 32
44 24
45 41
SIMILAR

3 13 7 1 4 12 0 37 35 8 11 22 38 5 14 32 27 31 43 26 36 45 16 21 29 18 23 44 20 28 2 9 34 30 19 42 39 17 10 25 24 15 40 33 6 41 
0 6
1 3
2 30
3 0
4 4
5 13
6 44
7 2
8 9
9 31
10 38
11 10
12 5
13 1
14 14
15 41
16 22
17 37
18 25
19 34
20 28
21 23
22 11
23 26
24 40
25 39
26 19
27 16
28 29
29 24
30 33
31 17
32 15
33 43
34 32
35 8
36 20
37 7
38 12
39 36
40 42
41 45
42 35
43 18
44 27
45 21
SIMILAR

31 37 14 5 23 20 21 40 7 1 24 45 11 28 8 36 17 27 4 32 39 0 16 26 13 43 41 10 34 38 33 9 19 18 6 3 35 15 25 29 44 12 22 2 42 30 
0 21
1 9
2 43
3 35
4 18
5 3
6 34
7 8
8 14
9 31
10 27
11 12
12 41
13 24
14 2
15 37
16 22
17 16
18 33
19 32
20 5
21 6
22 42
23 4
24 10
25 38
26 23
27 17
28 13
29 39
30 45
31 0
32 19
33 30
34 28
35 36
36 15
37 1
38 29
39 20
40 7
41 26
42 44
43 25
44 40
45 11
SIMILAR

1 37 39 7 22 43 16 36 19 17 41 18 0 42 21 11 33 13 40 24 14 30 6 3 34 8 38 23 15 25 32 20 10 5 26 29 4 27 45 2 28 31 44 35 9 12 
0 12
1 0
2 39
3 23
4 36
5 33
6 22
7 3
8 25
9 44
10 32
11 15
12 45
13 17
14 20
15 28
16 6
17 9
18 11
19 8
20 31
21 14
22 4
23 27
24 19
25 29
26 34
27 37
28 40
29 35
30 21
31 41
32 30
33 16
34 24
35 43
36 7
37 1
38 26
39 2
40 18
41 10
42 13
43 5
44 42
45 38
SIMILAR

22 39 4 35 27 26 17 14 9 10 3 12 28 38 16 31 7 33 18 6 1 8 23 11 42 13 32 44 15 34 24 43 29 40 37 2 25 41 19 45 21 0 5 30 36 20 
0 41
1 20
2 35
3 10
4 2
5 42
6 19
7 16
8 21
9 8
10 9
11 23
12 11
13 25
14 7
15 28
16 14
17 6
18 18
19 38
20 45
21 40
22 0
23 22
24 30
25 36
26 5
27 4
28 12
29 32
30 43
31 15
32 26
33 17
34 29
35 3
36 44
37 34
38 13
39 1
40 33
41 37
42 24
43 31
44 27
45 39
SIMILAR

32 3 5 16 42 2 26 45 29 13 30 15 39 24 4 41 43 34 28 22 8 31 36 27 17 33 7 1 12 21 25 18 6 9 44 37 35 0 10 23 40 38 11 14 19 20 
0 37
1 27
2 5
3 1
4 14
5 2
6 32
7 26
8 20
9 33
10 38
11 42
12 28
13 9
14 43
15 11
16 3
17 24
18 31
19 44
20 45
21 29
22 19
23 39
24 13
25 30
26 6
27 23
28 18
29 8
30 10
31 21
32 0
33 25
34 17
35 36
36 22
37 35
38 41
39 12
40 40
41 15
42 4
43 16
44 34
45 7
SIMILAR

23 33 36 44 12 26 19 43 27 39 21 42 13 45 15 14 20 29 0 25 2 18 9 30 41 40 10 1 17 35 22 11 6 38 4 28 3 8 5 32 24 37 16 31 34 7 
0 18
1 27
2 20
3 36
4 34
5 38
6 32
7 45
8 37
9 22
10 26
11 31
12 4
13 12
14 15
15 14
16 42
17 28
18 21
19 6
20 16
21 10
22 30
23 0
24 40
25 19
26 5
27 8
28 35
29 17
30 23
31 43
32 39
33 1
34 44
35 29
36 2
37 41
38 33
39 9
40 25
41 24
42 11
43 7
44 3
45 13
SIMILAR

41 9 35 42 8 30 39 43 29 37 22 18 6 40 7 26 44 21 33 17 16 14 23 5 10 25 2 27 4 19 12 36 20 32 24 31 11 13 38 1 45 34 3 28 15 0 
0 45
1 39
2 26
3 42
4 28
5 23
6 12
7 14
8 4
9 1
10 24
11 36
12 30
13 37
14 21
15 44
16 20
17 19
18 11
19 29
20 32
21 17
22 10
23 22
24 34
25 25
26 15
27 27
28 43
29 8
30 5
31 35
32 33
33 18
34 41
35 2
36 31
37 9
38 38
39 6
40 13
41 0
42 3
43 7
44 16
45 40
SIMILAR

19 32 3 30 2 0 12 5 4 27 6 16 33 8 10 1 39 18 41 9 28 34 24 35 11 38 13 21 23 43 31 44 14 42 37 36 26 29 22 7 17 25 45 20 15 40 
0 5
1 15
2 4
3 2
4 8
5 7
6 10
7 39
8 13
9 19
10 14
11 24
12 6
13 26
14 32
15 44
16 11
17 40
18 17
19 0
20 43
21 27
22 38
23 28
24 22
25 41
26 36
27 9
28 20
29 37
30 3
31 30
32 1
33 12
34 21
35 23
36 35
37 34
38 25
39 16
40 45
41 18
42 33
43 29
44 31
45 42
SIMILAR

31 32 19 43 10 15 29 17 45 21 38 6 27 18 3 34 12 23 9 11 33 36 22 41 44 24 14 4 20 2 0 13 1 42 28 26 5 35 25 39 7 30 8 40 16 37 
0 30
1 32
2 29
3 14
4 27
5 36
6 11
7 40
8 42
9 18
10 4
11 19
12 16
13 31
14 26
15 5
16 44
17 7
18 13
19 2
20 28
21 9
22 22
23 17
24 25
25 38
26 35
27 12
28 34
29 6
30 41
31 0
32 1
33 20
34 15
35 37
36 21
37 45
38 10
39 39
40 43
41 23
42 33
43 3
44 24
45 8
SIMILAR

8 15 6 27 42 35 1 30 14 22 37 45 44 28 10 23 38 36 17 24 39 29 18 7 9 16 31 21 33 26 0 41 12 13 4 3 25 5 19 11 40 20 2 32 43 34 
0 30
1 6
2 42
3 35
4 34
5 37
6 2
7 23
8 0
9 24
10 14
11 39
12 32
13 33
14 8
15 1
16 25
17 18
18 22
19 38
20 41
21 27
22 9
23 15
24 19
25 36
26 29
27 3
28 13
29 21
30 7
31 26
32 43
33 28
34 45
35 5
36 17
37 10
38 16
39 20
40 40
41 31
42 4
43 44
44 12
45 11
SIMILAR

32 36 40 20 38 7 29 6 15 30 3 11 18 21 26 24 16 41 0 25 33 31 9 12 19 22 23 5 45 14 27 17 42 4 43 39 1 2 35 37 10 8 13 28 34 44 
0 18
1 36
2 37
3 10
4 33
5 27
6 7
7 5
8 41
9 22
10 40
11 11
12 23
13 42
14 29
15 8
16 16
17 31
18 12
19 24
20 3
21 13
22 25
23 26
24 15
25 19
26 14
27 30
28 43
29 6
30 9
31 21
32 0
33 20
34 44
35 38
36 1
37 39
38 4
39 35
40 2
41 17
42 32
43 34
44 45
45 28
SIMILAR

28 8 1 42 25 27 17 26 44 19 12 30 16 39 43 2 40 22 9 32 14 29 10 38 31 5 6 24 18 41 11 20 15 33 21 23 13 7 4 35 0 45 37 3 34 36 
0 40
1 2
2 15
3 43
4 38
5 25
6 26
7 37
8 1
9 18
10 22
11 30
12 10
13 36
14 20
15 32
16 12
17 6
18 28
19 9
20 31
21 34
22 17
23 35
24 27
25 4
26 7
27 5
28 0
29 21
30 11
31 24
32 19
33 33
34 44
35 39
36 45
37 42
38 23
39 13
40 16
41 29
42 3
43 14
44 8
45 41
SIMILAR

6 19 37 21 22 45 15 14 32 33 30 23 12 26 2 24 43 13 11 44 0 41 7 28 18 17 40 8 16 20 36 4 27 1 25 3 34 5 35 29 39 38 31 10 42 9 
0 20
1 33
2 14
3 35
4 31
5 37
6 0
7 22
8 27
9 45
10 43
11 18
12 12
13 17
14 7
15 6
16 28
17 25
18 24
19 1
20 29
21 3
22 4
23 11
24 15
25 34
26 13
27 32
28 23
29 39
30 10
31 42
32 8
33 9
34 36
35 38
36 30
37 2
38 41
39 40
40 26
41 21
42 44
43 16
44 19
45 5
SIMILAR

34 11 3 7 25 28 21 45 31 13 37 30 33 8 38 18 9 1 17 43 23 15 4 0 10 20 36 26 6 39 35 5 16 44 32 22 12 2 29 41 14 42 24 40 27 19 
0 23
1 17
2 37
3 2
4 22
5 31
6 28
7 3
8 13
9 16
10 24
11 1
12 36
13 9
14 40
15 21
16 32
17 18
18 15
19 45
20 25
21 6
22 35
23 20
24 42
25 4
26 27
27 44
28 5
29 38
30 11
31 8
32 34
33 12
34 0
35 30
36 26
37 10
38 14
39 29
40 43
41 39
42 41
43 19
44 33
45 7
SIMILAR

43 25 39 40 18 2 41 32 35 24 23 38 34 36 20 11 1 45 15 17 5 37 44 10 21 9 22 27 29 13 4 26 14 7 16 19 31 42 6 0 28 30 8 12 33 3 
0 39
1 16
2 5
3 45
4 30
5 20
6 38
7 33
8 42
9 25
10 23
11 15
12 43
13 29
14 32
15 18
16 34
17 19
18 4
19 35
20 14
21 24
22 26
23 10
24 9
25 1
26 31
27 27
28 40
29 28
30 41
31 36
32 7
33 44
34 12
35 8
36 13
37 21
38 11
39 2
40 3
41 6
42 37
43 0
44 22
45 17
SIMILAR

33 42 8 34 19 44 1 27 43 23 41 45 18 0 12 4 13 21 15 36 32 5 17 40 2 10 30 9 26 16 24 7 37 14 38 6 39 3 20 11 35 29 31 25 28 22 
0 13
1 6
2 24
3 37
4 15
5 21
6 35
7 31
8 2
9 27
10 25
11 39
12 14
13 16
14 33
15 18
16 29
17 22
18 12
19 4
20 38
21 17
22 45
23 9
24 30
25 43
26 28
27 7
28 44
29 41
30 26
31 42
32 20
33 0
34 3
35 40
36 19
37 32
38 34
39 36
40 23
41 10
42 1
43 8
44 5
45 11
SIMILAR

43 21 39 19 4 22 14 23 27 26 18 20 24 11 30 34 38 1 40 17 0 16 3 29 10 2 35 44 7 33 6 37 28 45 13 15 9 31 25 42 5 36 12 41 32 8 
0 20
1 17
2 25
3 22
4 4
5 40
6 30
7 28
8 45
9 36
10 24
11 13
12 42
13 34
14 6
15 35
16 21
17 19
18 10
19 3
20 11
21 1
22 5
23 7
24 12
25 38
26 9
27 8
28 32
29 23
30 14
31 37
32 44
33 29
34 15
35 26
36 41
37 31
38 16
39 2
40 18
41 43
42 39
43 0
44 27
45 33
SIMILAR

0 36 29 31 39 41 28 12 32 21 8 22 15 35 14 38 24 25 10 45 4 1 2 16 37 5 42 30 26 27 3 6 34 19 18 40 23 9 20 44 17 43 13 33 11 7 
0 0
1 21
2 22
3 30
4 20
5 25
6 31
7 45
8 10
9 37
10 18
11 44
12 7
13 42
14 14
15 12
16 23
17 40
18 34
19 33
20 38
21 9
22 11
23 36
24 16
25 17
26 28
27 29
28 6
29 2
30 27
31 3
32 8
33 43
34 32
35 13
36 1
37 24
38 15
39 4
40 35
41 5
42 26
43 41
44 39
45 19
SIMILAR

38 23 31 20 2 41 14 39 6 21 4 32 30 3 44 8 15 45 25 10 19 7 35 43 42 18 24 29 27 36 33 26 28 17 1 13 34 11 9 0 37 5 22 40 12 16 
0 39
1 34
2 4
3 13
4 10
5 41
6 8
7 21
8 15
9 38
10 19
11 37
12 44
13 35
14 6
15 16
16 45
17 33
18 25
19 20
20 3
21 9
22 42
23 1
24 26
25 18
26 31
27 28
28 32
29 27
30 12
31 2
32 11
33 30
34 36
35 22
36 29
37 40
38 0
39 7
40 43
41 5
42 24
43 23
44 14
45 17
SIMILAR

35 37 31 23 13 6 4 7 44 21 14 30 28 34 29 10 2 36 9 26 11 45 20 25 8 19 24 15 38 1 3 22 33 5 17 16 42 43 0 32 12 18 41 27 40 39 
0 38
1 29
2 16
3 30
4 6
5 33
6 5
7 7
8 24
9 18
10 15
11 20
12 40
13 4
14 10
15 27
16 35
17 34
18 41
19 25
20 22
21 9
22 31
23 3
24 26
25 23
26 19
27 43
28 12
29 14
30 11
31 2
32 39
33 32
34 13
35 0
36 17
37 1
38 28
39 45
40 44
41 42
42 36
43 37
44 8
45 21
SIMILAR

14 27 24 6 17 28 4 3 29 20 43 34 23 32 40 5 16 41 39 8 26 18 12 22 38 35 7 15 45 31 42 10 30 19 2 37 0 1 33 36 21 13 44 11 9 25 
0 36
1 37
2 34
3 7
4 6
5 15
6 3
7 26
8 19
9 44
10 31
11 43
12 22
13 41
14 0
15 27
16 16
17 4
18 21
19 33
20 9
21 40
22 23
23 12
24 2
25 45
26 20
27 1
28 5
29 8
30 32
31 29
32 13
33 38
34 11
35 25
36 39
37 35
38 24
39 18
40 14
41 17
42 30
43 10
44 42
45 28
SIMILAR

30 17 6 23 24 1 36 15 45 37 2 43 22 16 38 7 11 27 41 31 39 5 29 33 40 3 10 44 9 4 21 28 35 8 12 18 13 19 26 42 20 34 0 25 14 32 
0 42
1 5
2 10
3 25
4 29
5 21
6 2
7 15
8 33
9 28
10 26
11 16
12 34
13 36
14 44
15 7
16 13
17 1
18 35
19 37
20 40
21 30
22 12
23 3
24 4
25 43
26 38
27 17
28 31
29 22
30 0
31 19
32 45
33 23
34 41
35 32
36 6
37 9
38 14
39 20
40 24
41 18
42 39
43 11
44 27
45 8
SIMILAR

43 41 33 39 22 29 5 40 7 25 20 11 1 30 36 18 24 19 8 32 42 13 38 0 4 37 35 23 12 44 6 9 28 31 26 2 15 10 27 34 45 3 16 17 14 21 
0 23
1 12
2 35
3 41
4 24
5 6
6 30
7 8
8 18
9 31
10 37
11 11
12 28
13 21
14 44
15 36
16 42
17 43
18 15
19 17
20 10
21 45
22 4
23 27
24 16
25 9
26 34
27 38
28 32
29 5
30 13
31 33
32 19
33 2
34 39
35 26
36 14
37 25
38 22
39 3
40 7
41 1
42 20
43 0
44 29
45 40
SIMILAR

38 24 19 0 32 8 29 37 15 33 17 30 21 14 11 12 5 27 4 40 26 3 23 6 35 43 20 2 25 34 22 16 7 41 1 39 42 9 13 18 28 36 44 45 10 31 
0 3
1 34
2 27
3 21
4 18
5 16
6 23
7 32
8 5
9 37
10 44
11 14
12 15
13 38
14 13
15 8
16 31
17 10
18 39
19 2
20 26
21 12
22 30
23 22
24 1
25 28
26 20
27 17
28 40
29 6
30 11
31 45
32 4
33 9
34 29
35 24
36 41
37 7
38 0
39 35
40 19
41 33
42 36
43 25
44 42
45 43
SIMILAR

36 34 11 9 1 24 39 43 29 2 35 38 32 27 13 16 18 15 5 10 8 21 40 12 26 0 37 42 25 3 4 6 30 20 14 41 23 31 28 22 19 7 44 45 17 33 
0 25
1 4
2 9
3 29
4 30
5 18
6 31
7 41
8 20
9 3
10 19
11 2
12 23
13 14
14 34
15 17
16 15
17 44
18 16
19 40
20 33
21 21
22 39
23 36
24 5
25 28
26 24
27 13
28 38
29 8
30 32
31 37
32 12
33 45
34 1
35 10
36 0
37 26
38 11
39 6
40 22
41 35
42 27
43 7
44 42
45 43
SIMILAR

17 31 9 10 11 21 3 18 35 5 15 27 7 12 1 41 25 13 32 38 36 23 14 45 20 43 40 28 34 39 44 22 24 19 33 30 0 2 42 4 26 8 37 16 6 29 
0 36
1 14
2 37
3 6
4 39
5 9
6 44
7 12
8 41
9 2
10 3
11 4
12 13
13 17
14 22
15 10
16 43
17 0
18 7
19 33
20 24
21 5
22 31
23 21
24 32
25 16
26 40
27 11
28 27
29 45
30 35
31 1
32 18
33 34
34 28
35 8
36 20
37 42
38 19
39 29
40 26
41 15
42 38
43 25
44 30
45 23
SIMILAR

4 28 8 38 29 15 41 2 16 3 40 44 9 27 30 34 24 1 21 37 12 13 20 35 31 45 11 39 23 10 17 6 32 42 36 26 5 22 25 0 19 43 14 18 7 33 
0 39
1 17
2 7
3 9
4 0
5 36
6 31
7 44
8 2
9 12
10 29
11 26
12 20
13 21
14 42
15 5
16 8
17 30
18 43
19 40
20 22
21 18
22 37
23 28
24 16
25 38
26 35
27 13
28 1
29 4
30 14
31 24
32 32
33 45
34 15
35 23
36 34
37 19
38 3
39 27
40 10
41 6
42 33
43 41
44 11
45 25
SIMILAR

26 35 25 20 23 4 31 40 28 24 22 18 7 36 33 37 1 8 27 0 11 29 21 13 41 30 14 12 34 32 45 2 44 43 19 38 9 17 3 5 6 16 42 15 10 39 
0 19
1 16
2 31
3 38
4 5
5 39
6 40
7 12
8 17
9 36
10 44
11 20
12 27
13 23
14 26
15 43
16 41
17 37
18 11
19 34
20 3
21 22
22 10
23 4
24 9
25 2
26 0
27 18
28 8
29 21
30 25
31 6
32 29
33 14
34 28
35 1
36 13
37 15
38 35
39 45
40 7
41 24
42 42
43 33
44 32
45 30
SIMILAR

19 41 30 3 13 11 29 6 38 8 14 5 31 27 1 42 45 10 40 25 24 20 9 39 17 34 0 18 33 44 12 43 2 36 15 32 37 16 28 21 22 23 35 7 26 4 
0 26
1 14
2 32
3 3
4 45
5 11
6 7
7 43
8 9
9 22
10 17
11 5
12 30
13 4
14 10
15 34
16 37
17 24
18 27
19 0
20 21
21 39
22 40
23 41
24 20
25 19
26 44
27 13
28 38
29 6
30 2
31 12
32 35
33 28
34 25
35 42
36 33
37 36
38 8
39 23
40 18
41 1
42 15
43 31
44 29
45 16
SIMILAR

33 23 6 28 8 9 38 44 11 41 32 43 0 22 18 4 21 37 5 34 17 45 14 29 35 40 13 7 12 26 2 42 20 3 27 39 1 36 24 25 31 30 16 10 19 15 
0 12
1 36
2 30
3 33
4 15
5 18
6 2
7 27
8 4
9 5
10 43
11 8
12 28
13 26
14 22
15 45
16 42
17 20
18 14
19 44
20 32
21 16
22 13
23 1
24 38
25 39
26 29
27 34
28 3
29 23
30 41
31 40
32 10
33 0
34 19
35 24
36 37
37 17
38 6
39 35
40 25
41 9
42 31
43 11
44 7
45 21
SIMILAR

16 5 41 11 45 39 37 44 21 4 13 8 1 29 28 2 32 9 10 18 15 12 19 0 34 40 38 6 31 26 25 7 33 30 43 42 36 3 14 20 35 24 17 27 23 22 
0 23
1 12
2 15
3 37
4 9
5 1
6 27
7 31
8 11
9 17
10 18
11 3
12 21
13 10
14 38
15 20
16 0
17 42
18 19
19 22
20 39
21 8
22 45
23 44
24 41
25 30
26 29
27 43
28 14
29 13
30 33
31 28
32 16
33 32
34 24
35 40
36 36
37 6
38 26
39 5
40 25
41 2
42 35
43 34
44 7
45 4
SIMILAR

41 6 37 30 4 21 13 32 7 34 16 9 24 18 33 22 19 25 42 17 1 40 26 5 3 8 12 43 2 44 39 31 10 15 36 27 45 20 14 0 28 29 23 11 38 35 
0 39
1 20
2 28
3 24
4 4
5 23
6 1
7 8
8 25
9 11
10 32
11 43
12 26
13 6
14 38
15 33
16 10
17 19
18 13
19 16
20 37
21 5
22 15
23 42
24 12
25 17
26 22
27 35
28 40
29 41
30 3
31 31
32 7
33 14
34 9
35 45
36 34
37 2
38 44
39 30
40 21
41 0
42 18
43 27
44 29
45 36
SIMILAR
100 0
6600 0
426600 0
