46
0 1 1 1 1 1 1 1 0 1 0 0 0 0 0 1 1 1 0 1 0 0 1 1 0 0 1 1 1 0 0 1 1 0 1 0 1 0 0 0 1 0 1 1 1 0 
1 0 0 1 0 0 1 1 1 1 0 1 1 0 0 1 0 1 1 0 0 1 1 1 0 1 1 0 0 0 0 1 1 1 0 1 0 0 1 1 1 1 1 0 0 1 
1 0 0 1 0 1 1 0 1 1 0 0 0 1 0 1 1 0 1 1 1 1 0 1 0 1 1 1 1 0 1 1 1 0 0 1 1 0 0 1 1 0 1 1 1 1 
1 1 1 0 1 0 0 1 1 1 1 0 1 1 0 1 0 1 1 1 1 0 1 0 1 0 1 1 1 0 1 1 1 0 0 1 1 0 1 0 1 0 1 1 0 0 
1 0 0 1 0 0 0 0 1 1 1 1 1 1 0 0 0 0 0 1 0 0 0 1 0 1 1 1 0 1 1 0 0 1 1 1 0 0 0 1 1 0 0 0 1 0 
1 0 1 0 0 0 1 0 0 0 0 1 1 1 1 1 0 0 0 0 0 0 1 0 0 1 0 0 1 1 1 1 1 1 0 1 1 1 1 1 0 0 0 1 1 1 
1 1 1 0 0 1 0 0 0 0 0 1 0 0 1 1 1 1 1 1 1 1 1 1 1 0 0 1 0 0 1 1 0 0 1 0 1 0 1 0 0 0 0 0 1 0 
1 1 0 1 0 0 0 0 0 1 0 0 1 1 1 0 1 1 1 1 0 0 0 0 1 1 1 1 1 0 1 0 1 1 1 0 0 0 0 0 0 0 1 1 0 1 
0 1 1 1 1 0 0 0 0 1 0 0 1 0 1 0 0 1 1 1 0 0 1 0 1 1 1 1 1 0 1 1 1 0 0 0 1 0 1 0 0 1 1 1 1 0 
1 1 1 1 1 0 0 1 1 0 0 0 1 0 0 0 1 0 0 0 1 1 1 0 0 1 1 1 1 0 0 1 0 1 1 0 0 1 1 1 1 1 0 1 1 0 
0 0 0 1 1 0 0 0 0 0 0 0 0 0 1 0 0 1 0 0 0 0 1 0 0 0 0 0 0 1 0 1 0 0 0 0 1 0 0 1 1 1 1 0 0 1 
0 1 0 0 1 1 1 0 0 0 0 0 0 0 1 0 1 1 0 0 0 1 1 0 0 0 0 1 1 1 0 0 1 0 0 0 1 0 0 1 0 1 0 1 0 0 
0 1 0 1 1 1 0 1 1 1 0 0 0 1 0 0 0 0 0 0 0 0 0 0 0 0 1 0 1 1 0 1 0 1 1 1 0 0 0 1 1 1 0 1 0 1 
0 0 1 1 1 1 0 1 0 0 0 0 1 0 0 1 1 1 0 0 1 0 0 1 0 1 1 0 1 1 0 0 0 1 1 1 0 1 1 0 0 1 0 1 1 1 
0 0 0 0 0 1 1 1 1 0 1 1 0 0 0 0 1 1 1 0 1 0 1 1 1 0 0 0 0 0 1 0 0 0 1 0 1 0 1 0 0 1 0 1 0 1 
1 1 1 1 0 1 1 0 0 0 0 0 0 1 0 0 1 0 1 1 1 0 1 0 1 0 0 0 0 0 1 0 0 1 0 1 0 1 1 0 0 0 0 1 1 1 
1 0 1 0 0 0 1 1 0 1 0 1 0 1 1 1 0 1 0 1 0 0 1 0 0 0 0 0 0 0 0 0 0 0 0 0 1 1 0 0 1 1 0 0 0 1 
1 1 0 1 0 0 1 1 1 0 1 1 0 1 1 0 1 0 1 0 0 1 1 1 0 0 0 1 1 1 0 0 0 0 1 0 0 0 0 1 1 1 1 0 0 0 
0 1 1 1 0 0 1 1 1 0 0 0 0 0 1 1 0 1 0 0 1 1 1 0 1 1 0 0 1 1 1 1 1 1 0 1 1 0 0 1 1 1 1 0 1 0 
1 0 1 1 1 0 1 1 1 0 0 0 0 0 0 1 1 0 0 0 0 1 0 1 1 1 1 0 0 0 1 0 0 1 1 1 0 1 1 0 0 0 0 1 1 0 
0 0 1 1 0 0 1 0 0 1 0 0 0 1 1 1 0 0 1 0 0 1 0 1 1 0 1 1 1 1 0 0 0 0 0 1 0 1 0 1 1 1 1 0 1 0 
0 1 1 0 0 0 1 0 0 1 0 1 0 0 0 0 0 1 1 1 1 0 1 1 0 1 0 1 1 1 1 1 1 0 1 1 0 1 0 1 1 0 0 1 1 1 
1 1 0 1 0 1 1 0 1 1 1 1 0 0 1 1 1 1 1 0 0 1 0 0 0 0 1 0 1 1 1 1 1 0 1 0 1 1 1 0 0 0 1 0 1 1 
1 1 1 0 1 0 1 0 0 0 0 0 0 1 1 0 0 1 0 1 1 1 0 0 1 1 0 0 1 0 1 1 1 1 0 0 1 1 1 1 1 0 1 1 0 0 
0 0 0 1 0 0 1 1 1 0 0 0 0 0 1 1 0 0 1 1 1 0 0 1 0 0 0 0 0 0 0 1 1 1 0 0 0 0 1 0 1 1 1 0 1 1 
0 1 1 0 1 1 0 1 1 1 0 0 0 1 0 0 0 0 1 1 0 1 0 1 0 0 0 1 1 1 0 1 1 0 0 0 0 0 1 1 1 1 1 0 1 1 
1 1 1 1 1 0 0 1 1 1 0 0 1 1 0 0 0 0 0 1 1 0 1 0 0 0 0 1 1 0 0 0 1 0 1 0 0 0 1 0 1 0 0 1 0 0 
1 0 1 1 1 0 1 1 1 1 0 1 0 0 0 0 0 1 0 0 1 1 0 0 0 1 1 0 0 1 0 1 0 1 1 1 0 0 1 0 0 1 0 0 0 0 
1 0 1 1 0 1 0 1 1 1 0 1 1 1 0 0 0 1 1 0 1 1 1 1 0 1 1 0 0 1 1 0 0 1 0 1 0 1 1 0 1 0 1 1 0 0 
0 0 0 0 1 1 0 0 0 0 1 1 1 1 0 0 0 1 1 0 1 1 1 0 0 1 0 1 1 0 1 0 1 1 0 1 0 1 1 1 1 1 1 0 1 1 
0 0 1 1 1 1 1 1 1 0 0 0 0 0 1 1 0 0 1 1 0 1 1 1 0 0 0 0 1 1 0 1 1 0 0 1 0 0 1 1 0 1 0 1 0 1 
1 1 1 1 0 1 1 0 1 1 1 0 1 0 0 0 0 0 1 0 0 1 1 1 1 1 0 1 0 0 1 0 1 0 0 0 0 0 0 1 0 0 0 0 1 1 
1 1 1 1 0 1 0 1 1 0 0 1 0 0 0 0 0 0 1 0 0 1 1 1 1 1 1 0 0 1 1 1 0 1 1 1 0 0 1 1 1 0 0 0 0 1 
0 1 0 0 1 1 0 1 0 1 0 0 1 1 0 1 0 0 1 1 0 0 0 1 1 0 0 1 1 1 0 0 1 0 1 0 0 1 0 0 0 1 0 1 1 0 
1 0 0 0 1 0 1 1 0 1 0 0 1 1 1 0 0 1 0 1 0 1 1 0 0 0 1 1 0 0 0 0 1 1 0 1 1 0 1 1 1 1 0 1 0 0 
0 1 1 1 1 1 0 0 0 0 0 0 1 1 0 1 0 0 1 1 1 1 0 0 0 0 0 1 1 1 1 0 1 0 1 0 1 1 1 0 1 0 0 1 1 1 
1 0 1 1 0 1 1 0 1 0 1 1 0 0 1 0 1 0 1 0 0 0 1 1 0 0 0 0 0 0 0 0 0 0 1 1 0 1 1 1 0 1 1 0 1 1 
0 0 0 0 0 1 0 0 0 1 0 0 0 1 0 1 1 0 0 1 1 1 1 1 0 0 0 0 1 1 0 0 0 1 0 1 1 0 1 0 0 0 1 0 0 1 
0 1 0 1 0 1 1 0 1 1 0 0 0 1 1 1 0 0 0 1 0 0 1 1 1 1 1 1 1 1 1 0 1 0 1 1 1 1 0 1 1 1 1 0 1 1 
0 1 1 0 1 1 0 0 0 1 1 1 1 0 0 0 0 1 1 0 1 1 0 1 0 1 0 0 0 1 1 1 1 0 1 0 1 0 1 0 0 0 1 0 0 0 
1 1 1 1 1 0 0 0 0 1 1 0 1 0 0 0 1 1 1 0 1 1 0 1 1 1 1 0 1 1 0 0 1 0 1 1 0 0 1 0 0 0 0 1 1 0 
0 1 0 0 0 0 0 0 1 1 1 1 1 1 1 0 1 1 1 0 1 0 0 0 1 1 0 1 0 1 1 0 0 1 1 0 1 0 1 0 0 0 0 0 0 0 
1 1 1 1 0 0 0 1 1 0 1 0 0 0 0 0 0 1 1 0 1 0 1 1 1 1 0 0 1 1 0 0 0 0 0 0 1 1 1 1 0 0 0 0 1 1 
1 0 1 1 0 1 0 1 1 1 0 1 1 1 1 1 0 0 0 1 0 1 0 1 0 0 1 0 1 0 1 0 0 1 1 1 0 0 0 0 1 0 0 0 0 0 
1 0 1 0 1 1 1 0 1 1 0 0 0 1 0 1 0 0 1 1 1 1 1 0 1 1 0 0 0 1 0 1 0 1 0 1 1 0 1 0 1 0 1 0 0 0 
0 1 1 0 0 1 0 1 0 0 1 0 1 1 1 1 1 0 0 0 0 1 1 0 1 1 0 0 0 1 1 1 1 0 0 1 1 1 1 0 0 0 1 0 0 0 

23 26 19 17 14 35 34 44 38 29 22 2 45 30 15 41 36 31 32 40 1 4 11 13 10 9 27 16 8 18 5 39 3 24 21 37 12 43 7 33 6 20 28 42 25 0 
0 45
1 20
2 11
3 32
4 21
5 30
6 40
7 38
8 28
9 25
10 24
11 22
12 36
13 23
14 4
15 14
16 27
17 3
18 29
19 2
20 41
21 34
22 10
23 0
24 33
25 44
26 1
27 26
28 42
29 9
30 13
31 17
32 18
33 39
34 6
35 5
36 16
37 35
38 8
39 31
40 19
41 15
42 43
43 37
44 7
45 12
SIMILAR

23 5 26 27 21 24 9 35 6 36 1 13 32 42 12 29 44 2 31 18 38 19 0 22 40 11 20 10 30 3 7 45 8 15 25 33 16 17 43 14 4 37 34 41 39 28 
0 22
1 10
2 17
3 29
4 40
5 1
6 8
7 30
8 32
9 6
10 27
11 25
12 14
13 11
14 39
15 33
16 36
17 37
18 19
19 21
20 26
21 4
22 23
23 0
24 5
25 34
26 2
27 3
28 45
29 15
30 28
31 18
32 12
33 35
34 42
35 7
36 9
37 41
38 20
39 44
40 24
41 43
42 13
43 38
44 16
45 31
SIMILAR

45 26 7 9 28 10 30 13 40 8 34 2 3 37 25 23 38 44 20 1 36 33 27 5 11 14 42 19 39 12 17 35 24 29 41 15 16 22 18 0 43 4 32 21 31 6 
0 39
1 19
2 11
3 12
4 41
5 23
6 45
7 2
8 9
9 3
10 5
11 24
12 29
13 7
14 25
15 35
16 36
17 30
18 38
19 27
20 18
21 43
22 37
23 15
24 32
25 14
26 1
27 22
28 4
29 33
30 6
31 44
32 42
33 21
34 10
35 31
36 20
37 13
38 16
39 28
40 8
41 34
42 26
43 40
44 17
45 0
SIMILAR

0 3 4 38 44 12 23 7 33 37 32 15 17 5 20 8 14 35 22 6 29 2 18 43 1 9 21 45 10 39 36 40 27 13 28 34 11 30 41 16 31 42 24 26 19 25 
0 0
1 24
2 21
3 1
4 2
5 13
6 19
7 7
8 15
9 25
10 28
11 36
12 5
13 33
14 16
15 11
16 39
17 12
18 22
19 44
20 14
21 26
22 18
23 6
24 42
25 45
26 43
27 32
28 34
29 20
30 37
31 40
32 10
33 8
34 35
35 17
36 30
37 9
38 3
39 29
40 31
41 38
42 41
43 23
44 4
45 27
SIMILAR

26 6 11 34 21 31 43 2 7 15 5 10 32 41 18 3 9 14 38 8 17 33 13 42 22 20 30 0 1 39 25 45 37 36 4 23 16 44 28 35 19 40 27 24 12 29 
0 27
1 28
2 7
3 15
4 34
5 10
6 1
7 8
8 19
9 16
10 11
11 2
12 44
13 22
14 17
15 9
16 36
17 20
18 14
19 40
20 25
21 4
22 24
23 35
24 43
25 30
26 0
27 42
28 38
29 45
30 26
31 5
32 12
33 21
34 3
35 39
36 33
37 32
38 18
39 29
40 41
41 13
42 23
43 6
44 37
45 31
SIMILAR

22 9 40 28 44 5 29 17 23 36 18 16 15 3 31 27 2 14 8 42 43 26 13 25 7 33 32 1 35 34 24 30 41 6 10 45 19 4 38 20 37 21 39 11 0 12 
0 44
1 27
2 16
3 13
4 37
5 5
6 33
7 24
8 18
9 1
10 34
11 43
12 45
13 22
14 17
15 12
16 11
17 7
18 10
19 36
20 39
21 41
22 0
23 8
24 30
25 23
26 21
27 15
28 3
29 6
30 31
31 14
32 26
33 25
34 29
35 28
36 9
37 40
38 38
39 42
40 2
41 32
42 19
43 20
44 4
45 35
SIMILAR

14 42 0 11 9 28 13 36 32 15 25 16 29 27 12 19 35 7 41 45 20 26 31 21 44 30 17 40 22 2 34 10 8 24 37 33 43 5 23 3 1 18 4 6 38 39 
0 2
1 40
2 29
3 39
4 42
5 37
6 43
7 17
8 32
9 4
10 31
11 3
12 14
13 6
14 0
15 9
16 11
17 26
18 41
19 15
20 20
21 23
22 28
23 38
24 33
25 10
26 21
27 13
28 5
29 12
30 25
31 22
32 8
33 35
34 30
35 16
36 7
37 34
38 44
39 45
40 27
41 18
42 1
43 36
44 24
45 19
SIMILAR

21 17 13 40 32 31 41 45 44 14 18 27 39 10 9 0 38 16 26 24 34 5 25 4 7 33 42 15 43 12 35 28 11 30 1 37 8 29 20 3 6 2 36 19 23 22 
0 15
1 34
2 41
3 39
4 23
5 21
6 40
7 24
8 36
9 14
10 13
11 32
12 29
13 2
14 9
15 27
16 17
17 1
18 10
19 43
20 38
21 0
22 45
23 44
24 19
25 22
26 18
27 11
28 31
29 37
30 33
31 5
32 4
33 25
34 20
35 30
36 42
37 35
38 16
39 12
40 3
41 6
42 26
43 28
44 8
45 7
SIMILAR

9 13 23 41 39 18 6 31 24 34 16 22 28 35 17 33 45 11 7 15 32 20 38 3 25 4 27 0 21 40 42 5 8 30 19 44 29 37 1 43 36 2 12 10 26 14 
0 27
1 38
2 41
3 23
4 25
5 31
6 6
7 18
8 32
9 0
10 43
11 17
12 42
13 1
14 45
15 19
16 10
17 14
18 5
19 34
20 21
21 28
22 11
23 2
24 8
25 24
26 44
27 26
28 12
29 36
30 33
31 7
32 20
33 15
34 9
35 13
36 40
37 37
38 22
39 4
40 29
41 3
42 30
43 39
44 35
45 16
SIMILAR

38 25 33 7 45 0 22 30 18 41 37 26 34 16 39 32 43 12 2 35 36 10 23 19 20 4 40 13 28 9 3 8 42 15 29 5 31 44 11 21 27 17 6 1 24 14 
0 5
1 43
2 18
3 30
4 25
5 35
6 42
7 3
8 31
9 29
10 21
11 38
12 17
13 27
14 45
15 33
16 13
17 41
18 8
19 23
20 24
21 39
22 6
23 22
24 44
25 1
26 11
27 40
28 28
29 34
30 7
31 36
32 15
33 2
34 12
35 19
36 20
37 10
38 0
39 14
40 26
41 9
42 32
43 16
44 37
45 4
SIMILAR

41 13 12 34 21 18 2 43 32 1 25 0 4 14 3 23 16 40 27 11 15 33 24 37 20 22 30 9 19 17 45 29 44 26 39 31 6 36 10 7 38 42 35 8 5 28 
0 11
1 9
2 6
3 14
4 12
5 44
6 36
7 39
8 43
9 27
10 38
11 19
12 2
13 1
14 13
15 20
16 16
17 29
18 5
19 28
20 24
21 4
22 25
23 15
24 22
25 10
26 33
27 18
28 45
29 31
30 26
31 35
32 8
33 21
34 3
35 42
36 37
37 23
38 40
39 34
40 17
41 0
42 41
43 7
44 32
45 30
SIMILAR

32 30 45 38 3 23 19 39 15 17 22 29 31 11 2 42 10 1 26 13 16 24 5 35 18 43 21 20 8 33 4 28 12 40 9 34 36 7 6 25 14 27 37 0 44 41 
0 43
1 17
2 14
3 4
4 30
5 22
6 38
7 37
8 28
9 34
10 16
11 13
12 32
13 19
14 40
15 8
16 20
17 9
18 24
19 6
20 27
21 26
22 10
23 5
24 21
25 39
26 18
27 41
28 31
29 11
30 1
31 12
32 0
33 29
34 35
35 23
36 36
37 42
38 3
39 7
40 33
41 45
42 15
43 25
44 44
45 2
SIMILAR

7 1 44 43 23 4 45 0 26 6 32 36 22 9 41 13 39 20 14 8 10 31 29 15 25 16 19 34 37 40 12 38 33 2 35 28 42 18 24 27 11 21 3 5 17 30 
0 7
1 1
2 33
3 42
4 5
5 43
6 9
7 0
8 19
9 13
10 20
11 40
12 30
13 15
14 18
15 23
16 25
17 44
18 37
19 26
20 17
21 41
22 12
23 4
24 38
25 24
26 8
27 39
28 35
29 22
30 45
31 21
32 10
33 32
34 27
35 34
36 11
37 28
38 31
39 16
40 29
41 14
42 36
43 3
44 2
45 6
SIMILAR

18 13 8 0 20 6 16 9 30 25 5 26 39 11 37 23 27 17 7 24 28 45 29 42 22 41 10 32 38 44 43 1 15 36 14 31 35 4 21 3 12 19 2 33 40 34 
0 3
1 31
2 42
3 39
4 37
5 10
6 5
7 18
8 2
9 7
10 26
11 13
12 40
13 1
14 34
15 32
16 6
17 17
18 0
19 41
20 4
21 38
22 24
23 15
24 19
25 9
26 11
27 16
28 20
29 22
30 8
31 35
32 27
33 43
34 45
35 36
36 33
37 14
38 28
39 12
40 44
41 25
42 23
43 30
44 29
45 21
SIMILAR

9 33 14 17 26 2 41 27 37 8 40 36 5 16 35 7 42 34 43 18 44 21 10 4 28 24 3 23 1 25 32 39 19 12 38 45 22 31 6 15 0 11 30 20 13 29 
0 40
1 28
2 5
3 26
4 23
5 12
6 38
7 15
8 9
9 0
10 22
11 41
12 33
13 44
14 2
15 39
16 13
17 3
18 19
19 32
20 43
21 21
22 36
23 27
24 25
25 29
26 4
27 7
28 24
29 45
30 42
31 37
32 30
33 1
34 17
35 14
36 11
37 8
38 34
39 31
40 10
41 6
42 16
43 18
44 20
45 35
SIMILAR

12 35 14 6 15 29 8 45 36 27 5 32 26 39 3 24 42 37 20 0 25 16 7 17 13 43 21 10 44 23 2 22 40 33 41 30 34 1 9 19 38 31 28 18 11 4 
0 19
1 37
2 30
3 14
4 45
5 10
6 3
7 22
8 6
9 38
10 27
11 44
12 0
13 24
14 2
15 4
16 21
17 23
18 43
19 39
20 18
21 26
22 31
23 29
24 15
25 20
26 12
27 9
28 42
29 5
30 35
31 41
32 11
33 33
34 36
35 1
36 8
37 17
38 40
39 13
40 32
41 34
42 16
43 25
44 28
45 7
SIMILAR

33 32 20 21 39 44 13 6 40 15 5 19 23 41 9 22 8 42 34 38 29 0 31 12 16 11 36 2 37 18 17 3 7 26 45 25 24 28 1 4 14 10 35 43 27 30 
0 21
1 38
2 27
3 31
4 39
5 10
6 7
7 32
8 16
9 14
10 41
11 25
12 23
13 6
14 40
15 9
16 24
17 30
18 29
19 11
20 2
21 3
22 15
23 12
24 36
25 35
26 33
27 44
28 37
29 20
30 45
31 22
32 1
33 0
34 18
35 42
36 26
37 28
38 19
39 4
40 8
41 13
42 17
43 43
44 5
45 34
SIMILAR

8 42 27 30 7 37 26 0 21 43 45 25 17 31 13 2 19 28 11 39 20 16 29 10 23 15 1 33 6 32 22 3 18 12 41 40 44 36 24 5 9 38 35 14 4 34 
0 7
1 26
2 15
3 31
4 44
5 39
6 28
7 4
8 0
9 40
10 23
11 18
12 33
13 14
14 43
15 25
16 21
17 12
18 32
19 16
20 20
21 8
22 30
23 24
24 38
25 11
26 6
27 2
28 17
29 22
30 3
31 13
32 29
33 27
34 45
35 42
36 37
37 5
38 41
39 19
40 35
41 34
42 1
43 9
44 36
45 10
SIMILAR

36 3 24 17 31 28 15 27 23 33 7 19 4 0 37 1 25 18 39 10 13 20 6 5 29 14 11 26 8 30 45 9 2 38 21 22 34 32 44 35 42 41 12 40 16 43 
0 13
1 15
2 32
3 1
4 12
5 23
6 22
7 10
8 28
9 31
10 19
11 26
12 42
13 20
14 25
15 6
16 44
17 3
18 17
19 11
20 21
21 34
22 35
23 8
24 2
25 16
26 27
27 7
28 5
29 24
30 29
31 4
32 37
33 9
34 36
35 39
36 0
37 14
38 33
39 18
40 43
41 41
42 40
43 45
44 38
45 30
SIMILAR

8 15 34 32 19 0 5 29 17 37 12 26 45 28 13 23 3 11 21 25 42 2 14 27 6 38 22 7 44 18 35 16 36 9 39 24 20 43 31 33 41 10 4 1 40 30 
0 5
1 43
2 21
3 16
4 42
5 6
6 24
7 27
8 0
9 33
10 41
11 17
12 10
13 14
14 22
15 1
16 31
17 8
18 29
19 4
20 36
21 18
22 26
23 15
24 35
25 19
26 11
27 23
28 13
29 7
30 45
31 38
32 3
33 39
34 2
35 30
36 32
37 9
38 25
39 34
40 44
41 40
42 20
43 37
44 28
45 12
SIMILAR

4 36 21 43 39 18 6 31 2 15 10 25 16 20 8 29 5 27 9 44 34 1 11 42 40 14 22 33 32 30 7 13 17 35 24 37 28 38 26 0 12 23 3 45 19 41 
0 39
1 21
2 8
3 42
4 0
5 16
6 6
7 30
8 14
9 18
10 10
11 22
12 40
13 31
14 25
15 9
16 12
17 32
18 5
19 44
20 13
21 2
22 26
23 41
24 34
25 11
26 38
27 17
28 36
29 15
30 29
31 7
32 28
33 27
34 20
35 33
36 1
37 35
38 37
39 4
40 24
41 45
42 23
43 3
44 19
45 43
SIMILAR

15 28 39 6 26 2 19 38 41 35 25 5 44 3 9 37 32 13 30 16 33 8 7 4 27 14 18 10 34 11 21 40 17 36 45 24 1 22 43 42 31 29 12 0 23 20 
0 43
1 36
2 5
3 13
4 23
5 11
6 3
7 22
8 21
9 14
10 27
11 29
12 42
13 17
14 25
15 0
16 19
17 32
18 26
19 6
20 45
21 30
22 37
23 44
24 35
25 10
26 4
27 24
28 1
29 41
30 18
31 40
32 16
33 20
34 28
35 9
36 33
37 15
38 7
39 2
40 31
41 8
42 39
43 38
44 12
45 34
SIMILAR

23 25 6 2 13 10 18 40 35 30 4 43 41 33 0 15 12 24 39 42 16 36 26 37 21 44 14 28 22 11 38 32 34 1 9 31 17 5 29 3 45 8 27 20 19 7 
0 14
1 33
2 3
3 39
4 10
5 37
6 2
7 45
8 41
9 34
10 5
11 29
12 16
13 4
14 26
15 15
16 20
17 36
18 6
19 44
20 43
21 24
22 28
23 0
24 17
25 1
26 22
27 42
28 27
29 38
30 9
31 35
32 31
33 13
34 32
35 8
36 21
37 23
38 30
39 18
40 7
41 12
42 19
43 11
44 25
45 40
SIMILAR

2 29 42 28 10 9 37 22 31 1 45 11 41 43 44 34 6 24 20 7 18 27 21 12 40 19 32 39 0 3 36 13 15 25 38 5 14 30 26 17 8 23 33 4 35 16 
0 28
1 9
2 0
3 29
4 43
5 35
6 16
7 19
8 40
9 5
10 4
11 11
12 23
13 31
14 36
15 32
16 45
17 39
18 20
19 25
20 18
21 22
22 7
23 41
24 17
25 33
26 38
27 21
28 3
29 1
30 37
31 8
32 26
33 42
34 15
35 44
36 30
37 6
38 34
39 27
40 24
41 12
42 2
43 13
44 14
45 10
SIMILAR

11 0 35 5 4 13 37 19 38 3 40 8 9 25 20 15 27 42 23 24 34 16 43 1 7 44 21 29 36 39 33 30 18 28 45 17 14 41 26 22 10 12 2 6 31 32 
0 1
1 23
2 42
3 9
4 4
5 3
6 43
7 24
8 11
9 12
10 40
11 0
12 41
13 5
14 36
15 15
16 21
17 35
18 32
19 7
20 14
21 26
22 39
23 18
24 19
25 13
26 38
27 16
28 33
29 27
30 31
31 44
32 45
33 30
34 20
35 2
36 28
37 6
38 8
39 29
40 10
41 37
42 17
43 22
44 25
45 34
SIMILAR

18 16 44 24 34 2 15 7 39 28 20 41 33 10 30 12 13 29 40 8 0 26 3 14 6 32 1 45 17 36 11 4 25 35 22 21 42 31 37 27 23 43 19 9 38 5 
0 20
1 26
2 5
3 22
4 31
5 45
6 24
7 7
8 19
9 43
10 13
11 30
12 15
13 16
14 23
15 6
16 1
17 28
18 0
19 42
20 10
21 35
22 34
23 40
24 3
25 32
26 21
27 39
28 9
29 17
30 14
31 37
32 25
33 12
34 4
35 33
36 29
37 38
38 44
39 8
40 18
41 11
42 36
43 41
44 2
45 27
SIMILAR

24 43 6 2 9 44 7 16 4 23 13 19 29 22 14 42 20 45 18 40 34 33 30 26 35 32 0 10 5 1 21 3 11 28 17 38 12 41 8 25 39 27 31 37 36 15 
0 26
1 29
2 3
3 31
4 8
5 28
6 2
7 6
8 38
9 4
10 27
11 32
12 36
13 10
14 14
15 45
16 7
17 34
18 18
19 11
20 16
21 30
22 13
23 9
24 0
25 39
26 23
27 41
28 33
29 12
30 22
31 42
32 25
33 21
34 20
35 24
36 44
37 43
38 35
39 40
40 19
41 37
42 15
43 1
44 5
45 17
SIMILAR

40 11 17 27 1 33 14 13 42 24 34 45 9 31 28 5 32 15 19 30 35 20 36 29 26 7 18 44 4 38 41 16 21 39 10 2 8 3 37 22 23 12 6 43 0 25 
0 44
1 4
2 35
3 37
4 28
5 15
6 42
7 25
8 36
9 12
10 34
11 1
12 41
13 7
14 6
15 17
16 31
17 2
18 26
19 18
20 21
21 32
22 39
23 40
24 9
25 45
26 24
27 3
28 14
29 23
30 19
31 13
32 16
33 5
34 10
35 20
36 22
37 38
38 29
39 33
40 0
41 30
42 8
43 43
44 27
45 11
SIMILAR

22 45 30 44 20 9 12 38 36 8 21 28 29 19 10 2 11 34 37 6 4 27 15 7 24 18 33 17 43 14 25 5 42 41 26 23 1 35 40 13 0 3 16 32 31 39 
0 40
1 36
2 15
3 41
4 20
5 31
6 19
7 23
8 9
9 5
10 14
11 16
12 6
13 39
14 29
15 22
16 42
17 27
18 25
19 13
20 4
21 10
22 0
23 35
24 24
25 30
26 34
27 21
28 11
29 12
30 2
31 44
32 43
33 26
34 17
35 37
36 8
37 18
38 7
39 45
40 38
41 33
42 32
43 28
44 3
45 1
SIMILAR

6 40 39 12 10 18 0 2 14 37 5 30 43 19 22 16 42 36 25 8 23 13 32 28 44 31 24 21 9 35 20 3 17 38 45 34 4 15 1 29 41 33 7 11 27 26 
0 6
1 38
2 7
3 31
4 36
5 10
6 0
7 42
8 19
9 28
10 4
11 43
12 3
13 21
14 8
15 37
16 15
17 32
18 5
19 13
20 30
21 27
22 14
23 20
24 26
25 18
26 45
27 44
28 23
29 39
30 11
31 25
32 22
33 41
34 35
35 29
36 17
37 9
38 33
39 2
40 1
41 40
42 16
43 12
44 24
45 34
SIMILAR

19 15 17 10 3 35 20 9 40 13 36 28 26 33 18 30 5 22 0 23 39 14 38 4 31 21 43 24 42 1 25 8 6 29 2 7 27 45 32 44 34 16 12 11 41 37 
0 18
1 29
2 34
3 4
4 23
5 16
6 32
7 35
8 31
9 7
10 3
11 43
12 42
13 9
14 21
15 1
16 41
17 2
18 14
19 0
20 6
21 25
22 17
23 19
24 27
25 30
26 12
27 36
28 11
29 33
30 15
31 24
32 38
33 13
34 40
35 5
36 10
37 45
38 22
39 20
40 8
41 44
42 28
43 26
44 39
45 37
SIMILAR

20 33 4 36 7 22 44 17 15 35 38 29 19 3 42 34 5 37 45 0 25 30 41 14 24 1 39 2 31 32 13 6 21 9 27 26 10 8 12 16 28 23 43 18 40 11 
0 19
1 25
2 27
3 13
4 2
5 16
6 31
7 4
8 37
9 33
10 36
11 45
12 38
13 30
14 23
15 8
16 39
17 7
18 43
19 12
20 0
21 32
22 5
23 41
24 24
25 20
26 35
27 34
28 40
29 11
30 21
31 28
32 29
33 1
34 15
35 9
36 3
37 17
38 10
39 26
40 44
41 22
42 14
43 42
44 6
45 18
SIMILAR

4 23 27 25 19 7 14 21 15 35 5 1 3 44 38 26 30 9 42 39 17 12 13 24 11 36 41 8 0 20 33 40 29 34 37 45 18 31 6 2 10 16 32 43 22 28 
0 28
1 11
2 39
3 12
4 0
5 10
6 38
7 5
8 27
9 17
10 40
11 24
12 21
13 22
14 6
15 8
16 41
17 20
18 36
19 4
20 29
21 7
22 44
23 1
24 23
25 3
26 15
27 2
28 45
29 32
30 16
31 37
32 42
33 30
34 33
35 9
36 25
37 34
38 14
39 19
40 31
41 26
42 18
43 43
44 13
45 35
SIMILAR

16 4 34 11 1 28 8 33 36 43 40 17 27 38 22 21 18 39 7 29 12 6 19 9 14 13 2 10 5 37 23 20 15 45 30 31 42 44 41 35 32 26 0 25 3 24 
0 42
1 4
2 26
3 44
4 1
5 28
6 21
7 18
8 6
9 23
10 27
11 3
12 20
13 25
14 24
15 32
16 0
17 11
18 16
19 22
20 31
21 15
22 14
23 30
24 45
25 43
26 41
27 12
28 5
29 19
30 34
31 35
32 40
33 7
34 2
35 39
36 8
37 29
38 13
39 17
40 10
41 38
42 36
43 9
44 37
45 33
SIMILAR

11 35 5 0 2 7 38 25 17 18 43 4 27 16 29 12 34 9 42 13 40 3 28 23 31 15 20 10 26 37 39 19 32 41 21 22 6 1 44 33 14 8 24 45 36 30 
0 3
1 37
2 4
3 21
4 11
5 2
6 36
7 5
8 41
9 17
10 27
11 0
12 15
13 19
14 40
15 25
16 13
17 8
18 9
19 31
20 26
21 34
22 35
23 23
24 42
25 7
26 28
27 12
28 22
29 14
30 45
31 24
32 32
33 39
34 16
35 1
36 44
37 29
38 6
39 30
40 20
41 33
42 18
43 10
44 38
45 43
SIMILAR

14 12 31 23 9 10 41 17 44 30 26 45 42 19 3 40 7 6 39 0 15 27 13 43 36 2 38 33 25 34 37 4 11 21 1 35 18 29 20 24 32 28 16 22 5 8 
0 19
1 34
2 25
3 14
4 31
5 44
6 17
7 16
8 45
9 4
10 5
11 32
12 1
13 22
14 0
15 20
16 42
17 7
18 36
19 13
20 38
21 33
22 43
23 3
24 39
25 28
26 10
27 21
28 41
29 37
30 9
31 2
32 40
33 27
34 29
35 35
36 24
37 30
38 26
39 18
40 15
41 6
42 12
43 23
44 8
45 11
SIMILAR

42 7 4 13 26 14 22 30 36 39 10 18 31 28 27 40 12 45 9 24 37 44 23 17 15 34 41 33 38 3 25 11 43 20 0 16 1 8 2 35 6 21 32 5 29 19 
0 34
1 36
2 38
3 29
4 2
5 43
6 40
7 1
8 37
9 18
10 10
11 31
12 16
13 3
14 5
15 24
16 35
17 23
18 11
19 45
20 33
21 41
22 6
23 22
24 19
25 30
26 4
27 14
28 13
29 44
30 7
31 12
32 42
33 27
34 25
35 39
36 8
37 20
38 28
39 9
40 15
41 26
42 0
43 32
44 21
45 17
SIMILAR

22 31 2 41 44 0 4 29 43 15 32 27 6 40 7 20 19 23 3 1 25 16 38 8 11 45 18 5 35 21 10 28 13 24 17 37 14 33 36 9 42 39 30 26 12 34 
0 5
1 19
2 2
3 18
4 6
5 27
6 12
7 14
8 23
9 39
10 30
11 24
12 44
13 32
14 36
15 9
16 21
17 34
18 26
19 16
20 15
21 29
22 0
23 17
24 33
25 20
26 43
27 11
28 31
29 7
30 42
31 1
32 10
33 37
34 45
35 28
36 38
37 35
38 22
39 41
40 13
41 3
42 40
43 8
44 4
45 25
SIMILAR

40 8 44 21 27 9 11 20 15 13 32 39 22 25 35 29 3 5 43 24 23 4 34 12 19 38 28 14 31 45 42 6 7 26 0 37 30 1 36 33 10 41 17 2 18 16 
0 34
1 37
2 43
3 16
4 21
5 17
6 31
7 32
8 1
9 5
10 40
11 6
12 23
13 9
14 27
15 8
16 45
17 42
18 44
19 24
20 7
21 3
22 12
23 20
24 19
25 13
26 33
27 4
28 26
29 15
30 36
31 28
32 10
33 39
34 22
35 14
36 38
37 35
38 25
39 11
40 0
41 41
42 30
43 18
44 2
45 29
SIMILAR

3 19 32 41 30 44 43 0 12 25 33 28 45 29 15 20 17 7 22 40 36 14 26 42 10 18 24 8 31 34 4 21 5 11 13 27 2 6 37 38 1 9 35 16 23 39 
0 7
1 40
2 36
3 0
4 30
5 32
6 37
7 17
8 27
9 41
10 24
11 33
12 8
13 34
14 21
15 14
16 43
17 16
18 25
19 1
20 15
21 31
22 18
23 44
24 26
25 9
26 22
27 35
28 11
29 13
30 4
31 28
32 2
33 10
34 29
35 42
36 20
37 38
38 39
39 45
40 19
41 3
42 23
43 6
44 5
45 12
SIMILAR

35 41 23 2 9 13 12 1 7 36 18 28 43 31 14 11 0 4 45 20 44 8 37 40 24 27 6 19 16 10 25 5 34 42 22 26 3 15 39 17 29 30 38 32 33 21 
0 16
1 7
2 3
3 36
4 17
5 31
6 26
7 8
8 21
9 4
10 29
11 15
12 6
13 5
14 14
15 37
16 28
17 39
18 10
19 27
20 19
21 45
22 34
23 2
24 24
25 30
26 35
27 25
28 11
29 40
30 41
31 13
32 43
33 44
34 32
35 0
36 9
37 22
38 42
39 38
40 23
41 1
42 33
43 12
44 20
45 18
SIMILAR

36 31 19 23 29 16 27 43 30 1 12 32 20 40 6 9 28 42 26 25 21 7 17 34 2 18 13 15 0 24 5 8 45 38 33 10 11 22 39 35 14 41 44 4 3 37 
0 28
1 9
2 24
3 44
4 43
5 30
6 14
7 21
8 31
9 15
10 35
11 36
12 10
13 26
14 40
15 27
16 5
17 22
18 25
19 2
20 12
21 20
22 37
23 3
24 29
25 19
26 18
27 6
28 16
29 4
30 8
31 1
32 11
33 34
34 23
35 39
36 0
37 45
38 33
39 38
40 13
41 41
42 17
43 7
44 42
45 32
SIMILAR

28 27 20 17 36 8 0 13 1 10 43 38 6 33 25 18 12 16 37 24 31 41 23 39 2 26 32 44 7 15 21 5 45 9 29 19 40 42 35 14 11 4 34 22 3 30 
0 6
1 8
2 24
3 44
4 41
5 31
6 12
7 28
8 5
9 33
10 9
11 40
12 16
13 7
14 39
15 29
16 17
17 3
18 15
19 35
20 2
21 30
22 43
23 22
24 19
25 14
26 25
27 1
28 0
29 34
30 45
31 20
32 26
33 13
34 42
35 38
36 4
37 18
38 11
39 23
40 36
41 21
42 37
43 10
44 27
45 32
SIMILAR

40 20 44 2 45 26 15 7 37 17 10 38 39 4 34 19 11 6 33 3 25 29 13 42 23 16 43 0 27 30 8 9 28 31 35 21 22 5 24 1 32 41 12 36 18 14 
0 27
1 39
2 3
3 19
4 13
5 37
6 17
7 7
8 30
9 31
10 10
11 16
12 42
13 22
14 45
15 6
16 25
17 9
18 44
19 15
20 1
21 35
22 36
23 24
24 38
25 20
26 5
27 28
28 32
29 21
30 29
31 33
32 40
33 18
34 14
35 34
36 43
37 8
38 11
39 12
40 0
41 41
42 23
43 26
44 2
45 4
SIMILAR

5 40 6 16 7 26 27 15 13 39 3 41 31 34 20 24 12 18 19 21 33 9 1 8 36 17 2 25 42 10 4 44 29 23 35 37 32 45 38 22 11 28 30 14 43 0 
0 45
1 22
2 26
3 10
4 30
5 0
6 2
7 4
8 23
9 21
10 29
11 40
12 16
13 8
14 43
15 7
16 3
17 25
18 17
19 18
20 14
21 19
22 39
23 33
24 15
25 27
26 5
27 6
28 41
29 32
30 42
31 12
32 36
33 20
34 13
35 34
36 24
37 35
38 38
39 9
40 1
41 11
42 28
43 44
44 31
45 37
SIMILAR

34 36 26 4 12 3 37 11 9 28 29 25 0 39 45 17 14 7 18 13 38 35 23 20 1 44 27 43 10 21 19 33 32 5 15 30 2 40 22 24 41 16 31 42 6 8 
0 12
1 24
2 36
3 5
4 3
5 33
6 44
7 17
8 45
9 8
10 28
11 7
12 4
13 19
14 16
15 34
16 41
17 15
18 18
19 30
20 23
21 29
22 38
23 22
24 39
25 11
26 2
27 26
28 9
29 10
30 35
31 42
32 32
33 31
34 0
35 21
36 1
37 6
38 20
39 13
40 37
41 40
42 43
43 27
44 25
45 14
SIMILAR

7 24 26 21 23 33 22 27 6 36 4 39 25 9 42 13 35 18 28 5 29 16 32 12 38 43 44 34 8 37 14 17 40 20 11 1 2 15 45 10 41 30 19 0 3 31 
0 43
1 35
2 36
3 44
4 10
5 19
6 8
7 0
8 28
9 13
10 39
11 34
12 23
13 15
14 30
15 37
16 21
17 31
18 17
19 42
20 33
21 3
22 6
23 4
24 1
25 12
26 2
27 7
28 18
29 20
30 41
31 45
32 22
33 5
34 27
35 16
36 9
37 29
38 24
39 11
40 32
41 40
42 14
43 25
44 26
45 38
SIMILAR

24 22 17 30 12 19 26 10 20 37 35 25 15 11 23 7 5 3 34 33 31 0 8 18 43 38 40 13 4 1 16 32 36 27 41 14 6 29 9 21 44 28 42 45 39 2 
0 21
1 29
2 45
3 17
4 28
5 16
6 36
7 15
8 22
9 38
10 7
11 13
12 4
13 27
14 35
15 12
16 30
17 2
18 23
19 5
20 8
21 39
22 1
23 14
24 0
25 11
26 6
27 33
28 41
29 37
30 3
31 20
32 31
33 19
34 18
35 10
36 32
37 9
38 25
39 44
40 26
41 34
42 42
43 24
44 40
45 43
SIMILAR

6 42 23 32 21 14 24 34 20 45 13 9 16 30 11 15 8 25 41 39 4 28 38 0 22 19 31 37 17 26 40 43 44 2 35 33 10 5 1 36 7 18 27 29 12 3 
0 23
1 38
2 33
3 45
4 20
5 37
6 0
7 40
8 16
9 11
10 36
11 14
12 44
13 10
14 5
15 15
16 12
17 28
18 41
19 25
20 8
21 4
22 24
23 2
24 6
25 17
26 29
27 42
28 21
29 43
30 13
31 26
32 3
33 35
34 7
35 34
36 39
37 27
38 22
39 19
40 30
41 18
42 1
43 31
44 32
45 9
SIMILAR

8 33 15 29 42 2 37 32 31 24 18 16 26 30 40 21 19 17 20 7 22 10 12 0 13 45 25 23 14 34 41 35 36 5 6 3 28 9 43 44 11 38 4 39 27 1 
0 23
1 45
2 5
3 35
4 42
5 33
6 34
7 19
8 0
9 37
10 21
11 40
12 22
13 24
14 28
15 2
16 11
17 17
18 10
19 16
20 18
21 15
22 20
23 27
24 9
25 26
26 12
27 44
28 36
29 3
30 13
31 8
32 7
33 1
34 29
35 31
36 32
37 6
38 41
39 43
40 14
41 30
42 4
43 38
44 39
45 25
SIMILAR

40 37 4 11 45 10 20 21 29 2 12 26 3 17 7 33 19 15 41 5 34 18 35 25 31 36 16 1 8 44 42 27 0 22 13 9 23 38 14 39 28 24 32 43 30 6 
0 32
1 27
2 9
3 12
4 2
5 19
6 45
7 14
8 28
9 35
10 5
11 3
12 10
13 34
14 38
15 17
16 26
17 13
18 21
19 16
20 6
21 7
22 33
23 36
24 41
25 23
26 11
27 31
28 40
29 8
30 44
31 24
32 42
33 15
34 20
35 22
36 25
37 1
38 37
39 39
40 0
41 18
42 30
43 43
44 29
45 4
SIMILAR

24 30 26 13 14 16 40 31 39 3 35 38 25 0 32 20 9 44 43 1 42 34 22 10 41 2 12 8 4 17 19 15 6 33 45 28 23 11 29 5 36 7 21 27 18 37 
0 13
1 19
2 25
3 9
4 28
5 39
6 32
7 41
8 27
9 16
10 23
11 37
12 26
13 3
14 4
15 31
16 5
17 29
18 44
19 30
20 15
21 42
22 22
23 36
24 0
25 12
26 2
27 43
28 35
29 38
30 1
31 7
32 14
33 33
34 21
35 10
36 40
37 45
38 11
39 8
40 6
41 24
42 20
43 18
44 17
45 34
SIMILAR

25 3 14 20 17 39 40 30 44 28 4 6 41 5 24 12 11 8 22 10 26 2 1 21 37 19 42 15 29 33 35 38 34 23 32 45 36 43 27 18 13 0 7 9 16 31 
0 41
1 22
2 21
3 1
4 10
5 13
6 11
7 42
8 17
9 43
10 19
11 16
12 15
13 40
14 2
15 27
16 44
17 4
18 39
19 25
20 3
21 23
22 18
23 33
24 14
25 0
26 20
27 38
28 9
29 28
30 7
31 45
32 34
33 29
34 32
35 30
36 36
37 24
38 31
39 5
40 6
41 12
42 26
43 37
44 8
45 35
SIMILAR

15 7 22 23 40 19 5 32 20 38 39 4 28 8 27 42 45 31 41 44 43 16 9 3 25 33 37 17 24 21 12 0 29 13 35 11 14 6 30 26 36 10 18 34 1 2 
0 31
1 44
2 45
3 23
4 11
5 6
6 37
7 1
8 13
9 22
10 41
11 35
12 30
13 33
14 36
15 0
16 21
17 27
18 42
19 5
20 8
21 29
22 2
23 3
24 28
25 24
26 39
27 14
28 12
29 32
30 38
31 17
32 7
33 25
34 43
35 34
36 40
37 26
38 9
39 10
40 4
41 18
42 15
43 20
44 19
45 16
SIMILAR

5 20 38 36 8 39 21 34 12 23 24 18 41 43 45 1 30 26 32 2 16 29 13 22 17 6 42 10 31 0 11 33 25 9 7 28 3 37 4 19 15 27 40 44 35 14 
0 29
1 15
2 19
3 36
4 38
5 0
6 25
7 34
8 4
9 33
10 27
11 30
12 8
13 22
14 45
15 40
16 20
17 24
18 11
19 39
20 1
21 6
22 23
23 9
24 10
25 32
26 17
27 41
28 35
29 21
30 16
31 28
32 18
33 31
34 7
35 44
36 3
37 37
38 2
39 5
40 42
41 12
42 26
43 13
44 43
45 14
SIMILAR

35 20 22 32 3 28 0 13 4 12 44 11 9 25 21 45 16 36 1 30 2 23 34 6 18 41 26 24 38 40 33 15 39 10 37 17 8 31 42 19 5 43 27 14 7 29 
0 6
1 18
2 20
3 4
4 8
5 40
6 23
7 44
8 36
9 12
10 33
11 11
12 9
13 7
14 43
15 31
16 16
17 35
18 24
19 39
20 1
21 14
22 2
23 21
24 27
25 13
26 26
27 42
28 5
29 45
30 19
31 37
32 3
33 30
34 22
35 0
36 17
37 34
38 28
39 32
40 29
41 25
42 38
43 41
44 10
45 15
SIMILAR

43 38 45 21 14 34 1 19 17 41 28 4 27 5 8 31 23 35 37 16 25 33 18 20 6 36 3 24 11 42 26 2 32 9 40 29 12 30 22 10 15 7 13 0 39 44 
0 43
1 6
2 31
3 26
4 11
5 13
6 24
7 41
8 14
9 33
10 39
11 28
12 36
13 42
14 4
15 40
16 19
17 8
18 22
19 7
20 23
21 3
22 38
23 16
24 27
25 20
26 30
27 12
28 10
29 35
30 37
31 15
32 32
33 21
34 5
35 17
36 25
37 18
38 1
39 44
40 34
41 9
42 29
43 0
44 45
45 2
SIMILAR

20 7 32 29 24 31 25 13 0 17 23 1 16 11 45 40 2 4 12 6 10 41 27 35 33 44 34 39 14 37 43 19 15 18 5 3 42 9 30 8 22 36 38 21 26 28 
0 8
1 11
2 16
3 35
4 17
5 34
6 19
7 1
8 39
9 37
10 20
11 13
12 18
13 7
14 28
15 32
16 12
17 9
18 33
19 31
20 0
21 43
22 40
23 10
24 4
25 6
26 44
27 22
28 45
29 3
30 38
31 5
32 2
33 24
34 26
35 23
36 41
37 29
38 42
39 27
40 15
41 21
42 36
43 30
44 25
45 14
SIMILAR

25 3 34 33 6 27 32 10 19 37 24 44 5 28 36 14 30 23 40 39 1 42 2 41 18 11 22 0 12 35 26 17 4 9 20 45 15 29 16 13 38 8 7 31 21 43 
0 27
1 20
2 22
3 1
4 32
5 12
6 4
7 42
8 41
9 33
10 7
11 25
12 28
13 39
14 15
15 36
16 38
17 31
18 24
19 8
20 34
21 44
22 26
23 17
24 10
25 0
26 30
27 5
28 13
29 37
30 16
31 43
32 6
33 3
34 2
35 29
36 14
37 9
38 40
39 19
40 18
41 23
42 21
43 45
44 11
45 35
SIMILAR

39 45 17 3 10 25 38 15 27 33 11 19 8 36 4 9 20 42 5 26 30 0 13 24 35 43 40 21 28 14 31 2 6 22 37 44 29 12 1 18 34 16 41 23 7 32 
0 21
1 38
2 31
3 3
4 14
5 18
6 32
7 44
8 12
9 15
10 4
11 10
12 37
13 22
14 29
15 7
16 41
17 2
18 39
19 11
20 16
21 27
22 33
23 43
24 23
25 5
26 19
27 8
28 28
29 36
30 20
31 30
32 45
33 9
34 40
35 24
36 13
37 34
38 6
39 0
40 26
41 42
42 17
43 25
44 35
45 1
SIMILAR

11 4 37 0 45 41 9 25 44 40 2 13 35 33 27 31 38 7 29 22 17 20 15 36 16 10 24 23 34 28 26 3 12 43 18 1 32 42 8 19 39 14 6 30 5 21 
0 3
1 35
2 10
3 31
4 1
5 44
6 42
7 17
8 38
9 6
10 25
11 0
12 32
13 11
14 41
15 22
16 24
17 20
18 34
19 39
20 21
21 45
22 19
23 27
24 26
25 7
26 30
27 14
28 29
29 18
30 43
31 15
32 36
33 13
34 28
35 12
36 23
37 2
38 16
39 40
40 9
41 5
42 37
43 33
44 8
45 4
SIMILAR

16 25 8 22 17 37 44 43 32 35 30 28 3 15 40 0 42 45 24 18 12 14 39 6 27 41 23 11 26 29 7 36 31 38 5 13 4 33 1 9 10 19 2 34 20 21 
0 15
1 38
2 42
3 12
4 36
5 34
6 23
7 30
8 2
9 39
10 40
11 27
12 20
13 35
14 21
15 13
16 0
17 4
18 19
19 41
20 44
21 45
22 3
23 26
24 18
25 1
26 28
27 24
28 11
29 29
30 10
31 32
32 8
33 37
34 43
35 9
36 31
37 5
38 33
39 22
40 14
41 25
42 16
43 7
44 6
45 17
SIMILAR

23 36 6 27 35 38 25 7 40 5 3 30 33 2 8 18 17 39 43 28 34 32 26 9 0 4 31 45 15 44 21 22 10 14 1 29 16 19 37 11 24 20 12 42 13 41 
0 24
1 34
2 13
3 10
4 25
5 9
6 2
7 7
8 14
9 23
10 32
11 39
12 42
13 44
14 33
15 28
16 36
17 16
18 15
19 37
20 41
21 30
22 31
23 0
24 40
25 6
26 22
27 3
28 19
29 35
30 11
31 26
32 21
33 12
34 20
35 4
36 1
37 38
38 5
39 17
40 8
41 45
42 43
43 18
44 29
45 27
SIMILAR

21 42 44 34 19 33 5 29 2 9 41 20 26 27 45 17 23 4 24 36 31 1 38 10 11 7 30 28 16 3 40 32 6 14 18 43 0 35 37 12 13 39 22 25 8 15 
0 36
1 21
2 8
3 29
4 17
5 6
6 32
7 25
8 44
9 9
10 23
11 24
12 39
13 40
14 33
15 45
16 28
17 15
18 34
19 4
20 11
21 0
22 42
23 16
24 18
25 43
26 12
27 13
28 27
29 7
30 26
31 20
32 31
33 5
34 3
35 37
36 19
37 38
38 22
39 41
40 30
41 10
42 1
43 35
44 2
45 14
SIMILAR

19 13 2 43 35 15 41 23 42 5 22 1 32 40 9 27 36 6 17 18 34 31 0 14 45 7 25 29 4 11 10 38 37 24 3 12 8 28 44 20 26 16 30 33 39 21 
0 22
1 11
2 2
3 34
4 28
5 9
6 17
7 25
8 36
9 14
10 30
11 29
12 35
13 1
14 23
15 5
16 41
17 18
18 19
19 0
20 39
21 45
22 10
23 7
24 33
25 26
26 40
27 15
28 37
29 27
30 42
31 21
32 12
33 43
34 20
35 4
36 16
37 32
38 31
39 44
40 13
41 6
42 8
43 3
44 38
45 24
SIMILAR

5 7 1 19 13 37 35 26 9 23 4 8 16 14 40 30 3 24 42 39 21 33 45 41 34 28 18 12 11 32 43 36 0 38 15 27 22 31 25 44 10 20 6 2 17 29 
0 32
1 2
2 43
3 16
4 10
5 0
6 42
7 1
8 11
9 8
10 40
11 28
12 27
13 4
14 13
15 34
16 12
17 44
18 26
19 3
20 41
21 20
22 36
23 9
24 17
25 38
26 7
27 35
28 25
29 45
30 15
31 37
32 29
33 21
34 24
35 6
36 31
37 5
38 33
39 19
40 14
41 23
42 18
43 30
44 39
45 22
SIMILAR

16 29 20 36 8 39 42 14 15 37 35 13 32 4 23 38 25 22 19 31 10 43 26 5 27 11 7 0 24 17 33 2 9 3 21 44 18 1 34 41 12 28 6 30 45 40 
0 27
1 37
2 31
3 33
4 13
5 23
6 42
7 26
8 4
9 32
10 20
11 25
12 40
13 11
14 7
15 8
16 0
17 29
18 36
19 18
20 2
21 34
22 17
23 14
24 28
25 16
26 22
27 24
28 41
29 1
30 43
31 19
32 12
33 30
34 38
35 10
36 3
37 9
38 15
39 5
40 45
41 39
42 6
43 21
44 35
45 44
SIMILAR

6 24 25 27 41 28 3 7 4 30 34 18 32 44 26 2 36 5 17 19 29 15 22 33 13 1 9 35 10 0 40 16 43 38 23 42 39 21 37 11 31 14 20 12 45 8 
0 29
1 25
2 15
3 6
4 8
5 17
6 0
7 7
8 45
9 26
10 28
11 39
12 43
13 24
14 41
15 21
16 31
17 18
18 11
19 19
20 42
21 37
22 22
23 34
24 1
25 2
26 14
27 3
28 5
29 20
30 9
31 40
32 12
33 23
34 10
35 27
36 16
37 38
38 33
39 36
40 30
41 4
42 35
43 32
44 13
45 44
SIMILAR

14 21 38 6 36 19 15 2 24 26 42 10 27 39 22 43 37 40 12 3 35 1 45 29 7 13 32 16 33 44 34 23 28 0 11 18 17 4 9 5 31 41 20 25 8 30 
0 33
1 21
2 7
3 19
4 37
5 39
6 3
7 24
8 44
9 38
10 11
11 34
12 18
13 25
14 0
15 6
16 27
17 36
18 35
19 5
20 42
21 1
22 14
23 31
24 8
25 43
26 9
27 12
28 32
29 23
30 45
31 40
32 26
33 28
34 30
35 20
36 4
37 16
38 2
39 13
40 17
41 41
42 10
43 15
44 29
45 22
SIMILAR

18 3 14 36 43 32 23 8 4 44 21 17 28 41 33 2 13 7 39 31 37 29 11 0 19 26 38 35 25 40 5 34 45 1 22 30 15 20 16 9 42 24 6 27 10 12 
0 23
1 33
2 15
3 1
4 8
5 30
6 42
7 17
8 7
9 39
10 44
11 22
12 45
13 16
14 2
15 36
16 38
17 11
18 0
19 24
20 37
21 10
22 34
23 6
24 41
25 28
26 25
27 43
28 12
29 21
30 35
31 19
32 5
33 14
34 31
35 27
36 3
37 20
38 26
39 18
40 29
41 13
42 40
43 4
44 9
45 32
SIMILAR

41 44 15 27 20 22 17 42 24 26 16 7 19 23 12 13 37 33 8 31 2 25 4 30 34 10 0 28 11 39 5 36 3 38 43 9 32 21 1 18 6 45 35 29 40 14 
0 26
1 38
2 20
3 32
4 22
5 30
6 40
7 11
8 18
9 35
10 25
11 28
12 14
13 15
14 45
15 2
16 10
17 6
18 39
19 12
20 4
21 37
22 5
23 13
24 8
25 21
26 9
27 3
28 27
29 43
30 23
31 19
32 36
33 17
34 24
35 42
36 31
37 16
38 33
39 29
40 44
41 0
42 7
43 34
44 1
45 41
SIMILAR

40 42 36 11 39 33 19 18 37 0 6 41 24 30 3 15 26 1 31 22 21 34 8 4 28 5 25 43 12 44 29 14 9 16 23 2 7 35 27 32 38 20 17 13 45 10 
0 9
1 17
2 35
3 14
4 23
5 25
6 10
7 36
8 22
9 32
10 45
11 3
12 28
13 43
14 31
15 15
16 33
17 42
18 7
19 6
20 41
21 20
22 19
23 34
24 12
25 26
26 16
27 38
28 24
29 30
30 13
31 18
32 39
33 5
34 21
35 37
36 2
37 8
38 40
39 4
40 0
41 11
42 1
43 27
44 29
45 44
SIMILAR

44 29 18 15 39 31 33 9 43 45 42 12 0 27 3 26 40 16 1 36 4 17 23 22 25 38 41 6 34 24 21 13 2 32 30 35 10 37 11 8 19 28 7 5 14 20 
0 12
1 18
2 32
3 14
4 20
5 43
6 27
7 42
8 39
9 7
10 36
11 38
12 11
13 31
14 44
15 3
16 17
17 21
18 2
19 40
20 45
21 30
22 23
23 22
24 29
25 24
26 15
27 13
28 41
29 1
30 34
31 5
32 33
33 6
34 28
35 35
36 19
37 37
38 25
39 4
40 16
41 26
42 10
43 8
44 0
45 9
SIMILAR

25 19 42 21 7 11 37 41 8 34 4 43 28 20 35 13 0 15 29 12 22 31 40 32 26 33 14 10 23 16 27 3 44 9 38 1 30 36 6 5 2 24 39 45 18 17 
0 16
1 35
2 40
3 31
4 10
5 39
6 38
7 4
8 8
9 33
10 27
11 5
12 19
13 15
14 26
15 17
16 29
17 45
18 44
19 1
20 13
21 3
22 20
23 28
24 41
25 0
26 24
27 30
28 12
29 18
30 36
31 21
32 23
33 25
34 9
35 14
36 37
37 6
38 34
39 42
40 22
41 7
42 2
43 11
44 32
45 43
SIMILAR

28 36 42 30 32 5 20 35 43 38 21 39 0 37 29 40 44 2 14 13 34 15 23 1 45 25 27 10 22 26 16 18 17 7 12 31 9 4 41 11 33 3 8 6 24 19 
0 12
1 23
2 17
3 41
4 37
5 5
6 43
7 33
8 42
9 36
10 27
11 39
12 34
13 19
14 18
15 21
16 30
17 32
18 31
19 45
20 6
21 10
22 28
23 22
24 44
25 25
26 29
27 26
28 0
29 14
30 3
31 35
32 4
33 40
34 20
35 7
36 1
37 13
38 9
39 11
40 15
41 38
42 2
43 8
44 16
45 24
SIMILAR

24 36 21 31 13 5 7 40 44 42 26 27 8 12 11 17 29 6 18 3 37 19 4 22 23 0 28 2 39 25 16 30 15 35 41 45 1 32 20 9 10 38 33 14 34 43 
0 25
1 36
2 27
3 19
4 22
5 5
6 17
7 6
8 12
9 39
10 40
11 14
12 13
13 4
14 43
15 32
16 30
17 15
18 18
19 21
20 38
21 2
22 23
23 24
24 0
25 29
26 10
27 11
28 26
29 16
30 31
31 3
32 37
33 42
34 44
35 33
36 1
37 20
38 41
39 28
40 7
41 34
42 9
43 45
44 8
45 35
SIMILAR

2 1 24 36 20 25 39 15 13 16 6 0 26 21 33 43 42 3 44 11 14 12 4 32 5 10 35 22 38 34 31 37 40 8 27 9 28 29 18 30 41 19 7 23 17 45 
0 11
1 1
2 0
3 17
4 22
5 24
6 10
7 42
8 33
9 35
10 25
11 19
12 21
13 8
14 20
15 7
16 9
17 44
18 38
19 41
20 4
21 13
22 27
23 43
24 2
25 5
26 12
27 34
28 36
29 37
30 39
31 30
32 23
33 14
34 29
35 26
36 3
37 31
38 28
39 6
40 32
41 40
42 16
43 15
44 18
45 45
SIMILAR

19 11 40 38 23 24 36 1 28 34 10 4 27 33 7 42 2 18 8 35 44 17 0 12 25 37 16 41 45 31 39 5 15 13 3 26 32 22 14 43 6 30 20 9 29 21 
0 22
1 7
2 16
3 34
4 11
5 31
6 40
7 14
8 18
9 43
10 10
11 1
12 23
13 33
14 38
15 32
16 26
17 21
18 17
19 0
20 42
21 45
22 37
23 4
24 5
25 24
26 35
27 12
28 8
29 44
30 41
31 29
32 36
33 13
34 9
35 19
36 6
37 25
38 3
39 30
40 2
41 27
42 15
43 39
44 20
45 28
SIMILAR

31 7 30 45 43 36 6 8 24 25 19 21 3 11 13 44 1 40 23 32 14 34 38 9 16 27 26 41 39 20 17 12 15 33 5 29 22 35 4 10 0 2 42 28 18 37 
0 40
1 16
2 41
3 12
4 38
5 34
6 6
7 1
8 7
9 23
10 39
11 13
12 31
13 14
14 20
15 32
16 24
17 30
18 44
19 10
20 29
21 11
22 36
23 18
24 8
25 9
26 26
27 25
28 43
29 35
30 2
31 0
32 19
33 33
34 21
35 37
36 5
37 45
38 22
39 28
40 17
41 27
42 42
43 4
44 15
45 3
SIMILAR

33 44 0 27 40 17 14 25 16 30 34 43 13 20 39 8 28 35 45 36 18 11 24 1 12 21 5 2 31 23 41 19 6 37 9 22 15 29 3 42 10 26 4 7 38 32 
0 2
1 23
2 27
3 38
4 42
5 26
6 32
7 43
8 15
9 34
10 40
11 21
12 24
13 12
14 6
15 36
16 8
17 5
18 20
19 31
20 13
21 25
22 35
23 29
24 22
25 7
26 41
27 3
28 16
29 37
30 9
31 28
32 45
33 0
34 10
35 17
36 19
37 33
38 44
39 14
40 4
41 30
42 39
43 11
44 1
45 18
SIMILAR

11 22 17 13 44 9 31 40 30 29 20 33 37 12 45 14 38 35 6 32 26 5 19 41 3 8 28 15 34 10 39 23 1 27 2 18 4 42 43 0 24 21 7 36 16 25 
0 39
1 32
2 34
3 24
4 36
5 21
6 18
7 42
8 25
9 5
10 29
11 0
12 13
13 3
14 15
15 27
16 44
17 2
18 35
19 22
20 10
21 41
22 1
23 31
24 40
25 45
26 20
27 33
28 26
29 9
30 8
31 6
32 19
33 11
34 28
35 17
36 43
37 12
38 16
39 30
40 7
41 23
42 37
43 38
44 4
45 14
SIMILAR

31 3 27 1 29 37 18 5 28 36 8 0 39 16 14 7 6 33 30 22 35 17 32 40 44 42 41 20 11 4 13 24 34 25 10 12 9 19 23 43 38 2 26 21 45 15 
0 11
1 3
2 41
3 1
4 29
5 7
6 16
7 15
8 10
9 36
10 34
11 28
12 35
13 30
14 14
15 45
16 13
17 21
18 6
19 37
20 27
21 43
22 19
23 38
24 31
25 33
26 42
27 2
28 8
29 4
30 18
31 0
32 22
33 17
34 32
35 20
36 9
37 5
38 40
39 12
40 23
41 26
42 25
43 39
44 24
45 44
SIMILAR

42 28 27 10 40 33 2 21 43 16 17 22 8 37 3 25 31 35 1 5 34 6 38 14 4 32 15 0 9 23 11 41 13 26 36 29 24 18 20 30 39 7 44 19 45 12 
0 27
1 18
2 6
3 14
4 24
5 19
6 21
7 41
8 12
9 28
10 3
11 30
12 45
13 32
14 23
15 26
16 9
17 10
18 37
19 43
20 38
21 7
22 11
23 29
24 36
25 15
26 33
27 2
28 1
29 35
30 39
31 16
32 25
33 5
34 20
35 17
36 34
37 13
38 22
39 40
40 4
41 31
42 0
43 8
44 42
45 44
SIMILAR

11 8 20 19 22 5 42 14 36 6 45 12 40 24 43 39 4 28 13 23 2 16 29 15 37 27 17 32 18 34 26 35 25 0 9 33 1 44 38 31 30 7 41 3 21 10 
0 33
1 36
2 20
3 43
4 16
5 5
6 9
7 41
8 1
9 34
10 45
11 0
12 11
13 18
14 7
15 23
16 21
17 26
18 28
19 3
20 2
21 44
22 4
23 19
24 13
25 32
26 30
27 25
28 17
29 22
30 40
31 39
32 27
33 35
34 29
35 31
36 8
37 24
38 38
39 15
40 12
41 42
42 6
43 14
44 37
45 10
SIMILAR

45 29 37 26 27 12 40 13 19 30 32 28 4 16 41 5 14 21 39 8 23 17 42 11 22 18 38 31 34 3 25 7 43 20 10 33 9 2 44 6 35 1 15 0 24 36 
0 43
1 41
2 37
3 29
4 12
5 15
6 39
7 31
8 19
9 36
10 34
11 23
12 5
13 7
14 16
15 42
16 13
17 21
18 25
19 8
20 33
21 17
22 24
23 20
24 44
25 30
26 3
27 4
28 11
29 1
30 9
31 27
32 10
33 35
34 28
35 40
36 45
37 2
38 26
39 18
40 6
41 14
42 22
43 32
44 38
45 0
SIMILAR

4 21 14 27 29 34 41 33 19 23 1 17 10 5 18 28 8 7 3 36 35 44 11 38 6 39 20 31 26 16 40 42 45 0 9 15 43 37 13 25 22 30 24 12 2 32 
0 33
1 10
2 44
3 18
4 0
5 13
6 24
7 17
8 16
9 34
10 12
11 22
12 43
13 38
14 2
15 35
16 29
17 11
18 14
19 8
20 26
21 1
22 40
23 9
24 42
25 39
26 28
27 3
28 15
29 4
30 41
31 27
32 45
33 7
34 5
35 20
36 19
37 37
38 23
39 25
40 30
41 6
42 31
43 36
44 21
45 32
SIMILAR

2 32 29 40 3 21 17 44 19 35 7 0 37 20 8 34 45 22 11 18 30 6 27 5 9 26 31 1 24 38 41 4 33 43 15 28 16 14 12 13 23 42 10 36 25 39 
0 11
1 27
2 0
3 4
4 31
5 23
6 21
7 10
8 14
9 24
10 42
11 18
12 38
13 39
14 37
15 34
16 36
17 6
18 19
19 8
20 13
21 5
22 17
23 40
24 28
25 44
26 25
27 22
28 35
29 2
30 20
31 26
32 1
33 32
34 15
35 9
36 43
37 12
38 29
39 45
40 3
41 30
42 41
43 33
44 7
45 16
SIMILAR

8 39 3 0 22 29 24 15 45 42 20 36 26 5 7 18 30 4 13 31 1 27 23 9 6 35 40 2 14 28 11 25 12 32 10 19 33 17 37 41 34 21 38 44 43 16 
0 3
1 20
2 27
3 2
4 17
5 13
6 24
7 14
8 0
9 23
10 34
11 30
12 32
13 18
14 28
15 7
16 45
17 37
18 15
19 35
20 10
21 41
22 4
23 22
24 6
25 31
26 12
27 21
28 29
29 5
30 16
31 19
32 33
33 36
34 40
35 25
36 11
37 38
38 42
39 1
40 26
41 39
42 9
43 44
44 43
45 8
SIMILAR

13 12 30 42 45 43 35 10 16 11 23 5 32 21 15 41 6 33 3 14 28 31 34 0 18 27 36 38 26 2 29 22 20 37 40 1 7 39 8 9 17 19 24 4 25 44 
0 23
1 35
2 29
3 18
4 43
5 11
6 16
7 36
8 38
9 39
10 7
11 9
12 1
13 0
14 19
15 14
16 8
17 40
18 24
19 41
20 32
21 13
22 31
23 10
24 42
25 44
26 28
27 25
28 20
29 30
30 2
31 21
32 12
33 17
34 22
35 6
36 26
37 33
38 27
39 37
40 34
41 15
42 3
43 5
44 45
45 4
SIMILAR

41 31 32 37 34 30 1 24 35 33 39 44 4 21 10 14 17 38 29 3 27 28 5 16 18 9 36 2 8 45 15 11 25 42 23 22 7 12 13 43 6 26 20 19 40 0 
0 45
1 6
2 27
3 19
4 12
5 22
6 40
7 36
8 28
9 25
10 14
11 31
12 37
13 38
14 15
15 30
16 23
17 16
18 24
19 43
20 42
21 13
22 35
23 34
24 7
25 32
26 41
27 20
28 21
29 18
30 5
31 1
32 2
33 9
34 4
35 8
36 26
37 3
38 17
39 10
40 44
41 0
42 33
43 39
44 11
45 29
SIMILAR

34 8 10 21 4 38 41 9 14 35 12 36 29 11 19 20 30 3 32 16 0 45 31 5 1 24 22 7 43 42 17 25 2 6 44 13 15 37 23 40 18 27 39 28 26 33 
0 20
1 24
2 32
3 17
4 4
5 23
6 33
7 27
8 1
9 7
10 2
11 13
12 10
13 35
14 8
15 36
16 19
17 30
18 40
19 14
20 15
21 3
22 26
23 38
24 25
25 31
26 44
27 41
28 43
29 12
30 16
31 22
32 18
33 45
34 0
35 9
36 11
37 37
38 5
39 42
40 39
41 6
42 29
43 28
44 34
45 21
SIMILAR

33 40 18 44 28 35 43 5 39 2 8 34 29 26 15 0 37 45 30 3 16 12 11 21 36 22 7 14 41 10 19 1 9 23 24 6 17 13 20 31 4 38 27 25 32 42 
0 15
1 31
2 9
3 19
4 40
5 7
6 35
7 26
8 10
9 32
10 29
11 22
12 21
13 37
14 27
15 14
16 20
17 36
18 2
19 30
20 38
21 23
22 25
23 33
24 34
25 43
26 13
27 42
28 4
29 12
30 18
31 39
32 44
33 0
34 11
35 5
36 24
37 16
38 41
39 8
40 1
41 28
42 45
43 6
44 3
45 17
SIMILAR

2 13 14 22 6 41 33 11 3 30 34 10 21 39 31 1 9 28 12 15 5 17 36 45 7 16 24 27 35 23 18 19 32 43 29 26 42 0 37 25 44 20 8 38 4 40 
0 37
1 15
2 0
3 8
4 44
5 20
6 4
7 24
8 42
9 16
10 11
11 7
12 18
13 1
14 2
15 19
16 25
17 21
18 30
19 31
20 41
21 12
22 3
23 29
24 26
25 39
26 35
27 27
28 17
29 34
30 9
31 14
32 32
33 6
34 10
35 28
36 22
37 38
38 43
39 13
40 45
41 5
42 36
43 33
44 40
45 23
SIMILAR

22 20 24 17 41 13 4 37 27 8 14 40 19 44 18 33 23 10 43 16 32 0 21 29 25 9 28 34 39 7 3 1 45 15 30 38 26 12 5 35 42 31 11 36 6 2 
0 21
1 31
2 45
3 30
4 6
5 38
6 44
7 29
8 9
9 25
10 17
11 42
12 37
13 5
14 10
15 33
16 19
17 3
18 14
19 12
20 1
21 22
22 0
23 16
24 2
25 24
26 36
27 8
28 26
29 23
30 34
31 41
32 20
33 15
34 27
35 39
36 43
37 7
38 35
39 28
40 11
41 4
42 40
43 18
44 13
45 32
SIMILAR

30 9 17 31 23 40 35 26 4 22 24 34 45 27 8 11 14 0 32 10 1 41 7 21 12 38 44 37 42 6 2 16 36 15 25 29 3 18 39 19 20 43 33 13 5 28 
0 17
1 20
2 30
3 36
4 8
5 44
6 29
7 22
8 14
9 1
10 19
11 15
12 24
13 43
14 16
15 33
16 31
17 2
18 37
19 39
20 40
21 23
22 9
23 4
24 10
25 34
26 7
27 13
28 45
29 35
30 0
31 3
32 18
33 42
34 11
35 6
36 32
37 27
38 25
39 38
40 5
41 21
42 28
43 41
44 26
45 12
SIMILAR

37 25 5 11 45 40 0 39 36 35 8 3 34 41 17 7 10 16 1 15 28 2 22 31 24 4 23 38 33 43 44 32 30 29 6 12 27 21 19 9 26 14 18 20 13 42 
0 6
1 18
2 21
3 11
4 25
5 2
6 34
7 15
8 10
9 39
10 16
11 3
12 35
13 44
14 41
15 19
16 17
17 14
18 42
19 38
20 43
21 37
22 22
23 26
24 24
25 1
26 40
27 36
28 20
29 33
30 32
31 23
32 31
33 28
34 12
35 9
36 8
37 0
38 27
39 7
40 5
41 13
42 45
43 29
44 30
45 4
SIMILAR

13 18 32 10 34 41 20 17 26 45 24 21 43 6 28 44 9 31 1 27 40 2 16 30 38 14 0 35 36 42 5 37 25 4 8 29 12 33 22 11 3 15 23 39 7 19 
0 26
1 18
2 21
3 40
4 33
5 30
6 13
7 44
8 34
9 16
10 3
11 39
12 36
13 0
14 25
15 41
16 22
17 7
18 1
19 45
20 6
21 11
22 38
23 42
24 10
25 32
26 8
27 19
28 14
29 35
30 23
31 17
32 2
33 37
34 4
35 27
36 28
37 31
38 24
39 43
40 20
41 5
42 29
43 12
44 15
45 9
SIMILAR

25 24 28 45 7 37 34 6 29 19 40 27 10 22 33 43 16 4 12 42 21 36 8 32 15 44 26 17 20 11 5 31 3 13 1 41 38 18 35 2 30 39 0 23 9 14 
0 42
1 34
2 39
3 32
4 17
5 30
6 7
7 4
8 22
9 44
10 12
11 29
12 18
13 33
14 45
15 24
16 16
17 27
18 37
19 9
20 28
21 20
22 13
23 43
24 1
25 0
26 26
27 11
28 2
29 8
30 40
31 31
32 23
33 14
34 6
35 38
36 21
37 5
38 36
39 41
40 10
41 35
42 19
43 15
44 25
45 3
SIMILAR

20 41 33 2 35 39 11 19 16 40 45 25 37 43 3 6 28 15 18 9 17 22 42 10 1 32 36 38 29 13 30 8 31 0 26 44 27 14 5 34 7 12 4 21 23 24 
0 33
1 24
2 3
3 14
4 42
5 38
6 15
7 40
8 31
9 19
10 23
11 6
12 41
13 29
14 37
15 17
16 8
17 20
18 18
19 7
20 0
21 43
22 21
23 44
24 45
25 11
26 34
27 36
28 16
29 28
30 30
31 32
32 25
33 2
34 39
35 4
36 26
37 12
38 27
39 5
40 9
41 1
42 22
43 13
44 35
45 10
SIMILAR

37 39 0 1 21 10 35 33 31 8 38 45 28 44 32 23 17 2 43 29 40 25 41 36 9 13 26 27 5 3 7 34 30 18 24 22 12 6 16 4 19 14 20 42 15 11 
0 2
1 3
2 17
3 29
4 39
5 28
6 37
7 30
8 9
9 24
10 5
11 45
12 36
13 25
14 41
15 44
16 38
17 16
18 33
19 40
20 42
21 4
22 35
23 15
24 34
25 21
26 26
27 27
28 12
29 19
30 32
31 8
32 14
33 7
34 31
35 6
36 23
37 0
38 10
39 1
40 20
41 22
42 43
43 18
44 13
45 11
SIMILAR
100 0
8300 0
428300 0
