29
0 0 0 0 0 1 0 0 0 1 0 1 1 1 1 0 0 1 1 0 1 0 0 1 1 1 0 1 0 
0 0 1 0 0 1 0 1 1 0 0 0 0 0 1 1 1 0 1 0 1 1 1 0 1 0 1 1 0 
0 1 0 1 0 0 0 0 1 0 0 0 1 0 1 1 0 0 0 0 0 1 1 0 0 0 1 1 0 
0 0 1 0 1 0 0 0 1 1 0 0 0 0 1 0 1 1 1 0 0 1 1 0 0 0 0 1 0 
0 0 0 1 0 0 0 0 1 0 1 1 1 0 0 1 0 1 1 1 1 1 0 1 1 1 0 0 1 
1 1 0 0 0 0 0 1 1 1 1 0 0 1 1 1 1 1 0 1 1 0 0 1 0 0 1 0 0 
0 0 0 0 0 0 0 0 0 1 0 1 0 0 1 1 0 0 1 1 1 1 0 1 1 0 0 1 1 
0 1 0 0 0 1 0 0 0 1 1 1 0 1 1 0 0 0 1 0 1 0 1 1 1 0 1 0 1 
0 1 1 1 1 1 0 0 0 0 0 0 0 0 0 0 0 1 0 0 0 0 1 0 0 0 1 1 0 
1 0 0 1 0 1 1 1 0 0 1 0 1 1 0 1 1 0 0 0 1 0 0 1 1 1 1 0 1 
0 0 0 0 1 1 0 1 0 1 0 0 0 0 0 0 0 0 1 0 1 0 1 0 1 0 0 0 1 
1 0 0 0 1 0 1 1 0 0 0 0 0 1 0 0 0 0 1 1 0 1 0 0 0 1 0 0 1 
1 0 1 0 1 0 0 0 0 1 0 0 0 0 0 0 0 1 1 0 1 1 0 0 1 0 0 0 1 
1 0 0 0 0 1 0 1 0 1 0 1 0 0 1 1 1 0 1 1 0 0 0 1 0 1 0 1 0 
1 1 1 1 0 1 1 1 0 0 0 0 0 1 0 1 0 0 1 0 1 1 0 0 1 1 1 0 1 
0 1 1 0 1 1 1 0 0 1 0 0 0 1 1 0 1 1 0 0 1 1 1 1 1 1 0 1 0 
0 1 0 1 0 1 0 0 0 1 0 0 0 1 0 1 0 0 1 0 1 0 1 0 0 0 1 1 1 
1 0 0 1 1 1 0 0 1 0 0 0 1 0 0 1 0 0 1 1 1 0 1 0 0 0 1 1 1 
1 1 0 1 1 0 1 1 0 0 1 1 1 1 1 0 1 1 0 0 1 1 1 0 0 1 1 0 0 
0 0 0 0 1 1 1 0 0 0 0 1 0 1 0 0 0 1 0 0 1 0 1 1 0 0 0 0 1 
1 1 0 0 1 1 1 1 0 1 1 0 1 0 1 1 1 1 1 1 0 0 1 1 1 1 1 0 1 
0 1 1 1 1 0 1 0 0 0 0 1 1 0 1 1 0 0 1 0 0 0 0 0 0 1 0 0 0 
0 1 1 1 0 0 0 1 1 0 1 0 0 0 0 1 1 1 1 1 1 0 0 0 1 1 1 0 1 
1 0 0 0 1 1 1 1 0 1 0 0 0 1 0 1 0 0 0 1 1 0 0 0 0 1 1 0 1 
1 1 0 0 1 0 1 1 0 1 1 0 1 0 1 1 0 0 0 0 1 0 1 0 0 1 0 1 0 
1 0 0 0 1 0 0 0 0 1 0 1 0 1 1 1 0 0 1 0 1 1 1 1 1 0 0 1 1 
0 1 1 0 0 1 0 1 1 1 0 0 0 0 1 0 1 1 1 0 1 0 1 1 0 0 0 0 1 
1 1 1 1 0 0 1 0 1 0 0 0 0 1 0 1 1 1 0 0 0 0 0 0 1 1 0 0 0 
0 0 0 0 1 0 1 1 0 1 1 1 1 0 1 0 1 1 0 1 1 0 1 1 0 1 1 0 0 

4 25 5 16 15 19 20 28 24 22 27 26 13 11 17 12 6 7 18 14 2 23 1 3 0 9 21 8 10 
0 24
1 22
2 20
3 23
4 0
5 2
6 16
7 17
8 27
9 25
10 28
11 13
12 15
13 12
14 19
15 4
16 3
17 14
18 18
19 5
20 6
21 26
22 9
23 21
24 8
25 1
26 11
27 10
28 7
SIMILAR

0 13 6 15 19 16 7 24 4 17 23 20 22 10 2 5 8 28 18 3 26 25 1 11 21 12 27 9 14 
0 0
1 22
2 14
3 19
4 8
5 15
6 2
7 6
8 16
9 27
10 13
11 23
12 25
13 1
14 28
15 3
16 5
17 9
18 18
19 4
20 11
21 24
22 12
23 10
24 7
25 21
26 20
27 26
28 17
SIMILAR

17 28 5 26 6 9 25 21 4 18 24 1 3 12 22 23 10 0 27 13 11 8 2 19 14 15 7 16 20 
0 17
1 11
2 22
3 12
4 8
5 2
6 4
7 26
8 21
9 5
10 16
11 20
12 13
13 19
14 24
15 25
16 27
17 0
18 9
19 23
20 28
21 7
22 14
23 15
24 10
25 6
26 3
27 18
28 1
SIMILAR

27 9 21 8 14 6 26 13 22 19 1 2 0 7 5 16 24 15 12 23 28 4 11 25 17 20 10 3 18 
0 12
1 10
2 11
3 27
4 21
5 14
6 5
7 13
8 3
9 1
10 26
11 22
12 18
13 7
14 4
15 17
16 15
17 24
18 28
19 9
20 25
21 2
22 8
23 19
24 16
25 23
26 6
27 0
28 20
SIMILAR

6 14 10 7 11 22 8 1 13 12 9 15 25 28 27 16 24 0 4 2 26 20 19 5 23 3 18 17 21 
0 17
1 7
2 19
3 25
4 18
5 23
6 0
7 3
8 6
9 10
10 2
11 4
12 9
13 8
14 1
15 11
16 15
17 27
18 26
19 22
20 21
21 28
22 5
23 24
24 16
25 12
26 20
27 14
28 13
SIMILAR

1 25 0 13 21 6 22 19 3 23 20 10 17 28 11 2 9 24 26 27 5 14 7 8 4 12 18 16 15 
0 2
1 0
2 15
3 8
4 24
5 20
6 5
7 22
8 23
9 16
10 11
11 14
12 25
13 3
14 21
15 28
16 27
17 12
18 26
19 7
20 10
21 4
22 6
23 9
24 17
25 1
26 18
27 19
28 13
SIMILAR

27 3 11 14 22 1 7 19 5 21 0 20 2 9 18 13 16 10 12 24 26 4 25 15 23 6 28 17 8 
0 10
1 5
2 12
3 1
4 21
5 8
6 25
7 6
8 28
9 13
10 17
11 2
12 18
13 15
14 3
15 23
16 16
17 27
18 14
19 7
20 11
21 9
22 4
23 24
24 19
25 22
26 20
27 0
28 26
SIMILAR

3 20 1 14 21 11 5 10 9 0 2 4 17 13 6 19 27 15 28 25 16 7 24 26 8 18 12 23 22 
0 9
1 2
2 10
3 0
4 11
5 6
6 14
7 21
8 24
9 8
10 7
11 5
12 26
13 13
14 3
15 17
16 20
17 12
18 25
19 15
20 1
21 4
22 28
23 27
24 22
25 19
26 23
27 16
28 18
SIMILAR

23 26 17 22 27 13 24 15 11 1 5 8 12 16 14 9 3 0 20 21 28 7 4 10 19 25 2 18 6 
0 17
1 9
2 26
3 16
4 22
5 10
6 28
7 21
8 11
9 15
10 23
11 8
12 12
13 5
14 14
15 7
16 13
17 2
18 27
19 24
20 18
21 19
22 3
23 0
24 6
25 25
26 1
27 4
28 20
SIMILAR

1 24 12 0 3 14 13 25 15 5 19 16 4 26 9 23 10 27 20 2 11 21 17 18 6 8 28 22 7 
0 3
1 0
2 19
3 4
4 12
5 9
6 24
7 28
8 25
9 14
10 16
11 20
12 2
13 6
14 5
15 8
16 11
17 22
18 23
19 10
20 18
21 21
22 27
23 15
24 1
25 7
26 13
27 17
28 26
SIMILAR

3 9 18 5 13 8 20 17 23 21 24 22 16 6 27 12 25 4 10 15 11 2 26 7 28 19 14 1 0 
0 28
1 27
2 21
3 0
4 17
5 3
6 13
7 23
8 5
9 1
10 18
11 20
12 15
13 4
14 26
15 19
16 12
17 7
18 2
19 25
20 6
21 9
22 11
23 8
24 10
25 16
26 22
27 14
28 24
SIMILAR

8 21 20 13 16 28 2 7 11 9 17 25 15 24 4 10 27 26 22 14 23 18 5 19 12 6 3 0 1 
0 27
1 28
2 6
3 26
4 14
5 22
6 25
7 7
8 0
9 9
10 15
11 8
12 24
13 3
14 19
15 12
16 4
17 10
18 21
19 23
20 2
21 1
22 18
23 20
24 13
25 11
26 17
27 16
28 5
SIMILAR

20 2 25 6 17 9 21 11 1 3 13 24 18 5 28 4 0 8 10 27 22 12 26 14 16 7 15 23 19 
0 16
1 8
2 1
3 9
4 15
5 13
6 3
7 25
8 17
9 5
10 18
11 7
12 21
13 10
14 23
15 26
16 24
17 4
18 12
19 28
20 0
21 6
22 20
23 27
24 11
25 2
26 22
27 19
28 14
SIMILAR

28 26 19 22 9 2 8 16 15 3 1 0 20 12 27 7 10 23 13 21 6 25 5 14 11 17 18 24 4 
0 11
1 10
2 5
3 9
4 28
5 22
6 20
7 15
8 6
9 4
10 16
11 24
12 13
13 18
14 23
15 8
16 7
17 25
18 26
19 2
20 12
21 19
22 3
23 17
24 27
25 21
26 1
27 14
28 0
SIMILAR

9 1 16 6 17 8 14 18 11 24 7 23 5 28 19 26 12 4 10 21 0 3 20 13 22 27 15 25 2 
0 20
1 1
2 28
3 21
4 17
5 12
6 3
7 10
8 5
9 0
10 18
11 8
12 16
13 23
14 6
15 26
16 2
17 4
18 7
19 14
20 22
21 19
22 24
23 11
24 9
25 27
26 15
27 25
28 13
SIMILAR

25 16 5 26 21 0 28 10 17 20 1 12 18 4 19 2 22 15 23 24 8 7 27 13 3 6 14 11 9 
0 5
1 10
2 15
3 24
4 13
5 2
6 25
7 21
8 20
9 28
10 7
11 27
12 11
13 23
14 26
15 17
16 1
17 8
18 12
19 14
20 9
21 4
22 16
23 18
24 19
25 0
26 3
27 22
28 6
SIMILAR

6 20 21 28 7 27 19 1 14 26 5 2 11 18 12 16 4 24 17 3 15 25 10 0 13 23 8 9 22 
0 23
1 7
2 11
3 19
4 16
5 10
6 0
7 4
8 26
9 27
10 22
11 12
12 14
13 24
14 8
15 20
16 15
17 18
18 13
19 6
20 1
21 2
22 28
23 25
24 17
25 21
26 9
27 5
28 3
SIMILAR

22 8 28 3 21 2 10 12 11 14 25 6 0 23 19 17 18 7 26 1 15 4 16 5 27 9 13 24 20 
0 12
1 19
2 5
3 3
4 21
5 23
6 11
7 17
8 1
9 25
10 6
11 8
12 7
13 26
14 9
15 20
16 22
17 15
18 16
19 14
20 28
21 4
22 0
23 13
24 27
25 10
26 18
27 24
28 2
SIMILAR

23 5 4 22 9 14 28 3 24 27 8 13 25 17 16 7 12 11 18 6 21 0 2 15 26 1 10 19 20 
0 21
1 25
2 22
3 7
4 2
5 1
6 19
7 15
8 10
9 4
10 26
11 17
12 16
13 11
14 5
15 23
16 14
17 13
18 18
19 27
20 28
21 20
22 3
23 0
24 8
25 12
26 24
27 9
28 6
SIMILAR

17 12 10 7 2 6 3 14 20 5 9 15 11 25 23 1 28 24 18 8 4 26 22 19 16 0 27 13 21 
0 25
1 15
2 4
3 6
4 20
5 9
6 5
7 3
8 19
9 10
10 2
11 12
12 1
13 27
14 7
15 11
16 24
17 0
18 18
19 23
20 8
21 28
22 22
23 14
24 17
25 13
26 21
27 26
28 16
SIMILAR

19 10 5 8 9 25 12 21 27 26 17 14 13 2 6 4 11 20 28 24 18 7 1 3 0 15 22 23 16 
0 24
1 22
2 13
3 23
4 15
5 2
6 14
7 21
8 3
9 4
10 1
11 16
12 6
13 12
14 11
15 25
16 28
17 10
18 20
19 0
20 17
21 7
22 26
23 27
24 19
25 5
26 9
27 8
28 18
SIMILAR

25 17 6 12 23 11 21 8 24 0 5 18 7 3 28 20 27 19 10 4 2 22 14 1 26 16 9 15 13 
0 9
1 23
2 20
3 13
4 19
5 10
6 2
7 12
8 7
9 26
10 18
11 5
12 3
13 28
14 22
15 27
16 25
17 1
18 11
19 17
20 15
21 6
22 21
23 4
24 8
25 0
26 24
27 16
28 14
SIMILAR

19 2 4 22 0 26 14 23 6 10 21 20 17 28 1 5 3 8 9 18 7 25 12 24 13 16 15 27 11 
0 4
1 14
2 1
3 16
4 2
5 15
6 8
7 20
8 17
9 18
10 9
11 28
12 22
13 24
14 6
15 26
16 25
17 12
18 19
19 0
20 11
21 10
22 3
23 7
24 23
25 21
26 5
27 27
28 13
SIMILAR

10 0 12 28 18 11 24 21 7 22 23 2 14 8 15 5 27 26 20 1 25 19 4 13 9 6 16 17 3 
0 1
1 19
2 11
3 28
4 22
5 15
6 25
7 8
8 13
9 24
10 0
11 5
12 2
13 23
14 12
15 14
16 26
17 27
18 4
19 21
20 18
21 7
22 9
23 10
24 6
25 20
26 17
27 16
28 3
SIMILAR

1 15 7 21 22 8 24 6 19 16 14 28 5 23 2 12 26 9 20 13 27 25 18 10 4 3 11 0 17 
0 27
1 0
2 14
3 25
4 24
5 12
6 7
7 2
8 5
9 17
10 23
11 26
12 15
13 19
14 10
15 1
16 9
17 28
18 22
19 8
20 18
21 3
22 4
23 13
24 6
25 21
26 16
27 20
28 11
SIMILAR

19 0 12 15 14 6 1 23 8 27 5 26 16 9 2 24 17 22 10 3 28 25 21 4 20 18 7 11 13 
0 1
1 6
2 14
3 19
4 23
5 10
6 5
7 26
8 8
9 13
10 18
11 27
12 2
13 28
14 4
15 3
16 12
17 16
18 25
19 0
20 24
21 22
22 17
23 7
24 15
25 21
26 11
27 9
28 20
SIMILAR

23 21 8 16 5 6 27 10 1 3 22 2 25 15 4 12 11 18 0 17 19 13 14 9 20 7 26 24 28 
0 18
1 8
2 11
3 9
4 14
5 4
6 5
7 25
8 2
9 23
10 7
11 16
12 15
13 21
14 22
15 13
16 3
17 19
18 17
19 20
20 24
21 1
22 10
23 0
24 27
25 12
26 26
27 6
28 28
SIMILAR

1 7 11 0 25 6 18 17 21 2 10 5 12 24 19 9 3 20 16 4 8 22 13 15 23 27 28 26 14 
0 3
1 0
2 9
3 16
4 19
5 11
6 5
7 1
8 20
9 15
10 10
11 2
12 12
13 22
14 28
15 23
16 18
17 7
18 6
19 14
20 17
21 8
22 21
23 24
24 13
25 4
26 27
27 25
28 26
SIMILAR

18 0 5 14 3 28 9 10 11 6 25 1 4 15 8 26 16 17 7 27 24 19 22 21 2 23 13 12 20 
0 1
1 11
2 24
3 4
4 12
5 2
6 9
7 18
8 14
9 6
10 7
11 8
12 27
13 26
14 3
15 13
16 16
17 17
18 0
19 21
20 28
21 23
22 22
23 25
24 20
25 10
26 15
27 19
28 5
SIMILAR

6 13 15 2 18 26 10 17 7 11 27 23 1 22 16 8 3 20 19 21 4 0 25 9 12 5 28 24 14 
0 21
1 12
2 3
3 16
4 20
5 25
6 0
7 8
8 15
9 23
10 6
11 9
12 24
13 1
14 28
15 2
16 14
17 7
18 4
19 18
20 17
21 19
22 13
23 11
24 27
25 22
26 5
27 10
28 26
SIMILAR

24 10 7 14 0 25 20 1 22 21 28 17 19 16 5 23 12 4 11 3 13 26 9 6 15 27 8 2 18 
0 4
1 7
2 27
3 19
4 17
5 14
6 23
7 2
8 26
9 22
10 1
11 18
12 16
13 20
14 3
15 24
16 13
17 11
18 28
19 12
20 6
21 9
22 8
23 15
24 0
25 5
26 21
27 25
28 10
SIMILAR

2 19 26 10 18 16 9 21 3 6 12 24 22 14 25 5 17 11 28 20 13 15 7 23 4 8 27 0 1 
0 27
1 28
2 0
3 8
4 24
5 15
6 9
7 22
8 25
9 6
10 3
11 17
12 10
13 20
14 13
15 21
16 5
17 16
18 4
19 1
20 19
21 7
22 12
23 23
24 11
25 14
26 2
27 26
28 18
SIMILAR

16 27 19 24 20 10 13 2 28 9 26 3 18 6 12 25 17 5 1 0 14 15 11 22 8 21 4 23 7 
0 19
1 18
2 7
3 11
4 26
5 17
6 13
7 28
8 24
9 9
10 5
11 22
12 14
13 6
14 20
15 21
16 0
17 16
18 12
19 2
20 4
21 25
22 23
23 27
24 3
25 15
26 10
27 1
28 8
SIMILAR

18 25 6 2 13 27 9 19 14 21 15 8 4 26 17 5 3 28 1 10 24 16 0 7 12 11 22 20 23 
0 22
1 18
2 3
3 16
4 12
5 15
6 2
7 23
8 11
9 6
10 19
11 25
12 24
13 4
14 8
15 10
16 21
17 14
18 0
19 7
20 27
21 9
22 26
23 28
24 20
25 1
26 13
27 5
28 17
SIMILAR

18 13 6 14 26 2 11 23 28 16 7 21 1 22 10 8 3 9 0 25 27 20 24 15 12 4 17 5 19 
0 18
1 12
2 5
3 16
4 25
5 27
6 2
7 10
8 15
9 17
10 14
11 6
12 24
13 1
14 3
15 23
16 9
17 26
18 0
19 28
20 21
21 11
22 13
23 7
24 22
25 19
26 4
27 20
28 8
SIMILAR

21 10 27 17 6 23 13 19 20 3 7 5 2 25 12 8 15 26 22 16 4 9 0 28 24 1 11 14 18 
0 22
1 25
2 12
3 9
4 20
5 11
6 4
7 10
8 15
9 21
10 1
11 26
12 14
13 6
14 27
15 16
16 19
17 3
18 28
19 7
20 8
21 0
22 18
23 5
24 24
25 13
26 17
27 2
28 23
SIMILAR

0 16 22 12 1 3 11 24 17 13 26 28 6 14 10 7 8 9 20 19 18 5 27 25 21 4 15 23 2 
0 0
1 4
2 28
3 5
4 25
5 21
6 12
7 15
8 16
9 17
10 14
11 6
12 3
13 9
14 13
15 26
16 1
17 8
18 20
19 19
20 18
21 24
22 2
23 27
24 7
25 23
26 10
27 22
28 11
SIMILAR

18 16 11 21 26 4 2 17 25 27 19 7 22 12 23 24 15 14 1 10 13 8 0 5 3 9 28 20 6 
0 22
1 18
2 6
3 24
4 5
5 23
6 28
7 11
8 21
9 25
10 19
11 2
12 13
13 20
14 17
15 16
16 1
17 7
18 0
19 10
20 27
21 3
22 12
23 14
24 15
25 8
26 4
27 9
28 26
SIMILAR

19 4 15 28 11 6 7 17 20 16 23 18 24 14 0 27 21 3 26 10 12 5 25 1 13 2 22 9 8 
0 14
1 23
2 25
3 17
4 1
5 21
6 5
7 6
8 28
9 27
10 19
11 4
12 20
13 24
14 13
15 2
16 9
17 7
18 11
19 0
20 8
21 16
22 26
23 10
24 12
25 22
26 18
27 15
28 3
SIMILAR

24 1 7 12 6 10 21 11 15 8 28 4 3 18 26 5 9 16 25 19 17 14 20 0 23 22 2 27 13 
0 23
1 1
2 26
3 12
4 11
5 15
6 4
7 2
8 9
9 16
10 5
11 7
12 3
13 28
14 21
15 8
16 17
17 20
18 13
19 19
20 22
21 6
22 25
23 24
24 0
25 18
26 14
27 27
28 10
SIMILAR

15 10 12 5 16 24 22 7 9 1 8 19 25 20 0 11 28 13 14 27 3 21 2 6 23 18 26 17 4 
0 14
1 9
2 22
3 20
4 28
5 3
6 23
7 7
8 10
9 8
10 1
11 15
12 2
13 17
14 18
15 0
16 4
17 27
18 25
19 11
20 13
21 21
22 6
23 24
24 5
25 12
26 26
27 19
28 16
SIMILAR

22 18 27 3 4 21 24 1 14 11 26 17 16 13 8 20 15 0 12 9 2 7 6 28 25 10 23 19 5 
0 17
1 7
2 20
3 3
4 4
5 28
6 22
7 21
8 14
9 19
10 25
11 9
12 18
13 13
14 8
15 16
16 12
17 11
18 1
19 27
20 15
21 5
22 0
23 26
24 6
25 24
26 10
27 2
28 23
SIMILAR

21 10 23 19 12 22 6 20 26 1 3 5 27 7 16 4 25 9 15 11 18 13 17 0 24 8 2 14 28 
0 23
1 9
2 26
3 10
4 15
5 11
6 6
7 13
8 25
9 17
10 1
11 19
12 4
13 21
14 27
15 18
16 14
17 22
18 20
19 3
20 7
21 0
22 5
23 2
24 24
25 16
26 8
27 12
28 28
SIMILAR

24 26 23 22 28 7 5 9 10 17 8 27 16 14 21 4 13 2 20 6 19 3 11 1 0 15 18 12 25 
0 24
1 23
2 17
3 21
4 15
5 6
6 19
7 5
8 10
9 7
10 8
11 22
12 27
13 16
14 13
15 25
16 12
17 9
18 26
19 20
20 18
21 14
22 3
23 2
24 0
25 28
26 1
27 11
28 4
SIMILAR

24 5 8 13 6 1 16 2 25 0 27 11 18 28 14 22 3 19 15 23 7 4 20 17 21 26 10 12 9 
0 9
1 5
2 7
3 16
4 21
5 1
6 4
7 20
8 2
9 28
10 26
11 11
12 27
13 3
14 14
15 18
16 6
17 23
18 12
19 17
20 22
21 24
22 15
23 19
24 0
25 8
26 25
27 10
28 13
SIMILAR

28 13 15 24 22 19 20 17 23 11 9 3 18 6 8 2 25 12 10 4 14 26 21 16 7 27 1 0 5 
0 27
1 26
2 15
3 11
4 19
5 28
6 13
7 24
8 14
9 10
10 18
11 9
12 17
13 1
14 20
15 2
16 23
17 7
18 12
19 5
20 6
21 22
22 4
23 8
24 3
25 16
26 21
27 25
28 0
SIMILAR

6 0 14 8 1 28 22 9 11 17 5 19 7 10 3 4 13 27 24 18 23 21 2 15 16 25 20 26 12 
0 1
1 4
2 22
3 14
4 15
5 10
6 0
7 12
8 3
9 7
10 13
11 8
12 28
13 16
14 2
15 23
16 24
17 9
18 19
19 11
20 26
21 21
22 6
23 20
24 18
25 25
26 27
27 17
28 5
SIMILAR

25 20 19 8 16 2 23 5 18 22 13 9 1 3 10 24 11 17 6 15 28 14 7 4 27 26 12 0 21 
0 27
1 12
2 5
3 13
4 23
5 7
6 18
7 22
8 3
9 11
10 14
11 16
12 26
13 10
14 21
15 19
16 4
17 17
18 8
19 2
20 1
21 28
22 9
23 6
24 15
25 0
26 25
27 24
28 20
SIMILAR

7 19 18 1 15 20 21 10 27 4 3 23 8 9 25 2 12 28 26 0 16 6 22 13 14 17 24 11 5 
0 19
1 3
2 15
3 10
4 9
5 28
6 21
7 0
8 12
9 13
10 7
11 27
12 16
13 23
14 24
15 4
16 20
17 25
18 2
19 1
20 5
21 6
22 22
23 11
24 26
25 14
26 18
27 8
28 17
SIMILAR

28 7 21 19 26 11 14 2 9 8 22 23 10 5 24 16 27 12 6 17 4 25 3 13 0 15 20 1 18 
0 24
1 27
2 7
3 22
4 20
5 13
6 18
7 1
8 9
9 8
10 12
11 5
12 17
13 23
14 6
15 25
16 15
17 19
18 28
19 3
20 26
21 2
22 10
23 11
24 14
25 21
26 4
27 16
28 0
SIMILAR

10 12 24 3 7 13 23 22 17 25 11 0 15 6 1 18 19 27 8 14 28 5 9 4 2 26 20 21 16 
0 11
1 14
2 24
3 3
4 23
5 21
6 13
7 4
8 18
9 22
10 0
11 10
12 1
13 5
14 19
15 12
16 28
17 8
18 15
19 16
20 26
21 27
22 7
23 6
24 2
25 9
26 25
27 17
28 20
SIMILAR

4 1 28 22 18 16 10 3 14 26 20 8 2 7 11 9 15 21 17 23 12 0 5 27 13 19 6 24 25 
0 21
1 1
2 12
3 7
4 0
5 22
6 26
7 13
8 11
9 15
10 6
11 14
12 20
13 24
14 8
15 16
16 5
17 18
18 4
19 25
20 10
21 17
22 3
23 19
24 27
25 28
26 9
27 23
28 2
SIMILAR

10 11 7 19 25 28 26 21 27 2 20 14 3 1 5 22 12 17 23 18 6 0 13 15 9 24 8 16 4 
0 21
1 13
2 9
3 12
4 28
5 14
6 20
7 2
8 26
9 24
10 0
11 1
12 16
13 22
14 11
15 23
16 27
17 17
18 19
19 3
20 10
21 7
22 15
23 18
24 25
25 4
26 6
27 8
28 5
SIMILAR

10 27 9 23 11 1 14 5 15 22 21 7 0 6 18 4 26 19 28 16 25 2 13 12 8 24 3 20 17 
0 12
1 5
2 21
3 26
4 15
5 7
6 13
7 11
8 24
9 2
10 0
11 4
12 23
13 22
14 6
15 8
16 19
17 28
18 14
19 17
20 27
21 10
22 9
23 3
24 25
25 20
26 16
27 1
28 18
SIMILAR

6 25 14 0 3 2 12 13 24 1 16 20 11 8 18 15 10 23 22 26 5 28 9 27 19 4 17 7 21 
0 3
1 9
2 5
3 4
4 25
5 20
6 0
7 27
8 13
9 22
10 16
11 12
12 6
13 7
14 2
15 15
16 10
17 26
18 14
19 24
20 11
21 28
22 18
23 17
24 8
25 1
26 19
27 23
28 21
SIMILAR

22 5 26 10 20 24 14 6 3 16 21 25 18 7 11 19 2 13 23 4 17 28 9 8 15 0 1 27 12 
0 25
1 26
2 16
3 8
4 19
5 1
6 7
7 13
8 23
9 22
10 3
11 14
12 28
13 17
14 6
15 24
16 9
17 20
18 12
19 15
20 4
21 10
22 0
23 18
24 5
25 11
26 2
27 27
28 21
SIMILAR

18 0 19 9 12 13 28 8 21 1 16 22 25 23 5 14 3 7 26 17 20 11 10 2 6 4 24 27 15 
0 1
1 9
2 23
3 16
4 25
5 14
6 24
7 17
8 7
9 3
10 22
11 21
12 4
13 5
14 15
15 28
16 10
17 19
18 0
19 2
20 20
21 8
22 11
23 13
24 26
25 12
26 18
27 27
28 6
SIMILAR

25 18 4 26 15 27 11 21 28 16 22 20 8 13 17 2 14 24 0 19 1 10 23 9 7 5 6 12 3 
0 18
1 20
2 15
3 28
4 2
5 25
6 26
7 24
8 12
9 23
10 21
11 6
12 27
13 13
14 16
15 4
16 9
17 14
18 1
19 19
20 11
21 7
22 10
23 22
24 17
25 0
26 3
27 5
28 8
SIMILAR

17 18 28 11 16 22 5 26 1 24 4 21 9 23 27 14 25 6 19 0 2 7 8 10 12 3 15 20 13 
0 19
1 8
2 20
3 25
4 10
5 6
6 17
7 21
8 22
9 12
10 23
11 3
12 24
13 28
14 15
15 26
16 4
17 0
18 1
19 18
20 27
21 11
22 5
23 13
24 9
25 16
26 7
27 14
28 2
SIMILAR

5 11 3 28 7 23 20 12 6 1 24 14 26 27 21 10 18 17 2 8 22 9 16 25 4 13 19 15 0 
0 28
1 9
2 18
3 2
4 24
5 0
6 8
7 4
8 19
9 21
10 15
11 1
12 7
13 25
14 11
15 27
16 22
17 17
18 16
19 26
20 6
21 14
22 20
23 5
24 10
25 23
26 12
27 13
28 3
SIMILAR

25 20 11 8 16 2 18 6 17 28 0 19 1 22 3 23 14 5 15 24 12 21 26 13 4 27 7 9 10 
0 10
1 12
2 5
3 14
4 24
5 17
6 7
7 26
8 3
9 27
10 28
11 2
12 20
13 23
14 16
15 18
16 4
17 8
18 6
19 11
20 1
21 21
22 13
23 15
24 19
25 0
26 22
27 25
28 9
SIMILAR

4 7 1 27 8 3 9 24 10 22 16 20 17 25 13 21 15 23 18 6 11 19 28 14 12 2 0 5 26 
0 26
1 2
2 25
3 5
4 0
5 27
6 19
7 1
8 4
9 6
10 8
11 20
12 24
13 14
14 23
15 16
16 10
17 12
18 18
19 21
20 11
21 15
22 9
23 17
24 7
25 13
26 28
27 3
28 22
SIMILAR

1 26 11 0 18 21 3 28 6 9 25 27 5 24 23 14 16 20 15 13 4 12 7 2 19 10 22 17 8 
0 3
1 0
2 23
3 6
4 20
5 12
6 8
7 22
8 28
9 9
10 25
11 2
12 21
13 19
14 15
15 18
16 16
17 27
18 4
19 24
20 17
21 5
22 26
23 14
24 13
25 10
26 1
27 11
28 7
SIMILAR

1 12 0 13 10 5 28 27 25 2 9 16 19 21 8 15 6 3 24 26 4 14 20 11 23 17 18 22 7 
0 2
1 0
2 9
3 17
4 20
5 5
6 16
7 28
8 14
9 10
10 4
11 23
12 1
13 3
14 21
15 15
16 11
17 25
18 26
19 12
20 22
21 13
22 27
23 24
24 18
25 8
26 19
27 7
28 6
SIMILAR

26 18 27 1 16 4 19 28 25 2 22 17 20 6 21 12 8 13 11 7 15 24 5 14 10 23 3 0 9 
0 27
1 3
2 9
3 26
4 5
5 22
6 13
7 19
8 16
9 28
10 24
11 18
12 15
13 17
14 23
15 20
16 4
17 11
18 1
19 6
20 12
21 14
22 10
23 25
24 21
25 8
26 0
27 2
28 7
SIMILAR

5 10 15 8 18 23 6 20 24 3 13 14 7 0 2 19 28 12 17 26 21 22 25 16 27 1 9 4 11 
0 13
1 25
2 14
3 9
4 27
5 0
6 6
7 12
8 3
9 26
10 1
11 28
12 17
13 10
14 11
15 2
16 23
17 18
18 4
19 15
20 7
21 20
22 21
23 5
24 8
25 22
26 19
27 24
28 16
SIMILAR

6 3 25 24 22 23 1 26 28 8 18 19 15 7 27 9 11 16 10 0 17 5 20 4 21 12 13 14 2 
0 19
1 6
2 28
3 1
4 23
5 21
6 0
7 13
8 9
9 15
10 18
11 16
12 25
13 26
14 27
15 12
16 17
17 20
18 10
19 11
20 22
21 24
22 4
23 5
24 3
25 2
26 7
27 14
28 8
SIMILAR

15 16 19 2 8 18 7 20 14 12 28 5 9 1 23 3 27 21 10 13 4 11 0 6 25 22 26 24 17 
0 22
1 13
2 3
3 15
4 20
5 11
6 23
7 6
8 4
9 12
10 18
11 21
12 9
13 19
14 8
15 0
16 1
17 28
18 5
19 2
20 7
21 17
22 25
23 14
24 27
25 24
26 26
27 16
28 10
SIMILAR

22 28 5 13 21 19 10 0 7 25 20 9 1 16 11 4 12 26 27 18 15 17 23 14 8 6 3 2 24 
0 7
1 12
2 27
3 26
4 15
5 2
6 25
7 8
8 24
9 11
10 6
11 14
12 16
13 3
14 23
15 20
16 13
17 21
18 19
19 5
20 10
21 4
22 0
23 22
24 28
25 9
26 17
27 18
28 1
SIMILAR

8 9 10 13 22 5 4 28 17 3 27 16 0 24 1 6 25 21 18 14 7 20 19 15 11 2 12 23 26 
0 12
1 14
2 25
3 9
4 6
5 5
6 15
7 20
8 0
9 1
10 2
11 24
12 26
13 3
14 19
15 23
16 11
17 8
18 18
19 22
20 21
21 17
22 4
23 27
24 13
25 16
26 28
27 10
28 7
SIMILAR

3 11 4 8 15 14 28 2 0 19 7 1 22 18 26 17 5 13 16 23 12 25 24 27 9 20 21 10 6 
0 8
1 11
2 7
3 0
4 2
5 16
6 28
7 10
8 3
9 24
10 27
11 1
12 20
13 17
14 5
15 4
16 18
17 15
18 13
19 9
20 25
21 26
22 12
23 19
24 22
25 21
26 14
27 23
28 6
SIMILAR

8 3 24 28 17 10 12 25 0 9 11 21 26 2 19 13 14 18 5 7 4 1 15 16 20 23 22 6 27 
0 8
1 21
2 13
3 1
4 20
5 18
6 27
7 19
8 0
9 9
10 5
11 10
12 6
13 15
14 16
15 22
16 23
17 4
18 17
19 14
20 24
21 11
22 26
23 25
24 2
25 7
26 12
27 28
28 3
SIMILAR

1 13 2 17 12 0 5 19 6 23 8 7 11 10 28 15 18 27 26 3 14 4 20 9 16 25 24 21 22 
0 5
1 0
2 2
3 19
4 21
5 6
6 8
7 11
8 10
9 23
10 13
11 12
12 4
13 1
14 20
15 15
16 24
17 3
18 16
19 7
20 22
21 27
22 28
23 9
24 26
25 25
26 18
27 17
28 14
SIMILAR

21 9 17 15 18 7 23 2 26 6 3 5 25 10 11 1 27 14 22 19 16 8 28 24 12 13 4 20 0 
0 28
1 15
2 7
3 10
4 26
5 11
6 9
7 5
8 21
9 1
10 13
11 14
12 24
13 25
14 17
15 3
16 20
17 2
18 4
19 19
20 27
21 0
22 18
23 6
24 23
25 12
26 8
27 16
28 22
SIMILAR

0 6 2 8 4 3 22 17 26 14 20 16 1 27 10 9 18 5 11 23 28 19 21 15 12 13 24 25 7 
0 0
1 12
2 2
3 5
4 4
5 17
6 1
7 28
8 3
9 15
10 14
11 18
12 24
13 25
14 9
15 23
16 11
17 7
18 16
19 21
20 10
21 22
22 6
23 19
24 26
25 27
26 8
27 13
28 20
SIMILAR

17 12 1 25 0 7 13 10 5 24 6 8 15 20 9 28 27 16 26 3 23 22 19 11 18 2 4 14 21 
0 4
1 2
2 25
3 19
4 26
5 8
6 10
7 5
8 11
9 14
10 7
11 23
12 1
13 6
14 27
15 12
16 17
17 0
18 24
19 22
20 13
21 28
22 21
23 20
24 9
25 3
26 18
27 16
28 15
SIMILAR

21 19 13 9 10 18 26 1 3 24 4 2 6 11 28 22 15 14 25 27 7 12 23 17 0 8 20 16 5 
0 24
1 7
2 11
3 8
4 10
5 28
6 12
7 20
8 25
9 3
10 4
11 13
12 21
13 2
14 17
15 16
16 27
17 23
18 5
19 1
20 26
21 0
22 15
23 22
24 9
25 18
26 6
27 19
28 14
SIMILAR

27 15 21 7 5 11 19 17 2 23 14 1 18 24 25 12 22 28 13 8 3 4 10 20 9 0 16 6 26 
0 25
1 11
2 8
3 20
4 21
5 4
6 27
7 3
8 19
9 24
10 22
11 5
12 15
13 18
14 10
15 1
16 26
17 7
18 12
19 6
20 23
21 2
22 16
23 9
24 13
25 14
26 28
27 0
28 17
SIMILAR

24 1 18 20 23 22 10 12 21 13 6 7 5 14 4 15 9 8 28 0 26 27 19 11 25 16 3 17 2 
0 19
1 1
2 28
3 26
4 14
5 12
6 10
7 11
8 17
9 16
10 6
11 23
12 7
13 9
14 13
15 15
16 25
17 27
18 2
19 22
20 3
21 8
22 5
23 4
24 0
25 24
26 20
27 21
28 18
SIMILAR

11 28 27 18 15 6 9 8 17 5 12 14 20 2 26 25 0 3 1 19 22 21 24 16 10 7 13 23 4 
0 16
1 18
2 13
3 17
4 28
5 9
6 5
7 25
8 7
9 6
10 24
11 0
12 10
13 26
14 11
15 4
16 23
17 8
18 3
19 19
20 12
21 21
22 20
23 27
24 22
25 15
26 14
27 2
28 1
SIMILAR

8 15 18 14 20 13 21 5 25 3 23 12 27 11 16 22 7 1 2 6 24 28 19 9 10 17 26 4 0 
0 28
1 17
2 18
3 9
4 27
5 7
6 19
7 16
8 0
9 23
10 24
11 13
12 11
13 5
14 3
15 1
16 14
17 25
18 2
19 22
20 4
21 6
22 15
23 10
24 20
25 8
26 26
27 12
28 21
SIMILAR

11 7 22 13 14 3 19 16 8 26 23 17 21 5 0 27 28 10 4 24 9 18 1 20 12 6 25 15 2 
0 14
1 22
2 28
3 5
4 18
5 13
6 25
7 1
8 8
9 20
10 17
11 0
12 24
13 3
14 4
15 27
16 7
17 11
18 21
19 6
20 23
21 12
22 2
23 10
24 19
25 26
26 9
27 15
28 16
SIMILAR

3 25 8 18 7 6 15 26 9 21 24 17 1 22 13 16 11 20 14 27 10 4 2 12 19 5 23 28 0 
0 28
1 12
2 22
3 0
4 21
5 25
6 5
7 4
8 2
9 8
10 20
11 16
12 23
13 14
14 18
15 6
16 15
17 11
18 3
19 24
20 17
21 9
22 13
23 26
24 10
25 1
26 7
27 19
28 27
SIMILAR

3 27 9 16 22 2 0 14 4 12 7 28 6 19 11 23 13 20 21 24 15 8 25 26 18 10 1 5 17 
0 6
1 26
2 5
3 0
4 8
5 27
6 12
7 10
8 21
9 2
10 25
11 14
12 9
13 16
14 7
15 20
16 3
17 28
18 24
19 13
20 17
21 18
22 4
23 15
24 19
25 22
26 23
27 1
28 11
SIMILAR

11 24 22 5 3 23 10 15 17 0 18 13 12 16 6 25 27 28 1 2 8 7 14 4 20 26 9 19 21 
0 9
1 18
2 19
3 4
4 23
5 3
6 14
7 21
8 20
9 26
10 6
11 0
12 12
13 11
14 22
15 7
16 13
17 8
18 10
19 27
20 24
21 28
22 2
23 5
24 1
25 15
26 25
27 16
28 17
SIMILAR

2 5 14 22 27 17 1 13 25 21 15 12 7 6 0 16 28 11 26 3 23 10 18 8 4 9 20 24 19 
0 14
1 6
2 0
3 19
4 24
5 1
6 13
7 12
8 23
9 25
10 21
11 17
12 11
13 7
14 2
15 10
16 15
17 5
18 22
19 28
20 26
21 9
22 3
23 20
24 27
25 8
26 18
27 4
28 16
SIMILAR

2 18 27 7 3 22 5 10 21 25 28 0 16 24 14 11 1 23 8 9 26 6 12 13 19 17 20 15 4 
0 11
1 16
2 0
3 4
4 28
5 6
6 21
7 3
8 18
9 19
10 7
11 15
12 22
13 23
14 14
15 27
16 12
17 25
18 1
19 24
20 26
21 8
22 5
23 17
24 13
25 9
26 20
27 2
28 10
SIMILAR

10 22 11 9 24 28 17 13 16 25 6 5 23 19 4 20 26 12 2 7 21 18 14 15 0 3 27 8 1 
0 24
1 28
2 18
3 25
4 14
5 11
6 10
7 19
8 27
9 3
10 0
11 2
12 17
13 7
14 22
15 23
16 8
17 6
18 21
19 13
20 15
21 20
22 1
23 12
24 4
25 9
26 16
27 26
28 5
SIMILAR

16 9 4 28 26 18 13 0 8 22 17 10 14 3 12 15 23 11 6 25 20 2 24 27 1 19 21 5 7 
0 7
1 24
2 21
3 13
4 2
5 27
6 18
7 28
8 8
9 1
10 11
11 17
12 14
13 6
14 12
15 15
16 0
17 10
18 5
19 25
20 20
21 26
22 9
23 16
24 22
25 19
26 4
27 23
28 3
SIMILAR

12 6 18 16 3 2 11 24 19 27 14 25 4 5 1 0 13 22 15 26 17 20 9 7 21 8 23 10 28 
0 15
1 14
2 5
3 4
4 12
5 13
6 1
7 23
8 25
9 22
10 27
11 6
12 0
13 16
14 10
15 18
16 3
17 20
18 2
19 8
20 21
21 24
22 17
23 26
24 7
25 11
26 19
27 9
28 28
SIMILAR

16 4 20 22 6 26 9 5 1 14 28 0 11 23 21 19 7 24 3 2 25 13 27 15 17 12 18 10 8 
0 11
1 8
2 19
3 18
4 1
5 7
6 4
7 16
8 28
9 6
10 27
11 12
12 25
13 21
14 9
15 23
16 0
17 24
18 26
19 15
20 2
21 14
22 3
23 13
24 17
25 20
26 5
27 22
28 10
SIMILAR

12 28 5 27 22 7 26 16 2 18 21 8 19 4 10 23 6 0 20 1 13 14 9 17 15 24 25 3 11 
0 17
1 19
2 8
3 27
4 13
5 2
6 16
7 5
8 11
9 22
10 14
11 28
12 0
13 20
14 21
15 24
16 7
17 23
18 9
19 12
20 18
21 10
22 4
23 15
24 25
25 26
26 6
27 3
28 1
SIMILAR

0 15 14 1 27 3 21 4 6 16 11 24 2 12 9 5 26 25 28 10 7 22 13 8 19 20 17 18 23 
0 0
1 3
2 12
3 5
4 7
5 15
6 8
7 20
8 23
9 14
10 19
11 10
12 13
13 22
14 2
15 1
16 9
17 26
18 27
19 24
20 25
21 6
22 21
23 28
24 11
25 17
26 16
27 4
28 18
SIMILAR

14 25 4 27 23 7 21 17 3 28 26 19 9 0 6 16 11 8 5 12 13 10 2 20 22 18 1 15 24 
0 13
1 26
2 22
3 8
4 2
5 18
6 14
7 5
8 17
9 12
10 21
11 16
12 19
13 20
14 0
15 27
16 15
17 7
18 25
19 11
20 23
21 6
22 24
23 4
24 28
25 1
26 10
27 3
28 9
SIMILAR

21 14 26 11 9 25 2 13 19 28 18 0 5 23 12 4 22 16 24 6 17 3 1 20 8 7 10 15 27 
0 11
1 22
2 6
3 21
4 15
5 12
6 19
7 25
8 24
9 4
10 26
11 3
12 14
13 7
14 1
15 27
16 17
17 20
18 10
19 8
20 23
21 0
22 16
23 13
24 18
25 5
26 2
27 28
28 9
SIMILAR

0 13 26 12 10 1 4 25 22 18 23 8 3 5 14 15 11 9 27 6 17 16 24 19 2 21 7 20 28 
0 0
1 5
2 24
3 12
4 6
5 13
6 19
7 26
8 11
9 17
10 4
11 16
12 3
13 1
14 14
15 15
16 21
17 20
18 9
19 23
20 27
21 25
22 8
23 10
24 22
25 7
26 2
27 18
28 28
SIMILAR

25 17 0 6 13 11 4 12 5 7 3 26 22 19 10 21 18 20 9 1 27 2 14 24 15 8 16 28 23 
0 2
1 19
2 21
3 10
4 6
5 8
6 3
7 9
8 25
9 18
10 14
11 5
12 7
13 4
14 22
15 24
16 26
17 1
18 16
19 13
20 17
21 15
22 12
23 28
24 23
25 0
26 11
27 20
28 27
SIMILAR

19 21 9 18 2 24 6 27 23 0 12 5 1 26 7 10 17 16 22 3 4 25 28 13 14 8 15 11 20 
0 9
1 12
2 4
3 19
4 20
5 11
6 6
7 14
8 25
9 2
10 15
11 27
12 10
13 23
14 24
15 26
16 17
17 16
18 3
19 0
20 28
21 1
22 18
23 8
24 5
25 21
26 13
27 7
28 22
SIMILAR

24 4 6 5 23 27 3 15 8 20 28 0 17 7 12 19 26 2 9 1 13 25 10 21 22 14 18 16 11 
0 11
1 19
2 17
3 6
4 1
5 3
6 2
7 13
8 8
9 18
10 22
11 28
12 14
13 20
14 25
15 7
16 27
17 12
18 26
19 15
20 9
21 23
22 24
23 4
24 0
25 21
26 16
27 5
28 10
SIMILAR

28 27 22 19 25 7 21 26 14 0 23 13 11 9 2 16 12 17 5 6 1 3 4 10 15 24 18 8 20 
0 9
1 20
2 14
3 21
4 22
5 18
6 19
7 5
8 27
9 13
10 23
11 12
12 16
13 11
14 8
15 24
16 15
17 17
18 26
19 3
20 28
21 6
22 2
23 10
24 25
25 4
26 7
27 1
28 0
SIMILAR
100 0
7000 0
257000 0
