29
0 0 0 1 0 0 0 1 0 1 0 1 1 1 0 0 0 1 1 0 0 1 0 0 0 1 0 1 0 
0 0 0 0 1 1 1 0 0 0 0 0 0 0 0 1 0 0 1 0 1 1 1 1 0 1 0 0 1 
0 0 0 0 0 0 0 0 1 1 0 1 0 0 1 1 1 0 0 1 0 1 1 0 0 1 1 1 0 
1 0 0 0 1 1 0 0 1 1 0 0 0 0 0 0 0 0 1 1 1 0 1 0 0 1 0 1 1 
0 1 0 1 0 1 1 1 1 1 1 0 0 1 1 0 0 1 1 1 0 0 0 0 1 1 1 0 0 
0 1 0 1 1 0 1 1 0 0 0 0 1 0 0 0 0 1 0 0 0 0 1 1 0 1 0 1 1 
0 1 0 0 1 1 0 0 0 0 0 0 0 1 0 1 1 1 0 1 0 0 0 0 0 1 0 0 1 
1 0 0 0 1 1 0 0 1 0 1 1 1 1 0 0 1 0 0 0 1 1 0 0 0 1 1 0 0 
0 0 1 1 1 0 0 1 0 0 0 0 1 1 1 1 1 1 0 0 1 0 0 1 1 0 0 0 1 
1 0 1 1 1 0 0 0 0 0 1 0 0 1 1 0 1 0 1 0 0 1 1 0 1 1 0 0 1 
0 0 0 0 1 0 0 1 0 1 0 0 1 0 0 1 0 1 1 1 0 0 1 0 0 0 1 1 1 
1 0 1 0 0 0 0 1 0 0 0 0 1 0 0 0 0 0 0 0 1 1 0 0 0 1 1 1 1 
1 0 0 0 0 1 0 1 1 0 1 1 0 1 0 0 1 1 1 0 0 1 1 1 1 0 0 0 1 
1 0 0 0 1 0 1 1 1 1 0 0 1 0 0 1 0 0 0 1 0 1 0 1 0 1 1 0 1 
0 0 1 0 1 0 0 0 1 1 0 0 0 0 0 1 0 1 0 0 0 1 0 1 1 1 0 1 0 
0 1 1 0 0 0 1 0 1 0 1 0 0 1 1 0 0 1 0 0 0 0 1 0 0 0 0 1 1 
0 0 1 0 0 0 1 1 1 1 0 0 1 0 0 0 0 1 1 1 1 0 0 0 1 0 0 1 1 
1 0 0 0 1 1 1 0 1 0 1 0 1 0 1 1 1 0 1 0 0 1 1 0 1 1 1 0 0 
1 1 0 1 1 0 0 0 0 1 1 0 1 0 0 0 1 1 0 0 0 1 0 1 1 0 0 1 1 
0 0 1 1 1 0 1 0 0 0 1 0 0 1 0 0 1 0 0 0 0 0 0 0 1 1 0 1 0 
0 1 0 1 0 0 0 1 1 0 0 1 0 0 0 0 1 0 0 0 0 0 1 0 1 1 0 1 1 
1 1 1 0 0 0 0 1 0 1 0 1 1 1 1 0 0 1 1 0 0 0 1 1 0 0 1 0 0 
0 1 1 1 0 1 0 0 0 1 1 0 1 0 0 1 0 1 0 0 1 1 0 0 1 1 0 1 1 
0 1 0 0 0 1 0 0 1 0 0 0 1 1 1 0 0 0 1 0 0 1 0 0 1 1 1 0 1 
0 0 0 0 1 0 0 0 1 1 0 0 1 0 1 0 1 1 1 1 1 0 1 1 0 0 1 1 1 
1 1 1 1 1 1 1 1 0 1 0 1 0 1 1 0 0 1 0 1 1 0 1 1 0 0 1 1 1 
0 0 1 0 1 0 0 1 0 0 1 1 0 1 0 0 0 1 0 0 0 1 0 1 1 1 0 1 0 
1 0 1 1 0 1 0 0 0 0 1 1 0 0 1 1 1 0 1 1 1 0 1 0 1 1 1 0 0 
0 1 0 1 0 1 1 0 1 1 1 1 1 1 0 1 1 0 1 0 1 0 1 1 1 1 0 0 0 

21 3 10 12 6 0 16 11 4 20 8 23 2 17 1 14 18 7 25 9 28 27 13 22 5 26 15 19 24 
0 5
1 14
2 12
3 1
4 8
5 24
6 4
7 17
8 10
9 19
10 2
11 7
12 3
13 22
14 15
15 26
16 6
17 13
18 16
19 27
20 9
21 0
22 23
23 11
24 28
25 18
26 25
27 21
28 20
SIMILAR

11 14 5 28 4 22 6 26 1 24 7 2 15 23 9 13 16 27 12 25 18 19 20 3 17 0 8 10 21 
0 25
1 8
2 11
3 23
4 4
5 2
6 6
7 10
8 26
9 14
10 27
11 0
12 18
13 15
14 1
15 12
16 16
17 24
18 20
19 21
20 22
21 28
22 5
23 13
24 9
25 19
26 7
27 17
28 3
SIMILAR

1 21 4 20 11 0 17 8 27 2 12 18 6 14 15 26 5 13 10 28 25 7 19 9 3 22 24 23 16 
0 5
1 0
2 9
3 24
4 2
5 16
6 12
7 21
8 7
9 23
10 18
11 4
12 10
13 17
14 13
15 14
16 28
17 6
18 11
19 22
20 3
21 1
22 25
23 27
24 26
25 20
26 15
27 8
28 19
SIMILAR

8 24 3 2 18 4 15 20 6 16 14 0 10 13 27 1 22 28 25 9 12 26 7 21 17 23 19 5 11 
0 11
1 15
2 3
3 2
4 5
5 27
6 8
7 22
8 0
9 19
10 12
11 28
12 20
13 13
14 10
15 6
16 9
17 24
18 4
19 26
20 7
21 23
22 16
23 25
24 1
25 18
26 21
27 14
28 17
SIMILAR

23 28 12 8 20 14 21 22 9 25 7 4 24 17 6 15 0 3 18 10 2 11 27 5 13 26 1 16 19 
0 16
1 26
2 20
3 17
4 11
5 23
6 14
7 10
8 3
9 8
10 19
11 21
12 2
13 24
14 5
15 15
16 27
17 13
18 18
19 28
20 4
21 6
22 7
23 0
24 12
25 9
26 25
27 22
28 1
SIMILAR

9 22 11 4 8 26 15 23 1 13 18 17 27 3 21 19 25 20 2 16 24 5 28 10 12 7 14 0 6 
0 27
1 8
2 18
3 13
4 3
5 21
6 28
7 25
8 4
9 0
10 23
11 2
12 24
13 9
14 26
15 6
16 19
17 11
18 10
19 15
20 17
21 14
22 1
23 7
24 20
25 16
26 5
27 12
28 22
SIMILAR

16 25 22 0 23 27 6 5 13 7 28 9 4 24 10 1 21 2 14 11 19 15 17 26 3 20 8 12 18 
0 3
1 15
2 17
3 24
4 12
5 7
6 6
7 9
8 26
9 11
10 14
11 19
12 27
13 8
14 18
15 21
16 0
17 22
18 28
19 20
20 25
21 16
22 2
23 4
24 13
25 1
26 23
27 5
28 10
SIMILAR

18 24 28 7 16 0 15 9 3 20 17 2 21 22 19 1 13 11 5 23 10 6 25 26 14 4 12 27 8 
0 5
1 15
2 11
3 8
4 25
5 18
6 21
7 3
8 28
9 7
10 20
11 17
12 26
13 16
14 24
15 6
16 4
17 10
18 0
19 14
20 9
21 12
22 13
23 19
24 1
25 22
26 23
27 27
28 2
SIMILAR

2 28 0 18 27 24 21 6 23 13 22 7 1 10 11 5 3 26 8 14 19 17 15 20 12 25 4 9 16 
0 2
1 12
2 0
3 16
4 26
5 15
6 7
7 11
8 18
9 27
10 13
11 14
12 24
13 9
14 19
15 22
16 28
17 21
18 3
19 20
20 23
21 6
22 10
23 8
24 5
25 25
26 17
27 4
28 1
SIMILAR

28 6 25 4 0 17 13 24 7 16 19 23 14 21 26 5 22 20 2 15 3 18 11 1 9 12 8 10 27 
0 4
1 23
2 18
3 20
4 3
5 15
6 1
7 8
8 26
9 24
10 27
11 22
12 25
13 6
14 12
15 19
16 9
17 5
18 21
19 10
20 17
21 13
22 16
23 11
24 7
25 2
26 14
27 28
28 0
SIMILAR

20 1 4 26 27 3 19 14 16 18 23 7 5 22 11 13 24 17 25 12 6 0 2 21 15 8 10 9 28 
0 21
1 1
2 22
3 5
4 2
5 12
6 20
7 11
8 25
9 27
10 26
11 14
12 19
13 15
14 7
15 24
16 8
17 17
18 9
19 6
20 0
21 23
22 13
23 10
24 16
25 18
26 3
27 4
28 28
SIMILAR

26 24 10 8 3 0 20 7 28 25 14 12 27 4 21 9 2 6 23 1 13 11 22 5 19 16 15 17 18 
0 5
1 19
2 16
3 4
4 13
5 23
6 17
7 7
8 3
9 15
10 2
11 21
12 11
13 20
14 10
15 26
16 25
17 27
18 28
19 24
20 6
21 14
22 22
23 18
24 1
25 9
26 0
27 12
28 8
SIMILAR

14 21 3 25 18 17 27 12 0 13 15 24 7 1 5 22 6 8 19 2 10 26 23 28 16 20 9 11 4 
0 8
1 13
2 19
3 2
4 28
5 14
6 16
7 12
8 17
9 26
10 20
11 27
12 7
13 9
14 0
15 10
16 24
17 5
18 4
19 18
20 25
21 1
22 15
23 22
24 11
25 3
26 21
27 6
28 23
SIMILAR

24 19 8 6 16 27 1 3 17 25 21 14 13 4 18 28 22 0 15 11 12 10 5 20 2 9 23 7 26 
0 17
1 6
2 24
3 7
4 13
5 22
6 3
7 27
8 2
9 25
10 21
11 19
12 20
13 12
14 11
15 18
16 4
17 8
18 14
19 1
20 23
21 10
22 16
23 26
24 0
25 9
26 28
27 5
28 15
SIMILAR

25 23 20 15 24 9 22 1 21 8 17 3 0 26 7 11 28 16 2 13 18 12 4 10 19 5 6 14 27 
0 12
1 7
2 18
3 11
4 22
5 25
6 26
7 14
8 9
9 5
10 23
11 15
12 21
13 19
14 27
15 3
16 17
17 10
18 20
19 24
20 2
21 8
22 6
23 1
24 4
25 0
26 13
27 28
28 16
SIMILAR

17 19 10 25 24 16 12 1 7 28 18 15 9 4 3 6 20 11 14 2 27 0 8 26 5 21 23 13 22 
0 21
1 7
2 19
3 14
4 13
5 24
6 15
7 8
8 22
9 12
10 2
11 17
12 6
13 27
14 18
15 11
16 5
17 0
18 10
19 1
20 16
21 25
22 28
23 26
24 4
25 3
26 23
27 20
28 9
SIMILAR

17 14 19 27 8 22 2 10 24 7 26 12 0 28 20 13 1 5 6 11 18 25 21 3 23 16 9 4 15 
0 12
1 16
2 6
3 23
4 27
5 17
6 18
7 9
8 4
9 26
10 7
11 19
12 11
13 15
14 1
15 28
16 25
17 0
18 20
19 2
20 14
21 22
22 5
23 24
24 8
25 21
26 10
27 3
28 13
SIMILAR

24 15 16 17 23 21 8 1 26 27 10 25 11 12 19 20 0 2 4 6 13 7 22 14 9 3 28 18 5 
0 16
1 7
2 17
3 25
4 18
5 28
6 19
7 21
8 6
9 24
10 10
11 12
12 13
13 20
14 23
15 1
16 2
17 3
18 27
19 14
20 15
21 5
22 22
23 4
24 0
25 11
26 8
27 9
28 26
SIMILAR

26 1 9 7 13 17 11 5 12 20 14 4 28 19 27 0 6 15 8 23 25 10 18 22 3 24 16 2 21 
0 15
1 1
2 27
3 24
4 11
5 7
6 16
7 3
8 18
9 2
10 21
11 6
12 8
13 4
14 10
15 17
16 26
17 5
18 22
19 13
20 9
21 28
22 23
23 19
24 25
25 20
26 0
27 14
28 12
SIMILAR

28 9 7 1 22 27 18 6 10 11 2 15 20 8 26 12 0 24 13 23 19 5 4 3 17 25 14 16 21 
0 16
1 3
2 10
3 23
4 22
5 21
6 7
7 2
8 13
9 1
10 8
11 9
12 15
13 18
14 26
15 11
16 27
17 24
18 6
19 20
20 12
21 28
22 4
23 19
24 17
25 25
26 14
27 5
28 0
SIMILAR

13 5 16 12 28 25 7 27 2 11 14 20 18 22 24 10 21 8 9 19 3 15 1 23 0 26 17 4 6 
0 24
1 22
2 8
3 20
4 27
5 1
6 28
7 6
8 17
9 18
10 15
11 9
12 3
13 0
14 10
15 21
16 2
17 26
18 12
19 19
20 11
21 16
22 13
23 23
24 14
25 5
26 25
27 7
28 4
SIMILAR

28 16 5 0 19 20 11 22 3 27 13 26 12 6 17 14 18 9 8 21 10 4 2 15 1 24 7 23 25 
0 3
1 24
2 22
3 8
4 21
5 2
6 13
7 26
8 18
9 17
10 20
11 6
12 12
13 10
14 15
15 23
16 1
17 14
18 16
19 4
20 5
21 19
22 7
23 27
24 25
25 28
26 11
27 9
28 0
SIMILAR

20 7 10 13 26 17 18 12 15 24 1 16 2 0 23 9 25 19 22 6 3 8 14 21 27 11 5 4 28 
0 13
1 10
2 12
3 20
4 27
5 26
6 19
7 1
8 21
9 15
10 2
11 25
12 7
13 3
14 22
15 8
16 11
17 5
18 6
19 17
20 0
21 23
22 18
23 14
24 9
25 16
26 4
27 24
28 28
SIMILAR

11 24 4 20 7 17 3 22 14 5 19 12 23 10 26 13 1 25 28 21 6 8 18 15 27 0 9 16 2 
0 25
1 16
2 28
3 6
4 2
5 9
6 20
7 4
8 21
9 26
10 13
11 0
12 11
13 15
14 8
15 23
16 27
17 5
18 22
19 10
20 3
21 19
22 7
23 12
24 1
25 17
26 14
27 24
28 18
SIMILAR

18 26 22 27 17 1 0 24 5 9 12 11 4 6 15 20 7 10 21 25 19 28 23 2 16 8 3 14 13 
0 6
1 5
2 23
3 26
4 12
5 8
6 13
7 16
8 25
9 9
10 17
11 11
12 10
13 28
14 27
15 14
16 24
17 4
18 0
19 20
20 15
21 18
22 2
23 22
24 7
25 19
26 1
27 3
28 21
SIMILAR

25 26 12 6 9 11 22 1 20 21 17 24 8 14 27 10 3 4 15 2 23 16 13 19 28 18 7 5 0 
0 28
1 7
2 19
3 16
4 17
5 27
6 3
7 26
8 12
9 4
10 15
11 5
12 2
13 22
14 13
15 18
16 21
17 10
18 25
19 23
20 8
21 9
22 6
23 20
24 11
25 0
26 1
27 14
28 24
SIMILAR

4 24 27 7 13 19 15 12 18 3 6 8 28 14 9 20 5 22 26 0 10 16 11 21 23 25 17 2 1 
0 19
1 28
2 27
3 9
4 0
5 16
6 10
7 3
8 11
9 14
10 20
11 22
12 7
13 4
14 13
15 6
16 21
17 26
18 8
19 5
20 15
21 23
22 17
23 24
24 1
25 25
26 18
27 2
28 12
SIMILAR

9 7 13 18 19 16 1 26 4 24 25 14 11 2 28 27 21 8 12 3 17 6 23 0 5 10 22 15 20 
0 23
1 6
2 13
3 19
4 8
5 24
6 21
7 1
8 17
9 0
10 25
11 12
12 18
13 2
14 11
15 27
16 5
17 20
18 3
19 4
20 28
21 16
22 26
23 22
24 9
25 10
26 7
27 15
28 14
SIMILAR

10 7 16 19 17 25 22 6 5 9 15 11 23 12 20 14 1 27 21 0 8 24 18 28 13 4 26 2 3 
0 19
1 16
2 27
3 28
4 25
5 8
6 7
7 1
8 20
9 9
10 0
11 11
12 13
13 24
14 15
15 10
16 2
17 4
18 22
19 3
20 14
21 18
22 6
23 12
24 21
25 5
26 26
27 17
28 23
SIMILAR

2 10 5 17 20 19 27 22 13 4 3 1 7 21 15 16 12 6 26 0 11 25 14 8 23 24 9 28 18 
0 19
1 11
2 0
3 10
4 9
5 2
6 17
7 12
8 23
9 26
10 1
11 20
12 16
13 8
14 22
15 14
16 15
17 3
18 28
19 5
20 4
21 13
22 7
23 24
24 25
25 21
26 18
27 6
28 27
SIMILAR

22 24 6 2 11 7 12 23 25 5 0 3 20 17 15 13 27 14 16 18 10 28 8 19 1 21 26 9 4 
0 10
1 24
2 3
3 11
4 28
5 9
6 2
7 5
8 22
9 27
10 20
11 4
12 6
13 15
14 17
15 14
16 18
17 13
18 19
19 23
20 12
21 25
22 0
23 7
24 1
25 8
26 26
27 16
28 21
SIMILAR

16 28 2 11 9 0 14 18 22 13 25 10 12 24 19 27 8 1 20 15 3 21 26 17 4 7 5 6 23 
0 5
1 17
2 2
3 20
4 24
5 26
6 27
7 25
8 16
9 4
10 11
11 3
12 12
13 9
14 6
15 19
16 0
17 23
18 7
19 14
20 18
21 21
22 8
23 28
24 13
25 10
26 22
27 15
28 1
SIMILAR

23 26 15 19 10 28 24 7 20 1 2 21 5 12 8 4 22 18 25 27 17 13 14 9 11 3 0 6 16 
0 26
1 9
2 10
3 25
4 15
5 12
6 27
7 7
8 14
9 23
10 4
11 24
12 13
13 21
14 22
15 2
16 28
17 20
18 17
19 3
20 8
21 11
22 16
23 0
24 6
25 18
26 1
27 19
28 5
SIMILAR

18 20 26 4 22 6 7 8 17 24 10 23 9 28 15 3 14 5 19 11 12 13 27 16 21 2 0 1 25 
0 26
1 27
2 25
3 15
4 3
5 17
6 5
7 6
8 7
9 12
10 10
11 19
12 20
13 21
14 16
15 14
16 23
17 8
18 0
19 18
20 1
21 24
22 4
23 11
24 9
25 28
26 2
27 22
28 13
SIMILAR

21 23 2 20 0 13 10 12 4 28 18 8 14 1 6 15 3 24 16 17 22 26 9 11 27 5 19 7 25 
0 4
1 13
2 2
3 16
4 8
5 25
6 14
7 27
8 11
9 22
10 6
11 23
12 7
13 5
14 12
15 15
16 18
17 19
18 10
19 26
20 3
21 0
22 20
23 1
24 17
25 28
26 21
27 24
28 9
SIMILAR

23 6 27 20 5 13 16 4 1 28 26 21 22 14 12 25 18 3 15 17 8 24 11 9 0 7 10 2 19 
0 24
1 8
2 27
3 17
4 7
5 4
6 1
7 25
8 20
9 23
10 26
11 22
12 14
13 5
14 13
15 18
16 6
17 19
18 16
19 28
20 3
21 11
22 12
23 0
24 21
25 15
26 10
27 2
28 9
SIMILAR

24 18 11 4 14 0 5 7 27 19 17 2 13 8 22 3 21 23 16 20 1 9 6 12 25 26 28 10 15 
0 5
1 20
2 11
3 15
4 3
5 6
6 22
7 7
8 13
9 21
10 27
11 2
12 23
13 12
14 4
15 28
16 18
17 10
18 1
19 9
20 19
21 16
22 14
23 17
24 0
25 24
26 25
27 8
28 26
SIMILAR

25 9 5 23 3 6 11 28 18 12 15 14 8 7 20 27 2 0 4 1 22 17 21 16 19 13 24 10 26 
0 17
1 19
2 16
3 4
4 18
5 2
6 5
7 13
8 12
9 1
10 27
11 6
12 9
13 25
14 11
15 10
16 23
17 21
18 8
19 24
20 14
21 22
22 20
23 3
24 26
25 0
26 28
27 15
28 7
SIMILAR

8 6 0 27 5 12 24 3 20 1 25 11 4 17 2 16 26 9 28 19 21 23 22 7 18 13 14 10 15 
0 2
1 9
2 14
3 7
4 12
5 4
6 1
7 23
8 0
9 17
10 27
11 11
12 5
13 25
14 26
15 28
16 15
17 13
18 24
19 19
20 8
21 20
22 22
23 21
24 6
25 10
26 16
27 3
28 18
SIMILAR

21 15 9 27 16 23 12 5 11 19 17 18 3 28 4 0 13 20 6 24 7 8 1 22 2 14 10 26 25 
0 15
1 22
2 24
3 12
4 14
5 7
6 18
7 20
8 21
9 2
10 26
11 8
12 6
13 16
14 25
15 1
16 4
17 10
18 11
19 9
20 17
21 0
22 23
23 5
24 19
25 28
26 27
27 3
28 13
SIMILAR

28 21 6 14 0 18 22 3 17 10 5 8 4 7 15 13 12 25 9 1 20 26 16 24 2 23 11 19 27 
0 4
1 19
2 24
3 7
4 12
5 10
6 2
7 13
8 11
9 18
10 9
11 26
12 16
13 15
14 3
15 14
16 22
17 8
18 5
19 27
20 20
21 1
22 6
23 25
24 23
25 17
26 21
27 28
28 0
SIMILAR

26 11 7 12 1 25 20 5 10 21 28 18 8 14 19 9 0 27 16 3 4 6 15 17 24 23 2 13 22 
0 16
1 4
2 26
3 19
4 20
5 7
6 21
7 2
8 12
9 15
10 8
11 1
12 3
13 27
14 13
15 22
16 18
17 23
18 11
19 14
20 6
21 9
22 28
23 25
24 24
25 5
26 0
27 17
28 10
SIMILAR

26 21 11 17 22 25 24 2 27 10 16 8 15 0 7 14 18 4 19 23 13 28 1 6 3 20 5 9 12 
0 13
1 22
2 7
3 24
4 17
5 26
6 23
7 14
8 11
9 27
10 9
11 2
12 28
13 20
14 15
15 12
16 10
17 3
18 16
19 18
20 25
21 1
22 4
23 19
24 6
25 5
26 0
27 8
28 21
SIMILAR

5 20 12 9 17 16 15 1 11 13 0 10 14 27 3 23 18 26 7 2 22 25 8 24 4 19 6 21 28 
0 10
1 7
2 19
3 14
4 24
5 0
6 26
7 18
8 22
9 3
10 11
11 8
12 2
13 9
14 12
15 6
16 5
17 4
18 16
19 25
20 1
21 27
22 20
23 15
24 23
25 21
26 17
27 13
28 28
SIMILAR

24 5 17 15 1 6 7 10 16 22 18 8 4 11 26 14 19 12 23 0 20 25 21 3 27 28 2 13 9 
0 19
1 4
2 26
3 23
4 12
5 1
6 5
7 6
8 11
9 28
10 7
11 13
12 17
13 27
14 15
15 3
16 8
17 2
18 10
19 16
20 20
21 22
22 9
23 18
24 0
25 21
26 14
27 24
28 25
SIMILAR

7 27 1 24 16 8 23 21 14 5 25 13 22 20 2 12 10 9 6 0 18 15 26 19 4 17 28 11 3 
0 19
1 2
2 14
3 28
4 24
5 9
6 18
7 0
8 5
9 17
10 16
11 27
12 15
13 11
14 8
15 21
16 4
17 25
18 20
19 23
20 13
21 7
22 12
23 6
24 3
25 10
26 22
27 1
28 26
SIMILAR

9 5 15 1 14 22 20 17 6 16 8 13 24 0 12 23 18 10 3 7 19 11 2 27 4 25 21 28 26 
0 13
1 3
2 22
3 18
4 24
5 1
6 8
7 19
8 10
9 0
10 17
11 21
12 14
13 11
14 4
15 2
16 9
17 7
18 16
19 20
20 6
21 26
22 5
23 15
24 12
25 25
26 28
27 23
28 27
SIMILAR

22 18 25 14 16 9 4 28 6 2 24 26 10 11 13 7 5 0 19 27 21 15 1 17 8 23 12 3 20 
0 17
1 22
2 9
3 27
4 6
5 16
6 8
7 15
8 24
9 5
10 12
11 13
12 26
13 14
14 3
15 21
16 4
17 23
18 1
19 18
20 28
21 20
22 0
23 25
24 10
25 2
26 11
27 19
28 7
SIMILAR

3 14 12 27 2 24 6 25 20 23 9 10 11 4 19 15 22 8 28 5 18 0 26 1 7 13 21 17 16 
0 21
1 23
2 4
3 0
4 13
5 19
6 6
7 24
8 17
9 10
10 11
11 12
12 2
13 25
14 1
15 15
16 28
17 27
18 20
19 14
20 8
21 26
22 16
23 9
24 5
25 7
26 22
27 3
28 18
SIMILAR

9 13 21 16 20 15 26 5 0 17 19 4 7 1 10 25 11 18 3 24 14 12 2 28 23 22 6 8 27 
0 8
1 13
2 22
3 18
4 11
5 7
6 26
7 12
8 27
9 0
10 14
11 16
12 21
13 1
14 20
15 5
16 3
17 9
18 17
19 10
20 4
21 2
22 25
23 24
24 19
25 15
26 6
27 28
28 23
SIMILAR

2 19 11 22 13 15 4 25 23 27 28 1 24 5 3 7 9 10 17 6 14 16 20 12 26 0 8 21 18 
0 25
1 11
2 0
3 14
4 6
5 13
6 19
7 15
8 26
9 16
10 17
11 2
12 23
13 4
14 20
15 5
16 21
17 18
18 28
19 1
20 22
21 27
22 3
23 8
24 12
25 7
26 24
27 9
28 10
SIMILAR

2 6 26 1 17 12 11 16 4 14 7 19 25 28 9 0 3 20 10 18 23 24 13 5 8 15 21 27 22 
0 15
1 3
2 0
3 16
4 8
5 23
6 1
7 10
8 24
9 14
10 18
11 6
12 5
13 22
14 9
15 25
16 7
17 4
18 19
19 11
20 17
21 26
22 28
23 20
24 21
25 12
26 2
27 27
28 13
SIMILAR

28 25 14 21 11 23 16 3 7 4 15 9 20 17 26 1 8 0 12 5 6 2 24 19 27 10 18 13 22 
0 17
1 15
2 21
3 7
4 9
5 19
6 20
7 8
8 16
9 11
10 25
11 4
12 18
13 27
14 2
15 10
16 6
17 13
18 26
19 23
20 12
21 3
22 28
23 5
24 22
25 1
26 14
27 24
28 0
SIMILAR

23 10 2 16 26 19 0 1 8 20 24 4 17 18 5 25 11 21 22 7 3 14 15 9 6 12 27 28 13 
0 6
1 7
2 2
3 20
4 11
5 14
6 24
7 19
8 8
9 23
10 1
11 16
12 25
13 28
14 21
15 22
16 3
17 12
18 13
19 5
20 9
21 17
22 18
23 0
24 10
25 15
26 4
27 26
28 27
SIMILAR

0 28 5 21 25 14 12 4 22 26 19 3 10 6 7 2 16 13 1 24 27 11 8 15 20 18 9 17 23 
0 0
1 18
2 15
3 11
4 7
5 2
6 13
7 14
8 22
9 26
10 12
11 21
12 6
13 17
14 5
15 23
16 16
17 27
18 25
19 10
20 24
21 3
22 8
23 28
24 19
25 4
26 9
27 20
28 1
SIMILAR

19 24 2 27 20 0 12 18 15 25 28 11 26 21 6 14 8 4 13 5 7 17 9 1 23 3 10 22 16 
0 5
1 23
2 2
3 25
4 17
5 19
6 14
7 20
8 16
9 22
10 26
11 11
12 6
13 18
14 15
15 8
16 28
17 21
18 7
19 0
20 4
21 13
22 27
23 24
24 1
25 9
26 12
27 3
28 10
SIMILAR

12 7 2 9 16 18 26 11 14 3 22 1 8 10 4 17 24 25 5 6 27 23 13 15 21 19 0 20 28 
0 26
1 11
2 2
3 9
4 14
5 18
6 19
7 1
8 12
9 3
10 13
11 7
12 0
13 22
14 8
15 23
16 4
17 15
18 5
19 25
20 27
21 24
22 10
23 21
24 16
25 17
26 6
27 20
28 28
SIMILAR

0 24 26 10 22 2 23 14 19 1 7 11 9 20 28 16 6 15 17 27 3 13 18 25 4 21 8 12 5 
0 0
1 9
2 5
3 20
4 24
5 28
6 16
7 10
8 26
9 12
10 3
11 11
12 27
13 21
14 7
15 17
16 15
17 18
18 22
19 8
20 13
21 25
22 4
23 6
24 1
25 23
26 2
27 19
28 14
SIMILAR

14 12 6 8 1 27 10 5 9 13 26 17 19 23 4 21 20 3 25 0 7 28 16 11 22 24 2 15 18 
0 19
1 4
2 26
3 17
4 14
5 7
6 2
7 20
8 3
9 8
10 6
11 23
12 1
13 9
14 0
15 27
16 22
17 11
18 28
19 12
20 16
21 15
22 24
23 13
24 25
25 18
26 10
27 5
28 21
SIMILAR

12 24 14 20 7 16 10 0 26 18 3 13 11 17 21 9 25 27 1 22 8 19 15 6 5 4 2 23 28 
0 7
1 18
2 26
3 10
4 25
5 24
6 23
7 4
8 20
9 15
10 6
11 12
12 0
13 11
14 2
15 22
16 5
17 13
18 9
19 21
20 3
21 14
22 19
23 27
24 1
25 16
26 8
27 17
28 28
SIMILAR

2 25 1 3 8 4 7 18 12 5 6 22 15 17 28 19 23 9 13 0 16 14 21 26 20 11 24 27 10 
0 19
1 2
2 0
3 3
4 5
5 9
6 10
7 6
8 4
9 17
10 28
11 25
12 8
13 18
14 21
15 12
16 20
17 13
18 7
19 15
20 24
21 22
22 11
23 16
24 26
25 1
26 23
27 27
28 14
SIMILAR

13 18 14 20 25 28 2 12 0 6 5 21 27 22 8 17 11 9 3 19 26 24 4 1 16 7 23 10 15 
0 8
1 23
2 6
3 18
4 22
5 10
6 9
7 25
8 14
9 17
10 27
11 16
12 7
13 0
14 2
15 28
16 24
17 15
18 1
19 19
20 3
21 11
22 13
23 26
24 21
25 4
26 20
27 12
28 5
SIMILAR

24 23 15 6 12 13 10 5 17 9 18 2 14 11 21 0 8 20 3 22 16 19 25 27 1 28 26 7 4 
0 15
1 24
2 11
3 18
4 28
5 7
6 3
7 27
8 16
9 9
10 6
11 13
12 4
13 5
14 12
15 2
16 20
17 8
18 10
19 21
20 17
21 14
22 19
23 1
24 0
25 22
26 26
27 23
28 25
SIMILAR

26 9 20 19 21 5 2 13 25 22 1 7 18 3 14 12 6 28 27 15 16 10 4 8 24 23 0 11 17 
0 26
1 10
2 6
3 13
4 22
5 5
6 16
7 11
8 23
9 1
10 21
11 27
12 15
13 7
14 14
15 19
16 20
17 28
18 12
19 3
20 2
21 4
22 9
23 25
24 24
25 8
26 0
27 18
28 17
SIMILAR

24 25 0 13 17 4 18 3 11 2 21 20 23 9 6 7 1 12 15 14 28 19 26 16 27 8 10 5 22 
0 2
1 16
2 9
3 7
4 5
5 27
6 14
7 15
8 25
9 13
10 26
11 8
12 17
13 3
14 19
15 18
16 23
17 4
18 6
19 21
20 11
21 10
22 28
23 12
24 0
25 1
26 22
27 24
28 20
SIMILAR

26 12 27 7 28 15 17 23 9 19 14 2 4 6 11 21 24 3 20 25 8 1 16 22 18 5 10 0 13 
0 27
1 21
2 11
3 17
4 12
5 25
6 13
7 3
8 20
9 8
10 26
11 14
12 1
13 28
14 10
15 5
16 22
17 6
18 24
19 9
20 18
21 15
22 23
23 7
24 16
25 19
26 0
27 2
28 4
SIMILAR

12 22 14 28 16 6 17 13 10 20 19 3 24 9 4 11 21 2 25 7 1 18 27 23 0 26 15 5 8 
0 24
1 20
2 17
3 11
4 14
5 27
6 5
7 19
8 28
9 13
10 8
11 15
12 0
13 7
14 2
15 26
16 4
17 6
18 21
19 10
20 9
21 16
22 1
23 23
24 12
25 18
26 25
27 22
28 3
SIMILAR

10 27 3 26 22 21 4 17 24 13 6 8 19 7 2 25 18 9 11 15 12 14 16 28 0 23 20 1 5 
0 24
1 27
2 14
3 2
4 6
5 28
6 10
7 13
8 11
9 17
10 0
11 18
12 20
13 9
14 21
15 19
16 22
17 7
18 16
19 12
20 26
21 5
22 4
23 25
24 8
25 15
26 3
27 1
28 23
SIMILAR

2 17 28 27 11 18 5 22 7 4 15 10 12 6 16 14 13 19 3 1 20 8 21 25 23 24 26 0 9 
0 27
1 19
2 0
3 18
4 9
5 6
6 13
7 8
8 21
9 28
10 11
11 4
12 12
13 16
14 15
15 10
16 14
17 1
18 5
19 17
20 20
21 22
22 7
23 24
24 25
25 23
26 26
27 3
28 2
SIMILAR

1 24 17 23 10 6 5 21 26 7 27 4 9 3 8 0 2 19 15 18 11 12 20 16 22 14 25 13 28 
0 15
1 0
2 16
3 13
4 11
5 6
6 5
7 9
8 14
9 12
10 4
11 20
12 21
13 27
14 25
15 18
16 23
17 2
18 19
19 17
20 22
21 7
22 24
23 3
24 1
25 26
26 8
27 10
28 28
SIMILAR

1 13 2 5 12 15 23 20 3 4 10 11 8 6 18 16 17 7 27 22 19 14 0 28 26 25 9 21 24 
0 22
1 0
2 2
3 8
4 9
5 3
6 13
7 17
8 12
9 26
10 10
11 11
12 4
13 1
14 21
15 5
16 15
17 16
18 14
19 20
20 7
21 27
22 19
23 6
24 28
25 25
26 24
27 18
28 23
SIMILAR

4 18 8 27 28 20 11 26 19 21 12 9 16 7 15 6 14 13 23 25 0 24 10 5 22 17 1 3 2 
0 20
1 26
2 28
3 27
4 0
5 23
6 15
7 13
8 2
9 11
10 22
11 6
12 10
13 17
14 16
15 14
16 12
17 25
18 1
19 8
20 5
21 9
22 24
23 18
24 21
25 19
26 7
27 3
28 4
SIMILAR

24 16 8 9 17 13 10 19 23 27 15 6 22 5 0 21 7 14 4 18 11 12 26 2 1 20 28 3 25 
0 14
1 24
2 23
3 27
4 18
5 13
6 11
7 16
8 2
9 3
10 6
11 20
12 21
13 5
14 17
15 10
16 1
17 4
18 19
19 7
20 25
21 15
22 12
23 8
24 0
25 28
26 22
27 9
28 26
SIMILAR

22 28 7 23 11 2 18 19 21 0 27 8 20 17 25 9 1 14 10 5 6 12 13 16 15 24 3 26 4 
0 9
1 16
2 5
3 26
4 28
5 19
6 20
7 2
8 11
9 15
10 18
11 4
12 21
13 22
14 17
15 24
16 23
17 13
18 6
19 7
20 12
21 8
22 0
23 3
24 25
25 14
26 27
27 10
28 1
SIMILAR

10 27 25 15 18 2 24 6 1 7 3 13 16 4 26 28 14 22 12 21 19 11 8 17 5 23 9 20 0 
0 28
1 8
2 5
3 10
4 13
5 24
6 7
7 9
8 22
9 26
10 0
11 21
12 18
13 11
14 16
15 3
16 12
17 23
18 4
19 20
20 27
21 19
22 17
23 25
24 6
25 2
26 14
27 1
28 15
SIMILAR

10 2 5 14 22 0 15 3 13 12 17 28 20 23 19 9 26 1 7 8 24 16 25 18 6 21 4 27 11 
0 5
1 17
2 1
3 7
4 26
5 2
6 24
7 18
8 19
9 15
10 0
11 28
12 9
13 8
14 3
15 6
16 21
17 10
18 23
19 14
20 12
21 25
22 4
23 13
24 20
25 22
26 16
27 27
28 11
SIMILAR

10 2 4 19 17 15 3 12 18 21 7 26 1 24 5 13 0 25 9 16 28 23 27 14 11 6 22 8 20 
0 16
1 12
2 1
3 6
4 2
5 14
6 25
7 10
8 27
9 18
10 0
11 24
12 7
13 15
14 23
15 5
16 19
17 4
18 8
19 3
20 28
21 9
22 26
23 21
24 13
25 17
26 11
27 22
28 20
SIMILAR

22 15 5 4 24 23 12 7 17 28 8 0 18 9 21 20 6 26 11 19 1 3 16 27 2 25 10 14 13 
0 11
1 20
2 24
3 21
4 3
5 2
6 16
7 7
8 10
9 13
10 26
11 18
12 6
13 28
14 27
15 1
16 22
17 8
18 12
19 19
20 15
21 14
22 0
23 5
24 4
25 25
26 17
27 23
28 9
SIMILAR

14 6 7 12 4 22 18 21 5 2 8 17 19 10 15 9 24 27 28 0 1 20 23 16 3 13 11 25 26 
0 19
1 20
2 9
3 24
4 4
5 8
6 1
7 2
8 10
9 15
10 13
11 26
12 3
13 25
14 0
15 14
16 23
17 11
18 6
19 12
20 21
21 7
22 5
23 22
24 16
25 27
26 28
27 17
28 18
SIMILAR

7 18 11 12 24 22 15 23 17 1 2 3 26 20 8 19 27 21 0 6 4 16 10 28 14 25 13 5 9 
0 18
1 9
2 10
3 11
4 20
5 27
6 19
7 0
8 14
9 28
10 22
11 2
12 3
13 26
14 24
15 6
16 21
17 8
18 1
19 15
20 13
21 17
22 5
23 7
24 4
25 25
26 12
27 16
28 23
SIMILAR

12 24 10 14 27 7 11 8 4 1 17 19 13 20 6 16 18 9 28 25 0 15 21 3 23 2 5 26 22 
0 20
1 9
2 25
3 23
4 8
5 26
6 14
7 5
8 7
9 17
10 2
11 6
12 0
13 12
14 3
15 21
16 15
17 10
18 16
19 11
20 13
21 22
22 28
23 24
24 1
25 19
26 27
27 4
28 18
SIMILAR

26 1 22 9 25 2 27 6 17 14 24 15 20 21 0 10 4 3 12 28 5 16 13 23 7 19 18 8 11 
0 14
1 1
2 5
3 17
4 16
5 20
6 7
7 24
8 27
9 3
10 15
11 28
12 18
13 22
14 9
15 11
16 21
17 8
18 26
19 25
20 12
21 13
22 2
23 23
24 10
25 4
26 0
27 6
28 19
SIMILAR

20 22 28 5 12 25 23 19 7 26 4 13 2 27 3 9 1 17 10 24 16 6 21 8 11 15 0 14 18 
0 26
1 16
2 12
3 14
4 10
5 3
6 21
7 8
8 23
9 15
10 18
11 24
12 4
13 11
14 27
15 25
16 20
17 17
18 28
19 7
20 0
21 22
22 1
23 6
24 19
25 5
26 9
27 13
28 2
SIMILAR

4 3 9 22 26 6 5 14 23 7 13 20 25 2 12 8 0 10 27 11 19 24 17 15 28 21 1 16 18 
0 16
1 26
2 13
3 1
4 0
5 6
6 5
7 9
8 15
9 2
10 17
11 19
12 14
13 10
14 7
15 23
16 27
17 22
18 28
19 20
20 11
21 25
22 3
23 8
24 21
25 12
26 4
27 18
28 24
SIMILAR

14 20 3 4 28 24 16 19 8 27 12 2 22 25 23 7 15 17 13 26 18 10 21 1 0 5 6 11 9 
0 24
1 23
2 11
3 2
4 3
5 25
6 26
7 15
8 8
9 28
10 21
11 27
12 10
13 18
14 0
15 16
16 6
17 17
18 20
19 7
20 1
21 22
22 12
23 14
24 5
25 13
26 19
27 9
28 4
SIMILAR

7 2 28 19 10 9 20 18 15 6 13 14 0 3 4 11 1 8 12 23 27 21 5 17 22 24 26 25 16 
0 12
1 16
2 1
3 13
4 14
5 22
6 9
7 0
8 17
9 5
10 4
11 15
12 18
13 10
14 11
15 8
16 28
17 23
18 7
19 3
20 6
21 21
22 24
23 19
24 25
25 27
26 26
27 20
28 2
SIMILAR

3 28 13 12 9 18 14 22 4 0 15 24 1 26 16 20 5 7 17 25 2 23 8 10 6 11 19 21 27 
0 9
1 12
2 20
3 0
4 8
5 16
6 24
7 17
8 22
9 4
10 23
11 25
12 3
13 2
14 6
15 10
16 14
17 18
18 5
19 26
20 15
21 27
22 7
23 21
24 11
25 19
26 13
27 28
28 1
SIMILAR

12 17 11 24 1 14 20 23 6 22 28 10 26 16 2 4 27 0 8 9 15 21 7 25 5 19 3 13 18 
0 17
1 4
2 14
3 26
4 15
5 24
6 8
7 22
8 18
9 19
10 11
11 2
12 0
13 27
14 5
15 20
16 13
17 1
18 28
19 25
20 6
21 21
22 9
23 7
24 3
25 23
26 12
27 16
28 10
SIMILAR

28 6 22 9 19 4 15 0 7 16 2 25 26 23 12 11 18 24 20 27 8 17 3 14 13 21 1 10 5 
0 7
1 26
2 10
3 22
4 5
5 28
6 1
7 8
8 20
9 3
10 27
11 15
12 14
13 24
14 23
15 6
16 9
17 21
18 16
19 4
20 18
21 25
22 2
23 13
24 17
25 11
26 12
27 19
28 0
SIMILAR

22 15 2 8 28 14 17 12 7 9 26 4 11 5 13 10 0 25 19 3 16 21 20 6 18 23 27 24 1 
0 16
1 28
2 2
3 19
4 11
5 13
6 23
7 8
8 3
9 9
10 15
11 12
12 7
13 14
14 5
15 1
16 20
17 6
18 24
19 18
20 22
21 21
22 0
23 25
24 27
25 17
26 10
27 26
28 4
SIMILAR

22 10 6 24 15 5 20 26 7 0 16 27 11 14 23 21 13 25 2 4 18 9 1 12 28 19 17 8 3 
0 9
1 22
2 18
3 28
4 19
5 5
6 2
7 8
8 27
9 21
10 1
11 12
12 23
13 16
14 13
15 4
16 10
17 26
18 20
19 25
20 6
21 15
22 0
23 14
24 3
25 17
26 7
27 11
28 24
SIMILAR

28 2 0 21 1 12 7 13 14 23 15 16 3 20 6 11 19 26 9 25 24 4 5 22 18 8 10 17 27 
0 2
1 4
2 1
3 12
4 21
5 22
6 14
7 6
8 25
9 18
10 26
11 15
12 5
13 7
14 8
15 10
16 11
17 27
18 24
19 16
20 13
21 3
22 23
23 9
24 20
25 19
26 17
27 28
28 0
SIMILAR

8 15 19 1 6 14 24 23 26 12 21 18 11 0 4 16 28 13 9 2 7 5 20 10 3 22 17 27 25 
0 13
1 3
2 19
3 24
4 14
5 21
6 4
7 20
8 0
9 18
10 23
11 12
12 9
13 17
14 5
15 1
16 15
17 26
18 11
19 2
20 22
21 10
22 25
23 7
24 6
25 28
26 8
27 27
28 16
SIMILAR

6 14 16 27 9 28 5 4 12 2 22 23 15 8 19 20 17 0 21 10 25 11 1 24 26 7 13 3 18 
0 17
1 22
2 9
3 27
4 7
5 6
6 0
7 25
8 13
9 4
10 19
11 21
12 8
13 26
14 1
15 12
16 2
17 16
18 28
19 14
20 15
21 18
22 10
23 11
24 23
25 20
26 24
27 3
28 5
SIMILAR

9 18 6 7 11 22 25 24 15 17 8 13 16 10 4 19 0 2 1 28 3 20 5 14 26 23 12 21 27 
0 16
1 18
2 17
3 20
4 14
5 22
6 2
7 3
8 10
9 0
10 13
11 4
12 26
13 11
14 23
15 8
16 12
17 9
18 1
19 15
20 21
21 27
22 5
23 25
24 7
25 6
26 24
27 28
28 19
SIMILAR

25 4 20 22 17 15 12 7 9 14 19 10 3 1 5 16 0 28 24 6 8 11 13 2 26 18 21 27 23 
0 16
1 13
2 23
3 12
4 1
5 14
6 19
7 7
8 20
9 8
10 11
11 21
12 6
13 22
14 9
15 5
16 15
17 4
18 25
19 10
20 2
21 26
22 3
23 28
24 18
25 0
26 24
27 27
28 17
SIMILAR

2 9 24 21 8 27 16 1 14 11 22 0 17 3 26 20 25 4 10 13 19 18 15 23 7 12 5 28 6 
0 11
1 7
2 0
3 13
4 17
5 26
6 28
7 24
8 4
9 1
10 18
11 9
12 25
13 19
14 8
15 22
16 6
17 12
18 21
19 20
20 15
21 3
22 10
23 23
24 2
25 16
26 14
27 5
28 27
SIMILAR

13 8 25 11 27 18 16 17 26 2 10 6 4 15 5 21 23 3 28 0 1 14 24 12 22 9 7 20 19 
0 19
1 20
2 9
3 17
4 12
5 14
6 11
7 26
8 1
9 25
10 10
11 3
12 23
13 0
14 21
15 13
16 6
17 7
18 5
19 28
20 27
21 15
22 24
23 16
24 22
25 2
26 8
27 4
28 18
SIMILAR

0 9 22 1 27 3 11 19 6 13 4 5 8 26 16 28 15 12 7 20 10 18 24 14 25 21 17 2 23 
0 0
1 3
2 27
3 5
4 10
5 11
6 8
7 18
8 12
9 1
10 20
11 6
12 17
13 9
14 23
15 16
16 14
17 26
18 21
19 7
20 19
21 25
22 2
23 28
24 22
25 24
26 13
27 4
28 15
SIMILAR

20 25 14 0 21 15 13 23 6 3 11 10 1 2 16 9 7 12 28 18 27 4 19 22 8 26 24 17 5 
0 3
1 12
2 13
3 9
4 21
5 28
6 8
7 16
8 24
9 15
10 11
11 10
12 17
13 6
14 2
15 5
16 14
17 27
18 19
19 22
20 0
21 4
22 23
23 7
24 26
25 1
26 25
27 20
28 18
SIMILAR
100 0
3800 0
253800 0
