29
0 0 0 1 1 1 1 1 1 0 1 1 0 1 1 0 0 0 0 1 0 1 0 1 1 1 1 1 0 
0 0 0 1 0 1 1 1 0 0 1 1 1 1 1 1 1 0 1 1 1 1 1 1 0 1 0 1 1 
0 0 0 0 1 0 0 0 1 0 0 1 1 1 0 0 0 0 0 0 0 0 0 0 0 0 1 0 1 
1 1 0 0 0 1 1 1 1 0 1 1 1 0 1 0 0 0 1 0 0 0 1 0 1 0 0 0 1 
1 0 1 0 0 0 1 1 1 1 0 0 1 1 1 0 1 0 1 1 0 0 0 0 0 1 0 0 1 
1 1 0 1 0 0 1 0 1 1 1 1 1 0 1 1 0 1 1 1 0 0 0 0 0 1 1 1 1 
1 1 0 1 1 1 0 0 0 1 1 0 0 1 1 0 0 0 1 0 0 1 1 0 0 1 1 1 1 
1 1 0 1 1 0 0 0 0 0 1 1 0 0 1 0 1 1 1 1 1 1 1 0 0 0 0 0 0 
1 0 1 1 1 1 0 0 0 1 1 1 0 1 1 0 0 0 0 0 1 0 1 1 0 0 0 1 1 
0 0 0 0 1 1 1 0 1 0 0 1 1 1 1 1 0 1 1 1 0 0 1 0 0 1 1 1 1 
1 1 0 1 0 1 1 1 1 0 0 1 0 1 0 0 0 0 1 0 1 1 1 0 0 0 0 1 1 
1 1 1 1 0 1 0 1 1 1 1 0 1 0 1 0 0 1 0 1 0 1 0 1 0 0 1 0 1 
0 1 1 1 1 1 0 0 0 1 0 1 0 0 0 1 1 0 1 0 0 0 1 1 0 0 0 1 1 
1 1 1 0 1 0 1 0 1 1 1 0 0 0 1 0 0 1 1 0 0 1 0 1 1 0 0 0 0 
1 1 0 1 1 1 1 1 1 1 0 1 0 1 0 1 0 1 1 1 1 0 0 1 0 1 0 1 1 
0 1 0 0 0 1 0 0 0 1 0 0 1 0 1 0 1 1 0 1 0 1 0 1 0 1 0 1 1 
0 1 0 0 1 0 0 1 0 0 0 0 1 0 0 1 0 0 1 0 0 1 0 0 0 0 0 1 1 
0 0 0 0 0 1 0 1 0 1 0 1 0 1 1 1 0 0 1 1 0 1 1 1 0 0 0 1 1 
0 1 0 1 1 1 1 1 0 1 1 0 1 1 1 0 1 1 0 0 1 0 0 0 0 0 0 1 1 
1 1 0 0 1 1 0 1 0 1 0 1 0 0 1 1 0 1 0 0 1 1 1 1 1 0 0 0 1 
0 1 0 0 0 0 0 1 1 0 1 0 0 0 1 0 0 0 1 1 0 0 0 1 1 0 0 0 0 
1 1 0 0 0 0 1 1 0 0 1 1 0 1 0 1 1 1 0 1 0 0 1 1 1 1 1 1 1 
0 1 0 1 0 0 1 1 1 1 1 0 1 0 0 0 0 1 0 1 0 1 0 1 0 1 0 0 0 
1 1 0 0 0 0 0 0 1 0 0 1 1 1 1 1 0 1 0 1 1 1 1 0 1 1 0 0 0 
1 0 0 1 0 0 0 0 0 0 0 0 0 1 0 0 0 0 0 1 1 1 0 1 0 1 0 1 1 
1 1 0 0 1 1 1 0 0 1 0 0 0 0 1 1 0 0 0 0 0 1 1 1 1 0 0 1 1 
1 0 1 0 0 1 1 0 0 1 0 1 0 0 0 0 0 0 0 0 0 1 0 0 0 0 0 0 0 
1 1 0 0 0 1 1 0 1 1 1 0 1 0 1 1 1 1 1 0 0 1 0 0 1 1 0 0 0 
0 1 1 1 1 1 1 0 1 1 1 1 1 0 1 1 1 1 1 1 0 1 0 0 1 1 0 0 0 

1 27 26 17 7 23 13 20 5 16 8 10 4 6 18 15 11 28 24 2 12 25 9 0 14 21 22 19 3 
0 23
1 0
2 19
3 28
4 12
5 8
6 13
7 4
8 10
9 22
10 11
11 16
12 20
13 6
14 24
15 15
16 9
17 3
18 14
19 27
20 7
21 25
22 26
23 5
24 18
25 21
26 2
27 1
28 17
SIMILAR

10 16 19 12 9 6 8 24 3 27 5 18 2 11 25 15 1 0 28 13 21 7 17 20 23 26 14 4 22 
0 17
1 16
2 12
3 8
4 27
5 10
6 5
7 21
8 6
9 4
10 0
11 13
12 3
13 19
14 26
15 15
16 1
17 22
18 11
19 2
20 23
21 20
22 28
23 24
24 7
25 14
26 25
27 9
28 18
SIMILAR

24 10 15 5 4 2 3 20 17 12 0 11 19 16 21 1 28 26 27 23 18 6 25 22 8 14 9 7 13 
0 10
1 15
2 5
3 6
4 4
5 3
6 21
7 27
8 24
9 26
10 1
11 11
12 9
13 28
14 25
15 2
16 13
17 8
18 20
19 12
20 7
21 14
22 23
23 19
24 0
25 22
26 17
27 18
28 16
SIMILAR

5 1 17 3 11 2 19 9 20 28 10 6 21 15 8 22 25 26 27 18 24 12 0 4 7 16 14 13 23 
0 22
1 1
2 5
3 3
4 23
5 0
6 11
7 24
8 14
9 7
10 10
11 4
12 21
13 27
14 26
15 13
16 25
17 2
18 19
19 6
20 8
21 12
22 15
23 28
24 20
25 16
26 17
27 18
28 9
SIMILAR

17 28 6 22 27 21 3 18 14 16 15 7 8 26 5 13 20 4 2 25 12 10 11 0 19 23 24 1 9 
0 23
1 27
2 18
3 6
4 17
5 14
6 2
7 11
8 12
9 28
10 21
11 22
12 20
13 15
14 8
15 10
16 9
17 0
18 7
19 24
20 16
21 5
22 3
23 25
24 26
25 19
26 13
27 4
28 1
SIMILAR

19 0 10 4 23 14 7 9 20 2 27 3 16 15 22 1 26 11 25 6 21 5 18 17 24 12 8 13 28 
0 1
1 15
2 9
3 11
4 3
5 21
6 19
7 6
8 26
9 7
10 2
11 17
12 25
13 27
14 5
15 13
16 12
17 23
18 22
19 0
20 8
21 20
22 14
23 4
24 24
25 18
26 16
27 10
28 28
SIMILAR

11 2 28 23 8 0 10 22 25 1 5 13 19 18 21 17 24 20 7 14 16 15 9 4 12 3 27 6 26 
0 5
1 9
2 1
3 25
4 23
5 10
6 27
7 18
8 4
9 22
10 6
11 0
12 24
13 11
14 19
15 21
16 20
17 15
18 13
19 12
20 17
21 14
22 7
23 3
24 16
25 8
26 28
27 26
28 2
SIMILAR

22 24 27 18 23 5 12 28 25 7 4 8 21 6 9 10 19 20 15 0 16 2 14 3 13 11 17 1 26 
0 19
1 27
2 21
3 23
4 10
5 5
6 13
7 9
8 11
9 14
10 15
11 25
12 6
13 24
14 22
15 18
16 20
17 26
18 3
19 16
20 17
21 12
22 0
23 4
24 1
25 8
26 28
27 2
28 7
SIMILAR

15 3 5 26 11 22 28 7 8 6 17 12 18 0 1 25 27 23 21 4 20 14 2 19 10 9 13 24 16 
0 13
1 14
2 22
3 1
4 19
5 2
6 9
7 7
8 8
9 25
10 24
11 4
12 11
13 26
14 21
15 0
16 28
17 10
18 12
19 23
20 20
21 18
22 5
23 17
24 27
25 15
26 3
27 16
28 6
SIMILAR

0 24 26 7 19 8 22 12 9 4 5 18 25 11 14 3 17 21 28 13 1 2 16 27 15 6 23 20 10 
0 0
1 20
2 21
3 15
4 9
5 10
6 25
7 3
8 5
9 8
10 28
11 13
12 7
13 19
14 14
15 24
16 22
17 16
18 11
19 4
20 27
21 17
22 6
23 26
24 1
25 12
26 2
27 23
28 18
SIMILAR

27 22 8 14 25 15 1 23 12 16 18 3 7 17 5 2 26 6 4 28 21 0 9 24 10 19 13 20 11 
0 21
1 6
2 15
3 11
4 18
5 14
6 17
7 12
8 2
9 22
10 24
11 28
12 8
13 26
14 3
15 5
16 9
17 13
18 10
19 25
20 27
21 20
22 1
23 7
24 23
25 4
26 16
27 0
28 19
SIMILAR

27 2 23 4 8 12 3 16 5 24 18 10 26 9 11 7 19 25 14 0 22 17 28 21 6 20 1 13 15 
0 19
1 26
2 1
3 6
4 3
5 8
6 24
7 15
8 4
9 13
10 11
11 14
12 5
13 27
14 18
15 28
16 7
17 21
18 10
19 16
20 25
21 23
22 20
23 2
24 9
25 17
26 12
27 0
28 22
SIMILAR

8 23 6 16 9 15 18 14 13 20 5 26 19 4 11 21 12 0 1 17 2 3 24 22 10 27 28 25 7 
0 17
1 18
2 20
3 21
4 13
5 10
6 2
7 28
8 0
9 4
10 24
11 14
12 16
13 8
14 7
15 5
16 3
17 19
18 6
19 12
20 9
21 15
22 23
23 1
24 22
25 27
26 11
27 25
28 26
SIMILAR

26 5 3 4 16 24 20 14 6 21 12 23 9 17 1 22 28 7 11 8 13 18 0 2 15 19 27 10 25 
0 22
1 14
2 23
3 2
4 3
5 1
6 8
7 17
8 19
9 12
10 27
11 18
12 10
13 20
14 7
15 24
16 4
17 13
18 21
19 25
20 6
21 9
22 15
23 11
24 5
25 28
26 0
27 26
28 16
SIMILAR

5 27 28 21 11 10 19 17 25 9 26 2 12 18 22 1 16 13 15 7 3 6 4 0 23 20 8 24 14 
0 23
1 15
2 11
3 20
4 22
5 0
6 21
7 19
8 26
9 9
10 5
11 4
12 12
13 17
14 28
15 18
16 16
17 7
18 13
19 6
20 25
21 3
22 14
23 24
24 27
25 8
26 10
27 1
28 2
SIMILAR

11 8 24 1 23 14 19 12 2 5 9 26 16 0 4 28 21 18 10 22 15 27 20 7 3 6 17 25 13 
0 13
1 3
2 8
3 24
4 14
5 9
6 25
7 23
8 1
9 10
10 18
11 0
12 7
13 28
14 5
15 20
16 12
17 26
18 17
19 6
20 22
21 16
22 19
23 4
24 2
25 27
26 11
27 21
28 15
SIMILAR

6 3 15 0 22 14 21 17 11 8 9 2 23 27 18 26 12 16 10 25 5 13 28 7 4 19 1 20 24 
0 3
1 26
2 11
3 1
4 24
5 20
6 0
7 23
8 9
9 10
10 18
11 8
12 16
13 21
14 5
15 2
16 17
17 7
18 14
19 25
20 27
21 6
22 4
23 12
24 28
25 19
26 15
27 13
28 22
SIMILAR

20 8 21 10 4 16 24 17 0 28 7 22 27 19 11 25 15 3 6 23 12 18 9 26 5 2 1 13 14 
0 8
1 26
2 25
3 17
4 4
5 24
6 18
7 10
8 1
9 22
10 3
11 14
12 20
13 27
14 28
15 16
16 5
17 7
18 21
19 13
20 0
21 2
22 11
23 19
24 6
25 15
26 23
27 12
28 9
SIMILAR

23 6 4 7 27 5 12 24 18 20 19 25 17 11 22 1 2 0 14 15 10 26 13 9 28 8 21 16 3 
0 17
1 15
2 16
3 28
4 2
5 5
6 1
7 3
8 25
9 23
10 20
11 13
12 6
13 22
14 18
15 19
16 27
17 12
18 8
19 10
20 9
21 26
22 14
23 0
24 7
25 11
26 21
27 4
28 24
SIMILAR

0 2 7 10 17 9 28 24 16 15 6 13 1 4 25 26 18 21 12 8 27 19 20 3 22 11 14 5 23 
0 0
1 12
2 1
3 23
4 13
5 27
6 10
7 2
8 19
9 5
10 3
11 25
12 18
13 11
14 26
15 9
16 8
17 4
18 16
19 21
20 22
21 17
22 24
23 28
24 7
25 14
26 15
27 20
28 6
SIMILAR

21 19 27 2 8 4 11 12 23 25 3 9 16 26 5 7 18 28 24 0 6 10 20 17 22 14 15 13 1 
0 19
1 28
2 3
3 10
4 5
5 14
6 20
7 15
8 4
9 11
10 21
11 6
12 7
13 27
14 25
15 26
16 12
17 23
18 16
19 1
20 22
21 0
22 24
23 8
24 18
25 9
26 13
27 2
28 17
SIMILAR

16 21 9 22 19 5 13 8 25 10 14 28 23 7 1 26 0 12 11 24 18 6 20 17 2 27 15 3 4 
0 16
1 14
2 24
3 27
4 28
5 5
6 21
7 13
8 7
9 2
10 9
11 18
12 17
13 6
14 10
15 26
16 0
17 23
18 20
19 4
20 22
21 1
22 3
23 12
24 19
25 8
26 15
27 25
28 11
SIMILAR

25 26 21 7 12 18 13 11 20 6 8 4 15 16 0 22 5 10 1 17 14 24 3 23 19 28 2 9 27 
0 14
1 18
2 26
3 22
4 11
5 16
6 9
7 3
8 10
9 27
10 17
11 7
12 4
13 6
14 20
15 12
16 13
17 19
18 5
19 24
20 8
21 2
22 15
23 23
24 21
25 0
26 1
27 28
28 25
SIMILAR

10 8 12 6 25 23 2 3 4 20 16 18 26 0 15 11 24 14 27 1 7 9 22 5 21 19 13 17 28 
0 13
1 19
2 6
3 7
4 8
5 23
6 3
7 20
8 1
9 21
10 0
11 15
12 2
13 26
14 17
15 14
16 10
17 27
18 11
19 25
20 9
21 24
22 22
23 5
24 16
25 4
26 12
27 18
28 28
SIMILAR

18 4 21 25 28 26 17 9 16 3 5 19 23 6 22 10 2 1 7 15 27 24 8 14 11 20 13 12 0 
0 28
1 17
2 16
3 9
4 1
5 10
6 13
7 18
8 22
9 7
10 15
11 24
12 27
13 26
14 23
15 19
16 8
17 6
18 0
19 11
20 25
21 2
22 14
23 12
24 21
25 3
26 5
27 20
28 4
SIMILAR

9 27 26 14 11 16 5 8 13 1 2 6 0 23 20 24 17 12 18 19 3 25 22 4 10 15 7 28 21 
0 12
1 9
2 10
3 20
4 23
5 6
6 11
7 26
8 7
9 0
10 24
11 4
12 17
13 8
14 3
15 25
16 5
17 16
18 18
19 19
20 14
21 28
22 22
23 13
24 15
25 21
26 2
27 1
28 27
SIMILAR

4 23 27 0 12 22 7 20 25 9 17 26 2 5 18 6 16 28 3 11 13 14 21 24 10 15 19 1 8 
0 3
1 27
2 12
3 18
4 0
5 13
6 15
7 6
8 28
9 9
10 24
11 19
12 4
13 20
14 21
15 25
16 16
17 10
18 14
19 26
20 7
21 22
22 5
23 1
24 23
25 8
26 11
27 2
28 17
SIMILAR

22 28 9 27 25 4 14 15 23 0 11 17 7 13 24 2 10 8 21 6 5 18 12 3 19 16 20 26 1 
0 9
1 28
2 15
3 23
4 5
5 20
6 19
7 12
8 17
9 2
10 16
11 10
12 22
13 13
14 6
15 7
16 25
17 11
18 21
19 24
20 26
21 18
22 0
23 8
24 14
25 4
26 27
27 3
28 1
SIMILAR

3 6 7 19 20 23 27 14 9 5 4 21 18 2 11 0 26 28 15 17 22 16 8 12 24 10 25 13 1 
0 15
1 28
2 13
3 0
4 10
5 9
6 1
7 2
8 22
9 8
10 25
11 14
12 23
13 27
14 7
15 18
16 21
17 19
18 12
19 3
20 4
21 11
22 20
23 5
24 24
25 26
26 16
27 6
28 17
SIMILAR

26 0 12 8 6 9 5 25 4 17 3 14 2 1 19 27 24 23 15 22 18 7 20 28 11 10 21 13 16 
0 1
1 13
2 12
3 10
4 8
5 6
6 4
7 21
8 3
9 5
10 25
11 24
12 2
13 27
14 11
15 18
16 28
17 9
18 20
19 14
20 22
21 26
22 19
23 17
24 16
25 7
26 0
27 15
28 23
SIMILAR

20 27 6 0 18 10 9 15 19 7 3 4 11 8 22 2 21 5 16 13 17 14 26 24 23 28 1 25 12 
0 3
1 26
2 15
3 10
4 11
5 17
6 2
7 9
8 13
9 6
10 5
11 12
12 28
13 19
14 21
15 7
16 18
17 20
18 4
19 8
20 0
21 16
22 14
23 24
24 23
25 27
26 22
27 1
28 25
SIMILAR

26 22 20 17 21 25 14 5 12 0 8 19 4 1 28 11 23 24 2 3 27 16 6 18 10 9 15 13 7 
0 9
1 13
2 18
3 19
4 12
5 7
6 22
7 28
8 10
9 25
10 24
11 15
12 8
13 27
14 6
15 26
16 21
17 3
18 23
19 11
20 2
21 4
22 1
23 16
24 17
25 5
26 0
27 20
28 14
SIMILAR

23 24 19 28 9 17 11 10 20 21 12 14 22 3 25 26 7 6 5 15 2 8 0 18 16 27 13 4 1 
0 22
1 28
2 20
3 13
4 27
5 18
6 17
7 16
8 21
9 4
10 7
11 6
12 10
13 26
14 11
15 19
16 24
17 5
18 23
19 2
20 8
21 9
22 12
23 0
24 1
25 14
26 15
27 25
28 3
SIMILAR

17 7 16 22 14 21 2 13 6 8 1 19 24 15 27 11 18 0 26 5 28 3 12 10 23 20 25 9 4 
0 17
1 10
2 6
3 21
4 28
5 19
6 8
7 1
8 9
9 27
10 23
11 15
12 22
13 7
14 4
15 13
16 2
17 0
18 16
19 11
20 25
21 5
22 3
23 24
24 12
25 26
26 18
27 14
28 20
SIMILAR

24 7 25 0 23 19 12 6 4 2 13 26 9 22 8 17 16 11 14 20 1 18 10 27 15 28 21 3 5 
0 3
1 20
2 9
3 27
4 8
5 28
6 7
7 1
8 14
9 12
10 22
11 17
12 6
13 10
14 18
15 24
16 16
17 15
18 21
19 5
20 19
21 26
22 13
23 4
24 0
25 2
26 11
27 23
28 25
SIMILAR

26 19 4 25 27 28 10 13 21 0 18 24 23 17 20 3 22 11 6 5 8 12 2 16 9 1 15 7 14 
0 9
1 25
2 22
3 15
4 2
5 19
6 18
7 27
8 20
9 24
10 6
11 17
12 21
13 7
14 28
15 26
16 23
17 13
18 10
19 1
20 14
21 8
22 16
23 12
24 11
25 3
26 0
27 4
28 5
SIMILAR

1 10 6 14 13 18 26 7 20 2 25 12 8 17 22 15 11 3 9 0 28 27 23 21 4 19 24 16 5 
0 19
1 0
2 9
3 17
4 24
5 28
6 2
7 7
8 12
9 18
10 1
11 16
12 11
13 4
14 3
15 15
16 27
17 13
18 5
19 25
20 8
21 23
22 14
23 22
24 26
25 10
26 6
27 21
28 20
SIMILAR

26 6 9 18 20 15 1 8 22 0 17 10 7 28 24 5 4 2 27 21 13 23 25 14 19 16 3 12 11 
0 9
1 6
2 17
3 26
4 16
5 15
6 1
7 12
8 7
9 2
10 11
11 28
12 27
13 20
14 23
15 5
16 25
17 10
18 3
19 24
20 4
21 19
22 8
23 21
24 14
25 22
26 0
27 18
28 13
SIMILAR

6 9 28 20 1 18 4 25 8 23 2 3 24 16 26 0 27 10 19 15 17 22 21 12 5 11 14 13 7 
0 15
1 4
2 10
3 11
4 6
5 24
6 0
7 28
8 8
9 1
10 17
11 25
12 23
13 27
14 26
15 19
16 13
17 20
18 5
19 18
20 3
21 22
22 21
23 9
24 12
25 7
26 14
27 16
28 2
SIMILAR

25 28 0 2 9 22 14 3 27 17 7 21 18 1 5 10 4 24 16 11 19 6 13 8 15 26 12 20 23 
0 2
1 13
2 3
3 7
4 16
5 14
6 21
7 10
8 23
9 4
10 15
11 19
12 26
13 22
14 6
15 24
16 18
17 9
18 12
19 20
20 27
21 11
22 5
23 28
24 17
25 0
26 25
27 8
28 1
SIMILAR

27 22 16 3 0 21 17 5 12 19 24 14 1 7 9 6 15 8 18 20 13 26 11 10 2 28 25 23 4 
0 4
1 12
2 24
3 3
4 28
5 7
6 15
7 13
8 17
9 14
10 23
11 22
12 8
13 20
14 11
15 16
16 2
17 6
18 18
19 9
20 19
21 5
22 1
23 27
24 10
25 26
26 21
27 0
28 25
SIMILAR

16 18 15 9 6 3 24 14 0 26 19 7 8 11 22 5 17 12 13 20 23 27 1 21 28 10 25 2 4 
0 8
1 22
2 27
3 5
4 28
5 15
6 4
7 11
8 12
9 3
10 25
11 13
12 17
13 18
14 7
15 2
16 0
17 16
18 1
19 10
20 19
21 23
22 14
23 20
24 6
25 26
26 9
27 21
28 24
SIMILAR

10 18 15 19 7 6 26 8 24 0 4 17 22 3 1 5 23 27 12 11 25 16 28 9 14 2 13 21 20 
0 9
1 14
2 25
3 13
4 10
5 15
6 5
7 4
8 7
9 23
10 0
11 19
12 18
13 26
14 24
15 2
16 21
17 11
18 1
19 3
20 28
21 27
22 12
23 16
24 8
25 20
26 6
27 17
28 22
SIMILAR

19 1 8 2 24 21 15 6 16 20 23 5 17 3 12 22 4 10 7 0 14 9 27 11 28 26 13 25 18 
0 19
1 1
2 3
3 13
4 16
5 11
6 7
7 18
8 2
9 21
10 17
11 23
12 14
13 26
14 20
15 6
16 8
17 12
18 28
19 0
20 9
21 5
22 15
23 10
24 4
25 27
26 25
27 22
28 24
SIMILAR

0 16 20 15 9 11 6 5 23 19 13 21 27 1 12 28 22 2 26 17 3 18 14 7 10 25 4 24 8 
0 0
1 13
2 17
3 20
4 26
5 7
6 6
7 23
8 28
9 4
10 24
11 5
12 14
13 10
14 22
15 3
16 1
17 19
18 21
19 9
20 2
21 11
22 16
23 8
24 27
25 25
26 18
27 12
28 15
SIMILAR

12 5 3 18 6 21 25 1 0 23 4 28 24 15 22 27 13 19 20 9 16 10 17 8 26 11 7 14 2 
0 8
1 7
2 28
3 2
4 10
5 1
6 4
7 26
8 23
9 19
10 21
11 25
12 0
13 16
14 27
15 13
16 20
17 22
18 3
19 17
20 18
21 5
22 14
23 9
24 12
25 6
26 24
27 15
28 11
SIMILAR

21 17 19 12 3 7 27 18 23 4 1 20 10 15 25 11 14 28 5 9 6 13 0 24 2 26 16 8 22 
0 22
1 10
2 24
3 4
4 9
5 18
6 20
7 5
8 27
9 19
10 12
11 15
12 3
13 21
14 16
15 13
16 26
17 1
18 7
19 2
20 11
21 0
22 28
23 8
24 23
25 14
26 25
27 6
28 17
SIMILAR

1 8 6 19 0 18 15 26 16 24 13 5 21 20 17 28 7 14 27 2 12 23 11 9 10 25 4 3 22 
0 4
1 0
2 19
3 27
4 26
5 11
6 2
7 16
8 1
9 23
10 24
11 22
12 20
13 10
14 17
15 6
16 8
17 14
18 5
19 3
20 13
21 12
22 28
23 21
24 9
25 25
26 7
27 18
28 15
SIMILAR

3 22 1 10 6 21 17 12 0 28 24 9 7 26 2 19 20 15 25 18 5 8 23 4 13 27 14 16 11 
0 8
1 2
2 14
3 0
4 23
5 20
6 4
7 12
8 21
9 11
10 3
11 28
12 7
13 24
14 26
15 17
16 27
17 6
18 19
19 15
20 16
21 5
22 1
23 22
24 10
25 18
26 13
27 25
28 9
SIMILAR

27 4 10 9 19 15 6 25 2 20 21 17 26 18 12 11 28 0 3 23 13 14 24 22 8 7 16 5 1 
0 17
1 28
2 8
3 18
4 1
5 27
6 6
7 25
8 24
9 3
10 2
11 15
12 14
13 20
14 21
15 5
16 26
17 11
18 13
19 4
20 9
21 10
22 23
23 19
24 22
25 7
26 12
27 0
28 16
SIMILAR

11 19 22 0 15 5 13 7 2 24 9 21 18 25 20 8 28 3 10 17 16 23 14 26 6 1 27 12 4 
0 3
1 25
2 8
3 17
4 28
5 5
6 24
7 7
8 15
9 10
10 18
11 0
12 27
13 6
14 22
15 4
16 20
17 19
18 12
19 1
20 14
21 11
22 2
23 21
24 9
25 13
26 23
27 26
28 16
SIMILAR

8 18 11 23 26 2 24 22 9 5 12 3 28 25 27 14 16 13 15 17 4 10 19 1 21 7 6 0 20 
0 27
1 23
2 5
3 11
4 20
5 9
6 26
7 25
8 0
9 8
10 21
11 2
12 10
13 17
14 15
15 18
16 16
17 19
18 1
19 22
20 28
21 24
22 7
23 3
24 6
25 13
26 4
27 14
28 12
SIMILAR

19 7 12 11 1 23 28 14 26 24 22 27 3 13 25 0 15 20 10 18 17 4 9 21 2 8 16 5 6 
0 15
1 4
2 24
3 12
4 21
5 27
6 28
7 1
8 25
9 22
10 18
11 3
12 2
13 13
14 7
15 16
16 26
17 20
18 19
19 0
20 17
21 23
22 10
23 5
24 9
25 14
26 8
27 11
28 6
SIMILAR

15 4 16 26 8 14 9 28 12 20 0 6 25 5 24 22 19 18 3 7 11 13 2 17 23 27 10 1 21 
0 10
1 27
2 22
3 18
4 1
5 13
6 11
7 19
8 4
9 6
10 26
11 20
12 8
13 21
14 5
15 0
16 2
17 23
18 17
19 16
20 9
21 28
22 15
23 24
24 14
25 12
26 3
27 25
28 7
SIMILAR

4 9 21 14 6 0 22 18 3 7 25 10 20 16 15 24 2 17 19 12 23 8 11 28 1 13 26 5 27 
0 5
1 24
2 16
3 8
4 0
5 27
6 4
7 9
8 21
9 1
10 11
11 22
12 19
13 25
14 3
15 14
16 13
17 17
18 7
19 18
20 12
21 2
22 6
23 20
24 15
25 10
26 26
27 28
28 23
SIMILAR

8 19 18 11 28 3 7 23 24 6 1 12 13 16 20 4 22 21 25 26 0 5 15 9 27 10 14 2 17 
0 20
1 10
2 27
3 5
4 15
5 21
6 9
7 6
8 0
9 23
10 25
11 3
12 11
13 12
14 26
15 22
16 13
17 28
18 2
19 1
20 14
21 17
22 16
23 7
24 8
25 18
26 19
27 24
28 4
SIMILAR

19 0 17 8 28 9 4 25 12 16 24 3 6 18 1 14 10 27 15 2 22 11 26 7 13 20 23 21 5 
0 1
1 14
2 19
3 11
4 6
5 28
6 12
7 23
8 3
9 5
10 16
11 21
12 8
13 24
14 15
15 18
16 9
17 2
18 13
19 0
20 25
21 27
22 20
23 26
24 10
25 7
26 22
27 17
28 4
SIMILAR

28 10 20 27 14 9 21 25 16 19 1 24 26 4 7 22 5 2 18 23 11 12 13 17 3 8 6 15 0 
0 28
1 10
2 17
3 24
4 13
5 16
6 26
7 14
8 25
9 5
10 1
11 20
12 21
13 22
14 4
15 27
16 8
17 23
18 18
19 9
20 2
21 6
22 15
23 19
24 11
25 7
26 12
27 3
28 0
SIMILAR

21 4 16 0 5 28 19 13 2 27 7 3 6 22 24 14 10 23 26 17 1 18 8 20 15 25 9 11 12 
0 3
1 20
2 8
3 11
4 1
5 4
6 12
7 10
8 22
9 26
10 16
11 27
12 28
13 7
14 15
15 24
16 2
17 19
18 21
19 6
20 23
21 0
22 13
23 17
24 14
25 25
26 18
27 9
28 5
SIMILAR

13 14 0 28 5 12 24 11 3 23 7 20 19 2 15 4 9 6 26 17 18 22 16 25 27 1 8 21 10 
0 2
1 25
2 13
3 8
4 15
5 4
6 17
7 10
8 26
9 16
10 28
11 7
12 5
13 0
14 1
15 14
16 22
17 19
18 20
19 12
20 11
21 27
22 21
23 9
24 6
25 23
26 18
27 24
28 3
SIMILAR

27 23 16 9 11 14 26 18 0 28 6 4 1 24 19 17 7 12 21 20 15 25 3 13 10 2 5 8 22 
0 8
1 12
2 25
3 22
4 11
5 26
6 10
7 16
8 27
9 3
10 24
11 4
12 17
13 23
14 5
15 20
16 2
17 15
18 7
19 14
20 19
21 18
22 28
23 1
24 13
25 21
26 6
27 0
28 9
SIMILAR

14 19 7 26 6 25 0 24 17 20 1 9 12 2 18 16 13 5 28 22 21 23 10 11 3 27 8 4 15 
0 6
1 10
2 13
3 24
4 27
5 17
6 4
7 2
8 26
9 11
10 22
11 23
12 12
13 16
14 0
15 28
16 15
17 8
18 14
19 1
20 9
21 20
22 19
23 21
24 7
25 5
26 3
27 25
28 18
SIMILAR

4 25 19 16 11 2 1 3 27 9 0 22 18 5 26 21 14 12 23 17 13 10 6 8 15 7 20 24 28 
0 10
1 6
2 5
3 7
4 0
5 13
6 22
7 25
8 23
9 9
10 21
11 4
12 17
13 20
14 16
15 24
16 3
17 19
18 12
19 2
20 26
21 15
22 11
23 18
24 27
25 1
26 14
27 8
28 28
SIMILAR

7 14 25 22 10 20 4 21 17 23 3 15 11 2 12 24 16 27 18 19 0 28 13 5 8 9 6 1 26 
0 20
1 27
2 13
3 10
4 6
5 23
6 26
7 0
8 24
9 25
10 4
11 12
12 14
13 22
14 1
15 11
16 16
17 8
18 18
19 19
20 5
21 7
22 3
23 9
24 15
25 2
26 28
27 17
28 21
SIMILAR

4 11 26 21 0 15 28 17 20 7 23 25 24 9 8 2 27 16 10 22 14 6 19 13 3 5 1 12 18 
0 4
1 26
2 15
3 24
4 0
5 25
6 21
7 9
8 14
9 13
10 18
11 1
12 27
13 23
14 20
15 5
16 17
17 7
18 28
19 22
20 8
21 3
22 19
23 10
24 12
25 11
26 2
27 16
28 6
SIMILAR

4 16 5 6 0 9 23 12 21 13 8 7 25 19 14 22 18 20 24 27 28 26 17 10 1 3 11 15 2 
0 4
1 24
2 28
3 25
4 0
5 2
6 3
7 11
8 10
9 5
10 23
11 26
12 7
13 9
14 14
15 27
16 1
17 22
18 16
19 13
20 17
21 8
22 15
23 6
24 18
25 12
26 21
27 19
28 20
SIMILAR

16 1 24 17 3 9 0 11 25 28 23 27 15 21 2 6 22 14 10 18 5 4 13 19 12 20 8 7 26 
0 6
1 1
2 14
3 4
4 21
5 20
6 15
7 27
8 26
9 5
10 18
11 7
12 24
13 22
14 17
15 12
16 0
17 3
18 19
19 23
20 25
21 13
22 16
23 10
24 2
25 8
26 28
27 11
28 9
SIMILAR

19 15 5 16 22 9 25 27 6 13 10 24 23 3 26 21 12 0 7 4 11 17 1 8 18 2 28 14 20 
0 17
1 22
2 25
3 13
4 19
5 2
6 8
7 18
8 23
9 5
10 10
11 20
12 16
13 9
14 27
15 1
16 3
17 21
18 24
19 0
20 28
21 15
22 4
23 12
24 11
25 6
26 14
27 7
28 26
SIMILAR

10 14 3 19 21 25 26 27 11 24 9 8 23 28 20 17 2 12 18 15 22 6 0 1 16 4 5 7 13 
0 22
1 23
2 16
3 2
4 25
5 26
6 21
7 27
8 11
9 10
10 0
11 8
12 17
13 28
14 1
15 19
16 24
17 15
18 18
19 3
20 14
21 4
22 20
23 12
24 9
25 5
26 6
27 7
28 13
SIMILAR

10 17 8 12 4 25 20 23 21 6 19 18 3 0 11 1 28 15 22 9 27 7 5 26 16 24 2 14 13 
0 13
1 15
2 26
3 12
4 4
5 22
6 9
7 21
8 2
9 19
10 0
11 14
12 3
13 28
14 27
15 17
16 24
17 1
18 11
19 10
20 6
21 8
22 18
23 7
24 25
25 5
26 23
27 20
28 16
SIMILAR

17 0 6 23 13 21 11 5 3 20 14 28 19 7 9 4 25 16 1 27 8 2 18 15 12 26 10 22 24 
0 1
1 18
2 21
3 8
4 15
5 7
6 2
7 13
8 20
9 14
10 26
11 6
12 24
13 4
14 10
15 23
16 17
17 0
18 22
19 12
20 9
21 5
22 27
23 3
24 28
25 16
26 25
27 19
28 11
SIMILAR

2 21 22 17 10 23 15 5 8 4 28 3 7 27 9 20 19 1 18 16 11 0 13 6 24 25 12 26 14 
0 21
1 17
2 0
3 11
4 9
5 7
6 23
7 12
8 8
9 14
10 4
11 20
12 26
13 22
14 28
15 6
16 19
17 3
18 18
19 16
20 15
21 1
22 2
23 5
24 24
25 25
26 27
27 13
28 10
SIMILAR

2 25 10 24 18 14 17 28 7 6 0 13 3 21 19 1 15 20 8 11 22 4 12 27 23 9 5 16 26 
0 10
1 15
2 0
3 12
4 21
5 26
6 9
7 8
8 18
9 25
10 2
11 19
12 22
13 11
14 5
15 16
16 27
17 6
18 4
19 14
20 17
21 13
22 20
23 24
24 3
25 1
26 28
27 23
28 7
SIMILAR

28 6 17 11 8 13 21 9 14 10 23 3 7 5 27 19 1 0 15 2 24 20 26 4 18 25 12 22 16 
0 17
1 16
2 19
3 11
4 23
5 13
6 1
7 12
8 4
9 7
10 9
11 3
12 26
13 5
14 8
15 18
16 28
17 2
18 24
19 15
20 21
21 6
22 27
23 10
24 20
25 25
26 22
27 14
28 0
SIMILAR

13 2 12 1 16 22 6 15 23 8 28 18 4 10 14 11 5 20 25 27 19 7 0 17 26 24 21 9 3 
0 22
1 3
2 1
3 28
4 12
5 16
6 6
7 21
8 9
9 27
10 13
11 15
12 2
13 0
14 14
15 7
16 4
17 23
18 11
19 20
20 17
21 26
22 5
23 8
24 25
25 18
26 24
27 19
28 10
SIMILAR

10 16 15 22 20 4 13 3 19 25 24 28 12 6 27 5 8 17 14 2 21 18 26 7 9 0 23 11 1 
0 25
1 28
2 19
3 7
4 5
5 15
6 13
7 23
8 16
9 24
10 0
11 27
12 12
13 6
14 18
15 2
16 1
17 17
18 21
19 8
20 4
21 20
22 3
23 26
24 10
25 9
26 22
27 14
28 11
SIMILAR

9 12 17 11 18 0 23 7 21 19 27 22 15 26 3 24 2 10 8 13 14 4 28 20 6 5 1 16 25 
0 5
1 26
2 16
3 14
4 21
5 25
6 24
7 7
8 18
9 0
10 17
11 3
12 1
13 19
14 20
15 12
16 27
17 2
18 4
19 9
20 23
21 8
22 11
23 6
24 15
25 28
26 13
27 10
28 22
SIMILAR

4 5 3 13 11 7 9 26 24 19 16 2 8 6 22 17 27 15 12 23 21 18 20 10 1 14 28 25 0 
0 28
1 24
2 11
3 2
4 0
5 1
6 13
7 5
8 12
9 6
10 23
11 4
12 18
13 3
14 25
15 17
16 10
17 15
18 21
19 9
20 22
21 20
22 14
23 19
24 8
25 27
26 7
27 16
28 26
SIMILAR

26 14 1 27 18 13 19 2 25 28 10 21 3 0 22 17 20 5 9 24 12 4 15 6 7 8 16 11 23 
0 13
1 2
2 7
3 12
4 21
5 17
6 23
7 24
8 25
9 18
10 10
11 27
12 20
13 5
14 1
15 22
16 26
17 15
18 4
19 6
20 16
21 11
22 14
23 28
24 19
25 8
26 0
27 3
28 9
SIMILAR

4 21 10 9 1 24 16 14 26 23 27 19 13 0 22 3 17 8 7 6 12 18 2 5 25 20 11 28 15 
0 13
1 4
2 22
3 15
4 0
5 23
6 19
7 18
8 17
9 3
10 2
11 26
12 20
13 12
14 7
15 28
16 6
17 16
18 21
19 11
20 25
21 1
22 14
23 9
24 5
25 24
26 8
27 10
28 27
SIMILAR

25 21 19 26 0 11 6 14 3 28 27 24 2 7 23 12 20 10 5 18 17 13 1 16 4 22 8 15 9 
0 4
1 22
2 12
3 8
4 24
5 18
6 6
7 13
8 26
9 28
10 17
11 5
12 15
13 21
14 7
15 27
16 23
17 20
18 19
19 2
20 16
21 1
22 25
23 14
24 11
25 0
26 3
27 10
28 9
SIMILAR

7 3 26 9 10 23 19 5 24 12 2 0 18 11 6 25 1 22 14 28 27 17 20 13 21 4 16 8 15 
0 11
1 16
2 10
3 1
4 25
5 7
6 14
7 0
8 27
9 3
10 4
11 13
12 9
13 23
14 18
15 28
16 26
17 21
18 12
19 6
20 22
21 24
22 17
23 5
24 8
25 15
26 2
27 20
28 19
SIMILAR

25 22 28 8 1 4 24 15 19 21 27 10 6 26 5 9 16 0 2 20 13 23 18 7 14 12 17 3 11 
0 17
1 4
2 18
3 27
4 5
5 14
6 12
7 23
8 3
9 15
10 11
11 28
12 25
13 20
14 24
15 7
16 16
17 26
18 22
19 8
20 19
21 9
22 1
23 21
24 6
25 0
26 13
27 10
28 2
SIMILAR

26 0 18 19 25 16 27 6 12 21 3 10 14 24 8 28 20 11 23 4 15 17 1 22 13 9 2 7 5 
0 1
1 22
2 26
3 10
4 19
5 28
6 7
7 27
8 14
9 25
10 11
11 17
12 8
13 24
14 12
15 20
16 5
17 21
18 2
19 3
20 16
21 9
22 23
23 18
24 13
25 4
26 0
27 6
28 15
SIMILAR

5 6 17 8 13 10 26 25 20 22 12 23 27 9 7 24 0 16 14 1 11 28 2 15 21 4 3 18 19 
0 16
1 19
2 22
3 26
4 25
5 0
6 1
7 14
8 3
9 13
10 5
11 20
12 10
13 4
14 18
15 23
16 17
17 2
18 27
19 28
20 8
21 24
22 9
23 11
24 15
25 7
26 6
27 12
28 21
SIMILAR

25 12 10 7 4 26 8 19 18 2 16 13 0 9 11 14 27 15 3 23 6 5 1 28 17 20 24 22 21 
0 12
1 22
2 9
3 18
4 4
5 21
6 20
7 3
8 6
9 13
10 2
11 14
12 1
13 11
14 15
15 17
16 10
17 24
18 8
19 7
20 25
21 28
22 27
23 19
24 26
25 0
26 5
27 16
28 23
SIMILAR

26 3 16 28 19 18 23 22 20 21 14 9 25 15 1 6 5 4 12 27 24 2 17 7 13 8 0 10 11 
0 26
1 14
2 21
3 1
4 17
5 16
6 15
7 23
8 25
9 11
10 27
11 28
12 18
13 24
14 10
15 13
16 2
17 22
18 5
19 4
20 8
21 9
22 7
23 6
24 20
25 12
26 0
27 19
28 3
SIMILAR

6 25 23 8 22 3 21 28 17 26 5 15 12 2 11 20 27 16 0 14 13 18 4 10 1 9 24 19 7 
0 18
1 24
2 13
3 5
4 22
5 10
6 0
7 28
8 3
9 25
10 23
11 14
12 12
13 20
14 19
15 11
16 17
17 8
18 21
19 27
20 15
21 6
22 4
23 2
24 26
25 1
26 9
27 16
28 7
SIMILAR

25 24 12 9 5 1 17 19 8 13 0 10 2 7 26 14 4 28 27 6 18 21 22 23 11 16 15 3 20 
0 10
1 5
2 12
3 27
4 16
5 4
6 19
7 13
8 8
9 3
10 11
11 24
12 2
13 9
14 15
15 26
16 25
17 6
18 20
19 7
20 28
21 21
22 22
23 23
24 1
25 0
26 14
27 18
28 17
SIMILAR

0 8 10 16 11 25 5 26 12 14 27 24 9 21 13 2 17 19 6 23 28 22 18 1 15 3 4 7 20 
0 0
1 23
2 15
3 25
4 26
5 6
6 18
7 27
8 1
9 12
10 2
11 4
12 8
13 14
14 9
15 24
16 3
17 16
18 22
19 17
20 28
21 13
22 21
23 19
24 11
25 5
26 7
27 10
28 20
SIMILAR

5 24 13 11 1 17 10 27 14 12 26 4 20 15 21 2 16 9 0 23 28 7 22 3 25 8 18 19 6 
0 18
1 4
2 15
3 23
4 11
5 0
6 28
7 21
8 25
9 17
10 6
11 3
12 9
13 2
14 8
15 13
16 16
17 5
18 26
19 27
20 12
21 14
22 22
23 19
24 1
25 24
26 10
27 7
28 20
SIMILAR

14 6 23 10 1 26 7 2 11 4 22 18 21 8 25 12 3 5 0 9 28 17 19 13 20 27 16 24 15 
0 18
1 4
2 7
3 16
4 9
5 17
6 1
7 6
8 13
9 19
10 3
11 8
12 15
13 23
14 0
15 28
16 26
17 21
18 11
19 22
20 24
21 12
22 10
23 2
24 27
25 14
26 5
27 25
28 20
SIMILAR

14 9 12 23 1 22 18 7 2 28 4 15 17 3 27 8 0 13 19 24 25 5 16 11 20 10 6 21 26 
0 16
1 4
2 8
3 13
4 10
5 21
6 26
7 7
8 15
9 1
10 25
11 23
12 2
13 17
14 0
15 11
16 22
17 12
18 6
19 18
20 24
21 27
22 5
23 3
24 19
25 20
26 28
27 14
28 9
SIMILAR

6 28 12 0 19 25 1 20 4 18 23 9 17 24 15 13 11 3 7 5 16 10 22 2 14 26 27 21 8 
0 3
1 6
2 23
3 17
4 8
5 19
6 0
7 18
8 28
9 11
10 21
11 16
12 2
13 15
14 24
15 14
16 20
17 12
18 9
19 4
20 7
21 27
22 22
23 10
24 13
25 5
26 25
27 26
28 1
SIMILAR

25 9 21 5 18 12 16 13 3 24 0 10 11 22 14 2 27 8 23 4 15 26 19 28 6 17 20 1 7 
0 10
1 27
2 15
3 8
4 19
5 3
6 24
7 28
8 17
9 1
10 11
11 12
12 5
13 7
14 14
15 20
16 6
17 25
18 4
19 22
20 26
21 2
22 13
23 18
24 9
25 0
26 21
27 16
28 23
SIMILAR

17 8 13 21 24 16 26 2 4 12 25 3 7 15 5 0 19 6 22 11 23 20 14 1 10 18 27 28 9 
0 15
1 23
2 7
3 11
4 8
5 14
6 17
7 12
8 1
9 28
10 24
11 19
12 9
13 2
14 22
15 13
16 5
17 0
18 25
19 16
20 21
21 3
22 18
23 20
24 4
25 10
26 6
27 26
28 27
SIMILAR

1 24 17 27 5 12 23 20 26 0 10 28 11 15 19 2 25 6 18 13 7 3 21 8 9 16 4 14 22 
0 9
1 0
2 15
3 21
4 26
5 4
6 17
7 20
8 23
9 24
10 10
11 12
12 5
13 19
14 27
15 13
16 25
17 2
18 18
19 14
20 7
21 22
22 28
23 6
24 1
25 16
26 8
27 3
28 11
SIMILAR

23 12 0 8 13 3 24 18 11 19 17 9 15 20 21 4 6 2 26 25 7 10 28 16 14 27 22 1 5 
0 2
1 27
2 17
3 5
4 15
5 28
6 16
7 20
8 3
9 11
10 21
11 8
12 1
13 4
14 24
15 12
16 23
17 10
18 7
19 9
20 13
21 14
22 26
23 0
24 6
25 19
26 18
27 25
28 22
SIMILAR

19 9 25 10 16 0 28 1 6 13 21 27 4 14 15 7 11 18 20 8 2 23 22 5 3 24 12 17 26 
0 5
1 7
2 20
3 24
4 12
5 23
6 8
7 15
8 19
9 1
10 3
11 16
12 26
13 9
14 13
15 14
16 4
17 27
18 17
19 0
20 18
21 10
22 22
23 21
24 25
25 2
26 28
27 11
28 6
SIMILAR

18 17 19 23 7 1 22 13 5 26 27 2 28 12 10 0 11 25 4 15 16 24 21 14 20 9 3 6 8 
0 15
1 5
2 11
3 26
4 18
5 8
6 27
7 4
8 28
9 25
10 14
11 16
12 13
13 7
14 23
15 19
16 20
17 1
18 0
19 2
20 24
21 22
22 6
23 3
24 21
25 17
26 9
27 10
28 12
SIMILAR
100 0
8700 0
258700 0
