29
0 0 1 1 0 0 0 1 0 0 1 1 0 1 0 0 0 1 0 0 1 0 0 0 0 0 0 0 0 
0 0 1 0 1 1 1 0 0 0 0 0 1 0 1 1 0 0 0 0 0 0 0 0 1 0 0 1 1 
1 1 0 1 0 0 0 0 1 1 0 0 0 0 1 0 0 0 1 1 1 1 0 1 1 1 1 1 1 
1 0 1 0 0 1 1 1 1 0 0 1 1 1 1 1 1 0 1 1 1 0 0 1 1 0 1 1 1 
0 1 0 0 0 1 0 0 1 1 1 1 1 0 0 0 0 1 1 0 0 1 0 0 1 0 1 1 0 
0 1 0 1 1 0 0 1 0 0 0 0 1 0 0 0 1 1 1 0 0 1 1 0 0 1 1 1 0 
0 1 0 1 0 0 0 1 0 1 1 0 0 1 1 1 1 1 1 0 0 1 1 1 1 1 0 1 1 
1 0 0 1 0 1 1 0 0 1 1 0 0 1 1 0 0 1 0 1 0 0 0 1 1 1 1 1 1 
0 0 1 1 1 0 0 0 0 0 1 0 0 1 0 0 1 1 0 0 0 0 0 0 0 0 1 0 0 
0 0 1 0 1 0 1 1 0 0 1 1 0 0 0 1 0 1 1 0 1 0 0 1 1 0 0 1 0 
1 0 0 0 1 0 1 1 1 1 0 0 0 1 1 1 1 0 1 0 0 1 0 0 1 0 0 0 0 
1 0 0 1 1 0 0 0 0 1 0 0 0 1 0 1 1 1 0 1 1 1 1 0 0 1 0 0 1 
0 1 0 1 1 1 0 0 0 0 0 0 0 1 1 0 0 0 0 0 1 1 0 1 1 0 0 1 0 
1 0 0 1 0 0 1 1 1 0 1 1 1 0 0 0 1 0 0 1 1 1 1 1 1 1 1 1 1 
0 1 1 1 0 0 1 1 0 0 1 0 1 0 0 1 1 0 1 1 0 0 0 0 1 1 0 0 0 
0 1 0 1 0 0 1 0 0 1 1 1 0 0 1 0 1 1 0 0 0 0 1 0 0 0 1 0 1 
0 0 0 1 0 1 1 0 1 0 1 1 0 1 1 1 0 0 0 1 0 1 0 1 1 1 1 1 0 
1 0 0 0 1 1 1 1 1 1 0 1 0 0 0 1 0 0 1 0 1 0 0 1 1 1 1 0 1 
0 0 1 1 1 1 1 0 0 1 1 0 0 0 1 0 0 1 0 0 0 0 1 0 0 0 0 0 1 
0 0 1 1 0 0 0 1 0 0 0 1 0 1 1 0 1 0 0 0 1 0 0 1 1 0 1 1 0 
1 0 1 1 0 0 0 0 0 1 0 1 1 1 0 0 0 1 0 1 0 0 1 0 1 1 1 1 0 
0 0 1 0 1 1 1 0 0 0 1 1 1 1 0 0 1 0 0 0 0 0 0 0 1 1 1 0 1 
0 0 0 0 0 1 1 0 0 0 0 1 0 1 0 1 0 0 1 0 1 0 0 1 1 1 1 0 1 
0 0 1 1 0 0 1 1 0 1 0 0 1 1 0 0 1 1 0 1 0 0 1 0 0 0 1 0 0 
0 1 1 1 1 0 1 1 0 1 1 0 1 1 1 0 1 1 0 1 1 1 1 0 0 0 1 0 0 
0 0 1 0 0 1 1 1 0 0 0 1 0 1 1 0 1 1 0 0 1 1 1 0 0 0 1 0 0 
0 0 1 1 1 1 0 1 1 0 0 0 0 1 0 1 1 1 0 1 1 1 1 1 1 1 0 0 1 
0 1 1 1 1 1 1 1 0 1 0 0 1 1 0 0 1 0 0 1 1 0 0 0 0 0 0 0 1 
0 1 1 1 0 0 1 1 0 0 0 1 0 1 0 1 0 1 1 0 0 1 1 0 0 0 1 1 0 

11 22 28 9 7 13 24 8 26 0 23 3 10 5 18 16 19 4 17 12 21 27 20 15 6 25 2 1 14 
0 9
1 27
2 26
3 11
4 17
5 13
6 24
7 4
8 7
9 3
10 12
11 0
12 19
13 5
14 28
15 23
16 15
17 18
18 14
19 16
20 22
21 20
22 1
23 10
24 6
25 25
26 8
27 21
28 2
SIMILAR

11 14 24 9 27 3 13 16 25 4 6 0 15 23 28 21 26 18 12 5 7 1 22 17 20 19 10 2 8 
0 11
1 21
2 27
3 5
4 9
5 19
6 10
7 20
8 28
9 3
10 26
11 0
12 18
13 6
14 1
15 12
16 7
17 23
18 17
19 25
20 24
21 15
22 22
23 13
24 2
25 8
26 16
27 4
28 14
SIMILAR

28 21 12 3 24 14 25 20 2 15 22 6 23 5 26 1 16 13 9 4 17 11 19 18 8 0 7 10 27 
0 25
1 15
2 8
3 3
4 19
5 13
6 11
7 26
8 24
9 18
10 27
11 21
12 2
13 17
14 5
15 9
16 16
17 20
18 23
19 22
20 7
21 1
22 10
23 12
24 4
25 6
26 14
27 28
28 0
SIMILAR

18 21 3 16 28 1 5 25 11 2 9 26 24 6 15 22 13 23 27 17 10 8 14 12 7 0 4 20 19 
0 25
1 5
2 9
3 2
4 26
5 6
6 13
7 24
8 21
9 10
10 20
11 8
12 23
13 16
14 22
15 14
16 3
17 19
18 0
19 28
20 27
21 1
22 15
23 17
24 12
25 7
26 11
27 18
28 4
SIMILAR

10 27 5 12 17 22 21 13 7 26 23 14 0 3 4 1 16 15 18 28 11 25 19 2 9 24 8 6 20 
0 12
1 15
2 23
3 13
4 14
5 2
6 27
7 8
8 26
9 24
10 0
11 20
12 3
13 7
14 11
15 17
16 16
17 4
18 18
19 22
20 28
21 6
22 5
23 10
24 25
25 21
26 9
27 1
28 19
SIMILAR

13 25 11 27 17 26 4 23 28 5 14 7 8 16 22 2 9 19 1 0 18 15 21 12 10 24 3 20 6 
0 19
1 18
2 15
3 26
4 6
5 9
6 28
7 11
8 12
9 16
10 24
11 2
12 23
13 0
14 10
15 21
16 13
17 4
18 20
19 17
20 27
21 22
22 14
23 7
24 25
25 1
26 5
27 3
28 8
SIMILAR

18 16 28 8 6 14 20 22 5 15 12 19 11 27 21 2 1 23 24 3 17 4 0 9 26 13 25 7 10 
0 22
1 16
2 15
3 19
4 21
5 8
6 4
7 27
8 3
9 23
10 28
11 12
12 10
13 25
14 5
15 9
16 1
17 20
18 0
19 11
20 6
21 14
22 7
23 17
24 18
25 26
26 24
27 13
28 2
SIMILAR

19 11 3 6 12 20 13 5 0 8 17 14 23 25 16 15 22 7 9 4 24 10 26 21 18 27 1 2 28 
0 8
1 26
2 27
3 2
4 19
5 7
6 3
7 17
8 9
9 18
10 21
11 1
12 4
13 6
14 11
15 15
16 14
17 10
18 24
19 0
20 5
21 23
22 16
23 12
24 20
25 13
26 22
27 25
28 28
SIMILAR

7 15 26 4 19 2 14 24 5 16 6 11 10 9 3 8 23 12 0 17 13 1 25 18 21 27 22 20 28 
0 18
1 21
2 5
3 14
4 3
5 8
6 10
7 0
8 15
9 13
10 12
11 11
12 17
13 20
14 6
15 1
16 9
17 19
18 23
19 4
20 27
21 24
22 26
23 16
24 7
25 22
26 2
27 25
28 28
SIMILAR

24 7 6 14 10 17 20 12 21 3 23 28 9 25 5 16 4 13 0 15 1 2 27 18 22 8 11 26 19 
0 18
1 20
2 21
3 9
4 16
5 14
6 2
7 1
8 25
9 12
10 4
11 26
12 7
13 17
14 3
15 19
16 15
17 5
18 23
19 28
20 6
21 8
22 24
23 10
24 0
25 13
26 27
27 22
28 11
SIMILAR

10 8 27 0 13 25 23 5 6 7 18 14 21 11 19 24 2 16 3 12 4 22 20 1 26 28 15 9 17 
0 3
1 23
2 16
3 18
4 20
5 7
6 8
7 9
8 1
9 27
10 0
11 13
12 19
13 4
14 11
15 26
16 17
17 28
18 10
19 14
20 22
21 12
22 21
23 6
24 15
25 5
26 24
27 2
28 25
SIMILAR

1 7 22 18 26 20 2 27 11 9 15 13 16 10 23 0 3 17 19 12 6 14 8 28 24 4 25 21 5 
0 15
1 0
2 6
3 16
4 25
5 28
6 20
7 1
8 22
9 9
10 13
11 8
12 19
13 11
14 21
15 10
16 12
17 17
18 3
19 18
20 5
21 27
22 2
23 14
24 24
25 26
26 4
27 7
28 23
SIMILAR

11 24 4 10 27 20 22 26 2 8 3 6 13 0 12 28 15 7 16 9 21 1 19 5 25 18 17 14 23 
0 13
1 21
2 8
3 10
4 2
5 23
6 11
7 17
8 9
9 19
10 3
11 0
12 14
13 12
14 27
15 16
16 18
17 26
18 25
19 22
20 5
21 20
22 6
23 28
24 1
25 24
26 7
27 4
28 15
SIMILAR

18 5 21 22 11 4 6 0 26 23 27 9 14 17 13 25 28 1 20 12 19 3 2 16 8 10 24 7 15 
0 7
1 17
2 22
3 21
4 5
5 1
6 6
7 27
8 24
9 11
10 25
11 4
12 19
13 14
14 12
15 28
16 23
17 13
18 0
19 20
20 18
21 2
22 3
23 9
24 26
25 15
26 8
27 10
28 16
SIMILAR

12 15 5 14 20 0 22 4 19 21 27 13 10 17 6 11 28 7 1 26 16 23 2 8 25 9 24 3 18 
0 5
1 18
2 22
3 27
4 7
5 2
6 14
7 17
8 23
9 25
10 12
11 15
12 0
13 11
14 3
15 1
16 20
17 13
18 28
19 8
20 4
21 9
22 6
23 21
24 26
25 24
26 19
27 10
28 16
SIMILAR

11 8 21 23 26 28 13 24 3 7 19 12 20 27 25 10 14 22 16 1 9 0 6 2 5 4 15 18 17 
0 21
1 19
2 23
3 8
4 25
5 24
6 22
7 9
8 1
9 20
10 15
11 0
12 11
13 6
14 16
15 26
16 18
17 28
18 27
19 10
20 12
21 2
22 17
23 3
24 7
25 14
26 4
27 13
28 5
SIMILAR

24 2 27 11 15 10 7 0 9 19 16 17 3 8 26 28 20 14 12 18 25 22 6 4 23 13 21 1 5 
0 7
1 27
2 1
3 12
4 23
5 28
6 22
7 6
8 13
9 8
10 5
11 3
12 18
13 25
14 17
15 4
16 10
17 11
18 19
19 9
20 16
21 26
22 21
23 24
24 0
25 20
26 14
27 2
28 15
SIMILAR

13 4 7 5 27 16 23 18 24 26 0 1 28 25 17 15 10 20 6 21 9 2 14 11 8 3 22 12 19 
0 10
1 11
2 21
3 25
4 1
5 3
6 18
7 2
8 24
9 20
10 16
11 23
12 27
13 0
14 22
15 15
16 5
17 14
18 7
19 28
20 17
21 19
22 26
23 6
24 8
25 13
26 9
27 4
28 12
SIMILAR

17 1 25 26 19 16 28 14 5 7 18 3 20 0 9 27 22 21 11 12 4 6 2 23 15 8 24 13 10 
0 13
1 1
2 22
3 11
4 20
5 8
6 21
7 9
8 25
9 14
10 28
11 18
12 19
13 27
14 7
15 24
16 5
17 0
18 10
19 4
20 12
21 17
22 16
23 23
24 26
25 2
26 3
27 15
28 6
SIMILAR

15 19 6 28 11 20 4 0 8 27 2 25 13 5 23 7 18 24 22 26 21 14 12 1 10 9 3 16 17 
0 7
1 23
2 10
3 26
4 6
5 13
6 2
7 15
8 8
9 25
10 24
11 4
12 22
13 12
14 21
15 0
16 27
17 28
18 16
19 1
20 5
21 20
22 18
23 14
24 17
25 11
26 19
27 9
28 3
SIMILAR

3 21 11 7 24 20 10 0 23 6 5 2 14 4 13 26 16 28 15 1 19 8 27 9 12 18 17 25 22 
0 7
1 19
2 11
3 0
4 13
5 10
6 9
7 3
8 21
9 23
10 6
11 2
12 24
13 14
14 12
15 18
16 16
17 26
18 25
19 20
20 5
21 1
22 28
23 8
24 4
25 27
26 15
27 22
28 17
SIMILAR

26 24 22 12 21 27 20 10 14 8 18 13 2 17 15 23 25 3 4 1 28 6 7 5 0 16 11 19 9 
0 24
1 19
2 12
3 17
4 18
5 23
6 21
7 22
8 9
9 28
10 7
11 26
12 3
13 11
14 8
15 14
16 25
17 13
18 10
19 27
20 6
21 4
22 2
23 15
24 1
25 16
26 0
27 5
28 20
SIMILAR

24 8 26 5 1 20 13 16 4 28 21 2 0 11 7 17 14 10 12 18 25 3 15 6 23 19 9 27 22 
0 12
1 4
2 11
3 21
4 8
5 3
6 23
7 14
8 1
9 26
10 17
11 13
12 18
13 6
14 16
15 22
16 7
17 15
18 19
19 25
20 5
21 10
22 28
23 24
24 0
25 20
26 2
27 27
28 9
SIMILAR

2 0 1 9 19 6 18 23 7 26 14 17 3 22 21 8 24 5 25 12 20 10 13 15 27 4 16 28 11 
0 1
1 2
2 0
3 12
4 25
5 17
6 5
7 8
8 15
9 3
10 21
11 28
12 19
13 22
14 10
15 23
16 26
17 11
18 6
19 4
20 20
21 14
22 13
23 7
24 16
25 18
26 9
27 24
28 27
SIMILAR

24 6 16 28 15 27 26 0 5 10 3 9 11 20 13 17 19 23 12 2 1 14 18 25 8 4 22 21 7 
0 7
1 20
2 19
3 10
4 25
5 8
6 1
7 28
8 24
9 11
10 9
11 12
12 18
13 14
14 21
15 4
16 2
17 15
18 22
19 16
20 13
21 27
22 26
23 17
24 0
25 23
26 6
27 5
28 3
SIMILAR

11 9 13 15 26 16 10 8 28 12 1 4 22 20 0 18 19 14 17 5 21 6 2 24 3 25 23 27 7 
0 14
1 10
2 22
3 24
4 11
5 19
6 21
7 28
8 7
9 1
10 6
11 0
12 9
13 2
14 17
15 3
16 5
17 18
18 15
19 16
20 13
21 20
22 12
23 26
24 23
25 25
26 4
27 27
28 8
SIMILAR

5 9 26 0 6 10 20 7 27 23 12 21 19 4 25 18 11 16 2 24 15 17 28 3 1 8 14 13 22 
0 3
1 24
2 18
3 23
4 13
5 0
6 4
7 7
8 25
9 1
10 5
11 16
12 10
13 27
14 26
15 20
16 17
17 21
18 15
19 12
20 6
21 11
22 28
23 9
24 19
25 14
26 2
27 8
28 22
SIMILAR

17 19 7 24 14 13 8 16 5 20 12 9 27 0 25 2 26 6 4 1 18 22 28 10 21 3 15 23 11 
0 13
1 19
2 15
3 25
4 18
5 8
6 17
7 2
8 6
9 11
10 23
11 28
12 10
13 5
14 4
15 26
16 7
17 0
18 20
19 1
20 9
21 24
22 21
23 27
24 3
25 14
26 16
27 12
28 22
SIMILAR

25 18 15 6 0 24 2 1 17 28 10 21 12 3 8 5 4 23 27 22 9 26 14 11 7 19 20 13 16 
0 4
1 7
2 6
3 13
4 16
5 15
6 3
7 24
8 14
9 20
10 10
11 23
12 12
13 27
14 22
15 2
16 28
17 8
18 1
19 25
20 26
21 11
22 19
23 17
24 5
25 0
26 21
27 18
28 9
SIMILAR

16 6 8 10 24 14 7 23 19 18 26 21 15 13 27 12 0 28 5 25 22 11 4 1 20 9 17 3 2 
0 16
1 23
2 28
3 27
4 22
5 18
6 1
7 6
8 2
9 25
10 3
11 21
12 15
13 13
14 5
15 12
16 0
17 26
18 9
19 8
20 24
21 11
22 20
23 7
24 4
25 19
26 10
27 14
28 17
SIMILAR

21 7 18 6 25 14 4 15 17 23 22 13 11 1 10 19 26 5 28 12 24 0 16 20 2 8 3 9 27 
0 21
1 13
2 24
3 26
4 6
5 17
6 3
7 1
8 25
9 27
10 14
11 12
12 19
13 11
14 5
15 7
16 22
17 8
18 2
19 15
20 23
21 0
22 10
23 9
24 20
25 4
26 16
27 28
28 18
SIMILAR

0 3 17 27 20 6 2 12 22 9 4 25 28 11 14 15 24 7 18 8 19 5 26 13 21 1 23 10 16 
0 0
1 25
2 6
3 1
4 10
5 21
6 5
7 17
8 19
9 9
10 27
11 13
12 7
13 23
14 14
15 15
16 28
17 2
18 18
19 20
20 4
21 24
22 8
23 26
24 16
25 11
26 22
27 3
28 12
SIMILAR

25 6 16 14 18 2 4 15 24 17 1 10 23 9 20 26 27 13 12 28 5 19 22 3 7 8 0 21 11 
0 26
1 10
2 5
3 23
4 6
5 20
6 1
7 24
8 25
9 13
10 11
11 28
12 18
13 17
14 3
15 7
16 2
17 9
18 4
19 21
20 14
21 27
22 22
23 12
24 8
25 0
26 15
27 16
28 19
SIMILAR

27 23 5 26 14 22 12 11 28 2 25 9 10 13 3 6 15 8 20 4 17 0 24 19 16 21 7 1 18 
0 21
1 27
2 9
3 14
4 19
5 2
6 15
7 26
8 17
9 11
10 12
11 7
12 6
13 13
14 4
15 16
16 24
17 20
18 28
19 23
20 18
21 25
22 5
23 1
24 22
25 10
26 3
27 0
28 8
SIMILAR

21 8 6 20 23 7 28 3 12 2 9 24 27 17 11 18 26 0 10 25 19 16 15 5 13 14 22 1 4 
0 17
1 27
2 9
3 7
4 28
5 23
6 2
7 5
8 1
9 10
10 18
11 14
12 8
13 24
14 25
15 22
16 21
17 13
18 15
19 20
20 3
21 0
22 26
23 4
24 11
25 19
26 16
27 12
28 6
SIMILAR

9 20 3 7 15 8 11 19 28 4 14 10 13 21 2 27 17 6 22 16 12 5 0 18 23 24 26 25 1 
0 22
1 28
2 14
3 2
4 9
5 21
6 17
7 3
8 5
9 0
10 11
11 6
12 20
13 12
14 10
15 4
16 19
17 16
18 23
19 7
20 1
21 13
22 18
23 24
24 25
25 27
26 26
27 15
28 8
SIMILAR

4 28 27 16 18 10 3 22 25 1 20 8 14 5 6 12 21 23 19 26 7 24 9 11 0 17 15 13 2 
0 24
1 9
2 28
3 6
4 0
5 13
6 14
7 20
8 11
9 22
10 5
11 23
12 15
13 27
14 12
15 26
16 3
17 25
18 4
19 18
20 10
21 16
22 7
23 17
24 21
25 8
26 19
27 2
28 1
SIMILAR

5 18 25 16 2 15 13 0 9 1 27 11 21 14 26 7 8 22 10 28 3 17 4 6 23 12 24 20 19 
0 7
1 9
2 4
3 20
4 22
5 0
6 23
7 15
8 16
9 8
10 18
11 11
12 25
13 6
14 13
15 5
16 3
17 21
18 1
19 28
20 27
21 12
22 17
23 24
24 26
25 2
26 14
27 10
28 19
SIMILAR

21 15 13 9 6 25 2 17 1 11 27 10 3 4 12 0 26 7 23 19 8 5 28 20 14 16 24 18 22 
0 15
1 8
2 6
3 12
4 13
5 21
6 4
7 17
8 20
9 3
10 11
11 9
12 14
13 2
14 24
15 1
16 25
17 7
18 27
19 19
20 23
21 0
22 28
23 18
24 26
25 5
26 16
27 10
28 22
SIMILAR

9 4 27 18 5 13 8 24 26 0 21 10 14 1 16 19 25 11 12 15 17 22 23 7 2 3 20 28 6 
0 9
1 13
2 24
3 25
4 1
5 4
6 28
7 23
8 6
9 0
10 11
11 17
12 18
13 5
14 12
15 19
16 14
17 20
18 3
19 15
20 26
21 10
22 21
23 22
24 7
25 16
26 8
27 2
28 27
SIMILAR

22 12 27 25 11 6 9 24 23 7 19 5 21 17 4 26 14 0 15 20 10 3 18 13 28 16 1 2 8 
0 17
1 26
2 27
3 21
4 14
5 11
6 5
7 9
8 28
9 6
10 20
11 4
12 1
13 23
14 16
15 18
16 25
17 13
18 22
19 10
20 19
21 12
22 0
23 8
24 7
25 3
26 15
27 2
28 24
SIMILAR

17 11 16 8 15 20 9 18 1 3 21 23 28 6 14 24 4 12 26 10 25 5 22 13 27 0 19 2 7 
0 25
1 8
2 27
3 9
4 16
5 21
6 13
7 28
8 3
9 6
10 19
11 1
12 17
13 23
14 14
15 4
16 2
17 0
18 7
19 26
20 5
21 10
22 22
23 11
24 15
25 20
26 18
27 24
28 12
SIMILAR

16 21 14 7 27 28 2 11 1 13 19 5 9 23 4 20 12 8 25 0 3 24 10 22 6 26 18 17 15 
0 19
1 8
2 6
3 20
4 14
5 11
6 24
7 3
8 17
9 12
10 22
11 7
12 16
13 9
14 2
15 28
16 0
17 27
18 26
19 10
20 15
21 1
22 23
23 13
24 21
25 18
26 25
27 4
28 5
SIMILAR

23 13 26 24 0 6 28 12 15 5 25 22 11 2 7 4 16 10 17 8 21 20 19 27 14 3 9 18 1 
0 4
1 28
2 13
3 25
4 15
5 9
6 5
7 14
8 19
9 26
10 17
11 12
12 7
13 1
14 24
15 8
16 16
17 18
18 27
19 22
20 21
21 20
22 11
23 0
24 3
25 10
26 2
27 23
28 6
SIMILAR

3 27 7 2 9 23 17 25 6 26 1 19 8 11 14 15 21 5 24 16 12 10 13 28 4 18 0 22 20 
0 26
1 10
2 3
3 0
4 24
5 17
6 8
7 2
8 12
9 4
10 21
11 13
12 20
13 22
14 14
15 15
16 19
17 6
18 25
19 11
20 28
21 16
22 27
23 5
24 18
25 7
26 9
27 1
28 23
SIMILAR

10 21 11 1 4 15 22 6 17 26 9 5 3 19 7 16 28 25 20 0 12 23 13 2 27 18 8 24 14 
0 19
1 3
2 23
3 12
4 4
5 11
6 7
7 14
8 26
9 10
10 0
11 2
12 20
13 22
14 28
15 5
16 15
17 8
18 25
19 13
20 18
21 1
22 6
23 21
24 27
25 17
26 9
27 24
28 16
SIMILAR

9 3 28 7 21 0 24 11 2 6 25 26 5 12 15 19 20 17 14 22 10 1 27 4 16 23 13 8 18 
0 5
1 21
2 8
3 1
4 23
5 12
6 9
7 3
8 27
9 0
10 20
11 7
12 13
13 26
14 18
15 14
16 24
17 17
18 28
19 15
20 16
21 4
22 19
23 25
24 6
25 10
26 11
27 22
28 2
SIMILAR

19 23 12 14 6 3 4 24 22 18 11 28 0 13 2 26 8 15 9 20 5 27 25 16 10 7 21 1 17 
0 12
1 27
2 14
3 5
4 6
5 20
6 4
7 25
8 16
9 18
10 24
11 10
12 2
13 13
14 3
15 17
16 23
17 28
18 9
19 0
20 19
21 26
22 8
23 1
24 7
25 22
26 15
27 21
28 11
SIMILAR

25 15 3 23 21 1 6 16 7 26 22 4 17 28 13 11 24 20 0 10 5 27 9 2 18 14 12 8 19 
0 18
1 5
2 23
3 2
4 11
5 20
6 6
7 8
8 27
9 22
10 19
11 15
12 26
13 14
14 25
15 1
16 7
17 12
18 24
19 28
20 17
21 4
22 10
23 3
24 16
25 0
26 9
27 21
28 13
SIMILAR

2 12 5 13 3 24 19 17 4 0 27 21 22 6 15 10 8 16 11 20 18 9 28 7 14 1 26 25 23 
0 9
1 25
2 0
3 4
4 8
5 2
6 13
7 23
8 16
9 21
10 15
11 18
12 1
13 3
14 24
15 14
16 17
17 7
18 20
19 6
20 19
21 11
22 12
23 28
24 5
25 27
26 26
27 10
28 22
SIMILAR

1 23 15 19 25 2 18 0 26 21 14 4 3 28 6 22 7 16 12 10 13 8 11 27 24 17 9 20 5 
0 7
1 0
2 5
3 12
4 11
5 28
6 14
7 16
8 21
9 26
10 19
11 22
12 18
13 20
14 10
15 2
16 17
17 25
18 6
19 3
20 27
21 9
22 15
23 1
24 24
25 4
26 8
27 23
28 13
SIMILAR

22 21 12 4 23 2 9 20 11 19 25 6 0 5 26 10 8 18 14 16 1 17 3 24 7 28 13 27 15 
0 12
1 20
2 5
3 22
4 3
5 13
6 11
7 24
8 16
9 6
10 15
11 8
12 2
13 26
14 18
15 28
16 19
17 21
18 17
19 9
20 7
21 1
22 0
23 4
24 23
25 10
26 14
27 27
28 25
SIMILAR

28 16 2 25 21 19 22 9 4 20 14 18 10 0 12 5 26 3 1 8 24 23 15 27 7 13 11 6 17 
0 13
1 18
2 2
3 17
4 8
5 15
6 27
7 24
8 19
9 7
10 12
11 26
12 14
13 25
14 10
15 22
16 1
17 28
18 11
19 5
20 9
21 4
22 6
23 21
24 20
25 3
26 16
27 23
28 0
SIMILAR

22 0 27 28 10 8 20 7 19 24 26 12 15 13 2 9 16 11 1 17 4 23 21 6 5 3 14 25 18 
0 1
1 18
2 14
3 25
4 20
5 24
6 23
7 7
8 5
9 15
10 4
11 17
12 11
13 13
14 26
15 12
16 16
17 19
18 28
19 8
20 6
21 22
22 0
23 21
24 9
25 27
26 10
27 2
28 3
SIMILAR

6 15 16 26 5 3 22 8 12 2 21 14 17 19 28 7 11 27 23 10 25 24 13 9 1 20 0 18 4 
0 26
1 24
2 9
3 5
4 28
5 4
6 0
7 15
8 7
9 23
10 19
11 16
12 8
13 22
14 11
15 1
16 2
17 12
18 27
19 13
20 25
21 10
22 6
23 18
24 21
25 20
26 3
27 17
28 14
SIMILAR

21 23 22 2 12 8 15 6 24 7 16 0 28 10 27 3 19 17 13 9 18 11 4 14 20 1 26 25 5 
0 11
1 25
2 3
3 15
4 22
5 28
6 7
7 9
8 5
9 19
10 13
11 21
12 4
13 18
14 23
15 6
16 10
17 17
18 20
19 16
20 24
21 0
22 2
23 1
24 8
25 27
26 26
27 14
28 12
SIMILAR

15 11 14 25 16 9 6 23 18 20 17 1 27 8 0 24 26 3 21 5 4 22 12 10 19 7 28 13 2 
0 14
1 11
2 28
3 17
4 20
5 19
6 6
7 25
8 13
9 5
10 23
11 1
12 22
13 27
14 2
15 0
16 4
17 10
18 8
19 24
20 9
21 18
22 21
23 7
24 15
25 3
26 16
27 12
28 26
SIMILAR

10 24 14 15 28 9 6 11 18 13 4 0 3 7 1 8 19 5 12 25 26 2 16 17 20 22 21 23 27 
0 11
1 14
2 21
3 12
4 10
5 17
6 6
7 13
8 15
9 5
10 0
11 7
12 18
13 9
14 2
15 3
16 22
17 23
18 8
19 16
20 24
21 26
22 25
23 27
24 1
25 19
26 20
27 28
28 4
SIMILAR

11 5 16 8 19 14 0 2 7 15 26 1 17 24 22 10 23 13 6 4 3 20 9 27 28 12 21 25 18 
0 6
1 11
2 7
3 20
4 19
5 1
6 18
7 8
8 3
9 22
10 15
11 0
12 25
13 17
14 5
15 9
16 2
17 12
18 28
19 4
20 21
21 26
22 14
23 16
24 13
25 27
26 10
27 23
28 24
SIMILAR

1 16 18 23 17 5 21 19 7 11 8 15 6 25 10 4 24 0 20 13 28 26 12 22 14 3 27 2 9 
0 17
1 0
2 27
3 25
4 15
5 5
6 12
7 8
8 10
9 28
10 14
11 9
12 22
13 19
14 24
15 11
16 1
17 4
18 2
19 7
20 18
21 6
22 23
23 3
24 16
25 13
26 21
27 26
28 20
SIMILAR

19 5 10 4 25 26 3 9 23 11 17 22 27 14 1 2 20 7 24 8 28 16 13 6 21 15 18 0 12 
0 27
1 14
2 15
3 6
4 3
5 1
6 23
7 17
8 19
9 7
10 2
11 9
12 28
13 22
14 13
15 25
16 21
17 10
18 26
19 0
20 16
21 24
22 11
23 8
24 18
25 4
26 5
27 12
28 20
SIMILAR

4 27 1 28 25 15 23 17 3 0 22 10 16 18 9 7 21 5 19 11 6 24 26 8 13 12 14 20 2 
0 9
1 2
2 28
3 8
4 0
5 17
6 20
7 15
8 23
9 14
10 11
11 19
12 25
13 24
14 26
15 5
16 12
17 7
18 13
19 18
20 27
21 16
22 10
23 6
24 21
25 4
26 22
27 1
28 3
SIMILAR

16 21 9 22 1 8 14 19 10 2 17 24 13 20 15 28 7 6 27 18 12 11 4 5 25 3 26 23 0 
0 28
1 4
2 9
3 25
4 22
5 23
6 17
7 16
8 5
9 2
10 8
11 21
12 20
13 12
14 6
15 14
16 0
17 10
18 19
19 7
20 13
21 1
22 3
23 27
24 11
25 24
26 26
27 18
28 15
SIMILAR

0 25 17 9 21 2 12 1 19 20 4 6 22 5 11 16 3 27 24 7 26 18 14 13 8 28 23 10 15 
0 0
1 7
2 5
3 16
4 10
5 13
6 11
7 19
8 24
9 3
10 27
11 14
12 6
13 23
14 22
15 28
16 15
17 2
18 21
19 8
20 9
21 4
22 12
23 26
24 18
25 1
26 20
27 17
28 25
SIMILAR

7 8 25 23 28 9 26 27 20 17 15 24 1 12 22 13 18 16 3 5 21 0 10 6 19 4 14 2 11 
0 21
1 12
2 27
3 18
4 25
5 19
6 23
7 0
8 1
9 5
10 22
11 28
12 13
13 15
14 26
15 10
16 17
17 9
18 16
19 24
20 8
21 20
22 14
23 3
24 11
25 2
26 6
27 7
28 4
SIMILAR

4 15 7 14 26 27 5 24 20 11 13 17 25 12 18 10 2 6 8 23 22 19 3 9 0 21 16 28 1 
0 24
1 28
2 16
3 22
4 0
5 6
6 17
7 2
8 18
9 23
10 15
11 9
12 13
13 10
14 3
15 1
16 26
17 11
18 14
19 21
20 8
21 25
22 20
23 19
24 7
25 12
26 4
27 5
28 27
SIMILAR

6 9 27 2 5 21 4 13 28 23 11 7 10 25 8 17 14 0 18 12 19 22 26 16 24 3 15 1 20 
0 17
1 27
2 3
3 25
4 6
5 4
6 0
7 11
8 14
9 1
10 12
11 10
12 19
13 7
14 16
15 26
16 23
17 15
18 18
19 20
20 28
21 5
22 21
23 9
24 24
25 13
26 22
27 2
28 8
SIMILAR

11 14 22 28 13 1 23 8 10 25 4 18 2 20 3 6 17 27 16 9 5 19 15 21 12 7 0 24 26 
0 26
1 5
2 12
3 14
4 10
5 20
6 15
7 25
8 7
9 19
10 8
11 0
12 24
13 4
14 1
15 22
16 18
17 16
18 11
19 21
20 13
21 23
22 2
23 6
24 27
25 9
26 28
27 17
28 3
SIMILAR

10 18 5 8 19 27 26 24 16 9 4 11 23 3 13 14 21 0 22 2 15 6 25 20 7 12 17 28 1 
0 17
1 28
2 19
3 13
4 10
5 2
6 21
7 24
8 3
9 9
10 0
11 11
12 25
13 14
14 15
15 20
16 8
17 26
18 1
19 4
20 23
21 16
22 18
23 12
24 7
25 22
26 6
27 5
28 27
SIMILAR

25 6 23 28 0 1 4 2 24 18 10 27 16 13 7 20 11 22 19 8 3 5 26 21 12 14 15 9 17 
0 4
1 5
2 7
3 20
4 6
5 21
6 1
7 14
8 19
9 27
10 10
11 16
12 24
13 13
14 25
15 26
16 12
17 28
18 9
19 18
20 15
21 23
22 17
23 2
24 8
25 0
26 22
27 11
28 3
SIMILAR

12 4 7 5 25 11 0 19 1 15 26 2 18 22 27 13 8 3 9 16 24 17 28 14 6 21 10 20 23 
0 6
1 8
2 11
3 17
4 1
5 3
6 24
7 2
8 16
9 18
10 26
11 5
12 0
13 15
14 23
15 9
16 19
17 21
18 12
19 7
20 27
21 25
22 13
23 28
24 20
25 4
26 10
27 14
28 22
SIMILAR

22 24 13 20 6 28 27 15 2 7 18 4 26 21 9 11 23 25 0 19 3 17 8 14 10 16 12 5 1 
0 18
1 28
2 8
3 20
4 11
5 27
6 4
7 9
8 22
9 14
10 24
11 15
12 26
13 2
14 23
15 7
16 25
17 21
18 10
19 19
20 3
21 13
22 0
23 16
24 1
25 17
26 12
27 6
28 5
SIMILAR

10 13 6 17 12 2 22 26 28 5 3 19 27 8 11 0 18 14 4 23 25 1 21 9 24 20 16 15 7 
0 15
1 21
2 5
3 10
4 18
5 9
6 2
7 28
8 13
9 23
10 0
11 14
12 4
13 1
14 17
15 27
16 26
17 3
18 16
19 11
20 25
21 22
22 6
23 19
24 24
25 20
26 7
27 12
28 8
SIMILAR

19 18 13 2 20 21 6 12 4 0 16 5 24 14 25 1 22 23 27 28 15 8 3 9 10 11 7 17 26 
0 9
1 15
2 3
3 22
4 8
5 11
6 6
7 26
8 21
9 23
10 24
11 25
12 7
13 2
14 13
15 20
16 10
17 27
18 1
19 0
20 4
21 5
22 16
23 17
24 12
25 14
26 28
27 18
28 19
SIMILAR

20 18 11 10 3 16 6 1 14 22 17 9 7 8 27 4 13 12 26 24 5 15 25 28 19 2 23 21 0 
0 28
1 7
2 25
3 4
4 15
5 20
6 6
7 12
8 13
9 11
10 3
11 2
12 17
13 16
14 8
15 21
16 5
17 10
18 1
19 24
20 0
21 27
22 9
23 26
24 19
25 22
26 18
27 14
28 23
SIMILAR

3 23 11 10 21 12 16 13 17 5 4 8 22 26 9 19 0 7 28 24 2 25 6 14 27 20 1 15 18 
0 16
1 26
2 20
3 0
4 10
5 9
6 22
7 17
8 11
9 14
10 3
11 2
12 5
13 7
14 23
15 27
16 6
17 8
18 28
19 15
20 25
21 4
22 12
23 1
24 19
25 21
26 13
27 24
28 18
SIMILAR

5 19 11 27 7 22 20 0 6 28 17 15 18 25 21 4 24 2 23 10 26 16 14 9 8 12 3 13 1 
0 7
1 28
2 17
3 26
4 15
5 0
6 8
7 4
8 24
9 23
10 19
11 2
12 25
13 27
14 22
15 11
16 21
17 10
18 12
19 1
20 6
21 14
22 5
23 18
24 16
25 13
26 20
27 3
28 9
SIMILAR

6 8 27 5 10 24 1 20 11 7 9 13 19 12 15 2 3 26 18 14 16 22 23 17 28 21 4 0 25 
0 27
1 6
2 15
3 16
4 26
5 3
6 0
7 9
8 1
9 10
10 4
11 8
12 13
13 11
14 19
15 14
16 20
17 23
18 18
19 12
20 7
21 25
22 21
23 22
24 5
25 28
26 17
27 2
28 24
SIMILAR

4 22 23 28 12 1 27 0 20 5 13 17 7 26 14 11 24 21 15 10 16 18 8 25 3 9 2 19 6 
0 7
1 5
2 26
3 24
4 0
5 9
6 28
7 12
8 22
9 25
10 19
11 15
12 4
13 10
14 14
15 18
16 20
17 11
18 21
19 27
20 8
21 17
22 1
23 2
24 16
25 23
26 13
27 6
28 3
SIMILAR

9 3 14 12 17 24 10 2 4 21 5 20 18 22 28 23 1 11 8 7 27 13 0 26 16 25 6 19 15 
0 22
1 16
2 7
3 1
4 8
5 10
6 26
7 19
8 18
9 0
10 6
11 17
12 3
13 21
14 2
15 28
16 24
17 4
18 12
19 27
20 11
21 9
22 13
23 15
24 5
25 25
26 23
27 20
28 14
SIMILAR

27 0 10 7 28 9 26 13 8 18 17 5 11 25 15 4 20 14 19 6 21 3 2 22 24 12 16 23 1 
0 1
1 28
2 22
3 21
4 15
5 11
6 19
7 3
8 8
9 5
10 2
11 12
12 25
13 7
14 17
15 14
16 26
17 10
18 9
19 18
20 16
21 20
22 23
23 27
24 24
25 13
26 6
27 0
28 4
SIMILAR

8 13 12 17 6 19 3 11 10 27 7 24 9 26 4 1 28 20 5 2 15 23 14 22 18 0 25 21 16 
0 25
1 15
2 19
3 6
4 14
5 18
6 4
7 10
8 0
9 12
10 8
11 7
12 2
13 1
14 22
15 20
16 28
17 3
18 24
19 5
20 17
21 27
22 23
23 21
24 11
25 26
26 13
27 9
28 16
SIMILAR

2 20 10 21 14 11 7 27 28 16 25 1 0 24 15 12 18 23 13 3 6 5 22 17 8 4 9 26 19 
0 12
1 11
2 0
3 19
4 25
5 21
6 20
7 6
8 24
9 26
10 2
11 5
12 15
13 18
14 4
15 14
16 9
17 23
18 16
19 28
20 1
21 3
22 22
23 17
24 13
25 10
26 27
27 7
28 8
SIMILAR

21 25 20 26 7 18 16 23 13 9 24 11 27 14 2 12 10 8 28 6 4 19 15 3 22 1 0 17 5 
0 26
1 25
2 14
3 23
4 20
5 28
6 19
7 4
8 17
9 9
10 16
11 11
12 15
13 8
14 13
15 22
16 6
17 27
18 5
19 21
20 2
21 0
22 24
23 7
24 10
25 1
26 3
27 12
28 18
SIMILAR

3 15 27 13 24 25 7 5 26 6 22 14 1 8 0 20 16 9 2 18 21 4 19 28 10 17 23 11 12 
0 14
1 12
2 18
3 0
4 21
5 7
6 9
7 6
8 13
9 17
10 24
11 27
12 28
13 3
14 11
15 1
16 16
17 25
18 19
19 22
20 15
21 20
22 10
23 26
24 4
25 5
26 8
27 2
28 23
SIMILAR

2 20 25 26 15 14 17 12 21 16 9 22 13 24 4 6 10 5 0 23 18 11 1 27 8 19 28 7 3 
0 18
1 22
2 0
3 28
4 14
5 17
6 15
7 27
8 24
9 10
10 16
11 21
12 7
13 12
14 5
15 4
16 9
17 6
18 20
19 25
20 1
21 8
22 11
23 19
24 13
25 2
26 3
27 23
28 26
SIMILAR

16 3 27 18 28 0 15 10 13 22 1 9 6 17 7 5 20 25 24 12 4 11 19 26 2 23 8 14 21 
0 5
1 10
2 24
3 1
4 20
5 15
6 12
7 14
8 26
9 11
10 7
11 21
12 19
13 8
14 27
15 6
16 0
17 13
18 3
19 22
20 16
21 28
22 9
23 25
24 18
25 17
26 23
27 2
28 4
SIMILAR

24 14 19 13 11 22 17 2 12 10 18 8 25 5 28 6 26 7 15 20 3 4 0 1 9 23 27 16 21 
0 22
1 23
2 7
3 20
4 21
5 13
6 15
7 17
8 11
9 24
10 9
11 4
12 8
13 3
14 1
15 18
16 27
17 6
18 10
19 2
20 19
21 28
22 5
23 25
24 0
25 12
26 16
27 26
28 14
SIMILAR

10 16 6 24 21 13 12 23 3 7 18 1 4 27 22 14 26 15 8 5 2 25 19 28 9 20 11 17 0 
0 28
1 11
2 20
3 8
4 12
5 19
6 2
7 9
8 18
9 24
10 0
11 26
12 6
13 5
14 15
15 17
16 1
17 27
18 10
19 22
20 25
21 4
22 14
23 7
24 3
25 21
26 16
27 13
28 23
SIMILAR

23 15 28 26 4 11 3 13 16 12 17 22 6 25 2 21 18 9 10 24 7 1 19 20 5 27 0 14 8 
0 26
1 21
2 14
3 6
4 4
5 24
6 12
7 20
8 28
9 17
10 18
11 5
12 9
13 7
14 27
15 1
16 8
17 10
18 16
19 22
20 23
21 15
22 11
23 0
24 19
25 13
26 3
27 25
28 2
SIMILAR

25 19 9 2 10 14 1 27 4 17 28 0 13 11 18 6 16 24 20 3 21 22 8 15 23 26 12 5 7 
0 11
1 6
2 3
3 19
4 8
5 27
6 15
7 28
8 22
9 2
10 4
11 13
12 26
13 12
14 5
15 23
16 16
17 9
18 14
19 1
20 18
21 20
22 21
23 24
24 17
25 0
26 25
27 7
28 10
SIMILAR

19 2 22 21 4 7 11 0 9 17 18 23 25 10 24 6 16 3 1 5 26 28 8 27 12 15 14 13 20 
0 7
1 18
2 1
3 17
4 4
5 19
6 15
7 5
8 22
9 8
10 13
11 6
12 24
13 27
14 26
15 25
16 16
17 9
18 10
19 0
20 28
21 3
22 2
23 11
24 14
25 12
26 20
27 23
28 21
SIMILAR

19 3 10 16 14 26 12 22 20 6 21 13 11 27 23 5 17 28 1 2 0 7 4 24 25 15 9 8 18 
0 20
1 18
2 19
3 1
4 22
5 15
6 9
7 21
8 27
9 26
10 2
11 12
12 6
13 11
14 4
15 25
16 3
17 16
18 28
19 0
20 8
21 10
22 7
23 14
24 23
25 24
26 5
27 13
28 17
SIMILAR

21 19 9 26 28 15 11 14 2 24 3 0 4 22 27 20 13 7 12 8 10 17 1 16 25 23 5 18 6 
0 11
1 22
2 8
3 10
4 12
5 26
6 28
7 17
8 19
9 2
10 20
11 6
12 18
13 16
14 7
15 5
16 23
17 21
18 27
19 1
20 15
21 0
22 13
23 25
24 9
25 24
26 3
27 14
28 4
SIMILAR

15 7 5 6 14 28 2 25 9 27 3 21 20 16 26 12 1 0 13 23 22 11 17 18 4 19 10 8 24 
0 17
1 16
2 6
3 10
4 24
5 2
6 3
7 1
8 27
9 8
10 26
11 21
12 15
13 18
14 4
15 0
16 13
17 22
18 23
19 25
20 12
21 11
22 20
23 19
24 28
25 7
26 14
27 9
28 5
SIMILAR

7 3 8 10 2 28 25 14 5 9 1 24 17 21 0 16 23 6 13 19 26 20 27 11 12 18 15 22 4 
0 14
1 10
2 4
3 1
4 28
5 8
6 17
7 0
8 2
9 9
10 3
11 23
12 24
13 18
14 7
15 26
16 15
17 12
18 25
19 19
20 21
21 13
22 27
23 16
24 11
25 6
26 20
27 22
28 5
SIMILAR

6 8 27 3 15 22 19 18 28 0 2 13 9 12 26 21 4 11 10 20 5 16 14 1 17 23 25 7 24 
0 9
1 23
2 10
3 3
4 16
5 20
6 0
7 27
8 1
9 12
10 18
11 17
12 13
13 11
14 22
15 4
16 21
17 24
18 7
19 6
20 19
21 15
22 5
23 25
24 28
25 26
26 14
27 2
28 8
SIMILAR

10 21 28 25 18 22 16 20 13 7 5 6 26 11 17 9 1 15 19 23 12 14 4 0 8 24 3 27 2 
0 23
1 16
2 28
3 26
4 22
5 10
6 11
7 9
8 24
9 15
10 0
11 13
12 20
13 8
14 21
15 17
16 6
17 14
18 4
19 18
20 7
21 1
22 5
23 19
24 25
25 3
26 12
27 27
28 2
SIMILAR

25 11 2 22 15 8 3 21 27 6 9 7 14 13 10 4 26 18 19 12 24 20 1 17 5 16 28 0 23 
0 27
1 22
2 2
3 6
4 15
5 24
6 9
7 11
8 5
9 10
10 14
11 1
12 19
13 13
14 12
15 4
16 25
17 23
18 17
19 18
20 21
21 7
22 3
23 28
24 20
25 0
26 16
27 8
28 26
SIMILAR

2 0 12 24 28 23 17 26 9 5 27 11 13 8 10 20 3 16 25 15 18 7 19 1 14 6 22 4 21 
0 1
1 23
2 0
3 16
4 27
5 9
6 25
7 21
8 13
9 8
10 14
11 11
12 2
13 12
14 24
15 19
16 17
17 6
18 20
19 22
20 15
21 28
22 26
23 5
24 3
25 18
26 7
27 10
28 4
SIMILAR
100 0
200 0
250200 0
