29
0 0 0 0 1 0 1 1 0 1 1 0 0 1 0 0 0 0 0 1 1 0 0 1 1 1 0 1 1 
0 0 1 1 0 0 0 1 1 0 0 1 1 1 1 0 1 0 1 1 0 1 0 0 1 0 0 1 0 
0 1 0 1 0 1 0 1 0 0 0 0 0 1 1 0 0 1 1 1 1 1 0 1 1 0 0 0 1 
0 1 1 0 0 0 0 0 1 1 1 0 1 1 0 0 1 0 1 0 1 0 0 1 1 1 0 0 1 
1 0 0 0 0 0 0 1 1 1 0 1 1 1 1 0 0 0 1 0 1 1 1 0 1 1 1 0 0 
0 0 1 0 0 0 1 1 0 1 0 1 0 0 0 1 0 1 1 1 1 1 1 1 1 0 1 0 0 
1 0 0 0 0 1 0 0 0 1 1 1 1 0 0 0 1 1 0 1 1 0 1 0 1 1 0 1 0 
1 1 1 0 1 1 0 0 0 0 1 0 0 1 0 0 1 1 1 0 0 0 1 1 1 1 0 0 0 
0 1 0 1 1 0 0 0 0 0 1 0 0 0 0 1 1 0 0 1 1 0 0 0 0 1 1 0 0 
1 0 0 1 1 1 1 0 0 0 1 1 1 1 0 1 1 0 1 0 1 0 1 0 1 1 1 0 0 
1 0 0 1 0 0 1 1 1 1 0 1 0 0 0 0 0 0 0 1 1 1 0 1 0 1 1 1 0 
0 1 0 0 1 1 1 0 0 1 1 0 0 1 1 1 0 0 1 0 0 1 1 1 1 0 0 1 0 
0 1 0 1 1 0 1 0 0 1 0 0 0 1 0 0 0 1 1 0 1 0 0 0 1 0 0 1 0 
1 1 1 1 1 0 0 1 0 1 0 1 1 0 0 1 0 0 0 1 0 1 0 0 0 0 1 1 1 
0 1 1 0 1 0 0 0 0 0 0 1 0 0 0 0 1 1 1 1 1 1 0 0 1 1 1 0 1 
0 0 0 0 0 1 0 0 1 1 0 1 0 1 0 0 1 0 1 1 0 0 0 0 0 0 1 0 0 
0 1 0 1 0 0 1 1 1 1 0 0 0 0 1 1 0 0 1 1 0 0 1 1 1 1 0 1 1 
0 0 1 0 0 1 1 1 0 0 0 0 1 0 1 0 0 0 0 0 1 1 1 1 1 1 0 1 0 
0 1 1 1 1 1 0 1 0 1 0 1 1 0 1 1 1 0 0 0 0 1 0 1 1 0 0 0 1 
1 1 1 0 0 1 1 0 1 0 1 0 0 1 1 1 1 0 0 0 1 1 0 1 0 1 0 1 0 
1 0 1 1 1 1 1 0 1 1 1 0 1 0 1 0 0 1 0 1 0 1 1 1 0 0 0 0 1 
0 1 1 0 1 1 0 0 0 0 1 1 0 1 1 0 0 1 1 1 1 0 0 1 0 0 1 1 1 
0 0 0 0 1 1 1 1 0 1 0 1 0 0 0 0 1 1 0 0 1 0 0 1 1 0 1 1 1 
1 0 1 1 0 1 0 1 0 0 1 1 0 0 0 0 1 1 1 1 1 1 1 0 1 1 1 1 0 
1 1 1 1 1 1 1 1 0 1 0 1 1 0 1 0 1 1 1 0 0 0 1 1 0 0 1 1 0 
1 0 0 1 1 0 1 1 1 1 1 0 0 0 1 0 1 1 0 1 0 0 0 1 0 0 1 0 1 
0 0 0 0 1 1 0 0 1 1 1 0 0 1 1 1 0 0 0 0 0 1 1 1 1 1 0 0 0 
1 1 0 0 0 0 1 0 0 0 1 1 1 1 0 0 1 1 0 1 0 1 1 1 1 0 0 0 0 
1 0 1 1 0 0 0 0 0 0 0 0 0 1 1 0 1 0 1 0 1 1 1 0 0 1 0 0 0 

19 1 10 5 18 3 2 21 9 8 11 12 6 0 26 25 24 23 22 28 4 27 13 7 16 20 15 14 17 
0 13
1 1
2 6
3 5
4 20
5 3
6 12
7 23
8 9
9 8
10 2
11 10
12 11
13 22
14 27
15 26
16 24
17 28
18 4
19 0
20 25
21 7
22 18
23 17
24 16
25 15
26 14
27 21
28 19
SIMILAR

10 11 26 23 20 13 2 6 19 25 8 9 21 12 5 22 18 7 28 16 1 4 0 14 15 17 27 24 3 
0 22
1 20
2 6
3 28
4 21
5 14
6 7
7 17
8 10
9 11
10 0
11 1
12 13
13 5
14 23
15 24
16 19
17 25
18 16
19 8
20 4
21 12
22 15
23 3
24 27
25 9
26 2
27 26
28 18
SIMILAR

0 15 18 11 5 14 6 19 7 2 23 25 27 4 17 20 28 24 1 10 21 8 22 26 9 12 13 3 16 
0 0
1 18
2 9
3 27
4 13
5 4
6 6
7 8
8 21
9 24
10 19
11 3
12 25
13 26
14 5
15 1
16 28
17 14
18 2
19 7
20 15
21 20
22 22
23 10
24 17
25 11
26 23
27 12
28 16
SIMILAR

18 6 4 13 1 28 9 12 15 7 14 0 17 8 2 20 27 16 24 10 25 22 3 23 5 11 26 21 19 
0 11
1 4
2 14
3 22
4 2
5 24
6 1
7 9
8 13
9 6
10 19
11 25
12 7
13 3
14 10
15 8
16 17
17 12
18 0
19 28
20 15
21 27
22 21
23 23
24 18
25 20
26 26
27 16
28 5
SIMILAR

21 14 25 11 15 22 9 19 4 12 23 8 3 17 18 6 28 20 24 16 0 27 13 7 5 26 10 2 1 
0 20
1 28
2 27
3 12
4 8
5 24
6 15
7 23
8 11
9 6
10 26
11 3
12 9
13 22
14 1
15 4
16 19
17 13
18 14
19 7
20 17
21 0
22 5
23 10
24 18
25 2
26 25
27 21
28 16
SIMILAR

17 26 14 15 0 16 9 6 4 24 2 27 21 5 1 23 8 18 19 3 28 7 13 22 25 11 10 20 12 
0 4
1 14
2 10
3 19
4 8
5 13
6 7
7 21
8 16
9 6
10 26
11 25
12 28
13 22
14 2
15 3
16 5
17 0
18 17
19 18
20 27
21 12
22 23
23 15
24 9
25 24
26 1
27 11
28 20
SIMILAR

11 6 23 7 17 16 5 10 12 1 9 18 24 14 19 26 15 3 21 4 28 27 22 13 2 8 25 20 0 
0 28
1 9
2 24
3 17
4 19
5 6
6 1
7 3
8 25
9 10
10 7
11 0
12 8
13 23
14 13
15 16
16 5
17 4
18 11
19 14
20 27
21 18
22 22
23 2
24 12
25 26
26 15
27 21
28 20
SIMILAR

25 27 9 5 0 13 19 16 8 11 15 4 10 23 2 17 18 26 6 28 21 3 7 12 24 14 20 1 22 
0 4
1 27
2 14
3 21
4 11
5 3
6 18
7 22
8 8
9 2
10 12
11 9
12 23
13 5
14 25
15 10
16 7
17 15
18 16
19 6
20 26
21 20
22 28
23 13
24 24
25 0
26 17
27 1
28 19
SIMILAR

28 13 7 0 2 27 9 5 25 4 15 19 1 23 26 6 8 21 16 12 10 11 17 20 14 18 24 22 3 
0 3
1 12
2 4
3 28
4 9
5 7
6 15
7 2
8 16
9 6
10 20
11 21
12 19
13 1
14 24
15 10
16 18
17 22
18 25
19 11
20 23
21 17
22 27
23 13
24 26
25 8
26 14
27 5
28 0
SIMILAR

5 1 28 11 17 12 3 26 21 13 4 10 15 14 25 0 20 6 7 24 9 19 16 8 18 2 23 27 22 
0 15
1 1
2 25
3 6
4 10
5 0
6 17
7 18
8 23
9 20
10 11
11 3
12 5
13 9
14 13
15 12
16 22
17 4
18 24
19 21
20 16
21 8
22 28
23 26
24 19
25 14
26 7
27 27
28 2
SIMILAR

17 12 20 1 25 11 2 10 24 28 7 4 16 19 6 8 22 5 27 9 14 21 15 23 26 18 0 3 13 
0 26
1 3
2 6
3 27
4 11
5 17
6 14
7 10
8 15
9 19
10 7
11 5
12 1
13 28
14 20
15 22
16 12
17 0
18 25
19 13
20 2
21 21
22 16
23 23
24 8
25 4
26 24
27 18
28 9
SIMILAR

25 16 17 27 8 0 10 24 14 20 3 6 18 9 13 15 4 22 26 28 23 1 19 7 5 11 2 21 12 
0 5
1 21
2 26
3 10
4 16
5 24
6 11
7 23
8 4
9 13
10 6
11 25
12 28
13 14
14 8
15 15
16 1
17 2
18 12
19 22
20 9
21 27
22 17
23 20
24 7
25 0
26 18
27 3
28 19
SIMILAR

13 12 2 18 10 16 25 21 15 11 6 5 17 26 4 20 22 9 14 1 7 19 23 8 3 28 27 0 24 
0 27
1 19
2 2
3 24
4 14
5 11
6 10
7 20
8 23
9 17
10 4
11 9
12 1
13 0
14 18
15 8
16 5
17 12
18 3
19 21
20 15
21 7
22 16
23 22
24 28
25 6
26 13
27 26
28 25
SIMILAR

19 2 13 5 6 12 0 1 25 3 9 14 17 15 24 4 16 22 7 8 27 26 11 18 21 28 20 10 23 
0 6
1 7
2 1
3 9
4 15
5 3
6 4
7 18
8 19
9 10
10 27
11 22
12 5
13 2
14 11
15 13
16 16
17 12
18 23
19 0
20 26
21 24
22 17
23 28
24 14
25 8
26 21
27 20
28 25
SIMILAR

2 23 12 27 1 3 5 28 26 24 8 0 15 11 4 16 20 14 19 7 9 17 25 22 13 18 6 21 10 
0 11
1 4
2 0
3 5
4 14
5 6
6 26
7 19
8 10
9 20
10 28
11 13
12 2
13 24
14 17
15 12
16 15
17 21
18 25
19 18
20 16
21 27
22 23
23 1
24 9
25 22
26 8
27 3
28 7
SIMILAR

2 21 23 28 10 14 19 6 20 9 18 8 0 22 13 5 3 4 27 26 11 1 25 7 24 15 12 16 17 
0 12
1 21
2 0
3 16
4 17
5 15
6 7
7 23
8 11
9 9
10 4
11 20
12 26
13 14
14 5
15 25
16 27
17 28
18 10
19 6
20 8
21 1
22 13
23 2
24 24
25 22
26 19
27 18
28 3
SIMILAR

7 19 14 15 11 0 9 20 22 24 23 3 4 26 28 1 18 13 12 27 17 16 8 2 6 5 25 21 10 
0 5
1 15
2 23
3 11
4 12
5 25
6 24
7 0
8 22
9 6
10 28
11 4
12 18
13 17
14 2
15 3
16 21
17 20
18 16
19 1
20 7
21 27
22 8
23 10
24 9
25 26
26 13
27 19
28 14
SIMILAR

10 15 11 23 17 6 8 28 26 24 22 21 1 7 27 19 3 20 25 0 5 13 2 12 18 14 4 9 16 
0 19
1 12
2 22
3 16
4 26
5 20
6 5
7 13
8 6
9 27
10 0
11 2
12 23
13 21
14 25
15 1
16 28
17 4
18 24
19 15
20 17
21 11
22 10
23 3
24 9
25 18
26 8
27 14
28 7
SIMILAR

15 27 18 10 22 26 14 23 8 11 3 25 4 28 12 7 16 19 9 20 6 5 0 13 2 17 24 1 21 
0 22
1 27
2 24
3 10
4 12
5 21
6 20
7 15
8 8
9 18
10 3
11 9
12 14
13 23
14 6
15 0
16 16
17 25
18 2
19 17
20 19
21 28
22 4
23 7
24 26
25 11
26 5
27 1
28 13
SIMILAR

26 12 27 4 20 28 13 25 8 14 6 15 19 9 21 24 23 16 3 0 22 18 5 7 11 17 10 1 2 
0 19
1 27
2 28
3 18
4 3
5 22
6 10
7 23
8 8
9 13
10 26
11 24
12 1
13 6
14 9
15 11
16 17
17 25
18 21
19 12
20 4
21 14
22 20
23 16
24 15
25 7
26 0
27 2
28 5
SIMILAR

16 10 23 14 22 28 13 6 19 0 4 21 2 24 11 15 1 20 25 9 3 5 7 27 12 17 18 26 8 
0 9
1 16
2 12
3 20
4 10
5 21
6 7
7 22
8 28
9 19
10 1
11 14
12 24
13 6
14 3
15 15
16 0
17 25
18 26
19 8
20 17
21 11
22 4
23 2
24 13
25 18
26 27
27 23
28 5
SIMILAR

16 2 27 13 23 21 10 25 12 8 28 17 4 14 22 20 24 0 7 11 1 18 5 26 15 6 3 19 9 
0 17
1 20
2 1
3 26
4 12
5 22
6 25
7 18
8 9
9 28
10 6
11 19
12 8
13 3
14 13
15 24
16 0
17 11
18 21
19 27
20 15
21 5
22 14
23 4
24 16
25 7
26 23
27 2
28 10
SIMILAR

14 2 9 26 7 18 4 21 6 28 5 16 11 1 0 3 25 17 22 23 19 15 27 8 10 13 20 12 24 
0 14
1 13
2 1
3 15
4 6
5 10
6 8
7 4
8 23
9 2
10 24
11 12
12 27
13 25
14 0
15 21
16 11
17 17
18 5
19 20
20 26
21 7
22 18
23 19
24 28
25 16
26 3
27 22
28 9
SIMILAR

21 12 24 15 13 11 1 3 2 28 19 8 4 17 0 6 7 18 9 22 14 10 16 26 5 25 23 27 20 
0 14
1 6
2 8
3 7
4 12
5 24
6 15
7 16
8 11
9 18
10 21
11 5
12 1
13 4
14 20
15 3
16 22
17 13
18 17
19 10
20 28
21 0
22 19
23 26
24 2
25 25
26 23
27 27
28 9
SIMILAR

22 18 9 0 15 7 6 12 8 17 23 1 27 16 28 11 25 4 5 21 2 24 10 3 26 19 20 14 13 
0 3
1 11
2 20
3 23
4 17
5 18
6 6
7 5
8 8
9 2
10 22
11 15
12 7
13 28
14 27
15 4
16 13
17 9
18 1
19 25
20 26
21 19
22 0
23 10
24 21
25 16
26 24
27 12
28 14
SIMILAR

1 2 17 18 13 0 25 4 22 12 27 7 9 21 3 23 5 16 20 19 28 11 24 8 14 10 26 15 6 
0 5
1 0
2 1
3 14
4 7
5 16
6 28
7 11
8 23
9 12
10 25
11 21
12 9
13 4
14 24
15 27
16 17
17 2
18 3
19 19
20 18
21 13
22 8
23 15
24 22
25 6
26 26
27 10
28 20
SIMILAR

28 7 27 14 18 21 1 8 15 3 4 9 11 24 2 23 6 16 19 25 5 20 13 22 12 17 0 26 10 
0 26
1 6
2 14
3 9
4 10
5 20
6 16
7 1
8 7
9 11
10 28
11 12
12 24
13 22
14 3
15 8
16 17
17 25
18 4
19 18
20 21
21 5
22 23
23 15
24 13
25 19
26 27
27 2
28 0
SIMILAR

6 15 17 8 28 13 7 25 10 18 24 12 16 0 1 27 20 3 26 23 2 5 11 4 22 9 21 19 14 
0 13
1 14
2 20
3 17
4 23
5 21
6 0
7 6
8 3
9 25
10 8
11 22
12 11
13 5
14 28
15 1
16 12
17 2
18 9
19 27
20 16
21 26
22 24
23 19
24 10
25 7
26 18
27 15
28 4
SIMILAR

5 4 19 20 17 3 13 11 16 0 1 24 12 18 6 26 27 14 10 9 21 22 2 7 25 8 23 28 15 
0 9
1 10
2 22
3 5
4 1
5 0
6 14
7 23
8 25
9 19
10 18
11 7
12 12
13 6
14 17
15 28
16 8
17 4
18 13
19 2
20 3
21 20
22 21
23 26
24 11
25 24
26 15
27 16
28 27
SIMILAR

9 17 6 18 1 12 3 13 16 26 5 22 10 20 24 21 19 15 8 4 2 7 14 0 28 11 23 25 27 
0 23
1 4
2 20
3 6
4 19
5 10
6 2
7 21
8 18
9 0
10 12
11 25
12 5
13 7
14 22
15 17
16 8
17 1
18 3
19 16
20 13
21 15
22 11
23 26
24 14
25 27
26 9
27 28
28 24
SIMILAR

22 28 18 25 9 0 24 3 20 6 10 4 17 16 13 23 27 26 1 19 8 15 5 14 12 2 11 7 21 
0 5
1 18
2 25
3 7
4 11
5 22
6 9
7 27
8 20
9 4
10 10
11 26
12 24
13 14
14 23
15 21
16 13
17 12
18 2
19 19
20 8
21 28
22 0
23 15
24 6
25 3
26 17
27 16
28 1
SIMILAR

19 2 10 20 15 28 23 8 3 18 14 21 6 22 7 4 1 27 5 12 0 13 9 24 16 25 17 11 26 
0 20
1 16
2 1
3 8
4 15
5 18
6 12
7 14
8 7
9 22
10 2
11 27
12 19
13 21
14 10
15 4
16 24
17 26
18 9
19 0
20 3
21 11
22 13
23 6
24 23
25 25
26 28
27 17
28 5
SIMILAR

12 7 14 3 4 2 20 16 15 10 11 21 24 27 17 0 8 22 19 25 1 9 6 5 13 28 18 26 23 
0 15
1 20
2 5
3 3
4 4
5 23
6 22
7 1
8 16
9 21
10 9
11 10
12 0
13 24
14 2
15 8
16 7
17 14
18 26
19 18
20 6
21 11
22 17
23 28
24 12
25 19
26 27
27 13
28 25
SIMILAR

8 2 1 0 18 11 6 21 9 10 7 19 25 20 23 12 15 28 5 24 22 27 3 17 13 26 4 16 14 
0 3
1 2
2 1
3 22
4 26
5 18
6 6
7 10
8 0
9 8
10 9
11 5
12 15
13 24
14 28
15 16
16 27
17 23
18 4
19 11
20 13
21 7
22 20
23 14
24 19
25 12
26 25
27 21
28 17
SIMILAR

10 23 5 16 1 27 24 7 22 25 19 11 21 6 18 8 15 14 2 3 9 13 28 17 12 4 26 20 0 
0 28
1 4
2 18
3 19
4 25
5 2
6 13
7 7
8 15
9 20
10 0
11 11
12 24
13 21
14 17
15 16
16 3
17 23
18 14
19 10
20 27
21 12
22 8
23 1
24 6
25 9
26 26
27 5
28 22
SIMILAR

0 17 3 11 14 27 23 9 7 2 10 1 18 16 24 15 19 28 20 26 5 25 8 12 6 22 4 13 21 
0 0
1 11
2 9
3 2
4 26
5 20
6 24
7 8
8 22
9 7
10 10
11 3
12 23
13 27
14 4
15 15
16 13
17 1
18 12
19 16
20 18
21 28
22 25
23 6
24 14
25 21
26 19
27 5
28 17
SIMILAR

25 4 18 26 0 3 16 10 19 27 8 15 13 22 6 7 23 24 20 21 9 1 17 5 12 11 28 14 2 
0 4
1 21
2 28
3 5
4 1
5 23
6 14
7 15
8 10
9 20
10 7
11 25
12 24
13 12
14 27
15 11
16 6
17 22
18 2
19 8
20 18
21 19
22 13
23 16
24 17
25 0
26 3
27 9
28 26
SIMILAR

10 20 4 22 24 19 18 21 7 26 16 5 14 1 27 15 6 0 23 13 11 3 17 28 25 9 12 2 8 
0 17
1 13
2 27
3 21
4 2
5 11
6 16
7 8
8 28
9 25
10 0
11 20
12 26
13 19
14 12
15 15
16 10
17 22
18 6
19 5
20 1
21 7
22 3
23 18
24 4
25 24
26 9
27 14
28 23
SIMILAR

25 20 27 10 12 13 2 6 19 11 17 4 3 14 15 0 7 28 23 22 24 21 18 5 1 26 9 16 8 
0 15
1 24
2 6
3 12
4 11
5 23
6 7
7 16
8 28
9 26
10 3
11 9
12 4
13 5
14 13
15 14
16 27
17 10
18 22
19 8
20 1
21 21
22 19
23 18
24 20
25 0
26 25
27 2
28 17
SIMILAR

28 6 22 26 20 25 14 12 23 18 10 8 0 1 9 21 19 16 3 4 11 27 5 13 17 24 7 2 15 
0 12
1 13
2 27
3 18
4 19
5 22
6 1
7 26
8 11
9 14
10 10
11 20
12 7
13 23
14 6
15 28
16 17
17 24
18 9
19 16
20 4
21 15
22 2
23 8
24 25
25 5
26 3
27 21
28 0
SIMILAR

4 17 11 16 18 28 8 21 26 5 20 1 7 2 23 10 15 13 22 24 0 12 19 3 6 25 14 27 9 
0 20
1 11
2 13
3 23
4 0
5 9
6 24
7 12
8 6
9 28
10 15
11 2
12 21
13 17
14 26
15 16
16 3
17 1
18 4
19 22
20 10
21 7
22 18
23 14
24 19
25 25
26 8
27 27
28 5
SIMILAR

1 9 16 23 3 21 20 27 24 11 13 26 12 28 8 5 18 6 15 10 14 19 2 4 25 22 7 17 0 
0 28
1 0
2 22
3 4
4 23
5 15
6 17
7 26
8 14
9 1
10 19
11 9
12 12
13 10
14 20
15 18
16 2
17 27
18 16
19 21
20 6
21 5
22 25
23 3
24 8
25 24
26 11
27 7
28 13
SIMILAR

15 19 20 23 24 16 5 18 4 13 9 25 3 2 0 21 26 27 17 8 12 6 1 11 10 22 14 7 28 
0 14
1 22
2 13
3 12
4 8
5 6
6 21
7 27
8 19
9 10
10 24
11 23
12 20
13 9
14 26
15 0
16 5
17 18
18 7
19 1
20 2
21 15
22 25
23 3
24 4
25 11
26 16
27 17
28 28
SIMILAR

20 21 6 13 5 7 19 28 0 4 8 2 12 17 16 14 24 15 25 9 22 27 23 18 10 1 26 11 3 
0 8
1 25
2 11
3 28
4 9
5 4
6 2
7 5
8 10
9 19
10 24
11 27
12 12
13 3
14 15
15 17
16 14
17 13
18 23
19 6
20 0
21 1
22 20
23 22
24 16
25 18
26 26
27 21
28 7
SIMILAR

10 28 4 18 0 24 27 6 21 16 19 5 11 15 8 26 2 13 3 17 14 25 1 23 22 9 20 12 7 
0 4
1 22
2 16
3 18
4 2
5 11
6 7
7 28
8 14
9 25
10 0
11 12
12 27
13 17
14 20
15 13
16 9
17 19
18 3
19 10
20 26
21 8
22 24
23 23
24 5
25 21
26 15
27 6
28 1
SIMILAR

6 1 25 0 9 4 11 7 18 19 26 14 27 22 24 5 3 10 28 16 12 15 8 17 21 20 23 13 2 
0 3
1 1
2 28
3 16
4 5
5 15
6 0
7 7
8 22
9 4
10 17
11 6
12 20
13 27
14 11
15 21
16 19
17 23
18 8
19 9
20 25
21 24
22 13
23 26
24 14
25 2
26 10
27 12
28 18
SIMILAR

20 9 13 1 26 4 6 3 10 17 7 18 11 21 0 28 14 23 24 2 16 27 25 5 8 15 19 22 12 
0 14
1 3
2 19
3 7
4 5
5 23
6 6
7 10
8 24
9 1
10 8
11 12
12 28
13 2
14 16
15 25
16 20
17 9
18 11
19 26
20 0
21 13
22 27
23 17
24 18
25 22
26 4
27 21
28 15
SIMILAR

8 3 22 21 16 6 18 4 23 13 12 24 5 28 19 27 1 2 10 9 0 7 26 14 15 17 11 20 25 
0 20
1 16
2 17
3 1
4 7
5 12
6 5
7 21
8 0
9 19
10 18
11 26
12 10
13 9
14 23
15 24
16 4
17 25
18 6
19 14
20 27
21 3
22 2
23 8
24 11
25 28
26 22
27 15
28 13
SIMILAR

15 27 21 16 13 9 6 12 8 0 10 3 1 24 25 26 17 22 7 14 2 4 19 23 28 11 18 5 20 
0 9
1 12
2 20
3 11
4 21
5 27
6 6
7 18
8 8
9 5
10 10
11 25
12 7
13 4
14 19
15 0
16 3
17 16
18 26
19 22
20 28
21 2
22 17
23 23
24 13
25 14
26 15
27 1
28 24
SIMILAR

22 13 26 10 8 3 19 14 5 0 1 25 28 9 6 18 27 21 20 4 2 24 16 17 11 12 23 7 15 
0 9
1 10
2 20
3 5
4 19
5 8
6 14
7 27
8 4
9 13
10 3
11 24
12 25
13 1
14 7
15 28
16 22
17 23
18 15
19 6
20 18
21 17
22 0
23 26
24 21
25 11
26 2
27 16
28 12
SIMILAR

23 14 11 7 21 1 27 4 26 18 19 2 17 15 13 12 8 22 6 9 0 10 20 16 5 25 3 28 24 
0 20
1 5
2 11
3 26
4 7
5 24
6 18
7 3
8 16
9 19
10 21
11 2
12 15
13 14
14 1
15 13
16 23
17 12
18 9
19 10
20 22
21 4
22 17
23 0
24 28
25 25
26 8
27 6
28 27
SIMILAR

2 3 1 17 13 19 18 24 26 8 7 4 5 25 23 15 12 11 27 22 20 0 21 16 9 28 14 6 10 
0 21
1 2
2 0
3 1
4 11
5 12
6 27
7 10
8 9
9 24
10 28
11 17
12 16
13 4
14 26
15 15
16 23
17 3
18 6
19 5
20 20
21 22
22 19
23 14
24 7
25 13
26 8
27 18
28 25
SIMILAR

10 25 2 1 18 24 8 13 21 20 17 7 3 23 19 22 4 9 5 26 0 28 12 11 6 15 27 16 14 
0 20
1 3
2 2
3 12
4 16
5 18
6 24
7 11
8 6
9 17
10 0
11 23
12 22
13 7
14 28
15 25
16 27
17 10
18 4
19 14
20 9
21 8
22 15
23 13
24 5
25 1
26 19
27 26
28 21
SIMILAR

11 12 5 7 14 13 10 20 9 21 8 25 6 24 15 17 27 23 16 19 1 26 2 18 4 0 28 3 22 
0 25
1 20
2 22
3 27
4 24
5 2
6 12
7 3
8 10
9 8
10 6
11 0
12 1
13 5
14 4
15 14
16 18
17 15
18 23
19 19
20 7
21 9
22 28
23 17
24 13
25 11
26 21
27 16
28 26
SIMILAR

5 15 14 26 10 28 23 18 8 20 22 9 12 7 21 19 24 13 2 3 0 6 4 1 17 25 16 27 11 
0 20
1 23
2 18
3 19
4 22
5 0
6 21
7 13
8 8
9 11
10 4
11 28
12 12
13 17
14 2
15 1
16 26
17 24
18 7
19 15
20 9
21 14
22 10
23 6
24 16
25 25
26 3
27 27
28 5
SIMILAR

18 13 23 25 20 14 8 3 0 7 21 27 15 24 28 17 9 1 10 16 19 6 2 5 12 11 26 4 22 
0 8
1 17
2 22
3 7
4 27
5 23
6 21
7 9
8 6
9 16
10 18
11 25
12 24
13 1
14 5
15 12
16 19
17 15
18 0
19 20
20 4
21 10
22 28
23 2
24 13
25 3
26 26
27 11
28 14
SIMILAR

21 27 23 18 22 1 2 16 10 26 17 19 7 0 9 28 8 20 11 14 25 6 24 12 13 5 4 3 15 
0 13
1 5
2 6
3 27
4 26
5 25
6 21
7 12
8 16
9 14
10 8
11 18
12 23
13 24
14 19
15 28
16 7
17 10
18 3
19 11
20 17
21 0
22 4
23 2
24 22
25 20
26 9
27 1
28 15
SIMILAR

3 17 12 21 27 10 6 28 16 24 4 1 5 18 13 22 0 9 20 2 8 14 19 26 11 15 25 23 7 
0 16
1 11
2 19
3 0
4 10
5 12
6 6
7 28
8 20
9 17
10 5
11 24
12 2
13 14
14 21
15 25
16 8
17 1
18 13
19 22
20 18
21 3
22 15
23 27
24 9
25 26
26 23
27 4
28 7
SIMILAR

3 21 19 2 6 1 18 15 26 16 28 22 24 7 0 17 23 8 25 5 13 14 11 27 12 10 4 20 9 
0 14
1 5
2 3
3 0
4 26
5 19
6 4
7 13
8 17
9 28
10 25
11 22
12 24
13 20
14 21
15 7
16 9
17 15
18 6
19 2
20 27
21 1
22 11
23 16
24 12
25 18
26 8
27 23
28 10
SIMILAR

4 14 15 23 16 7 24 11 8 19 27 20 1 21 17 2 3 9 13 0 22 10 12 6 26 28 25 18 5 
0 19
1 12
2 15
3 16
4 0
5 28
6 23
7 5
8 8
9 17
10 21
11 7
12 22
13 18
14 1
15 2
16 4
17 14
18 27
19 9
20 11
21 13
22 20
23 3
24 6
25 26
26 24
27 10
28 25
SIMILAR

11 22 16 26 18 21 17 9 3 0 27 12 25 7 23 14 20 15 1 28 4 13 5 2 19 8 6 10 24 
0 9
1 18
2 23
3 8
4 20
5 22
6 26
7 13
8 25
9 7
10 27
11 0
12 11
13 21
14 15
15 17
16 2
17 6
18 4
19 24
20 16
21 5
22 1
23 14
24 28
25 12
26 3
27 10
28 19
SIMILAR

14 8 13 23 6 2 27 28 0 21 15 1 7 18 9 12 24 22 4 17 10 20 25 16 3 19 11 26 5 
0 8
1 11
2 5
3 24
4 18
5 28
6 4
7 12
8 1
9 14
10 20
11 26
12 15
13 2
14 0
15 10
16 23
17 19
18 13
19 25
20 21
21 9
22 17
23 3
24 16
25 22
26 27
27 6
28 7
SIMILAR

28 0 1 23 15 17 12 16 9 21 24 19 2 11 10 3 4 26 5 14 20 27 18 22 8 6 7 13 25 
0 1
1 2
2 12
3 15
4 16
5 18
6 25
7 26
8 24
9 8
10 14
11 13
12 6
13 27
14 19
15 4
16 7
17 5
18 22
19 11
20 20
21 9
22 23
23 3
24 10
25 28
26 17
27 21
28 0
SIMILAR

21 8 12 11 25 16 15 28 3 6 13 22 9 5 19 17 27 1 24 10 18 4 23 7 2 0 14 26 20 
0 25
1 17
2 24
3 8
4 21
5 13
6 9
7 23
8 1
9 12
10 19
11 3
12 2
13 10
14 26
15 6
16 5
17 15
18 20
19 14
20 28
21 0
22 11
23 22
24 18
25 4
26 27
27 16
28 7
SIMILAR

4 10 12 8 15 6 2 14 26 28 16 24 22 23 27 11 3 1 9 17 20 21 25 7 18 5 19 0 13 
0 27
1 17
2 6
3 16
4 0
5 25
6 5
7 23
8 3
9 18
10 1
11 15
12 2
13 28
14 7
15 4
16 10
17 19
18 24
19 26
20 20
21 21
22 12
23 13
24 11
25 22
26 8
27 14
28 9
SIMILAR

14 11 20 13 5 25 3 19 6 15 7 28 2 17 24 10 8 16 12 0 23 21 18 22 9 4 1 26 27 
0 19
1 26
2 12
3 6
4 25
5 4
6 8
7 10
8 16
9 24
10 15
11 1
12 18
13 3
14 0
15 9
16 17
17 13
18 22
19 7
20 2
21 21
22 23
23 20
24 14
25 5
26 27
27 28
28 11
SIMILAR

17 14 1 12 10 13 11 24 19 7 3 28 25 16 27 23 9 2 6 8 21 26 0 15 18 22 20 4 5 
0 22
1 2
2 17
3 10
4 27
5 28
6 18
7 9
8 19
9 16
10 4
11 6
12 3
13 5
14 1
15 23
16 13
17 0
18 24
19 8
20 26
21 20
22 25
23 15
24 7
25 12
26 21
27 14
28 11
SIMILAR

22 14 16 15 17 27 28 5 26 12 24 0 13 7 1 20 9 11 23 4 21 3 19 18 2 6 10 25 8 
0 11
1 14
2 24
3 21
4 19
5 7
6 25
7 13
8 28
9 16
10 26
11 17
12 9
13 12
14 1
15 3
16 2
17 4
18 23
19 22
20 15
21 20
22 0
23 18
24 10
25 27
26 8
27 5
28 6
SIMILAR

18 6 3 22 25 13 27 5 17 26 0 14 7 23 12 28 20 2 16 19 15 11 10 8 9 24 1 4 21 
0 10
1 26
2 17
3 2
4 27
5 7
6 1
7 12
8 23
9 24
10 22
11 21
12 14
13 5
14 11
15 20
16 18
17 8
18 0
19 19
20 16
21 28
22 3
23 13
24 25
25 4
26 9
27 6
28 15
SIMILAR

22 14 16 13 9 11 25 17 20 10 5 24 18 1 28 0 27 23 21 6 4 3 26 2 8 12 7 19 15 
0 15
1 13
2 23
3 21
4 20
5 10
6 19
7 26
8 24
9 4
10 9
11 5
12 25
13 3
14 1
15 28
16 2
17 7
18 12
19 27
20 8
21 18
22 0
23 17
24 11
25 6
26 22
27 16
28 14
SIMILAR

13 22 27 24 25 28 1 17 23 4 14 3 21 2 12 26 5 10 11 20 6 15 16 18 8 19 0 7 9 
0 26
1 6
2 13
3 11
4 9
5 16
6 20
7 27
8 24
9 28
10 17
11 18
12 14
13 0
14 10
15 21
16 22
17 7
18 23
19 25
20 19
21 12
22 1
23 8
24 3
25 4
26 15
27 2
28 5
SIMILAR

4 16 27 23 7 19 22 18 15 12 0 8 28 5 21 1 10 2 20 14 24 6 3 9 11 13 26 17 25 
0 10
1 15
2 17
3 22
4 0
5 13
6 21
7 4
8 11
9 23
10 16
11 24
12 9
13 25
14 19
15 8
16 1
17 27
18 7
19 5
20 18
21 14
22 6
23 3
24 20
25 28
26 26
27 2
28 12
SIMILAR

12 1 3 25 6 18 14 7 21 13 23 5 4 11 10 2 17 0 20 16 26 8 15 19 27 24 28 22 9 
0 17
1 1
2 15
3 2
4 12
5 11
6 4
7 7
8 21
9 28
10 14
11 13
12 0
13 9
14 6
15 22
16 19
17 16
18 5
19 23
20 18
21 8
22 27
23 10
24 25
25 3
26 20
27 24
28 26
SIMILAR

13 7 14 17 15 25 3 4 18 27 8 19 16 22 20 12 24 0 11 28 1 2 26 5 23 21 10 9 6 
0 17
1 20
2 21
3 6
4 7
5 23
6 28
7 1
8 10
9 27
10 26
11 18
12 15
13 0
14 2
15 4
16 12
17 3
18 8
19 11
20 14
21 25
22 13
23 24
24 16
25 5
26 22
27 9
28 19
SIMILAR

9 1 20 18 19 7 28 15 10 22 17 21 11 0 24 27 23 12 2 14 3 6 25 5 16 26 4 8 13 
0 13
1 1
2 18
3 20
4 26
5 23
6 21
7 5
8 27
9 0
10 8
11 12
12 17
13 28
14 19
15 7
16 24
17 10
18 3
19 4
20 2
21 11
22 9
23 16
24 14
25 22
26 25
27 15
28 6
SIMILAR

0 18 15 26 5 28 24 14 6 2 9 22 23 27 7 21 11 19 1 8 12 17 25 10 4 20 3 13 16 
0 0
1 18
2 9
3 26
4 24
5 4
6 8
7 14
8 19
9 10
10 23
11 16
12 20
13 27
14 7
15 2
16 28
17 21
18 1
19 17
20 25
21 15
22 11
23 12
24 6
25 22
26 3
27 13
28 5
SIMILAR

18 13 10 19 23 17 6 15 14 4 9 16 22 5 25 26 0 24 8 12 21 1 7 11 3 27 20 28 2 
0 16
1 21
2 28
3 24
4 9
5 13
6 6
7 22
8 18
9 10
10 2
11 23
12 19
13 1
14 8
15 7
16 11
17 5
18 0
19 3
20 26
21 20
22 12
23 4
24 17
25 14
26 15
27 25
28 27
SIMILAR

27 11 28 16 25 6 13 2 7 12 20 8 26 17 1 24 0 21 15 4 3 10 18 5 19 22 9 23 14 
0 16
1 14
2 7
3 20
4 19
5 23
6 5
7 8
8 11
9 26
10 21
11 1
12 9
13 6
14 28
15 18
16 3
17 13
18 22
19 24
20 10
21 17
22 25
23 27
24 15
25 4
26 12
27 0
28 2
SIMILAR

14 25 5 10 18 22 7 19 16 9 26 28 20 23 8 6 3 0 27 21 12 1 4 15 11 13 24 17 2 
0 17
1 21
2 28
3 16
4 22
5 2
6 15
7 6
8 14
9 9
10 3
11 24
12 20
13 25
14 0
15 23
16 8
17 27
18 4
19 7
20 12
21 19
22 5
23 13
24 26
25 1
26 10
27 18
28 11
SIMILAR

1 15 17 19 26 4 16 25 5 21 28 24 14 7 2 10 13 6 9 23 8 0 3 11 20 27 22 18 12 
0 21
1 0
2 14
3 22
4 5
5 8
6 17
7 13
8 20
9 18
10 15
11 23
12 28
13 16
14 12
15 1
16 6
17 2
18 27
19 3
20 24
21 9
22 26
23 19
24 11
25 7
26 4
27 25
28 10
SIMILAR

18 17 10 2 5 9 19 15 1 22 24 28 20 23 6 7 27 21 14 26 25 0 4 16 3 13 12 11 8 
0 21
1 8
2 3
3 24
4 22
5 4
6 14
7 15
8 28
9 5
10 2
11 27
12 26
13 25
14 18
15 7
16 23
17 1
18 0
19 6
20 12
21 17
22 9
23 13
24 10
25 20
26 19
27 16
28 11
SIMILAR

26 17 13 18 5 19 12 21 7 9 10 24 16 25 28 22 11 0 20 4 14 6 2 8 23 3 1 27 15 
0 17
1 26
2 22
3 25
4 19
5 4
6 21
7 8
8 23
9 9
10 10
11 16
12 6
13 2
14 20
15 28
16 12
17 1
18 3
19 5
20 18
21 7
22 15
23 24
24 11
25 13
26 0
27 27
28 14
SIMILAR

15 19 26 6 11 8 24 10 4 12 7 13 16 17 14 2 28 20 21 5 9 1 25 27 0 3 18 22 23 
0 24
1 21
2 15
3 25
4 8
5 19
6 3
7 10
8 5
9 20
10 7
11 4
12 9
13 11
14 14
15 0
16 12
17 13
18 26
19 1
20 17
21 18
22 27
23 28
24 6
25 22
26 2
27 23
28 16
SIMILAR

22 18 16 11 0 21 1 10 3 15 23 2 28 9 26 19 24 5 17 27 25 6 4 13 14 8 20 12 7 
0 4
1 6
2 11
3 8
4 22
5 17
6 21
7 28
8 25
9 13
10 7
11 3
12 27
13 23
14 24
15 9
16 2
17 18
18 1
19 15
20 26
21 5
22 0
23 10
24 16
25 20
26 14
27 19
28 12
SIMILAR

24 11 10 26 15 20 21 4 12 23 13 18 22 6 28 8 9 19 17 16 27 3 25 0 7 2 14 1 5 
0 23
1 27
2 25
3 21
4 7
5 28
6 13
7 24
8 15
9 16
10 2
11 1
12 8
13 10
14 26
15 4
16 19
17 18
18 11
19 17
20 5
21 6
22 12
23 9
24 0
25 22
26 3
27 20
28 14
SIMILAR

13 20 15 8 27 26 17 1 0 11 21 7 6 18 25 5 4 9 19 12 2 3 10 24 14 16 23 22 28 
0 8
1 7
2 20
3 21
4 16
5 15
6 12
7 11
8 3
9 17
10 22
11 9
12 19
13 0
14 24
15 2
16 25
17 6
18 13
19 18
20 1
21 10
22 27
23 26
24 23
25 14
26 5
27 4
28 28
SIMILAR

21 18 0 17 20 1 7 28 10 27 9 15 23 14 5 11 22 4 3 19 16 8 24 6 25 12 2 26 13 
0 2
1 5
2 26
3 18
4 17
5 14
6 23
7 6
8 21
9 10
10 8
11 15
12 25
13 28
14 13
15 11
16 20
17 3
18 1
19 19
20 4
21 0
22 16
23 12
24 22
25 24
26 27
27 9
28 7
SIMILAR

25 22 1 16 23 20 6 5 11 27 12 28 4 0 21 10 7 13 14 15 19 24 3 26 9 18 8 2 17 
0 13
1 2
2 27
3 22
4 12
5 7
6 6
7 16
8 26
9 24
10 15
11 8
12 10
13 17
14 18
15 19
16 3
17 28
18 25
19 20
20 5
21 14
22 1
23 4
24 21
25 0
26 23
27 9
28 11
SIMILAR

4 20 0 19 24 2 10 1 15 28 13 11 25 5 16 14 9 6 3 8 22 18 12 26 23 7 17 21 27 
0 2
1 7
2 5
3 18
4 0
5 13
6 17
7 25
8 19
9 16
10 6
11 11
12 22
13 10
14 15
15 8
16 14
17 26
18 21
19 3
20 1
21 27
22 20
23 24
24 4
25 12
26 23
27 28
28 9
SIMILAR

11 2 6 25 23 5 20 26 28 19 8 12 0 27 15 13 14 21 10 9 24 3 18 16 17 4 7 22 1 
0 12
1 28
2 1
3 21
4 25
5 5
6 2
7 26
8 10
9 19
10 18
11 0
12 11
13 15
14 16
15 14
16 23
17 24
18 22
19 9
20 6
21 17
22 27
23 4
24 20
25 3
26 7
27 13
28 8
SIMILAR

18 23 19 5 14 22 11 12 21 2 28 6 7 4 17 25 3 24 13 1 8 27 16 9 0 10 20 26 15 
0 24
1 19
2 9
3 16
4 13
5 3
6 11
7 12
8 20
9 23
10 25
11 6
12 7
13 18
14 4
15 28
16 22
17 14
18 0
19 2
20 26
21 8
22 5
23 1
24 17
25 15
26 27
27 21
28 10
SIMILAR

28 11 3 2 25 22 27 26 15 20 16 6 19 21 5 17 10 8 9 13 7 12 18 4 23 0 24 1 14 
0 25
1 27
2 3
3 2
4 23
5 14
6 11
7 20
8 17
9 18
10 16
11 1
12 21
13 19
14 28
15 8
16 10
17 15
18 22
19 12
20 9
21 13
22 5
23 24
24 26
25 4
26 7
27 6
28 0
SIMILAR

18 10 9 3 12 24 16 8 6 15 2 23 7 13 26 28 27 5 22 21 11 14 4 17 1 19 0 25 20 
0 26
1 24
2 10
3 3
4 22
5 17
6 8
7 12
8 7
9 2
10 1
11 20
12 4
13 13
14 21
15 9
16 6
17 23
18 0
19 25
20 28
21 19
22 18
23 11
24 5
25 27
26 14
27 16
28 15
SIMILAR

2 23 6 8 19 15 13 18 20 22 4 9 25 5 16 7 27 10 24 12 14 21 3 0 11 17 1 26 28 
0 23
1 26
2 0
3 22
4 10
5 13
6 2
7 15
8 3
9 11
10 17
11 24
12 19
13 6
14 20
15 5
16 14
17 25
18 7
19 4
20 8
21 21
22 9
23 1
24 18
25 12
26 27
27 16
28 28
SIMILAR

12 26 23 25 8 10 14 11 6 7 15 1 13 18 21 24 19 27 0 16 4 2 5 9 28 20 3 17 22 
0 18
1 11
2 21
3 26
4 20
5 22
6 8
7 9
8 4
9 23
10 5
11 7
12 0
13 12
14 6
15 10
16 19
17 27
18 13
19 16
20 25
21 14
22 28
23 2
24 15
25 3
26 1
27 17
28 24
SIMILAR

8 5 19 21 7 23 6 11 4 22 12 16 17 1 14 28 24 27 2 3 9 0 13 26 20 10 18 25 15 
0 21
1 13
2 18
3 19
4 8
5 1
6 6
7 4
8 0
9 20
10 25
11 7
12 10
13 22
14 14
15 28
16 11
17 12
18 26
19 2
20 24
21 3
22 9
23 5
24 16
25 27
26 23
27 17
28 15
SIMILAR

23 13 12 25 1 24 15 17 19 22 28 26 8 27 6 11 16 4 18 9 0 14 2 3 10 20 5 7 21 
0 20
1 4
2 22
3 23
4 17
5 26
6 14
7 27
8 12
9 19
10 24
11 15
12 2
13 1
14 21
15 6
16 16
17 7
18 18
19 8
20 25
21 28
22 9
23 0
24 5
25 3
26 11
27 13
28 10
SIMILAR

10 24 11 4 22 19 3 17 28 21 25 2 1 14 18 26 27 0 9 8 6 23 20 16 7 12 13 5 15 
0 17
1 12
2 11
3 6
4 3
5 27
6 20
7 24
8 19
9 18
10 0
11 2
12 25
13 26
14 13
15 28
16 23
17 7
18 14
19 5
20 22
21 9
22 4
23 21
24 1
25 10
26 15
27 16
28 8
SIMILAR

22 14 24 11 7 9 5 13 4 23 21 20 12 1 28 10 16 3 25 18 15 2 26 0 8 17 27 6 19 
0 23
1 13
2 21
3 17
4 8
5 6
6 27
7 4
8 24
9 5
10 15
11 3
12 12
13 7
14 1
15 20
16 16
17 25
18 19
19 28
20 11
21 10
22 0
23 9
24 2
25 18
26 22
27 26
28 14
SIMILAR

14 28 25 6 2 11 4 1 12 13 20 9 27 8 19 10 17 23 18 15 0 7 22 26 24 21 5 16 3 
0 20
1 7
2 4
3 28
4 6
5 26
6 3
7 21
8 13
9 11
10 15
11 5
12 8
13 9
14 0
15 19
16 27
17 16
18 18
19 14
20 10
21 25
22 22
23 17
24 24
25 2
26 23
27 12
28 1
SIMILAR
100 0
7100 0
257100 0
