29
0 0 1 1 1 1 1 1 1 1 0 1 1 0 0 1 1 1 0 1 0 0 1 0 1 1 0 0 1 
0 0 1 0 1 1 1 0 0 0 0 1 0 1 1 0 1 1 0 1 1 1 1 1 0 1 0 0 0 
1 1 0 1 0 0 0 0 1 1 0 1 1 0 0 0 1 1 1 1 1 0 0 1 0 0 1 1 0 
1 0 1 0 1 1 1 0 1 1 0 0 0 0 0 0 0 0 0 0 0 0 1 0 0 1 1 1 1 
1 1 0 1 0 0 0 1 1 1 0 0 1 1 1 1 0 1 1 1 0 1 0 1 1 0 1 0 1 
1 1 0 1 0 0 0 0 0 0 0 1 0 1 0 1 1 0 0 0 0 1 0 1 1 1 0 1 1 
1 1 0 1 0 0 0 1 1 1 0 0 1 1 0 0 1 0 0 1 1 0 1 0 0 0 0 1 1 
1 0 0 0 1 0 1 0 1 0 0 0 1 0 0 0 0 0 1 0 1 1 0 1 1 1 0 1 1 
1 0 1 1 1 0 1 1 0 0 1 1 1 0 0 1 1 1 1 1 1 1 0 1 0 1 1 0 1 
1 0 1 1 1 0 1 0 0 0 0 1 0 0 1 0 0 0 1 0 0 1 0 0 1 0 0 1 1 
0 0 0 0 0 0 0 0 1 0 0 0 0 1 1 0 0 0 1 0 1 0 0 0 0 0 1 1 0 
1 1 1 0 0 1 0 0 1 1 0 0 0 1 1 1 1 0 0 0 0 0 1 0 0 1 0 1 1 
1 0 1 0 1 0 1 1 1 0 0 0 0 0 0 1 0 0 0 1 1 1 0 1 1 0 0 0 1 
0 1 0 0 1 1 1 0 0 0 1 1 0 0 0 1 0 0 0 1 0 1 0 0 0 1 0 1 0 
0 1 0 0 1 0 0 0 0 1 1 1 0 0 0 0 1 0 0 1 1 1 1 0 0 0 0 0 1 
1 0 0 0 1 1 0 0 1 0 0 1 1 1 0 0 1 0 1 1 0 1 0 0 1 1 0 0 1 
1 1 1 0 0 1 1 0 1 0 0 1 0 0 1 1 0 1 0 0 0 1 0 0 1 1 0 0 1 
1 1 1 0 1 0 0 0 1 0 0 0 0 0 0 0 1 0 0 0 0 0 0 1 0 1 0 1 1 
0 0 1 0 1 0 0 1 1 1 1 0 0 0 0 1 0 0 0 1 1 0 0 0 1 0 1 0 0 
1 1 1 0 1 0 1 0 1 0 0 0 1 1 1 1 0 0 1 0 0 1 0 1 0 0 0 0 0 
0 1 1 0 0 0 1 1 1 0 1 0 1 0 1 0 0 0 1 0 0 1 0 1 1 1 1 1 1 
0 1 0 0 1 1 0 1 1 1 0 0 1 1 1 1 1 0 0 1 1 0 1 1 0 1 0 1 0 
1 1 0 1 0 0 1 0 0 0 0 1 0 0 1 0 0 0 0 0 0 1 0 0 0 0 1 1 0 
0 1 1 0 1 1 0 1 1 0 0 0 1 0 0 0 0 1 0 1 1 1 0 0 0 1 1 0 0 
1 0 0 0 1 1 0 1 0 1 0 0 1 0 0 1 1 0 1 0 1 0 0 0 0 1 0 0 1 
1 1 0 1 0 1 0 1 1 0 0 1 0 1 0 1 1 1 0 0 1 1 0 1 1 0 1 0 0 
0 0 1 1 1 0 0 0 1 0 1 0 0 0 0 0 0 0 1 0 1 0 1 1 0 1 0 0 0 
0 0 1 1 0 1 1 1 0 1 1 1 0 1 0 0 0 1 0 0 1 1 1 0 0 0 0 0 0 
1 0 0 1 1 1 1 1 1 1 0 1 1 0 1 1 1 1 0 0 1 0 0 0 1 0 0 0 0 

5 1 4 24 22 3 27 6 15 19 10 17 28 18 21 20 7 12 14 9 16 11 8 0 25 23 13 26 2 
0 23
1 1
2 28
3 5
4 2
5 0
6 7
7 16
8 22
9 19
10 10
11 21
12 17
13 26
14 18
15 8
16 20
17 11
18 13
19 9
20 15
21 14
22 4
23 25
24 3
25 24
26 27
27 6
28 12
SIMILAR

22 9 21 2 25 28 8 0 3 10 11 26 5 18 14 17 16 7 27 19 13 15 24 4 23 12 6 20 1 
0 7
1 28
2 3
3 8
4 23
5 12
6 26
7 17
8 6
9 1
10 9
11 10
12 25
13 20
14 14
15 21
16 16
17 15
18 13
19 19
20 27
21 2
22 0
23 24
24 22
25 4
26 11
27 18
28 5
SIMILAR

0 20 24 12 27 9 18 25 23 22 14 17 15 11 21 6 1 8 26 19 16 2 10 28 4 3 5 13 7 
0 0
1 16
2 21
3 25
4 24
5 26
6 15
7 28
8 17
9 5
10 22
11 13
12 3
13 27
14 10
15 12
16 20
17 11
18 6
19 19
20 1
21 14
22 9
23 8
24 2
25 7
26 18
27 4
28 23
SIMILAR

4 18 28 16 15 10 24 7 9 21 2 22 11 17 14 23 1 20 0 13 12 19 25 8 6 26 3 27 5 
0 18
1 16
2 10
3 26
4 0
5 28
6 24
7 7
8 23
9 8
10 5
11 12
12 20
13 19
14 14
15 4
16 3
17 13
18 1
19 21
20 17
21 9
22 11
23 15
24 6
25 22
26 25
27 27
28 2
SIMILAR

19 1 28 17 22 4 12 21 25 27 3 10 20 0 11 2 7 9 14 16 5 23 8 18 15 24 6 13 26 
0 13
1 1
2 15
3 10
4 5
5 20
6 26
7 16
8 22
9 17
10 11
11 14
12 6
13 27
14 18
15 24
16 19
17 3
18 23
19 0
20 12
21 7
22 4
23 21
24 25
25 8
26 28
27 9
28 2
SIMILAR

9 16 10 27 20 25 11 24 5 23 26 13 3 15 6 17 0 21 19 28 8 2 18 7 4 22 14 12 1 
0 16
1 28
2 21
3 12
4 24
5 8
6 14
7 23
8 20
9 0
10 2
11 6
12 27
13 11
14 26
15 13
16 1
17 15
18 22
19 18
20 4
21 17
22 25
23 9
24 7
25 5
26 10
27 3
28 19
SIMILAR

6 12 17 21 22 25 13 24 9 5 7 18 28 10 15 19 3 14 20 8 16 11 26 1 0 4 23 2 27 
0 24
1 23
2 27
3 16
4 25
5 9
6 0
7 10
8 19
9 8
10 13
11 21
12 1
13 6
14 17
15 14
16 20
17 2
18 11
19 15
20 18
21 3
22 4
23 26
24 7
25 5
26 22
27 28
28 12
SIMILAR

10 18 16 6 22 23 4 21 19 17 1 8 24 15 20 12 2 14 25 5 3 7 27 0 13 11 26 28 9 
0 23
1 10
2 16
3 20
4 6
5 19
6 3
7 21
8 11
9 28
10 0
11 25
12 15
13 24
14 17
15 13
16 2
17 9
18 1
19 8
20 14
21 7
22 4
23 5
24 12
25 18
26 26
27 22
28 27
SIMILAR

14 15 2 20 0 3 5 27 26 28 18 12 9 8 22 10 16 17 1 25 7 21 13 19 6 4 11 24 23 
0 4
1 18
2 2
3 5
4 25
5 6
6 24
7 20
8 13
9 12
10 15
11 26
12 11
13 22
14 0
15 1
16 16
17 17
18 10
19 23
20 3
21 21
22 14
23 28
24 27
25 19
26 8
27 7
28 9
SIMILAR

16 5 11 8 10 6 24 25 23 15 19 21 3 9 12 27 22 2 18 17 1 14 28 20 13 4 26 0 7 
0 27
1 20
2 17
3 12
4 25
5 1
6 5
7 28
8 3
9 13
10 4
11 2
12 14
13 24
14 21
15 9
16 0
17 19
18 18
19 10
20 23
21 11
22 16
23 8
24 6
25 7
26 26
27 15
28 22
SIMILAR

26 3 28 21 7 12 2 25 23 5 11 10 24 18 27 1 6 17 22 8 20 0 14 4 15 19 16 9 13 
0 21
1 15
2 6
3 1
4 23
5 9
6 16
7 4
8 19
9 27
10 11
11 10
12 5
13 28
14 22
15 24
16 26
17 17
18 13
19 25
20 20
21 3
22 18
23 8
24 12
25 7
26 0
27 14
28 2
SIMILAR

2 6 15 20 3 4 8 0 14 5 23 18 27 28 19 22 26 11 13 16 24 21 17 10 7 25 1 9 12 
0 7
1 26
2 0
3 4
4 5
5 9
6 1
7 24
8 6
9 27
10 23
11 17
12 28
13 18
14 8
15 2
16 19
17 22
18 11
19 14
20 3
21 21
22 15
23 10
24 20
25 25
26 16
27 12
28 13
SIMILAR

11 2 13 17 16 14 27 15 23 0 21 1 26 18 4 3 22 20 10 12 6 19 9 28 5 24 7 25 8 
0 9
1 11
2 1
3 15
4 14
5 24
6 20
7 26
8 28
9 22
10 18
11 0
12 19
13 2
14 5
15 7
16 4
17 3
18 13
19 21
20 17
21 10
22 16
23 8
24 25
25 27
26 12
27 6
28 23
SIMILAR

8 27 1 17 13 21 9 23 19 0 12 24 22 15 25 3 2 26 14 6 7 4 20 10 11 18 16 28 5 
0 9
1 2
2 16
3 15
4 21
5 28
6 19
7 20
8 0
9 6
10 23
11 24
12 10
13 4
14 18
15 13
16 26
17 3
18 25
19 8
20 22
21 5
22 12
23 7
24 11
25 14
26 17
27 1
28 27
SIMILAR

9 23 2 19 3 28 21 6 0 20 4 26 27 12 7 25 15 8 18 22 13 17 14 5 1 24 10 16 11 
0 8
1 24
2 2
3 4
4 10
5 23
6 7
7 14
8 17
9 0
10 26
11 28
12 13
13 20
14 22
15 16
16 27
17 21
18 18
19 3
20 9
21 6
22 19
23 1
24 25
25 15
26 11
27 12
28 5
SIMILAR

14 22 20 19 11 10 5 4 1 18 2 13 7 24 26 12 6 9 23 3 15 0 27 17 21 16 8 28 25 
0 21
1 8
2 10
3 19
4 7
5 6
6 16
7 12
8 26
9 17
10 5
11 4
12 15
13 11
14 0
15 20
16 25
17 23
18 9
19 3
20 2
21 24
22 1
23 18
24 13
25 28
26 14
27 22
28 27
SIMILAR

0 9 6 17 25 4 28 24 12 8 14 3 21 16 13 20 18 1 11 27 5 10 7 2 23 26 15 22 19 
0 0
1 17
2 23
3 11
4 5
5 20
6 2
7 22
8 9
9 1
10 21
11 18
12 8
13 14
14 10
15 26
16 13
17 3
18 16
19 28
20 15
21 12
22 27
23 24
24 7
25 4
26 25
27 19
28 6
SIMILAR

12 7 8 21 9 25 19 15 14 6 1 28 13 23 4 26 20 17 3 24 10 0 11 16 22 27 2 5 18 
0 21
1 10
2 26
3 18
4 14
5 27
6 9
7 1
8 2
9 4
10 20
11 22
12 0
13 12
14 8
15 7
16 23
17 17
18 28
19 6
20 16
21 3
22 24
23 13
24 19
25 5
26 15
27 25
28 11
SIMILAR

5 10 4 1 20 12 0 11 19 21 16 14 27 15 9 28 7 22 25 6 3 13 18 8 26 17 2 23 24 
0 6
1 3
2 26
3 20
4 2
5 0
6 19
7 16
8 23
9 14
10 1
11 7
12 5
13 21
14 11
15 13
16 10
17 25
18 22
19 8
20 4
21 9
22 17
23 27
24 28
25 18
26 24
27 12
28 15
SIMILAR

18 23 4 22 15 0 8 9 17 5 28 1 26 27 19 11 21 20 3 10 2 25 16 7 13 14 24 6 12 
0 5
1 11
2 20
3 18
4 2
5 9
6 27
7 23
8 6
9 7
10 19
11 15
12 28
13 24
14 25
15 4
16 22
17 8
18 0
19 14
20 17
21 16
22 3
23 1
24 26
25 21
26 12
27 13
28 10
SIMILAR

27 12 14 21 28 3 22 17 18 10 2 20 23 1 0 7 5 26 9 6 16 25 11 4 15 13 8 19 24 
0 14
1 13
2 10
3 5
4 23
5 16
6 19
7 15
8 26
9 18
10 9
11 22
12 1
13 25
14 2
15 24
16 20
17 7
18 8
19 27
20 11
21 3
22 6
23 12
24 28
25 21
26 17
27 0
28 4
SIMILAR

7 5 12 23 19 22 26 15 18 11 16 28 6 14 24 27 0 25 1 3 20 8 10 17 2 21 4 13 9 
0 16
1 18
2 24
3 19
4 26
5 1
6 12
7 0
8 21
9 28
10 22
11 9
12 2
13 27
14 13
15 7
16 10
17 23
18 8
19 4
20 20
21 25
22 5
23 3
24 14
25 17
26 6
27 15
28 11
SIMILAR

17 26 27 8 10 28 3 13 5 15 24 19 2 12 0 16 23 7 21 20 25 6 22 18 4 1 14 11 9 
0 14
1 25
2 12
3 6
4 24
5 8
6 21
7 17
8 3
9 28
10 4
11 27
12 13
13 7
14 26
15 9
16 15
17 0
18 23
19 11
20 19
21 18
22 22
23 16
24 10
25 20
26 1
27 2
28 5
SIMILAR

17 28 1 20 22 0 11 10 15 25 12 18 7 19 27 14 21 24 5 9 6 3 4 2 8 26 13 23 16 
0 5
1 2
2 23
3 21
4 22
5 18
6 20
7 12
8 24
9 19
10 7
11 6
12 10
13 26
14 15
15 8
16 28
17 0
18 11
19 13
20 3
21 16
22 4
23 27
24 17
25 9
26 25
27 14
28 1
SIMILAR

22 13 5 3 24 27 11 26 18 20 6 10 14 19 7 28 9 21 23 0 4 1 16 25 12 8 17 15 2 
0 19
1 21
2 28
3 3
4 20
5 2
6 10
7 14
8 25
9 16
10 11
11 6
12 24
13 1
14 12
15 27
16 22
17 26
18 8
19 13
20 9
21 17
22 0
23 18
24 4
25 23
26 7
27 5
28 15
SIMILAR

19 20 2 27 14 1 28 22 13 7 16 26 10 5 21 3 4 18 6 17 0 8 12 11 15 25 23 24 9 
0 20
1 5
2 2
3 15
4 16
5 13
6 18
7 9
8 21
9 28
10 12
11 23
12 22
13 8
14 4
15 24
16 10
17 19
18 17
19 0
20 1
21 14
22 7
23 26
24 27
25 25
26 11
27 3
28 6
SIMILAR

14 11 17 15 8 5 20 4 13 3 27 1 21 10 9 26 24 6 16 2 0 23 22 7 12 18 28 25 19 
0 20
1 11
2 19
3 9
4 7
5 5
6 17
7 23
8 4
9 14
10 13
11 1
12 24
13 8
14 0
15 3
16 18
17 2
18 25
19 28
20 6
21 12
22 22
23 21
24 16
25 27
26 15
27 10
28 26
SIMILAR

13 28 18 6 16 23 5 15 17 21 19 4 0 27 24 11 1 26 2 20 7 8 14 10 22 3 12 25 9 
0 12
1 16
2 18
3 25
4 11
5 6
6 3
7 20
8 21
9 28
10 23
11 15
12 26
13 0
14 22
15 7
16 4
17 8
18 2
19 10
20 19
21 9
22 24
23 5
24 14
25 27
26 17
27 13
28 1
SIMILAR

23 19 21 2 28 3 17 15 18 9 26 13 7 10 0 4 27 1 6 20 14 24 22 25 8 12 5 11 16 
0 14
1 17
2 3
3 5
4 15
5 26
6 18
7 12
8 24
9 9
10 13
11 27
12 25
13 11
14 20
15 7
16 28
17 6
18 8
19 1
20 19
21 2
22 22
23 0
24 21
25 23
26 10
27 16
28 4
SIMILAR

22 17 21 10 20 14 26 18 3 24 13 12 25 8 27 5 16 7 4 28 1 9 0 6 11 2 15 23 19 
0 22
1 20
2 25
3 8
4 18
5 15
6 23
7 17
8 13
9 21
10 3
11 24
12 11
13 10
14 5
15 26
16 16
17 1
18 7
19 28
20 4
21 2
22 0
23 27
24 9
25 12
26 6
27 14
28 19
SIMILAR

14 8 17 19 11 6 24 25 9 5 13 7 15 23 4 27 1 20 2 16 26 0 21 10 18 3 22 12 28 
0 21
1 16
2 18
3 25
4 14
5 9
6 5
7 11
8 1
9 8
10 23
11 4
12 27
13 10
14 0
15 12
16 19
17 2
18 24
19 3
20 17
21 22
22 26
23 13
24 6
25 7
26 20
27 15
28 28
SIMILAR

12 2 15 21 13 6 9 27 0 26 22 11 25 16 23 7 20 28 10 24 4 17 8 1 18 14 19 3 5 
0 8
1 23
2 1
3 27
4 20
5 28
6 5
7 15
8 22
9 6
10 18
11 11
12 0
13 4
14 25
15 2
16 13
17 21
18 24
19 26
20 16
21 3
22 10
23 14
24 19
25 12
26 9
27 7
28 17
SIMILAR

13 5 18 11 8 9 23 14 2 1 25 22 7 17 24 6 27 10 28 19 16 20 4 3 26 15 12 0 21 
0 27
1 9
2 8
3 23
4 22
5 1
6 15
7 12
8 4
9 5
10 17
11 3
12 26
13 0
14 7
15 25
16 20
17 13
18 2
19 19
20 21
21 28
22 11
23 6
24 14
25 10
26 24
27 16
28 18
SIMILAR

15 22 2 25 5 11 23 13 7 20 3 18 16 28 9 10 4 19 1 12 8 0 21 6 26 27 14 17 24 
0 21
1 18
2 2
3 10
4 16
5 4
6 23
7 8
8 20
9 14
10 15
11 5
12 19
13 7
14 26
15 0
16 12
17 27
18 11
19 17
20 9
21 22
22 1
23 6
24 28
25 3
26 24
27 25
28 13
SIMILAR

13 0 12 8 17 3 20 9 25 27 7 21 15 1 26 28 23 4 22 18 10 14 11 16 19 2 6 5 24 
0 1
1 13
2 25
3 5
4 17
5 27
6 26
7 10
8 3
9 7
10 20
11 22
12 2
13 0
14 21
15 12
16 23
17 4
18 19
19 24
20 6
21 11
22 18
23 16
24 28
25 8
26 14
27 9
28 15
SIMILAR

5 24 20 15 0 18 2 28 1 13 19 14 9 22 27 11 16 17 10 21 3 12 23 25 8 4 7 6 26 
0 4
1 8
2 6
3 20
4 25
5 0
6 27
7 26
8 24
9 12
10 18
11 15
12 21
13 9
14 11
15 3
16 16
17 17
18 5
19 10
20 2
21 19
22 13
23 22
24 1
25 23
26 28
27 14
28 7
SIMILAR

11 10 9 21 6 13 18 4 25 20 16 5 23 3 15 8 17 27 26 2 1 7 24 0 12 14 19 28 22 
0 23
1 20
2 19
3 13
4 7
5 11
6 4
7 21
8 15
9 2
10 1
11 0
12 24
13 5
14 25
15 14
16 10
17 16
18 6
19 26
20 9
21 3
22 28
23 12
24 22
25 8
26 18
27 17
28 27
SIMILAR

25 20 15 19 21 9 8 1 18 2 6 24 12 22 23 3 5 17 10 27 0 26 13 16 4 14 7 28 11 
0 20
1 7
2 9
3 15
4 24
5 16
6 10
7 26
8 6
9 5
10 18
11 28
12 12
13 22
14 25
15 2
16 23
17 17
18 8
19 3
20 1
21 4
22 13
23 14
24 11
25 0
26 21
27 19
28 27
SIMILAR

13 4 7 2 20 27 19 6 3 11 21 16 25 8 14 22 1 5 17 28 23 0 15 24 18 12 26 9 10 
0 21
1 16
2 3
3 8
4 1
5 17
6 7
7 2
8 13
9 27
10 28
11 9
12 25
13 0
14 14
15 22
16 11
17 18
18 24
19 6
20 4
21 10
22 15
23 20
24 23
25 12
26 26
27 5
28 19
SIMILAR

4 25 18 13 15 11 6 7 26 8 12 0 16 24 14 23 20 28 9 19 22 2 10 17 5 1 21 27 3 
0 11
1 25
2 21
3 28
4 0
5 24
6 6
7 7
8 9
9 18
10 22
11 5
12 10
13 3
14 14
15 4
16 12
17 23
18 2
19 19
20 16
21 26
22 20
23 15
24 13
25 1
26 8
27 27
28 17
SIMILAR

20 27 21 1 11 6 19 8 23 12 7 3 16 24 22 5 10 26 4 15 2 28 17 13 25 18 14 9 0 
0 28
1 3
2 20
3 11
4 18
5 15
6 5
7 10
8 7
9 27
10 16
11 4
12 9
13 23
14 26
15 19
16 12
17 22
18 25
19 6
20 0
21 2
22 14
23 8
24 13
25 24
26 17
27 1
28 21
SIMILAR

9 11 19 27 23 18 1 16 7 17 25 12 28 20 5 6 8 13 2 4 22 10 21 0 14 24 15 26 3 
0 23
1 6
2 18
3 28
4 19
5 14
6 15
7 8
8 16
9 0
10 21
11 1
12 11
13 17
14 24
15 26
16 7
17 9
18 5
19 2
20 13
21 22
22 20
23 4
24 25
25 10
26 27
27 3
28 12
SIMILAR

4 20 24 17 7 22 5 10 8 21 14 9 25 19 27 15 28 1 0 2 13 16 18 11 6 12 26 3 23 
0 18
1 17
2 19
3 27
4 0
5 6
6 24
7 4
8 8
9 11
10 7
11 23
12 25
13 20
14 10
15 15
16 21
17 3
18 22
19 13
20 1
21 9
22 5
23 28
24 2
25 12
26 26
27 14
28 16
SIMILAR

0 22 3 9 4 2 15 8 17 11 23 5 13 26 19 24 28 6 25 10 1 21 16 14 20 27 7 18 12 
0 0
1 20
2 5
3 2
4 4
5 11
6 17
7 26
8 7
9 3
10 19
11 9
12 28
13 12
14 23
15 6
16 22
17 8
18 27
19 14
20 24
21 21
22 1
23 10
24 15
25 18
26 13
27 25
28 16
SIMILAR

1 13 6 3 23 0 22 20 28 15 18 5 19 12 21 27 25 8 11 2 16 7 9 10 26 4 24 17 14 
0 5
1 0
2 19
3 3
4 25
5 11
6 2
7 21
8 17
9 22
10 23
11 18
12 13
13 1
14 28
15 9
16 20
17 27
18 10
19 12
20 7
21 14
22 6
23 4
24 26
25 16
26 24
27 15
28 8
SIMILAR

8 1 13 22 2 23 6 21 24 20 18 12 5 3 27 17 0 25 16 11 10 19 28 26 15 9 4 7 14 
0 16
1 1
2 4
3 13
4 26
5 12
6 6
7 27
8 0
9 25
10 20
11 19
12 11
13 2
14 28
15 24
16 18
17 15
18 10
19 21
20 9
21 7
22 3
23 5
24 8
25 17
26 23
27 14
28 22
SIMILAR

19 26 27 20 9 17 23 25 24 5 18 13 21 6 0 12 10 11 1 3 22 16 15 4 28 14 2 7 8 
0 14
1 18
2 26
3 19
4 23
5 9
6 13
7 27
8 28
9 4
10 16
11 17
12 15
13 11
14 25
15 22
16 21
17 5
18 10
19 0
20 3
21 12
22 20
23 6
24 8
25 7
26 1
27 2
28 24
SIMILAR

1 2 28 10 21 11 23 22 17 13 20 16 14 26 24 3 18 27 4 19 0 12 8 5 15 25 6 9 7 
0 20
1 0
2 1
3 15
4 18
5 23
6 26
7 28
8 22
9 27
10 3
11 5
12 21
13 9
14 12
15 24
16 11
17 8
18 16
19 19
20 10
21 4
22 7
23 6
24 14
25 25
26 13
27 17
28 2
SIMILAR

24 4 13 15 28 9 25 3 17 22 27 10 23 6 12 1 5 21 18 20 14 7 19 2 11 26 0 16 8 
0 26
1 15
2 23
3 7
4 1
5 16
6 13
7 21
8 28
9 5
10 11
11 24
12 14
13 2
14 20
15 3
16 27
17 8
18 18
19 22
20 19
21 17
22 9
23 12
24 0
25 6
26 25
27 10
28 4
SIMILAR

5 23 27 19 24 13 9 18 3 2 4 15 16 6 0 17 22 25 1 20 28 26 11 10 7 21 12 14 8 
0 14
1 18
2 9
3 8
4 10
5 0
6 13
7 24
8 28
9 6
10 23
11 22
12 26
13 5
14 27
15 11
16 12
17 15
18 7
19 3
20 19
21 25
22 16
23 1
24 4
25 17
26 21
27 2
28 20
SIMILAR

0 9 25 27 24 7 6 4 19 2 22 26 13 16 15 14 20 11 3 10 17 28 21 8 5 12 1 18 23 
0 0
1 26
2 9
3 18
4 7
5 24
6 6
7 5
8 23
9 1
10 19
11 17
12 25
13 12
14 15
15 14
16 13
17 20
18 27
19 8
20 16
21 22
22 10
23 28
24 4
25 2
26 11
27 3
28 21
SIMILAR

22 5 2 16 14 9 15 8 18 1 13 10 23 24 21 0 12 20 3 7 17 28 19 11 27 25 26 4 6 
0 15
1 9
2 2
3 18
4 27
5 1
6 28
7 19
8 7
9 5
10 11
11 23
12 16
13 10
14 4
15 6
16 3
17 20
18 8
19 22
20 17
21 14
22 0
23 12
24 13
25 25
26 26
27 24
28 21
SIMILAR

13 21 17 9 0 27 2 19 20 12 18 25 11 26 28 10 4 14 1 15 3 6 5 22 23 16 8 24 7 
0 4
1 18
2 6
3 20
4 16
5 22
6 21
7 28
8 26
9 3
10 15
11 12
12 9
13 0
14 17
15 19
16 25
17 2
18 10
19 7
20 8
21 1
22 23
23 24
24 27
25 11
26 13
27 5
28 14
SIMILAR

15 9 6 12 5 1 25 21 26 18 17 19 23 0 27 7 4 20 22 11 13 16 2 8 10 14 28 3 24 
0 13
1 5
2 22
3 27
4 16
5 4
6 2
7 15
8 23
9 1
10 24
11 19
12 3
13 20
14 25
15 0
16 21
17 10
18 9
19 11
20 17
21 7
22 18
23 12
24 28
25 6
26 8
27 14
28 26
SIMILAR

19 24 12 27 8 13 6 9 22 5 4 23 18 20 26 14 11 21 16 28 0 10 15 3 1 25 7 2 17 
0 20
1 24
2 27
3 23
4 10
5 9
6 6
7 26
8 4
9 7
10 21
11 16
12 2
13 5
14 15
15 22
16 18
17 28
18 12
19 0
20 13
21 17
22 8
23 11
24 1
25 25
26 14
27 3
28 19
SIMILAR

22 5 4 2 8 15 16 17 24 27 18 21 13 7 6 10 1 12 3 9 25 23 14 20 28 26 0 11 19 
0 26
1 16
2 3
3 18
4 2
5 1
6 14
7 13
8 4
9 19
10 15
11 27
12 17
13 12
14 22
15 5
16 6
17 7
18 10
19 28
20 23
21 11
22 0
23 21
24 8
25 20
26 25
27 9
28 24
SIMILAR

28 7 12 23 9 13 1 27 21 3 18 15 5 10 4 6 14 24 0 25 17 22 20 26 2 11 16 19 8 
0 18
1 6
2 24
3 9
4 14
5 12
6 15
7 1
8 28
9 4
10 13
11 25
12 2
13 5
14 16
15 11
16 26
17 20
18 10
19 27
20 22
21 8
22 21
23 3
24 17
25 19
26 23
27 7
28 0
SIMILAR

10 24 25 9 19 0 6 3 27 4 20 12 26 13 1 17 8 16 14 11 2 18 21 23 5 28 7 15 22 
0 5
1 14
2 20
3 7
4 9
5 24
6 6
7 26
8 16
9 3
10 0
11 19
12 11
13 13
14 18
15 27
16 17
17 15
18 21
19 4
20 10
21 22
22 28
23 23
24 1
25 2
26 12
27 8
28 25
SIMILAR

9 6 4 2 0 19 8 10 13 1 23 15 28 12 20 5 27 16 21 26 3 14 11 24 17 7 25 22 18 
0 4
1 9
2 3
3 20
4 2
5 15
6 1
7 25
8 6
9 0
10 7
11 22
12 13
13 8
14 21
15 11
16 17
17 24
18 28
19 5
20 14
21 18
22 27
23 10
24 23
25 26
26 19
27 16
28 12
SIMILAR

23 2 3 12 5 0 22 16 15 14 11 9 27 1 21 17 26 13 28 8 24 18 19 20 25 10 6 4 7 
0 5
1 13
2 1
3 2
4 27
5 4
6 26
7 28
8 19
9 11
10 25
11 10
12 3
13 17
14 9
15 8
16 7
17 15
18 21
19 22
20 23
21 14
22 6
23 0
24 20
25 24
26 16
27 12
28 18
SIMILAR

14 10 28 24 22 1 21 6 9 3 0 12 5 17 19 23 20 15 8 13 2 16 7 4 18 25 26 27 11 
0 10
1 5
2 20
3 9
4 23
5 12
6 7
7 22
8 18
9 8
10 1
11 28
12 11
13 19
14 0
15 17
16 21
17 13
18 24
19 14
20 16
21 6
22 4
23 15
24 3
25 25
26 26
27 27
28 2
SIMILAR

23 19 4 21 17 18 0 7 11 20 3 15 12 16 13 1 14 22 28 25 5 24 8 2 26 9 10 27 6 
0 6
1 15
2 23
3 10
4 2
5 20
6 28
7 7
8 22
9 25
10 26
11 8
12 12
13 14
14 16
15 11
16 13
17 4
18 5
19 1
20 9
21 3
22 17
23 0
24 21
25 19
26 24
27 27
28 18
SIMILAR

18 11 22 25 15 1 27 8 2 14 24 17 20 6 0 16 3 23 13 4 21 12 5 26 7 9 19 28 10 
0 14
1 5
2 8
3 16
4 19
5 22
6 13
7 24
8 7
9 25
10 28
11 1
12 21
13 18
14 9
15 4
16 15
17 11
18 0
19 26
20 12
21 20
22 2
23 17
24 10
25 3
26 23
27 6
28 27
SIMILAR

23 9 14 10 15 17 26 8 0 5 28 27 21 7 4 3 13 22 2 24 11 12 19 18 16 1 20 6 25 
0 8
1 25
2 18
3 15
4 14
5 9
6 27
7 13
8 7
9 1
10 3
11 20
12 21
13 16
14 2
15 4
16 24
17 5
18 23
19 22
20 26
21 12
22 17
23 0
24 19
25 28
26 6
27 11
28 10
SIMILAR

5 27 8 26 2 13 10 21 22 0 1 23 14 18 16 3 25 24 15 20 6 17 11 7 4 9 28 19 12 
0 9
1 10
2 4
3 15
4 24
5 0
6 20
7 23
8 2
9 25
10 6
11 22
12 28
13 5
14 12
15 18
16 14
17 21
18 13
19 27
20 19
21 7
22 8
23 11
24 17
25 16
26 3
27 1
28 26
SIMILAR

3 2 19 7 1 22 4 24 8 12 16 28 14 9 23 21 0 11 17 15 27 26 25 20 18 6 13 5 10 
0 16
1 4
2 1
3 0
4 6
5 27
6 25
7 3
8 8
9 13
10 28
11 17
12 9
13 26
14 12
15 19
16 10
17 18
18 24
19 2
20 23
21 15
22 5
23 14
24 7
25 22
26 21
27 20
28 11
SIMILAR

17 13 21 5 3 6 7 25 18 24 23 1 2 19 26 28 0 15 8 4 20 11 12 16 22 27 10 14 9 
0 16
1 11
2 12
3 4
4 19
5 3
6 5
7 6
8 18
9 28
10 26
11 21
12 22
13 1
14 27
15 17
16 23
17 0
18 8
19 13
20 20
21 2
22 24
23 10
24 9
25 7
26 14
27 25
28 15
SIMILAR

21 13 27 11 6 16 20 9 17 2 14 1 22 12 5 28 8 25 18 26 3 10 23 0 4 19 15 24 7 
0 23
1 11
2 9
3 20
4 24
5 14
6 4
7 28
8 16
9 7
10 21
11 3
12 13
13 1
14 10
15 26
16 5
17 8
18 18
19 25
20 6
21 0
22 12
23 22
24 27
25 17
26 19
27 2
28 15
SIMILAR

8 15 24 14 17 25 4 1 11 0 12 9 28 2 3 23 26 7 27 19 6 16 5 18 13 10 20 22 21 
0 9
1 7
2 13
3 14
4 6
5 22
6 20
7 17
8 0
9 11
10 25
11 8
12 10
13 24
14 3
15 1
16 21
17 4
18 23
19 19
20 26
21 28
22 27
23 15
24 2
25 5
26 16
27 18
28 12
SIMILAR

13 25 19 26 14 7 23 22 0 28 8 20 16 2 4 12 15 21 18 17 24 27 1 3 11 5 10 9 6 
0 8
1 22
2 13
3 23
4 14
5 25
6 28
7 5
8 10
9 27
10 26
11 24
12 15
13 0
14 4
15 16
16 12
17 19
18 18
19 2
20 11
21 17
22 7
23 6
24 20
25 1
26 3
27 21
28 9
SIMILAR

3 8 13 5 12 7 6 24 19 23 0 17 16 15 14 28 11 9 18 21 26 25 2 10 27 4 20 1 22 
0 10
1 27
2 22
3 0
4 25
5 3
6 6
7 5
8 1
9 17
10 23
11 16
12 4
13 2
14 14
15 13
16 12
17 11
18 18
19 8
20 26
21 19
22 28
23 9
24 7
25 21
26 20
27 24
28 15
SIMILAR

7 0 14 20 25 26 13 21 16 4 22 17 11 3 19 27 5 9 10 8 1 15 23 18 2 28 24 6 12 
0 1
1 20
2 24
3 13
4 9
5 16
6 27
7 0
8 19
9 17
10 18
11 12
12 28
13 6
14 2
15 21
16 8
17 11
18 23
19 14
20 3
21 7
22 10
23 22
24 26
25 4
26 5
27 15
28 25
SIMILAR

27 8 5 0 2 25 1 24 22 9 21 26 12 16 23 13 10 3 28 19 6 20 15 7 11 17 14 18 4 
0 3
1 6
2 4
3 17
4 28
5 2
6 20
7 23
8 1
9 9
10 16
11 24
12 12
13 15
14 26
15 22
16 13
17 25
18 27
19 19
20 21
21 10
22 8
23 14
24 7
25 5
26 11
27 0
28 18
SIMILAR

12 17 28 19 26 23 11 14 3 7 20 22 8 21 27 5 25 9 0 4 15 16 6 24 1 13 10 2 18 
0 18
1 24
2 27
3 8
4 19
5 15
6 22
7 9
8 12
9 17
10 26
11 6
12 0
13 25
14 7
15 20
16 21
17 1
18 28
19 3
20 10
21 13
22 11
23 5
24 23
25 16
26 4
27 14
28 2
SIMILAR

10 26 13 14 23 3 21 18 16 5 27 6 15 8 22 7 1 2 25 9 17 4 28 19 12 24 0 20 11 
0 26
1 16
2 17
3 5
4 21
5 9
6 11
7 15
8 13
9 19
10 0
11 28
12 24
13 2
14 3
15 12
16 8
17 20
18 7
19 23
20 27
21 6
22 14
23 4
24 25
25 18
26 1
27 10
28 22
SIMILAR

27 20 28 19 7 4 18 12 24 10 21 5 8 22 2 16 23 11 15 13 3 17 0 9 26 1 6 25 14 
0 22
1 25
2 14
3 20
4 5
5 11
6 26
7 4
8 12
9 23
10 9
11 17
12 7
13 19
14 28
15 18
16 15
17 21
18 6
19 3
20 1
21 10
22 13
23 16
24 8
25 27
26 24
27 0
28 2
SIMILAR

13 25 4 24 18 1 0 9 10 3 23 26 15 14 20 8 17 12 6 7 21 27 5 19 2 11 22 16 28 
0 6
1 5
2 24
3 9
4 2
5 22
6 18
7 19
8 15
9 7
10 8
11 25
12 17
13 0
14 13
15 12
16 27
17 16
18 4
19 23
20 14
21 20
22 26
23 10
24 3
25 1
26 11
27 21
28 28
SIMILAR

12 19 13 21 23 4 24 8 27 20 10 9 22 28 17 6 2 15 26 3 16 11 0 25 18 7 14 1 5 
0 22
1 27
2 16
3 19
4 5
5 28
6 15
7 25
8 7
9 11
10 10
11 21
12 0
13 2
14 26
15 17
16 20
17 14
18 24
19 1
20 9
21 3
22 12
23 4
24 6
25 23
26 18
27 8
28 13
SIMILAR

3 13 0 4 14 28 1 27 23 25 7 11 2 12 10 5 17 16 26 15 19 8 18 9 24 22 6 21 20 
0 2
1 6
2 12
3 0
4 3
5 15
6 26
7 10
8 21
9 23
10 14
11 11
12 13
13 1
14 4
15 19
16 17
17 16
18 22
19 20
20 28
21 27
22 25
23 8
24 24
25 9
26 18
27 7
28 5
SIMILAR

23 3 7 16 0 14 11 1 2 8 9 5 18 27 20 24 6 28 25 17 10 26 13 15 21 12 19 22 4 
0 4
1 7
2 8
3 1
4 28
5 11
6 16
7 2
8 9
9 10
10 20
11 6
12 25
13 22
14 5
15 23
16 3
17 19
18 12
19 26
20 14
21 24
22 27
23 0
24 15
25 18
26 21
27 13
28 17
SIMILAR

5 0 21 9 11 2 17 1 18 6 28 25 23 8 15 10 12 27 4 13 14 16 3 19 22 24 26 7 20 
0 1
1 7
2 5
3 22
4 18
5 0
6 9
7 27
8 13
9 3
10 15
11 4
12 16
13 19
14 20
15 14
16 21
17 6
18 8
19 23
20 28
21 2
22 24
23 12
24 25
25 11
26 26
27 17
28 10
SIMILAR

26 22 20 5 6 24 21 27 15 2 4 23 7 14 8 0 18 19 28 11 1 12 13 16 17 25 9 3 10 
0 15
1 20
2 9
3 27
4 10
5 3
6 4
7 12
8 14
9 26
10 28
11 19
12 21
13 22
14 13
15 8
16 23
17 24
18 16
19 17
20 2
21 6
22 1
23 11
24 5
25 25
26 0
27 7
28 18
SIMILAR

11 23 22 0 26 28 3 20 16 18 1 4 10 12 2 27 19 17 25 9 24 7 13 14 15 6 5 21 8 
0 3
1 10
2 14
3 6
4 11
5 26
6 25
7 21
8 28
9 19
10 12
11 0
12 13
13 22
14 23
15 24
16 8
17 17
18 9
19 16
20 7
21 27
22 2
23 1
24 20
25 18
26 4
27 15
28 5
SIMILAR

8 28 16 7 12 17 20 26 1 22 3 18 9 23 15 21 24 4 10 27 11 14 6 25 19 2 0 5 13 
0 26
1 8
2 25
3 10
4 17
5 27
6 22
7 3
8 0
9 12
10 18
11 20
12 4
13 28
14 21
15 14
16 2
17 5
18 11
19 24
20 6
21 15
22 9
23 13
24 16
25 23
26 7
27 19
28 1
SIMILAR

21 23 17 8 18 1 28 15 11 19 10 6 13 16 2 24 7 12 26 3 25 27 14 22 20 5 4 9 0 
0 28
1 5
2 14
3 19
4 26
5 25
6 11
7 16
8 3
9 27
10 10
11 8
12 17
13 12
14 22
15 7
16 13
17 2
18 4
19 9
20 24
21 0
22 23
23 1
24 15
25 20
26 18
27 21
28 6
SIMILAR

3 17 13 16 21 20 24 25 6 19 7 12 26 15 11 1 9 0 18 5 10 8 23 4 14 28 2 22 27 
0 17
1 15
2 26
3 0
4 23
5 19
6 8
7 10
8 21
9 16
10 20
11 14
12 11
13 2
14 24
15 13
16 3
17 1
18 18
19 9
20 5
21 4
22 27
23 22
24 6
25 7
26 12
27 28
28 25
SIMILAR

7 24 19 22 25 15 28 26 4 17 16 21 0 1 8 5 27 9 2 20 23 11 13 18 3 12 6 10 14 
0 12
1 13
2 18
3 24
4 8
5 15
6 26
7 0
8 14
9 17
10 27
11 21
12 25
13 22
14 28
15 5
16 10
17 9
18 23
19 2
20 19
21 11
22 3
23 20
24 1
25 4
26 7
27 16
28 6
SIMILAR

20 19 16 11 25 10 3 8 9 28 18 27 26 6 22 21 12 5 0 17 1 13 14 15 24 2 7 4 23 
0 18
1 20
2 25
3 6
4 27
5 17
6 13
7 26
8 7
9 8
10 5
11 3
12 16
13 21
14 22
15 23
16 2
17 19
18 10
19 1
20 0
21 15
22 14
23 28
24 24
25 4
26 12
27 11
28 9
SIMILAR

4 19 28 2 27 25 15 26 11 18 23 14 20 7 5 10 6 22 13 12 1 0 17 9 3 8 21 16 24 
0 21
1 20
2 3
3 24
4 0
5 14
6 16
7 13
8 25
9 23
10 15
11 8
12 19
13 18
14 11
15 6
16 27
17 22
18 9
19 1
20 12
21 26
22 17
23 10
24 28
25 5
26 7
27 4
28 2
SIMILAR

20 21 26 28 7 17 1 11 19 27 25 22 12 10 14 23 5 2 0 3 6 16 24 15 4 13 18 9 8 
0 18
1 6
2 17
3 19
4 24
5 16
6 20
7 4
8 28
9 27
10 13
11 7
12 12
13 25
14 14
15 23
16 21
17 5
18 26
19 8
20 0
21 1
22 11
23 15
24 22
25 10
26 2
27 9
28 3
SIMILAR

20 21 0 14 23 17 22 8 5 6 24 16 7 11 19 4 2 28 18 13 1 26 10 3 25 15 12 9 27 
0 2
1 20
2 16
3 23
4 15
5 8
6 9
7 12
8 7
9 27
10 22
11 13
12 26
13 19
14 3
15 25
16 11
17 5
18 18
19 14
20 0
21 1
22 6
23 4
24 10
25 24
26 21
27 28
28 17
SIMILAR

19 24 5 6 0 22 25 21 26 7 20 3 16 11 28 8 10 9 14 4 12 13 27 1 17 23 15 18 2 
0 4
1 23
2 28
3 11
4 19
5 2
6 3
7 9
8 15
9 17
10 16
11 13
12 20
13 21
14 18
15 26
16 12
17 24
18 27
19 0
20 10
21 7
22 5
23 25
24 1
25 6
26 8
27 22
28 14
SIMILAR

28 22 10 6 9 17 15 23 27 8 26 18 4 7 24 3 25 14 16 5 19 12 0 11 21 2 13 20 1 
0 22
1 28
2 25
3 15
4 12
5 19
6 3
7 13
8 9
9 4
10 2
11 23
12 21
13 26
14 17
15 6
16 18
17 5
18 11
19 20
20 27
21 24
22 1
23 7
24 14
25 16
26 10
27 8
28 0
SIMILAR

15 17 26 20 23 25 28 12 27 5 6 11 4 22 18 19 13 7 0 24 2 14 8 9 21 1 3 16 10 
0 18
1 25
2 20
3 26
4 12
5 9
6 10
7 17
8 22
9 23
10 28
11 11
12 7
13 16
14 21
15 0
16 27
17 1
18 14
19 15
20 3
21 24
22 13
23 4
24 19
25 5
26 2
27 8
28 6
SIMILAR

4 1 28 6 24 19 13 8 23 22 9 3 15 14 5 12 10 18 2 11 21 25 7 27 0 16 17 26 20 
0 24
1 1
2 18
3 11
4 0
5 14
6 3
7 22
8 7
9 10
10 16
11 19
12 15
13 6
14 13
15 12
16 25
17 26
18 17
19 5
20 28
21 20
22 9
23 8
24 4
25 21
26 27
27 23
28 2
SIMILAR

23 15 26 16 25 20 24 17 21 22 0 19 11 1 6 12 13 7 10 2 9 28 4 18 5 27 3 8 14 
0 10
1 13
2 19
3 26
4 22
5 24
6 14
7 17
8 27
9 20
10 18
11 12
12 15
13 16
14 28
15 1
16 3
17 7
18 23
19 11
20 5
21 8
22 9
23 0
24 6
25 4
26 2
27 25
28 21
SIMILAR

17 5 8 28 22 20 26 13 19 10 15 23 11 3 9 1 27 4 2 25 21 7 0 6 18 12 16 24 14 
0 22
1 15
2 18
3 13
4 17
5 1
6 23
7 21
8 2
9 14
10 9
11 12
12 25
13 7
14 28
15 10
16 26
17 0
18 24
19 8
20 5
21 20
22 4
23 11
24 27
25 19
26 6
27 16
28 3
SIMILAR

26 3 17 12 28 23 19 21 2 8 11 20 4 13 6 15 18 24 14 22 16 27 1 9 7 25 10 0 5 
0 27
1 22
2 8
3 1
4 12
5 28
6 14
7 24
8 9
9 23
10 26
11 10
12 3
13 13
14 18
15 15
16 20
17 2
18 16
19 6
20 11
21 7
22 19
23 5
24 17
25 25
26 0
27 21
28 4
SIMILAR

12 15 18 25 28 14 10 17 2 3 20 19 7 24 23 26 22 16 4 0 11 6 9 5 27 13 1 8 21 
0 19
1 26
2 8
3 9
4 18
5 23
6 21
7 12
8 27
9 22
10 6
11 20
12 0
13 25
14 5
15 1
16 17
17 7
18 2
19 11
20 10
21 28
22 16
23 14
24 13
25 3
26 15
27 24
28 4
SIMILAR

18 21 23 1 27 17 25 8 0 4 14 26 5 24 10 15 16 11 20 28 7 9 3 12 22 19 13 6 2 
0 8
1 3
2 28
3 22
4 9
5 12
6 27
7 20
8 7
9 21
10 14
11 17
12 23
13 26
14 10
15 15
16 16
17 5
18 0
19 25
20 18
21 1
22 24
23 2
24 13
25 6
26 11
27 4
28 19
SIMILAR
100 0
1100 0
251100 0
