36
0 0 1 1 1 1 0 1 0 0 1 0 1 1 0 1 0 1 0 0 1 1 1 1 0 1 0 1 1 0 1 1 0 0 1 0 
0 0 0 1 0 1 0 1 1 1 0 0 1 1 0 0 0 0 0 1 1 1 1 0 0 1 0 1 1 0 0 1 1 0 1 0 
1 0 0 0 0 0 1 0 1 0 1 1 1 1 1 0 0 0 1 1 0 1 1 1 0 0 1 1 1 0 1 1 0 1 0 0 
1 1 0 0 0 1 0 0 0 1 1 0 1 1 1 1 0 1 1 1 0 0 0 1 0 1 1 1 0 0 1 1 1 1 0 1 
1 0 0 0 0 1 1 1 1 1 0 0 1 1 1 1 0 1 0 1 1 0 0 1 0 0 1 0 1 0 0 0 0 0 1 1 
1 1 0 1 1 0 0 1 1 1 1 1 1 0 1 1 1 1 0 1 1 0 1 0 0 0 0 0 0 1 1 0 1 0 0 0 
0 0 1 0 1 0 0 0 1 1 0 0 1 0 0 1 0 1 0 0 1 1 1 0 0 0 0 0 1 1 1 0 1 1 0 1 
1 1 0 0 1 1 0 0 1 1 0 0 0 1 0 1 0 0 0 0 1 1 1 1 0 0 0 1 1 1 0 1 0 0 1 0 
0 1 1 0 1 1 1 1 0 1 0 1 1 1 0 1 0 0 1 1 1 1 1 0 1 1 1 0 0 1 0 0 1 1 1 1 
0 1 0 1 1 1 1 1 1 0 1 0 0 1 0 1 0 0 1 0 0 1 0 0 0 1 1 1 1 0 1 0 1 0 0 0 
1 0 1 1 0 1 0 0 0 1 0 1 0 0 1 0 1 1 0 0 0 0 0 1 1 0 0 0 0 1 1 0 1 0 1 0 
0 0 1 0 0 1 0 0 1 0 1 0 0 0 1 0 1 1 1 0 0 1 0 0 1 0 0 1 1 0 0 0 1 1 0 0 
1 1 1 1 1 1 1 0 1 0 0 0 0 1 0 1 1 0 0 1 0 1 0 1 0 0 0 1 0 1 0 0 1 1 0 0 
1 1 1 1 1 0 0 1 1 1 0 0 1 0 1 1 0 1 1 0 0 1 1 0 1 0 1 0 1 0 1 1 0 0 1 1 
0 0 1 1 1 1 0 0 0 0 1 1 0 1 0 1 1 1 0 1 0 1 1 0 1 0 1 0 0 1 0 0 1 0 0 0 
1 0 0 1 1 1 1 1 1 1 0 0 1 1 1 0 1 1 0 1 1 1 1 1 0 0 1 0 1 0 0 1 0 1 0 1 
0 0 0 0 0 1 0 0 0 0 1 1 1 0 1 1 0 0 0 0 1 0 0 0 0 0 1 1 0 0 0 1 1 0 1 1 
1 0 0 1 1 1 1 0 0 0 1 1 0 1 1 1 0 0 1 0 1 0 0 0 0 0 1 0 0 0 0 0 1 1 1 1 
0 0 1 1 0 0 0 0 1 1 0 1 0 1 0 0 0 1 0 0 0 1 1 1 0 1 1 1 1 1 1 0 0 1 0 0 
0 1 1 1 1 1 0 0 1 0 0 0 1 0 1 1 0 0 0 0 0 1 1 1 0 1 1 1 0 0 1 0 1 0 1 0 
1 1 0 0 1 1 1 1 1 0 0 0 0 0 0 1 1 1 0 0 0 1 0 1 1 1 1 1 0 1 0 1 0 0 1 0 
1 1 1 0 0 0 1 1 1 1 0 1 1 1 1 1 0 0 1 1 1 0 1 1 1 0 0 0 0 1 0 0 0 1 0 1 
1 1 1 0 0 1 1 1 1 0 0 0 0 1 1 1 0 0 1 1 0 1 0 0 1 0 1 1 1 0 1 0 1 0 1 1 
1 0 1 1 1 0 0 1 0 0 1 0 1 0 0 1 0 0 1 1 1 1 0 0 1 0 0 0 1 1 1 1 0 0 1 1 
0 0 0 0 0 0 0 0 1 0 1 1 0 1 1 0 0 0 0 0 1 1 1 1 0 1 1 1 1 1 1 0 1 1 0 0 
1 1 0 1 0 0 0 0 1 1 0 0 0 0 0 0 0 0 1 1 1 0 0 0 1 0 1 1 0 1 0 1 0 1 1 0 
0 0 1 1 1 0 0 0 1 1 0 0 0 1 1 1 1 1 1 1 1 0 1 0 1 1 0 0 1 0 1 1 0 0 1 1 
1 1 1 1 0 0 0 1 0 1 0 1 1 0 0 0 1 0 1 1 1 0 1 0 1 1 0 0 1 0 0 0 1 1 0 0 
1 1 1 0 1 0 1 1 0 1 0 1 0 1 0 1 0 0 1 0 0 0 1 1 1 0 1 1 0 0 0 1 0 0 0 1 
0 0 0 0 0 1 1 1 1 0 1 0 1 0 1 0 0 0 1 0 1 1 0 1 1 1 0 0 0 0 1 0 1 1 0 1 
1 0 1 1 0 1 1 0 0 1 1 0 0 1 0 0 0 0 1 1 0 0 1 1 1 0 1 0 0 1 0 1 0 1 0 0 
1 1 1 1 0 0 0 1 0 0 0 0 0 1 0 1 1 0 0 0 1 0 0 1 0 1 1 0 1 0 1 0 0 0 0 0 
0 1 0 1 0 1 1 0 1 1 1 1 1 0 1 0 1 1 0 1 0 0 1 0 1 0 0 1 0 1 0 0 0 1 0 0 
0 0 1 1 0 0 1 0 1 0 0 1 1 0 0 1 0 1 1 0 0 1 0 0 1 1 0 1 0 1 1 0 1 0 0 0 
1 1 0 0 1 0 0 1 1 0 1 0 0 1 0 0 1 1 0 1 1 0 1 1 0 1 1 0 0 0 0 0 0 0 0 0 
0 0 0 1 1 0 1 0 1 0 0 0 0 1 0 1 1 1 0 0 0 1 1 1 0 0 1 0 1 1 0 0 0 0 0 0 

23 19 15 26 7 6 10 12 24 11 30 32 33 20 14 27 28 4 22 35 16 31 34 13 2 29 18 1 0 5 25 17 9 8 21 3 
0 28
1 27
2 24
3 35
4 17
5 29
6 5
7 4
8 33
9 32
10 6
11 9
12 7
13 23
14 14
15 2
16 20
17 31
18 26
19 1
20 13
21 34
22 18
23 0
24 8
25 30
26 3
27 15
28 16
29 25
30 10
31 21
32 11
33 12
34 22
35 19
SIMILAR

34 20 17 5 25 12 7 28 4 21 2 1 35 24 10 14 27 33 22 8 18 9 32 0 26 3 11 13 29 31 23 19 30 15 16 6 
0 23
1 11
2 10
3 25
4 8
5 3
6 35
7 6
8 19
9 21
10 14
11 26
12 5
13 27
14 15
15 33
16 34
17 2
18 20
19 31
20 1
21 9
22 18
23 30
24 13
25 4
26 24
27 16
28 7
29 28
30 32
31 29
32 22
33 17
34 0
35 12
SIMILAR

26 34 15 9 19 1 30 35 22 7 17 5 31 27 21 16 28 3 20 10 8 23 0 6 32 12 4 11 14 18 13 24 29 25 33 2 
0 22
1 5
2 35
3 17
4 26
5 11
6 23
7 9
8 20
9 3
10 19
11 27
12 25
13 30
14 28
15 2
16 15
17 10
18 29
19 4
20 18
21 14
22 8
23 21
24 31
25 33
26 0
27 13
28 16
29 32
30 6
31 12
32 24
33 34
34 1
35 7
SIMILAR

13 10 8 28 0 5 32 2 20 1 24 4 11 34 30 7 18 14 25 35 31 3 21 22 23 27 9 6 12 33 15 17 26 19 16 29 
0 4
1 9
2 7
3 21
4 11
5 5
6 27
7 15
8 2
9 26
10 1
11 12
12 28
13 0
14 17
15 30
16 34
17 31
18 16
19 33
20 8
21 22
22 23
23 24
24 10
25 18
26 32
27 25
28 3
29 35
30 14
31 20
32 6
33 29
34 13
35 19
SIMILAR

9 7 2 33 16 13 0 27 28 12 17 3 21 19 34 20 25 32 31 11 24 10 22 30 29 1 14 8 5 15 4 23 18 26 35 6 
0 6
1 25
2 2
3 11
4 30
5 28
6 35
7 1
8 27
9 0
10 21
11 19
12 9
13 5
14 26
15 29
16 4
17 10
18 32
19 13
20 15
21 12
22 22
23 31
24 20
25 16
26 33
27 7
28 8
29 24
30 23
31 18
32 17
33 3
34 14
35 34
SIMILAR

35 7 9 28 22 33 8 4 25 15 26 2 30 13 27 31 16 6 24 18 0 1 5 20 14 19 21 11 10 17 29 12 34 32 3 23 
0 20
1 21
2 11
3 34
4 7
5 22
6 17
7 1
8 6
9 2
10 28
11 27
12 31
13 13
14 24
15 9
16 16
17 29
18 19
19 25
20 23
21 26
22 4
23 35
24 18
25 8
26 10
27 14
28 3
29 30
30 12
31 15
32 33
33 5
34 32
35 0
SIMILAR

33 6 15 9 20 11 22 34 3 18 29 30 10 8 19 4 1 17 32 14 16 35 23 24 31 28 27 7 5 0 12 26 2 25 13 21 
0 29
1 16
2 32
3 8
4 15
5 28
6 1
7 27
8 13
9 3
10 12
11 5
12 30
13 34
14 19
15 2
16 20
17 17
18 9
19 14
20 4
21 35
22 6
23 22
24 23
25 33
26 31
27 26
28 25
29 10
30 11
31 24
32 18
33 0
34 7
35 21
SIMILAR

11 23 32 12 0 26 33 10 29 7 17 28 18 15 8 1 27 3 30 22 31 16 6 34 13 14 25 19 35 24 4 9 5 20 2 21 
0 4
1 15
2 34
3 17
4 30
5 32
6 22
7 9
8 14
9 31
10 7
11 0
12 3
13 24
14 25
15 13
16 21
17 10
18 12
19 27
20 33
21 35
22 19
23 1
24 29
25 26
26 5
27 16
28 11
29 8
30 18
31 20
32 2
33 6
34 23
35 28
SIMILAR

14 27 7 34 22 25 2 26 17 23 5 24 4 35 0 32 13 19 11 33 12 6 28 21 8 29 9 1 10 31 3 18 30 15 16 20 
0 14
1 27
2 6
3 30
4 12
5 10
6 21
7 2
8 24
9 26
10 28
11 18
12 20
13 16
14 0
15 33
16 34
17 8
18 31
19 17
20 35
21 23
22 4
23 9
24 11
25 5
26 7
27 1
28 22
29 25
30 32
31 29
32 15
33 19
34 3
35 13
SIMILAR

9 5 16 23 34 0 20 24 17 19 15 30 33 22 25 31 28 6 7 29 14 35 12 3 27 10 18 11 1 4 8 13 2 26 21 32 
0 5
1 28
2 32
3 23
4 29
5 1
6 17
7 18
8 30
9 0
10 25
11 27
12 22
13 31
14 20
15 10
16 2
17 8
18 26
19 9
20 6
21 34
22 13
23 3
24 7
25 14
26 33
27 24
28 16
29 19
30 11
31 15
32 35
33 12
34 4
35 21
SIMILAR

9 4 12 17 30 5 29 16 35 27 23 15 18 13 34 28 21 14 19 33 7 22 3 26 2 6 10 31 11 32 25 0 8 24 20 1 
0 31
1 35
2 24
3 22
4 1
5 5
6 25
7 20
8 32
9 0
10 26
11 28
12 2
13 13
14 17
15 11
16 7
17 3
18 12
19 18
20 34
21 16
22 21
23 10
24 33
25 30
26 23
27 9
28 15
29 6
30 4
31 27
32 29
33 19
34 14
35 8
SIMILAR

10 27 12 7 17 28 8 35 6 22 3 24 21 19 14 18 15 4 29 9 16 32 5 26 20 0 33 34 13 1 23 25 31 11 30 2 
0 25
1 29
2 35
3 10
4 17
5 22
6 8
7 3
8 6
9 19
10 0
11 33
12 2
13 28
14 14
15 16
16 20
17 4
18 15
19 13
20 24
21 12
22 9
23 30
24 11
25 31
26 23
27 1
28 5
29 18
30 34
31 32
32 21
33 26
34 27
35 7
SIMILAR

6 19 29 31 2 3 10 35 18 28 8 30 24 27 32 13 22 15 21 16 1 34 5 33 9 26 17 23 4 0 11 12 25 7 20 14 
0 29
1 20
2 4
3 5
4 28
5 22
6 0
7 33
8 10
9 24
10 6
11 30
12 31
13 15
14 35
15 17
16 19
17 26
18 8
19 1
20 34
21 18
22 16
23 27
24 12
25 32
26 25
27 13
28 9
29 2
30 11
31 3
32 14
33 23
34 21
35 7
SIMILAR

15 0 5 23 1 14 6 21 4 20 26 9 32 18 22 34 29 35 28 19 31 30 27 16 2 11 13 33 8 12 17 7 25 24 3 10 
0 1
1 4
2 24
3 34
4 8
5 2
6 6
7 31
8 28
9 11
10 35
11 25
12 29
13 26
14 5
15 0
16 23
17 30
18 13
19 19
20 9
21 7
22 14
23 3
24 33
25 32
26 10
27 22
28 18
29 16
30 21
31 20
32 12
33 27
34 15
35 17
SIMILAR

27 26 31 19 11 1 9 25 4 17 29 22 0 2 28 33 3 35 7 32 14 24 30 20 6 21 12 15 13 34 5 8 18 16 23 10 
0 12
1 5
2 13
3 16
4 8
5 30
6 24
7 18
8 31
9 6
10 35
11 4
12 26
13 28
14 20
15 27
16 33
17 9
18 32
19 3
20 23
21 25
22 11
23 34
24 21
25 7
26 1
27 0
28 14
29 10
30 22
31 2
32 19
33 15
34 29
35 17
SIMILAR

9 0 15 18 32 1 13 33 5 25 16 11 24 19 17 31 20 22 14 12 6 21 30 23 2 7 29 27 26 28 4 34 10 3 8 35 
0 1
1 5
2 24
3 33
4 30
5 8
6 20
7 25
8 34
9 0
10 32
11 11
12 19
13 6
14 18
15 2
16 10
17 14
18 3
19 13
20 16
21 21
22 17
23 23
24 12
25 9
26 28
27 27
28 29
29 26
30 22
31 15
32 4
33 7
34 31
35 35
SIMILAR

33 6 18 28 23 22 32 24 31 16 10 29 15 34 12 26 3 25 4 0 14 1 17 21 7 19 9 5 30 13 20 2 11 35 8 27 
0 19
1 21
2 31
3 16
4 18
5 27
6 1
7 24
8 34
9 26
10 10
11 32
12 14
13 29
14 20
15 12
16 9
17 22
18 2
19 25
20 30
21 23
22 5
23 4
24 7
25 17
26 15
27 35
28 3
29 11
30 28
31 8
32 6
33 0
34 13
35 33
SIMILAR

29 19 22 6 16 21 34 28 17 5 18 24 32 30 25 23 9 7 13 1 10 20 35 2 15 3 0 31 26 14 11 27 4 12 8 33 
0 26
1 19
2 23
3 25
4 32
5 9
6 3
7 17
8 34
9 16
10 20
11 30
12 33
13 18
14 29
15 24
16 4
17 8
18 10
19 1
20 21
21 5
22 2
23 15
24 11
25 14
26 28
27 31
28 7
29 0
30 13
31 27
32 12
33 35
34 6
35 22
SIMILAR

6 32 28 24 7 10 33 15 27 4 17 11 8 3 5 19 25 22 1 21 2 14 31 35 18 34 12 29 9 20 16 30 0 13 26 23 
0 32
1 18
2 20
3 13
4 9
5 14
6 0
7 4
8 12
9 28
10 5
11 11
12 26
13 33
14 21
15 7
16 30
17 10
18 24
19 15
20 29
21 19
22 17
23 35
24 3
25 16
26 34
27 8
28 2
29 27
30 31
31 22
32 1
33 6
34 25
35 23
SIMILAR

26 23 1 4 35 7 12 33 31 28 16 19 9 27 18 0 2 14 10 25 17 13 29 22 24 21 3 32 5 11 34 30 20 15 6 8 
0 15
1 2
2 16
3 26
4 3
5 28
6 34
7 5
8 35
9 12
10 18
11 29
12 6
13 21
14 17
15 33
16 10
17 20
18 14
19 11
20 32
21 25
22 23
23 1
24 24
25 19
26 0
27 13
28 9
29 22
30 31
31 8
32 27
33 7
34 30
35 4
SIMILAR

30 11 28 31 27 2 6 12 33 8 22 16 35 14 29 4 25 0 23 26 15 24 34 7 9 17 21 1 18 10 19 13 20 32 3 5 
0 17
1 27
2 5
3 34
4 15
5 35
6 6
7 23
8 9
9 24
10 29
11 1
12 7
13 31
14 13
15 20
16 11
17 25
18 28
19 30
20 32
21 26
22 10
23 18
24 21
25 16
26 19
27 4
28 2
29 14
30 0
31 3
32 33
33 8
34 22
35 12
SIMILAR

30 1 34 12 33 17 18 2 14 29 19 21 32 16 23 20 9 11 10 15 22 24 6 28 8 4 25 27 26 5 3 13 7 35 0 31 
0 34
1 1
2 7
3 30
4 25
5 29
6 22
7 32
8 24
9 16
10 18
11 17
12 3
13 31
14 8
15 19
16 13
17 5
18 6
19 10
20 15
21 11
22 20
23 14
24 21
25 26
26 28
27 27
28 23
29 9
30 0
31 35
32 12
33 4
34 2
35 33
SIMILAR

7 29 11 2 33 35 19 10 5 21 30 1 23 18 28 22 20 12 15 3 31 27 24 34 16 4 9 14 8 26 6 0 13 25 17 32 
0 31
1 11
2 3
3 19
4 25
5 8
6 30
7 0
8 28
9 26
10 7
11 2
12 17
13 32
14 27
15 18
16 24
17 34
18 13
19 6
20 16
21 9
22 15
23 12
24 22
25 33
26 29
27 21
28 14
29 1
30 10
31 20
32 35
33 4
34 23
35 5
SIMILAR

30 19 35 25 3 8 28 26 9 23 15 5 10 22 14 33 34 11 7 12 24 32 4 17 31 29 6 13 27 0 1 20 2 16 21 18 
0 29
1 30
2 32
3 4
4 22
5 11
6 26
7 18
8 5
9 8
10 12
11 17
12 19
13 27
14 14
15 10
16 33
17 23
18 35
19 1
20 31
21 34
22 13
23 9
24 20
25 3
26 7
27 28
28 6
29 25
30 0
31 24
32 21
33 15
34 16
35 2
SIMILAR

14 26 35 32 19 2 22 16 33 28 5 18 9 8 6 0 30 24 12 10 34 17 25 27 29 7 23 1 4 31 20 21 15 3 13 11 
0 15
1 27
2 5
3 33
4 28
5 10
6 14
7 25
8 13
9 12
10 19
11 35
12 18
13 34
14 0
15 32
16 7
17 21
18 11
19 4
20 30
21 31
22 6
23 26
24 17
25 22
26 1
27 23
28 9
29 24
30 16
31 29
32 3
33 8
34 20
35 2
SIMILAR

11 21 27 30 31 24 28 7 29 6 12 32 9 34 20 3 0 14 19 35 16 1 18 23 4 26 5 25 17 10 33 22 15 8 2 13 
0 16
1 21
2 34
3 15
4 24
5 26
6 9
7 7
8 33
9 12
10 29
11 0
12 10
13 35
14 17
15 32
16 20
17 28
18 22
19 18
20 14
21 1
22 31
23 23
24 5
25 27
26 25
27 2
28 6
29 8
30 3
31 4
32 11
33 30
34 13
35 19
SIMILAR

30 21 27 9 32 15 3 25 18 11 26 14 1 17 10 0 4 8 12 33 22 5 7 34 35 2 16 6 20 28 13 24 19 23 31 29 
0 15
1 12
2 25
3 6
4 16
5 21
6 27
7 22
8 17
9 3
10 14
11 9
12 18
13 30
14 11
15 5
16 26
17 13
18 8
19 32
20 28
21 1
22 20
23 33
24 31
25 7
26 10
27 2
28 29
29 35
30 0
31 34
32 4
33 19
34 23
35 24
SIMILAR

26 18 22 1 4 3 27 17 15 33 29 23 31 6 28 35 13 11 34 20 9 16 10 30 0 8 25 24 32 2 19 14 12 21 7 5 
0 24
1 3
2 29
3 5
4 4
5 35
6 13
7 34
8 25
9 20
10 22
11 17
12 32
13 16
14 31
15 8
16 21
17 7
18 1
19 30
20 19
21 33
22 2
23 11
24 27
25 26
26 0
27 6
28 14
29 10
30 23
31 12
32 28
33 9
34 18
35 15
SIMILAR

21 8 18 31 27 10 12 13 16 34 25 17 6 28 11 20 30 32 24 1 2 29 3 9 0 4 7 35 26 22 19 23 5 14 33 15 
0 24
1 19
2 20
3 22
4 25
5 32
6 12
7 26
8 1
9 23
10 5
11 14
12 6
13 7
14 33
15 35
16 8
17 11
18 2
19 30
20 15
21 0
22 29
23 31
24 18
25 10
26 28
27 4
28 13
29 21
30 16
31 3
32 17
33 34
34 9
35 27
SIMILAR

15 16 2 29 34 18 5 25 3 22 14 12 32 4 33 24 0 8 30 26 10 28 21 11 7 19 31 6 35 9 27 23 1 20 13 17 
0 16
1 32
2 2
3 8
4 13
5 6
6 27
7 24
8 17
9 29
10 20
11 23
12 11
13 34
14 10
15 0
16 1
17 35
18 5
19 25
20 33
21 22
22 9
23 31
24 15
25 7
26 19
27 30
28 21
29 3
30 18
31 26
32 12
33 14
34 4
35 28
SIMILAR

32 14 25 19 27 4 31 29 6 17 0 30 22 28 10 2 23 7 16 34 26 3 21 8 33 5 9 18 12 11 35 15 24 20 1 13 
0 10
1 34
2 15
3 21
4 5
5 25
6 8
7 17
8 23
9 26
10 14
11 29
12 28
13 35
14 1
15 31
16 18
17 9
18 27
19 3
20 33
21 22
22 12
23 16
24 32
25 2
26 20
27 4
28 13
29 7
30 11
31 6
32 0
33 24
34 19
35 30
SIMILAR

14 19 10 27 23 30 21 2 32 9 26 1 0 33 4 12 34 22 31 25 11 24 3 7 18 20 6 15 17 5 35 29 13 8 28 16 
0 12
1 11
2 7
3 22
4 14
5 29
6 26
7 23
8 33
9 9
10 2
11 20
12 15
13 32
14 0
15 27
16 35
17 28
18 24
19 1
20 25
21 6
22 17
23 4
24 21
25 19
26 10
27 3
28 34
29 31
30 5
31 18
32 8
33 13
34 16
35 30
SIMILAR

32 30 3 11 22 35 12 25 0 21 17 34 8 27 23 6 15 9 19 10 13 2 18 14 33 4 24 26 28 16 31 20 29 7 5 1 
0 8
1 35
2 21
3 2
4 25
5 34
6 15
7 33
8 12
9 17
10 19
11 3
12 6
13 20
14 23
15 16
16 29
17 10
18 22
19 18
20 31
21 9
22 4
23 14
24 26
25 7
26 27
27 13
28 28
29 32
30 1
31 30
32 0
33 24
34 11
35 5
SIMILAR

2 16 15 7 19 10 1 18 17 24 20 30 6 31 12 13 5 25 29 33 0 34 11 35 32 8 21 22 23 9 27 14 26 3 28 4 
0 20
1 6
2 0
3 33
4 35
5 16
6 12
7 3
8 25
9 29
10 5
11 22
12 14
13 15
14 31
15 2
16 1
17 8
18 7
19 4
20 10
21 26
22 27
23 28
24 9
25 17
26 32
27 30
28 34
29 18
30 11
31 13
32 24
33 19
34 21
35 23
SIMILAR

12 31 20 4 21 35 0 34 23 28 10 6 33 24 5 9 30 16 14 1 27 29 17 13 8 18 26 2 25 7 32 22 11 19 3 15 
0 6
1 19
2 27
3 34
4 3
5 14
6 11
7 29
8 24
9 15
10 10
11 32
12 0
13 23
14 18
15 35
16 17
17 22
18 25
19 33
20 2
21 4
22 31
23 8
24 13
25 28
26 26
27 20
28 9
29 21
30 16
31 1
32 30
33 12
34 7
35 5
SIMILAR

9 32 12 4 21 24 35 25 10 6 26 22 19 15 28 8 23 14 34 27 13 29 31 17 20 1 33 5 7 11 16 3 0 18 30 2 
0 32
1 25
2 35
3 31
4 3
5 27
6 9
7 28
8 15
9 0
10 8
11 29
12 2
13 20
14 17
15 13
16 30
17 23
18 33
19 12
20 24
21 4
22 11
23 16
24 5
25 7
26 10
27 19
28 14
29 21
30 34
31 22
32 1
33 26
34 18
35 6
SIMILAR

17 21 3 1 16 0 7 10 23 18 29 33 35 11 26 14 19 4 27 9 13 30 31 8 28 20 32 15 5 6 22 25 2 12 34 24 
0 5
1 3
2 32
3 2
4 17
5 28
6 29
7 6
8 23
9 19
10 7
11 13
12 33
13 20
14 15
15 27
16 4
17 0
18 9
19 16
20 25
21 1
22 30
23 8
24 35
25 31
26 14
27 18
28 24
29 10
30 21
31 22
32 26
33 11
34 34
35 12
SIMILAR

8 16 24 10 18 30 13 19 20 6 2 29 5 4 23 35 32 15 31 1 12 26 17 22 7 11 21 33 34 28 9 27 0 3 25 14 
0 32
1 19
2 10
3 33
4 13
5 12
6 9
7 24
8 0
9 30
10 3
11 25
12 20
13 6
14 35
15 17
16 1
17 22
18 4
19 7
20 8
21 26
22 23
23 14
24 2
25 34
26 21
27 31
28 29
29 11
30 5
31 18
32 16
33 27
34 28
35 15
SIMILAR

24 19 8 7 11 20 32 35 9 5 34 3 30 14 0 22 26 12 6 17 10 21 13 18 15 33 28 25 4 31 2 27 29 1 23 16 
0 14
1 33
2 30
3 11
4 28
5 9
6 18
7 3
8 2
9 8
10 20
11 4
12 17
13 22
14 13
15 24
16 35
17 19
18 23
19 1
20 5
21 21
22 15
23 34
24 0
25 27
26 16
27 31
28 26
29 32
30 12
31 29
32 6
33 25
34 10
35 7
SIMILAR

7 14 28 11 4 6 1 32 30 23 24 13 33 34 22 16 15 3 31 5 0 35 8 26 9 21 10 20 17 18 19 29 12 27 2 25 
0 20
1 6
2 34
3 17
4 4
5 19
6 5
7 0
8 22
9 24
10 26
11 3
12 32
13 11
14 1
15 16
16 15
17 28
18 29
19 30
20 27
21 25
22 14
23 9
24 10
25 35
26 23
27 33
28 2
29 31
30 8
31 18
32 7
33 12
34 13
35 21
SIMILAR

6 19 3 17 24 32 7 23 26 33 16 15 1 9 21 8 34 27 20 28 14 35 22 0 4 25 13 12 31 10 5 29 30 11 2 18 
0 23
1 12
2 34
3 2
4 24
5 30
6 0
7 6
8 15
9 13
10 29
11 33
12 27
13 26
14 20
15 11
16 10
17 3
18 35
19 1
20 18
21 14
22 22
23 7
24 4
25 25
26 8
27 17
28 19
29 31
30 32
31 28
32 5
33 9
34 16
35 21
SIMILAR

32 12 8 25 20 23 13 6 31 16 34 24 28 26 0 18 35 19 29 17 1 21 30 33 22 3 10 14 2 15 27 7 5 9 4 11 
0 14
1 20
2 28
3 25
4 34
5 32
6 7
7 31
8 2
9 33
10 26
11 35
12 1
13 6
14 27
15 29
16 9
17 19
18 15
19 17
20 4
21 21
22 24
23 5
24 11
25 3
26 13
27 30
28 12
29 18
30 22
31 8
32 0
33 23
34 10
35 16
SIMILAR

23 16 4 20 9 1 15 10 21 18 19 13 28 8 6 32 17 22 27 14 2 35 24 11 3 25 5 7 26 33 0 30 29 12 34 31 
0 30
1 5
2 20
3 24
4 2
5 26
6 14
7 27
8 13
9 4
10 7
11 23
12 33
13 11
14 19
15 6
16 1
17 16
18 9
19 10
20 3
21 8
22 17
23 0
24 22
25 25
26 28
27 18
28 12
29 32
30 31
31 35
32 15
33 29
34 34
35 21
SIMILAR

26 4 33 20 6 28 5 3 24 34 11 25 32 13 22 30 17 29 19 35 0 27 23 7 10 8 21 2 31 1 12 15 14 16 9 18 
0 20
1 29
2 27
3 7
4 1
5 6
6 4
7 23
8 25
9 34
10 24
11 10
12 30
13 13
14 32
15 31
16 33
17 16
18 35
19 18
20 3
21 26
22 14
23 22
24 8
25 11
26 0
27 21
28 5
29 17
30 15
31 28
32 12
33 2
34 9
35 19
SIMILAR

32 34 11 20 24 1 18 7 17 6 2 5 25 0 12 9 31 14 28 3 8 13 30 29 4 27 16 33 10 22 19 21 26 23 15 35 
0 13
1 5
2 10
3 19
4 24
5 11
6 9
7 7
8 20
9 15
10 28
11 2
12 14
13 21
14 17
15 34
16 26
17 8
18 6
19 30
20 3
21 31
22 29
23 33
24 4
25 12
26 32
27 25
28 18
29 23
30 22
31 16
32 0
33 27
34 1
35 35
SIMILAR

24 22 0 19 13 1 5 26 12 33 20 18 23 14 31 34 17 30 15 9 27 4 11 8 7 2 6 35 10 16 28 21 32 3 25 29 
0 2
1 5
2 25
3 33
4 21
5 6
6 26
7 24
8 23
9 19
10 28
11 22
12 8
13 4
14 13
15 18
16 29
17 16
18 11
19 3
20 10
21 31
22 1
23 12
24 0
25 34
26 7
27 20
28 30
29 35
30 17
31 14
32 32
33 9
34 15
35 27
SIMILAR

15 1 18 4 12 22 35 3 33 11 24 9 20 31 14 7 0 19 21 28 2 23 17 5 13 10 29 6 32 27 30 25 8 16 26 34 
0 16
1 1
2 20
3 7
4 3
5 23
6 27
7 15
8 32
9 11
10 25
11 9
12 4
13 24
14 14
15 0
16 33
17 22
18 2
19 17
20 12
21 18
22 5
23 21
24 10
25 31
26 34
27 29
28 19
29 26
30 30
31 13
32 28
33 8
34 35
35 6
SIMILAR

11 12 25 15 9 24 6 32 19 21 34 28 30 13 4 29 7 2 35 26 33 8 1 5 23 27 18 31 22 10 20 0 17 16 3 14 
0 31
1 22
2 17
3 34
4 14
5 23
6 6
7 16
8 21
9 4
10 29
11 0
12 1
13 13
14 35
15 3
16 33
17 32
18 26
19 8
20 30
21 9
22 28
23 24
24 5
25 2
26 19
27 25
28 11
29 15
30 12
31 27
32 7
33 20
34 10
35 18
SIMILAR

14 24 15 27 9 25 21 23 12 30 20 22 17 10 7 11 0 33 28 32 3 6 13 4 1 35 18 34 2 16 31 19 26 29 5 8 
0 16
1 24
2 28
3 20
4 23
5 34
6 21
7 14
8 35
9 4
10 13
11 15
12 8
13 22
14 0
15 2
16 29
17 12
18 26
19 31
20 10
21 6
22 11
23 7
24 1
25 5
26 32
27 3
28 18
29 33
30 9
31 30
32 19
33 17
34 27
35 25
SIMILAR

16 1 26 15 22 12 5 13 17 25 32 30 3 33 0 18 14 35 34 8 4 21 19 23 20 24 31 9 6 2 7 10 29 11 27 28 
0 14
1 1
2 29
3 12
4 20
5 6
6 28
7 30
8 19
9 27
10 31
11 33
12 5
13 7
14 16
15 3
16 0
17 8
18 15
19 22
20 24
21 21
22 4
23 23
24 25
25 9
26 2
27 34
28 35
29 32
30 11
31 26
32 10
33 13
34 18
35 17
SIMILAR

11 17 19 31 8 33 6 35 23 27 24 1 2 14 9 7 18 25 21 29 30 5 4 15 26 10 12 34 28 32 20 22 3 16 0 13 
0 34
1 11
2 12
3 32
4 22
5 21
6 6
7 15
8 4
9 14
10 25
11 0
12 26
13 35
14 13
15 23
16 33
17 1
18 16
19 2
20 30
21 18
22 31
23 8
24 10
25 17
26 24
27 9
28 28
29 19
30 20
31 3
32 29
33 5
34 27
35 7
SIMILAR

35 27 24 30 9 20 13 16 15 6 29 32 3 33 31 10 19 1 28 25 2 12 0 26 21 4 8 5 11 22 18 23 34 7 14 17 
0 22
1 17
2 20
3 12
4 25
5 27
6 9
7 33
8 26
9 4
10 15
11 28
12 21
13 6
14 34
15 8
16 7
17 35
18 30
19 16
20 5
21 24
22 29
23 31
24 2
25 19
26 23
27 1
28 18
29 10
30 3
31 14
32 11
33 13
34 32
35 0
SIMILAR

5 20 9 27 12 23 30 0 34 16 11 17 6 19 25 32 2 26 35 28 21 33 10 22 24 15 31 18 13 4 14 8 29 1 7 3 
0 7
1 33
2 16
3 35
4 29
5 0
6 12
7 34
8 31
9 2
10 22
11 10
12 4
13 28
14 30
15 25
16 9
17 11
18 27
19 13
20 1
21 20
22 23
23 5
24 24
25 14
26 17
27 3
28 19
29 32
30 6
31 26
32 15
33 21
34 8
35 18
SIMILAR

16 25 22 33 35 23 8 27 34 0 31 17 9 6 19 3 13 24 30 21 28 7 29 26 18 1 10 4 2 11 12 20 32 5 15 14 
0 9
1 25
2 28
3 15
4 27
5 33
6 13
7 21
8 6
9 12
10 26
11 29
12 30
13 16
14 35
15 34
16 0
17 11
18 24
19 14
20 31
21 19
22 2
23 5
24 17
25 1
26 23
27 7
28 20
29 22
30 18
31 10
32 32
33 3
34 8
35 4
SIMILAR

10 32 12 13 18 17 5 9 0 28 1 26 4 7 27 24 22 6 20 3 29 21 30 31 19 34 8 33 11 2 23 15 14 16 35 25 
0 8
1 10
2 29
3 19
4 12
5 6
6 17
7 13
8 26
9 7
10 0
11 28
12 2
13 3
14 32
15 31
16 33
17 5
18 4
19 24
20 18
21 21
22 16
23 30
24 15
25 35
26 11
27 14
28 9
29 20
30 22
31 23
32 1
33 27
34 25
35 34
SIMILAR

13 19 17 11 22 26 2 21 20 34 1 3 32 30 33 0 5 31 23 16 8 35 28 24 12 10 25 4 14 6 29 15 7 9 27 18 
0 15
1 10
2 6
3 11
4 27
5 16
6 29
7 32
8 20
9 33
10 25
11 3
12 24
13 0
14 28
15 31
16 19
17 2
18 35
19 1
20 8
21 7
22 4
23 18
24 23
25 26
26 5
27 34
28 22
29 30
30 13
31 17
32 12
33 14
34 9
35 21
SIMILAR

34 14 29 20 7 4 23 16 5 25 32 9 33 24 30 26 22 18 28 19 21 0 6 27 15 1 3 11 10 35 31 2 17 12 13 8 
0 21
1 25
2 31
3 26
4 5
5 8
6 22
7 4
8 35
9 11
10 28
11 27
12 33
13 34
14 1
15 24
16 7
17 32
18 17
19 19
20 3
21 20
22 16
23 6
24 13
25 9
26 15
27 23
28 18
29 2
30 14
31 30
32 10
33 12
34 0
35 29
SIMILAR

0 27 35 5 9 14 11 32 20 24 1 17 18 8 7 34 16 21 30 19 6 12 4 2 3 15 23 33 25 10 28 22 31 26 29 13 
0 0
1 10
2 23
3 24
4 22
5 3
6 20
7 14
8 13
9 4
10 29
11 6
12 21
13 35
14 5
15 25
16 16
17 11
18 12
19 19
20 8
21 17
22 31
23 26
24 9
25 28
26 33
27 1
28 30
29 34
30 18
31 32
32 7
33 27
34 15
35 2
SIMILAR

16 12 28 10 29 23 33 20 2 8 26 14 27 22 1 4 31 32 5 6 25 34 0 9 21 30 13 11 19 17 15 24 3 35 7 18 
0 22
1 14
2 8
3 32
4 15
5 18
6 19
7 34
8 9
9 23
10 3
11 27
12 1
13 26
14 11
15 30
16 0
17 29
18 35
19 28
20 7
21 24
22 13
23 5
24 31
25 20
26 10
27 12
28 2
29 4
30 25
31 16
32 17
33 6
34 21
35 33
SIMILAR

10 34 7 5 15 25 3 9 0 29 11 6 32 28 14 8 17 30 22 4 19 26 24 27 18 2 16 23 12 31 33 1 35 21 13 20 
0 8
1 31
2 25
3 6
4 19
5 3
6 11
7 2
8 15
9 7
10 0
11 10
12 28
13 34
14 14
15 4
16 26
17 16
18 24
19 20
20 35
21 33
22 18
23 27
24 22
25 5
26 21
27 23
28 13
29 9
30 17
31 29
32 12
33 30
34 1
35 32
SIMILAR

9 14 35 17 33 21 1 26 34 8 27 24 10 31 29 7 28 25 32 18 20 2 22 5 6 19 30 11 0 12 15 3 23 4 13 16 
0 28
1 6
2 21
3 31
4 33
5 23
6 24
7 15
8 9
9 0
10 12
11 27
12 29
13 34
14 1
15 30
16 35
17 3
18 19
19 25
20 20
21 5
22 22
23 32
24 11
25 17
26 7
27 10
28 16
29 14
30 26
31 13
32 18
33 4
34 8
35 2
SIMILAR

24 35 19 21 26 34 16 9 20 28 3 32 30 1 6 5 17 27 4 14 15 13 8 10 23 33 29 2 18 25 0 12 31 11 22 7 
0 30
1 13
2 27
3 10
4 18
5 15
6 14
7 35
8 22
9 7
10 23
11 33
12 31
13 21
14 19
15 20
16 6
17 16
18 28
19 2
20 8
21 3
22 34
23 24
24 0
25 29
26 4
27 17
28 9
29 26
30 12
31 32
32 11
33 25
34 5
35 1
SIMILAR

3 31 24 1 21 22 33 25 32 27 8 35 15 18 14 11 30 34 26 0 13 9 10 12 4 19 6 5 17 29 2 28 7 16 20 23 
0 19
1 3
2 30
3 0
4 24
5 27
6 26
7 32
8 10
9 21
10 22
11 15
12 23
13 20
14 14
15 12
16 33
17 28
18 13
19 25
20 34
21 4
22 5
23 35
24 2
25 7
26 18
27 9
28 31
29 29
30 16
31 1
32 8
33 6
34 17
35 11
SIMILAR

28 24 23 5 15 1 16 6 11 3 9 0 25 17 2 32 12 10 29 4 26 33 22 13 35 19 21 8 18 14 31 30 34 7 20 27 
0 11
1 5
2 14
3 9
4 19
5 3
6 7
7 33
8 27
9 10
10 17
11 8
12 16
13 23
14 29
15 4
16 6
17 13
18 28
19 25
20 34
21 26
22 22
23 2
24 1
25 12
26 20
27 35
28 0
29 18
30 31
31 30
32 15
33 21
34 32
35 24
SIMILAR

2 27 7 25 8 4 5 20 13 0 33 9 12 10 19 16 22 14 3 34 23 30 24 29 21 31 26 28 15 18 6 32 1 11 17 35 
0 9
1 32
2 0
3 18
4 5
5 6
6 30
7 2
8 4
9 11
10 13
11 33
12 12
13 8
14 17
15 28
16 15
17 34
18 29
19 14
20 7
21 24
22 16
23 20
24 22
25 3
26 26
27 1
28 27
29 23
30 21
31 25
32 31
33 10
34 19
35 35
SIMILAR

26 18 14 19 12 29 16 23 7 6 1 0 3 17 15 11 4 25 35 33 30 31 34 2 8 27 5 20 21 24 28 9 10 22 32 13 
0 11
1 10
2 23
3 12
4 16
5 26
6 9
7 8
8 24
9 31
10 32
11 15
12 4
13 35
14 2
15 14
16 6
17 13
18 1
19 3
20 27
21 28
22 33
23 7
24 29
25 17
26 0
27 25
28 30
29 5
30 20
31 21
32 34
33 19
34 22
35 18
SIMILAR

17 32 9 21 22 0 24 26 31 34 2 27 28 5 25 18 3 4 6 7 35 23 16 14 8 13 12 19 1 29 33 30 15 20 11 10 
0 5
1 28
2 10
3 16
4 17
5 13
6 18
7 19
8 24
9 2
10 35
11 34
12 26
13 25
14 23
15 32
16 22
17 0
18 15
19 27
20 33
21 3
22 4
23 21
24 6
25 14
26 7
27 11
28 12
29 29
30 31
31 8
32 1
33 30
34 9
35 20
SIMILAR

2 19 14 11 30 16 4 3 7 34 5 32 29 24 21 22 31 28 6 17 33 27 8 25 0 10 18 20 1 9 35 26 13 15 12 23 
0 24
1 28
2 0
3 7
4 6
5 10
6 18
7 8
8 22
9 29
10 25
11 3
12 34
13 32
14 2
15 33
16 5
17 19
18 26
19 1
20 27
21 14
22 15
23 35
24 13
25 23
26 31
27 21
28 17
29 12
30 4
31 16
32 11
33 20
34 9
35 30
SIMILAR

17 3 12 28 26 9 13 27 29 11 20 7 35 21 18 5 14 25 32 0 22 19 2 33 31 24 8 16 15 23 34 30 6 1 4 10 
0 19
1 33
2 22
3 1
4 34
5 15
6 32
7 11
8 26
9 5
10 35
11 9
12 2
13 6
14 16
15 28
16 27
17 0
18 14
19 21
20 10
21 13
22 20
23 29
24 25
25 17
26 4
27 7
28 3
29 8
30 31
31 24
32 18
33 23
34 30
35 12
SIMILAR

9 28 1 27 24 14 7 18 2 25 11 29 5 17 6 12 21 4 26 35 8 19 34 31 33 23 16 13 0 20 15 10 32 30 22 3 
0 28
1 2
2 8
3 35
4 17
5 12
6 14
7 6
8 20
9 0
10 31
11 10
12 15
13 27
14 5
15 30
16 26
17 13
18 7
19 21
20 29
21 16
22 34
23 25
24 4
25 9
26 18
27 3
28 1
29 11
30 33
31 23
32 32
33 24
34 22
35 19
SIMILAR

28 20 25 15 17 27 19 30 32 11 33 29 18 9 31 0 4 21 1 8 14 22 2 7 5 6 24 35 3 26 13 10 23 34 12 16 
0 15
1 18
2 22
3 28
4 16
5 24
6 25
7 23
8 19
9 13
10 31
11 9
12 34
13 30
14 20
15 3
16 35
17 4
18 12
19 6
20 1
21 17
22 21
23 32
24 26
25 2
26 29
27 5
28 0
29 11
30 7
31 14
32 8
33 10
34 33
35 27
SIMILAR

30 20 11 34 21 31 7 8 0 12 29 1 25 4 10 15 27 22 13 14 28 19 2 16 6 5 32 3 24 33 9 35 18 26 17 23 
0 8
1 11
2 22
3 27
4 13
5 25
6 24
7 6
8 7
9 30
10 14
11 2
12 9
13 18
14 19
15 15
16 23
17 34
18 32
19 21
20 1
21 4
22 17
23 35
24 28
25 12
26 33
27 16
28 20
29 10
30 0
31 5
32 26
33 29
34 3
35 31
SIMILAR

10 15 18 25 22 13 33 4 29 34 26 1 7 24 5 16 27 31 35 12 14 9 17 32 11 8 6 30 0 21 28 20 2 23 3 19 
0 28
1 11
2 32
3 34
4 7
5 14
6 26
7 12
8 25
9 21
10 0
11 24
12 19
13 5
14 20
15 1
16 15
17 22
18 2
19 35
20 31
21 29
22 4
23 33
24 13
25 3
26 10
27 16
28 30
29 8
30 27
31 17
32 23
33 6
34 9
35 18
SIMILAR

29 6 14 9 28 32 20 25 3 5 27 24 7 13 23 11 0 31 8 10 4 2 12 18 16 26 19 30 15 33 22 35 1 34 17 21 
0 16
1 32
2 21
3 8
4 20
5 9
6 1
7 12
8 18
9 3
10 19
11 15
12 22
13 13
14 2
15 28
16 24
17 34
18 23
19 26
20 6
21 35
22 30
23 14
24 11
25 7
26 25
27 10
28 4
29 0
30 27
31 17
32 5
33 29
34 33
35 31
SIMILAR

33 7 27 31 20 14 23 30 13 28 24 4 15 16 6 29 3 2 34 25 21 19 10 26 11 17 9 18 5 0 22 32 12 8 35 1 
0 29
1 35
2 17
3 16
4 11
5 28
6 14
7 1
8 33
9 26
10 22
11 24
12 32
13 8
14 5
15 12
16 13
17 25
18 27
19 21
20 4
21 20
22 30
23 6
24 10
25 19
26 23
27 2
28 9
29 15
30 7
31 3
32 31
33 0
34 18
35 34
SIMILAR

25 26 6 0 27 5 10 20 19 15 29 21 34 17 35 7 22 31 33 9 28 24 11 8 16 12 1 4 23 13 32 3 30 18 2 14 
0 3
1 26
2 34
3 31
4 27
5 5
6 2
7 15
8 23
9 19
10 6
11 22
12 25
13 29
14 35
15 9
16 24
17 13
18 33
19 8
20 7
21 11
22 16
23 28
24 21
25 0
26 1
27 4
28 20
29 10
30 32
31 17
32 30
33 18
34 12
35 14
SIMILAR

24 25 9 0 17 6 34 29 15 13 16 18 28 5 14 12 11 1 3 8 23 31 19 26 35 33 27 10 7 4 22 2 21 20 32 30 
0 3
1 17
2 31
3 18
4 29
5 13
6 5
7 28
8 19
9 2
10 27
11 16
12 15
13 9
14 14
15 8
16 10
17 4
18 11
19 22
20 33
21 32
22 30
23 20
24 0
25 1
26 23
27 26
28 12
29 7
30 35
31 21
32 34
33 25
34 6
35 24
SIMILAR

27 13 33 11 16 7 18 24 21 19 28 12 14 25 15 30 2 22 32 35 34 3 17 20 6 23 10 0 8 29 9 1 5 26 4 31 
0 27
1 31
2 16
3 21
4 34
5 32
6 24
7 5
8 28
9 30
10 26
11 3
12 11
13 1
14 12
15 14
16 4
17 22
18 6
19 9
20 23
21 8
22 17
23 25
24 7
25 13
26 33
27 0
28 10
29 29
30 15
31 35
32 18
33 2
34 20
35 19
SIMILAR

25 7 22 28 24 18 8 19 16 27 14 10 1 3 12 33 34 29 17 20 2 6 30 0 21 35 31 5 13 9 4 23 11 15 32 26 
0 23
1 12
2 20
3 13
4 30
5 27
6 21
7 1
8 6
9 29
10 11
11 32
12 14
13 28
14 10
15 33
16 8
17 18
18 5
19 7
20 19
21 24
22 2
23 31
24 4
25 0
26 35
27 9
28 3
29 17
30 22
31 26
32 34
33 15
34 16
35 25
SIMILAR

7 2 3 19 30 34 33 8 14 5 11 9 1 22 31 24 12 20 32 4 16 10 26 27 25 18 23 0 28 35 29 21 17 15 6 13 
0 27
1 12
2 1
3 2
4 19
5 9
6 34
7 0
8 7
9 11
10 21
11 10
12 16
13 35
14 8
15 33
16 20
17 32
18 25
19 3
20 17
21 31
22 13
23 26
24 15
25 24
26 22
27 23
28 28
29 30
30 4
31 14
32 18
33 6
34 5
35 29
SIMILAR

15 31 5 34 29 13 1 20 35 8 9 16 6 23 3 33 0 18 30 21 10 26 12 17 11 25 24 32 27 28 22 2 19 7 4 14 
0 16
1 6
2 31
3 14
4 34
5 2
6 12
7 33
8 9
9 10
10 20
11 24
12 22
13 5
14 35
15 0
16 11
17 23
18 17
19 32
20 7
21 19
22 30
23 13
24 26
25 25
26 21
27 28
28 29
29 4
30 18
31 1
32 27
33 15
34 3
35 8
SIMILAR

27 30 29 18 24 31 34 3 19 26 14 13 25 2 6 16 15 5 33 35 10 8 20 28 32 7 17 1 23 12 21 4 22 9 11 0 
0 35
1 27
2 13
3 7
4 31
5 17
6 14
7 25
8 21
9 33
10 20
11 34
12 29
13 11
14 10
15 16
16 15
17 26
18 3
19 8
20 22
21 30
22 32
23 28
24 4
25 12
26 9
27 0
28 23
29 2
30 1
31 5
32 24
33 18
34 6
35 19
SIMILAR

3 6 32 18 1 24 14 27 19 25 28 29 20 13 33 30 0 10 9 23 16 7 8 22 12 2 17 5 35 11 31 21 15 26 4 34 
0 16
1 4
2 25
3 0
4 34
5 27
6 1
7 21
8 22
9 18
10 17
11 29
12 24
13 13
14 6
15 32
16 20
17 26
18 3
19 8
20 12
21 31
22 23
23 19
24 5
25 9
26 33
27 7
28 10
29 11
30 15
31 30
32 2
33 14
34 35
35 28
SIMILAR

35 25 15 1 24 23 6 9 29 7 14 13 17 3 19 32 12 18 22 2 31 21 10 33 20 28 4 30 34 0 27 26 11 5 16 8 
0 29
1 3
2 19
3 13
4 26
5 33
6 6
7 9
8 35
9 7
10 22
11 32
12 16
13 11
14 10
15 2
16 34
17 12
18 17
19 14
20 24
21 21
22 18
23 5
24 4
25 1
26 31
27 30
28 25
29 8
30 27
31 20
32 15
33 23
34 28
35 0
SIMILAR

2 31 24 32 21 10 15 5 25 7 0 19 3 30 35 17 18 12 22 14 29 6 27 16 4 1 28 34 13 8 33 20 11 26 23 9 
0 10
1 25
2 0
3 12
4 24
5 7
6 21
7 9
8 29
9 35
10 5
11 32
12 17
13 28
14 19
15 6
16 23
17 15
18 16
19 11
20 31
21 4
22 18
23 34
24 2
25 8
26 33
27 22
28 26
29 20
30 13
31 1
32 3
33 30
34 27
35 14
SIMILAR

28 21 5 6 26 33 13 18 30 1 35 31 0 9 17 8 34 32 4 27 23 10 7 14 22 20 15 2 19 25 11 29 12 24 16 3 
0 12
1 9
2 27
3 35
4 18
5 2
6 3
7 22
8 15
9 13
10 21
11 30
12 32
13 6
14 23
15 26
16 34
17 14
18 7
19 28
20 25
21 1
22 24
23 20
24 33
25 29
26 4
27 19
28 0
29 31
30 8
31 11
32 17
33 5
34 16
35 10
SIMILAR

30 1 0 27 9 14 16 19 25 35 11 33 26 31 17 10 23 24 6 21 12 7 28 15 13 29 3 18 20 32 34 8 2 5 22 4 
0 2
1 1
2 32
3 26
4 35
5 33
6 18
7 21
8 31
9 4
10 15
11 10
12 20
13 24
14 5
15 23
16 6
17 14
18 27
19 7
20 28
21 19
22 34
23 16
24 17
25 8
26 12
27 3
28 22
29 25
30 0
31 13
32 29
33 11
34 30
35 9
SIMILAR

12 11 25 31 28 16 6 3 7 18 26 1 29 9 15 23 34 2 24 21 22 4 8 13 33 20 10 0 19 27 30 14 5 35 17 32 
0 27
1 11
2 17
3 7
4 21
5 32
6 6
7 8
8 22
9 13
10 26
11 1
12 0
13 23
14 31
15 14
16 5
17 34
18 9
19 28
20 25
21 19
22 20
23 15
24 18
25 2
26 10
27 29
28 4
29 12
30 30
31 3
32 35
33 24
34 16
35 33
SIMILAR

17 26 24 25 8 7 15 3 12 22 35 16 19 28 34 31 14 11 2 9 5 29 10 0 13 20 30 4 18 27 6 23 21 32 1 33 
0 23
1 34
2 18
3 7
4 27
5 20
6 30
7 5
8 4
9 19
10 22
11 17
12 8
13 24
14 16
15 6
16 11
17 0
18 28
19 12
20 25
21 32
22 9
23 31
24 2
25 3
26 1
27 29
28 13
29 21
30 26
31 15
32 33
33 35
34 14
35 10
SIMILAR

7 9 20 29 17 35 5 21 26 30 8 19 11 6 25 31 28 2 33 4 13 24 12 22 10 18 34 15 16 0 32 14 3 1 23 27 
0 29
1 33
2 17
3 32
4 19
5 6
6 13
7 0
8 10
9 1
10 24
11 12
12 22
13 20
14 31
15 27
16 28
17 4
18 25
19 11
20 2
21 7
22 23
23 34
24 21
25 14
26 8
27 35
28 16
29 3
30 9
31 15
32 30
33 18
34 26
35 5
SIMILAR

8 24 29 21 13 0 31 16 25 9 28 20 17 19 7 18 27 30 11 12 10 32 2 33 1 26 23 15 3 14 5 22 34 35 4 6 
0 5
1 24
2 22
3 28
4 34
5 30
6 35
7 14
8 0
9 9
10 20
11 18
12 19
13 4
14 29
15 27
16 7
17 12
18 15
19 13
20 11
21 3
22 31
23 26
24 1
25 8
26 25
27 16
28 10
29 2
30 17
31 6
32 21
33 23
34 32
35 33
SIMILAR

0 8 13 9 24 32 5 7 30 33 35 15 26 3 22 21 12 20 17 4 11 14 18 6 29 27 1 2 28 10 31 23 19 16 25 34 
0 0
1 26
2 27
3 13
4 19
5 6
6 23
7 7
8 1
9 3
10 29
11 20
12 16
13 2
14 21
15 11
16 33
17 18
18 22
19 32
20 17
21 15
22 14
23 31
24 4
25 34
26 12
27 25
28 28
29 24
30 8
31 30
32 5
33 9
34 35
35 10
SIMILAR

24 16 31 13 6 30 27 10 33 35 17 0 3 4 8 12 7 2 1 5 11 18 26 34 15 25 21 22 9 29 32 20 23 28 19 14 
0 11
1 18
2 17
3 12
4 13
5 19
6 4
7 16
8 14
9 28
10 7
11 20
12 15
13 3
14 35
15 24
16 1
17 10
18 21
19 34
20 31
21 26
22 27
23 32
24 0
25 25
26 22
27 6
28 33
29 29
30 5
31 2
32 30
33 8
34 23
35 9
SIMILAR

10 26 23 5 34 29 21 2 24 33 13 0 14 31 15 6 22 11 9 18 19 7 3 12 8 20 27 16 4 30 1 28 25 35 32 17 
0 11
1 30
2 7
3 22
4 28
5 3
6 15
7 21
8 24
9 18
10 0
11 17
12 23
13 10
14 12
15 14
16 27
17 35
18 19
19 20
20 25
21 6
22 16
23 2
24 8
25 32
26 1
27 26
28 31
29 5
30 29
31 13
32 34
33 9
34 4
35 33
SIMILAR

19 16 28 33 35 27 14 0 23 31 22 9 6 10 11 34 26 24 1 20 8 17 30 32 18 3 13 12 29 2 25 5 7 4 21 15 
0 7
1 18
2 29
3 25
4 33
5 31
6 12
7 32
8 20
9 11
10 13
11 14
12 27
13 26
14 6
15 35
16 1
17 21
18 24
19 0
20 19
21 34
22 10
23 8
24 17
25 30
26 16
27 5
28 2
29 28
30 22
31 9
32 23
33 3
34 15
35 4
SIMILAR

7 35 24 17 31 22 9 30 23 16 33 14 3 0 29 5 4 2 20 34 1 12 19 15 27 10 32 28 26 11 8 18 6 21 25 13 
0 13
1 20
2 17
3 12
4 16
5 15
6 32
7 0
8 30
9 6
10 25
11 29
12 21
13 35
14 11
15 23
16 9
17 3
18 31
19 22
20 18
21 33
22 5
23 8
24 2
25 34
26 28
27 24
28 27
29 14
30 7
31 4
32 26
33 10
34 19
35 1
SIMILAR

10 6 20 7 18 14 22 3 2 9 17 23 32 21 26 5 15 29 33 4 8 28 31 12 34 16 35 11 25 0 19 24 27 1 13 30 
0 29
1 33
2 8
3 7
4 19
5 15
6 1
7 3
8 20
9 9
10 0
11 27
12 23
13 34
14 5
15 16
16 25
17 10
18 4
19 30
20 2
21 13
22 6
23 11
24 31
25 28
26 14
27 32
28 21
29 17
30 35
31 22
32 12
33 18
34 24
35 26
SIMILAR

32 4 12 28 35 26 34 10 30 20 27 11 1 6 7 18 13 2 25 9 15 0 3 33 16 14 21 19 5 23 22 8 29 24 17 31 
0 21
1 12
2 17
3 22
4 1
5 28
6 13
7 14
8 31
9 19
10 7
11 11
12 2
13 16
14 25
15 20
16 24
17 34
18 15
19 27
20 9
21 26
22 30
23 29
24 33
25 18
26 5
27 10
28 3
29 32
30 8
31 35
32 0
33 23
34 6
35 4
SIMILAR

33 4 0 35 11 34 14 27 5 17 19 20 18 21 8 32 6 22 12 29 24 26 28 3 31 30 1 2 25 23 9 16 13 15 10 7 
0 2
1 26
2 27
3 23
4 1
5 8
6 16
7 35
8 14
9 30
10 34
11 4
12 18
13 32
14 6
15 33
16 31
17 9
18 12
19 10
20 11
21 13
22 17
23 29
24 20
25 28
26 21
27 7
28 22
29 19
30 25
31 24
32 15
33 0
34 5
35 3
SIMILAR

12 30 11 27 0 6 5 34 18 24 16 22 8 32 9 15 19 10 35 2 7 28 4 1 20 29 26 25 14 31 3 33 17 13 23 21 
0 4
1 23
2 19
3 30
4 22
5 6
6 5
7 20
8 12
9 14
10 17
11 2
12 0
13 33
14 28
15 15
16 10
17 32
18 8
19 16
20 24
21 35
22 11
23 34
24 9
25 27
26 26
27 3
28 21
29 25
30 1
31 29
32 13
33 31
34 7
35 18
SIMILAR
100 0
5300 0
325300 0
