36
0 1 1 1 0 1 0 0 1 0 0 0 1 0 0 1 0 0 0 0 0 0 1 0 0 1 1 1 1 1 1 0 1 1 0 1 
1 0 0 0 1 1 1 0 1 0 0 1 1 0 1 1 1 1 0 1 1 1 0 1 1 0 1 0 0 1 1 1 1 0 1 1 
1 0 0 1 0 0 0 1 0 1 0 0 1 1 1 1 0 1 1 1 0 1 1 1 0 1 1 1 0 0 1 0 1 1 0 1 
1 0 1 0 0 1 1 0 0 0 1 0 0 1 1 0 1 0 0 1 0 0 0 1 1 0 0 0 1 1 0 0 1 1 1 0 
0 1 0 0 0 1 1 1 0 1 1 0 0 0 0 0 0 0 0 0 0 0 1 1 1 0 1 1 0 0 0 0 1 0 1 0 
1 1 0 1 1 0 1 0 1 1 1 0 1 1 0 0 0 0 1 1 0 1 1 0 1 1 1 0 0 0 0 0 1 0 1 0 
0 1 0 1 1 1 0 1 1 0 0 1 1 0 1 0 1 1 0 0 1 1 0 0 1 0 1 1 0 0 1 1 0 0 0 0 
0 0 1 0 1 0 1 0 0 1 0 1 0 0 1 0 0 1 0 0 0 0 1 1 0 0 1 0 0 1 1 1 0 0 1 0 
1 1 0 0 0 1 1 0 0 1 1 0 1 1 1 0 1 1 0 1 1 0 0 1 0 1 0 1 0 0 1 0 1 1 1 0 
0 0 1 0 1 1 0 1 1 0 0 0 1 1 1 0 1 0 0 0 0 0 0 0 0 1 0 0 1 1 0 0 0 1 0 0 
0 0 0 1 1 1 0 0 1 0 0 0 0 1 1 0 1 1 0 1 1 1 1 0 1 1 0 1 0 1 0 0 0 0 1 0 
0 1 0 0 0 0 1 1 0 0 0 0 1 0 0 0 0 1 0 1 0 1 0 1 1 0 0 0 0 1 1 1 0 0 0 1 
1 1 1 0 0 1 1 0 1 1 0 1 0 0 0 1 1 0 0 0 1 1 0 1 1 0 1 1 0 1 1 1 1 1 0 1 
0 0 1 1 0 1 0 0 1 1 1 0 0 0 1 1 1 0 1 1 1 1 1 0 1 0 1 0 1 0 1 1 1 1 1 0 
0 1 1 1 0 0 1 1 1 1 1 0 0 1 0 1 1 1 0 1 1 0 1 0 1 0 0 1 0 0 1 0 0 1 0 0 
1 1 1 0 0 0 0 0 0 0 0 0 1 1 1 0 1 1 0 1 0 0 0 1 0 0 0 0 1 1 0 0 0 1 1 0 
0 1 0 1 0 0 1 0 1 1 1 0 1 1 1 1 0 1 1 1 1 1 0 1 1 0 0 0 1 1 0 1 0 1 0 0 
0 1 1 0 0 0 1 1 1 0 1 1 0 0 1 1 1 0 0 0 0 0 1 1 0 1 0 1 1 1 1 0 0 0 1 1 
0 0 1 0 0 1 0 0 0 0 0 0 0 1 0 0 1 0 0 1 1 0 0 0 0 1 0 0 0 0 1 1 1 1 1 1 
0 1 1 1 0 1 0 0 1 0 1 1 0 1 1 1 1 0 1 0 1 1 0 0 0 1 0 1 1 0 1 1 0 0 0 1 
0 1 0 0 0 0 1 0 1 0 1 0 1 1 1 0 1 0 1 1 0 1 1 1 1 0 0 1 0 1 0 1 1 0 0 1 
0 1 1 0 0 1 1 0 0 0 1 1 1 1 0 0 1 0 0 1 1 0 0 0 0 1 1 1 1 1 0 1 0 1 0 1 
1 0 1 0 1 1 0 1 0 0 1 0 0 1 1 0 0 1 0 0 1 0 0 0 0 0 0 0 0 1 0 1 1 0 0 0 
0 1 1 1 1 0 0 1 1 0 0 1 1 0 0 1 1 1 0 0 1 0 0 0 1 1 0 1 0 1 0 1 1 1 0 0 
0 1 0 1 1 1 1 0 0 0 1 1 1 1 1 0 1 0 0 0 1 0 0 1 0 0 1 0 1 1 0 1 1 1 1 1 
1 0 1 0 0 1 0 0 1 1 1 0 0 0 0 0 0 1 1 1 0 1 0 1 0 0 0 1 1 1 0 0 0 0 0 0 
1 1 1 0 1 1 1 1 0 0 0 0 1 1 0 0 0 0 0 0 0 1 0 0 1 0 0 1 1 1 0 1 1 0 1 1 
1 0 1 0 1 0 1 0 1 0 1 0 1 0 1 0 0 1 0 1 1 1 0 1 0 1 1 0 0 1 1 1 0 0 1 1 
1 0 0 1 0 0 0 0 0 1 0 0 0 1 0 1 1 1 0 1 0 1 0 0 1 1 1 0 0 0 0 1 0 0 1 1 
1 1 0 1 0 0 0 1 0 1 1 1 1 0 0 1 1 1 0 0 1 1 1 1 1 1 1 1 0 0 1 1 1 0 0 0 
1 1 1 0 0 0 1 1 1 0 0 1 1 1 1 0 0 1 1 1 0 0 0 0 0 0 0 1 0 1 0 1 0 1 1 0 
0 1 0 0 0 0 1 1 0 0 0 1 1 1 0 0 1 0 1 1 1 1 1 1 1 0 1 1 1 1 1 0 1 1 1 0 
1 1 1 1 1 1 0 0 1 0 0 0 1 1 0 0 0 0 1 0 1 0 1 1 1 0 1 0 0 1 0 1 0 0 1 1 
1 0 1 1 0 0 0 0 1 1 0 0 1 1 1 1 1 0 1 0 0 1 0 1 1 0 0 0 0 0 1 1 0 0 1 0 
0 1 0 1 1 1 0 1 1 0 1 0 0 1 0 1 0 1 1 0 0 0 0 0 1 0 1 1 1 0 1 1 1 1 0 0 
1 1 1 0 0 0 0 0 0 0 0 1 1 0 0 0 0 1 1 1 1 1 0 0 1 0 1 1 1 0 0 0 1 0 0 0 

13 30 21 19 34 7 16 20 3 35 18 8 17 5 23 26 33 25 11 28 0 24 10 27 9 6 4 32 2 22 1 15 14 29 12 31 
0 20
1 30
2 28
3 8
4 26
5 13
6 25
7 5
8 11
9 24
10 22
11 18
12 34
13 0
14 32
15 31
16 6
17 12
18 10
19 3
20 7
21 2
22 29
23 14
24 21
25 17
26 15
27 23
28 19
29 33
30 1
31 35
32 27
33 16
34 4
35 9
SIMILAR

20 8 33 4 12 25 22 6 18 14 7 10 32 17 19 0 21 5 11 15 16 23 3 30 9 2 34 31 29 26 1 35 24 28 27 13 
0 15
1 30
2 25
3 22
4 3
5 17
6 7
7 10
8 1
9 24
10 11
11 18
12 4
13 35
14 9
15 19
16 20
17 13
18 8
19 14
20 0
21 16
22 6
23 21
24 32
25 5
26 29
27 34
28 33
29 28
30 23
31 27
32 12
33 2
34 26
35 31
SIMILAR

5 0 29 12 11 26 35 31 2 1 19 6 30 4 27 17 3 14 15 13 24 8 16 32 34 22 21 23 10 33 20 9 28 18 25 7 
0 1
1 9
2 8
3 16
4 13
5 0
6 11
7 35
8 21
9 31
10 28
11 4
12 3
13 19
14 17
15 18
16 22
17 15
18 33
19 10
20 30
21 26
22 25
23 27
24 20
25 34
26 5
27 14
28 32
29 2
30 12
31 7
32 23
33 29
34 24
35 6
SIMILAR

3 9 4 33 6 28 21 32 27 14 16 2 11 8 12 25 5 19 15 1 23 13 22 30 18 7 24 35 26 17 29 0 20 34 10 31 
0 31
1 19
2 11
3 0
4 2
5 16
6 4
7 25
8 13
9 1
10 34
11 12
12 14
13 21
14 9
15 18
16 10
17 29
18 24
19 17
20 32
21 6
22 22
23 20
24 26
25 15
26 28
27 8
28 5
29 30
30 23
31 35
32 7
33 3
34 33
35 27
SIMILAR

24 35 20 31 18 2 1 34 10 33 7 19 29 16 5 23 15 21 13 26 0 4 12 28 17 25 3 32 30 8 22 14 11 6 27 9 
0 20
1 6
2 5
3 26
4 21
5 14
6 33
7 10
8 29
9 35
10 8
11 32
12 22
13 18
14 31
15 16
16 13
17 24
18 4
19 11
20 2
21 17
22 30
23 15
24 0
25 25
26 19
27 34
28 23
29 12
30 28
31 3
32 27
33 9
34 7
35 1
SIMILAR

29 1 7 24 10 5 21 18 25 34 19 22 20 15 6 0 12 17 13 32 27 8 4 2 30 14 33 16 26 3 11 28 31 9 35 23 
0 15
1 1
2 23
3 29
4 22
5 5
6 14
7 2
8 21
9 33
10 4
11 30
12 16
13 18
14 25
15 13
16 27
17 17
18 7
19 10
20 12
21 6
22 11
23 35
24 3
25 8
26 28
27 20
28 31
29 0
30 24
31 32
32 19
33 26
34 9
35 34
SIMILAR

30 7 34 13 27 23 8 28 6 22 31 15 25 9 5 24 11 14 17 21 0 29 18 2 26 20 33 35 16 10 12 19 3 4 1 32 
0 20
1 34
2 23
3 32
4 33
5 14
6 8
7 1
8 6
9 13
10 29
11 16
12 30
13 3
14 17
15 11
16 28
17 18
18 22
19 31
20 25
21 19
22 9
23 5
24 15
25 12
26 24
27 4
28 7
29 21
30 0
31 10
32 35
33 26
34 2
35 27
SIMILAR

12 24 7 16 33 0 23 20 3 30 29 32 1 25 17 31 26 35 28 34 22 4 5 8 6 19 14 11 15 2 18 21 9 13 27 10 
0 5
1 12
2 29
3 8
4 21
5 22
6 24
7 2
8 23
9 32
10 35
11 27
12 0
13 33
14 26
15 28
16 3
17 14
18 30
19 25
20 7
21 31
22 20
23 6
24 1
25 13
26 16
27 34
28 18
29 10
30 9
31 15
32 11
33 4
34 19
35 17
SIMILAR

20 33 13 19 15 25 4 6 34 14 17 16 10 5 31 27 35 21 3 24 0 23 1 32 9 12 8 18 30 2 22 7 11 26 28 29 
0 20
1 22
2 29
3 18
4 6
5 13
6 7
7 31
8 26
9 24
10 12
11 32
12 25
13 2
14 9
15 4
16 11
17 10
18 27
19 3
20 0
21 17
22 30
23 21
24 19
25 5
26 33
27 15
28 34
29 35
30 28
31 14
32 23
33 1
34 8
35 16
SIMILAR

16 35 32 11 23 9 13 29 22 20 14 31 1 18 26 6 21 4 34 15 24 30 2 10 0 12 25 19 33 27 28 17 5 3 8 7 
0 24
1 12
2 22
3 33
4 17
5 32
6 15
7 35
8 34
9 5
10 23
11 3
12 25
13 6
14 10
15 19
16 0
17 31
18 13
19 27
20 9
21 16
22 8
23 4
24 20
25 26
26 14
27 29
28 30
29 7
30 21
31 11
32 2
33 28
34 18
35 1
SIMILAR

19 21 20 9 1 14 15 18 23 24 12 2 25 13 8 33 5 31 17 30 26 28 10 16 32 34 3 0 22 7 4 29 35 11 27 6 
0 27
1 4
2 11
3 26
4 30
5 16
6 35
7 29
8 14
9 3
10 22
11 33
12 10
13 13
14 5
15 6
16 23
17 18
18 7
19 0
20 2
21 1
22 28
23 8
24 9
25 12
26 20
27 34
28 21
29 31
30 19
31 17
32 24
33 15
34 25
35 32
SIMILAR

2 33 29 17 16 9 19 26 12 27 6 21 0 35 10 15 22 5 7 24 11 4 25 30 13 8 31 34 32 18 23 20 14 28 1 3 
0 12
1 34
2 0
3 35
4 21
5 17
6 10
7 18
8 25
9 5
10 14
11 20
12 8
13 24
14 32
15 15
16 4
17 3
18 29
19 6
20 31
21 11
22 16
23 30
24 19
25 22
26 7
27 9
28 33
29 2
30 23
31 26
32 28
33 1
34 27
35 13
SIMILAR

33 31 13 11 20 19 27 35 24 5 25 32 2 1 17 18 16 28 3 9 26 14 22 15 10 7 4 6 21 0 30 12 23 34 8 29 
0 29
1 13
2 12
3 18
4 26
5 9
6 27
7 25
8 34
9 19
10 24
11 3
12 31
13 2
14 21
15 23
16 16
17 14
18 15
19 5
20 4
21 28
22 22
23 32
24 8
25 10
26 20
27 6
28 17
29 35
30 30
31 1
32 11
33 0
34 33
35 7
SIMILAR

33 19 34 0 7 9 1 10 22 31 35 11 21 13 3 18 8 4 20 26 24 29 5 17 14 15 12 25 30 6 23 2 27 16 28 32 
0 3
1 6
2 31
3 14
4 17
5 22
6 29
7 4
8 16
9 5
10 7
11 11
12 26
13 13
14 24
15 25
16 33
17 23
18 15
19 1
20 18
21 12
22 8
23 30
24 20
25 27
26 19
27 32
28 34
29 21
30 28
31 9
32 35
33 0
34 2
35 10
SIMILAR

32 9 18 11 8 13 16 28 3 26 30 33 0 23 2 5 19 7 24 21 20 25 1 34 4 17 31 14 29 35 6 22 15 12 27 10 
0 12
1 22
2 14
3 8
4 24
5 15
6 30
7 17
8 4
9 1
10 35
11 3
12 33
13 5
14 27
15 32
16 6
17 25
18 2
19 16
20 20
21 19
22 31
23 13
24 18
25 21
26 9
27 34
28 7
29 28
30 10
31 26
32 0
33 11
34 23
35 29
SIMILAR

8 18 0 25 22 35 16 2 21 12 14 13 34 33 31 5 7 3 17 26 10 27 15 28 9 4 30 23 19 11 20 6 32 24 29 1 
0 2
1 35
2 7
3 17
4 25
5 15
6 31
7 16
8 0
9 24
10 20
11 29
12 9
13 11
14 10
15 22
16 6
17 18
18 1
19 28
20 30
21 8
22 4
23 27
24 33
25 3
26 19
27 21
28 23
29 34
30 26
31 14
32 32
33 13
34 12
35 5
SIMILAR

22 29 7 33 16 35 6 2 26 17 30 9 3 27 14 15 5 10 24 12 21 34 31 23 25 0 20 32 13 11 28 4 19 1 8 18 
0 25
1 33
2 7
3 12
4 31
5 16
6 6
7 2
8 34
9 11
10 17
11 29
12 19
13 28
14 14
15 15
16 4
17 9
18 35
19 32
20 26
21 20
22 0
23 23
24 18
25 24
26 8
27 13
28 30
29 1
30 10
31 22
32 27
33 3
34 21
35 5
SIMILAR

29 9 23 30 33 20 25 14 24 15 18 13 5 34 0 8 31 4 11 35 28 19 7 17 27 21 1 10 2 12 22 32 26 6 3 16 
0 14
1 26
2 28
3 34
4 17
5 12
6 33
7 22
8 15
9 1
10 27
11 18
12 29
13 11
14 7
15 9
16 35
17 23
18 10
19 21
20 5
21 25
22 30
23 2
24 8
25 6
26 32
27 24
28 20
29 0
30 3
31 16
32 31
33 4
34 13
35 19
SIMILAR

16 3 17 31 32 2 33 18 21 4 26 5 9 8 14 27 24 28 7 11 0 13 34 25 6 23 22 10 30 20 35 29 15 19 1 12 
0 20
1 34
2 5
3 1
4 9
5 11
6 24
7 18
8 13
9 12
10 27
11 19
12 35
13 21
14 14
15 32
16 0
17 2
18 7
19 33
20 29
21 8
22 26
23 25
24 16
25 23
26 10
27 15
28 17
29 31
30 28
31 3
32 4
33 6
34 22
35 30
SIMILAR

34 20 23 25 26 9 30 17 5 18 31 10 32 4 16 1 24 3 29 8 6 21 7 13 27 22 19 2 33 35 11 15 28 14 12 0 
0 35
1 15
2 27
3 17
4 13
5 8
6 20
7 22
8 19
9 5
10 11
11 30
12 34
13 23
14 33
15 31
16 14
17 7
18 9
19 26
20 1
21 21
22 25
23 2
24 16
25 3
26 4
27 24
28 32
29 18
30 6
31 10
32 12
33 28
34 0
35 29
SIMILAR

0 19 1 7 4 35 28 17 9 26 30 6 25 33 29 3 12 32 24 16 21 20 14 10 8 18 22 34 13 23 27 2 15 11 5 31 
0 0
1 2
2 31
3 15
4 4
5 34
6 11
7 3
8 24
9 8
10 23
11 33
12 16
13 28
14 22
15 32
16 19
17 7
18 25
19 1
20 21
21 20
22 26
23 29
24 18
25 12
26 9
27 30
28 6
29 14
30 10
31 35
32 17
33 13
34 27
35 5
SIMILAR

4 19 6 3 8 0 9 24 10 14 27 15 7 5 1 16 22 18 28 17 25 11 21 32 34 29 35 26 31 2 13 33 12 30 20 23 
0 5
1 14
2 29
3 3
4 0
5 13
6 2
7 12
8 4
9 6
10 8
11 21
12 32
13 30
14 9
15 11
16 15
17 19
18 17
19 1
20 34
21 22
22 16
23 35
24 7
25 20
26 27
27 10
28 18
29 25
30 33
31 28
32 23
33 31
34 24
35 26
SIMILAR

16 35 34 31 2 0 4 32 9 26 8 18 1 33 21 12 17 5 6 30 25 27 13 22 29 20 24 28 14 10 19 11 7 15 23 3 
0 5
1 12
2 4
3 35
4 6
5 17
6 18
7 32
8 10
9 8
10 29
11 31
12 15
13 22
14 28
15 33
16 0
17 16
18 11
19 30
20 25
21 14
22 23
23 34
24 26
25 20
26 9
27 21
28 27
29 24
30 19
31 3
32 7
33 13
34 2
35 1
SIMILAR

2 17 10 5 22 33 32 16 24 31 0 27 12 3 9 21 35 4 34 6 26 23 14 15 28 19 20 18 1 29 8 25 11 30 7 13 
0 10
1 28
2 0
3 13
4 17
5 3
6 19
7 34
8 30
9 14
10 2
11 32
12 12
13 35
14 22
15 23
16 7
17 1
18 27
19 25
20 26
21 15
22 4
23 21
24 8
25 31
26 20
27 11
28 24
29 29
30 33
31 9
32 6
33 5
34 18
35 16
SIMILAR

35 25 1 20 0 19 3 21 23 30 13 26 18 9 14 16 34 29 27 28 31 32 5 11 2 4 6 10 24 7 17 12 8 15 22 33 
0 4
1 2
2 24
3 6
4 25
5 22
6 26
7 29
8 32
9 13
10 27
11 23
12 31
13 10
14 14
15 33
16 15
17 30
18 12
19 5
20 3
21 7
22 34
23 8
24 28
25 1
26 11
27 18
28 19
29 17
30 9
31 20
32 21
33 35
34 16
35 0
SIMILAR

3 12 19 23 20 6 4 29 16 14 1 32 15 9 2 27 35 10 5 30 28 34 18 7 0 31 8 13 25 33 21 17 24 26 22 11 
0 24
1 10
2 14
3 0
4 6
5 18
6 5
7 23
8 26
9 13
10 17
11 35
12 1
13 27
14 9
15 12
16 8
17 31
18 22
19 2
20 4
21 30
22 34
23 3
24 32
25 28
26 33
27 15
28 20
29 7
30 19
31 25
32 11
33 29
34 21
35 16
SIMILAR

13 34 11 10 20 22 2 7 23 27 15 4 29 16 19 32 12 8 17 3 0 30 9 6 14 35 25 31 1 21 33 5 18 28 26 24 
0 20
1 28
2 6
3 19
4 11
5 31
6 23
7 7
8 17
9 22
10 3
11 2
12 16
13 0
14 24
15 10
16 13
17 18
18 32
19 14
20 4
21 29
22 5
23 8
24 35
25 26
26 34
27 9
28 33
29 12
30 21
31 27
32 15
33 30
34 1
35 25
SIMILAR

28 10 34 24 35 17 7 18 8 4 3 1 0 31 25 16 21 15 13 29 2 19 5 23 6 14 12 27 33 20 11 9 32 22 26 30 
0 12
1 11
2 20
3 10
4 9
5 22
6 24
7 6
8 8
9 31
10 1
11 30
12 26
13 18
14 25
15 17
16 15
17 5
18 7
19 21
20 29
21 16
22 33
23 23
24 3
25 14
26 34
27 27
28 0
29 19
30 35
31 13
32 32
33 28
34 2
35 4
SIMILAR

6 0 25 24 1 11 23 18 9 17 10 4 19 29 20 22 12 30 35 3 8 33 28 13 7 27 16 14 26 21 2 5 32 31 34 15 
0 1
1 4
2 30
3 19
4 11
5 31
6 0
7 24
8 20
9 8
10 10
11 5
12 16
13 23
14 27
15 35
16 26
17 9
18 7
19 12
20 14
21 29
22 15
23 6
24 3
25 2
26 28
27 25
28 22
29 13
30 17
31 33
32 32
33 21
34 34
35 18
SIMILAR

9 14 16 29 26 15 4 35 30 5 13 23 1 11 21 22 27 33 19 7 25 31 3 2 24 34 10 17 28 18 12 6 32 8 0 20 
0 34
1 12
2 23
3 22
4 6
5 9
6 31
7 19
8 33
9 0
10 26
11 13
12 30
13 10
14 1
15 5
16 2
17 27
18 29
19 18
20 35
21 14
22 15
23 11
24 24
25 20
26 4
27 16
28 28
29 3
30 8
31 21
32 32
33 17
34 25
35 7
SIMILAR

4 1 25 11 16 15 5 14 9 8 34 2 10 21 20 24 12 33 6 26 30 32 13 3 28 23 7 29 31 35 22 17 27 18 19 0 
0 35
1 1
2 11
3 23
4 0
5 6
6 18
7 26
8 9
9 8
10 12
11 3
12 16
13 22
14 7
15 5
16 4
17 31
18 33
19 34
20 14
21 13
22 30
23 25
24 15
25 2
26 19
27 32
28 24
29 27
30 20
31 28
32 21
33 17
34 10
35 29
SIMILAR

6 30 14 32 1 3 27 25 26 9 11 0 4 34 18 13 31 35 28 7 19 33 15 10 17 24 20 5 12 8 21 29 2 16 23 22 
0 11
1 4
2 32
3 5
4 12
5 27
6 0
7 19
8 29
9 9
10 23
11 10
12 28
13 15
14 2
15 22
16 33
17 24
18 14
19 20
20 26
21 30
22 35
23 34
24 25
25 7
26 8
27 6
28 18
29 31
30 1
31 16
32 3
33 21
34 13
35 17
SIMILAR

1 10 22 14 23 17 3 7 18 24 32 9 35 19 34 15 11 33 28 12 2 0 21 6 8 27 13 26 31 30 5 25 4 20 16 29 
0 21
1 0
2 20
3 6
4 32
5 30
6 23
7 7
8 24
9 11
10 1
11 16
12 19
13 26
14 3
15 15
16 34
17 5
18 8
19 13
20 33
21 22
22 2
23 4
24 9
25 31
26 27
27 25
28 18
29 35
30 29
31 28
32 10
33 17
34 14
35 12
SIMILAR

24 1 15 5 20 23 16 18 2 27 6 17 9 30 10 4 13 32 35 8 22 0 21 28 33 14 29 26 12 25 7 34 11 31 19 3 
0 21
1 1
2 8
3 35
4 15
5 3
6 10
7 30
8 19
9 12
10 14
11 32
12 28
13 16
14 25
15 2
16 6
17 11
18 7
19 34
20 4
21 22
22 20
23 5
24 0
25 29
26 27
27 9
28 23
29 26
30 13
31 33
32 17
33 24
34 31
35 18
SIMILAR

2 21 1 11 26 35 27 9 7 12 3 33 19 25 18 8 20 17 28 15 32 31 22 34 5 6 14 4 24 30 23 29 16 13 0 10 
0 34
1 2
2 0
3 10
4 27
5 24
6 25
7 8
8 15
9 7
10 35
11 3
12 9
13 33
14 26
15 19
16 32
17 17
18 14
19 12
20 16
21 1
22 22
23 30
24 28
25 13
26 4
27 6
28 18
29 31
30 29
31 21
32 20
33 11
34 23
35 5
SIMILAR

16 30 10 25 7 34 17 2 1 24 33 11 4 18 6 8 28 19 0 27 32 21 29 9 3 23 22 5 31 12 13 35 20 14 15 26 
0 18
1 8
2 7
3 24
4 12
5 27
6 14
7 4
8 15
9 23
10 2
11 11
12 29
13 30
14 33
15 34
16 0
17 6
18 13
19 17
20 32
21 21
22 26
23 25
24 9
25 3
26 35
27 19
28 16
29 22
30 1
31 28
32 20
33 10
34 5
35 31
SIMILAR

11 14 22 16 15 8 5 17 20 25 28 32 6 9 30 31 33 2 13 4 29 10 21 7 3 35 24 27 0 19 34 18 1 26 23 12 
0 28
1 32
2 17
3 24
4 19
5 6
6 12
7 23
8 5
9 13
10 21
11 0
12 35
13 18
14 1
15 4
16 3
17 7
18 31
19 29
20 8
21 22
22 2
23 34
24 26
25 9
26 33
27 27
28 10
29 20
30 14
31 15
32 11
33 16
34 30
35 25
SIMILAR

32 16 8 27 5 0 17 4 9 30 10 14 23 15 1 18 13 20 24 6 34 19 29 7 12 31 35 21 11 2 26 33 22 3 28 25 
0 5
1 14
2 29
3 33
4 7
5 4
6 19
7 23
8 2
9 8
10 10
11 28
12 24
13 16
14 11
15 13
16 1
17 6
18 15
19 21
20 17
21 27
22 32
23 12
24 18
25 35
26 30
27 3
28 34
29 22
30 9
31 25
32 0
33 31
34 20
35 26
SIMILAR

29 26 35 14 7 4 10 16 27 2 18 24 31 1 9 23 34 11 30 21 13 28 0 25 17 32 5 12 22 33 15 19 20 8 6 3 
0 22
1 13
2 9
3 35
4 5
5 26
6 34
7 4
8 33
9 14
10 6
11 17
12 27
13 20
14 3
15 30
16 7
17 24
18 10
19 31
20 32
21 19
22 28
23 15
24 11
25 23
26 1
27 8
28 21
29 0
30 18
31 12
32 25
33 29
34 16
35 2
SIMILAR

4 10 11 21 29 33 15 35 32 22 16 14 31 26 2 0 34 13 30 1 9 5 25 7 19 27 8 18 24 6 20 12 17 3 28 23 
0 15
1 19
2 14
3 33
4 0
5 21
6 29
7 23
8 26
9 20
10 1
11 2
12 31
13 17
14 11
15 6
16 10
17 32
18 27
19 24
20 30
21 3
22 9
23 35
24 28
25 22
26 13
27 25
28 34
29 4
30 18
31 12
32 8
33 5
34 16
35 7
SIMILAR

27 21 4 19 2 7 25 17 10 1 23 8 12 24 14 5 22 11 35 6 15 13 28 26 9 31 3 0 18 34 33 29 16 32 20 30 
0 27
1 9
2 4
3 26
4 2
5 15
6 19
7 5
8 11
9 24
10 8
11 17
12 12
13 21
14 14
15 20
16 32
17 7
18 28
19 3
20 34
21 1
22 16
23 10
24 13
25 6
26 23
27 0
28 22
29 31
30 35
31 25
32 33
33 30
34 29
35 18
SIMILAR

31 3 14 12 25 13 32 34 30 20 5 29 6 27 33 9 19 11 0 23 21 15 4 2 35 28 7 1 18 22 10 8 26 16 17 24 
0 18
1 27
2 23
3 1
4 22
5 10
6 12
7 26
8 31
9 15
10 30
11 17
12 3
13 5
14 2
15 21
16 33
17 34
18 28
19 16
20 9
21 20
22 29
23 19
24 35
25 4
26 32
27 13
28 25
29 11
30 8
31 0
32 6
33 14
34 7
35 24
SIMILAR

28 31 10 30 4 7 20 5 17 16 14 26 15 23 13 22 8 6 27 19 21 33 0 1 2 12 18 3 9 11 35 32 25 24 34 29 
0 22
1 23
2 24
3 27
4 4
5 7
6 17
7 5
8 16
9 28
10 2
11 29
12 25
13 14
14 10
15 12
16 9
17 8
18 26
19 19
20 6
21 20
22 15
23 13
24 33
25 32
26 11
27 18
28 0
29 35
30 3
31 1
32 31
33 21
34 34
35 30
SIMILAR

5 32 30 21 29 22 20 19 6 7 2 26 31 15 10 11 23 27 35 9 28 34 16 1 8 17 18 33 0 3 14 12 4 13 24 25 
0 28
1 23
2 10
3 29
4 32
5 0
6 8
7 9
8 24
9 19
10 14
11 15
12 31
13 33
14 30
15 13
16 22
17 25
18 26
19 7
20 6
21 3
22 5
23 16
24 34
25 35
26 11
27 17
28 20
29 4
30 2
31 12
32 1
33 27
34 21
35 18
SIMILAR

34 7 6 25 1 29 20 18 33 28 23 19 3 21 31 14 17 11 27 24 32 35 5 4 16 26 8 30 2 0 9 12 13 10 22 15 
0 29
1 4
2 28
3 12
4 23
5 22
6 2
7 1
8 26
9 30
10 33
11 17
12 31
13 32
14 15
15 35
16 24
17 16
18 7
19 11
20 6
21 13
22 34
23 10
24 19
25 3
26 25
27 18
28 9
29 5
30 27
31 14
32 20
33 8
34 0
35 21
SIMILAR

18 17 27 25 15 6 13 24 20 10 5 12 34 29 3 7 0 11 19 8 35 4 23 22 32 28 31 16 21 2 9 14 26 30 33 1 
0 16
1 35
2 29
3 14
4 21
5 10
6 5
7 15
8 19
9 30
10 9
11 17
12 11
13 6
14 31
15 4
16 27
17 1
18 0
19 18
20 8
21 28
22 23
23 22
24 7
25 3
26 32
27 2
28 25
29 13
30 33
31 26
32 24
33 34
34 12
35 20
SIMILAR

33 24 22 7 20 14 6 12 32 0 19 5 16 26 1 4 34 28 10 27 29 23 31 21 25 17 35 11 9 13 8 2 15 30 3 18 
0 9
1 14
2 31
3 34
4 15
5 11
6 6
7 3
8 30
9 28
10 18
11 27
12 7
13 29
14 5
15 32
16 12
17 25
18 35
19 10
20 4
21 23
22 2
23 21
24 1
25 24
26 13
27 19
28 17
29 20
30 33
31 22
32 8
33 0
34 16
35 26
SIMILAR

34 30 19 10 21 20 4 16 13 6 23 0 32 7 3 14 27 26 1 28 33 29 8 5 11 24 35 12 9 2 25 17 31 22 15 18 
0 11
1 18
2 29
3 14
4 6
5 23
6 9
7 13
8 22
9 28
10 3
11 24
12 27
13 8
14 15
15 34
16 7
17 31
18 35
19 2
20 5
21 4
22 33
23 10
24 25
25 30
26 17
27 16
28 19
29 21
30 1
31 32
32 12
33 20
34 0
35 26
SIMILAR

3 8 35 2 20 34 30 16 9 4 6 15 5 0 32 28 24 18 1 33 23 27 29 21 17 10 7 31 12 22 25 19 13 14 11 26 
0 13
1 18
2 3
3 0
4 9
5 12
6 10
7 26
8 1
9 8
10 25
11 34
12 28
13 32
14 33
15 11
16 7
17 24
18 17
19 31
20 4
21 23
22 29
23 20
24 16
25 30
26 35
27 21
28 15
29 22
30 6
31 27
32 14
33 19
34 5
35 2
SIMILAR

33 7 31 2 21 11 14 27 8 5 13 17 28 35 30 32 4 1 20 19 6 3 18 24 12 15 25 23 22 10 26 0 29 16 9 34 
0 31
1 17
2 3
3 21
4 16
5 9
6 20
7 1
8 8
9 34
10 29
11 5
12 24
13 10
14 6
15 25
16 33
17 11
18 22
19 19
20 18
21 4
22 28
23 27
24 23
25 26
26 30
27 7
28 12
29 32
30 14
31 2
32 15
33 0
34 35
35 13
SIMILAR

30 23 21 33 13 1 4 22 2 20 35 32 26 17 31 12 24 9 34 29 16 18 14 0 25 10 7 15 6 19 5 27 28 11 3 8 
0 23
1 5
2 8
3 34
4 6
5 30
6 28
7 26
8 35
9 17
10 25
11 33
12 15
13 4
14 22
15 27
16 20
17 13
18 21
19 29
20 9
21 2
22 7
23 1
24 16
25 24
26 12
27 31
28 32
29 19
30 0
31 14
32 11
33 3
34 18
35 10
SIMILAR

22 11 19 35 7 5 26 18 12 31 6 14 33 25 29 20 16 28 27 15 21 23 9 0 8 13 10 4 17 30 32 3 1 2 34 24 
0 23
1 32
2 33
3 31
4 27
5 5
6 10
7 4
8 24
9 22
10 26
11 1
12 8
13 25
14 11
15 19
16 16
17 28
18 7
19 2
20 15
21 20
22 0
23 21
24 35
25 13
26 6
27 18
28 17
29 14
30 29
31 9
32 30
33 12
34 34
35 3
SIMILAR

18 31 8 28 9 33 32 35 27 10 6 11 5 25 2 12 3 4 16 20 34 24 7 30 1 14 15 0 22 26 17 19 23 21 29 13 
0 27
1 24
2 14
3 16
4 17
5 12
6 10
7 22
8 2
9 4
10 9
11 11
12 15
13 35
14 25
15 26
16 18
17 30
18 0
19 31
20 19
21 33
22 28
23 32
24 21
25 13
26 29
27 8
28 3
29 34
30 23
31 1
32 6
33 5
34 20
35 7
SIMILAR

3 2 18 19 9 20 17 8 23 35 30 13 5 11 21 6 16 28 14 29 25 12 0 26 22 10 4 24 15 27 31 7 34 1 32 33 
0 22
1 33
2 1
3 0
4 26
5 12
6 15
7 31
8 7
9 4
10 25
11 13
12 21
13 11
14 18
15 28
16 16
17 6
18 2
19 3
20 5
21 14
22 24
23 8
24 27
25 20
26 23
27 29
28 17
29 19
30 10
31 30
32 34
33 35
34 32
35 9
SIMILAR

14 2 8 26 32 3 9 16 27 15 19 17 22 10 0 4 12 31 13 20 7 25 1 18 21 33 11 29 30 6 28 34 23 5 24 35 
0 14
1 22
2 1
3 5
4 15
5 33
6 29
7 20
8 2
9 6
10 13
11 26
12 16
13 18
14 0
15 9
16 7
17 11
18 23
19 10
20 19
21 24
22 12
23 32
24 34
25 21
26 3
27 8
28 30
29 27
30 28
31 17
32 4
33 25
34 31
35 35
SIMILAR

18 5 21 6 8 22 7 9 29 25 24 26 3 0 16 27 32 14 1 15 30 35 17 2 28 33 11 19 13 4 34 12 10 20 23 31 
0 13
1 18
2 23
3 12
4 29
5 1
6 3
7 6
8 4
9 7
10 32
11 26
12 31
13 28
14 17
15 19
16 14
17 22
18 0
19 27
20 33
21 2
22 5
23 34
24 10
25 9
26 11
27 15
28 24
29 8
30 20
31 35
32 16
33 25
34 30
35 21
SIMILAR

25 5 15 9 31 21 13 35 24 14 22 27 30 6 28 23 0 16 7 12 10 34 33 19 17 29 8 1 32 26 18 20 3 2 11 4 
0 16
1 27
2 33
3 32
4 35
5 1
6 13
7 18
8 26
9 3
10 20
11 34
12 19
13 6
14 9
15 2
16 17
17 24
18 30
19 23
20 31
21 5
22 10
23 15
24 8
25 0
26 29
27 11
28 14
29 25
30 12
31 4
32 28
33 22
34 21
35 7
SIMILAR

1 6 3 19 10 28 23 4 18 22 29 11 33 9 17 21 5 13 30 35 20 8 25 24 16 14 32 31 2 27 15 0 26 7 34 12 
0 31
1 0
2 28
3 2
4 7
5 16
6 1
7 33
8 21
9 13
10 4
11 11
12 35
13 17
14 25
15 30
16 24
17 14
18 8
19 3
20 20
21 15
22 9
23 6
24 23
25 22
26 32
27 29
28 5
29 10
30 18
31 27
32 26
33 12
34 34
35 19
SIMILAR

26 33 20 21 13 17 11 16 19 15 35 4 8 30 14 10 6 1 0 24 34 12 3 28 9 23 32 7 22 2 29 31 5 27 18 25 
0 18
1 17
2 29
3 22
4 11
5 32
6 16
7 27
8 12
9 24
10 15
11 6
12 21
13 4
14 14
15 9
16 7
17 5
18 34
19 8
20 2
21 3
22 28
23 25
24 19
25 35
26 0
27 33
28 23
29 30
30 13
31 31
32 26
33 1
34 20
35 10
SIMILAR

29 14 32 34 23 24 17 26 3 31 12 5 28 0 13 9 11 1 27 20 33 25 15 10 6 4 8 30 16 7 22 19 18 35 2 21 
0 13
1 17
2 34
3 8
4 25
5 11
6 24
7 29
8 26
9 15
10 23
11 16
12 10
13 14
14 1
15 22
16 28
17 6
18 32
19 31
20 19
21 35
22 30
23 4
24 5
25 21
26 7
27 18
28 12
29 0
30 27
31 9
32 2
33 20
34 3
35 33
SIMILAR

2 8 9 3 25 7 13 31 28 19 12 27 10 20 18 14 6 22 30 23 16 26 1 0 21 5 11 29 32 35 17 15 4 24 33 34 
0 23
1 22
2 0
3 3
4 32
5 25
6 16
7 5
8 1
9 2
10 12
11 26
12 10
13 6
14 15
15 31
16 20
17 30
18 14
19 9
20 13
21 24
22 17
23 19
24 33
25 4
26 21
27 11
28 8
29 27
30 18
31 7
32 28
33 34
34 35
35 29
SIMILAR

2 11 31 18 14 27 4 30 28 23 7 26 22 24 6 16 25 12 19 17 5 33 21 20 13 10 1 0 9 29 8 15 3 34 35 32 
0 27
1 26
2 0
3 32
4 6
5 20
6 14
7 10
8 30
9 28
10 25
11 1
12 17
13 24
14 4
15 31
16 15
17 19
18 3
19 18
20 23
21 22
22 12
23 9
24 13
25 16
26 11
27 5
28 8
29 29
30 7
31 2
32 35
33 21
34 33
35 34
SIMILAR

16 8 2 25 15 33 26 30 21 27 12 32 6 20 13 4 10 19 14 18 5 35 3 7 34 9 28 1 23 11 31 0 22 29 24 17 
0 31
1 27
2 2
3 22
4 15
5 20
6 12
7 23
8 1
9 25
10 16
11 29
12 10
13 14
14 18
15 4
16 0
17 35
18 19
19 17
20 13
21 8
22 32
23 28
24 34
25 3
26 6
27 9
28 26
29 33
30 7
31 30
32 11
33 5
34 24
35 21
SIMILAR

6 1 34 17 35 30 9 33 26 4 29 11 15 25 28 23 19 10 31 8 21 7 3 18 32 14 2 13 0 5 27 20 12 16 24 22 
0 28
1 1
2 26
3 22
4 9
5 29
6 0
7 21
8 19
9 6
10 17
11 11
12 32
13 27
14 25
15 12
16 33
17 3
18 23
19 16
20 31
21 20
22 35
23 15
24 34
25 13
26 8
27 30
28 14
29 10
30 5
31 18
32 24
33 7
34 2
35 4
SIMILAR

16 10 6 1 24 26 13 7 35 21 11 8 5 25 3 20 27 22 19 15 9 18 28 31 33 2 23 4 17 30 14 0 34 32 12 29 
0 31
1 3
2 25
3 14
4 27
5 12
6 2
7 7
8 11
9 20
10 1
11 10
12 34
13 6
14 30
15 19
16 0
17 28
18 21
19 18
20 15
21 9
22 17
23 26
24 4
25 13
26 5
27 16
28 22
29 35
30 29
31 23
32 33
33 24
34 32
35 8
SIMILAR

26 1 33 0 25 7 34 28 2 20 31 12 8 30 10 21 15 4 18 24 9 35 22 13 29 3 5 32 23 19 6 11 27 16 14 17 
0 3
1 1
2 8
3 25
4 17
5 26
6 30
7 5
8 12
9 20
10 14
11 31
12 11
13 23
14 34
15 16
16 33
17 35
18 18
19 29
20 9
21 15
22 22
23 28
24 19
25 4
26 0
27 32
28 7
29 24
30 13
31 10
32 27
33 2
34 6
35 21
SIMILAR

12 13 30 33 17 5 26 22 9 31 2 28 19 11 23 15 35 3 1 10 24 18 4 14 6 32 21 27 25 7 16 8 34 0 20 29 
0 33
1 18
2 10
3 17
4 22
5 5
6 24
7 29
8 31
9 8
10 19
11 13
12 0
13 1
14 23
15 15
16 30
17 4
18 21
19 12
20 34
21 26
22 7
23 14
24 20
25 28
26 6
27 27
28 11
29 35
30 2
31 9
32 25
33 3
34 32
35 16
SIMILAR

13 32 10 27 7 22 29 0 9 25 1 18 14 6 31 24 11 12 2 21 15 26 33 19 23 17 4 35 30 16 34 8 20 3 28 5 
0 7
1 10
2 18
3 33
4 26
5 35
6 13
7 4
8 31
9 8
10 2
11 16
12 17
13 0
14 12
15 20
16 29
17 25
18 11
19 23
20 32
21 19
22 5
23 24
24 15
25 9
26 21
27 3
28 34
29 6
30 28
31 14
32 1
33 22
34 30
35 27
SIMILAR

35 31 19 8 5 10 22 11 29 20 25 32 9 14 21 15 30 12 1 17 34 33 13 7 0 16 27 3 4 23 26 18 24 2 6 28 
0 24
1 18
2 33
3 27
4 28
5 4
6 34
7 23
8 3
9 12
10 5
11 7
12 17
13 22
14 13
15 15
16 25
17 19
18 31
19 2
20 9
21 14
22 6
23 29
24 32
25 10
26 30
27 26
28 35
29 8
30 16
31 1
32 11
33 21
34 20
35 0
SIMILAR

28 23 18 1 6 8 15 5 20 0 9 13 21 31 4 29 10 22 19 3 12 27 7 30 25 33 2 17 16 24 26 11 35 34 14 32 
0 9
1 3
2 26
3 19
4 14
5 7
6 4
7 22
8 5
9 10
10 16
11 31
12 20
13 11
14 34
15 6
16 28
17 27
18 2
19 18
20 8
21 12
22 17
23 1
24 29
25 24
26 30
27 21
28 0
29 15
30 23
31 13
32 35
33 25
34 33
35 32
SIMILAR

8 25 13 22 21 12 7 20 26 3 5 4 31 18 15 1 32 9 10 17 11 0 27 6 16 24 35 33 14 34 2 28 29 19 30 23 
0 21
1 15
2 30
3 9
4 11
5 10
6 23
7 6
8 0
9 17
10 18
11 20
12 5
13 2
14 28
15 14
16 24
17 19
18 13
19 33
20 7
21 4
22 3
23 35
24 25
25 1
26 8
27 22
28 31
29 32
30 34
31 12
32 16
33 27
34 29
35 26
SIMILAR

31 29 24 17 25 1 34 27 19 18 11 13 16 0 30 3 7 35 2 26 14 32 20 5 12 15 28 23 6 8 10 33 22 9 21 4 
0 13
1 5
2 18
3 15
4 35
5 23
6 28
7 16
8 29
9 33
10 30
11 10
12 24
13 11
14 20
15 25
16 12
17 3
18 9
19 8
20 22
21 34
22 32
23 27
24 2
25 4
26 19
27 7
28 26
29 1
30 14
31 0
32 21
33 31
34 6
35 17
SIMILAR

21 10 8 3 25 30 0 27 28 33 6 17 31 16 20 26 4 34 18 14 24 23 11 7 5 13 22 32 2 35 29 19 12 1 15 9 
0 6
1 33
2 28
3 3
4 16
5 24
6 10
7 23
8 2
9 35
10 1
11 22
12 32
13 25
14 19
15 34
16 13
17 11
18 18
19 31
20 14
21 0
22 26
23 21
24 20
25 4
26 15
27 7
28 8
29 30
30 5
31 12
32 27
33 9
34 17
35 29
SIMILAR

23 30 8 0 22 27 25 20 31 33 4 3 24 12 17 7 9 29 1 26 16 35 21 14 15 32 13 34 10 19 6 5 2 18 11 28 
0 3
1 18
2 32
3 11
4 10
5 31
6 30
7 15
8 2
9 16
10 28
11 34
12 13
13 26
14 23
15 24
16 20
17 14
18 33
19 29
20 7
21 22
22 4
23 0
24 12
25 6
26 19
27 5
28 35
29 17
30 1
31 8
32 25
33 9
34 27
35 21
SIMILAR

3 7 35 31 33 1 17 32 5 21 34 26 19 29 11 10 14 28 0 20 6 12 2 8 13 9 22 30 15 18 24 27 16 23 4 25 
0 18
1 5
2 22
3 0
4 34
5 8
6 20
7 1
8 23
9 25
10 15
11 14
12 21
13 24
14 16
15 28
16 32
17 6
18 29
19 12
20 19
21 9
22 26
23 33
24 30
25 35
26 11
27 31
28 17
29 13
30 27
31 3
32 7
33 4
34 10
35 2
SIMILAR

24 22 19 9 20 30 31 27 14 28 3 29 23 25 34 13 35 33 8 10 5 18 17 16 26 4 1 0 2 12 21 11 15 7 32 6 
0 27
1 26
2 28
3 10
4 25
5 20
6 35
7 33
8 18
9 3
10 19
11 31
12 29
13 15
14 8
15 32
16 23
17 22
18 21
19 2
20 4
21 30
22 1
23 12
24 0
25 13
26 24
27 7
28 9
29 11
30 5
31 6
32 34
33 17
34 14
35 16
SIMILAR

15 27 33 11 35 24 26 32 25 28 31 0 18 14 17 6 8 34 2 20 16 30 4 9 22 29 7 5 10 13 12 19 1 3 21 23 
0 11
1 32
2 18
3 33
4 22
5 27
6 15
7 26
8 16
9 23
10 28
11 3
12 30
13 29
14 13
15 0
16 20
17 14
18 12
19 31
20 19
21 34
22 24
23 35
24 5
25 8
26 6
27 1
28 9
29 25
30 21
31 10
32 7
33 2
34 17
35 4
SIMILAR

13 24 2 0 22 1 25 4 23 32 3 35 9 14 19 20 31 21 15 18 12 10 8 7 30 17 6 33 27 29 11 28 34 26 5 16 
0 3
1 5
2 2
3 10
4 7
5 34
6 26
7 23
8 22
9 12
10 21
11 30
12 20
13 0
14 13
15 18
16 35
17 25
18 19
19 14
20 15
21 17
22 4
23 8
24 1
25 6
26 33
27 28
28 31
29 29
30 24
31 16
32 9
33 27
34 32
35 11
SIMILAR

24 30 1 34 14 33 7 32 0 10 11 29 6 17 12 5 23 8 15 13 2 16 25 4 27 28 3 22 9 35 21 26 18 31 19 20 
0 8
1 2
2 20
3 26
4 23
5 15
6 12
7 6
8 17
9 28
10 9
11 10
12 14
13 19
14 4
15 18
16 21
17 13
18 32
19 34
20 35
21 30
22 27
23 16
24 0
25 22
26 31
27 24
28 25
29 11
30 1
31 33
32 7
33 5
34 3
35 29
SIMILAR

20 5 23 8 16 9 28 12 21 34 2 18 33 7 13 6 26 10 19 29 1 24 3 27 35 15 22 11 32 17 31 0 25 14 4 30 
0 31
1 20
2 10
3 22
4 34
5 1
6 15
7 13
8 3
9 5
10 17
11 27
12 7
13 14
14 33
15 25
16 4
17 29
18 11
19 18
20 0
21 8
22 26
23 2
24 21
25 32
26 16
27 23
28 6
29 19
30 35
31 30
32 28
33 12
34 9
35 24
SIMILAR

22 35 21 0 25 2 8 11 18 30 12 6 19 29 16 9 13 4 5 10 17 23 32 7 28 20 27 33 14 34 15 24 31 3 1 26 
0 3
1 34
2 5
3 33
4 17
5 18
6 11
7 23
8 6
9 15
10 19
11 7
12 10
13 16
14 28
15 30
16 14
17 20
18 8
19 12
20 25
21 2
22 0
23 21
24 31
25 4
26 35
27 26
28 24
29 13
30 9
31 32
32 22
33 27
34 29
35 1
SIMILAR

20 19 9 33 5 14 7 31 11 35 0 34 26 10 27 6 25 4 3 28 17 18 23 24 1 2 8 15 13 21 29 22 30 12 16 32 
0 10
1 24
2 25
3 18
4 17
5 4
6 15
7 6
8 26
9 2
10 13
11 8
12 33
13 28
14 5
15 27
16 34
17 20
18 21
19 1
20 0
21 29
22 31
23 22
24 23
25 16
26 12
27 14
28 19
29 30
30 32
31 7
32 35
33 3
34 11
35 9
SIMILAR

7 20 32 12 8 22 17 35 23 21 24 0 30 5 19 4 28 9 33 34 29 11 1 31 3 2 13 15 6 26 25 16 10 18 14 27 
0 11
1 22
2 25
3 24
4 15
5 13
6 28
7 0
8 4
9 17
10 32
11 21
12 3
13 26
14 34
15 27
16 31
17 6
18 33
19 14
20 1
21 9
22 5
23 8
24 10
25 30
26 29
27 35
28 16
29 20
30 12
31 23
32 2
33 18
34 19
35 7
SIMILAR

12 6 35 14 11 2 18 10 20 22 4 8 16 33 1 13 25 0 24 19 31 3 26 5 7 30 32 15 29 17 23 28 21 34 27 9 
0 17
1 14
2 5
3 21
4 10
5 23
6 1
7 24
8 11
9 35
10 7
11 4
12 0
13 15
14 3
15 27
16 12
17 29
18 6
19 19
20 8
21 32
22 9
23 30
24 18
25 16
26 22
27 34
28 31
29 28
30 25
31 20
32 26
33 13
34 33
35 2
SIMILAR

21 33 31 10 6 23 2 35 0 18 9 14 26 19 22 34 7 25 28 13 15 17 3 29 12 4 24 27 1 5 11 32 20 8 30 16 
0 8
1 28
2 6
3 22
4 25
5 29
6 4
7 16
8 33
9 10
10 3
11 30
12 24
13 19
14 11
15 20
16 35
17 21
18 9
19 13
20 32
21 0
22 14
23 5
24 26
25 17
26 12
27 27
28 18
29 23
30 34
31 2
32 31
33 1
34 15
35 7
SIMILAR

0 34 35 18 1 23 14 11 24 8 29 32 13 3 27 28 16 22 21 2 20 25 15 30 10 6 9 4 33 26 5 17 31 7 12 19 
0 0
1 4
2 19
3 13
4 27
5 30
6 25
7 33
8 9
9 26
10 24
11 7
12 34
13 12
14 6
15 22
16 16
17 31
18 3
19 35
20 20
21 18
22 17
23 5
24 8
25 21
26 29
27 14
28 15
29 10
30 23
31 32
32 11
33 28
34 1
35 2
SIMILAR

21 33 23 3 28 14 8 5 18 35 1 17 7 11 2 27 22 29 34 9 32 0 19 4 10 6 24 25 30 26 16 12 20 31 15 13 
0 21
1 10
2 14
3 3
4 23
5 7
6 25
7 12
8 6
9 19
10 24
11 13
12 31
13 35
14 5
15 34
16 30
17 11
18 8
19 22
20 32
21 0
22 16
23 2
24 26
25 27
26 29
27 15
28 4
29 17
30 28
31 33
32 20
33 1
34 18
35 9
SIMILAR

24 18 9 8 5 31 17 27 3 1 10 28 0 7 30 12 4 35 13 14 21 16 29 6 19 20 11 22 32 25 26 15 23 2 34 33 
0 12
1 9
2 33
3 8
4 16
5 4
6 23
7 13
8 3
9 2
10 10
11 26
12 15
13 18
14 19
15 31
16 21
17 6
18 1
19 24
20 25
21 20
22 27
23 32
24 0
25 29
26 30
27 7
28 11
29 22
30 14
31 5
32 28
33 35
34 34
35 17
SIMILAR

4 18 26 24 13 12 28 5 0 21 9 33 17 3 25 8 30 6 10 2 15 1 29 31 20 23 11 34 27 35 16 14 22 32 7 19 
0 8
1 21
2 19
3 13
4 0
5 7
6 17
7 34
8 15
9 10
10 18
11 26
12 5
13 4
14 31
15 20
16 30
17 12
18 1
19 35
20 24
21 9
22 32
23 25
24 3
25 14
26 2
27 28
28 6
29 22
30 16
31 23
32 33
33 11
34 27
35 29
SIMILAR

25 30 17 18 19 9 1 14 0 20 27 26 21 28 5 11 7 3 31 29 22 33 13 34 16 24 32 8 10 12 4 35 23 15 6 2 
0 8
1 6
2 35
3 17
4 30
5 14
6 34
7 16
8 27
9 5
10 28
11 15
12 29
13 22
14 7
15 33
16 24
17 2
18 3
19 4
20 9
21 12
22 20
23 32
24 25
25 0
26 11
27 10
28 13
29 19
30 1
31 18
32 26
33 21
34 23
35 31
SIMILAR

26 34 28 21 25 7 20 30 8 5 15 19 11 9 29 14 6 24 2 22 27 33 17 0 23 32 12 4 1 13 3 35 10 31 18 16 
0 23
1 28
2 18
3 30
4 27
5 9
6 16
7 5
8 8
9 13
10 32
11 12
12 26
13 29
14 15
15 10
16 35
17 22
18 34
19 11
20 6
21 3
22 19
23 24
24 17
25 4
26 0
27 20
28 2
29 14
30 7
31 33
32 25
33 21
34 1
35 31
SIMILAR

18 12 11 21 34 25 7 16 5 33 1 2 24 28 4 29 35 13 17 3 8 14 27 15 31 9 20 32 30 26 19 0 10 6 23 22 
0 31
1 10
2 11
3 19
4 14
5 8
6 33
7 6
8 20
9 25
10 32
11 2
12 1
13 17
14 21
15 23
16 7
17 18
18 0
19 30
20 26
21 3
22 35
23 34
24 12
25 5
26 29
27 22
28 13
29 15
30 28
31 24
32 27
33 9
34 4
35 16
SIMILAR

21 25 34 31 30 19 27 12 32 26 16 10 11 14 20 7 24 15 28 6 18 4 8 0 2 13 29 5 33 9 1 3 22 23 17 35 
0 23
1 30
2 24
3 31
4 21
5 27
6 19
7 15
8 22
9 29
10 11
11 12
12 7
13 25
14 13
15 17
16 10
17 34
18 20
19 5
20 14
21 0
22 32
23 33
24 16
25 1
26 9
27 6
28 18
29 26
30 4
31 3
32 8
33 28
34 2
35 35
SIMILAR

32 22 11 29 24 4 33 18 27 13 12 17 7 16 10 21 19 8 3 1 28 6 0 5 9 25 34 2 26 31 20 15 23 30 14 35 
0 22
1 19
2 27
3 18
4 5
5 23
6 21
7 12
8 17
9 24
10 14
11 2
12 10
13 9
14 34
15 31
16 13
17 11
18 7
19 16
20 30
21 15
22 1
23 32
24 4
25 25
26 28
27 8
28 20
29 3
30 33
31 29
32 0
33 6
34 26
35 35
SIMILAR

33 30 14 35 10 18 16 25 2 13 28 8 19 7 0 3 17 23 15 27 21 31 34 26 24 5 20 22 32 6 9 29 12 11 4 1 
0 14
1 35
2 8
3 15
4 34
5 25
6 29
7 13
8 11
9 30
10 4
11 33
12 32
13 9
14 2
15 18
16 6
17 16
18 5
19 12
20 26
21 20
22 27
23 17
24 24
25 7
26 23
27 19
28 10
29 31
30 1
31 21
32 28
33 0
34 22
35 3
SIMILAR

19 2 24 31 32 14 30 0 21 20 17 18 23 16 4 7 9 33 11 26 10 29 6 1 27 35 25 34 12 15 8 5 28 13 3 22 
0 7
1 23
2 1
3 34
4 14
5 31
6 22
7 15
8 30
9 16
10 20
11 18
12 28
13 33
14 5
15 29
16 13
17 10
18 11
19 0
20 9
21 8
22 35
23 12
24 2
25 26
26 19
27 24
28 32
29 21
30 6
31 3
32 4
33 17
34 27
35 25
SIMILAR

17 35 34 9 2 8 27 22 31 29 1 21 25 18 30 26 19 20 3 13 10 11 16 15 5 0 6 4 28 23 24 7 33 14 12 32 
0 25
1 10
2 4
3 18
4 27
5 24
6 26
7 31
8 5
9 3
10 20
11 21
12 34
13 19
14 33
15 23
16 22
17 0
18 13
19 16
20 17
21 11
22 7
23 29
24 30
25 12
26 15
27 6
28 28
29 9
30 14
31 8
32 35
33 32
34 2
35 1
SIMILAR

9 6 5 32 4 22 33 31 19 16 29 21 20 8 12 13 30 23 24 0 34 1 35 28 11 25 3 14 26 18 17 7 2 10 27 15 
0 19
1 21
2 32
3 26
4 4
5 2
6 1
7 31
8 13
9 0
10 33
11 24
12 14
13 15
14 27
15 35
16 9
17 30
18 29
19 8
20 12
21 11
22 5
23 17
24 18
25 25
26 28
27 34
28 23
29 10
30 16
31 7
32 3
33 6
34 20
35 22
SIMILAR

15 33 5 30 1 11 29 21 12 18 19 10 24 14 32 28 27 0 17 31 8 23 6 22 3 26 2 25 34 20 7 9 16 4 35 13 
0 17
1 4
2 26
3 24
4 33
5 2
6 22
7 30
8 20
9 31
10 11
11 5
12 8
13 35
14 13
15 0
16 32
17 18
18 9
19 10
20 29
21 7
22 23
23 21
24 12
25 27
26 25
27 16
28 15
29 6
30 3
31 19
32 14
33 1
34 28
35 34
SIMILAR

26 29 19 12 22 24 13 20 15 6 7 30 31 16 14 23 9 34 28 25 0 1 33 3 10 17 27 32 8 11 18 5 21 2 4 35 
0 20
1 21
2 33
3 23
4 34
5 31
6 9
7 10
8 28
9 16
10 24
11 29
12 3
13 6
14 14
15 8
16 13
17 25
18 30
19 2
20 7
21 32
22 4
23 15
24 5
25 19
26 0
27 26
28 18
29 1
30 11
31 12
32 27
33 22
34 17
35 35
SIMILAR
100 0
6800 0
326800 0
