36
0 1 0 1 0 1 0 1 0 0 0 1 1 0 1 0 1 1 1 0 1 0 1 1 0 1 1 1 1 0 0 1 1 0 1 0 
1 0 0 0 1 1 1 1 0 1 0 1 0 1 1 0 0 1 0 1 0 1 0 0 1 1 1 0 1 0 0 0 1 0 0 0 
0 0 0 0 1 0 0 1 0 1 0 1 0 1 1 1 0 1 0 0 1 1 0 0 0 1 0 0 0 1 1 0 1 0 1 0 
1 0 0 0 1 1 1 1 1 1 1 0 1 0 0 1 0 0 0 1 0 0 0 1 0 1 1 1 0 0 0 1 1 1 0 1 
0 1 1 1 0 1 1 0 0 1 0 0 1 1 1 1 0 1 1 0 1 1 1 0 0 1 1 0 0 0 0 0 1 1 0 0 
1 1 0 1 1 0 1 0 1 0 1 1 0 0 1 1 1 0 0 1 1 0 1 1 1 1 1 1 1 0 0 1 1 0 0 0 
0 1 0 1 1 1 0 1 1 0 0 1 1 1 0 1 1 1 1 1 1 0 0 1 1 1 0 0 1 1 0 1 1 0 0 0 
1 1 1 1 0 0 1 0 1 0 0 1 1 1 1 1 1 0 1 1 1 1 0 0 0 1 0 1 0 0 1 0 1 0 1 1 
0 0 0 1 0 1 1 1 0 0 1 1 1 1 0 0 1 1 0 0 0 1 1 0 0 0 1 1 1 0 1 1 0 1 1 1 
0 1 1 1 1 0 0 0 0 0 0 1 1 1 1 0 1 1 0 1 0 1 1 1 1 0 0 1 0 1 0 1 1 0 1 1 
0 0 0 1 0 1 0 0 1 0 0 0 1 1 1 0 0 0 0 1 0 1 0 0 1 0 1 1 0 0 1 1 0 1 0 1 
1 1 1 0 0 1 1 1 1 1 0 0 1 0 0 1 0 1 1 1 1 0 0 0 1 0 1 0 0 1 1 1 1 1 1 1 
1 0 0 1 1 0 1 1 1 1 1 1 0 1 0 0 1 0 0 1 1 0 1 0 1 0 0 0 0 0 0 0 1 1 1 0 
0 1 1 0 1 0 1 1 1 1 1 0 1 0 0 1 1 0 1 0 1 1 0 0 0 0 0 1 0 0 1 1 1 0 0 0 
1 1 1 0 1 1 0 1 0 1 1 0 0 0 0 0 0 0 1 1 0 1 0 0 1 1 0 1 1 0 1 1 0 1 1 0 
0 0 1 1 1 1 1 1 0 0 0 1 0 1 0 0 0 1 0 0 1 1 0 1 1 0 1 0 0 0 1 1 1 0 1 0 
1 0 0 0 0 1 1 1 1 1 0 0 1 1 0 0 0 1 0 1 0 1 1 0 0 0 1 1 1 0 1 1 0 1 1 1 
1 1 1 0 1 0 1 0 1 1 0 1 0 0 0 1 1 0 1 1 0 0 0 0 0 0 0 1 0 1 0 1 0 0 0 1 
1 0 0 0 1 0 1 1 0 0 0 1 0 1 1 0 0 1 0 1 0 1 0 0 1 1 1 1 1 1 0 0 1 0 1 1 
0 1 0 1 0 1 1 1 0 1 1 1 1 0 1 0 1 1 1 0 1 0 0 0 0 0 1 1 0 1 1 1 0 0 1 0 
1 0 1 0 1 1 1 1 0 0 0 1 1 1 0 1 0 0 0 1 0 0 1 1 0 0 0 0 0 1 0 0 0 0 0 1 
0 1 1 0 1 0 0 1 1 1 1 0 0 1 1 1 1 0 1 0 0 0 1 1 1 0 0 1 1 0 0 1 0 0 1 1 
1 0 0 0 1 1 0 0 1 1 0 0 1 0 0 0 1 0 0 0 1 1 0 1 1 0 1 0 0 0 0 0 1 0 0 0 
1 0 0 1 0 1 1 0 0 1 0 0 0 0 0 1 0 0 0 0 1 1 1 0 1 1 0 0 1 1 1 1 0 1 1 1 
0 1 0 0 0 1 1 0 0 1 1 1 1 0 1 1 0 0 1 0 0 1 1 1 0 1 0 1 1 0 0 1 1 0 0 1 
1 1 1 1 1 1 1 1 0 0 0 0 0 0 1 0 0 0 1 0 0 0 0 1 1 0 1 0 0 0 1 1 0 0 0 1 
1 1 0 1 1 1 0 0 1 0 1 1 0 0 0 1 1 0 1 1 0 0 1 0 0 1 0 0 1 0 1 1 0 0 0 1 
1 0 0 1 0 1 0 1 1 1 1 0 0 1 1 0 1 1 1 1 0 1 0 0 1 0 0 0 0 0 1 0 0 1 0 1 
1 1 0 0 0 1 1 0 1 0 0 0 0 0 1 0 1 0 1 0 0 1 0 1 1 0 1 0 0 0 1 0 1 0 0 1 
0 0 1 0 0 0 1 0 0 1 0 1 0 0 0 0 0 1 1 1 1 0 0 1 0 0 0 0 0 0 0 1 1 1 0 1 
0 0 1 0 0 0 0 1 1 0 1 1 0 1 1 1 1 0 0 1 0 0 0 1 0 1 1 1 1 0 0 1 0 0 1 0 
1 0 0 1 0 1 1 0 1 1 1 1 0 1 1 1 1 1 0 1 0 1 0 1 1 1 1 0 0 1 1 0 1 1 1 1 
1 1 1 1 1 1 1 1 0 1 0 1 1 1 0 1 0 0 1 0 0 0 1 0 1 0 0 0 1 1 0 1 0 1 0 0 
0 0 0 1 1 0 0 0 1 0 1 1 1 0 1 0 1 0 0 0 0 0 0 1 0 0 0 1 0 1 0 1 1 0 0 1 
1 0 1 0 0 0 0 1 1 1 0 1 1 0 1 1 1 0 1 1 0 1 0 1 0 0 0 0 0 0 1 1 0 0 0 0 
0 0 0 1 0 0 0 1 1 1 1 1 0 0 0 0 1 1 1 0 1 1 0 1 1 1 1 1 1 1 0 1 0 1 0 0 

11 29 18 14 34 23 1 30 35 27 12 8 16 13 3 4 9 0 28 15 25 2 32 31 21 19 24 20 33 17 10 5 6 7 26 22 
0 17
1 6
2 21
3 14
4 15
5 31
6 32
7 33
8 11
9 16
10 30
11 0
12 10
13 13
14 3
15 19
16 12
17 29
18 2
19 25
20 27
21 24
22 35
23 5
24 26
25 20
26 34
27 9
28 18
29 1
30 7
31 23
32 22
33 28
34 4
35 8
SIMILAR

15 23 3 28 18 8 4 26 5 0 31 14 7 21 22 34 17 30 20 19 2 16 25 27 1 11 6 9 32 35 29 24 33 10 12 13 
0 9
1 24
2 20
3 2
4 6
5 8
6 26
7 12
8 5
9 27
10 33
11 25
12 34
13 35
14 11
15 0
16 21
17 16
18 4
19 19
20 18
21 13
22 14
23 1
24 31
25 22
26 7
27 23
28 3
29 30
30 17
31 10
32 28
33 32
34 15
35 29
SIMILAR

27 20 19 23 26 15 24 17 0 31 6 4 8 32 9 7 22 21 1 30 2 11 5 35 13 29 14 10 28 12 3 34 25 18 33 16 
0 8
1 18
2 20
3 30
4 11
5 22
6 10
7 15
8 12
9 14
10 27
11 21
12 29
13 24
14 26
15 5
16 35
17 7
18 33
19 2
20 1
21 17
22 16
23 3
24 6
25 32
26 4
27 0
28 28
29 25
30 19
31 9
32 13
33 34
34 31
35 23
SIMILAR

7 5 21 12 20 33 34 23 17 18 31 30 27 15 9 1 16 19 0 13 28 22 35 24 29 3 14 25 4 8 6 2 11 32 10 26 
0 18
1 15
2 31
3 25
4 28
5 1
6 30
7 0
8 29
9 14
10 34
11 32
12 3
13 19
14 26
15 13
16 16
17 8
18 9
19 17
20 4
21 2
22 21
23 7
24 23
25 27
26 35
27 12
28 20
29 24
30 11
31 10
32 33
33 5
34 6
35 22
SIMILAR

35 9 34 3 16 10 13 25 24 30 2 1 0 11 7 31 15 4 22 29 32 12 21 33 19 14 6 5 23 27 18 20 8 28 17 26 
0 12
1 11
2 10
3 3
4 17
5 27
6 26
7 14
8 32
9 1
10 5
11 13
12 21
13 6
14 25
15 16
16 4
17 34
18 30
19 24
20 31
21 22
22 18
23 28
24 8
25 7
26 35
27 29
28 33
29 19
30 9
31 15
32 20
33 23
34 2
35 0
SIMILAR

13 7 20 23 6 16 30 2 27 11 28 9 33 17 35 14 21 1 26 0 12 10 15 22 31 32 19 25 3 34 29 18 4 8 24 5 
0 19
1 17
2 7
3 28
4 32
5 35
6 4
7 1
8 33
9 11
10 21
11 9
12 20
13 0
14 15
15 22
16 5
17 13
18 31
19 26
20 2
21 16
22 23
23 3
24 34
25 27
26 18
27 8
28 10
29 30
30 6
31 24
32 25
33 12
34 29
35 14
SIMILAR

9 35 20 21 12 5 7 34 16 18 26 1 10 8 32 2 23 30 29 24 22 25 15 4 3 17 11 31 6 14 0 27 28 19 13 33 
0 30
1 11
2 15
3 24
4 23
5 5
6 28
7 6
8 13
9 0
10 12
11 26
12 4
13 34
14 29
15 22
16 8
17 25
18 9
19 33
20 2
21 3
22 20
23 16
24 19
25 21
26 10
27 31
28 32
29 18
30 17
31 27
32 14
33 35
34 7
35 1
SIMILAR

21 34 4 9 2 23 14 19 15 12 8 7 27 33 31 3 18 32 30 0 26 17 16 5 6 29 35 10 25 22 13 1 20 28 11 24 
0 19
1 31
2 4
3 15
4 2
5 23
6 24
7 11
8 10
9 3
10 27
11 34
12 9
13 30
14 6
15 8
16 22
17 21
18 16
19 7
20 32
21 0
22 29
23 5
24 35
25 28
26 20
27 12
28 33
29 25
30 18
31 14
32 17
33 13
34 1
35 26
SIMILAR

19 35 25 33 15 2 21 29 31 14 23 6 12 18 13 4 28 7 9 1 34 3 32 22 5 16 24 27 0 11 8 10 17 30 26 20 
0 28
1 19
2 5
3 21
4 15
5 24
6 11
7 17
8 30
9 18
10 31
11 29
12 12
13 14
14 9
15 4
16 25
17 32
18 13
19 0
20 35
21 6
22 23
23 10
24 26
25 2
26 34
27 27
28 16
29 7
30 33
31 8
32 22
33 3
34 20
35 1
SIMILAR

33 34 20 35 12 8 23 29 21 3 16 32 11 18 15 10 13 27 0 22 1 9 4 26 6 31 5 7 14 28 25 2 30 17 19 24 
0 18
1 20
2 31
3 9
4 22
5 26
6 24
7 27
8 5
9 21
10 15
11 12
12 4
13 16
14 28
15 14
16 10
17 33
18 13
19 34
20 2
21 8
22 19
23 6
24 35
25 30
26 23
27 17
28 29
29 7
30 32
31 25
32 11
33 0
34 1
35 3
SIMILAR

15 5 17 4 22 23 20 11 28 25 1 7 8 27 31 35 26 29 0 21 16 12 30 3 32 18 24 34 10 14 9 6 13 2 33 19 
0 18
1 10
2 33
3 23
4 3
5 1
6 31
7 11
8 12
9 30
10 28
11 7
12 21
13 32
14 29
15 0
16 20
17 2
18 25
19 35
20 6
21 19
22 4
23 5
24 26
25 9
26 16
27 13
28 8
29 17
30 22
31 14
32 24
33 34
34 27
35 15
SIMILAR

16 9 5 30 8 0 3 34 1 32 4 27 17 21 26 33 13 22 6 29 31 12 19 15 10 18 20 23 11 7 24 25 14 2 28 35 
0 5
1 8
2 33
3 6
4 10
5 2
6 18
7 29
8 4
9 1
10 24
11 28
12 21
13 16
14 32
15 23
16 0
17 12
18 25
19 22
20 26
21 13
22 17
23 27
24 30
25 31
26 14
27 11
28 34
29 19
30 3
31 20
32 9
33 15
34 7
35 35
SIMILAR

8 15 21 24 33 23 31 17 34 29 19 13 20 28 16 10 4 18 6 7 9 30 11 14 35 32 1 2 5 0 12 25 27 26 3 22 
0 29
1 26
2 27
3 34
4 16
5 28
6 18
7 19
8 0
9 20
10 15
11 22
12 30
13 11
14 23
15 1
16 14
17 7
18 17
19 10
20 12
21 2
22 35
23 5
24 3
25 31
26 33
27 32
28 13
29 9
30 21
31 6
32 25
33 4
34 8
35 24
SIMILAR

24 13 3 35 14 4 5 7 30 1 15 20 12 23 31 33 10 28 34 2 26 19 11 6 8 29 16 22 18 32 27 25 21 0 9 17 
0 33
1 9
2 19
3 2
4 5
5 6
6 23
7 7
8 24
9 34
10 16
11 22
12 12
13 1
14 4
15 10
16 26
17 35
18 28
19 21
20 11
21 32
22 27
23 13
24 0
25 31
26 20
27 30
28 17
29 25
30 8
31 14
32 29
33 15
34 18
35 3
SIMILAR

32 5 17 19 14 26 30 4 6 15 33 28 7 10 1 18 29 31 9 21 12 23 35 16 25 11 20 0 24 34 27 22 8 3 2 13 
0 27
1 14
2 34
3 33
4 7
5 1
6 8
7 12
8 32
9 18
10 13
11 25
12 20
13 35
14 4
15 9
16 23
17 2
18 15
19 3
20 26
21 19
22 31
23 21
24 28
25 24
26 5
27 30
28 11
29 16
30 6
31 17
32 0
33 10
34 29
35 22
SIMILAR

31 30 5 0 29 35 4 20 7 18 21 25 26 19 12 23 2 15 28 16 34 10 3 1 24 22 14 9 6 17 8 33 27 13 11 32 
0 3
1 23
2 16
3 22
4 6
5 2
6 28
7 8
8 30
9 27
10 21
11 34
12 14
13 33
14 26
15 17
16 19
17 29
18 9
19 13
20 7
21 10
22 25
23 15
24 24
25 11
26 12
27 32
28 18
29 4
30 1
31 0
32 35
33 31
34 20
35 5
SIMILAR

17 19 30 16 2 18 34 3 13 33 9 11 7 15 35 8 14 31 29 22 21 12 32 0 26 27 6 5 24 23 1 25 28 20 10 4 
0 23
1 30
2 4
3 7
4 35
5 27
6 26
7 12
8 15
9 10
10 34
11 11
12 21
13 8
14 16
15 13
16 3
17 0
18 5
19 1
20 33
21 20
22 19
23 29
24 28
25 31
26 24
27 25
28 32
29 18
30 2
31 17
32 22
33 9
34 6
35 14
SIMILAR

5 1 12 0 31 29 24 14 13 23 6 26 25 19 33 35 18 11 3 27 28 32 16 22 9 10 34 17 15 21 20 8 30 4 2 7 
0 3
1 1
2 34
3 18
4 33
5 0
6 10
7 35
8 31
9 24
10 25
11 17
12 2
13 8
14 7
15 28
16 22
17 27
18 16
19 13
20 30
21 29
22 23
23 9
24 6
25 12
26 11
27 19
28 20
29 5
30 32
31 4
32 21
33 14
34 26
35 15
SIMILAR

17 21 1 15 13 9 35 7 20 14 12 23 5 0 22 32 26 29 19 10 8 28 34 11 31 24 25 18 27 6 3 4 2 30 33 16 
0 13
1 2
2 32
3 30
4 31
5 12
6 29
7 7
8 20
9 5
10 19
11 23
12 10
13 4
14 9
15 3
16 35
17 0
18 27
19 18
20 8
21 1
22 14
23 11
24 25
25 26
26 16
27 28
28 21
29 17
30 33
31 24
32 15
33 34
34 22
35 6
SIMILAR

25 6 21 24 10 0 30 19 20 5 27 2 16 1 34 35 29 32 23 15 28 8 7 17 18 13 9 12 26 33 4 11 14 22 3 31 
0 5
1 13
2 11
3 34
4 30
5 9
6 1
7 22
8 21
9 26
10 4
11 31
12 27
13 25
14 32
15 19
16 12
17 23
18 24
19 7
20 8
21 2
22 33
23 18
24 3
25 0
26 28
27 10
28 20
29 16
30 6
31 35
32 17
33 29
34 14
35 15
SIMILAR

14 9 25 20 1 33 22 6 18 28 7 11 34 15 10 31 27 13 5 12 29 2 30 3 24 4 35 23 8 32 0 17 16 19 21 26 
0 30
1 4
2 21
3 23
4 25
5 18
6 7
7 10
8 28
9 1
10 14
11 11
12 19
13 17
14 0
15 13
16 32
17 31
18 8
19 33
20 3
21 34
22 6
23 27
24 24
25 2
26 35
27 16
28 9
29 20
30 22
31 15
32 29
33 5
34 12
35 26
SIMILAR

22 21 4 34 32 7 31 23 10 16 17 25 26 13 35 33 27 9 6 1 24 14 2 29 3 11 20 18 30 19 5 0 12 15 28 8 
0 31
1 19
2 22
3 24
4 2
5 30
6 18
7 5
8 35
9 17
10 8
11 25
12 32
13 13
14 21
15 33
16 9
17 10
18 27
19 29
20 26
21 1
22 0
23 7
24 20
25 11
26 12
27 16
28 34
29 23
30 28
31 6
32 4
33 15
34 3
35 14
SIMILAR

30 12 17 15 9 33 35 7 32 11 1 29 8 5 26 16 34 3 31 2 10 18 4 14 22 20 13 28 23 21 0 27 19 24 6 25 
0 30
1 10
2 19
3 17
4 22
5 13
6 34
7 7
8 12
9 4
10 20
11 9
12 1
13 26
14 23
15 3
16 15
17 2
18 21
19 32
20 25
21 29
22 24
23 28
24 33
25 35
26 14
27 31
28 27
29 11
30 0
31 18
32 8
33 5
34 16
35 6
SIMILAR

14 18 10 13 20 19 25 8 2 16 15 29 21 0 12 11 17 4 22 7 6 33 26 3 31 35 32 27 30 24 9 23 5 28 34 1 
0 13
1 35
2 8
3 23
4 17
5 32
6 20
7 19
8 7
9 30
10 2
11 15
12 14
13 3
14 0
15 10
16 9
17 16
18 1
19 5
20 4
21 12
22 18
23 31
24 29
25 6
26 22
27 27
28 33
29 11
30 28
31 24
32 26
33 21
34 34
35 25
SIMILAR

12 31 14 29 34 33 6 13 19 4 3 27 28 10 30 35 18 1 24 7 32 17 20 0 5 21 2 8 22 23 16 15 9 25 26 11 
0 23
1 17
2 26
3 10
4 9
5 24
6 6
7 19
8 27
9 32
10 13
11 35
12 0
13 7
14 2
15 31
16 30
17 21
18 16
19 8
20 22
21 25
22 28
23 29
24 18
25 33
26 34
27 11
28 12
29 3
30 14
31 1
32 20
33 5
34 4
35 15
SIMILAR

32 6 25 11 5 4 24 28 27 0 1 9 23 26 16 21 15 18 14 2 8 22 20 35 13 17 34 29 33 30 12 19 31 10 7 3 
0 9
1 10
2 19
3 35
4 5
5 4
6 1
7 34
8 20
9 11
10 33
11 3
12 30
13 24
14 18
15 16
16 14
17 25
18 17
19 31
20 22
21 15
22 21
23 12
24 6
25 2
26 13
27 8
28 7
29 27
30 29
31 32
32 0
33 28
34 26
35 23
SIMILAR

5 8 32 10 1 33 15 6 0 11 2 20 24 17 13 12 14 28 25 26 4 19 29 34 9 22 30 35 21 18 27 3 16 7 23 31 
0 8
1 4
2 10
3 31
4 20
5 0
6 7
7 33
8 1
9 24
10 3
11 9
12 15
13 14
14 16
15 6
16 32
17 13
18 29
19 21
20 11
21 28
22 25
23 34
24 12
25 18
26 19
27 30
28 17
29 22
30 26
31 35
32 2
33 5
34 23
35 27
SIMILAR

22 32 21 13 11 30 23 25 9 29 28 14 31 24 1 12 18 16 3 20 34 10 6 35 8 5 17 33 0 15 4 27 7 19 26 2 
0 28
1 14
2 35
3 18
4 30
5 25
6 22
7 32
8 24
9 8
10 21
11 4
12 15
13 3
14 11
15 29
16 17
17 26
18 16
19 33
20 19
21 2
22 0
23 6
24 13
25 7
26 34
27 31
28 10
29 9
30 5
31 12
32 1
33 27
34 20
35 23
SIMILAR

29 3 24 13 7 10 25 12 23 26 22 0 16 32 2 27 21 33 34 14 28 30 11 19 17 1 15 31 6 20 35 9 5 4 8 18 
0 11
1 25
2 14
3 1
4 33
5 32
6 28
7 4
8 34
9 31
10 5
11 22
12 7
13 3
14 19
15 26
16 12
17 24
18 35
19 23
20 29
21 16
22 10
23 8
24 2
25 6
26 9
27 15
28 20
29 0
30 21
31 27
32 13
33 17
34 18
35 30
SIMILAR

13 30 6 10 7 3 26 15 14 19 29 33 5 34 9 2 28 24 27 11 16 4 0 35 21 12 22 20 23 18 31 25 32 17 8 1 
0 22
1 35
2 15
3 5
4 21
5 12
6 2
7 4
8 34
9 14
10 3
11 19
12 25
13 0
14 8
15 7
16 20
17 33
18 29
19 9
20 27
21 24
22 26
23 28
24 17
25 31
26 6
27 18
28 16
29 10
30 1
31 30
32 32
33 11
34 13
35 23
SIMILAR

7 9 14 20 27 28 17 5 12 29 15 6 19 35 30 24 18 26 3 34 2 32 16 33 11 1 31 21 10 25 8 13 22 0 4 23 
0 33
1 25
2 20
3 18
4 34
5 7
6 11
7 0
8 30
9 1
10 28
11 24
12 8
13 31
14 2
15 10
16 22
17 6
18 16
19 12
20 3
21 27
22 32
23 35
24 15
25 29
26 17
27 4
28 5
29 9
30 14
31 26
32 21
33 23
34 19
35 13
SIMILAR

31 12 20 27 5 9 19 10 17 4 16 25 6 0 24 32 35 7 28 2 1 8 34 22 18 29 15 26 13 14 3 33 30 21 11 23 
0 13
1 20
2 19
3 30
4 9
5 4
6 12
7 17
8 21
9 5
10 7
11 34
12 1
13 28
14 29
15 26
16 10
17 8
18 24
19 6
20 2
21 33
22 23
23 35
24 14
25 11
26 27
27 3
28 18
29 25
30 32
31 0
32 15
33 31
34 22
35 16
SIMILAR

35 22 25 31 8 20 21 15 23 19 29 14 16 13 33 0 12 34 6 17 26 2 24 27 1 9 5 30 32 3 18 11 7 10 28 4 
0 15
1 24
2 21
3 29
4 35
5 26
6 18
7 32
8 4
9 25
10 33
11 31
12 16
13 13
14 11
15 7
16 12
17 19
18 30
19 9
20 5
21 6
22 1
23 8
24 22
25 2
26 20
27 23
28 34
29 10
30 27
31 3
32 28
33 14
34 17
35 0
SIMILAR

13 3 25 32 24 23 16 12 35 17 30 1 21 33 27 14 7 18 4 28 10 2 20 8 19 6 29 9 5 0 26 31 15 34 22 11 
0 29
1 11
2 21
3 1
4 18
5 28
6 25
7 16
8 23
9 27
10 20
11 35
12 7
13 0
14 15
15 32
16 6
17 9
18 17
19 24
20 22
21 12
22 34
23 5
24 4
25 2
26 30
27 14
28 19
29 26
30 10
31 31
32 3
33 13
34 33
35 8
SIMILAR

23 3 17 12 32 29 8 18 15 11 21 0 13 16 34 5 31 35 28 25 24 22 6 33 7 19 30 14 20 9 26 27 10 2 4 1 
0 11
1 35
2 33
3 1
4 34
5 15
6 22
7 24
8 6
9 29
10 32
11 9
12 3
13 12
14 27
15 8
16 13
17 2
18 7
19 25
20 28
21 10
22 21
23 0
24 20
25 19
26 30
27 31
28 18
29 5
30 26
31 16
32 4
33 23
34 14
35 17
SIMILAR

6 18 19 35 1 21 22 25 27 2 4 32 33 31 26 7 10 8 0 15 20 23 12 28 5 24 16 34 9 30 17 11 13 3 29 14 
0 18
1 4
2 9
3 33
4 10
5 24
6 0
7 15
8 17
9 28
10 16
11 31
12 22
13 32
14 35
15 19
16 26
17 30
18 1
19 2
20 20
21 5
22 6
23 21
24 25
25 7
26 14
27 8
28 23
29 34
30 29
31 13
32 11
33 12
34 27
35 3
SIMILAR

12 19 18 3 13 10 24 0 11 30 17 9 2 16 22 6 31 34 35 33 25 4 7 15 32 8 1 28 21 14 23 20 5 29 26 27 
0 7
1 26
2 12
3 3
4 21
5 32
6 15
7 22
8 25
9 11
10 5
11 8
12 0
13 4
14 29
15 23
16 13
17 10
18 2
19 1
20 31
21 28
22 14
23 30
24 6
25 20
26 34
27 35
28 27
29 33
30 9
31 16
32 24
33 19
34 17
35 18
SIMILAR

15 20 23 31 34 24 26 8 22 11 29 12 3 10 33 5 1 16 18 13 4 21 27 0 7 9 35 32 2 17 25 28 6 30 14 19 
0 23
1 16
2 28
3 12
4 20
5 15
6 32
7 24
8 7
9 25
10 13
11 9
12 11
13 19
14 34
15 0
16 17
17 29
18 18
19 35
20 1
21 21
22 8
23 2
24 5
25 30
26 6
27 22
28 31
29 10
30 33
31 3
32 27
33 14
34 4
35 26
SIMILAR

30 16 13 17 15 12 10 3 20 21 27 0 8 25 7 24 34 31 33 23 28 32 9 22 18 4 2 19 29 14 26 35 1 6 11 5 
0 11
1 32
2 26
3 7
4 25
5 35
6 33
7 14
8 12
9 22
10 6
11 34
12 5
13 2
14 29
15 4
16 1
17 3
18 24
19 27
20 8
21 9
22 23
23 19
24 15
25 13
26 30
27 10
28 20
29 28
30 0
31 17
32 21
33 18
34 16
35 31
SIMILAR

31 21 10 18 27 34 5 23 29 11 25 19 1 33 30 3 16 35 13 32 4 0 7 2 20 14 12 26 9 24 28 17 15 8 6 22 
0 21
1 12
2 23
3 15
4 20
5 6
6 34
7 22
8 33
9 28
10 2
11 9
12 26
13 18
14 25
15 32
16 16
17 31
18 3
19 11
20 24
21 1
22 35
23 7
24 29
25 10
26 27
27 4
28 30
29 8
30 14
31 0
32 19
33 13
34 5
35 17
SIMILAR

13 25 29 34 3 2 16 33 15 21 12 8 6 19 4 0 1 7 22 35 9 10 20 27 26 28 31 23 17 30 11 18 24 32 5 14 
0 15
1 16
2 5
3 4
4 14
5 34
6 12
7 17
8 11
9 20
10 21
11 30
12 10
13 0
14 35
15 8
16 6
17 28
18 31
19 13
20 22
21 9
22 18
23 27
24 32
25 1
26 24
27 23
28 25
29 2
30 29
31 26
32 33
33 7
34 3
35 19
SIMILAR

10 15 17 9 8 33 14 32 3 13 1 12 4 26 23 7 27 22 25 28 30 20 18 34 19 16 35 24 11 0 29 5 2 6 21 31 
0 29
1 10
2 32
3 8
4 12
5 31
6 33
7 15
8 4
9 3
10 0
11 28
12 11
13 9
14 6
15 1
16 25
17 2
18 22
19 24
20 21
21 34
22 17
23 14
24 27
25 18
26 13
27 16
28 19
29 30
30 20
31 35
32 7
33 5
34 23
35 26
SIMILAR

14 32 29 22 35 30 20 7 13 25 18 2 0 1 31 33 19 15 11 5 4 17 23 8 34 16 24 3 27 10 6 12 21 26 9 28 
0 12
1 13
2 11
3 27
4 20
5 19
6 30
7 7
8 23
9 34
10 29
11 18
12 31
13 8
14 0
15 17
16 25
17 21
18 10
19 16
20 6
21 32
22 3
23 22
24 26
25 9
26 33
27 28
28 35
29 2
30 5
31 14
32 1
33 15
34 24
35 4
SIMILAR

0 35 28 12 20 21 1 31 16 22 3 11 27 23 33 15 34 25 4 9 8 24 14 18 30 5 29 13 19 2 32 26 17 10 7 6 
0 0
1 6
2 29
3 10
4 18
5 25
6 35
7 34
8 20
9 19
10 33
11 11
12 3
13 27
14 22
15 15
16 8
17 32
18 23
19 28
20 4
21 5
22 9
23 13
24 21
25 17
26 31
27 12
28 2
29 26
30 24
31 7
32 30
33 14
34 16
35 1
SIMILAR

5 30 9 13 16 2 24 28 7 19 10 15 18 31 11 34 0 8 20 21 27 4 22 3 32 33 29 14 12 6 25 17 26 35 23 1 
0 16
1 35
2 5
3 23
4 21
5 0
6 29
7 8
8 17
9 2
10 10
11 14
12 28
13 3
14 27
15 11
16 4
17 31
18 12
19 9
20 18
21 19
22 22
23 34
24 6
25 30
26 32
27 20
28 7
29 26
30 1
31 13
32 24
33 25
34 15
35 33
SIMILAR

17 34 14 21 11 8 7 19 23 0 30 25 2 6 22 13 18 10 15 3 26 24 28 9 29 5 27 31 32 33 16 20 1 35 4 12 
0 9
1 32
2 12
3 19
4 34
5 25
6 13
7 6
8 5
9 23
10 17
11 4
12 35
13 15
14 2
15 18
16 30
17 0
18 16
19 7
20 31
21 3
22 14
23 8
24 21
25 11
26 20
27 26
28 22
29 24
30 10
31 27
32 28
33 29
34 1
35 33
SIMILAR

22 5 14 12 7 30 21 11 0 27 20 26 18 2 6 29 24 35 1 8 28 17 16 10 23 34 32 3 13 31 25 19 33 9 4 15 
0 8
1 18
2 13
3 27
4 34
5 1
6 14
7 4
8 19
9 33
10 23
11 7
12 3
13 28
14 2
15 35
16 22
17 21
18 12
19 31
20 10
21 6
22 0
23 24
24 16
25 30
26 11
27 9
28 20
29 15
30 5
31 29
32 26
33 32
34 25
35 17
SIMILAR

13 7 17 23 20 29 10 16 33 19 22 31 32 3 21 30 9 11 2 35 15 24 27 0 5 18 14 1 4 28 6 12 34 26 8 25 
0 23
1 27
2 18
3 13
4 28
5 24
6 30
7 1
8 34
9 16
10 6
11 17
12 31
13 0
14 26
15 20
16 7
17 2
18 25
19 9
20 4
21 14
22 10
23 3
24 21
25 35
26 33
27 22
28 29
29 5
30 15
31 11
32 12
33 8
34 32
35 19
SIMILAR

7 25 19 9 10 3 16 6 12 35 5 33 18 8 28 23 26 24 1 22 13 30 0 29 2 15 11 14 21 32 27 17 4 34 20 31 
0 22
1 18
2 24
3 5
4 32
5 10
6 7
7 0
8 13
9 3
10 4
11 26
12 8
13 20
14 27
15 25
16 6
17 31
18 12
19 2
20 34
21 28
22 19
23 15
24 17
25 1
26 16
27 30
28 14
29 23
30 21
31 35
32 29
33 11
34 33
35 9
SIMILAR

11 27 33 16 8 18 32 14 10 24 1 23 19 0 26 13 6 20 4 35 15 17 12 22 28 9 29 21 5 2 30 31 7 25 34 3 
0 13
1 10
2 29
3 35
4 18
5 28
6 16
7 32
8 4
9 25
10 8
11 0
12 22
13 15
14 7
15 20
16 3
17 21
18 5
19 12
20 17
21 27
22 23
23 11
24 9
25 33
26 14
27 1
28 24
29 26
30 30
31 31
32 6
33 2
34 34
35 19
SIMILAR

0 25 3 30 34 8 9 19 10 29 13 12 26 22 11 4 15 17 6 33 23 2 27 20 1 24 32 16 5 21 14 28 31 35 7 18 
0 0
1 24
2 21
3 2
4 15
5 28
6 18
7 34
8 5
9 6
10 8
11 14
12 11
13 10
14 30
15 16
16 27
17 17
18 35
19 7
20 23
21 29
22 13
23 20
24 25
25 1
26 12
27 22
28 31
29 9
30 3
31 32
32 26
33 19
34 4
35 33
SIMILAR

8 29 31 0 19 5 35 17 32 34 13 3 18 7 21 23 6 24 15 14 28 20 27 10 1 12 4 9 33 22 26 25 2 11 30 16 
0 3
1 24
2 32
3 11
4 26
5 5
6 16
7 13
8 0
9 27
10 23
11 33
12 25
13 10
14 19
15 18
16 35
17 7
18 12
19 4
20 21
21 14
22 29
23 15
24 17
25 31
26 30
27 22
28 20
29 1
30 34
31 2
32 8
33 28
34 9
35 6
SIMILAR

3 7 14 21 15 29 12 16 32 13 5 27 30 34 26 9 33 20 6 18 4 19 2 10 28 17 23 11 35 22 31 25 24 0 8 1 
0 33
1 35
2 22
3 0
4 20
5 10
6 18
7 1
8 34
9 15
10 23
11 27
12 6
13 9
14 2
15 4
16 7
17 25
18 19
19 21
20 17
21 3
22 29
23 26
24 32
25 31
26 14
27 11
28 24
29 5
30 12
31 30
32 8
33 16
34 13
35 28
SIMILAR

32 8 19 18 28 9 25 11 24 23 16 2 26 21 1 33 13 14 0 12 34 27 31 35 7 29 30 10 20 4 3 5 6 22 15 17 
0 18
1 14
2 11
3 30
4 29
5 31
6 32
7 24
8 1
9 5
10 27
11 7
12 19
13 16
14 17
15 34
16 10
17 35
18 3
19 2
20 28
21 13
22 33
23 9
24 8
25 6
26 12
27 21
28 4
29 25
30 26
31 22
32 0
33 15
34 20
35 23
SIMILAR

4 16 3 17 10 7 31 35 18 23 14 8 9 19 2 22 21 15 33 27 24 28 1 5 32 0 34 13 26 20 12 6 29 25 11 30 
0 25
1 22
2 14
3 2
4 0
5 23
6 31
7 5
8 11
9 12
10 4
11 34
12 30
13 27
14 10
15 17
16 1
17 3
18 8
19 13
20 29
21 16
22 15
23 9
24 20
25 33
26 28
27 19
28 21
29 32
30 35
31 6
32 24
33 18
34 26
35 7
SIMILAR

15 20 35 22 18 8 2 9 28 13 32 33 19 23 7 16 12 21 26 27 1 5 17 4 0 10 29 3 14 34 24 25 30 31 6 11 
0 24
1 20
2 6
3 27
4 23
5 21
6 34
7 14
8 5
9 7
10 25
11 35
12 16
13 9
14 28
15 0
16 15
17 22
18 4
19 12
20 1
21 17
22 3
23 13
24 30
25 31
26 18
27 19
28 8
29 26
30 32
31 33
32 10
33 11
34 29
35 2
SIMILAR

18 22 19 2 34 24 8 7 17 35 14 9 30 5 6 25 31 28 12 15 16 4 29 33 32 0 27 26 1 10 13 11 21 3 20 23 
0 25
1 28
2 3
3 33
4 21
5 13
6 14
7 7
8 6
9 11
10 29
11 31
12 18
13 30
14 10
15 19
16 20
17 8
18 0
19 2
20 34
21 32
22 1
23 35
24 5
25 15
26 27
27 26
28 17
29 22
30 12
31 16
32 24
33 23
34 4
35 9
SIMILAR

20 30 25 19 8 9 0 17 15 18 28 35 26 24 6 14 22 31 34 1 10 2 16 12 33 32 11 3 21 27 7 13 23 29 5 4 
0 6
1 19
2 21
3 27
4 35
5 34
6 14
7 30
8 4
9 5
10 20
11 26
12 23
13 31
14 15
15 8
16 22
17 7
18 9
19 3
20 0
21 28
22 16
23 32
24 13
25 2
26 12
27 29
28 10
29 33
30 1
31 17
32 25
33 24
34 18
35 11
SIMILAR

30 33 6 4 9 18 7 10 11 34 35 3 2 15 8 22 19 16 28 24 17 14 13 25 5 31 26 29 12 20 1 27 23 21 32 0 
0 35
1 30
2 12
3 11
4 3
5 24
6 2
7 6
8 14
9 4
10 7
11 8
12 28
13 22
14 21
15 13
16 17
17 20
18 5
19 16
20 29
21 33
22 15
23 32
24 19
25 23
26 26
27 31
28 18
29 27
30 0
31 25
32 34
33 1
34 9
35 10
SIMILAR

21 19 23 24 4 14 20 6 13 18 11 33 0 32 8 12 22 28 7 10 31 35 34 1 9 15 16 29 17 5 27 30 3 2 26 25 
0 12
1 23
2 33
3 32
4 4
5 29
6 7
7 18
8 14
9 24
10 19
11 10
12 15
13 8
14 5
15 25
16 26
17 28
18 9
19 1
20 6
21 0
22 16
23 2
24 3
25 35
26 34
27 30
28 17
29 27
30 31
31 20
32 13
33 11
34 22
35 21
SIMILAR

9 24 22 3 7 1 14 26 31 25 23 28 0 18 15 2 20 4 21 16 10 32 12 5 35 17 8 29 27 6 33 19 30 13 34 11 
0 12
1 5
2 15
3 3
4 17
5 23
6 29
7 4
8 26
9 0
10 20
11 35
12 22
13 33
14 6
15 14
16 19
17 25
18 13
19 31
20 16
21 18
22 2
23 10
24 1
25 9
26 7
27 28
28 11
29 27
30 32
31 8
32 21
33 30
34 34
35 24
SIMILAR

34 3 0 15 24 2 35 29 7 12 18 16 26 28 25 11 27 19 13 32 14 22 30 6 17 4 23 9 20 5 31 10 21 1 33 8 
0 2
1 33
2 5
3 1
4 25
5 29
6 23
7 8
8 35
9 27
10 31
11 15
12 9
13 18
14 20
15 3
16 11
17 24
18 10
19 17
20 28
21 32
22 21
23 26
24 4
25 14
26 12
27 16
28 13
29 7
30 22
31 30
32 19
33 34
34 0
35 6
SIMILAR

8 1 21 34 28 9 7 3 18 30 19 24 14 22 10 25 31 2 0 20 5 33 26 6 15 4 29 32 27 13 12 16 35 17 11 23 
0 18
1 1
2 17
3 7
4 25
5 20
6 23
7 6
8 0
9 5
10 14
11 34
12 30
13 29
14 12
15 24
16 31
17 33
18 8
19 10
20 19
21 2
22 13
23 35
24 11
25 15
26 22
27 28
28 4
29 26
30 9
31 16
32 27
33 21
34 3
35 32
SIMILAR

21 20 0 11 5 19 35 14 9 22 17 13 6 30 10 1 34 23 3 25 8 28 2 16 27 29 26 12 18 4 15 31 33 24 7 32 
0 2
1 15
2 22
3 18
4 29
5 4
6 12
7 34
8 20
9 8
10 14
11 3
12 27
13 11
14 7
15 30
16 23
17 10
18 28
19 5
20 1
21 0
22 9
23 17
24 33
25 19
26 26
27 24
28 21
29 25
30 13
31 31
32 35
33 32
34 16
35 6
SIMILAR

24 3 21 13 18 11 15 0 19 2 31 29 6 34 16 20 32 35 17 14 33 26 1 5 10 25 28 12 4 9 7 8 30 22 23 27 
0 7
1 22
2 9
3 1
4 28
5 23
6 12
7 30
8 31
9 29
10 24
11 5
12 27
13 3
14 19
15 6
16 14
17 18
18 4
19 8
20 15
21 2
22 33
23 34
24 0
25 25
26 21
27 35
28 26
29 11
30 32
31 10
32 16
33 20
34 13
35 17
SIMILAR

16 31 12 33 4 3 14 17 9 18 21 15 11 30 35 5 7 13 27 0 8 1 32 2 22 6 20 28 34 24 29 25 10 19 26 23 
0 19
1 21
2 23
3 5
4 4
5 15
6 25
7 16
8 20
9 8
10 32
11 12
12 2
13 17
14 6
15 11
16 0
17 7
18 9
19 33
20 26
21 10
22 24
23 35
24 29
25 31
26 34
27 18
28 27
29 30
30 13
31 1
32 22
33 3
34 28
35 14
SIMILAR

3 24 1 2 12 5 27 18 9 35 32 28 17 16 14 33 26 11 8 7 4 21 0 31 30 29 15 20 22 19 10 23 25 6 13 34 
0 22
1 2
2 3
3 0
4 20
5 5
6 33
7 19
8 18
9 8
10 30
11 17
12 4
13 34
14 14
15 26
16 13
17 12
18 7
19 29
20 27
21 21
22 28
23 31
24 1
25 32
26 16
27 6
28 11
29 25
30 24
31 23
32 10
33 15
34 35
35 9
SIMILAR

11 28 32 27 33 5 26 23 8 7 35 14 25 18 16 0 4 22 3 2 29 13 9 10 34 6 19 12 15 17 24 21 30 31 1 20 
0 15
1 34
2 19
3 18
4 16
5 5
6 25
7 9
8 8
9 22
10 23
11 0
12 27
13 21
14 11
15 28
16 14
17 29
18 13
19 26
20 35
21 31
22 17
23 7
24 30
25 12
26 6
27 3
28 1
29 20
30 32
31 33
32 2
33 4
34 24
35 10
SIMILAR

5 24 18 9 16 8 23 29 17 35 22 14 25 7 0 12 13 34 6 20 1 31 11 28 21 4 27 30 3 10 15 32 19 2 33 26 
0 14
1 20
2 33
3 28
4 25
5 0
6 18
7 13
8 5
9 3
10 29
11 22
12 15
13 16
14 11
15 30
16 4
17 8
18 2
19 32
20 19
21 24
22 10
23 6
24 1
25 12
26 35
27 26
28 23
29 7
30 27
31 21
32 31
33 34
34 17
35 9
SIMILAR

22 23 25 13 10 34 29 6 21 5 9 20 0 14 31 3 28 11 32 7 27 26 18 8 16 33 4 1 35 2 24 17 19 30 12 15 
0 12
1 27
2 29
3 15
4 26
5 9
6 7
7 19
8 23
9 10
10 4
11 17
12 34
13 3
14 13
15 35
16 24
17 31
18 22
19 32
20 11
21 8
22 0
23 1
24 30
25 2
26 21
27 20
28 16
29 6
30 33
31 14
32 18
33 25
34 5
35 28
SIMILAR

5 34 6 28 25 24 14 7 10 35 27 4 31 33 30 2 21 18 22 9 19 3 12 0 15 16 32 11 20 13 17 8 23 1 26 29 
0 23
1 33
2 15
3 21
4 11
5 0
6 2
7 7
8 31
9 19
10 8
11 27
12 22
13 29
14 6
15 24
16 25
17 30
18 17
19 20
20 28
21 16
22 18
23 32
24 5
25 4
26 34
27 10
28 3
29 35
30 14
31 12
32 26
33 13
34 1
35 9
SIMILAR

0 2 11 20 33 8 31 35 17 25 21 30 29 22 14 26 10 1 28 12 5 27 32 13 24 3 23 9 7 15 16 6 4 18 19 34 
0 0
1 17
2 1
3 25
4 32
5 20
6 31
7 28
8 5
9 27
10 16
11 2
12 19
13 23
14 14
15 29
16 30
17 8
18 33
19 34
20 3
21 10
22 13
23 26
24 24
25 9
26 15
27 21
28 18
29 12
30 11
31 6
32 22
33 4
34 35
35 7
SIMILAR

13 31 0 19 22 25 28 23 27 35 33 6 24 1 11 34 16 15 8 2 26 5 3 7 30 4 29 9 32 14 12 10 18 20 21 17 
0 2
1 13
2 19
3 22
4 25
5 21
6 11
7 23
8 18
9 27
10 31
11 14
12 30
13 0
14 29
15 17
16 16
17 35
18 32
19 3
20 33
21 34
22 4
23 7
24 12
25 5
26 20
27 8
28 6
29 26
30 24
31 1
32 28
33 10
34 15
35 9
SIMILAR

12 8 30 24 14 13 9 1 27 2 26 15 33 31 0 25 28 35 3 10 19 23 7 11 34 22 21 4 18 6 16 5 20 17 29 32 
0 14
1 7
2 9
3 18
4 27
5 31
6 29
7 22
8 1
9 6
10 19
11 23
12 0
13 5
14 4
15 11
16 30
17 33
18 28
19 20
20 32
21 26
22 25
23 21
24 3
25 15
26 10
27 8
28 16
29 34
30 2
31 13
32 35
33 12
34 24
35 17
SIMILAR

19 6 23 22 12 30 18 2 3 1 33 16 28 32 25 0 29 13 24 9 26 15 21 20 8 31 14 5 7 17 10 34 11 35 27 4 
0 15
1 9
2 7
3 8
4 35
5 27
6 1
7 28
8 24
9 19
10 30
11 32
12 4
13 17
14 26
15 21
16 11
17 29
18 6
19 0
20 23
21 22
22 3
23 2
24 18
25 14
26 20
27 34
28 12
29 16
30 5
31 25
32 13
33 10
34 31
35 33
SIMILAR

31 11 32 33 19 14 6 27 16 12 20 2 1 24 4 7 10 21 5 18 0 23 30 29 17 35 15 26 34 8 28 22 3 13 9 25 
0 20
1 12
2 11
3 32
4 14
5 18
6 6
7 15
8 29
9 34
10 16
11 1
12 9
13 33
14 5
15 26
16 8
17 24
18 19
19 4
20 10
21 17
22 31
23 21
24 13
25 35
26 27
27 7
28 30
29 23
30 22
31 0
32 2
33 3
34 28
35 25
SIMILAR

17 13 9 24 0 34 2 6 18 16 30 23 20 26 1 32 5 29 33 7 3 10 19 28 11 12 27 35 4 31 15 8 25 14 22 21 
0 4
1 14
2 6
3 20
4 28
5 16
6 7
7 19
8 31
9 2
10 21
11 24
12 25
13 1
14 33
15 30
16 9
17 0
18 8
19 22
20 12
21 35
22 34
23 11
24 3
25 32
26 13
27 26
28 23
29 17
30 10
31 29
32 15
33 18
34 5
35 27
SIMILAR

34 14 8 6 12 10 22 19 31 21 18 2 29 27 3 32 25 20 7 35 0 26 16 23 30 5 13 9 28 4 15 11 17 33 24 1 
0 20
1 35
2 11
3 14
4 29
5 25
6 3
7 18
8 2
9 27
10 5
11 31
12 4
13 26
14 1
15 30
16 22
17 32
18 10
19 7
20 17
21 9
22 6
23 23
24 34
25 16
26 21
27 13
28 28
29 12
30 24
31 8
32 15
33 33
34 0
35 19
SIMILAR

16 4 29 22 24 27 34 21 14 31 2 26 6 28 3 1 30 35 0 11 8 20 5 25 7 18 12 33 19 32 15 9 10 17 13 23 
0 18
1 15
2 10
3 14
4 1
5 22
6 12
7 24
8 20
9 31
10 32
11 19
12 26
13 34
14 8
15 30
16 0
17 33
18 25
19 28
20 21
21 7
22 3
23 35
24 4
25 23
26 11
27 5
28 13
29 2
30 16
31 9
32 29
33 27
34 6
35 17
SIMILAR

29 8 27 11 15 35 6 23 33 1 25 34 31 26 9 12 28 22 17 2 30 16 7 3 14 21 32 19 18 5 13 24 4 0 20 10 
0 33
1 9
2 19
3 23
4 32
5 29
6 6
7 22
8 1
9 14
10 35
11 3
12 15
13 30
14 24
15 4
16 21
17 18
18 28
19 27
20 34
21 25
22 17
23 7
24 31
25 10
26 13
27 2
28 16
29 0
30 20
31 12
32 26
33 8
34 11
35 5
SIMILAR

10 29 22 18 3 11 26 27 7 28 4 20 5 21 25 12 15 30 23 33 1 13 9 19 16 14 24 17 8 34 31 0 2 35 6 32 
0 31
1 20
2 32
3 4
4 10
5 12
6 34
7 8
8 28
9 22
10 0
11 5
12 15
13 21
14 25
15 16
16 24
17 27
18 3
19 23
20 11
21 13
22 2
23 18
24 26
25 14
26 6
27 7
28 9
29 1
30 17
31 30
32 35
33 19
34 29
35 33
SIMILAR

20 1 17 26 25 21 15 22 18 0 14 34 7 29 19 32 12 16 23 9 13 28 24 30 4 35 2 6 3 31 27 5 8 11 33 10 
0 9
1 1
2 26
3 28
4 24
5 31
6 27
7 12
8 32
9 19
10 35
11 33
12 16
13 20
14 10
15 6
16 17
17 2
18 8
19 14
20 0
21 5
22 7
23 18
24 22
25 4
26 3
27 30
28 21
29 13
30 23
31 29
32 15
33 34
34 11
35 25
SIMILAR

19 10 12 24 20 8 25 14 29 6 3 17 28 1 11 21 32 0 34 15 5 31 9 18 13 30 7 22 4 2 16 33 35 26 27 23 
0 17
1 13
2 29
3 10
4 28
5 20
6 9
7 26
8 5
9 22
10 1
11 14
12 2
13 24
14 7
15 19
16 30
17 11
18 23
19 0
20 4
21 15
22 27
23 35
24 3
25 6
26 33
27 34
28 12
29 8
30 25
31 21
32 16
33 31
34 18
35 32
SIMILAR

28 23 0 24 12 20 21 27 9 26 16 13 31 29 22 5 14 7 11 10 18 35 2 1 8 32 15 33 17 3 19 25 6 34 30 4 
0 2
1 23
2 22
3 29
4 35
5 15
6 32
7 17
8 24
9 8
10 19
11 18
12 4
13 11
14 16
15 26
16 10
17 28
18 20
19 30
20 5
21 6
22 14
23 1
24 3
25 31
26 9
27 7
28 0
29 13
30 34
31 12
32 25
33 27
34 33
35 21
SIMILAR

29 30 26 4 27 31 16 20 5 34 32 28 0 14 6 17 10 22 7 33 8 12 25 18 3 11 24 19 2 1 15 21 9 35 23 13 
0 12
1 29
2 28
3 24
4 3
5 8
6 14
7 18
8 20
9 32
10 16
11 25
12 21
13 35
14 13
15 30
16 6
17 15
18 23
19 27
20 7
21 31
22 17
23 34
24 26
25 22
26 2
27 4
28 11
29 0
30 1
31 5
32 10
33 19
34 9
35 33
SIMILAR

26 20 14 28 7 29 10 8 25 21 18 17 13 16 2 3 11 4 31 6 5 35 33 19 32 9 1 23 34 15 12 0 27 24 22 30 
0 31
1 26
2 14
3 15
4 17
5 20
6 19
7 4
8 7
9 25
10 6
11 16
12 30
13 12
14 2
15 29
16 13
17 11
18 10
19 23
20 1
21 9
22 34
23 27
24 33
25 8
26 0
27 32
28 3
29 5
30 35
31 18
32 24
33 22
34 28
35 21
SIMILAR

31 28 24 22 18 35 27 29 21 9 15 1 14 6 12 20 3 0 13 7 30 16 26 4 32 25 23 11 2 33 19 10 17 34 5 8 
0 17
1 11
2 28
3 16
4 23
5 34
6 13
7 19
8 35
9 9
10 31
11 27
12 14
13 18
14 12
15 10
16 21
17 32
18 4
19 30
20 15
21 8
22 3
23 26
24 2
25 25
26 22
27 6
28 1
29 7
30 20
31 0
32 24
33 29
34 33
35 5
SIMILAR

21 0 24 19 33 27 7 17 11 29 35 15 22 13 28 10 4 18 5 2 32 12 31 3 34 26 20 30 9 1 25 14 6 23 16 8 
0 1
1 29
2 19
3 23
4 16
5 18
6 32
7 6
8 35
9 28
10 15
11 8
12 21
13 13
14 31
15 11
16 34
17 7
18 17
19 3
20 26
21 0
22 12
23 33
24 2
25 30
26 25
27 5
28 14
29 9
30 27
31 22
32 20
33 4
34 24
35 10
SIMILAR

20 1 18 16 24 33 10 2 30 0 29 4 15 31 27 7 23 5 25 17 28 13 9 22 11 12 26 19 8 14 21 6 3 35 34 32 
0 9
1 1
2 7
3 32
4 11
5 17
6 31
7 15
8 28
9 22
10 6
11 24
12 25
13 21
14 29
15 12
16 3
17 19
18 2
19 27
20 0
21 30
22 23
23 16
24 4
25 18
26 26
27 14
28 20
29 10
30 8
31 13
32 35
33 5
34 34
35 33
SIMILAR

2 6 29 27 14 33 35 31 24 22 9 28 0 11 26 18 34 23 7 32 10 1 4 15 20 25 16 21 3 5 19 13 17 30 8 12 
0 12
1 21
2 0
3 28
4 22
5 29
6 1
7 18
8 34
9 10
10 20
11 13
12 35
13 31
14 4
15 23
16 26
17 32
18 15
19 30
20 24
21 27
22 9
23 17
24 8
25 25
26 14
27 3
28 11
29 2
30 33
31 7
32 19
33 5
34 16
35 6
SIMILAR

30 27 7 22 13 23 9 17 15 21 25 18 6 35 33 19 8 20 14 10 11 3 24 26 34 32 16 31 5 4 29 28 1 2 12 0 
0 35
1 32
2 33
3 21
4 29
5 28
6 12
7 2
8 16
9 6
10 19
11 20
12 34
13 4
14 18
15 8
16 26
17 7
18 11
19 15
20 17
21 9
22 3
23 5
24 22
25 10
26 23
27 1
28 31
29 30
30 0
31 27
32 25
33 14
34 24
35 13
SIMILAR

17 11 30 0 5 15 28 10 23 16 22 32 18 3 2 29 35 27 31 24 12 13 19 7 1 6 34 20 14 8 33 9 26 21 4 25 
0 3
1 24
2 14
3 13
4 34
5 4
6 25
7 23
8 29
9 31
10 7
11 1
12 20
13 21
14 28
15 5
16 9
17 0
18 12
19 22
20 27
21 33
22 10
23 8
24 19
25 35
26 32
27 17
28 6
29 15
30 2
31 18
32 11
33 30
34 26
35 16
SIMILAR

17 30 18 2 27 23 5 4 31 12 32 22 20 3 19 35 0 15 10 16 29 7 6 21 11 24 34 26 1 9 33 13 14 25 8 28 
0 16
1 28
2 3
3 13
4 7
5 6
6 22
7 21
8 34
9 29
10 18
11 24
12 9
13 31
14 32
15 17
16 19
17 0
18 2
19 14
20 12
21 23
22 11
23 5
24 25
25 33
26 27
27 4
28 35
29 20
30 1
31 8
32 10
33 30
34 26
35 15
SIMILAR

8 16 22 11 7 23 19 20 1 5 2 4 32 15 21 35 24 14 27 17 12 9 0 30 34 33 18 13 28 6 29 25 31 3 26 10 
0 22
1 8
2 10
3 33
4 11
5 9
6 29
7 4
8 0
9 21
10 35
11 3
12 20
13 27
14 17
15 13
16 1
17 19
18 26
19 6
20 7
21 14
22 2
23 5
24 16
25 31
26 34
27 18
28 28
29 30
30 23
31 32
32 12
33 25
34 24
35 15
SIMILAR

19 18 25 3 34 1 27 8 7 21 2 5 28 10 24 33 20 14 4 11 29 32 26 9 0 22 17 23 15 35 30 31 16 6 12 13 
0 24
1 5
2 10
3 3
4 18
5 11
6 33
7 8
8 7
9 23
10 13
11 19
12 34
13 35
14 17
15 28
16 32
17 26
18 1
19 0
20 16
21 9
22 25
23 27
24 14
25 2
26 22
27 6
28 12
29 20
30 30
31 31
32 21
33 15
34 4
35 29
SIMILAR

29 24 23 3 1 17 7 35 27 8 33 31 0 10 19 9 28 4 11 18 12 26 22 21 14 16 32 34 20 30 13 25 5 6 15 2 
0 12
1 4
2 35
3 3
4 17
5 32
6 33
7 6
8 9
9 15
10 13
11 18
12 20
13 30
14 24
15 34
16 25
17 5
18 19
19 14
20 28
21 23
22 22
23 2
24 1
25 31
26 21
27 8
28 16
29 0
30 29
31 11
32 26
33 10
34 27
35 7
SIMILAR

20 30 7 8 29 28 35 3 24 22 0 10 2 18 14 21 12 33 16 19 11 31 17 23 26 15 9 5 25 27 6 4 13 34 32 1 
0 10
1 35
2 12
3 7
4 31
5 27
6 30
7 2
8 3
9 26
10 11
11 20
12 16
13 32
14 14
15 25
16 18
17 22
18 13
19 19
20 0
21 15
22 9
23 23
24 8
25 28
26 24
27 29
28 5
29 4
30 1
31 21
32 34
33 17
34 33
35 6
SIMILAR

26 30 32 31 20 24 23 11 25 6 16 7 22 14 18 28 0 33 15 35 5 29 19 1 12 4 8 13 9 3 17 27 21 10 34 2 
0 16
1 23
2 35
3 29
4 25
5 20
6 9
7 11
8 26
9 28
10 33
11 7
12 24
13 27
14 13
15 18
16 10
17 30
18 14
19 22
20 4
21 32
22 12
23 6
24 5
25 8
26 0
27 31
28 15
29 21
30 1
31 3
32 2
33 17
34 34
35 19
SIMILAR

35 22 11 21 4 26 1 9 13 14 7 16 19 15 25 2 23 20 10 33 5 12 30 8 3 6 31 18 17 0 32 27 28 29 34 24 
0 29
1 6
2 15
3 24
4 4
5 20
6 25
7 10
8 23
9 7
10 18
11 2
12 21
13 8
14 9
15 13
16 11
17 28
18 27
19 12
20 17
21 3
22 1
23 16
24 35
25 14
26 5
27 31
28 32
29 33
30 22
31 26
32 30
33 19
34 34
35 0
SIMILAR

26 31 2 3 16 9 23 13 6 30 5 29 19 10 11 17 22 8 4 28 21 7 0 33 24 35 20 18 15 27 1 34 14 32 12 25 
0 22
1 30
2 2
3 3
4 18
5 10
6 8
7 21
8 17
9 5
10 13
11 14
12 34
13 7
14 32
15 28
16 4
17 15
18 27
19 12
20 26
21 20
22 16
23 6
24 24
25 35
26 0
27 29
28 19
29 11
30 9
31 1
32 33
33 23
34 31
35 25
SIMILAR
100 0
9900 0
329900 0
