36
0 1 1 1 0 0 1 1 1 1 0 0 0 1 1 0 1 0 1 0 1 0 0 1 1 1 0 0 0 0 1 0 0 1 0 1 
1 0 0 0 1 0 1 0 1 1 0 1 0 1 1 0 0 1 1 1 0 1 0 1 1 1 1 1 0 1 0 0 0 0 1 1 
1 0 0 1 0 1 0 0 1 0 1 0 1 0 1 1 0 1 0 1 1 1 1 0 1 1 1 0 1 0 0 0 0 0 0 0 
1 0 1 0 0 0 1 1 0 1 1 0 0 1 1 1 0 1 1 1 0 1 0 1 1 1 0 1 1 0 0 1 0 0 0 0 
0 1 0 0 0 1 0 1 1 1 1 0 0 1 0 0 0 0 1 0 0 1 0 1 0 0 1 1 1 1 0 1 0 0 0 1 
0 0 1 0 1 0 1 1 0 1 1 0 1 0 0 0 0 1 0 1 0 1 1 0 1 0 0 0 1 0 1 0 1 1 0 0 
1 1 0 1 0 1 0 0 1 0 0 1 1 0 1 0 1 0 0 0 0 0 0 0 0 0 1 0 0 0 0 1 0 0 0 1 
1 0 0 1 1 1 0 0 0 1 1 1 0 0 0 0 0 1 1 0 0 1 1 0 0 0 1 1 0 1 0 1 1 1 0 1 
1 1 1 0 1 0 1 0 0 0 1 0 1 0 1 0 1 1 0 0 0 1 0 1 1 0 0 0 1 0 0 1 1 0 1 1 
1 1 0 1 1 1 0 1 0 0 1 0 0 1 1 0 1 0 0 1 1 0 0 1 0 1 1 0 0 0 0 1 0 1 1 0 
0 0 1 1 1 1 0 1 1 1 0 0 0 0 1 0 1 1 0 1 1 1 0 1 1 1 1 0 0 1 0 1 1 0 0 1 
0 1 0 0 0 0 1 1 0 0 0 0 1 1 1 1 1 0 0 0 1 0 1 0 0 1 1 1 1 0 0 0 0 0 1 1 
0 0 1 0 0 1 1 0 1 0 0 1 0 1 0 0 1 1 0 1 0 1 0 1 1 1 1 1 1 0 0 1 1 1 1 1 
1 1 0 1 1 0 0 0 0 1 0 1 1 0 0 1 0 1 0 1 0 1 1 0 0 0 1 1 0 0 0 1 1 1 0 1 
1 1 1 1 0 0 1 0 1 1 1 1 0 0 0 1 0 1 0 0 0 1 0 1 1 1 0 1 0 1 0 0 0 0 0 0 
0 0 1 1 0 0 0 0 0 0 0 1 0 1 1 0 1 1 1 1 0 1 1 0 0 1 1 0 0 0 0 0 1 1 0 0 
1 0 0 0 0 0 1 0 1 1 1 1 1 0 0 1 0 0 1 0 0 1 0 1 1 1 0 0 1 1 1 1 1 1 0 1 
0 1 1 1 0 1 0 1 1 0 1 0 1 1 1 1 0 0 1 0 1 1 0 1 1 1 0 1 0 1 1 0 0 0 0 0 
1 1 0 1 1 0 0 1 0 0 0 0 0 0 0 1 1 1 0 1 0 0 0 0 0 0 0 0 0 1 1 0 0 1 1 1 
0 1 1 1 0 1 0 0 0 1 1 0 1 1 0 1 0 0 1 0 1 1 1 1 0 0 1 0 1 0 0 0 1 1 0 1 
1 0 1 0 0 0 0 0 0 1 1 1 0 0 0 0 0 1 0 1 0 1 0 0 0 1 1 0 0 0 0 1 0 1 0 0 
0 1 1 1 1 1 0 1 1 0 1 0 1 1 1 1 1 1 0 1 1 0 1 1 0 1 0 0 1 0 1 0 1 1 1 0 
0 0 1 0 0 1 0 1 0 0 0 1 0 1 0 1 0 0 0 1 0 1 0 0 1 0 0 0 0 0 1 1 0 1 0 1 
1 1 0 1 1 0 0 0 1 1 1 0 1 0 1 0 1 1 0 1 0 1 0 0 0 0 1 0 0 1 1 0 0 1 0 1 
1 1 1 1 0 1 0 0 1 0 1 0 1 0 1 0 1 1 0 0 0 0 1 0 0 1 1 0 1 1 1 0 1 1 0 0 
1 1 1 1 0 0 0 0 0 1 1 1 1 0 1 1 1 1 0 0 1 1 0 0 1 0 0 0 0 1 0 1 1 0 1 0 
0 1 1 0 1 0 1 1 0 1 1 1 1 1 0 1 0 0 0 1 1 0 0 1 1 0 0 1 0 1 1 1 0 1 0 1 
0 1 0 1 1 0 0 1 0 0 0 1 1 1 1 0 0 1 0 0 0 0 0 0 0 0 1 0 1 0 1 0 1 0 0 1 
0 0 1 1 1 1 0 0 1 0 0 1 1 0 0 0 1 0 0 1 0 1 0 0 1 0 0 1 0 0 1 1 0 0 1 0 
0 1 0 0 1 0 0 1 0 0 1 0 0 0 1 0 1 1 1 0 0 0 0 1 1 1 1 0 0 0 1 1 0 1 1 0 
1 0 0 0 0 1 0 0 0 0 0 0 0 0 0 0 1 1 1 0 0 1 1 1 1 0 1 1 1 1 0 0 0 0 1 1 
0 0 0 1 1 0 1 1 1 1 1 0 1 1 0 0 1 0 0 0 1 0 1 0 0 1 1 0 1 1 0 0 1 1 1 1 
0 0 0 0 0 1 0 1 1 0 1 0 1 1 0 1 1 0 0 1 0 1 0 0 1 1 0 1 0 0 0 1 0 1 1 0 
1 0 0 0 0 1 0 1 0 1 0 0 1 1 0 1 1 0 1 1 1 1 1 1 1 0 1 0 0 1 0 1 1 0 0 0 
0 1 0 0 0 0 0 0 1 1 0 1 1 0 0 0 0 0 1 0 0 1 0 0 0 1 0 0 1 1 1 1 1 0 0 1 
1 1 0 0 1 0 1 1 1 0 1 1 1 1 0 0 1 0 1 1 0 0 1 1 0 0 1 1 0 0 1 1 0 0 1 0 

4 7 23 3 27 9 1 31 16 2 13 0 21 33 15 14 26 17 5 24 10 8 12 34 25 11 30 28 19 22 35 20 29 18 6 32 
0 11
1 6
2 9
3 3
4 0
5 18
6 34
7 1
8 21
9 5
10 20
11 25
12 22
13 10
14 15
15 14
16 8
17 17
18 33
19 28
20 31
21 12
22 29
23 2
24 19
25 24
26 16
27 4
28 27
29 32
30 26
31 7
32 35
33 13
34 23
35 30
SIMILAR

6 31 21 25 26 33 8 35 27 14 28 4 22 20 23 29 30 13 12 0 16 19 2 3 5 1 10 34 7 9 18 32 17 24 11 15 
0 19
1 25
2 22
3 23
4 11
5 24
6 0
7 28
8 6
9 29
10 26
11 34
12 18
13 17
14 9
15 35
16 20
17 32
18 30
19 21
20 13
21 2
22 12
23 14
24 33
25 3
26 4
27 8
28 10
29 15
30 16
31 1
32 31
33 5
34 27
35 7
SIMILAR

29 26 30 6 16 34 18 32 11 22 14 31 9 23 10 21 35 33 17 4 25 7 5 24 2 0 13 12 8 27 28 20 19 15 3 1 
0 25
1 35
2 24
3 34
4 19
5 22
6 3
7 21
8 28
9 12
10 14
11 8
12 27
13 26
14 10
15 33
16 4
17 18
18 6
19 32
20 31
21 15
22 9
23 13
24 23
25 20
26 1
27 29
28 30
29 0
30 2
31 11
32 7
33 17
34 5
35 16
SIMILAR

7 25 21 19 20 16 4 1 14 26 5 8 35 6 11 27 23 0 32 3 29 24 15 13 28 31 10 18 17 33 34 22 12 2 30 9 
0 17
1 7
2 33
3 19
4 6
5 10
6 13
7 0
8 11
9 35
10 26
11 14
12 32
13 23
14 8
15 22
16 5
17 28
18 27
19 3
20 4
21 2
22 31
23 16
24 21
25 1
26 9
27 15
28 24
29 20
30 34
31 25
32 18
33 29
34 30
35 12
SIMILAR

17 1 23 27 2 35 22 16 14 32 0 33 3 9 26 12 28 6 20 29 19 25 10 4 7 11 13 31 21 5 34 8 18 15 24 30 
0 10
1 1
2 4
3 12
4 23
5 29
6 17
7 24
8 31
9 13
10 22
11 25
12 15
13 26
14 8
15 33
16 7
17 0
18 32
19 20
20 18
21 28
22 6
23 2
24 34
25 21
26 14
27 3
28 16
29 19
30 35
31 27
32 9
33 11
34 30
35 5
SIMILAR

6 18 16 14 10 25 28 7 1 20 26 21 35 2 23 15 5 13 4 32 31 19 9 22 29 24 0 27 11 30 3 34 33 17 12 8 
0 26
1 8
2 13
3 30
4 18
5 16
6 0
7 7
8 35
9 22
10 4
11 28
12 34
13 17
14 3
15 15
16 2
17 33
18 1
19 21
20 9
21 11
22 23
23 14
24 25
25 5
26 10
27 27
28 6
29 24
30 29
31 20
32 19
33 32
34 31
35 12
SIMILAR

20 10 15 24 30 12 28 18 14 4 13 0 16 9 17 34 33 2 21 19 27 31 32 3 29 8 26 23 6 5 22 35 7 1 11 25 
0 11
1 33
2 17
3 23
4 9
5 29
6 28
7 32
8 25
9 13
10 1
11 34
12 5
13 10
14 8
15 2
16 12
17 14
18 7
19 19
20 0
21 18
22 30
23 27
24 3
25 35
26 26
27 20
28 6
29 24
30 4
31 21
32 22
33 16
34 15
35 31
SIMILAR

14 26 32 35 23 5 27 10 21 25 31 28 15 16 34 30 3 17 12 0 19 20 1 2 18 13 9 29 33 11 6 4 7 8 24 22 
0 19
1 22
2 23
3 16
4 31
5 5
6 30
7 32
8 33
9 26
10 7
11 29
12 18
13 25
14 0
15 12
16 13
17 17
18 24
19 20
20 21
21 8
22 35
23 4
24 34
25 9
26 1
27 6
28 11
29 27
30 15
31 10
32 2
33 28
34 14
35 3
SIMILAR

15 0 28 17 9 11 8 22 24 10 7 32 20 21 13 1 31 16 30 35 12 4 27 3 34 33 19 14 5 26 6 29 2 18 25 23 
0 1
1 15
2 32
3 23
4 21
5 28
6 30
7 10
8 6
9 4
10 9
11 5
12 20
13 14
14 27
15 0
16 17
17 3
18 33
19 26
20 12
21 13
22 7
23 35
24 8
25 34
26 29
27 22
28 2
29 31
30 18
31 16
32 11
33 25
34 24
35 19
SIMILAR

19 7 8 13 21 15 10 9 29 20 30 32 28 31 24 11 0 23 22 35 6 2 5 25 12 27 14 1 4 26 16 17 34 3 18 33 
0 16
1 27
2 21
3 33
4 28
5 22
6 20
7 1
8 2
9 7
10 6
11 15
12 24
13 3
14 26
15 5
16 30
17 31
18 34
19 0
20 9
21 4
22 18
23 17
24 14
25 23
26 29
27 25
28 12
29 8
30 10
31 13
32 11
33 35
34 32
35 19
SIMILAR

16 8 29 6 1 3 31 15 18 14 33 11 12 2 32 34 22 35 30 24 4 26 13 23 25 17 27 9 5 19 0 20 10 7 21 28 
0 30
1 4
2 13
3 5
4 20
5 28
6 3
7 33
8 1
9 27
10 32
11 11
12 12
13 22
14 9
15 7
16 0
17 25
18 8
19 29
20 31
21 34
22 16
23 23
24 19
25 24
26 21
27 26
28 35
29 2
30 18
31 6
32 14
33 10
34 15
35 17
SIMILAR

5 2 33 6 8 4 3 34 32 25 24 12 21 29 15 20 11 23 28 0 30 17 18 19 27 16 35 7 1 22 13 31 10 9 26 14 
0 19
1 28
2 1
3 6
4 5
5 0
6 3
7 27
8 4
9 33
10 32
11 16
12 11
13 30
14 35
15 14
16 25
17 21
18 22
19 23
20 15
21 12
22 29
23 17
24 10
25 9
26 34
27 24
28 18
29 13
30 20
31 31
32 8
33 2
34 7
35 26
SIMILAR

12 25 17 21 24 16 5 6 1 14 32 29 15 34 3 11 33 20 19 10 0 31 13 7 28 27 30 18 22 4 26 35 9 23 8 2 
0 20
1 8
2 35
3 14
4 29
5 6
6 7
7 23
8 34
9 32
10 19
11 15
12 0
13 22
14 9
15 12
16 5
17 2
18 27
19 18
20 17
21 3
22 28
23 33
24 4
25 1
26 30
27 25
28 24
29 11
30 26
31 21
32 10
33 16
34 13
35 31
SIMILAR

31 20 24 9 29 23 1 15 26 32 27 5 0 22 34 3 30 6 7 17 18 13 25 28 4 8 16 35 14 33 2 10 21 11 12 19 
0 12
1 6
2 30
3 15
4 24
5 11
6 17
7 18
8 25
9 3
10 31
11 33
12 34
13 21
14 28
15 7
16 26
17 19
18 20
19 35
20 1
21 32
22 13
23 5
24 2
25 22
26 8
27 10
28 23
29 4
30 16
31 0
32 9
33 29
34 14
35 27
SIMILAR

6 24 2 30 11 21 1 25 15 12 20 5 16 4 31 13 8 18 10 0 35 26 34 22 19 9 29 14 33 32 3 28 23 17 27 7 
0 19
1 6
2 2
3 30
4 13
5 11
6 0
7 35
8 16
9 25
10 18
11 4
12 9
13 15
14 27
15 8
16 12
17 33
18 17
19 24
20 10
21 5
22 23
23 32
24 1
25 7
26 21
27 34
28 31
29 26
30 3
31 14
32 29
33 28
34 22
35 20
SIMILAR

2 6 14 7 0 26 29 22 19 24 8 28 21 34 30 3 35 1 23 10 20 15 18 4 11 9 12 13 31 32 5 33 27 16 17 25 
0 4
1 17
2 0
3 15
4 23
5 30
6 1
7 3
8 10
9 25
10 19
11 24
12 26
13 27
14 2
15 21
16 33
17 34
18 22
19 8
20 20
21 12
22 7
23 18
24 9
25 35
26 5
27 32
28 11
29 6
30 14
31 28
32 29
33 31
34 13
35 16
SIMILAR

10 24 27 31 28 12 22 15 35 34 5 8 20 29 16 9 6 3 26 7 0 21 23 1 32 19 33 18 2 25 4 11 13 30 17 14 
0 20
1 23
2 28
3 17
4 30
5 10
6 16
7 19
8 11
9 15
10 0
11 31
12 5
13 32
14 35
15 7
16 14
17 34
18 27
19 25
20 12
21 21
22 6
23 22
24 1
25 29
26 18
27 2
28 4
29 13
30 33
31 3
32 24
33 26
34 9
35 8
SIMILAR

29 18 32 24 8 2 10 7 28 12 25 27 35 1 15 5 26 4 16 30 34 6 23 19 17 9 33 13 31 11 14 0 3 20 22 21 
0 31
1 13
2 5
3 32
4 17
5 15
6 21
7 7
8 4
9 25
10 6
11 29
12 9
13 27
14 30
15 14
16 18
17 24
18 1
19 23
20 33
21 35
22 34
23 22
24 3
25 10
26 16
27 11
28 8
29 0
30 19
31 28
32 2
33 26
34 20
35 12
SIMILAR

15 14 11 19 26 16 7 10 9 12 23 29 27 22 34 1 32 30 25 6 2 21 31 28 8 5 24 4 17 35 20 18 0 3 13 33 
0 32
1 15
2 20
3 33
4 27
5 25
6 19
7 6
8 24
9 8
10 7
11 2
12 9
13 34
14 1
15 0
16 5
17 28
18 31
19 3
20 30
21 21
22 13
23 10
24 26
25 18
26 4
27 12
28 23
29 11
30 17
31 22
32 16
33 35
34 14
35 29
SIMILAR

23 2 22 33 0 21 20 26 4 30 11 8 12 27 9 10 15 29 35 6 24 17 14 19 5 7 25 31 34 18 1 28 32 3 13 16 
0 4
1 30
2 1
3 33
4 8
5 24
6 19
7 25
8 11
9 14
10 15
11 10
12 12
13 34
14 22
15 16
16 35
17 21
18 29
19 23
20 6
21 5
22 2
23 0
24 20
25 26
26 7
27 13
28 31
29 17
30 9
31 27
32 32
33 3
34 28
35 18
SIMILAR

16 9 5 23 34 28 18 27 35 7 1 21 3 13 31 30 17 6 12 26 22 19 0 33 32 20 25 15 4 14 10 29 8 24 2 11 
0 22
1 10
2 34
3 12
4 28
5 2
6 17
7 9
8 32
9 1
10 30
11 35
12 18
13 13
14 29
15 27
16 0
17 16
18 6
19 21
20 25
21 11
22 20
23 3
24 33
25 26
26 19
27 7
28 5
29 31
30 15
31 14
32 24
33 23
34 4
35 8
SIMILAR

23 28 1 6 25 21 2 24 22 4 20 17 8 32 15 10 12 3 35 33 5 13 29 26 0 14 18 7 31 9 27 16 34 11 19 30 
0 24
1 2
2 6
3 17
4 9
5 20
6 3
7 27
8 12
9 29
10 15
11 33
12 16
13 21
14 25
15 14
16 31
17 11
18 26
19 34
20 10
21 5
22 8
23 0
24 7
25 4
26 23
27 30
28 1
29 22
30 35
31 28
32 13
33 19
34 32
35 18
SIMILAR

29 24 25 19 13 12 4 17 34 28 3 16 6 15 7 14 18 1 9 21 27 22 20 31 35 2 5 8 26 23 30 33 0 32 10 11 
0 32
1 17
2 25
3 10
4 6
5 26
6 12
7 14
8 27
9 18
10 34
11 35
12 5
13 4
14 15
15 13
16 11
17 7
18 16
19 3
20 22
21 19
22 21
23 29
24 1
25 2
26 28
27 20
28 9
29 0
30 30
31 23
32 33
33 31
34 8
35 24
SIMILAR

27 35 13 20 6 25 3 10 26 32 22 30 0 34 11 4 33 19 9 21 16 24 12 29 2 8 14 5 18 23 28 17 7 1 31 15 
0 12
1 33
2 24
3 6
4 15
5 27
6 4
7 32
8 25
9 18
10 7
11 14
12 22
13 2
14 26
15 35
16 20
17 31
18 28
19 17
20 3
21 19
22 10
23 29
24 21
25 5
26 8
27 0
28 30
29 23
30 11
31 34
32 9
33 16
34 13
35 1
SIMILAR

30 0 33 25 35 29 20 22 15 1 4 6 24 21 5 27 17 32 3 26 18 34 7 9 28 23 19 13 12 2 8 11 31 16 10 14 
0 1
1 9
2 29
3 18
4 10
5 14
6 11
7 22
8 30
9 23
10 34
11 31
12 28
13 27
14 35
15 8
16 33
17 16
18 20
19 26
20 6
21 13
22 7
23 25
24 12
25 3
26 19
27 15
28 24
29 5
30 0
31 32
32 17
33 2
34 21
35 4
SIMILAR

28 29 10 4 15 25 21 14 2 19 31 17 24 11 9 18 7 32 5 1 22 8 0 26 34 6 27 30 35 20 13 33 3 12 16 23 
0 22
1 19
2 8
3 32
4 3
5 18
6 25
7 16
8 21
9 14
10 2
11 13
12 33
13 30
14 7
15 4
16 34
17 11
18 15
19 9
20 29
21 6
22 20
23 35
24 12
25 5
26 23
27 26
28 0
29 1
30 27
31 10
32 17
33 31
34 24
35 28
SIMILAR

13 7 22 15 35 34 28 12 14 5 9 18 10 0 21 3 8 6 17 19 32 33 1 27 25 2 16 20 24 29 4 11 23 26 31 30 
0 13
1 22
2 25
3 15
4 30
5 9
6 17
7 1
8 16
9 10
10 12
11 31
12 7
13 0
14 8
15 3
16 26
17 18
18 11
19 19
20 27
21 14
22 2
23 32
24 28
25 24
26 33
27 23
28 6
29 29
30 35
31 34
32 20
33 21
34 5
35 4
SIMILAR

3 23 12 33 2 21 6 11 24 35 20 0 15 22 25 32 7 17 18 16 13 4 30 19 9 28 10 27 5 14 29 31 8 26 34 1 
0 11
1 35
2 4
3 0
4 21
5 28
6 6
7 16
8 32
9 24
10 26
11 7
12 2
13 20
14 29
15 12
16 19
17 17
18 18
19 23
20 10
21 5
22 13
23 1
24 8
25 14
26 33
27 27
28 25
29 30
30 22
31 31
32 15
33 3
34 34
35 9
SIMILAR

34 13 16 5 35 1 6 25 24 9 21 27 8 2 23 14 20 10 4 17 7 32 18 28 29 11 30 33 31 0 15 19 3 22 26 12 
0 29
1 5
2 13
3 32
4 18
5 3
6 6
7 20
8 12
9 9
10 17
11 25
12 35
13 1
14 15
15 30
16 2
17 19
18 22
19 31
20 16
21 10
22 33
23 14
24 8
25 7
26 34
27 11
28 23
29 24
30 26
31 28
32 21
33 27
34 0
35 4
SIMILAR

1 3 16 26 21 24 12 31 5 19 2 25 23 8 30 0 11 32 7 20 14 4 35 33 15 29 6 27 18 22 17 34 13 10 28 9 
0 15
1 0
2 10
3 1
4 21
5 8
6 26
7 18
8 13
9 35
10 33
11 16
12 6
13 32
14 20
15 24
16 2
17 30
18 28
19 9
20 19
21 4
22 29
23 12
24 5
25 11
26 3
27 27
28 34
29 25
30 14
31 7
32 17
33 23
34 31
35 22
SIMILAR

25 30 33 0 3 18 1 16 31 34 23 21 7 35 15 17 19 5 27 32 10 24 11 26 8 12 28 6 9 20 14 4 29 22 2 13 
0 3
1 6
2 34
3 4
4 31
5 17
6 27
7 12
8 24
9 28
10 20
11 22
12 25
13 35
14 30
15 14
16 7
17 15
18 5
19 16
20 29
21 11
22 33
23 10
24 21
25 0
26 23
27 18
28 26
29 32
30 1
31 8
32 19
33 2
34 9
35 13
SIMILAR

19 20 13 15 23 7 22 35 0 34 12 5 27 14 6 31 25 30 26 2 24 33 21 9 32 8 18 3 1 29 10 17 28 16 4 11 
0 8
1 28
2 19
3 27
4 34
5 11
6 14
7 5
8 25
9 23
10 30
11 35
12 10
13 2
14 13
15 3
16 33
17 31
18 26
19 0
20 1
21 22
22 6
23 4
24 20
25 16
26 18
27 12
28 32
29 29
30 17
31 15
32 24
33 21
34 9
35 7
SIMILAR

32 28 34 31 35 22 3 11 23 14 25 6 10 5 24 18 33 27 8 21 19 26 1 9 0 29 15 7 13 20 12 4 16 17 2 30 
0 24
1 22
2 34
3 6
4 31
5 13
6 11
7 27
8 18
9 23
10 12
11 7
12 30
13 28
14 9
15 26
16 32
17 33
18 15
19 20
20 29
21 19
22 5
23 8
24 14
25 10
26 21
27 17
28 1
29 25
30 35
31 3
32 0
33 16
34 2
35 4
SIMILAR

25 22 21 33 7 8 9 6 11 26 29 35 12 18 3 4 16 14 10 31 13 34 15 23 27 20 1 0 2 19 17 5 30 32 24 28 
0 27
1 26
2 28
3 14
4 15
5 31
6 7
7 4
8 5
9 6
10 18
11 8
12 12
13 20
14 17
15 22
16 16
17 30
18 13
19 29
20 25
21 2
22 1
23 23
24 34
25 0
26 9
27 24
28 35
29 10
30 32
31 19
32 33
33 3
34 21
35 11
SIMILAR

5 14 8 10 34 2 35 33 0 30 12 17 9 28 13 24 21 15 7 31 26 11 4 18 20 27 29 22 23 1 25 19 32 6 16 3 
0 8
1 29
2 5
3 35
4 22
5 0
6 33
7 18
8 2
9 12
10 3
11 21
12 10
13 14
14 1
15 17
16 34
17 11
18 23
19 31
20 24
21 16
22 27
23 28
24 15
25 30
26 20
27 25
28 13
29 26
30 9
31 19
32 32
33 7
34 4
35 6
SIMILAR

23 14 5 2 15 4 29 12 26 25 9 24 0 28 10 32 30 18 13 35 16 8 27 1 3 7 31 11 34 21 6 17 22 20 33 19 
0 12
1 23
2 3
3 24
4 5
5 2
6 30
7 25
8 21
9 10
10 14
11 27
12 7
13 18
14 1
15 4
16 20
17 31
18 17
19 35
20 33
21 29
22 32
23 0
24 11
25 9
26 8
27 22
28 13
29 6
30 16
31 26
32 15
33 34
34 28
35 19
SIMILAR

21 4 0 20 11 16 28 31 3 35 26 1 13 9 29 6 19 12 24 22 17 14 8 15 34 23 25 10 32 30 5 2 27 33 7 18 
0 2
1 11
2 31
3 8
4 1
5 30
6 15
7 34
8 22
9 13
10 27
11 4
12 17
13 12
14 21
15 23
16 5
17 20
18 35
19 16
20 3
21 0
22 19
23 25
24 18
25 26
26 10
27 32
28 6
29 14
30 29
31 7
32 28
33 33
34 24
35 9
SIMILAR

15 29 5 3 19 18 24 11 22 33 28 17 21 8 0 10 13 23 1 25 7 31 30 6 35 26 9 34 20 27 4 14 32 2 16 12 
0 14
1 18
2 33
3 3
4 30
5 2
6 23
7 20
8 13
9 26
10 15
11 7
12 35
13 16
14 31
15 0
16 34
17 11
18 5
19 4
20 28
21 12
22 8
23 17
24 6
25 19
26 25
27 29
28 10
29 1
30 22
31 21
32 32
33 9
34 27
35 24
SIMILAR

10 7 29 0 26 18 6 19 30 14 23 31 4 33 12 16 2 21 9 34 1 35 17 27 5 20 8 13 22 15 25 11 28 24 3 32 
0 3
1 20
2 16
3 34
4 12
5 24
6 6
7 1
8 26
9 18
10 0
11 31
12 14
13 27
14 9
15 29
16 15
17 22
18 5
19 7
20 25
21 17
22 28
23 10
24 33
25 30
26 4
27 23
28 32
29 2
30 8
31 11
32 35
33 13
34 19
35 21
SIMILAR

22 17 26 11 21 29 6 13 1 24 28 8 14 2 33 34 30 3 27 16 0 18 15 35 9 5 20 25 19 12 10 23 7 31 4 32 
0 20
1 8
2 13
3 17
4 34
5 25
6 6
7 32
8 11
9 24
10 30
11 3
12 29
13 7
14 12
15 22
16 19
17 1
18 21
19 28
20 26
21 4
22 0
23 31
24 9
25 27
26 2
27 18
28 10
29 5
30 16
31 33
32 35
33 14
34 15
35 23
SIMILAR

13 17 6 32 20 26 35 4 30 19 18 23 22 16 21 2 27 12 33 8 0 3 34 10 28 11 9 29 7 25 1 31 14 24 5 15 
0 20
1 30
2 15
3 21
4 7
5 34
6 2
7 28
8 19
9 26
10 23
11 25
12 17
13 0
14 32
15 35
16 13
17 1
18 10
19 9
20 4
21 14
22 12
23 11
24 33
25 29
26 5
27 16
28 24
29 27
30 8
31 31
32 3
33 18
34 22
35 6
SIMILAR

11 0 14 3 35 5 28 4 22 7 26 20 30 8 1 33 21 9 15 16 6 27 32 25 13 29 24 19 12 2 18 31 17 34 10 23 
0 1
1 14
2 29
3 3
4 7
5 5
6 20
7 9
8 13
9 17
10 34
11 0
12 28
13 24
14 2
15 18
16 19
17 32
18 30
19 27
20 11
21 16
22 8
23 35
24 26
25 23
26 10
27 21
28 6
29 25
30 12
31 31
32 22
33 15
34 33
35 4
SIMILAR

14 2 3 21 17 18 16 0 9 30 28 31 6 35 34 33 7 23 5 32 20 19 24 25 26 29 4 12 13 22 8 10 15 1 11 27 
0 7
1 33
2 1
3 2
4 26
5 18
6 12
7 16
8 30
9 8
10 31
11 34
12 27
13 28
14 0
15 32
16 6
17 4
18 5
19 21
20 20
21 3
22 29
23 17
24 22
25 23
26 24
27 35
28 10
29 25
30 9
31 11
32 19
33 15
34 14
35 13
SIMILAR

0 11 33 14 13 28 20 8 23 16 7 26 32 29 9 19 21 2 6 10 4 18 12 27 15 1 5 3 25 31 30 34 35 22 17 24 
0 0
1 25
2 17
3 27
4 20
5 26
6 18
7 10
8 7
9 14
10 19
11 1
12 22
13 4
14 3
15 24
16 9
17 34
18 21
19 15
20 6
21 16
22 33
23 8
24 35
25 28
26 11
27 23
28 5
29 13
30 30
31 29
32 12
33 2
34 31
35 32
SIMILAR

3 23 29 12 24 20 28 5 9 8 1 18 19 21 10 15 2 31 7 14 22 34 4 33 6 0 13 30 17 32 27 25 35 11 26 16 
0 25
1 10
2 16
3 0
4 22
5 7
6 24
7 18
8 9
9 8
10 14
11 33
12 3
13 26
14 19
15 15
16 35
17 28
18 11
19 12
20 5
21 13
22 20
23 1
24 4
25 31
26 34
27 30
28 6
29 2
30 27
31 17
32 29
33 23
34 21
35 32
SIMILAR

22 29 21 35 5 9 16 27 12 14 20 32 24 19 15 28 1 18 26 13 30 34 4 11 6 0 31 8 33 7 3 23 2 17 10 25 
0 25
1 16
2 32
3 30
4 22
5 4
6 24
7 29
8 27
9 5
10 34
11 23
12 8
13 19
14 9
15 14
16 6
17 33
18 17
19 13
20 10
21 2
22 0
23 31
24 12
25 35
26 18
27 7
28 15
29 1
30 20
31 26
32 11
33 28
34 21
35 3
SIMILAR

8 21 26 32 11 34 9 23 3 28 6 17 14 12 35 13 19 2 4 1 22 5 10 29 33 27 15 18 0 31 30 7 25 16 24 20 
0 28
1 19
2 17
3 8
4 18
5 21
6 10
7 31
8 0
9 6
10 22
11 4
12 13
13 15
14 12
15 26
16 33
17 11
18 27
19 16
20 35
21 1
22 20
23 7
24 34
25 32
26 2
27 25
28 9
29 23
30 30
31 29
32 3
33 24
34 5
35 14
SIMILAR

35 23 15 3 11 24 17 14 21 31 2 28 26 29 0 19 25 27 9 20 22 30 34 13 6 5 4 12 8 18 1 10 7 32 16 33 
0 14
1 30
2 10
3 3
4 26
5 25
6 24
7 32
8 28
9 18
10 31
11 4
12 27
13 23
14 7
15 2
16 34
17 6
18 29
19 15
20 19
21 8
22 20
23 1
24 5
25 16
26 12
27 17
28 11
29 13
30 21
31 9
32 33
33 35
34 22
35 0
SIMILAR

30 20 33 15 27 31 1 34 16 3 28 19 13 25 6 21 32 9 26 8 12 35 23 29 24 17 5 0 2 10 4 11 14 22 7 18 
0 27
1 6
2 28
3 9
4 30
5 26
6 14
7 34
8 19
9 17
10 29
11 31
12 20
13 12
14 32
15 3
16 8
17 25
18 35
19 11
20 1
21 15
22 33
23 22
24 24
25 13
26 18
27 4
28 10
29 23
30 0
31 5
32 16
33 2
34 7
35 21
SIMILAR

5 24 12 1 26 23 19 10 2 25 29 20 4 14 34 21 28 15 27 32 30 0 16 17 35 9 13 3 33 6 18 11 31 8 22 7 
0 21
1 3
2 8
3 27
4 12
5 0
6 29
7 35
8 33
9 25
10 7
11 31
12 2
13 26
14 13
15 17
16 22
17 23
18 30
19 6
20 11
21 15
22 34
23 5
24 1
25 9
26 4
27 18
28 16
29 10
30 20
31 32
32 19
33 28
34 14
35 24
SIMILAR

24 29 33 15 2 11 12 17 16 31 32 30 4 6 26 35 18 27 13 21 8 3 25 23 19 28 34 0 5 20 10 1 14 7 9 22 
0 27
1 31
2 4
3 21
4 12
5 28
6 13
7 33
8 20
9 34
10 30
11 5
12 6
13 18
14 32
15 3
16 8
17 7
18 16
19 24
20 29
21 19
22 35
23 23
24 0
25 22
26 14
27 17
28 25
29 1
30 11
31 9
32 10
33 2
34 26
35 15
SIMILAR

7 6 14 0 26 4 9 8 24 10 22 34 15 33 35 5 16 20 28 17 23 31 11 18 19 13 1 3 32 27 30 25 12 29 21 2 
0 3
1 26
2 35
3 27
4 5
5 15
6 1
7 0
8 7
9 6
10 9
11 22
12 32
13 25
14 2
15 12
16 16
17 19
18 23
19 24
20 17
21 34
22 10
23 20
24 8
25 31
26 4
27 29
28 18
29 33
30 30
31 21
32 28
33 13
34 11
35 14
SIMILAR

32 8 7 28 21 30 25 17 1 0 5 16 27 22 26 12 34 23 10 6 11 31 33 19 24 35 13 18 14 29 20 15 2 9 4 3 
0 9
1 8
2 32
3 35
4 34
5 10
6 19
7 2
8 1
9 33
10 18
11 20
12 15
13 26
14 28
15 31
16 11
17 7
18 27
19 23
20 30
21 4
22 13
23 17
24 24
25 6
26 14
27 12
28 3
29 29
30 5
31 21
32 0
33 22
34 16
35 25
SIMILAR

25 20 30 18 26 12 21 4 27 23 15 22 5 3 9 19 10 17 35 2 1 33 11 0 8 29 16 31 14 7 34 28 6 24 32 13 
0 23
1 20
2 19
3 13
4 7
5 12
6 32
7 29
8 24
9 14
10 16
11 22
12 5
13 35
14 28
15 10
16 26
17 17
18 3
19 15
20 1
21 6
22 11
23 9
24 33
25 0
26 4
27 8
28 31
29 25
30 2
31 27
32 34
33 21
34 30
35 18
SIMILAR

4 16 34 15 9 31 0 35 7 27 13 10 22 18 12 32 3 26 21 2 25 24 33 14 11 5 6 20 19 8 29 23 30 1 17 28 
0 6
1 33
2 19
3 16
4 0
5 25
6 26
7 8
8 29
9 4
10 11
11 24
12 14
13 10
14 23
15 3
16 1
17 34
18 13
19 28
20 27
21 18
22 12
23 31
24 21
25 20
26 17
27 9
28 35
29 30
30 32
31 5
32 15
33 22
34 2
35 7
SIMILAR

8 4 20 22 1 10 25 5 11 26 21 32 35 16 13 18 24 28 0 31 9 34 7 2 14 17 27 30 29 23 3 33 19 12 6 15 
0 18
1 4
2 23
3 30
4 1
5 7
6 34
7 22
8 0
9 20
10 5
11 8
12 33
13 14
14 24
15 35
16 13
17 25
18 15
19 32
20 2
21 10
22 3
23 29
24 16
25 6
26 9
27 26
28 17
29 28
30 27
31 19
32 11
33 31
34 21
35 12
SIMILAR

14 23 5 26 25 30 6 17 21 22 3 33 12 18 10 15 13 11 8 7 35 20 2 29 19 32 4 28 0 31 34 24 27 16 1 9 
0 28
1 34
2 22
3 10
4 26
5 2
6 6
7 19
8 18
9 35
10 14
11 17
12 12
13 16
14 0
15 15
16 33
17 7
18 13
19 24
20 21
21 8
22 9
23 1
24 31
25 4
26 3
27 32
28 27
29 23
30 5
31 29
32 25
33 11
34 30
35 20
SIMILAR

29 27 7 23 15 10 16 30 2 24 20 9 18 26 33 22 13 28 11 21 0 32 5 14 31 8 19 25 3 12 17 4 1 6 34 35 
0 20
1 32
2 8
3 28
4 31
5 22
6 33
7 2
8 25
9 11
10 5
11 18
12 29
13 16
14 23
15 4
16 6
17 30
18 12
19 26
20 10
21 19
22 15
23 3
24 9
25 27
26 13
27 1
28 17
29 0
30 7
31 24
32 21
33 14
34 34
35 35
SIMILAR

22 6 10 33 19 29 31 0 30 16 23 34 18 35 3 25 12 27 32 26 7 2 17 1 13 14 11 5 28 9 4 20 8 15 24 21 
0 7
1 23
2 21
3 14
4 30
5 27
6 1
7 20
8 32
9 29
10 2
11 26
12 16
13 24
14 25
15 33
16 9
17 22
18 12
19 4
20 31
21 35
22 0
23 10
24 34
25 15
26 19
27 17
28 28
29 5
30 8
31 6
32 18
33 3
34 11
35 13
SIMILAR

15 16 34 12 4 17 0 22 6 24 1 8 35 31 11 13 5 26 3 29 21 27 28 23 19 14 2 18 30 7 10 32 20 33 25 9 
0 6
1 10
2 26
3 18
4 4
5 16
6 8
7 29
8 11
9 35
10 30
11 14
12 3
13 15
14 25
15 0
16 1
17 5
18 27
19 24
20 32
21 20
22 7
23 23
24 9
25 34
26 17
27 21
28 22
29 19
30 28
31 13
32 31
33 33
34 2
35 12
SIMILAR

11 17 24 35 29 7 25 16 5 13 33 21 23 32 14 28 1 15 4 6 8 10 30 0 34 27 9 3 2 22 20 19 18 31 26 12 
0 23
1 16
2 28
3 27
4 18
5 8
6 19
7 5
8 20
9 26
10 21
11 0
12 35
13 9
14 14
15 17
16 7
17 1
18 32
19 31
20 30
21 11
22 29
23 12
24 2
25 6
26 34
27 25
28 15
29 4
30 22
31 33
32 13
33 10
34 24
35 3
SIMILAR

35 31 29 2 24 11 15 25 32 0 20 1 26 18 9 8 27 19 14 7 5 22 28 3 30 21 6 23 4 17 33 13 16 10 34 12 
0 9
1 11
2 3
3 23
4 28
5 20
6 26
7 19
8 15
9 14
10 33
11 5
12 35
13 31
14 18
15 6
16 32
17 29
18 13
19 17
20 10
21 25
22 21
23 27
24 4
25 7
26 12
27 16
28 22
29 2
30 24
31 1
32 8
33 30
34 34
35 0
SIMILAR

9 22 13 4 15 0 32 26 31 20 35 18 29 27 11 23 21 17 30 1 19 5 33 8 3 14 28 12 25 6 7 10 24 34 16 2 
0 5
1 19
2 35
3 24
4 3
5 21
6 29
7 30
8 23
9 0
10 31
11 14
12 27
13 2
14 25
15 4
16 34
17 17
18 11
19 20
20 9
21 16
22 1
23 15
24 32
25 28
26 7
27 13
28 26
29 12
30 18
31 8
32 6
33 22
34 33
35 10
SIMILAR

21 30 34 35 8 16 18 9 22 3 26 4 0 31 24 1 10 2 29 15 6 5 17 11 33 14 25 13 19 7 28 12 32 20 27 23 
0 12
1 15
2 17
3 9
4 11
5 21
6 20
7 29
8 4
9 7
10 16
11 23
12 31
13 27
14 25
15 19
16 5
17 22
18 6
19 28
20 33
21 0
22 8
23 35
24 14
25 26
26 10
27 34
28 30
29 18
30 1
31 13
32 32
33 24
34 2
35 3
SIMILAR

11 4 10 13 0 28 17 16 22 3 24 31 19 8 15 27 35 30 14 23 33 9 12 18 29 20 7 32 26 2 1 5 21 34 6 25 
0 4
1 30
2 29
3 9
4 1
5 31
6 34
7 26
8 13
9 21
10 2
11 0
12 22
13 3
14 18
15 14
16 7
17 6
18 23
19 12
20 25
21 32
22 8
23 19
24 10
25 35
26 28
27 15
28 5
29 24
30 17
31 11
32 27
33 20
34 33
35 16
SIMILAR

28 8 3 26 18 9 35 10 20 17 0 34 31 2 19 4 11 14 21 12 22 15 16 1 13 5 30 23 33 24 32 25 27 7 6 29 
0 10
1 23
2 13
3 2
4 15
5 25
6 34
7 33
8 1
9 5
10 7
11 16
12 19
13 24
14 17
15 21
16 22
17 9
18 4
19 14
20 8
21 18
22 20
23 27
24 29
25 31
26 3
27 32
28 0
29 35
30 26
31 12
32 30
33 28
34 11
35 6
SIMILAR

28 4 5 7 20 10 3 35 21 25 12 0 26 2 33 9 8 22 15 27 1 24 23 13 6 17 18 14 29 30 19 16 32 11 31 34 
0 11
1 20
2 13
3 6
4 1
5 2
6 24
7 3
8 16
9 15
10 5
11 33
12 10
13 23
14 27
15 18
16 31
17 25
18 26
19 30
20 4
21 8
22 17
23 22
24 21
25 9
26 12
27 19
28 0
29 28
30 29
31 34
32 32
33 14
34 35
35 7
SIMILAR

31 2 24 10 15 14 5 19 18 7 32 26 25 27 22 0 23 28 8 35 21 13 16 4 6 12 30 9 1 11 20 3 34 17 33 29 
0 15
1 28
2 1
3 31
4 23
5 6
6 24
7 9
8 18
9 27
10 3
11 29
12 25
13 21
14 5
15 4
16 22
17 33
18 8
19 7
20 30
21 20
22 14
23 16
24 2
25 12
26 11
27 13
28 17
29 35
30 26
31 0
32 10
33 34
34 32
35 19
SIMILAR

31 11 28 2 6 0 12 8 9 19 15 3 5 10 29 18 26 33 35 32 16 1 17 13 7 14 24 34 21 23 20 27 25 4 30 22 
0 5
1 21
2 3
3 11
4 33
5 12
6 4
7 24
8 7
9 8
10 13
11 1
12 6
13 23
14 25
15 10
16 20
17 22
18 15
19 9
20 30
21 28
22 35
23 29
24 26
25 32
26 16
27 31
28 2
29 14
30 34
31 0
32 19
33 17
34 27
35 18
SIMILAR

5 1 25 19 22 16 3 35 18 0 30 34 33 10 8 13 26 29 20 28 6 27 31 32 11 12 7 17 15 24 21 23 4 14 2 9 
0 9
1 1
2 34
3 6
4 32
5 0
6 20
7 26
8 14
9 35
10 13
11 24
12 25
13 15
14 33
15 28
16 5
17 27
18 8
19 3
20 18
21 30
22 4
23 31
24 29
25 2
26 16
27 21
28 19
29 17
30 10
31 22
32 23
33 12
34 11
35 7
SIMILAR

17 33 21 29 5 13 18 24 20 19 30 11 2 12 7 8 26 0 31 9 3 1 34 25 16 10 4 23 28 15 27 6 22 35 32 14 
0 17
1 21
2 12
3 20
4 26
5 4
6 31
7 14
8 15
9 19
10 25
11 11
12 13
13 5
14 35
15 29
16 24
17 0
18 6
19 9
20 8
21 2
22 32
23 27
24 7
25 23
26 16
27 30
28 28
29 3
30 10
31 18
32 34
33 1
34 22
35 33
SIMILAR

31 8 2 27 9 17 21 13 23 22 18 33 10 3 14 15 34 1 26 0 7 19 20 29 16 11 5 4 30 12 6 28 35 24 32 25 
0 19
1 17
2 2
3 13
4 27
5 26
6 30
7 20
8 1
9 4
10 12
11 25
12 29
13 7
14 14
15 15
16 24
17 5
18 10
19 21
20 22
21 6
22 9
23 8
24 33
25 35
26 18
27 3
28 31
29 23
30 28
31 0
32 34
33 11
34 16
35 32
SIMILAR

3 21 9 22 0 19 7 34 14 20 29 5 2 32 24 10 18 11 35 17 6 25 4 28 33 1 15 12 16 23 13 30 8 27 26 31 
0 4
1 25
2 12
3 0
4 22
5 11
6 20
7 6
8 32
9 2
10 15
11 17
12 27
13 30
14 8
15 26
16 28
17 19
18 16
19 5
20 9
21 1
22 3
23 29
24 14
25 21
26 34
27 33
28 23
29 10
30 31
31 35
32 13
33 24
34 7
35 18
SIMILAR

23 31 26 0 11 16 25 33 35 4 17 18 5 30 22 14 1 32 8 19 6 20 12 15 29 13 2 24 7 28 34 9 3 21 27 10 
0 3
1 16
2 26
3 32
4 9
5 12
6 20
7 28
8 18
9 31
10 35
11 4
12 22
13 25
14 15
15 23
16 5
17 10
18 11
19 19
20 21
21 33
22 14
23 0
24 27
25 6
26 2
27 34
28 29
29 24
30 13
31 1
32 17
33 7
34 30
35 8
SIMILAR

32 17 26 5 27 10 19 25 33 16 0 13 34 28 24 8 12 23 15 11 22 7 4 3 31 2 35 18 29 6 30 20 9 21 1 14 
0 10
1 34
2 25
3 23
4 22
5 3
6 29
7 21
8 15
9 32
10 5
11 19
12 16
13 11
14 35
15 18
16 9
17 1
18 27
19 6
20 31
21 33
22 20
23 17
24 14
25 7
26 2
27 4
28 13
29 28
30 30
31 24
32 0
33 8
34 12
35 26
SIMILAR

5 13 22 27 12 35 23 21 16 4 33 20 24 1 19 28 18 17 9 3 29 14 32 8 25 2 31 34 30 10 26 6 7 0 15 11 
0 33
1 13
2 25
3 19
4 9
5 0
6 31
7 32
8 23
9 18
10 29
11 35
12 4
13 1
14 21
15 34
16 8
17 17
18 16
19 14
20 11
21 7
22 2
23 6
24 12
25 24
26 30
27 3
28 15
29 20
30 28
31 26
32 22
33 10
34 27
35 5
SIMILAR

29 15 12 11 13 24 25 27 19 35 31 10 26 7 23 3 8 1 9 22 17 2 18 28 33 21 14 5 30 32 0 4 20 34 6 16 
0 30
1 17
2 21
3 15
4 31
5 27
6 34
7 13
8 16
9 18
10 11
11 3
12 2
13 4
14 26
15 1
16 35
17 20
18 22
19 8
20 32
21 25
22 19
23 14
24 5
25 6
26 12
27 7
28 23
29 0
30 28
31 10
32 29
33 24
34 33
35 9
SIMILAR

23 35 21 2 28 34 20 24 25 8 33 16 4 32 19 15 10 29 13 5 7 9 27 11 6 17 0 14 3 26 30 22 18 12 31 1 
0 26
1 35
2 3
3 28
4 12
5 19
6 24
7 20
8 9
9 21
10 16
11 23
12 33
13 18
14 27
15 15
16 11
17 25
18 32
19 14
20 6
21 2
22 31
23 0
24 7
25 8
26 29
27 22
28 4
29 17
30 30
31 34
32 13
33 10
34 5
35 1
SIMILAR

15 16 4 8 23 5 27 30 25 18 20 31 7 3 9 24 13 22 19 1 28 17 21 29 2 26 32 10 35 12 6 14 34 0 11 33 
0 33
1 19
2 24
3 13
4 2
5 5
6 30
7 12
8 3
9 14
10 27
11 34
12 29
13 16
14 31
15 0
16 1
17 21
18 9
19 18
20 10
21 22
22 17
23 4
24 15
25 8
26 25
27 6
28 20
29 23
30 7
31 11
32 26
33 35
34 32
35 28
SIMILAR

23 20 6 16 0 13 34 32 19 15 18 11 31 8 3 35 21 24 25 17 7 33 4 14 5 10 2 12 22 28 26 1 9 30 29 27 
0 4
1 31
2 26
3 14
4 22
5 24
6 2
7 20
8 13
9 32
10 25
11 11
12 27
13 5
14 23
15 9
16 3
17 19
18 10
19 8
20 1
21 16
22 28
23 0
24 17
25 18
26 30
27 35
28 29
29 34
30 33
31 12
32 7
33 21
34 6
35 15
SIMILAR

18 2 12 14 13 0 4 26 15 16 28 1 29 31 22 25 27 10 19 17 21 5 11 8 34 30 9 6 35 7 20 23 3 24 33 32 
0 5
1 11
2 1
3 32
4 6
5 21
6 27
7 29
8 23
9 26
10 17
11 22
12 2
13 4
14 3
15 8
16 9
17 19
18 0
19 18
20 30
21 20
22 14
23 31
24 33
25 15
26 7
27 16
28 10
29 12
30 25
31 13
32 35
33 34
34 24
35 28
SIMILAR

0 17 23 7 32 5 4 14 27 10 11 13 1 24 3 16 33 20 21 8 30 12 26 29 18 28 25 34 31 35 19 9 2 6 15 22 
0 0
1 12
2 32
3 14
4 6
5 5
6 33
7 3
8 19
9 31
10 9
11 10
12 21
13 11
14 7
15 34
16 15
17 1
18 24
19 30
20 17
21 18
22 35
23 2
24 13
25 26
26 22
27 8
28 25
29 23
30 20
31 28
32 4
33 16
34 27
35 29
SIMILAR

2 15 31 14 3 28 26 29 34 1 20 19 6 23 11 8 18 13 35 30 22 0 25 5 32 10 24 16 7 12 27 21 33 9 4 17 
0 21
1 9
2 0
3 4
4 34
5 23
6 12
7 28
8 15
9 33
10 25
11 14
12 29
13 17
14 3
15 1
16 27
17 35
18 16
19 11
20 10
21 31
22 20
23 13
24 26
25 22
26 6
27 30
28 5
29 7
30 19
31 2
32 24
33 32
34 8
35 18
SIMILAR

28 13 24 0 34 11 29 16 23 31 20 6 7 33 22 21 2 26 32 5 1 15 27 3 4 12 17 18 25 35 8 19 9 30 10 14 
0 3
1 20
2 16
3 23
4 24
5 19
6 11
7 12
8 30
9 32
10 34
11 5
12 25
13 1
14 35
15 21
16 7
17 26
18 27
19 31
20 10
21 15
22 14
23 8
24 2
25 28
26 17
27 22
28 0
29 6
30 33
31 9
32 18
33 13
34 4
35 29
SIMILAR

4 21 19 35 1 11 15 5 31 14 6 12 18 7 33 8 3 10 16 26 13 0 24 22 23 17 29 25 28 30 27 32 9 34 2 20 
0 21
1 4
2 34
3 16
4 0
5 7
6 10
7 13
8 15
9 32
10 17
11 5
12 11
13 20
14 9
15 6
16 18
17 25
18 12
19 2
20 35
21 1
22 23
23 24
24 22
25 27
26 19
27 30
28 28
29 26
30 29
31 8
32 31
33 14
34 33
35 3
SIMILAR

9 25 35 1 32 15 34 18 10 16 12 11 7 14 17 4 24 20 3 28 33 0 6 27 29 31 22 26 8 21 23 13 30 5 2 19 
0 21
1 3
2 34
3 18
4 15
5 33
6 22
7 12
8 28
9 0
10 8
11 11
12 10
13 31
14 13
15 5
16 9
17 14
18 7
19 35
20 17
21 29
22 26
23 30
24 16
25 1
26 27
27 23
28 19
29 24
30 32
31 25
32 4
33 20
34 6
35 2
SIMILAR

4 28 2 7 34 24 18 29 15 19 30 9 22 16 33 32 17 10 26 23 14 25 8 21 3 11 35 5 13 31 12 1 0 27 20 6 
0 32
1 31
2 2
3 24
4 0
5 27
6 35
7 3
8 22
9 11
10 17
11 25
12 30
13 28
14 20
15 8
16 13
17 16
18 6
19 9
20 34
21 23
22 12
23 19
24 5
25 21
26 18
27 33
28 1
29 7
30 10
31 29
32 15
33 14
34 4
35 26
SIMILAR

23 32 8 33 7 13 25 27 6 3 0 34 4 17 16 5 15 30 11 26 12 2 22 31 24 28 21 1 10 14 29 18 20 9 35 19 
0 10
1 27
2 21
3 9
4 12
5 15
6 8
7 4
8 2
9 33
10 28
11 18
12 20
13 5
14 29
15 16
16 14
17 13
18 31
19 35
20 32
21 26
22 22
23 0
24 24
25 6
26 19
27 7
28 25
29 30
30 17
31 23
32 1
33 3
34 11
35 34
SIMILAR

29 10 12 3 34 9 35 23 25 2 15 4 7 16 24 13 22 31 27 8 6 32 1 19 11 17 30 28 18 20 26 0 5 14 33 21 
0 31
1 22
2 9
3 3
4 11
5 32
6 20
7 12
8 19
9 5
10 1
11 24
12 2
13 15
14 33
15 10
16 13
17 25
18 28
19 23
20 29
21 35
22 16
23 7
24 14
25 8
26 30
27 18
28 27
29 0
30 26
31 17
32 21
33 34
34 4
35 6
SIMILAR

11 20 12 29 17 35 6 25 21 31 7 8 16 18 32 1 15 3 24 2 26 34 30 19 28 27 9 10 23 13 4 5 33 22 0 14 
0 34
1 15
2 19
3 17
4 30
5 31
6 6
7 10
8 11
9 26
10 27
11 0
12 2
13 29
14 35
15 16
16 12
17 4
18 13
19 23
20 1
21 8
22 33
23 28
24 18
25 7
26 20
27 25
28 24
29 3
30 22
31 9
32 14
33 32
34 21
35 5
SIMILAR

33 3 29 9 15 1 25 0 17 4 26 10 11 5 31 7 27 30 13 32 8 24 34 16 19 18 35 23 14 6 21 22 2 12 28 20 
0 7
1 5
2 32
3 1
4 9
5 13
6 29
7 15
8 20
9 3
10 11
11 12
12 33
13 18
14 28
15 4
16 23
17 8
18 25
19 24
20 35
21 30
22 31
23 27
24 21
25 6
26 10
27 16
28 34
29 2
30 17
31 14
32 19
33 0
34 22
35 26
SIMILAR

27 25 26 13 4 7 20 35 6 3 21 18 31 10 30 8 0 15 24 12 34 9 28 23 29 1 2 22 19 33 14 32 11 5 16 17 
0 16
1 25
2 26
3 9
4 4
5 33
6 8
7 5
8 15
9 21
10 13
11 32
12 19
13 3
14 30
15 17
16 34
17 35
18 11
19 28
20 6
21 10
22 27
23 23
24 18
25 1
26 2
27 0
28 22
29 24
30 14
31 12
32 31
33 29
34 20
35 7
SIMILAR

19 26 22 1 24 28 30 27 16 33 20 7 2 14 15 0 13 35 3 25 34 21 12 8 5 18 6 31 10 32 17 4 9 29 23 11 
0 15
1 3
2 12
3 18
4 31
5 24
6 26
7 11
8 23
9 32
10 28
11 35
12 22
13 16
14 13
15 14
16 8
17 30
18 25
19 0
20 10
21 21
22 2
23 34
24 4
25 19
26 1
27 7
28 5
29 33
30 6
31 27
32 29
33 9
34 20
35 17
SIMILAR

31 11 7 3 2 6 4 8 9 5 22 16 35 23 20 10 33 12 34 25 30 19 13 28 15 17 24 14 1 0 26 21 32 18 29 27 
0 29
1 28
2 4
3 3
4 6
5 9
6 5
7 2
8 7
9 8
10 15
11 1
12 17
13 22
14 27
15 24
16 11
17 25
18 33
19 21
20 14
21 31
22 10
23 13
24 26
25 19
26 30
27 35
28 23
29 34
30 20
31 0
32 32
33 16
34 18
35 12
SIMILAR

9 25 13 10 14 23 19 27 30 15 22 32 35 11 24 1 8 18 3 5 29 4 12 6 20 0 28 31 2 33 26 34 21 17 16 7 
0 25
1 15
2 28
3 18
4 21
5 19
6 23
7 35
8 16
9 0
10 3
11 13
12 22
13 2
14 4
15 9
16 34
17 33
18 17
19 6
20 24
21 32
22 10
23 5
24 14
25 1
26 30
27 7
28 26
29 20
30 8
31 27
32 11
33 29
34 31
35 12
SIMILAR

4 3 23 27 33 21 20 7 1 11 31 30 15 14 8 0 22 9 25 6 18 28 34 24 26 32 29 13 19 12 5 17 10 2 35 16 
0 15
1 8
2 33
3 1
4 0
5 30
6 19
7 7
8 14
9 17
10 32
11 9
12 29
13 27
14 13
15 12
16 35
17 31
18 20
19 28
20 6
21 5
22 16
23 2
24 23
25 18
26 24
27 3
28 21
29 26
30 11
31 10
32 25
33 4
34 22
35 34
SIMILAR

0 24 22 32 12 9 6 25 2 20 26 30 21 17 11 23 8 13 35 29 19 34 5 28 15 18 14 4 1 3 7 27 33 16 31 10 
0 0
1 28
2 8
3 29
4 27
5 22
6 6
7 30
8 16
9 5
10 35
11 14
12 4
13 17
14 26
15 24
16 33
17 13
18 25
19 20
20 9
21 12
22 2
23 15
24 1
25 7
26 10
27 31
28 23
29 19
30 11
31 34
32 3
33 32
34 21
35 18
SIMILAR

24 32 0 8 22 10 34 11 20 16 14 28 25 13 1 2 31 15 29 12 21 17 4 19 18 30 27 35 7 26 33 23 3 9 6 5 
0 2
1 14
2 15
3 32
4 22
5 35
6 34
7 28
8 3
9 33
10 5
11 7
12 19
13 13
14 10
15 17
16 9
17 21
18 24
19 23
20 8
21 20
22 4
23 31
24 0
25 12
26 29
27 26
28 11
29 18
30 25
31 16
32 1
33 30
34 6
35 27
SIMILAR

23 6 14 2 21 29 35 3 7 15 9 31 27 30 4 33 13 11 26 5 10 18 28 8 0 17 24 1 19 12 25 20 22 16 32 34 
0 24
1 27
2 3
3 7
4 14
5 19
6 1
7 8
8 23
9 10
10 20
11 17
12 29
13 16
14 2
15 9
16 33
17 25
18 21
19 28
20 31
21 4
22 32
23 0
24 26
25 30
26 18
27 12
28 22
29 5
30 13
31 11
32 34
33 15
34 35
35 6
SIMILAR

3 27 14 6 8 1 31 20 10 28 24 21 30 35 25 0 9 22 16 4 2 15 18 7 26 11 19 17 33 29 12 34 32 13 5 23 
0 15
1 5
2 20
3 0
4 19
5 34
6 3
7 23
8 4
9 16
10 8
11 25
12 30
13 33
14 2
15 21
16 18
17 27
18 22
19 26
20 7
21 11
22 17
23 35
24 10
25 14
26 24
27 1
28 9
29 29
30 12
31 6
32 32
33 28
34 31
35 13
SIMILAR
100 0
100 0
320100 0
