23
0 1 0 0 0 1 1 1 1 0 1 0 1 0 1 1 0 0 1 0 1 0 1 
1 0 0 0 1 1 1 0 1 0 0 0 1 0 0 0 0 1 0 0 1 0 1 
0 0 0 0 1 0 1 1 1 0 1 0 0 1 1 0 0 0 1 0 0 0 1 
0 0 0 0 1 0 1 0 1 0 1 1 1 1 1 1 1 0 1 0 0 1 0 
0 1 1 1 0 0 0 1 0 0 0 1 0 1 1 1 0 0 0 1 1 1 0 
1 1 0 0 0 0 1 1 1 0 0 1 0 0 1 1 1 1 0 1 1 0 1 
1 1 1 1 0 1 0 1 1 0 0 1 1 0 0 0 0 0 1 1 0 0 1 
1 0 1 0 1 1 1 0 0 1 0 1 1 0 0 1 1 1 0 0 1 1 0 
1 1 1 1 0 1 1 0 0 1 1 1 1 1 1 1 0 0 1 1 0 0 0 
0 0 0 0 0 0 0 1 1 0 1 1 0 0 1 1 1 0 1 1 1 1 1 
1 0 1 1 0 0 0 0 1 1 0 1 0 0 1 1 1 0 0 1 1 0 1 
0 0 0 1 1 1 1 1 1 1 1 0 1 0 0 0 1 0 0 1 1 1 1 
1 1 0 1 0 0 1 1 1 0 0 1 0 1 1 0 1 1 1 1 0 0 0 
0 0 1 1 1 0 0 0 1 0 0 0 1 0 1 0 1 0 0 1 0 1 0 
1 0 1 1 1 1 0 0 1 1 1 0 1 1 0 1 1 0 1 1 1 1 0 
1 0 0 1 1 1 0 1 1 1 1 0 0 0 1 0 0 1 1 0 0 0 1 
0 0 0 1 0 1 0 1 0 1 1 1 1 1 1 0 0 1 0 0 0 1 1 
0 1 0 0 0 1 0 1 0 0 0 0 1 0 0 1 1 0 1 0 1 1 0 
1 0 1 1 0 0 1 0 1 1 0 0 1 0 1 1 0 1 0 1 1 1 0 
0 0 0 0 1 1 1 0 1 1 1 1 1 1 1 0 0 0 1 0 1 1 1 
1 1 0 0 1 1 0 1 0 1 1 1 0 0 1 0 0 1 1 1 0 1 0 
0 0 0 1 1 0 0 1 0 1 0 1 0 1 1 0 1 1 1 1 1 0 1 
1 1 1 0 0 1 1 0 0 1 1 1 0 0 0 1 1 0 0 1 0 1 0 

14 21 12 3 8 22 11 17 15 20 19 18 13 0 4 2 10 9 7 5 6 16 1 
0 13
1 22
2 15
3 3
4 14
5 19
6 20
7 18
8 4
9 17
10 16
11 6
12 2
13 12
14 0
15 8
16 21
17 7
18 11
19 10
20 9
21 1
22 5
SIMILAR

3 12 13 0 11 17 14 21 1 4 22 15 2 20 6 19 9 18 16 5 7 10 8 
0 3
1 8
2 12
3 0
4 9
5 19
6 14
7 20
8 22
9 16
10 21
11 4
12 1
13 2
14 6
15 11
16 18
17 5
18 17
19 15
20 13
21 7
22 10
SIMILAR

17 8 12 9 5 3 16 11 2 21 1 19 4 14 10 7 0 22 13 6 20 18 15 
0 16
1 10
2 8
3 5
4 12
5 4
6 19
7 15
8 1
9 3
10 14
11 7
12 2
13 18
14 13
15 22
16 6
17 0
18 21
19 11
20 20
21 9
22 17
SIMILAR

21 4 22 8 13 7 3 11 12 9 6 14 0 20 19 10 5 18 2 15 16 1 17 
0 12
1 21
2 18
3 6
4 1
5 16
6 10
7 5
8 3
9 9
10 15
11 7
12 8
13 4
14 11
15 19
16 20
17 22
18 17
19 14
20 13
21 0
22 2
SIMILAR

6 11 4 20 5 3 15 18 16 12 14 22 13 21 1 8 19 9 17 10 7 2 0 
0 22
1 14
2 21
3 5
4 2
5 4
6 0
7 20
8 15
9 17
10 19
11 1
12 9
13 12
14 10
15 6
16 8
17 18
18 7
19 16
20 3
21 13
22 11
SIMILAR

5 12 9 11 0 21 22 20 19 4 8 16 6 17 14 10 1 2 7 15 3 13 18 
0 4
1 16
2 17
3 20
4 9
5 0
6 12
7 18
8 10
9 2
10 15
11 3
12 1
13 21
14 14
15 19
16 11
17 13
18 22
19 8
20 7
21 5
22 6
SIMILAR

22 13 0 11 8 7 1 10 4 20 5 21 17 18 2 6 3 16 19 15 14 12 9 
0 2
1 6
2 14
3 16
4 8
5 10
6 15
7 5
8 4
9 22
10 7
11 3
12 21
13 1
14 20
15 19
16 17
17 12
18 13
19 18
20 9
21 11
22 0
SIMILAR

8 7 18 16 10 12 19 2 15 21 17 5 1 4 6 11 22 14 13 20 9 0 3 
0 21
1 12
2 7
3 22
4 13
5 11
6 14
7 1
8 0
9 20
10 4
11 15
12 5
13 18
14 17
15 8
16 3
17 10
18 2
19 6
20 19
21 9
22 16
SIMILAR

10 13 7 19 5 0 22 17 20 21 14 2 4 18 9 8 15 16 6 11 12 3 1 
0 5
1 22
2 11
3 21
4 12
5 4
6 18
7 2
8 15
9 14
10 0
11 19
12 20
13 1
14 10
15 16
16 17
17 7
18 13
19 3
20 8
21 9
22 6
SIMILAR

20 6 2 7 13 21 8 19 14 4 9 15 22 0 11 10 16 18 3 5 12 1 17 
0 13
1 21
2 2
3 18
4 9
5 19
6 1
7 3
8 6
9 10
10 15
11 14
12 20
13 4
14 8
15 11
16 16
17 22
18 17
19 7
20 0
21 5
22 12
SIMILAR

3 19 15 13 22 11 14 10 12 4 20 6 8 16 21 0 18 7 2 1 17 5 9 
0 15
1 19
2 18
3 0
4 9
5 21
6 11
7 17
8 12
9 22
10 7
11 5
12 8
13 3
14 6
15 2
16 13
17 20
18 16
19 1
20 10
21 14
22 4
SIMILAR

21 4 3 7 11 10 0 6 14 17 18 2 16 15 20 12 1 8 22 5 9 13 19 
0 6
1 16
2 11
3 2
4 1
5 19
6 7
7 3
8 17
9 20
10 5
11 4
12 15
13 21
14 8
15 13
16 12
17 9
18 10
19 22
20 14
21 0
22 18
SIMILAR

14 0 19 9 11 18 6 4 15 5 21 10 22 16 13 17 8 3 7 20 1 12 2 
0 1
1 20
2 22
3 17
4 7
5 9
6 6
7 18
8 16
9 3
10 11
11 4
12 21
13 14
14 0
15 8
16 13
17 15
18 5
19 2
20 19
21 10
22 12
SIMILAR

19 3 4 15 16 10 0 20 2 6 8 18 14 1 5 22 9 11 12 21 17 13 7 
0 6
1 13
2 8
3 1
4 2
5 14
6 9
7 22
8 10
9 16
10 5
11 17
12 18
13 21
14 12
15 3
16 4
17 20
18 11
19 0
20 7
21 19
22 15
SIMILAR

2 21 3 22 16 4 7 11 17 9 1 19 15 18 6 20 12 13 5 14 8 0 10 
0 21
1 10
2 0
3 2
4 5
5 18
6 14
7 6
8 20
9 9
10 22
11 7
12 16
13 17
14 19
15 12
16 4
17 8
18 13
19 11
20 15
21 1
22 3
SIMILAR

18 20 22 4 21 7 6 2 0 15 10 14 12 13 9 19 16 11 5 3 1 17 8 
0 8
1 20
2 7
3 19
4 3
5 18
6 6
7 5
8 22
9 14
10 10
11 17
12 12
13 13
14 11
15 9
16 16
17 21
18 0
19 15
20 1
21 4
22 2
SIMILAR

18 12 21 19 14 6 9 20 5 16 7 2 8 4 10 17 1 0 13 11 15 22 3 
0 17
1 16
2 11
3 22
4 13
5 8
6 5
7 10
8 12
9 6
10 14
11 19
12 1
13 18
14 4
15 20
16 9
17 15
18 0
19 3
20 7
21 2
22 21
SIMILAR

0 6 13 22 16 19 2 3 21 11 5 18 1 10 9 20 12 7 15 17 4 8 14 
0 0
1 12
2 6
3 7
4 20
5 10
6 1
7 17
8 21
9 14
10 13
11 9
12 16
13 2
14 22
15 18
16 4
17 19
18 11
19 5
20 15
21 8
22 3
SIMILAR

0 8 1 9 13 17 5 21 2 6 19 11 12 18 16 14 22 20 7 3 15 4 10 
0 0
1 2
2 8
3 19
4 21
5 6
6 9
7 18
8 1
9 3
10 22
11 11
12 12
13 4
14 15
15 20
16 14
17 5
18 13
19 10
20 17
21 7
22 16
SIMILAR

13 16 10 8 3 21 9 12 20 2 1 0 14 6 15 11 18 17 5 4 22 7 19 
0 11
1 10
2 9
3 4
4 19
5 18
6 13
7 21
8 3
9 6
10 2
11 15
12 7
13 0
14 12
15 14
16 1
17 17
18 16
19 22
20 8
21 5
22 20
SIMILAR

14 20 9 5 11 12 15 4 21 8 2 13 7 16 10 18 6 17 22 0 19 1 3 
0 19
1 21
2 10
3 22
4 7
5 3
6 16
7 12
8 9
9 2
10 14
11 4
12 5
13 11
14 0
15 6
16 13
17 17
18 15
19 20
20 1
21 8
22 18
SIMILAR

20 21 17 15 16 6 1 5 19 11 7 12 2 8 14 0 13 4 18 3 22 10 9 
0 15
1 6
2 12
3 19
4 17
5 7
6 5
7 10
8 13
9 22
10 21
11 9
12 11
13 16
14 14
15 3
16 4
17 2
18 18
19 8
20 0
21 1
22 20
SIMILAR

5 6 9 1 22 2 15 20 19 10 11 4 7 12 16 14 0 3 18 8 17 13 21 
0 16
1 3
2 5
3 17
4 11
5 0
6 1
7 12
8 19
9 2
10 9
11 10
12 13
13 21
14 15
15 6
16 14
17 20
18 18
19 8
20 7
21 22
22 4
SIMILAR

8 14 5 13 2 19 11 16 4 9 21 0 6 20 10 22 17 12 7 18 15 3 1 
0 11
1 22
2 4
3 21
4 8
5 2
6 12
7 18
8 0
9 9
10 14
11 6
12 17
13 3
14 1
15 20
16 7
17 16
18 19
19 5
20 13
21 10
22 15
SIMILAR

22 13 0 1 11 5 12 17 16 8 2 21 18 4 3 10 9 6 15 14 19 20 7 
0 2
1 3
2 10
3 14
4 13
5 5
6 17
7 22
8 9
9 16
10 15
11 4
12 6
13 1
14 19
15 18
16 8
17 7
18 12
19 20
20 21
21 11
22 0
SIMILAR

3 4 13 11 5 0 1 10 2 12 17 8 16 6 21 18 14 19 15 20 9 22 7 
0 5
1 6
2 8
3 0
4 1
5 4
6 13
7 22
8 11
9 20
10 7
11 3
12 9
13 2
14 16
15 18
16 12
17 10
18 15
19 17
20 19
21 14
22 21
SIMILAR

11 8 20 0 15 7 6 21 19 13 10 22 4 5 14 17 1 3 18 9 2 16 12 
0 3
1 16
2 20
3 17
4 12
5 13
6 6
7 5
8 1
9 19
10 10
11 0
12 22
13 9
14 14
15 4
16 21
17 15
18 18
19 8
20 2
21 7
22 11
SIMILAR

3 8 17 12 22 20 14 16 10 21 9 6 19 1 2 4 5 7 0 15 11 13 18 
0 18
1 13
2 14
3 0
4 15
5 16
6 11
7 17
8 1
9 10
10 8
11 20
12 3
13 21
14 6
15 19
16 7
17 2
18 22
19 12
20 5
21 9
22 4
SIMILAR

10 2 16 12 14 11 0 13 1 3 4 21 5 20 17 8 22 15 19 7 9 18 6 
0 6
1 8
2 1
3 9
4 10
5 12
6 22
7 19
8 15
9 20
10 0
11 5
12 3
13 7
14 4
15 17
16 2
17 14
18 21
19 18
20 13
21 11
22 16
SIMILAR

6 7 0 16 2 8 22 1 4 10 20 12 5 13 14 3 18 9 21 15 11 19 17 
0 2
1 7
2 4
3 15
4 8
5 12
6 0
7 1
8 5
9 17
10 9
11 20
12 11
13 13
14 14
15 19
16 3
17 22
18 16
19 21
20 10
21 18
22 6
SIMILAR

20 17 22 10 14 0 8 9 16 19 12 1 21 6 5 2 3 13 4 15 11 18 7 
0 5
1 11
2 15
3 16
4 18
5 14
6 13
7 22
8 6
9 7
10 3
11 20
12 10
13 17
14 4
15 19
16 8
17 1
18 21
19 9
20 0
21 12
22 2
SIMILAR

20 6 19 0 2 5 22 8 1 3 4 16 17 21 12 13 7 9 11 14 18 10 15 
0 3
1 8
2 4
3 9
4 10
5 5
6 1
7 16
8 7
9 17
10 21
11 18
12 14
13 15
14 19
15 22
16 11
17 12
18 20
19 2
20 0
21 13
22 6
SIMILAR

7 8 22 6 14 3 20 2 13 12 15 19 11 9 4 5 0 1 16 10 18 17 21 
0 16
1 17
2 7
3 5
4 14
5 15
6 3
7 0
8 1
9 13
10 19
11 12
12 9
13 8
14 4
15 10
16 18
17 21
18 20
19 11
20 6
21 22
22 2
SIMILAR

9 13 6 14 0 20 16 11 18 3 7 12 8 21 22 1 4 17 10 2 15 5 19 
0 4
1 15
2 19
3 9
4 16
5 21
6 2
7 10
8 12
9 0
10 18
11 7
12 11
13 1
14 3
15 20
16 6
17 17
18 8
19 22
20 5
21 13
22 14
SIMILAR

13 12 19 22 6 17 5 9 4 21 3 14 0 20 8 16 18 11 15 1 2 10 7 
0 12
1 19
2 20
3 10
4 8
5 6
6 4
7 22
8 14
9 7
10 21
11 17
12 1
13 0
14 11
15 18
16 15
17 5
18 16
19 2
20 13
21 9
22 3
SIMILAR

4 18 10 20 13 21 6 15 0 16 7 12 2 8 11 1 17 9 3 19 5 14 22 
0 8
1 15
2 12
3 18
4 0
5 20
6 6
7 10
8 13
9 17
10 2
11 14
12 11
13 4
14 21
15 7
16 9
17 16
18 1
19 19
20 3
21 5
22 22
SIMILAR

0 2 16 22 20 14 7 21 12 15 13 1 11 17 18 5 10 3 4 19 9 6 8 
0 0
1 11
2 1
3 17
4 18
5 15
6 21
7 6
8 22
9 20
10 16
11 12
12 8
13 10
14 5
15 9
16 2
17 13
18 14
19 19
20 4
21 7
22 3
SIMILAR

16 1 3 10 2 8 21 19 15 11 12 0 7 14 18 5 20 4 9 13 17 6 22 
0 11
1 1
2 4
3 2
4 17
5 15
6 21
7 12
8 5
9 18
10 3
11 9
12 10
13 19
14 13
15 8
16 0
17 20
18 14
19 7
20 16
21 6
22 22
SIMILAR

14 15 5 11 6 3 18 7 4 0 1 9 10 13 2 19 20 16 21 12 17 8 22 
0 9
1 10
2 14
3 5
4 8
5 2
6 4
7 7
8 21
9 11
10 12
11 3
12 19
13 13
14 0
15 1
16 17
17 20
18 6
19 15
20 16
21 18
22 22
SIMILAR

2 17 5 21 10 20 16 18 19 0 6 22 3 14 1 13 15 11 12 7 4 9 8 
0 9
1 14
2 0
3 12
4 20
5 2
6 10
7 19
8 22
9 21
10 4
11 17
12 18
13 15
14 13
15 16
16 6
17 1
18 7
19 8
20 5
21 3
22 11
SIMILAR

9 4 5 22 10 12 11 14 16 7 8 18 0 13 21 6 3 1 17 19 20 2 15 
0 12
1 17
2 21
3 16
4 1
5 2
6 15
7 9
8 10
9 0
10 4
11 6
12 5
13 13
14 7
15 22
16 8
17 18
18 11
19 19
20 20
21 14
22 3
SIMILAR

6 4 18 2 13 14 19 21 20 22 12 17 15 10 1 16 5 11 0 7 9 3 8 
0 18
1 14
2 3
3 21
4 1
5 16
6 0
7 19
8 22
9 20
10 13
11 17
12 10
13 4
14 5
15 12
16 15
17 11
18 2
19 6
20 8
21 7
22 9
SIMILAR

0 2 22 8 5 17 16 14 4 10 1 15 19 3 7 11 9 13 20 21 18 12 6 
0 0
1 10
2 1
3 13
4 8
5 4
6 22
7 14
8 3
9 16
10 9
11 15
12 21
13 17
14 7
15 11
16 6
17 5
18 20
19 12
20 18
21 19
22 2
SIMILAR

16 21 13 0 19 18 15 2 11 8 4 10 3 1 22 12 17 9 6 14 7 5 20 
0 3
1 13
2 7
3 12
4 10
5 21
6 18
7 20
8 9
9 17
10 11
11 8
12 15
13 2
14 19
15 6
16 0
17 16
18 5
19 4
20 22
21 1
22 14
SIMILAR

16 21 12 3 18 11 17 4 2 7 15 5 19 10 20 22 9 1 14 13 0 8 6 
0 20
1 17
2 8
3 3
4 7
5 11
6 22
7 9
8 21
9 16
10 13
11 5
12 2
13 19
14 18
15 10
16 0
17 6
18 4
19 12
20 14
21 1
22 15
SIMILAR

18 9 4 3 11 6 19 17 20 2 8 10 13 5 22 12 7 21 0 14 15 16 1 
0 18
1 22
2 9
3 3
4 2
5 13
6 5
7 16
8 10
9 1
10 11
11 4
12 15
13 12
14 19
15 20
16 21
17 7
18 0
19 6
20 8
21 17
22 14
SIMILAR

2 14 7 11 0 16 8 21 3 10 17 22 12 5 18 13 20 15 1 4 9 6 19 
0 4
1 18
2 0
3 8
4 19
5 13
6 21
7 2
8 6
9 20
10 9
11 3
12 12
13 15
14 1
15 17
16 5
17 10
18 14
19 22
20 16
21 7
22 11
SIMILAR

22 13 16 11 15 7 3 0 5 1 19 14 2 18 20 9 8 12 4 10 6 21 17 
0 7
1 9
2 12
3 6
4 18
5 8
6 20
7 5
8 16
9 15
10 19
11 3
12 17
13 1
14 11
15 4
16 2
17 22
18 13
19 10
20 14
21 21
22 0
SIMILAR

15 12 22 17 2 7 4 19 9 13 21 1 10 6 8 3 20 0 18 16 14 11 5 
0 17
1 11
2 4
3 15
4 6
5 22
6 13
7 5
8 14
9 8
10 12
11 21
12 1
13 9
14 20
15 0
16 19
17 3
18 18
19 7
20 16
21 10
22 2
SIMILAR

1 21 20 15 6 22 17 7 9 4 14 11 18 16 8 2 12 0 5 19 3 10 13 
0 17
1 0
2 15
3 20
4 9
5 18
6 4
7 7
8 14
9 8
10 21
11 11
12 16
13 22
14 10
15 3
16 13
17 6
18 12
19 19
20 2
21 1
22 5
SIMILAR

0 21 22 10 17 5 1 19 7 20 13 18 12 2 9 11 6 3 8 14 4 16 15 
0 0
1 6
2 13
3 17
4 20
5 5
6 16
7 8
8 18
9 14
10 3
11 15
12 12
13 10
14 19
15 22
16 21
17 4
18 11
19 7
20 9
21 1
22 2
SIMILAR

9 21 10 13 12 15 2 18 6 19 1 17 20 16 0 5 7 3 11 4 8 22 14 
0 14
1 10
2 6
3 17
4 19
5 15
6 8
7 16
8 20
9 0
10 2
11 18
12 4
13 3
14 22
15 5
16 13
17 11
18 7
19 9
20 12
21 1
22 21
SIMILAR

3 4 8 14 6 7 9 15 11 22 13 0 18 20 1 10 21 12 2 16 19 17 5 
0 11
1 14
2 18
3 0
4 1
5 22
6 4
7 5
8 2
9 6
10 15
11 8
12 17
13 10
14 3
15 7
16 19
17 21
18 12
19 20
20 13
21 16
22 9
SIMILAR

11 8 19 2 3 10 16 18 22 7 9 0 14 13 21 20 4 6 12 17 15 5 1 
0 11
1 22
2 3
3 4
4 16
5 21
6 17
7 9
8 1
9 10
10 5
11 0
12 18
13 13
14 12
15 20
16 6
17 19
18 7
19 2
20 15
21 14
22 8
SIMILAR

4 7 9 18 12 10 22 0 20 14 17 3 15 21 6 8 13 11 19 16 2 5 1 
0 7
1 22
2 20
3 11
4 0
5 21
6 14
7 1
8 15
9 2
10 5
11 17
12 4
13 16
14 9
15 12
16 19
17 10
18 3
19 18
20 8
21 13
22 6
SIMILAR

6 11 13 1 21 18 16 5 20 17 7 12 14 22 19 9 2 8 3 10 15 0 4 
0 21
1 3
2 16
3 18
4 22
5 7
6 0
7 10
8 17
9 15
10 19
11 1
12 11
13 2
14 12
15 20
16 6
17 9
18 5
19 14
20 8
21 4
22 13
SIMILAR

0 18 16 17 10 9 12 20 3 14 1 15 5 6 2 4 13 21 7 8 19 22 11 
0 0
1 10
2 14
3 8
4 15
5 12
6 13
7 18
8 19
9 5
10 4
11 22
12 6
13 16
14 9
15 11
16 2
17 3
18 1
19 20
20 7
21 17
22 21
SIMILAR

16 5 8 18 15 4 19 6 12 2 11 10 21 1 9 22 3 20 14 0 7 13 17 
0 19
1 13
2 9
3 16
4 5
5 1
6 7
7 20
8 2
9 14
10 11
11 10
12 8
13 21
14 18
15 4
16 0
17 22
18 3
19 6
20 17
21 12
22 15
SIMILAR

8 5 10 13 18 12 6 17 0 3 20 9 11 19 4 22 15 14 21 2 7 1 16 
0 8
1 21
2 19
3 9
4 14
5 1
6 6
7 20
8 0
9 11
10 2
11 12
12 5
13 3
14 17
15 16
16 22
17 7
18 4
19 13
20 10
21 18
22 15
SIMILAR

8 15 14 12 9 19 11 1 7 3 0 21 10 2 22 20 6 4 5 13 18 16 17 
0 10
1 7
2 13
3 9
4 17
5 18
6 16
7 8
8 0
9 4
10 12
11 6
12 3
13 19
14 2
15 1
16 21
17 22
18 20
19 5
20 15
21 11
22 14
SIMILAR

14 4 0 18 8 17 12 19 7 15 1 2 16 11 10 6 13 5 21 20 9 22 3 
0 2
1 10
2 11
3 22
4 1
5 17
6 15
7 8
8 4
9 20
10 14
11 13
12 6
13 16
14 0
15 9
16 12
17 5
18 3
19 7
20 19
21 18
22 21
SIMILAR

17 10 22 2 13 19 11 15 5 1 3 6 0 20 21 8 14 9 4 16 12 7 18 
0 12
1 9
2 3
3 10
4 18
5 8
6 11
7 21
8 15
9 17
10 1
11 6
12 20
13 4
14 16
15 7
16 19
17 0
18 22
19 5
20 13
21 14
22 2
SIMILAR

16 21 0 20 9 7 13 22 18 5 3 10 12 4 14 15 6 8 2 19 17 1 11 
0 2
1 21
2 18
3 10
4 13
5 9
6 16
7 5
8 17
9 4
10 11
11 22
12 12
13 6
14 14
15 15
16 0
17 20
18 8
19 19
20 3
21 1
22 7
SIMILAR

6 18 2 22 19 17 20 15 8 3 11 21 4 13 5 7 1 10 14 0 9 16 12 
0 19
1 16
2 2
3 9
4 12
5 14
6 0
7 15
8 8
9 20
10 17
11 10
12 22
13 13
14 18
15 7
16 21
17 5
18 1
19 4
20 6
21 11
22 3
SIMILAR

3 4 1 13 18 21 19 12 6 5 10 16 17 0 22 20 7 15 14 11 2 8 9 
0 13
1 2
2 20
3 0
4 1
5 9
6 8
7 16
8 21
9 22
10 10
11 19
12 7
13 3
14 18
15 17
16 11
17 12
18 4
19 6
20 15
21 5
22 14
SIMILAR

19 17 22 0 5 16 6 9 10 20 8 18 3 2 21 7 15 4 14 1 13 12 11 
0 3
1 19
2 13
3 12
4 17
5 4
6 6
7 15
8 10
9 7
10 8
11 22
12 21
13 20
14 18
15 16
16 5
17 1
18 11
19 0
20 9
21 14
22 2
SIMILAR

12 16 10 1 6 3 21 13 19 8 0 14 7 20 15 4 2 22 17 18 11 5 9 
0 10
1 3
2 16
3 5
4 15
5 21
6 4
7 12
8 9
9 22
10 2
11 20
12 0
13 7
14 11
15 14
16 1
17 18
18 19
19 8
20 13
21 6
22 17
SIMILAR

8 17 10 12 20 16 0 3 14 5 18 6 15 1 2 21 11 22 4 7 9 13 19 
0 6
1 13
2 14
3 7
4 18
5 9
6 11
7 19
8 0
9 20
10 2
11 16
12 3
13 21
14 8
15 12
16 5
17 1
18 10
19 22
20 4
21 15
22 17
SIMILAR

9 22 11 2 20 8 10 6 18 7 4 3 0 5 13 12 15 16 14 21 1 19 17 
0 12
1 20
2 3
3 11
4 10
5 13
6 7
7 9
8 5
9 0
10 6
11 2
12 15
13 14
14 18
15 16
16 17
17 22
18 8
19 21
20 4
21 19
22 1
SIMILAR

0 13 19 8 4 22 18 2 7 16 6 17 1 15 20 21 9 10 12 5 3 11 14 
0 0
1 12
2 7
3 20
4 4
5 19
6 10
7 8
8 3
9 16
10 17
11 21
12 18
13 1
14 22
15 13
16 9
17 11
18 6
19 2
20 14
21 15
22 5
SIMILAR

4 1 18 19 6 3 20 0 16 2 12 8 5 9 13 17 22 21 14 11 15 7 10 
0 7
1 1
2 9
3 5
4 0
5 12
6 4
7 21
8 11
9 13
10 22
11 19
12 10
13 14
14 18
15 20
16 8
17 15
18 2
19 3
20 6
21 17
22 16
SIMILAR

12 21 19 13 4 6 10 1 17 9 16 11 3 15 2 22 18 14 20 7 8 0 5 
0 21
1 7
2 14
3 12
4 4
5 22
6 5
7 19
8 20
9 9
10 6
11 11
12 0
13 3
14 17
15 13
16 10
17 8
18 16
19 2
20 18
21 1
22 15
SIMILAR

2 0 7 6 11 5 21 16 13 9 14 15 4 18 19 17 12 8 10 3 20 22 1 
0 1
1 22
2 0
3 19
4 12
5 5
6 3
7 2
8 17
9 9
10 18
11 4
12 16
13 8
14 10
15 11
16 7
17 15
18 13
19 14
20 20
21 6
22 21
SIMILAR

0 9 10 15 14 22 3 7 17 20 11 4 1 16 18 2 13 8 5 6 12 19 21 
0 0
1 12
2 15
3 6
4 11
5 18
6 19
7 7
8 17
9 1
10 2
11 10
12 20
13 16
14 4
15 3
16 13
17 8
18 14
19 21
20 9
21 22
22 5
SIMILAR

9 21 13 4 6 14 0 17 2 8 1 19 5 10 20 18 22 16 15 11 7 12 3 
0 6
1 10
2 8
3 22
4 3
5 12
6 4
7 20
8 9
9 0
10 13
11 19
12 21
13 2
14 5
15 18
16 17
17 7
18 15
19 11
20 14
21 1
22 16
SIMILAR

4 21 20 15 8 6 1 7 22 18 11 17 3 0 9 19 10 12 14 5 2 13 16 
0 13
1 6
2 20
3 12
4 0
5 19
6 5
7 7
8 4
9 14
10 16
11 10
12 17
13 21
14 18
15 3
16 22
17 11
18 9
19 15
20 2
21 1
22 8
SIMILAR

11 4 19 0 10 13 17 3 21 5 18 15 9 16 1 8 20 6 12 7 22 2 14 
0 3
1 14
2 21
3 7
4 1
5 9
6 17
7 19
8 15
9 12
10 4
11 0
12 18
13 5
14 22
15 11
16 13
17 6
18 10
19 2
20 16
21 8
22 20
SIMILAR

8 9 1 17 21 6 16 10 14 0 2 5 7 18 4 19 11 22 13 15 12 20 3 
0 9
1 2
2 10
3 22
4 14
5 11
6 5
7 12
8 0
9 1
10 7
11 16
12 20
13 18
14 8
15 19
16 6
17 3
18 13
19 15
20 21
21 4
22 17
SIMILAR

16 8 14 19 20 0 12 13 7 9 6 5 21 4 10 22 17 1 3 11 2 18 15 
0 5
1 17
2 20
3 18
4 13
5 11
6 10
7 8
8 1
9 9
10 14
11 19
12 6
13 7
14 2
15 22
16 0
17 16
18 21
19 3
20 4
21 12
22 15
SIMILAR

19 3 13 20 1 4 10 22 16 15 9 17 5 12 18 6 21 0 14 8 7 2 11 
0 17
1 4
2 21
3 1
4 5
5 12
6 15
7 20
8 19
9 10
10 6
11 22
12 13
13 2
14 18
15 9
16 8
17 11
18 14
19 0
20 3
21 16
22 7
SIMILAR

1 11 15 9 0 10 8 6 2 13 19 14 22 18 3 20 4 16 21 12 17 5 7 
0 4
1 0
2 8
3 14
4 16
5 21
6 7
7 22
8 6
9 3
10 5
11 1
12 19
13 9
14 11
15 2
16 17
17 20
18 13
19 10
20 15
21 18
22 12
SIMILAR

18 19 11 4 16 7 15 8 2 13 17 1 20 5 3 10 0 9 14 21 12 22 6 
0 16
1 11
2 8
3 14
4 3
5 13
6 22
7 5
8 7
9 17
10 15
11 2
12 20
13 9
14 18
15 6
16 4
17 10
18 0
19 1
20 12
21 19
22 21
SIMILAR

17 4 9 14 0 22 16 5 15 20 1 19 18 11 12 7 13 8 21 2 10 3 6 
0 4
1 10
2 19
3 21
4 1
5 7
6 22
7 15
8 17
9 2
10 20
11 13
12 14
13 16
14 3
15 8
16 6
17 0
18 12
19 11
20 9
21 18
22 5
SIMILAR

6 5 0 2 15 3 17 18 8 7 4 22 16 20 12 11 1 21 19 10 9 14 13 
0 2
1 16
2 3
3 5
4 10
5 1
6 0
7 9
8 8
9 20
10 19
11 15
12 14
13 22
14 21
15 4
16 12
17 6
18 7
19 18
20 13
21 17
22 11
SIMILAR

16 6 21 8 4 0 5 20 3 14 15 17 1 9 18 19 2 13 12 22 7 11 10 
0 5
1 12
2 16
3 8
4 4
5 6
6 1
7 20
8 3
9 13
10 22
11 21
12 18
13 17
14 9
15 10
16 0
17 11
18 14
19 15
20 7
21 2
22 19
SIMILAR

4 10 16 8 18 9 6 17 14 20 3 13 0 12 2 21 1 7 11 19 15 22 5 
0 12
1 16
2 14
3 10
4 0
5 22
6 6
7 17
8 3
9 5
10 1
11 18
12 13
13 11
14 8
15 20
16 2
17 7
18 4
19 19
20 9
21 15
22 21
SIMILAR

14 4 6 8 17 5 0 18 21 15 11 12 2 22 9 19 7 10 13 16 3 1 20 
0 6
1 21
2 12
3 20
4 1
5 5
6 2
7 16
8 3
9 14
10 17
11 10
12 11
13 18
14 0
15 9
16 19
17 4
18 7
19 15
20 22
21 8
22 13
SIMILAR

2 13 18 16 6 10 19 20 15 7 8 4 22 3 5 1 9 0 21 14 11 12 17 
0 17
1 15
2 0
3 13
4 11
5 14
6 4
7 9
8 10
9 16
10 5
11 20
12 21
13 1
14 19
15 8
16 3
17 22
18 2
19 6
20 7
21 18
22 12
SIMILAR

10 17 19 11 14 12 6 5 21 8 18 0 3 15 22 9 7 1 2 20 4 16 13 
0 11
1 17
2 18
3 12
4 20
5 7
6 6
7 16
8 9
9 15
10 0
11 3
12 5
13 22
14 4
15 13
16 21
17 1
18 10
19 2
20 19
21 8
22 14
SIMILAR

0 13 17 3 9 6 16 1 4 2 15 5 20 14 22 21 8 10 7 19 11 18 12 
0 0
1 7
2 9
3 3
4 8
5 11
6 5
7 18
8 16
9 4
10 17
11 20
12 22
13 1
14 13
15 10
16 6
17 2
18 21
19 19
20 12
21 15
22 14
SIMILAR

18 9 0 16 5 21 10 1 13 19 14 7 6 2 3 11 12 4 15 8 17 20 22 
0 2
1 7
2 13
3 14
4 17
5 4
6 12
7 11
8 19
9 1
10 6
11 15
12 16
13 8
14 10
15 18
16 3
17 20
18 0
19 9
20 21
21 5
22 22
SIMILAR

12 4 8 1 21 10 13 2 7 11 5 9 18 6 3 14 19 0 16 22 20 17 15 
0 17
1 3
2 7
3 14
4 1
5 10
6 13
7 8
8 2
9 11
10 5
11 9
12 0
13 6
14 15
15 22
16 18
17 21
18 12
19 16
20 20
21 4
22 19
SIMILAR

5 15 18 17 10 8 20 4 9 13 22 3 11 16 19 12 0 2 7 21 6 1 14 
0 16
1 21
2 17
3 11
4 7
5 0
6 20
7 18
8 5
9 8
10 4
11 12
12 15
13 9
14 22
15 1
16 13
17 3
18 2
19 14
20 6
21 19
22 10
SIMILAR

8 15 14 18 11 1 22 4 5 7 13 16 3 9 0 20 2 6 17 12 19 10 21 
0 14
1 5
2 16
3 12
4 7
5 8
6 17
7 9
8 0
9 13
10 21
11 4
12 19
13 10
14 2
15 1
16 11
17 18
18 3
19 20
20 15
21 22
22 6
SIMILAR

7 12 19 4 6 0 2 16 9 22 15 17 1 21 5 8 11 18 20 14 13 10 3 
0 5
1 12
2 6
3 22
4 3
5 14
6 4
7 0
8 15
9 8
10 21
11 16
12 1
13 20
14 19
15 10
16 7
17 11
18 17
19 2
20 18
21 13
22 9
SIMILAR

22 2 17 10 7 19 0 11 12 8 16 9 20 15 4 1 5 3 13 14 21 18 6 
0 6
1 15
2 1
3 17
4 14
5 16
6 22
7 4
8 9
9 11
10 3
11 7
12 8
13 18
14 19
15 13
16 10
17 2
18 21
19 5
20 12
21 20
22 0
SIMILAR

6 16 18 21 4 1 19 5 12 17 13 8 2 7 9 22 20 3 10 15 11 0 14 
0 21
1 5
2 12
3 17
4 4
5 7
6 0
7 13
8 11
9 14
10 18
11 20
12 8
13 10
14 22
15 19
16 1
17 9
18 2
19 6
20 16
21 3
22 15
SIMILAR

7 13 11 18 0 19 15 22 9 16 20 12 8 2 21 14 5 1 3 4 17 10 6 
0 4
1 17
2 13
3 18
4 19
5 16
6 22
7 0
8 12
9 8
10 21
11 2
12 11
13 1
14 15
15 6
16 9
17 20
18 3
19 5
20 10
21 14
22 7
SIMILAR

2 0 20 19 14 7 4 5 13 16 17 21 8 1 12 18 6 22 11 3 15 9 10 
0 1
1 13
2 0
3 19
4 6
5 7
6 16
7 5
8 12
9 21
10 22
11 18
12 14
13 8
14 4
15 20
16 9
17 10
18 15
19 3
20 2
21 11
22 17
SIMILAR

21 12 10 8 5 1 11 7 3 6 18 22 15 4 20 9 14 2 19 0 16 17 13 
0 19
1 5
2 17
3 8
4 13
5 4
6 9
7 7
8 3
9 15
10 2
11 6
12 1
13 22
14 16
15 12
16 20
17 21
18 10
19 18
20 14
21 0
22 11
SIMILAR
100 0
6700 0
196700 0
