23
0 0 1 1 1 1 0 1 1 1 1 0 1 0 1 0 1 0 1 0 1 1 0 
0 0 0 1 0 1 1 0 1 0 0 0 0 0 1 1 1 0 1 0 0 0 1 
1 0 0 0 0 0 1 0 1 0 1 1 1 1 0 1 0 1 1 1 1 0 1 
1 1 0 0 0 0 1 0 1 1 1 1 0 1 1 1 0 1 0 1 1 0 0 
1 0 0 0 0 1 1 1 0 0 0 1 0 0 0 0 0 0 1 1 0 1 0 
1 1 0 0 1 0 0 1 1 1 0 0 0 1 1 1 1 0 1 0 0 0 0 
0 1 1 1 1 0 0 0 1 1 1 0 0 1 1 0 1 1 0 0 0 0 0 
1 0 0 0 1 1 0 0 0 0 0 1 1 0 1 1 0 0 1 0 0 0 1 
1 1 1 1 0 1 1 0 0 0 1 1 0 0 1 0 1 1 0 0 0 1 0 
1 0 0 1 0 1 1 0 0 0 0 0 0 0 1 1 0 1 0 0 1 1 1 
1 0 1 1 0 0 1 0 1 0 0 1 0 1 1 0 1 0 1 1 0 1 1 
0 0 1 1 1 0 0 1 1 0 1 0 1 0 0 0 0 1 1 0 1 0 1 
1 0 1 0 0 0 0 1 0 0 0 1 0 0 0 1 0 1 0 0 1 0 1 
0 0 1 1 0 1 1 0 0 0 1 0 0 0 1 1 1 0 0 1 1 1 1 
1 1 0 1 0 1 1 1 1 1 1 0 0 1 0 1 1 1 0 1 0 1 0 
0 1 1 1 0 1 0 1 0 1 0 0 1 1 1 0 0 0 1 1 0 1 0 
1 1 0 0 0 1 1 0 1 0 1 0 0 1 1 0 0 0 0 0 1 0 0 
0 0 1 1 0 0 1 0 1 1 0 1 1 0 1 0 0 0 0 0 0 0 0 
1 1 1 0 1 1 0 1 0 0 1 1 0 0 0 1 0 0 0 0 0 1 1 
0 0 1 1 1 0 0 0 0 0 1 0 0 1 1 1 0 0 0 0 0 1 1 
1 0 1 1 0 0 0 0 0 1 0 1 1 1 0 0 1 0 0 0 0 1 0 
1 0 0 0 1 0 0 0 1 1 1 0 0 1 1 1 0 0 1 1 1 0 0 
0 1 1 0 0 0 0 1 0 1 1 1 1 1 0 0 0 0 1 1 0 0 0 

11 20 9 17 18 4 2 14 8 1 6 10 21 13 19 22 7 12 15 0 16 3 5 
0 19
1 9
2 6
3 21
4 5
5 22
6 10
7 16
8 8
9 2
10 11
11 0
12 17
13 13
14 7
15 18
16 20
17 3
18 4
19 14
20 1
21 12
22 15
SIMILAR

18 10 1 8 21 0 9 16 13 15 2 19 17 7 6 12 4 5 11 14 20 3 22 
0 5
1 2
2 10
3 21
4 16
5 17
6 14
7 13
8 3
9 6
10 1
11 18
12 15
13 8
14 19
15 9
16 7
17 12
18 0
19 11
20 20
21 4
22 22
SIMILAR

20 14 9 5 22 12 16 21 19 13 18 4 0 8 10 11 15 2 6 3 17 1 7 
0 12
1 21
2 17
3 19
4 11
5 3
6 18
7 22
8 13
9 2
10 14
11 15
12 5
13 9
14 1
15 16
16 6
17 20
18 10
19 8
20 0
21 7
22 4
SIMILAR

20 19 9 6 8 5 7 15 22 18 2 16 21 12 13 1 10 11 14 0 3 4 17 
0 19
1 15
2 10
3 20
4 21
5 5
6 3
7 6
8 4
9 2
10 16
11 17
12 13
13 14
14 18
15 7
16 11
17 22
18 9
19 1
20 0
21 12
22 8
SIMILAR

10 20 9 13 8 2 22 19 14 5 12 17 21 3 18 11 0 16 4 6 1 7 15 
0 16
1 20
2 5
3 13
4 18
5 9
6 19
7 21
8 4
9 2
10 0
11 15
12 10
13 3
14 8
15 22
16 17
17 11
18 14
19 7
20 1
21 12
22 6
SIMILAR

2 22 17 3 6 12 14 10 4 5 9 20 18 16 1 13 15 7 19 8 0 11 21 
0 20
1 14
2 0
3 3
4 8
5 9
6 4
7 17
8 19
9 10
10 7
11 21
12 5
13 15
14 6
15 16
16 13
17 2
18 12
19 18
20 11
21 22
22 1
SIMILAR

21 19 2 6 12 8 1 5 13 7 11 22 14 17 18 9 0 16 20 4 15 3 10 
0 16
1 6
2 2
3 21
4 19
5 7
6 3
7 9
8 5
9 15
10 22
11 10
12 4
13 8
14 12
15 20
16 17
17 13
18 14
19 1
20 18
21 0
22 11
SIMILAR

20 19 8 13 3 14 6 5 4 7 15 12 11 9 22 18 0 1 10 17 21 2 16 
0 16
1 17
2 21
3 4
4 8
5 7
6 6
7 9
8 2
9 13
10 18
11 12
12 11
13 3
14 5
15 10
16 22
17 19
18 15
19 1
20 0
21 20
22 14
SIMILAR

5 10 8 12 7 11 13 6 16 15 22 9 17 4 14 0 18 21 20 1 19 3 2 
0 15
1 19
2 22
3 21
4 13
5 0
6 7
7 4
8 2
9 11
10 1
11 5
12 3
13 6
14 14
15 9
16 8
17 12
18 16
19 20
20 18
21 17
22 10
SIMILAR

11 9 5 13 22 3 6 18 10 16 12 1 21 14 2 17 4 15 0 8 19 20 7 
0 18
1 11
2 14
3 5
4 16
5 2
6 6
7 22
8 19
9 1
10 8
11 0
12 10
13 3
14 13
15 17
16 9
17 15
18 7
19 20
20 21
21 12
22 4
SIMILAR

10 13 20 9 1 8 15 22 2 12 16 4 6 5 0 18 19 14 3 7 21 11 17 
0 14
1 4
2 8
3 18
4 11
5 13
6 12
7 19
8 5
9 3
10 0
11 21
12 9
13 1
14 17
15 6
16 10
17 22
18 15
19 16
20 2
21 20
22 7
SIMILAR

2 4 11 1 20 16 9 18 15 7 12 3 19 13 6 5 17 14 0 8 22 10 21 
0 18
1 3
2 0
3 11
4 1
5 15
6 14
7 9
8 19
9 6
10 21
11 2
12 10
13 13
14 17
15 8
16 5
17 16
18 7
19 12
20 4
21 22
22 20
SIMILAR

13 6 9 22 5 8 3 12 18 17 19 20 16 2 10 15 7 21 1 11 0 4 14 
0 20
1 18
2 13
3 6
4 21
5 4
6 1
7 16
8 5
9 2
10 14
11 19
12 7
13 0
14 22
15 15
16 12
17 9
18 8
19 10
20 11
21 17
22 3
SIMILAR

7 6 3 16 21 0 20 9 14 13 19 4 22 17 15 1 18 12 11 10 5 8 2 
0 5
1 15
2 22
3 2
4 11
5 20
6 1
7 0
8 21
9 7
10 19
11 18
12 17
13 9
14 8
15 14
16 3
17 13
18 16
19 10
20 6
21 4
22 12
SIMILAR

18 5 4 6 0 13 9 3 16 21 11 7 22 10 15 19 20 17 1 2 14 12 8 
0 4
1 18
2 19
3 7
4 2
5 1
6 3
7 11
8 22
9 6
10 13
11 10
12 21
13 5
14 20
15 14
16 8
17 17
18 0
19 15
20 16
21 9
22 12
SIMILAR

19 18 3 11 5 20 16 12 15 22 21 14 13 0 2 4 7 8 10 1 17 6 9 
0 13
1 19
2 14
3 2
4 15
5 4
6 21
7 16
8 17
9 22
10 18
11 3
12 7
13 12
14 11
15 8
16 6
17 20
18 1
19 0
20 5
21 10
22 9
SIMILAR

1 3 0 4 9 8 5 21 11 12 15 14 20 10 16 18 19 17 13 22 2 6 7 
0 2
1 0
2 20
3 1
4 3
5 6
6 21
7 22
8 5
9 4
10 13
11 8
12 9
13 18
14 11
15 10
16 14
17 17
18 15
19 16
20 12
21 7
22 19
SIMILAR

3 22 2 11 10 8 9 12 13 21 14 15 17 5 4 18 19 20 0 16 1 7 6 
0 18
1 20
2 2
3 0
4 14
5 13
6 22
7 21
8 5
9 6
10 4
11 3
12 7
13 8
14 10
15 11
16 19
17 12
18 15
19 16
20 17
21 9
22 1
SIMILAR

11 8 22 17 9 12 16 7 20 1 15 2 14 10 19 0 4 6 5 18 3 13 21 
0 15
1 9
2 11
3 20
4 16
5 18
6 17
7 7
8 1
9 4
10 13
11 0
12 5
13 21
14 12
15 10
16 6
17 3
18 19
19 14
20 8
21 22
22 2
SIMILAR

1 0 19 11 8 10 14 4 16 7 21 2 3 5 15 13 20 17 9 18 22 6 12 
0 1
1 0
2 11
3 12
4 7
5 13
6 21
7 9
8 4
9 18
10 5
11 3
12 22
13 15
14 6
15 14
16 8
17 17
18 19
19 2
20 16
21 10
22 20
SIMILAR

1 13 16 9 14 20 11 17 21 8 22 2 19 7 18 6 4 0 5 15 12 10 3 
0 17
1 0
2 11
3 22
4 16
5 18
6 15
7 13
8 9
9 3
10 21
11 6
12 20
13 1
14 4
15 19
16 2
17 7
18 14
19 12
20 5
21 8
22 10
SIMILAR

1 5 20 18 8 2 0 17 22 6 10 16 12 19 9 3 4 11 21 13 7 14 15 
0 6
1 0
2 5
3 15
4 16
5 1
6 9
7 20
8 4
9 14
10 10
11 17
12 12
13 19
14 21
15 22
16 11
17 7
18 3
19 13
20 2
21 18
22 8
SIMILAR

2 19 18 17 9 11 8 21 1 4 10 12 16 7 0 14 3 22 15 13 5 20 6 
0 14
1 8
2 0
3 16
4 9
5 20
6 22
7 13
8 6
9 4
10 10
11 5
12 11
13 19
14 15
15 18
16 12
17 3
18 2
19 1
20 21
21 7
22 17
SIMILAR

16 11 9 19 22 8 20 21 17 4 10 18 0 5 14 15 7 6 13 2 1 12 3 
0 12
1 20
2 19
3 22
4 9
5 13
6 17
7 16
8 5
9 2
10 10
11 1
12 21
13 18
14 14
15 15
16 0
17 8
18 11
19 3
20 6
21 7
22 4
SIMILAR

0 8 10 6 22 3 1 14 17 7 11 4 19 15 12 9 16 21 2 20 18 5 13 
0 0
1 6
2 18
3 5
4 11
5 21
6 3
7 9
8 1
9 15
10 2
11 10
12 14
13 22
14 7
15 13
16 16
17 8
18 20
19 12
20 19
21 17
22 4
SIMILAR

11 2 22 18 7 9 13 10 6 0 19 14 5 15 4 8 20 12 1 3 17 21 16 
0 9
1 18
2 1
3 19
4 14
5 12
6 8
7 4
8 15
9 5
10 7
11 0
12 17
13 6
14 11
15 13
16 22
17 20
18 3
19 10
20 16
21 21
22 2
SIMILAR

6 0 9 13 21 11 16 10 14 2 7 18 5 12 20 8 3 22 19 4 17 15 1 
0 1
1 22
2 9
3 16
4 19
5 12
6 0
7 10
8 15
9 2
10 7
11 5
12 13
13 3
14 8
15 21
16 6
17 20
18 11
19 18
20 14
21 4
22 17
SIMILAR

10 0 6 7 11 1 21 2 22 4 13 3 17 12 18 14 9 15 20 8 5 16 19 
0 1
1 5
2 7
3 11
4 9
5 20
6 2
7 3
8 19
9 16
10 0
11 4
12 13
13 10
14 15
15 17
16 21
17 12
18 14
19 22
20 18
21 6
22 8
SIMILAR

12 16 14 11 17 2 9 8 19 22 4 1 7 21 10 5 13 0 15 3 20 6 18 
0 17
1 11
2 5
3 19
4 10
5 15
6 21
7 12
8 7
9 6
10 14
11 3
12 0
13 16
14 2
15 18
16 1
17 4
18 22
19 8
20 20
21 13
22 9
SIMILAR

8 15 14 13 1 18 10 20 21 9 22 17 16 5 3 19 7 12 11 2 4 6 0 
0 22
1 4
2 19
3 14
4 20
5 13
6 21
7 16
8 0
9 9
10 6
11 18
12 17
13 3
14 2
15 1
16 12
17 11
18 5
19 15
20 7
21 8
22 10
SIMILAR

15 20 5 6 11 18 4 22 21 2 3 8 13 19 10 9 16 0 1 14 17 12 7 
0 17
1 18
2 9
3 10
4 6
5 2
6 3
7 22
8 11
9 15
10 14
11 4
12 21
13 12
14 19
15 0
16 16
17 20
18 5
19 13
20 1
21 8
22 7
SIMILAR

4 10 15 21 22 11 17 19 18 7 3 16 0 2 1 8 6 13 12 5 9 14 20 
0 12
1 14
2 13
3 10
4 0
5 19
6 16
7 9
8 15
9 20
10 1
11 5
12 18
13 17
14 21
15 2
16 11
17 6
18 8
19 7
20 22
21 3
22 4
SIMILAR

20 2 17 5 22 8 14 16 21 3 13 9 10 12 15 6 18 11 7 4 1 19 0 
0 22
1 20
2 1
3 9
4 19
5 3
6 15
7 18
8 5
9 11
10 12
11 17
12 13
13 10
14 6
15 14
16 7
17 2
18 16
19 21
20 0
21 8
22 4
SIMILAR

19 15 8 17 20 10 14 7 12 4 0 21 13 6 16 5 11 9 3 22 18 2 1 
0 10
1 22
2 21
3 18
4 9
5 15
6 13
7 7
8 2
9 17
10 5
11 16
12 8
13 12
14 6
15 1
16 14
17 3
18 20
19 0
20 4
21 11
22 19
SIMILAR

18 8 4 19 0 11 6 9 14 16 21 20 22 17 1 2 7 5 10 3 12 13 15 
0 4
1 14
2 15
3 19
4 2
5 17
6 6
7 16
8 1
9 7
10 18
11 5
12 20
13 21
14 8
15 22
16 9
17 13
18 0
19 3
20 11
21 10
22 12
SIMILAR

14 3 10 6 16 21 0 13 20 2 12 4 17 15 1 9 22 11 19 8 18 5 7 
0 6
1 14
2 9
3 1
4 11
5 21
6 3
7 22
8 19
9 15
10 2
11 17
12 10
13 7
14 0
15 13
16 4
17 12
18 20
19 18
20 8
21 5
22 16
SIMILAR

21 1 19 11 8 10 2 13 17 20 7 0 15 18 4 9 22 14 6 3 5 16 12 
0 11
1 1
2 6
3 19
4 14
5 20
6 18
7 10
8 4
9 15
10 5
11 3
12 22
13 7
14 17
15 12
16 21
17 8
18 13
19 2
20 9
21 0
22 16
SIMILAR

17 12 19 10 15 6 11 16 9 3 18 0 20 4 7 1 13 5 8 22 2 21 14 
0 11
1 15
2 20
3 9
4 13
5 17
6 5
7 14
8 18
9 8
10 3
11 6
12 1
13 16
14 22
15 4
16 7
17 0
18 10
19 2
20 12
21 21
22 19
SIMILAR

3 16 18 9 17 21 13 5 20 14 2 7 6 0 22 1 12 19 11 10 15 8 4 
0 13
1 15
2 10
3 0
4 22
5 7
6 12
7 11
8 21
9 3
10 19
11 18
12 16
13 6
14 9
15 20
16 1
17 4
18 2
19 17
20 8
21 5
22 14
SIMILAR

8 20 5 22 11 17 10 15 6 7 4 1 0 19 3 18 16 2 13 12 14 9 21 
0 12
1 11
2 17
3 14
4 10
5 2
6 8
7 9
8 0
9 21
10 6
11 4
12 19
13 18
14 20
15 7
16 16
17 5
18 15
19 13
20 1
21 22
22 3
SIMILAR

1 2 11 15 16 14 3 7 5 21 4 17 0 8 19 6 13 18 20 9 10 22 12 
0 12
1 0
2 1
3 6
4 10
5 8
6 15
7 7
8 13
9 19
10 20
11 2
12 22
13 16
14 5
15 3
16 4
17 11
18 17
19 14
20 18
21 9
22 21
SIMILAR

22 2 11 12 16 6 18 13 19 10 14 5 8 20 17 9 4 21 0 3 7 1 15 
0 18
1 21
2 1
3 19
4 16
5 11
6 5
7 20
8 12
9 15
10 9
11 2
12 3
13 7
14 10
15 22
16 4
17 14
18 6
19 8
20 13
21 17
22 0
SIMILAR

17 12 20 18 5 7 6 19 1 16 2 10 0 4 21 3 22 13 9 14 8 15 11 
0 12
1 8
2 10
3 15
4 13
5 4
6 6
7 5
8 20
9 18
10 11
11 22
12 1
13 17
14 19
15 21
16 9
17 0
18 3
19 7
20 2
21 14
22 16
SIMILAR

22 18 20 4 7 5 14 12 21 19 17 16 0 8 11 3 13 9 1 15 6 2 10 
0 12
1 18
2 21
3 15
4 3
5 5
6 20
7 4
8 13
9 17
10 22
11 14
12 7
13 16
14 6
15 19
16 11
17 10
18 1
19 9
20 2
21 8
22 0
SIMILAR

22 2 19 15 10 20 1 0 5 14 3 7 18 16 6 13 9 4 8 21 11 17 12 
0 7
1 6
2 1
3 10
4 17
5 8
6 14
7 11
8 18
9 16
10 4
11 20
12 22
13 15
14 9
15 3
16 13
17 21
18 12
19 2
20 5
21 19
22 0
SIMILAR

4 9 15 7 1 12 6 5 21 16 2 13 18 22 10 0 20 3 19 11 8 14 17 
0 15
1 4
2 10
3 17
4 0
5 7
6 6
7 3
8 20
9 1
10 14
11 19
12 5
13 11
14 21
15 2
16 9
17 22
18 12
19 18
20 16
21 8
22 13
SIMILAR

1 6 5 12 0 19 13 9 17 21 20 4 15 14 2 3 22 10 11 7 8 18 16 
0 4
1 0
2 14
3 15
4 11
5 2
6 1
7 19
8 20
9 7
10 17
11 18
12 3
13 6
14 13
15 12
16 22
17 8
18 21
19 5
20 10
21 9
22 16
SIMILAR

15 8 16 14 19 18 3 17 7 2 12 11 4 10 21 9 13 6 5 1 22 20 0 
0 22
1 19
2 9
3 6
4 12
5 18
6 17
7 8
8 1
9 15
10 13
11 11
12 10
13 16
14 3
15 0
16 2
17 7
18 5
19 4
20 21
21 14
22 20
SIMILAR

4 21 12 17 10 1 22 20 5 14 18 7 16 6 9 2 11 15 19 13 8 3 0 
0 22
1 5
2 15
3 21
4 0
5 8
6 13
7 11
8 20
9 14
10 4
11 16
12 2
13 19
14 9
15 17
16 12
17 3
18 10
19 18
20 7
21 1
22 6
SIMILAR

13 10 7 15 17 12 2 22 16 21 14 3 0 20 5 1 8 9 19 18 6 11 4 
0 12
1 15
2 6
3 11
4 22
5 14
6 20
7 2
8 16
9 17
10 1
11 21
12 5
13 0
14 10
15 3
16 8
17 4
18 19
19 18
20 13
21 9
22 7
SIMILAR

4 1 18 21 17 8 13 22 19 10 14 9 7 5 6 0 16 11 3 2 12 20 15 
0 15
1 1
2 19
3 18
4 0
5 13
6 14
7 12
8 5
9 11
10 9
11 17
12 20
13 6
14 10
15 22
16 16
17 4
18 2
19 8
20 21
21 3
22 7
SIMILAR

9 1 2 6 14 3 8 19 15 0 18 12 21 22 20 7 16 13 17 10 5 11 4 
0 9
1 1
2 2
3 5
4 22
5 20
6 3
7 15
8 6
9 0
10 19
11 21
12 11
13 17
14 4
15 8
16 16
17 18
18 10
19 7
20 14
21 12
22 13
SIMILAR

7 9 5 21 8 15 18 19 1 16 22 13 10 12 2 0 3 14 20 11 4 17 6 
0 15
1 8
2 14
3 16
4 20
5 2
6 22
7 0
8 4
9 1
10 12
11 19
12 13
13 11
14 17
15 5
16 9
17 21
18 6
19 7
20 18
21 3
22 10
SIMILAR

18 1 14 10 2 17 15 22 20 8 13 12 11 16 7 19 6 3 0 9 21 5 4 
0 18
1 1
2 4
3 17
4 22
5 21
6 16
7 14
8 9
9 19
10 3
11 12
12 11
13 10
14 2
15 6
16 13
17 5
18 0
19 15
20 8
21 20
22 7
SIMILAR

0 16 22 4 3 11 19 13 14 17 12 18 7 10 6 9 5 2 1 20 21 15 8 
0 0
1 18
2 17
3 4
4 3
5 16
6 14
7 12
8 22
9 15
10 13
11 5
12 10
13 7
14 8
15 21
16 1
17 9
18 11
19 6
20 19
21 20
22 2
SIMILAR

8 7 16 2 10 11 4 20 3 21 1 22 17 0 5 6 14 12 9 13 15 18 19 
0 13
1 10
2 3
3 8
4 6
5 14
6 15
7 1
8 0
9 18
10 4
11 5
12 17
13 19
14 16
15 20
16 2
17 12
18 21
19 22
20 7
21 9
22 11
SIMILAR

16 21 0 4 1 9 15 5 2 20 13 18 19 10 12 3 8 14 7 6 17 22 11 
0 2
1 4
2 8
3 15
4 3
5 7
6 19
7 18
8 16
9 5
10 13
11 22
12 14
13 10
14 17
15 6
16 0
17 20
18 11
19 12
20 9
21 1
22 21
SIMILAR

19 12 3 11 17 6 14 21 4 1 2 15 8 13 20 9 22 10 5 7 18 16 0 
0 22
1 9
2 10
3 2
4 8
5 18
6 5
7 19
8 12
9 15
10 17
11 3
12 1
13 13
14 6
15 11
16 21
17 4
18 20
19 0
20 14
21 7
22 16
SIMILAR

22 4 9 14 7 15 12 1 10 21 3 18 20 5 2 17 11 13 8 0 6 16 19 
0 19
1 7
2 14
3 10
4 1
5 13
6 20
7 4
8 18
9 2
10 8
11 16
12 6
13 17
14 3
15 5
16 21
17 15
18 11
19 22
20 12
21 9
22 0
SIMILAR

16 0 19 5 12 11 17 4 10 14 3 2 22 7 20 8 9 1 6 18 21 15 13 
0 1
1 17
2 11
3 10
4 7
5 3
6 18
7 13
8 15
9 16
10 8
11 5
12 4
13 22
14 9
15 21
16 0
17 6
18 19
19 2
20 14
21 20
22 12
SIMILAR

6 14 21 2 3 18 20 15 8 4 0 5 9 17 16 1 22 10 19 12 13 7 11 
0 10
1 15
2 3
3 4
4 9
5 11
6 0
7 21
8 8
9 12
10 17
11 22
12 19
13 20
14 1
15 7
16 14
17 13
18 5
19 18
20 6
21 2
22 16
SIMILAR

13 3 21 1 9 19 18 14 10 11 5 20 15 0 6 8 22 16 2 7 12 4 17 
0 13
1 3
2 18
3 1
4 21
5 10
6 14
7 19
8 15
9 4
10 8
11 9
12 20
13 0
14 7
15 12
16 17
17 22
18 6
19 5
20 11
21 2
22 16
SIMILAR

19 11 18 21 10 14 3 15 8 4 13 9 0 5 20 1 2 12 17 16 22 6 7 
0 12
1 15
2 16
3 6
4 9
5 13
6 21
7 22
8 8
9 11
10 4
11 1
12 17
13 10
14 5
15 7
16 19
17 18
18 2
19 0
20 14
21 3
22 20
SIMILAR

15 11 18 17 13 10 19 16 22 4 21 5 7 12 2 0 6 3 14 20 1 9 8 
0 15
1 20
2 14
3 17
4 9
5 11
6 16
7 12
8 22
9 21
10 5
11 1
12 13
13 4
14 18
15 0
16 7
17 3
18 2
19 6
20 19
21 10
22 8
SIMILAR

3 16 18 19 8 15 9 12 17 10 2 14 0 20 5 13 6 22 11 4 7 1 21 
0 12
1 21
2 10
3 0
4 19
5 14
6 16
7 20
8 4
9 6
10 9
11 18
12 7
13 15
14 11
15 5
16 1
17 8
18 2
19 3
20 13
21 22
22 17
SIMILAR

11 22 7 20 0 19 13 18 15 4 5 8 14 9 10 17 16 3 21 1 6 12 2 
0 4
1 19
2 22
3 17
4 9
5 10
6 20
7 2
8 11
9 13
10 14
11 0
12 21
13 6
14 12
15 8
16 16
17 15
18 7
19 5
20 3
21 18
22 1
SIMILAR

1 20 15 14 11 13 12 21 10 18 9 2 8 17 7 16 3 0 6 5 4 19 22 
0 17
1 0
2 11
3 16
4 20
5 19
6 18
7 14
8 12
9 10
10 8
11 4
12 6
13 5
14 3
15 2
16 15
17 13
18 9
19 21
20 1
21 7
22 22
SIMILAR

10 8 12 4 7 16 2 22 13 21 9 0 15 19 14 1 5 18 11 3 6 20 17 
0 11
1 15
2 6
3 19
4 3
5 16
6 20
7 4
8 1
9 10
10 0
11 18
12 2
13 8
14 14
15 12
16 5
17 22
18 17
19 13
20 21
21 9
22 7
SIMILAR

4 3 0 12 6 15 19 5 9 13 14 2 1 20 18 16 11 8 10 21 7 22 17 
0 2
1 12
2 11
3 1
4 0
5 7
6 4
7 20
8 17
9 8
10 18
11 16
12 3
13 9
14 10
15 5
16 15
17 22
18 14
19 6
20 13
21 19
22 21
SIMILAR

19 9 14 12 6 20 13 7 22 2 4 17 11 8 21 15 18 10 0 1 3 16 5 
0 18
1 19
2 9
3 20
4 10
5 22
6 4
7 7
8 13
9 1
10 17
11 12
12 3
13 6
14 2
15 15
16 21
17 11
18 16
19 0
20 5
21 14
22 8
SIMILAR

12 9 0 22 20 13 4 2 15 3 11 6 16 19 21 5 7 1 8 18 14 10 17 
0 2
1 17
2 7
3 9
4 6
5 15
6 11
7 16
8 18
9 1
10 21
11 10
12 0
13 5
14 20
15 8
16 12
17 22
18 19
19 13
20 4
21 14
22 3
SIMILAR

15 10 13 21 6 14 11 4 7 16 5 2 17 20 1 9 19 18 8 12 0 3 22 
0 20
1 14
2 11
3 21
4 7
5 10
6 4
7 8
8 18
9 15
10 1
11 6
12 19
13 2
14 5
15 0
16 9
17 12
18 17
19 16
20 13
21 3
22 22
SIMILAR

22 3 5 0 13 2 10 21 20 11 18 12 15 9 4 8 7 19 1 6 16 14 17 
0 3
1 18
2 5
3 1
4 14
5 2
6 19
7 16
8 15
9 13
10 6
11 9
12 11
13 4
14 21
15 12
16 20
17 22
18 10
19 17
20 8
21 7
22 0
SIMILAR

1 20 8 12 10 4 6 14 22 21 9 13 17 2 15 0 18 19 11 3 16 7 5 
0 15
1 0
2 13
3 19
4 5
5 22
6 6
7 21
8 2
9 10
10 4
11 18
12 3
13 11
14 7
15 14
16 20
17 12
18 16
19 17
20 1
21 9
22 8
SIMILAR

5 12 1 14 4 3 19 8 15 22 11 13 9 21 16 6 7 20 18 10 17 2 0 
0 22
1 2
2 21
3 5
4 4
5 0
6 15
7 16
8 7
9 12
10 19
11 10
12 1
13 11
14 3
15 8
16 14
17 20
18 18
19 6
20 17
21 13
22 9
SIMILAR

17 6 4 9 3 19 11 22 21 8 2 15 1 10 16 14 0 7 20 12 18 5 13 
0 16
1 12
2 10
3 4
4 2
5 21
6 1
7 17
8 9
9 3
10 13
11 6
12 19
13 22
14 15
15 11
16 14
17 0
18 20
19 5
20 18
21 8
22 7
SIMILAR

21 14 2 12 6 0 16 11 20 3 10 5 8 13 1 7 18 17 9 15 19 22 4 
0 5
1 14
2 2
3 9
4 22
5 11
6 4
7 15
8 12
9 18
10 10
11 7
12 3
13 13
14 1
15 19
16 6
17 17
18 16
19 20
20 8
21 0
22 21
SIMILAR

21 16 19 10 20 2 13 1 0 12 17 11 7 15 14 22 3 6 5 18 4 8 9 
0 8
1 7
2 5
3 16
4 20
5 18
6 17
7 12
8 21
9 22
10 3
11 11
12 9
13 6
14 14
15 13
16 1
17 10
18 19
19 2
20 4
21 0
22 15
SIMILAR

17 9 5 18 10 1 7 13 3 16 22 0 8 15 4 6 14 19 20 12 2 21 11 
0 11
1 5
2 20
3 8
4 14
5 2
6 15
7 6
8 12
9 1
10 4
11 22
12 19
13 7
14 16
15 13
16 9
17 0
18 3
19 17
20 18
21 21
22 10
SIMILAR

19 2 9 18 11 12 7 13 1 10 15 16 0 14 21 22 6 20 4 17 5 3 8 
0 12
1 8
2 1
3 21
4 18
5 20
6 16
7 6
8 22
9 2
10 9
11 4
12 5
13 7
14 13
15 10
16 11
17 19
18 3
19 0
20 17
21 14
22 15
SIMILAR

3 17 1 14 10 5 4 0 12 16 19 18 21 6 20 9 7 13 15 22 8 11 2 
0 7
1 2
2 22
3 0
4 6
5 5
6 13
7 16
8 20
9 15
10 4
11 21
12 8
13 17
14 3
15 18
16 9
17 1
18 11
19 10
20 14
21 12
22 19
SIMILAR

2 18 16 15 12 7 6 11 3 0 10 14 20 19 5 17 4 21 1 8 9 13 22 
0 9
1 18
2 0
3 8
4 16
5 14
6 6
7 5
8 19
9 20
10 10
11 7
12 4
13 21
14 11
15 3
16 2
17 15
18 1
19 13
20 12
21 17
22 22
SIMILAR

1 19 20 13 2 5 21 4 11 12 9 22 15 3 0 6 16 14 10 8 17 7 18 
0 14
1 0
2 4
3 13
4 7
5 5
6 15
7 21
8 19
9 10
10 18
11 8
12 9
13 3
14 17
15 12
16 16
17 20
18 22
19 1
20 2
21 6
22 11
SIMILAR

13 0 19 16 2 20 4 12 10 9 11 7 17 6 15 8 18 22 3 5 21 1 14 
0 1
1 21
2 4
3 18
4 6
5 19
6 13
7 11
8 15
9 9
10 8
11 10
12 7
13 0
14 22
15 14
16 3
17 12
18 16
19 2
20 5
21 20
22 17
SIMILAR

1 6 20 11 21 8 13 4 9 14 17 2 19 22 16 10 15 5 3 12 7 0 18 
0 21
1 0
2 11
3 18
4 7
5 17
6 1
7 20
8 5
9 8
10 15
11 3
12 19
13 6
14 9
15 16
16 14
17 10
18 22
19 12
20 2
21 4
22 13
SIMILAR

2 10 14 4 17 3 1 7 5 22 0 12 11 19 15 16 9 20 18 8 13 6 21 
0 10
1 6
2 0
3 5
4 3
5 8
6 21
7 7
8 19
9 16
10 1
11 12
12 11
13 20
14 2
15 14
16 15
17 4
18 18
19 13
20 17
21 22
22 9
SIMILAR

19 15 14 9 8 12 4 17 2 18 0 11 21 5 3 16 6 1 13 20 22 7 10 
0 10
1 17
2 8
3 14
4 6
5 13
6 16
7 21
8 4
9 3
10 22
11 11
12 5
13 18
14 2
15 1
16 15
17 7
18 9
19 0
20 19
21 12
22 20
SIMILAR

11 21 18 9 13 4 15 6 8 16 5 0 20 1 22 7 19 2 17 10 3 12 14 
0 11
1 13
2 17
3 20
4 5
5 10
6 7
7 15
8 8
9 3
10 19
11 0
12 21
13 4
14 22
15 6
16 9
17 18
18 2
19 16
20 12
21 1
22 14
SIMILAR

13 14 7 3 6 21 10 18 15 20 1 17 5 2 16 12 9 11 19 8 22 0 4 
0 21
1 10
2 13
3 3
4 22
5 12
6 4
7 2
8 19
9 16
10 6
11 17
12 15
13 0
14 1
15 8
16 14
17 11
18 7
19 18
20 9
21 5
22 20
SIMILAR

5 12 8 1 11 18 19 16 9 13 17 10 0 15 14 4 6 20 21 3 22 2 7 
0 12
1 3
2 21
3 19
4 15
5 0
6 16
7 22
8 2
9 8
10 11
11 4
12 1
13 9
14 14
15 13
16 7
17 10
18 5
19 6
20 17
21 18
22 20
SIMILAR

18 8 0 20 19 4 21 2 15 22 5 7 11 9 16 14 6 13 10 1 17 12 3 
0 2
1 19
2 7
3 22
4 5
5 10
6 16
7 11
8 1
9 13
10 18
11 12
12 21
13 17
14 15
15 8
16 14
17 20
18 0
19 4
20 3
21 6
22 9
SIMILAR

19 13 16 10 9 11 22 6 5 2 14 12 4 18 0 8 1 3 20 15 17 7 21 
0 14
1 16
2 9
3 17
4 12
5 8
6 7
7 21
8 15
9 4
10 3
11 5
12 11
13 1
14 10
15 19
16 2
17 20
18 13
19 0
20 18
21 22
22 6
SIMILAR

13 18 20 3 0 10 7 15 17 2 6 4 8 12 16 11 5 14 19 9 21 22 1 
0 4
1 22
2 9
3 3
4 11
5 16
6 10
7 6
8 12
9 19
10 5
11 15
12 13
13 0
14 17
15 7
16 14
17 8
18 1
19 18
20 2
21 20
22 21
SIMILAR

22 1 21 10 19 4 18 17 3 15 6 14 5 20 12 9 11 7 2 0 13 16 8 
0 19
1 1
2 18
3 8
4 5
5 12
6 10
7 17
8 22
9 15
10 3
11 16
12 14
13 20
14 11
15 9
16 21
17 7
18 6
19 4
20 13
21 2
22 0
SIMILAR

5 14 22 9 19 11 6 17 12 7 1 10 0 15 2 20 16 13 3 18 21 8 4 
0 12
1 10
2 14
3 18
4 22
5 0
6 6
7 9
8 21
9 3
10 11
11 5
12 8
13 17
14 1
15 13
16 16
17 7
18 19
19 4
20 15
21 20
22 2
SIMILAR

9 12 5 6 20 2 11 15 3 19 8 22 18 13 7 4 1 16 14 17 10 0 21 
0 21
1 16
2 5
3 8
4 15
5 2
6 3
7 14
8 10
9 0
10 20
11 6
12 1
13 13
14 18
15 7
16 17
17 19
18 12
19 9
20 4
21 22
22 11
SIMILAR

17 21 8 9 5 22 14 3 0 2 18 10 7 19 12 13 15 16 1 11 6 4 20 
0 8
1 18
2 9
3 7
4 21
5 4
6 20
7 12
8 2
9 3
10 11
11 19
12 14
13 15
14 6
15 16
16 17
17 0
18 10
19 13
20 22
21 1
22 5
SIMILAR

13 17 20 15 5 22 16 0 12 19 14 11 6 9 18 8 10 4 7 3 21 1 2 
0 7
1 21
2 22
3 19
4 17
5 4
6 12
7 18
8 15
9 13
10 16
11 11
12 8
13 0
14 10
15 3
16 6
17 1
18 14
19 9
20 2
21 20
22 5
SIMILAR

20 1 5 14 19 13 10 0 15 7 8 4 17 16 12 18 6 9 21 22 3 2 11 
0 7
1 1
2 21
3 20
4 11
5 2
6 16
7 9
8 10
9 17
10 6
11 22
12 14
13 5
14 3
15 8
16 13
17 12
18 15
19 4
20 0
21 18
22 19
SIMILAR

16 13 5 2 6 11 1 9 17 18 8 10 14 21 22 4 12 3 0 15 20 19 7 
0 18
1 6
2 3
3 17
4 15
5 2
6 4
7 22
8 10
9 7
10 11
11 5
12 16
13 1
14 12
15 19
16 0
17 8
18 9
19 21
20 20
21 13
22 14
SIMILAR
100 0
900 0
190900 0
