23
0 1 1 1 1 1 1 0 0 0 1 0 1 0 0 0 1 1 0 0 0 1 1 
1 0 0 1 1 0 0 0 0 1 1 0 1 0 1 1 1 0 0 1 0 1 1 
1 0 0 1 0 1 1 0 1 1 0 1 1 1 0 1 0 1 1 1 1 0 0 
1 1 1 0 0 1 0 0 0 0 0 0 1 1 0 0 0 1 0 0 1 0 0 
1 1 0 0 0 1 1 1 1 1 1 0 1 1 1 0 0 1 1 0 0 0 0 
1 0 1 1 1 0 1 0 0 1 1 0 0 0 0 0 0 1 0 1 1 1 0 
1 0 1 0 1 1 0 1 0 0 1 1 1 0 0 0 1 0 1 0 1 0 1 
0 0 0 0 1 0 1 0 0 0 0 1 1 1 1 0 1 0 1 1 0 0 0 
0 0 1 0 1 0 0 0 0 0 0 1 0 0 0 0 0 0 0 1 1 0 0 
0 1 1 0 1 1 0 0 0 0 1 0 1 0 1 1 1 0 1 1 0 0 0 
1 1 0 0 1 1 1 0 0 1 0 1 0 0 1 0 0 0 0 0 1 0 0 
0 0 1 0 0 0 1 1 1 0 1 0 1 1 1 0 0 0 1 1 0 0 0 
1 1 1 1 1 0 1 1 0 1 0 1 0 0 1 0 1 1 0 0 0 0 0 
0 0 1 1 1 0 0 1 0 0 0 1 0 0 1 1 0 1 1 1 0 0 0 
0 1 0 0 1 0 0 1 0 1 1 1 1 1 0 1 1 1 0 0 0 0 0 
0 1 1 0 0 0 0 0 0 1 0 0 0 1 1 0 0 0 0 0 0 0 1 
1 1 0 0 0 0 1 1 0 1 0 0 1 0 1 0 0 0 1 1 0 1 0 
1 0 1 1 1 1 0 0 0 0 0 0 1 1 1 0 0 0 0 0 1 1 1 
0 0 1 0 1 0 1 1 0 1 0 1 0 1 0 0 1 0 0 1 1 0 0 
0 1 1 0 0 1 0 1 1 1 0 1 0 1 0 0 1 0 1 0 1 1 0 
0 0 1 1 0 1 1 0 1 0 1 0 0 0 0 0 0 1 1 1 0 1 1 
1 1 0 0 0 1 0 0 0 0 0 0 0 0 0 0 1 1 0 1 1 0 0 
1 1 0 0 0 0 1 0 0 0 0 0 0 0 0 1 0 1 0 0 1 0 0 

9 19 0 3 7 12 15 17 1 16 11 13 20 8 22 5 18 14 21 4 2 6 10 
0 2
1 8
2 20
3 3
4 19
5 15
6 21
7 4
8 13
9 0
10 22
11 10
12 5
13 11
14 17
15 6
16 9
17 7
18 16
19 1
20 12
21 18
22 14
SIMILAR

9 12 13 7 10 8 18 16 6 21 19 0 4 14 17 15 22 11 5 20 3 2 1 
0 11
1 22
2 21
3 20
4 12
5 18
6 8
7 3
8 5
9 0
10 4
11 17
12 1
13 2
14 13
15 15
16 7
17 14
18 6
19 10
20 19
21 9
22 16
SIMILAR

19 9 20 14 10 22 8 0 13 4 7 2 21 12 11 3 16 6 5 17 1 18 15 
0 7
1 20
2 11
3 15
4 9
5 18
6 17
7 10
8 6
9 1
10 4
11 14
12 13
13 8
14 3
15 22
16 16
17 19
18 21
19 0
20 2
21 12
22 5
SIMILAR

18 4 9 5 21 12 6 10 0 17 13 15 7 20 16 2 1 22 8 11 14 3 19 
0 8
1 16
2 15
3 21
4 1
5 3
6 6
7 12
8 18
9 2
10 7
11 19
12 5
13 10
14 20
15 11
16 14
17 9
18 0
19 22
20 13
21 4
22 17
SIMILAR

14 10 21 6 11 8 2 16 20 22 19 18 3 5 13 9 17 15 7 1 4 12 0 
0 22
1 19
2 6
3 12
4 20
5 13
6 3
7 18
8 5
9 15
10 1
11 4
12 21
13 14
14 0
15 17
16 7
17 16
18 11
19 10
20 8
21 2
22 9
SIMILAR

20 7 18 9 19 22 4 12 1 8 11 10 2 17 14 6 15 5 3 13 0 16 21 
0 20
1 8
2 12
3 18
4 6
5 17
6 15
7 1
8 9
9 3
10 11
11 10
12 7
13 19
14 14
15 16
16 21
17 13
18 2
19 4
20 0
21 22
22 5
SIMILAR

4 10 1 16 13 20 22 14 3 2 0 18 7 17 6 9 8 11 19 5 21 12 15 
0 10
1 2
2 9
3 8
4 0
5 19
6 14
7 12
8 16
9 15
10 1
11 17
12 21
13 4
14 7
15 22
16 3
17 13
18 11
19 18
20 5
21 20
22 6
SIMILAR

0 15 21 14 1 11 18 17 16 22 4 8 5 12 9 10 3 7 2 13 20 19 6 
0 0
1 4
2 18
3 16
4 10
5 12
6 22
7 17
8 11
9 14
10 15
11 5
12 13
13 19
14 3
15 1
16 8
17 7
18 6
19 21
20 20
21 2
22 9
SIMILAR

18 21 5 14 10 8 7 1 11 2 15 17 20 6 0 12 16 3 9 19 4 22 13 
0 14
1 7
2 9
3 17
4 20
5 2
6 13
7 6
8 5
9 18
10 4
11 8
12 15
13 22
14 3
15 10
16 16
17 11
18 0
19 19
20 12
21 1
22 21
SIMILAR

8 3 15 10 21 17 18 19 0 5 2 4 9 14 7 20 22 12 1 6 11 13 16 
0 8
1 18
2 10
3 1
4 11
5 9
6 19
7 14
8 0
9 12
10 3
11 20
12 17
13 21
14 13
15 2
16 22
17 5
18 6
19 7
20 15
21 4
22 16
SIMILAR

18 21 19 20 12 9 1 6 3 8 15 4 10 16 2 5 11 7 17 13 0 14 22 
0 20
1 6
2 14
3 8
4 11
5 15
6 7
7 17
8 9
9 5
10 12
11 16
12 4
13 19
14 21
15 10
16 13
17 18
18 0
19 2
20 3
21 1
22 22
SIMILAR

14 5 19 15 13 21 11 3 20 0 22 8 2 17 4 7 18 10 1 6 16 9 12 
0 9
1 18
2 12
3 7
4 14
5 1
6 19
7 15
8 11
9 21
10 17
11 6
12 22
13 4
14 0
15 3
16 20
17 13
18 16
19 2
20 8
21 5
22 10
SIMILAR

7 18 0 9 12 3 8 13 1 22 5 21 15 11 20 14 6 4 2 17 16 10 19 
0 2
1 8
2 18
3 5
4 17
5 10
6 16
7 0
8 6
9 3
10 21
11 13
12 4
13 7
14 15
15 12
16 20
17 19
18 1
19 22
20 14
21 11
22 9
SIMILAR

8 4 9 2 20 0 21 5 18 3 11 16 6 7 12 15 13 14 10 22 19 17 1 
0 5
1 22
2 3
3 9
4 1
5 7
6 12
7 13
8 0
9 2
10 18
11 10
12 14
13 16
14 17
15 15
16 11
17 21
18 8
19 20
20 4
21 6
22 19
SIMILAR

22 10 3 7 4 21 8 20 9 5 11 15 2 0 16 13 17 6 18 12 14 19 1 
0 13
1 22
2 12
3 2
4 4
5 9
6 17
7 3
8 6
9 8
10 1
11 10
12 19
13 15
14 20
15 11
16 14
17 16
18 18
19 21
20 7
21 5
22 0
SIMILAR

14 13 22 18 21 12 3 8 10 11 4 15 17 20 2 16 5 19 1 7 0 6 9 
0 20
1 18
2 14
3 6
4 10
5 16
6 21
7 19
8 7
9 22
10 8
11 9
12 5
13 1
14 0
15 11
16 15
17 12
18 3
19 17
20 13
21 4
22 2
SIMILAR

13 1 11 17 9 14 20 0 7 16 6 4 5 19 18 12 8 2 10 15 21 3 22 
0 7
1 1
2 17
3 21
4 11
5 12
6 10
7 8
8 16
9 4
10 18
11 2
12 15
13 0
14 5
15 19
16 9
17 3
18 14
19 13
20 6
21 20
22 22
SIMILAR

4 6 10 9 19 2 16 12 5 1 18 11 22 17 8 14 0 15 21 20 7 13 3 
0 16
1 9
2 5
3 22
4 0
5 8
6 1
7 20
8 14
9 3
10 2
11 11
12 7
13 21
14 15
15 17
16 6
17 13
18 10
19 4
20 19
21 18
22 12
SIMILAR

22 18 15 10 13 8 14 3 1 6 12 5 17 11 20 2 9 21 16 0 4 7 19 
0 19
1 8
2 15
3 7
4 20
5 11
6 9
7 21
8 5
9 16
10 3
11 13
12 10
13 4
14 6
15 2
16 18
17 12
18 1
19 22
20 14
21 17
22 0
SIMILAR

2 1 5 13 8 16 22 10 19 9 3 6 12 15 17 18 4 21 11 20 14 0 7 
0 21
1 1
2 0
3 10
4 16
5 2
6 11
7 22
8 4
9 9
10 7
11 18
12 12
13 3
14 20
15 13
16 5
17 14
18 15
19 8
20 19
21 17
22 6
SIMILAR

21 9 19 13 22 1 2 14 5 10 18 12 16 8 4 15 6 3 17 11 7 0 20 
0 21
1 5
2 6
3 17
4 14
5 8
6 16
7 20
8 13
9 1
10 9
11 19
12 11
13 3
14 7
15 15
16 12
17 18
18 10
19 2
20 22
21 0
22 4
SIMILAR

21 3 8 12 0 11 2 14 15 20 17 19 18 6 4 22 7 5 13 10 9 1 16 
0 4
1 21
2 6
3 1
4 14
5 17
6 13
7 16
8 2
9 20
10 19
11 5
12 3
13 18
14 7
15 8
16 22
17 10
18 12
19 11
20 9
21 0
22 15
SIMILAR

9 19 22 8 13 1 21 18 3 5 11 10 7 6 4 14 16 2 12 17 20 15 0 
0 22
1 5
2 17
3 8
4 14
5 9
6 13
7 12
8 3
9 0
10 11
11 10
12 18
13 4
14 15
15 21
16 16
17 19
18 7
19 1
20 20
21 6
22 2
SIMILAR

0 1 20 16 8 21 11 2 12 18 6 13 9 7 14 4 19 10 17 15 3 22 5 
0 0
1 1
2 7
3 20
4 15
5 22
6 10
7 13
8 4
9 12
10 17
11 6
12 8
13 11
14 14
15 19
16 3
17 18
18 9
19 16
20 2
21 5
22 21
SIMILAR

8 22 0 13 6 2 3 7 15 9 11 20 1 10 4 12 5 19 17 21 14 18 16 
0 2
1 12
2 5
3 6
4 14
5 16
6 4
7 7
8 0
9 9
10 13
11 10
12 15
13 3
14 20
15 8
16 22
17 18
18 21
19 17
20 11
21 19
22 1
SIMILAR

7 21 5 14 11 6 8 0 18 10 1 16 17 9 2 3 12 19 13 22 15 20 4 
0 7
1 10
2 14
3 15
4 22
5 2
6 5
7 0
8 6
9 13
10 9
11 4
12 16
13 18
14 3
15 20
16 11
17 12
18 8
19 17
20 21
21 1
22 19
SIMILAR

6 1 19 8 21 18 4 9 10 16 5 11 13 14 22 0 7 15 20 3 12 2 17 
0 15
1 1
2 21
3 19
4 6
5 10
6 0
7 16
8 3
9 7
10 8
11 11
12 20
13 12
14 13
15 17
16 9
17 22
18 5
19 2
20 18
21 4
22 14
SIMILAR

14 11 21 10 5 0 15 19 16 2 6 17 13 4 1 20 18 8 3 7 22 12 9 
0 5
1 14
2 9
3 18
4 13
5 4
6 10
7 19
8 17
9 22
10 3
11 1
12 21
13 12
14 0
15 6
16 8
17 11
18 16
19 7
20 15
21 2
22 20
SIMILAR

10 8 3 6 9 16 19 7 4 15 0 5 13 11 17 14 22 21 20 18 1 12 2 
0 10
1 20
2 22
3 2
4 8
5 11
6 3
7 7
8 1
9 4
10 0
11 13
12 21
13 12
14 15
15 9
16 5
17 14
18 19
19 6
20 18
21 17
22 16
SIMILAR

19 18 21 15 0 3 2 8 13 20 17 7 1 10 16 22 9 11 12 4 6 5 14 
0 4
1 12
2 6
3 5
4 19
5 21
6 20
7 11
8 7
9 16
10 13
11 17
12 18
13 8
14 22
15 3
16 14
17 10
18 1
19 0
20 9
21 2
22 15
SIMILAR

3 13 7 16 8 5 20 21 18 22 14 0 1 6 2 17 10 4 19 11 9 15 12 
0 11
1 12
2 14
3 0
4 17
5 5
6 13
7 2
8 4
9 20
10 16
11 19
12 22
13 1
14 10
15 21
16 3
17 15
18 8
19 18
20 6
21 7
22 9
SIMILAR

1 3 14 20 0 8 10 12 7 21 18 4 16 17 2 9 5 13 19 15 11 22 6 
0 4
1 0
2 14
3 1
4 11
5 16
6 22
7 8
8 5
9 15
10 6
11 20
12 7
13 17
14 2
15 19
16 12
17 13
18 10
19 18
20 3
21 9
22 21
SIMILAR

1 7 3 18 14 9 17 16 22 12 19 8 11 21 2 6 4 15 10 13 20 0 5 
0 21
1 0
2 14
3 2
4 16
5 22
6 15
7 1
8 11
9 5
10 18
11 12
12 9
13 19
14 4
15 17
16 7
17 6
18 3
19 10
20 20
21 13
22 8
SIMILAR

9 14 19 16 18 2 0 8 11 13 21 7 22 3 6 17 1 12 5 10 20 15 4 
0 6
1 16
2 5
3 13
4 22
5 18
6 14
7 11
8 7
9 0
10 19
11 8
12 17
13 9
14 1
15 21
16 3
17 15
18 4
19 2
20 20
21 10
22 12
SIMILAR

19 2 18 16 1 22 3 14 8 12 11 0 5 4 7 9 10 6 20 13 15 17 21 
0 11
1 4
2 1
3 6
4 13
5 12
6 17
7 14
8 8
9 15
10 16
11 10
12 9
13 19
14 7
15 20
16 3
17 21
18 2
19 0
20 18
21 22
22 5
SIMILAR

13 11 3 15 19 20 22 18 8 4 12 5 7 10 1 0 2 14 17 9 6 16 21 
0 15
1 14
2 16
3 2
4 9
5 11
6 20
7 12
8 8
9 19
10 13
11 1
12 10
13 0
14 17
15 3
16 21
17 18
18 7
19 4
20 5
21 22
22 6
SIMILAR

20 5 1 17 14 8 16 18 22 9 21 19 13 10 12 7 4 2 11 3 6 0 15 
0 21
1 2
2 17
3 19
4 16
5 1
6 20
7 15
8 5
9 9
10 13
11 18
12 14
13 12
14 4
15 22
16 6
17 3
18 7
19 11
20 0
21 10
22 8
SIMILAR

6 3 19 4 11 22 16 0 5 15 10 1 21 8 13 9 12 7 14 20 18 2 17 
0 7
1 11
2 21
3 1
4 3
5 8
6 0
7 17
8 13
9 15
10 10
11 4
12 16
13 14
14 18
15 9
16 6
17 22
18 20
19 2
20 19
21 12
22 5
SIMILAR

14 20 19 7 3 15 5 0 1 11 12 6 9 8 17 21 18 13 4 22 2 10 16 
0 7
1 8
2 20
3 4
4 18
5 6
6 11
7 3
8 13
9 12
10 21
11 9
12 10
13 17
14 0
15 5
16 22
17 14
18 16
19 2
20 1
21 15
22 19
SIMILAR

9 22 18 12 2 6 1 13 8 21 16 5 11 15 10 17 4 19 7 3 14 0 20 
0 21
1 6
2 4
3 19
4 16
5 11
6 5
7 18
8 8
9 0
10 14
11 12
12 3
13 7
14 20
15 13
16 10
17 15
18 2
19 17
20 22
21 9
22 1
SIMILAR

4 7 12 5 22 8 2 9 10 14 0 19 20 17 1 15 21 11 6 3 18 16 13 
0 10
1 14
2 6
3 19
4 0
5 3
6 18
7 1
8 5
9 7
10 8
11 17
12 2
13 22
14 9
15 15
16 21
17 13
18 20
19 11
20 12
21 16
22 4
SIMILAR

19 17 7 9 4 20 16 15 14 2 1 12 22 5 8 11 18 6 10 21 13 3 0 
0 22
1 10
2 9
3 21
4 4
5 13
6 17
7 2
8 14
9 3
10 18
11 15
12 11
13 20
14 8
15 7
16 6
17 1
18 16
19 0
20 5
21 19
22 12
SIMILAR

17 14 2 10 1 3 12 18 8 11 0 7 21 4 9 19 16 20 13 5 6 22 15 
0 10
1 4
2 2
3 5
4 13
5 19
6 20
7 11
8 8
9 14
10 3
11 9
12 6
13 18
14 1
15 22
16 16
17 0
18 7
19 15
20 17
21 12
22 21
SIMILAR

0 20 18 14 11 1 17 2 9 7 8 3 6 10 13 4 5 19 21 12 15 16 22 
0 0
1 5
2 7
3 11
4 15
5 16
6 12
7 9
8 10
9 8
10 13
11 4
12 19
13 14
14 3
15 20
16 21
17 6
18 2
19 17
20 1
21 18
22 22
SIMILAR

10 6 9 8 4 17 15 3 21 13 2 7 11 18 12 14 16 1 19 22 0 5 20 
0 20
1 17
2 10
3 7
4 4
5 21
6 1
7 11
8 3
9 2
10 0
11 12
12 14
13 9
14 15
15 6
16 16
17 5
18 13
19 18
20 22
21 8
22 19
SIMILAR

16 14 11 6 0 13 5 21 12 1 19 18 4 8 3 10 9 15 20 17 2 7 22 
0 4
1 9
2 20
3 14
4 12
5 6
6 3
7 21
8 13
9 16
10 15
11 2
12 8
13 5
14 1
15 17
16 0
17 19
18 11
19 10
20 18
21 7
22 22
SIMILAR

6 0 17 11 2 19 3 12 16 18 7 15 5 20 13 4 10 21 14 9 8 1 22 
0 1
1 21
2 4
3 6
4 15
5 12
6 0
7 10
8 20
9 19
10 16
11 3
12 7
13 14
14 18
15 11
16 8
17 2
18 9
19 5
20 13
21 17
22 22
SIMILAR

9 6 13 12 8 7 11 0 21 2 3 19 5 20 17 14 15 4 10 16 18 1 22 
0 7
1 21
2 9
3 10
4 17
5 12
6 1
7 5
8 4
9 0
10 18
11 6
12 3
13 2
14 15
15 16
16 19
17 14
18 20
19 11
20 13
21 8
22 22
SIMILAR

12 5 18 10 13 8 6 15 17 2 19 11 0 16 22 3 21 7 20 14 9 1 4 
0 12
1 21
2 9
3 15
4 22
5 1
6 6
7 17
8 5
9 20
10 3
11 11
12 0
13 4
14 19
15 7
16 13
17 8
18 2
19 10
20 18
21 16
22 14
SIMILAR

18 14 10 6 19 9 2 0 11 8 16 5 13 12 21 4 15 1 17 7 20 3 22 
0 7
1 17
2 6
3 21
4 15
5 11
6 3
7 19
8 9
9 5
10 2
11 8
12 13
13 12
14 1
15 16
16 10
17 18
18 0
19 4
20 20
21 14
22 22
SIMILAR

9 7 14 3 15 12 4 21 2 17 13 11 19 8 22 0 16 10 18 5 1 20 6 
0 15
1 20
2 8
3 3
4 6
5 19
6 22
7 1
8 13
9 0
10 17
11 11
12 5
13 10
14 2
15 4
16 16
17 9
18 18
19 12
20 21
21 7
22 14
SIMILAR

20 3 6 21 18 8 14 19 11 15 22 0 17 2 9 5 16 1 12 10 7 13 4 
0 11
1 17
2 13
3 1
4 22
5 15
6 2
7 20
8 5
9 14
10 19
11 8
12 18
13 21
14 6
15 9
16 16
17 12
18 4
19 7
20 0
21 3
22 10
SIMILAR

8 4 2 7 22 16 14 6 1 12 5 19 18 20 10 0 21 3 11 15 13 17 9 
0 15
1 8
2 2
3 17
4 1
5 10
6 7
7 3
8 0
9 22
10 14
11 18
12 9
13 20
14 6
15 19
16 5
17 21
18 12
19 11
20 13
21 16
22 4
SIMILAR

16 20 11 2 19 4 10 6 9 15 5 0 1 12 3 22 7 14 8 13 18 21 17 
0 11
1 12
2 3
3 14
4 5
5 10
6 7
7 16
8 18
9 8
10 6
11 2
12 13
13 19
14 17
15 9
16 0
17 22
18 20
19 4
20 1
21 21
22 15
SIMILAR

6 16 17 21 7 2 15 5 22 8 9 13 0 4 14 1 3 19 20 10 11 12 18 
0 12
1 15
2 5
3 16
4 13
5 7
6 0
7 4
8 9
9 10
10 19
11 20
12 21
13 11
14 14
15 6
16 1
17 2
18 22
19 17
20 18
21 3
22 8
SIMILAR

0 17 1 2 6 14 13 21 10 20 7 22 8 5 16 3 15 18 12 4 11 19 9 
0 0
1 2
2 3
3 15
4 19
5 13
6 4
7 10
8 12
9 22
10 8
11 20
12 18
13 6
14 5
15 16
16 14
17 1
18 17
19 21
20 9
21 7
22 11
SIMILAR

18 19 6 10 15 12 5 8 20 21 13 3 1 9 7 22 17 4 2 0 14 11 16 
0 19
1 12
2 18
3 11
4 17
5 6
6 2
7 14
8 7
9 13
10 3
11 21
12 5
13 10
14 20
15 4
16 22
17 16
18 0
19 1
20 8
21 9
22 15
SIMILAR

10 15 6 17 12 2 13 9 20 21 1 0 4 11 14 3 5 7 18 16 8 22 19 
0 11
1 10
2 5
3 15
4 12
5 16
6 2
7 17
8 20
9 7
10 0
11 13
12 4
13 6
14 14
15 1
16 19
17 3
18 18
19 22
20 8
21 9
22 21
SIMILAR

11 18 13 14 4 9 5 7 12 22 6 10 15 3 17 1 19 8 16 21 2 20 0 
0 22
1 15
2 20
3 13
4 4
5 6
6 10
7 7
8 17
9 5
10 11
11 0
12 8
13 2
14 3
15 12
16 18
17 14
18 1
19 16
20 21
21 19
22 9
SIMILAR

21 15 12 11 2 22 0 6 13 3 18 17 16 14 9 20 10 19 8 1 4 5 7 
0 6
1 19
2 4
3 9
4 20
5 21
6 7
7 22
8 18
9 14
10 16
11 3
12 2
13 8
14 13
15 1
16 12
17 11
18 10
19 17
20 15
21 0
22 5
SIMILAR

10 6 8 5 4 0 15 11 18 2 14 19 13 17 1 21 12 7 16 20 3 22 9 
0 5
1 14
2 9
3 20
4 4
5 3
6 1
7 17
8 2
9 22
10 0
11 7
12 16
13 12
14 10
15 6
16 18
17 13
18 8
19 11
20 19
21 15
22 21
SIMILAR

22 16 17 4 12 3 2 0 14 1 19 8 20 10 21 18 7 13 6 15 9 5 11 
0 7
1 9
2 6
3 5
4 3
5 21
6 18
7 16
8 11
9 20
10 13
11 22
12 4
13 17
14 8
15 19
16 1
17 2
18 15
19 10
20 12
21 14
22 0
SIMILAR

6 17 11 20 4 3 9 16 15 1 7 8 0 5 2 18 19 21 10 14 13 12 22 
0 12
1 9
2 14
3 5
4 4
5 13
6 0
7 10
8 11
9 6
10 18
11 2
12 21
13 20
14 19
15 8
16 7
17 1
18 15
19 16
20 3
21 17
22 22
SIMILAR

2 3 4 7 22 15 19 14 17 1 20 18 6 5 9 12 21 16 8 11 0 13 10 
0 20
1 9
2 0
3 1
4 2
5 13
6 12
7 3
8 18
9 14
10 22
11 19
12 15
13 21
14 7
15 5
16 17
17 8
18 11
19 6
20 10
21 16
22 4
SIMILAR

4 8 15 20 1 6 19 9 3 22 5 0 14 16 11 13 2 17 12 7 10 21 18 
0 11
1 4
2 16
3 8
4 0
5 10
6 5
7 19
8 1
9 7
10 20
11 14
12 18
13 15
14 12
15 2
16 13
17 17
18 22
19 6
20 3
21 21
22 9
SIMILAR

7 15 17 11 5 0 19 1 3 21 8 4 16 22 12 14 18 13 20 10 9 6 2 
0 5
1 7
2 22
3 8
4 11
5 4
6 21
7 0
8 10
9 20
10 19
11 3
12 14
13 17
14 15
15 1
16 12
17 2
18 16
19 6
20 18
21 9
22 13
SIMILAR

18 1 9 5 16 19 17 13 21 10 3 22 4 7 20 12 14 0 6 2 8 11 15 
0 17
1 1
2 19
3 10
4 12
5 3
6 18
7 13
8 20
9 2
10 9
11 21
12 15
13 7
14 16
15 22
16 4
17 6
18 0
19 5
20 14
21 8
22 11
SIMILAR

22 5 1 16 3 10 20 9 8 2 6 13 7 17 11 4 14 0 21 12 15 19 18 
0 17
1 2
2 9
3 4
4 15
5 1
6 10
7 12
8 8
9 7
10 5
11 14
12 19
13 11
14 16
15 20
16 3
17 13
18 22
19 21
20 6
21 18
22 0
SIMILAR

0 20 1 5 3 6 10 12 19 4 15 9 13 14 22 2 7 18 17 16 11 21 8 
0 0
1 2
2 15
3 4
4 9
5 3
6 5
7 16
8 22
9 11
10 6
11 20
12 7
13 12
14 13
15 10
16 19
17 18
18 17
19 8
20 1
21 21
22 14
SIMILAR

0 8 17 6 10 13 14 11 18 7 3 19 9 2 16 12 20 21 1 4 15 22 5 
0 0
1 18
2 13
3 10
4 19
5 22
6 3
7 9
8 1
9 12
10 4
11 7
12 15
13 5
14 6
15 20
16 14
17 2
18 8
19 11
20 16
21 17
22 21
SIMILAR

18 17 0 22 11 6 12 7 21 14 3 4 19 13 9 10 20 5 8 16 15 2 1 
0 2
1 22
2 21
3 10
4 11
5 17
6 5
7 7
8 18
9 14
10 15
11 4
12 6
13 13
14 9
15 20
16 19
17 1
18 0
19 12
20 16
21 8
22 3
SIMILAR

1 14 15 0 3 2 12 20 19 4 5 18 9 11 22 8 21 7 17 10 13 16 6 
0 3
1 0
2 5
3 4
4 9
5 10
6 22
7 17
8 15
9 12
10 19
11 13
12 6
13 20
14 1
15 2
16 21
17 18
18 11
19 8
20 7
21 16
22 14
SIMILAR

12 8 18 13 14 16 21 6 11 10 17 3 22 0 4 7 1 5 2 20 15 19 9 
0 13
1 16
2 18
3 11
4 14
5 17
6 7
7 15
8 1
9 22
10 9
11 8
12 0
13 3
14 4
15 20
16 5
17 10
18 2
19 21
20 19
21 6
22 12
SIMILAR

5 18 19 17 4 3 21 16 14 0 8 6 22 1 2 15 20 13 9 7 11 12 10 
0 9
1 13
2 14
3 5
4 4
5 0
6 11
7 19
8 10
9 18
10 22
11 20
12 21
13 17
14 8
15 15
16 7
17 3
18 1
19 2
20 16
21 6
22 12
SIMILAR

18 13 21 16 5 12 15 0 20 9 10 1 2 8 11 22 14 6 4 19 3 7 17 
0 7
1 11
2 12
3 20
4 18
5 4
6 17
7 21
8 13
9 9
10 10
11 14
12 5
13 1
14 16
15 6
16 3
17 22
18 0
19 19
20 8
21 2
22 15
SIMILAR

16 11 2 9 0 3 20 15 22 10 12 6 21 14 13 17 7 1 5 8 4 18 19 
0 4
1 17
2 2
3 5
4 20
5 18
6 11
7 16
8 19
9 3
10 9
11 1
12 10
13 14
14 13
15 7
16 0
17 15
18 21
19 22
20 6
21 12
22 8
SIMILAR

12 20 6 16 0 10 14 8 17 4 7 3 9 5 2 15 19 11 18 13 22 1 21 
0 4
1 21
2 14
3 11
4 9
5 13
6 2
7 10
8 7
9 12
10 5
11 17
12 0
13 19
14 6
15 15
16 3
17 8
18 18
19 16
20 1
21 22
22 20
SIMILAR

11 2 12 15 18 6 19 5 8 14 22 21 10 7 1 17 16 13 0 9 4 3 20 
0 18
1 14
2 1
3 21
4 20
5 7
6 5
7 13
8 8
9 19
10 12
11 0
12 2
13 17
14 9
15 3
16 16
17 15
18 4
19 6
20 22
21 11
22 10
SIMILAR

13 9 19 20 11 21 4 16 5 0 8 14 18 7 10 12 15 3 2 17 22 6 1 
0 9
1 22
2 18
3 17
4 6
5 8
6 21
7 13
8 10
9 1
10 14
11 4
12 15
13 0
14 11
15 16
16 7
17 19
18 12
19 2
20 3
21 5
22 20
SIMILAR

5 22 1 20 12 6 21 17 19 7 2 10 8 15 4 16 0 9 13 14 11 3 18 
0 16
1 2
2 10
3 21
4 14
5 0
6 5
7 9
8 12
9 17
10 11
11 20
12 4
13 18
14 19
15 13
16 15
17 7
18 22
19 8
20 3
21 6
22 1
SIMILAR

7 16 1 20 9 17 18 5 4 12 6 11 3 14 21 0 22 8 19 15 10 13 2 
0 15
1 2
2 22
3 12
4 8
5 7
6 10
7 0
8 17
9 4
10 20
11 11
12 9
13 21
14 13
15 19
16 1
17 5
18 6
19 18
20 3
21 14
22 16
SIMILAR

18 6 15 8 1 3 11 22 5 9 17 7 20 16 0 10 14 12 4 21 19 2 13 
0 14
1 4
2 21
3 5
4 18
5 8
6 1
7 11
8 3
9 9
10 15
11 6
12 17
13 22
14 16
15 2
16 13
17 10
18 0
19 20
20 12
21 19
22 7
SIMILAR

20 14 5 9 19 2 21 6 11 16 7 15 17 13 4 3 1 18 12 10 0 22 8 
0 20
1 16
2 5
3 15
4 14
5 2
6 7
7 10
8 22
9 3
10 19
11 8
12 18
13 13
14 1
15 11
16 9
17 12
18 17
19 4
20 0
21 6
22 21
SIMILAR

14 12 13 17 22 16 15 9 19 3 6 0 2 7 21 1 10 8 5 18 11 20 4 
0 11
1 15
2 12
3 9
4 22
5 18
6 10
7 13
8 17
9 7
10 16
11 20
12 1
13 2
14 0
15 6
16 5
17 3
18 19
19 8
20 21
21 14
22 4
SIMILAR

4 22 10 18 17 16 20 15 1 14 11 5 12 21 6 9 7 0 2 13 19 3 8 
0 17
1 8
2 18
3 21
4 0
5 11
6 14
7 16
8 22
9 15
10 2
11 10
12 12
13 19
14 9
15 7
16 5
17 4
18 3
19 20
20 6
21 13
22 1
SIMILAR

11 5 4 2 0 17 8 15 1 13 19 7 20 3 12 10 21 16 22 18 14 6 9 
0 4
1 8
2 3
3 13
4 2
5 1
6 21
7 11
8 6
9 22
10 15
11 0
12 14
13 9
14 20
15 7
16 17
17 5
18 19
19 10
20 12
21 16
22 18
SIMILAR

3 14 7 19 8 9 12 16 15 18 21 22 6 2 17 4 20 0 5 13 11 10 1 
0 17
1 22
2 13
3 0
4 15
5 18
6 12
7 2
8 4
9 5
10 21
11 20
12 6
13 19
14 1
15 8
16 7
17 14
18 9
19 3
20 16
21 10
22 11
SIMILAR

9 16 17 18 7 0 21 12 8 4 1 22 3 11 5 10 20 15 14 6 13 19 2 
0 5
1 10
2 22
3 12
4 9
5 14
6 19
7 4
8 8
9 0
10 15
11 13
12 7
13 20
14 18
15 17
16 1
17 2
18 3
19 21
20 16
21 6
22 11
SIMILAR

8 3 21 1 5 17 0 4 11 15 14 6 7 9 13 18 19 16 22 10 20 2 12 
0 6
1 3
2 21
3 1
4 7
5 4
6 11
7 12
8 0
9 13
10 19
11 8
12 22
13 14
14 10
15 9
16 17
17 5
18 15
19 16
20 20
21 2
22 18
SIMILAR

3 10 4 6 14 21 2 1 12 22 11 16 13 15 8 17 9 20 19 7 18 5 0 
0 22
1 7
2 6
3 0
4 2
5 21
6 3
7 19
8 14
9 16
10 1
11 10
12 8
13 12
14 4
15 13
16 11
17 15
18 20
19 18
20 17
21 5
22 9
SIMILAR

4 0 13 11 9 3 14 16 8 15 22 7 12 20 1 17 10 19 21 2 6 5 18 
0 1
1 14
2 19
3 5
4 0
5 21
6 20
7 11
8 8
9 4
10 16
11 3
12 12
13 2
14 6
15 9
16 7
17 15
18 22
19 17
20 13
21 18
22 10
SIMILAR

0 13 3 6 16 2 5 8 1 18 19 10 17 22 11 14 4 9 21 12 15 7 20 
0 0
1 8
2 5
3 2
4 16
5 6
6 3
7 21
8 7
9 17
10 11
11 14
12 19
13 1
14 15
15 20
16 4
17 12
18 9
19 10
20 22
21 18
22 13
SIMILAR

12 19 1 17 9 6 18 10 5 15 11 7 4 22 16 2 3 20 8 13 14 21 0 
0 22
1 2
2 15
3 16
4 12
5 8
6 5
7 11
8 18
9 4
10 7
11 10
12 0
13 19
14 20
15 9
16 14
17 3
18 6
19 1
20 17
21 21
22 13
SIMILAR

14 5 11 2 18 8 6 21 9 0 10 4 20 15 17 19 12 13 22 1 3 7 16 
0 9
1 19
2 3
3 20
4 11
5 1
6 6
7 21
8 5
9 8
10 10
11 2
12 16
13 17
14 0
15 13
16 22
17 14
18 4
19 15
20 12
21 7
22 18
SIMILAR

10 22 0 13 8 5 9 15 12 19 1 20 11 7 21 6 16 3 4 17 2 14 18 
0 2
1 10
2 20
3 17
4 18
5 5
6 15
7 13
8 4
9 6
10 0
11 12
12 8
13 3
14 21
15 7
16 16
17 19
18 22
19 9
20 11
21 14
22 1
SIMILAR

3 2 1 0 12 11 9 21 19 14 18 10 4 20 22 6 17 13 16 7 15 5 8 
0 3
1 2
2 1
3 0
4 12
5 21
6 15
7 19
8 22
9 6
10 11
11 5
12 4
13 17
14 9
15 20
16 18
17 16
18 10
19 8
20 13
21 7
22 14
SIMILAR

9 0 22 21 12 17 16 19 4 15 3 13 8 2 10 18 5 6 11 20 7 1 14 
0 1
1 21
2 13
3 10
4 8
5 16
6 17
7 20
8 12
9 0
10 14
11 18
12 4
13 11
14 22
15 9
16 6
17 5
18 15
19 7
20 19
21 3
22 2
SIMILAR

7 13 16 14 15 5 19 17 0 3 10 6 9 21 8 11 2 1 20 4 12 22 18 
0 8
1 17
2 16
3 9
4 19
5 5
6 11
7 0
8 14
9 12
10 10
11 15
12 20
13 1
14 3
15 4
16 2
17 7
18 22
19 6
20 18
21 13
22 21
SIMILAR

14 13 6 9 1 4 7 22 10 3 16 15 20 18 17 19 8 0 12 11 2 21 5 
0 17
1 4
2 20
3 9
4 5
5 22
6 2
7 6
8 16
9 3
10 8
11 19
12 18
13 1
14 0
15 11
16 10
17 14
18 13
19 15
20 12
21 21
22 7
SIMILAR

9 7 5 8 2 16 6 3 13 22 10 0 19 11 1 17 21 4 20 12 18 15 14 
0 11
1 14
2 4
3 7
4 17
5 2
6 6
7 1
8 3
9 0
10 10
11 13
12 19
13 8
14 22
15 21
16 5
17 15
18 20
19 12
20 18
21 16
22 9
SIMILAR
100 0
6600 0
196600 0
