27
0 1 0 1 0 0 0 0 1 0 0 0 1 0 1 1 1 0 1 1 1 0 1 0 1 1 1 
1 0 0 1 0 0 0 0 1 1 0 0 0 1 0 1 0 0 1 1 1 1 1 0 1 1 0 
0 0 0 0 1 0 0 0 0 0 1 0 0 1 0 0 0 1 1 1 1 1 0 0 0 0 1 
1 1 0 0 1 0 0 1 1 0 0 1 1 1 0 1 1 0 0 1 1 0 0 0 0 1 1 
0 0 1 1 0 0 0 1 1 0 1 0 0 0 0 0 0 0 1 1 1 1 1 1 0 0 0 
0 0 0 0 0 0 1 0 0 1 1 1 1 1 0 1 0 0 1 1 1 0 0 1 0 0 0 
0 0 0 0 0 1 0 0 0 1 0 0 0 1 1 0 1 1 0 0 0 0 0 1 0 1 1 
0 0 0 1 1 0 0 0 1 1 0 1 0 0 0 1 1 1 1 0 0 0 1 0 1 1 0 
1 1 0 1 1 0 0 1 0 1 0 1 0 1 0 1 1 0 1 0 1 1 0 0 1 0 1 
0 1 0 0 0 1 1 1 1 0 1 1 0 0 1 1 1 0 0 0 1 1 0 0 1 1 0 
0 0 1 0 1 1 0 0 0 1 0 1 0 0 1 1 1 1 0 1 0 0 0 0 1 1 0 
0 0 0 1 0 1 0 1 1 1 1 0 1 0 1 0 0 0 0 1 0 1 0 1 0 1 0 
1 0 0 1 0 1 0 0 0 0 0 1 0 1 0 0 1 0 1 1 0 1 1 1 1 1 0 
0 1 1 1 0 1 1 0 1 0 0 0 1 0 0 0 0 1 0 0 0 1 1 1 0 0 1 
1 0 0 0 0 0 1 0 0 1 1 1 0 0 0 0 1 1 1 1 1 1 0 0 0 0 0 
1 1 0 1 0 1 0 1 1 1 1 0 0 0 0 0 0 0 1 1 1 0 1 1 0 0 1 
1 0 0 1 0 0 1 1 1 1 1 0 1 0 1 0 0 1 1 1 0 0 0 0 0 0 0 
0 0 1 0 0 0 1 1 0 0 1 0 0 1 1 0 1 0 0 1 0 1 1 1 0 0 1 
1 1 1 0 1 1 0 1 1 0 0 0 1 0 1 1 1 0 0 1 1 0 1 0 0 1 0 
1 1 1 1 1 1 0 0 0 0 1 1 1 0 1 1 1 1 1 0 0 1 1 1 1 1 1 
1 1 1 1 1 1 0 0 1 1 0 0 0 0 1 1 0 0 1 0 0 1 0 0 0 0 1 
0 1 1 0 1 0 0 0 1 1 0 1 1 1 1 0 0 1 0 1 1 0 0 0 1 1 0 
1 1 0 0 1 0 0 1 0 0 0 0 1 1 0 1 0 1 1 1 0 0 0 1 0 0 0 
0 0 0 0 1 1 1 0 0 0 0 1 1 1 0 1 0 1 0 1 0 0 1 0 1 1 0 
1 1 0 0 0 0 0 1 1 1 1 0 1 0 0 0 0 0 0 1 0 1 0 1 0 0 1 
1 1 0 1 0 0 1 1 0 1 1 1 1 0 0 0 0 0 1 1 0 1 0 1 0 0 1 
1 0 1 1 0 0 1 0 1 0 0 0 0 1 0 1 0 1 0 1 1 0 0 0 1 1 0 

19 3 26 13 18 16 22 12 21 24 10 15 4 23 20 25 2 7 1 6 0 9 17 8 11 14 5 
0 20
1 18
2 16
3 1
4 12
5 26
6 19
7 17
8 23
9 21
10 10
11 24
12 7
13 3
14 25
15 11
16 5
17 22
18 4
19 0
20 14
21 8
22 6
23 13
24 9
25 15
26 2
SIMILAR

22 8 7 10 16 11 5 4 1 14 2 24 13 9 15 25 18 0 26 3 20 12 21 17 19 6 23 
0 17
1 8
2 10
3 19
4 7
5 6
6 25
7 2
8 1
9 13
10 3
11 5
12 21
13 12
14 9
15 14
16 4
17 23
18 16
19 24
20 20
21 22
22 0
23 26
24 11
25 15
26 18
SIMILAR

13 10 12 19 1 22 7 4 3 16 26 18 25 6 15 14 5 24 2 9 11 17 8 23 20 0 21 
0 25
1 4
2 18
3 8
4 7
5 16
6 13
7 6
8 22
9 19
10 1
11 20
12 2
13 0
14 15
15 14
16 9
17 21
18 11
19 3
20 24
21 26
22 5
23 23
24 17
25 12
26 10
SIMILAR

9 12 21 22 19 7 4 14 20 24 8 23 11 10 3 2 18 5 15 17 0 6 1 13 16 25 26 
0 20
1 22
2 15
3 14
4 6
5 17
6 21
7 5
8 10
9 0
10 13
11 12
12 1
13 23
14 7
15 18
16 24
17 19
18 16
19 4
20 8
21 2
22 3
23 11
24 9
25 25
26 26
SIMILAR

24 1 22 0 7 21 15 14 13 20 5 6 16 8 10 19 11 3 23 26 25 12 18 9 2 4 17 
0 3
1 1
2 24
3 17
4 25
5 10
6 11
7 4
8 13
9 23
10 14
11 16
12 21
13 8
14 7
15 6
16 12
17 26
18 22
19 15
20 9
21 5
22 2
23 18
24 0
25 20
26 19
SIMILAR

15 5 26 14 24 6 21 9 13 3 22 17 20 8 11 19 4 1 18 23 12 25 7 10 16 2 0 
0 26
1 17
2 25
3 9
4 16
5 1
6 5
7 22
8 13
9 7
10 23
11 14
12 20
13 8
14 3
15 0
16 24
17 11
18 18
19 15
20 12
21 6
22 10
23 19
24 4
25 21
26 2
SIMILAR

19 16 3 11 4 15 14 17 1 6 2 20 26 8 9 13 7 12 21 25 0 22 24 18 23 10 5 
0 20
1 8
2 10
3 2
4 4
5 26
6 9
7 16
8 13
9 14
10 25
11 3
12 17
13 15
14 6
15 5
16 1
17 7
18 23
19 0
20 11
21 18
22 21
23 24
24 22
25 19
26 12
SIMILAR

1 15 26 11 20 12 25 8 13 14 16 5 4 22 17 2 24 10 19 18 3 0 21 7 23 9 6 
0 21
1 0
2 15
3 20
4 12
5 11
6 26
7 23
8 7
9 25
10 17
11 3
12 5
13 8
14 9
15 1
16 10
17 14
18 19
19 18
20 4
21 22
22 13
23 24
24 16
25 6
26 2
SIMILAR

18 5 25 9 22 8 24 7 4 3 17 19 14 1 23 6 26 16 13 2 10 0 21 20 11 12 15 
0 21
1 13
2 19
3 9
4 8
5 1
6 15
7 7
8 5
9 3
10 20
11 24
12 25
13 18
14 12
15 26
16 17
17 10
18 0
19 11
20 23
21 22
22 4
23 14
24 6
25 2
26 16
SIMILAR

1 14 9 25 4 24 7 0 26 8 6 10 18 12 22 2 3 23 13 17 19 16 20 5 15 11 21 
0 7
1 0
2 15
3 16
4 4
5 23
6 10
7 6
8 9
9 2
10 11
11 25
12 13
13 18
14 1
15 24
16 21
17 19
18 12
19 20
20 22
21 26
22 14
23 17
24 5
25 3
26 8
SIMILAR

3 14 6 22 16 5 1 9 15 7 11 8 23 21 17 13 24 10 4 26 2 12 19 18 25 0 20 
0 25
1 6
2 20
3 0
4 18
5 5
6 2
7 9
8 11
9 7
10 17
11 10
12 21
13 15
14 1
15 8
16 4
17 14
18 23
19 22
20 26
21 13
22 3
23 12
24 16
25 24
26 19
SIMILAR

17 21 4 6 8 26 0 16 25 19 11 18 3 24 10 20 13 1 9 7 15 2 12 14 23 5 22 
0 6
1 17
2 21
3 12
4 2
5 25
6 3
7 19
8 4
9 18
10 14
11 10
12 22
13 16
14 23
15 20
16 7
17 0
18 11
19 9
20 15
21 1
22 26
23 24
24 13
25 8
26 5
SIMILAR

12 18 14 1 5 17 25 19 2 20 4 3 13 15 24 22 10 0 9 23 16 6 8 26 11 21 7 
0 17
1 3
2 8
3 11
4 10
5 4
6 21
7 26
8 22
9 18
10 16
11 24
12 0
13 12
14 2
15 13
16 20
17 5
18 1
19 7
20 9
21 25
22 15
23 19
24 14
25 6
26 23
SIMILAR

25 11 1 12 7 10 3 16 5 8 0 9 22 15 21 20 13 14 26 23 19 6 17 18 2 24 4 
0 10
1 2
2 24
3 6
4 26
5 8
6 21
7 4
8 9
9 11
10 5
11 1
12 3
13 16
14 17
15 13
16 7
17 22
18 23
19 20
20 15
21 14
22 12
23 19
24 25
25 0
26 18
SIMILAR

24 25 1 10 23 16 11 3 4 17 8 20 6 9 15 14 7 0 26 19 12 13 22 18 2 21 5 
0 17
1 2
2 24
3 7
4 8
5 26
6 12
7 16
8 10
9 13
10 3
11 6
12 20
13 21
14 15
15 14
16 5
17 9
18 23
19 19
20 11
21 25
22 22
23 4
24 0
25 1
26 18
SIMILAR

10 7 15 6 9 17 0 8 19 13 3 12 22 20 11 5 26 25 2 14 16 21 24 1 4 23 18 
0 6
1 23
2 18
3 10
4 24
5 15
6 3
7 1
8 7
9 4
10 0
11 14
12 11
13 9
14 19
15 2
16 20
17 5
18 26
19 8
20 13
21 21
22 12
23 25
24 22
25 17
26 16
SIMILAR

22 13 3 23 9 26 2 21 24 18 10 11 8 20 14 0 19 25 17 7 5 6 4 12 16 15 1 
0 15
1 26
2 6
3 2
4 22
5 20
6 21
7 19
8 12
9 4
10 10
11 11
12 23
13 1
14 14
15 25
16 24
17 18
18 9
19 16
20 13
21 7
22 0
23 3
24 8
25 17
26 5
SIMILAR

16 7 26 8 1 19 12 9 22 25 17 18 10 6 23 14 21 0 13 5 24 20 15 2 4 3 11 
0 17
1 4
2 23
3 25
4 24
5 19
6 13
7 1
8 3
9 7
10 12
11 26
12 6
13 18
14 15
15 22
16 0
17 10
18 11
19 5
20 21
21 16
22 8
23 14
24 20
25 9
26 2
SIMILAR

0 11 20 23 2 4 7 17 21 24 3 26 6 13 12 1 18 19 15 5 14 25 16 22 10 9 8 
0 0
1 15
2 4
3 10
4 5
5 19
6 12
7 6
8 26
9 25
10 24
11 1
12 14
13 13
14 20
15 18
16 22
17 7
18 16
19 17
20 2
21 8
22 23
23 3
24 9
25 21
26 11
SIMILAR

0 15 14 21 23 11 7 16 5 18 25 1 10 24 4 3 26 6 13 20 8 22 12 9 2 19 17 
0 0
1 11
2 24
3 15
4 14
5 8
6 17
7 6
8 20
9 23
10 12
11 5
12 22
13 18
14 2
15 1
16 7
17 26
18 9
19 25
20 19
21 3
22 21
23 4
24 13
25 10
26 16
SIMILAR

16 24 18 0 9 11 25 14 5 12 22 23 17 10 3 6 1 8 21 20 4 19 13 2 15 7 26 
0 3
1 16
2 23
3 14
4 20
5 8
6 15
7 25
8 17
9 4
10 13
11 5
12 9
13 22
14 7
15 24
16 0
17 12
18 2
19 21
20 19
21 18
22 10
23 11
24 1
25 6
26 26
SIMILAR

16 24 22 0 17 2 20 26 15 23 6 18 8 7 14 5 12 21 3 4 10 11 9 19 13 1 25 
0 3
1 25
2 5
3 18
4 19
5 15
6 10
7 13
8 12
9 22
10 20
11 21
12 16
13 24
14 14
15 8
16 0
17 4
18 11
19 23
20 6
21 17
22 2
23 9
24 1
25 26
26 7
SIMILAR

8 0 4 18 16 25 2 24 22 15 13 11 20 23 17 3 19 6 12 1 10 7 9 21 5 26 14 
0 1
1 19
2 6
3 15
4 2
5 24
6 17
7 21
8 0
9 22
10 20
11 11
12 18
13 10
14 26
15 9
16 4
17 14
18 3
19 16
20 12
21 23
22 8
23 13
24 7
25 5
26 25
SIMILAR

7 22 11 21 17 0 1 6 3 26 2 9 16 12 14 5 19 23 24 4 8 20 18 13 25 15 10 
0 5
1 6
2 10
3 8
4 19
5 15
6 7
7 0
8 20
9 11
10 26
11 2
12 13
13 23
14 14
15 25
16 12
17 4
18 22
19 16
20 21
21 3
22 1
23 17
24 18
25 24
26 9
SIMILAR

14 23 20 8 10 4 17 26 19 25 12 21 2 15 9 0 18 3 1 7 13 5 16 6 24 22 11 
0 15
1 18
2 12
3 17
4 5
5 21
6 23
7 19
8 3
9 14
10 4
11 26
12 10
13 20
14 0
15 13
16 22
17 6
18 16
19 8
20 2
21 11
22 25
23 1
24 24
25 9
26 7
SIMILAR

0 8 9 5 26 3 15 10 7 13 16 4 2 17 21 11 18 24 12 22 20 14 1 23 6 19 25 
0 0
1 22
2 12
3 5
4 11
5 3
6 24
7 8
8 1
9 2
10 7
11 15
12 18
13 9
14 21
15 6
16 10
17 13
18 16
19 25
20 20
21 14
22 19
23 23
24 17
25 26
26 4
SIMILAR

15 19 23 26 17 0 10 1 4 13 21 7 14 9 2 5 25 11 20 16 6 3 24 18 12 8 22 
0 5
1 7
2 14
3 21
4 8
5 15
6 20
7 11
8 25
9 13
10 6
11 17
12 24
13 9
14 12
15 0
16 19
17 4
18 23
19 1
20 18
21 10
22 26
23 2
24 22
25 16
26 3
SIMILAR

13 0 22 8 20 23 11 19 15 24 14 5 17 6 10 26 21 2 4 12 9 1 3 18 7 25 16 
0 1
1 21
2 17
3 22
4 18
5 11
6 13
7 24
8 3
9 20
10 14
11 6
12 19
13 0
14 10
15 8
16 26
17 12
18 23
19 7
20 4
21 16
22 2
23 5
24 9
25 25
26 15
SIMILAR

8 22 11 13 25 26 4 9 12 16 18 23 5 0 17 3 10 1 24 14 21 2 19 20 7 15 6 
0 13
1 17
2 21
3 15
4 6
5 12
6 26
7 24
8 0
9 7
10 16
11 2
12 8
13 3
14 19
15 25
16 9
17 14
18 10
19 22
20 23
21 20
22 1
23 11
24 18
25 4
26 5
SIMILAR

1 19 23 4 6 24 5 2 15 16 10 17 22 25 8 26 18 14 12 11 9 7 13 3 0 20 21 
0 24
1 0
2 7
3 23
4 3
5 6
6 4
7 21
8 14
9 20
10 10
11 19
12 18
13 22
14 17
15 8
16 9
17 11
18 16
19 1
20 25
21 26
22 12
23 2
24 5
25 13
26 15
SIMILAR

12 26 20 25 22 3 8 14 16 18 24 7 6 23 1 2 15 21 0 11 17 5 4 13 9 10 19 
0 18
1 14
2 15
3 5
4 22
5 21
6 12
7 11
8 6
9 24
10 25
11 19
12 0
13 23
14 7
15 16
16 8
17 20
18 9
19 26
20 2
21 17
22 4
23 13
24 10
25 3
26 1
SIMILAR

8 10 7 0 2 22 19 6 26 1 5 23 15 12 20 3 11 13 17 21 14 18 16 9 24 25 4 
0 3
1 9
2 4
3 15
4 26
5 10
6 7
7 2
8 0
9 23
10 1
11 16
12 13
13 17
14 20
15 12
16 22
17 18
18 21
19 6
20 14
21 19
22 5
23 11
24 24
25 25
26 8
SIMILAR

18 2 11 4 20 23 24 15 14 21 0 25 22 1 17 19 7 8 5 3 10 6 26 16 13 9 12 
0 10
1 13
2 1
3 19
4 3
5 18
6 21
7 16
8 17
9 25
10 20
11 2
12 26
13 24
14 8
15 7
16 23
17 14
18 0
19 15
20 4
21 9
22 12
23 5
24 6
25 11
26 22
SIMILAR

25 17 20 10 0 12 3 26 22 19 15 24 7 6 8 4 18 14 23 13 16 11 2 9 21 1 5 
0 4
1 25
2 22
3 6
4 15
5 26
6 13
7 12
8 14
9 23
10 3
11 21
12 5
13 19
14 17
15 10
16 20
17 1
18 16
19 9
20 2
21 24
22 8
23 18
24 11
25 0
26 7
SIMILAR

7 15 8 2 11 25 13 10 17 3 0 9 12 1 21 6 20 4 26 14 24 18 22 5 19 23 16 
0 10
1 13
2 3
3 9
4 17
5 23
6 15
7 0
8 2
9 11
10 7
11 4
12 12
13 6
14 19
15 1
16 26
17 8
18 21
19 24
20 16
21 14
22 22
23 25
24 20
25 5
26 18
SIMILAR

4 23 2 10 18 6 5 8 16 15 9 11 13 25 7 20 0 21 17 26 24 1 14 22 19 12 3 
0 16
1 21
2 2
3 26
4 0
5 6
6 5
7 14
8 7
9 10
10 3
11 11
12 25
13 12
14 22
15 9
16 8
17 18
18 4
19 24
20 15
21 17
22 23
23 1
24 20
25 13
26 19
SIMILAR

2 22 8 15 21 5 20 10 26 23 12 6 13 14 11 7 18 24 4 25 9 3 19 1 16 0 17 
0 25
1 23
2 0
3 21
4 18
5 5
6 11
7 15
8 2
9 20
10 7
11 14
12 10
13 12
14 13
15 3
16 24
17 26
18 16
19 22
20 6
21 4
22 1
23 9
24 17
25 19
26 8
SIMILAR

4 19 12 7 9 2 16 6 26 3 13 25 24 10 15 23 14 22 8 5 11 1 0 17 20 21 18 
0 22
1 21
2 5
3 9
4 0
5 19
6 7
7 3
8 18
9 4
10 13
11 20
12 2
13 10
14 16
15 14
16 6
17 23
18 26
19 1
20 24
21 25
22 17
23 15
24 12
25 11
26 8
SIMILAR

2 24 8 0 21 19 9 23 11 7 5 14 22 17 15 25 12 6 18 3 26 10 16 20 4 1 13 
0 3
1 25
2 0
3 19
4 24
5 10
6 17
7 9
8 2
9 6
10 21
11 8
12 16
13 26
14 11
15 14
16 22
17 13
18 18
19 5
20 23
21 4
22 12
23 7
24 1
25 15
26 20
SIMILAR

10 23 18 8 9 21 16 17 5 1 0 15 20 25 7 14 4 3 6 26 2 12 19 11 13 24 22 
0 10
1 9
2 20
3 17
4 16
5 8
6 18
7 14
8 3
9 4
10 0
11 23
12 21
13 24
14 15
15 11
16 6
17 7
18 2
19 22
20 12
21 5
22 26
23 1
24 25
25 13
26 19
SIMILAR

0 8 11 25 26 21 3 2 19 12 17 1 10 22 15 18 16 14 9 24 13 6 23 5 20 4 7 
0 0
1 11
2 7
3 6
4 25
5 23
6 21
7 26
8 1
9 18
10 12
11 2
12 9
13 20
14 17
15 14
16 16
17 10
18 15
19 8
20 24
21 5
22 13
23 22
24 19
25 3
26 4
SIMILAR

13 7 25 26 9 18 10 24 12 5 15 23 22 1 2 14 4 0 11 16 19 17 8 20 6 3 21 
0 17
1 13
2 14
3 25
4 16
5 9
6 24
7 1
8 22
9 4
10 6
11 18
12 8
13 0
14 15
15 10
16 19
17 21
18 5
19 20
20 23
21 26
22 12
23 11
24 7
25 2
26 3
SIMILAR

2 9 14 4 13 24 1 6 3 23 15 12 0 20 26 7 18 8 5 25 10 21 17 11 16 19 22 
0 12
1 6
2 0
3 8
4 3
5 18
6 7
7 15
8 17
9 1
10 20
11 23
12 11
13 4
14 2
15 10
16 24
17 22
18 16
19 25
20 13
21 21
22 26
23 9
24 5
25 19
26 14
SIMILAR

23 6 16 7 9 3 2 17 12 15 26 24 21 10 4 18 5 0 19 25 20 22 8 14 13 1 11 
0 17
1 25
2 6
3 5
4 14
5 16
6 1
7 3
8 22
9 4
10 13
11 26
12 8
13 24
14 23
15 9
16 2
17 7
18 15
19 18
20 20
21 12
22 21
23 0
24 11
25 19
26 10
SIMILAR

23 18 4 9 15 13 14 17 7 25 2 22 19 6 16 21 20 24 0 1 10 5 3 8 11 12 26 
0 18
1 19
2 10
3 22
4 2
5 21
6 13
7 8
8 23
9 3
10 20
11 24
12 25
13 5
14 6
15 4
16 14
17 7
18 1
19 12
20 16
21 15
22 11
23 0
24 17
25 9
26 26
SIMILAR

26 14 5 11 15 6 3 18 7 23 16 1 0 4 25 17 21 10 20 2 12 19 13 24 8 22 9 
0 12
1 11
2 19
3 6
4 13
5 2
6 5
7 8
8 24
9 26
10 17
11 3
12 20
13 22
14 1
15 4
16 10
17 15
18 7
19 21
20 18
21 16
22 25
23 9
24 23
25 14
26 0
SIMILAR

26 8 22 2 11 15 10 20 7 1 23 0 17 14 12 9 24 6 16 21 18 5 19 3 13 4 25 
0 11
1 9
2 3
3 23
4 25
5 21
6 17
7 8
8 1
9 15
10 6
11 4
12 14
13 24
14 13
15 5
16 18
17 12
18 20
19 22
20 7
21 19
22 2
23 10
24 16
25 26
26 0
SIMILAR

15 10 12 8 18 2 25 4 0 19 3 13 24 22 7 1 5 11 9 26 6 16 17 21 20 23 14 
0 8
1 15
2 5
3 10
4 7
5 16
6 20
7 14
8 3
9 18
10 1
11 17
12 2
13 11
14 26
15 0
16 21
17 22
18 4
19 9
20 24
21 23
22 13
23 25
24 12
25 6
26 19
SIMILAR

7 18 6 15 10 22 25 13 19 17 5 23 14 24 8 21 12 26 11 3 16 20 2 1 4 9 0 
0 26
1 23
2 22
3 19
4 24
5 10
6 2
7 0
8 14
9 25
10 4
11 18
12 16
13 7
14 12
15 3
16 20
17 9
18 1
19 8
20 21
21 15
22 5
23 11
24 13
25 6
26 17
SIMILAR

21 3 16 17 23 1 12 0 24 10 25 13 5 26 8 6 20 11 15 7 9 22 2 14 19 18 4 
0 7
1 5
2 22
3 1
4 26
5 12
6 15
7 19
8 14
9 20
10 9
11 17
12 6
13 11
14 23
15 18
16 2
17 3
18 25
19 24
20 16
21 0
22 21
23 4
24 8
25 10
26 13
SIMILAR

21 7 5 25 3 11 14 24 1 12 23 19 17 26 8 10 4 13 20 2 6 22 16 15 18 9 0 
0 26
1 8
2 19
3 4
4 16
5 2
6 20
7 1
8 14
9 25
10 15
11 5
12 9
13 17
14 6
15 23
16 22
17 12
18 24
19 11
20 18
21 0
22 21
23 10
24 7
25 3
26 13
SIMILAR

5 25 7 24 10 14 22 16 17 15 4 2 1 21 0 13 9 6 11 23 8 20 19 12 18 3 26 
0 14
1 12
2 11
3 25
4 10
5 0
6 17
7 2
8 20
9 16
10 4
11 18
12 23
13 15
14 5
15 9
16 7
17 8
18 24
19 22
20 21
21 13
22 6
23 19
24 3
25 1
26 26
SIMILAR

21 2 9 5 24 19 7 1 25 11 22 13 4 15 14 18 17 12 0 23 6 10 26 3 8 16 20 
0 18
1 7
2 1
3 23
4 12
5 3
6 20
7 6
8 24
9 2
10 21
11 9
12 17
13 11
14 14
15 13
16 25
17 16
18 15
19 5
20 26
21 0
22 10
23 19
24 4
25 8
26 22
SIMILAR

14 0 1 18 15 2 3 12 20 7 23 24 6 9 19 5 16 26 8 4 21 22 10 17 11 13 25 
0 1
1 2
2 5
3 6
4 19
5 15
6 12
7 9
8 18
9 13
10 22
11 24
12 7
13 25
14 0
15 4
16 16
17 23
18 3
19 14
20 8
21 20
22 21
23 10
24 11
25 26
26 17
SIMILAR

15 19 8 0 24 5 26 16 3 6 23 7 9 11 17 22 2 18 14 4 20 1 21 10 12 13 25 
0 3
1 21
2 16
3 8
4 19
5 5
6 9
7 11
8 2
9 12
10 23
11 13
12 24
13 25
14 18
15 0
16 7
17 14
18 17
19 1
20 20
21 22
22 15
23 10
24 4
25 26
26 6
SIMILAR

22 21 24 19 4 8 5 2 26 10 3 15 9 16 14 25 11 18 13 6 0 7 17 1 20 23 12 
0 20
1 23
2 7
3 10
4 4
5 6
6 19
7 21
8 5
9 12
10 9
11 16
12 26
13 18
14 14
15 11
16 13
17 22
18 17
19 3
20 24
21 1
22 0
23 25
24 2
25 15
26 8
SIMILAR

22 21 10 1 23 20 18 13 9 16 4 15 25 14 8 2 17 12 19 0 7 24 3 26 11 5 6 
0 19
1 3
2 15
3 22
4 10
5 25
6 26
7 20
8 14
9 8
10 2
11 24
12 17
13 7
14 13
15 11
16 9
17 16
18 6
19 18
20 5
21 1
22 0
23 4
24 21
25 12
26 23
SIMILAR

4 3 17 2 5 13 16 0 26 22 1 18 6 20 24 21 8 12 23 14 19 11 25 7 10 9 15 
0 7
1 10
2 3
3 1
4 0
5 4
6 12
7 23
8 16
9 25
10 24
11 21
12 17
13 5
14 19
15 26
16 6
17 2
18 11
19 20
20 13
21 15
22 9
23 18
24 14
25 22
26 8
SIMILAR

12 24 17 19 0 26 15 11 25 16 1 14 23 22 6 8 3 20 4 7 18 5 21 2 9 10 13 
0 4
1 10
2 23
3 16
4 18
5 21
6 14
7 19
8 15
9 24
10 25
11 7
12 0
13 26
14 11
15 6
16 9
17 2
18 20
19 3
20 17
21 22
22 13
23 12
24 1
25 8
26 5
SIMILAR

9 13 23 0 10 18 19 11 24 15 26 7 5 2 3 16 14 8 12 25 4 6 17 21 1 22 20 
0 3
1 24
2 13
3 14
4 20
5 12
6 21
7 11
8 17
9 0
10 4
11 7
12 18
13 1
14 16
15 9
16 15
17 22
18 5
19 6
20 26
21 23
22 25
23 2
24 8
25 19
26 10
SIMILAR

20 13 17 6 11 24 2 15 4 8 14 16 21 12 25 7 0 3 9 26 1 5 18 19 23 22 10 
0 16
1 20
2 6
3 17
4 8
5 21
6 3
7 15
8 9
9 18
10 26
11 4
12 13
13 1
14 10
15 7
16 11
17 2
18 22
19 23
20 0
21 12
22 25
23 24
24 5
25 14
26 19
SIMILAR

12 10 3 15 24 9 14 6 26 0 4 13 5 23 2 16 22 18 21 8 11 17 19 20 1 25 7 
0 9
1 24
2 14
3 2
4 10
5 12
6 7
7 26
8 19
9 5
10 1
11 20
12 0
13 11
14 6
15 3
16 15
17 21
18 17
19 22
20 23
21 18
22 16
23 13
24 4
25 25
26 8
SIMILAR

0 8 25 16 19 21 26 18 17 15 11 4 12 20 3 10 22 14 24 9 5 7 13 23 1 6 2 
0 0
1 24
2 26
3 14
4 11
5 20
6 25
7 21
8 1
9 19
10 15
11 10
12 12
13 22
14 17
15 9
16 3
17 8
18 7
19 4
20 13
21 5
22 16
23 23
24 18
25 2
26 6
SIMILAR

7 14 0 4 22 6 21 20 26 17 3 9 10 8 12 13 16 19 1 5 23 25 18 11 15 24 2 
0 2
1 18
2 26
3 10
4 3
5 19
6 5
7 0
8 13
9 11
10 12
11 23
12 14
13 15
14 1
15 24
16 16
17 9
18 22
19 17
20 7
21 6
22 4
23 20
24 25
25 21
26 8
SIMILAR

14 9 3 7 22 25 4 1 12 17 23 8 19 13 10 2 5 18 24 11 6 15 16 26 20 0 21 
0 25
1 7
2 15
3 2
4 6
5 16
6 20
7 3
8 11
9 1
10 14
11 19
12 8
13 13
14 0
15 21
16 22
17 9
18 17
19 12
20 24
21 26
22 4
23 10
24 18
25 5
26 23
SIMILAR

26 1 0 9 16 14 3 22 10 6 8 5 15 23 20 24 7 17 4 13 2 21 18 25 12 11 19 
0 2
1 1
2 20
3 6
4 18
5 11
6 9
7 16
8 10
9 3
10 8
11 25
12 24
13 19
14 5
15 12
16 4
17 17
18 22
19 26
20 14
21 21
22 7
23 13
24 15
25 23
26 0
SIMILAR

24 25 2 8 6 18 7 23 17 16 1 22 10 3 11 19 15 4 12 5 14 13 20 26 0 21 9 
0 24
1 10
2 2
3 13
4 17
5 19
6 4
7 6
8 3
9 26
10 12
11 14
12 18
13 21
14 20
15 16
16 9
17 8
18 5
19 15
20 22
21 25
22 11
23 7
24 0
25 1
26 23
SIMILAR

6 3 20 12 0 5 17 10 19 26 7 9 21 15 16 4 23 22 14 13 2 1 8 11 24 18 25 
0 4
1 21
2 20
3 1
4 15
5 5
6 0
7 10
8 22
9 11
10 7
11 23
12 3
13 19
14 18
15 13
16 14
17 6
18 25
19 8
20 2
21 12
22 17
23 16
24 24
25 26
26 9
SIMILAR

3 0 19 16 22 2 23 10 26 25 9 14 1 20 13 7 17 15 5 11 18 6 24 8 4 12 21 
0 1
1 12
2 5
3 0
4 24
5 18
6 21
7 15
8 23
9 10
10 7
11 19
12 25
13 14
14 11
15 17
16 3
17 16
18 20
19 2
20 13
21 26
22 4
23 6
24 22
25 9
26 8
SIMILAR

19 26 17 21 6 13 0 12 7 16 8 18 24 3 1 11 23 25 15 2 5 20 22 14 9 4 10 
0 6
1 14
2 19
3 13
4 25
5 20
6 4
7 8
8 10
9 24
10 26
11 15
12 7
13 5
14 23
15 18
16 9
17 2
18 11
19 0
20 21
21 3
22 22
23 16
24 12
25 17
26 1
SIMILAR

15 11 14 13 19 23 0 17 25 21 8 3 16 2 18 10 6 1 9 12 7 24 4 20 26 22 5 
0 6
1 17
2 13
3 11
4 22
5 26
6 16
7 20
8 10
9 18
10 15
11 1
12 19
13 3
14 2
15 0
16 12
17 7
18 14
19 4
20 23
21 9
22 25
23 5
24 21
25 8
26 24
SIMILAR

1 18 22 17 4 13 6 25 20 5 19 8 14 10 26 7 3 15 24 16 9 11 23 0 2 21 12 
0 23
1 0
2 24
3 16
4 4
5 9
6 6
7 15
8 11
9 20
10 13
11 21
12 26
13 5
14 12
15 17
16 19
17 3
18 1
19 10
20 8
21 25
22 2
23 22
24 18
25 7
26 14
SIMILAR

25 2 23 16 11 13 10 18 12 4 5 19 26 1 0 24 17 9 3 20 14 21 22 15 6 7 8 
0 14
1 13
2 1
3 18
4 9
5 10
6 24
7 25
8 26
9 17
10 6
11 4
12 8
13 5
14 20
15 23
16 3
17 16
18 7
19 11
20 19
21 21
22 22
23 2
24 15
25 0
26 12
SIMILAR

25 22 1 10 7 9 13 5 26 24 2 16 18 19 21 6 12 3 17 8 14 4 0 15 23 20 11 
0 22
1 2
2 10
3 17
4 21
5 7
6 15
7 4
8 19
9 5
10 3
11 26
12 16
13 6
14 20
15 23
16 11
17 18
18 12
19 13
20 25
21 14
22 1
23 24
24 9
25 0
26 8
SIMILAR

1 5 0 8 9 18 16 2 14 3 23 25 24 11 15 19 12 21 6 17 20 10 22 7 4 26 13 
0 2
1 0
2 7
3 9
4 24
5 1
6 18
7 23
8 3
9 4
10 21
11 13
12 16
13 26
14 8
15 14
16 6
17 19
18 5
19 15
20 20
21 17
22 22
23 10
24 12
25 11
26 25
SIMILAR

20 16 13 4 21 22 15 19 12 1 25 6 8 5 17 23 11 3 26 7 9 14 18 24 2 10 0 
0 26
1 9
2 24
3 17
4 3
5 13
6 11
7 19
8 12
9 20
10 25
11 16
12 8
13 2
14 21
15 6
16 1
17 14
18 22
19 7
20 0
21 4
22 5
23 15
24 23
25 10
26 18
SIMILAR

5 2 13 10 24 3 0 12 20 1 4 6 8 7 15 11 23 17 25 21 16 18 14 26 22 9 19 
0 6
1 9
2 1
3 5
4 10
5 0
6 11
7 13
8 12
9 25
10 3
11 15
12 7
13 2
14 22
15 14
16 20
17 17
18 21
19 26
20 8
21 19
22 24
23 16
24 4
25 18
26 23
SIMILAR

3 22 5 26 19 10 2 1 7 12 11 17 24 0 14 25 18 21 15 13 9 6 16 23 20 8 4 
0 13
1 7
2 6
3 0
4 26
5 2
6 21
7 8
8 25
9 20
10 5
11 10
12 9
13 19
14 14
15 18
16 22
17 11
18 16
19 4
20 24
21 17
22 1
23 23
24 12
25 15
26 3
SIMILAR

1 13 4 0 11 17 14 3 2 24 10 20 26 19 7 6 18 21 9 25 15 22 5 16 12 8 23 
0 3
1 0
2 8
3 7
4 2
5 22
6 15
7 14
8 25
9 18
10 10
11 4
12 24
13 1
14 6
15 20
16 23
17 5
18 16
19 13
20 11
21 17
22 21
23 26
24 9
25 19
26 12
SIMILAR

10 6 1 16 21 22 4 13 14 23 20 24 0 9 17 15 19 12 5 18 3 7 26 11 8 25 2 
0 12
1 2
2 26
3 20
4 6
5 18
6 1
7 21
8 24
9 13
10 0
11 23
12 17
13 7
14 8
15 15
16 3
17 14
18 19
19 16
20 10
21 4
22 5
23 9
24 11
25 25
26 22
SIMILAR

11 24 7 17 14 21 10 3 19 12 2 6 18 20 15 22 4 23 5 8 16 26 9 0 13 25 1 
0 23
1 26
2 10
3 7
4 16
5 18
6 11
7 2
8 19
9 22
10 6
11 0
12 9
13 24
14 4
15 14
16 20
17 3
18 12
19 8
20 13
21 5
22 15
23 17
24 1
25 25
26 21
SIMILAR

1 8 25 17 16 26 12 24 14 6 13 21 2 9 3 11 20 18 4 19 22 0 23 10 5 7 15 
0 21
1 0
2 12
3 14
4 18
5 24
6 9
7 25
8 1
9 13
10 23
11 15
12 6
13 10
14 8
15 26
16 4
17 3
18 17
19 19
20 16
21 11
22 20
23 22
24 7
25 2
26 5
SIMILAR

8 21 23 4 1 10 26 16 6 19 24 18 2 13 11 5 25 7 15 12 0 3 17 9 20 22 14 
0 20
1 4
2 12
3 21
4 3
5 15
6 8
7 17
8 0
9 23
10 5
11 14
12 19
13 13
14 26
15 18
16 7
17 22
18 11
19 9
20 24
21 1
22 25
23 2
24 10
25 16
26 6
SIMILAR

10 3 4 6 22 23 21 7 17 18 11 0 25 8 5 19 14 24 20 12 16 9 1 15 2 13 26 
0 11
1 22
2 24
3 1
4 2
5 14
6 3
7 7
8 13
9 21
10 0
11 10
12 19
13 25
14 16
15 23
16 20
17 8
18 9
19 15
20 18
21 6
22 4
23 5
24 17
25 12
26 26
SIMILAR

2 26 17 22 7 1 13 10 8 15 21 9 5 20 19 6 0 18 25 23 16 4 11 14 24 12 3 
0 16
1 5
2 0
3 26
4 21
5 12
6 15
7 4
8 8
9 11
10 7
11 22
12 25
13 6
14 23
15 9
16 20
17 2
18 17
19 14
20 13
21 10
22 3
23 19
24 24
25 18
26 1
SIMILAR

3 4 24 23 16 0 22 12 10 13 18 20 14 17 8 9 1 5 11 25 2 21 7 19 26 6 15 
0 5
1 16
2 20
3 0
4 1
5 17
6 25
7 22
8 14
9 15
10 8
11 18
12 7
13 9
14 12
15 26
16 4
17 13
18 10
19 23
20 11
21 21
22 6
23 3
24 2
25 19
26 24
SIMILAR

6 18 24 21 26 7 23 2 13 10 0 25 3 16 20 4 17 22 9 8 14 19 15 12 1 11 5 
0 10
1 24
2 7
3 12
4 15
5 26
6 0
7 5
8 19
9 18
10 9
11 25
12 23
13 8
14 20
15 22
16 13
17 16
18 1
19 21
20 14
21 3
22 17
23 6
24 2
25 11
26 4
SIMILAR

2 16 7 0 12 13 15 19 1 10 25 20 3 26 17 22 21 5 11 8 18 24 4 14 6 23 9 
0 3
1 8
2 0
3 12
4 22
5 17
6 24
7 2
8 19
9 26
10 9
11 18
12 4
13 5
14 23
15 6
16 1
17 14
18 20
19 7
20 11
21 16
22 15
23 25
24 21
25 10
26 13
SIMILAR

2 9 16 7 25 10 17 22 0 26 21 24 11 18 5 12 15 13 1 8 20 4 3 6 19 23 14 
0 8
1 18
2 0
3 22
4 21
5 14
6 23
7 3
8 19
9 1
10 5
11 12
12 15
13 17
14 26
15 16
16 2
17 6
18 13
19 24
20 20
21 10
22 7
23 25
24 11
25 4
26 9
SIMILAR

8 12 20 5 17 23 21 10 0 26 1 16 7 18 14 4 11 9 22 13 19 2 3 24 6 25 15 
0 8
1 10
2 21
3 22
4 15
5 3
6 24
7 12
8 0
9 17
10 7
11 16
12 1
13 19
14 14
15 26
16 11
17 4
18 13
19 20
20 2
21 6
22 18
23 5
24 23
25 25
26 9
SIMILAR

0 10 18 13 17 26 6 9 4 5 16 24 3 8 23 22 25 12 20 7 21 2 14 19 1 15 11 
0 0
1 24
2 21
3 12
4 8
5 9
6 6
7 19
8 13
9 7
10 1
11 26
12 17
13 3
14 22
15 25
16 10
17 4
18 2
19 23
20 18
21 20
22 15
23 14
24 11
25 16
26 5
SIMILAR

21 8 6 1 3 20 13 11 16 23 15 12 0 22 5 17 26 7 10 14 9 24 19 18 2 4 25 
0 12
1 3
2 24
3 4
4 25
5 14
6 2
7 17
8 1
9 20
10 18
11 7
12 11
13 6
14 19
15 10
16 8
17 15
18 23
19 22
20 5
21 0
22 13
23 9
24 21
25 26
26 16
SIMILAR

4 3 23 17 8 7 14 5 11 21 26 20 12 25 13 22 18 2 16 24 19 0 1 6 10 15 9 
0 21
1 22
2 17
3 1
4 0
5 7
6 23
7 5
8 4
9 26
10 24
11 8
12 12
13 14
14 6
15 25
16 18
17 3
18 16
19 20
20 11
21 9
22 15
23 2
24 19
25 13
26 10
SIMILAR

9 4 22 23 16 5 26 15 13 19 18 24 21 20 14 0 1 17 2 8 6 12 11 7 3 25 10 
0 15
1 16
2 18
3 24
4 1
5 5
6 20
7 23
8 19
9 0
10 26
11 22
12 21
13 8
14 14
15 7
16 4
17 17
18 10
19 9
20 13
21 12
22 2
23 3
24 11
25 25
26 6
SIMILAR

7 23 11 13 18 5 17 10 3 15 1 2 19 14 9 6 25 8 20 4 16 21 12 26 0 22 24 
0 24
1 10
2 11
3 8
4 19
5 5
6 15
7 0
8 17
9 14
10 7
11 2
12 22
13 3
14 13
15 9
16 20
17 6
18 4
19 12
20 18
21 21
22 25
23 1
24 26
25 16
26 23
SIMILAR

21 10 26 16 12 19 6 2 14 17 3 23 7 5 1 25 8 4 13 11 9 22 24 18 15 0 20 
0 25
1 14
2 7
3 10
4 17
5 13
6 6
7 12
8 16
9 20
10 1
11 19
12 4
13 18
14 8
15 24
16 3
17 9
18 23
19 5
20 26
21 0
22 21
23 11
24 22
25 15
26 2
SIMILAR

24 22 1 0 23 9 15 21 16 5 26 10 4 13 20 19 11 12 6 8 7 2 14 3 25 17 18 
0 3
1 2
2 21
3 23
4 12
5 9
6 18
7 20
8 19
9 5
10 11
11 16
12 17
13 13
14 22
15 6
16 8
17 25
18 26
19 15
20 14
21 7
22 1
23 4
24 0
25 24
26 10
SIMILAR

13 17 1 24 16 25 8 12 19 26 21 18 15 20 5 4 3 7 10 6 23 2 9 11 14 22 0 
0 26
1 2
2 21
3 16
4 15
5 14
6 19
7 17
8 6
9 22
10 18
11 23
12 7
13 0
14 24
15 12
16 4
17 1
18 11
19 8
20 13
21 10
22 25
23 20
24 3
25 5
26 9
SIMILAR

7 19 8 15 4 21 0 26 17 12 3 18 13 14 9 5 23 1 20 10 11 25 16 22 6 2 24 
0 6
1 17
2 25
3 10
4 4
5 15
6 24
7 0
8 2
9 14
10 19
11 20
12 9
13 12
14 13
15 3
16 22
17 8
18 11
19 1
20 18
21 5
22 23
23 16
24 26
25 21
26 7
SIMILAR

0 22 14 25 15 10 7 1 5 24 2 26 16 20 12 23 9 4 21 3 13 11 17 6 18 8 19 
0 0
1 7
2 10
3 19
4 17
5 8
6 23
7 6
8 25
9 16
10 5
11 21
12 14
13 20
14 2
15 4
16 12
17 22
18 24
19 26
20 13
21 18
22 1
23 15
24 9
25 3
26 11
SIMILAR
100 0
7000 0
237000 0
