27
0 0 1 1 1 0 1 1 1 1 0 1 0 1 1 0 1 0 1 1 0 0 0 0 0 0 1 
0 0 0 0 0 1 1 1 1 1 0 0 1 0 1 0 0 1 0 0 1 0 0 1 0 0 1 
1 0 0 1 1 0 0 0 0 0 1 0 1 1 0 1 0 1 1 0 0 0 1 0 0 1 0 
1 0 1 0 0 1 0 0 1 1 0 1 1 0 1 0 0 1 1 1 1 0 1 0 1 1 1 
1 0 1 0 0 1 0 0 1 1 0 0 1 1 0 1 1 1 0 1 1 0 1 1 1 1 1 
0 1 0 1 1 0 1 1 1 1 1 1 0 1 0 1 0 0 1 1 0 1 0 1 0 0 0 
1 1 0 0 0 1 0 0 1 1 1 0 1 1 1 0 1 1 1 1 0 0 0 0 0 0 0 
1 1 0 0 0 1 0 0 1 0 0 1 0 0 1 0 0 0 0 1 1 1 0 0 0 0 1 
1 1 0 1 1 1 1 1 0 1 0 1 1 0 1 0 0 1 1 1 1 0 1 0 0 0 0 
1 1 0 1 1 1 1 0 1 0 0 1 1 1 0 1 0 1 1 0 0 0 0 1 1 0 0 
0 0 1 0 0 1 1 0 0 0 0 0 1 0 0 0 1 0 1 0 0 1 1 0 1 0 0 
1 0 0 1 0 1 0 1 1 1 0 0 1 0 0 1 1 1 0 0 0 1 1 1 1 1 1 
0 1 1 1 1 0 1 0 1 1 1 1 0 0 0 0 1 0 0 1 1 0 0 1 1 1 1 
1 0 1 0 1 1 1 0 0 1 0 0 0 0 1 1 1 1 0 0 0 1 1 0 0 1 0 
1 1 0 1 0 0 1 1 1 0 0 0 0 1 0 1 0 0 0 0 0 0 1 1 1 0 1 
0 0 1 0 1 1 0 0 0 1 0 1 0 1 1 0 0 0 1 0 1 0 1 0 0 1 1 
1 0 0 0 1 0 1 0 0 0 1 1 1 1 0 0 0 1 0 0 0 0 0 1 0 0 0 
0 1 1 1 1 0 1 0 1 1 0 1 0 1 0 0 1 0 1 0 0 1 0 1 1 0 1 
1 0 1 1 0 1 1 0 1 1 1 0 0 0 0 1 0 1 0 0 1 1 1 0 1 1 1 
1 0 0 1 1 1 1 1 1 0 0 0 1 0 0 0 0 0 0 0 0 0 1 1 1 1 1 
0 1 0 1 1 0 0 1 1 0 0 0 1 0 0 1 0 0 1 0 0 1 1 0 1 1 0 
0 0 0 0 0 1 0 1 0 0 1 1 0 1 0 0 0 1 1 0 1 0 0 1 1 1 1 
0 0 1 1 1 0 0 0 1 0 1 1 0 1 1 1 0 0 1 1 1 0 0 1 0 0 1 
0 1 0 0 1 1 0 0 0 1 0 1 1 0 1 0 1 1 0 1 0 1 1 0 0 1 0 
0 0 0 1 1 0 0 0 0 1 1 1 1 0 1 0 0 1 1 1 1 1 0 0 0 0 1 
0 0 1 1 1 0 0 0 0 0 0 1 1 1 0 1 0 0 1 1 1 1 0 1 0 0 1 
1 1 0 1 1 0 0 1 0 0 0 1 1 0 1 1 0 1 1 1 0 1 1 0 1 1 0 

13 10 23 19 14 4 2 24 3 25 12 18 1 16 17 0 8 21 7 11 15 6 9 26 5 22 20 
0 15
1 12
2 6
3 8
4 5
5 24
6 21
7 18
8 16
9 22
10 1
11 19
12 10
13 0
14 4
15 20
16 13
17 14
18 11
19 3
20 26
21 17
22 25
23 2
24 7
25 9
26 23
SIMILAR

14 12 23 17 13 4 1 0 26 10 22 7 21 11 25 6 8 20 18 5 9 2 16 19 3 15 24 
0 7
1 6
2 21
3 24
4 5
5 19
6 15
7 11
8 16
9 20
10 9
11 13
12 1
13 4
14 0
15 25
16 22
17 3
18 18
19 23
20 17
21 12
22 10
23 2
24 26
25 14
26 8
SIMILAR

8 19 15 17 7 2 16 26 13 10 5 9 4 20 23 24 14 21 3 18 1 6 22 0 11 12 25 
0 23
1 20
2 5
3 18
4 12
5 10
6 21
7 4
8 0
9 11
10 9
11 24
12 25
13 8
14 16
15 2
16 6
17 3
18 19
19 1
20 13
21 17
22 22
23 14
24 15
25 26
26 7
SIMILAR

13 4 23 21 2 10 9 3 12 26 7 0 11 18 15 17 8 22 25 14 20 19 5 24 1 16 6 
0 11
1 24
2 4
3 7
4 1
5 22
6 26
7 10
8 16
9 6
10 5
11 12
12 8
13 0
14 19
15 14
16 25
17 15
18 13
19 21
20 20
21 3
22 17
23 2
24 23
25 18
26 9
SIMILAR

5 10 19 26 17 4 23 8 24 22 9 7 11 14 12 16 20 25 18 2 3 13 21 0 1 15 6 
0 23
1 24
2 19
3 20
4 5
5 0
6 26
7 11
8 7
9 10
10 1
11 12
12 14
13 21
14 13
15 25
16 15
17 4
18 18
19 2
20 16
21 22
22 9
23 6
24 8
25 17
26 3
SIMILAR

21 15 9 3 26 1 8 22 11 19 14 0 20 16 12 5 17 13 7 25 24 2 6 10 23 18 4 
0 11
1 5
2 21
3 3
4 26
5 15
6 22
7 18
8 6
9 2
10 23
11 8
12 14
13 17
14 10
15 1
16 13
17 16
18 25
19 9
20 12
21 0
22 7
23 24
24 20
25 19
26 4
SIMILAR

9 26 25 8 7 3 13 20 22 1 19 12 6 15 23 0 10 5 18 11 2 24 21 4 14 17 16 
0 15
1 9
2 20
3 5
4 23
5 17
6 12
7 4
8 3
9 0
10 16
11 19
12 11
13 6
14 24
15 13
16 26
17 25
18 18
19 10
20 7
21 22
22 8
23 14
24 21
25 2
26 1
SIMILAR

11 7 8 18 26 6 23 12 15 19 25 13 1 10 9 0 21 5 2 24 17 16 14 20 4 22 3 
0 15
1 12
2 18
3 26
4 24
5 17
6 5
7 1
8 2
9 14
10 13
11 0
12 7
13 11
14 22
15 8
16 21
17 20
18 3
19 9
20 23
21 16
22 25
23 6
24 19
25 10
26 4
SIMILAR

14 13 8 24 21 25 6 11 1 9 3 23 12 5 26 4 19 10 22 18 7 15 16 20 17 2 0 
0 26
1 8
2 25
3 10
4 15
5 13
6 6
7 20
8 2
9 9
10 17
11 7
12 12
13 1
14 0
15 21
16 22
17 24
18 19
19 16
20 23
21 4
22 18
23 11
24 3
25 5
26 14
SIMILAR

9 18 19 16 8 24 17 25 11 10 3 26 0 4 20 13 15 6 23 21 2 14 1 7 5 12 22 
0 12
1 22
2 20
3 10
4 13
5 24
6 17
7 23
8 4
9 0
10 9
11 8
12 25
13 15
14 21
15 16
16 3
17 6
18 1
19 2
20 14
21 19
22 26
23 18
24 5
25 7
26 11
SIMILAR

0 13 11 22 2 25 23 10 8 5 18 6 15 24 3 21 9 1 19 17 7 20 4 12 14 16 26 
0 0
1 17
2 4
3 14
4 22
5 9
6 11
7 20
8 8
9 16
10 7
11 2
12 23
13 1
14 24
15 12
16 25
17 19
18 10
19 18
20 21
21 15
22 3
23 6
24 13
25 5
26 26
SIMILAR

17 5 21 10 23 6 20 4 13 18 2 25 0 7 11 8 15 12 24 9 22 16 19 26 1 14 3 
0 12
1 24
2 10
3 26
4 7
5 1
6 5
7 13
8 15
9 19
10 3
11 14
12 17
13 8
14 25
15 16
16 21
17 0
18 9
19 22
20 6
21 2
22 20
23 4
24 18
25 11
26 23
SIMILAR

25 23 20 17 22 3 10 6 15 12 26 2 24 18 19 8 16 5 13 4 0 11 14 9 7 1 21 
0 20
1 25
2 11
3 5
4 19
5 17
6 7
7 24
8 15
9 23
10 6
11 21
12 9
13 18
14 22
15 8
16 16
17 3
18 13
19 14
20 2
21 26
22 4
23 1
24 12
25 0
26 10
SIMILAR

13 9 12 18 6 21 26 20 17 11 2 14 23 4 15 10 7 25 1 8 5 16 19 24 22 3 0 
0 26
1 18
2 10
3 25
4 13
5 20
6 4
7 16
8 19
9 1
10 15
11 9
12 2
13 0
14 11
15 14
16 21
17 8
18 3
19 22
20 7
21 5
22 24
23 12
24 23
25 17
26 6
SIMILAR

3 16 21 17 4 23 5 25 9 14 11 10 13 19 18 6 20 24 12 8 0 26 22 2 15 7 1 
0 20
1 26
2 23
3 0
4 4
5 6
6 15
7 25
8 19
9 8
10 11
11 10
12 18
13 12
14 9
15 24
16 1
17 3
18 14
19 13
20 16
21 2
22 22
23 5
24 17
25 7
26 21
SIMILAR

25 19 15 24 21 22 23 0 1 6 11 26 17 20 5 2 12 3 16 18 4 10 14 8 9 7 13 
0 7
1 8
2 15
3 17
4 20
5 14
6 9
7 25
8 23
9 24
10 21
11 10
12 16
13 26
14 22
15 2
16 18
17 12
18 19
19 1
20 13
21 4
22 5
23 6
24 3
25 0
26 11
SIMILAR

24 22 5 4 26 13 7 16 25 6 15 23 14 18 2 10 17 0 21 12 3 9 11 1 19 8 20 
0 17
1 23
2 14
3 20
4 3
5 2
6 9
7 6
8 25
9 21
10 15
11 22
12 19
13 5
14 12
15 10
16 7
17 16
18 13
19 24
20 26
21 18
22 1
23 11
24 0
25 8
26 4
SIMILAR

17 15 4 9 7 23 12 24 6 0 26 10 19 22 5 21 13 14 3 20 18 1 8 2 16 11 25 
0 9
1 21
2 23
3 18
4 2
5 14
6 8
7 4
8 22
9 3
10 11
11 25
12 6
13 16
14 17
15 1
16 24
17 0
18 20
19 12
20 19
21 15
22 13
23 5
24 7
25 26
26 10
SIMILAR

14 4 12 13 26 24 7 17 11 18 9 19 23 3 6 21 15 2 8 0 25 10 5 22 20 16 1 
0 19
1 26
2 17
3 13
4 1
5 22
6 14
7 6
8 18
9 10
10 21
11 8
12 2
13 3
14 0
15 16
16 25
17 7
18 9
19 11
20 24
21 15
22 23
23 12
24 5
25 20
26 4
SIMILAR

18 15 4 26 22 20 1 11 16 8 10 13 25 0 21 6 9 23 14 3 5 12 7 17 19 2 24 
0 13
1 6
2 25
3 19
4 2
5 20
6 15
7 22
8 9
9 16
10 10
11 7
12 21
13 11
14 18
15 1
16 8
17 23
18 0
19 24
20 5
21 14
22 4
23 17
24 26
25 12
26 3
SIMILAR

6 8 4 13 2 25 17 0 26 20 15 19 16 18 1 24 3 12 7 10 11 21 22 9 5 23 14 
0 7
1 14
2 4
3 16
4 2
5 24
6 0
7 18
8 1
9 23
10 19
11 20
12 17
13 3
14 26
15 10
16 12
17 6
18 13
19 11
20 9
21 21
22 22
23 25
24 15
25 5
26 8
SIMILAR

10 24 11 1 13 7 20 18 15 8 14 3 23 22 6 17 16 0 19 2 25 12 9 5 21 4 26 
0 17
1 3
2 19
3 11
4 25
5 23
6 14
7 5
8 9
9 22
10 0
11 2
12 21
13 4
14 10
15 8
16 16
17 15
18 7
19 18
20 6
21 24
22 13
23 12
24 1
25 20
26 26
SIMILAR

3 19 26 13 4 14 12 25 24 6 2 8 1 10 21 22 11 15 9 16 23 5 17 7 20 18 0 
0 26
1 12
2 10
3 0
4 4
5 21
6 9
7 23
8 11
9 18
10 13
11 16
12 6
13 3
14 5
15 17
16 19
17 22
18 25
19 1
20 24
21 14
22 15
23 20
24 8
25 7
26 2
SIMILAR

25 15 3 26 4 24 16 5 8 13 18 22 21 10 9 20 23 7 11 14 19 2 17 0 1 12 6 
0 23
1 24
2 21
3 2
4 4
5 7
6 26
7 17
8 8
9 14
10 13
11 18
12 25
13 9
14 19
15 1
16 6
17 22
18 10
19 20
20 15
21 12
22 11
23 16
24 5
25 0
26 3
SIMILAR

3 9 26 8 2 20 24 23 19 21 10 4 18 15 17 13 14 12 25 5 6 11 7 16 0 22 1 
0 24
1 26
2 4
3 0
4 11
5 19
6 20
7 22
8 3
9 1
10 10
11 21
12 17
13 15
14 16
15 13
16 23
17 14
18 12
19 8
20 5
21 9
22 25
23 7
24 6
25 18
26 2
SIMILAR

11 0 19 5 14 3 26 13 4 9 6 10 23 20 12 25 8 18 21 2 24 7 16 1 15 17 22 
0 1
1 23
2 19
3 5
4 8
5 3
6 10
7 21
8 16
9 9
10 11
11 0
12 14
13 7
14 4
15 24
16 22
17 25
18 17
19 2
20 13
21 18
22 26
23 12
24 20
25 15
26 6
SIMILAR

5 19 23 2 3 12 22 14 0 20 7 8 13 16 26 24 18 10 17 4 1 21 15 25 6 9 11 
0 8
1 20
2 3
3 4
4 19
5 0
6 24
7 10
8 11
9 25
10 17
11 26
12 5
13 12
14 7
15 22
16 13
17 18
18 16
19 1
20 9
21 21
22 6
23 2
24 15
25 23
26 14
SIMILAR

8 23 7 19 21 5 15 18 10 3 12 4 14 20 2 22 24 13 1 11 25 0 17 6 9 26 16 
0 21
1 18
2 14
3 9
4 11
5 5
6 23
7 2
8 0
9 24
10 8
11 19
12 10
13 17
14 12
15 6
16 26
17 22
18 7
19 3
20 13
21 4
22 15
23 1
24 16
25 20
26 25
SIMILAR

14 25 6 26 8 17 11 19 3 2 10 13 23 16 24 18 12 9 7 1 0 15 5 4 20 22 21 
0 20
1 19
2 9
3 8
4 23
5 22
6 2
7 18
8 4
9 17
10 10
11 6
12 16
13 11
14 0
15 21
16 13
17 5
18 15
19 7
20 24
21 26
22 25
23 12
24 14
25 1
26 3
SIMILAR

15 7 6 25 22 14 12 24 18 21 9 5 13 3 4 0 19 20 26 16 17 23 11 8 10 2 1 
0 15
1 26
2 25
3 13
4 14
5 11
6 2
7 1
8 23
9 10
10 24
11 22
12 6
13 12
14 5
15 0
16 19
17 20
18 8
19 16
20 17
21 9
22 4
23 21
24 7
25 3
26 18
SIMILAR

18 15 0 16 2 7 5 3 19 25 13 10 11 9 22 17 12 21 24 14 8 20 1 26 23 4 6 
0 2
1 22
2 4
3 7
4 25
5 6
6 26
7 5
8 20
9 13
10 11
11 12
12 16
13 10
14 19
15 1
16 3
17 15
18 0
19 8
20 21
21 17
22 14
23 24
24 18
25 9
26 23
SIMILAR

24 22 15 23 11 0 12 6 16 26 3 20 17 4 25 5 9 14 7 13 2 1 8 18 21 19 10 
0 5
1 21
2 20
3 10
4 13
5 15
6 7
7 18
8 22
9 16
10 26
11 4
12 6
13 19
14 17
15 2
16 8
17 12
18 23
19 25
20 11
21 24
22 1
23 3
24 0
25 14
26 9
SIMILAR

24 14 19 9 2 12 16 23 3 7 25 5 21 20 22 18 13 1 6 8 10 15 17 4 0 26 11 
0 24
1 17
2 4
3 8
4 23
5 11
6 18
7 9
8 19
9 3
10 20
11 26
12 5
13 16
14 1
15 21
16 6
17 22
18 15
19 2
20 13
21 12
22 14
23 7
24 0
25 10
26 25
SIMILAR

26 23 17 2 24 14 25 12 21 13 3 7 6 0 5 19 11 10 16 18 1 8 15 9 22 20 4 
0 13
1 20
2 3
3 10
4 26
5 14
6 12
7 11
8 21
9 23
10 17
11 16
12 7
13 9
14 5
15 22
16 18
17 2
18 19
19 15
20 25
21 8
22 24
23 1
24 4
25 6
26 0
SIMILAR

5 10 8 7 20 19 11 3 9 18 2 14 16 21 1 15 12 26 6 13 17 24 4 22 23 0 25 
0 25
1 14
2 10
3 7
4 22
5 0
6 18
7 3
8 2
9 8
10 1
11 6
12 16
13 19
14 11
15 15
16 12
17 20
18 9
19 5
20 4
21 13
22 23
23 24
24 21
25 26
26 17
SIMILAR

23 26 20 10 17 3 4 13 7 25 18 24 19 11 12 2 6 1 14 22 15 21 16 8 5 0 9 
0 25
1 17
2 15
3 5
4 6
5 24
6 16
7 8
8 23
9 26
10 3
11 13
12 14
13 7
14 18
15 20
16 22
17 4
18 10
19 12
20 2
21 21
22 19
23 0
24 11
25 9
26 1
SIMILAR

20 23 4 10 26 3 13 2 8 25 19 17 22 11 6 21 0 1 18 5 12 14 9 15 16 24 7 
0 16
1 17
2 7
3 5
4 2
5 19
6 14
7 26
8 8
9 22
10 3
11 13
12 20
13 6
14 21
15 23
16 24
17 11
18 18
19 10
20 0
21 15
22 12
23 1
24 25
25 9
26 4
SIMILAR

0 14 7 18 5 11 10 25 4 20 8 15 1 26 24 12 16 21 22 9 19 17 6 23 13 2 3 
0 0
1 12
2 25
3 26
4 8
5 4
6 22
7 2
8 10
9 19
10 6
11 5
12 15
13 24
14 1
15 11
16 16
17 21
18 3
19 20
20 9
21 17
22 18
23 23
24 14
25 7
26 13
SIMILAR

6 23 19 2 17 26 3 4 25 12 24 10 18 5 0 22 13 9 11 7 16 1 14 8 20 15 21 
0 14
1 21
2 3
3 6
4 7
5 13
6 0
7 19
8 23
9 17
10 11
11 18
12 9
13 16
14 22
15 25
16 20
17 4
18 12
19 2
20 24
21 26
22 15
23 1
24 10
25 8
26 5
SIMILAR

15 1 10 23 0 5 24 2 6 8 16 19 3 20 21 22 7 13 26 25 4 18 11 14 9 12 17 
0 4
1 1
2 7
3 12
4 20
5 5
6 8
7 16
8 9
9 24
10 2
11 22
12 25
13 17
14 23
15 0
16 10
17 26
18 21
19 11
20 13
21 14
22 15
23 3
24 6
25 19
26 18
SIMILAR

12 18 1 4 2 25 17 20 24 8 6 10 23 21 11 13 14 15 9 3 16 26 22 7 19 5 0 
0 26
1 2
2 4
3 19
4 3
5 25
6 10
7 23
8 9
9 18
10 11
11 14
12 0
13 15
14 16
15 17
16 20
17 6
18 1
19 24
20 7
21 13
22 22
23 12
24 8
25 5
26 21
SIMILAR

24 14 12 0 6 7 3 9 20 17 11 23 8 21 2 1 5 19 10 16 25 4 26 15 22 13 18 
0 3
1 15
2 14
3 6
4 21
5 16
6 4
7 5
8 12
9 7
10 18
11 10
12 2
13 25
14 1
15 23
16 19
17 9
18 26
19 17
20 8
21 13
22 24
23 11
24 0
25 20
26 22
SIMILAR

24 19 16 3 11 10 2 22 0 21 20 5 15 12 17 18 14 25 13 9 4 26 1 8 6 7 23 
0 8
1 22
2 6
3 3
4 20
5 11
6 24
7 25
8 23
9 19
10 5
11 4
12 13
13 18
14 16
15 12
16 2
17 14
18 15
19 1
20 10
21 9
22 7
23 26
24 0
25 17
26 21
SIMILAR

12 1 18 11 25 10 19 4 24 16 0 7 6 26 20 23 21 2 3 17 13 15 9 8 22 14 5 
0 10
1 1
2 17
3 18
4 7
5 26
6 12
7 11
8 23
9 22
10 5
11 3
12 0
13 20
14 25
15 21
16 9
17 19
18 2
19 6
20 14
21 16
22 24
23 15
24 8
25 4
26 13
SIMILAR

19 4 24 8 21 0 16 10 7 20 17 2 3 6 5 14 18 15 13 25 11 26 23 22 12 9 1 
0 5
1 26
2 11
3 12
4 1
5 14
6 13
7 8
8 3
9 25
10 7
11 20
12 24
13 18
14 15
15 17
16 6
17 10
18 16
19 0
20 9
21 4
22 23
23 22
24 2
25 19
26 21
SIMILAR

9 11 1 19 0 6 17 26 18 10 2 25 3 24 7 16 4 20 22 12 13 8 5 23 21 14 15 
0 4
1 2
2 10
3 12
4 16
5 22
6 5
7 14
8 21
9 0
10 9
11 1
12 19
13 20
14 25
15 26
16 15
17 6
18 8
19 3
20 17
21 24
22 18
23 23
24 13
25 11
26 7
SIMILAR

4 21 15 5 16 26 17 0 2 23 22 9 10 3 18 25 6 20 8 12 13 11 14 24 7 1 19 
0 7
1 25
2 8
3 13
4 0
5 3
6 16
7 24
8 18
9 11
10 12
11 21
12 19
13 20
14 22
15 2
16 4
17 6
18 14
19 26
20 17
21 1
22 10
23 9
24 23
25 15
26 5
SIMILAR

25 26 23 14 24 13 2 20 4 16 0 12 11 18 22 7 19 9 1 8 3 5 6 10 15 17 21 
0 10
1 18
2 6
3 20
4 8
5 21
6 22
7 15
8 19
9 17
10 23
11 12
12 11
13 5
14 3
15 24
16 9
17 25
18 13
19 16
20 7
21 26
22 14
23 2
24 4
25 0
26 1
SIMILAR

15 12 3 0 16 26 23 13 5 11 20 19 21 18 24 4 2 10 8 17 1 14 7 6 25 9 22 
0 3
1 20
2 16
3 2
4 15
5 8
6 23
7 22
8 18
9 25
10 17
11 9
12 1
13 7
14 21
15 0
16 4
17 19
18 13
19 11
20 10
21 12
22 26
23 6
24 14
25 24
26 5
SIMILAR

26 8 20 21 10 3 23 24 11 9 18 25 7 2 15 14 19 17 1 16 5 4 6 13 12 0 22 
0 25
1 18
2 13
3 5
4 21
5 20
6 22
7 12
8 1
9 9
10 4
11 8
12 24
13 23
14 15
15 14
16 19
17 17
18 10
19 16
20 2
21 3
22 26
23 6
24 7
25 11
26 0
SIMILAR

17 9 2 6 10 23 19 21 3 1 24 8 13 5 22 11 25 16 0 4 14 12 26 20 15 7 18 
0 18
1 9
2 2
3 8
4 19
5 13
6 3
7 25
8 11
9 1
10 4
11 15
12 21
13 12
14 20
15 24
16 17
17 0
18 26
19 6
20 23
21 7
22 14
23 5
24 10
25 16
26 22
SIMILAR

16 7 0 9 22 26 25 8 1 18 20 12 2 13 10 14 4 3 19 6 23 21 15 24 5 17 11 
0 2
1 8
2 12
3 17
4 16
5 24
6 19
7 1
8 7
9 3
10 14
11 26
12 11
13 13
14 15
15 22
16 0
17 25
18 9
19 18
20 10
21 21
22 4
23 20
24 23
25 6
26 5
SIMILAR

17 2 14 5 15 20 6 9 23 18 24 12 1 21 13 19 10 16 3 7 26 0 4 22 8 11 25 
0 21
1 12
2 1
3 18
4 22
5 3
6 6
7 19
8 24
9 7
10 16
11 25
12 11
13 14
14 2
15 4
16 17
17 0
18 9
19 15
20 5
21 13
22 23
23 8
24 10
25 26
26 20
SIMILAR

25 24 11 6 18 16 4 5 20 12 2 26 0 1 22 15 8 3 21 7 9 23 13 17 14 10 19 
0 12
1 13
2 10
3 17
4 6
5 7
6 3
7 19
8 16
9 20
10 25
11 2
12 9
13 22
14 24
15 15
16 5
17 23
18 4
19 26
20 8
21 18
22 14
23 21
24 1
25 0
26 11
SIMILAR

9 21 12 11 18 0 26 4 7 19 10 17 20 3 1 13 16 22 5 15 6 25 14 8 23 2 24 
0 5
1 14
2 25
3 13
4 7
5 18
6 20
7 8
8 23
9 0
10 10
11 3
12 2
13 15
14 22
15 19
16 16
17 11
18 4
19 9
20 12
21 1
22 17
23 24
24 26
25 21
26 6
SIMILAR

9 1 19 7 3 18 17 24 15 6 25 21 26 13 12 23 2 20 0 22 5 14 8 4 11 16 10 
0 18
1 1
2 16
3 4
4 23
5 20
6 9
7 3
8 22
9 0
10 26
11 24
12 14
13 13
14 21
15 8
16 25
17 6
18 5
19 2
20 17
21 11
22 19
23 15
24 7
25 10
26 12
SIMILAR

2 22 0 20 6 25 9 21 4 17 14 12 8 7 13 18 1 24 26 3 10 5 11 16 23 15 19 
0 2
1 16
2 0
3 19
4 8
5 21
6 4
7 13
8 12
9 6
10 20
11 22
12 11
13 14
14 10
15 25
16 23
17 9
18 15
19 26
20 3
21 7
22 1
23 24
24 17
25 5
26 18
SIMILAR

7 17 24 0 1 10 26 9 13 8 6 12 14 16 23 2 3 20 19 5 22 21 15 18 11 4 25 
0 3
1 4
2 15
3 16
4 25
5 19
6 10
7 0
8 9
9 7
10 5
11 24
12 11
13 8
14 12
15 22
16 13
17 1
18 23
19 18
20 17
21 21
22 20
23 14
24 2
25 26
26 6
SIMILAR

8 17 9 2 18 24 3 0 7 26 5 15 25 6 23 11 1 21 16 12 4 19 13 22 20 14 10 
0 7
1 16
2 3
3 6
4 20
5 10
6 13
7 8
8 0
9 2
10 26
11 15
12 19
13 22
14 25
15 11
16 18
17 1
18 4
19 21
20 24
21 17
22 23
23 14
24 5
25 12
26 9
SIMILAR

24 10 19 0 23 15 8 5 7 18 14 4 20 6 22 25 26 3 16 1 9 11 12 17 21 13 2 
0 3
1 19
2 26
3 17
4 11
5 7
6 13
7 8
8 6
9 20
10 1
11 21
12 22
13 25
14 10
15 5
16 18
17 23
18 9
19 2
20 12
21 24
22 14
23 4
24 0
25 15
26 16
SIMILAR

5 18 14 0 16 10 4 19 3 9 7 25 17 26 12 15 8 2 21 13 6 24 1 20 11 23 22 
0 3
1 22
2 17
3 8
4 6
5 0
6 20
7 10
8 16
9 9
10 5
11 24
12 14
13 19
14 2
15 15
16 4
17 12
18 1
19 7
20 23
21 18
22 26
23 25
24 21
25 11
26 13
SIMILAR

19 8 22 6 1 16 23 11 3 17 2 24 14 12 9 21 25 5 0 4 10 13 26 7 15 20 18 
0 18
1 4
2 10
3 8
4 19
5 17
6 3
7 23
8 1
9 14
10 20
11 7
12 13
13 21
14 12
15 24
16 5
17 9
18 26
19 0
20 25
21 15
22 2
23 6
24 11
25 16
26 22
SIMILAR

18 15 23 10 13 25 0 17 11 1 14 22 4 19 16 12 5 26 20 2 7 24 3 8 9 21 6 
0 6
1 9
2 19
3 22
4 12
5 16
6 26
7 20
8 23
9 24
10 3
11 8
12 15
13 4
14 10
15 1
16 14
17 7
18 0
19 13
20 18
21 25
22 11
23 2
24 21
25 5
26 17
SIMILAR

15 8 2 6 17 23 26 18 21 14 7 13 24 11 5 22 10 16 19 9 20 4 0 1 25 12 3 
0 22
1 23
2 2
3 26
4 21
5 14
6 3
7 10
8 1
9 19
10 16
11 13
12 25
13 11
14 9
15 0
16 17
17 4
18 7
19 18
20 20
21 8
22 15
23 5
24 12
25 24
26 6
SIMILAR

22 23 21 6 11 16 14 13 3 8 26 12 25 24 0 9 2 15 4 20 1 19 5 18 17 7 10 
0 14
1 20
2 16
3 8
4 18
5 22
6 3
7 25
8 9
9 15
10 26
11 4
12 11
13 7
14 6
15 17
16 5
17 24
18 23
19 21
20 19
21 2
22 0
23 1
24 13
25 12
26 10
SIMILAR

19 17 10 11 13 9 4 6 26 0 1 18 12 2 25 20 22 8 3 14 23 16 5 7 21 24 15 
0 9
1 10
2 13
3 18
4 6
5 22
6 7
7 23
8 17
9 5
10 2
11 3
12 12
13 4
14 19
15 26
16 21
17 1
18 11
19 0
20 15
21 24
22 16
23 20
24 25
25 14
26 8
SIMILAR

19 3 0 6 16 5 20 21 10 25 13 18 9 8 12 22 7 14 2 1 17 4 23 26 11 15 24 
0 2
1 19
2 18
3 1
4 21
5 5
6 3
7 16
8 13
9 12
10 8
11 24
12 14
13 10
14 17
15 25
16 4
17 20
18 11
19 0
20 6
21 7
22 15
23 22
24 26
25 9
26 23
SIMILAR

0 16 26 24 3 20 7 15 21 12 5 23 6 11 14 22 13 19 1 10 18 17 25 9 8 4 2 
0 0
1 18
2 26
3 4
4 25
5 10
6 12
7 6
8 24
9 23
10 19
11 13
12 9
13 16
14 14
15 7
16 1
17 21
18 20
19 17
20 5
21 8
22 15
23 11
24 3
25 22
26 2
SIMILAR

15 19 25 24 2 3 1 14 10 11 21 16 5 7 17 26 6 13 23 12 8 9 18 20 0 22 4 
0 24
1 6
2 4
3 5
4 26
5 12
6 16
7 13
8 20
9 21
10 8
11 9
12 19
13 17
14 7
15 0
16 11
17 14
18 22
19 1
20 23
21 10
22 25
23 18
24 3
25 2
26 15
SIMILAR

10 26 11 14 16 8 17 1 2 19 24 4 18 21 6 12 5 9 23 15 0 13 3 7 20 22 25 
0 20
1 7
2 8
3 22
4 11
5 16
6 14
7 23
8 5
9 17
10 0
11 2
12 15
13 21
14 3
15 19
16 4
17 6
18 12
19 9
20 24
21 13
22 25
23 18
24 10
25 26
26 1
SIMILAR

26 17 18 8 14 9 23 3 10 21 6 25 5 13 22 1 0 15 11 20 16 2 4 24 19 7 12 
0 16
1 15
2 21
3 7
4 22
5 12
6 10
7 25
8 3
9 5
10 8
11 18
12 26
13 13
14 4
15 17
16 20
17 1
18 2
19 24
20 19
21 9
22 14
23 6
24 23
25 11
26 0
SIMILAR

10 22 4 5 14 1 7 6 20 23 21 12 0 11 9 19 24 15 18 13 3 2 8 17 16 25 26 
0 12
1 5
2 21
3 20
4 2
5 3
6 7
7 6
8 22
9 14
10 0
11 13
12 11
13 19
14 4
15 17
16 24
17 23
18 18
19 15
20 8
21 10
22 1
23 9
24 16
25 25
26 26
SIMILAR

1 26 13 22 14 8 16 24 5 12 21 0 17 2 4 19 9 10 6 20 23 11 25 3 7 18 15 
0 11
1 0
2 13
3 23
4 14
5 8
6 18
7 24
8 5
9 16
10 17
11 21
12 9
13 2
14 4
15 26
16 6
17 12
18 25
19 15
20 19
21 10
22 3
23 20
24 7
25 22
26 1
SIMILAR

11 12 25 16 5 17 23 3 24 14 13 8 1 10 9 22 15 6 0 19 20 4 26 18 21 2 7 
0 18
1 12
2 25
3 7
4 21
5 4
6 17
7 26
8 11
9 14
10 13
11 0
12 1
13 10
14 9
15 16
16 3
17 5
18 23
19 19
20 20
21 24
22 15
23 6
24 8
25 2
26 22
SIMILAR

7 13 14 21 16 5 0 2 4 19 23 6 17 25 11 9 15 10 3 8 24 1 22 20 12 26 18 
0 6
1 21
2 7
3 18
4 8
5 5
6 11
7 0
8 19
9 15
10 17
11 14
12 24
13 1
14 2
15 16
16 4
17 12
18 26
19 9
20 23
21 3
22 22
23 10
24 20
25 13
26 25
SIMILAR

6 25 17 1 22 5 13 7 26 21 14 9 4 18 16 0 3 11 24 2 10 12 15 23 8 20 19 
0 15
1 3
2 19
3 16
4 12
5 5
6 0
7 7
8 24
9 11
10 20
11 17
12 21
13 6
14 10
15 22
16 14
17 2
18 13
19 26
20 25
21 9
22 4
23 23
24 18
25 1
26 8
SIMILAR

22 6 0 10 11 7 3 18 24 15 5 26 20 13 12 4 2 1 19 25 17 8 21 23 16 9 14 
0 2
1 17
2 16
3 6
4 15
5 10
6 1
7 5
8 21
9 25
10 3
11 4
12 14
13 13
14 26
15 9
16 24
17 20
18 7
19 18
20 12
21 22
22 0
23 23
24 8
25 19
26 11
SIMILAR

10 25 2 17 6 18 24 7 15 3 5 8 1 22 21 9 14 19 4 12 23 13 16 20 26 11 0 
0 26
1 12
2 2
3 9
4 18
5 10
6 4
7 7
8 11
9 15
10 0
11 25
12 19
13 21
14 16
15 8
16 22
17 3
18 5
19 17
20 23
21 14
22 13
23 20
24 6
25 1
26 24
SIMILAR

1 17 7 21 9 14 2 11 24 16 12 15 19 3 23 4 0 26 5 8 22 20 6 13 25 18 10 
0 16
1 0
2 6
3 13
4 15
5 18
6 22
7 2
8 19
9 4
10 26
11 7
12 10
13 23
14 5
15 11
16 9
17 1
18 25
19 12
20 21
21 3
22 20
23 14
24 8
25 24
26 17
SIMILAR

13 23 24 19 8 26 6 22 5 20 0 21 18 12 17 16 1 2 11 3 4 25 7 14 15 9 10 
0 10
1 16
2 17
3 19
4 20
5 8
6 6
7 22
8 4
9 25
10 26
11 18
12 13
13 0
14 23
15 24
16 15
17 14
18 12
19 3
20 9
21 11
22 7
23 1
24 2
25 21
26 5
SIMILAR

3 7 25 11 21 24 18 14 0 16 13 4 10 9 22 17 8 20 15 12 19 6 23 2 26 5 1 
0 8
1 26
2 23
3 0
4 11
5 25
6 21
7 1
8 16
9 13
10 12
11 3
12 19
13 10
14 7
15 18
16 9
17 15
18 6
19 20
20 17
21 4
22 14
23 22
24 5
25 2
26 24
SIMILAR

8 4 9 2 1 26 12 7 6 10 19 17 23 16 14 25 22 13 21 15 18 5 24 20 3 11 0 
0 26
1 4
2 3
3 24
4 1
5 21
6 8
7 7
8 0
9 2
10 9
11 25
12 6
13 17
14 14
15 19
16 13
17 11
18 20
19 10
20 23
21 18
22 16
23 12
24 22
25 15
26 5
SIMILAR

13 15 16 22 11 18 25 6 19 10 21 8 14 12 4 23 20 1 5 2 3 9 0 24 17 7 26 
0 22
1 17
2 19
3 20
4 14
5 18
6 7
7 25
8 11
9 21
10 9
11 4
12 13
13 0
14 12
15 1
16 2
17 24
18 5
19 8
20 16
21 10
22 3
23 15
24 23
25 6
26 26
SIMILAR

26 11 25 12 1 3 4 14 18 16 15 19 2 22 0 23 9 7 10 17 20 6 8 5 21 24 13 
0 14
1 4
2 12
3 5
4 6
5 23
6 21
7 17
8 22
9 16
10 18
11 1
12 3
13 26
14 7
15 10
16 9
17 19
18 8
19 11
20 20
21 24
22 13
23 15
24 25
25 2
26 0
SIMILAR

21 7 8 20 4 10 2 25 9 6 17 15 14 16 11 5 12 13 18 1 26 3 24 0 23 22 19 
0 23
1 19
2 6
3 21
4 4
5 15
6 9
7 1
8 2
9 8
10 5
11 14
12 16
13 17
14 12
15 11
16 13
17 10
18 18
19 26
20 3
21 0
22 25
23 24
24 22
25 7
26 20
SIMILAR

20 21 18 12 11 5 23 0 13 22 6 17 25 14 3 24 10 19 16 2 9 4 1 26 15 7 8 
0 7
1 22
2 19
3 14
4 21
5 5
6 10
7 25
8 26
9 20
10 16
11 4
12 3
13 8
14 13
15 24
16 18
17 11
18 2
19 17
20 0
21 1
22 9
23 6
24 15
25 12
26 23
SIMILAR

7 5 15 17 18 16 10 13 9 1 4 0 19 23 21 14 26 22 12 11 3 2 6 20 25 8 24 
0 11
1 9
2 21
3 20
4 10
5 1
6 22
7 0
8 25
9 8
10 6
11 19
12 18
13 7
14 15
15 2
16 5
17 3
18 4
19 12
20 23
21 14
22 17
23 13
24 26
25 24
26 16
SIMILAR

20 14 13 26 5 22 8 25 3 15 18 19 24 0 1 23 9 17 10 2 7 6 16 4 12 21 11 
0 13
1 14
2 19
3 8
4 23
5 4
6 21
7 20
8 6
9 16
10 18
11 26
12 24
13 2
14 1
15 9
16 22
17 17
18 10
19 11
20 0
21 25
22 5
23 15
24 12
25 7
26 3
SIMILAR

5 6 2 23 18 9 7 25 3 4 17 26 10 8 19 20 14 12 0 13 22 16 24 11 15 21 1 
0 18
1 26
2 2
3 8
4 9
5 0
6 1
7 6
8 13
9 5
10 12
11 23
12 17
13 19
14 16
15 24
16 21
17 10
18 4
19 14
20 15
21 25
22 20
23 3
24 22
25 7
26 11
SIMILAR

17 22 9 18 1 6 10 26 19 16 23 4 13 5 0 3 8 25 21 12 15 24 14 11 20 7 2 
0 14
1 4
2 26
3 15
4 11
5 13
6 5
7 25
8 16
9 2
10 6
11 23
12 19
13 12
14 22
15 20
16 9
17 0
18 3
19 8
20 24
21 18
22 1
23 10
24 21
25 17
26 7
SIMILAR

14 3 20 17 2 5 22 8 25 11 23 12 26 6 1 21 16 10 7 4 9 13 18 24 15 19 0 
0 26
1 14
2 4
3 1
4 19
5 5
6 13
7 18
8 7
9 20
10 17
11 9
12 11
13 21
14 0
15 24
16 16
17 3
18 22
19 25
20 2
21 15
22 6
23 10
24 23
25 8
26 12
SIMILAR

3 25 8 10 11 23 6 1 0 5 2 19 13 24 12 20 7 17 21 14 4 26 22 18 16 9 15 
0 8
1 7
2 10
3 0
4 20
5 9
6 6
7 16
8 2
9 25
10 3
11 4
12 14
13 12
14 19
15 26
16 24
17 17
18 23
19 11
20 15
21 18
22 22
23 5
24 13
25 1
26 21
SIMILAR

7 25 23 4 0 14 5 8 22 3 12 26 6 18 10 21 1 13 9 2 11 20 16 19 24 17 15 
0 4
1 16
2 19
3 9
4 3
5 6
6 12
7 0
8 7
9 18
10 14
11 20
12 10
13 17
14 5
15 26
16 22
17 25
18 13
19 23
20 21
21 15
22 8
23 2
24 24
25 1
26 11
SIMILAR

25 9 12 7 2 8 15 16 18 20 1 23 5 0 4 17 19 26 22 24 13 6 10 21 14 3 11 
0 13
1 10
2 4
3 25
4 14
5 12
6 21
7 3
8 5
9 1
10 22
11 26
12 2
13 20
14 24
15 6
16 7
17 15
18 8
19 16
20 9
21 23
22 18
23 11
24 19
25 0
26 17
SIMILAR

26 19 16 5 4 11 24 1 18 14 25 12 2 7 9 21 3 8 0 6 17 22 15 20 13 23 10 
0 18
1 7
2 12
3 16
4 4
5 3
6 19
7 13
8 17
9 14
10 26
11 5
12 11
13 24
14 9
15 22
16 2
17 20
18 8
19 1
20 23
21 15
22 21
23 25
24 6
25 10
26 0
SIMILAR

8 10 19 5 3 12 24 7 2 23 18 0 20 4 22 26 25 14 1 6 9 11 21 13 15 16 17 
0 11
1 18
2 8
3 4
4 13
5 3
6 19
7 7
8 0
9 20
10 1
11 21
12 5
13 23
14 17
15 24
16 25
17 26
18 10
19 2
20 12
21 22
22 14
23 9
24 6
25 16
26 15
SIMILAR

21 20 8 11 26 13 18 6 7 4 9 1 0 10 22 3 2 5 14 15 19 25 23 12 24 17 16 
0 12
1 11
2 16
3 15
4 9
5 17
6 7
7 8
8 2
9 10
10 13
11 3
12 23
13 5
14 18
15 19
16 26
17 25
18 6
19 20
20 1
21 0
22 14
23 22
24 24
25 21
26 4
SIMILAR

11 13 5 3 19 18 8 4 26 24 9 6 21 2 25 14 17 10 20 12 15 1 7 16 22 0 23 
0 25
1 21
2 13
3 3
4 7
5 2
6 11
7 22
8 6
9 10
10 17
11 0
12 19
13 1
14 15
15 20
16 23
17 16
18 5
19 4
20 18
21 12
22 24
23 26
24 9
25 14
26 8
SIMILAR

15 12 21 3 13 7 9 1 25 4 2 23 6 19 14 16 0 11 26 5 8 18 20 17 10 22 24 
0 16
1 7
2 10
3 3
4 9
5 19
6 12
7 5
8 20
9 6
10 24
11 17
12 1
13 4
14 14
15 0
16 15
17 23
18 21
19 13
20 22
21 2
22 25
23 11
24 26
25 8
26 18
SIMILAR

3 17 6 23 14 13 11 26 15 24 9 16 8 19 0 21 4 2 7 5 1 20 22 12 25 18 10 
0 14
1 20
2 17
3 0
4 16
5 19
6 2
7 18
8 12
9 10
10 26
11 6
12 23
13 5
14 4
15 8
16 11
17 1
18 25
19 13
20 21
21 15
22 22
23 3
24 9
25 24
26 7
SIMILAR
100 0
200 0
230200 0
