27
0 0 0 0 1 0 1 0 0 1 1 1 0 1 1 1 1 1 0 0 1 0 1 0 0 1 0 
0 0 0 1 0 1 0 0 0 1 1 0 1 0 1 0 1 0 0 1 0 1 0 0 1 0 0 
0 0 0 1 1 1 0 1 1 0 1 0 0 1 1 1 1 0 0 1 0 0 1 0 1 1 1 
0 1 1 0 0 0 0 1 0 1 0 0 1 0 1 0 1 1 1 1 0 0 1 0 0 0 0 
1 0 1 0 0 1 0 0 1 1 0 0 0 0 1 1 0 1 1 0 1 0 1 1 0 1 0 
0 1 1 0 1 0 1 1 0 0 1 1 0 1 0 1 0 1 1 0 1 0 1 0 0 1 0 
1 0 0 0 0 1 0 1 0 1 0 0 1 1 0 0 1 0 1 0 1 0 0 0 0 0 1 
0 0 1 1 0 1 1 0 1 0 1 1 0 1 0 0 1 1 0 1 0 0 1 0 0 0 0 
0 0 1 0 1 0 0 1 0 1 0 1 0 0 1 0 0 0 0 0 0 0 1 0 0 1 1 
1 1 0 1 1 0 1 0 1 0 0 0 1 0 1 0 1 1 0 1 1 0 1 1 0 0 1 
1 1 1 0 0 1 0 1 0 0 0 1 1 0 1 1 1 0 1 0 0 1 0 1 1 1 1 
1 0 0 0 0 1 0 1 1 0 1 0 1 1 0 0 0 0 1 1 0 1 0 1 0 1 0 
0 1 0 1 0 0 1 0 0 1 1 1 0 1 1 1 1 0 1 0 0 0 0 0 1 1 1 
1 0 1 0 0 1 1 1 0 0 0 1 1 0 1 0 0 0 1 0 0 1 0 0 1 1 1 
1 1 1 1 1 0 0 0 1 1 1 0 1 1 0 1 0 1 0 0 0 1 1 1 1 0 0 
1 0 1 0 1 1 0 0 0 0 1 0 1 0 1 0 1 0 1 1 0 0 1 0 1 1 0 
1 1 1 1 0 0 1 1 0 1 1 0 1 0 0 1 0 0 1 0 1 0 1 1 0 0 1 
1 0 0 1 1 1 0 1 0 1 0 0 0 0 1 0 0 0 1 1 0 0 1 0 1 0 1 
0 0 0 1 1 1 1 0 0 0 1 1 1 1 0 1 1 1 0 1 1 0 0 1 1 1 1 
0 1 1 1 0 0 0 1 0 1 0 1 0 0 0 1 0 1 1 0 0 0 0 0 1 1 0 
1 0 0 0 1 1 1 0 0 1 0 0 0 0 0 0 1 0 1 0 0 0 0 0 0 0 1 
0 1 0 0 0 0 0 0 0 0 1 1 0 1 1 0 0 0 0 0 0 0 0 1 0 0 1 
1 0 1 1 1 1 0 1 1 1 0 0 0 0 1 1 1 1 0 0 0 0 0 1 0 0 1 
0 0 0 0 1 0 0 0 0 1 1 1 0 0 1 0 1 0 1 0 0 1 1 0 1 0 1 
0 1 1 0 0 0 0 0 0 0 1 0 1 1 1 1 0 1 1 1 0 0 0 1 0 0 1 
1 0 1 0 1 1 0 0 1 0 1 1 1 1 0 1 0 0 1 1 0 0 0 0 0 0 1 
0 0 1 0 0 0 1 0 1 1 1 0 1 1 0 0 1 1 1 0 1 1 1 1 1 1 0 

12 15 8 2 5 23 9 11 1 14 7 0 24 25 22 20 10 26 16 3 17 6 21 18 4 13 19 
0 11
1 8
2 3
3 19
4 24
5 4
6 21
7 10
8 2
9 6
10 16
11 7
12 0
13 25
14 9
15 1
16 18
17 20
18 23
19 26
20 15
21 22
22 14
23 5
24 12
25 13
26 17
SIMILAR

18 1 6 3 7 10 17 22 5 24 25 11 15 20 12 9 21 13 8 2 0 23 26 19 14 16 4 
0 20
1 1
2 19
3 3
4 26
5 8
6 2
7 4
8 18
9 15
10 5
11 11
12 14
13 17
14 24
15 12
16 25
17 6
18 0
19 23
20 13
21 16
22 7
23 21
24 9
25 10
26 22
SIMILAR

6 18 23 25 13 14 8 16 12 1 7 2 4 20 24 9 11 26 22 15 21 3 19 0 10 5 17 
0 23
1 9
2 11
3 21
4 12
5 25
6 0
7 10
8 6
9 15
10 24
11 16
12 8
13 4
14 5
15 19
16 7
17 26
18 1
19 22
20 13
21 20
22 18
23 2
24 14
25 3
26 17
SIMILAR

7 26 21 17 2 18 23 20 25 9 16 0 1 6 14 19 10 22 24 12 5 4 11 15 8 13 3 
0 11
1 12
2 4
3 26
4 21
5 20
6 13
7 0
8 24
9 9
10 16
11 22
12 19
13 25
14 14
15 23
16 10
17 3
18 5
19 15
20 7
21 2
22 17
23 6
24 18
25 8
26 1
SIMILAR

0 10 24 12 16 22 1 11 13 14 21 26 9 2 3 6 23 17 8 5 7 18 4 25 19 15 20 
0 0
1 6
2 13
3 14
4 22
5 19
6 15
7 20
8 18
9 12
10 1
11 7
12 3
13 8
14 9
15 25
16 4
17 17
18 21
19 24
20 26
21 10
22 5
23 16
24 2
25 23
26 11
SIMILAR

7 20 6 9 3 14 23 17 0 8 12 21 22 13 4 5 16 2 15 18 10 1 24 19 25 26 11 
0 8
1 21
2 17
3 4
4 14
5 15
6 2
7 0
8 9
9 3
10 20
11 26
12 10
13 13
14 5
15 18
16 16
17 7
18 19
19 23
20 1
21 11
22 12
23 6
24 22
25 24
26 25
SIMILAR

15 6 18 12 2 24 1 4 7 26 5 23 8 21 17 13 3 25 14 10 22 11 9 20 16 0 19 
0 25
1 6
2 4
3 16
4 7
5 10
6 1
7 8
8 12
9 22
10 19
11 21
12 3
13 15
14 18
15 0
16 24
17 14
18 2
19 26
20 23
21 13
22 20
23 11
24 5
25 17
26 9
SIMILAR

12 18 14 24 4 8 6 16 2 7 9 25 23 15 22 5 17 21 0 13 10 3 11 20 1 19 26 
0 18
1 24
2 8
3 21
4 4
5 15
6 6
7 9
8 5
9 10
10 20
11 22
12 0
13 19
14 2
15 13
16 7
17 16
18 1
19 25
20 23
21 17
22 14
23 12
24 3
25 11
26 26
SIMILAR

4 19 6 14 22 17 1 9 26 21 8 2 15 12 0 23 10 24 18 7 11 3 13 20 25 5 16 
0 14
1 6
2 11
3 21
4 0
5 25
6 2
7 19
8 10
9 7
10 16
11 20
12 13
13 22
14 3
15 12
16 26
17 5
18 18
19 1
20 23
21 9
22 4
23 15
24 17
25 24
26 8
SIMILAR

26 19 10 2 12 21 24 8 18 1 16 14 4 0 3 25 11 7 20 5 22 6 9 13 17 15 23 
0 13
1 9
2 3
3 14
4 12
5 19
6 21
7 17
8 7
9 22
10 2
11 16
12 4
13 23
14 11
15 25
16 10
17 24
18 8
19 1
20 18
21 5
22 20
23 26
24 6
25 15
26 0
SIMILAR

10 19 25 24 2 16 18 0 14 12 5 11 26 8 17 21 6 7 20 9 4 13 23 1 15 22 3 
0 7
1 23
2 4
3 26
4 20
5 10
6 16
7 17
8 13
9 19
10 0
11 11
12 9
13 21
14 8
15 24
16 5
17 14
18 6
19 1
20 18
21 15
22 25
23 22
24 3
25 2
26 12
SIMILAR

1 9 16 11 19 18 3 25 5 7 10 17 2 24 8 12 4 6 23 22 26 13 0 20 21 14 15 
0 22
1 0
2 12
3 6
4 16
5 8
6 17
7 9
8 14
9 1
10 10
11 3
12 15
13 21
14 25
15 26
16 2
17 11
18 5
19 4
20 23
21 24
22 19
23 18
24 13
25 7
26 20
SIMILAR

5 11 13 17 25 21 20 26 4 0 1 2 22 15 3 16 8 14 10 7 9 6 23 12 24 19 18 
0 9
1 10
2 11
3 14
4 8
5 0
6 21
7 19
8 16
9 20
10 18
11 1
12 23
13 2
14 17
15 13
16 15
17 3
18 26
19 25
20 6
21 5
22 12
23 22
24 24
25 4
26 7
SIMILAR

15 4 2 24 25 1 10 16 7 23 6 17 14 19 3 12 8 20 21 0 26 13 22 9 5 11 18 
0 19
1 5
2 2
3 14
4 1
5 24
6 10
7 8
8 16
9 23
10 6
11 25
12 15
13 21
14 12
15 0
16 7
17 11
18 26
19 13
20 17
21 18
22 22
23 9
24 3
25 4
26 20
SIMILAR

13 2 23 11 8 18 7 17 3 20 26 6 15 5 10 24 0 1 25 22 9 19 14 21 16 12 4 
0 16
1 17
2 1
3 8
4 26
5 13
6 11
7 6
8 4
9 20
10 14
11 3
12 25
13 0
14 22
15 12
16 24
17 7
18 5
19 21
20 9
21 23
22 19
23 2
24 15
25 18
26 10
SIMILAR

19 18 1 6 26 23 22 21 7 20 0 4 5 9 8 25 17 24 15 11 3 2 16 13 12 14 10 
0 10
1 2
2 21
3 20
4 11
5 12
6 3
7 8
8 14
9 13
10 26
11 19
12 24
13 23
14 25
15 18
16 22
17 16
18 1
19 0
20 9
21 7
22 6
23 5
24 17
25 15
26 4
SIMILAR

14 13 21 8 19 4 17 25 23 9 22 15 12 10 16 20 3 2 11 26 5 24 6 1 0 18 7 
0 24
1 23
2 17
3 16
4 5
5 20
6 22
7 26
8 3
9 9
10 13
11 18
12 12
13 1
14 0
15 11
16 14
17 6
18 25
19 4
20 15
21 2
22 10
23 8
24 21
25 7
26 19
SIMILAR

10 12 5 24 18 11 14 6 4 7 0 13 22 20 2 8 26 1 21 17 23 15 25 9 3 16 19 
0 10
1 17
2 14
3 24
4 8
5 2
6 7
7 9
8 15
9 23
10 0
11 5
12 1
13 11
14 6
15 21
16 25
17 19
18 4
19 26
20 13
21 18
22 12
23 20
24 3
25 22
26 16
SIMILAR

4 18 16 8 25 5 0 15 14 26 7 21 19 17 24 9 11 22 3 6 1 20 13 10 2 12 23 
0 6
1 20
2 24
3 18
4 0
5 5
6 19
7 10
8 3
9 15
10 23
11 16
12 25
13 22
14 8
15 7
16 2
17 13
18 1
19 12
20 21
21 11
22 17
23 26
24 14
25 4
26 9
SIMILAR

0 18 4 1 8 14 22 17 25 3 20 9 19 13 11 24 15 6 5 10 21 16 7 2 12 26 23 
0 0
1 3
2 23
3 9
4 2
5 18
6 17
7 22
8 4
9 11
10 19
11 14
12 24
13 13
14 5
15 16
16 21
17 7
18 1
19 12
20 10
21 20
22 6
23 26
24 15
25 8
26 25
SIMILAR

21 3 11 4 25 12 18 15 8 7 6 10 20 19 14 1 16 26 13 23 17 9 24 2 0 22 5 
0 24
1 15
2 23
3 1
4 3
5 26
6 10
7 9
8 8
9 21
10 11
11 2
12 5
13 18
14 14
15 7
16 16
17 20
18 6
19 13
20 12
21 0
22 25
23 19
24 22
25 4
26 17
SIMILAR

19 9 5 16 23 24 0 20 6 8 4 12 25 14 17 2 10 18 7 22 3 1 13 15 26 11 21 
0 6
1 21
2 15
3 20
4 10
5 2
6 8
7 18
8 9
9 1
10 16
11 25
12 11
13 22
14 13
15 23
16 3
17 14
18 17
19 0
20 7
21 26
22 19
23 4
24 5
25 12
26 24
SIMILAR

3 13 15 20 7 24 21 16 18 8 2 12 6 1 10 23 11 17 4 0 19 25 22 14 9 5 26 
0 19
1 13
2 10
3 0
4 18
5 25
6 12
7 4
8 9
9 24
10 14
11 16
12 11
13 1
14 23
15 2
16 7
17 17
18 8
19 20
20 3
21 6
22 22
23 15
24 5
25 21
26 26
SIMILAR

20 26 21 15 22 11 5 14 23 2 4 9 25 6 1 12 13 18 0 19 10 16 7 8 3 17 24 
0 18
1 14
2 9
3 24
4 10
5 6
6 13
7 22
8 23
9 11
10 20
11 5
12 15
13 16
14 7
15 3
16 21
17 25
18 17
19 19
20 0
21 2
22 4
23 8
24 26
25 12
26 1
SIMILAR

9 18 12 5 3 6 2 7 10 14 19 0 26 4 25 8 21 22 17 24 23 11 1 13 20 16 15 
0 11
1 22
2 6
3 4
4 13
5 3
6 5
7 7
8 15
9 0
10 8
11 21
12 2
13 23
14 9
15 26
16 25
17 18
18 1
19 10
20 24
21 16
22 17
23 20
24 19
25 14
26 12
SIMILAR

7 18 11 23 26 13 15 3 22 25 14 8 2 17 16 19 6 1 10 20 5 24 21 4 0 12 9 
0 24
1 17
2 12
3 7
4 23
5 20
6 16
7 0
8 11
9 26
10 18
11 2
12 25
13 5
14 10
15 6
16 14
17 13
18 1
19 15
20 19
21 22
22 8
23 3
24 21
25 9
26 4
SIMILAR

13 24 26 11 3 25 12 14 5 6 2 9 20 22 17 16 0 15 7 8 4 19 18 10 1 23 21 
0 16
1 24
2 10
3 4
4 20
5 8
6 9
7 18
8 19
9 11
10 23
11 3
12 6
13 0
14 7
15 17
16 15
17 14
18 22
19 21
20 12
21 26
22 13
23 25
24 1
25 5
26 2
SIMILAR

8 17 26 9 5 11 20 21 0 4 23 18 3 6 19 16 10 2 22 7 14 25 13 12 1 15 24 
0 8
1 24
2 17
3 12
4 9
5 4
6 13
7 19
8 0
9 3
10 16
11 5
12 23
13 22
14 20
15 25
16 15
17 1
18 11
19 14
20 6
21 7
22 18
23 10
24 26
25 21
26 2
SIMILAR

2 16 20 0 4 14 6 1 23 24 21 3 13 11 10 8 18 7 9 15 26 19 12 17 5 22 25 
0 3
1 7
2 0
3 11
4 4
5 24
6 6
7 17
8 15
9 18
10 14
11 13
12 22
13 12
14 5
15 19
16 1
17 23
18 16
19 21
20 2
21 10
22 25
23 8
24 9
25 26
26 20
SIMILAR

0 7 3 4 25 6 24 16 22 18 14 20 12 17 23 19 13 10 5 11 21 9 2 8 26 1 15 
0 0
1 25
2 22
3 2
4 3
5 18
6 5
7 1
8 23
9 21
10 17
11 19
12 12
13 16
14 10
15 26
16 7
17 13
18 9
19 15
20 11
21 20
22 8
23 14
24 6
25 4
26 24
SIMILAR

20 17 9 16 6 7 8 13 12 2 23 25 18 10 21 24 4 11 26 15 3 22 1 5 19 14 0 
0 26
1 22
2 9
3 20
4 16
5 23
6 4
7 5
8 6
9 2
10 13
11 17
12 8
13 7
14 25
15 19
16 3
17 1
18 12
19 24
20 0
21 14
22 21
23 10
24 15
25 11
26 18
SIMILAR

2 16 18 4 25 0 14 21 9 8 5 15 24 22 19 11 1 10 17 23 7 26 13 3 12 6 20 
0 5
1 16
2 0
3 23
4 3
5 10
6 25
7 20
8 9
9 8
10 17
11 15
12 24
13 22
14 6
15 11
16 1
17 18
18 2
19 14
20 26
21 7
22 13
23 19
24 12
25 4
26 21
SIMILAR

1 17 18 11 25 9 26 4 21 19 20 8 15 2 16 3 5 22 0 24 14 7 13 23 12 6 10 
0 18
1 0
2 13
3 15
4 7
5 16
6 25
7 21
8 11
9 5
10 26
11 3
12 24
13 22
14 20
15 12
16 14
17 1
18 2
19 9
20 10
21 8
22 17
23 23
24 19
25 4
26 6
SIMILAR

24 3 13 26 16 6 22 17 21 4 11 15 2 9 5 1 8 18 25 7 12 10 19 14 23 0 20 
0 25
1 15
2 12
3 1
4 9
5 14
6 5
7 19
8 16
9 13
10 21
11 10
12 20
13 2
14 23
15 11
16 4
17 7
18 17
19 22
20 26
21 8
22 6
23 24
24 0
25 18
26 3
SIMILAR

21 19 14 4 17 9 12 7 18 15 5 23 25 20 8 26 1 0 22 2 6 13 3 11 16 24 10 
0 17
1 16
2 19
3 22
4 3
5 10
6 20
7 7
8 14
9 5
10 26
11 23
12 6
13 21
14 2
15 9
16 24
17 4
18 8
19 1
20 13
21 0
22 18
23 11
24 25
25 12
26 15
SIMILAR

15 24 26 13 21 9 20 4 19 3 5 16 8 7 17 25 11 18 6 2 22 1 10 0 12 14 23 
0 23
1 21
2 19
3 9
4 7
5 10
6 18
7 13
8 12
9 5
10 22
11 16
12 24
13 3
14 25
15 0
16 11
17 14
18 17
19 8
20 6
21 4
22 20
23 26
24 1
25 15
26 2
SIMILAR

12 8 23 13 5 0 25 24 3 11 9 4 22 20 2 17 18 6 21 1 19 7 16 15 14 26 10 
0 5
1 19
2 14
3 8
4 11
5 4
6 17
7 21
8 1
9 10
10 26
11 9
12 0
13 3
14 24
15 23
16 22
17 15
18 16
19 20
20 13
21 18
22 12
23 2
24 7
25 6
26 25
SIMILAR

10 7 21 9 25 0 26 14 3 2 1 16 5 23 20 12 19 4 6 22 8 11 13 17 24 18 15 
0 5
1 10
2 9
3 8
4 17
5 12
6 18
7 1
8 20
9 3
10 0
11 21
12 15
13 22
14 7
15 26
16 11
17 23
18 25
19 16
20 14
21 2
22 19
23 13
24 24
25 4
26 6
SIMILAR

3 6 16 19 10 17 15 4 9 20 14 0 18 22 12 21 13 24 25 5 1 11 8 7 2 23 26 
0 11
1 20
2 24
3 0
4 7
5 19
6 1
7 23
8 22
9 8
10 4
11 21
12 14
13 16
14 10
15 6
16 2
17 5
18 12
19 3
20 9
21 15
22 13
23 25
24 17
25 18
26 26
SIMILAR

11 10 13 9 22 0 3 14 15 20 2 16 19 6 1 24 12 17 23 8 25 7 26 21 18 5 4 
0 5
1 14
2 10
3 6
4 26
5 25
6 13
7 21
8 19
9 3
10 1
11 0
12 16
13 2
14 7
15 8
16 11
17 17
18 24
19 12
20 9
21 23
22 4
23 18
24 15
25 20
26 22
SIMILAR

13 17 24 1 4 16 9 8 10 5 21 23 20 15 0 12 7 18 26 2 22 14 3 25 11 19 6 
0 14
1 3
2 19
3 22
4 4
5 9
6 26
7 16
8 7
9 6
10 8
11 24
12 15
13 0
14 21
15 13
16 5
17 1
18 17
19 25
20 12
21 10
22 20
23 11
24 2
25 23
26 18
SIMILAR

3 24 11 5 23 1 20 10 6 25 9 26 12 18 0 8 21 14 19 16 17 2 15 4 13 7 22 
0 14
1 5
2 21
3 0
4 23
5 3
6 8
7 25
8 15
9 10
10 7
11 2
12 12
13 24
14 17
15 22
16 19
17 20
18 13
19 18
20 6
21 16
22 26
23 4
24 1
25 9
26 11
SIMILAR

1 2 6 19 16 11 17 13 23 5 22 7 20 21 3 8 24 14 18 25 0 10 4 9 15 26 12 
0 20
1 0
2 1
3 14
4 22
5 9
6 2
7 11
8 15
9 23
10 21
11 5
12 26
13 7
14 17
15 24
16 4
17 6
18 18
19 3
20 12
21 13
22 10
23 8
24 16
25 19
26 25
SIMILAR

25 8 22 24 2 19 3 21 13 9 12 17 15 23 10 26 18 16 6 1 20 11 7 14 4 5 0 
0 26
1 19
2 4
3 6
4 24
5 25
6 18
7 22
8 1
9 9
10 14
11 21
12 10
13 8
14 23
15 12
16 17
17 11
18 16
19 5
20 20
21 7
22 2
23 13
24 3
25 0
26 15
SIMILAR

11 21 25 9 4 15 5 18 24 2 16 17 14 22 6 20 7 13 26 1 19 23 8 12 0 3 10 
0 24
1 19
2 9
3 25
4 4
5 6
6 14
7 16
8 22
9 3
10 26
11 0
12 23
13 17
14 12
15 5
16 10
17 11
18 7
19 20
20 15
21 1
22 13
23 21
24 8
25 2
26 18
SIMILAR

24 18 2 1 20 8 13 11 22 17 12 5 6 0 23 26 3 7 9 16 14 4 19 25 21 10 15 
0 13
1 3
2 2
3 16
4 21
5 11
6 12
7 17
8 5
9 18
10 25
11 7
12 10
13 6
14 20
15 26
16 19
17 9
18 1
19 22
20 4
21 24
22 8
23 14
24 0
25 23
26 15
SIMILAR

13 7 16 15 1 17 18 24 11 22 21 4 26 6 2 14 8 0 12 9 25 5 20 10 19 23 3 
0 17
1 4
2 14
3 26
4 11
5 21
6 13
7 1
8 16
9 19
10 23
11 8
12 18
13 0
14 15
15 3
16 2
17 5
18 6
19 24
20 22
21 10
22 9
23 25
24 7
25 20
26 12
SIMILAR

21 6 26 7 22 13 2 15 4 23 12 17 5 24 3 8 25 11 16 14 20 19 1 10 0 9 18 
0 24
1 22
2 6
3 14
4 8
5 12
6 1
7 3
8 15
9 25
10 23
11 17
12 10
13 5
14 19
15 7
16 18
17 11
18 26
19 21
20 20
21 0
22 4
23 9
24 13
25 16
26 2
SIMILAR

26 16 24 4 17 21 18 14 13 11 10 2 1 19 3 9 15 20 25 12 0 8 7 6 22 23 5 
0 20
1 12
2 11
3 14
4 3
5 26
6 23
7 22
8 21
9 15
10 10
11 9
12 19
13 8
14 7
15 16
16 1
17 4
18 6
19 13
20 17
21 5
22 24
23 25
24 2
25 18
26 0
SIMILAR

26 12 7 14 0 1 23 18 5 21 19 8 20 24 16 17 11 6 15 13 10 3 22 4 25 2 9 
0 4
1 5
2 25
3 21
4 23
5 8
6 17
7 2
8 11
9 26
10 20
11 16
12 1
13 19
14 3
15 18
16 14
17 15
18 7
19 10
20 12
21 9
22 22
23 6
24 13
25 24
26 0
SIMILAR

11 19 0 7 2 12 23 14 18 1 4 20 16 10 17 22 13 24 21 9 3 5 6 26 25 15 8 
0 2
1 9
2 4
3 20
4 10
5 21
6 22
7 3
8 26
9 19
10 13
11 0
12 5
13 16
14 7
15 25
16 12
17 14
18 8
19 1
20 11
21 18
22 15
23 6
24 17
25 24
26 23
SIMILAR

7 21 0 5 22 3 19 13 2 26 15 25 24 14 10 16 6 20 8 1 23 4 17 11 18 9 12 
0 2
1 19
2 8
3 5
4 21
5 3
6 16
7 0
8 18
9 25
10 14
11 23
12 26
13 7
14 13
15 10
16 15
17 22
18 24
19 6
20 17
21 1
22 4
23 20
24 12
25 11
26 9
SIMILAR

12 1 10 5 21 3 2 0 25 23 24 8 7 16 13 20 22 4 11 19 6 15 17 14 9 26 18 
0 7
1 1
2 6
3 5
4 17
5 3
6 20
7 12
8 11
9 24
10 2
11 18
12 0
13 14
14 23
15 21
16 13
17 22
18 26
19 19
20 15
21 4
22 16
23 9
24 10
25 8
26 25
SIMILAR

14 15 11 9 17 16 7 18 13 0 8 20 19 3 10 24 4 22 12 1 26 6 2 25 5 21 23 
0 9
1 19
2 22
3 13
4 16
5 24
6 21
7 6
8 10
9 3
10 14
11 2
12 18
13 8
14 0
15 1
16 5
17 4
18 7
19 12
20 11
21 25
22 17
23 26
24 15
25 23
26 20
SIMILAR

3 18 14 11 9 26 15 16 12 10 22 13 6 25 0 21 5 2 4 19 23 8 1 7 24 17 20 
0 14
1 22
2 17
3 0
4 18
5 16
6 12
7 23
8 21
9 4
10 9
11 3
12 8
13 11
14 2
15 6
16 7
17 25
18 1
19 19
20 26
21 15
22 10
23 20
24 24
25 13
26 5
SIMILAR

9 21 17 16 10 14 8 13 7 22 6 23 25 18 19 4 12 11 5 20 1 15 2 26 24 0 3 
0 25
1 20
2 22
3 26
4 15
5 18
6 10
7 8
8 6
9 0
10 4
11 17
12 16
13 7
14 5
15 21
16 3
17 2
18 13
19 14
20 19
21 1
22 9
23 11
24 24
25 12
26 23
SIMILAR

1 10 17 19 8 24 18 6 13 9 21 2 22 11 20 15 3 12 0 23 4 16 25 5 14 26 7 
0 18
1 0
2 11
3 16
4 20
5 23
6 7
7 26
8 4
9 9
10 1
11 13
12 17
13 8
14 24
15 15
16 21
17 2
18 6
19 3
20 14
21 10
22 12
23 19
24 5
25 22
26 25
SIMILAR

0 4 9 14 8 22 6 17 15 26 5 7 13 12 25 20 16 2 24 11 3 18 23 10 1 21 19 
0 0
1 24
2 17
3 20
4 1
5 10
6 6
7 11
8 4
9 2
10 23
11 19
12 13
13 12
14 3
15 8
16 16
17 7
18 21
19 26
20 15
21 25
22 5
23 22
24 18
25 14
26 9
SIMILAR

9 13 1 25 4 6 10 21 20 24 18 2 8 16 7 23 5 11 12 26 17 0 14 15 19 3 22 
0 21
1 2
2 11
3 25
4 4
5 16
6 5
7 14
8 12
9 0
10 6
11 17
12 18
13 1
14 22
15 23
16 13
17 20
18 10
19 24
20 8
21 7
22 26
23 15
24 9
25 3
26 19
SIMILAR

15 20 6 26 1 2 8 11 9 3 16 21 22 13 18 7 12 4 25 5 24 10 17 0 19 23 14 
0 23
1 4
2 5
3 9
4 17
5 19
6 2
7 15
8 6
9 8
10 21
11 7
12 16
13 13
14 26
15 0
16 10
17 22
18 14
19 24
20 1
21 11
22 12
23 25
24 20
25 18
26 3
SIMILAR

23 13 17 16 26 9 19 10 18 20 5 25 4 12 6 3 22 15 8 1 24 11 21 14 2 7 0 
0 26
1 19
2 24
3 15
4 12
5 10
6 14
7 25
8 18
9 5
10 7
11 21
12 13
13 1
14 23
15 17
16 3
17 2
18 8
19 6
20 9
21 22
22 16
23 0
24 20
25 11
26 4
SIMILAR

17 24 6 9 3 5 13 2 23 16 22 19 15 4 14 21 8 11 12 7 26 25 1 10 20 0 18 
0 25
1 22
2 7
3 4
4 13
5 5
6 2
7 19
8 16
9 3
10 23
11 17
12 18
13 6
14 14
15 12
16 9
17 0
18 26
19 11
20 24
21 15
22 10
23 8
24 1
25 21
26 20
SIMILAR

16 22 12 3 6 25 15 1 9 7 5 0 19 21 24 8 11 17 20 4 10 2 13 26 14 18 23 
0 11
1 7
2 21
3 3
4 19
5 10
6 4
7 9
8 15
9 8
10 20
11 16
12 2
13 22
14 24
15 6
16 0
17 17
18 25
19 12
20 18
21 13
22 1
23 26
24 14
25 5
26 23
SIMILAR

10 5 7 16 25 26 13 9 14 17 8 11 20 21 15 6 18 4 23 2 1 0 19 12 22 24 3 
0 21
1 20
2 19
3 26
4 17
5 1
6 15
7 2
8 10
9 7
10 0
11 11
12 23
13 6
14 8
15 14
16 3
17 9
18 16
19 22
20 12
21 13
22 24
23 18
24 25
25 4
26 5
SIMILAR

5 24 15 26 11 16 13 20 25 23 4 21 1 18 0 19 2 8 9 10 12 17 14 6 22 7 3 
0 14
1 12
2 16
3 26
4 10
5 0
6 23
7 25
8 17
9 18
10 19
11 4
12 20
13 6
14 22
15 2
16 5
17 21
18 13
19 15
20 7
21 11
22 24
23 9
24 1
25 8
26 3
SIMILAR

26 19 21 0 4 2 23 25 8 9 14 20 10 17 11 16 24 6 7 22 5 12 1 18 13 15 3 
0 3
1 22
2 5
3 26
4 4
5 20
6 17
7 18
8 8
9 9
10 12
11 14
12 21
13 24
14 10
15 25
16 15
17 13
18 23
19 1
20 11
21 2
22 19
23 6
24 16
25 7
26 0
SIMILAR

15 7 8 21 9 23 4 12 16 25 10 1 20 22 5 17 19 18 2 14 13 6 26 11 0 3 24 
0 24
1 11
2 18
3 25
4 6
5 14
6 21
7 1
8 2
9 4
10 10
11 23
12 7
13 20
14 19
15 0
16 8
17 15
18 17
19 16
20 12
21 3
22 13
23 5
24 26
25 9
26 22
SIMILAR

19 10 3 22 21 7 20 17 24 11 4 5 8 0 15 1 23 14 2 16 26 25 13 12 9 18 6 
0 13
1 15
2 18
3 2
4 10
5 11
6 26
7 5
8 12
9 24
10 1
11 9
12 23
13 22
14 17
15 14
16 19
17 7
18 25
19 0
20 6
21 4
22 3
23 16
24 8
25 21
26 20
SIMILAR

21 4 23 11 1 3 24 25 0 6 5 22 20 15 10 9 13 7 12 17 26 19 2 18 8 16 14 
0 8
1 4
2 22
3 5
4 1
5 10
6 9
7 17
8 24
9 15
10 14
11 3
12 18
13 16
14 26
15 13
16 25
17 19
18 23
19 21
20 12
21 0
22 11
23 2
24 6
25 7
26 20
SIMILAR

15 17 20 3 16 11 24 18 10 19 12 6 14 25 7 1 21 2 26 4 22 5 9 0 8 23 13 
0 23
1 15
2 17
3 3
4 19
5 21
6 11
7 14
8 24
9 22
10 8
11 5
12 10
13 26
14 12
15 0
16 4
17 1
18 7
19 9
20 2
21 16
22 20
23 25
24 6
25 13
26 18
SIMILAR

7 4 21 13 26 16 8 1 23 22 25 24 3 20 5 19 9 2 14 11 18 17 12 0 15 6 10 
0 23
1 7
2 17
3 12
4 1
5 14
6 25
7 0
8 6
9 16
10 26
11 19
12 22
13 3
14 18
15 24
16 5
17 21
18 20
19 15
20 13
21 2
22 9
23 8
24 11
25 10
26 4
SIMILAR

12 21 13 25 24 1 17 10 9 26 16 7 2 23 6 18 11 14 3 5 0 19 22 4 15 20 8 
0 20
1 5
2 12
3 18
4 23
5 19
6 14
7 11
8 26
9 8
10 7
11 16
12 0
13 2
14 17
15 24
16 10
17 6
18 15
19 21
20 25
21 1
22 22
23 13
24 4
25 3
26 9
SIMILAR

5 10 26 19 21 3 2 24 6 12 9 16 23 20 15 18 4 11 13 22 25 14 1 0 17 8 7 
0 23
1 22
2 6
3 5
4 16
5 0
6 8
7 26
8 25
9 10
10 1
11 17
12 9
13 18
14 21
15 14
16 11
17 24
18 15
19 3
20 13
21 4
22 19
23 12
24 7
25 20
26 2
SIMILAR

18 26 21 17 8 23 2 1 20 19 25 5 0 3 13 4 24 7 11 14 22 10 16 9 15 6 12 
0 12
1 7
2 6
3 13
4 15
5 11
6 25
7 17
8 4
9 23
10 21
11 18
12 26
13 14
14 19
15 24
16 22
17 3
18 0
19 9
20 8
21 2
22 20
23 5
24 16
25 10
26 1
SIMILAR

0 12 2 21 16 3 4 9 20 25 7 24 8 1 13 15 19 5 6 17 14 11 10 18 23 22 26 
0 0
1 13
2 2
3 5
4 6
5 17
6 18
7 10
8 12
9 7
10 22
11 21
12 1
13 14
14 20
15 15
16 4
17 19
18 23
19 16
20 8
21 3
22 25
23 24
24 11
25 9
26 26
SIMILAR

17 3 5 26 13 15 18 10 6 24 8 14 11 12 7 25 16 20 4 1 22 19 2 0 23 9 21 
0 23
1 19
2 22
3 1
4 18
5 2
6 8
7 14
8 10
9 25
10 7
11 12
12 13
13 4
14 11
15 5
16 16
17 0
18 6
19 21
20 17
21 26
22 20
23 24
24 9
25 15
26 3
SIMILAR

14 15 12 21 3 23 22 2 5 7 6 1 11 17 8 19 16 18 26 13 25 0 4 9 20 24 10 
0 21
1 11
2 7
3 4
4 22
5 8
6 10
7 9
8 14
9 23
10 26
11 12
12 2
13 19
14 0
15 1
16 16
17 13
18 17
19 15
20 24
21 3
22 6
23 5
24 25
25 20
26 18
SIMILAR

25 13 7 16 17 11 2 3 10 24 26 0 18 19 9 23 4 20 8 12 1 14 21 5 6 22 15 
0 11
1 20
2 6
3 7
4 16
5 23
6 24
7 2
8 18
9 14
10 8
11 5
12 19
13 1
14 21
15 26
16 3
17 4
18 12
19 13
20 17
21 22
22 25
23 15
24 9
25 0
26 10
SIMILAR

15 23 20 9 26 21 11 22 19 1 10 8 16 0 13 12 18 2 24 3 14 4 7 5 17 25 6 
0 13
1 9
2 17
3 19
4 21
5 23
6 26
7 22
8 11
9 3
10 10
11 6
12 15
13 14
14 20
15 0
16 12
17 24
18 16
19 8
20 2
21 5
22 7
23 1
24 18
25 25
26 4
SIMILAR

17 18 14 6 4 13 9 3 15 5 26 22 12 19 10 20 25 16 8 23 7 21 24 0 11 2 1 
0 23
1 26
2 25
3 7
4 4
5 9
6 3
7 20
8 18
9 6
10 14
11 24
12 12
13 5
14 2
15 8
16 17
17 0
18 1
19 13
20 15
21 21
22 11
23 19
24 22
25 16
26 10
SIMILAR

23 24 14 4 17 9 5 3 22 21 6 7 13 18 19 16 25 10 2 15 0 11 1 12 20 8 26 
0 20
1 22
2 18
3 7
4 3
5 6
6 10
7 11
8 25
9 5
10 17
11 21
12 23
13 12
14 2
15 19
16 15
17 4
18 13
19 14
20 24
21 9
22 8
23 0
24 1
25 16
26 26
SIMILAR

14 15 25 19 18 6 23 17 21 11 0 20 16 24 26 8 1 10 13 3 4 22 9 5 2 12 7 
0 10
1 16
2 24
3 19
4 20
5 23
6 5
7 26
8 15
9 22
10 17
11 9
12 25
13 18
14 0
15 1
16 12
17 7
18 4
19 3
20 11
21 8
22 21
23 6
24 13
25 2
26 14
SIMILAR

8 14 16 9 23 7 20 21 2 24 12 25 10 3 18 19 15 1 17 11 22 5 13 4 6 26 0 
0 26
1 17
2 8
3 13
4 23
5 21
6 24
7 5
8 0
9 3
10 12
11 19
12 10
13 22
14 1
15 16
16 2
17 18
18 14
19 15
20 6
21 7
22 20
23 4
24 9
25 11
26 25
SIMILAR

0 20 16 6 21 5 3 15 13 17 11 26 10 22 12 8 19 25 14 1 9 24 23 4 2 7 18 
0 0
1 19
2 24
3 6
4 23
5 5
6 3
7 25
8 15
9 20
10 12
11 10
12 14
13 8
14 18
15 7
16 2
17 9
18 26
19 16
20 1
21 4
22 13
23 22
24 21
25 17
26 11
SIMILAR

18 6 9 1 7 8 14 10 19 3 5 20 15 26 16 2 21 17 23 13 24 25 11 0 22 12 4 
0 23
1 3
2 15
3 9
4 26
5 10
6 1
7 4
8 5
9 2
10 7
11 22
12 25
13 19
14 6
15 12
16 14
17 17
18 0
19 8
20 11
21 16
22 24
23 18
24 20
25 21
26 13
SIMILAR

0 17 2 15 7 5 4 19 13 21 11 1 18 12 14 23 20 22 9 16 24 26 8 10 6 3 25 
0 0
1 11
2 2
3 25
4 6
5 5
6 24
7 4
8 22
9 18
10 23
11 10
12 13
13 8
14 14
15 3
16 19
17 1
18 12
19 7
20 16
21 9
22 17
23 15
24 20
25 26
26 21
SIMILAR

16 7 5 23 2 10 9 0 6 26 24 8 19 4 25 13 20 15 1 12 17 11 22 14 18 21 3 
0 7
1 18
2 4
3 26
4 13
5 2
6 8
7 1
8 11
9 6
10 5
11 21
12 19
13 15
14 23
15 17
16 0
17 20
18 24
19 12
20 16
21 25
22 22
23 3
24 10
25 14
26 9
SIMILAR

14 19 8 3 11 13 2 23 16 9 15 5 6 20 0 18 17 1 7 22 25 24 10 4 12 21 26 
0 14
1 17
2 6
3 3
4 23
5 11
6 12
7 18
8 2
9 9
10 22
11 4
12 24
13 5
14 0
15 10
16 8
17 16
18 15
19 1
20 13
21 25
22 19
23 7
24 21
25 20
26 26
SIMILAR

25 9 6 22 13 7 3 16 20 11 2 17 4 21 26 1 14 19 23 15 24 12 5 10 0 18 8 
0 24
1 15
2 10
3 6
4 12
5 22
6 2
7 5
8 26
9 1
10 23
11 9
12 21
13 4
14 16
15 19
16 7
17 11
18 25
19 17
20 8
21 13
22 3
23 18
24 20
25 0
26 14
SIMILAR

15 10 16 21 4 25 22 26 2 7 12 24 8 14 20 6 11 17 0 5 19 23 13 9 1 3 18 
0 18
1 24
2 8
3 25
4 4
5 19
6 15
7 9
8 12
9 23
10 1
11 16
12 10
13 22
14 13
15 0
16 2
17 17
18 26
19 20
20 14
21 3
22 6
23 21
24 11
25 5
26 7
SIMILAR

0 23 20 10 9 7 25 22 1 11 5 18 24 6 12 13 8 16 19 15 4 21 17 3 14 2 26 
0 0
1 8
2 25
3 23
4 20
5 10
6 13
7 5
8 16
9 4
10 3
11 9
12 14
13 15
14 24
15 19
16 17
17 22
18 11
19 18
20 2
21 21
22 7
23 1
24 12
25 6
26 26
SIMILAR

4 10 22 3 16 1 21 8 13 12 15 7 11 18 14 2 5 19 20 17 6 9 25 24 26 0 23 
0 25
1 5
2 15
3 3
4 0
5 16
6 20
7 11
8 7
9 21
10 1
11 12
12 9
13 8
14 14
15 10
16 4
17 19
18 13
19 17
20 18
21 6
22 2
23 26
24 23
25 22
26 24
SIMILAR

21 26 19 23 10 4 15 12 25 9 16 14 6 5 17 18 3 2 20 7 0 22 1 11 24 8 13 
0 20
1 22
2 17
3 16
4 5
5 13
6 12
7 19
8 25
9 9
10 4
11 23
12 7
13 26
14 11
15 6
16 10
17 14
18 15
19 2
20 18
21 0
22 21
23 3
24 24
25 8
26 1
SIMILAR

21 18 12 13 20 1 22 25 24 9 19 11 3 26 10 23 16 17 5 6 4 7 14 0 2 15 8 
0 23
1 5
2 24
3 12
4 20
5 18
6 19
7 21
8 26
9 9
10 14
11 11
12 2
13 3
14 22
15 25
16 16
17 17
18 1
19 10
20 4
21 0
22 6
23 15
24 8
25 7
26 13
SIMILAR

9 19 12 22 1 18 17 23 5 20 13 8 0 14 7 11 15 3 24 2 10 21 26 4 16 6 25 
0 12
1 4
2 19
3 17
4 23
5 8
6 25
7 14
8 11
9 0
10 20
11 15
12 2
13 10
14 13
15 16
16 24
17 6
18 5
19 1
20 9
21 21
22 3
23 7
24 18
25 26
26 22
SIMILAR

21 14 24 25 17 7 16 1 23 3 20 5 22 2 26 15 12 13 9 6 0 11 10 19 8 4 18 
0 20
1 7
2 13
3 9
4 25
5 11
6 19
7 5
8 24
9 18
10 22
11 21
12 16
13 17
14 1
15 15
16 6
17 4
18 26
19 23
20 10
21 0
22 12
23 8
24 2
25 3
26 14
SIMILAR

20 11 5 14 8 4 0 10 12 2 17 21 18 26 25 24 15 1 22 19 3 7 16 9 23 6 13 
0 6
1 17
2 9
3 20
4 5
5 2
6 25
7 21
8 4
9 23
10 7
11 1
12 8
13 26
14 3
15 16
16 22
17 10
18 12
19 19
20 0
21 11
22 18
23 24
24 15
25 14
26 13
SIMILAR

23 16 18 24 10 4 7 25 1 22 13 6 3 8 19 0 11 9 17 20 12 2 15 26 21 14 5 
0 15
1 8
2 21
3 12
4 5
5 26
6 11
7 6
8 13
9 17
10 4
11 16
12 20
13 10
14 25
15 22
16 1
17 18
18 2
19 14
20 19
21 24
22 9
23 0
24 3
25 7
26 23
SIMILAR

6 18 10 0 2 25 20 16 26 17 15 22 9 3 5 24 8 21 14 1 19 12 11 13 4 7 23 
0 3
1 19
2 4
3 13
4 24
5 14
6 0
7 25
8 16
9 12
10 2
11 22
12 21
13 23
14 18
15 10
16 7
17 9
18 1
19 20
20 6
21 17
22 11
23 26
24 15
25 5
26 8
SIMILAR

2 8 4 7 17 6 14 10 0 26 24 19 20 13 18 15 5 16 11 21 12 1 3 22 9 23 25 
0 8
1 21
2 0
3 22
4 2
5 16
6 5
7 3
8 1
9 24
10 7
11 18
12 20
13 13
14 6
15 15
16 17
17 4
18 14
19 11
20 12
21 19
22 23
23 25
24 10
25 26
26 9
SIMILAR
100 0
2500 0
232500 0
