27
0 1 1 0 0 1 1 0 0 0 1 0 1 1 1 0 1 1 1 1 0 0 1 1 0 0 1 
1 0 0 0 1 1 0 0 0 0 0 0 0 0 1 1 0 1 0 0 0 1 0 0 1 1 1 
1 0 0 1 1 1 1 1 1 1 0 0 1 1 1 1 1 0 0 1 1 1 1 1 1 1 0 
0 0 1 0 1 1 1 1 0 0 1 0 1 0 1 0 1 0 1 1 0 0 0 1 1 1 0 
0 1 1 1 0 0 1 0 1 1 0 0 1 1 0 0 1 1 1 0 0 0 0 1 1 0 1 
1 1 1 1 0 0 0 1 1 0 0 0 0 1 0 1 0 0 1 1 1 1 1 1 1 0 1 
1 0 1 1 1 0 0 1 0 1 0 0 0 0 0 0 1 0 0 0 0 1 0 0 1 1 0 
0 0 1 1 0 1 1 0 1 0 0 0 0 1 0 1 1 1 1 0 0 1 0 0 0 0 1 
0 0 1 0 1 1 0 1 0 0 1 0 1 1 0 1 1 1 0 0 0 0 1 1 0 1 0 
0 0 1 0 1 0 1 0 0 0 0 1 0 0 1 1 1 1 1 0 1 1 0 0 0 1 0 
1 0 0 1 0 0 0 0 1 0 0 0 0 1 1 0 1 1 0 1 1 1 0 1 0 0 1 
0 0 0 0 0 0 0 0 0 1 0 0 0 1 0 1 0 0 0 0 1 1 0 1 1 0 1 
1 0 1 1 1 0 0 0 1 0 0 0 0 1 0 0 1 0 1 0 1 0 0 0 0 1 0 
1 0 1 0 1 1 0 1 1 0 1 1 1 0 0 0 0 0 0 1 0 1 1 1 1 1 1 
1 1 1 1 0 0 0 0 0 1 1 0 0 0 0 0 1 1 0 1 1 0 0 0 0 0 1 
0 1 1 0 0 1 0 1 1 1 0 1 0 0 0 0 1 0 0 0 0 1 1 0 0 0 0 
1 0 1 1 1 0 1 1 1 1 1 0 1 0 1 1 0 0 1 0 0 0 1 1 0 1 1 
1 1 0 0 1 0 0 1 1 1 1 0 0 0 1 0 0 0 0 0 0 0 0 0 0 0 1 
1 0 0 1 1 1 0 1 0 1 0 0 1 0 0 0 1 0 0 1 1 0 1 0 1 0 0 
1 0 1 1 0 1 0 0 0 0 1 0 0 1 1 0 0 0 1 0 0 0 0 0 1 0 1 
0 0 1 0 0 1 0 0 0 1 1 1 1 0 1 0 0 0 1 0 0 0 1 1 0 0 0 
0 1 1 0 0 1 1 1 0 1 1 1 0 1 0 1 0 0 0 0 0 0 1 0 0 0 1 
1 0 1 0 0 1 0 0 1 0 0 0 0 1 0 1 1 0 1 0 1 1 0 1 0 1 0 
1 0 1 1 1 1 0 0 1 0 1 1 0 1 0 0 1 0 0 0 1 0 1 0 1 0 1 
0 1 1 1 1 1 1 0 0 0 0 1 0 1 0 0 0 0 1 1 0 0 0 1 0 0 0 
0 1 1 1 0 0 1 0 1 1 0 0 1 1 0 0 1 0 0 0 0 0 1 0 0 0 1 
1 1 0 0 1 1 0 1 0 0 1 1 0 1 1 0 1 1 0 1 0 1 0 1 0 1 0 

1 23 13 22 11 24 8 17 21 9 6 20 10 3 25 0 2 4 7 12 15 19 18 26 14 16 5 
0 15
1 0
2 16
3 13
4 17
5 26
6 10
7 18
8 6
9 9
10 12
11 4
12 19
13 2
14 24
15 20
16 25
17 7
18 22
19 21
20 11
21 8
22 3
23 1
24 5
25 14
26 23
SIMILAR

16 23 12 9 4 25 20 11 17 3 0 8 2 1 15 26 5 21 7 6 14 13 19 24 10 22 18 
0 10
1 13
2 12
3 9
4 4
5 16
6 19
7 18
8 11
9 3
10 24
11 7
12 2
13 21
14 20
15 14
16 0
17 8
18 26
19 22
20 6
21 17
22 25
23 1
24 23
25 5
26 15
SIMILAR

18 22 26 10 23 11 7 9 8 13 19 20 5 2 15 4 25 0 16 6 24 21 12 3 1 17 14 
0 17
1 24
2 13
3 23
4 15
5 12
6 19
7 6
8 8
9 7
10 3
11 5
12 22
13 9
14 26
15 14
16 18
17 25
18 0
19 10
20 11
21 21
22 1
23 4
24 20
25 16
26 2
SIMILAR

15 7 14 12 9 1 4 25 10 2 21 22 5 19 24 8 13 17 23 20 26 18 3 11 0 6 16 
0 24
1 5
2 9
3 22
4 6
5 12
6 25
7 1
8 15
9 4
10 8
11 23
12 3
13 16
14 2
15 0
16 26
17 17
18 21
19 13
20 19
21 10
22 11
23 18
24 14
25 7
26 20
SIMILAR

17 14 0 3 9 10 22 4 11 13 18 12 8 1 7 6 20 21 2 5 16 19 24 15 26 23 25 
0 2
1 13
2 18
3 3
4 7
5 19
6 15
7 14
8 12
9 4
10 5
11 8
12 11
13 9
14 1
15 23
16 20
17 0
18 10
19 21
20 16
21 17
22 6
23 25
24 22
25 26
26 24
SIMILAR

6 13 7 16 24 14 3 8 23 25 11 15 18 21 9 17 10 19 22 20 26 12 0 1 4 5 2 
0 22
1 23
2 26
3 6
4 24
5 25
6 0
7 2
8 7
9 14
10 16
11 10
12 21
13 1
14 5
15 11
16 3
17 15
18 12
19 17
20 19
21 13
22 18
23 8
24 4
25 9
26 20
SIMILAR

26 19 15 12 1 0 7 14 4 20 10 21 24 8 9 23 16 3 22 5 18 13 25 2 11 6 17 
0 5
1 4
2 23
3 17
4 8
5 19
6 25
7 6
8 13
9 14
10 10
11 24
12 3
13 21
14 7
15 2
16 16
17 26
18 20
19 1
20 9
21 11
22 18
23 15
24 12
25 22
26 0
SIMILAR

3 19 2 16 17 21 1 9 22 5 15 14 23 24 0 7 18 20 11 6 8 25 4 26 13 10 12 
0 14
1 6
2 2
3 0
4 22
5 9
6 19
7 15
8 20
9 7
10 25
11 18
12 26
13 24
14 11
15 10
16 3
17 4
18 16
19 1
20 17
21 5
22 8
23 12
24 13
25 21
26 23
SIMILAR

16 18 17 24 5 6 13 3 8 4 15 23 10 21 25 26 0 7 22 2 14 12 19 9 1 20 11 
0 16
1 24
2 19
3 7
4 9
5 4
6 5
7 17
8 8
9 23
10 12
11 26
12 21
13 6
14 20
15 10
16 0
17 2
18 1
19 22
20 25
21 13
22 18
23 11
24 3
25 14
26 15
SIMILAR

18 14 1 21 7 6 12 8 0 20 5 26 15 23 10 3 22 13 4 17 9 24 19 25 16 2 11 
0 8
1 2
2 25
3 15
4 18
5 10
6 5
7 4
8 7
9 20
10 14
11 26
12 6
13 17
14 1
15 12
16 24
17 19
18 0
19 22
20 9
21 3
22 16
23 13
24 21
25 23
26 11
SIMILAR

6 20 0 25 5 16 10 26 1 3 23 14 15 19 13 4 21 18 7 22 12 9 24 2 8 11 17 
0 2
1 8
2 23
3 9
4 15
5 4
6 0
7 18
8 24
9 21
10 6
11 25
12 20
13 14
14 11
15 12
16 5
17 26
18 17
19 13
20 1
21 16
22 19
23 10
24 22
25 3
26 7
SIMILAR

24 15 25 5 16 3 18 6 17 21 10 4 11 13 19 23 0 2 12 1 26 14 8 7 22 9 20 
0 16
1 19
2 17
3 5
4 11
5 3
6 7
7 23
8 22
9 25
10 10
11 12
12 18
13 13
14 21
15 1
16 4
17 8
18 6
19 14
20 26
21 9
22 24
23 15
24 0
25 2
26 20
SIMILAR

10 19 3 13 15 7 6 5 8 24 21 20 23 16 17 14 0 1 11 9 26 22 4 2 25 12 18 
0 16
1 17
2 23
3 2
4 22
5 7
6 6
7 5
8 8
9 19
10 0
11 18
12 25
13 3
14 15
15 4
16 13
17 14
18 26
19 1
20 11
21 10
22 21
23 12
24 9
25 24
26 20
SIMILAR

13 2 16 12 26 24 20 9 15 1 7 19 6 17 21 4 25 14 3 0 11 23 5 8 22 18 10 
0 19
1 9
2 1
3 18
4 15
5 22
6 12
7 10
8 23
9 7
10 26
11 20
12 3
13 0
14 17
15 8
16 2
17 13
18 25
19 11
20 6
21 14
22 24
23 21
24 5
25 16
26 4
SIMILAR

15 6 4 17 23 10 16 8 13 24 9 22 1 11 12 19 25 2 5 0 18 14 20 7 26 21 3 
0 19
1 12
2 17
3 26
4 2
5 18
6 1
7 23
8 7
9 10
10 5
11 13
12 14
13 8
14 21
15 0
16 6
17 3
18 20
19 15
20 22
21 25
22 11
23 4
24 9
25 16
26 24
SIMILAR

6 16 22 18 12 1 26 5 0 10 11 4 9 24 17 23 19 2 13 3 20 25 7 8 21 14 15 
0 8
1 5
2 17
3 19
4 11
5 7
6 0
7 22
8 23
9 12
10 9
11 10
12 4
13 18
14 25
15 26
16 1
17 14
18 3
19 16
20 20
21 24
22 2
23 15
24 13
25 21
26 6
SIMILAR

26 15 14 13 16 1 22 7 0 4 3 10 20 17 5 2 18 24 21 9 23 6 19 11 12 25 8 
0 8
1 5
2 15
3 10
4 9
5 14
6 21
7 7
8 26
9 19
10 11
11 23
12 24
13 3
14 2
15 1
16 4
17 13
18 16
19 22
20 12
21 18
22 6
23 20
24 17
25 25
26 0
SIMILAR

10 5 3 2 11 22 12 20 0 16 4 1 18 25 15 23 21 19 24 9 8 13 7 26 14 17 6 
0 8
1 11
2 3
3 2
4 10
5 1
6 26
7 22
8 20
9 19
10 0
11 4
12 6
13 21
14 24
15 14
16 9
17 25
18 12
19 17
20 7
21 16
22 5
23 15
24 18
25 13
26 23
SIMILAR

17 24 6 20 4 5 0 7 13 14 8 10 2 9 26 16 15 25 22 19 23 12 21 18 11 3 1 
0 6
1 26
2 12
3 25
4 4
5 5
6 2
7 7
8 10
9 13
10 11
11 24
12 21
13 8
14 9
15 16
16 15
17 0
18 23
19 19
20 3
21 22
22 18
23 20
24 1
25 17
26 14
SIMILAR

0 12 7 3 15 16 6 22 5 21 2 11 1 25 17 26 9 4 14 18 8 13 19 20 24 10 23 
0 0
1 12
2 10
3 3
4 17
5 8
6 6
7 2
8 20
9 16
10 25
11 11
12 1
13 21
14 18
15 4
16 5
17 14
18 19
19 22
20 23
21 9
22 7
23 26
24 24
25 13
26 15
SIMILAR

23 17 19 3 14 13 6 18 0 26 4 15 24 2 8 22 20 1 21 16 12 25 5 10 7 9 11 
0 8
1 17
2 13
3 3
4 10
5 22
6 6
7 24
8 14
9 25
10 23
11 26
12 20
13 5
14 4
15 11
16 19
17 1
18 7
19 2
20 16
21 18
22 15
23 0
24 12
25 21
26 9
SIMILAR

22 1 5 18 11 14 25 3 21 24 9 4 19 6 0 15 2 13 17 20 7 23 16 10 12 26 8 
0 14
1 1
2 16
3 7
4 11
5 2
6 13
7 20
8 26
9 10
10 23
11 4
12 24
13 17
14 5
15 15
16 22
17 18
18 3
19 12
20 19
21 8
22 0
23 21
24 9
25 6
26 25
SIMILAR

15 18 13 6 22 3 24 26 10 7 23 4 21 16 0 1 12 17 9 19 25 11 20 8 2 14 5 
0 14
1 15
2 24
3 5
4 11
5 26
6 3
7 9
8 23
9 18
10 8
11 21
12 16
13 2
14 25
15 0
16 13
17 17
18 1
19 19
20 22
21 12
22 4
23 10
24 6
25 20
26 7
SIMILAR

18 16 13 8 4 15 9 26 25 23 5 24 21 2 14 20 17 0 3 22 6 10 19 7 12 1 11 
0 17
1 25
2 13
3 18
4 4
5 10
6 20
7 23
8 3
9 6
10 21
11 26
12 24
13 2
14 14
15 5
16 1
17 16
18 0
19 22
20 15
21 12
22 19
23 9
24 11
25 8
26 7
SIMILAR

22 5 15 4 0 16 2 23 7 26 20 9 19 24 6 10 8 1 12 25 21 11 18 3 17 14 13 
0 4
1 17
2 6
3 23
4 3
5 1
6 14
7 8
8 16
9 11
10 15
11 21
12 18
13 26
14 25
15 2
16 5
17 24
18 22
19 12
20 10
21 20
22 0
23 7
24 13
25 19
26 9
SIMILAR

25 23 1 26 10 13 7 9 22 18 17 15 14 24 8 2 3 20 4 21 0 11 16 5 12 6 19 
0 20
1 2
2 15
3 16
4 18
5 23
6 25
7 6
8 14
9 7
10 4
11 21
12 24
13 5
14 12
15 11
16 22
17 10
18 9
19 26
20 17
21 19
22 8
23 1
24 13
25 0
26 3
SIMILAR

24 2 10 16 18 26 4 19 12 17 9 20 22 3 23 1 5 13 0 11 6 7 8 25 21 15 14 
0 18
1 15
2 1
3 13
4 6
5 16
6 20
7 21
8 22
9 10
10 2
11 19
12 8
13 17
14 26
15 25
16 3
17 9
18 4
19 7
20 11
21 24
22 12
23 14
24 0
25 23
26 5
SIMILAR

26 15 24 16 25 20 12 14 5 23 22 0 3 8 10 7 11 17 4 19 9 18 13 21 2 6 1 
0 11
1 26
2 24
3 12
4 18
5 8
6 25
7 15
8 13
9 20
10 14
11 16
12 6
13 22
14 7
15 1
16 3
17 17
18 21
19 19
20 5
21 23
22 10
23 9
24 2
25 4
26 0
SIMILAR

11 15 14 0 25 7 17 9 12 1 21 19 13 22 20 26 5 10 6 2 18 4 23 8 3 16 24 
0 3
1 9
2 19
3 24
4 21
5 16
6 18
7 5
8 23
9 7
10 17
11 0
12 8
13 12
14 2
15 1
16 25
17 6
18 20
19 11
20 14
21 10
22 13
23 22
24 26
25 4
26 15
SIMILAR

23 7 1 18 20 3 16 14 12 4 0 22 26 8 21 13 19 25 2 11 6 5 9 24 17 15 10 
0 10
1 2
2 18
3 5
4 9
5 21
6 20
7 1
8 13
9 22
10 26
11 19
12 8
13 15
14 7
15 25
16 6
17 24
18 3
19 16
20 4
21 14
22 11
23 0
24 23
25 17
26 12
SIMILAR

12 1 26 10 11 8 13 18 5 3 0 14 2 23 9 6 22 21 17 24 4 16 20 15 25 19 7 
0 10
1 1
2 12
3 9
4 20
5 8
6 15
7 26
8 5
9 14
10 3
11 4
12 0
13 6
14 11
15 23
16 21
17 18
18 7
19 25
20 22
21 17
22 16
23 13
24 19
25 24
26 2
SIMILAR

12 4 1 8 7 23 0 17 10 14 5 20 6 19 21 26 25 15 2 11 16 24 13 3 18 22 9 
0 6
1 2
2 18
3 23
4 1
5 10
6 12
7 4
8 3
9 26
10 8
11 19
12 0
13 22
14 9
15 17
16 20
17 7
18 24
19 13
20 11
21 14
22 25
23 5
24 21
25 16
26 15
SIMILAR

9 12 4 7 6 1 21 16 18 19 8 2 20 25 17 5 24 15 11 23 10 3 0 26 14 22 13 
0 22
1 5
2 11
3 21
4 2
5 15
6 4
7 3
8 10
9 0
10 20
11 18
12 1
13 26
14 24
15 17
16 7
17 14
18 8
19 9
20 12
21 6
22 25
23 19
24 16
25 13
26 23
SIMILAR

22 3 26 12 7 16 0 4 18 24 15 23 20 11 2 9 14 19 5 21 8 13 1 10 6 17 25 
0 6
1 22
2 14
3 1
4 7
5 18
6 24
7 4
8 20
9 15
10 23
11 13
12 3
13 21
14 16
15 10
16 5
17 25
18 8
19 17
20 12
21 19
22 0
23 11
24 9
25 26
26 2
SIMILAR

2 15 11 16 24 17 8 1 6 5 10 22 13 7 20 3 4 14 0 26 25 9 19 18 21 12 23 
0 18
1 7
2 0
3 15
4 16
5 9
6 8
7 13
8 6
9 21
10 10
11 2
12 25
13 12
14 17
15 1
16 3
17 5
18 23
19 22
20 14
21 24
22 11
23 26
24 4
25 20
26 19
SIMILAR

23 6 8 11 17 25 1 16 5 12 22 26 7 3 21 2 15 20 19 4 14 9 13 0 24 18 10 
0 23
1 6
2 15
3 13
4 19
5 8
6 1
7 12
8 2
9 21
10 26
11 3
12 9
13 22
14 20
15 16
16 7
17 4
18 25
19 18
20 17
21 14
22 10
23 0
24 24
25 5
26 11
SIMILAR

2 14 20 24 5 16 1 7 6 13 9 19 11 10 4 23 25 8 15 18 12 17 21 0 22 3 26 
0 23
1 6
2 0
3 25
4 14
5 4
6 8
7 7
8 17
9 10
10 13
11 12
12 20
13 9
14 1
15 18
16 5
17 21
18 19
19 11
20 2
21 22
22 24
23 15
24 3
25 16
26 26
SIMILAR

25 14 17 15 13 20 22 9 1 4 19 8 23 12 11 24 2 7 21 6 18 5 10 26 0 3 16 
0 24
1 8
2 16
3 25
4 9
5 21
6 19
7 17
8 11
9 7
10 22
11 14
12 13
13 4
14 1
15 3
16 26
17 2
18 20
19 10
20 5
21 18
22 6
23 12
24 15
25 0
26 23
SIMILAR

15 3 9 22 20 6 5 17 10 12 0 11 19 23 4 1 13 21 16 26 7 24 25 18 2 14 8 
0 10
1 15
2 24
3 1
4 14
5 6
6 5
7 20
8 26
9 2
10 8
11 11
12 9
13 16
14 25
15 0
16 18
17 7
18 23
19 12
20 4
21 17
22 3
23 13
24 21
25 22
26 19
SIMILAR

23 17 21 5 12 15 25 0 18 4 24 16 1 10 19 7 14 22 13 20 8 26 2 3 11 9 6 
0 7
1 12
2 22
3 23
4 9
5 3
6 26
7 15
8 20
9 25
10 13
11 24
12 4
13 18
14 16
15 5
16 11
17 1
18 8
19 14
20 19
21 2
22 17
23 0
24 10
25 6
26 21
SIMILAR

6 0 24 26 22 25 2 11 13 18 19 3 15 12 21 1 7 16 20 5 9 4 23 8 10 14 17 
0 1
1 15
2 6
3 11
4 21
5 19
6 0
7 16
8 23
9 20
10 24
11 7
12 13
13 8
14 25
15 12
16 17
17 26
18 9
19 10
20 18
21 14
22 4
23 22
24 2
25 5
26 3
SIMILAR

17 3 12 2 21 19 13 26 7 5 0 9 6 11 14 25 20 24 18 10 16 1 22 8 4 23 15 
0 10
1 21
2 3
3 1
4 24
5 9
6 12
7 8
8 23
9 11
10 19
11 13
12 2
13 6
14 14
15 26
16 20
17 0
18 18
19 5
20 16
21 4
22 22
23 25
24 17
25 15
26 7
SIMILAR

26 7 9 17 21 11 4 20 8 12 18 23 13 24 1 19 15 6 10 16 14 0 5 25 22 3 2 
0 21
1 14
2 26
3 25
4 6
5 22
6 17
7 1
8 8
9 2
10 18
11 5
12 9
13 12
14 20
15 16
16 19
17 3
18 10
19 15
20 7
21 4
22 24
23 11
24 13
25 23
26 0
SIMILAR

5 14 21 10 22 13 6 23 26 17 2 3 12 11 19 0 25 7 1 18 4 24 9 16 20 15 8 
0 15
1 18
2 10
3 11
4 20
5 0
6 6
7 17
8 26
9 22
10 3
11 13
12 12
13 5
14 1
15 25
16 23
17 9
18 19
19 14
20 24
21 2
22 4
23 7
24 21
25 16
26 8
SIMILAR

5 13 2 11 20 9 25 18 10 1 4 19 12 15 3 17 14 0 22 16 26 7 23 21 24 8 6 
0 17
1 9
2 2
3 14
4 10
5 0
6 26
7 21
8 25
9 5
10 8
11 3
12 12
13 1
14 16
15 13
16 19
17 15
18 7
19 11
20 4
21 23
22 18
23 22
24 24
25 6
26 20
SIMILAR

3 25 0 5 14 9 8 20 7 13 18 15 16 4 24 23 10 6 11 12 17 19 26 22 21 2 1 
0 2
1 26
2 25
3 0
4 13
5 3
6 17
7 8
8 6
9 5
10 16
11 18
12 19
13 9
14 4
15 11
16 12
17 20
18 10
19 21
20 7
21 24
22 23
23 15
24 14
25 1
26 22
SIMILAR

6 16 15 2 18 17 4 7 19 8 26 1 10 12 9 25 13 3 24 0 20 21 14 5 11 23 22 
0 19
1 11
2 3
3 17
4 6
5 23
6 0
7 7
8 9
9 14
10 12
11 24
12 13
13 16
14 22
15 2
16 1
17 5
18 4
19 8
20 20
21 21
22 26
23 25
24 18
25 15
26 10
SIMILAR

16 10 5 15 22 6 4 9 0 24 13 11 19 25 20 18 23 8 21 12 17 1 3 7 26 2 14 
0 8
1 21
2 25
3 22
4 6
5 2
6 5
7 23
8 17
9 7
10 1
11 11
12 19
13 10
14 26
15 3
16 0
17 20
18 15
19 12
20 14
21 18
22 4
23 16
24 9
25 13
26 24
SIMILAR

22 10 4 11 16 23 15 17 20 5 13 19 21 1 25 0 12 6 2 3 24 9 26 7 14 8 18 
0 15
1 13
2 18
3 19
4 2
5 9
6 17
7 23
8 25
9 21
10 1
11 3
12 16
13 10
14 24
15 6
16 4
17 7
18 26
19 11
20 8
21 12
22 0
23 5
24 20
25 14
26 22
SIMILAR

16 19 7 21 18 12 11 17 5 9 8 10 2 1 24 13 0 25 4 26 22 15 23 14 3 6 20 
0 16
1 13
2 12
3 24
4 18
5 8
6 25
7 2
8 10
9 9
10 11
11 6
12 5
13 15
14 23
15 21
16 0
17 7
18 4
19 1
20 26
21 3
22 20
23 22
24 14
25 17
26 19
SIMILAR

0 24 16 8 6 20 10 26 23 21 17 18 13 3 4 11 5 9 22 15 1 2 7 25 14 19 12 
0 0
1 20
2 21
3 13
4 14
5 16
6 4
7 22
8 3
9 17
10 6
11 15
12 26
13 12
14 24
15 19
16 2
17 10
18 11
19 25
20 5
21 9
22 18
23 8
24 1
25 23
26 7
SIMILAR

25 0 26 11 21 10 8 9 18 17 12 24 16 20 22 6 23 7 3 1 13 19 5 14 2 15 4 
0 1
1 19
2 24
3 18
4 26
5 22
6 15
7 17
8 6
9 7
10 5
11 3
12 10
13 20
14 23
15 25
16 12
17 9
18 8
19 21
20 13
21 4
22 14
23 16
24 11
25 0
26 2
SIMILAR

6 16 10 24 15 1 13 22 8 17 12 26 20 14 4 19 23 21 18 3 5 2 11 7 9 0 25 
0 25
1 5
2 21
3 19
4 14
5 20
6 0
7 23
8 8
9 24
10 2
11 22
12 10
13 6
14 13
15 4
16 1
17 9
18 18
19 15
20 12
21 17
22 7
23 16
24 3
25 26
26 11
SIMILAR

1 20 6 19 25 9 11 12 4 14 2 16 13 10 8 21 24 3 26 22 5 17 23 15 0 7 18 
0 24
1 0
2 10
3 17
4 8
5 20
6 2
7 25
8 14
9 5
10 13
11 6
12 7
13 12
14 9
15 23
16 11
17 21
18 26
19 3
20 1
21 15
22 19
23 22
24 16
25 4
26 18
SIMILAR

10 26 2 15 25 20 11 8 12 21 4 19 13 24 7 5 22 1 18 0 14 16 6 3 17 9 23 
0 19
1 17
2 2
3 23
4 10
5 15
6 22
7 14
8 7
9 25
10 0
11 6
12 8
13 12
14 20
15 3
16 21
17 24
18 18
19 11
20 5
21 9
22 16
23 26
24 13
25 4
26 1
SIMILAR

25 23 9 19 5 0 1 26 18 8 4 7 21 20 12 6 14 11 10 15 16 22 13 3 17 24 2 
0 5
1 6
2 26
3 23
4 10
5 4
6 15
7 11
8 9
9 2
10 18
11 17
12 14
13 22
14 16
15 19
16 20
17 24
18 8
19 3
20 13
21 12
22 21
23 1
24 25
25 0
26 7
SIMILAR

15 23 13 5 14 2 22 25 9 11 20 17 26 6 0 10 16 19 1 3 18 4 21 24 8 12 7 
0 14
1 18
2 5
3 19
4 21
5 3
6 13
7 26
8 24
9 8
10 15
11 9
12 25
13 2
14 4
15 0
16 16
17 11
18 20
19 17
20 10
21 22
22 6
23 1
24 23
25 7
26 12
SIMILAR

20 9 13 2 10 0 4 7 26 25 11 16 12 17 14 19 21 3 23 22 5 15 8 18 6 1 24 
0 5
1 25
2 3
3 17
4 6
5 20
6 24
7 7
8 22
9 1
10 4
11 10
12 12
13 2
14 14
15 21
16 11
17 13
18 23
19 15
20 0
21 16
22 19
23 18
24 26
25 9
26 8
SIMILAR

1 21 15 10 19 11 25 4 26 0 2 17 14 8 16 24 23 12 7 18 20 13 3 6 22 5 9 
0 9
1 0
2 10
3 22
4 7
5 25
6 23
7 18
8 13
9 26
10 3
11 5
12 17
13 21
14 12
15 2
16 14
17 11
18 19
19 4
20 20
21 1
22 24
23 16
24 15
25 6
26 8
SIMILAR

10 22 2 23 14 26 21 16 17 7 15 24 6 18 12 1 8 13 19 0 4 20 9 3 11 25 5 
0 19
1 15
2 2
3 23
4 20
5 26
6 12
7 9
8 16
9 22
10 0
11 24
12 14
13 17
14 4
15 10
16 7
17 8
18 13
19 18
20 21
21 6
22 1
23 3
24 11
25 25
26 5
SIMILAR

12 4 24 3 5 19 18 23 25 26 15 1 6 7 10 0 8 16 2 17 20 21 14 22 9 11 13 
0 15
1 11
2 18
3 3
4 1
5 4
6 12
7 13
8 16
9 24
10 14
11 25
12 0
13 26
14 22
15 10
16 17
17 19
18 6
19 5
20 20
21 21
22 23
23 7
24 2
25 8
26 9
SIMILAR

19 15 10 3 4 21 0 25 2 24 11 7 17 9 20 18 23 12 14 1 16 5 6 8 22 13 26 
0 6
1 19
2 8
3 3
4 4
5 21
6 22
7 11
8 23
9 13
10 2
11 10
12 17
13 25
14 18
15 1
16 20
17 12
18 15
19 0
20 14
21 5
22 24
23 16
24 9
25 7
26 26
SIMILAR

4 20 16 0 19 5 23 9 13 3 11 14 6 22 12 21 8 15 26 24 25 18 10 2 1 7 17 
0 3
1 24
2 23
3 9
4 0
5 5
6 12
7 25
8 16
9 7
10 22
11 10
12 14
13 8
14 11
15 17
16 2
17 26
18 21
19 4
20 1
21 15
22 13
23 6
24 19
25 20
26 18
SIMILAR

26 24 25 8 16 18 17 2 3 23 20 11 12 6 15 22 9 21 4 0 19 13 1 10 7 14 5 
0 19
1 22
2 7
3 8
4 18
5 26
6 13
7 24
8 3
9 16
10 23
11 11
12 12
13 21
14 25
15 14
16 4
17 6
18 5
19 20
20 10
21 17
22 15
23 9
24 1
25 2
26 0
SIMILAR

19 9 16 14 2 18 24 3 23 8 20 13 0 21 12 10 26 4 15 7 11 5 17 6 25 22 1 
0 12
1 26
2 4
3 7
4 17
5 21
6 23
7 19
8 9
9 1
10 15
11 20
12 14
13 11
14 3
15 18
16 2
17 22
18 5
19 0
20 10
21 13
22 25
23 8
24 6
25 24
26 16
SIMILAR

21 16 10 2 13 24 9 6 25 1 3 20 22 5 23 19 7 18 14 12 4 8 0 26 11 17 15 
0 22
1 9
2 3
3 10
4 20
5 13
6 7
7 16
8 21
9 6
10 2
11 24
12 19
13 4
14 18
15 26
16 1
17 25
18 17
19 15
20 11
21 0
22 12
23 14
24 5
25 8
26 23
SIMILAR

8 7 0 10 17 16 4 22 2 19 23 1 21 5 11 18 3 25 20 14 12 13 9 26 6 15 24 
0 2
1 11
2 8
3 16
4 6
5 13
6 24
7 1
8 0
9 22
10 3
11 14
12 20
13 21
14 19
15 25
16 5
17 4
18 15
19 9
20 18
21 12
22 7
23 10
24 26
25 17
26 23
SIMILAR

4 1 11 6 7 8 10 17 15 23 14 19 26 18 9 5 12 2 20 24 0 22 21 25 3 16 13 
0 20
1 1
2 17
3 24
4 0
5 15
6 3
7 4
8 5
9 14
10 6
11 2
12 16
13 26
14 10
15 8
16 25
17 7
18 13
19 11
20 18
21 22
22 21
23 9
24 19
25 23
26 12
SIMILAR

1 12 26 16 7 25 5 13 20 3 9 11 4 10 8 24 22 19 17 15 21 23 18 14 6 0 2 
0 25
1 0
2 26
3 9
4 12
5 6
6 24
7 4
8 14
9 10
10 13
11 11
12 1
13 7
14 23
15 19
16 3
17 18
18 22
19 17
20 8
21 20
22 16
23 21
24 15
25 5
26 2
SIMILAR

0 19 12 2 4 16 18 24 6 15 11 22 17 3 23 21 26 7 5 13 9 20 10 8 1 25 14 
0 0
1 24
2 3
3 13
4 4
5 18
6 8
7 17
8 23
9 20
10 22
11 10
12 2
13 19
14 26
15 9
16 5
17 12
18 6
19 1
20 21
21 15
22 11
23 14
24 7
25 25
26 16
SIMILAR

26 16 9 18 8 4 3 1 25 17 22 2 7 11 13 14 23 20 24 21 0 12 10 5 6 19 15 
0 20
1 7
2 11
3 6
4 5
5 23
6 24
7 12
8 4
9 2
10 22
11 13
12 21
13 14
14 15
15 26
16 1
17 9
18 3
19 25
20 17
21 19
22 10
23 16
24 18
25 8
26 0
SIMILAR

9 8 24 3 18 26 19 25 15 21 5 22 10 0 12 6 4 1 2 11 20 13 14 16 17 7 23 
0 13
1 17
2 18
3 3
4 16
5 10
6 15
7 25
8 1
9 0
10 12
11 19
12 14
13 21
14 22
15 8
16 23
17 24
18 4
19 6
20 20
21 9
22 11
23 26
24 2
25 7
26 5
SIMILAR

17 11 14 13 12 5 26 15 24 10 18 25 22 9 1 6 8 20 16 19 21 2 23 0 4 7 3 
0 23
1 14
2 21
3 26
4 24
5 5
6 15
7 25
8 16
9 13
10 9
11 1
12 4
13 3
14 2
15 7
16 18
17 0
18 10
19 19
20 17
21 20
22 12
23 22
24 8
25 11
26 6
SIMILAR

25 5 19 24 3 6 12 11 22 9 17 2 4 23 16 21 8 13 14 26 10 1 0 15 18 7 20 
0 22
1 21
2 11
3 4
4 12
5 1
6 5
7 25
8 16
9 9
10 20
11 7
12 6
13 17
14 18
15 23
16 14
17 10
18 24
19 2
20 26
21 15
22 8
23 13
24 3
25 0
26 19
SIMILAR

24 3 26 9 0 8 19 23 10 7 2 6 16 1 13 11 20 21 5 18 15 17 25 4 22 12 14 
0 4
1 13
2 10
3 1
4 23
5 18
6 11
7 9
8 5
9 3
10 8
11 15
12 25
13 14
14 26
15 20
16 12
17 21
18 19
19 6
20 16
21 17
22 24
23 7
24 0
25 22
26 2
SIMILAR

14 25 20 18 9 11 22 13 15 19 7 5 2 23 24 26 16 6 21 1 4 17 3 12 10 0 8 
0 25
1 19
2 12
3 22
4 20
5 11
6 17
7 10
8 26
9 4
10 24
11 5
12 23
13 7
14 0
15 8
16 16
17 21
18 3
19 9
20 2
21 18
22 6
23 13
24 14
25 1
26 15
SIMILAR

2 11 5 21 14 7 17 19 0 3 16 20 13 4 22 6 23 12 15 25 10 26 24 8 9 1 18 
0 8
1 25
2 0
3 9
4 13
5 2
6 15
7 5
8 23
9 24
10 20
11 1
12 17
13 12
14 4
15 18
16 10
17 6
18 26
19 7
20 11
21 3
22 14
23 16
24 22
25 19
26 21
SIMILAR

21 19 6 16 14 20 26 18 13 3 8 25 11 1 17 5 15 24 10 0 4 12 2 23 22 7 9 
0 19
1 13
2 22
3 9
4 20
5 15
6 2
7 25
8 10
9 26
10 18
11 12
12 21
13 8
14 4
15 16
16 3
17 14
18 7
19 1
20 5
21 0
22 24
23 23
24 17
25 11
26 6
SIMILAR

23 25 6 7 2 5 8 26 16 13 3 15 18 11 1 17 10 9 22 12 21 19 24 14 0 20 4 
0 24
1 14
2 4
3 10
4 26
5 5
6 2
7 3
8 6
9 17
10 16
11 13
12 19
13 9
14 23
15 11
16 8
17 15
18 12
19 21
20 25
21 20
22 18
23 0
24 22
25 1
26 7
SIMILAR

4 18 6 24 19 13 25 3 2 23 12 21 1 15 8 16 0 9 17 11 22 20 10 14 5 26 7 
0 16
1 12
2 8
3 7
4 0
5 24
6 2
7 26
8 14
9 17
10 22
11 19
12 10
13 5
14 23
15 13
16 15
17 18
18 1
19 4
20 21
21 11
22 20
23 9
24 3
25 6
26 25
SIMILAR

7 18 13 23 0 24 11 19 5 25 8 22 10 15 26 1 14 17 12 4 3 16 20 9 21 2 6 
0 4
1 15
2 25
3 20
4 19
5 8
6 26
7 0
8 10
9 23
10 12
11 6
12 18
13 2
14 16
15 13
16 21
17 17
18 1
19 7
20 22
21 24
22 11
23 3
24 5
25 9
26 14
SIMILAR

14 12 3 4 25 2 6 11 26 19 18 16 15 5 24 21 0 13 10 8 23 7 9 1 22 17 20 
0 16
1 23
2 5
3 2
4 3
5 13
6 6
7 21
8 19
9 22
10 18
11 7
12 1
13 17
14 0
15 12
16 11
17 25
18 10
19 9
20 26
21 15
22 24
23 20
24 14
25 4
26 8
SIMILAR

24 10 1 5 16 21 11 7 26 8 0 17 25 14 22 13 2 6 9 4 15 3 23 12 19 18 20 
0 10
1 2
2 16
3 21
4 19
5 3
6 17
7 7
8 9
9 18
10 1
11 6
12 23
13 15
14 13
15 20
16 4
17 11
18 25
19 24
20 26
21 5
22 14
23 22
24 0
25 12
26 8
SIMILAR

17 9 13 12 20 2 15 3 11 25 5 18 6 7 4 23 10 21 0 22 1 24 8 19 14 16 26 
0 18
1 20
2 5
3 7
4 14
5 10
6 12
7 13
8 22
9 1
10 16
11 8
12 3
13 2
14 24
15 6
16 25
17 0
18 11
19 23
20 4
21 17
22 19
23 15
24 21
25 9
26 26
SIMILAR

16 12 22 4 0 5 19 17 15 2 23 11 24 14 26 21 9 1 13 18 25 3 10 7 6 8 20 
0 4
1 17
2 9
3 21
4 3
5 5
6 24
7 23
8 25
9 16
10 22
11 11
12 1
13 18
14 13
15 8
16 0
17 7
18 19
19 6
20 26
21 15
22 2
23 10
24 12
25 20
26 14
SIMILAR

17 2 10 4 20 21 7 15 25 8 18 14 11 19 13 12 6 9 16 26 23 1 5 0 3 24 22 
0 23
1 21
2 1
3 24
4 3
5 22
6 16
7 6
8 9
9 17
10 2
11 12
12 15
13 14
14 11
15 7
16 18
17 0
18 10
19 13
20 4
21 5
22 26
23 20
24 25
25 8
26 19
SIMILAR

3 21 4 10 12 23 8 9 17 19 7 20 13 1 24 16 18 0 2 14 11 6 5 26 22 25 15 
0 17
1 13
2 18
3 0
4 2
5 22
6 21
7 10
8 6
9 7
10 3
11 20
12 4
13 12
14 19
15 26
16 15
17 8
18 16
19 9
20 11
21 1
22 24
23 5
24 14
25 25
26 23
SIMILAR

14 10 0 26 11 18 4 1 16 24 25 22 9 12 2 5 3 20 15 23 6 21 7 8 17 19 13 
0 2
1 7
2 14
3 16
4 6
5 15
6 20
7 22
8 23
9 12
10 1
11 4
12 13
13 26
14 0
15 18
16 8
17 24
18 5
19 25
20 17
21 21
22 11
23 19
24 9
25 10
26 3
SIMILAR

8 18 9 12 6 16 10 11 26 24 22 0 4 1 19 2 3 17 21 23 7 15 20 25 13 5 14 
0 11
1 13
2 15
3 16
4 12
5 25
6 4
7 20
8 0
9 2
10 6
11 7
12 3
13 24
14 26
15 21
16 5
17 17
18 1
19 14
20 22
21 18
22 10
23 19
24 9
25 23
26 8
SIMILAR

16 20 5 12 3 22 17 21 25 4 7 18 2 13 14 15 6 1 0 8 11 23 10 9 26 24 19 
0 18
1 17
2 12
3 4
4 9
5 2
6 16
7 10
8 19
9 23
10 22
11 20
12 3
13 13
14 14
15 15
16 0
17 6
18 11
19 26
20 1
21 7
22 5
23 21
24 25
25 8
26 24
SIMILAR

9 10 5 6 8 19 3 12 14 2 4 15 16 21 23 13 7 17 25 11 26 22 18 24 0 1 20 
0 24
1 25
2 9
3 6
4 10
5 2
6 3
7 16
8 4
9 0
10 1
11 19
12 7
13 15
14 8
15 11
16 12
17 17
18 22
19 5
20 26
21 13
22 21
23 14
24 23
25 18
26 20
SIMILAR

10 12 7 9 3 20 11 21 25 14 19 16 8 22 1 13 24 15 6 0 2 17 23 18 4 26 5 
0 19
1 14
2 20
3 4
4 24
5 26
6 18
7 2
8 12
9 3
10 0
11 6
12 1
13 15
14 9
15 17
16 11
17 21
18 23
19 10
20 5
21 7
22 13
23 22
24 16
25 8
26 25
SIMILAR

25 14 20 22 8 23 12 3 0 21 4 1 26 9 11 24 10 17 6 19 7 16 13 2 15 18 5 
0 8
1 11
2 23
3 7
4 10
5 26
6 18
7 20
8 4
9 13
10 16
11 14
12 6
13 22
14 1
15 24
16 21
17 17
18 25
19 19
20 2
21 9
22 3
23 5
24 15
25 0
26 12
SIMILAR

3 2 21 10 5 4 11 13 19 14 12 6 22 26 18 17 9 16 23 15 0 24 7 8 1 20 25 
0 20
1 24
2 1
3 0
4 5
5 4
6 11
7 22
8 23
9 16
10 3
11 6
12 10
13 7
14 9
15 19
16 17
17 15
18 14
19 8
20 25
21 2
22 12
23 18
24 21
25 26
26 13
SIMILAR

7 1 23 6 10 19 13 8 22 17 4 3 11 24 0 5 2 9 15 14 18 26 21 16 12 20 25 
0 14
1 1
2 16
3 11
4 10
5 15
6 3
7 0
8 7
9 17
10 4
11 12
12 24
13 6
14 19
15 18
16 23
17 9
18 20
19 5
20 25
21 22
22 8
23 2
24 13
25 26
26 21
SIMILAR

20 7 4 12 24 22 3 16 9 10 8 13 2 17 11 21 6 26 19 5 23 1 14 15 0 18 25 
0 24
1 21
2 12
3 6
4 2
5 19
6 16
7 1
8 10
9 8
10 9
11 14
12 3
13 11
14 22
15 23
16 7
17 13
18 25
19 18
20 0
21 15
22 5
23 20
24 4
25 26
26 17
SIMILAR

18 14 13 11 17 6 7 24 19 10 23 16 8 25 22 9 1 0 20 26 15 5 3 12 21 2 4 
0 17
1 16
2 25
3 22
4 26
5 21
6 5
7 6
8 12
9 15
10 9
11 3
12 23
13 2
14 1
15 20
16 11
17 4
18 0
19 8
20 18
21 24
22 14
23 10
24 7
25 13
26 19
SIMILAR

20 8 13 11 12 5 15 26 4 25 19 17 23 24 16 14 22 21 7 3 6 18 9 10 1 2 0 
0 26
1 24
2 25
3 19
4 8
5 5
6 20
7 18
8 1
9 22
10 23
11 3
12 4
13 2
14 15
15 6
16 14
17 11
18 21
19 10
20 0
21 17
22 16
23 12
24 13
25 9
26 7
SIMILAR

17 2 3 0 6 7 18 23 19 26 14 21 11 1 5 16 24 4 10 22 13 15 12 9 8 20 25 
0 3
1 13
2 1
3 2
4 17
5 14
6 4
7 5
8 24
9 23
10 18
11 12
12 22
13 20
14 10
15 21
16 15
17 0
18 6
19 8
20 25
21 11
22 19
23 7
24 16
25 26
26 9
SIMILAR

8 23 18 1 2 20 21 19 4 12 5 9 16 25 14 10 13 6 17 22 11 3 0 15 7 24 26 
0 22
1 3
2 4
3 21
4 8
5 10
6 17
7 24
8 0
9 11
10 15
11 20
12 9
13 16
14 14
15 23
16 12
17 18
18 2
19 7
20 5
21 6
22 19
23 1
24 25
25 13
26 26
SIMILAR
100 0
300 0
230300 0
