27
0 0 0 1 0 1 0 1 1 0 1 1 1 0 0 0 1 1 1 0 0 0 1 1 0 0 0 
0 0 0 1 0 1 1 0 0 1 0 1 0 0 1 0 0 0 1 1 0 1 1 1 1 0 1 
0 0 0 0 0 1 1 0 1 0 0 1 1 1 0 0 1 1 1 1 1 1 1 0 0 1 0 
1 1 0 0 0 1 0 1 0 0 0 0 1 0 0 0 0 0 0 0 0 0 1 1 0 1 1 
0 0 0 0 0 0 0 1 1 1 0 1 1 1 0 0 1 1 1 0 1 0 1 1 0 0 1 
1 1 1 1 0 0 1 1 0 0 0 0 0 1 1 1 1 1 0 0 1 1 1 0 1 0 0 
0 1 1 0 0 1 0 0 1 1 1 1 0 0 0 1 1 0 1 1 1 0 1 0 0 1 1 
1 0 0 1 1 1 0 0 1 0 0 1 1 1 0 0 0 0 1 1 1 1 0 1 1 0 0 
1 0 1 0 1 0 1 1 0 0 1 0 0 0 0 1 0 0 0 0 1 0 0 0 0 0 1 
0 1 0 0 1 0 1 0 0 0 1 1 0 0 0 1 0 0 0 1 0 1 0 1 0 1 0 
1 0 0 0 0 0 1 0 1 1 0 1 1 1 0 0 0 0 0 0 0 0 0 1 1 0 1 
1 1 1 0 1 0 1 1 0 1 1 0 1 1 0 0 1 1 1 1 0 1 1 0 1 0 1 
1 0 1 1 1 0 0 1 0 0 1 1 0 0 1 0 1 1 0 1 0 1 1 0 1 1 0 
0 0 1 0 1 1 0 1 0 0 1 1 0 0 1 0 0 0 0 0 0 0 0 0 0 0 0 
0 1 0 0 0 1 0 0 0 0 0 0 1 1 0 0 0 0 1 0 1 1 0 0 0 0 0 
0 0 0 0 0 1 1 0 1 1 0 0 0 0 0 0 0 0 1 1 1 1 1 0 1 0 1 
1 0 1 0 1 1 1 0 0 0 0 1 1 0 0 0 0 1 1 0 0 1 1 0 0 1 1 
1 0 1 0 1 1 0 0 0 0 0 1 1 0 0 0 1 0 1 0 0 1 1 0 0 0 1 
1 1 1 0 1 0 1 1 0 0 0 1 0 0 1 1 1 1 0 0 1 0 0 1 1 0 0 
0 1 1 0 0 0 1 1 0 1 0 1 1 0 0 1 0 0 0 0 1 1 1 1 0 1 0 
0 0 1 0 1 1 1 1 1 0 0 0 0 0 1 1 0 0 1 1 0 1 1 0 0 0 1 
0 1 1 0 0 1 0 1 0 1 0 1 1 0 1 1 1 1 0 1 1 0 0 0 0 1 1 
1 1 1 1 1 1 1 0 0 0 0 1 1 0 0 1 1 1 0 1 1 0 0 0 1 1 0 
1 1 0 1 1 0 0 1 0 1 1 0 0 0 0 0 0 0 1 1 0 0 0 0 0 1 0 
0 1 0 0 0 1 0 1 0 0 1 1 1 0 0 1 0 0 1 0 0 0 1 0 0 0 0 
0 0 1 1 0 0 1 0 0 1 0 0 1 0 0 0 1 0 0 1 0 1 1 1 0 0 0 
0 1 0 1 1 0 1 0 1 0 1 1 0 0 0 1 1 1 0 0 1 1 0 0 0 0 0 

11 4 17 20 21 10 0 15 23 16 3 22 1 8 25 9 26 18 2 5 13 7 6 12 19 24 14 
0 6
1 12
2 18
3 10
4 1
5 19
6 22
7 21
8 13
9 15
10 5
11 0
12 23
13 20
14 26
15 7
16 9
17 2
18 17
19 24
20 3
21 4
22 11
23 8
24 25
25 14
26 16
SIMILAR

18 15 11 24 26 22 1 7 14 23 19 8 21 3 0 20 4 9 13 17 25 5 2 10 16 12 6 
0 14
1 6
2 22
3 13
4 16
5 21
6 26
7 7
8 11
9 17
10 23
11 2
12 25
13 18
14 8
15 1
16 24
17 19
18 0
19 10
20 15
21 12
22 5
23 9
24 3
25 20
26 4
SIMILAR

26 20 10 21 13 4 16 19 5 9 2 12 24 15 17 6 18 8 14 1 0 3 22 11 25 23 7 
0 20
1 19
2 10
3 21
4 5
5 8
6 15
7 26
8 17
9 9
10 2
11 23
12 11
13 4
14 18
15 13
16 6
17 14
18 16
19 7
20 1
21 3
22 22
23 25
24 12
25 24
26 0
SIMILAR

0 4 19 15 17 5 11 23 20 3 9 22 21 16 14 7 18 1 25 24 8 10 13 6 2 12 26 
0 0
1 17
2 24
3 9
4 1
5 5
6 23
7 15
8 20
9 10
10 21
11 6
12 25
13 22
14 14
15 3
16 13
17 4
18 16
19 2
20 8
21 12
22 11
23 7
24 19
25 18
26 26
SIMILAR

6 17 19 3 20 16 10 8 12 2 0 15 7 13 1 22 21 18 5 9 11 23 25 14 24 26 4 
0 10
1 14
2 9
3 3
4 26
5 18
6 0
7 12
8 7
9 19
10 6
11 20
12 8
13 13
14 23
15 11
16 5
17 1
18 17
19 2
20 4
21 16
22 15
23 21
24 24
25 22
26 25
SIMILAR

9 20 1 3 6 21 10 18 7 16 0 23 11 13 15 26 8 12 25 2 22 4 17 19 24 14 5 
0 10
1 2
2 19
3 3
4 21
5 26
6 4
7 8
8 16
9 0
10 6
11 12
12 17
13 13
14 25
15 14
16 9
17 22
18 7
19 23
20 1
21 5
22 20
23 11
24 24
25 18
26 15
SIMILAR

12 9 1 15 23 18 7 21 8 24 0 2 10 16 20 6 14 5 25 3 13 11 22 26 19 17 4 
0 10
1 2
2 11
3 19
4 26
5 17
6 15
7 6
8 8
9 1
10 12
11 21
12 0
13 20
14 16
15 3
16 13
17 25
18 5
19 24
20 14
21 7
22 22
23 4
24 9
25 18
26 23
SIMILAR

10 26 17 9 7 0 14 5 24 22 8 19 13 1 20 16 6 18 4 21 3 12 23 11 2 25 15 
0 5
1 13
2 24
3 20
4 18
5 7
6 16
7 4
8 10
9 3
10 0
11 23
12 21
13 12
14 6
15 26
16 15
17 2
18 17
19 11
20 14
21 19
22 9
23 22
24 8
25 25
26 1
SIMILAR

24 18 1 15 2 3 22 13 12 21 8 26 4 19 9 7 5 17 14 23 0 25 16 6 11 20 10 
0 20
1 2
2 4
3 5
4 12
5 16
6 23
7 15
8 10
9 14
10 26
11 24
12 8
13 7
14 18
15 3
16 22
17 17
18 1
19 13
20 25
21 9
22 6
23 19
24 0
25 21
26 11
SIMILAR

3 14 5 11 13 26 19 15 23 21 9 25 0 18 2 4 7 12 16 20 6 17 22 1 8 10 24 
0 12
1 23
2 14
3 0
4 15
5 2
6 20
7 16
8 24
9 10
10 25
11 3
12 17
13 4
14 1
15 7
16 18
17 21
18 13
19 6
20 19
21 9
22 22
23 8
24 26
25 11
26 5
SIMILAR

15 12 2 8 3 14 9 11 10 6 18 25 7 22 24 1 5 4 21 19 26 23 13 20 0 17 16 
0 24
1 15
2 2
3 4
4 17
5 16
6 9
7 12
8 3
9 6
10 8
11 7
12 1
13 22
14 5
15 0
16 26
17 25
18 10
19 19
20 23
21 18
22 13
23 21
24 14
25 11
26 20
SIMILAR

5 11 22 9 16 4 14 20 25 26 19 10 1 18 3 17 21 23 7 0 24 8 6 15 13 12 2 
0 19
1 12
2 26
3 14
4 5
5 0
6 22
7 18
8 21
9 3
10 11
11 1
12 25
13 24
14 6
15 23
16 4
17 15
18 13
19 10
20 7
21 16
22 2
23 17
24 20
25 8
26 9
SIMILAR

4 18 21 24 11 5 8 12 19 3 10 26 14 7 2 15 16 0 13 22 6 25 20 23 1 17 9 
0 17
1 24
2 14
3 9
4 0
5 5
6 20
7 13
8 6
9 26
10 10
11 4
12 7
13 18
14 12
15 15
16 16
17 25
18 1
19 8
20 22
21 2
22 19
23 23
24 3
25 21
26 11
SIMILAR

24 7 4 1 2 19 20 14 10 12 22 13 5 6 0 17 11 18 8 3 16 9 26 15 21 25 23 
0 14
1 3
2 4
3 19
4 2
5 12
6 13
7 1
8 18
9 21
10 8
11 16
12 9
13 11
14 7
15 23
16 20
17 15
18 17
19 5
20 6
21 24
22 10
23 26
24 0
25 25
26 22
SIMILAR

10 26 24 16 12 5 15 21 11 17 19 0 25 9 23 7 2 8 6 4 13 22 3 20 1 14 18 
0 11
1 24
2 16
3 22
4 19
5 5
6 18
7 15
8 17
9 13
10 0
11 8
12 4
13 20
14 25
15 6
16 3
17 9
18 26
19 10
20 23
21 7
22 21
23 14
24 2
25 12
26 1
SIMILAR

13 6 1 8 21 18 12 4 14 0 15 24 10 17 16 23 11 26 20 19 7 9 22 3 2 25 5 
0 9
1 2
2 24
3 23
4 7
5 26
6 1
7 20
8 3
9 21
10 12
11 16
12 6
13 0
14 8
15 10
16 14
17 13
18 5
19 19
20 18
21 4
22 22
23 15
24 11
25 25
26 17
SIMILAR

14 15 8 11 25 23 13 26 0 20 16 2 21 19 4 18 12 3 5 24 10 7 6 9 1 22 17 
0 8
1 24
2 11
3 17
4 14
5 18
6 22
7 21
8 2
9 23
10 20
11 3
12 16
13 6
14 0
15 1
16 10
17 26
18 15
19 13
20 9
21 12
22 25
23 5
24 19
25 4
26 7
SIMILAR

19 3 0 4 1 20 13 8 16 15 25 5 9 21 10 26 7 18 22 14 2 24 11 23 17 6 12 
0 2
1 4
2 20
3 1
4 3
5 11
6 25
7 16
8 7
9 12
10 14
11 22
12 26
13 6
14 19
15 9
16 8
17 24
18 17
19 0
20 5
21 13
22 18
23 23
24 21
25 10
26 15
SIMILAR

8 0 6 4 16 25 23 15 9 7 20 26 2 11 19 24 22 5 12 1 21 13 17 18 3 10 14 
0 1
1 19
2 12
3 24
4 3
5 17
6 2
7 9
8 0
9 8
10 25
11 13
12 18
13 21
14 26
15 7
16 4
17 22
18 23
19 14
20 10
21 20
22 16
23 6
24 15
25 5
26 11
SIMILAR

12 16 15 17 7 24 22 5 13 14 6 21 23 2 26 18 4 3 8 19 9 25 10 1 0 20 11 
0 24
1 23
2 13
3 17
4 16
5 7
6 10
7 4
8 18
9 20
10 22
11 26
12 0
13 8
14 9
15 2
16 1
17 3
18 15
19 19
20 25
21 11
22 6
23 12
24 5
25 21
26 14
SIMILAR

15 7 26 20 14 8 18 3 22 0 5 19 21 24 2 16 9 4 6 25 12 13 23 11 10 1 17 
0 9
1 25
2 14
3 7
4 17
5 10
6 18
7 1
8 5
9 16
10 24
11 23
12 20
13 21
14 4
15 0
16 15
17 26
18 6
19 11
20 3
21 12
22 8
23 22
24 13
25 19
26 2
SIMILAR

5 13 20 14 0 10 8 15 1 17 2 21 24 26 19 6 7 22 23 11 4 16 9 18 25 3 12 
0 4
1 8
2 10
3 25
4 20
5 0
6 15
7 16
8 6
9 22
10 5
11 19
12 26
13 1
14 3
15 7
16 21
17 9
18 23
19 14
20 2
21 11
22 17
23 18
24 12
25 24
26 13
SIMILAR

26 4 25 6 24 9 2 21 16 8 11 1 17 7 10 23 15 19 18 12 22 20 14 3 13 5 0 
0 26
1 11
2 6
3 23
4 1
5 25
6 3
7 13
8 9
9 5
10 14
11 10
12 19
13 24
14 22
15 16
16 8
17 12
18 18
19 17
20 21
21 7
22 20
23 15
24 4
25 2
26 0
SIMILAR

25 6 10 26 20 22 8 17 9 18 4 0 1 21 13 14 16 11 23 3 12 7 24 5 19 15 2 
0 11
1 12
2 26
3 19
4 10
5 23
6 1
7 21
8 6
9 8
10 2
11 17
12 20
13 14
14 15
15 25
16 16
17 7
18 9
19 24
20 4
21 13
22 5
23 18
24 22
25 0
26 3
SIMILAR

14 26 12 7 13 18 4 9 25 3 8 0 2 17 5 10 20 6 1 21 16 15 11 22 19 24 23 
0 11
1 18
2 12
3 9
4 6
5 14
6 17
7 3
8 10
9 7
10 15
11 22
12 2
13 4
14 0
15 21
16 20
17 13
18 5
19 24
20 16
21 19
22 23
23 26
24 25
25 8
26 1
SIMILAR

18 13 4 7 1 26 10 22 25 3 15 8 19 12 14 23 5 20 17 2 21 6 16 0 11 9 24 
0 23
1 4
2 19
3 9
4 2
5 16
6 21
7 3
8 11
9 25
10 6
11 24
12 13
13 1
14 14
15 10
16 22
17 18
18 0
19 12
20 17
21 20
22 7
23 15
24 26
25 8
26 5
SIMILAR

24 22 3 17 23 8 21 7 26 19 5 1 9 25 20 0 15 13 12 2 18 14 10 11 16 6 4 
0 15
1 11
2 19
3 2
4 26
5 10
6 25
7 7
8 5
9 12
10 22
11 23
12 18
13 17
14 21
15 16
16 24
17 3
18 20
19 9
20 14
21 6
22 1
23 4
24 0
25 13
26 8
SIMILAR

5 13 20 0 26 14 2 23 1 21 18 22 9 25 19 15 8 3 12 10 6 24 16 4 17 11 7 
0 3
1 8
2 6
3 17
4 23
5 0
6 20
7 26
8 16
9 12
10 19
11 25
12 18
13 1
14 5
15 15
16 22
17 24
18 10
19 14
20 2
21 9
22 11
23 7
24 21
25 13
26 4
SIMILAR

19 16 1 3 21 6 13 15 12 0 5 11 10 7 20 17 25 4 26 18 8 9 14 24 2 22 23 
0 9
1 2
2 24
3 3
4 17
5 10
6 5
7 13
8 20
9 21
10 12
11 11
12 8
13 6
14 22
15 7
16 1
17 15
18 19
19 0
20 14
21 4
22 25
23 26
24 23
25 16
26 18
SIMILAR

2 6 3 12 10 19 0 9 17 14 4 20 13 8 7 15 18 26 21 25 16 23 11 5 22 24 1 
0 6
1 26
2 0
3 2
4 10
5 23
6 1
7 14
8 13
9 7
10 4
11 22
12 3
13 12
14 9
15 15
16 20
17 8
18 16
19 5
20 11
21 18
22 24
23 21
24 25
25 19
26 17
SIMILAR

17 23 16 26 14 8 11 24 2 0 9 13 4 21 15 10 5 1 7 3 19 22 18 6 12 20 25 
0 9
1 17
2 8
3 19
4 12
5 16
6 23
7 18
8 5
9 10
10 15
11 6
12 24
13 11
14 4
15 14
16 2
17 0
18 22
19 20
20 25
21 13
22 21
23 1
24 7
25 26
26 3
SIMILAR

23 4 5 0 7 11 26 19 8 17 12 22 15 3 14 20 25 18 10 24 9 6 16 21 13 2 1 
0 3
1 26
2 25
3 13
4 1
5 2
6 21
7 4
8 8
9 20
10 18
11 5
12 10
13 24
14 14
15 12
16 22
17 9
18 17
19 7
20 15
21 23
22 11
23 0
24 19
25 16
26 6
SIMILAR

0 21 13 8 12 17 15 24 20 26 23 6 16 18 10 25 4 3 2 22 7 1 5 19 14 11 9 
0 0
1 21
2 18
3 17
4 16
5 22
6 11
7 20
8 3
9 26
10 14
11 25
12 4
13 2
14 24
15 6
16 12
17 5
18 13
19 23
20 8
21 1
22 19
23 10
24 7
25 15
26 9
SIMILAR

6 26 16 0 3 8 20 5 4 17 24 11 19 9 10 23 13 14 18 21 1 25 22 12 7 15 2 
0 3
1 20
2 26
3 4
4 8
5 7
6 0
7 24
8 5
9 13
10 14
11 11
12 23
13 16
14 17
15 25
16 2
17 9
18 18
19 12
20 6
21 19
22 22
23 15
24 10
25 21
26 1
SIMILAR

12 19 23 4 3 15 8 16 21 11 18 14 20 1 5 13 22 2 7 0 10 6 26 17 24 25 9 
0 19
1 13
2 17
3 4
4 3
5 14
6 21
7 18
8 6
9 26
10 20
11 9
12 0
13 15
14 11
15 5
16 7
17 23
18 10
19 1
20 12
21 8
22 16
23 2
24 24
25 25
26 22
SIMILAR

26 15 11 22 17 20 8 19 10 0 1 2 9 18 21 6 24 14 13 23 4 3 25 7 16 12 5 
0 9
1 10
2 11
3 21
4 20
5 26
6 15
7 23
8 6
9 12
10 8
11 2
12 25
13 18
14 17
15 1
16 24
17 4
18 13
19 7
20 5
21 14
22 3
23 19
24 16
25 22
26 0
SIMILAR

1 22 8 0 14 19 3 5 25 12 9 23 13 7 26 4 20 16 18 6 2 21 24 15 11 10 17 
0 3
1 0
2 20
3 6
4 15
5 7
6 19
7 13
8 2
9 10
10 25
11 24
12 9
13 12
14 4
15 23
16 17
17 26
18 18
19 5
20 16
21 21
22 1
23 11
24 22
25 8
26 14
SIMILAR

18 14 24 5 11 7 12 15 0 2 16 22 1 20 23 10 17 4 9 26 19 6 3 21 13 8 25 
0 8
1 12
2 9
3 22
4 17
5 3
6 21
7 5
8 25
9 18
10 15
11 4
12 6
13 24
14 1
15 7
16 10
17 16
18 0
19 20
20 13
21 23
22 11
23 14
24 2
25 26
26 19
SIMILAR

24 12 8 10 22 5 2 0 19 26 18 3 11 25 15 1 16 14 17 7 20 9 6 21 13 23 4 
0 7
1 15
2 6
3 11
4 26
5 5
6 22
7 19
8 2
9 21
10 3
11 12
12 1
13 24
14 17
15 14
16 16
17 18
18 10
19 8
20 20
21 23
22 4
23 25
24 0
25 13
26 9
SIMILAR

8 13 23 11 1 6 3 16 20 21 25 26 5 14 4 19 0 7 24 2 17 18 22 10 15 9 12 
0 16
1 4
2 19
3 6
4 14
5 12
6 5
7 17
8 0
9 25
10 23
11 3
12 26
13 1
14 13
15 24
16 7
17 20
18 21
19 15
20 8
21 9
22 22
23 2
24 18
25 10
26 11
SIMILAR

6 19 5 24 11 20 8 12 17 22 3 1 4 13 9 23 26 21 2 18 14 10 16 15 7 0 25 
0 25
1 11
2 18
3 10
4 12
5 2
6 0
7 24
8 6
9 14
10 21
11 4
12 7
13 13
14 20
15 23
16 22
17 8
18 19
19 1
20 5
21 17
22 9
23 15
24 3
25 26
26 16
SIMILAR

1 9 7 21 24 25 6 17 18 2 20 4 5 19 12 26 23 0 8 14 3 11 13 16 15 22 10 
0 17
1 0
2 9
3 20
4 11
5 12
6 6
7 2
8 18
9 1
10 26
11 21
12 14
13 22
14 19
15 24
16 23
17 7
18 8
19 13
20 10
21 3
22 25
23 16
24 4
25 5
26 15
SIMILAR

5 6 9 8 1 19 16 4 22 21 14 18 13 12 2 0 15 10 25 23 3 26 17 11 7 24 20 
0 15
1 4
2 14
3 20
4 7
5 0
6 1
7 24
8 3
9 2
10 17
11 23
12 13
13 12
14 10
15 16
16 6
17 22
18 11
19 5
20 26
21 9
22 8
23 19
24 25
25 18
26 21
SIMILAR

9 25 23 24 12 0 15 3 10 13 19 6 18 2 14 22 11 21 7 4 8 26 5 17 1 16 20 
0 5
1 24
2 13
3 7
4 19
5 22
6 11
7 18
8 20
9 0
10 8
11 16
12 4
13 9
14 14
15 6
16 25
17 23
18 12
19 10
20 26
21 17
22 15
23 2
24 3
25 1
26 21
SIMILAR

14 12 21 13 9 25 24 11 15 23 2 26 22 5 19 7 18 16 17 6 10 8 4 3 0 1 20 
0 24
1 25
2 10
3 23
4 22
5 13
6 19
7 15
8 21
9 4
10 20
11 7
12 1
13 3
14 0
15 8
16 17
17 18
18 16
19 14
20 26
21 2
22 12
23 9
24 6
25 5
26 11
SIMILAR

7 0 17 9 22 12 15 23 3 20 26 11 14 4 24 2 19 5 13 6 21 10 1 16 18 8 25 
0 1
1 22
2 15
3 8
4 13
5 17
6 19
7 0
8 25
9 3
10 21
11 11
12 5
13 18
14 12
15 6
16 23
17 2
18 24
19 16
20 9
21 20
22 4
23 7
24 14
25 26
26 10
SIMILAR

11 0 3 13 2 10 22 15 24 20 8 14 26 17 25 12 5 4 21 9 7 6 18 23 16 19 1 
0 1
1 26
2 4
3 2
4 17
5 16
6 21
7 20
8 10
9 19
10 5
11 0
12 15
13 3
14 11
15 7
16 24
17 13
18 22
19 25
20 9
21 18
22 6
23 23
24 8
25 14
26 12
SIMILAR

3 17 6 14 9 8 26 2 23 0 18 5 15 12 7 20 25 10 19 1 21 22 24 13 16 11 4 
0 9
1 19
2 7
3 0
4 26
5 11
6 2
7 14
8 5
9 4
10 17
11 25
12 13
13 23
14 3
15 12
16 24
17 1
18 10
19 18
20 15
21 20
22 21
23 8
24 22
25 16
26 6
SIMILAR

13 12 22 15 5 6 11 14 0 25 26 24 9 17 2 4 16 8 1 20 23 10 18 19 7 3 21 
0 8
1 18
2 14
3 25
4 15
5 4
6 5
7 24
8 17
9 12
10 21
11 6
12 1
13 0
14 7
15 3
16 16
17 13
18 22
19 23
20 19
21 26
22 2
23 20
24 11
25 9
26 10
SIMILAR

12 10 9 7 20 2 16 8 24 25 6 18 14 13 0 4 23 15 26 22 1 17 5 3 11 21 19 
0 14
1 20
2 5
3 23
4 15
5 22
6 10
7 3
8 7
9 2
10 1
11 24
12 0
13 13
14 12
15 17
16 6
17 21
18 11
19 26
20 4
21 25
22 19
23 16
24 8
25 9
26 18
SIMILAR

7 18 0 5 22 10 17 25 12 8 9 14 26 11 2 6 15 3 4 21 20 23 13 16 24 1 19 
0 2
1 25
2 14
3 17
4 18
5 3
6 15
7 0
8 9
9 10
10 5
11 13
12 8
13 22
14 11
15 16
16 23
17 6
18 1
19 26
20 20
21 19
22 4
23 21
24 24
25 7
26 12
SIMILAR

1 8 10 5 18 17 9 19 11 21 0 13 14 6 2 16 24 20 26 3 15 22 4 7 25 12 23 
0 10
1 0
2 14
3 19
4 22
5 3
6 13
7 23
8 1
9 6
10 2
11 8
12 25
13 11
14 12
15 20
16 15
17 5
18 4
19 7
20 17
21 9
22 21
23 26
24 16
25 24
26 18
SIMILAR

7 24 6 22 9 11 0 23 14 8 5 25 13 2 4 18 15 1 16 10 20 26 17 21 19 3 12 
0 6
1 17
2 13
3 25
4 14
5 10
6 2
7 0
8 9
9 4
10 19
11 5
12 26
13 12
14 8
15 16
16 18
17 22
18 15
19 24
20 20
21 23
22 3
23 7
24 1
25 11
26 21
SIMILAR

19 4 25 17 26 12 8 10 1 21 5 6 7 0 20 15 14 22 2 24 11 3 18 23 16 9 13 
0 13
1 8
2 18
3 21
4 1
5 10
6 11
7 12
8 6
9 25
10 7
11 20
12 5
13 26
14 16
15 15
16 24
17 3
18 22
19 0
20 14
21 9
22 17
23 23
24 19
25 2
26 4
SIMILAR

7 18 23 6 17 11 16 21 13 24 8 0 15 4 3 1 10 20 2 5 22 14 26 12 19 9 25 
0 11
1 15
2 18
3 14
4 13
5 19
6 3
7 0
8 10
9 25
10 16
11 5
12 23
13 8
14 21
15 12
16 6
17 4
18 1
19 24
20 17
21 7
22 20
23 2
24 9
25 26
26 22
SIMILAR

9 18 13 19 12 2 23 25 14 20 15 24 1 3 4 5 22 11 21 26 10 6 0 17 16 7 8 
0 22
1 12
2 5
3 13
4 14
5 15
6 21
7 25
8 26
9 0
10 20
11 17
12 4
13 2
14 8
15 10
16 24
17 23
18 1
19 3
20 9
21 18
22 16
23 6
24 11
25 7
26 19
SIMILAR

1 7 23 25 6 10 12 5 4 22 24 21 26 13 11 15 2 17 20 14 18 9 16 8 3 19 0 
0 26
1 0
2 16
3 24
4 8
5 7
6 4
7 1
8 23
9 21
10 5
11 14
12 6
13 13
14 19
15 15
16 22
17 17
18 20
19 25
20 18
21 11
22 9
23 2
24 10
25 3
26 12
SIMILAR

20 2 15 3 6 7 1 23 14 10 26 4 16 17 8 9 12 22 11 19 5 21 18 25 13 0 24 
0 25
1 6
2 1
3 3
4 11
5 20
6 4
7 5
8 14
9 15
10 9
11 18
12 16
13 24
14 8
15 2
16 12
17 13
18 22
19 19
20 0
21 21
22 17
23 7
24 26
25 23
26 10
SIMILAR

11 7 17 6 3 9 12 22 5 15 16 24 10 2 25 4 21 13 8 14 0 26 18 23 20 1 19 
0 20
1 25
2 13
3 4
4 15
5 8
6 3
7 1
8 18
9 5
10 12
11 0
12 6
13 17
14 19
15 9
16 10
17 2
18 22
19 26
20 24
21 16
22 7
23 23
24 11
25 14
26 21
SIMILAR

18 6 16 24 0 8 3 25 9 15 11 23 19 21 20 12 14 5 22 4 17 1 2 10 26 7 13 
0 4
1 21
2 22
3 6
4 19
5 17
6 1
7 25
8 5
9 8
10 23
11 10
12 15
13 26
14 16
15 9
16 2
17 20
18 0
19 12
20 14
21 13
22 18
23 11
24 3
25 7
26 24
SIMILAR

17 8 19 7 26 9 15 5 11 2 23 24 3 20 21 18 6 1 16 12 25 4 14 10 0 22 13 
0 24
1 17
2 9
3 12
4 21
5 7
6 16
7 3
8 1
9 5
10 23
11 8
12 19
13 26
14 22
15 6
16 18
17 0
18 15
19 2
20 13
21 14
22 25
23 10
24 11
25 20
26 4
SIMILAR

4 19 15 7 6 26 16 8 24 18 12 23 1 20 13 21 5 9 25 17 3 10 0 11 14 2 22 
0 22
1 12
2 25
3 20
4 0
5 16
6 4
7 3
8 7
9 17
10 21
11 23
12 10
13 14
14 24
15 2
16 6
17 19
18 9
19 1
20 13
21 15
22 26
23 11
24 8
25 18
26 5
SIMILAR

13 7 10 0 4 16 2 25 26 8 6 17 20 15 5 23 3 19 9 21 18 11 1 12 22 14 24 
0 3
1 22
2 6
3 16
4 4
5 14
6 10
7 1
8 9
9 18
10 2
11 21
12 23
13 0
14 25
15 13
16 5
17 11
18 20
19 17
20 12
21 19
22 24
23 15
24 26
25 7
26 8
SIMILAR

26 7 12 15 18 5 0 23 3 9 21 25 14 6 8 1 22 4 20 2 13 24 17 19 10 16 11 
0 6
1 15
2 19
3 8
4 17
5 5
6 13
7 1
8 14
9 9
10 24
11 26
12 2
13 20
14 12
15 3
16 25
17 22
18 4
19 23
20 18
21 10
22 16
23 7
24 21
25 11
26 0
SIMILAR

2 18 3 0 10 19 25 21 4 9 16 6 5 20 7 8 23 17 11 13 22 15 12 24 14 1 26 
0 3
1 25
2 0
3 2
4 8
5 12
6 11
7 14
8 15
9 9
10 4
11 18
12 22
13 19
14 24
15 21
16 10
17 17
18 1
19 5
20 13
21 7
22 20
23 16
24 23
25 6
26 26
SIMILAR

13 4 12 20 10 18 0 14 3 26 1 16 11 7 25 8 2 5 19 6 17 9 24 21 23 15 22 
0 6
1 10
2 16
3 8
4 1
5 17
6 19
7 13
8 15
9 21
10 4
11 12
12 2
13 0
14 7
15 25
16 11
17 20
18 5
19 18
20 3
21 23
22 26
23 24
24 22
25 14
26 9
SIMILAR

7 12 9 0 18 4 6 25 5 15 8 10 23 19 22 3 11 13 14 16 26 21 1 20 24 2 17 
0 3
1 22
2 25
3 15
4 5
5 8
6 6
7 0
8 10
9 2
10 11
11 16
12 1
13 17
14 18
15 9
16 19
17 26
18 4
19 13
20 23
21 21
22 14
23 12
24 24
25 7
26 20
SIMILAR

9 3 24 4 26 13 15 11 17 18 21 16 1 10 20 25 22 0 7 12 2 23 14 8 6 5 19 
0 17
1 12
2 20
3 1
4 3
5 25
6 24
7 18
8 23
9 0
10 13
11 7
12 19
13 5
14 22
15 6
16 11
17 8
18 9
19 26
20 14
21 10
22 16
23 21
24 2
25 15
26 4
SIMILAR

9 25 12 24 4 20 10 13 14 8 18 11 19 3 15 21 2 6 5 7 23 17 22 16 0 26 1 
0 24
1 26
2 16
3 13
4 4
5 18
6 17
7 19
8 9
9 0
10 6
11 11
12 2
13 7
14 8
15 14
16 23
17 21
18 10
19 12
20 5
21 15
22 22
23 20
24 3
25 1
26 25
SIMILAR

4 10 17 0 26 25 3 6 1 14 18 11 7 20 2 15 13 19 12 21 9 5 23 24 22 8 16 
0 3
1 8
2 14
3 6
4 0
5 21
6 7
7 12
8 25
9 20
10 1
11 11
12 18
13 16
14 9
15 15
16 26
17 2
18 10
19 17
20 13
21 19
22 24
23 22
24 23
25 5
26 4
SIMILAR

6 26 19 20 11 24 14 7 18 10 8 21 9 0 12 23 5 17 2 3 4 13 1 16 15 25 22 
0 13
1 22
2 18
3 19
4 20
5 16
6 0
7 7
8 10
9 12
10 9
11 4
12 14
13 21
14 6
15 24
16 23
17 17
18 8
19 2
20 3
21 11
22 26
23 15
24 5
25 25
26 1
SIMILAR

24 15 2 21 4 26 23 20 14 18 17 8 22 7 10 19 6 5 25 13 1 9 11 0 3 12 16 
0 23
1 20
2 2
3 24
4 4
5 17
6 16
7 13
8 11
9 21
10 14
11 22
12 25
13 19
14 8
15 1
16 26
17 10
18 9
19 15
20 7
21 3
22 12
23 6
24 0
25 18
26 5
SIMILAR

26 4 1 2 15 20 11 12 21 23 14 19 25 22 17 18 6 7 16 8 0 5 9 3 24 13 10 
0 20
1 2
2 3
3 23
4 1
5 21
6 16
7 17
8 19
9 22
10 26
11 6
12 7
13 25
14 10
15 4
16 18
17 14
18 15
19 11
20 5
21 8
22 13
23 9
24 24
25 12
26 0
SIMILAR

9 10 26 2 5 14 19 20 12 0 21 3 13 23 11 18 7 6 25 8 17 24 1 15 4 22 16 
0 9
1 22
2 3
3 11
4 24
5 4
6 17
7 16
8 19
9 0
10 1
11 14
12 8
13 12
14 5
15 23
16 26
17 20
18 15
19 6
20 7
21 10
22 25
23 13
24 21
25 18
26 2
SIMILAR

25 1 15 19 16 26 23 17 3 24 5 13 12 22 10 21 8 6 20 4 14 11 0 18 2 9 7 
0 22
1 1
2 24
3 8
4 19
5 10
6 17
7 26
8 16
9 25
10 14
11 21
12 12
13 11
14 20
15 2
16 4
17 7
18 23
19 3
20 18
21 15
22 13
23 6
24 9
25 0
26 5
SIMILAR

24 2 20 3 17 7 18 5 15 19 13 9 1 14 10 23 16 25 6 22 26 8 12 21 0 11 4 
0 24
1 12
2 1
3 3
4 26
5 7
6 18
7 5
8 21
9 11
10 14
11 25
12 22
13 10
14 13
15 8
16 16
17 4
18 6
19 9
20 2
21 23
22 19
23 15
24 0
25 17
26 20
SIMILAR

4 11 15 26 3 6 22 0 10 19 13 20 18 9 24 14 7 21 16 23 8 1 17 2 5 12 25 
0 7
1 21
2 23
3 4
4 0
5 24
6 5
7 16
8 20
9 13
10 8
11 1
12 25
13 10
14 15
15 2
16 18
17 22
18 12
19 9
20 11
21 17
22 6
23 19
24 14
25 26
26 3
SIMILAR

4 6 26 17 2 1 7 11 20 21 0 10 8 9 24 12 13 23 15 3 18 19 5 16 25 22 14 
0 10
1 5
2 4
3 19
4 0
5 22
6 1
7 6
8 12
9 13
10 11
11 7
12 15
13 16
14 26
15 18
16 23
17 3
18 20
19 21
20 8
21 9
22 25
23 17
24 14
25 24
26 2
SIMILAR

20 17 11 1 0 7 14 25 22 8 9 2 3 15 4 16 13 18 23 5 21 26 10 24 19 12 6 
0 4
1 3
2 11
3 12
4 14
5 19
6 26
7 5
8 9
9 10
10 22
11 2
12 25
13 16
14 6
15 13
16 15
17 1
18 17
19 24
20 0
21 20
22 8
23 18
24 23
25 7
26 21
SIMILAR

7 5 0 25 9 19 3 21 22 11 14 20 24 13 23 12 4 6 8 26 18 17 16 1 2 10 15 
0 2
1 23
2 24
3 6
4 16
5 1
6 17
7 0
8 18
9 4
10 25
11 9
12 15
13 13
14 10
15 26
16 22
17 21
18 20
19 5
20 11
21 7
22 8
23 14
24 12
25 3
26 19
SIMILAR

1 21 23 6 20 5 24 4 10 11 2 16 26 13 14 25 7 22 18 0 3 17 8 15 12 19 9 
0 19
1 0
2 10
3 20
4 7
5 5
6 3
7 16
8 22
9 26
10 8
11 9
12 24
13 13
14 14
15 23
16 11
17 21
18 18
19 25
20 4
21 1
22 17
23 2
24 6
25 15
26 12
SIMILAR

23 22 15 25 10 14 4 20 24 11 7 8 2 1 19 3 6 12 17 21 13 16 9 26 18 5 0 
0 26
1 13
2 12
3 15
4 6
5 25
6 16
7 10
8 11
9 22
10 4
11 9
12 17
13 20
14 5
15 2
16 21
17 18
18 24
19 14
20 7
21 19
22 1
23 0
24 8
25 3
26 23
SIMILAR

3 5 11 16 20 21 17 2 12 15 23 19 24 14 18 8 25 7 22 0 6 13 9 1 26 10 4 
0 19
1 23
2 7
3 0
4 26
5 1
6 20
7 17
8 15
9 22
10 25
11 2
12 8
13 21
14 13
15 9
16 3
17 6
18 14
19 11
20 4
21 5
22 18
23 10
24 12
25 16
26 24
SIMILAR

19 17 11 3 25 23 16 7 18 14 22 24 12 13 15 4 20 8 6 21 10 26 9 0 1 5 2 
0 23
1 24
2 26
3 3
4 15
5 25
6 18
7 7
8 17
9 22
10 20
11 2
12 12
13 13
14 9
15 14
16 6
17 1
18 8
19 0
20 16
21 19
22 10
23 5
24 11
25 4
26 21
SIMILAR

19 3 16 0 11 12 17 20 24 25 22 2 21 26 9 23 6 4 14 7 8 13 1 10 15 18 5 
0 3
1 22
2 11
3 1
4 17
5 26
6 16
7 19
8 20
9 14
10 23
11 4
12 5
13 21
14 18
15 24
16 2
17 6
18 25
19 0
20 7
21 12
22 10
23 15
24 8
25 9
26 13
SIMILAR

0 15 11 18 20 17 23 5 19 25 14 4 7 10 8 26 2 24 1 21 6 16 13 12 3 9 22 
0 0
1 18
2 16
3 24
4 11
5 7
6 20
7 12
8 14
9 25
10 13
11 2
12 23
13 22
14 10
15 1
16 21
17 5
18 3
19 8
20 4
21 19
22 26
23 6
24 17
25 9
26 15
SIMILAR

2 24 15 26 21 9 0 3 17 7 11 22 13 8 14 6 16 1 20 10 12 19 23 5 25 4 18 
0 6
1 17
2 0
3 7
4 25
5 23
6 15
7 9
8 13
9 5
10 19
11 10
12 20
13 12
14 14
15 2
16 16
17 8
18 26
19 21
20 18
21 4
22 11
23 22
24 1
25 24
26 3
SIMILAR

9 19 7 21 3 5 23 26 10 2 6 18 13 22 14 11 15 1 0 20 25 16 8 17 12 4 24 
0 18
1 17
2 9
3 4
4 25
5 5
6 10
7 2
8 22
9 0
10 8
11 15
12 24
13 12
14 14
15 16
16 21
17 23
18 11
19 1
20 19
21 3
22 13
23 6
24 26
25 20
26 7
SIMILAR

10 11 21 19 4 22 9 18 20 0 24 5 16 25 26 6 3 15 13 17 14 8 1 12 23 2 7 
0 9
1 22
2 25
3 16
4 4
5 11
6 15
7 26
8 21
9 6
10 0
11 1
12 23
13 18
14 20
15 17
16 12
17 19
18 7
19 3
20 8
21 2
22 5
23 24
24 10
25 13
26 14
SIMILAR

3 17 20 15 19 4 24 11 2 7 12 25 26 5 9 0 10 1 8 23 18 16 21 14 6 13 22 
0 15
1 17
2 8
3 0
4 5
5 13
6 24
7 9
8 18
9 14
10 16
11 7
12 10
13 25
14 23
15 3
16 21
17 1
18 20
19 4
20 2
21 22
22 26
23 19
24 6
25 11
26 12
SIMILAR

16 10 14 18 9 2 5 20 19 24 7 0 22 23 4 21 15 11 25 17 12 26 13 1 8 6 3 
0 11
1 23
2 5
3 26
4 14
5 6
6 25
7 10
8 24
9 4
10 1
11 17
12 20
13 22
14 2
15 16
16 0
17 19
18 3
19 8
20 7
21 15
22 12
23 13
24 9
25 18
26 21
SIMILAR

9 17 5 10 7 3 24 12 11 25 18 20 21 22 4 6 8 1 23 2 19 0 13 15 26 16 14 
0 21
1 17
2 19
3 5
4 14
5 2
6 15
7 4
8 16
9 0
10 3
11 8
12 7
13 22
14 26
15 23
16 25
17 1
18 10
19 20
20 11
21 12
22 13
23 18
24 6
25 9
26 24
SIMILAR

4 13 19 24 5 14 25 10 9 20 0 2 22 17 11 8 3 26 6 23 15 21 1 18 16 12 7 
0 10
1 22
2 11
3 16
4 0
5 4
6 18
7 26
8 15
9 8
10 7
11 14
12 25
13 1
14 5
15 20
16 24
17 13
18 23
19 2
20 9
21 21
22 12
23 19
24 3
25 6
26 17
SIMILAR

4 6 11 5 22 2 18 9 17 23 25 1 20 12 7 21 10 8 0 14 16 3 15 26 24 19 13 
0 18
1 11
2 5
3 21
4 0
5 3
6 1
7 14
8 17
9 7
10 16
11 2
12 13
13 26
14 19
15 22
16 20
17 8
18 6
19 25
20 12
21 15
22 4
23 9
24 24
25 10
26 23
SIMILAR

5 19 16 24 4 22 1 13 15 10 20 23 26 18 9 3 11 2 21 0 14 12 8 17 25 6 7 
0 19
1 6
2 17
3 15
4 4
5 0
6 25
7 26
8 22
9 14
10 9
11 16
12 21
13 7
14 20
15 8
16 2
17 23
18 13
19 1
20 10
21 18
22 5
23 11
24 3
25 24
26 12
SIMILAR

0 19 7 15 26 12 3 22 23 1 20 13 24 9 6 25 14 4 17 11 21 10 2 5 16 8 18 
0 0
1 9
2 22
3 6
4 17
5 23
6 14
7 2
8 25
9 13
10 21
11 19
12 5
13 11
14 16
15 3
16 24
17 18
18 26
19 1
20 10
21 20
22 7
23 8
24 12
25 15
26 4
SIMILAR

19 21 6 25 22 16 13 17 0 11 2 20 18 7 8 12 10 4 1 15 23 3 5 9 14 26 24 
0 8
1 18
2 10
3 21
4 17
5 22
6 2
7 13
8 14
9 23
10 16
11 9
12 15
13 6
14 24
15 19
16 5
17 7
18 12
19 0
20 11
21 1
22 4
23 20
24 26
25 3
26 25
SIMILAR

0 8 22 3 14 7 18 12 9 15 11 10 17 2 1 4 16 25 20 5 13 21 26 6 24 23 19 
0 0
1 14
2 13
3 3
4 15
5 19
6 23
7 5
8 1
9 8
10 11
11 10
12 7
13 20
14 4
15 9
16 16
17 12
18 6
19 26
20 18
21 21
22 2
23 25
24 24
25 17
26 22
SIMILAR

13 21 14 25 26 10 9 5 8 16 24 1 12 19 6 20 23 22 3 0 18 7 2 17 4 15 11 
0 19
1 11
2 22
3 18
4 24
5 7
6 14
7 21
8 8
9 6
10 5
11 26
12 12
13 0
14 2
15 25
16 9
17 23
18 20
19 13
20 15
21 1
22 17
23 16
24 10
25 3
26 4
SIMILAR

21 25 0 7 22 19 13 2 9 3 26 10 12 8 20 14 18 11 6 16 15 23 1 5 4 17 24 
0 2
1 22
2 7
3 9
4 24
5 23
6 18
7 3
8 13
9 8
10 11
11 17
12 12
13 6
14 15
15 20
16 19
17 25
18 16
19 5
20 14
21 0
22 4
23 21
24 26
25 1
26 10
SIMILAR
100 0
8800 0
238800 0
