38
0 0 0 1 0 1 0 0 0 0 1 1 0 0 1 1 1 1 0 0 1 1 0 1 1 0 0 1 0 0 0 1 1 1 1 1 1 1 
0 0 1 1 0 0 0 1 1 0 1 0 0 1 0 0 1 0 1 1 1 1 0 0 0 1 1 0 0 1 0 0 0 1 0 0 1 1 
0 1 0 1 0 0 0 0 0 1 1 1 1 1 0 0 0 1 1 1 0 0 0 0 1 0 0 0 1 0 0 0 0 0 1 1 1 1 
1 1 1 0 1 0 0 0 0 1 1 1 1 0 0 0 1 0 0 0 0 1 1 0 0 0 0 1 0 1 0 1 1 1 0 0 1 1 
0 0 0 1 0 1 1 1 1 0 1 1 1 1 0 0 0 0 1 0 0 0 1 1 1 0 1 1 0 0 0 0 1 1 1 1 0 0 
1 0 0 0 1 0 1 0 1 1 1 0 0 0 1 0 0 0 0 1 0 1 1 1 0 1 1 1 1 1 0 1 0 1 0 1 1 0 
0 0 0 0 1 1 0 1 0 0 0 0 0 1 0 1 0 1 1 1 0 1 1 0 0 0 0 1 1 1 1 0 1 0 1 1 1 1 
0 1 0 0 1 0 1 0 0 1 0 0 1 1 0 1 1 0 1 0 0 0 1 0 1 1 1 0 0 0 0 0 0 0 0 1 1 1 
0 1 0 0 1 1 0 0 0 0 0 1 1 1 0 0 0 1 0 0 0 1 0 1 0 0 0 0 1 0 1 1 1 1 0 0 1 1 
0 0 1 1 0 1 0 1 0 0 0 0 0 0 1 1 0 1 0 1 1 1 0 0 0 1 0 1 0 0 1 1 1 1 0 1 0 0 
1 1 1 1 1 1 0 0 0 0 0 1 1 0 0 1 0 0 1 0 1 1 0 0 0 1 1 1 0 1 0 0 0 0 1 0 1 1 
1 0 1 1 1 0 0 0 1 0 1 0 1 0 1 1 1 1 0 1 0 0 1 0 1 1 0 1 0 1 1 1 0 1 1 1 0 1 
0 0 1 1 1 0 0 1 1 0 1 1 0 1 0 0 0 0 1 1 1 1 0 0 0 1 0 0 0 0 1 0 0 0 0 0 1 1 
0 1 1 0 1 0 1 1 1 0 0 0 1 0 1 1 0 0 0 0 1 0 1 1 1 1 0 1 0 1 0 1 0 1 0 0 0 1 
1 0 0 0 0 1 0 0 0 1 0 1 0 1 0 1 1 1 0 0 0 0 0 1 0 0 1 0 1 1 0 1 0 1 1 1 0 1 
1 0 0 0 0 0 1 1 0 1 1 1 0 1 1 0 1 0 1 1 1 0 1 1 1 0 1 0 0 0 0 1 0 1 1 1 1 1 
1 1 0 1 0 0 0 1 0 0 0 1 0 0 1 1 0 0 1 0 0 0 0 0 1 1 1 1 0 1 1 1 0 0 0 1 1 0 
1 0 1 0 0 0 1 0 1 1 0 1 0 0 1 0 0 0 1 0 1 1 1 1 0 0 0 1 1 0 0 0 1 1 0 1 0 1 
0 1 1 0 1 0 1 1 0 0 1 0 1 0 0 1 1 1 0 0 1 0 1 1 0 0 0 0 0 0 0 0 0 1 0 0 1 1 
0 1 1 0 0 1 1 0 0 1 0 1 1 0 0 1 0 0 0 0 0 1 0 1 1 0 0 1 1 1 0 0 1 1 1 0 1 1 
1 1 0 0 0 0 0 0 0 1 1 0 1 1 0 1 0 1 1 0 0 0 1 1 0 1 1 1 1 0 0 0 0 1 0 1 1 1 
1 1 0 1 0 1 1 0 1 1 1 0 1 0 0 0 0 1 0 1 0 0 0 1 0 1 0 0 1 0 0 1 1 0 1 1 0 1 
0 0 0 1 1 1 1 1 0 0 0 1 0 1 0 1 0 1 1 0 1 0 0 0 0 0 0 1 1 0 1 1 0 0 1 1 1 0 
1 0 0 0 1 1 0 0 1 0 0 0 0 1 1 1 0 1 1 1 1 1 0 0 1 0 1 0 1 0 1 0 1 1 1 1 0 0 
1 0 1 0 1 0 0 1 0 0 0 1 0 1 0 1 1 0 0 1 0 0 0 1 0 1 0 1 1 0 0 0 1 1 1 1 1 0 
0 1 0 0 0 1 0 1 0 1 1 1 1 1 0 0 1 0 0 0 1 1 0 0 1 0 0 1 1 1 0 0 1 0 1 0 1 0 
0 1 0 0 1 1 0 1 0 0 1 0 0 0 1 1 1 0 0 0 1 0 0 1 0 0 0 0 1 1 0 1 1 1 0 0 0 1 
1 0 0 1 1 1 1 0 0 1 1 1 0 1 0 0 1 1 0 1 1 0 1 0 1 1 0 0 1 1 1 1 1 0 1 0 0 0 
0 0 1 0 0 1 1 0 1 0 0 0 0 0 1 0 0 1 0 1 1 1 1 1 1 1 1 1 0 1 1 1 0 1 1 1 0 0 
0 1 0 1 0 1 1 0 0 0 1 1 0 1 1 0 1 0 0 1 0 0 0 0 0 1 1 1 1 0 0 1 0 1 0 1 1 1 
0 0 0 0 0 0 1 0 1 1 0 1 1 0 0 0 1 0 0 0 0 0 1 1 0 0 0 1 1 0 0 1 0 0 1 1 0 1 
1 0 0 1 0 1 0 0 1 1 0 1 0 1 1 1 1 0 0 0 0 1 1 0 0 0 1 1 1 1 1 0 1 1 1 1 0 1 
1 0 0 1 1 0 1 0 1 1 0 0 0 0 0 0 0 1 0 1 0 1 0 1 1 1 1 1 0 0 0 1 0 1 1 1 1 1 
1 1 0 1 1 1 0 0 1 1 0 1 0 1 1 1 0 1 1 1 1 0 0 1 1 0 1 0 1 1 0 1 1 0 0 1 0 0 
1 0 1 0 1 0 1 0 0 0 1 1 0 0 1 1 0 0 0 1 0 1 1 1 1 1 0 1 1 0 1 1 1 0 0 0 1 0 
1 0 1 0 1 1 1 1 0 1 0 1 0 0 1 1 1 1 0 0 1 1 1 1 1 0 0 0 1 1 1 1 1 1 0 0 1 0 
1 1 1 1 0 1 1 1 1 0 1 0 1 0 0 1 1 0 1 1 1 0 1 0 1 1 0 0 0 1 0 0 1 0 1 1 0 1 
1 1 1 1 0 0 1 1 1 0 1 1 1 1 1 1 0 1 1 1 1 1 0 0 0 0 1 0 0 1 1 1 1 0 0 0 1 0 

15 26 0 10 20 33 21 23 11 2 8 24 22 3 16 29 32 6 9 7 34 4 18 36 17 28 1 31 30 25 13 35 19 27 14 37 5 12 
0 2
1 26
2 9
3 13
4 21
5 36
6 17
7 19
8 10
9 18
10 3
11 8
12 37
13 30
14 34
15 0
16 14
17 24
18 22
19 32
20 4
21 6
22 12
23 7
24 11
25 29
26 1
27 33
28 25
29 15
30 28
31 27
32 16
33 5
34 20
35 31
36 23
37 35
SIMILAR

3 30 37 28 4 7 32 2 19 27 10 9 12 17 24 1 22 13 23 15 35 34 20 26 31 36 21 16 11 25 8 5 33 14 29 0 6 18 
0 35
1 15
2 7
3 0
4 4
5 31
6 36
7 5
8 30
9 11
10 10
11 28
12 12
13 17
14 33
15 19
16 27
17 13
18 37
19 8
20 22
21 26
22 16
23 18
24 14
25 29
26 23
27 9
28 3
29 34
30 1
31 24
32 6
33 32
34 21
35 20
36 25
37 2
SIMILAR

34 28 24 19 5 16 11 13 31 26 2 22 18 0 12 21 36 37 23 14 20 4 1 35 29 7 33 27 9 17 10 25 3 8 6 15 30 32 
0 13
1 22
2 10
3 32
4 21
5 4
6 34
7 25
8 33
9 28
10 30
11 6
12 14
13 7
14 19
15 35
16 5
17 29
18 12
19 3
20 20
21 15
22 11
23 18
24 2
25 31
26 9
27 27
28 1
29 24
30 36
31 8
32 37
33 26
34 0
35 23
36 16
37 17
SIMILAR

15 20 33 10 28 17 30 3 25 23 27 32 11 18 7 34 21 29 0 4 36 26 6 1 14 16 31 2 22 24 8 12 37 9 19 35 13 5 
0 18
1 23
2 27
3 7
4 19
5 37
6 22
7 14
8 30
9 33
10 3
11 12
12 31
13 36
14 24
15 0
16 25
17 5
18 13
19 34
20 1
21 16
22 28
23 9
24 29
25 8
26 21
27 10
28 4
29 17
30 6
31 26
32 11
33 2
34 15
35 35
36 20
37 32
SIMILAR

18 29 2 37 23 35 17 19 22 4 31 5 36 13 27 0 10 12 26 32 1 9 33 7 30 3 25 21 15 20 11 8 28 24 16 14 6 34 
0 15
1 20
2 2
3 25
4 9
5 11
6 36
7 23
8 31
9 21
10 16
11 30
12 17
13 13
14 35
15 28
16 34
17 6
18 0
19 7
20 29
21 27
22 8
23 4
24 33
25 26
26 18
27 14
28 32
29 1
30 24
31 10
32 19
33 22
34 37
35 5
36 12
37 3
SIMILAR

0 4 34 27 23 14 6 12 32 35 28 9 10 7 25 13 8 19 30 36 2 31 21 22 15 18 26 29 3 1 5 20 24 17 11 16 33 37 
0 0
1 29
2 20
3 28
4 1
5 30
6 6
7 13
8 16
9 11
10 12
11 34
12 7
13 15
14 5
15 24
16 35
17 33
18 25
19 17
20 31
21 22
22 23
23 4
24 32
25 14
26 26
27 3
28 10
29 27
30 18
31 21
32 8
33 36
34 2
35 9
36 19
37 37
SIMILAR

8 13 1 26 23 10 25 7 34 14 21 3 2 29 4 0 27 31 16 37 11 33 18 20 36 22 24 9 30 35 19 6 15 17 5 28 32 12 
0 15
1 2
2 12
3 11
4 14
5 34
6 31
7 7
8 0
9 27
10 5
11 20
12 37
13 1
14 9
15 32
16 18
17 33
18 22
19 30
20 23
21 10
22 25
23 4
24 26
25 6
26 3
27 16
28 35
29 13
30 28
31 17
32 36
33 21
34 8
35 29
36 24
37 19
SIMILAR

26 7 15 0 11 27 34 35 31 19 17 16 5 1 30 10 29 32 20 6 2 36 21 12 3 13 9 4 22 14 28 25 37 33 18 8 23 24 
0 3
1 13
2 20
3 24
4 27
5 12
6 19
7 1
8 35
9 26
10 15
11 4
12 23
13 25
14 29
15 2
16 11
17 10
18 34
19 9
20 18
21 22
22 28
23 36
24 37
25 31
26 0
27 5
28 30
29 16
30 14
31 8
32 17
33 33
34 6
35 7
36 21
37 32
SIMILAR

8 36 24 35 26 2 10 1 32 16 30 21 6 13 12 27 17 37 22 34 9 20 18 19 11 4 5 28 15 7 25 29 0 14 3 33 31 23 
0 32
1 7
2 5
3 34
4 25
5 26
6 12
7 29
8 0
9 20
10 6
11 24
12 14
13 13
14 33
15 28
16 9
17 16
18 22
19 23
20 21
21 11
22 18
23 37
24 2
25 30
26 4
27 15
28 27
29 31
30 10
31 36
32 8
33 35
34 19
35 3
36 1
37 17
SIMILAR

11 14 21 2 20 25 37 3 30 10 4 35 18 5 19 12 28 16 26 24 32 34 1 31 7 0 36 17 23 33 6 15 8 13 27 22 9 29 
0 25
1 22
2 3
3 7
4 10
5 13
6 30
7 24
8 32
9 36
10 9
11 0
12 15
13 33
14 1
15 31
16 17
17 27
18 12
19 14
20 4
21 2
22 35
23 28
24 19
25 5
26 18
27 34
28 16
29 37
30 8
31 23
32 20
33 29
34 21
35 11
36 26
37 6
SIMILAR

18 3 8 24 2 36 21 10 31 28 17 7 22 9 6 5 0 35 11 37 16 34 13 29 30 33 15 26 32 19 14 27 4 20 12 23 1 25 
0 16
1 36
2 4
3 1
4 32
5 15
6 14
7 11
8 2
9 13
10 7
11 18
12 34
13 22
14 30
15 26
16 20
17 10
18 0
19 29
20 33
21 6
22 12
23 35
24 3
25 37
26 27
27 31
28 9
29 23
30 24
31 8
32 28
33 25
34 21
35 17
36 5
37 19
SIMILAR

8 0 32 24 20 12 9 18 11 1 37 6 4 33 15 35 23 31 30 19 28 7 14 22 25 5 3 34 21 26 10 27 2 36 29 13 17 16 
0 1
1 9
2 32
3 26
4 12
5 25
6 11
7 21
8 0
9 6
10 30
11 8
12 5
13 35
14 22
15 14
16 37
17 36
18 7
19 19
20 4
21 28
22 23
23 16
24 3
25 24
26 29
27 31
28 20
29 34
30 18
31 17
32 2
33 13
34 27
35 15
36 33
37 10
SIMILAR

12 6 10 30 19 13 5 0 9 20 25 35 33 11 36 2 27 28 15 7 3 34 8 17 18 32 29 1 4 23 22 26 21 31 14 16 37 24 
0 7
1 27
2 15
3 20
4 28
5 6
6 1
7 19
8 22
9 8
10 2
11 13
12 0
13 5
14 34
15 18
16 35
17 23
18 24
19 4
20 9
21 32
22 30
23 29
24 37
25 10
26 31
27 16
28 17
29 26
30 3
31 33
32 25
33 12
34 21
35 11
36 14
37 36
SIMILAR

8 4 5 20 11 16 13 22 1 9 17 10 18 29 27 14 12 3 32 0 33 35 24 31 30 7 25 36 15 2 37 23 6 28 21 19 34 26 
0 19
1 8
2 29
3 17
4 1
5 2
6 32
7 25
8 0
9 9
10 11
11 4
12 16
13 6
14 15
15 28
16 5
17 10
18 12
19 35
20 3
21 34
22 7
23 31
24 22
25 26
26 37
27 14
28 33
29 13
30 24
31 23
32 18
33 20
34 36
35 21
36 27
37 30
SIMILAR

12 14 32 21 13 22 16 24 1 9 20 23 4 5 25 28 29 7 19 10 31 26 35 2 18 3 33 36 15 34 6 27 8 30 11 37 0 17 
0 36
1 8
2 23
3 25
4 12
5 13
6 30
7 17
8 32
9 9
10 19
11 34
12 0
13 4
14 1
15 28
16 6
17 37
18 24
19 18
20 10
21 3
22 5
23 11
24 7
25 14
26 21
27 31
28 15
29 16
30 33
31 20
32 2
33 26
34 29
35 22
36 27
37 35
SIMILAR

33 1 26 29 34 25 23 7 31 24 14 21 0 36 2 37 6 5 3 13 17 19 20 12 10 15 32 16 11 22 35 27 18 8 28 4 30 9 
0 12
1 1
2 14
3 18
4 35
5 17
6 16
7 7
8 33
9 37
10 24
11 28
12 23
13 19
14 10
15 25
16 27
17 20
18 32
19 21
20 22
21 11
22 29
23 6
24 9
25 5
26 2
27 31
28 34
29 3
30 36
31 8
32 26
33 0
34 4
35 30
36 13
37 15
SIMILAR

5 12 36 34 37 22 35 30 1 33 28 27 18 6 13 17 20 3 23 14 29 2 19 15 31 4 24 11 9 8 25 16 0 32 10 21 26 7 
0 32
1 8
2 21
3 17
4 25
5 0
6 13
7 37
8 29
9 28
10 34
11 27
12 1
13 14
14 19
15 23
16 31
17 15
18 12
19 22
20 16
21 35
22 5
23 18
24 26
25 30
26 36
27 11
28 10
29 20
30 7
31 24
32 33
33 9
34 3
35 6
36 2
37 4
SIMILAR

8 1 31 15 10 24 36 35 13 30 16 28 29 27 11 34 0 2 7 23 37 21 33 26 19 3 18 9 20 5 14 17 4 6 22 32 25 12 
0 16
1 1
2 17
3 25
4 32
5 29
6 33
7 18
8 0
9 27
10 4
11 14
12 37
13 8
14 30
15 3
16 10
17 31
18 26
19 24
20 28
21 21
22 34
23 19
24 5
25 36
26 23
27 13
28 11
29 12
30 9
31 2
32 35
33 22
34 15
35 7
36 6
37 20
SIMILAR

34 31 1 8 17 0 21 27 10 2 23 3 28 15 9 7 16 37 36 35 32 11 30 14 22 4 29 25 20 19 33 24 26 12 13 5 6 18 
0 5
1 2
2 9
3 11
4 25
5 35
6 36
7 15
8 3
9 14
10 8
11 21
12 33
13 34
14 23
15 13
16 16
17 4
18 37
19 29
20 28
21 6
22 24
23 10
24 31
25 27
26 32
27 7
28 12
29 26
30 22
31 1
32 20
33 30
34 0
35 19
36 18
37 17
SIMILAR

1 10 26 23 33 32 24 21 2 31 20 34 35 19 16 15 12 11 14 30 0 27 25 13 5 28 6 22 9 36 29 18 17 7 8 3 4 37 
0 20
1 0
2 8
3 35
4 36
5 24
6 26
7 33
8 34
9 28
10 1
11 17
12 16
13 23
14 18
15 15
16 14
17 32
18 31
19 13
20 10
21 7
22 27
23 3
24 6
25 22
26 2
27 21
28 25
29 30
30 19
31 9
32 5
33 4
34 11
35 12
36 29
37 37
SIMILAR

20 12 9 35 29 33 10 30 5 26 27 32 1 8 16 2 14 37 28 34 31 18 0 6 36 17 11 15 19 4 25 13 3 21 7 23 24 22 
0 22
1 12
2 15
3 32
4 29
5 8
6 23
7 34
8 13
9 2
10 6
11 26
12 1
13 31
14 16
15 27
16 14
17 25
18 21
19 28
20 0
21 33
22 37
23 35
24 36
25 30
26 9
27 10
28 18
29 4
30 7
31 20
32 11
33 5
34 19
35 3
36 24
37 17
SIMILAR

29 33 27 18 25 1 36 28 3 13 16 6 30 14 9 2 24 37 11 22 8 32 20 4 10 12 26 7 0 35 23 34 17 5 21 31 19 15 
0 28
1 5
2 15
3 8
4 23
5 33
6 11
7 27
8 20
9 14
10 24
11 18
12 25
13 9
14 13
15 37
16 10
17 32
18 3
19 36
20 22
21 34
22 19
23 30
24 16
25 4
26 26
27 2
28 7
29 0
30 12
31 35
32 21
33 1
34 31
35 29
36 6
37 17
SIMILAR

9 7 32 14 1 3 5 17 19 2 11 13 0 30 22 34 10 28 24 21 15 27 23 29 25 4 35 12 16 36 33 26 18 37 8 6 31 20 
0 12
1 4
2 9
3 5
4 25
5 6
6 35
7 1
8 34
9 0
10 16
11 10
12 27
13 11
14 3
15 20
16 28
17 7
18 32
19 8
20 37
21 19
22 14
23 22
24 18
25 24
26 31
27 21
28 17
29 23
30 13
31 36
32 2
33 30
34 15
35 26
36 29
37 33
SIMILAR

26 17 20 16 25 0 3 36 31 35 6 8 18 37 4 34 7 21 10 28 29 1 33 22 11 14 15 23 5 27 32 12 19 30 9 24 2 13 
0 5
1 21
2 36
3 6
4 14
5 28
6 10
7 16
8 11
9 34
10 18
11 24
12 31
13 37
14 25
15 26
16 3
17 1
18 12
19 32
20 2
21 17
22 23
23 27
24 35
25 4
26 0
27 29
28 19
29 20
30 33
31 8
32 30
33 22
34 15
35 9
36 7
37 13
SIMILAR

37 25 5 22 7 1 6 23 31 11 3 8 28 18 26 13 20 12 19 0 32 33 24 9 30 10 27 29 36 21 34 35 2 16 15 17 4 14 
0 19
1 5
2 32
3 10
4 36
5 2
6 6
7 4
8 11
9 23
10 25
11 9
12 17
13 15
14 37
15 34
16 33
17 35
18 13
19 18
20 16
21 29
22 3
23 7
24 22
25 1
26 14
27 26
28 12
29 27
30 24
31 8
32 20
33 21
34 30
35 31
36 28
37 0
SIMILAR

25 15 37 5 13 35 22 36 17 29 3 4 2 0 8 21 7 10 19 33 30 27 1 32 23 34 9 12 24 31 16 20 28 14 26 11 6 18 
0 13
1 22
2 12
3 10
4 11
5 3
6 36
7 16
8 14
9 26
10 17
11 35
12 27
13 4
14 33
15 1
16 30
17 8
18 37
19 18
20 31
21 15
22 6
23 24
24 28
25 0
26 34
27 21
28 32
29 9
30 20
31 29
32 23
33 19
34 25
35 5
36 7
37 2
SIMILAR

5 37 31 10 8 17 3 21 2 25 23 4 22 27 0 28 29 24 35 6 12 13 11 20 34 33 16 7 18 36 19 26 32 15 9 1 14 30 
0 14
1 35
2 8
3 6
4 11
5 0
6 19
7 27
8 4
9 34
10 3
11 22
12 20
13 21
14 36
15 33
16 26
17 5
18 28
19 30
20 23
21 7
22 12
23 10
24 17
25 9
26 31
27 13
28 15
29 16
30 37
31 2
32 32
33 25
34 24
35 18
36 29
37 1
SIMILAR

23 11 2 7 13 6 18 0 22 10 5 15 36 17 12 26 24 19 29 9 37 16 20 4 25 30 1 32 14 8 35 31 27 33 28 3 21 34 
0 7
1 26
2 2
3 35
4 23
5 10
6 5
7 3
8 29
9 19
10 9
11 1
12 14
13 4
14 28
15 11
16 21
17 13
18 6
19 17
20 22
21 36
22 8
23 0
24 16
25 24
26 15
27 32
28 34
29 18
30 25
31 31
32 27
33 33
34 37
35 30
36 12
37 20
SIMILAR

21 26 12 9 29 13 18 5 1 27 14 31 0 34 35 15 22 17 16 30 7 33 19 10 4 32 20 24 23 25 8 11 36 37 28 3 2 6 
0 12
1 8
2 36
3 35
4 24
5 7
6 37
7 20
8 30
9 3
10 23
11 31
12 2
13 5
14 10
15 15
16 18
17 17
18 6
19 22
20 26
21 0
22 16
23 28
24 27
25 29
26 1
27 9
28 34
29 4
30 19
31 11
32 25
33 21
34 13
35 14
36 32
37 33
SIMILAR

20 9 7 3 23 25 33 14 37 0 34 28 35 4 22 29 18 31 12 36 5 30 11 27 6 2 19 32 13 26 8 16 10 15 1 24 21 17 
0 9
1 34
2 25
3 3
4 13
5 20
6 24
7 2
8 30
9 1
10 32
11 22
12 18
13 28
14 7
15 33
16 31
17 37
18 16
19 26
20 0
21 36
22 14
23 4
24 35
25 5
26 29
27 23
28 11
29 15
30 21
31 17
32 27
33 6
34 10
35 12
36 19
37 8
SIMILAR

18 15 9 1 2 8 12 24 5 32 25 35 34 7 31 29 36 20 14 33 3 22 26 27 4 0 11 23 19 21 16 17 10 6 28 30 13 37 
0 25
1 3
2 4
3 20
4 24
5 8
6 33
7 13
8 5
9 2
10 32
11 26
12 6
13 36
14 18
15 1
16 30
17 31
18 0
19 28
20 17
21 29
22 21
23 27
24 7
25 10
26 22
27 23
28 34
29 15
30 35
31 14
32 9
33 19
34 12
35 11
36 16
37 37
SIMILAR

21 30 7 23 13 20 19 17 0 36 37 1 24 9 22 2 26 33 29 10 31 28 14 4 25 15 11 8 3 32 34 16 35 12 5 27 6 18 
0 8
1 11
2 15
3 28
4 23
5 34
6 36
7 2
8 27
9 13
10 19
11 26
12 33
13 4
14 22
15 25
16 31
17 7
18 37
19 6
20 5
21 0
22 14
23 3
24 12
25 24
26 16
27 35
28 21
29 18
30 1
31 20
32 29
33 17
34 30
35 32
36 9
37 10
SIMILAR

28 16 20 25 29 19 18 37 34 7 9 32 3 22 31 13 8 2 10 33 14 27 24 4 0 6 23 35 26 36 12 21 17 15 30 5 1 11 
0 24
1 36
2 17
3 12
4 23
5 35
6 25
7 9
8 16
9 10
10 18
11 37
12 30
13 15
14 20
15 33
16 1
17 32
18 6
19 5
20 2
21 31
22 13
23 26
24 22
25 3
26 28
27 21
28 0
29 4
30 34
31 14
32 11
33 19
34 8
35 27
36 29
37 7
SIMILAR

1 31 28 11 15 6 35 16 36 34 18 23 17 22 24 27 37 29 19 12 0 10 8 25 20 7 33 4 14 3 26 21 13 30 9 32 5 2 
0 20
1 0
2 37
3 29
4 27
5 36
6 5
7 25
8 22
9 34
10 21
11 3
12 19
13 32
14 28
15 4
16 7
17 12
18 10
19 18
20 24
21 31
22 13
23 11
24 14
25 23
26 30
27 15
28 2
29 17
30 33
31 1
32 35
33 26
34 9
35 6
36 8
37 16
SIMILAR

37 30 3 0 19 25 12 18 21 2 15 16 36 33 29 11 7 8 35 23 5 24 34 1 31 22 4 20 9 14 6 13 10 28 17 32 26 27 
0 3
1 23
2 9
3 2
4 26
5 20
6 30
7 16
8 17
9 28
10 32
11 15
12 6
13 31
14 29
15 10
16 11
17 34
18 7
19 4
20 27
21 8
22 25
23 19
24 21
25 5
26 36
27 37
28 33
29 14
30 1
31 24
32 35
33 13
34 22
35 18
36 12
37 0
SIMILAR

27 0 25 7 34 35 4 30 37 17 10 23 13 19 21 2 14 12 16 24 18 22 3 1 8 9 15 28 31 11 20 6 36 5 32 29 33 26 
0 1
1 23
2 15
3 22
4 6
5 33
6 31
7 3
8 24
9 25
10 10
11 29
12 17
13 12
14 16
15 26
16 18
17 9
18 20
19 13
20 30
21 14
22 21
23 11
24 19
25 2
26 37
27 0
28 27
29 35
30 7
31 28
32 34
33 36
34 4
35 5
36 32
37 8
SIMILAR

32 30 12 26 4 18 22 1 15 36 16 24 27 35 3 14 8 0 17 2 11 13 19 20 28 34 6 9 7 37 33 31 10 25 23 5 29 21 
0 17
1 7
2 19
3 14
4 4
5 35
6 26
7 28
8 16
9 27
10 32
11 20
12 2
13 21
14 15
15 8
16 10
17 18
18 5
19 22
20 23
21 37
22 6
23 34
24 11
25 33
26 3
27 12
28 24
29 36
30 1
31 31
32 0
33 30
34 25
35 13
36 9
37 29
SIMILAR

37 3 9 15 7 18 6 27 23 17 31 20 5 0 2 30 19 25 28 21 8 34 22 1 4 16 13 32 14 11 10 26 35 29 33 24 12 36 
0 13
1 23
2 14
3 1
4 24
5 12
6 6
7 4
8 20
9 2
10 30
11 29
12 36
13 26
14 28
15 3
16 25
17 9
18 5
19 16
20 11
21 19
22 22
23 8
24 35
25 17
26 31
27 7
28 18
29 33
30 15
31 10
32 27
33 34
34 21
35 32
36 37
37 0
SIMILAR

9 29 18 33 12 1 2 13 0 26 24 10 7 34 25 15 6 21 22 3 32 28 11 16 14 8 19 23 35 36 30 20 37 31 27 5 17 4 
0 8
1 5
2 6
3 19
4 37
5 35
6 16
7 12
8 25
9 0
10 11
11 22
12 4
13 7
14 24
15 15
16 23
17 36
18 2
19 26
20 31
21 17
22 18
23 27
24 10
25 14
26 9
27 34
28 21
29 1
30 30
31 33
32 20
33 3
34 13
35 28
36 29
37 32
SIMILAR

13 7 18 33 17 16 25 12 36 9 21 24 32 3 11 35 26 30 27 4 34 23 31 20 5 19 6 15 1 37 22 28 14 0 29 2 10 8 
0 33
1 28
2 35
3 13
4 19
5 24
6 26
7 1
8 37
9 9
10 36
11 14
12 7
13 0
14 32
15 27
16 5
17 4
18 2
19 25
20 23
21 10
22 30
23 21
24 11
25 6
26 16
27 18
28 31
29 34
30 17
31 22
32 12
33 3
34 20
35 15
36 8
37 29
SIMILAR

15 20 27 4 11 13 3 37 22 25 35 19 9 14 5 6 26 17 36 18 33 29 7 30 8 1 2 34 12 21 31 32 23 24 28 16 0 10 
0 36
1 25
2 26
3 6
4 3
5 14
6 15
7 22
8 24
9 12
10 37
11 4
12 28
13 5
14 13
15 0
16 35
17 17
18 19
19 11
20 1
21 29
22 8
23 32
24 33
25 9
26 16
27 2
28 34
29 21
30 23
31 30
32 31
33 20
34 27
35 10
36 18
37 7
SIMILAR

11 23 34 33 16 28 19 4 18 26 7 14 8 12 5 21 2 37 3 10 31 30 1 27 17 29 24 35 9 15 6 32 36 20 13 22 25 0 
0 37
1 22
2 16
3 18
4 7
5 14
6 30
7 10
8 12
9 28
10 19
11 0
12 13
13 34
14 11
15 29
16 4
17 24
18 8
19 6
20 33
21 15
22 35
23 1
24 26
25 36
26 9
27 23
28 5
29 25
30 21
31 20
32 31
33 3
34 2
35 27
36 32
37 17
SIMILAR

2 19 7 0 5 34 27 4 26 8 24 12 25 1 3 18 20 11 33 29 21 16 17 15 31 37 6 9 22 32 13 28 30 14 36 35 10 23 
0 3
1 13
2 0
3 14
4 7
5 4
6 26
7 2
8 9
9 27
10 36
11 17
12 11
13 30
14 33
15 23
16 21
17 22
18 15
19 1
20 16
21 20
22 28
23 37
24 10
25 12
26 8
27 6
28 31
29 19
30 32
31 24
32 29
33 18
34 5
35 35
36 34
37 25
SIMILAR

21 15 27 13 31 2 34 37 8 4 5 24 33 25 19 7 23 29 12 6 3 11 20 14 36 0 30 10 22 28 35 1 16 32 17 26 18 9 
0 25
1 31
2 5
3 20
4 9
5 10
6 19
7 15
8 8
9 37
10 27
11 21
12 18
13 3
14 23
15 1
16 32
17 34
18 36
19 14
20 22
21 0
22 28
23 16
24 11
25 13
26 35
27 2
28 29
29 17
30 26
31 4
32 33
33 12
34 6
35 30
36 24
37 7
SIMILAR

5 30 8 12 1 27 4 18 25 34 37 13 11 33 16 28 24 19 2 7 36 6 3 23 29 20 22 35 32 0 9 14 15 17 21 26 31 10 
0 29
1 4
2 18
3 22
4 6
5 0
6 21
7 19
8 2
9 30
10 37
11 12
12 3
13 11
14 31
15 32
16 14
17 33
18 7
19 17
20 25
21 34
22 26
23 23
24 16
25 8
26 35
27 5
28 15
29 24
30 1
31 36
32 28
33 13
34 9
35 27
36 20
37 10
SIMILAR

28 18 21 7 9 0 24 32 36 5 31 34 35 1 17 10 15 11 22 4 26 37 19 3 6 16 8 14 13 20 25 2 30 12 29 33 23 27 
0 5
1 13
2 31
3 23
4 19
5 9
6 24
7 3
8 26
9 4
10 15
11 17
12 33
13 28
14 27
15 16
16 25
17 14
18 1
19 22
20 29
21 2
22 18
23 36
24 6
25 30
26 20
27 37
28 0
29 34
30 32
31 10
32 7
33 35
34 11
35 12
36 8
37 21
SIMILAR

25 27 6 9 13 15 33 32 18 34 31 16 24 36 35 20 29 11 22 23 2 12 28 14 8 3 7 1 5 30 37 17 0 19 26 21 10 4 
0 32
1 27
2 20
3 25
4 37
5 28
6 2
7 26
8 24
9 3
10 36
11 17
12 21
13 4
14 23
15 5
16 11
17 31
18 8
19 33
20 15
21 35
22 18
23 19
24 12
25 0
26 34
27 1
28 22
29 16
30 29
31 10
32 7
33 6
34 9
35 14
36 13
37 30
SIMILAR

37 31 8 9 19 25 28 11 12 16 36 14 1 4 13 5 21 24 17 33 15 18 23 3 10 20 6 2 34 30 32 7 29 0 22 35 27 26 
0 33
1 12
2 27
3 23
4 13
5 15
6 26
7 31
8 2
9 3
10 24
11 7
12 8
13 14
14 11
15 20
16 9
17 18
18 21
19 4
20 25
21 16
22 34
23 22
24 17
25 5
26 37
27 36
28 6
29 32
30 29
31 1
32 30
33 19
34 28
35 35
36 10
37 0
SIMILAR

10 7 22 36 30 11 2 28 34 12 25 29 9 20 3 8 37 14 19 21 5 16 26 18 32 27 6 31 13 17 1 4 15 33 23 24 0 35 
0 36
1 30
2 6
3 14
4 31
5 20
6 26
7 1
8 15
9 12
10 0
11 5
12 9
13 28
14 17
15 32
16 21
17 29
18 23
19 18
20 13
21 19
22 2
23 34
24 35
25 10
26 22
27 25
28 7
29 11
30 4
31 27
32 24
33 33
34 8
35 37
36 3
37 16
SIMILAR

26 27 17 16 32 28 7 11 3 37 12 6 36 33 10 5 8 20 29 9 34 31 0 23 30 2 22 14 24 35 4 18 1 19 15 13 25 21 
0 22
1 32
2 25
3 8
4 30
5 15
6 11
7 6
8 16
9 19
10 14
11 7
12 10
13 35
14 27
15 34
16 3
17 2
18 31
19 33
20 17
21 37
22 26
23 23
24 28
25 36
26 0
27 1
28 5
29 18
30 24
31 21
32 4
33 13
34 20
35 29
36 12
37 9
SIMILAR

19 6 16 35 32 14 5 24 22 31 23 28 20 37 0 18 13 9 4 27 33 2 30 17 11 15 8 25 3 26 7 29 34 21 36 10 12 1 
0 14
1 37
2 21
3 28
4 18
5 6
6 1
7 30
8 26
9 17
10 35
11 24
12 36
13 16
14 5
15 25
16 2
17 23
18 15
19 0
20 12
21 33
22 8
23 10
24 7
25 27
26 29
27 19
28 11
29 31
30 22
31 9
32 4
33 20
34 32
35 3
36 34
37 13
SIMILAR

19 7 36 22 30 9 3 20 12 31 15 4 27 1 13 21 8 33 10 29 11 24 17 34 14 32 5 23 18 25 2 0 16 28 35 37 26 6 
0 31
1 13
2 30
3 6
4 11
5 26
6 37
7 1
8 16
9 5
10 18
11 20
12 8
13 14
14 24
15 10
16 32
17 22
18 28
19 0
20 7
21 15
22 3
23 27
24 21
25 29
26 36
27 12
28 33
29 19
30 4
31 9
32 25
33 17
34 23
35 34
36 2
37 35
SIMILAR

20 5 33 34 4 37 25 31 18 2 11 23 0 6 30 8 10 17 35 24 22 7 16 29 1 36 28 12 13 27 32 9 21 15 14 19 26 3 
0 12
1 24
2 9
3 37
4 4
5 1
6 13
7 21
8 15
9 31
10 16
11 10
12 27
13 28
14 34
15 33
16 22
17 17
18 8
19 35
20 0
21 32
22 20
23 11
24 19
25 6
26 36
27 29
28 26
29 23
30 14
31 7
32 30
33 2
34 3
35 18
36 25
37 5
SIMILAR

29 18 3 7 17 31 19 0 9 28 25 27 5 10 32 4 11 13 34 23 14 2 21 16 6 24 36 20 37 35 30 8 1 12 33 15 22 26 
0 7
1 32
2 21
3 2
4 15
5 12
6 24
7 3
8 31
9 8
10 13
11 16
12 33
13 17
14 20
15 35
16 23
17 4
18 1
19 6
20 27
21 22
22 36
23 19
24 25
25 10
26 37
27 11
28 9
29 0
30 30
31 5
32 14
33 34
34 18
35 29
36 26
37 28
SIMILAR

24 15 35 18 5 4 0 34 29 30 17 23 32 11 36 7 10 37 14 25 1 21 27 8 19 20 2 3 13 28 6 26 31 12 33 9 16 22 
0 6
1 20
2 26
3 27
4 5
5 4
6 30
7 15
8 23
9 35
10 16
11 13
12 33
13 28
14 18
15 1
16 36
17 10
18 3
19 24
20 25
21 21
22 37
23 11
24 0
25 19
26 31
27 22
28 29
29 8
30 9
31 32
32 12
33 34
34 7
35 2
36 14
37 17
SIMILAR

19 30 15 25 2 17 3 4 12 0 27 20 22 9 31 23 28 10 8 5 11 6 21 16 29 37 1 13 18 24 14 7 35 33 26 36 32 34 
0 9
1 26
2 4
3 6
4 7
5 19
6 21
7 31
8 18
9 13
10 17
11 20
12 8
13 27
14 30
15 2
16 23
17 5
18 28
19 0
20 11
21 22
22 12
23 15
24 29
25 3
26 34
27 10
28 16
29 24
30 1
31 14
32 36
33 33
34 37
35 32
36 35
37 25
SIMILAR

17 27 18 6 23 14 24 22 15 8 35 5 21 34 2 0 36 20 1 37 13 32 25 4 16 28 11 9 10 31 29 26 12 7 30 33 3 19 
0 15
1 18
2 14
3 36
4 23
5 11
6 3
7 33
8 9
9 27
10 28
11 26
12 32
13 20
14 5
15 8
16 24
17 0
18 2
19 37
20 17
21 12
22 7
23 4
24 6
25 22
26 31
27 1
28 25
29 30
30 34
31 29
32 21
33 35
34 13
35 10
36 16
37 19
SIMILAR

5 8 35 0 24 17 9 11 37 33 18 3 7 12 32 30 29 19 34 14 28 15 16 36 10 22 23 1 25 21 13 27 31 4 6 20 2 26 
0 3
1 27
2 36
3 11
4 33
5 0
6 34
7 12
8 1
9 6
10 24
11 7
12 13
13 30
14 19
15 21
16 22
17 5
18 10
19 17
20 35
21 29
22 25
23 26
24 4
25 28
26 37
27 31
28 20
29 16
30 15
31 32
32 14
33 9
34 18
35 2
36 23
37 8
SIMILAR

13 6 0 15 23 5 10 24 20 26 34 1 4 14 28 21 9 19 11 8 22 27 17 7 36 37 35 2 12 16 33 3 30 31 32 25 29 18 
0 2
1 11
2 27
3 31
4 12
5 5
6 1
7 23
8 19
9 16
10 6
11 18
12 28
13 0
14 13
15 3
16 29
17 22
18 37
19 17
20 8
21 15
22 20
23 4
24 7
25 35
26 9
27 21
28 14
29 36
30 32
31 33
32 34
33 30
34 10
35 26
36 24
37 25
SIMILAR

22 6 21 15 26 10 25 9 3 28 5 29 30 12 11 14 2 32 27 37 35 0 16 1 8 18 13 33 31 4 36 23 7 24 34 17 19 20 
0 21
1 23
2 16
3 8
4 29
5 10
6 1
7 32
8 24
9 7
10 5
11 14
12 13
13 26
14 15
15 3
16 22
17 35
18 25
19 36
20 37
21 2
22 0
23 31
24 33
25 6
26 4
27 18
28 9
29 11
30 12
31 28
32 17
33 27
34 34
35 20
36 30
37 19
SIMILAR

25 14 10 32 13 21 15 27 7 18 29 34 3 8 0 31 20 28 19 17 22 36 11 12 9 23 30 37 24 4 16 1 6 2 33 5 26 35 
0 14
1 31
2 33
3 12
4 29
5 35
6 32
7 8
8 13
9 24
10 2
11 22
12 23
13 4
14 1
15 6
16 30
17 19
18 9
19 18
20 16
21 5
22 20
23 25
24 28
25 0
26 36
27 7
28 17
29 10
30 26
31 15
32 3
33 34
34 11
35 37
36 21
37 27
SIMILAR

31 26 2 7 17 9 0 11 36 28 34 25 37 32 13 24 27 35 23 14 29 3 1 15 18 10 4 5 20 21 22 19 12 6 33 30 16 8 
0 6
1 22
2 2
3 21
4 26
5 27
6 33
7 3
8 37
9 5
10 25
11 7
12 32
13 14
14 19
15 23
16 36
17 4
18 24
19 31
20 28
21 29
22 30
23 18
24 15
25 11
26 1
27 16
28 9
29 20
30 35
31 0
32 13
33 34
34 10
35 17
36 8
37 12
SIMILAR

23 26 11 7 1 34 36 22 27 25 37 31 9 21 13 10 8 19 6 30 32 20 3 16 35 18 4 5 24 12 33 17 28 29 14 0 2 15 
0 35
1 4
2 36
3 22
4 26
5 27
6 18
7 3
8 16
9 12
10 15
11 2
12 29
13 14
14 34
15 37
16 23
17 31
18 25
19 17
20 21
21 13
22 7
23 0
24 28
25 9
26 1
27 8
28 32
29 33
30 19
31 11
32 20
33 30
34 5
35 24
36 6
37 10
SIMILAR

27 28 29 17 36 4 0 21 15 19 12 26 18 7 35 20 31 16 22 5 3 2 1 33 34 14 13 6 25 32 8 11 10 23 9 37 24 30 
0 6
1 22
2 21
3 20
4 5
5 19
6 27
7 13
8 30
9 34
10 32
11 31
12 10
13 26
14 25
15 8
16 17
17 3
18 12
19 9
20 15
21 7
22 18
23 33
24 36
25 28
26 11
27 0
28 1
29 2
30 37
31 16
32 29
33 23
34 24
35 14
36 4
37 35
SIMILAR

36 31 19 13 1 28 10 22 7 24 34 0 17 30 35 12 14 2 25 23 37 21 11 4 32 29 16 8 26 18 20 33 6 9 15 5 27 3 
0 11
1 4
2 17
3 37
4 23
5 35
6 32
7 8
8 27
9 33
10 6
11 22
12 15
13 3
14 16
15 34
16 26
17 12
18 29
19 2
20 30
21 21
22 7
23 19
24 9
25 18
26 28
27 36
28 5
29 25
30 13
31 1
32 24
33 31
34 10
35 14
36 0
37 20
SIMILAR

5 16 28 21 2 29 14 20 6 26 22 32 1 27 0 11 24 15 37 25 23 36 7 35 3 9 31 34 17 13 8 19 33 10 30 4 12 18 
0 14
1 12
2 4
3 24
4 35
5 0
6 8
7 22
8 30
9 25
10 33
11 15
12 36
13 29
14 6
15 17
16 1
17 28
18 37
19 31
20 7
21 3
22 10
23 20
24 16
25 19
26 9
27 13
28 2
29 5
30 34
31 26
32 11
33 32
34 27
35 23
36 21
37 18
SIMILAR

32 7 19 14 25 30 6 29 28 12 24 37 2 36 16 33 17 20 27 31 9 1 8 5 26 23 4 3 13 34 22 21 15 0 35 10 11 18 
0 33
1 21
2 12
3 27
4 26
5 23
6 6
7 1
8 22
9 20
10 35
11 36
12 9
13 28
14 3
15 32
16 14
17 16
18 37
19 2
20 17
21 31
22 30
23 25
24 10
25 4
26 24
27 18
28 8
29 7
30 5
31 19
32 0
33 15
34 29
35 34
36 13
37 11
SIMILAR

29 2 14 8 34 30 26 17 23 22 3 0 20 31 13 32 15 12 37 4 6 36 28 11 1 21 25 10 16 7 19 24 27 18 9 5 35 33 
0 11
1 24
2 1
3 10
4 19
5 35
6 20
7 29
8 3
9 34
10 27
11 23
12 17
13 14
14 2
15 16
16 28
17 7
18 33
19 30
20 12
21 25
22 9
23 8
24 31
25 26
26 6
27 32
28 22
29 0
30 5
31 13
32 15
33 37
34 4
35 36
36 21
37 18
SIMILAR

2 5 25 3 18 0 32 28 8 4 6 12 21 35 11 16 13 34 22 23 26 9 19 37 20 1 31 15 24 36 27 17 30 29 10 14 33 7 
0 5
1 25
2 0
3 3
4 9
5 1
6 10
7 37
8 8
9 21
10 34
11 14
12 11
13 16
14 35
15 27
16 15
17 31
18 4
19 22
20 24
21 12
22 18
23 19
24 28
25 2
26 20
27 30
28 7
29 33
30 32
31 26
32 6
33 36
34 17
35 13
36 29
37 23
SIMILAR

1 14 29 13 12 2 36 18 9 11 33 31 16 37 17 34 19 7 10 6 22 8 24 32 21 20 30 15 25 27 5 3 0 23 35 28 4 26 
0 32
1 0
2 5
3 31
4 36
5 30
6 19
7 17
8 21
9 8
10 18
11 9
12 4
13 3
14 1
15 27
16 12
17 14
18 7
19 16
20 25
21 24
22 20
23 33
24 22
25 28
26 37
27 29
28 35
29 2
30 26
31 11
32 23
33 10
34 15
35 34
36 6
37 13
SIMILAR

12 8 2 24 36 6 17 37 7 13 21 22 31 26 19 20 34 23 15 33 4 3 0 10 27 5 30 32 9 11 14 25 28 35 1 18 29 16 
0 22
1 34
2 2
3 21
4 20
5 25
6 5
7 8
8 1
9 28
10 23
11 29
12 0
13 9
14 30
15 18
16 37
17 6
18 35
19 14
20 15
21 10
22 11
23 17
24 3
25 31
26 13
27 24
28 32
29 36
30 26
31 12
32 27
33 19
34 16
35 33
36 4
37 7
SIMILAR

4 8 0 25 28 19 17 26 6 30 22 12 13 23 24 14 21 15 2 29 16 34 33 10 32 27 35 3 31 36 20 5 37 18 7 9 11 1 
0 2
1 37
2 18
3 27
4 0
5 31
6 8
7 34
8 1
9 35
10 23
11 36
12 11
13 12
14 15
15 17
16 20
17 6
18 33
19 5
20 30
21 16
22 10
23 13
24 14
25 3
26 7
27 25
28 4
29 19
30 9
31 28
32 24
33 22
34 21
35 26
36 29
37 32
SIMILAR

36 22 14 19 35 27 13 1 24 17 18 12 15 7 26 28 34 25 4 5 11 31 23 37 0 20 33 32 30 3 6 10 16 29 2 21 9 8 
0 24
1 7
2 34
3 29
4 18
5 19
6 30
7 13
8 37
9 36
10 31
11 20
12 11
13 6
14 2
15 12
16 32
17 9
18 10
19 3
20 25
21 35
22 1
23 22
24 8
25 17
26 14
27 5
28 15
29 33
30 28
31 21
32 27
33 26
34 16
35 4
36 0
37 23
SIMILAR

32 1 35 18 26 0 4 8 29 30 23 36 28 21 7 6 33 14 34 11 13 17 22 3 19 2 25 16 31 12 5 9 15 24 10 20 37 27 
0 5
1 1
2 25
3 23
4 6
5 30
6 15
7 14
8 7
9 31
10 34
11 19
12 29
13 20
14 17
15 32
16 27
17 21
18 3
19 24
20 35
21 13
22 22
23 10
24 33
25 26
26 4
27 37
28 12
29 8
30 9
31 28
32 0
33 16
34 18
35 2
36 11
37 36
SIMILAR

11 32 17 36 6 14 29 33 27 15 30 7 28 19 10 21 16 3 0 22 1 34 37 4 9 2 23 12 25 13 26 31 20 24 35 8 18 5 
0 18
1 20
2 25
3 17
4 23
5 37
6 4
7 11
8 35
9 24
10 14
11 0
12 27
13 29
14 5
15 9
16 16
17 2
18 36
19 13
20 32
21 15
22 19
23 26
24 33
25 28
26 30
27 8
28 12
29 6
30 10
31 31
32 1
33 7
34 21
35 34
36 3
37 22
SIMILAR

7 13 1 8 10 6 33 19 5 14 0 11 31 24 28 2 27 9 22 26 25 32 36 37 23 34 18 4 35 30 3 29 17 15 20 21 16 12 
0 10
1 2
2 15
3 30
4 27
5 8
6 5
7 0
8 3
9 17
10 4
11 11
12 37
13 1
14 9
15 33
16 36
17 32
18 26
19 7
20 34
21 35
22 18
23 24
24 13
25 20
26 19
27 16
28 14
29 31
30 29
31 12
32 21
33 6
34 25
35 28
36 22
37 23
SIMILAR

17 34 30 16 4 15 9 11 36 27 29 20 0 14 6 33 32 35 19 12 8 28 2 10 1 18 24 7 13 3 5 22 31 21 26 25 37 23 
0 12
1 24
2 22
3 29
4 4
5 30
6 14
7 27
8 20
9 6
10 23
11 7
12 19
13 28
14 13
15 5
16 3
17 0
18 25
19 18
20 11
21 33
22 31
23 37
24 26
25 35
26 34
27 9
28 21
29 10
30 2
31 32
32 16
33 15
34 1
35 17
36 8
37 36
SIMILAR

20 12 26 35 18 14 31 8 13 36 33 1 30 25 0 2 28 17 19 4 23 21 29 32 3 27 5 10 6 16 9 24 34 22 11 7 37 15 
0 14
1 11
2 15
3 24
4 19
5 26
6 28
7 35
8 7
9 30
10 27
11 34
12 1
13 8
14 5
15 37
16 29
17 17
18 4
19 18
20 0
21 21
22 33
23 20
24 31
25 13
26 2
27 25
28 16
29 22
30 12
31 6
32 23
33 10
34 32
35 3
36 9
37 36
SIMILAR

1 36 28 5 22 18 11 7 12 8 30 27 16 37 20 13 14 19 29 3 10 15 0 24 21 35 9 32 2 34 26 4 31 25 17 23 6 33 
0 22
1 0
2 28
3 19
4 31
5 3
6 36
7 7
8 9
9 26
10 20
11 6
12 8
13 15
14 16
15 21
16 12
17 34
18 5
19 17
20 14
21 24
22 4
23 35
24 23
25 33
26 30
27 11
28 2
29 18
30 10
31 32
32 27
33 37
34 29
35 25
36 1
37 13
SIMILAR

32 35 4 9 34 20 14 37 27 17 21 2 8 18 22 25 5 0 12 30 10 23 28 15 13 24 1 11 3 6 19 16 26 31 33 29 7 36 
0 17
1 26
2 11
3 28
4 2
5 16
6 29
7 36
8 12
9 3
10 20
11 27
12 18
13 24
14 6
15 23
16 31
17 9
18 13
19 30
20 5
21 10
22 14
23 21
24 25
25 15
26 32
27 8
28 22
29 35
30 19
31 33
32 0
33 34
34 4
35 1
36 37
37 7
SIMILAR

37 33 12 35 7 22 27 3 28 4 18 0 19 8 14 30 34 17 31 1 16 29 23 9 20 10 25 2 6 5 15 21 13 24 11 32 36 26 
0 11
1 19
2 27
3 7
4 9
5 29
6 28
7 4
8 13
9 23
10 25
11 34
12 2
13 32
14 14
15 30
16 20
17 17
18 10
19 12
20 24
21 31
22 5
23 22
24 33
25 26
26 37
27 6
28 8
29 21
30 15
31 18
32 35
33 1
34 16
35 3
36 36
37 0
SIMILAR

34 0 14 6 21 19 23 5 30 33 32 3 26 8 9 29 16 4 18 13 7 12 31 11 25 37 24 20 2 1 35 28 17 27 36 22 10 15 
0 1
1 29
2 28
3 11
4 17
5 7
6 3
7 20
8 13
9 14
10 36
11 23
12 21
13 19
14 2
15 37
16 16
17 32
18 18
19 5
20 27
21 4
22 35
23 6
24 26
25 24
26 12
27 33
28 31
29 15
30 8
31 22
32 10
33 9
34 0
35 30
36 34
37 25
SIMILAR

17 34 24 32 1 19 20 9 33 10 37 18 6 2 4 11 3 14 36 13 16 28 23 35 5 31 7 8 27 22 15 0 30 12 25 29 21 26 
0 31
1 4
2 13
3 16
4 14
5 24
6 12
7 26
8 27
9 7
10 9
11 15
12 33
13 19
14 17
15 30
16 20
17 0
18 11
19 5
20 6
21 36
22 29
23 22
24 2
25 34
26 37
27 28
28 21
29 35
30 32
31 25
32 3
33 8
34 1
35 23
36 18
37 10
SIMILAR

32 30 7 20 22 2 14 23 3 5 4 13 35 25 12 27 11 6 29 37 31 19 17 10 16 26 15 34 0 21 28 9 36 33 1 24 18 8 
0 28
1 34
2 5
3 8
4 10
5 9
6 17
7 2
8 37
9 31
10 23
11 16
12 14
13 11
14 6
15 26
16 24
17 22
18 36
19 21
20 3
21 29
22 4
23 7
24 35
25 13
26 25
27 15
28 30
29 18
30 1
31 20
32 0
33 33
34 27
35 12
36 32
37 19
SIMILAR

20 1 4 31 17 21 11 35 8 9 34 16 29 36 26 12 30 5 22 15 3 27 25 2 19 7 33 24 32 13 28 10 6 14 18 37 0 23 
0 36
1 1
2 23
3 20
4 2
5 17
6 32
7 25
8 8
9 9
10 31
11 6
12 15
13 29
14 33
15 19
16 11
17 4
18 34
19 24
20 0
21 5
22 18
23 37
24 27
25 22
26 14
27 21
28 30
29 12
30 16
31 3
32 28
33 26
34 10
35 7
36 13
37 35
SIMILAR

29 16 0 25 15 28 8 33 22 10 2 31 11 7 30 21 24 12 26 17 23 32 20 6 14 19 1 18 5 37 27 4 3 9 35 34 13 36 
0 2
1 26
2 10
3 32
4 31
5 28
6 23
7 13
8 6
9 33
10 9
11 12
12 17
13 36
14 24
15 4
16 1
17 19
18 27
19 25
20 22
21 15
22 8
23 20
24 16
25 3
26 18
27 30
28 5
29 0
30 14
31 11
32 21
33 7
34 35
35 34
36 37
37 29
SIMILAR

7 17 24 20 15 29 0 22 9 8 21 16 13 30 2 33 26 3 11 34 35 37 36 4 19 23 14 6 25 18 27 12 1 31 5 28 32 10 
0 6
1 32
2 14
3 17
4 23
5 34
6 27
7 0
8 9
9 8
10 37
11 18
12 31
13 12
14 26
15 4
16 11
17 1
18 29
19 24
20 3
21 10
22 7
23 25
24 2
25 28
26 16
27 30
28 35
29 5
30 13
31 33
32 36
33 15
34 19
35 20
36 22
37 21
SIMILAR

37 8 5 34 12 33 0 24 4 9 31 21 25 13 20 14 3 23 19 18 29 26 17 6 22 1 27 28 16 32 2 36 30 7 35 15 10 11 
0 6
1 25
2 30
3 16
4 8
5 2
6 23
7 33
8 1
9 9
10 36
11 37
12 4
13 13
14 15
15 35
16 28
17 22
18 19
19 18
20 14
21 11
22 24
23 17
24 7
25 12
26 21
27 26
28 27
29 20
30 32
31 10
32 29
33 5
34 3
35 34
36 31
37 0
SIMILAR

17 37 18 36 16 21 2 15 8 31 26 20 34 22 35 19 10 1 24 6 9 11 12 4 29 7 0 28 33 32 14 30 27 25 13 3 5 23 
0 26
1 17
2 6
3 35
4 23
5 36
6 19
7 25
8 8
9 20
10 16
11 21
12 22
13 34
14 30
15 7
16 4
17 0
18 2
19 15
20 11
21 5
22 13
23 37
24 18
25 33
26 10
27 32
28 27
29 24
30 31
31 9
32 29
33 28
34 12
35 14
36 3
37 1
SIMILAR

35 27 16 8 28 14 31 5 15 4 9 0 21 20 12 32 37 18 26 29 1 19 3 6 13 30 36 23 22 24 25 10 2 11 17 34 7 33 
0 11
1 20
2 32
3 22
4 9
5 7
6 23
7 36
8 3
9 10
10 31
11 33
12 14
13 24
14 5
15 8
16 2
17 34
18 17
19 21
20 13
21 12
22 28
23 27
24 29
25 30
26 18
27 1
28 4
29 19
30 25
31 6
32 15
33 37
34 35
35 0
36 26
37 16
SIMILAR

21 8 37 25 2 10 12 26 1 11 3 35 0 9 23 20 5 36 16 19 18 27 13 4 6 30 33 17 31 32 28 15 22 24 29 34 14 7 
0 12
1 8
2 4
3 10
4 23
5 16
6 24
7 37
8 1
9 13
10 5
11 9
12 6
13 22
14 36
15 31
16 18
17 27
18 20
19 19
20 15
21 0
22 32
23 14
24 33
25 3
26 7
27 21
28 30
29 34
30 25
31 28
32 29
33 26
34 35
35 11
36 17
37 2
SIMILAR

28 31 16 2 32 14 9 0 27 8 33 20 30 11 15 37 7 29 19 23 10 4 17 13 21 35 34 18 12 22 6 25 26 3 36 24 5 1 
0 7
1 37
2 3
3 33
4 21
5 36
6 30
7 16
8 9
9 6
10 20
11 13
12 28
13 23
14 5
15 14
16 2
17 22
18 27
19 18
20 11
21 24
22 29
23 19
24 35
25 31
26 32
27 8
28 0
29 17
30 12
31 1
32 4
33 10
34 26
35 25
36 34
37 15
SIMILAR

31 6 3 27 2 21 30 32 26 0 36 12 13 10 15 35 16 28 1 24 29 23 5 33 34 18 7 25 11 4 37 17 9 20 14 8 22 19 
0 9
1 18
2 4
3 2
4 29
5 22
6 1
7 26
8 35
9 32
10 13
11 28
12 11
13 12
14 34
15 14
16 16
17 31
18 25
19 37
20 33
21 5
22 36
23 21
24 19
25 27
26 8
27 3
28 17
29 20
30 6
31 0
32 7
33 23
34 24
35 15
36 10
37 30
SIMILAR

18 1 23 31 26 15 29 20 22 27 24 21 10 37 8 32 25 2 6 12 16 34 17 0 30 33 7 3 19 5 36 4 13 11 28 9 14 35 
0 23
1 1
2 17
3 27
4 31
5 29
6 18
7 26
8 14
9 35
10 12
11 33
12 19
13 32
14 36
15 5
16 20
17 22
18 0
19 28
20 7
21 11
22 8
23 2
24 10
25 16
26 4
27 9
28 34
29 6
30 24
31 3
32 15
33 25
34 21
35 37
36 30
37 13
SIMILAR

18 3 19 32 20 6 17 24 35 21 34 9 5 4 2 15 36 8 25 16 26 10 12 37 33 27 11 22 14 30 31 13 7 0 28 23 1 29 
0 33
1 36
2 14
3 1
4 13
5 12
6 5
7 32
8 17
9 11
10 21
11 26
12 22
13 31
14 28
15 15
16 19
17 6
18 0
19 2
20 4
21 9
22 27
23 35
24 7
25 18
26 20
27 25
28 34
29 37
30 29
31 30
32 3
33 24
34 10
35 8
36 16
37 23
SIMILAR

13 17 35 34 14 6 27 26 9 20 18 24 19 22 25 16 11 30 10 23 15 0 37 5 4 3 36 28 1 7 21 29 12 31 2 8 32 33 
0 21
1 28
2 34
3 25
4 24
5 23
6 5
7 29
8 35
9 8
10 18
11 16
12 32
13 0
14 4
15 20
16 15
17 1
18 10
19 12
20 9
21 30
22 13
23 19
24 11
25 14
26 7
27 6
28 27
29 31
30 17
31 33
32 36
33 37
34 3
35 2
36 26
37 22
SIMILAR

12 37 0 8 28 33 9 35 25 13 5 15 20 24 7 19 18 1 27 29 22 11 2 23 26 31 34 10 14 16 6 17 21 30 32 3 4 36 
0 2
1 17
2 22
3 35
4 36
5 10
6 30
7 14
8 3
9 6
10 27
11 21
12 0
13 9
14 28
15 11
16 29
17 31
18 16
19 15
20 12
21 32
22 20
23 23
24 13
25 8
26 24
27 18
28 4
29 19
30 33
31 25
32 34
33 5
34 26
35 7
36 37
37 1
SIMILAR

31 10 34 37 36 33 4 23 32 11 6 29 28 14 5 21 30 0 9 16 2 12 22 1 19 8 27 3 26 15 35 25 17 20 7 13 24 18 
0 17
1 23
2 20
3 27
4 6
5 14
6 10
7 34
8 25
9 18
10 1
11 9
12 21
13 35
14 13
15 29
16 19
17 32
18 37
19 24
20 33
21 15
22 22
23 7
24 36
25 31
26 28
27 26
28 12
29 11
30 16
31 0
32 8
33 5
34 2
35 30
36 4
37 3
SIMILAR

7 37 5 24 20 29 31 6 10 22 1 19 34 32 13 30 35 12 25 4 14 21 36 23 33 2 26 3 11 18 0 15 9 16 8 28 17 27 
0 30
1 10
2 25
3 27
4 19
5 2
6 7
7 0
8 34
9 32
10 8
11 28
12 17
13 14
14 20
15 31
16 33
17 36
18 29
19 11
20 4
21 21
22 9
23 23
24 3
25 18
26 26
27 37
28 35
29 5
30 15
31 6
32 13
33 24
34 12
35 16
36 22
37 1
SIMILAR

29 22 3 33 27 16 5 23 35 17 36 14 1 15 26 0 21 34 7 4 28 13 11 30 6 31 37 10 19 2 24 20 25 8 32 9 18 12 
0 15
1 12
2 29
3 2
4 19
5 6
6 24
7 18
8 33
9 35
10 27
11 22
12 37
13 21
14 11
15 13
16 5
17 9
18 36
19 28
20 31
21 16
22 1
23 7
24 30
25 32
26 14
27 4
28 20
29 0
30 23
31 25
32 34
33 3
34 17
35 8
36 10
37 26
SIMILAR
100 0
800 0
340800 0
