38
0 1 1 0 0 0 1 0 0 1 1 0 0 0 1 1 1 0 1 1 0 0 0 1 1 0 0 0 1 1 0 0 0 1 1 0 1 0 
1 0 1 1 1 1 0 0 0 1 1 1 1 0 1 1 1 1 0 0 1 1 0 1 0 1 1 0 0 1 1 0 1 1 1 1 0 1 
1 1 0 1 0 1 0 0 0 1 1 1 0 1 1 1 1 1 0 1 0 1 0 1 1 0 1 0 0 0 0 1 0 0 1 1 0 1 
0 1 1 0 1 1 0 0 0 0 1 0 1 1 1 0 0 1 0 0 0 0 1 1 0 0 1 0 1 1 1 1 1 1 0 1 0 1 
0 1 0 1 0 1 0 0 1 1 0 0 1 0 0 1 1 0 0 0 1 0 0 1 0 1 0 0 0 1 0 1 1 1 1 0 0 1 
0 1 1 1 1 0 1 1 1 1 0 0 1 1 0 1 1 1 1 0 0 1 1 0 1 1 0 1 1 0 0 1 0 1 1 0 0 0 
1 0 0 0 0 1 0 1 1 0 0 0 1 1 0 0 1 1 0 1 1 1 0 1 0 1 1 0 0 1 0 1 1 1 1 1 0 1 
0 0 0 0 0 1 1 0 1 0 1 1 1 0 1 0 1 0 0 0 0 1 1 0 0 1 0 1 0 0 0 0 1 0 0 1 1 1 
0 0 0 0 1 1 1 1 0 0 1 0 1 0 1 1 0 1 0 0 0 0 1 0 0 0 1 1 0 0 0 0 0 0 0 1 1 0 
1 1 1 0 1 1 0 0 0 0 1 0 1 1 1 0 0 1 0 1 0 0 1 0 0 1 1 1 0 1 1 1 1 0 1 0 1 1 
1 1 1 1 0 0 0 1 1 1 0 1 1 1 0 1 0 0 1 1 1 0 0 0 1 1 0 1 1 1 0 1 0 0 0 1 0 0 
0 1 1 0 0 0 0 1 0 0 1 0 1 1 0 0 0 0 0 0 1 1 0 0 0 0 1 0 1 0 1 1 1 1 0 1 0 1 
0 1 0 1 1 1 1 1 1 1 1 1 0 0 0 0 1 1 0 0 0 1 1 1 1 0 0 1 0 1 1 1 0 1 1 1 0 0 
0 0 1 1 0 1 1 0 0 1 1 1 0 0 0 0 0 1 1 1 1 1 0 0 1 0 0 1 0 0 1 0 0 0 0 0 1 0 
1 1 1 1 0 0 0 1 1 1 0 0 0 0 0 0 1 1 1 0 1 0 0 0 0 1 0 0 0 0 0 1 0 1 0 1 1 0 
1 1 1 0 1 1 0 0 1 0 1 0 0 0 0 0 0 1 0 0 1 0 1 1 0 0 0 0 0 1 1 0 1 1 1 0 1 1 
1 1 1 0 1 1 1 1 0 0 0 0 1 0 1 0 0 0 1 1 1 0 1 0 0 1 1 0 1 1 1 1 0 1 1 0 1 0 
0 1 1 1 0 1 1 0 1 1 0 0 1 1 1 1 0 0 1 1 1 1 0 0 1 1 0 1 1 1 1 1 1 0 0 0 1 1 
1 0 0 0 0 1 0 0 0 0 1 0 0 1 1 0 1 1 0 0 1 0 1 1 1 1 0 1 1 0 0 0 0 1 0 0 1 1 
1 0 1 0 0 0 1 0 0 1 1 0 0 1 0 0 1 1 0 0 0 0 0 0 1 1 0 0 1 1 0 1 1 0 0 1 1 1 
0 1 0 0 1 0 1 0 0 0 1 1 0 1 1 1 1 1 1 0 0 1 0 1 0 0 1 0 1 1 1 1 1 1 1 1 0 1 
0 1 1 0 0 1 1 1 0 0 0 1 1 1 0 0 0 1 0 0 1 0 1 1 1 1 0 0 0 0 0 0 1 1 0 1 1 0 
0 0 0 1 0 1 0 1 1 1 0 0 1 0 0 1 1 0 1 0 0 1 0 1 1 1 0 1 1 1 0 0 0 0 1 1 1 0 
1 1 1 1 1 0 1 0 0 0 0 0 1 0 0 1 0 0 1 0 1 1 1 0 1 1 0 0 1 1 1 1 0 0 1 1 0 1 
1 0 1 0 0 1 0 0 0 0 1 0 1 1 0 0 0 1 1 1 0 1 1 1 0 1 1 0 0 0 0 1 0 1 0 1 0 0 
0 1 0 0 1 1 1 1 0 1 1 0 0 0 1 0 1 1 1 1 0 1 1 1 1 0 1 0 1 0 1 0 1 0 1 1 0 0 
0 1 1 1 0 0 1 0 1 1 0 1 0 0 0 0 1 0 0 0 1 0 0 0 1 1 0 0 0 1 0 1 0 0 1 0 0 1 
0 0 0 0 0 1 0 1 1 1 1 0 1 1 0 0 0 1 1 0 0 0 1 0 0 0 0 0 0 0 0 1 0 0 0 0 0 1 
1 0 0 1 0 1 0 0 0 0 1 1 0 0 0 0 1 1 1 1 1 0 1 1 0 1 0 0 0 1 1 0 0 0 0 0 0 0 
1 1 0 1 1 0 1 0 0 1 1 0 1 0 0 1 1 1 0 1 1 0 1 1 0 0 1 0 1 0 1 0 1 0 1 1 1 1 
0 1 0 1 0 0 0 0 0 1 0 1 1 1 0 1 1 1 0 0 1 0 0 1 0 1 0 0 1 1 0 1 1 0 0 1 0 0 
0 0 1 1 1 1 1 0 0 1 1 1 1 0 1 0 1 1 0 1 1 0 0 1 1 0 1 1 0 0 1 0 1 1 1 0 1 0 
0 1 0 1 1 0 1 1 0 1 0 1 0 0 0 1 0 1 0 1 1 1 0 0 0 1 0 0 0 1 1 1 0 0 0 1 0 0 
1 1 0 1 1 1 1 0 0 0 0 1 1 0 1 1 1 0 1 0 1 1 0 0 1 0 0 0 0 0 0 1 0 0 0 1 0 1 
1 1 1 0 1 1 1 0 0 1 0 0 1 0 0 1 1 0 0 0 1 0 1 1 0 1 1 0 0 1 0 1 0 0 0 0 1 0 
0 1 1 1 0 0 1 1 1 0 1 1 1 0 1 0 0 0 0 1 1 1 1 1 1 1 0 0 0 1 1 0 1 1 0 0 1 1 
1 0 0 0 0 0 0 1 1 1 0 0 0 1 1 1 1 1 1 1 0 1 1 0 0 0 0 0 0 1 0 1 0 0 1 1 0 0 
0 1 1 1 1 0 1 1 0 1 0 1 0 0 0 1 0 1 1 1 1 0 0 1 0 0 1 1 0 1 0 0 0 1 0 1 0 0 

19 20 33 30 36 24 21 5 16 26 31 34 35 17 32 22 7 29 28 8 2 25 27 18 9 10 3 15 23 37 4 0 12 6 13 11 1 14 
0 31
1 36
2 20
3 26
4 30
5 7
6 33
7 16
8 19
9 24
10 25
11 35
12 32
13 34
14 37
15 27
16 8
17 13
18 23
19 0
20 1
21 6
22 15
23 28
24 5
25 21
26 9
27 22
28 18
29 17
30 3
31 10
32 14
33 2
34 11
35 12
36 4
37 29
SIMILAR

22 13 30 10 28 24 21 31 20 33 6 16 32 9 35 27 18 3 17 1 14 26 0 36 15 8 11 4 5 23 7 34 37 2 12 19 29 25 
0 22
1 19
2 33
3 17
4 27
5 28
6 10
7 30
8 25
9 13
10 3
11 26
12 34
13 1
14 20
15 24
16 11
17 18
18 16
19 35
20 8
21 6
22 0
23 29
24 5
25 37
26 21
27 15
28 4
29 36
30 2
31 7
32 12
33 9
34 31
35 14
36 23
37 32
SIMILAR

22 31 16 36 17 26 15 9 37 1 20 4 27 29 11 28 34 8 2 18 12 32 19 13 3 7 10 6 5 30 25 23 33 0 24 14 21 35 
0 33
1 9
2 18
3 24
4 11
5 28
6 27
7 25
8 17
9 7
10 26
11 14
12 20
13 23
14 35
15 6
16 2
17 4
18 19
19 22
20 10
21 36
22 0
23 31
24 34
25 30
26 5
27 12
28 15
29 13
30 29
31 1
32 21
33 32
34 16
35 37
36 3
37 8
SIMILAR

15 13 31 7 29 14 23 20 12 19 5 11 28 3 33 30 10 26 34 27 8 6 24 37 36 35 9 4 21 1 17 0 32 22 16 18 25 2 
0 31
1 29
2 37
3 13
4 27
5 10
6 21
7 3
8 20
9 26
10 16
11 11
12 8
13 1
14 5
15 0
16 34
17 30
18 35
19 9
20 7
21 28
22 33
23 6
24 22
25 36
26 17
27 19
28 12
29 4
30 15
31 2
32 32
33 14
34 18
35 25
36 24
37 23
SIMILAR

15 35 11 17 8 3 7 5 12 19 13 26 25 29 0 9 22 18 28 34 23 6 1 32 10 30 14 4 21 16 20 2 37 33 31 27 24 36 
0 14
1 22
2 31
3 5
4 27
5 7
6 21
7 6
8 4
9 15
10 24
11 2
12 8
13 10
14 26
15 0
16 29
17 3
18 17
19 9
20 30
21 28
22 16
23 20
24 36
25 12
26 11
27 35
28 18
29 13
30 25
31 34
32 23
33 33
34 19
35 1
36 37
37 32
SIMILAR

22 33 28 17 14 2 19 30 36 9 23 18 5 26 4 21 25 7 8 35 20 32 31 12 13 15 34 1 11 29 0 27 37 3 6 10 16 24 
0 30
1 27
2 5
3 33
4 14
5 12
6 34
7 17
8 18
9 9
10 35
11 28
12 23
13 24
14 4
15 25
16 36
17 3
18 11
19 6
20 20
21 15
22 0
23 10
24 37
25 16
26 13
27 31
28 2
29 29
30 7
31 22
32 21
33 1
34 26
35 19
36 8
37 32
SIMILAR

14 27 31 9 2 15 18 24 1 36 26 19 32 25 20 10 21 33 8 7 17 4 16 3 37 30 13 23 12 35 5 11 28 6 22 29 0 34 
0 36
1 8
2 4
3 23
4 21
5 30
6 33
7 19
8 18
9 3
10 15
11 31
12 28
13 26
14 0
15 5
16 22
17 20
18 6
19 11
20 14
21 16
22 34
23 27
24 7
25 13
26 10
27 1
28 32
29 35
30 25
31 2
32 12
33 17
34 37
35 29
36 9
37 24
SIMILAR

14 2 30 32 12 21 8 20 31 11 17 36 26 22 33 23 0 6 13 25 28 10 37 7 27 35 5 3 19 16 4 24 34 18 29 15 9 1 
0 16
1 37
2 1
3 27
4 30
5 26
6 17
7 23
8 6
9 36
10 21
11 9
12 4
13 18
14 0
15 35
16 29
17 10
18 33
19 28
20 7
21 5
22 13
23 15
24 31
25 19
26 12
27 24
28 20
29 34
30 2
31 8
32 3
33 14
34 32
35 25
36 11
37 22
SIMILAR

17 29 32 23 25 31 11 0 13 10 35 34 26 37 33 20 6 12 22 30 14 27 36 5 18 7 16 24 9 1 4 2 8 3 21 19 28 15 
0 7
1 29
2 31
3 33
4 30
5 23
6 16
7 25
8 32
9 28
10 9
11 6
12 17
13 8
14 20
15 37
16 26
17 0
18 24
19 35
20 15
21 34
22 18
23 3
24 27
25 4
26 12
27 21
28 36
29 1
30 19
31 5
32 2
33 14
34 11
35 10
36 22
37 13
SIMILAR

28 32 13 29 0 21 26 2 15 37 17 14 35 12 34 5 6 23 19 16 8 31 24 33 11 22 36 18 27 9 30 3 4 20 25 10 1 7 
0 4
1 36
2 7
3 31
4 32
5 15
6 16
7 37
8 20
9 29
10 35
11 24
12 13
13 2
14 11
15 8
16 19
17 10
18 27
19 18
20 33
21 5
22 25
23 17
24 22
25 34
26 6
27 28
28 0
29 3
30 30
31 21
32 1
33 23
34 14
35 12
36 26
37 9
SIMILAR

14 20 3 23 10 9 28 16 17 1 4 11 21 26 31 6 33 27 18 29 36 0 5 12 7 25 35 30 2 32 22 15 24 34 19 13 8 37 
0 21
1 9
2 28
3 2
4 10
5 22
6 15
7 24
8 36
9 5
10 4
11 11
12 23
13 35
14 0
15 31
16 7
17 8
18 18
19 34
20 1
21 12
22 30
23 3
24 32
25 25
26 13
27 17
28 6
29 19
30 27
31 14
32 29
33 16
34 33
35 26
36 20
37 37
SIMILAR

27 20 30 7 21 13 4 10 34 25 28 17 15 24 37 0 2 12 5 22 6 26 8 1 3 19 16 11 36 9 14 35 29 33 23 31 32 18 
0 15
1 23
2 16
3 24
4 6
5 18
6 20
7 3
8 22
9 29
10 7
11 27
12 17
13 5
14 30
15 12
16 26
17 11
18 37
19 25
20 1
21 4
22 19
23 34
24 13
25 9
26 21
27 0
28 10
29 32
30 2
31 35
32 36
33 33
34 8
35 31
36 28
37 14
SIMILAR

32 5 28 3 17 10 24 21 2 20 1 35 8 19 36 0 25 30 4 33 16 7 9 26 22 34 31 15 29 18 27 13 12 14 6 23 11 37 
0 15
1 10
2 8
3 3
4 18
5 1
6 34
7 21
8 12
9 22
10 5
11 36
12 32
13 31
14 33
15 27
16 20
17 4
18 29
19 13
20 9
21 7
22 24
23 35
24 6
25 16
26 23
27 30
28 2
29 28
30 17
31 26
32 0
33 19
34 25
35 11
36 14
37 37
SIMILAR

2 10 5 6 19 18 33 35 23 8 16 7 12 36 4 27 37 30 9 15 32 0 13 29 11 28 17 25 26 34 22 20 1 3 31 24 21 14 
0 21
1 32
2 0
3 33
4 14
5 2
6 3
7 11
8 9
9 18
10 1
11 24
12 12
13 22
14 37
15 19
16 10
17 26
18 5
19 4
20 31
21 36
22 30
23 8
24 35
25 27
26 28
27 15
28 25
29 23
30 17
31 34
32 20
33 6
34 29
35 7
36 13
37 16
SIMILAR

35 7 1 37 33 2 34 18 11 9 4 28 26 27 20 22 0 36 19 6 8 16 14 21 5 3 29 23 31 30 24 12 32 17 10 15 25 13 
0 16
1 2
2 5
3 25
4 10
5 24
6 19
7 1
8 20
9 9
10 34
11 8
12 31
13 37
14 22
15 35
16 21
17 33
18 7
19 18
20 14
21 23
22 15
23 27
24 30
25 36
26 12
27 13
28 11
29 26
30 29
31 28
32 32
33 4
34 6
35 0
36 17
37 3
SIMILAR

28 25 36 1 2 22 11 34 5 6 30 37 32 12 17 9 7 8 10 13 27 20 14 35 16 3 19 31 29 15 23 26 18 0 33 21 4 24 
0 33
1 3
2 4
3 25
4 36
5 8
6 9
7 16
8 17
9 15
10 18
11 6
12 13
13 19
14 22
15 29
16 24
17 14
18 32
19 26
20 21
21 35
22 5
23 30
24 37
25 1
26 31
27 20
28 0
29 28
30 10
31 27
32 12
33 34
34 7
35 23
36 2
37 11
SIMILAR

18 32 36 20 14 31 33 13 25 22 2 5 19 7 24 0 17 1 6 15 35 28 34 29 10 27 9 37 11 16 30 21 26 23 4 12 3 8 
0 15
1 17
2 10
3 36
4 34
5 11
6 18
7 13
8 37
9 26
10 24
11 28
12 35
13 7
14 4
15 19
16 29
17 16
18 0
19 12
20 3
21 31
22 9
23 33
24 14
25 8
26 32
27 25
28 21
29 23
30 30
31 5
32 1
33 6
34 22
35 20
36 2
37 27
SIMILAR

4 16 12 31 35 24 29 32 37 20 34 19 30 14 8 5 11 18 1 21 27 23 17 10 15 7 9 33 26 28 22 0 13 36 2 3 25 6 
0 31
1 18
2 34
3 35
4 0
5 15
6 37
7 25
8 14
9 26
10 23
11 16
12 2
13 32
14 13
15 24
16 1
17 22
18 17
19 11
20 9
21 19
22 30
23 21
24 5
25 36
26 28
27 20
28 29
29 6
30 12
31 3
32 7
33 27
34 10
35 4
36 33
37 8
SIMILAR

14 17 24 1 21 22 31 25 20 16 11 6 19 36 27 2 7 18 9 23 34 28 30 35 4 33 37 8 12 5 32 15 26 3 10 13 0 29 
0 36
1 3
2 15
3 33
4 24
5 29
6 11
7 16
8 27
9 18
10 34
11 10
12 28
13 35
14 0
15 31
16 9
17 1
18 17
19 12
20 8
21 4
22 5
23 19
24 2
25 7
26 32
27 14
28 21
29 37
30 22
31 6
32 30
33 25
34 20
35 23
36 13
37 26
SIMILAR

17 12 3 1 4 14 33 20 30 37 31 2 27 25 15 34 9 32 16 24 19 23 10 35 22 0 29 11 18 13 28 7 6 21 26 8 36 5 
0 25
1 3
2 11
3 2
4 4
5 37
6 32
7 31
8 35
9 16
10 22
11 27
12 1
13 29
14 5
15 14
16 18
17 0
18 28
19 20
20 7
21 33
22 24
23 21
24 19
25 13
26 34
27 12
28 30
29 26
30 8
31 10
32 17
33 6
34 15
35 23
36 36
37 9
SIMILAR

18 21 9 26 1 37 17 5 3 7 23 31 15 19 30 8 4 28 11 6 2 20 35 27 13 14 0 12 36 16 22 24 33 10 29 32 34 25 
0 26
1 4
2 20
3 8
4 16
5 7
6 19
7 9
8 15
9 2
10 33
11 18
12 27
13 24
14 25
15 12
16 29
17 6
18 0
19 13
20 21
21 1
22 30
23 10
24 31
25 37
26 3
27 23
28 17
29 34
30 14
31 11
32 35
33 32
34 36
35 22
36 28
37 5
SIMILAR

16 32 36 30 19 11 33 2 27 9 24 23 29 28 14 18 8 10 3 1 22 13 0 37 34 35 31 4 20 26 17 25 6 12 15 5 21 7 
0 22
1 19
2 7
3 18
4 27
5 35
6 32
7 37
8 16
9 9
10 17
11 5
12 33
13 21
14 14
15 34
16 0
17 30
18 15
19 4
20 28
21 36
22 20
23 11
24 10
25 31
26 29
27 8
28 13
29 12
30 3
31 26
32 1
33 6
34 24
35 25
36 2
37 23
SIMILAR

5 1 22 10 23 27 36 29 12 0 15 16 14 13 30 34 24 25 4 2 28 6 26 9 8 3 11 31 17 18 7 33 21 35 19 37 32 20 
0 9
1 1
2 19
3 25
4 18
5 0
6 21
7 30
8 24
9 23
10 3
11 26
12 8
13 13
14 12
15 10
16 11
17 28
18 29
19 34
20 37
21 32
22 2
23 4
24 16
25 17
26 22
27 5
28 20
29 7
30 14
31 27
32 36
33 31
34 15
35 33
36 6
37 35
SIMILAR

33 25 18 37 19 10 4 29 28 30 13 2 12 35 20 27 8 16 11 36 31 6 17 9 1 26 22 3 24 7 34 0 21 5 32 15 23 14 
0 31
1 24
2 11
3 27
4 6
5 33
6 21
7 29
8 16
9 23
10 5
11 18
12 12
13 10
14 37
15 35
16 17
17 22
18 2
19 4
20 14
21 32
22 26
23 36
24 28
25 1
26 25
27 15
28 8
29 7
30 9
31 20
32 34
33 0
34 30
35 13
36 19
37 3
SIMILAR

22 15 29 4 1 8 6 25 7 12 19 33 37 30 23 9 24 36 14 28 32 5 3 16 0 31 18 13 11 35 10 20 34 17 26 21 2 27 
0 24
1 4
2 36
3 22
4 3
5 21
6 6
7 8
8 5
9 15
10 30
11 28
12 9
13 27
14 18
15 1
16 23
17 33
18 26
19 10
20 31
21 35
22 0
23 14
24 16
25 7
26 34
27 37
28 19
29 2
30 13
31 25
32 20
33 11
34 32
35 29
36 17
37 12
SIMILAR

22 18 20 35 36 33 2 23 27 17 12 34 9 14 25 32 37 1 3 6 10 4 11 7 16 8 26 21 28 15 31 29 30 0 24 5 13 19 
0 33
1 17
2 6
3 18
4 21
5 35
6 19
7 23
8 25
9 12
10 20
11 22
12 10
13 36
14 13
15 29
16 24
17 9
18 1
19 37
20 2
21 27
22 0
23 7
24 34
25 14
26 26
27 8
28 28
29 31
30 32
31 30
32 15
33 5
34 11
35 3
36 4
37 16
SIMILAR

3 25 20 22 4 24 32 19 28 26 16 7 33 12 11 2 9 1 27 15 31 8 13 34 23 35 29 37 10 14 17 18 30 36 0 21 5 6 
0 34
1 17
2 15
3 0
4 4
5 36
6 37
7 11
8 21
9 16
10 28
11 14
12 13
13 22
14 29
15 19
16 10
17 30
18 31
19 7
20 2
21 35
22 3
23 24
24 5
25 1
26 9
27 18
28 8
29 26
30 32
31 20
32 6
33 12
34 23
35 25
36 33
37 27
SIMILAR

34 7 8 11 20 33 27 1 21 16 23 32 29 2 12 37 22 13 19 36 15 0 17 6 26 25 9 3 18 4 35 30 31 24 14 10 5 28 
0 21
1 7
2 13
3 27
4 29
5 36
6 23
7 1
8 2
9 26
10 35
11 3
12 14
13 17
14 34
15 20
16 9
17 22
18 28
19 18
20 4
21 8
22 16
23 10
24 33
25 25
26 24
27 6
28 37
29 12
30 31
31 32
32 11
33 5
34 0
35 30
36 19
37 15
SIMILAR

12 5 18 30 1 15 3 21 14 2 20 37 33 11 19 16 26 4 32 36 28 34 22 0 6 13 9 29 35 31 8 7 27 17 24 25 23 10 
0 23
1 4
2 9
3 6
4 17
5 1
6 24
7 31
8 30
9 26
10 37
11 13
12 0
13 25
14 8
15 5
16 15
17 33
18 2
19 14
20 10
21 7
22 22
23 36
24 34
25 35
26 16
27 32
28 20
29 27
30 3
31 29
32 18
33 12
34 21
35 28
36 19
37 11
SIMILAR

30 19 17 11 37 12 26 25 8 31 15 21 24 7 34 33 16 36 4 1 13 14 18 0 27 22 20 35 6 23 2 3 9 28 5 10 29 32 
0 23
1 19
2 30
3 31
4 18
5 34
6 28
7 13
8 8
9 32
10 35
11 3
12 5
13 20
14 21
15 10
16 16
17 2
18 22
19 1
20 26
21 11
22 25
23 29
24 12
25 7
26 6
27 24
28 33
29 36
30 0
31 9
32 37
33 15
34 14
35 27
36 17
37 4
SIMILAR

6 11 7 22 2 32 10 23 9 37 4 20 18 19 15 1 17 24 26 29 3 33 25 5 13 12 0 16 30 14 28 36 35 31 27 34 8 21 
0 26
1 15
2 4
3 20
4 10
5 23
6 0
7 2
8 36
9 8
10 6
11 1
12 25
13 24
14 29
15 14
16 27
17 16
18 12
19 13
20 11
21 37
22 3
23 7
24 17
25 22
26 18
27 34
28 30
29 19
30 28
31 33
32 5
33 21
34 35
35 32
36 31
37 9
SIMILAR

18 35 11 5 9 22 37 12 7 20 32 6 34 33 26 1 29 30 14 4 36 15 16 3 8 10 28 2 19 25 31 23 0 21 24 27 13 17 
0 32
1 15
2 27
3 23
4 19
5 3
6 11
7 8
8 24
9 4
10 25
11 2
12 7
13 36
14 18
15 21
16 22
17 37
18 0
19 28
20 9
21 33
22 5
23 31
24 34
25 29
26 14
27 35
28 26
29 16
30 17
31 30
32 10
33 13
34 12
35 1
36 20
37 6
SIMILAR

37 12 18 28 0 8 10 26 29 35 25 34 14 33 11 20 3 31 30 24 4 19 7 36 1 6 16 23 22 32 2 13 21 17 9 5 27 15 
0 4
1 24
2 30
3 16
4 20
5 35
6 25
7 22
8 5
9 34
10 6
11 14
12 1
13 31
14 12
15 37
16 26
17 33
18 2
19 21
20 15
21 32
22 28
23 27
24 19
25 10
26 7
27 36
28 3
29 8
30 18
31 17
32 29
33 13
34 11
35 9
36 23
37 0
SIMILAR

30 9 11 29 5 27 1 7 3 17 28 24 23 21 10 2 25 36 8 35 14 33 20 4 26 31 16 0 19 34 15 37 22 32 18 12 13 6 
0 27
1 6
2 15
3 8
4 23
5 4
6 37
7 7
8 18
9 1
10 14
11 2
12 35
13 36
14 20
15 30
16 26
17 9
18 34
19 28
20 22
21 13
22 32
23 12
24 11
25 16
26 24
27 5
28 10
29 3
30 0
31 25
32 33
33 21
34 29
35 19
36 17
37 31
SIMILAR

17 28 10 9 26 0 16 6 37 13 35 14 23 5 20 15 32 27 22 25 2 34 1 36 33 19 4 12 21 8 11 30 18 31 3 24 29 7 
0 5
1 22
2 20
3 34
4 26
5 13
6 7
7 37
8 29
9 3
10 2
11 30
12 27
13 9
14 11
15 15
16 6
17 0
18 32
19 25
20 14
21 28
22 18
23 12
24 35
25 19
26 4
27 17
28 1
29 36
30 31
31 33
32 16
33 24
34 21
35 10
36 23
37 8
SIMILAR

14 15 20 32 7 9 31 17 37 0 33 22 35 27 4 8 30 36 5 26 11 21 18 3 25 28 2 13 29 23 10 24 1 6 12 19 34 16 
0 9
1 32
2 26
3 23
4 14
5 18
6 33
7 4
8 15
9 5
10 30
11 20
12 34
13 27
14 0
15 1
16 37
17 7
18 22
19 35
20 2
21 21
22 11
23 29
24 31
25 24
26 19
27 13
28 25
29 28
30 16
31 6
32 3
33 10
34 36
35 12
36 17
37 8
SIMILAR

2 35 25 5 21 17 33 24 36 11 18 8 27 14 34 22 13 20 3 23 7 31 9 16 28 0 26 4 1 37 12 30 6 15 32 29 10 19 
0 25
1 28
2 0
3 18
4 27
5 3
6 32
7 20
8 11
9 22
10 36
11 9
12 30
13 16
14 13
15 33
16 23
17 5
18 10
19 37
20 17
21 4
22 15
23 19
24 7
25 2
26 26
27 12
28 24
29 35
30 31
31 21
32 34
33 6
34 14
35 1
36 8
37 29
SIMILAR

27 9 35 29 26 17 12 25 31 20 14 19 2 13 32 22 16 10 0 33 24 36 3 18 5 8 23 28 37 30 1 7 6 15 21 4 34 11 
0 18
1 30
2 12
3 22
4 35
5 24
6 32
7 31
8 25
9 1
10 17
11 37
12 6
13 13
14 10
15 33
16 16
17 5
18 23
19 11
20 9
21 34
22 15
23 26
24 20
25 7
26 4
27 0
28 27
29 3
30 29
31 8
32 14
33 19
34 36
35 2
36 21
37 28
SIMILAR

15 20 4 37 2 22 14 13 1 36 17 9 10 21 12 25 24 5 18 3 28 35 0 34 32 31 8 7 30 19 27 29 33 26 6 11 23 16 
0 22
1 8
2 4
3 19
4 2
5 17
6 34
7 27
8 26
9 11
10 12
11 35
12 14
13 7
14 6
15 0
16 37
17 10
18 18
19 29
20 1
21 13
22 5
23 36
24 16
25 15
26 33
27 30
28 20
29 31
30 28
31 25
32 24
33 32
34 23
35 21
36 9
37 3
SIMILAR

2 26 12 34 21 28 1 25 29 23 20 22 14 13 33 9 17 5 19 4 30 3 18 24 35 0 31 11 37 10 16 27 32 36 15 6 8 7 
0 25
1 6
2 0
3 21
4 19
5 17
6 35
7 37
8 36
9 15
10 29
11 27
12 2
13 13
14 12
15 34
16 30
17 16
18 22
19 18
20 10
21 4
22 11
23 9
24 23
25 7
26 1
27 31
28 5
29 8
30 20
31 26
32 32
33 14
34 3
35 24
36 33
37 28
SIMILAR

12 6 35 0 1 20 2 27 18 23 3 26 10 17 24 21 30 31 9 22 4 13 34 36 15 29 32 33 37 14 8 19 16 25 7 5 28 11 
0 3
1 4
2 6
3 10
4 20
5 35
6 1
7 34
8 30
9 18
10 12
11 37
12 0
13 21
14 29
15 24
16 32
17 13
18 8
19 31
20 5
21 15
22 19
23 9
24 14
25 33
26 11
27 7
28 36
29 25
30 16
31 17
32 26
33 27
34 22
35 2
36 23
37 28
SIMILAR

6 25 15 0 29 9 13 20 8 32 28 10 14 22 37 26 5 18 12 7 35 27 1 19 11 17 16 23 36 24 4 33 34 2 21 3 31 30 
0 3
1 22
2 33
3 35
4 30
5 16
6 0
7 19
8 8
9 5
10 11
11 24
12 18
13 6
14 12
15 2
16 26
17 25
18 17
19 23
20 7
21 34
22 13
23 27
24 29
25 1
26 15
27 21
28 10
29 4
30 37
31 36
32 9
33 31
34 32
35 20
36 28
37 14
SIMILAR

8 12 26 24 15 4 2 18 25 0 21 3 35 32 34 6 17 29 14 13 22 37 30 23 31 33 7 36 19 16 11 20 27 5 28 1 10 9 
0 9
1 35
2 6
3 11
4 5
5 33
6 15
7 26
8 0
9 37
10 36
11 30
12 1
13 19
14 18
15 4
16 29
17 16
18 7
19 28
20 31
21 10
22 20
23 23
24 3
25 8
26 2
27 32
28 34
29 17
30 22
31 24
32 13
33 25
34 14
35 12
36 27
37 21
SIMILAR

30 25 4 2 12 17 33 8 3 26 31 21 27 19 24 28 34 0 14 18 7 10 1 36 23 13 11 20 16 29 6 37 35 32 15 22 9 5 
0 17
1 22
2 3
3 8
4 2
5 37
6 30
7 20
8 7
9 36
10 21
11 26
12 4
13 25
14 18
15 34
16 28
17 5
18 19
19 13
20 27
21 11
22 35
23 24
24 14
25 1
26 9
27 12
28 15
29 29
30 0
31 10
32 33
33 6
34 16
35 32
36 23
37 31
SIMILAR

24 31 29 11 10 0 27 14 13 16 4 28 19 7 26 3 5 23 1 17 32 33 8 25 9 37 18 22 20 2 36 35 34 15 6 12 30 21 
0 5
1 18
2 29
3 15
4 10
5 16
6 34
7 13
8 22
9 24
10 4
11 3
12 35
13 8
14 7
15 33
16 9
17 19
18 26
19 12
20 28
21 37
22 27
23 17
24 0
25 23
26 14
27 6
28 11
29 2
30 36
31 1
32 20
33 21
34 32
35 31
36 30
37 25
SIMILAR

22 1 31 19 25 17 18 4 32 24 21 34 12 33 16 26 14 29 7 5 8 30 10 23 9 13 20 6 35 2 28 37 15 27 0 36 3 11 
0 34
1 1
2 29
3 36
4 7
5 19
6 27
7 18
8 20
9 24
10 22
11 37
12 12
13 25
14 16
15 32
16 14
17 5
18 6
19 3
20 26
21 10
22 0
23 23
24 9
25 4
26 15
27 33
28 30
29 17
30 21
31 2
32 8
33 13
34 11
35 28
36 35
37 31
SIMILAR

32 15 6 18 8 5 36 21 28 30 12 20 27 10 3 16 23 17 0 7 31 2 33 19 4 24 35 25 1 13 37 29 11 22 26 34 9 14 
0 18
1 28
2 21
3 14
4 24
5 5
6 2
7 19
8 4
9 36
10 13
11 32
12 10
13 29
14 37
15 1
16 15
17 17
18 3
19 23
20 11
21 7
22 33
23 16
24 25
25 27
26 34
27 12
28 8
29 31
30 9
31 20
32 0
33 22
34 35
35 26
36 6
37 30
SIMILAR

29 22 0 12 6 2 13 5 37 30 36 10 18 4 21 35 23 34 16 11 33 3 28 32 27 8 26 24 15 31 19 1 9 7 20 14 25 17 
0 2
1 31
2 5
3 21
4 13
5 7
6 4
7 33
8 25
9 32
10 11
11 19
12 3
13 6
14 35
15 28
16 18
17 37
18 12
19 30
20 34
21 14
22 1
23 16
24 27
25 36
26 26
27 24
28 22
29 0
30 9
31 29
32 23
33 20
34 17
35 15
36 10
37 8
SIMILAR

16 9 31 21 8 11 13 12 3 7 1 18 32 33 17 15 4 27 23 2 36 19 28 10 26 20 24 34 22 6 0 37 25 30 14 29 5 35 
0 30
1 10
2 19
3 8
4 16
5 36
6 29
7 9
8 4
9 1
10 23
11 5
12 7
13 6
14 34
15 15
16 0
17 14
18 11
19 21
20 25
21 3
22 28
23 18
24 26
25 32
26 24
27 17
28 22
29 35
30 33
31 2
32 12
33 13
34 27
35 37
36 20
37 31
SIMILAR

26 15 2 27 22 28 10 36 29 12 32 11 7 34 37 1 31 23 0 3 5 13 14 8 35 33 20 30 6 24 19 25 4 9 17 16 18 21 
0 18
1 15
2 2
3 19
4 32
5 20
6 28
7 12
8 23
9 33
10 6
11 11
12 9
13 21
14 22
15 1
16 35
17 34
18 36
19 30
20 26
21 37
22 4
23 17
24 29
25 31
26 0
27 3
28 5
29 8
30 27
31 16
32 10
33 25
34 13
35 24
36 7
37 14
SIMILAR

31 26 2 16 0 1 33 35 11 9 27 7 4 17 22 10 28 21 30 18 24 19 36 25 15 32 37 14 12 20 34 5 3 29 13 23 6 8 
0 4
1 5
2 2
3 32
4 12
5 31
6 36
7 11
8 37
9 9
10 15
11 8
12 28
13 34
14 27
15 24
16 3
17 13
18 19
19 21
20 29
21 17
22 14
23 35
24 20
25 23
26 1
27 10
28 16
29 33
30 18
31 0
32 25
33 6
34 30
35 7
36 22
37 26
SIMILAR

14 17 13 9 28 24 11 2 10 23 18 36 27 7 8 4 35 37 5 3 26 30 21 34 19 33 31 15 16 29 22 25 12 20 6 0 1 32 
0 35
1 36
2 7
3 19
4 15
5 18
6 34
7 13
8 14
9 3
10 8
11 6
12 32
13 2
14 0
15 27
16 28
17 1
18 10
19 24
20 33
21 22
22 30
23 9
24 5
25 31
26 20
27 12
28 4
29 29
30 21
31 26
32 37
33 25
34 23
35 16
36 11
37 17
SIMILAR

6 23 32 12 9 25 22 0 1 3 29 4 28 26 5 19 18 34 2 21 7 20 10 35 17 36 14 33 11 8 27 16 30 37 15 13 31 24 
0 7
1 8
2 18
3 9
4 11
5 14
6 0
7 20
8 29
9 4
10 22
11 28
12 3
13 35
14 26
15 34
16 31
17 24
18 16
19 15
20 21
21 19
22 6
23 1
24 37
25 5
26 13
27 30
28 12
29 10
30 32
31 36
32 2
33 27
34 17
35 23
36 25
37 33
SIMILAR

32 6 22 36 5 33 4 34 1 29 20 25 0 24 17 10 3 23 26 18 28 14 19 37 9 2 27 13 7 21 16 35 8 31 30 15 12 11 
0 12
1 8
2 25
3 16
4 6
5 4
6 1
7 28
8 32
9 24
10 15
11 37
12 36
13 27
14 21
15 35
16 30
17 14
18 19
19 22
20 10
21 29
22 2
23 17
24 13
25 11
26 18
27 26
28 20
29 9
30 34
31 33
32 0
33 5
34 7
35 31
36 3
37 23
SIMILAR

26 37 8 27 5 15 10 11 13 35 20 16 24 30 17 19 36 32 12 9 29 22 7 3 28 4 31 21 0 33 2 34 1 23 18 6 14 25 
0 28
1 32
2 30
3 23
4 25
5 4
6 35
7 22
8 2
9 19
10 6
11 7
12 18
13 8
14 36
15 5
16 11
17 14
18 34
19 15
20 10
21 27
22 21
23 33
24 12
25 37
26 0
27 3
28 24
29 20
30 13
31 26
32 17
33 29
34 31
35 9
36 16
37 1
SIMILAR

15 14 4 10 5 9 30 16 35 1 24 25 19 23 27 31 18 3 29 32 20 8 13 36 22 6 37 11 2 0 12 7 34 28 26 21 17 33 
0 29
1 9
2 28
3 17
4 2
5 4
6 25
7 31
8 21
9 5
10 3
11 27
12 30
13 22
14 1
15 0
16 7
17 36
18 16
19 12
20 20
21 35
22 24
23 13
24 10
25 11
26 34
27 14
28 33
29 18
30 6
31 15
32 19
33 37
34 32
35 8
36 23
37 26
SIMILAR

37 26 1 19 31 16 2 18 24 10 13 22 32 27 11 0 36 14 15 33 7 8 9 6 3 12 25 17 5 21 23 29 30 20 28 35 34 4 
0 15
1 2
2 6
3 24
4 37
5 28
6 23
7 20
8 21
9 22
10 9
11 14
12 25
13 10
14 17
15 18
16 5
17 27
18 7
19 3
20 33
21 29
22 11
23 30
24 8
25 26
26 1
27 13
28 34
29 31
30 32
31 4
32 12
33 19
34 36
35 35
36 16
37 0
SIMILAR

36 6 14 15 31 13 11 32 29 18 10 9 5 1 24 16 28 23 12 8 7 34 26 20 17 25 3 35 33 0 21 4 2 22 27 30 19 37 
0 29
1 13
2 32
3 26
4 31
5 12
6 1
7 20
8 19
9 11
10 10
11 6
12 18
13 5
14 2
15 3
16 15
17 24
18 9
19 36
20 23
21 30
22 33
23 17
24 14
25 25
26 22
27 34
28 16
29 8
30 35
31 4
32 7
33 28
34 21
35 27
36 0
37 37
SIMILAR

9 7 16 20 4 25 30 12 8 13 31 29 23 2 33 22 14 32 18 28 3 35 5 15 34 19 17 27 10 24 1 36 21 37 6 26 0 11 
0 36
1 30
2 13
3 20
4 4
5 22
6 34
7 1
8 8
9 0
10 28
11 37
12 7
13 9
14 16
15 23
16 2
17 26
18 18
19 25
20 3
21 32
22 15
23 12
24 29
25 5
26 35
27 27
28 19
29 11
30 6
31 10
32 17
33 14
34 24
35 21
36 31
37 33
SIMILAR

10 9 30 35 23 15 36 5 8 22 11 29 4 13 34 1 14 12 25 37 32 6 0 20 17 27 33 24 16 7 21 19 18 28 3 26 2 31 
0 22
1 15
2 36
3 34
4 12
5 7
6 21
7 29
8 8
9 1
10 0
11 10
12 17
13 13
14 16
15 5
16 28
17 24
18 32
19 31
20 23
21 30
22 9
23 4
24 27
25 18
26 35
27 25
28 33
29 11
30 2
31 37
32 20
33 26
34 14
35 3
36 6
37 19
SIMILAR

22 36 24 17 0 25 31 14 34 7 35 4 6 20 12 26 3 16 2 5 29 27 15 33 32 11 8 19 10 28 37 9 13 21 1 18 30 23 
0 4
1 34
2 18
3 16
4 11
5 19
6 12
7 9
8 26
9 31
10 28
11 25
12 14
13 32
14 7
15 22
16 17
17 3
18 35
19 27
20 13
21 33
22 0
23 37
24 2
25 5
26 15
27 21
28 29
29 20
30 36
31 6
32 24
33 23
34 8
35 10
36 1
37 30
SIMILAR

29 27 24 20 2 19 10 0 33 17 26 16 30 15 31 9 34 12 35 8 14 13 21 25 22 23 6 32 36 3 1 37 7 28 5 4 11 18 
0 7
1 30
2 4
3 29
4 35
5 34
6 26
7 32
8 19
9 15
10 6
11 36
12 17
13 21
14 20
15 13
16 11
17 9
18 37
19 5
20 3
21 22
22 24
23 25
24 2
25 23
26 10
27 1
28 33
29 0
30 12
31 14
32 27
33 8
34 16
35 18
36 28
37 31
SIMILAR

33 32 20 0 31 3 16 27 23 18 24 30 21 28 37 17 26 29 9 19 11 8 14 22 7 36 5 12 34 10 25 1 15 13 35 4 6 2 
0 3
1 31
2 37
3 5
4 35
5 26
6 36
7 24
8 21
9 18
10 29
11 20
12 27
13 33
14 22
15 32
16 6
17 15
18 9
19 19
20 2
21 12
22 23
23 8
24 10
25 30
26 16
27 7
28 13
29 17
30 11
31 4
32 1
33 0
34 28
35 34
36 25
37 14
SIMILAR

25 9 34 28 2 21 22 30 37 13 20 1 12 35 33 5 23 27 10 29 8 19 18 16 17 14 32 7 4 6 36 31 11 3 15 24 0 26 
0 36
1 11
2 4
3 33
4 28
5 15
6 29
7 27
8 20
9 1
10 18
11 32
12 12
13 9
14 25
15 34
16 23
17 24
18 22
19 21
20 10
21 5
22 6
23 16
24 35
25 0
26 37
27 17
28 3
29 19
30 7
31 31
32 26
33 14
34 2
35 13
36 30
37 8
SIMILAR

35 32 22 25 12 5 15 13 14 23 33 31 10 11 30 8 6 18 16 21 9 26 2 37 20 3 0 27 28 17 7 24 4 36 34 1 29 19 
0 26
1 35
2 22
3 25
4 32
5 5
6 16
7 30
8 15
9 20
10 12
11 13
12 4
13 7
14 8
15 6
16 18
17 29
18 17
19 37
20 24
21 19
22 2
23 9
24 31
25 3
26 21
27 27
28 28
29 36
30 14
31 11
32 1
33 10
34 34
35 0
36 33
37 23
SIMILAR

24 7 25 13 17 8 33 29 0 28 19 3 1 31 20 5 21 10 34 18 37 12 9 30 27 2 22 36 35 16 15 26 23 14 11 4 6 32 
0 8
1 12
2 25
3 11
4 35
5 15
6 36
7 1
8 5
9 22
10 17
11 34
12 21
13 3
14 33
15 30
16 29
17 4
18 19
19 10
20 14
21 16
22 26
23 32
24 0
25 2
26 31
27 24
28 9
29 7
30 23
31 13
32 37
33 6
34 18
35 28
36 27
37 20
SIMILAR

21 28 37 23 24 9 5 31 12 2 0 17 8 7 10 35 32 11 33 15 22 29 34 36 18 6 16 26 30 25 27 20 4 14 13 3 1 19 
0 10
1 36
2 9
3 35
4 32
5 6
6 25
7 13
8 12
9 5
10 14
11 17
12 8
13 34
14 33
15 19
16 26
17 11
18 24
19 37
20 31
21 0
22 20
23 3
24 4
25 29
26 27
27 30
28 1
29 21
30 28
31 7
32 16
33 18
34 22
35 15
36 23
37 2
SIMILAR

26 13 22 16 3 8 2 23 14 21 5 28 37 33 18 36 20 25 15 34 32 11 9 1 30 10 27 4 19 7 17 31 6 35 12 0 24 29 
0 35
1 23
2 6
3 4
4 27
5 10
6 32
7 29
8 5
9 22
10 25
11 21
12 34
13 1
14 8
15 18
16 3
17 30
18 14
19 28
20 16
21 9
22 2
23 7
24 36
25 17
26 0
27 26
28 11
29 37
30 24
31 31
32 20
33 13
34 19
35 33
36 15
37 12
SIMILAR

13 28 26 19 6 24 8 12 17 33 14 9 15 27 0 2 31 7 34 18 30 5 32 22 35 16 1 10 37 11 21 23 25 20 3 36 4 29 
0 14
1 26
2 15
3 34
4 36
5 21
6 4
7 17
8 6
9 11
10 27
11 29
12 7
13 0
14 10
15 12
16 25
17 8
18 19
19 3
20 33
21 30
22 23
23 31
24 5
25 32
26 2
27 13
28 1
29 37
30 20
31 16
32 22
33 9
34 18
35 24
36 35
37 28
SIMILAR

32 3 14 9 13 30 37 31 6 34 27 29 28 25 5 18 2 8 15 22 23 1 20 21 16 17 4 12 26 10 19 7 33 24 11 36 0 35 
0 36
1 21
2 16
3 1
4 26
5 14
6 8
7 31
8 17
9 3
10 29
11 34
12 27
13 4
14 2
15 18
16 24
17 25
18 15
19 30
20 22
21 23
22 19
23 20
24 33
25 13
26 28
27 10
28 12
29 11
30 5
31 7
32 0
33 32
34 9
35 37
36 35
37 6
SIMILAR

21 20 4 13 16 17 28 35 24 0 10 9 6 2 32 3 1 11 8 7 36 25 30 23 34 14 5 15 31 22 18 37 26 19 33 27 29 12 
0 9
1 16
2 13
3 15
4 2
5 26
6 12
7 19
8 18
9 11
10 10
11 17
12 37
13 3
14 25
15 27
16 4
17 5
18 30
19 33
20 1
21 0
22 29
23 23
24 8
25 21
26 32
27 35
28 6
29 36
30 22
31 28
32 14
33 34
34 24
35 7
36 20
37 31
SIMILAR

18 26 23 24 2 32 36 37 7 11 34 20 31 30 10 21 1 9 15 8 22 13 33 17 3 4 29 19 27 5 6 12 16 14 25 35 28 0 
0 37
1 16
2 4
3 24
4 25
5 29
6 30
7 8
8 19
9 17
10 14
11 9
12 31
13 21
14 33
15 18
16 32
17 23
18 0
19 27
20 11
21 15
22 20
23 2
24 3
25 34
26 1
27 28
28 36
29 26
30 13
31 12
32 5
33 22
34 10
35 35
36 6
37 7
SIMILAR

21 26 14 28 24 22 16 0 19 32 30 15 35 18 12 29 3 33 31 25 23 37 6 5 36 1 27 17 2 8 20 4 10 11 7 13 9 34 
0 7
1 25
2 28
3 16
4 31
5 23
6 22
7 34
8 29
9 36
10 32
11 33
12 14
13 35
14 2
15 11
16 6
17 27
18 13
19 8
20 30
21 0
22 5
23 20
24 4
25 19
26 1
27 26
28 3
29 15
30 10
31 18
32 9
33 17
34 37
35 12
36 24
37 21
SIMILAR

36 15 7 28 10 17 4 37 5 27 20 16 9 14 29 25 3 6 2 22 35 11 21 1 23 13 0 24 12 32 34 33 31 18 26 30 19 8 
0 26
1 23
2 18
3 16
4 6
5 8
6 17
7 2
8 37
9 12
10 4
11 21
12 28
13 25
14 13
15 1
16 11
17 5
18 33
19 36
20 10
21 22
22 19
23 24
24 27
25 15
26 34
27 9
28 3
29 14
30 35
31 32
32 29
33 31
34 30
35 20
36 0
37 7
SIMILAR

3 30 23 6 32 25 10 26 17 37 28 14 24 1 31 16 36 19 21 15 7 18 20 34 11 0 9 4 33 13 2 35 22 12 5 29 27 8 
0 25
1 13
2 30
3 0
4 27
5 34
6 3
7 20
8 37
9 26
10 6
11 24
12 33
13 29
14 11
15 19
16 15
17 8
18 21
19 17
20 22
21 18
22 32
23 2
24 12
25 5
26 7
27 36
28 10
29 35
30 1
31 14
32 4
33 28
34 23
35 31
36 16
37 9
SIMILAR

15 20 13 36 21 4 23 16 5 1 18 24 11 0 10 33 26 30 3 8 25 32 35 9 29 6 37 27 31 2 28 14 19 7 22 12 34 17 
0 13
1 9
2 29
3 18
4 5
5 8
6 25
7 33
8 19
9 23
10 14
11 12
12 35
13 2
14 31
15 0
16 7
17 37
18 10
19 32
20 1
21 4
22 34
23 6
24 11
25 20
26 16
27 27
28 30
29 24
30 17
31 28
32 21
33 15
34 36
35 22
36 3
37 26
SIMILAR

25 14 29 23 28 9 36 2 13 4 1 16 7 20 10 22 21 15 12 17 18 6 33 3 31 30 8 34 5 19 37 32 24 0 35 11 27 26 
0 33
1 10
2 7
3 23
4 9
5 28
6 21
7 12
8 26
9 5
10 14
11 35
12 18
13 8
14 1
15 17
16 11
17 19
18 20
19 29
20 13
21 16
22 15
23 3
24 32
25 0
26 37
27 36
28 4
29 2
30 25
31 24
32 31
33 22
34 27
35 34
36 6
37 30
SIMILAR

30 31 37 16 28 3 26 23 29 5 36 32 25 11 9 22 35 34 24 6 27 19 12 10 15 13 18 4 1 21 0 17 33 7 20 8 14 2 
0 30
1 28
2 37
3 5
4 27
5 9
6 19
7 33
8 35
9 14
10 23
11 13
12 22
13 25
14 36
15 24
16 3
17 31
18 26
19 21
20 34
21 29
22 15
23 7
24 18
25 12
26 6
27 20
28 4
29 8
30 0
31 1
32 11
33 32
34 17
35 16
36 10
37 2
SIMILAR

3 22 26 33 21 10 34 29 24 15 11 7 19 17 9 13 30 35 37 23 0 4 8 18 31 25 14 12 6 1 28 20 36 2 27 16 32 5 
0 20
1 29
2 33
3 0
4 21
5 37
6 28
7 11
8 22
9 14
10 5
11 10
12 27
13 15
14 26
15 9
16 35
17 13
18 23
19 12
20 31
21 4
22 1
23 19
24 8
25 25
26 2
27 34
28 30
29 7
30 16
31 24
32 36
33 3
34 6
35 17
36 32
37 18
SIMILAR

5 14 26 6 19 15 13 22 8 30 9 35 20 23 0 25 3 32 10 18 2 17 31 7 21 29 33 11 12 1 16 28 37 27 24 4 36 34 
0 14
1 29
2 20
3 16
4 35
5 0
6 3
7 23
8 8
9 10
10 18
11 27
12 28
13 6
14 1
15 5
16 30
17 21
18 19
19 4
20 12
21 24
22 7
23 13
24 34
25 15
26 2
27 33
28 31
29 25
30 9
31 22
32 17
33 26
34 37
35 11
36 36
37 32
SIMILAR

4 37 21 18 30 35 5 6 31 12 3 20 36 1 34 13 2 33 29 24 7 28 15 9 32 19 10 27 22 11 16 17 23 0 8 26 25 14 
0 33
1 13
2 16
3 10
4 0
5 6
6 7
7 20
8 34
9 23
10 26
11 29
12 9
13 15
14 37
15 22
16 30
17 31
18 3
19 25
20 11
21 2
22 28
23 32
24 19
25 36
26 35
27 27
28 21
29 18
30 4
31 8
32 24
33 17
34 14
35 5
36 12
37 1
SIMILAR

36 35 22 12 5 9 26 31 13 18 21 29 8 37 10 19 32 14 28 11 17 15 27 2 3 16 33 1 20 30 24 6 23 4 25 0 34 7 
0 35
1 27
2 23
3 24
4 33
5 4
6 31
7 37
8 12
9 5
10 14
11 19
12 3
13 8
14 17
15 21
16 25
17 20
18 9
19 15
20 28
21 10
22 2
23 32
24 30
25 34
26 6
27 22
28 18
29 11
30 29
31 7
32 16
33 26
34 36
35 1
36 0
37 13
SIMILAR

16 27 2 0 11 31 19 34 1 17 4 32 5 6 9 24 23 33 25 18 10 28 7 20 26 22 15 37 12 35 13 8 30 21 36 14 3 29 
0 3
1 8
2 2
3 36
4 10
5 12
6 13
7 22
8 31
9 14
10 20
11 4
12 28
13 30
14 35
15 26
16 0
17 9
18 19
19 6
20 23
21 33
22 25
23 16
24 15
25 18
26 24
27 1
28 21
29 37
30 32
31 5
32 11
33 17
34 7
35 29
36 34
37 27
SIMILAR

2 28 0 13 3 33 19 12 4 36 10 20 1 6 31 16 7 23 21 15 30 35 37 18 29 34 8 14 24 11 27 9 5 26 22 32 25 17 
0 2
1 12
2 0
3 4
4 8
5 32
6 13
7 16
8 26
9 31
10 10
11 29
12 7
13 3
14 27
15 19
16 15
17 37
18 23
19 6
20 11
21 18
22 34
23 17
24 28
25 36
26 33
27 30
28 1
29 24
30 20
31 14
32 35
33 5
34 25
35 21
36 9
37 22
SIMILAR

9 10 2 31 4 16 24 3 32 37 35 30 14 6 33 8 0 28 15 27 34 36 20 1 17 21 18 11 13 7 26 19 12 5 29 25 23 22 
0 16
1 23
2 2
3 7
4 4
5 33
6 13
7 29
8 15
9 0
10 1
11 27
12 32
13 28
14 12
15 18
16 5
17 24
18 26
19 31
20 22
21 25
22 37
23 36
24 6
25 35
26 30
27 19
28 17
29 34
30 11
31 3
32 8
33 14
34 20
35 10
36 21
37 9
SIMILAR

14 34 7 13 12 20 29 28 3 21 4 30 5 15 19 27 10 8 16 2 26 1 18 37 11 36 23 22 0 24 35 33 17 32 31 6 9 25 
0 28
1 21
2 19
3 8
4 10
5 12
6 35
7 2
8 17
9 36
10 16
11 24
12 4
13 3
14 0
15 13
16 18
17 32
18 22
19 14
20 5
21 9
22 27
23 26
24 29
25 37
26 20
27 15
28 7
29 6
30 11
31 34
32 33
33 31
34 1
35 30
36 25
37 23
SIMILAR

23 2 34 17 31 8 29 1 20 12 27 4 6 14 0 15 9 22 26 18 7 30 33 37 28 32 25 11 16 19 35 13 10 5 24 21 36 3 
0 14
1 7
2 1
3 37
4 11
5 33
6 12
7 20
8 5
9 16
10 32
11 27
12 9
13 31
14 13
15 15
16 28
17 3
18 19
19 29
20 8
21 35
22 17
23 0
24 34
25 26
26 18
27 10
28 24
29 6
30 21
31 4
32 25
33 22
34 2
35 30
36 36
37 23
SIMILAR

6 8 12 31 3 15 29 17 2 18 5 1 35 26 23 34 30 10 37 19 20 13 28 0 7 14 16 33 36 27 21 22 24 4 9 11 25 32 
0 23
1 11
2 8
3 4
4 33
5 10
6 0
7 24
8 1
9 34
10 17
11 35
12 2
13 21
14 25
15 5
16 26
17 7
18 9
19 19
20 20
21 30
22 31
23 14
24 32
25 36
26 13
27 29
28 22
29 6
30 16
31 3
32 37
33 27
34 15
35 12
36 28
37 18
SIMILAR

24 35 23 26 17 28 16 2 33 36 8 37 18 11 6 1 25 34 15 22 4 13 19 5 7 14 0 9 32 29 30 20 27 3 12 31 10 21 
0 26
1 15
2 7
3 33
4 20
5 23
6 14
7 24
8 10
9 27
10 36
11 13
12 34
13 21
14 25
15 18
16 6
17 4
18 12
19 22
20 31
21 37
22 19
23 2
24 0
25 16
26 3
27 32
28 5
29 29
30 30
31 35
32 28
33 8
34 17
35 1
36 9
37 11
SIMILAR

34 36 25 18 29 11 19 20 22 12 27 28 1 10 2 0 13 23 30 6 9 7 3 37 15 17 21 32 24 35 14 31 5 16 26 33 8 4 
0 15
1 12
2 14
3 22
4 37
5 32
6 19
7 21
8 36
9 20
10 13
11 5
12 9
13 16
14 30
15 24
16 33
17 25
18 3
19 6
20 7
21 26
22 8
23 17
24 28
25 2
26 34
27 10
28 11
29 4
30 18
31 31
32 27
33 35
34 0
35 29
36 1
37 23
SIMILAR

32 14 16 37 23 2 21 9 15 26 5 25 0 20 7 19 29 13 18 22 6 11 34 31 12 24 8 4 35 36 1 10 3 33 27 28 17 30 
0 12
1 30
2 5
3 32
4 27
5 10
6 20
7 14
8 26
9 7
10 31
11 21
12 24
13 17
14 1
15 8
16 2
17 36
18 18
19 15
20 13
21 6
22 19
23 4
24 25
25 11
26 9
27 34
28 35
29 16
30 37
31 23
32 0
33 33
34 22
35 28
36 29
37 3
SIMILAR

3 8 16 29 35 17 5 33 22 11 32 6 30 19 28 12 36 23 15 31 0 9 10 25 21 1 14 7 13 18 20 27 37 24 26 34 2 4 
0 20
1 25
2 36
3 0
4 37
5 6
6 11
7 27
8 1
9 21
10 22
11 9
12 15
13 28
14 26
15 18
16 2
17 5
18 29
19 13
20 30
21 24
22 8
23 17
24 33
25 23
26 34
27 31
28 14
29 3
30 12
31 19
32 10
33 7
34 35
35 4
36 16
37 32
SIMILAR

31 24 37 8 1 5 4 30 12 9 28 14 2 29 7 17 32 21 22 27 18 23 15 10 26 25 0 34 20 11 13 3 33 16 19 36 35 6 
0 26
1 4
2 12
3 31
4 6
5 5
6 37
7 14
8 3
9 9
10 23
11 29
12 8
13 30
14 11
15 22
16 33
17 15
18 20
19 34
20 28
21 17
22 18
23 21
24 1
25 25
26 24
27 19
28 10
29 13
30 7
31 0
32 16
33 32
34 27
35 36
36 35
37 2
SIMILAR

6 36 22 3 37 16 20 28 26 1 30 4 25 11 0 15 7 33 31 12 32 35 9 13 29 27 5 18 10 8 19 2 17 21 24 23 34 14 
0 14
1 9
2 31
3 3
4 11
5 26
6 0
7 16
8 29
9 22
10 28
11 13
12 19
13 23
14 37
15 15
16 5
17 32
18 27
19 30
20 6
21 33
22 2
23 35
24 34
25 12
26 8
27 25
28 7
29 24
30 10
31 18
32 20
33 17
34 36
35 21
36 1
37 4
SIMILAR

12 13 35 15 21 0 32 5 20 3 34 17 8 10 11 29 24 16 18 4 33 14 25 36 37 9 31 27 1 23 6 30 28 7 19 2 26 22 
0 5
1 28
2 35
3 9
4 19
5 7
6 30
7 33
8 12
9 25
10 13
11 14
12 0
13 1
14 21
15 3
16 17
17 11
18 18
19 34
20 8
21 4
22 37
23 29
24 16
25 22
26 36
27 27
28 32
29 15
30 31
31 26
32 6
33 20
34 10
35 2
36 23
37 24
SIMILAR

28 31 21 19 35 32 2 22 1 17 15 10 27 30 14 23 9 5 3 18 25 20 6 26 13 33 8 24 12 0 34 7 37 36 16 11 29 4 
0 29
1 8
2 6
3 18
4 37
5 17
6 22
7 31
8 26
9 16
10 11
11 35
12 28
13 24
14 14
15 10
16 34
17 9
18 19
19 3
20 21
21 2
22 7
23 15
24 27
25 20
26 23
27 12
28 0
29 36
30 13
31 1
32 5
33 25
34 30
35 4
36 33
37 32
SIMILAR

37 8 16 20 6 31 12 13 35 32 0 3 26 24 14 33 17 11 2 27 21 4 23 22 18 5 10 7 34 19 25 36 30 28 1 9 29 15 
0 10
1 34
2 18
3 11
4 21
5 25
6 4
7 27
8 1
9 35
10 26
11 17
12 6
13 7
14 14
15 37
16 2
17 16
18 24
19 29
20 3
21 20
22 23
23 22
24 13
25 30
26 12
27 19
28 33
29 36
30 32
31 5
32 9
33 15
34 28
35 8
36 31
37 0
SIMILAR

5 8 34 12 32 17 7 22 37 4 19 10 25 6 23 30 3 21 33 36 18 9 16 13 20 31 27 29 35 26 28 2 24 14 0 15 1 11 
0 34
1 36
2 31
3 16
4 9
5 0
6 13
7 6
8 1
9 21
10 11
11 37
12 3
13 23
14 33
15 35
16 22
17 5
18 20
19 10
20 24
21 17
22 7
23 14
24 32
25 12
26 29
27 26
28 30
29 27
30 15
31 25
32 4
33 18
34 2
35 28
36 19
37 8
SIMILAR

12 29 32 0 11 22 37 9 30 31 21 3 13 6 18 1 33 20 5 17 26 36 16 4 15 23 14 7 27 24 34 35 19 25 28 8 2 10 
0 3
1 15
2 36
3 11
4 23
5 18
6 13
7 27
8 35
9 7
10 37
11 4
12 0
13 12
14 26
15 24
16 22
17 19
18 14
19 32
20 17
21 10
22 5
23 25
24 29
25 33
26 20
27 28
28 34
29 1
30 8
31 9
32 2
33 16
34 30
35 31
36 21
37 6
SIMILAR

4 9 16 23 28 35 37 27 24 20 36 12 2 26 19 1 14 17 5 31 13 34 22 18 33 7 21 15 0 6 11 8 10 32 3 29 30 25 
0 28
1 15
2 12
3 34
4 0
5 18
6 29
7 25
8 31
9 1
10 32
11 30
12 11
13 20
14 16
15 27
16 2
17 17
18 23
19 14
20 9
21 26
22 22
23 3
24 8
25 37
26 13
27 7
28 4
29 35
30 36
31 19
32 33
33 24
34 21
35 5
36 10
37 6
SIMILAR
100 0
2700 0
342700 0
