38
0 0 0 0 0 1 1 0 1 1 0 0 1 0 0 0 1 1 0 0 0 1 1 1 0 0 0 1 1 1 1 1 1 0 0 1 1 0 
0 0 1 0 1 0 0 1 0 1 1 1 0 1 1 1 0 1 1 1 0 0 0 0 0 0 1 0 0 1 0 0 1 0 0 0 1 0 
0 1 0 0 1 0 1 1 1 1 1 1 0 1 1 1 1 0 0 1 0 1 0 1 1 1 0 0 0 1 0 0 0 0 1 1 1 0 
0 0 0 0 0 0 1 1 1 1 1 1 0 1 1 1 0 1 0 1 1 0 0 1 1 1 0 0 0 1 0 1 0 1 0 0 1 0 
0 1 1 0 0 0 1 1 0 0 1 0 0 1 0 1 1 0 0 0 0 1 1 1 1 1 0 0 0 1 1 0 1 1 1 0 1 0 
1 0 0 0 0 0 1 0 1 0 1 1 0 0 1 0 0 1 0 0 0 0 0 0 0 1 1 1 0 0 1 1 0 1 1 1 1 1 
1 0 1 1 1 1 0 0 1 0 0 0 0 1 1 1 0 0 0 1 1 0 1 0 1 0 1 1 1 1 1 1 1 1 1 0 1 1 
0 1 1 1 1 0 0 0 0 1 0 0 0 0 0 0 0 1 1 0 0 1 1 0 0 0 0 1 0 0 0 0 1 0 0 0 0 0 
1 0 1 1 0 1 1 0 0 1 0 0 0 1 0 0 0 1 1 0 1 1 1 1 0 1 1 1 0 1 1 1 1 0 0 1 1 0 
1 1 1 1 0 0 0 1 1 0 0 1 0 0 1 1 1 0 0 1 1 1 0 0 0 1 1 0 1 1 1 0 0 0 0 0 0 1 
0 1 1 1 1 1 0 0 0 0 0 0 1 1 1 0 0 0 1 0 1 1 1 1 0 1 1 0 0 0 0 1 1 0 1 0 1 0 
0 1 1 1 0 1 0 0 0 1 0 0 0 0 1 1 1 0 0 1 0 0 0 0 0 1 0 0 0 0 0 0 1 1 1 1 1 0 
1 0 0 0 0 0 0 0 0 0 1 0 0 1 1 0 0 0 0 0 1 1 0 1 0 0 1 0 1 1 0 1 0 1 1 0 1 1 
0 1 1 1 1 0 1 0 1 0 1 0 1 0 1 0 1 1 0 0 0 1 0 1 1 0 1 1 0 1 0 1 0 1 0 1 0 0 
0 1 1 1 0 1 1 0 0 1 1 1 1 1 0 0 0 0 1 1 1 1 0 1 1 1 0 0 1 0 0 1 0 0 1 1 0 0 
0 1 1 1 1 0 1 0 0 1 0 1 0 0 0 0 0 1 1 1 1 0 1 1 1 1 1 0 0 0 0 1 1 0 1 1 0 1 
1 0 1 0 1 0 0 0 0 1 0 1 0 1 0 0 0 1 1 1 1 1 0 0 1 1 1 1 1 1 0 1 1 1 1 1 1 1 
1 1 0 1 0 1 0 1 1 0 0 0 0 1 0 1 1 0 1 1 1 0 0 1 1 1 1 1 0 0 1 0 0 1 0 1 0 1 
0 1 0 0 0 0 0 1 1 0 1 0 0 0 1 1 1 1 0 0 0 0 0 0 1 1 0 1 0 0 0 1 0 1 1 0 0 0 
0 1 1 1 0 0 1 0 0 1 0 1 0 0 1 1 1 1 0 0 0 0 1 0 1 1 1 0 1 0 1 0 0 1 1 0 1 1 
0 0 0 1 0 0 1 0 1 1 1 0 1 0 1 1 1 1 0 0 0 0 0 1 1 1 0 0 0 1 1 0 1 1 0 1 0 0 
1 0 1 0 1 0 0 1 1 1 1 0 1 1 1 0 1 0 0 0 0 0 0 1 0 1 1 1 0 0 0 1 1 1 0 0 0 0 
1 0 0 0 1 0 1 1 1 0 1 0 0 0 0 1 0 0 0 1 0 0 0 1 0 0 0 1 0 0 0 0 1 1 1 1 1 1 
1 0 1 1 1 0 0 0 1 0 1 0 1 1 1 1 0 1 0 0 1 1 1 0 0 1 0 0 0 1 1 0 0 0 1 1 1 1 
0 0 1 1 1 0 1 0 0 0 0 0 0 1 1 1 1 1 1 1 1 0 0 0 0 0 0 1 0 1 1 0 1 1 0 1 1 0 
0 0 1 1 1 1 0 0 1 1 1 1 0 0 1 1 1 1 1 1 1 1 0 1 0 0 1 1 0 1 0 1 0 1 0 0 0 0 
0 1 0 0 0 1 1 0 1 1 1 0 1 1 0 1 1 1 0 1 0 1 0 0 0 1 0 1 1 0 0 1 0 1 1 1 0 0 
1 0 0 0 0 1 1 1 1 0 0 0 0 1 0 0 1 1 1 0 0 1 1 0 1 1 1 0 1 1 0 0 1 0 0 1 1 1 
1 0 0 0 0 0 1 0 0 1 0 0 1 0 1 0 1 0 0 1 0 0 0 0 0 0 1 1 0 0 0 1 1 1 1 0 1 0 
1 1 1 1 1 0 1 0 1 1 0 0 1 1 0 0 1 0 0 0 1 0 0 1 1 1 0 1 0 0 1 0 0 1 0 1 0 0 
1 0 0 0 1 1 1 0 1 1 0 0 0 0 0 0 0 1 0 1 1 0 0 1 1 0 0 0 0 1 0 1 1 1 1 0 1 0 
1 0 0 1 0 1 1 0 1 0 1 0 1 1 1 1 1 0 1 0 0 1 0 0 0 1 1 0 1 0 1 0 1 1 0 0 1 0 
1 1 0 0 1 0 1 1 1 0 1 1 0 0 0 1 1 0 0 0 1 1 1 0 1 0 0 1 1 0 1 1 0 0 1 1 1 0 
0 0 0 1 1 1 1 0 0 0 0 1 1 1 0 0 1 1 1 1 1 1 1 0 1 1 1 0 1 1 1 1 0 0 0 0 1 0 
0 0 1 0 1 1 1 0 0 0 1 1 1 0 1 1 1 0 1 1 0 0 1 1 0 0 1 0 1 0 1 0 1 0 0 1 0 0 
1 0 1 0 0 1 0 0 1 0 0 1 0 1 1 1 1 1 0 0 1 0 1 1 1 0 1 1 0 1 0 0 1 0 1 0 1 0 
1 1 1 1 1 1 1 0 1 0 1 1 1 0 0 0 1 0 0 1 0 0 1 1 1 0 0 1 1 0 1 1 1 1 0 1 0 0 
0 0 0 0 0 1 1 0 0 1 0 0 1 0 0 1 1 1 0 1 0 0 1 1 0 0 0 1 0 0 0 0 0 0 0 0 0 0 

35 3 10 19 26 7 17 2 8 6 23 28 21 12 27 22 16 20 33 14 9 37 0 32 36 31 4 13 25 24 1 15 11 5 30 18 34 29 
0 22
1 30
2 7
3 1
4 26
5 33
6 9
7 5
8 8
9 20
10 2
11 32
12 13
13 27
14 19
15 31
16 16
17 6
18 35
19 3
20 17
21 12
22 15
23 10
24 29
25 28
26 4
27 14
28 11
29 37
30 34
31 25
32 23
33 18
34 36
35 0
36 24
37 21
SIMILAR

10 3 23 20 8 21 7 24 18 19 33 0 2 25 14 31 4 22 34 5 6 28 30 9 36 29 35 17 16 13 11 32 1 26 27 12 37 15 
0 11
1 32
2 12
3 1
4 16
5 19
6 20
7 6
8 4
9 23
10 0
11 30
12 35
13 29
14 14
15 37
16 28
17 27
18 8
19 9
20 3
21 5
22 17
23 2
24 7
25 13
26 33
27 34
28 21
29 25
30 22
31 15
32 31
33 10
34 18
35 26
36 24
37 36
SIMILAR

3 5 8 31 20 11 14 32 1 4 37 12 25 13 26 16 17 19 22 24 36 29 28 6 18 35 34 9 33 15 7 27 10 21 30 0 23 2 
0 35
1 8
2 37
3 0
4 9
5 1
6 23
7 30
8 2
9 27
10 32
11 5
12 11
13 13
14 6
15 29
16 15
17 16
18 24
19 17
20 4
21 33
22 18
23 36
24 19
25 12
26 14
27 31
28 22
29 21
30 34
31 3
32 7
33 28
34 26
35 25
36 20
37 10
SIMILAR

34 6 27 21 18 32 2 36 17 30 19 1 22 26 4 33 7 25 10 37 20 31 24 5 13 0 3 12 14 16 35 23 11 8 9 15 29 28 
0 25
1 11
2 6
3 26
4 14
5 23
6 1
7 16
8 33
9 34
10 18
11 32
12 27
13 24
14 28
15 35
16 29
17 8
18 4
19 10
20 20
21 3
22 12
23 31
24 22
25 17
26 13
27 2
28 37
29 36
30 9
31 21
32 5
33 15
34 0
35 30
36 7
37 19
SIMILAR

15 19 16 29 31 4 11 6 1 18 0 28 23 27 25 10 36 33 2 37 13 34 3 22 20 17 21 30 7 12 35 9 5 26 32 14 24 8 
0 10
1 8
2 18
3 22
4 5
5 32
6 7
7 28
8 37
9 31
10 15
11 6
12 29
13 20
14 35
15 0
16 2
17 25
18 9
19 1
20 24
21 26
22 23
23 12
24 36
25 14
26 33
27 13
28 11
29 3
30 27
31 4
32 34
33 17
34 21
35 30
36 16
37 19
SIMILAR

11 30 17 15 18 26 4 7 10 12 21 3 13 20 6 28 5 33 27 35 22 1 36 23 29 31 2 37 19 14 9 34 0 16 25 8 24 32 
0 32
1 21
2 26
3 11
4 6
5 16
6 14
7 7
8 35
9 30
10 8
11 0
12 9
13 12
14 29
15 3
16 33
17 2
18 4
19 28
20 13
21 10
22 20
23 23
24 36
25 34
26 5
27 18
28 15
29 24
30 1
31 25
32 37
33 17
34 31
35 19
36 22
37 27
SIMILAR

12 25 1 16 8 11 20 6 19 14 37 30 17 26 5 35 34 32 0 10 29 4 3 23 24 28 15 2 27 13 18 36 33 22 31 9 21 7 
0 18
1 2
2 27
3 22
4 21
5 14
6 7
7 37
8 4
9 35
10 19
11 5
12 0
13 29
14 9
15 26
16 3
17 12
18 30
19 8
20 6
21 36
22 33
23 23
24 24
25 1
26 13
27 28
28 25
29 20
30 11
31 34
32 17
33 32
34 16
35 15
36 31
37 10
SIMILAR

22 7 9 18 1 32 16 17 2 12 37 25 19 21 11 20 15 8 26 4 14 0 34 10 35 27 31 29 24 28 3 33 13 23 6 30 5 36 
0 21
1 4
2 8
3 30
4 19
5 36
6 34
7 1
8 17
9 2
10 23
11 14
12 9
13 32
14 20
15 16
16 6
17 7
18 3
19 12
20 15
21 13
22 0
23 33
24 28
25 11
26 18
27 25
28 29
29 27
30 35
31 26
32 5
33 31
34 22
35 24
36 37
37 10
SIMILAR

1 17 2 7 4 36 33 15 6 14 30 12 9 8 23 28 20 21 26 24 35 5 19 31 25 10 3 27 22 18 11 0 16 37 29 13 32 34 
0 31
1 0
2 2
3 26
4 4
5 21
6 8
7 3
8 13
9 12
10 25
11 30
12 11
13 35
14 9
15 7
16 32
17 1
18 29
19 22
20 16
21 17
22 28
23 14
24 19
25 24
26 18
27 27
28 15
29 34
30 10
31 23
32 36
33 6
34 37
35 20
36 5
37 33
SIMILAR

1 17 16 25 26 36 12 8 14 27 20 34 32 6 9 19 4 28 10 30 18 24 5 22 15 33 7 2 29 37 21 11 35 0 3 31 23 13 
0 33
1 0
2 27
3 34
4 16
5 22
6 13
7 26
8 7
9 14
10 18
11 31
12 6
13 37
14 8
15 24
16 2
17 1
18 20
19 15
20 10
21 30
22 23
23 36
24 21
25 3
26 4
27 9
28 17
29 28
30 19
31 35
32 12
33 25
34 11
35 32
36 5
37 29
SIMILAR

21 28 1 30 19 10 9 18 34 14 27 6 33 3 11 4 20 17 15 8 23 0 36 35 24 26 13 22 12 5 7 16 31 32 37 2 25 29 
0 21
1 2
2 35
3 13
4 15
5 29
6 11
7 30
8 19
9 6
10 5
11 14
12 28
13 26
14 9
15 18
16 31
17 17
18 7
19 4
20 16
21 0
22 27
23 20
24 24
25 36
26 25
27 10
28 1
29 37
30 3
31 32
32 33
33 12
34 8
35 23
36 22
37 34
SIMILAR

4 10 16 7 12 13 32 1 20 9 11 8 17 23 35 28 22 26 24 15 21 30 37 0 18 6 3 2 19 31 34 33 25 27 5 14 36 29 
0 23
1 7
2 27
3 26
4 0
5 34
6 25
7 3
8 11
9 9
10 1
11 10
12 4
13 5
14 35
15 19
16 2
17 12
18 24
19 28
20 8
21 20
22 16
23 13
24 18
25 32
26 17
27 33
28 15
29 37
30 21
31 29
32 6
33 31
34 30
35 14
36 36
37 22
SIMILAR

22 4 28 31 3 26 20 21 36 17 27 12 16 1 11 15 34 23 37 35 2 14 29 33 18 32 24 5 10 13 30 7 9 25 6 19 0 8 
0 36
1 13
2 20
3 4
4 1
5 27
6 34
7 31
8 37
9 32
10 28
11 14
12 11
13 29
14 21
15 15
16 12
17 9
18 24
19 35
20 6
21 7
22 0
23 17
24 26
25 33
26 5
27 10
28 2
29 22
30 30
31 3
32 25
33 23
34 16
35 19
36 8
37 18
SIMILAR

7 21 32 13 8 4 30 16 22 9 19 3 0 17 26 31 36 18 34 1 27 33 35 25 11 28 15 12 24 2 14 5 6 29 20 23 37 10 
0 12
1 19
2 29
3 11
4 5
5 31
6 32
7 0
8 4
9 9
10 37
11 24
12 27
13 3
14 30
15 26
16 7
17 13
18 17
19 10
20 34
21 1
22 8
23 35
24 28
25 23
26 14
27 20
28 25
29 33
30 6
31 15
32 2
33 21
34 18
35 22
36 16
37 36
SIMILAR

11 4 3 25 36 9 17 0 8 33 23 32 2 34 29 21 5 20 10 16 31 37 18 12 14 13 15 30 28 27 19 24 6 22 35 26 1 7 
0 7
1 36
2 12
3 2
4 1
5 16
6 32
7 37
8 8
9 5
10 18
11 0
12 23
13 25
14 24
15 26
16 19
17 6
18 22
19 30
20 17
21 15
22 33
23 10
24 31
25 3
26 35
27 29
28 28
29 14
30 27
31 20
32 11
33 9
34 13
35 34
36 4
37 21
SIMILAR

0 24 22 31 12 26 13 10 4 30 6 2 19 15 28 1 7 14 8 3 34 32 9 21 18 29 25 23 35 16 33 37 36 5 20 17 11 27 
0 0
1 15
2 11
3 19
4 8
5 33
6 10
7 16
8 18
9 22
10 7
11 36
12 4
13 6
14 17
15 13
16 29
17 35
18 24
19 12
20 34
21 23
22 2
23 27
24 1
25 26
26 5
27 37
28 14
29 25
30 9
31 3
32 21
33 30
34 20
35 28
36 32
37 31
SIMILAR

22 34 13 32 26 3 36 11 2 37 12 27 33 28 24 8 5 23 9 0 17 18 30 4 7 31 21 20 1 35 16 6 15 29 19 25 10 14 
0 19
1 28
2 8
3 5
4 23
5 16
6 31
7 24
8 15
9 18
10 36
11 7
12 10
13 2
14 37
15 32
16 30
17 20
18 21
19 34
20 27
21 26
22 0
23 17
24 14
25 35
26 4
27 11
28 13
29 33
30 22
31 25
32 3
33 12
34 1
35 29
36 6
37 9
SIMILAR

26 10 12 16 25 4 17 35 24 1 9 7 3 15 36 20 34 37 8 19 13 27 32 23 0 14 11 21 28 5 2 29 18 6 30 22 33 31 
0 24
1 9
2 30
3 12
4 5
5 29
6 33
7 11
8 18
9 10
10 1
11 26
12 2
13 20
14 25
15 13
16 3
17 6
18 32
19 19
20 15
21 27
22 35
23 23
24 8
25 4
26 0
27 21
28 28
29 31
30 34
31 37
32 22
33 36
34 16
35 7
36 14
37 17
SIMILAR

0 1 10 9 32 20 13 28 4 7 5 23 37 14 2 24 26 31 36 12 30 35 34 19 8 11 3 27 21 29 33 6 25 17 15 16 22 18 
0 0
1 1
2 14
3 26
4 8
5 10
6 31
7 9
8 24
9 3
10 2
11 25
12 19
13 6
14 13
15 34
16 35
17 33
18 37
19 23
20 5
21 28
22 36
23 11
24 15
25 32
26 16
27 27
28 7
29 29
30 20
31 17
32 4
33 30
34 22
35 21
36 18
37 12
SIMILAR

11 5 15 31 3 37 0 4 33 19 18 7 35 34 32 9 16 23 1 10 21 28 20 25 29 14 12 27 30 26 13 6 17 24 36 8 2 22 
0 6
1 18
2 36
3 4
4 7
5 1
6 31
7 11
8 35
9 15
10 19
11 0
12 26
13 30
14 25
15 2
16 16
17 32
18 10
19 9
20 22
21 20
22 37
23 17
24 33
25 23
26 29
27 27
28 21
29 24
30 28
31 3
32 14
33 8
34 13
35 12
36 34
37 5
SIMILAR

37 30 2 31 32 33 14 36 21 9 28 16 11 12 22 18 24 5 3 6 8 4 20 7 34 1 15 27 13 25 17 19 23 35 10 29 0 26 
0 36
1 25
2 2
3 18
4 21
5 17
6 19
7 23
8 20
9 9
10 34
11 12
12 13
13 28
14 6
15 26
16 11
17 30
18 15
19 31
20 22
21 8
22 14
23 32
24 16
25 29
26 37
27 27
28 10
29 35
30 1
31 3
32 4
33 5
34 24
35 33
36 7
37 0
SIMILAR

27 19 10 37 33 0 34 23 14 25 16 24 35 8 17 22 26 1 3 5 36 2 11 29 21 28 15 18 9 13 20 4 6 7 30 12 31 32 
0 5
1 17
2 21
3 18
4 31
5 19
6 32
7 33
8 13
9 28
10 2
11 22
12 35
13 29
14 8
15 26
16 10
17 14
18 27
19 1
20 30
21 24
22 15
23 7
24 11
25 9
26 16
27 0
28 25
29 23
30 34
31 36
32 37
33 4
34 6
35 12
36 20
37 3
SIMILAR

24 15 3 13 37 6 27 9 17 16 31 35 19 21 0 22 4 28 33 14 23 5 10 36 30 20 12 26 18 8 34 1 2 11 32 25 7 29 
0 14
1 31
2 32
3 2
4 16
5 21
6 5
7 36
8 29
9 7
10 22
11 33
12 26
13 3
14 19
15 1
16 9
17 8
18 28
19 12
20 25
21 13
22 15
23 20
24 0
25 35
26 27
27 6
28 17
29 37
30 24
31 10
32 34
33 18
34 30
35 11
36 23
37 4
SIMILAR

2 18 28 13 35 36 30 8 0 15 32 26 33 23 16 34 19 3 24 10 17 5 9 22 6 21 4 12 14 20 31 37 25 11 1 27 29 7 
0 8
1 34
2 0
3 17
4 26
5 21
6 24
7 37
8 7
9 22
10 19
11 33
12 27
13 3
14 28
15 9
16 14
17 20
18 1
19 16
20 29
21 25
22 23
23 13
24 18
25 32
26 11
27 35
28 2
29 36
30 6
31 30
32 10
33 12
34 15
35 4
36 5
37 31
SIMILAR

13 16 11 19 21 31 14 37 0 9 33 22 18 15 25 29 8 30 32 5 6 3 27 24 28 20 17 7 4 23 12 1 10 2 26 34 36 35 
0 8
1 31
2 33
3 21
4 28
5 19
6 20
7 27
8 16
9 9
10 32
11 2
12 30
13 0
14 6
15 13
16 1
17 26
18 12
19 3
20 25
21 4
22 11
23 29
24 23
25 14
26 34
27 22
28 24
29 15
30 17
31 5
32 18
33 10
34 35
35 37
36 36
37 7
SIMILAR

6 25 24 32 35 20 28 3 9 0 17 5 11 14 19 2 12 26 15 22 4 36 27 29 23 34 10 30 21 1 13 8 18 33 37 7 16 31 
0 9
1 29
2 15
3 7
4 20
5 11
6 0
7 35
8 31
9 8
10 26
11 12
12 16
13 30
14 13
15 18
16 36
17 10
18 32
19 14
20 5
21 28
22 19
23 24
24 2
25 1
26 17
27 22
28 6
29 23
30 27
31 37
32 3
33 33
34 25
35 4
36 21
37 34
SIMILAR

14 21 11 23 37 24 4 29 6 30 12 7 32 20 8 31 1 5 10 19 22 25 2 17 36 28 0 26 16 34 3 9 18 27 13 35 15 33 
0 26
1 16
2 22
3 30
4 6
5 17
6 8
7 11
8 14
9 31
10 18
11 2
12 10
13 34
14 0
15 36
16 28
17 23
18 32
19 19
20 13
21 1
22 20
23 3
24 5
25 21
26 27
27 33
28 25
29 7
30 9
31 15
32 12
33 37
34 29
35 35
36 24
37 4
SIMILAR

2 28 32 30 6 34 12 14 23 3 29 20 27 22 19 16 24 37 18 8 17 21 33 1 25 13 5 11 0 15 7 36 9 26 4 35 31 10 
0 28
1 23
2 0
3 9
4 34
5 26
6 4
7 30
8 19
9 32
10 37
11 27
12 6
13 25
14 7
15 29
16 15
17 20
18 18
19 14
20 11
21 21
22 13
23 8
24 16
25 24
26 33
27 12
28 1
29 10
30 3
31 36
32 2
33 22
34 5
35 35
36 31
37 17
SIMILAR

28 21 5 27 16 22 34 10 30 33 3 13 0 17 31 25 12 19 18 24 20 9 7 36 37 8 6 1 2 15 14 35 11 23 26 4 32 29 
0 12
1 27
2 28
3 10
4 35
5 2
6 26
7 22
8 25
9 21
10 7
11 32
12 16
13 11
14 30
15 29
16 4
17 13
18 18
19 17
20 20
21 1
22 5
23 33
24 19
25 15
26 34
27 3
28 0
29 37
30 8
31 14
32 36
33 9
34 6
35 31
36 23
37 24
SIMILAR

29 8 26 13 21 37 31 23 19 36 3 7 0 6 11 2 15 16 5 9 12 17 4 10 32 33 28 35 34 30 1 25 18 20 22 27 14 24 
0 12
1 30
2 15
3 10
4 22
5 18
6 13
7 11
8 1
9 19
10 23
11 14
12 20
13 3
14 36
15 16
16 17
17 21
18 32
19 8
20 33
21 4
22 34
23 7
24 37
25 31
26 2
27 35
28 26
29 0
30 29
31 6
32 24
33 25
34 28
35 27
36 9
37 5
SIMILAR

2 9 17 21 20 23 14 24 8 16 0 13 35 5 27 15 3 10 34 31 30 6 19 25 22 7 33 28 37 1 29 36 32 12 18 11 4 26 
0 10
1 29
2 0
3 16
4 36
5 13
6 21
7 25
8 8
9 1
10 17
11 35
12 33
13 11
14 6
15 15
16 9
17 2
18 34
19 22
20 4
21 3
22 24
23 5
24 7
25 23
26 37
27 14
28 27
29 30
30 20
31 19
32 32
33 26
34 18
35 12
36 31
37 28
SIMILAR

30 25 16 31 4 0 2 3 10 22 37 23 5 12 20 18 17 1 35 6 14 36 8 13 24 15 26 28 11 19 33 7 9 29 32 27 34 21 
0 5
1 17
2 6
3 7
4 4
5 12
6 19
7 31
8 22
9 32
10 8
11 28
12 13
13 23
14 20
15 25
16 2
17 16
18 15
19 29
20 14
21 37
22 9
23 11
24 24
25 1
26 26
27 35
28 27
29 33
30 0
31 3
32 34
33 30
34 36
35 18
36 21
37 10
SIMILAR

26 9 29 25 23 35 32 13 21 33 6 19 27 18 16 34 10 8 24 22 5 31 37 3 15 28 12 30 0 20 7 1 2 11 4 14 17 36 
0 28
1 31
2 32
3 23
4 34
5 20
6 10
7 30
8 17
9 1
10 16
11 33
12 26
13 7
14 35
15 24
16 14
17 36
18 13
19 11
20 29
21 8
22 19
23 4
24 18
25 3
26 0
27 12
28 25
29 2
30 27
31 21
32 6
33 9
34 15
35 5
36 37
37 22
SIMILAR

36 29 4 17 9 20 25 10 15 13 27 14 12 11 16 0 18 3 28 7 35 30 24 31 5 34 22 2 26 23 6 21 33 1 19 32 8 37 
0 15
1 33
2 27
3 17
4 2
5 24
6 30
7 19
8 36
9 4
10 7
11 13
12 12
13 9
14 11
15 8
16 14
17 3
18 16
19 34
20 5
21 31
22 26
23 29
24 22
25 6
26 28
27 10
28 18
29 1
30 21
31 23
32 35
33 32
34 25
35 20
36 0
37 37
SIMILAR

12 31 2 30 37 8 17 32 21 28 5 11 7 35 36 25 27 20 13 34 9 10 19 6 14 15 29 24 0 16 22 4 18 3 26 1 23 33 
0 28
1 35
2 2
3 33
4 31
5 10
6 23
7 12
8 5
9 20
10 21
11 11
12 0
13 18
14 24
15 25
16 29
17 6
18 32
19 22
20 17
21 8
22 30
23 36
24 27
25 15
26 34
27 16
28 9
29 26
30 3
31 1
32 7
33 37
34 19
35 13
36 14
37 4
SIMILAR

3 26 25 4 29 23 19 9 14 28 30 27 36 22 2 12 21 8 5 24 31 6 32 16 37 35 34 15 0 20 18 1 10 33 17 13 11 7 
0 28
1 31
2 14
3 0
4 3
5 18
6 21
7 37
8 17
9 7
10 32
11 36
12 15
13 35
14 8
15 27
16 23
17 34
18 30
19 6
20 29
21 16
22 13
23 5
24 19
25 2
26 1
27 11
28 9
29 4
30 10
31 20
32 22
33 33
34 26
35 25
36 12
37 24
SIMILAR

25 36 24 6 35 9 4 14 19 29 37 0 8 28 30 11 18 13 32 1 22 34 31 12 20 33 10 17 23 7 15 5 26 21 16 2 27 3 
0 11
1 19
2 35
3 37
4 6
5 31
6 3
7 29
8 12
9 5
10 26
11 15
12 23
13 17
14 7
15 30
16 34
17 27
18 16
19 8
20 24
21 33
22 20
23 28
24 2
25 0
26 32
27 36
28 13
29 9
30 14
31 22
32 18
33 25
34 21
35 4
36 1
37 10
SIMILAR

5 35 4 37 19 26 11 9 20 33 23 18 3 21 25 16 32 24 14 17 12 2 31 7 6 34 30 36 15 1 8 10 28 27 0 29 13 22 
0 34
1 29
2 21
3 12
4 2
5 0
6 24
7 23
8 30
9 7
10 31
11 6
12 20
13 36
14 18
15 28
16 15
17 19
18 11
19 4
20 8
21 13
22 37
23 10
24 17
25 14
26 5
27 33
28 32
29 35
30 26
31 22
32 16
33 9
34 25
35 1
36 27
37 3
SIMILAR

10 26 5 23 13 3 8 12 21 2 27 22 14 20 18 33 6 0 16 15 35 4 24 36 1 9 31 17 30 28 29 11 34 37 32 25 7 19 
0 17
1 24
2 9
3 5
4 21
5 2
6 16
7 36
8 6
9 25
10 0
11 31
12 7
13 4
14 12
15 19
16 18
17 27
18 14
19 37
20 13
21 8
22 11
23 3
24 22
25 35
26 1
27 10
28 29
29 30
30 28
31 26
32 34
33 15
34 32
35 20
36 23
37 33
SIMILAR

22 36 17 11 1 18 16 21 9 31 34 6 15 37 28 4 2 25 14 3 35 27 32 5 12 23 24 33 26 30 19 7 0 29 13 10 8 20 
0 32
1 4
2 16
3 19
4 15
5 23
6 11
7 31
8 36
9 8
10 35
11 3
12 24
13 34
14 18
15 12
16 6
17 2
18 5
19 30
20 37
21 7
22 0
23 25
24 26
25 17
26 28
27 21
28 14
29 33
30 29
31 9
32 22
33 27
34 10
35 20
36 1
37 13
SIMILAR

35 15 9 6 37 20 5 1 26 4 8 34 10 16 3 12 22 27 14 33 21 11 31 24 28 32 2 19 29 25 36 18 13 17 7 30 23 0 
0 37
1 7
2 26
3 14
4 9
5 6
6 3
7 34
8 10
9 2
10 12
11 21
12 15
13 32
14 18
15 1
16 13
17 33
18 31
19 27
20 5
21 20
22 16
23 36
24 23
25 29
26 8
27 17
28 24
29 28
30 35
31 22
32 25
33 19
34 11
35 0
36 30
37 4
SIMILAR

8 19 22 18 0 12 21 2 10 11 15 24 31 20 29 26 34 23 37 28 17 35 9 3 16 5 1 27 32 30 4 14 33 13 25 36 6 7 
0 4
1 26
2 7
3 23
4 30
5 25
6 36
7 37
8 0
9 22
10 8
11 9
12 5
13 33
14 31
15 10
16 24
17 20
18 3
19 1
20 13
21 6
22 2
23 17
24 11
25 34
26 15
27 27
28 19
29 14
30 29
31 12
32 28
33 32
34 16
35 21
36 35
37 18
SIMILAR

33 20 3 17 23 29 24 21 32 13 4 10 2 6 12 7 9 34 18 0 35 14 36 5 11 30 37 19 8 16 25 31 15 1 27 28 26 22 
0 19
1 33
2 12
3 2
4 10
5 23
6 13
7 15
8 28
9 16
10 11
11 24
12 14
13 9
14 21
15 32
16 29
17 3
18 18
19 27
20 1
21 7
22 37
23 4
24 6
25 30
26 36
27 34
28 35
29 5
30 25
31 31
32 8
33 0
34 17
35 20
36 22
37 26
SIMILAR

18 25 33 24 22 29 11 0 12 14 15 16 26 34 17 4 3 20 9 8 5 36 32 23 19 30 10 21 1 27 6 35 7 13 2 37 28 31 
0 7
1 28
2 34
3 16
4 15
5 20
6 30
7 32
8 19
9 18
10 26
11 6
12 8
13 33
14 9
15 10
16 11
17 14
18 0
19 24
20 17
21 27
22 4
23 23
24 3
25 1
26 12
27 29
28 36
29 5
30 25
31 37
32 22
33 2
34 13
35 31
36 21
37 35
SIMILAR

1 17 9 32 22 28 2 24 25 5 15 4 10 18 11 30 33 16 36 31 34 14 20 27 3 35 29 37 21 8 26 19 7 12 23 0 13 6 
0 35
1 0
2 6
3 24
4 11
5 9
6 37
7 32
8 29
9 2
10 12
11 14
12 33
13 36
14 21
15 10
16 17
17 1
18 13
19 31
20 22
21 28
22 4
23 34
24 7
25 8
26 30
27 23
28 5
29 26
30 15
31 19
32 3
33 16
34 20
35 25
36 18
37 27
SIMILAR

35 1 11 22 2 9 6 19 21 32 12 33 13 27 28 17 30 29 7 4 14 0 3 5 26 20 36 18 16 10 37 25 31 15 8 23 34 24 
0 21
1 1
2 4
3 22
4 19
5 23
6 6
7 18
8 34
9 5
10 29
11 2
12 10
13 12
14 20
15 33
16 28
17 15
18 27
19 7
20 25
21 8
22 3
23 35
24 37
25 31
26 24
27 13
28 14
29 17
30 16
31 32
32 9
33 11
34 36
35 0
36 26
37 30
SIMILAR

2 19 4 28 8 26 22 24 0 33 25 3 13 36 11 7 5 12 6 35 30 20 37 23 27 10 18 31 9 29 15 32 21 34 16 1 14 17 
0 8
1 35
2 0
3 11
4 2
5 16
6 18
7 15
8 4
9 28
10 25
11 14
12 17
13 12
14 36
15 30
16 34
17 37
18 26
19 1
20 21
21 32
22 6
23 23
24 7
25 10
26 5
27 24
28 3
29 29
30 20
31 27
32 31
33 9
34 33
35 19
36 13
37 22
SIMILAR

20 13 33 7 5 36 37 11 8 25 27 12 10 24 21 29 34 16 4 14 6 31 32 30 28 1 18 35 0 3 15 19 22 26 23 17 9 2 
0 28
1 25
2 37
3 29
4 18
5 4
6 20
7 3
8 8
9 36
10 12
11 7
12 11
13 1
14 19
15 30
16 17
17 35
18 26
19 31
20 0
21 14
22 32
23 34
24 13
25 9
26 33
27 10
28 24
29 15
30 23
31 21
32 22
33 2
34 16
35 27
36 5
37 6
SIMILAR

17 11 31 1 13 10 12 33 29 23 8 34 21 30 19 14 20 22 0 5 26 32 15 25 37 27 24 35 9 16 28 4 6 2 3 18 7 36 
0 18
1 3
2 33
3 34
4 31
5 19
6 32
7 36
8 10
9 28
10 5
11 1
12 6
13 4
14 15
15 22
16 29
17 0
18 35
19 14
20 16
21 12
22 17
23 9
24 26
25 23
26 20
27 25
28 30
29 8
30 13
31 2
32 21
33 7
34 11
35 27
36 37
37 24
SIMILAR

32 23 25 0 8 7 28 34 17 20 1 24 22 33 10 18 26 2 12 36 29 19 31 4 13 30 6 3 27 11 16 21 15 5 9 35 14 37 
0 3
1 10
2 17
3 27
4 23
5 33
6 26
7 5
8 4
9 34
10 14
11 29
12 18
13 24
14 36
15 32
16 30
17 8
18 15
19 21
20 9
21 31
22 12
23 1
24 11
25 2
26 16
27 28
28 6
29 20
30 25
31 22
32 0
33 13
34 7
35 35
36 19
37 37
SIMILAR

34 12 1 33 31 24 0 21 9 35 7 14 5 23 11 3 8 16 6 25 4 10 28 19 32 30 20 15 29 26 37 22 36 13 27 2 17 18 
0 6
1 2
2 35
3 15
4 20
5 12
6 18
7 10
8 16
9 8
10 21
11 14
12 1
13 33
14 11
15 27
16 17
17 36
18 37
19 23
20 26
21 7
22 31
23 13
24 5
25 19
26 29
27 34
28 22
29 28
30 25
31 4
32 24
33 3
34 0
35 9
36 32
37 30
SIMILAR

2 35 0 7 12 27 1 19 16 8 37 30 21 11 22 28 36 3 5 32 29 14 33 6 9 20 13 4 23 18 17 15 25 31 10 34 24 26 
0 2
1 6
2 0
3 17
4 27
5 18
6 23
7 3
8 9
9 24
10 34
11 13
12 4
13 26
14 21
15 31
16 8
17 30
18 29
19 7
20 25
21 12
22 14
23 28
24 36
25 32
26 37
27 5
28 15
29 20
30 11
31 33
32 19
33 22
34 35
35 1
36 16
37 10
SIMILAR

34 17 11 1 25 20 26 22 6 5 14 8 24 36 29 23 27 10 9 30 7 12 16 37 28 19 15 18 0 3 32 21 31 4 2 13 33 35 
0 28
1 3
2 34
3 29
4 33
5 9
6 8
7 20
8 11
9 18
10 17
11 2
12 21
13 35
14 10
15 26
16 22
17 1
18 27
19 25
20 5
21 31
22 7
23 15
24 12
25 4
26 6
27 16
28 24
29 14
30 19
31 32
32 30
33 36
34 0
35 37
36 13
37 23
SIMILAR

4 8 2 31 36 17 35 10 9 28 12 29 33 13 18 5 14 34 3 27 11 20 25 21 0 7 6 1 22 37 15 32 30 24 23 19 26 16 
0 24
1 27
2 2
3 18
4 0
5 15
6 26
7 25
8 1
9 8
10 7
11 20
12 10
13 13
14 16
15 30
16 37
17 5
18 14
19 35
20 21
21 23
22 28
23 34
24 33
25 22
26 36
27 19
28 9
29 11
30 32
31 3
32 31
33 12
34 17
35 6
36 4
37 29
SIMILAR

31 35 18 27 5 21 3 1 8 11 22 28 34 13 0 4 15 9 32 24 33 36 7 12 30 26 16 6 19 10 2 17 37 25 23 20 14 29 
0 14
1 7
2 30
3 6
4 15
5 4
6 27
7 22
8 8
9 17
10 29
11 9
12 23
13 13
14 36
15 16
16 26
17 31
18 2
19 28
20 35
21 5
22 10
23 34
24 19
25 33
26 25
27 3
28 11
29 37
30 24
31 0
32 18
33 20
34 12
35 1
36 21
37 32
SIMILAR

15 8 30 22 16 19 9 1 26 37 17 0 33 36 7 25 20 11 18 27 34 32 14 31 2 23 5 4 6 24 35 10 13 3 29 21 12 28 
0 11
1 7
2 24
3 33
4 27
5 26
6 28
7 14
8 1
9 6
10 31
11 17
12 36
13 32
14 22
15 0
16 4
17 10
18 18
19 5
20 16
21 35
22 3
23 25
24 29
25 15
26 8
27 19
28 37
29 34
30 2
31 23
32 21
33 12
34 20
35 30
36 13
37 9
SIMILAR

11 2 13 17 9 22 14 8 25 20 15 3 26 35 21 18 5 30 33 1 4 29 36 28 31 24 19 16 6 7 0 34 37 10 23 12 27 32 
0 30
1 19
2 1
3 11
4 20
5 16
6 28
7 29
8 7
9 4
10 33
11 0
12 35
13 2
14 6
15 10
16 27
17 3
18 15
19 26
20 9
21 14
22 5
23 34
24 25
25 8
26 12
27 36
28 23
29 21
30 17
31 24
32 37
33 18
34 31
35 13
36 22
37 32
SIMILAR

1 18 3 32 17 23 21 35 26 9 4 27 14 5 37 15 13 0 11 22 24 36 31 33 34 28 6 20 30 16 10 8 25 29 19 2 12 7 
0 17
1 0
2 35
3 2
4 10
5 13
6 26
7 37
8 31
9 9
10 30
11 18
12 36
13 16
14 12
15 15
16 29
17 4
18 1
19 34
20 27
21 6
22 19
23 5
24 20
25 32
26 8
27 11
28 25
29 33
30 28
31 22
32 3
33 23
34 24
35 7
36 21
37 14
SIMILAR

7 31 8 9 12 34 5 28 15 23 2 0 3 37 22 19 36 16 29 18 27 32 24 33 13 35 6 11 17 1 26 20 4 25 30 14 10 21 
0 11
1 29
2 10
3 12
4 32
5 6
6 26
7 0
8 2
9 3
10 36
11 27
12 4
13 24
14 35
15 8
16 17
17 28
18 19
19 15
20 31
21 37
22 14
23 9
24 22
25 33
26 30
27 20
28 7
29 18
30 34
31 1
32 21
33 23
34 5
35 25
36 16
37 13
SIMILAR

3 29 23 24 30 15 1 0 21 4 33 17 10 18 25 34 37 26 31 28 27 19 6 9 20 36 13 7 8 14 35 22 12 11 2 32 16 5 
0 7
1 6
2 34
3 0
4 9
5 37
6 22
7 27
8 28
9 23
10 12
11 33
12 32
13 26
14 29
15 5
16 36
17 11
18 13
19 21
20 24
21 8
22 31
23 2
24 3
25 14
26 17
27 20
28 19
29 1
30 4
31 18
32 35
33 10
34 15
35 30
36 25
37 16
SIMILAR

29 12 23 14 37 7 17 26 31 11 33 3 0 2 16 19 35 18 4 5 30 32 28 22 27 15 9 8 36 25 34 24 21 20 1 10 13 6 
0 12
1 34
2 13
3 11
4 18
5 19
6 37
7 5
8 27
9 26
10 35
11 9
12 1
13 36
14 3
15 25
16 14
17 6
18 17
19 15
20 33
21 32
22 23
23 2
24 31
25 29
26 7
27 24
28 22
29 0
30 20
31 8
32 21
33 10
34 30
35 16
36 28
37 4
SIMILAR

8 35 15 28 23 27 0 18 24 10 19 20 16 6 11 12 21 32 13 4 26 33 36 29 9 37 25 31 3 34 1 22 5 14 17 7 30 2 
0 6
1 30
2 37
3 28
4 19
5 32
6 13
7 35
8 0
9 24
10 9
11 14
12 15
13 18
14 33
15 2
16 12
17 34
18 7
19 10
20 11
21 16
22 31
23 4
24 8
25 26
26 20
27 5
28 3
29 23
30 36
31 27
32 17
33 21
34 29
35 1
36 22
37 25
SIMILAR

25 20 26 15 33 5 14 27 2 21 1 19 29 28 10 4 18 22 12 9 17 35 31 37 24 3 0 7 16 6 32 36 30 23 34 11 8 13 
0 26
1 10
2 8
3 25
4 15
5 5
6 29
7 27
8 36
9 19
10 14
11 35
12 18
13 37
14 6
15 3
16 28
17 20
18 16
19 11
20 1
21 9
22 17
23 33
24 24
25 0
26 2
27 7
28 13
29 12
30 32
31 22
32 30
33 4
34 34
35 21
36 31
37 23
SIMILAR

21 13 26 20 22 33 5 10 19 8 32 0 34 11 9 27 24 16 35 28 7 4 1 3 17 30 29 25 6 37 36 31 12 23 18 14 2 15 
0 11
1 22
2 36
3 23
4 21
5 6
6 28
7 20
8 9
9 14
10 7
11 13
12 32
13 1
14 35
15 37
16 17
17 24
18 34
19 8
20 3
21 0
22 4
23 33
24 16
25 27
26 2
27 15
28 19
29 26
30 25
31 31
32 10
33 5
34 12
35 18
36 30
37 29
SIMILAR

12 22 6 37 32 16 0 3 17 4 7 34 24 28 11 2 1 21 9 15 20 26 31 13 25 14 23 36 5 19 33 35 30 27 18 10 29 8 
0 6
1 16
2 15
3 7
4 9
5 28
6 2
7 10
8 37
9 18
10 35
11 14
12 0
13 23
14 25
15 19
16 5
17 8
18 34
19 29
20 20
21 17
22 1
23 26
24 12
25 24
26 21
27 33
28 13
29 36
30 32
31 22
32 4
33 30
34 11
35 31
36 27
37 3
SIMILAR

11 26 8 21 27 4 28 25 14 15 3 10 2 35 37 0 36 7 9 18 1 5 12 17 24 19 31 16 29 30 20 23 22 34 33 13 6 32 
0 15
1 20
2 12
3 10
4 5
5 21
6 36
7 17
8 2
9 18
10 11
11 0
12 22
13 35
14 8
15 9
16 27
17 23
18 19
19 25
20 30
21 3
22 32
23 31
24 24
25 7
26 1
27 4
28 6
29 28
30 29
31 26
32 37
33 34
34 33
35 13
36 16
37 14
SIMILAR

32 30 36 12 27 4 25 0 3 23 24 13 17 20 6 35 28 26 10 7 11 16 8 19 2 33 21 14 1 22 9 5 31 15 37 34 29 18 
0 7
1 28
2 24
3 8
4 5
5 31
6 14
7 19
8 22
9 30
10 18
11 20
12 3
13 11
14 27
15 33
16 21
17 12
18 37
19 23
20 13
21 26
22 29
23 9
24 10
25 6
26 17
27 4
28 16
29 36
30 1
31 32
32 0
33 25
34 35
35 15
36 2
37 34
SIMILAR

14 30 34 19 13 8 17 18 28 3 35 6 32 1 0 36 29 5 11 10 12 24 16 4 31 15 33 25 21 2 22 7 20 27 9 26 23 37 
0 14
1 13
2 29
3 9
4 23
5 17
6 11
7 31
8 5
9 34
10 19
11 18
12 20
13 4
14 0
15 25
16 22
17 6
18 7
19 3
20 32
21 28
22 30
23 36
24 21
25 27
26 35
27 33
28 8
29 16
30 1
31 24
32 12
33 26
34 2
35 10
36 15
37 37
SIMILAR

12 35 15 3 13 24 26 1 9 0 27 22 5 37 28 20 14 30 10 25 18 31 29 7 34 6 4 36 32 33 17 11 8 2 23 16 19 21 
0 9
1 7
2 33
3 3
4 26
5 12
6 25
7 23
8 32
9 8
10 18
11 31
12 0
13 4
14 16
15 2
16 35
17 30
18 20
19 36
20 15
21 37
22 11
23 34
24 5
25 19
26 6
27 10
28 14
29 22
30 17
31 21
32 28
33 29
34 24
35 1
36 27
37 13
SIMILAR

30 4 11 23 10 35 32 3 9 0 18 14 28 36 20 1 27 29 5 22 8 15 2 26 17 25 16 13 34 37 33 19 12 7 31 24 21 6 
0 9
1 15
2 22
3 7
4 1
5 18
6 37
7 33
8 20
9 8
10 4
11 2
12 32
13 27
14 11
15 21
16 26
17 24
18 10
19 31
20 14
21 36
22 19
23 3
24 35
25 25
26 23
27 16
28 12
29 17
30 0
31 34
32 6
33 30
34 28
35 5
36 13
37 29
SIMILAR

29 13 7 10 2 4 32 25 9 5 31 1 36 14 37 35 24 21 23 20 11 33 18 19 30 3 28 6 17 15 34 0 16 27 22 26 8 12 
0 31
1 11
2 4
3 25
4 5
5 9
6 27
7 2
8 36
9 8
10 3
11 20
12 37
13 1
14 13
15 29
16 32
17 28
18 22
19 23
20 19
21 17
22 34
23 18
24 16
25 7
26 35
27 33
28 26
29 0
30 24
31 10
32 6
33 21
34 30
35 15
36 12
37 14
SIMILAR

18 8 33 29 23 4 34 36 6 22 2 5 20 21 28 13 10 25 12 37 11 17 7 27 24 26 32 3 1 9 16 19 14 35 30 0 15 31 
0 35
1 28
2 10
3 27
4 5
5 11
6 8
7 22
8 1
9 29
10 16
11 20
12 18
13 15
14 32
15 36
16 30
17 21
18 0
19 31
20 12
21 13
22 9
23 4
24 24
25 17
26 25
27 23
28 14
29 3
30 34
31 37
32 26
33 2
34 6
35 33
36 7
37 19
SIMILAR

28 18 16 22 36 31 10 37 6 4 30 32 1 5 8 26 21 27 15 24 34 25 11 12 2 7 14 0 35 13 19 33 23 9 17 3 20 29 
0 27
1 12
2 24
3 35
4 9
5 13
6 8
7 25
8 14
9 33
10 6
11 22
12 23
13 29
14 26
15 18
16 2
17 34
18 1
19 30
20 36
21 16
22 3
23 32
24 19
25 21
26 15
27 17
28 0
29 37
30 10
31 5
32 11
33 31
34 20
35 28
36 4
37 7
SIMILAR

19 31 2 32 34 13 20 22 14 7 12 3 30 35 21 33 9 15 10 0 6 29 26 24 23 27 5 8 16 25 37 11 1 36 18 4 17 28 
0 19
1 32
2 2
3 11
4 35
5 26
6 20
7 9
8 27
9 16
10 18
11 31
12 10
13 5
14 8
15 17
16 28
17 36
18 34
19 0
20 6
21 14
22 7
23 24
24 23
25 29
26 22
27 25
28 37
29 21
30 12
31 1
32 3
33 15
34 4
35 13
36 33
37 30
SIMILAR

0 12 25 37 2 1 32 27 9 7 36 30 34 24 5 18 13 26 22 31 17 21 10 33 15 6 3 28 20 16 29 8 23 14 11 35 19 4 
0 0
1 5
2 4
3 26
4 37
5 14
6 25
7 9
8 31
9 8
10 22
11 34
12 1
13 16
14 33
15 24
16 29
17 20
18 15
19 36
20 28
21 21
22 18
23 32
24 13
25 2
26 17
27 7
28 27
29 30
30 11
31 19
32 6
33 23
34 12
35 35
36 10
37 3
SIMILAR

10 25 29 4 34 13 8 30 37 6 18 19 21 1 26 17 5 2 27 24 32 9 0 22 14 12 35 31 36 3 7 33 20 11 16 28 23 15 
0 22
1 13
2 17
3 29
4 3
5 16
6 9
7 30
8 6
9 21
10 0
11 33
12 25
13 5
14 24
15 37
16 34
17 15
18 10
19 11
20 32
21 12
22 23
23 36
24 19
25 1
26 14
27 18
28 35
29 2
30 7
31 27
32 20
33 31
34 4
35 26
36 28
37 8
SIMILAR

10 25 0 1 16 9 36 24 7 28 32 29 5 20 3 6 23 30 35 18 31 11 2 33 26 27 34 8 14 22 4 15 21 13 37 19 12 17 
0 2
1 3
2 22
3 14
4 30
5 12
6 15
7 8
8 27
9 5
10 0
11 21
12 36
13 33
14 28
15 31
16 4
17 37
18 19
19 35
20 13
21 32
22 29
23 16
24 7
25 1
26 24
27 25
28 9
29 11
30 17
31 20
32 10
33 23
34 26
35 18
36 6
37 34
SIMILAR

12 18 22 34 27 9 28 33 14 4 10 3 32 8 5 21 19 0 16 29 35 2 30 6 11 24 26 36 17 7 25 1 13 23 20 15 37 31 
0 17
1 31
2 21
3 11
4 9
5 14
6 23
7 29
8 13
9 5
10 10
11 24
12 0
13 32
14 8
15 35
16 18
17 28
18 1
19 16
20 34
21 15
22 2
23 33
24 25
25 30
26 26
27 4
28 6
29 19
30 22
31 37
32 12
33 7
34 3
35 20
36 27
37 36
SIMILAR

21 27 12 30 6 14 4 23 35 37 7 28 18 31 8 5 0 16 34 29 15 10 26 20 17 19 36 33 11 2 13 32 22 24 3 9 25 1 
0 16
1 37
2 29
3 34
4 6
5 15
6 4
7 10
8 14
9 35
10 21
11 28
12 2
13 30
14 5
15 20
16 17
17 24
18 12
19 25
20 23
21 0
22 32
23 7
24 33
25 36
26 22
27 1
28 11
29 19
30 3
31 13
32 31
33 27
34 18
35 8
36 26
37 9
SIMILAR

16 34 15 24 10 27 22 17 29 25 3 30 23 35 4 9 6 0 37 8 7 2 36 26 31 14 1 28 18 11 32 13 12 19 5 20 33 21 
0 17
1 26
2 21
3 10
4 14
5 34
6 16
7 20
8 19
9 15
10 4
11 29
12 32
13 31
14 25
15 2
16 0
17 7
18 28
19 33
20 35
21 37
22 6
23 12
24 3
25 9
26 23
27 5
28 27
29 8
30 11
31 24
32 30
33 36
34 1
35 13
36 22
37 18
SIMILAR

3 16 23 21 1 26 17 0 34 18 4 36 32 19 25 29 8 28 9 20 2 5 15 31 11 7 33 27 14 6 13 37 10 12 22 24 30 35 
0 7
1 4
2 20
3 0
4 10
5 21
6 29
7 25
8 16
9 18
10 32
11 24
12 33
13 30
14 28
15 22
16 1
17 6
18 9
19 13
20 19
21 3
22 34
23 2
24 35
25 14
26 5
27 27
28 17
29 15
30 36
31 23
32 12
33 26
34 8
35 37
36 11
37 31
SIMILAR

31 27 28 35 15 32 36 25 21 1 2 29 26 8 0 18 30 34 4 23 6 17 5 24 14 12 19 10 22 20 7 16 11 37 13 3 33 9 
0 14
1 9
2 10
3 35
4 18
5 22
6 20
7 30
8 13
9 37
10 27
11 32
12 25
13 34
14 24
15 4
16 31
17 21
18 15
19 26
20 29
21 8
22 28
23 19
24 23
25 7
26 12
27 1
28 2
29 11
30 16
31 0
32 5
33 36
34 17
35 3
36 6
37 33
SIMILAR

22 7 17 25 26 14 29 1 35 33 28 21 18 11 32 16 24 36 19 2 4 34 5 31 6 10 23 12 27 13 30 3 0 9 8 15 20 37 
0 32
1 7
2 19
3 31
4 20
5 22
6 24
7 1
8 34
9 33
10 25
11 13
12 27
13 29
14 5
15 35
16 15
17 2
18 12
19 18
20 36
21 11
22 0
23 26
24 16
25 3
26 4
27 28
28 10
29 6
30 30
31 23
32 14
33 9
34 21
35 8
36 17
37 37
SIMILAR

0 22 3 13 33 24 32 19 1 17 28 14 36 34 37 31 6 8 18 4 20 35 23 12 7 5 25 16 27 2 30 10 29 15 11 9 26 21 
0 0
1 8
2 29
3 2
4 19
5 25
6 16
7 24
8 17
9 35
10 31
11 34
12 23
13 3
14 11
15 33
16 27
17 9
18 18
19 7
20 20
21 37
22 1
23 22
24 5
25 26
26 36
27 28
28 10
29 32
30 30
31 15
32 6
33 4
34 13
35 21
36 12
37 14
SIMILAR

27 13 8 12 11 24 6 5 19 36 14 37 33 29 34 23 2 17 0 1 32 16 31 20 28 18 25 35 7 21 3 15 22 9 10 26 30 4 
0 18
1 19
2 16
3 30
4 37
5 7
6 6
7 28
8 2
9 33
10 34
11 4
12 3
13 1
14 10
15 31
16 21
17 17
18 25
19 8
20 23
21 29
22 32
23 15
24 5
25 26
26 35
27 0
28 24
29 13
30 36
31 22
32 20
33 12
34 14
35 27
36 9
37 11
SIMILAR

10 9 26 22 27 11 23 37 33 18 20 5 29 7 4 15 17 28 8 6 32 3 1 16 36 12 35 30 24 14 25 34 0 31 19 2 21 13 
0 32
1 22
2 35
3 21
4 14
5 11
6 19
7 13
8 18
9 1
10 0
11 5
12 25
13 37
14 29
15 15
16 23
17 16
18 9
19 34
20 10
21 36
22 3
23 6
24 28
25 30
26 2
27 4
28 17
29 12
30 27
31 33
32 20
33 8
34 31
35 26
36 24
37 7
SIMILAR

8 27 15 10 33 19 26 20 23 22 13 16 1 21 29 30 6 25 36 32 7 14 4 9 3 11 12 5 18 28 34 17 31 2 24 0 37 35 
0 35
1 12
2 33
3 24
4 22
5 27
6 16
7 20
8 0
9 23
10 3
11 25
12 26
13 10
14 21
15 2
16 11
17 31
18 28
19 5
20 7
21 13
22 9
23 8
24 34
25 17
26 6
27 1
28 29
29 14
30 15
31 32
32 19
33 4
34 30
35 37
36 18
37 36
SIMILAR

19 33 14 17 5 32 6 37 24 13 22 27 30 18 15 3 2 21 11 7 16 20 9 25 34 28 1 4 23 8 29 26 0 35 31 12 36 10 
0 32
1 26
2 16
3 15
4 27
5 4
6 6
7 19
8 29
9 22
10 37
11 18
12 35
13 9
14 2
15 14
16 20
17 3
18 13
19 0
20 21
21 17
22 10
23 28
24 8
25 23
26 31
27 11
28 25
29 30
30 12
31 34
32 5
33 1
34 24
35 33
36 36
37 7
SIMILAR

9 30 10 18 13 35 34 4 24 16 31 12 36 21 15 22 0 32 33 5 23 17 26 25 20 27 6 29 37 7 11 1 8 3 28 19 14 2 
0 16
1 31
2 37
3 33
4 7
5 19
6 26
7 29
8 32
9 0
10 2
11 30
12 11
13 4
14 36
15 14
16 9
17 21
18 3
19 35
20 24
21 13
22 15
23 20
24 8
25 23
26 22
27 25
28 34
29 27
30 1
31 10
32 17
33 18
34 6
35 5
36 12
37 28
SIMILAR

15 9 20 17 13 6 11 14 2 32 26 31 4 27 25 19 33 23 0 30 21 7 16 18 29 37 35 3 1 8 24 34 5 12 36 28 22 10 
0 18
1 28
2 8
3 27
4 12
5 32
6 5
7 21
8 29
9 1
10 37
11 6
12 33
13 4
14 7
15 0
16 22
17 3
18 23
19 15
20 2
21 20
22 36
23 17
24 30
25 14
26 10
27 13
28 35
29 24
30 19
31 11
32 9
33 16
34 31
35 26
36 34
37 25
SIMILAR

24 19 18 32 10 34 20 2 5 11 31 29 27 12 13 4 8 0 26 25 16 22 28 36 15 17 7 6 14 9 23 37 33 30 21 35 1 3 
0 17
1 36
2 7
3 37
4 15
5 8
6 27
7 26
8 16
9 29
10 4
11 9
12 13
13 14
14 28
15 24
16 20
17 25
18 2
19 1
20 6
21 34
22 21
23 30
24 0
25 19
26 18
27 12
28 22
29 11
30 33
31 10
32 3
33 32
34 5
35 35
36 23
37 31
SIMILAR

2 11 20 6 31 35 19 16 8 27 24 18 23 12 7 22 37 32 5 29 28 17 13 9 21 25 36 4 34 1 14 26 3 15 0 33 10 30 
0 34
1 29
2 0
3 32
4 27
5 18
6 3
7 14
8 8
9 23
10 36
11 1
12 13
13 22
14 30
15 33
16 7
17 21
18 11
19 6
20 2
21 24
22 15
23 12
24 10
25 25
26 31
27 9
28 20
29 19
30 37
31 4
32 17
33 35
34 28
35 5
36 26
37 16
SIMILAR

27 32 13 8 0 1 4 35 11 17 37 14 12 18 31 26 19 5 24 29 22 3 20 23 16 2 21 25 10 30 9 15 28 6 33 34 36 7 
0 4
1 5
2 25
3 21
4 6
5 17
6 33
7 37
8 3
9 30
10 28
11 8
12 12
13 2
14 11
15 31
16 24
17 9
18 13
19 16
20 22
21 26
22 20
23 23
24 18
25 27
26 15
27 0
28 32
29 19
30 29
31 14
32 1
33 34
34 35
35 7
36 36
37 10
SIMILAR

25 13 30 2 1 11 8 33 24 10 29 37 9 12 16 20 32 3 21 15 23 17 26 27 7 5 31 6 4 14 19 28 18 0 34 22 36 35 
0 33
1 4
2 3
3 17
4 28
5 25
6 27
7 24
8 6
9 12
10 9
11 5
12 13
13 1
14 29
15 19
16 14
17 21
18 32
19 30
20 15
21 18
22 35
23 20
24 8
25 0
26 22
27 23
28 31
29 10
30 2
31 26
32 16
33 7
34 34
35 37
36 36
37 11
SIMILAR

14 7 4 29 34 12 9 18 17 31 5 33 15 23 24 6 27 1 37 32 8 25 2 22 21 19 26 11 3 20 36 16 13 30 28 35 10 0 
0 37
1 17
2 22
3 28
4 2
5 10
6 15
7 1
8 20
9 6
10 36
11 27
12 5
13 32
14 0
15 12
16 31
17 8
18 7
19 25
20 29
21 24
22 23
23 13
24 14
25 21
26 26
27 16
28 34
29 3
30 33
31 9
32 19
33 11
34 4
35 35
36 30
37 18
SIMILAR

33 0 5 26 25 15 18 2 23 16 27 8 20 34 19 37 22 3 14 1 31 10 36 4 30 28 11 13 12 29 32 9 24 7 6 21 17 35 
0 1
1 19
2 7
3 17
4 23
5 2
6 34
7 33
8 11
9 31
10 21
11 26
12 28
13 27
14 18
15 5
16 9
17 36
18 6
19 14
20 12
21 35
22 16
23 8
24 32
25 4
26 3
27 10
28 25
29 29
30 24
31 20
32 30
33 0
34 13
35 37
36 22
37 15
SIMILAR

30 27 1 20 13 23 37 3 26 28 16 34 6 21 25 2 5 4 12 14 22 15 9 33 31 11 0 24 7 32 10 18 17 29 35 19 36 8 
0 26
1 2
2 15
3 7
4 17
5 16
6 12
7 28
8 37
9 22
10 30
11 25
12 18
13 4
14 19
15 21
16 10
17 32
18 31
19 35
20 3
21 13
22 20
23 5
24 27
25 14
26 8
27 1
28 9
29 33
30 0
31 24
32 29
33 23
34 11
35 34
36 36
37 6
SIMILAR

0 2 4 15 5 9 35 34 20 30 8 10 22 18 25 28 12 6 17 19 27 33 14 26 36 3 31 24 11 29 23 13 16 1 7 21 32 37 
0 0
1 33
2 1
3 25
4 2
5 4
6 17
7 34
8 10
9 5
10 11
11 28
12 16
13 31
14 22
15 3
16 32
17 18
18 13
19 19
20 8
21 35
22 12
23 30
24 27
25 14
26 23
27 20
28 15
29 29
30 9
31 26
32 36
33 21
34 7
35 6
36 24
37 37
SIMILAR

21 35 4 1 0 18 34 30 12 14 8 19 27 26 28 5 6 13 17 29 25 7 36 10 23 20 9 15 2 22 32 24 37 33 31 16 3 11 
0 4
1 3
2 28
3 36
4 2
5 15
6 16
7 21
8 10
9 26
10 23
11 37
12 8
13 17
14 9
15 27
16 35
17 18
18 5
19 11
20 25
21 0
22 29
23 24
24 31
25 20
26 13
27 12
28 14
29 19
30 7
31 34
32 30
33 33
34 6
35 1
36 22
37 32
SIMILAR

18 13 37 32 26 7 20 29 30 9 35 3 23 2 14 36 15 28 22 27 19 33 34 31 17 21 4 12 16 24 1 11 6 5 0 25 8 10 
0 34
1 30
2 13
3 11
4 26
5 33
6 32
7 5
8 36
9 9
10 37
11 31
12 27
13 1
14 14
15 16
16 28
17 24
18 0
19 20
20 6
21 25
22 18
23 12
24 29
25 35
26 4
27 19
28 17
29 7
30 8
31 23
32 3
33 21
34 22
35 10
36 15
37 2
SIMILAR
100 0
7100 0
347100 0
