24
0 0 0 1 1 1 0 1 0 1 0 0 1 1 1 0 1 0 0 1 0 1 0 1 
0 0 1 0 1 1 1 0 1 1 1 1 1 1 0 0 1 1 0 1 1 0 0 1 
0 1 0 1 1 1 0 0 1 0 1 1 1 1 0 0 1 1 1 0 1 0 0 1 
1 0 1 0 0 1 0 1 0 0 0 1 1 0 1 1 1 0 1 0 1 1 0 1 
1 1 1 0 0 0 0 1 1 0 1 1 0 1 0 1 0 1 1 1 0 0 0 1 
1 1 1 1 0 0 0 1 0 1 0 0 0 0 1 1 1 0 0 0 0 0 0 0 
0 1 0 0 0 0 0 0 0 0 1 1 1 0 0 1 1 1 1 0 1 1 0 1 
1 0 0 1 1 1 0 0 1 1 0 1 0 1 1 1 1 1 1 0 1 1 0 0 
0 1 1 0 1 0 0 1 0 1 1 1 1 1 1 1 0 0 1 1 0 0 1 1 
1 1 0 0 0 1 0 1 1 0 0 0 0 0 1 0 1 0 0 1 1 0 1 0 
0 1 1 0 1 0 1 0 1 0 0 0 1 0 0 1 0 1 0 1 0 1 1 0 
0 1 1 1 1 0 1 1 1 0 0 0 1 0 1 1 0 0 0 1 0 0 0 1 
1 1 1 1 0 0 1 0 1 0 1 1 0 0 1 1 0 1 1 0 1 1 0 1 
1 1 1 0 1 0 0 1 1 0 0 0 0 0 0 0 1 1 0 0 1 0 0 0 
1 0 0 1 0 1 0 1 1 1 0 1 1 0 0 0 0 1 1 0 1 0 0 0 
0 0 0 1 1 1 1 1 1 0 1 1 1 0 0 0 1 0 1 0 1 1 0 0 
1 1 1 1 0 1 1 1 0 1 0 0 0 1 0 1 0 0 0 1 1 0 1 1 
0 1 1 0 1 0 1 1 0 0 1 0 1 1 1 0 0 0 0 1 0 0 1 1 
0 0 1 1 1 0 1 1 1 0 0 0 1 0 1 1 0 0 0 1 0 0 1 1 
1 1 0 0 1 0 0 0 1 1 1 1 0 0 0 0 1 1 1 0 1 1 1 0 
0 1 1 1 0 0 1 1 0 1 0 0 1 1 1 1 1 0 0 1 0 0 1 0 
1 0 0 1 0 0 1 1 0 0 1 0 1 0 0 1 0 0 0 1 0 0 1 0 
0 0 0 0 0 0 0 0 1 1 1 0 0 0 0 0 1 1 1 1 1 1 0 0 
1 1 1 1 1 0 1 0 1 0 0 1 1 0 0 0 1 1 1 0 0 0 0 0 

21 3 23 16 18 5 20 0 10 22 7 8 4 6 12 11 13 19 1 14 9 17 15 2 
0 7
1 18
2 23
3 1
4 12
5 5
6 13
7 10
8 11
9 20
10 8
11 15
12 14
13 16
14 19
15 22
16 3
17 21
18 4
19 17
20 6
21 0
22 9
23 2
SIMILAR

8 1 0 3 10 17 14 20 16 18 4 7 9 22 5 15 13 21 19 6 23 2 11 12 
0 2
1 1
2 21
3 3
4 10
5 14
6 19
7 11
8 0
9 12
10 4
11 22
12 23
13 16
14 6
15 15
16 8
17 5
18 9
19 18
20 7
21 17
22 13
23 20
SIMILAR

15 11 17 9 19 0 23 22 18 14 20 10 21 5 13 12 7 2 16 1 4 6 3 8 
0 5
1 19
2 17
3 22
4 20
5 13
6 21
7 16
8 23
9 3
10 11
11 1
12 15
13 14
14 9
15 0
16 18
17 2
18 8
19 4
20 10
21 12
22 7
23 6
SIMILAR

7 8 13 0 20 17 22 18 5 16 1 12 6 2 23 19 4 10 9 15 14 21 3 11 
0 3
1 10
2 13
3 22
4 16
5 8
6 12
7 0
8 1
9 18
10 17
11 23
12 11
13 2
14 20
15 19
16 9
17 5
18 7
19 15
20 4
21 21
22 6
23 14
SIMILAR

22 9 11 19 23 15 17 18 0 5 6 21 3 14 2 20 7 10 8 13 4 12 16 1 
0 8
1 23
2 14
3 12
4 20
5 9
6 10
7 16
8 18
9 1
10 17
11 2
12 21
13 19
14 13
15 5
16 22
17 6
18 7
19 3
20 15
21 11
22 0
23 4
SIMILAR

16 10 20 22 13 15 23 1 2 18 12 5 9 0 21 8 17 11 4 6 14 19 3 7 
0 13
1 7
2 8
3 22
4 18
5 11
6 19
7 23
8 15
9 12
10 1
11 17
12 10
13 4
14 20
15 5
16 0
17 16
18 9
19 21
20 2
21 14
22 3
23 6
SIMILAR

15 9 14 4 10 5 0 13 11 17 2 20 18 7 12 3 16 21 23 6 19 22 8 1 
0 6
1 23
2 10
3 15
4 3
5 5
6 19
7 13
8 22
9 1
10 4
11 8
12 14
13 7
14 2
15 0
16 16
17 9
18 12
19 20
20 11
21 17
22 21
23 18
SIMILAR

16 13 17 10 15 1 5 4 8 20 3 7 12 14 11 6 22 19 9 18 0 2 23 21 
0 20
1 5
2 21
3 10
4 7
5 6
6 15
7 11
8 8
9 18
10 3
11 14
12 12
13 1
14 13
15 4
16 0
17 2
18 19
19 17
20 9
21 23
22 16
23 22
SIMILAR

3 14 21 5 13 8 19 15 22 1 10 9 2 16 0 11 18 6 4 23 17 7 20 12 
0 14
1 9
2 12
3 0
4 18
5 3
6 17
7 21
8 5
9 11
10 10
11 15
12 23
13 4
14 1
15 7
16 13
17 20
18 16
19 6
20 22
21 2
22 8
23 19
SIMILAR

14 0 7 16 5 10 21 18 8 4 23 2 6 17 9 12 15 19 11 22 20 13 3 1 
0 1
1 23
2 11
3 22
4 9
5 4
6 12
7 2
8 8
9 14
10 5
11 18
12 15
13 21
14 0
15 16
16 3
17 13
18 7
19 17
20 20
21 6
22 19
23 10
SIMILAR

12 5 3 10 1 18 4 7 22 23 8 0 20 14 13 6 11 16 2 9 17 21 19 15 
0 11
1 4
2 18
3 2
4 6
5 1
6 15
7 7
8 10
9 19
10 3
11 16
12 0
13 14
14 13
15 23
16 17
17 20
18 5
19 22
20 12
21 21
22 8
23 9
SIMILAR

12 2 1 9 7 19 18 13 14 16 8 11 0 21 4 6 5 17 22 3 23 10 15 20 
0 12
1 2
2 1
3 19
4 14
5 16
6 15
7 4
8 10
9 3
10 21
11 11
12 0
13 7
14 8
15 22
16 9
17 17
18 6
19 5
20 23
21 13
22 18
23 20
SIMILAR

22 8 12 23 15 3 20 17 18 4 9 0 13 7 16 5 10 21 11 1 6 2 14 19 
0 11
1 19
2 21
3 5
4 9
5 15
6 20
7 13
8 1
9 10
10 16
11 18
12 2
13 12
14 22
15 4
16 14
17 7
18 8
19 23
20 6
21 17
22 0
23 3
SIMILAR

16 2 4 0 10 5 23 21 14 15 11 18 1 3 17 20 22 9 6 8 12 19 13 7 
0 3
1 12
2 1
3 13
4 2
5 5
6 18
7 23
8 19
9 17
10 4
11 10
12 20
13 22
14 8
15 9
16 0
17 14
18 11
19 21
20 15
21 7
22 16
23 6
SIMILAR

20 12 11 2 17 19 7 4 1 0 10 6 3 14 5 16 13 22 18 15 21 23 8 9 
0 9
1 8
2 3
3 12
4 7
5 14
6 11
7 6
8 22
9 23
10 10
11 2
12 1
13 16
14 13
15 19
16 15
17 4
18 18
19 5
20 0
21 20
22 17
23 21
SIMILAR

21 17 1 13 5 22 12 11 20 9 6 10 16 18 4 7 23 15 14 3 8 0 2 19 
0 21
1 2
2 22
3 19
4 14
5 4
6 10
7 15
8 20
9 9
10 11
11 7
12 6
13 3
14 18
15 17
16 12
17 1
18 13
19 23
20 8
21 0
22 5
23 16
SIMILAR

21 14 4 16 22 17 11 20 7 18 23 6 0 8 9 3 1 12 19 10 15 13 5 2 
0 12
1 16
2 23
3 15
4 2
5 22
6 11
7 8
8 13
9 14
10 19
11 6
12 17
13 21
14 1
15 20
16 3
17 5
18 9
19 18
20 7
21 0
22 4
23 10
SIMILAR

17 15 13 16 0 20 9 21 3 2 6 22 1 5 12 10 19 11 7 14 4 18 23 8 
0 4
1 12
2 9
3 8
4 20
5 13
6 10
7 18
8 23
9 6
10 15
11 17
12 14
13 2
14 19
15 1
16 3
17 0
18 21
19 16
20 5
21 7
22 11
23 22
SIMILAR

11 0 17 2 23 14 21 13 16 20 4 6 18 10 9 12 15 8 22 5 7 1 3 19 
0 1
1 21
2 3
3 22
4 10
5 19
6 11
7 20
8 17
9 14
10 13
11 0
12 15
13 7
14 5
15 16
16 8
17 2
18 12
19 23
20 9
21 6
22 18
23 4
SIMILAR

13 12 22 19 6 5 4 8 9 10 18 16 15 21 20 14 7 17 11 0 1 2 23 3 
0 19
1 20
2 21
3 23
4 6
5 5
6 4
7 16
8 7
9 8
10 9
11 18
12 1
13 0
14 15
15 12
16 11
17 17
18 10
19 3
20 14
21 13
22 2
23 22
SIMILAR

22 15 18 17 0 19 20 2 13 21 8 9 10 4 6 7 5 11 1 23 3 16 14 12 
0 4
1 18
2 7
3 20
4 13
5 16
6 14
7 15
8 10
9 11
10 12
11 17
12 23
13 8
14 22
15 1
16 21
17 3
18 2
19 5
20 6
21 9
22 0
23 19
SIMILAR

20 15 5 22 0 6 11 19 3 4 2 18 7 13 8 1 23 17 10 14 9 21 12 16 
0 4
1 15
2 10
3 8
4 9
5 2
6 5
7 12
8 14
9 20
10 18
11 6
12 22
13 13
14 19
15 1
16 23
17 17
18 11
19 7
20 0
21 21
22 3
23 16
SIMILAR

9 6 7 11 14 17 19 2 18 12 16 22 13 3 4 23 0 21 20 10 8 15 1 5 
0 16
1 22
2 7
3 13
4 14
5 23
6 1
7 2
8 20
9 0
10 19
11 3
12 9
13 12
14 4
15 21
16 10
17 5
18 8
19 6
20 18
21 17
22 11
23 15
SIMILAR

4 9 19 5 7 0 18 1 21 6 13 3 23 22 8 14 10 15 11 20 17 16 2 12 
0 5
1 7
2 22
3 11
4 0
5 3
6 9
7 4
8 14
9 1
10 16
11 18
12 23
13 10
14 15
15 17
16 21
17 20
18 6
19 2
20 19
21 8
22 13
23 12
SIMILAR

21 11 16 23 19 6 18 10 14 7 0 9 15 22 17 20 8 4 1 3 12 2 5 13 
0 10
1 18
2 21
3 19
4 17
5 22
6 5
7 9
8 16
9 11
10 7
11 1
12 20
13 23
14 8
15 12
16 2
17 14
18 6
19 4
20 15
21 0
22 13
23 3
SIMILAR

14 8 9 18 1 3 16 20 2 4 23 10 19 0 7 17 22 5 15 21 11 12 13 6 
0 13
1 4
2 8
3 5
4 9
5 17
6 23
7 14
8 1
9 2
10 11
11 20
12 21
13 22
14 0
15 18
16 6
17 15
18 3
19 12
20 7
21 19
22 16
23 10
SIMILAR

12 9 15 11 14 6 4 20 23 7 17 13 16 3 18 22 5 19 0 21 8 2 10 1 
0 18
1 23
2 21
3 13
4 6
5 16
6 5
7 9
8 20
9 1
10 22
11 3
12 0
13 11
14 4
15 2
16 12
17 10
18 14
19 17
20 7
21 19
22 15
23 8
SIMILAR

12 3 19 6 8 4 10 1 5 7 20 21 15 2 13 0 23 11 17 9 22 18 14 16 
0 15
1 7
2 13
3 1
4 5
5 8
6 3
7 9
8 4
9 19
10 6
11 17
12 0
13 14
14 22
15 12
16 23
17 18
18 21
19 2
20 10
21 11
22 20
23 16
SIMILAR

11 2 0 1 7 14 9 15 3 6 13 16 17 23 20 19 10 21 18 12 5 4 22 8 
0 2
1 3
2 1
3 8
4 21
5 20
6 9
7 4
8 23
9 6
10 16
11 0
12 19
13 10
14 5
15 7
16 11
17 12
18 18
19 15
20 14
21 17
22 22
23 13
SIMILAR

5 10 16 19 4 22 14 20 7 6 1 21 17 11 3 23 9 18 0 15 12 8 2 13 
0 18
1 10
2 22
3 14
4 4
5 0
6 9
7 8
8 21
9 16
10 1
11 13
12 20
13 23
14 6
15 19
16 2
17 12
18 17
19 3
20 7
21 11
22 5
23 15
SIMILAR

5 8 1 19 15 18 6 3 0 21 16 13 12 7 20 10 23 22 4 2 17 11 9 14 
0 8
1 2
2 19
3 7
4 18
5 0
6 6
7 13
8 1
9 22
10 15
11 21
12 12
13 11
14 23
15 4
16 10
17 20
18 5
19 3
20 14
21 9
22 17
23 16
SIMILAR

11 13 9 4 6 7 1 22 18 17 2 15 8 20 10 12 23 3 19 14 0 16 21 5 
0 20
1 6
2 10
3 17
4 3
5 23
6 4
7 5
8 12
9 2
10 14
11 0
12 15
13 1
14 19
15 11
16 21
17 9
18 8
19 18
20 13
21 22
22 7
23 16
SIMILAR

6 12 5 14 15 2 10 16 4 13 0 3 9 18 23 8 21 11 17 1 22 19 7 20 
0 10
1 19
2 5
3 11
4 8
5 2
6 0
7 22
8 15
9 12
10 6
11 17
12 1
13 9
14 3
15 4
16 7
17 18
18 13
19 21
20 23
21 16
22 20
23 14
SIMILAR

5 22 1 0 19 2 23 11 6 4 21 15 18 7 13 3 17 9 12 8 16 20 10 14 
0 3
1 2
2 5
3 15
4 9
5 0
6 8
7 13
8 19
9 17
10 22
11 7
12 18
13 14
14 23
15 11
16 20
17 16
18 12
19 4
20 21
21 10
22 1
23 6
SIMILAR

18 11 10 7 2 14 22 16 17 9 19 0 4 20 21 15 3 8 12 13 6 1 23 5 
0 11
1 21
2 4
3 16
4 12
5 23
6 20
7 3
8 17
9 9
10 2
11 1
12 18
13 19
14 5
15 15
16 7
17 8
18 0
19 10
20 13
21 14
22 6
23 22
SIMILAR

13 17 12 22 14 21 8 7 18 10 0 9 4 23 15 16 5 6 19 1 11 20 2 3 
0 10
1 19
2 22
3 23
4 12
5 16
6 17
7 7
8 6
9 11
10 9
11 20
12 2
13 0
14 4
15 14
16 15
17 1
18 8
19 18
20 21
21 5
22 3
23 13
SIMILAR

19 9 0 13 18 3 12 7 21 2 6 14 4 5 22 8 1 17 20 11 23 15 10 16 
0 2
1 16
2 9
3 5
4 12
5 13
6 10
7 7
8 15
9 1
10 22
11 19
12 6
13 3
14 11
15 21
16 23
17 17
18 4
19 0
20 18
21 8
22 14
23 20
SIMILAR

4 13 17 23 15 2 21 18 0 20 12 19 10 1 7 14 3 9 22 16 11 6 5 8 
0 8
1 13
2 5
3 16
4 0
5 22
6 21
7 14
8 23
9 17
10 12
11 20
12 10
13 1
14 15
15 4
16 19
17 2
18 7
19 11
20 9
21 6
22 18
23 3
SIMILAR

23 19 11 20 13 7 16 3 15 4 18 12 1 9 6 17 0 14 10 22 5 8 2 21 
0 16
1 12
2 22
3 7
4 9
5 20
6 14
7 5
8 21
9 13
10 18
11 2
12 11
13 4
14 17
15 8
16 6
17 15
18 10
19 1
20 3
21 23
22 19
23 0
SIMILAR

21 8 9 12 15 20 4 1 5 0 2 19 17 14 11 6 10 3 13 18 7 16 22 23 
0 9
1 7
2 10
3 17
4 6
5 8
6 15
7 20
8 1
9 2
10 16
11 14
12 3
13 18
14 13
15 4
16 21
17 12
18 19
19 11
20 5
21 0
22 22
23 23
SIMILAR

13 20 12 21 2 0 16 18 8 22 9 11 5 10 17 15 14 4 19 3 1 6 7 23 
0 5
1 20
2 4
3 19
4 17
5 12
6 21
7 22
8 8
9 10
10 13
11 11
12 2
13 0
14 16
15 15
16 6
17 14
18 7
19 18
20 1
21 3
22 9
23 23
SIMILAR

12 1 21 14 18 22 20 16 11 15 13 3 23 6 2 4 7 8 5 10 17 9 0 19 
0 22
1 1
2 14
3 11
4 15
5 18
6 13
7 16
8 17
9 21
10 19
11 8
12 0
13 10
14 3
15 9
16 7
17 20
18 4
19 23
20 6
21 2
22 5
23 12
SIMILAR

15 5 21 0 22 17 11 16 8 13 3 12 7 2 18 1 19 23 6 14 20 9 10 4 
0 3
1 15
2 13
3 10
4 23
5 1
6 18
7 12
8 8
9 21
10 22
11 6
12 11
13 9
14 19
15 0
16 7
17 5
18 14
19 16
20 20
21 2
22 4
23 17
SIMILAR

9 6 2 10 4 19 13 8 20 0 7 18 14 22 5 11 21 15 23 12 3 16 17 1 
0 9
1 23
2 2
3 20
4 4
5 14
6 1
7 10
8 7
9 0
10 3
11 15
12 19
13 6
14 12
15 17
16 21
17 22
18 11
19 5
20 8
21 16
22 13
23 18
SIMILAR

4 21 12 16 20 9 10 22 14 18 6 3 5 15 7 0 19 2 1 8 11 13 23 17 
0 15
1 18
2 17
3 11
4 0
5 12
6 10
7 14
8 19
9 5
10 6
11 20
12 2
13 21
14 8
15 13
16 3
17 23
18 9
19 16
20 4
21 1
22 7
23 22
SIMILAR

7 15 18 22 6 17 5 14 19 3 2 10 8 21 13 1 12 4 0 9 11 16 20 23 
0 18
1 15
2 10
3 9
4 17
5 6
6 4
7 0
8 12
9 19
10 11
11 20
12 16
13 14
14 7
15 1
16 21
17 5
18 2
19 8
20 22
21 13
22 3
23 23
SIMILAR

4 11 1 6 12 23 5 21 2 18 10 7 17 8 13 20 19 0 3 14 22 9 16 15 
0 17
1 2
2 8
3 18
4 0
5 6
6 3
7 11
8 13
9 21
10 10
11 1
12 4
13 14
14 19
15 23
16 22
17 12
18 9
19 16
20 15
21 7
22 20
23 5
SIMILAR

9 6 4 21 1 15 16 22 7 19 17 10 13 12 18 20 0 8 2 14 5 23 11 3 
0 16
1 4
2 18
3 23
4 2
5 20
6 1
7 8
8 17
9 0
10 11
11 22
12 13
13 12
14 19
15 5
16 6
17 10
18 14
19 9
20 15
21 3
22 7
23 21
SIMILAR

21 1 16 3 19 5 7 13 23 17 9 12 20 10 18 0 8 15 6 22 4 14 2 11 
0 15
1 1
2 22
3 3
4 20
5 5
6 18
7 6
8 16
9 10
10 13
11 23
12 11
13 7
14 21
15 17
16 2
17 9
18 14
19 4
20 12
21 0
22 19
23 8
SIMILAR

4 13 11 8 16 21 3 10 23 9 14 20 17 6 7 22 0 18 19 15 1 5 2 12 
0 16
1 20
2 22
3 6
4 0
5 21
6 13
7 14
8 3
9 9
10 7
11 2
12 23
13 1
14 10
15 19
16 4
17 12
18 17
19 18
20 11
21 5
22 15
23 8
SIMILAR

6 9 1 13 3 7 20 14 5 18 10 16 22 8 4 23 12 19 0 21 17 11 15 2 
0 18
1 2
2 23
3 4
4 14
5 8
6 0
7 5
8 13
9 1
10 10
11 21
12 16
13 3
14 7
15 22
16 11
17 20
18 9
19 17
20 6
21 19
22 12
23 15
SIMILAR

19 15 5 12 4 10 9 20 14 17 1 6 0 22 21 3 23 7 13 11 8 18 16 2 
0 12
1 10
2 23
3 15
4 4
5 2
6 11
7 17
8 20
9 6
10 5
11 19
12 3
13 18
14 8
15 1
16 22
17 9
18 21
19 0
20 7
21 14
22 13
23 16
SIMILAR

22 5 14 15 1 20 11 17 13 18 19 16 9 8 7 6 21 0 10 23 4 2 3 12 
0 17
1 4
2 21
3 22
4 20
5 1
6 15
7 14
8 13
9 12
10 18
11 6
12 23
13 8
14 2
15 3
16 11
17 7
18 9
19 10
20 5
21 16
22 0
23 19
SIMILAR

16 17 18 9 21 14 0 10 12 13 8 20 23 6 4 7 19 11 3 2 22 5 15 1 
0 6
1 23
2 19
3 18
4 14
5 21
6 13
7 15
8 10
9 3
10 7
11 17
12 8
13 9
14 5
15 22
16 0
17 1
18 2
19 16
20 11
21 4
22 20
23 12
SIMILAR

1 0 14 15 3 22 16 11 4 18 21 17 19 7 5 8 10 12 9 2 6 23 13 20 
0 1
1 0
2 19
3 4
4 8
5 14
6 20
7 13
8 15
9 18
10 16
11 7
12 17
13 22
14 2
15 3
16 6
17 11
18 9
19 12
20 23
21 10
22 5
23 21
SIMILAR

12 22 8 5 3 13 19 2 18 15 20 23 6 21 17 0 14 16 1 9 10 7 11 4 
0 15
1 18
2 7
3 4
4 23
5 3
6 12
7 21
8 2
9 19
10 20
11 22
12 0
13 5
14 16
15 9
16 17
17 14
18 8
19 6
20 10
21 13
22 1
23 11
SIMILAR

4 9 2 10 13 11 19 16 17 7 14 1 8 3 22 5 12 0 21 20 6 23 15 18 
0 17
1 11
2 2
3 13
4 0
5 15
6 20
7 9
8 12
9 1
10 3
11 5
12 16
13 4
14 10
15 22
16 7
17 8
18 23
19 6
20 19
21 18
22 14
23 21
SIMILAR

4 16 10 22 1 13 12 23 5 14 2 3 7 6 0 18 17 21 9 11 15 20 19 8 
0 14
1 4
2 10
3 11
4 0
5 8
6 13
7 12
8 23
9 18
10 2
11 19
12 6
13 5
14 9
15 20
16 1
17 16
18 15
19 22
20 21
21 17
22 3
23 7
SIMILAR

22 9 15 6 7 0 4 17 13 11 10 14 21 3 16 5 18 23 8 2 19 20 12 1 
0 5
1 23
2 19
3 13
4 6
5 15
6 3
7 4
8 18
9 1
10 10
11 9
12 22
13 8
14 11
15 2
16 14
17 7
18 16
19 20
20 21
21 12
22 0
23 17
SIMILAR

13 17 18 3 2 20 0 1 6 14 11 4 21 16 19 15 7 10 8 9 12 23 22 5 
0 6
1 7
2 4
3 3
4 11
5 23
6 8
7 16
8 18
9 19
10 17
11 10
12 20
13 0
14 9
15 15
16 13
17 1
18 2
19 14
20 5
21 12
22 22
23 21
SIMILAR

20 12 7 11 9 14 17 16 0 23 19 22 5 18 4 1 3 15 8 6 2 21 13 10 
0 8
1 15
2 20
3 16
4 14
5 12
6 19
7 2
8 18
9 4
10 23
11 3
12 1
13 22
14 5
15 17
16 7
17 6
18 13
19 10
20 0
21 21
22 11
23 9
SIMILAR

9 12 22 3 20 16 21 7 6 2 15 19 14 8 17 13 18 23 5 0 4 1 11 10 
0 19
1 21
2 9
3 3
4 20
5 18
6 8
7 7
8 13
9 0
10 23
11 22
12 1
13 15
14 12
15 10
16 5
17 14
18 16
19 11
20 4
21 6
22 2
23 17
SIMILAR

22 15 17 16 4 20 14 19 7 2 23 3 0 5 11 6 21 9 12 13 1 8 18 10 
0 12
1 20
2 9
3 11
4 4
5 13
6 15
7 8
8 21
9 17
10 23
11 14
12 18
13 19
14 6
15 1
16 3
17 2
18 22
19 7
20 5
21 16
22 0
23 10
SIMILAR

20 22 11 4 13 1 7 16 14 8 9 6 21 23 18 12 10 3 2 17 19 5 0 15 
0 22
1 5
2 18
3 17
4 3
5 21
6 11
7 6
8 9
9 10
10 16
11 2
12 15
13 4
14 8
15 23
16 7
17 19
18 14
19 20
20 0
21 12
22 1
23 13
SIMILAR

7 9 8 22 13 6 0 15 18 19 21 12 3 20 14 2 1 11 16 5 23 4 10 17 
0 6
1 16
2 15
3 12
4 21
5 19
6 5
7 0
8 2
9 1
10 22
11 17
12 11
13 4
14 14
15 7
16 18
17 23
18 8
19 9
20 13
21 10
22 3
23 20
SIMILAR

18 12 15 11 5 3 17 0 22 23 9 19 4 8 6 10 1 7 16 13 2 21 20 14 
0 7
1 16
2 20
3 5
4 12
5 4
6 14
7 17
8 13
9 10
10 15
11 3
12 1
13 19
14 23
15 2
16 18
17 6
18 0
19 11
20 22
21 21
22 8
23 9
SIMILAR

10 19 1 5 7 18 2 13 21 11 22 0 23 4 15 14 12 3 20 8 9 17 16 6 
0 11
1 2
2 6
3 17
4 13
5 3
6 23
7 4
8 19
9 20
10 0
11 9
12 16
13 7
14 15
15 14
16 22
17 21
18 5
19 1
20 18
21 8
22 10
23 12
SIMILAR

19 6 18 16 9 23 21 11 22 1 17 4 5 20 15 7 2 12 3 10 8 13 0 14 
0 22
1 9
2 16
3 18
4 11
5 12
6 1
7 15
8 20
9 4
10 19
11 7
12 17
13 21
14 23
15 14
16 3
17 10
18 2
19 0
20 13
21 6
22 8
23 5
SIMILAR

13 8 15 22 12 1 3 9 5 11 20 0 18 2 10 4 16 6 7 21 23 19 17 14 
0 11
1 5
2 13
3 6
4 15
5 8
6 17
7 18
8 1
9 7
10 14
11 9
12 4
13 0
14 23
15 2
16 16
17 22
18 12
19 21
20 10
21 19
22 3
23 20
SIMILAR

9 6 10 13 21 4 8 11 22 14 20 15 17 19 16 2 12 5 1 3 7 23 18 0 
0 23
1 18
2 15
3 19
4 5
5 17
6 1
7 20
8 6
9 0
10 2
11 7
12 16
13 3
14 9
15 11
16 14
17 12
18 22
19 13
20 10
21 4
22 8
23 21
SIMILAR

6 7 12 0 15 13 14 3 8 17 18 10 22 9 5 23 16 4 11 2 21 1 19 20 
0 3
1 21
2 19
3 7
4 17
5 14
6 0
7 1
8 8
9 13
10 11
11 18
12 2
13 5
14 6
15 4
16 16
17 9
18 10
19 22
20 23
21 20
22 12
23 15
SIMILAR

13 15 6 16 22 10 1 14 21 23 20 9 11 0 4 18 5 12 3 17 2 19 7 8 
0 13
1 6
2 20
3 18
4 14
5 16
6 2
7 22
8 23
9 11
10 5
11 12
12 17
13 0
14 7
15 1
16 3
17 19
18 15
19 21
20 10
21 8
22 4
23 9
SIMILAR

22 9 2 4 15 11 17 23 13 20 16 19 14 1 10 7 0 12 5 21 18 8 6 3 
0 16
1 13
2 2
3 23
4 3
5 18
6 22
7 15
8 21
9 1
10 14
11 5
12 17
13 8
14 12
15 4
16 10
17 6
18 20
19 11
20 9
21 19
22 0
23 7
SIMILAR

10 19 7 2 5 16 15 1 23 22 21 17 9 13 6 20 0 8 3 11 12 4 14 18 
0 16
1 7
2 3
3 18
4 21
5 4
6 14
7 2
8 17
9 12
10 0
11 19
12 20
13 13
14 22
15 6
16 5
17 11
18 23
19 1
20 15
21 10
22 9
23 8
SIMILAR

20 14 11 6 22 1 21 9 10 16 5 0 7 3 13 17 19 8 15 18 12 23 2 4 
0 11
1 5
2 22
3 13
4 23
5 10
6 3
7 12
8 17
9 7
10 8
11 2
12 20
13 14
14 1
15 18
16 9
17 15
18 19
19 16
20 0
21 6
22 4
23 21
SIMILAR

12 10 22 19 18 5 8 0 2 6 9 16 11 23 4 14 20 7 17 21 15 13 1 3 
0 7
1 22
2 8
3 23
4 14
5 5
6 9
7 17
8 6
9 10
10 1
11 12
12 0
13 21
14 15
15 20
16 11
17 18
18 4
19 3
20 16
21 19
22 2
23 13
SIMILAR

3 21 14 20 10 0 23 1 8 5 22 2 9 6 12 13 7 4 18 15 16 11 19 17 
0 5
1 7
2 11
3 0
4 17
5 9
6 13
7 16
8 8
9 12
10 4
11 21
12 14
13 15
14 2
15 19
16 20
17 23
18 18
19 22
20 3
21 1
22 10
23 6
SIMILAR

14 0 4 6 18 12 11 16 8 13 1 22 23 9 19 5 21 20 15 3 10 7 2 17 
0 1
1 10
2 22
3 19
4 2
5 15
6 3
7 21
8 8
9 13
10 20
11 6
12 5
13 9
14 0
15 18
16 7
17 23
18 4
19 14
20 17
21 16
22 11
23 12
SIMILAR

1 21 11 14 13 18 23 0 4 7 22 6 15 19 8 2 5 10 20 16 12 9 17 3 
0 7
1 0
2 15
3 23
4 8
5 16
6 11
7 9
8 14
9 21
10 17
11 2
12 20
13 4
14 3
15 12
16 19
17 22
18 5
19 13
20 18
21 1
22 10
23 6
SIMILAR

13 23 10 22 20 1 17 9 3 12 8 4 18 5 16 11 7 15 6 21 0 19 2 14 
0 20
1 5
2 22
3 8
4 11
5 13
6 18
7 16
8 10
9 7
10 2
11 15
12 9
13 0
14 23
15 17
16 14
17 6
18 12
19 21
20 4
21 19
22 3
23 1
SIMILAR

5 2 19 21 22 17 10 13 16 6 12 7 18 23 8 14 3 0 1 20 11 9 4 15 
0 17
1 18
2 1
3 16
4 22
5 0
6 9
7 11
8 14
9 21
10 6
11 20
12 10
13 7
14 15
15 23
16 8
17 5
18 12
19 2
20 19
21 3
22 4
23 13
SIMILAR

18 7 15 17 8 16 11 20 6 4 19 0 3 22 2 9 5 14 23 12 10 13 21 1 
0 11
1 23
2 14
3 12
4 9
5 16
6 8
7 1
8 4
9 15
10 20
11 6
12 19
13 21
14 17
15 2
16 5
17 3
18 0
19 10
20 7
21 22
22 13
23 18
SIMILAR

0 9 10 5 11 13 3 20 8 21 1 7 12 19 22 16 4 15 18 6 2 14 23 17 
0 0
1 10
2 20
3 6
4 16
5 3
6 19
7 11
8 8
9 1
10 2
11 4
12 12
13 5
14 21
15 17
16 15
17 23
18 18
19 13
20 7
21 9
22 14
23 22
SIMILAR

8 4 5 10 17 11 15 16 0 22 6 13 7 21 18 14 3 2 19 12 9 23 20 1 
0 8
1 23
2 17
3 16
4 1
5 2
6 10
7 12
8 0
9 20
10 3
11 5
12 19
13 11
14 15
15 6
16 7
17 4
18 14
19 18
20 22
21 13
22 9
23 21
SIMILAR

18 12 11 22 6 7 14 1 20 16 8 5 19 3 23 17 9 4 21 2 0 13 15 10 
0 20
1 7
2 19
3 13
4 17
5 11
6 4
7 5
8 10
9 16
10 23
11 2
12 1
13 21
14 6
15 22
16 9
17 15
18 0
19 12
20 8
21 18
22 3
23 14
SIMILAR

15 3 6 22 21 5 12 20 18 9 23 4 16 19 2 17 0 8 11 10 7 14 13 1 
0 16
1 23
2 14
3 1
4 11
5 5
6 2
7 20
8 17
9 9
10 19
11 18
12 6
13 22
14 21
15 0
16 12
17 15
18 8
19 13
20 7
21 4
22 3
23 10
SIMILAR

4 0 14 11 1 3 20 10 9 22 18 15 8 12 2 7 23 17 21 6 19 5 16 13 
0 1
1 4
2 14
3 5
4 0
5 21
6 19
7 15
8 12
9 8
10 7
11 3
12 13
13 23
14 2
15 11
16 22
17 17
18 10
19 20
20 6
21 18
22 9
23 16
SIMILAR

22 21 10 18 8 11 0 15 20 23 13 12 16 7 19 3 5 1 6 4 2 14 9 17 
0 6
1 17
2 20
3 15
4 19
5 16
6 18
7 13
8 4
9 22
10 2
11 5
12 11
13 10
14 21
15 7
16 12
17 23
18 3
19 14
20 8
21 1
22 0
23 9
SIMILAR

0 21 6 23 2 3 1 20 13 22 16 19 8 9 17 10 15 14 18 7 4 12 11 5 
0 0
1 6
2 4
3 5
4 20
5 23
6 2
7 19
8 12
9 13
10 15
11 22
12 21
13 8
14 17
15 16
16 10
17 14
18 18
19 11
20 7
21 1
22 9
23 3
SIMILAR

11 21 12 0 6 17 18 15 9 20 19 14 2 5 8 23 13 7 4 16 10 1 3 22 
0 3
1 21
2 12
3 22
4 18
5 13
6 4
7 17
8 14
9 8
10 20
11 0
12 2
13 16
14 11
15 7
16 19
17 5
18 6
19 10
20 9
21 1
22 23
23 15
SIMILAR

17 15 0 9 10 14 2 12 23 19 4 6 16 18 20 5 13 7 21 11 1 8 3 22 
0 2
1 20
2 6
3 22
4 10
5 15
6 11
7 17
8 21
9 3
10 4
11 19
12 7
13 16
14 5
15 1
16 12
17 0
18 13
19 9
20 14
21 18
22 23
23 8
SIMILAR

13 15 9 3 14 23 0 20 12 6 18 11 16 7 21 5 22 17 8 10 2 19 1 4 
0 6
1 22
2 20
3 3
4 23
5 15
6 9
7 13
8 18
9 2
10 19
11 11
12 8
13 0
14 4
15 1
16 12
17 17
18 10
19 21
20 7
21 14
22 16
23 5
SIMILAR

3 13 23 9 5 22 6 14 7 0 17 11 8 16 19 2 20 10 12 1 15 4 21 18 
0 9
1 19
2 15
3 0
4 21
5 4
6 6
7 8
8 12
9 3
10 17
11 11
12 18
13 1
14 7
15 20
16 13
17 10
18 23
19 14
20 16
21 22
22 5
23 2
SIMILAR

22 16 19 4 23 8 5 10 0 18 1 14 20 17 7 21 11 9 3 12 2 15 13 6 
0 8
1 10
2 20
3 18
4 3
5 6
6 23
7 14
8 5
9 17
10 7
11 16
12 19
13 22
14 11
15 21
16 1
17 13
18 9
19 2
20 12
21 15
22 0
23 4
SIMILAR

23 14 16 8 2 10 6 3 11 12 20 19 9 17 7 21 4 5 22 15 0 18 13 1 
0 20
1 23
2 4
3 7
4 16
5 17
6 6
7 14
8 3
9 12
10 5
11 8
12 9
13 22
14 1
15 19
16 2
17 13
18 21
19 11
20 10
21 15
22 18
23 0
SIMILAR

22 8 18 7 3 19 23 17 12 21 2 14 10 15 5 20 9 16 4 13 6 0 11 1 
0 21
1 23
2 10
3 4
4 18
5 14
6 20
7 3
8 1
9 16
10 12
11 22
12 8
13 19
14 11
15 13
16 17
17 7
18 2
19 5
20 15
21 9
22 0
23 6
SIMILAR

2 15 23 11 13 17 9 6 12 8 21 0 7 14 16 5 20 4 18 10 22 1 3 19 
0 11
1 21
2 0
3 22
4 17
5 15
6 7
7 12
8 9
9 6
10 19
11 3
12 8
13 4
14 13
15 1
16 14
17 5
18 18
19 23
20 16
21 10
22 20
23 2
SIMILAR

6 10 14 16 11 1 21 19 4 5 15 13 9 18 8 3 12 2 22 17 7 23 20 0 
0 23
1 5
2 17
3 15
4 8
5 9
6 0
7 20
8 14
9 12
10 1
11 4
12 16
13 11
14 2
15 10
16 3
17 19
18 13
19 7
20 22
21 6
22 18
23 21
SIMILAR

23 21 11 16 15 8 4 14 10 2 13 12 22 0 7 1 20 6 19 17 18 3 5 9 
0 13
1 15
2 9
3 21
4 6
5 22
6 17
7 14
8 5
9 23
10 8
11 2
12 11
13 10
14 7
15 4
16 3
17 19
18 20
19 18
20 16
21 1
22 12
23 0
SIMILAR

16 2 6 10 1 23 0 15 11 9 18 20 22 17 21 7 3 14 13 8 4 5 12 19 
0 6
1 4
2 1
3 16
4 20
5 21
6 2
7 15
8 19
9 9
10 3
11 8
12 22
13 18
14 17
15 7
16 0
17 13
18 10
19 23
20 11
21 14
22 12
23 5
SIMILAR
100 0
4500 0
204500 0
