34
0 1 0 0 1 1 0 1 0 1 1 0 0 1 0 0 1 1 1 0 0 1 0 1 0 0 1 0 1 0 1 1 1 1 
1 0 1 0 0 1 1 0 0 0 1 0 0 1 1 1 1 1 1 0 1 1 1 1 1 1 1 0 1 0 0 0 1 0 
0 1 0 0 0 0 1 0 1 0 0 1 0 1 0 1 0 0 1 1 1 1 1 0 0 0 0 1 1 1 1 1 1 1 
0 0 0 0 0 1 0 1 0 1 1 0 1 0 0 0 1 1 1 1 1 0 0 1 1 0 0 1 1 1 0 0 1 1 
1 0 0 0 0 0 0 1 1 1 0 1 1 0 0 1 1 1 1 1 0 1 1 0 1 0 1 1 1 1 1 0 0 1 
1 1 0 1 0 0 0 1 0 0 0 1 1 0 1 1 0 1 0 1 0 1 0 1 0 0 1 1 0 0 1 0 1 0 
0 1 1 0 0 0 0 0 1 1 1 1 1 0 1 1 0 0 0 0 0 0 0 0 0 0 0 0 0 1 1 1 1 0 
1 0 0 1 1 1 0 0 0 1 1 0 0 1 1 0 1 0 0 1 1 1 1 0 0 1 1 0 1 1 0 0 1 1 
0 0 1 0 1 0 1 0 0 0 1 0 0 0 0 1 1 0 1 1 1 1 0 0 0 0 1 1 0 0 0 1 0 0 
1 0 0 1 1 0 1 1 0 0 0 1 1 1 0 1 0 1 1 0 1 0 0 1 0 1 0 0 0 1 0 0 1 1 
1 1 0 1 0 0 1 1 1 0 0 1 1 1 0 1 0 0 1 0 0 1 0 1 1 0 1 0 1 1 1 1 1 0 
0 0 1 0 1 1 1 0 0 1 1 0 1 1 1 1 1 0 0 0 0 0 0 0 0 0 0 1 1 1 1 0 0 0 
0 0 0 1 1 1 1 0 0 1 1 1 0 0 1 0 1 1 1 1 0 1 1 0 1 0 1 0 1 1 0 0 0 0 
1 1 1 0 0 0 0 1 0 1 1 1 0 0 0 0 1 0 1 0 1 1 0 0 0 0 1 1 0 0 0 0 0 0 
0 1 0 0 0 1 1 1 0 0 0 1 1 0 0 1 0 0 0 1 1 0 0 1 1 0 1 0 0 0 0 0 1 0 
0 1 1 0 1 1 1 0 1 1 1 1 0 0 1 0 0 0 0 1 0 1 0 1 0 1 1 1 1 0 0 1 1 0 
1 1 0 1 1 0 0 1 1 0 0 1 1 1 0 0 0 1 0 0 0 1 1 1 1 1 1 0 0 1 0 1 1 0 
1 1 0 1 1 1 0 0 0 1 0 0 1 0 0 0 1 0 0 0 0 1 0 1 0 0 1 1 0 1 0 0 1 0 
1 1 1 1 1 0 0 0 1 1 1 0 1 1 0 0 0 0 0 1 0 1 1 0 0 0 0 0 1 1 0 0 1 0 
0 0 1 1 1 1 0 1 1 0 0 0 1 0 1 1 0 0 1 0 1 0 1 0 1 1 1 0 0 1 1 1 1 1 
0 1 1 1 0 0 0 1 1 1 0 0 0 1 1 0 0 0 0 1 0 1 1 0 1 0 1 1 1 0 1 1 0 1 
1 1 1 0 1 1 0 1 1 0 1 0 1 1 0 1 1 1 1 0 1 0 0 0 1 0 0 0 1 1 0 1 1 0 
0 1 1 0 1 0 0 1 0 0 0 0 1 0 0 0 1 0 1 1 1 0 0 0 0 1 0 0 0 0 0 0 0 0 
1 1 0 1 0 1 0 0 0 1 1 0 0 0 1 1 1 1 0 0 0 0 0 0 0 0 0 0 0 1 1 0 0 1 
0 1 0 1 1 0 0 0 0 0 1 0 1 0 1 0 1 0 0 1 1 1 0 0 0 1 0 0 0 0 0 1 1 1 
0 1 0 0 0 0 0 1 0 1 0 0 0 0 0 1 1 0 0 1 0 0 1 0 1 0 1 0 0 0 1 1 1 0 
1 1 0 0 1 1 0 1 1 0 1 0 1 1 1 1 1 1 0 1 1 0 0 0 0 1 0 1 1 1 1 1 0 0 
0 0 1 1 1 1 0 0 1 0 0 1 0 1 0 1 0 1 0 0 1 0 0 0 0 0 1 0 0 1 0 1 1 0 
1 1 1 1 1 0 0 1 0 0 1 1 1 0 0 1 0 0 1 0 1 1 0 0 0 0 1 0 0 0 0 0 1 1 
0 0 1 1 1 0 1 1 0 1 1 1 1 0 0 0 1 1 1 1 0 1 0 1 0 0 1 1 0 0 1 1 1 1 
1 0 1 0 1 1 1 0 0 0 1 1 0 0 0 0 0 0 0 1 1 0 0 1 0 1 1 0 0 1 0 1 1 1 
1 0 1 0 0 0 1 0 1 0 1 0 0 0 0 1 1 0 0 1 1 1 0 0 1 1 1 1 0 1 1 0 0 1 
1 1 1 1 0 1 1 1 0 1 1 0 0 0 1 1 1 1 1 1 0 1 0 0 1 1 0 1 1 1 1 0 0 1 
1 0 1 1 1 0 0 1 0 1 0 0 0 0 0 0 0 0 0 1 1 0 0 1 1 0 0 0 1 1 1 1 1 0 

24 20 27 14 22 29 6 11 12 30 13 26 28 5 32 4 15 25 23 19 10 21 33 9 0 17 7 2 18 1 16 31 3 8 
0 24
1 29
2 27
3 32
4 15
5 13
6 6
7 26
8 33
9 23
10 20
11 7
12 8
13 10
14 3
15 16
16 30
17 25
18 28
19 19
20 1
21 21
22 4
23 18
24 0
25 17
26 11
27 2
28 12
29 5
30 9
31 31
32 14
33 22
SIMILAR

27 25 18 20 6 2 32 15 14 33 19 30 8 21 22 9 0 13 3 11 1 16 12 10 31 24 17 26 4 28 23 7 29 5 
0 16
1 20
2 5
3 18
4 28
5 33
6 4
7 31
8 12
9 15
10 23
11 19
12 22
13 17
14 8
15 7
16 21
17 26
18 2
19 10
20 3
21 13
22 14
23 30
24 25
25 1
26 27
27 0
28 29
29 32
30 11
31 24
32 6
33 9
SIMILAR

11 22 26 25 21 8 23 0 32 4 2 12 30 31 18 19 27 5 28 10 29 3 13 14 9 16 17 24 7 15 33 20 1 6 
0 7
1 32
2 10
3 21
4 9
5 17
6 33
7 28
8 5
9 24
10 19
11 0
12 11
13 22
14 23
15 29
16 25
17 26
18 14
19 15
20 31
21 4
22 1
23 6
24 27
25 3
26 2
27 16
28 18
29 20
30 12
31 13
32 8
33 30
SIMILAR

25 17 13 6 24 18 14 21 8 20 10 19 32 0 4 31 7 15 2 1 3 5 12 23 28 27 33 16 29 30 9 26 11 22 
0 13
1 19
2 18
3 20
4 14
5 21
6 3
7 16
8 8
9 30
10 10
11 32
12 22
13 2
14 6
15 17
16 27
17 1
18 5
19 11
20 9
21 7
22 33
23 23
24 4
25 0
26 31
27 25
28 24
29 28
30 29
31 15
32 12
33 26
SIMILAR

14 13 5 20 4 10 16 29 21 24 2 27 1 22 30 9 12 6 18 17 7 0 3 15 26 25 23 28 11 33 19 32 8 31 
0 21
1 12
2 10
3 22
4 4
5 2
6 17
7 20
8 32
9 15
10 5
11 28
12 16
13 1
14 0
15 23
16 6
17 19
18 18
19 30
20 3
21 8
22 13
23 26
24 9
25 25
26 24
27 11
28 27
29 7
30 14
31 33
32 31
33 29
SIMILAR

30 7 2 6 18 16 21 28 31 13 19 23 14 1 33 25 9 17 10 8 0 32 24 11 22 15 29 26 12 4 20 5 27 3 
0 20
1 13
2 2
3 33
4 29
5 31
6 3
7 1
8 19
9 16
10 18
11 23
12 28
13 9
14 12
15 25
16 5
17 17
18 4
19 10
20 30
21 6
22 24
23 11
24 22
25 15
26 27
27 32
28 7
29 26
30 0
31 8
32 21
33 14
SIMILAR

30 26 7 22 0 11 28 20 13 23 33 21 8 27 14 6 15 17 16 1 31 10 24 9 5 18 19 4 12 3 29 32 25 2 
0 4
1 19
2 33
3 29
4 27
5 24
6 15
7 2
8 12
9 23
10 21
11 5
12 28
13 8
14 14
15 16
16 18
17 17
18 25
19 26
20 7
21 11
22 3
23 9
24 22
25 32
26 1
27 13
28 6
29 30
30 0
31 20
32 31
33 10
SIMILAR

5 24 33 17 21 1 20 32 2 18 22 4 9 7 28 26 31 0 16 13 15 6 12 19 14 10 23 25 27 3 8 30 11 29 
0 17
1 5
2 8
3 29
4 11
5 0
6 21
7 13
8 30
9 12
10 25
11 32
12 22
13 19
14 24
15 20
16 18
17 3
18 9
19 23
20 6
21 4
22 10
23 26
24 1
25 27
26 15
27 28
28 14
29 33
30 31
31 16
32 7
33 2
SIMILAR

19 3 33 9 29 11 5 20 23 30 8 0 15 2 13 6 18 21 24 25 14 26 16 7 10 12 4 1 28 31 32 22 27 17 
0 11
1 27
2 13
3 1
4 26
5 6
6 15
7 23
8 10
9 3
10 24
11 5
12 25
13 14
14 20
15 12
16 22
17 33
18 16
19 0
20 7
21 17
22 31
23 8
24 18
25 19
26 21
27 32
28 28
29 4
30 9
31 29
32 30
33 2
SIMILAR

23 31 33 12 0 7 15 25 9 4 3 1 29 16 6 19 32 28 27 18 24 2 26 11 21 5 20 10 14 30 13 22 8 17 
0 4
1 11
2 21
3 10
4 9
5 25
6 14
7 5
8 32
9 8
10 27
11 23
12 3
13 30
14 28
15 6
16 13
17 33
18 19
19 15
20 26
21 24
22 31
23 0
24 20
25 7
26 22
27 18
28 17
29 12
30 29
31 1
32 16
33 2
SIMILAR

29 22 30 33 3 11 25 15 6 19 21 20 4 12 18 2 8 28 14 13 1 23 27 17 16 5 26 9 32 31 7 0 24 10 
0 31
1 20
2 15
3 4
4 12
5 25
6 8
7 30
8 16
9 27
10 33
11 5
12 13
13 19
14 18
15 7
16 24
17 23
18 14
19 9
20 11
21 10
22 1
23 21
24 32
25 6
26 26
27 22
28 17
29 0
30 2
31 29
32 28
33 3
SIMILAR

16 7 32 28 9 5 18 15 8 1 19 10 6 12 4 13 2 33 29 3 22 20 26 27 24 31 23 14 17 0 21 11 25 30 
0 29
1 9
2 16
3 19
4 14
5 5
6 12
7 1
8 8
9 4
10 11
11 31
12 13
13 15
14 27
15 7
16 0
17 28
18 6
19 10
20 21
21 30
22 20
23 26
24 24
25 32
26 22
27 23
28 3
29 18
30 33
31 25
32 2
33 17
SIMILAR

9 25 19 31 16 20 30 21 5 13 12 6 24 8 14 17 26 3 33 7 2 29 28 4 27 0 18 10 22 23 1 11 15 32 
0 25
1 30
2 20
3 17
4 23
5 8
6 11
7 19
8 13
9 0
10 27
11 31
12 10
13 9
14 14
15 32
16 4
17 15
18 26
19 2
20 5
21 7
22 28
23 29
24 12
25 1
26 16
27 24
28 22
29 21
30 6
31 3
32 33
33 18
SIMILAR

3 22 19 17 20 32 21 8 25 30 33 6 29 23 5 28 27 15 1 13 2 4 14 7 11 24 10 12 9 18 0 26 16 31 
0 30
1 18
2 20
3 0
4 21
5 14
6 11
7 23
8 7
9 28
10 26
11 24
12 27
13 19
14 22
15 17
16 32
17 3
18 29
19 2
20 4
21 6
22 1
23 13
24 25
25 8
26 31
27 16
28 15
29 12
30 9
31 33
32 5
33 10
SIMILAR

24 22 7 26 28 16 32 3 15 13 20 33 17 1 5 2 23 18 11 30 27 25 8 0 9 31 29 6 4 19 12 10 21 14 
0 23
1 13
2 15
3 7
4 28
5 14
6 27
7 2
8 22
9 24
10 31
11 18
12 30
13 9
14 33
15 8
16 5
17 12
18 17
19 29
20 10
21 32
22 1
23 16
24 0
25 21
26 3
27 20
28 4
29 26
30 19
31 25
32 6
33 11
SIMILAR

16 30 29 19 25 22 3 7 0 15 2 33 31 6 26 14 5 23 13 8 21 9 20 18 17 12 24 32 4 27 28 11 10 1 
0 8
1 33
2 10
3 6
4 28
5 16
6 13
7 7
8 19
9 21
10 32
11 31
12 25
13 18
14 15
15 9
16 0
17 24
18 23
19 3
20 22
21 20
22 5
23 17
24 26
25 4
26 14
27 29
28 30
29 2
30 1
31 12
32 27
33 11
SIMILAR

25 23 16 10 5 26 8 0 30 17 24 6 32 21 4 28 14 12 2 20 1 9 29 13 31 33 7 3 18 15 27 19 11 22 
0 7
1 20
2 18
3 27
4 14
5 4
6 11
7 26
8 6
9 21
10 3
11 32
12 17
13 23
14 16
15 29
16 2
17 9
18 28
19 31
20 19
21 13
22 33
23 1
24 10
25 0
26 5
27 30
28 15
29 22
30 8
31 24
32 12
33 25
SIMILAR

30 29 3 25 23 15 28 0 12 8 7 27 19 6 32 16 18 1 11 33 9 31 26 24 5 10 20 22 17 4 14 21 2 13 
0 7
1 17
2 32
3 2
4 29
5 24
6 13
7 10
8 9
9 20
10 25
11 18
12 8
13 33
14 30
15 5
16 15
17 28
18 16
19 12
20 26
21 31
22 27
23 4
24 23
25 3
26 22
27 11
28 6
29 1
30 0
31 21
32 14
33 19
SIMILAR

17 32 20 31 25 6 7 10 13 29 2 11 33 23 15 4 3 28 8 26 21 30 24 19 5 18 27 1 0 14 16 22 9 12 
0 28
1 27
2 10
3 16
4 15
5 24
6 5
7 6
8 18
9 32
10 7
11 11
12 33
13 8
14 29
15 14
16 30
17 0
18 25
19 23
20 2
21 20
22 31
23 13
24 22
25 4
26 19
27 26
28 17
29 9
30 21
31 3
32 1
33 12
SIMILAR

31 32 19 28 9 22 13 20 29 18 8 5 12 1 2 23 14 3 26 25 11 17 30 10 15 7 4 33 27 24 0 21 16 6 
0 30
1 13
2 14
3 17
4 26
5 11
6 33
7 25
8 10
9 4
10 23
11 20
12 12
13 6
14 16
15 24
16 32
17 21
18 9
19 2
20 7
21 31
22 5
23 15
24 29
25 19
26 18
27 28
28 3
29 8
30 22
31 0
32 1
33 27
SIMILAR

22 9 7 25 18 8 15 1 17 28 23 6 2 13 32 20 12 21 19 29 3 10 0 27 11 24 14 16 31 26 5 33 4 30 
0 22
1 7
2 12
3 20
4 32
5 30
6 11
7 2
8 5
9 1
10 21
11 24
12 16
13 13
14 26
15 6
16 27
17 8
18 4
19 18
20 15
21 17
22 0
23 10
24 25
25 3
26 29
27 23
28 9
29 19
30 33
31 28
32 14
33 31
SIMILAR

10 25 6 4 19 32 14 5 29 13 1 11 21 30 0 24 27 28 3 23 17 18 31 22 7 12 33 26 16 2 9 15 8 20 
0 14
1 10
2 29
3 18
4 3
5 7
6 2
7 24
8 32
9 30
10 0
11 11
12 25
13 9
14 6
15 31
16 28
17 20
18 21
19 4
20 33
21 12
22 23
23 19
24 15
25 1
26 27
27 16
28 17
29 8
30 13
31 22
32 5
33 26
SIMILAR

7 23 17 21 14 25 6 3 29 24 22 1 32 16 9 2 26 27 13 12 4 10 0 33 11 20 19 15 18 5 28 8 30 31 
0 22
1 11
2 15
3 7
4 20
5 29
6 6
7 0
8 31
9 14
10 21
11 24
12 19
13 18
14 4
15 27
16 13
17 2
18 28
19 26
20 25
21 3
22 10
23 1
24 9
25 5
26 16
27 17
28 30
29 8
30 32
31 33
32 12
33 23
SIMILAR

0 21 17 25 1 24 11 18 12 7 16 4 27 32 10 15 23 28 13 3 29 20 8 5 14 9 30 33 31 19 6 2 22 26 
0 0
1 4
2 31
3 19
4 11
5 23
6 30
7 9
8 22
9 25
10 14
11 6
12 8
13 18
14 24
15 15
16 10
17 2
18 7
19 29
20 21
21 1
22 32
23 16
24 5
25 3
26 33
27 12
28 17
29 20
30 26
31 28
32 13
33 27
SIMILAR

8 29 28 6 30 26 20 15 11 18 27 32 23 25 24 19 10 16 7 2 4 33 12 13 31 17 22 9 5 14 1 3 21 0 
0 33
1 30
2 19
3 31
4 20
5 28
6 3
7 18
8 0
9 27
10 16
11 8
12 22
13 23
14 29
15 7
16 17
17 25
18 9
19 15
20 6
21 32
22 26
23 12
24 14
25 13
26 5
27 10
28 2
29 1
30 4
31 24
32 11
33 21
SIMILAR

0 8 7 27 33 13 30 32 2 17 14 26 16 29 3 18 22 10 25 12 28 4 31 15 11 19 21 6 23 1 9 5 24 20 
0 0
1 29
2 8
3 14
4 21
5 31
6 27
7 2
8 1
9 30
10 17
11 24
12 19
13 5
14 10
15 23
16 12
17 9
18 15
19 25
20 33
21 26
22 16
23 28
24 32
25 18
26 11
27 3
28 20
29 13
30 6
31 22
32 7
33 4
SIMILAR

32 19 0 18 22 23 21 24 17 27 1 30 15 33 14 12 26 11 4 7 10 13 16 31 29 28 2 9 5 3 8 6 20 25 
0 2
1 10
2 26
3 29
4 18
5 28
6 31
7 19
8 30
9 27
10 20
11 17
12 15
13 21
14 14
15 12
16 22
17 8
18 3
19 1
20 32
21 6
22 4
23 5
24 7
25 33
26 16
27 9
28 25
29 24
30 11
31 23
32 0
33 13
SIMILAR

3 11 7 32 17 6 2 1 5 29 20 28 10 21 18 16 33 23 26 25 9 8 13 30 24 15 12 4 31 27 0 22 14 19 
0 30
1 7
2 6
3 0
4 27
5 8
6 5
7 2
8 21
9 20
10 12
11 1
12 26
13 22
14 32
15 25
16 15
17 4
18 14
19 33
20 10
21 13
22 31
23 17
24 24
25 19
26 18
27 29
28 11
29 9
30 23
31 28
32 3
33 16
SIMILAR

30 13 21 0 22 25 15 26 33 18 17 8 12 4 19 16 3 27 10 23 31 24 28 32 1 20 6 29 5 11 9 7 2 14 
0 3
1 24
2 32
3 16
4 13
5 28
6 26
7 31
8 11
9 30
10 18
11 29
12 12
13 1
14 33
15 6
16 15
17 10
18 9
19 14
20 25
21 2
22 4
23 19
24 21
25 5
26 7
27 17
28 22
29 27
30 0
31 20
32 23
33 8
SIMILAR

33 10 14 18 5 24 6 31 29 26 25 9 15 22 27 11 2 4 19 30 23 3 17 7 20 8 13 28 16 21 12 1 0 32 
0 32
1 31
2 16
3 21
4 17
5 4
6 6
7 23
8 25
9 11
10 1
11 15
12 30
13 26
14 2
15 12
16 28
17 22
18 3
19 18
20 24
21 29
22 13
23 20
24 5
25 10
26 9
27 14
28 27
29 8
30 19
31 7
32 33
33 0
SIMILAR

32 13 25 23 6 10 18 33 15 0 29 20 26 28 14 4 11 16 12 3 27 7 9 8 30 24 2 1 21 17 31 5 22 19 
0 9
1 27
2 26
3 19
4 15
5 31
6 4
7 21
8 23
9 22
10 5
11 16
12 18
13 1
14 14
15 8
16 17
17 29
18 6
19 33
20 11
21 28
22 32
23 3
24 25
25 2
26 12
27 20
28 13
29 10
30 24
31 30
32 0
33 7
SIMILAR

3 27 19 12 18 10 11 20 13 16 24 5 9 23 7 28 30 32 15 2 22 31 29 0 8 6 21 33 4 26 17 25 14 1 
0 23
1 33
2 19
3 0
4 28
5 11
6 25
7 14
8 24
9 12
10 5
11 6
12 3
13 8
14 32
15 18
16 9
17 30
18 4
19 2
20 7
21 26
22 20
23 13
24 10
25 31
26 29
27 1
28 15
29 22
30 16
31 21
32 17
33 27
SIMILAR

10 27 19 20 12 32 0 7 11 4 21 9 30 17 6 2 8 25 18 31 28 13 22 1 15 23 29 26 24 16 33 5 3 14 
0 6
1 23
2 15
3 32
4 9
5 31
6 14
7 7
8 16
9 11
10 0
11 8
12 4
13 21
14 33
15 24
16 29
17 13
18 18
19 2
20 3
21 10
22 22
23 25
24 28
25 17
26 27
27 1
28 20
29 26
30 12
31 19
32 5
33 30
SIMILAR

22 27 8 24 2 26 30 14 33 15 21 31 18 1 6 25 5 7 0 10 12 4 9 3 29 28 20 17 32 16 13 11 19 23 
0 18
1 13
2 4
3 23
4 21
5 16
6 14
7 17
8 2
9 22
10 19
11 31
12 20
13 30
14 7
15 9
16 29
17 27
18 12
19 32
20 26
21 10
22 0
23 33
24 3
25 15
26 5
27 1
28 25
29 24
30 6
31 11
32 28
33 8
SIMILAR

26 15 29 20 27 32 10 17 2 11 22 31 16 28 23 18 33 25 4 6 14 9 12 0 30 3 24 13 8 7 21 1 19 5 
0 23
1 31
2 8
3 25
4 18
5 33
6 19
7 29
8 28
9 21
10 6
11 9
12 22
13 27
14 20
15 1
16 12
17 7
18 15
19 32
20 3
21 30
22 10
23 14
24 26
25 17
26 0
27 4
28 13
29 2
30 24
31 11
32 5
33 16
SIMILAR

32 24 9 26 5 27 13 31 16 21 29 17 28 20 25 2 30 0 12 3 18 7 1 19 4 22 10 14 8 11 6 23 33 15 
0 17
1 22
2 15
3 19
4 24
5 4
6 30
7 21
8 28
9 2
10 26
11 29
12 18
13 6
14 27
15 33
16 8
17 11
18 20
19 23
20 13
21 9
22 25
23 31
24 1
25 14
26 3
27 5
28 12
29 10
30 16
31 7
32 0
33 32
SIMILAR

29 5 19 4 28 0 31 8 1 17 27 24 7 18 3 22 6 12 23 13 15 32 2 14 11 30 33 26 9 10 21 16 20 25 
0 5
1 8
2 22
3 14
4 3
5 1
6 16
7 12
8 7
9 28
10 29
11 24
12 17
13 19
14 23
15 20
16 31
17 9
18 13
19 2
20 32
21 30
22 15
23 18
24 11
25 33
26 27
27 10
28 4
29 0
30 25
31 6
32 21
33 26
SIMILAR

19 21 17 20 13 6 26 24 33 31 22 1 5 14 25 29 27 7 0 4 8 18 3 16 10 30 28 2 15 9 12 11 32 23 
0 18
1 11
2 27
3 22
4 19
5 12
6 5
7 17
8 20
9 29
10 24
11 31
12 30
13 4
14 13
15 28
16 23
17 2
18 21
19 0
20 3
21 1
22 10
23 33
24 7
25 14
26 6
27 16
28 26
29 15
30 25
31 9
32 32
33 8
SIMILAR

18 28 29 7 22 10 12 5 6 17 1 20 0 21 19 15 27 26 2 4 30 25 16 11 24 33 14 13 23 8 9 31 3 32 
0 12
1 10
2 18
3 32
4 19
5 7
6 8
7 3
8 29
9 30
10 5
11 23
12 6
13 27
14 26
15 15
16 22
17 9
18 0
19 14
20 11
21 13
22 4
23 28
24 24
25 21
26 17
27 16
28 1
29 2
30 20
31 31
32 33
33 25
SIMILAR

33 31 22 12 23 15 20 32 1 14 8 9 16 11 25 26 3 19 2 29 18 28 5 4 27 0 13 10 24 21 17 7 6 30 
0 25
1 8
2 18
3 16
4 23
5 22
6 32
7 31
8 10
9 11
10 27
11 13
12 3
13 26
14 9
15 5
16 12
17 30
18 20
19 17
20 6
21 29
22 2
23 4
24 28
25 14
26 15
27 24
28 21
29 19
30 33
31 1
32 7
33 0
SIMILAR

7 17 16 25 4 18 8 1 28 26 5 32 11 24 9 27 0 2 14 6 15 22 31 10 12 29 3 33 19 20 21 23 30 13 
0 16
1 7
2 17
3 26
4 4
5 10
6 19
7 0
8 6
9 14
10 23
11 12
12 24
13 33
14 18
15 20
16 2
17 1
18 5
19 28
20 29
21 30
22 21
23 31
24 13
25 3
26 9
27 15
28 8
29 25
30 32
31 22
32 11
33 27
SIMILAR

12 6 18 16 32 13 20 7 4 23 3 28 27 9 11 25 1 33 26 22 17 31 14 10 2 24 15 8 21 19 29 5 30 0 
0 33
1 16
2 24
3 10
4 8
5 31
6 1
7 7
8 27
9 13
10 23
11 14
12 0
13 5
14 22
15 26
16 3
17 20
18 2
19 29
20 6
21 28
22 19
23 9
24 25
25 15
26 18
27 12
28 11
29 30
30 32
31 21
32 4
33 17
SIMILAR

9 4 8 10 12 25 11 33 13 7 32 5 22 23 0 1 20 21 3 16 28 31 29 27 24 19 2 17 14 6 18 26 30 15 
0 14
1 15
2 26
3 18
4 1
5 11
6 29
7 9
8 2
9 0
10 3
11 6
12 4
13 8
14 28
15 33
16 19
17 27
18 30
19 25
20 16
21 17
22 12
23 13
24 24
25 5
26 31
27 23
28 20
29 22
30 32
31 21
32 10
33 7
SIMILAR

20 23 32 2 1 15 12 14 7 18 19 5 28 26 24 33 30 17 10 4 9 29 22 11 8 16 0 6 25 13 27 3 31 21 
0 26
1 4
2 3
3 31
4 19
5 11
6 27
7 8
8 24
9 20
10 18
11 23
12 6
13 29
14 7
15 5
16 25
17 17
18 9
19 10
20 0
21 33
22 22
23 1
24 14
25 28
26 13
27 30
28 12
29 21
30 16
31 32
32 2
33 15
SIMILAR

17 8 16 26 22 27 11 10 30 33 6 19 3 25 7 12 2 24 32 14 20 0 18 5 15 31 4 21 1 28 29 9 23 13 
0 21
1 28
2 16
3 12
4 26
5 23
6 10
7 14
8 1
9 31
10 7
11 6
12 15
13 33
14 19
15 24
16 2
17 0
18 22
19 11
20 20
21 27
22 4
23 32
24 17
25 13
26 3
27 5
28 29
29 30
30 8
31 25
32 18
33 9
SIMILAR

19 30 27 3 4 5 13 20 14 22 28 32 26 33 0 15 1 25 18 16 24 7 11 31 2 12 9 10 6 17 21 29 23 8 
0 14
1 16
2 24
3 3
4 4
5 5
6 28
7 21
8 33
9 26
10 27
11 22
12 25
13 6
14 8
15 15
16 19
17 29
18 18
19 0
20 7
21 30
22 9
23 32
24 20
25 17
26 12
27 2
28 10
29 31
30 1
31 23
32 11
33 13
SIMILAR

26 16 28 4 6 13 19 27 17 20 21 1 30 11 10 12 2 18 8 25 32 9 0 29 33 5 15 14 22 7 31 3 24 23 
0 22
1 11
2 16
3 31
4 3
5 25
6 4
7 29
8 18
9 21
10 14
11 13
12 15
13 5
14 27
15 26
16 1
17 8
18 17
19 6
20 9
21 10
22 28
23 33
24 32
25 19
26 0
27 7
28 2
29 23
30 12
31 30
32 20
33 24
SIMILAR

24 17 13 9 10 27 3 28 20 25 21 15 22 6 14 33 26 16 29 23 7 1 11 0 19 30 8 4 2 32 12 31 5 18 
0 23
1 21
2 28
3 6
4 27
5 32
6 13
7 20
8 26
9 3
10 4
11 22
12 30
13 2
14 14
15 11
16 17
17 1
18 33
19 24
20 8
21 10
22 12
23 19
24 0
25 9
26 16
27 5
28 7
29 18
30 25
31 31
32 29
33 15
SIMILAR

24 0 26 18 31 10 3 13 16 28 2 6 20 22 5 4 32 11 15 17 19 27 14 25 21 33 1 8 12 7 30 29 9 23 
0 1
1 26
2 10
3 6
4 15
5 14
6 11
7 29
8 27
9 32
10 5
11 17
12 28
13 7
14 22
15 18
16 8
17 19
18 3
19 20
20 12
21 24
22 13
23 33
24 0
25 23
26 2
27 21
28 9
29 31
30 30
31 4
32 16
33 25
SIMILAR

12 8 21 19 17 14 22 3 18 5 0 1 33 29 20 24 15 27 26 30 2 13 6 10 28 31 16 25 7 11 23 32 9 4 
0 10
1 11
2 20
3 7
4 33
5 9
6 22
7 28
8 1
9 32
10 23
11 29
12 0
13 21
14 5
15 16
16 26
17 4
18 8
19 3
20 14
21 2
22 6
23 30
24 15
25 27
26 18
27 17
28 24
29 13
30 19
31 25
32 31
33 12
SIMILAR

27 0 18 26 6 32 33 25 17 11 30 9 12 19 29 15 28 4 1 22 8 5 2 31 3 16 7 10 13 24 14 23 20 21 
0 1
1 18
2 22
3 24
4 17
5 21
6 4
7 26
8 20
9 11
10 27
11 9
12 12
13 28
14 30
15 15
16 25
17 8
18 2
19 13
20 32
21 33
22 19
23 31
24 29
25 7
26 3
27 0
28 16
29 14
30 10
31 23
32 5
33 6
SIMILAR

28 14 15 24 23 4 1 8 13 6 17 21 7 11 26 5 16 2 30 20 31 3 19 18 32 9 0 33 25 10 27 12 22 29 
0 26
1 6
2 17
3 21
4 5
5 15
6 9
7 12
8 7
9 25
10 29
11 13
12 31
13 8
14 1
15 2
16 16
17 10
18 23
19 22
20 19
21 11
22 32
23 4
24 3
25 28
26 14
27 30
28 0
29 33
30 18
31 20
32 24
33 27
SIMILAR

2 13 27 9 5 23 24 4 22 7 33 12 14 20 17 21 31 16 11 0 26 32 15 29 18 19 30 3 6 25 10 28 1 8 
0 19
1 32
2 0
3 27
4 7
5 4
6 28
7 9
8 33
9 3
10 30
11 18
12 11
13 1
14 12
15 22
16 17
17 14
18 24
19 25
20 13
21 15
22 8
23 5
24 6
25 29
26 20
27 2
28 31
29 23
30 26
31 16
32 21
33 10
SIMILAR

10 14 31 12 13 32 11 4 3 20 16 6 8 15 19 27 1 21 2 25 24 7 9 28 0 18 29 23 26 33 22 17 5 30 
0 24
1 16
2 18
3 8
4 7
5 32
6 11
7 21
8 12
9 22
10 0
11 6
12 3
13 4
14 1
15 13
16 10
17 31
18 25
19 14
20 9
21 17
22 30
23 27
24 20
25 19
26 28
27 15
28 23
29 26
30 33
31 2
32 5
33 29
SIMILAR

27 17 5 32 10 31 16 4 14 18 12 28 9 24 29 23 2 15 26 21 30 6 11 25 8 1 20 0 3 7 13 19 33 22 
0 27
1 25
2 16
3 28
4 7
5 2
6 21
7 29
8 24
9 12
10 4
11 22
12 10
13 30
14 8
15 17
16 6
17 1
18 9
19 31
20 26
21 19
22 33
23 15
24 13
25 23
26 18
27 0
28 11
29 14
30 20
31 5
32 3
33 32
SIMILAR

21 1 17 3 26 23 13 20 25 15 31 14 0 2 29 27 22 19 11 8 30 28 4 9 32 6 5 16 24 18 7 33 10 12 
0 12
1 1
2 13
3 3
4 22
5 26
6 25
7 30
8 19
9 23
10 32
11 18
12 33
13 6
14 11
15 9
16 27
17 2
18 29
19 17
20 7
21 0
22 16
23 5
24 28
25 8
26 4
27 15
28 21
29 14
30 20
31 10
32 24
33 31
SIMILAR

10 14 23 7 20 33 22 11 5 29 15 9 26 31 4 6 21 28 8 13 24 25 12 32 19 27 2 16 17 18 3 30 0 1 
0 32
1 33
2 26
3 30
4 14
5 8
6 15
7 3
8 18
9 11
10 0
11 7
12 22
13 19
14 1
15 10
16 27
17 28
18 29
19 24
20 4
21 16
22 6
23 2
24 20
25 21
26 12
27 25
28 17
29 9
30 31
31 13
32 23
33 5
SIMILAR

25 11 7 14 13 19 2 4 27 29 9 30 15 18 24 33 23 1 8 21 5 16 28 26 17 3 0 10 22 12 6 32 20 31 
0 26
1 17
2 6
3 25
4 7
5 20
6 30
7 2
8 18
9 10
10 27
11 1
12 29
13 4
14 3
15 12
16 21
17 24
18 13
19 5
20 32
21 19
22 28
23 16
24 14
25 0
26 23
27 8
28 22
29 9
30 11
31 33
32 31
33 15
SIMILAR

19 29 26 16 12 5 6 22 17 15 0 33 20 28 32 30 13 8 2 27 24 4 31 18 3 21 14 1 9 11 10 7 23 25 
0 10
1 27
2 18
3 24
4 21
5 5
6 6
7 31
8 17
9 28
10 30
11 29
12 4
13 16
14 26
15 9
16 3
17 8
18 23
19 0
20 12
21 25
22 7
23 32
24 20
25 33
26 2
27 19
28 13
29 1
30 15
31 22
32 14
33 11
SIMILAR

20 3 7 2 19 30 10 0 24 21 23 18 6 31 17 9 15 33 14 5 8 4 26 29 32 12 27 11 13 28 22 1 16 25 
0 7
1 31
2 3
3 1
4 21
5 19
6 12
7 2
8 20
9 15
10 6
11 27
12 25
13 28
14 18
15 16
16 32
17 14
18 11
19 4
20 0
21 9
22 30
23 10
24 8
25 33
26 22
27 26
28 29
29 23
30 5
31 13
32 24
33 17
SIMILAR

1 14 13 25 30 28 18 6 4 24 27 26 32 9 19 8 2 3 16 20 10 17 31 29 7 22 12 0 21 23 11 5 33 15 
0 27
1 0
2 16
3 17
4 8
5 31
6 7
7 24
8 15
9 13
10 20
11 30
12 26
13 2
14 1
15 33
16 18
17 21
18 6
19 14
20 19
21 28
22 25
23 29
24 9
25 3
26 11
27 10
28 5
29 23
30 4
31 22
32 12
33 32
SIMILAR

11 24 14 6 20 5 7 10 4 27 0 29 22 23 2 12 9 13 33 3 21 1 17 19 32 30 15 26 28 31 16 25 18 8 
0 10
1 21
2 14
3 19
4 8
5 5
6 3
7 6
8 33
9 16
10 7
11 0
12 15
13 17
14 2
15 26
16 30
17 22
18 32
19 23
20 4
21 20
22 12
23 13
24 1
25 31
26 27
27 9
28 28
29 11
30 25
31 29
32 24
33 18
SIMILAR

12 16 20 7 21 4 10 29 5 11 30 18 15 33 23 8 1 24 9 6 31 3 19 28 0 32 13 17 26 14 2 22 27 25 
0 24
1 16
2 30
3 21
4 5
5 8
6 19
7 3
8 15
9 18
10 6
11 9
12 0
13 26
14 29
15 12
16 1
17 27
18 11
19 22
20 2
21 4
22 31
23 14
24 17
25 33
26 28
27 32
28 23
29 7
30 10
31 20
32 25
33 13
SIMILAR

0 1 13 3 21 23 20 27 4 28 5 33 16 19 22 10 12 6 8 25 18 24 31 26 14 9 29 11 15 17 2 30 7 32 
0 0
1 1
2 30
3 3
4 8
5 10
6 17
7 32
8 18
9 25
10 15
11 27
12 16
13 2
14 24
15 28
16 12
17 29
18 20
19 13
20 6
21 4
22 14
23 5
24 21
25 19
26 23
27 7
28 9
29 26
30 31
31 22
32 33
33 11
SIMILAR

3 16 15 18 27 20 4 24 12 6 29 10 2 26 32 19 30 33 11 22 23 17 0 31 8 13 21 9 7 14 5 28 1 25 
0 22
1 32
2 12
3 0
4 6
5 30
6 9
7 28
8 24
9 27
10 11
11 18
12 8
13 25
14 29
15 2
16 1
17 21
18 3
19 15
20 5
21 26
22 19
23 20
24 7
25 33
26 13
27 4
28 31
29 10
30 16
31 23
32 14
33 17
SIMILAR

23 13 15 25 29 22 20 11 32 4 27 0 12 8 3 6 1 33 10 16 26 21 18 14 2 17 7 9 31 24 5 28 19 30 
0 11
1 16
2 24
3 14
4 9
5 30
6 15
7 26
8 13
9 27
10 18
11 7
12 12
13 1
14 23
15 2
16 19
17 25
18 22
19 32
20 6
21 21
22 5
23 0
24 29
25 3
26 20
27 10
28 31
29 4
30 33
31 28
32 8
33 17
SIMILAR

21 25 29 3 8 33 13 0 23 10 24 22 19 15 5 14 32 6 18 17 12 2 27 30 7 1 9 4 16 28 26 20 31 11 
0 7
1 25
2 21
3 3
4 27
5 14
6 17
7 24
8 4
9 26
10 9
11 33
12 20
13 6
14 15
15 13
16 28
17 19
18 18
19 12
20 31
21 0
22 11
23 8
24 10
25 1
26 30
27 22
28 29
29 2
30 23
31 32
32 16
33 5
SIMILAR

33 9 20 7 13 6 0 23 27 16 28 5 32 18 25 26 11 30 4 31 10 2 17 8 1 15 19 3 24 12 14 21 29 22 
0 6
1 24
2 21
3 27
4 18
5 11
6 5
7 3
8 23
9 1
10 20
11 16
12 29
13 4
14 30
15 25
16 9
17 22
18 13
19 26
20 2
21 31
22 33
23 7
24 28
25 14
26 15
27 8
28 10
29 32
30 17
31 19
32 12
33 0
SIMILAR

19 3 14 33 7 17 24 26 31 4 5 0 32 10 27 16 25 15 2 11 28 21 1 9 29 8 20 22 6 30 23 13 12 18 
0 11
1 22
2 18
3 1
4 9
5 10
6 28
7 4
8 25
9 23
10 13
11 19
12 32
13 31
14 2
15 17
16 15
17 5
18 33
19 0
20 26
21 21
22 27
23 30
24 6
25 16
26 7
27 14
28 20
29 24
30 29
31 8
32 12
33 3
SIMILAR

2 24 23 25 7 6 0 27 9 28 3 33 5 4 26 10 8 16 19 32 21 13 15 30 29 20 1 18 12 17 14 11 22 31 
0 6
1 26
2 0
3 10
4 13
5 12
6 5
7 4
8 16
9 8
10 15
11 31
12 28
13 21
14 30
15 22
16 17
17 29
18 27
19 18
20 25
21 20
22 32
23 2
24 1
25 3
26 14
27 7
28 9
29 24
30 23
31 33
32 19
33 11
SIMILAR

10 19 3 29 27 7 23 21 8 11 6 5 12 24 9 26 22 15 18 4 1 20 28 0 2 17 25 33 31 30 32 13 14 16 
0 23
1 20
2 24
3 2
4 19
5 11
6 10
7 5
8 8
9 14
10 0
11 9
12 12
13 31
14 32
15 17
16 33
17 25
18 18
19 1
20 21
21 7
22 16
23 6
24 13
25 26
26 15
27 4
28 22
29 3
30 29
31 28
32 30
33 27
SIMILAR

23 5 9 29 28 24 13 6 16 15 10 20 19 0 27 3 11 32 33 17 4 30 8 14 21 26 2 25 22 18 7 31 1 12 
0 13
1 32
2 26
3 15
4 20
5 1
6 7
7 30
8 22
9 2
10 10
11 16
12 33
13 6
14 23
15 9
16 8
17 19
18 29
19 12
20 11
21 24
22 28
23 0
24 5
25 27
26 25
27 14
28 4
29 3
30 21
31 31
32 17
33 18
SIMILAR

6 32 29 25 9 8 14 31 13 3 12 30 23 18 17 20 22 7 10 11 1 28 15 21 5 26 33 24 0 27 4 16 19 2 
0 28
1 20
2 33
3 9
4 30
5 24
6 0
7 17
8 5
9 4
10 18
11 19
12 10
13 8
14 6
15 22
16 31
17 14
18 13
19 32
20 15
21 23
22 16
23 12
24 27
25 3
26 25
27 29
28 21
29 2
30 11
31 7
32 1
33 26
SIMILAR

20 19 3 33 11 2 16 9 14 22 1 6 27 7 29 28 8 26 23 0 17 15 24 18 5 21 4 25 30 12 31 10 13 32 
0 19
1 10
2 5
3 2
4 26
5 24
6 11
7 13
8 16
9 7
10 31
11 4
12 29
13 32
14 8
15 21
16 6
17 20
18 23
19 1
20 0
21 25
22 9
23 18
24 22
25 27
26 17
27 12
28 15
29 14
30 28
31 30
32 33
33 3
SIMILAR

6 19 8 0 21 25 23 4 17 5 32 10 9 20 26 28 27 14 13 2 22 1 24 7 15 3 29 30 33 31 16 18 12 11 
0 3
1 21
2 19
3 25
4 7
5 9
6 0
7 23
8 2
9 12
10 11
11 33
12 32
13 18
14 17
15 24
16 30
17 8
18 31
19 1
20 13
21 4
22 20
23 6
24 22
25 5
26 14
27 16
28 15
29 26
30 27
31 29
32 10
33 28
SIMILAR

2 22 33 4 26 5 30 19 11 21 10 16 3 24 23 28 1 18 14 32 27 15 12 29 13 8 25 31 6 20 7 0 9 17 
0 31
1 16
2 0
3 12
4 3
5 5
6 28
7 30
8 25
9 32
10 10
11 8
12 22
13 24
14 18
15 21
16 11
17 33
18 17
19 7
20 29
21 9
22 1
23 14
24 13
25 26
26 4
27 20
28 15
29 23
30 6
31 27
32 19
33 2
SIMILAR

19 13 22 18 28 30 15 31 21 20 14 23 3 11 8 1 5 9 25 6 33 7 27 17 16 24 26 12 29 4 2 32 0 10 
0 32
1 15
2 30
3 12
4 29
5 16
6 19
7 21
8 14
9 17
10 33
11 13
12 27
13 1
14 10
15 6
16 24
17 23
18 3
19 0
20 9
21 8
22 2
23 11
24 25
25 18
26 26
27 22
28 4
29 28
30 5
31 7
32 31
33 20
SIMILAR

15 32 8 23 2 4 19 10 3 12 14 1 21 0 24 13 29 9 16 18 33 26 31 25 20 11 30 22 5 7 28 27 17 6 
0 13
1 11
2 4
3 8
4 5
5 28
6 33
7 29
8 2
9 17
10 7
11 25
12 9
13 15
14 10
15 0
16 18
17 32
18 19
19 6
20 24
21 12
22 27
23 3
24 14
25 23
26 21
27 31
28 30
29 16
30 26
31 22
32 1
33 20
SIMILAR

3 21 18 4 23 24 25 29 13 14 10 16 2 20 6 9 22 11 26 8 1 31 32 28 12 19 0 17 30 33 15 7 27 5 
0 26
1 20
2 12
3 0
4 3
5 33
6 14
7 31
8 19
9 15
10 10
11 17
12 24
13 8
14 9
15 30
16 11
17 27
18 2
19 25
20 13
21 1
22 16
23 4
24 5
25 6
26 18
27 32
28 23
29 7
30 28
31 21
32 22
33 29
SIMILAR

33 1 3 2 10 16 5 17 23 26 12 22 7 29 20 25 18 9 8 11 19 15 6 13 31 21 14 32 30 28 4 0 24 27 
0 31
1 1
2 3
3 2
4 30
5 6
6 22
7 12
8 18
9 17
10 4
11 19
12 10
13 23
14 26
15 21
16 5
17 7
18 16
19 20
20 14
21 25
22 11
23 8
24 32
25 15
26 9
27 33
28 29
29 13
30 28
31 24
32 27
33 0
SIMILAR

2 22 32 1 10 12 15 24 7 18 6 29 20 4 26 23 5 25 16 9 28 14 30 19 21 11 13 33 8 31 3 27 17 0 
0 33
1 3
2 0
3 30
4 13
5 16
6 10
7 8
8 28
9 19
10 4
11 25
12 5
13 26
14 21
15 6
16 18
17 32
18 9
19 23
20 12
21 24
22 1
23 15
24 7
25 17
26 14
27 31
28 20
29 11
30 22
31 29
32 2
33 27
SIMILAR

20 26 4 16 1 13 8 11 10 15 21 33 12 24 9 0 28 3 19 25 5 27 22 31 17 6 30 14 2 18 29 7 32 23 
0 15
1 4
2 28
3 17
4 2
5 20
6 25
7 31
8 6
9 14
10 8
11 7
12 12
13 5
14 27
15 9
16 3
17 24
18 29
19 18
20 0
21 10
22 22
23 33
24 13
25 19
26 1
27 21
28 16
29 30
30 26
31 23
32 32
33 11
SIMILAR

9 29 2 21 13 26 27 16 10 20 0 22 7 15 23 3 18 33 11 8 32 6 4 12 14 31 17 25 30 24 28 1 5 19 
0 10
1 31
2 2
3 15
4 22
5 32
6 21
7 12
8 19
9 0
10 8
11 18
12 23
13 4
14 24
15 13
16 7
17 26
18 16
19 33
20 9
21 3
22 11
23 14
24 29
25 27
26 5
27 6
28 30
29 1
30 28
31 25
32 20
33 17
SIMILAR

6 3 29 22 8 27 17 21 12 0 30 13 2 26 20 23 11 19 28 4 10 32 1 25 33 5 15 31 7 9 18 16 24 14 
0 9
1 22
2 12
3 1
4 19
5 25
6 0
7 28
8 4
9 29
10 20
11 16
12 8
13 11
14 33
15 26
16 31
17 6
18 30
19 17
20 14
21 7
22 3
23 15
24 32
25 23
26 13
27 5
28 18
29 2
30 10
31 27
32 21
33 24
SIMILAR

10 9 13 19 2 18 0 27 29 24 8 30 20 22 26 31 5 12 23 17 14 3 32 6 1 25 21 4 11 16 33 28 15 7 
0 6
1 24
2 4
3 21
4 27
5 16
6 23
7 33
8 10
9 1
10 0
11 28
12 17
13 2
14 20
15 32
16 29
17 19
18 5
19 3
20 12
21 26
22 13
23 18
24 9
25 25
26 14
27 7
28 31
29 8
30 11
31 15
32 22
33 30
SIMILAR

13 32 26 21 4 25 22 28 17 19 33 11 8 29 3 30 24 14 5 7 31 6 15 0 12 2 10 27 20 9 18 16 1 23 
0 23
1 32
2 25
3 14
4 4
5 18
6 21
7 19
8 12
9 29
10 26
11 11
12 24
13 0
14 17
15 22
16 31
17 8
18 30
19 9
20 28
21 3
22 6
23 33
24 16
25 5
26 2
27 27
28 7
29 13
30 15
31 20
32 1
33 10
SIMILAR

11 33 19 18 21 20 25 5 4 26 28 30 17 15 31 1 8 10 27 16 7 2 6 12 9 24 3 14 0 22 32 23 13 29 
0 28
1 15
2 21
3 26
4 8
5 7
6 22
7 20
8 16
9 24
10 17
11 0
12 23
13 32
14 27
15 13
16 19
17 12
18 3
19 2
20 5
21 4
22 29
23 31
24 25
25 6
26 9
27 18
28 10
29 33
30 11
31 14
32 30
33 1
SIMILAR

0 2 6 8 19 23 14 5 12 3 7 28 20 29 16 30 25 24 31 17 4 27 21 13 9 33 22 1 26 10 15 32 18 11 
0 0
1 27
2 1
3 9
4 20
5 7
6 2
7 10
8 3
9 24
10 29
11 33
12 8
13 23
14 6
15 30
16 14
17 19
18 32
19 4
20 12
21 22
22 26
23 5
24 17
25 16
26 28
27 21
28 11
29 13
30 15
31 18
32 31
33 25
SIMILAR

18 17 19 20 0 16 12 8 28 3 25 1 11 9 27 4 7 33 30 14 10 2 21 31 29 5 6 15 23 32 22 26 24 13 
0 4
1 11
2 21
3 9
4 15
5 25
6 26
7 16
8 7
9 13
10 20
11 12
12 6
13 33
14 19
15 27
16 5
17 1
18 0
19 2
20 3
21 22
22 30
23 28
24 32
25 10
26 31
27 14
28 8
29 24
30 18
31 23
32 29
33 17
SIMILAR

22 24 27 11 29 30 6 2 16 13 31 21 26 20 32 1 5 8 23 3 9 15 28 7 25 19 4 14 18 33 10 0 12 17 
0 31
1 15
2 7
3 19
4 26
5 16
6 6
7 23
8 17
9 20
10 30
11 3
12 32
13 9
14 27
15 21
16 8
17 33
18 28
19 25
20 13
21 11
22 0
23 18
24 1
25 24
26 12
27 2
28 22
29 4
30 5
31 10
32 14
33 29
SIMILAR

30 14 26 29 21 8 31 1 18 7 19 15 23 5 3 17 13 28 25 27 32 12 4 24 2 20 16 6 9 10 22 0 33 11 
0 31
1 7
2 24
3 14
4 22
5 13
6 27
7 9
8 5
9 28
10 29
11 33
12 21
13 16
14 1
15 11
16 26
17 15
18 8
19 10
20 25
21 4
22 30
23 12
24 23
25 18
26 2
27 19
28 17
29 3
30 0
31 6
32 20
33 32
SIMILAR

27 22 29 18 21 20 2 16 33 3 15 23 4 25 8 13 30 28 26 11 17 6 0 14 9 10 19 12 7 31 24 32 1 5 
0 22
1 32
2 6
3 9
4 12
5 33
6 21
7 28
8 14
9 24
10 25
11 19
12 27
13 15
14 23
15 10
16 7
17 20
18 3
19 26
20 5
21 4
22 1
23 11
24 30
25 13
26 18
27 0
28 17
29 2
30 16
31 29
32 31
33 8
SIMILAR

30 14 20 10 21 31 8 7 3 12 13 5 9 28 32 2 15 33 24 18 29 22 6 17 4 11 23 0 25 27 26 16 1 19 
0 27
1 32
2 15
3 8
4 24
5 11
6 22
7 7
8 6
9 12
10 3
11 25
12 9
13 10
14 1
15 16
16 31
17 23
18 19
19 33
20 2
21 4
22 21
23 26
24 18
25 28
26 30
27 29
28 13
29 20
30 0
31 5
32 14
33 17
SIMILAR

31 7 11 19 33 12 10 0 24 17 20 25 9 30 18 6 16 15 22 29 3 23 1 5 28 26 21 13 4 27 32 14 2 8 
0 7
1 22
2 32
3 20
4 28
5 23
6 15
7 1
8 33
9 12
10 6
11 2
12 5
13 27
14 31
15 17
16 16
17 9
18 14
19 3
20 10
21 26
22 18
23 21
24 8
25 11
26 25
27 29
28 24
29 19
30 13
31 0
32 30
33 4
SIMILAR

5 19 7 13 27 25 3 1 28 20 23 11 30 0 16 12 24 10 8 2 15 18 14 9 4 17 6 33 29 31 26 21 32 22 
0 13
1 7
2 19
3 6
4 24
5 0
6 26
7 2
8 18
9 23
10 17
11 11
12 15
13 3
14 22
15 20
16 14
17 25
18 21
19 1
20 9
21 31
22 33
23 10
24 16
25 5
26 30
27 4
28 8
29 28
30 12
31 29
32 32
33 27
SIMILAR

33 15 30 11 18 13 4 22 16 10 26 3 2 8 0 9 14 28 7 19 32 6 29 21 27 17 12 23 24 31 25 1 20 5 
0 14
1 31
2 12
3 11
4 6
5 33
6 21
7 18
8 13
9 15
10 9
11 3
12 26
13 5
14 16
15 1
16 8
17 25
18 4
19 19
20 32
21 23
22 7
23 27
24 28
25 30
26 10
27 24
28 17
29 22
30 2
31 29
32 20
33 0
SIMILAR

21 6 29 31 0 28 19 4 32 1 20 10 14 11 3 30 8 12 13 25 7 22 15 16 5 17 18 27 24 23 26 33 9 2 
0 4
1 9
2 33
3 14
4 7
5 24
6 1
7 20
8 16
9 32
10 11
11 13
12 17
13 18
14 12
15 22
16 23
17 25
18 26
19 6
20 10
21 0
22 21
23 29
24 28
25 19
26 30
27 27
28 5
29 2
30 15
31 3
32 8
33 31
SIMILAR

22 2 8 24 18 17 23 25 3 28 14 26 20 7 15 11 1 4 9 10 0 29 32 5 21 27 31 33 6 16 19 30 13 12 
0 20
1 16
2 1
3 8
4 17
5 23
6 28
7 13
8 2
9 18
10 19
11 15
12 33
13 32
14 10
15 14
16 29
17 5
18 4
19 30
20 12
21 24
22 0
23 6
24 3
25 7
26 11
27 25
28 9
29 21
30 31
31 26
32 22
33 27
SIMILAR

31 21 8 12 17 18 4 0 11 27 7 13 24 10 14 19 29 1 25 22 30 28 3 6 16 33 23 5 15 2 20 32 9 26 
0 7
1 17
2 29
3 22
4 6
5 27
6 23
7 10
8 2
9 32
10 13
11 8
12 3
13 11
14 14
15 28
16 24
17 4
18 5
19 15
20 30
21 1
22 19
23 26
24 12
25 18
26 33
27 9
28 21
29 16
30 20
31 0
32 31
33 25
SIMILAR

20 12 28 31 15 1 27 6 14 10 11 25 4 21 8 5 9 32 16 3 23 29 17 18 30 26 0 33 13 19 24 22 7 2 
0 26
1 5
2 33
3 19
4 12
5 15
6 7
7 32
8 14
9 16
10 9
11 10
12 1
13 28
14 8
15 4
16 18
17 22
18 23
19 29
20 0
21 13
22 31
23 20
24 30
25 11
26 25
27 6
28 2
29 21
30 24
31 3
32 17
33 27
SIMILAR
100 0
4600 0
304600 0
