34
0 0 1 0 0 1 0 0 0 0 1 1 0 1 0 1 1 1 1 1 1 1 0 0 0 0 0 0 1 1 0 1 0 0 
0 0 1 1 1 0 0 0 1 0 1 0 0 1 1 1 1 0 0 1 0 0 0 0 1 0 0 0 0 0 0 1 0 0 
1 1 0 1 1 0 0 0 1 0 0 0 1 0 1 1 1 0 1 0 1 0 0 1 1 1 1 0 0 1 1 0 0 1 
0 1 1 0 0 0 0 0 1 0 0 1 0 0 0 1 1 0 1 0 1 0 1 1 0 0 0 1 1 0 0 0 0 0 
0 1 1 0 0 1 1 0 1 0 0 0 1 1 1 1 0 0 0 0 0 0 1 1 0 1 0 0 1 1 0 1 1 1 
1 0 0 0 1 0 0 1 1 1 0 0 0 0 0 0 0 0 0 1 0 0 0 1 0 1 0 1 0 1 0 0 1 1 
0 0 0 0 1 0 0 0 1 0 1 0 0 1 1 1 0 1 1 0 1 1 0 1 0 0 0 0 0 0 1 1 1 1 
0 0 0 0 0 1 0 0 1 0 0 1 0 0 1 1 1 1 0 0 0 0 1 1 1 1 0 1 0 1 1 1 1 0 
0 1 1 1 1 1 1 1 0 0 0 0 1 0 1 1 1 1 1 1 0 0 0 1 0 0 1 1 1 1 0 0 1 1 
0 0 0 0 0 1 0 0 0 0 1 1 1 0 1 1 1 1 0 0 1 0 0 1 1 0 0 1 1 1 1 0 1 1 
1 1 0 0 0 0 1 0 0 1 0 1 0 0 0 1 0 1 0 1 1 0 0 0 0 0 1 0 0 0 1 1 0 1 
1 0 0 1 0 0 0 1 0 1 1 0 0 1 1 1 0 0 0 1 1 1 0 1 0 0 0 0 1 0 1 0 1 1 
0 0 1 0 1 0 0 0 1 1 0 0 0 1 0 0 0 1 1 0 0 0 1 0 0 0 1 1 1 1 1 0 0 1 
1 1 0 0 1 0 1 0 0 0 0 1 1 0 1 0 1 0 0 0 1 1 0 1 0 0 1 0 0 0 0 0 1 0 
0 1 1 0 1 0 1 1 1 1 0 1 0 1 0 1 0 0 1 0 1 1 1 0 0 0 0 0 1 1 1 0 1 1 
1 1 1 1 1 0 1 1 1 1 1 1 0 0 1 0 0 0 1 1 0 0 1 0 0 0 1 1 0 1 1 0 1 0 
1 1 1 1 0 0 0 1 1 1 0 0 0 1 0 0 0 1 1 0 1 1 1 1 0 1 0 1 1 0 0 0 0 0 
1 0 0 0 0 0 1 1 1 1 1 0 1 0 0 0 1 0 1 1 1 0 0 1 1 1 0 1 1 1 1 0 1 1 
1 0 1 1 0 0 1 0 1 0 0 0 1 0 1 1 1 1 0 1 0 1 1 0 1 1 1 0 1 0 1 1 0 0 
1 1 0 0 0 1 0 0 1 0 1 1 0 0 0 1 0 1 1 0 0 0 1 0 0 1 1 1 1 0 1 0 1 1 
1 0 1 1 0 0 1 0 0 1 1 1 0 1 1 0 1 1 0 0 0 0 0 1 1 1 1 1 1 1 1 1 1 1 
1 0 0 0 0 0 1 0 0 0 0 1 0 1 1 0 1 0 1 0 0 0 0 0 1 1 1 1 0 0 1 0 0 1 
0 0 0 1 1 0 0 1 0 0 0 0 1 0 1 1 1 0 1 1 0 0 0 0 1 1 0 0 0 1 0 1 1 1 
0 0 1 1 1 1 1 1 1 1 0 1 0 1 0 0 1 1 0 0 1 0 0 0 1 1 1 0 0 0 1 1 1 0 
0 1 1 0 0 0 0 1 0 1 0 0 0 0 0 0 0 1 1 0 1 1 1 1 0 0 0 0 1 0 0 0 1 0 
0 0 1 0 1 1 0 1 0 0 0 0 0 0 0 0 1 1 1 1 1 1 1 1 0 0 1 1 1 1 0 0 0 0 
0 0 1 0 0 0 0 0 1 0 1 0 1 1 0 1 0 0 1 1 1 1 0 1 0 1 0 0 0 0 0 0 0 0 
0 0 0 1 0 1 0 1 1 1 0 0 1 0 0 1 1 1 0 1 1 1 0 0 0 1 0 0 0 1 1 0 0 1 
1 0 0 1 1 0 0 0 1 1 0 1 1 0 1 0 1 1 1 1 1 0 0 0 1 1 0 0 0 1 1 1 1 0 
1 0 1 0 1 1 0 1 1 1 0 0 1 0 1 1 0 1 0 0 1 0 1 0 0 1 0 1 1 0 0 1 0 1 
0 0 1 0 0 0 1 1 0 1 1 1 1 0 1 1 0 1 1 1 1 1 0 1 0 0 0 1 1 0 0 0 0 1 
1 1 0 0 1 0 1 1 0 0 1 0 0 0 0 0 0 0 1 0 1 0 1 1 0 0 0 0 1 1 0 0 0 0 
0 0 0 0 1 1 1 1 1 1 0 1 0 1 1 1 0 1 0 1 1 0 1 1 1 0 0 0 1 0 0 0 0 1 
0 0 1 0 1 1 1 0 1 1 1 1 1 0 1 0 0 1 0 1 1 1 1 0 0 0 0 1 0 1 1 0 1 0 

17 16 0 13 3 24 31 19 12 7 32 4 25 26 27 28 8 6 5 1 18 33 11 10 30 14 9 2 23 15 22 20 21 29 
0 2
1 19
2 27
3 4
4 11
5 18
6 17
7 9
8 16
9 26
10 23
11 22
12 8
13 3
14 25
15 29
16 1
17 0
18 20
19 7
20 31
21 32
22 30
23 28
24 5
25 12
26 13
27 14
28 15
29 33
30 24
31 6
32 10
33 21
SIMILAR

29 14 11 19 8 6 21 12 4 7 1 0 33 26 22 31 23 5 30 10 32 15 16 17 24 9 18 2 28 27 25 3 13 20 
0 11
1 10
2 27
3 31
4 8
5 17
6 5
7 9
8 4
9 25
10 19
11 2
12 7
13 32
14 1
15 21
16 22
17 23
18 26
19 3
20 33
21 6
22 14
23 16
24 24
25 30
26 13
27 29
28 28
29 0
30 18
31 15
32 20
33 12
SIMILAR

4 21 29 24 17 0 30 1 7 20 6 22 32 16 31 13 33 19 23 3 9 25 27 8 12 11 26 15 18 14 5 10 28 2 
0 5
1 7
2 33
3 19
4 0
5 30
6 10
7 8
8 23
9 20
10 31
11 25
12 24
13 15
14 29
15 27
16 13
17 4
18 28
19 17
20 9
21 1
22 11
23 18
24 3
25 21
26 26
27 22
28 32
29 2
30 6
31 14
32 12
33 16
SIMILAR

7 6 24 9 31 14 33 26 2 0 3 21 23 28 29 19 30 32 1 18 25 8 5 12 20 17 11 22 4 16 27 13 15 10 
0 9
1 18
2 8
3 10
4 28
5 22
6 1
7 0
8 21
9 3
10 33
11 26
12 23
13 31
14 5
15 32
16 29
17 25
18 19
19 15
20 24
21 11
22 27
23 12
24 2
25 20
26 7
27 30
28 13
29 14
30 16
31 4
32 17
33 6
SIMILAR

28 26 1 5 10 3 4 2 20 24 12 29 25 16 0 30 13 11 21 19 18 17 14 22 27 23 8 6 33 32 9 7 15 31 
0 14
1 2
2 7
3 5
4 6
5 3
6 27
7 31
8 26
9 30
10 4
11 17
12 10
13 16
14 22
15 32
16 13
17 21
18 20
19 19
20 8
21 18
22 23
23 25
24 9
25 12
26 1
27 24
28 0
29 11
30 15
31 33
32 29
33 28
SIMILAR

8 30 2 17 13 22 14 24 12 15 16 10 18 5 19 11 1 6 4 29 23 25 28 3 31 26 33 0 21 7 27 20 9 32 
0 27
1 16
2 2
3 23
4 18
5 13
6 17
7 29
8 0
9 32
10 11
11 15
12 8
13 4
14 6
15 9
16 10
17 3
18 12
19 14
20 31
21 28
22 5
23 20
24 7
25 21
26 25
27 30
28 22
29 19
30 1
31 24
32 33
33 26
SIMILAR

21 14 25 27 4 33 18 11 31 19 7 15 16 8 23 0 17 13 3 10 22 2 20 30 32 24 29 9 6 26 1 5 28 12 
0 15
1 30
2 21
3 18
4 4
5 31
6 28
7 10
8 13
9 27
10 19
11 7
12 33
13 17
14 1
15 11
16 12
17 16
18 6
19 9
20 22
21 0
22 20
23 14
24 25
25 2
26 29
27 3
28 32
29 26
30 23
31 8
32 24
33 5
SIMILAR

26 12 9 4 11 22 28 7 5 8 27 21 2 17 30 29 20 32 23 16 1 3 0 18 19 24 15 13 14 10 33 6 25 31 
0 22
1 20
2 12
3 21
4 3
5 8
6 31
7 7
8 9
9 2
10 29
11 4
12 1
13 27
14 28
15 26
16 19
17 13
18 23
19 24
20 16
21 11
22 5
23 18
24 25
25 32
26 0
27 10
28 6
29 15
30 14
31 33
32 17
33 30
SIMILAR

21 29 5 19 12 31 0 23 2 20 1 25 10 33 15 30 18 4 32 8 26 9 13 14 11 3 17 16 6 28 27 24 22 7 
0 6
1 10
2 8
3 25
4 17
5 2
6 28
7 33
8 19
9 21
10 12
11 24
12 4
13 22
14 23
15 14
16 27
17 26
18 16
19 3
20 9
21 0
22 32
23 7
24 31
25 11
26 20
27 30
28 29
29 1
30 15
31 5
32 18
33 13
SIMILAR

12 4 23 6 21 32 9 14 20 28 3 18 25 26 10 29 8 30 17 7 22 1 27 19 24 5 11 31 0 2 16 33 15 13 
0 28
1 21
2 29
3 10
4 1
5 25
6 3
7 19
8 16
9 6
10 14
11 26
12 0
13 33
14 7
15 32
16 30
17 18
18 11
19 23
20 8
21 4
22 20
23 2
24 24
25 12
26 13
27 22
28 9
29 15
30 17
31 27
32 5
33 31
SIMILAR

19 17 31 16 6 33 9 11 32 13 15 18 29 30 10 7 1 14 21 0 22 24 20 25 8 12 4 26 3 2 27 5 28 23 
0 19
1 16
2 29
3 28
4 26
5 31
6 4
7 15
8 24
9 6
10 14
11 7
12 25
13 9
14 17
15 10
16 3
17 1
18 11
19 0
20 22
21 18
22 20
23 33
24 21
25 23
26 27
27 30
28 32
29 12
30 13
31 2
32 8
33 5
SIMILAR

13 33 20 11 0 30 3 1 4 27 18 14 5 17 32 2 6 31 7 16 9 10 22 21 19 15 28 24 25 12 8 29 23 26 
0 4
1 7
2 15
3 6
4 8
5 12
6 16
7 18
8 30
9 20
10 21
11 3
12 29
13 0
14 11
15 25
16 19
17 13
18 10
19 24
20 2
21 23
22 22
23 32
24 27
25 28
26 33
27 9
28 26
29 31
30 5
31 17
32 14
33 1
SIMILAR

16 14 23 17 19 31 22 10 11 4 13 24 3 12 18 5 1 25 9 21 26 28 8 2 30 29 27 7 32 15 33 0 20 6 
0 31
1 16
2 23
3 12
4 9
5 15
6 33
7 27
8 22
9 18
10 7
11 8
12 13
13 10
14 1
15 29
16 0
17 3
18 14
19 4
20 32
21 19
22 6
23 2
24 11
25 17
26 20
27 26
28 21
29 25
30 24
31 5
32 28
33 30
SIMILAR

3 11 13 33 5 1 15 29 30 28 23 6 2 10 21 9 16 14 26 22 18 4 17 8 19 20 27 25 7 24 31 0 12 32 
0 31
1 5
2 12
3 0
4 21
5 4
6 11
7 28
8 23
9 15
10 13
11 1
12 32
13 2
14 17
15 6
16 16
17 22
18 20
19 24
20 25
21 14
22 19
23 10
24 29
25 27
26 18
27 26
28 9
29 7
30 8
31 30
32 33
33 3
SIMILAR

27 10 8 4 17 22 0 19 3 24 30 5 15 28 1 7 16 9 12 14 2 31 18 32 23 20 25 13 26 29 33 21 6 11 
0 6
1 14
2 20
3 8
4 3
5 11
6 32
7 15
8 2
9 17
10 1
11 33
12 18
13 27
14 19
15 12
16 16
17 4
18 22
19 7
20 25
21 31
22 5
23 24
24 9
25 26
26 28
27 0
28 13
29 29
30 10
31 21
32 23
33 30
SIMILAR

11 3 25 21 20 32 16 29 10 22 0 1 12 13 23 2 28 14 17 15 6 33 8 27 26 24 7 9 30 5 18 4 31 19 
0 10
1 11
2 15
3 1
4 31
5 29
6 20
7 26
8 22
9 27
10 8
11 0
12 12
13 13
14 17
15 19
16 6
17 18
18 30
19 33
20 4
21 3
22 9
23 14
24 25
25 2
26 24
27 23
28 16
29 7
30 28
31 32
32 5
33 21
SIMILAR

24 19 15 22 30 6 14 7 23 5 29 13 25 2 26 3 18 8 17 12 27 31 11 32 0 10 33 21 28 1 9 20 16 4 
0 24
1 29
2 13
3 15
4 33
5 9
6 5
7 7
8 17
9 30
10 25
11 22
12 19
13 11
14 6
15 2
16 32
17 18
18 16
19 1
20 31
21 27
22 3
23 8
24 0
25 12
26 14
27 20
28 28
29 10
30 4
31 21
32 23
33 26
SIMILAR

16 19 9 0 13 2 7 1 33 24 23 22 31 32 6 4 14 3 20 17 26 8 12 25 18 11 27 5 21 10 29 28 30 15 
0 3
1 7
2 5
3 17
4 15
5 27
6 14
7 6
8 21
9 2
10 29
11 25
12 22
13 4
14 16
15 33
16 0
17 19
18 24
19 1
20 18
21 28
22 11
23 10
24 9
25 23
26 20
27 26
28 31
29 30
30 32
31 12
32 13
33 8
SIMILAR

32 26 28 23 2 19 3 33 29 16 1 11 20 0 27 5 17 6 15 12 10 22 30 25 9 8 18 24 14 7 13 21 4 31 
0 13
1 10
2 4
3 6
4 32
5 15
6 17
7 29
8 25
9 24
10 20
11 11
12 19
13 30
14 28
15 18
16 9
17 16
18 26
19 5
20 12
21 31
22 21
23 3
24 27
25 23
26 1
27 14
28 2
29 8
30 22
31 33
32 0
33 7
SIMILAR

6 11 24 13 5 20 14 18 21 12 0 7 30 19 17 26 32 22 15 1 23 16 28 27 8 33 31 10 9 2 3 4 25 29 
0 10
1 19
2 29
3 30
4 31
5 4
6 0
7 11
8 24
9 28
10 27
11 1
12 9
13 3
14 6
15 18
16 21
17 14
18 7
19 13
20 5
21 8
22 17
23 20
24 2
25 32
26 15
27 23
28 22
29 33
30 12
31 26
32 16
33 25
SIMILAR

18 23 30 6 27 14 31 15 24 13 8 28 4 3 32 25 7 21 11 19 20 26 29 2 10 17 22 1 16 12 33 0 9 5 
0 31
1 27
2 23
3 13
4 12
5 33
6 3
7 16
8 10
9 32
10 24
11 18
12 29
13 9
14 5
15 7
16 28
17 25
18 0
19 19
20 20
21 17
22 26
23 1
24 8
25 15
26 21
27 4
28 11
29 22
30 2
31 6
32 14
33 30
SIMILAR

28 17 20 27 21 18 30 11 4 12 22 0 2 13 31 5 15 1 6 33 29 24 25 9 10 16 14 32 8 19 7 3 23 26 
0 11
1 17
2 12
3 31
4 8
5 15
6 18
7 30
8 28
9 23
10 24
11 7
12 9
13 13
14 26
15 16
16 25
17 1
18 5
19 29
20 2
21 4
22 10
23 32
24 21
25 22
26 33
27 3
28 0
29 20
30 6
31 14
32 27
33 19
SIMILAR

20 31 17 11 6 23 3 15 9 12 2 0 18 24 28 1 33 27 10 21 8 26 29 5 13 7 30 16 32 22 14 25 4 19 
0 11
1 15
2 10
3 6
4 32
5 23
6 4
7 25
8 20
9 8
10 18
11 3
12 9
13 24
14 30
15 7
16 27
17 2
18 12
19 33
20 0
21 19
22 29
23 5
24 13
25 31
26 21
27 17
28 14
29 22
30 26
31 1
32 28
33 16
SIMILAR

14 32 22 17 7 11 12 13 26 29 31 5 24 1 19 10 0 15 28 23 3 4 21 6 8 33 20 27 16 18 30 2 25 9 
0 16
1 13
2 31
3 20
4 21
5 11
6 23
7 4
8 24
9 33
10 15
11 5
12 6
13 7
14 0
15 17
16 28
17 3
18 29
19 14
20 26
21 22
22 2
23 19
24 12
25 32
26 8
27 27
28 18
29 9
30 30
31 10
32 1
33 25
SIMILAR

28 2 13 21 27 7 32 24 14 5 0 20 22 29 19 16 9 18 23 26 30 8 6 4 31 11 10 1 12 3 17 33 25 15 
0 10
1 27
2 1
3 29
4 23
5 9
6 22
7 5
8 21
9 16
10 26
11 25
12 28
13 2
14 8
15 33
16 15
17 30
18 17
19 14
20 11
21 3
22 12
23 18
24 7
25 32
26 19
27 4
28 0
29 13
30 20
31 24
32 6
33 31
SIMILAR

6 9 14 19 5 12 4 13 23 29 25 16 11 7 24 3 26 30 2 1 22 27 0 32 15 17 20 33 28 31 10 21 8 18 
0 22
1 19
2 18
3 15
4 6
5 4
6 0
7 13
8 32
9 1
10 30
11 12
12 5
13 7
14 2
15 24
16 11
17 25
18 33
19 3
20 26
21 31
22 20
23 8
24 14
25 10
26 16
27 21
28 28
29 9
30 17
31 29
32 23
33 27
SIMILAR

7 6 32 2 30 23 5 33 26 22 31 19 24 28 13 25 9 16 17 27 1 14 20 3 11 4 29 8 18 15 12 0 21 10 
0 31
1 20
2 3
3 23
4 25
5 6
6 1
7 0
8 27
9 16
10 33
11 24
12 30
13 14
14 21
15 29
16 17
17 18
18 28
19 11
20 22
21 32
22 9
23 5
24 12
25 15
26 8
27 19
28 13
29 26
30 4
31 10
32 2
33 7
SIMILAR

1 7 26 0 17 29 12 31 19 3 11 18 33 28 9 30 24 27 32 8 21 2 13 4 6 25 5 23 20 16 14 15 10 22 
0 3
1 0
2 21
3 9
4 23
5 26
6 24
7 1
8 19
9 14
10 32
11 10
12 6
13 22
14 30
15 31
16 29
17 4
18 11
19 8
20 28
21 20
22 33
23 27
24 16
25 25
26 2
27 17
28 13
29 5
30 15
31 7
32 18
33 12
SIMILAR

14 19 8 1 18 3 4 33 5 6 2 23 25 12 17 30 15 21 24 0 7 16 31 22 29 20 10 27 13 32 28 26 9 11 
0 19
1 3
2 10
3 5
4 6
5 8
6 9
7 20
8 2
9 32
10 26
11 33
12 13
13 28
14 0
15 16
16 21
17 14
18 4
19 1
20 25
21 17
22 23
23 11
24 18
25 12
26 31
27 27
28 30
29 24
30 15
31 22
32 29
33 7
SIMILAR

9 12 18 31 17 33 10 28 30 1 2 25 26 11 6 23 19 4 24 32 8 29 27 3 5 22 15 0 13 16 14 20 7 21 
0 27
1 9
2 10
3 23
4 17
5 24
6 14
7 32
8 20
9 0
10 6
11 13
12 1
13 28
14 30
15 26
16 29
17 4
18 2
19 16
20 31
21 33
22 25
23 15
24 18
25 11
26 12
27 22
28 7
29 21
30 8
31 3
32 19
33 5
SIMILAR

28 0 33 27 32 21 2 20 10 1 13 25 14 9 6 11 24 15 19 4 8 22 17 26 23 16 30 31 7 12 5 18 29 3 
0 1
1 9
2 6
3 33
4 19
5 30
6 14
7 28
8 20
9 13
10 8
11 15
12 29
13 10
14 12
15 17
16 25
17 22
18 31
19 18
20 7
21 5
22 21
23 24
24 16
25 11
26 23
27 3
28 0
29 32
30 26
31 27
32 4
33 2
SIMILAR

32 0 15 8 24 10 13 21 16 3 28 7 20 11 14 12 17 18 31 4 19 22 6 9 5 33 1 26 27 30 25 2 29 23 
0 1
1 26
2 31
3 9
4 19
5 24
6 22
7 11
8 3
9 23
10 5
11 13
12 15
13 6
14 14
15 2
16 8
17 16
18 17
19 20
20 12
21 7
22 21
23 33
24 4
25 30
26 27
27 28
28 10
29 32
30 29
31 18
32 0
33 25
SIMILAR

26 33 1 28 16 2 10 18 24 25 27 6 21 12 19 9 30 22 29 8 17 13 3 5 20 7 32 0 4 11 15 31 14 23 
0 27
1 2
2 5
3 22
4 28
5 23
6 11
7 25
8 19
9 15
10 6
11 29
12 13
13 21
14 32
15 30
16 4
17 20
18 7
19 14
20 24
21 12
22 17
23 33
24 8
25 9
26 0
27 10
28 3
29 18
30 16
31 31
32 26
33 1
SIMILAR

12 13 22 4 29 28 6 17 20 23 16 18 26 0 11 1 21 25 15 5 19 30 33 2 7 3 9 32 14 31 24 8 27 10 
0 13
1 15
2 23
3 25
4 3
5 19
6 6
7 24
8 31
9 26
10 33
11 14
12 0
13 1
14 28
15 18
16 10
17 7
18 11
19 20
20 8
21 16
22 2
23 9
24 30
25 17
26 12
27 32
28 5
29 4
30 21
31 29
32 27
33 22
SIMILAR

2 8 29 33 16 31 14 7 19 18 22 4 24 20 13 28 32 23 12 27 17 25 11 9 10 5 0 26 15 6 3 30 21 1 
0 26
1 33
2 0
3 30
4 11
5 25
6 29
7 7
8 1
9 23
10 24
11 22
12 18
13 14
14 6
15 28
16 4
17 20
18 9
19 8
20 13
21 32
22 10
23 17
24 12
25 21
26 27
27 19
28 15
29 2
30 31
31 5
32 16
33 3
SIMILAR

27 11 30 12 8 18 9 13 14 10 19 24 0 17 20 25 33 7 31 22 16 32 2 28 26 21 23 5 29 3 6 4 15 1 
0 12
1 33
2 22
3 29
4 31
5 27
6 30
7 17
8 4
9 6
10 9
11 1
12 3
13 7
14 8
15 32
16 20
17 13
18 5
19 10
20 14
21 25
22 19
23 26
24 11
25 15
26 24
27 0
28 23
29 28
30 2
31 18
32 21
33 16
SIMILAR

17 14 30 24 16 0 33 32 26 4 19 10 6 13 29 1 3 31 23 20 15 11 25 18 12 8 22 2 5 27 9 21 28 7 
0 5
1 15
2 27
3 16
4 9
5 28
6 12
7 33
8 25
9 30
10 11
11 21
12 24
13 13
14 1
15 20
16 4
17 0
18 23
19 10
20 19
21 31
22 26
23 18
24 3
25 22
26 8
27 29
28 32
29 14
30 2
31 17
32 7
33 6
SIMILAR

10 17 28 2 32 30 1 31 5 8 22 23 29 27 14 4 13 18 16 0 6 24 11 7 33 20 25 21 9 26 15 3 12 19 
0 19
1 6
2 3
3 31
4 15
5 8
6 20
7 23
8 9
9 28
10 0
11 22
12 32
13 16
14 14
15 30
16 18
17 1
18 17
19 33
20 25
21 27
22 10
23 11
24 21
25 26
26 29
27 13
28 2
29 12
30 5
31 7
32 4
33 24
SIMILAR

8 18 6 29 13 26 19 24 28 4 12 33 16 14 1 17 15 3 10 21 2 32 5 23 7 0 20 22 9 11 25 27 31 30 
0 25
1 14
2 20
3 17
4 9
5 22
6 2
7 24
8 0
9 28
10 18
11 29
12 10
13 4
14 13
15 16
16 12
17 15
18 1
19 6
20 26
21 19
22 27
23 23
24 7
25 30
26 5
27 31
28 8
29 3
30 33
31 32
32 21
33 11
SIMILAR

11 20 28 23 0 22 16 8 4 7 15 27 1 13 26 17 5 19 31 14 3 24 12 25 30 18 32 2 6 21 10 33 9 29 
0 4
1 12
2 27
3 20
4 8
5 16
6 28
7 9
8 7
9 32
10 30
11 0
12 22
13 13
14 19
15 10
16 6
17 15
18 25
19 17
20 1
21 29
22 5
23 3
24 21
25 23
26 14
27 11
28 2
29 33
30 24
31 18
32 26
33 31
SIMILAR

33 10 3 29 1 24 4 2 11 8 6 20 21 5 19 13 23 12 26 22 28 16 30 31 18 25 15 27 7 32 9 14 17 0 
0 33
1 4
2 7
3 2
4 6
5 13
6 10
7 28
8 9
9 30
10 1
11 8
12 17
13 15
14 31
15 26
16 21
17 32
18 24
19 14
20 11
21 12
22 19
23 16
24 5
25 25
26 18
27 27
28 20
29 3
30 22
31 23
32 29
33 0
SIMILAR

26 8 17 23 0 28 10 32 20 5 11 22 27 18 21 13 16 6 7 15 31 30 9 19 2 14 25 1 29 3 24 4 12 33 
0 4
1 27
2 24
3 29
4 31
5 9
6 17
7 18
8 1
9 22
10 6
11 10
12 32
13 15
14 25
15 19
16 16
17 2
18 13
19 23
20 8
21 14
22 11
23 3
24 30
25 26
26 0
27 12
28 5
29 28
30 21
31 20
32 7
33 33
SIMILAR

14 2 33 13 10 31 20 29 26 32 12 4 1 28 9 23 0 5 15 22 24 27 25 11 8 6 7 3 17 18 21 19 16 30 
0 16
1 12
2 1
3 27
4 11
5 17
6 25
7 26
8 24
9 14
10 4
11 23
12 10
13 3
14 0
15 18
16 32
17 28
18 29
19 31
20 6
21 30
22 19
23 15
24 20
25 22
26 8
27 21
28 13
29 7
30 33
31 5
32 9
33 2
SIMILAR

6 4 9 14 11 29 22 10 23 15 13 18 30 25 32 7 5 33 21 28 19 8 24 26 16 1 31 12 17 20 3 0 2 27 
0 31
1 25
2 32
3 30
4 1
5 16
6 0
7 15
8 21
9 2
10 7
11 4
12 27
13 10
14 3
15 9
16 24
17 28
18 11
19 20
20 29
21 18
22 6
23 8
24 22
25 13
26 23
27 33
28 19
29 5
30 12
31 26
32 14
33 17
SIMILAR

8 21 4 33 27 6 16 31 12 17 28 32 29 9 25 24 14 1 5 20 3 19 10 18 23 26 30 0 22 15 11 13 2 7 
0 27
1 17
2 32
3 20
4 2
5 18
6 5
7 33
8 0
9 13
10 22
11 30
12 8
13 31
14 16
15 29
16 6
17 9
18 23
19 21
20 19
21 1
22 28
23 24
24 15
25 14
26 25
27 4
28 10
29 12
30 26
31 7
32 11
33 3
SIMILAR

12 22 8 20 31 3 28 9 23 29 18 25 5 24 7 27 32 2 14 19 0 13 26 30 15 11 33 16 4 1 21 10 6 17 
0 20
1 29
2 17
3 5
4 28
5 12
6 32
7 14
8 2
9 7
10 31
11 25
12 0
13 21
14 18
15 24
16 27
17 33
18 10
19 19
20 3
21 30
22 1
23 8
24 13
25 11
26 22
27 15
28 6
29 9
30 23
31 4
32 16
33 26
SIMILAR

18 24 14 23 11 7 33 6 15 31 21 16 5 3 19 29 4 20 32 0 27 8 9 13 28 25 17 22 2 26 1 10 12 30 
0 19
1 30
2 28
3 13
4 16
5 12
6 7
7 5
8 21
9 22
10 31
11 4
12 32
13 23
14 2
15 8
16 11
17 26
18 0
19 14
20 17
21 10
22 27
23 3
24 1
25 25
26 29
27 20
28 24
29 15
30 33
31 9
32 18
33 6
SIMILAR

17 31 0 2 11 5 27 29 32 23 28 19 7 13 25 12 10 1 9 8 24 3 14 30 20 16 33 4 6 18 15 21 22 26 
0 2
1 17
2 3
3 21
4 27
5 5
6 28
7 12
8 19
9 18
10 16
11 4
12 15
13 13
14 22
15 30
16 25
17 0
18 29
19 11
20 24
21 31
22 32
23 9
24 20
25 14
26 33
27 6
28 10
29 7
30 23
31 1
32 8
33 26
SIMILAR

3 32 14 0 30 16 7 29 20 19 27 28 13 21 2 11 25 24 10 8 33 18 5 9 23 1 31 6 15 17 22 26 12 4 
0 3
1 25
2 14
3 0
4 33
5 22
6 27
7 6
8 19
9 23
10 18
11 15
12 32
13 12
14 2
15 28
16 5
17 29
18 21
19 9
20 8
21 13
22 30
23 24
24 17
25 16
26 31
27 10
28 11
29 7
30 4
31 26
32 1
33 20
SIMILAR

31 6 28 21 4 13 1 15 16 5 24 22 2 11 25 27 14 20 3 9 23 19 10 7 18 0 8 29 30 12 17 32 33 26 
0 25
1 6
2 12
3 18
4 4
5 9
6 1
7 23
8 26
9 19
10 22
11 13
12 29
13 5
14 16
15 7
16 8
17 30
18 24
19 21
20 17
21 3
22 11
23 20
24 10
25 14
26 33
27 15
28 2
29 27
30 28
31 0
32 31
33 32
SIMILAR

1 3 32 4 9 0 31 21 30 15 17 26 8 25 11 7 12 19 28 24 27 14 18 16 13 33 23 2 22 5 29 10 20 6 
0 5
1 0
2 27
3 1
4 3
5 29
6 33
7 15
8 12
9 4
10 31
11 14
12 16
13 24
14 21
15 9
16 23
17 10
18 22
19 17
20 32
21 7
22 28
23 26
24 19
25 13
26 11
27 20
28 18
29 30
30 8
31 6
32 2
33 25
SIMILAR

17 11 1 22 21 8 16 12 31 27 6 28 19 9 26 20 2 30 24 32 13 29 33 0 14 15 18 4 10 7 5 23 3 25 
0 23
1 2
2 16
3 32
4 27
5 30
6 10
7 29
8 5
9 13
10 28
11 1
12 7
13 20
14 24
15 25
16 6
17 0
18 26
19 12
20 15
21 4
22 3
23 31
24 18
25 33
26 14
27 9
28 11
29 21
30 17
31 8
32 19
33 22
SIMILAR

14 31 6 1 3 20 10 26 28 32 0 23 16 19 30 29 21 8 2 33 4 17 27 13 11 25 22 12 24 5 15 9 18 7 
0 10
1 3
2 18
3 4
4 20
5 29
6 2
7 33
8 17
9 31
10 6
11 24
12 27
13 23
14 0
15 30
16 12
17 21
18 32
19 13
20 5
21 16
22 26
23 11
24 28
25 25
26 7
27 22
28 8
29 15
30 14
31 1
32 9
33 19
SIMILAR

6 27 30 19 9 17 31 7 11 8 23 32 25 33 13 12 24 22 15 28 3 2 5 0 10 16 4 21 26 18 1 20 14 29 
0 23
1 30
2 21
3 20
4 26
5 22
6 0
7 7
8 9
9 4
10 24
11 8
12 15
13 14
14 32
15 18
16 25
17 5
18 29
19 3
20 31
21 27
22 17
23 10
24 16
25 12
26 28
27 1
28 19
29 33
30 2
31 6
32 11
33 13
SIMILAR

26 0 22 23 17 6 32 12 4 31 1 16 30 13 21 25 9 19 2 3 11 15 10 7 29 28 27 20 8 33 5 18 24 14 
0 1
1 10
2 18
3 19
4 8
5 30
6 5
7 23
8 28
9 16
10 22
11 20
12 7
13 13
14 33
15 21
16 11
17 4
18 31
19 17
20 27
21 14
22 2
23 3
24 32
25 15
26 0
27 26
28 25
29 24
30 12
31 9
32 6
33 29
SIMILAR

2 5 1 26 18 15 12 27 30 11 23 25 7 28 31 10 14 33 9 19 4 32 29 6 8 16 13 20 0 17 3 24 22 21 
0 28
1 2
2 0
3 30
4 20
5 1
6 23
7 12
8 24
9 18
10 15
11 9
12 6
13 26
14 16
15 5
16 25
17 29
18 4
19 19
20 27
21 33
22 32
23 10
24 31
25 11
26 3
27 7
28 13
29 22
30 8
31 14
32 21
33 17
SIMILAR

15 29 9 31 22 13 19 30 10 24 32 18 11 17 5 4 2 6 16 25 3 7 28 12 14 33 0 1 20 23 8 27 26 21 
0 26
1 27
2 16
3 20
4 15
5 14
6 17
7 21
8 30
9 2
10 8
11 12
12 23
13 5
14 24
15 0
16 18
17 13
18 11
19 6
20 28
21 33
22 4
23 29
24 9
25 19
26 32
27 31
28 22
29 1
30 7
31 3
32 10
33 25
SIMILAR

12 6 17 24 26 21 4 16 14 10 28 18 23 8 25 0 9 1 32 19 29 20 15 3 22 7 33 30 5 31 11 27 2 13 
0 15
1 17
2 32
3 23
4 6
5 28
6 1
7 25
8 13
9 16
10 9
11 30
12 0
13 33
14 8
15 22
16 7
17 2
18 11
19 19
20 21
21 5
22 24
23 12
24 3
25 14
26 4
27 31
28 10
29 20
30 27
31 29
32 18
33 26
SIMILAR

13 14 28 33 21 23 7 12 26 1 32 10 15 29 20 9 16 3 19 22 0 24 31 17 18 8 4 5 2 30 11 6 27 25 
0 20
1 9
2 28
3 17
4 26
5 27
6 31
7 6
8 25
9 15
10 11
11 30
12 7
13 0
14 1
15 12
16 16
17 23
18 24
19 18
20 14
21 4
22 19
23 5
24 21
25 33
26 8
27 32
28 2
29 13
30 29
31 22
32 10
33 3
SIMILAR

2 25 22 17 9 5 1 13 15 16 32 21 20 8 3 26 27 6 11 7 4 12 14 30 0 29 33 10 28 23 18 31 24 19 
0 24
1 6
2 0
3 14
4 20
5 5
6 17
7 19
8 13
9 4
10 27
11 18
12 21
13 7
14 22
15 8
16 9
17 3
18 30
19 33
20 12
21 11
22 2
23 29
24 32
25 1
26 15
27 16
28 28
29 25
30 23
31 31
32 10
33 26
SIMILAR

5 0 9 22 15 10 20 28 30 32 7 19 3 12 23 31 1 24 25 16 14 8 2 6 18 11 13 26 33 4 17 21 29 27 
0 1
1 16
2 22
3 12
4 29
5 0
6 23
7 10
8 21
9 2
10 5
11 25
12 13
13 26
14 20
15 4
16 19
17 30
18 24
19 11
20 6
21 31
22 3
23 14
24 17
25 18
26 27
27 33
28 7
29 32
30 8
31 15
32 9
33 28
SIMILAR

6 27 8 3 30 31 11 29 13 20 15 17 5 1 28 25 33 10 12 19 7 0 23 4 9 14 21 22 2 26 32 16 24 18 
0 21
1 13
2 28
3 3
4 23
5 12
6 0
7 20
8 2
9 24
10 17
11 6
12 18
13 8
14 25
15 10
16 31
17 11
18 33
19 19
20 9
21 26
22 27
23 22
24 32
25 15
26 29
27 1
28 14
29 7
30 4
31 5
32 30
33 16
SIMILAR

1 13 24 3 5 33 27 16 31 4 26 25 17 30 12 15 8 9 23 6 32 19 20 10 0 29 7 11 18 22 28 2 21 14 
0 24
1 0
2 31
3 3
4 9
5 4
6 19
7 26
8 16
9 17
10 23
11 27
12 14
13 1
14 33
15 15
16 7
17 12
18 28
19 21
20 22
21 32
22 29
23 18
24 2
25 11
26 10
27 6
28 30
29 25
30 13
31 8
32 20
33 5
SIMILAR

16 31 11 12 1 2 3 21 9 18 22 25 23 30 10 32 13 24 17 4 8 19 26 20 29 28 33 5 14 27 15 0 7 6 
0 31
1 4
2 5
3 6
4 19
5 27
6 33
7 32
8 20
9 8
10 14
11 2
12 3
13 16
14 28
15 30
16 0
17 18
18 9
19 21
20 23
21 7
22 10
23 12
24 17
25 11
26 22
27 29
28 25
29 24
30 13
31 1
32 15
33 26
SIMILAR

4 2 3 19 7 12 27 25 26 23 22 33 14 29 16 5 28 18 20 8 6 0 9 15 21 1 30 32 24 31 10 13 17 11 
0 21
1 25
2 1
3 2
4 0
5 15
6 20
7 4
8 19
9 22
10 30
11 33
12 5
13 31
14 12
15 23
16 14
17 32
18 17
19 3
20 18
21 24
22 10
23 9
24 28
25 7
26 8
27 6
28 16
29 13
30 26
31 29
32 27
33 11
SIMILAR

24 6 10 26 13 23 27 4 31 12 19 20 33 21 18 17 30 9 32 11 2 28 0 25 16 1 8 14 3 29 7 5 15 22 
0 22
1 25
2 20
3 28
4 7
5 31
6 1
7 30
8 26
9 17
10 2
11 19
12 9
13 4
14 27
15 32
16 24
17 15
18 14
19 10
20 11
21 13
22 33
23 5
24 0
25 23
26 3
27 6
28 21
29 29
30 16
31 8
32 18
33 12
SIMILAR

11 24 15 26 31 30 23 18 5 19 25 16 0 9 8 14 32 3 4 12 33 6 22 2 13 20 10 28 17 1 27 29 7 21 
0 12
1 29
2 23
3 17
4 18
5 8
6 21
7 32
8 14
9 13
10 26
11 0
12 19
13 24
14 15
15 2
16 11
17 28
18 7
19 9
20 25
21 33
22 22
23 6
24 1
25 10
26 3
27 30
28 27
29 31
30 5
31 4
32 16
33 20
SIMILAR

18 15 12 21 31 11 0 2 33 19 27 30 14 7 6 20 23 17 22 16 5 8 10 13 29 9 25 32 1 3 4 24 28 26 
0 6
1 28
2 7
3 29
4 30
5 20
6 14
7 13
8 21
9 25
10 22
11 5
12 2
13 23
14 12
15 1
16 19
17 17
18 0
19 9
20 15
21 3
22 18
23 16
24 31
25 26
26 33
27 10
28 32
29 24
30 11
31 4
32 27
33 8
SIMILAR

25 32 33 24 23 18 10 8 31 29 13 22 1 20 30 14 2 26 21 15 19 7 16 0 28 11 17 6 9 4 27 5 3 12 
0 23
1 12
2 16
3 32
4 29
5 31
6 27
7 21
8 7
9 28
10 6
11 25
12 33
13 10
14 15
15 19
16 22
17 26
18 5
19 20
20 13
21 18
22 11
23 4
24 3
25 0
26 17
27 30
28 24
29 9
30 14
31 8
32 1
33 2
SIMILAR

29 10 23 20 33 31 16 19 2 5 28 14 0 8 11 15 9 12 24 13 30 6 25 26 18 27 7 22 1 21 32 4 17 3 
0 12
1 28
2 8
3 33
4 31
5 9
6 21
7 26
8 13
9 16
10 1
11 14
12 17
13 19
14 11
15 15
16 6
17 32
18 24
19 7
20 3
21 29
22 27
23 2
24 18
25 22
26 23
27 25
28 10
29 0
30 20
31 5
32 30
33 4
SIMILAR

20 3 31 1 26 17 24 22 6 32 13 16 18 27 7 4 5 9 23 8 21 11 14 29 33 19 25 10 12 2 30 15 28 0 
0 33
1 3
2 29
3 1
4 15
5 16
6 8
7 14
8 19
9 17
10 27
11 21
12 28
13 10
14 22
15 31
16 11
17 5
18 12
19 25
20 0
21 20
22 7
23 18
24 6
25 26
26 4
27 13
28 32
29 23
30 30
31 2
32 9
33 24
SIMILAR

33 27 22 16 11 26 21 3 29 31 30 23 18 32 25 17 6 24 8 7 2 28 12 0 14 4 10 15 5 20 13 9 1 19 
0 23
1 32
2 20
3 7
4 25
5 28
6 16
7 19
8 18
9 31
10 26
11 4
12 22
13 30
14 24
15 27
16 3
17 15
18 12
19 33
20 29
21 6
22 2
23 11
24 17
25 14
26 5
27 1
28 21
29 8
30 10
31 9
32 13
33 0
SIMILAR

26 3 10 2 1 16 9 12 14 7 18 0 27 23 22 24 30 33 25 15 19 17 32 5 6 28 11 13 29 31 8 4 20 21 
0 11
1 4
2 3
3 1
4 31
5 23
6 24
7 9
8 30
9 6
10 2
11 26
12 7
13 27
14 8
15 19
16 5
17 21
18 10
19 20
20 32
21 33
22 14
23 13
24 15
25 18
26 0
27 12
28 25
29 28
30 16
31 29
32 22
33 17
SIMILAR

3 0 14 30 33 19 26 32 1 9 6 25 13 24 21 17 18 8 31 7 12 29 20 2 5 23 16 4 10 27 15 22 11 28 
0 1
1 8
2 23
3 0
4 27
5 24
6 10
7 19
8 17
9 9
10 28
11 32
12 20
13 12
14 2
15 30
16 26
17 15
18 16
19 5
20 22
21 14
22 31
23 25
24 13
25 11
26 6
27 29
28 33
29 21
30 3
31 18
32 7
33 4
SIMILAR

1 30 23 6 25 26 15 20 27 33 31 14 32 12 13 18 16 10 0 19 17 29 9 7 28 8 3 22 24 4 11 21 2 5 
0 18
1 0
2 32
3 26
4 29
5 33
6 3
7 23
8 25
9 22
10 17
11 30
12 13
13 14
14 11
15 6
16 16
17 20
18 15
19 19
20 7
21 31
22 27
23 2
24 28
25 4
26 5
27 8
28 24
29 21
30 1
31 10
32 12
33 9
SIMILAR

13 25 16 18 28 27 19 0 7 24 26 1 8 14 21 32 23 10 17 29 11 4 3 6 9 5 20 33 30 15 12 22 2 31 
0 7
1 11
2 32
3 22
4 21
5 25
6 23
7 8
8 12
9 24
10 17
11 20
12 30
13 0
14 13
15 29
16 2
17 18
18 3
19 6
20 26
21 14
22 31
23 16
24 9
25 1
26 10
27 5
28 4
29 19
30 28
31 33
32 15
33 27
SIMILAR

24 27 4 1 21 22 29 6 17 20 12 25 33 7 10 0 13 26 23 28 18 5 3 19 11 2 32 9 31 8 14 30 16 15 
0 15
1 3
2 25
3 22
4 2
5 21
6 7
7 13
8 29
9 27
10 14
11 24
12 10
13 16
14 30
15 33
16 32
17 8
18 20
19 23
20 9
21 4
22 5
23 18
24 0
25 11
26 17
27 1
28 19
29 6
30 31
31 28
32 26
33 12
SIMILAR

2 6 12 11 14 13 4 29 22 5 10 26 7 9 17 8 15 21 18 23 0 25 3 27 24 31 33 20 19 16 28 1 32 30 
0 20
1 31
2 0
3 22
4 6
5 9
6 1
7 12
8 15
9 13
10 10
11 3
12 2
13 5
14 4
15 16
16 29
17 14
18 18
19 28
20 27
21 17
22 8
23 19
24 24
25 21
26 11
27 23
28 30
29 7
30 33
31 25
32 32
33 26
SIMILAR

32 7 18 11 3 28 31 22 20 27 14 16 26 8 10 30 0 6 12 1 4 17 15 9 5 2 29 21 24 33 13 25 19 23 
0 16
1 19
2 25
3 4
4 20
5 24
6 17
7 1
8 13
9 23
10 14
11 3
12 18
13 30
14 10
15 22
16 11
17 21
18 2
19 32
20 8
21 27
22 7
23 33
24 28
25 31
26 12
27 9
28 5
29 26
30 15
31 6
32 0
33 29
SIMILAR

24 22 26 11 13 7 2 5 20 9 33 28 25 18 16 3 29 17 32 0 21 23 4 14 6 31 10 27 19 8 1 30 15 12 
0 19
1 30
2 6
3 15
4 22
5 7
6 24
7 5
8 29
9 9
10 26
11 3
12 33
13 4
14 23
15 32
16 14
17 17
18 13
19 28
20 8
21 20
22 1
23 21
24 0
25 12
26 2
27 27
28 11
29 16
30 31
31 25
32 18
33 10
SIMILAR

26 18 0 20 28 23 11 29 33 9 21 14 7 30 24 12 31 16 4 2 13 15 1 32 6 3 8 10 25 19 5 22 17 27 
0 2
1 22
2 19
3 25
4 18
5 30
6 24
7 12
8 26
9 9
10 27
11 6
12 15
13 20
14 11
15 21
16 17
17 32
18 1
19 29
20 3
21 10
22 31
23 5
24 14
25 28
26 0
27 33
28 4
29 7
30 13
31 16
32 23
33 8
SIMILAR

24 11 1 25 13 29 32 18 2 10 5 22 8 30 6 9 4 17 19 3 12 21 0 31 23 14 26 20 33 16 28 15 27 7 
0 22
1 2
2 8
3 19
4 16
5 10
6 14
7 33
8 12
9 15
10 9
11 1
12 20
13 4
14 25
15 31
16 29
17 17
18 7
19 18
20 27
21 21
22 11
23 24
24 0
25 3
26 26
27 32
28 30
29 5
30 13
31 23
32 6
33 28
SIMILAR

26 4 7 0 27 24 33 5 2 32 21 1 12 14 29 28 25 11 9 15 3 20 19 30 10 31 16 8 23 18 13 22 6 17 
0 3
1 11
2 8
3 20
4 1
5 7
6 32
7 2
8 27
9 18
10 24
11 17
12 12
13 30
14 13
15 19
16 26
17 33
18 29
19 22
20 21
21 10
22 31
23 28
24 5
25 16
26 0
27 4
28 15
29 14
30 23
31 25
32 9
33 6
SIMILAR

13 7 32 8 31 28 0 15 16 21 19 24 4 29 2 26 18 3 23 14 12 17 1 33 11 22 6 10 27 30 20 25 9 5 
0 6
1 22
2 14
3 17
4 12
5 33
6 26
7 1
8 3
9 32
10 27
11 24
12 20
13 0
14 19
15 7
16 8
17 21
18 16
19 10
20 30
21 9
22 25
23 18
24 11
25 31
26 15
27 28
28 5
29 13
30 29
31 4
32 2
33 23
SIMILAR

15 28 13 33 9 27 1 26 14 5 2 31 24 11 7 30 6 17 19 4 21 20 12 32 3 16 22 18 0 25 8 29 10 23 
0 28
1 6
2 10
3 24
4 19
5 9
6 16
7 14
8 30
9 4
10 32
11 13
12 22
13 2
14 8
15 0
16 25
17 17
18 27
19 18
20 21
21 20
22 26
23 33
24 12
25 29
26 7
27 5
28 1
29 31
30 15
31 11
32 23
33 3
SIMILAR

10 23 24 13 5 2 25 19 12 0 3 32 33 22 8 15 21 31 20 11 17 18 29 9 28 14 6 4 7 26 1 16 30 27 
0 9
1 30
2 5
3 10
4 27
5 4
6 26
7 28
8 14
9 23
10 0
11 19
12 8
13 3
14 25
15 15
16 31
17 20
18 21
19 7
20 18
21 16
22 13
23 1
24 2
25 6
26 29
27 33
28 24
29 22
30 32
31 17
32 11
33 12
SIMILAR

31 24 0 7 33 15 23 18 4 17 14 29 27 20 11 6 32 26 16 21 9 28 8 19 22 12 25 1 3 30 5 2 10 13 
0 2
1 27
2 31
3 28
4 8
5 30
6 15
7 3
8 22
9 20
10 32
11 14
12 25
13 33
14 10
15 5
16 18
17 9
18 7
19 23
20 13
21 19
22 24
23 6
24 1
25 26
26 17
27 12
28 21
29 11
30 29
31 0
32 16
33 4
SIMILAR

29 19 13 8 16 27 7 32 22 3 28 31 12 33 6 14 24 1 21 2 10 9 18 11 30 15 23 5 26 4 20 17 0 25 
0 32
1 17
2 19
3 9
4 29
5 27
6 14
7 6
8 3
9 21
10 20
11 23
12 12
13 2
14 15
15 25
16 4
17 31
18 22
19 1
20 30
21 18
22 8
23 26
24 16
25 33
26 28
27 5
28 10
29 0
30 24
31 11
32 7
33 13
SIMILAR

29 25 22 33 9 6 16 31 11 26 8 7 10 14 3 13 23 0 2 15 27 17 24 28 4 32 19 21 20 12 5 18 30 1 
0 17
1 33
2 18
3 14
4 24
5 30
6 5
7 11
8 10
9 4
10 12
11 8
12 29
13 15
14 13
15 19
16 6
17 21
18 31
19 26
20 28
21 27
22 2
23 16
24 22
25 1
26 9
27 20
28 23
29 0
30 32
31 7
32 25
33 3
SIMILAR

7 25 32 33 11 29 14 17 26 31 12 19 10 6 8 23 30 2 20 3 22 24 13 9 21 27 16 0 28 1 18 5 15 4 
0 27
1 29
2 17
3 19
4 33
5 31
6 13
7 0
8 14
9 23
10 12
11 4
12 10
13 22
14 6
15 32
16 26
17 7
18 30
19 11
20 18
21 24
22 20
23 15
24 21
25 1
26 8
27 25
28 28
29 5
30 16
31 9
32 2
33 3
SIMILAR

15 19 6 1 17 24 16 21 33 14 11 0 30 12 23 9 4 7 25 3 22 28 18 10 2 29 26 8 20 31 13 32 5 27 
0 11
1 3
2 24
3 19
4 16
5 32
6 2
7 17
8 27
9 15
10 23
11 10
12 13
13 30
14 9
15 0
16 6
17 4
18 22
19 1
20 28
21 7
22 20
23 14
24 5
25 18
26 26
27 33
28 21
29 25
30 12
31 29
32 31
33 8
SIMILAR

32 15 10 11 7 12 9 25 30 18 1 6 0 26 5 13 16 17 19 23 2 3 20 8 22 21 28 14 33 4 24 31 29 27 
0 12
1 10
2 20
3 21
4 29
5 14
6 11
7 4
8 23
9 6
10 2
11 3
12 5
13 15
14 27
15 1
16 16
17 17
18 9
19 18
20 22
21 25
22 24
23 19
24 30
25 7
26 13
27 33
28 26
29 32
30 8
31 31
32 0
33 28
SIMILAR

15 13 5 14 8 20 4 24 17 25 27 31 19 22 18 7 10 33 16 26 3 9 6 2 0 32 11 1 29 28 30 12 21 23 
0 24
1 27
2 23
3 20
4 6
5 2
6 22
7 15
8 4
9 21
10 16
11 26
12 31
13 1
14 3
15 0
16 18
17 8
18 14
19 12
20 5
21 32
22 13
23 33
24 7
25 9
26 19
27 10
28 29
29 28
30 30
31 11
32 25
33 17
SIMILAR

23 16 19 13 27 11 15 18 5 14 28 32 24 25 26 22 0 31 2 8 6 10 21 30 20 3 4 17 29 12 7 1 9 33 
0 16
1 31
2 18
3 25
4 26
5 8
6 20
7 30
8 19
9 32
10 21
11 5
12 29
13 3
14 9
15 6
16 1
17 27
18 7
19 2
20 24
21 22
22 15
23 0
24 12
25 13
26 14
27 4
28 10
29 28
30 23
31 17
32 11
33 33
SIMILAR

16 28 2 11 26 24 8 33 5 15 1 7 31 30 21 18 14 10 27 23 22 20 0 9 4 32 17 3 6 19 12 25 29 13 
0 22
1 10
2 2
3 27
4 24
5 8
6 28
7 11
8 6
9 23
10 17
11 3
12 30
13 33
14 16
15 9
16 0
17 26
18 15
19 29
20 21
21 14
22 20
23 19
24 5
25 31
26 4
27 18
28 1
29 32
30 13
31 12
32 25
33 7
SIMILAR

30 23 3 9 0 22 8 19 17 11 15 4 26 32 27 12 18 20 10 25 16 6 13 14 21 29 31 24 2 33 28 5 1 7 
0 4
1 32
2 28
3 2
4 11
5 31
6 21
7 33
8 6
9 3
10 18
11 9
12 15
13 22
14 23
15 10
16 20
17 8
18 16
19 7
20 17
21 24
22 5
23 1
24 27
25 19
26 12
27 14
28 30
29 25
30 0
31 26
32 13
33 29
SIMILAR

10 16 20 29 19 18 2 5 8 3 6 11 21 28 17 14 25 24 7 32 31 30 9 33 15 26 13 0 22 12 4 27 1 23 
0 27
1 32
2 6
3 9
4 30
5 7
6 10
7 18
8 8
9 22
10 0
11 11
12 29
13 26
14 15
15 24
16 1
17 14
18 5
19 4
20 2
21 12
22 28
23 33
24 17
25 16
26 25
27 31
28 13
29 3
30 21
31 20
32 19
33 23
SIMILAR

27 16 25 32 23 26 28 12 11 18 10 7 29 17 4 13 20 9 2 8 5 21 0 30 19 3 1 24 22 33 31 14 6 15 
0 22
1 26
2 18
3 25
4 14
5 20
6 32
7 11
8 19
9 17
10 10
11 8
12 7
13 15
14 31
15 33
16 1
17 13
18 9
19 24
20 16
21 21
22 28
23 4
24 27
25 2
26 5
27 0
28 6
29 12
30 23
31 30
32 3
33 29
SIMILAR

8 28 10 23 3 30 4 9 11 1 6 29 21 14 12 18 7 24 2 16 0 13 15 31 33 19 32 27 20 22 25 26 17 5 
0 20
1 9
2 18
3 4
4 6
5 33
6 10
7 16
8 0
9 7
10 2
11 8
12 14
13 21
14 13
15 22
16 19
17 32
18 15
19 25
20 28
21 12
22 29
23 3
24 17
25 30
26 31
27 27
28 1
29 11
30 5
31 23
32 26
33 24
SIMILAR

10 13 16 25 9 2 5 7 20 23 22 0 4 31 17 15 8 30 6 11 21 26 33 12 28 32 27 3 19 1 29 18 14 24 
0 11
1 29
2 5
3 27
4 12
5 6
6 18
7 7
8 16
9 4
10 0
11 19
12 23
13 1
14 32
15 15
16 2
17 14
18 31
19 28
20 8
21 20
22 10
23 9
24 33
25 3
26 21
27 26
28 24
29 30
30 17
31 13
32 25
33 22
SIMILAR
100 0
100 0
300100 0
