34
0 1 0 0 0 0 1 0 0 0 1 0 1 1 1 1 0 0 0 1 0 0 1 1 1 0 1 0 0 1 1 0 1 1 
1 0 0 0 0 0 1 0 1 1 1 1 1 0 0 0 1 1 1 0 0 0 0 1 1 0 1 0 0 0 0 1 0 0 
0 0 0 1 0 0 0 1 0 1 0 0 0 0 0 1 0 1 1 1 1 1 0 0 0 1 0 1 0 1 0 0 1 1 
0 0 1 0 1 0 1 0 0 0 1 0 0 1 1 0 1 1 1 0 0 0 1 0 0 0 0 1 0 1 1 0 1 1 
0 0 0 1 0 1 1 1 0 1 1 0 0 0 1 1 0 0 1 1 1 0 0 0 0 0 0 1 1 0 0 1 0 0 
0 0 0 0 1 0 1 0 1 0 0 1 0 1 1 0 0 0 0 1 1 1 1 0 1 1 0 1 1 1 1 0 1 0 
1 1 0 1 1 1 0 0 1 1 1 1 0 1 1 1 0 1 1 0 0 1 0 1 0 0 1 0 1 1 1 0 0 0 
0 0 1 0 1 0 0 0 1 0 0 1 1 1 0 0 0 1 1 1 1 0 1 0 1 1 0 0 0 0 0 0 1 1 
0 1 0 0 0 1 1 1 0 0 1 1 0 0 1 0 0 1 0 1 0 1 1 1 0 0 1 1 1 1 1 1 0 1 
0 1 1 0 1 0 1 0 0 0 1 0 1 1 1 1 0 0 1 0 0 1 0 1 0 1 1 1 1 1 0 0 1 1 
1 1 0 1 1 0 1 0 1 1 0 1 1 0 0 0 0 0 0 1 1 1 0 1 1 0 0 1 1 0 1 0 1 1 
0 1 0 0 0 1 1 1 1 0 1 0 0 0 0 1 0 1 1 1 0 0 0 1 1 0 0 1 1 1 1 0 1 1 
1 1 0 0 0 0 0 1 0 1 1 0 0 0 0 0 1 1 1 1 1 0 1 1 0 1 0 0 1 0 0 0 1 0 
1 0 0 1 0 1 1 1 0 1 0 0 0 0 1 1 1 0 1 0 1 1 0 0 1 1 1 0 0 1 1 0 1 0 
1 0 0 1 1 1 1 0 1 1 0 0 0 1 0 1 1 0 1 0 0 0 0 1 0 1 0 0 1 0 0 0 1 0 
1 0 1 0 1 0 1 0 0 1 0 1 0 1 1 0 1 1 0 1 0 0 1 0 0 0 0 1 1 1 1 0 1 1 
0 1 0 1 0 0 0 0 0 0 0 0 1 1 1 1 0 0 0 0 1 1 0 0 0 1 1 0 1 0 1 0 1 1 
0 1 1 1 0 0 1 1 1 0 0 1 1 0 0 1 0 0 1 1 1 0 1 1 0 1 1 1 1 1 1 0 0 0 
0 1 1 1 1 0 1 1 0 1 0 1 1 1 1 0 0 1 0 0 0 1 1 1 1 1 1 0 1 0 1 0 0 1 
1 0 1 0 1 1 0 1 1 0 1 1 1 0 0 1 0 1 0 0 1 0 0 1 1 0 1 1 1 1 0 1 1 0 
0 0 1 0 1 1 0 1 0 0 1 0 1 1 0 0 1 1 0 1 0 0 1 1 0 1 0 0 1 0 0 1 1 1 
0 0 1 0 0 1 1 0 1 1 1 0 0 1 0 0 1 0 1 0 0 0 0 1 0 0 1 0 1 0 0 1 0 1 
1 0 0 1 0 1 0 1 1 0 0 0 1 0 0 1 0 1 1 0 1 0 0 0 1 0 0 1 1 1 1 1 0 0 
1 1 0 0 0 0 1 0 1 1 1 1 1 0 1 0 0 1 1 1 1 1 0 0 0 0 1 0 0 1 1 0 1 0 
1 1 0 0 0 1 0 1 0 0 1 1 0 1 0 0 0 0 1 1 0 0 1 0 0 1 0 1 1 0 0 1 0 0 
0 0 1 0 0 1 0 1 0 1 0 0 1 1 1 0 1 1 1 0 1 0 0 0 1 0 0 0 1 0 0 0 0 1 
1 1 0 0 0 0 1 0 1 1 0 0 0 1 0 0 1 1 1 1 0 1 0 1 0 0 0 1 0 0 1 1 1 0 
0 0 1 1 1 1 0 0 1 1 1 1 0 0 0 1 0 1 0 1 0 0 1 0 1 0 1 0 1 1 1 1 0 0 
0 0 0 0 1 1 1 0 1 1 1 1 1 0 1 1 1 1 1 1 1 1 1 0 1 1 0 1 0 1 1 1 0 0 
1 0 1 1 0 1 1 0 1 1 0 1 0 1 0 1 0 1 0 1 0 0 1 1 0 0 0 1 1 0 1 1 1 0 
1 0 0 1 0 1 1 0 1 0 1 1 0 1 0 1 1 1 1 0 0 0 1 1 0 0 1 1 1 1 0 1 1 0 
0 1 0 0 1 0 0 0 1 0 0 0 0 0 0 0 0 0 0 1 1 1 1 0 1 0 1 1 1 1 1 0 1 0 
1 0 1 1 0 1 0 1 0 1 1 1 1 1 1 1 1 0 0 1 1 0 0 1 0 0 1 0 0 1 1 1 0 0 
1 0 1 1 0 0 0 1 1 1 1 1 0 0 0 1 1 0 1 0 1 1 0 0 0 1 0 0 0 0 0 0 0 0 

32 10 15 29 12 26 6 21 28 23 19 3 7 13 27 2 4 20 30 11 22 16 24 9 31 18 33 5 17 0 8 25 1 14 
0 29
1 32
2 15
3 11
4 16
5 27
6 6
7 12
8 30
9 23
10 1
11 19
12 4
13 13
14 33
15 2
16 21
17 28
18 25
19 10
20 17
21 7
22 20
23 9
24 22
25 31
26 5
27 14
28 8
29 3
30 18
31 24
32 0
33 26
SIMILAR

8 9 7 18 21 31 13 1 33 20 23 16 2 0 10 24 14 28 11 29 25 5 32 17 3 26 22 4 12 19 30 27 15 6 
0 13
1 7
2 12
3 24
4 27
5 21
6 33
7 2
8 0
9 1
10 14
11 18
12 28
13 6
14 16
15 32
16 11
17 23
18 3
19 29
20 9
21 4
22 26
23 10
24 15
25 20
26 25
27 31
28 17
29 19
30 30
31 5
32 22
33 8
SIMILAR

32 13 9 6 11 33 8 1 14 31 4 2 29 5 19 10 12 15 0 3 27 30 17 7 22 16 20 21 23 24 28 25 26 18 
0 18
1 7
2 11
3 19
4 10
5 13
6 3
7 23
8 6
9 2
10 15
11 4
12 16
13 1
14 8
15 17
16 25
17 22
18 33
19 14
20 26
21 27
22 24
23 28
24 29
25 31
26 32
27 20
28 30
29 12
30 21
31 9
32 0
33 5
SIMILAR

30 6 0 24 9 22 29 23 32 12 20 11 14 13 8 15 27 4 5 31 1 3 21 18 28 17 7 19 25 10 33 16 2 26 
0 2
1 20
2 32
3 21
4 17
5 18
6 1
7 26
8 14
9 4
10 29
11 11
12 9
13 13
14 12
15 15
16 31
17 25
18 23
19 27
20 10
21 22
22 5
23 7
24 3
25 28
26 33
27 16
28 24
29 6
30 0
31 19
32 8
33 30
SIMILAR

14 2 21 10 8 27 24 32 30 16 18 29 31 12 9 22 3 19 1 23 6 5 33 11 0 15 13 26 20 17 7 4 25 28 
0 24
1 18
2 1
3 16
4 31
5 21
6 20
7 30
8 4
9 14
10 3
11 23
12 13
13 26
14 0
15 25
16 9
17 29
18 10
19 17
20 28
21 2
22 15
23 19
24 6
25 32
26 27
27 5
28 33
29 11
30 8
31 12
32 7
33 22
SIMILAR

3 27 6 11 4 17 22 9 26 29 20 31 28 8 15 10 18 33 24 16 13 25 19 14 0 5 30 23 32 12 7 21 1 2 
0 24
1 32
2 33
3 0
4 4
5 25
6 2
7 30
8 13
9 7
10 15
11 3
12 29
13 20
14 23
15 14
16 19
17 5
18 16
19 22
20 10
21 31
22 6
23 27
24 18
25 21
26 8
27 1
28 12
29 9
30 26
31 11
32 28
33 17
SIMILAR

24 22 16 31 25 2 21 17 9 15 3 27 29 12 32 28 4 26 13 19 6 1 10 23 20 33 18 8 14 7 0 5 30 11 
0 30
1 21
2 5
3 10
4 16
5 31
6 20
7 29
8 27
9 8
10 22
11 33
12 13
13 18
14 28
15 9
16 2
17 7
18 26
19 19
20 24
21 6
22 1
23 23
24 0
25 4
26 17
27 11
28 15
29 12
30 32
31 3
32 14
33 25
SIMILAR

28 3 16 24 30 15 26 7 8 11 12 33 10 17 5 23 0 4 29 1 32 25 9 14 13 20 22 2 18 31 27 19 21 6 
0 16
1 19
2 27
3 1
4 17
5 14
6 33
7 7
8 8
9 22
10 12
11 9
12 10
13 24
14 23
15 5
16 2
17 13
18 28
19 31
20 25
21 32
22 26
23 15
24 3
25 21
26 6
27 30
28 0
29 18
30 4
31 29
32 20
33 11
SIMILAR

28 2 17 1 30 6 13 33 7 11 18 21 27 4 8 14 25 9 22 15 3 26 31 19 0 24 10 29 5 20 16 23 32 12 
0 24
1 3
2 1
3 20
4 13
5 28
6 5
7 8
8 14
9 17
10 26
11 9
12 33
13 6
14 15
15 19
16 30
17 2
18 10
19 23
20 29
21 11
22 18
23 31
24 25
25 16
26 21
27 12
28 0
29 27
30 4
31 22
32 32
33 7
SIMILAR

15 18 8 26 22 2 9 27 32 24 0 23 5 7 21 20 31 30 14 10 33 19 13 17 29 28 12 25 11 3 6 16 1 4 
0 10
1 32
2 5
3 29
4 33
5 12
6 30
7 13
8 2
9 6
10 19
11 28
12 26
13 22
14 18
15 0
16 31
17 23
18 1
19 21
20 15
21 14
22 4
23 11
24 9
25 27
26 3
27 7
28 25
29 24
30 17
31 16
32 8
33 20
SIMILAR

17 3 20 8 19 10 30 24 28 9 5 31 11 2 29 0 12 4 33 14 16 18 13 15 23 7 21 6 1 25 22 26 27 32 
0 15
1 28
2 13
3 1
4 17
5 10
6 27
7 25
8 3
9 9
10 5
11 12
12 16
13 22
14 19
15 23
16 20
17 0
18 21
19 4
20 2
21 26
22 30
23 24
24 7
25 29
26 31
27 32
28 8
29 14
30 6
31 11
32 33
33 18
SIMILAR

24 27 2 30 4 12 21 25 9 19 5 20 28 1 8 13 18 10 14 6 29 11 31 0 32 26 22 33 16 17 7 3 15 23 
0 23
1 13
2 2
3 31
4 4
5 10
6 19
7 30
8 14
9 8
10 17
11 21
12 5
13 15
14 18
15 32
16 28
17 29
18 16
19 9
20 11
21 6
22 26
23 33
24 0
25 7
26 25
27 1
28 12
29 20
30 3
31 22
32 24
33 27
SIMILAR

22 12 0 20 10 21 6 30 17 15 16 5 2 24 32 7 18 27 29 31 28 11 9 8 26 33 14 25 23 3 19 1 13 4 
0 2
1 31
2 12
3 29
4 33
5 11
6 6
7 15
8 23
9 22
10 4
11 21
12 1
13 32
14 26
15 9
16 10
17 8
18 16
19 30
20 3
21 5
22 0
23 28
24 13
25 27
26 24
27 17
28 20
29 18
30 7
31 19
32 14
33 25
SIMILAR

31 4 17 19 32 30 7 1 3 0 2 10 23 13 21 33 27 14 24 25 5 8 20 16 11 28 15 9 26 6 22 18 12 29 
0 9
1 7
2 10
3 8
4 1
5 20
6 29
7 6
8 21
9 27
10 11
11 24
12 32
13 13
14 17
15 26
16 23
17 2
18 31
19 3
20 22
21 14
22 30
23 12
24 18
25 19
26 28
27 16
28 25
29 33
30 5
31 0
32 4
33 15
SIMILAR

32 8 9 31 13 30 11 3 17 4 15 16 25 22 23 12 5 20 1 14 2 0 33 24 18 7 21 26 29 28 19 27 10 6 
0 21
1 18
2 20
3 7
4 9
5 16
6 33
7 25
8 1
9 2
10 32
11 6
12 15
13 4
14 19
15 10
16 11
17 8
18 24
19 30
20 17
21 26
22 13
23 14
24 23
25 12
26 27
27 31
28 29
29 28
30 5
31 3
32 0
33 22
SIMILAR

13 8 20 10 33 22 19 14 2 31 15 0 28 16 25 17 26 7 11 3 12 32 24 6 29 21 30 5 4 27 23 9 18 1 
0 11
1 33
2 8
3 19
4 28
5 27
6 23
7 17
8 1
9 31
10 3
11 18
12 20
13 0
14 7
15 10
16 13
17 15
18 32
19 6
20 2
21 25
22 5
23 30
24 22
25 14
26 16
27 29
28 12
29 24
30 26
31 9
32 21
33 4
SIMILAR

28 29 1 16 21 2 18 0 13 25 14 10 15 30 19 4 24 12 33 31 9 7 27 32 5 11 6 20 23 22 8 26 3 17 
0 7
1 2
2 5
3 32
4 15
5 24
6 26
7 21
8 30
9 20
10 11
11 25
12 17
13 8
14 10
15 12
16 3
17 33
18 6
19 14
20 27
21 4
22 29
23 28
24 16
25 9
26 31
27 22
28 0
29 1
30 13
31 19
32 23
33 18
SIMILAR

20 22 30 15 4 6 31 0 23 28 21 7 5 13 9 29 10 8 17 33 32 12 1 16 24 26 3 27 18 2 25 19 14 11 
0 7
1 22
2 29
3 26
4 4
5 12
6 5
7 11
8 17
9 14
10 16
11 33
12 21
13 13
14 32
15 3
16 23
17 18
18 28
19 31
20 0
21 10
22 1
23 8
24 24
25 30
26 25
27 27
28 9
29 15
30 2
31 6
32 20
33 19
SIMILAR

16 24 0 10 28 8 23 32 13 31 12 18 19 11 2 4 21 29 27 33 26 7 5 15 22 1 20 3 6 17 25 14 30 9 
0 2
1 25
2 14
3 27
4 15
5 22
6 28
7 21
8 5
9 33
10 3
11 13
12 10
13 8
14 31
15 23
16 0
17 29
18 11
19 12
20 26
21 16
22 24
23 6
24 1
25 30
26 20
27 18
28 4
29 17
30 32
31 9
32 7
33 19
SIMILAR

2 19 27 28 6 17 12 10 20 26 11 31 18 22 33 4 13 23 29 21 5 24 8 9 1 7 16 15 32 0 25 3 30 14 
0 29
1 24
2 0
3 31
4 15
5 20
6 4
7 25
8 22
9 23
10 7
11 10
12 6
13 16
14 33
15 27
16 26
17 5
18 12
19 1
20 8
21 19
22 13
23 17
24 21
25 30
26 9
27 2
28 3
29 18
30 32
31 11
32 28
33 14
SIMILAR

7 5 18 15 20 14 25 0 24 21 22 12 26 29 28 33 32 30 9 13 31 4 6 16 19 3 8 10 2 1 17 27 23 11 
0 7
1 29
2 28
3 25
4 21
5 1
6 22
7 0
8 26
9 18
10 27
11 33
12 11
13 19
14 5
15 3
16 23
17 30
18 2
19 24
20 4
21 9
22 10
23 32
24 8
25 6
26 12
27 31
28 14
29 13
30 17
31 20
32 16
33 15
SIMILAR

2 11 14 1 23 30 21 27 19 18 32 5 15 0 25 4 6 20 28 9 7 16 13 26 33 12 24 8 17 31 10 3 22 29 
0 13
1 3
2 0
3 31
4 15
5 11
6 16
7 20
8 27
9 19
10 30
11 1
12 25
13 22
14 2
15 12
16 21
17 28
18 9
19 8
20 17
21 6
22 32
23 4
24 26
25 14
26 23
27 7
28 18
29 33
30 5
31 29
32 10
33 24
SIMILAR

28 13 27 5 2 33 3 31 1 29 6 19 30 7 0 32 24 12 26 23 11 18 4 16 15 8 10 25 21 17 9 22 14 20 
0 14
1 8
2 4
3 6
4 22
5 3
6 10
7 13
8 25
9 30
10 26
11 20
12 17
13 1
14 32
15 24
16 23
17 29
18 21
19 11
20 33
21 28
22 31
23 19
24 16
25 27
26 18
27 2
28 0
29 9
30 12
31 7
32 15
33 5
SIMILAR

13 15 22 4 18 2 10 17 0 28 27 21 19 16 30 20 12 26 6 1 31 9 7 5 29 32 8 11 3 14 33 24 23 25 
0 8
1 19
2 5
3 28
4 3
5 23
6 18
7 22
8 26
9 21
10 6
11 27
12 16
13 0
14 29
15 1
16 13
17 7
18 4
19 12
20 15
21 11
22 2
23 32
24 31
25 33
26 17
27 10
28 9
29 24
30 14
31 20
32 25
33 30
SIMILAR

16 28 21 19 10 17 29 13 15 24 8 1 26 14 4 25 11 12 9 27 23 7 18 20 33 30 3 5 2 6 0 22 31 32 
0 30
1 11
2 28
3 26
4 14
5 27
6 29
7 21
8 10
9 18
10 4
11 16
12 17
13 7
14 13
15 8
16 0
17 5
18 22
19 3
20 23
21 2
22 31
23 20
24 9
25 15
26 12
27 19
28 1
29 6
30 25
31 32
32 33
33 24
SIMILAR

3 31 6 15 9 29 33 20 18 7 23 4 32 12 19 11 0 24 16 1 27 13 22 30 28 21 17 25 2 5 8 26 10 14 
0 16
1 19
2 28
3 0
4 11
5 29
6 2
7 9
8 30
9 4
10 32
11 15
12 13
13 21
14 33
15 3
16 18
17 26
18 8
19 14
20 7
21 25
22 22
23 10
24 17
25 27
26 31
27 20
28 24
29 5
30 23
31 1
32 12
33 6
SIMILAR

3 1 7 17 15 20 32 31 22 0 28 12 25 27 13 6 18 9 33 21 8 23 19 24 29 4 30 10 16 5 2 26 14 11 
0 9
1 1
2 30
3 0
4 25
5 29
6 15
7 2
8 20
9 17
10 27
11 33
12 11
13 14
14 32
15 4
16 28
17 3
18 16
19 22
20 5
21 19
22 8
23 21
24 23
25 12
26 31
27 13
28 10
29 24
30 26
31 7
32 6
33 18
SIMILAR

7 11 0 4 25 15 29 27 23 21 24 3 22 28 32 9 30 8 12 33 20 31 19 6 26 5 17 1 16 18 10 2 13 14 
0 2
1 27
2 31
3 11
4 3
5 25
6 23
7 0
8 17
9 15
10 30
11 1
12 18
13 32
14 33
15 5
16 28
17 26
18 29
19 22
20 20
21 9
22 12
23 8
24 10
25 4
26 24
27 7
28 13
29 6
30 16
31 21
32 14
33 19
SIMILAR

15 1 5 22 29 18 33 32 7 16 23 11 2 31 6 28 26 3 8 4 14 12 27 9 30 19 17 21 24 20 0 25 10 13 
0 30
1 1
2 12
3 17
4 19
5 2
6 14
7 8
8 18
9 23
10 32
11 11
12 21
13 33
14 20
15 0
16 9
17 26
18 5
19 25
20 29
21 27
22 3
23 10
24 28
25 31
26 16
27 22
28 15
29 4
30 24
31 13
32 7
33 6
SIMILAR

13 10 2 5 6 25 4 7 27 32 24 23 11 1 31 21 15 20 33 9 28 22 14 18 12 8 30 29 17 0 16 19 26 3 
0 29
1 13
2 2
3 33
4 6
5 3
6 4
7 7
8 25
9 19
10 1
11 12
12 24
13 0
14 22
15 16
16 30
17 28
18 23
19 31
20 17
21 15
22 21
23 11
24 10
25 5
26 32
27 8
28 20
29 27
30 26
31 14
32 9
33 18
SIMILAR

20 2 4 6 5 32 8 30 31 18 10 28 21 17 19 25 12 15 7 3 33 23 27 29 14 26 16 0 13 9 1 11 22 24 
0 27
1 30
2 1
3 19
4 2
5 4
6 3
7 18
8 6
9 29
10 10
11 31
12 16
13 28
14 24
15 17
16 26
17 13
18 9
19 14
20 0
21 12
22 32
23 21
24 33
25 15
26 25
27 22
28 11
29 23
30 7
31 8
32 5
33 20
SIMILAR

12 5 18 16 10 28 13 7 26 1 31 21 9 24 17 27 29 32 3 33 11 2 25 20 6 23 4 0 30 8 15 14 19 22 
0 27
1 9
2 21
3 18
4 26
5 1
6 24
7 7
8 29
9 12
10 4
11 20
12 0
13 6
14 31
15 30
16 3
17 14
18 2
19 32
20 23
21 11
22 33
23 25
24 13
25 22
26 8
27 15
28 5
29 16
30 28
31 10
32 17
33 19
SIMILAR

33 24 15 3 20 19 8 31 27 6 32 7 29 5 28 14 10 9 4 23 25 2 13 1 12 0 11 22 18 17 30 21 16 26 
0 25
1 23
2 21
3 3
4 18
5 13
6 9
7 11
8 6
9 17
10 16
11 26
12 24
13 22
14 15
15 2
16 32
17 29
18 28
19 5
20 4
21 31
22 27
23 19
24 1
25 20
26 33
27 8
28 14
29 12
30 30
31 7
32 10
33 0
SIMILAR

1 4 0 18 5 11 13 22 16 20 29 14 10 27 21 8 26 17 28 25 3 6 30 15 7 32 23 2 9 33 19 31 12 24 
0 2
1 0
2 27
3 20
4 1
5 4
6 21
7 24
8 15
9 28
10 12
11 5
12 32
13 6
14 11
15 23
16 8
17 17
18 3
19 30
20 9
21 14
22 7
23 26
24 33
25 19
26 16
27 13
28 18
29 10
30 22
31 31
32 25
33 29
SIMILAR

33 30 2 4 27 32 5 8 29 28 24 6 22 1 26 7 17 15 3 23 12 25 19 0 9 31 21 14 18 13 11 20 10 16 
0 23
1 13
2 2
3 18
4 3
5 6
6 11
7 15
8 7
9 24
10 32
11 30
12 20
13 29
14 27
15 17
16 33
17 16
18 28
19 22
20 31
21 26
22 12
23 19
24 10
25 21
26 14
27 4
28 9
29 8
30 1
31 25
32 5
33 0
SIMILAR

32 0 17 22 23 20 29 15 19 26 28 16 18 14 24 3 10 11 8 21 27 4 5 31 2 6 9 25 7 1 12 30 13 33 
0 1
1 29
2 24
3 15
4 21
5 22
6 25
7 28
8 18
9 26
10 16
11 17
12 30
13 32
14 13
15 7
16 11
17 2
18 12
19 8
20 5
21 19
22 3
23 4
24 14
25 27
26 9
27 20
28 10
29 6
30 31
31 23
32 0
33 33
SIMILAR

22 28 1 12 11 9 24 6 23 3 31 27 16 17 14 18 2 8 5 20 15 19 26 21 33 7 0 25 13 32 30 29 10 4 
0 26
1 2
2 16
3 9
4 33
5 18
6 7
7 25
8 17
9 5
10 32
11 4
12 3
13 28
14 14
15 20
16 12
17 13
18 15
19 21
20 19
21 23
22 0
23 8
24 6
25 27
26 22
27 11
28 1
29 31
30 30
31 10
32 29
33 24
SIMILAR

4 14 8 2 9 21 27 16 29 25 10 28 32 3 15 12 26 31 1 19 0 20 13 30 18 24 23 11 33 7 6 17 5 22 
0 20
1 18
2 3
3 13
4 0
5 32
6 30
7 29
8 2
9 4
10 10
11 27
12 15
13 22
14 1
15 14
16 7
17 31
18 24
19 19
20 21
21 5
22 33
23 26
24 25
25 9
26 16
27 6
28 11
29 8
30 23
31 17
32 12
33 28
SIMILAR

18 26 9 20 24 8 28 15 22 14 13 30 23 17 32 4 3 16 33 2 11 7 12 0 27 31 25 10 5 29 21 6 1 19 
0 23
1 32
2 19
3 16
4 15
5 28
6 31
7 21
8 5
9 2
10 27
11 20
12 22
13 10
14 9
15 7
16 17
17 13
18 0
19 33
20 3
21 30
22 8
23 12
24 4
25 26
26 1
27 24
28 6
29 29
30 11
31 25
32 14
33 18
SIMILAR

0 27 33 5 12 8 25 2 15 19 11 16 14 31 29 17 1 13 18 20 26 32 22 21 24 9 23 30 3 6 28 4 10 7 
0 0
1 16
2 7
3 28
4 31
5 3
6 29
7 33
8 5
9 25
10 32
11 10
12 4
13 17
14 12
15 8
16 11
17 15
18 18
19 9
20 19
21 23
22 22
23 26
24 24
25 6
26 20
27 1
28 30
29 14
30 27
31 13
32 21
33 2
SIMILAR

16 14 31 4 28 12 11 21 6 20 24 13 10 8 9 30 33 2 19 5 15 1 32 29 7 23 27 0 22 26 17 3 25 18 
0 27
1 21
2 17
3 31
4 3
5 19
6 8
7 24
8 13
9 14
10 12
11 6
12 5
13 11
14 1
15 20
16 0
17 30
18 33
19 18
20 9
21 7
22 28
23 25
24 10
25 32
26 29
27 26
28 4
29 23
30 15
31 2
32 22
33 16
SIMILAR

2 7 23 5 25 32 27 33 29 22 4 3 21 8 9 24 19 11 28 12 30 26 6 20 0 17 13 18 14 10 31 15 16 1 
0 24
1 33
2 0
3 11
4 10
5 3
6 22
7 1
8 13
9 14
10 29
11 17
12 19
13 26
14 28
15 31
16 32
17 25
18 27
19 16
20 23
21 12
22 9
23 2
24 15
25 4
26 21
27 6
28 18
29 8
30 20
31 30
32 5
33 7
SIMILAR

11 33 19 4 0 23 12 22 27 2 14 28 18 31 17 13 21 3 7 16 26 25 15 30 32 1 6 10 24 8 29 9 20 5 
0 4
1 25
2 9
3 17
4 3
5 33
6 26
7 18
8 29
9 31
10 27
11 0
12 6
13 15
14 10
15 22
16 19
17 14
18 12
19 2
20 32
21 16
22 7
23 5
24 28
25 21
26 20
27 8
28 11
29 30
30 23
31 13
32 24
33 1
SIMILAR

8 19 27 18 21 0 22 3 17 13 33 6 20 7 24 23 26 16 5 11 9 12 1 32 31 25 2 29 14 4 28 15 30 10 
0 5
1 22
2 26
3 7
4 29
5 18
6 11
7 13
8 0
9 20
10 33
11 19
12 21
13 9
14 28
15 31
16 17
17 8
18 3
19 1
20 12
21 4
22 6
23 15
24 14
25 25
26 16
27 2
28 30
29 27
30 32
31 24
32 23
33 10
SIMILAR

17 19 26 3 1 20 15 8 10 14 12 18 22 9 21 6 28 0 23 5 32 31 4 13 29 27 16 7 24 25 33 30 11 2 
0 17
1 4
2 33
3 3
4 22
5 19
6 15
7 27
8 7
9 13
10 8
11 32
12 10
13 23
14 9
15 6
16 26
17 0
18 11
19 1
20 5
21 14
22 12
23 18
24 28
25 29
26 2
27 25
28 16
29 24
30 31
31 21
32 20
33 30
SIMILAR

25 29 32 16 0 15 17 24 20 12 27 2 8 7 6 31 19 26 22 5 14 9 21 28 10 18 23 1 3 4 13 33 11 30 
0 4
1 27
2 11
3 28
4 29
5 19
6 14
7 13
8 12
9 21
10 24
11 32
12 9
13 30
14 20
15 5
16 3
17 6
18 25
19 16
20 8
21 22
22 18
23 26
24 7
25 0
26 17
27 10
28 23
29 1
30 33
31 15
32 2
33 31
SIMILAR

22 21 19 11 10 24 0 14 29 33 9 2 20 17 16 27 18 23 30 3 4 13 1 32 31 6 15 26 28 8 5 25 7 12 
0 6
1 22
2 11
3 19
4 20
5 30
6 25
7 32
8 29
9 10
10 4
11 3
12 33
13 21
14 7
15 26
16 14
17 13
18 16
19 2
20 12
21 1
22 0
23 17
24 5
25 31
26 27
27 15
28 28
29 8
30 18
31 24
32 23
33 9
SIMILAR

22 28 20 17 6 26 30 15 14 7 11 24 5 4 25 10 18 31 23 27 3 21 2 33 29 12 19 32 16 9 1 13 8 0 
0 33
1 30
2 22
3 20
4 13
5 12
6 4
7 9
8 32
9 29
10 15
11 10
12 25
13 31
14 8
15 7
16 28
17 3
18 16
19 26
20 2
21 21
22 0
23 18
24 11
25 14
26 5
27 19
28 1
29 24
30 6
31 17
32 27
33 23
SIMILAR

30 26 1 4 0 8 21 9 13 17 32 3 23 24 6 27 31 10 11 25 20 18 28 14 7 15 2 29 33 12 22 5 19 16 
0 4
1 2
2 26
3 11
4 3
5 31
6 14
7 24
8 5
9 7
10 17
11 18
12 29
13 8
14 23
15 25
16 33
17 9
18 21
19 32
20 20
21 6
22 30
23 12
24 13
25 19
26 1
27 15
28 22
29 27
30 0
31 16
32 10
33 28
SIMILAR

29 5 19 30 9 12 15 32 17 10 2 14 6 27 8 7 21 26 11 13 33 31 25 20 4 1 23 24 3 16 0 22 18 28 
0 30
1 25
2 10
3 28
4 24
5 1
6 12
7 15
8 14
9 4
10 9
11 18
12 5
13 19
14 11
15 6
16 29
17 8
18 32
19 2
20 23
21 16
22 31
23 26
24 27
25 22
26 17
27 13
28 33
29 0
30 3
31 21
32 7
33 20
SIMILAR

18 5 19 31 16 27 33 10 1 11 7 28 9 14 8 21 2 26 3 4 23 22 32 24 6 17 20 29 13 15 25 0 30 12 
0 31
1 8
2 16
3 18
4 19
5 1
6 24
7 10
8 14
9 12
10 7
11 9
12 33
13 28
14 13
15 29
16 4
17 25
18 0
19 2
20 26
21 15
22 21
23 20
24 23
25 30
26 17
27 5
28 11
29 27
30 32
31 3
32 22
33 6
SIMILAR

2 14 8 9 10 28 7 32 29 33 3 16 6 18 15 1 0 31 5 27 4 22 23 21 24 11 25 19 30 12 26 20 13 17 
0 16
1 15
2 0
3 10
4 20
5 18
6 12
7 6
8 2
9 3
10 4
11 25
12 29
13 32
14 1
15 14
16 11
17 33
18 13
19 27
20 31
21 23
22 21
23 22
24 24
25 26
26 30
27 19
28 5
29 8
30 28
31 17
32 7
33 9
SIMILAR

20 32 23 31 8 7 2 19 22 25 9 16 15 21 28 14 0 24 1 29 18 4 11 30 17 13 6 33 10 26 12 5 27 3 
0 16
1 18
2 6
3 33
4 21
5 31
6 26
7 5
8 4
9 10
10 28
11 22
12 30
13 25
14 15
15 12
16 11
17 24
18 20
19 7
20 0
21 13
22 8
23 2
24 17
25 9
26 29
27 32
28 14
29 19
30 23
31 3
32 1
33 27
SIMILAR

28 25 1 15 27 30 32 0 20 33 21 29 19 2 10 14 5 12 3 6 4 23 11 13 8 26 22 18 7 24 31 17 9 16 
0 7
1 2
2 13
3 18
4 20
5 16
6 19
7 28
8 24
9 32
10 14
11 22
12 17
13 23
14 15
15 3
16 33
17 31
18 27
19 12
20 8
21 10
22 26
23 21
24 29
25 1
26 25
27 4
28 0
29 11
30 5
31 30
32 6
33 9
SIMILAR

14 20 2 22 33 0 6 3 15 28 31 12 5 18 1 16 9 25 29 32 11 26 21 27 4 8 19 13 23 10 24 7 17 30 
0 5
1 14
2 2
3 7
4 24
5 12
6 6
7 31
8 25
9 16
10 29
11 20
12 11
13 27
14 0
15 8
16 15
17 32
18 13
19 26
20 1
21 22
22 3
23 28
24 30
25 17
26 21
27 23
28 9
29 18
30 33
31 10
32 19
33 4
SIMILAR

28 30 29 27 20 16 23 21 2 19 24 3 4 26 25 17 12 18 32 33 15 7 0 9 31 5 11 13 6 10 8 1 14 22 
0 22
1 31
2 8
3 11
4 12
5 25
6 28
7 21
8 30
9 23
10 29
11 26
12 16
13 27
14 32
15 20
16 5
17 15
18 17
19 9
20 4
21 7
22 33
23 6
24 10
25 14
26 13
27 3
28 0
29 2
30 1
31 24
32 18
33 19
SIMILAR

25 23 9 29 18 5 10 6 20 4 24 31 28 2 19 13 27 21 14 8 30 33 1 17 12 7 16 32 15 26 22 3 0 11 
0 32
1 22
2 13
3 31
4 9
5 5
6 7
7 25
8 19
9 2
10 6
11 33
12 24
13 15
14 18
15 28
16 26
17 23
18 4
19 14
20 8
21 17
22 30
23 1
24 10
25 0
26 29
27 16
28 12
29 3
30 20
31 11
32 27
33 21
SIMILAR

20 3 15 27 24 25 22 14 6 33 4 0 12 26 18 29 16 10 9 28 11 13 2 32 1 21 19 30 7 8 31 5 17 23 
0 11
1 24
2 22
3 1
4 10
5 31
6 8
7 28
8 29
9 18
10 17
11 20
12 12
13 21
14 7
15 2
16 16
17 32
18 14
19 26
20 0
21 25
22 6
23 33
24 4
25 5
26 13
27 3
28 19
29 15
30 27
31 30
32 23
33 9
SIMILAR

20 32 19 30 8 10 6 13 27 31 17 1 0 23 18 14 15 11 29 5 25 12 26 33 3 21 2 7 9 28 24 22 4 16 
0 12
1 11
2 26
3 24
4 32
5 19
6 6
7 27
8 4
9 28
10 5
11 17
12 21
13 7
14 15
15 16
16 33
17 10
18 14
19 2
20 0
21 25
22 31
23 13
24 30
25 20
26 22
27 8
28 29
29 18
30 3
31 9
32 1
33 23
SIMILAR

7 31 20 3 26 8 29 22 17 23 4 28 6 13 0 33 25 1 15 27 11 16 10 30 2 32 19 5 9 12 18 21 24 14 
0 14
1 17
2 24
3 3
4 10
5 27
6 12
7 0
8 5
9 28
10 22
11 20
12 29
13 13
14 33
15 18
16 21
17 8
18 30
19 26
20 2
21 31
22 7
23 9
24 32
25 16
26 4
27 19
28 11
29 6
30 23
31 1
32 25
33 15
SIMILAR

16 7 25 9 10 24 26 13 22 28 17 33 19 6 4 27 32 2 30 23 12 3 0 20 15 8 21 5 1 18 14 29 31 11 
0 22
1 28
2 17
3 21
4 14
5 27
6 13
7 1
8 25
9 3
10 4
11 33
12 20
13 7
14 30
15 24
16 0
17 10
18 29
19 12
20 23
21 26
22 8
23 19
24 5
25 2
26 6
27 15
28 9
29 31
30 18
31 32
32 16
33 11
SIMILAR

4 10 13 1 27 3 19 2 21 0 32 20 29 6 28 25 23 7 31 26 22 30 9 12 15 18 11 17 5 24 16 8 33 14 
0 9
1 3
2 7
3 5
4 0
5 28
6 13
7 17
8 31
9 22
10 1
11 26
12 23
13 2
14 33
15 24
16 30
17 27
18 25
19 6
20 11
21 8
22 20
23 16
24 29
25 15
26 19
27 4
28 14
29 12
30 21
31 18
32 10
33 32
SIMILAR

25 20 24 3 5 9 13 17 16 31 23 33 14 30 0 19 28 15 32 2 10 27 1 6 26 22 29 18 7 12 4 8 11 21 
0 14
1 22
2 19
3 3
4 30
5 4
6 23
7 28
8 31
9 5
10 20
11 32
12 29
13 6
14 12
15 17
16 8
17 7
18 27
19 15
20 1
21 33
22 25
23 10
24 2
25 0
26 24
27 21
28 16
29 26
30 13
31 9
32 18
33 11
SIMILAR

20 25 2 15 21 5 16 29 28 3 0 23 17 33 26 11 1 9 10 31 12 30 19 13 27 14 6 24 8 7 18 22 4 32 
0 10
1 16
2 2
3 9
4 32
5 5
6 26
7 29
8 28
9 17
10 18
11 15
12 20
13 23
14 25
15 3
16 6
17 12
18 30
19 22
20 0
21 4
22 31
23 11
24 27
25 1
26 14
27 24
28 8
29 7
30 21
31 19
32 33
33 13
SIMILAR

1 2 23 33 14 24 8 27 17 11 15 28 9 26 10 31 18 13 20 32 25 7 0 3 21 16 5 29 19 22 6 4 30 12 
0 22
1 0
2 1
3 23
4 31
5 26
6 30
7 21
8 6
9 12
10 14
11 9
12 33
13 17
14 4
15 10
16 25
17 8
18 16
19 28
20 18
21 24
22 29
23 2
24 5
25 20
26 13
27 7
28 11
29 27
30 32
31 15
32 19
33 3
SIMILAR

13 21 9 4 15 23 6 33 17 10 7 31 0 28 1 26 8 5 11 18 3 19 2 27 25 12 30 16 32 14 29 24 20 22 
0 12
1 14
2 22
3 20
4 3
5 17
6 6
7 10
8 16
9 2
10 9
11 18
12 25
13 0
14 29
15 4
16 27
17 8
18 19
19 21
20 32
21 1
22 33
23 5
24 31
25 24
26 15
27 23
28 13
29 30
30 26
31 11
32 28
33 7
SIMILAR

13 33 32 9 1 7 24 21 6 30 17 14 5 23 0 8 31 29 26 4 19 16 12 3 27 20 10 11 15 2 18 22 25 28 
0 14
1 4
2 29
3 23
4 19
5 12
6 8
7 5
8 15
9 3
10 26
11 27
12 22
13 0
14 11
15 28
16 21
17 10
18 30
19 20
20 25
21 7
22 31
23 13
24 6
25 32
26 18
27 24
28 33
29 17
30 9
31 16
32 2
33 1
SIMILAR

32 5 14 6 31 24 2 7 29 10 9 25 27 4 15 23 28 21 16 3 20 17 18 13 30 19 33 22 12 1 8 26 0 11 
0 32
1 29
2 6
3 19
4 13
5 1
6 3
7 7
8 30
9 10
10 9
11 33
12 28
13 23
14 2
15 14
16 18
17 21
18 22
19 25
20 20
21 17
22 27
23 15
24 5
25 11
26 31
27 12
28 16
29 8
30 24
31 4
32 0
33 26
SIMILAR

15 32 31 27 12 24 19 18 26 0 7 10 28 23 33 20 16 25 22 3 30 6 9 21 1 8 29 14 4 5 11 2 17 13 
0 9
1 24
2 31
3 19
4 28
5 29
6 21
7 10
8 25
9 22
10 11
11 30
12 4
13 33
14 27
15 0
16 16
17 32
18 7
19 6
20 15
21 23
22 18
23 13
24 5
25 17
26 8
27 3
28 12
29 26
30 20
31 2
32 1
33 14
SIMILAR

16 22 7 33 31 4 28 20 19 11 8 3 5 23 14 21 13 26 9 29 2 6 18 17 27 12 24 30 10 32 1 25 0 15 
0 32
1 30
2 20
3 11
4 5
5 12
6 21
7 2
8 10
9 18
10 28
11 9
12 25
13 16
14 14
15 33
16 0
17 23
18 22
19 8
20 7
21 15
22 1
23 13
24 26
25 31
26 17
27 24
28 6
29 19
30 27
31 4
32 29
33 3
SIMILAR

17 12 20 2 18 6 25 11 27 29 9 5 32 3 8 7 26 28 13 22 21 1 33 4 31 10 0 16 14 15 24 30 23 19 
0 26
1 21
2 3
3 13
4 23
5 11
6 5
7 15
8 14
9 10
10 25
11 7
12 1
13 18
14 28
15 29
16 27
17 0
18 4
19 33
20 2
21 20
22 19
23 32
24 30
25 6
26 16
27 8
28 17
29 9
30 31
31 24
32 12
33 22
SIMILAR

1 16 0 8 18 4 13 10 14 3 6 25 9 26 12 21 31 23 2 33 19 32 28 17 22 27 29 20 30 5 7 24 11 15 
0 2
1 0
2 18
3 9
4 5
5 29
6 10
7 30
8 3
9 12
10 7
11 32
12 14
13 6
14 8
15 33
16 1
17 23
18 4
19 20
20 27
21 15
22 24
23 17
24 31
25 11
26 13
27 25
28 22
29 26
30 28
31 16
32 21
33 19
SIMILAR

19 11 10 24 32 25 22 21 12 14 26 1 2 20 8 33 29 18 17 5 28 23 6 13 30 7 3 15 4 16 31 27 0 9 
0 32
1 11
2 12
3 26
4 28
5 19
6 22
7 25
8 14
9 33
10 2
11 1
12 8
13 23
14 9
15 27
16 29
17 18
18 17
19 0
20 13
21 7
22 6
23 21
24 3
25 5
26 10
27 31
28 20
29 16
30 24
31 30
32 4
33 15
SIMILAR

30 3 28 4 26 10 18 27 31 33 24 2 29 11 14 21 13 23 8 17 12 9 25 32 19 16 1 5 20 22 6 0 7 15 
0 31
1 26
2 11
3 1
4 3
5 27
6 30
7 32
8 18
9 21
10 5
11 13
12 20
13 16
14 14
15 33
16 25
17 19
18 6
19 24
20 28
21 15
22 29
23 17
24 10
25 22
26 4
27 7
28 2
29 12
30 0
31 8
32 23
33 9
SIMILAR

1 0 21 23 8 3 9 33 32 15 2 27 26 11 5 16 7 30 6 12 17 31 29 19 10 4 14 28 18 25 20 13 22 24 
0 1
1 0
2 10
3 5
4 25
5 14
6 18
7 16
8 4
9 6
10 24
11 13
12 19
13 31
14 26
15 9
16 15
17 20
18 28
19 23
20 30
21 2
22 32
23 3
24 33
25 29
26 12
27 11
28 27
29 22
30 17
31 21
32 8
33 7
SIMILAR

4 10 27 13 33 32 31 1 23 17 9 30 2 22 5 6 24 3 25 8 19 28 20 21 11 29 26 15 7 0 12 18 16 14 
0 29
1 7
2 12
3 17
4 0
5 14
6 15
7 28
8 19
9 10
10 1
11 24
12 30
13 3
14 33
15 27
16 32
17 9
18 31
19 20
20 22
21 23
22 13
23 8
24 16
25 18
26 26
27 2
28 21
29 25
30 11
31 6
32 5
33 4
SIMILAR

24 33 18 28 9 19 21 29 11 27 23 32 5 22 2 31 14 0 7 26 3 25 1 6 10 4 8 16 17 15 13 20 30 12 
0 17
1 22
2 14
3 20
4 25
5 12
6 23
7 18
8 26
9 4
10 24
11 8
12 33
13 30
14 16
15 29
16 27
17 28
18 2
19 5
20 31
21 6
22 13
23 10
24 0
25 21
26 19
27 9
28 3
29 7
30 32
31 15
32 11
33 1
SIMILAR

8 11 21 7 1 20 23 17 25 2 31 26 33 16 19 5 0 9 6 29 24 18 12 13 28 22 14 30 32 3 27 4 10 15 
0 16
1 4
2 9
3 29
4 31
5 15
6 18
7 3
8 0
9 17
10 32
11 1
12 22
13 23
14 26
15 33
16 13
17 7
18 21
19 14
20 5
21 2
22 25
23 6
24 20
25 8
26 11
27 30
28 24
29 19
30 27
31 10
32 28
33 12
SIMILAR

22 7 23 12 15 31 18 19 3 9 30 13 32 33 21 26 16 11 24 2 8 10 25 4 29 1 28 17 5 27 14 0 6 20 
0 31
1 25
2 19
3 8
4 23
5 28
6 32
7 1
8 20
9 9
10 21
11 17
12 3
13 11
14 30
15 4
16 16
17 27
18 6
19 7
20 33
21 14
22 0
23 2
24 18
25 22
26 15
27 29
28 26
29 24
30 10
31 5
32 12
33 13
SIMILAR

25 13 1 19 9 27 15 31 4 11 20 17 6 16 23 8 29 5 26 24 14 7 3 2 21 32 10 12 33 28 18 0 22 30 
0 31
1 2
2 23
3 22
4 8
5 17
6 12
7 21
8 15
9 4
10 26
11 9
12 27
13 1
14 20
15 6
16 13
17 11
18 30
19 3
20 10
21 24
22 32
23 14
24 19
25 0
26 18
27 5
28 29
29 16
30 33
31 7
32 25
33 28
SIMILAR

33 23 29 17 27 30 25 31 19 0 9 28 3 21 8 10 18 2 20 6 11 1 4 32 24 14 16 22 13 26 7 5 12 15 
0 9
1 21
2 17
3 12
4 22
5 31
6 19
7 30
8 14
9 10
10 15
11 20
12 32
13 28
14 25
15 33
16 26
17 3
18 16
19 8
20 18
21 13
22 27
23 1
24 24
25 6
26 29
27 4
28 11
29 2
30 5
31 7
32 23
33 0
SIMILAR

33 23 13 22 27 17 1 12 32 16 4 9 30 2 7 21 8 6 28 24 18 3 31 11 5 0 26 25 29 20 14 15 10 19 
0 25
1 6
2 13
3 21
4 10
5 24
6 17
7 14
8 16
9 11
10 32
11 23
12 7
13 2
14 30
15 31
16 9
17 5
18 20
19 33
20 29
21 15
22 3
23 1
24 19
25 27
26 26
27 4
28 18
29 28
30 12
31 22
32 8
33 0
SIMILAR

26 31 24 12 30 29 0 11 33 28 17 9 25 18 5 21 7 3 1 8 16 13 15 4 20 27 32 22 19 6 23 2 14 10 
0 6
1 18
2 31
3 17
4 23
5 14
6 29
7 16
8 19
9 11
10 33
11 7
12 3
13 21
14 32
15 22
16 20
17 10
18 13
19 28
20 24
21 15
22 27
23 30
24 2
25 12
26 0
27 25
28 9
29 5
30 4
31 1
32 26
33 8
SIMILAR

14 2 23 15 18 31 1 7 27 12 33 16 29 22 11 19 32 4 10 20 13 25 9 21 0 8 6 24 17 3 28 26 30 5 
0 24
1 6
2 1
3 29
4 17
5 33
6 26
7 7
8 25
9 22
10 18
11 14
12 9
13 20
14 0
15 3
16 11
17 28
18 4
19 15
20 19
21 23
22 13
23 2
24 27
25 21
26 31
27 8
28 30
29 12
30 32
31 5
32 16
33 10
SIMILAR

2 14 19 18 5 13 24 33 7 4 20 16 17 22 21 30 10 6 23 8 32 26 9 29 27 28 12 31 0 3 1 15 11 25 
0 28
1 30
2 0
3 29
4 9
5 4
6 17
7 8
8 19
9 22
10 16
11 32
12 26
13 5
14 1
15 31
16 11
17 12
18 3
19 2
20 10
21 14
22 13
23 18
24 6
25 33
26 21
27 24
28 25
29 23
30 15
31 27
32 20
33 7
SIMILAR

3 12 16 27 7 28 13 21 6 15 9 14 20 29 10 26 17 32 0 1 25 18 2 5 30 23 19 11 24 8 22 33 31 4 
0 18
1 19
2 22
3 0
4 33
5 23
6 8
7 4
8 29
9 10
10 14
11 27
12 1
13 6
14 11
15 9
16 2
17 16
18 21
19 26
20 12
21 7
22 30
23 25
24 28
25 20
26 15
27 3
28 5
29 13
30 24
31 32
32 17
33 31
SIMILAR

18 23 5 21 26 11 24 10 15 30 20 27 2 9 6 17 4 33 32 12 14 28 1 8 22 7 29 13 0 25 19 16 31 3 
0 28
1 22
2 12
3 33
4 16
5 2
6 14
7 25
8 23
9 13
10 7
11 5
12 19
13 27
14 20
15 8
16 31
17 15
18 0
19 30
20 10
21 3
22 24
23 1
24 6
25 29
26 4
27 11
28 21
29 26
30 9
31 32
32 18
33 17
SIMILAR

25 29 28 3 11 8 22 30 17 27 31 6 13 15 4 32 5 12 19 24 33 23 26 2 1 0 7 21 10 18 16 14 9 20 
0 25
1 24
2 23
3 3
4 14
5 16
6 11
7 26
8 5
9 32
10 28
11 4
12 17
13 12
14 31
15 13
16 30
17 8
18 29
19 18
20 33
21 27
22 6
23 21
24 19
25 0
26 22
27 9
28 2
29 1
30 7
31 10
32 15
33 20
SIMILAR

24 7 25 19 30 3 8 28 0 6 5 2 27 26 4 21 20 16 13 31 10 11 22 17 33 32 29 1 12 15 18 23 9 14 
0 8
1 27
2 11
3 5
4 14
5 10
6 9
7 1
8 6
9 32
10 20
11 21
12 28
13 18
14 33
15 29
16 17
17 23
18 30
19 3
20 16
21 15
22 22
23 31
24 0
25 2
26 13
27 12
28 7
29 26
30 4
31 19
32 25
33 24
SIMILAR

19 7 16 28 32 8 2 6 33 17 4 11 22 23 13 27 31 1 15 26 24 25 9 30 18 0 21 29 3 10 12 14 5 20 
0 25
1 17
2 6
3 28
4 10
5 32
6 7
7 1
8 5
9 22
10 29
11 11
12 30
13 14
14 31
15 18
16 2
17 9
18 24
19 0
20 33
21 26
22 12
23 13
24 20
25 21
26 19
27 15
28 3
29 27
30 23
31 16
32 4
33 8
SIMILAR

33 4 9 28 8 3 19 11 17 23 21 27 15 29 25 16 26 18 13 20 22 30 24 12 31 0 10 7 14 6 1 2 32 5 
0 25
1 30
2 31
3 5
4 1
5 33
6 29
7 27
8 4
9 2
10 26
11 7
12 23
13 18
14 28
15 12
16 15
17 8
18 17
19 6
20 19
21 10
22 20
23 9
24 22
25 14
26 16
27 11
28 3
29 13
30 21
31 24
32 32
33 0
SIMILAR

22 33 6 11 27 32 0 13 1 23 10 7 26 24 20 3 29 18 21 25 17 4 30 14 16 8 5 2 31 9 28 12 15 19 
0 6
1 8
2 27
3 15
4 21
5 26
6 2
7 11
8 25
9 29
10 10
11 3
12 31
13 7
14 23
15 32
16 24
17 20
18 17
19 33
20 14
21 18
22 0
23 9
24 13
25 19
26 12
27 4
28 30
29 16
30 22
31 28
32 5
33 1
SIMILAR

26 6 7 5 8 25 17 2 3 19 20 1 16 11 10 30 21 12 33 15 13 14 31 23 27 18 9 0 22 29 28 4 32 24 
0 27
1 11
2 7
3 8
4 31
5 3
6 1
7 2
8 4
9 26
10 14
11 13
12 17
13 20
14 21
15 19
16 12
17 6
18 25
19 9
20 10
21 16
22 28
23 23
24 33
25 5
26 0
27 24
28 30
29 29
30 15
31 22
32 32
33 18
SIMILAR

10 32 19 29 25 1 3 24 8 26 18 5 31 23 11 33 7 4 17 22 13 28 14 2 12 6 30 21 16 27 20 15 9 0 
0 33
1 5
2 23
3 6
4 17
5 11
6 25
7 16
8 8
9 32
10 0
11 14
12 24
13 20
14 22
15 31
16 28
17 18
18 10
19 2
20 30
21 27
22 19
23 13
24 7
25 4
26 9
27 29
28 21
29 3
30 26
31 12
32 1
33 15
SIMILAR

13 0 11 17 7 16 10 9 25 15 2 31 22 26 1 4 29 18 8 6 20 32 5 19 12 33 3 27 14 28 23 24 21 30 
0 1
1 14
2 10
3 26
4 15
5 22
6 19
7 4
8 18
9 7
10 6
11 2
12 24
13 0
14 28
15 9
16 5
17 3
18 17
19 23
20 20
21 32
22 12
23 30
24 31
25 8
26 13
27 27
28 29
29 16
30 33
31 11
32 21
33 25
SIMILAR

7 9 1 11 30 21 2 25 4 15 16 19 26 12 33 24 6 23 3 10 27 32 18 22 31 29 17 20 0 14 5 8 13 28 
0 28
1 2
2 6
3 18
4 8
5 30
6 16
7 0
8 31
9 1
10 19
11 3
12 13
13 32
14 29
15 9
16 10
17 26
18 22
19 11
20 27
21 5
22 23
23 17
24 15
25 7
26 12
27 20
28 33
29 25
30 4
31 24
32 21
33 14
SIMILAR

9 4 16 29 19 10 30 14 27 8 18 1 5 22 0 17 33 7 32 6 31 20 2 11 15 13 24 3 25 26 21 23 28 12 
0 14
1 11
2 22
3 27
4 1
5 12
6 19
7 17
8 9
9 0
10 5
11 23
12 33
13 25
14 7
15 24
16 2
17 15
18 10
19 4
20 21
21 30
22 13
23 31
24 26
25 28
26 29
27 8
28 32
29 3
30 6
31 20
32 18
33 16
SIMILAR

19 2 25 31 28 10 13 29 27 7 0 12 3 17 26 11 24 14 5 30 16 23 8 4 32 22 15 18 9 6 33 20 21 1 
0 10
1 33
2 1
3 12
4 23
5 18
6 29
7 9
8 22
9 28
10 5
11 15
12 11
13 6
14 17
15 26
16 20
17 13
18 27
19 0
20 31
21 32
22 25
23 21
24 16
25 2
26 14
27 8
28 4
29 7
30 19
31 3
32 24
33 30
SIMILAR

26 24 0 3 21 16 25 32 8 27 12 19 6 11 31 28 23 20 18 9 1 5 13 2 17 7 22 10 33 4 29 15 30 14 
0 2
1 20
2 23
3 3
4 29
5 21
6 12
7 25
8 8
9 19
10 27
11 13
12 10
13 22
14 33
15 31
16 5
17 24
18 18
19 11
20 17
21 4
22 26
23 16
24 1
25 6
26 0
27 9
28 15
29 30
30 32
31 14
32 7
33 28
SIMILAR

19 0 3 18 23 24 22 12 16 31 11 28 2 27 4 5 14 32 21 8 13 29 7 26 20 9 30 1 15 6 10 33 25 17 
0 1
1 27
2 12
3 2
4 14
5 15
6 29
7 22
8 19
9 25
10 30
11 10
12 7
13 20
14 16
15 28
16 8
17 33
18 3
19 0
20 24
21 18
22 6
23 4
24 5
25 32
26 23
27 13
28 11
29 21
30 26
31 9
32 17
33 31
SIMILAR
100 0
7200 0
307200 0
