34
0 0 0 0 1 0 0 1 1 0 0 0 0 0 0 1 1 0 0 1 0 0 1 0 0 1 0 1 0 0 0 0 0 1 
0 0 0 0 1 1 0 0 1 0 1 0 0 1 1 0 0 0 1 0 0 0 1 0 0 0 0 0 0 0 0 0 1 0 
0 0 0 1 0 1 0 1 1 1 0 1 1 0 0 1 0 1 0 1 0 1 1 1 1 0 1 0 1 1 1 0 1 1 
0 0 1 0 1 0 1 0 0 0 0 0 0 1 1 0 1 1 1 0 1 1 0 1 1 1 1 1 0 0 0 1 0 1 
1 1 0 1 0 0 1 0 0 0 0 0 1 1 0 1 1 1 0 1 1 0 0 0 0 1 1 0 1 0 0 0 1 0 
0 1 1 0 0 0 0 1 1 1 0 0 1 1 1 0 0 1 0 0 1 1 0 1 1 1 0 1 1 0 0 1 1 0 
0 0 0 1 1 0 0 0 0 0 1 0 1 0 1 1 1 0 1 1 0 0 0 1 0 0 0 0 1 1 1 1 1 1 
1 0 1 0 0 1 0 0 0 1 1 1 0 1 0 0 1 1 0 0 0 0 0 0 0 0 1 1 1 1 0 1 0 1 
1 1 1 0 0 1 0 0 0 1 1 1 0 1 0 0 1 0 0 0 0 0 0 1 0 0 1 1 0 0 1 1 0 1 
0 0 1 0 0 1 0 1 1 0 1 0 1 1 1 0 1 1 0 1 0 1 0 1 0 0 0 1 0 0 0 0 1 0 
0 1 0 0 0 0 1 1 1 1 0 1 0 0 1 0 0 0 1 0 0 1 0 1 0 1 0 0 1 1 1 0 0 1 
0 0 1 0 0 0 0 1 1 0 1 0 0 0 1 0 0 1 0 0 0 0 1 1 0 0 0 0 1 0 1 0 0 1 
0 0 1 0 1 1 1 0 0 1 0 0 0 1 0 1 1 1 0 0 1 0 0 1 0 1 1 0 0 0 1 1 1 0 
0 1 0 1 1 1 0 1 1 1 0 0 1 0 1 1 1 0 0 1 0 0 0 1 0 1 1 0 0 1 0 1 0 0 
0 1 0 1 0 1 1 0 0 1 1 1 0 1 0 1 1 0 1 1 1 1 0 0 1 1 1 1 1 0 1 0 0 1 
1 0 1 0 1 0 1 0 0 0 0 0 1 1 1 0 0 0 1 1 1 0 1 1 1 1 0 0 0 0 0 1 1 1 
1 0 0 1 1 0 1 1 1 1 0 0 1 1 1 0 0 0 1 1 0 0 1 0 1 1 0 1 0 1 1 1 1 0 
0 0 1 1 1 1 0 1 0 1 0 1 1 0 0 0 0 0 0 0 0 0 1 1 1 1 1 1 1 0 1 1 0 1 
0 1 0 1 0 0 1 0 0 0 1 0 0 0 1 1 1 0 0 1 0 1 1 1 1 1 1 0 0 1 0 0 1 1 
1 0 1 0 1 0 1 0 0 1 0 0 0 1 1 1 1 0 1 0 1 0 1 1 0 0 1 1 1 0 1 1 0 0 
0 0 0 1 1 1 0 0 0 0 0 0 1 0 1 1 0 0 0 1 0 1 1 0 1 0 1 1 1 0 1 1 0 1 
0 0 1 1 0 1 0 0 0 1 1 0 0 0 1 0 0 0 1 0 1 0 1 1 0 0 1 1 0 1 1 0 0 1 
1 1 1 0 0 0 0 0 0 0 0 1 0 0 0 1 1 1 1 1 1 1 0 1 1 0 1 0 1 0 1 1 1 1 
0 0 1 1 0 1 1 0 1 1 1 1 1 1 0 1 0 1 1 1 0 1 1 0 1 0 0 1 1 1 0 1 1 0 
0 0 1 1 0 1 0 0 0 0 0 0 0 0 1 1 1 1 1 0 1 0 1 1 0 1 1 0 0 1 0 1 0 0 
1 0 0 1 1 1 0 0 0 0 1 0 1 1 1 1 1 1 1 0 0 0 0 0 1 0 0 0 0 0 1 1 0 1 
0 0 1 1 1 0 0 1 1 0 0 0 1 1 1 0 0 1 1 1 1 1 1 0 1 0 0 0 1 0 0 0 0 0 
1 0 0 1 0 1 0 1 1 1 0 0 0 0 1 0 1 1 0 1 1 1 0 1 0 0 0 0 0 1 1 0 1 0 
0 0 1 0 1 1 1 1 0 0 1 1 0 0 1 0 0 1 0 1 1 0 1 1 0 0 1 0 0 0 0 0 0 1 
0 0 1 0 0 0 1 1 0 0 1 0 0 1 0 0 1 0 1 0 0 1 0 1 1 0 0 1 0 0 1 0 1 0 
0 0 1 0 0 0 1 0 1 0 1 1 1 0 1 0 1 1 0 1 1 1 1 0 0 1 0 1 0 1 0 1 1 0 
0 0 0 1 0 1 1 1 1 0 0 0 1 1 0 1 1 1 0 1 1 0 1 1 1 1 0 0 0 0 1 0 1 1 
0 1 1 0 1 1 1 0 0 1 0 0 1 0 0 1 1 0 1 0 0 0 1 1 0 0 0 1 0 1 1 1 0 0 
1 0 1 1 0 0 1 1 1 0 1 1 0 0 1 1 0 1 1 0 1 1 1 0 0 1 0 0 1 0 0 1 0 0 

30 31 6 17 27 4 13 16 2 8 25 21 33 7 20 1 0 15 32 5 19 24 9 22 12 29 11 10 14 3 23 18 26 28 
0 16
1 15
2 8
3 29
4 5
5 19
6 2
7 13
8 9
9 22
10 27
11 26
12 24
13 6
14 28
15 17
16 7
17 3
18 31
19 20
20 14
21 11
22 23
23 30
24 21
25 10
26 32
27 4
28 33
29 25
30 0
31 1
32 18
33 12
SIMILAR

28 31 33 4 8 26 17 0 3 20 18 32 1 6 19 5 12 16 13 29 25 30 23 22 21 10 7 14 27 11 24 15 9 2 
0 7
1 12
2 33
3 8
4 3
5 15
6 13
7 26
8 4
9 32
10 25
11 29
12 16
13 18
14 27
15 31
16 17
17 6
18 10
19 14
20 9
21 24
22 23
23 22
24 30
25 20
26 5
27 28
28 0
29 19
30 21
31 1
32 11
33 2
SIMILAR

19 11 14 24 15 25 4 9 30 10 29 1 17 32 21 3 5 26 31 7 18 2 0 20 12 27 33 8 23 22 16 28 13 6 
0 22
1 11
2 21
3 15
4 6
5 16
6 33
7 19
8 27
9 7
10 9
11 1
12 24
13 32
14 2
15 4
16 30
17 12
18 20
19 0
20 23
21 14
22 29
23 28
24 3
25 5
26 17
27 25
28 31
29 10
30 8
31 18
32 13
33 26
SIMILAR

12 30 2 29 28 20 8 24 10 4 14 27 31 21 32 5 23 22 7 26 11 19 0 13 25 17 3 6 1 9 18 16 15 33 
0 22
1 28
2 2
3 26
4 9
5 15
6 27
7 18
8 6
9 29
10 8
11 20
12 0
13 23
14 10
15 32
16 31
17 25
18 30
19 21
20 5
21 13
22 17
23 16
24 7
25 24
26 19
27 11
28 4
29 3
30 1
31 12
32 14
33 33
SIMILAR

2 14 17 11 13 30 6 32 26 25 1 7 8 23 9 16 18 12 31 21 22 27 24 10 4 33 20 15 3 19 29 28 0 5 
0 32
1 10
2 0
3 28
4 24
5 33
6 6
7 11
8 12
9 14
10 23
11 3
12 17
13 4
14 1
15 27
16 15
17 2
18 16
19 29
20 26
21 19
22 20
23 13
24 22
25 9
26 8
27 21
28 31
29 30
30 5
31 18
32 7
33 25
SIMILAR

33 20 22 30 6 14 5 19 24 17 4 9 16 7 13 26 29 31 25 2 27 0 10 8 15 12 21 18 32 3 28 1 23 11 
0 21
1 31
2 19
3 29
4 10
5 6
6 4
7 13
8 23
9 11
10 22
11 33
12 25
13 14
14 5
15 24
16 12
17 9
18 27
19 7
20 1
21 26
22 2
23 32
24 8
25 18
26 15
27 20
28 30
29 16
30 3
31 17
32 28
33 0
SIMILAR

2 5 10 7 14 12 20 24 33 21 16 3 0 29 18 26 4 15 6 27 9 11 31 30 22 25 1 19 8 32 23 17 28 13 
0 12
1 26
2 0
3 11
4 16
5 1
6 18
7 3
8 28
9 20
10 2
11 21
12 5
13 33
14 4
15 17
16 10
17 31
18 14
19 27
20 6
21 9
22 24
23 30
24 7
25 25
26 15
27 19
28 32
29 13
30 23
31 22
32 29
33 8
SIMILAR

32 14 21 30 1 22 18 7 25 11 20 3 33 23 13 12 24 4 6 5 9 8 29 27 17 31 0 10 15 19 28 16 26 2 
0 26
1 4
2 33
3 11
4 17
5 19
6 18
7 7
8 21
9 20
10 27
11 9
12 15
13 14
14 1
15 28
16 31
17 24
18 6
19 29
20 10
21 2
22 5
23 13
24 16
25 8
26 32
27 23
28 30
29 22
30 3
31 25
32 0
33 12
SIMILAR

26 9 18 13 5 4 11 30 27 17 31 16 8 12 32 28 33 10 21 25 19 24 15 6 20 29 22 23 2 7 0 1 14 3 
0 30
1 31
2 28
3 33
4 5
5 4
6 23
7 29
8 12
9 1
10 17
11 6
12 13
13 3
14 32
15 22
16 11
17 9
18 2
19 20
20 24
21 18
22 26
23 27
24 21
25 19
26 0
27 8
28 15
29 25
30 7
31 10
32 14
33 16
SIMILAR

31 5 14 32 21 18 16 30 7 3 26 4 12 11 15 25 24 10 19 28 29 33 6 0 23 27 1 17 13 8 2 9 22 20 
0 23
1 26
2 30
3 9
4 11
5 1
6 22
7 8
8 29
9 31
10 17
11 13
12 12
13 28
14 2
15 14
16 6
17 27
18 5
19 18
20 33
21 4
22 32
23 24
24 16
25 15
26 10
27 25
28 19
29 20
30 7
31 0
32 3
33 21
SIMILAR

6 21 5 7 8 10 19 22 1 27 28 12 31 23 20 4 24 14 30 33 25 16 3 2 29 13 0 18 26 32 11 9 15 17 
0 26
1 8
2 23
3 22
4 15
5 2
6 0
7 3
8 4
9 31
10 5
11 30
12 11
13 25
14 17
15 32
16 21
17 33
18 27
19 6
20 14
21 1
22 7
23 13
24 16
25 20
26 28
27 9
28 10
29 24
30 18
31 12
32 29
33 19
SIMILAR

0 5 10 15 26 32 6 12 22 25 17 33 20 11 14 27 23 29 8 19 16 24 21 28 2 9 30 4 13 31 18 1 3 7 
0 0
1 31
2 24
3 32
4 27
5 1
6 6
7 33
8 18
9 25
10 2
11 13
12 7
13 28
14 14
15 3
16 20
17 10
18 30
19 19
20 12
21 22
22 8
23 16
24 21
25 9
26 4
27 15
28 23
29 17
30 26
31 29
32 5
33 11
SIMILAR

25 21 15 30 13 32 5 33 16 14 3 2 18 0 10 4 7 27 22 8 11 1 12 17 23 28 24 26 6 29 19 31 9 20 
0 13
1 21
2 11
3 10
4 15
5 6
6 28
7 16
8 19
9 32
10 14
11 20
12 22
13 4
14 9
15 2
16 8
17 23
18 12
19 30
20 33
21 1
22 18
23 24
24 26
25 0
26 27
27 17
28 25
29 29
30 3
31 31
32 5
33 7
SIMILAR

19 21 4 17 24 9 28 7 18 12 22 27 15 13 0 25 5 3 31 6 16 20 10 32 2 14 11 30 26 33 8 1 23 29 
0 14
1 31
2 24
3 17
4 2
5 16
6 19
7 7
8 30
9 5
10 22
11 26
12 9
13 13
14 25
15 12
16 20
17 3
18 8
19 0
20 21
21 1
22 10
23 32
24 4
25 15
26 28
27 11
28 6
29 33
30 27
31 18
32 23
33 29
SIMILAR

33 4 17 28 7 25 13 9 31 1 6 30 24 15 14 5 11 20 18 8 10 16 29 0 21 32 27 23 19 26 2 22 12 3 
0 23
1 9
2 30
3 33
4 1
5 15
6 10
7 4
8 19
9 7
10 20
11 16
12 32
13 6
14 14
15 13
16 21
17 2
18 18
19 28
20 17
21 24
22 31
23 27
24 12
25 5
26 29
27 26
28 3
29 22
30 11
31 8
32 25
33 0
SIMILAR

5 15 1 25 31 26 7 4 14 27 8 20 2 13 29 23 12 18 19 28 32 16 24 33 21 10 17 30 0 9 6 3 22 11 
0 28
1 2
2 12
3 31
4 7
5 0
6 30
7 6
8 10
9 29
10 25
11 33
12 16
13 13
14 8
15 1
16 21
17 26
18 17
19 18
20 11
21 24
22 32
23 15
24 22
25 3
26 5
27 9
28 19
29 14
30 27
31 4
32 20
33 23
SIMILAR

4 33 11 31 21 13 8 19 26 30 1 18 27 0 2 14 15 6 7 20 5 29 16 22 25 23 9 24 32 10 3 12 17 28 
0 13
1 10
2 14
3 30
4 0
5 20
6 17
7 18
8 6
9 26
10 29
11 2
12 31
13 5
14 15
15 16
16 22
17 32
18 11
19 7
20 19
21 4
22 23
23 25
24 27
25 24
26 8
27 12
28 33
29 21
30 9
31 3
32 28
33 1
SIMILAR

21 15 14 1 10 27 30 20 8 32 17 25 7 11 24 4 5 13 28 18 2 23 33 9 6 19 16 26 29 0 22 3 12 31 
0 29
1 3
2 20
3 31
4 15
5 16
6 24
7 12
8 8
9 23
10 4
11 13
12 32
13 17
14 2
15 1
16 26
17 10
18 19
19 25
20 7
21 0
22 30
23 21
24 14
25 11
26 27
27 5
28 18
29 28
30 6
31 33
32 9
33 22
SIMILAR

23 8 26 0 6 11 33 17 15 1 25 12 10 27 29 7 30 18 32 22 19 3 16 24 2 5 14 9 28 13 4 21 31 20 
0 3
1 9
2 24
3 21
4 30
5 25
6 4
7 15
8 1
9 27
10 12
11 5
12 11
13 29
14 26
15 8
16 22
17 7
18 17
19 20
20 33
21 31
22 19
23 0
24 23
25 10
26 2
27 13
28 28
29 14
30 16
31 32
32 18
33 6
SIMILAR

23 26 16 14 20 25 28 9 12 19 15 29 0 3 4 8 5 7 10 17 22 1 13 33 27 11 6 21 32 31 2 30 24 18 
0 12
1 21
2 30
3 13
4 14
5 16
6 26
7 17
8 15
9 7
10 18
11 25
12 8
13 22
14 3
15 10
16 2
17 19
18 33
19 9
20 4
21 27
22 20
23 0
24 32
25 5
26 1
27 24
28 6
29 11
30 31
31 29
32 28
33 23
SIMILAR

0 27 9 5 26 15 30 32 20 8 4 2 1 18 19 22 21 12 33 29 16 23 11 17 31 10 14 13 24 6 7 3 28 25 
0 0
1 12
2 11
3 31
4 10
5 3
6 29
7 30
8 9
9 2
10 25
11 22
12 17
13 27
14 26
15 5
16 20
17 23
18 13
19 14
20 8
21 16
22 15
23 21
24 28
25 33
26 4
27 1
28 32
29 19
30 6
31 24
32 7
33 18
SIMILAR

22 2 0 32 25 16 6 26 31 28 8 17 3 19 23 21 18 15 14 30 20 12 9 11 7 24 29 13 27 4 10 1 5 33 
0 2
1 31
2 1
3 12
4 29
5 32
6 6
7 24
8 10
9 22
10 30
11 23
12 21
13 27
14 18
15 17
16 5
17 11
18 16
19 13
20 20
21 15
22 0
23 14
24 25
25 4
26 7
27 28
28 9
29 26
30 19
31 8
32 3
33 33
SIMILAR

5 9 12 11 23 14 7 10 16 31 3 0 2 15 32 27 8 30 24 29 4 26 20 28 13 22 6 17 19 1 21 18 33 25 
0 11
1 29
2 12
3 10
4 20
5 0
6 26
7 6
8 16
9 1
10 7
11 3
12 2
13 24
14 5
15 13
16 8
17 27
18 31
19 28
20 22
21 30
22 25
23 4
24 18
25 33
26 21
27 15
28 23
29 19
30 17
31 9
32 14
33 32
SIMILAR

27 14 23 33 6 32 25 1 2 0 26 3 29 5 15 16 9 19 30 18 20 22 24 11 4 13 10 21 12 8 7 28 17 31 
0 9
1 7
2 8
3 11
4 24
5 13
6 4
7 30
8 29
9 16
10 26
11 23
12 28
13 25
14 1
15 14
16 15
17 32
18 19
19 17
20 20
21 27
22 21
23 2
24 22
25 6
26 10
27 0
28 31
29 12
30 18
31 33
32 5
33 3
SIMILAR

28 13 24 21 19 16 25 8 30 17 15 29 27 33 4 20 10 0 11 5 32 22 31 6 23 26 18 3 12 9 1 14 7 2 
0 17
1 30
2 33
3 27
4 14
5 19
6 23
7 32
8 7
9 29
10 16
11 18
12 28
13 1
14 31
15 10
16 5
17 9
18 26
19 4
20 15
21 3
22 21
23 24
24 2
25 6
26 25
27 12
28 0
29 11
30 8
31 22
32 20
33 13
SIMILAR

0 6 19 25 22 32 1 24 7 27 18 28 29 23 8 14 12 20 26 30 15 2 21 16 3 10 9 4 33 13 5 17 31 11 
0 0
1 6
2 21
3 24
4 27
5 30
6 1
7 8
8 14
9 26
10 25
11 33
12 16
13 29
14 15
15 20
16 23
17 31
18 10
19 2
20 17
21 22
22 4
23 13
24 7
25 3
26 18
27 9
28 11
29 12
30 19
31 32
32 5
33 28
SIMILAR

13 9 11 24 29 21 14 10 19 20 32 0 28 30 33 5 22 6 25 15 1 18 26 31 8 27 12 3 2 17 23 4 16 7 
0 11
1 20
2 28
3 27
4 31
5 15
6 17
7 33
8 24
9 1
10 7
11 2
12 26
13 0
14 6
15 19
16 32
17 29
18 21
19 8
20 9
21 5
22 16
23 30
24 3
25 18
26 22
27 25
28 12
29 4
30 13
31 23
32 10
33 14
SIMILAR

18 31 29 21 26 15 32 1 16 27 2 33 6 28 25 13 11 5 20 17 12 7 3 8 24 23 14 10 9 19 30 22 4 0 
0 33
1 7
2 10
3 22
4 32
5 17
6 12
7 21
8 23
9 28
10 27
11 16
12 20
13 15
14 26
15 5
16 8
17 19
18 0
19 29
20 18
21 3
22 31
23 25
24 24
25 14
26 4
27 9
28 13
29 2
30 30
31 1
32 6
33 11
SIMILAR

20 15 12 23 4 17 31 13 26 27 16 7 6 8 2 9 22 33 5 3 32 14 1 18 30 24 21 19 10 29 28 11 0 25 
0 32
1 22
2 14
3 19
4 4
5 18
6 12
7 11
8 13
9 15
10 28
11 31
12 2
13 7
14 21
15 1
16 10
17 5
18 23
19 27
20 0
21 26
22 16
23 3
24 25
25 33
26 8
27 9
28 30
29 29
30 24
31 6
32 20
33 17
SIMILAR

12 29 9 13 31 7 18 16 0 11 10 4 25 21 19 30 17 6 22 5 28 20 8 32 23 1 24 15 14 3 26 2 33 27 
0 8
1 25
2 31
3 29
4 11
5 19
6 17
7 5
8 22
9 2
10 10
11 9
12 0
13 3
14 28
15 27
16 7
17 16
18 6
19 14
20 21
21 13
22 18
23 24
24 26
25 12
26 30
27 33
28 20
29 1
30 15
31 4
32 23
33 32
SIMILAR

16 15 3 0 18 4 8 24 26 14 29 27 9 13 22 19 31 12 17 2 23 25 28 6 5 1 30 20 32 33 11 10 21 7 
0 3
1 25
2 19
3 2
4 5
5 24
6 23
7 33
8 6
9 12
10 31
11 30
12 17
13 13
14 9
15 1
16 0
17 18
18 4
19 15
20 27
21 32
22 14
23 20
24 7
25 21
26 8
27 11
28 22
29 10
30 26
31 16
32 28
33 29
SIMILAR

16 9 21 5 15 7 4 13 14 24 10 28 12 1 23 2 6 30 31 26 33 8 22 11 25 29 17 20 27 32 0 18 19 3 
0 30
1 13
2 15
3 33
4 6
5 3
6 16
7 5
8 21
9 1
10 10
11 23
12 12
13 7
14 8
15 4
16 0
17 26
18 31
19 32
20 27
21 2
22 22
23 14
24 9
25 24
26 19
27 28
28 11
29 25
30 17
31 18
32 29
33 20
SIMILAR

18 1 12 7 8 16 29 10 25 3 27 22 9 14 15 13 2 24 19 20 21 26 28 5 6 0 32 4 31 17 11 23 30 33 
0 25
1 1
2 16
3 9
4 27
5 23
6 24
7 3
8 4
9 12
10 7
11 30
12 2
13 15
14 13
15 14
16 5
17 29
18 0
19 18
20 19
21 20
22 11
23 31
24 17
25 8
26 21
27 10
28 22
29 6
30 32
31 28
32 26
33 33
SIMILAR

33 4 16 15 23 14 32 26 30 6 29 25 0 24 3 18 21 19 9 5 11 8 22 13 2 12 1 10 17 27 7 20 28 31 
0 12
1 26
2 24
3 14
4 1
5 19
6 9
7 30
8 21
9 18
10 27
11 20
12 25
13 23
14 5
15 3
16 2
17 28
18 15
19 17
20 31
21 16
22 22
23 4
24 13
25 11
26 7
27 29
28 32
29 10
30 8
31 33
32 6
33 0
SIMILAR

21 16 1 27 2 0 23 29 31 5 6 7 15 25 13 14 19 26 8 17 33 22 12 20 28 24 18 30 10 32 9 3 11 4 
0 5
1 2
2 4
3 31
4 33
5 9
6 10
7 11
8 18
9 30
10 28
11 32
12 22
13 14
14 15
15 12
16 1
17 19
18 26
19 16
20 23
21 0
22 21
23 6
24 25
25 13
26 17
27 3
28 24
29 7
30 27
31 8
32 29
33 20
SIMILAR

9 28 30 10 16 11 2 25 5 19 8 18 3 33 15 13 31 0 1 27 20 17 21 29 4 23 7 26 32 12 6 24 14 22 
0 17
1 18
2 6
3 12
4 24
5 8
6 30
7 26
8 10
9 0
10 3
11 5
12 29
13 15
14 32
15 14
16 4
17 21
18 11
19 9
20 20
21 22
22 33
23 25
24 31
25 7
26 27
27 19
28 1
29 23
30 2
31 16
32 28
33 13
SIMILAR

6 23 15 27 17 16 26 19 28 9 29 18 0 24 1 33 32 12 14 7 5 21 3 4 25 10 11 30 31 2 8 22 13 20 
0 12
1 14
2 29
3 22
4 23
5 20
6 0
7 19
8 30
9 9
10 25
11 26
12 17
13 32
14 18
15 2
16 5
17 4
18 11
19 7
20 33
21 21
22 31
23 1
24 13
25 24
26 6
27 3
28 8
29 10
30 27
31 28
32 16
33 15
SIMILAR

18 7 5 20 3 14 10 11 1 12 4 19 6 23 25 27 29 8 28 22 21 0 15 24 9 32 13 2 31 16 26 30 17 33 
0 21
1 8
2 27
3 4
4 10
5 2
6 12
7 1
8 17
9 24
10 6
11 7
12 9
13 26
14 5
15 22
16 29
17 32
18 0
19 11
20 3
21 20
22 19
23 13
24 23
25 14
26 30
27 15
28 18
29 16
30 31
31 28
32 25
33 33
SIMILAR

19 21 0 31 17 18 22 1 25 27 13 32 23 15 16 26 12 24 3 30 28 14 6 2 8 20 4 11 7 10 29 5 33 9 
0 2
1 7
2 23
3 18
4 26
5 31
6 22
7 28
8 24
9 33
10 29
11 27
12 16
13 10
14 21
15 13
16 14
17 4
18 5
19 0
20 25
21 1
22 6
23 12
24 17
25 8
26 15
27 9
28 20
29 30
30 19
31 3
32 11
33 32
SIMILAR

31 4 17 13 23 27 25 18 12 7 14 26 5 2 29 19 6 22 21 10 0 30 9 16 24 1 3 32 15 20 28 8 33 11 
0 20
1 25
2 13
3 26
4 1
5 12
6 16
7 9
8 31
9 22
10 19
11 33
12 8
13 3
14 10
15 28
16 23
17 2
18 7
19 15
20 29
21 18
22 17
23 4
24 24
25 6
26 11
27 5
28 30
29 14
30 21
31 0
32 27
33 32
SIMILAR

23 19 30 15 11 12 21 3 1 24 8 33 22 0 14 6 10 13 26 20 16 17 2 7 29 27 4 28 9 18 25 31 32 5 
0 13
1 8
2 22
3 7
4 26
5 33
6 15
7 23
8 10
9 28
10 16
11 4
12 5
13 17
14 14
15 3
16 20
17 21
18 29
19 1
20 19
21 6
22 12
23 0
24 9
25 30
26 18
27 25
28 27
29 24
30 2
31 31
32 32
33 11
SIMILAR

22 11 19 21 20 3 1 30 8 15 5 13 16 24 26 6 0 32 31 28 29 14 2 27 4 25 23 7 12 10 9 18 17 33 
0 16
1 6
2 22
3 5
4 24
5 10
6 15
7 27
8 8
9 30
10 29
11 1
12 28
13 11
14 21
15 9
16 12
17 32
18 31
19 2
20 4
21 3
22 0
23 26
24 13
25 25
26 14
27 23
28 19
29 20
30 7
31 18
32 17
33 33
SIMILAR

16 23 7 6 11 5 32 14 0 1 29 27 2 8 26 33 9 3 19 28 17 12 24 20 4 22 31 21 15 18 30 13 25 10 
0 8
1 9
2 12
3 17
4 24
5 5
6 3
7 2
8 13
9 16
10 33
11 4
12 21
13 31
14 7
15 28
16 0
17 20
18 29
19 18
20 23
21 27
22 25
23 1
24 22
25 32
26 14
27 11
28 19
29 10
30 30
31 26
32 6
33 15
SIMILAR

19 21 24 16 32 4 15 10 1 26 18 11 14 20 25 0 13 28 31 23 33 8 9 30 5 17 3 7 6 22 29 12 2 27 
0 15
1 8
2 32
3 26
4 5
5 24
6 28
7 27
8 21
9 22
10 7
11 11
12 31
13 16
14 12
15 6
16 3
17 25
18 10
19 0
20 13
21 1
22 29
23 19
24 2
25 14
26 9
27 33
28 17
29 30
30 23
31 18
32 4
33 20
SIMILAR

9 30 22 28 2 24 31 6 1 26 33 14 25 11 20 23 17 10 8 32 5 4 29 7 12 3 18 13 16 19 27 21 15 0 
0 33
1 8
2 4
3 25
4 21
5 20
6 7
7 23
8 18
9 0
10 17
11 13
12 24
13 27
14 11
15 32
16 28
17 16
18 26
19 29
20 14
21 31
22 2
23 15
24 5
25 12
26 9
27 30
28 3
29 22
30 1
31 6
32 19
33 10
SIMILAR

3 1 28 30 31 10 12 11 14 29 9 2 16 7 0 22 24 21 4 25 26 8 15 17 20 6 23 33 5 27 18 13 19 32 
0 14
1 1
2 11
3 0
4 18
5 28
6 25
7 13
8 21
9 10
10 5
11 7
12 6
13 31
14 8
15 22
16 12
17 23
18 30
19 32
20 24
21 17
22 15
23 26
24 16
25 19
26 20
27 29
28 2
29 9
30 3
31 4
32 33
33 27
SIMILAR

19 0 23 25 7 18 24 8 20 14 11 4 15 6 26 10 1 2 28 31 12 3 30 32 21 27 9 13 5 33 17 29 16 22 
0 1
1 16
2 17
3 21
4 11
5 28
6 13
7 4
8 7
9 26
10 15
11 10
12 20
13 27
14 9
15 12
16 32
17 30
18 5
19 0
20 8
21 24
22 33
23 2
24 6
25 3
26 14
27 25
28 18
29 31
30 22
31 19
32 23
33 29
SIMILAR

3 4 6 33 5 23 22 7 14 20 18 8 12 31 28 30 17 19 2 13 16 24 26 1 0 9 15 32 27 10 11 21 29 25 
0 24
1 23
2 18
3 0
4 1
5 4
6 2
7 7
8 11
9 25
10 29
11 30
12 12
13 19
14 8
15 26
16 20
17 16
18 10
19 17
20 9
21 31
22 6
23 5
24 21
25 33
26 22
27 28
28 14
29 32
30 15
31 13
32 27
33 3
SIMILAR

21 22 6 7 13 20 18 29 1 0 32 3 8 17 14 9 23 4 33 11 19 10 31 15 24 5 30 12 2 27 28 16 26 25 
0 9
1 8
2 28
3 11
4 17
5 25
6 2
7 3
8 12
9 15
10 21
11 19
12 27
13 4
14 14
15 23
16 31
17 13
18 6
19 20
20 5
21 0
22 1
23 16
24 24
25 33
26 32
27 29
28 30
29 7
30 26
31 22
32 10
33 18
SIMILAR

23 33 10 25 3 8 26 11 0 9 13 31 18 6 4 7 19 27 20 22 28 29 17 2 24 1 14 32 16 21 15 5 30 12 
0 8
1 25
2 23
3 4
4 14
5 31
6 13
7 15
8 5
9 9
10 2
11 7
12 33
13 10
14 26
15 30
16 28
17 22
18 12
19 16
20 18
21 29
22 19
23 0
24 24
25 3
26 6
27 17
28 20
29 21
30 32
31 11
32 27
33 1
SIMILAR

19 5 4 11 24 33 31 23 22 13 6 18 29 17 10 2 1 28 30 26 20 3 8 25 32 14 12 27 7 15 0 21 9 16 
0 30
1 16
2 15
3 21
4 2
5 1
6 10
7 28
8 22
9 32
10 14
11 3
12 26
13 9
14 25
15 29
16 33
17 13
18 11
19 0
20 20
21 31
22 8
23 7
24 4
25 23
26 19
27 27
28 17
29 12
30 18
31 6
32 24
33 5
SIMILAR

21 9 23 1 13 19 8 6 22 31 33 24 5 11 30 27 3 26 12 18 15 28 32 25 17 4 2 16 14 29 20 0 7 10 
0 31
1 3
2 26
3 16
4 25
5 12
6 7
7 32
8 6
9 1
10 33
11 13
12 18
13 4
14 28
15 20
16 27
17 24
18 19
19 5
20 30
21 0
22 8
23 2
24 11
25 23
26 17
27 15
28 21
29 29
30 14
31 9
32 22
33 10
SIMILAR

9 32 33 24 29 13 15 18 7 10 28 16 22 14 20 4 6 11 12 17 19 31 25 5 21 26 8 2 23 1 27 30 0 3 
0 32
1 29
2 27
3 33
4 15
5 23
6 16
7 8
8 26
9 0
10 9
11 17
12 18
13 5
14 13
15 6
16 11
17 19
18 7
19 20
20 14
21 24
22 12
23 28
24 3
25 22
26 25
27 30
28 10
29 4
30 31
31 21
32 1
33 2
SIMILAR

4 22 23 32 12 14 11 18 31 3 5 15 1 7 13 26 16 30 25 0 29 6 2 21 19 8 33 20 10 28 27 24 9 17 
0 19
1 12
2 22
3 9
4 0
5 10
6 21
7 13
8 25
9 32
10 28
11 6
12 4
13 14
14 5
15 11
16 16
17 33
18 7
19 24
20 27
21 23
22 1
23 2
24 31
25 18
26 15
27 30
28 29
29 20
30 17
31 8
32 3
33 26
SIMILAR

21 26 1 23 29 15 22 16 19 31 3 8 27 24 4 5 20 10 17 12 14 6 2 18 32 7 25 9 30 28 11 33 13 0 
0 33
1 2
2 22
3 10
4 14
5 15
6 21
7 25
8 11
9 27
10 17
11 30
12 19
13 32
14 20
15 5
16 7
17 18
18 23
19 8
20 16
21 0
22 6
23 3
24 13
25 26
26 1
27 12
28 29
29 4
30 28
31 9
32 24
33 31
SIMILAR

12 33 26 9 16 21 28 1 5 18 6 30 17 29 24 8 7 13 27 25 32 20 3 14 19 2 15 22 10 31 23 4 0 11 
0 32
1 7
2 25
3 22
4 31
5 8
6 10
7 16
8 15
9 3
10 28
11 33
12 0
13 17
14 23
15 26
16 4
17 12
18 9
19 24
20 21
21 5
22 27
23 30
24 14
25 19
26 2
27 18
28 6
29 13
30 11
31 29
32 20
33 1
SIMILAR

20 23 14 8 6 11 1 29 31 22 13 33 26 19 12 21 30 2 18 3 9 24 27 25 0 15 17 7 16 4 10 32 28 5 
0 24
1 6
2 17
3 19
4 29
5 33
6 4
7 27
8 3
9 20
10 30
11 5
12 14
13 10
14 2
15 25
16 28
17 26
18 18
19 13
20 0
21 15
22 9
23 1
24 21
25 23
26 12
27 22
28 32
29 7
30 16
31 8
32 31
33 11
SIMILAR

7 27 26 24 16 20 3 4 8 6 23 17 13 30 1 32 19 31 10 2 11 28 15 25 33 5 14 0 18 12 29 22 21 9 
0 27
1 14
2 19
3 6
4 7
5 25
6 9
7 0
8 8
9 33
10 18
11 20
12 29
13 12
14 26
15 22
16 4
17 11
18 28
19 16
20 5
21 32
22 31
23 10
24 3
25 23
26 2
27 1
28 21
29 30
30 13
31 17
32 15
33 24
SIMILAR

12 19 23 18 21 17 9 2 14 5 16 8 11 25 7 3 13 4 10 0 20 22 24 15 30 26 27 29 6 28 32 31 33 1 
0 19
1 33
2 7
3 15
4 17
5 9
6 28
7 14
8 11
9 6
10 18
11 12
12 0
13 16
14 8
15 23
16 10
17 5
18 3
19 1
20 20
21 4
22 21
23 2
24 22
25 13
26 25
27 26
28 29
29 27
30 24
31 31
32 30
33 32
SIMILAR

29 22 9 0 30 28 26 23 21 3 17 15 6 8 16 20 27 25 5 4 2 18 11 7 31 24 33 1 10 14 32 12 13 19 
0 3
1 27
2 20
3 9
4 19
5 18
6 12
7 23
8 13
9 2
10 28
11 22
12 31
13 32
14 29
15 11
16 14
17 10
18 21
19 33
20 15
21 8
22 1
23 7
24 25
25 17
26 6
27 16
28 5
29 0
30 4
31 24
32 30
33 26
SIMILAR

13 15 30 19 22 25 24 28 16 32 3 33 2 27 11 21 18 12 7 6 14 31 0 26 1 17 9 23 4 5 29 10 20 8 
0 22
1 24
2 12
3 10
4 28
5 29
6 19
7 18
8 33
9 26
10 31
11 14
12 17
13 0
14 20
15 1
16 8
17 25
18 16
19 3
20 32
21 15
22 4
23 27
24 6
25 5
26 23
27 13
28 7
29 30
30 2
31 21
32 9
33 11
SIMILAR

21 7 27 24 11 13 4 12 1 9 16 8 30 3 15 5 6 29 19 20 0 18 17 31 10 2 33 25 26 32 14 22 23 28 
0 20
1 8
2 25
3 13
4 6
5 15
6 16
7 1
8 11
9 9
10 24
11 4
12 7
13 5
14 30
15 14
16 10
17 22
18 21
19 18
20 19
21 0
22 31
23 32
24 3
25 27
26 28
27 2
28 33
29 17
30 12
31 23
32 29
33 26
SIMILAR

18 10 2 13 28 17 20 1 12 19 32 9 21 14 6 7 33 30 3 5 0 11 8 29 27 16 15 26 4 22 25 31 24 23 
0 20
1 7
2 2
3 18
4 28
5 19
6 14
7 15
8 22
9 11
10 1
11 21
12 8
13 3
14 13
15 26
16 25
17 5
18 0
19 9
20 6
21 12
22 29
23 33
24 32
25 30
26 27
27 24
28 4
29 23
30 17
31 31
32 10
33 16
SIMILAR

13 10 22 26 1 8 24 18 12 17 3 15 23 20 28 19 32 30 21 33 9 31 16 2 4 0 29 7 6 5 27 25 11 14 
0 25
1 4
2 23
3 10
4 24
5 29
6 28
7 27
8 5
9 20
10 1
11 32
12 8
13 0
14 33
15 11
16 22
17 9
18 7
19 15
20 13
21 18
22 2
23 12
24 6
25 31
26 3
27 30
28 14
29 26
30 17
31 21
32 16
33 19
SIMILAR

26 33 11 25 32 19 9 10 31 29 5 17 20 15 22 30 21 16 6 2 28 23 4 18 7 13 27 24 3 8 1 12 14 0 
0 33
1 30
2 19
3 28
4 22
5 10
6 18
7 24
8 29
9 6
10 7
11 2
12 31
13 25
14 32
15 13
16 17
17 11
18 23
19 5
20 12
21 16
22 14
23 21
24 27
25 3
26 0
27 26
28 20
29 9
30 15
31 8
32 4
33 1
SIMILAR

12 7 22 23 6 8 9 0 26 1 13 11 30 24 3 14 29 27 32 18 16 4 5 28 19 10 33 17 15 2 21 31 20 25 
0 7
1 9
2 29
3 14
4 21
5 22
6 4
7 1
8 5
9 6
10 25
11 11
12 0
13 10
14 15
15 28
16 20
17 27
18 19
19 24
20 32
21 30
22 2
23 3
24 13
25 33
26 8
27 17
28 23
29 16
30 12
31 31
32 18
33 26
SIMILAR

3 26 9 28 25 5 17 8 10 19 12 11 2 29 1 13 24 33 23 6 30 20 32 4 15 27 22 18 21 0 31 14 16 7 
0 29
1 14
2 12
3 0
4 23
5 5
6 19
7 33
8 7
9 2
10 8
11 11
12 10
13 15
14 31
15 24
16 32
17 6
18 27
19 9
20 21
21 28
22 26
23 18
24 16
25 4
26 1
27 25
28 3
29 13
30 20
31 30
32 22
33 17
SIMILAR

32 21 29 14 30 26 31 15 10 2 13 7 9 0 28 20 17 12 6 22 23 1 25 27 4 8 5 16 3 11 33 24 18 19 
0 13
1 21
2 9
3 28
4 24
5 26
6 18
7 11
8 25
9 12
10 8
11 29
12 17
13 10
14 3
15 7
16 27
17 16
18 32
19 33
20 15
21 1
22 19
23 20
24 31
25 22
26 5
27 23
28 14
29 2
30 4
31 6
32 0
33 30
SIMILAR

9 11 27 14 5 1 32 26 33 13 3 8 12 16 15 25 10 24 30 6 4 22 23 28 18 29 7 17 2 0 31 21 20 19 
0 29
1 5
2 28
3 10
4 20
5 4
6 19
7 26
8 11
9 0
10 16
11 1
12 12
13 9
14 3
15 14
16 13
17 27
18 24
19 33
20 32
21 31
22 21
23 22
24 17
25 15
26 7
27 2
28 23
29 25
30 18
31 30
32 6
33 8
SIMILAR

19 16 26 1 31 28 20 18 22 7 9 23 12 32 30 15 11 13 14 17 5 21 33 4 3 27 8 10 6 25 2 29 0 24 
0 32
1 3
2 30
3 24
4 23
5 20
6 28
7 9
8 26
9 10
10 27
11 16
12 12
13 17
14 18
15 15
16 1
17 19
18 7
19 0
20 6
21 21
22 8
23 11
24 33
25 29
26 2
27 25
28 5
29 31
30 14
31 4
32 13
33 22
SIMILAR

27 23 0 19 32 22 4 12 30 28 15 16 7 25 13 1 33 24 17 18 8 11 14 29 5 10 26 2 20 9 6 3 21 31 
0 2
1 15
2 27
3 31
4 6
5 24
6 30
7 12
8 20
9 29
10 25
11 21
12 7
13 14
14 22
15 10
16 11
17 18
18 19
19 3
20 28
21 32
22 5
23 1
24 17
25 13
26 26
27 0
28 9
29 23
30 8
31 33
32 4
33 16
SIMILAR

3 23 29 30 16 20 21 27 14 4 2 17 0 26 15 22 19 33 25 31 11 5 13 9 18 8 6 28 32 12 1 7 10 24 
0 12
1 30
2 10
3 0
4 9
5 21
6 26
7 31
8 25
9 23
10 32
11 20
12 29
13 22
14 8
15 14
16 4
17 11
18 24
19 16
20 5
21 6
22 15
23 1
24 33
25 18
26 13
27 7
28 27
29 2
30 3
31 19
32 28
33 17
SIMILAR

2 28 33 8 20 19 17 6 12 0 5 9 21 16 26 10 4 1 14 7 3 25 29 27 11 24 18 15 32 31 30 13 23 22 
0 9
1 17
2 0
3 20
4 16
5 10
6 7
7 19
8 3
9 11
10 15
11 24
12 8
13 31
14 18
15 27
16 13
17 6
18 26
19 5
20 4
21 12
22 33
23 32
24 25
25 21
26 14
27 23
28 1
29 22
30 30
31 29
32 28
33 2
SIMILAR

23 20 29 22 7 33 21 24 18 11 17 5 10 31 32 14 12 25 19 9 26 27 13 1 30 2 16 8 15 6 4 0 28 3 
0 31
1 23
2 25
3 33
4 30
5 11
6 29
7 4
8 27
9 19
10 12
11 9
12 16
13 22
14 15
15 28
16 26
17 10
18 8
19 18
20 1
21 6
22 3
23 0
24 7
25 17
26 20
27 21
28 32
29 2
30 24
31 13
32 14
33 5
SIMILAR

21 19 11 22 17 23 12 7 0 3 8 1 24 15 33 5 20 2 25 4 9 13 29 10 16 31 6 28 18 32 27 14 26 30 
0 8
1 11
2 17
3 9
4 19
5 15
6 26
7 7
8 10
9 20
10 23
11 2
12 6
13 21
14 31
15 13
16 24
17 4
18 28
19 1
20 16
21 0
22 3
23 5
24 12
25 18
26 32
27 30
28 27
29 22
30 33
31 25
32 29
33 14
SIMILAR

32 7 0 23 19 22 15 18 12 28 11 31 26 13 17 2 24 4 25 30 33 1 20 14 21 9 29 8 6 27 3 16 5 10 
0 2
1 21
2 15
3 30
4 17
5 32
6 28
7 1
8 27
9 25
10 33
11 10
12 8
13 13
14 23
15 6
16 31
17 14
18 7
19 4
20 22
21 24
22 5
23 3
24 16
25 18
26 12
27 29
28 9
29 26
30 19
31 11
32 0
33 20
SIMILAR

1 16 15 20 27 12 6 23 31 30 25 22 26 24 28 9 32 8 14 3 21 5 18 19 10 13 17 11 7 33 4 29 0 2 
0 32
1 0
2 33
3 19
4 30
5 21
6 6
7 28
8 17
9 15
10 24
11 27
12 5
13 25
14 18
15 2
16 1
17 26
18 22
19 23
20 3
21 20
22 11
23 7
24 13
25 10
26 12
27 4
28 14
29 31
30 9
31 8
32 16
33 29
SIMILAR

21 2 7 33 23 10 20 24 8 22 28 16 5 4 12 31 15 32 9 25 19 13 27 11 3 1 30 17 6 18 14 26 0 29 
0 32
1 25
2 1
3 24
4 13
5 12
6 28
7 2
8 8
9 18
10 5
11 23
12 14
13 21
14 30
15 16
16 11
17 27
18 29
19 20
20 6
21 0
22 9
23 4
24 7
25 19
26 31
27 22
28 10
29 33
30 26
31 15
32 17
33 3
SIMILAR

8 23 9 13 17 7 25 0 19 15 20 14 6 31 28 24 4 2 30 3 27 1 16 26 5 18 32 29 11 22 12 33 21 10 
0 7
1 21
2 17
3 19
4 16
5 24
6 12
7 5
8 0
9 2
10 33
11 28
12 30
13 3
14 11
15 9
16 22
17 4
18 25
19 8
20 10
21 32
22 29
23 1
24 15
25 6
26 23
27 20
28 14
29 27
30 18
31 13
32 26
33 31
SIMILAR

27 4 5 7 25 33 26 13 29 16 21 2 10 20 6 17 28 23 1 32 9 0 24 14 8 22 3 31 30 11 12 18 19 15 
0 21
1 18
2 11
3 26
4 1
5 2
6 14
7 3
8 24
9 20
10 12
11 29
12 30
13 7
14 23
15 33
16 9
17 15
18 31
19 32
20 13
21 10
22 25
23 17
24 22
25 4
26 6
27 0
28 16
29 8
30 28
31 27
32 19
33 5
SIMILAR

0 6 12 7 32 24 16 1 5 27 33 4 28 14 17 3 19 20 15 29 21 13 8 2 9 31 10 23 18 26 22 30 25 11 
0 0
1 7
2 23
3 15
4 11
5 8
6 1
7 3
8 22
9 24
10 26
11 33
12 2
13 21
14 13
15 18
16 6
17 14
18 28
19 16
20 17
21 20
22 30
23 27
24 5
25 32
26 29
27 9
28 12
29 19
30 31
31 25
32 4
33 10
SIMILAR

13 33 12 3 22 0 29 5 17 14 31 1 15 32 6 18 8 25 7 24 10 19 28 26 2 27 11 16 20 4 23 21 9 30 
0 5
1 11
2 24
3 3
4 29
5 7
6 14
7 18
8 16
9 32
10 20
11 26
12 2
13 0
14 9
15 12
16 27
17 8
18 15
19 21
20 28
21 31
22 4
23 30
24 19
25 17
26 23
27 25
28 22
29 6
30 33
31 10
32 13
33 1
SIMILAR

8 10 1 14 24 2 30 19 5 33 7 21 0 13 15 26 18 17 28 29 31 23 6 12 20 25 4 16 9 22 27 11 3 32 
0 12
1 2
2 5
3 32
4 26
5 8
6 22
7 10
8 0
9 28
10 1
11 31
12 23
13 13
14 3
15 14
16 27
17 17
18 16
19 7
20 24
21 11
22 29
23 21
24 4
25 25
26 15
27 30
28 18
29 19
30 6
31 20
32 33
33 9
SIMILAR

12 17 1 32 14 21 28 3 26 25 19 13 9 4 29 20 22 8 30 0 10 31 7 24 2 15 11 16 6 33 23 27 18 5 
0 19
1 2
2 24
3 7
4 13
5 33
6 28
7 22
8 17
9 12
10 20
11 26
12 0
13 11
14 4
15 25
16 27
17 1
18 32
19 10
20 15
21 5
22 16
23 30
24 23
25 9
26 8
27 31
28 6
29 14
30 18
31 21
32 3
33 29
SIMILAR

8 15 5 30 23 32 10 21 13 26 24 2 12 31 16 9 18 1 4 33 20 6 19 11 0 22 28 3 7 27 25 14 29 17 
0 24
1 17
2 11
3 27
4 18
5 2
6 21
7 28
8 0
9 15
10 6
11 23
12 12
13 8
14 31
15 1
16 14
17 33
18 16
19 22
20 20
21 7
22 25
23 4
24 10
25 30
26 9
27 29
28 26
29 32
30 3
31 13
32 5
33 19
SIMILAR

17 16 5 7 12 28 10 32 19 6 18 2 4 1 25 20 22 31 13 8 24 15 11 3 30 33 0 14 26 23 27 21 9 29 
0 26
1 13
2 11
3 23
4 12
5 2
6 9
7 3
8 19
9 32
10 6
11 22
12 4
13 18
14 27
15 21
16 1
17 0
18 10
19 8
20 15
21 31
22 16
23 29
24 20
25 14
26 28
27 30
28 5
29 33
30 24
31 17
32 7
33 25
SIMILAR

21 5 2 17 24 6 20 29 7 25 23 27 10 32 4 26 11 28 33 9 8 14 18 22 19 30 15 12 0 1 3 13 31 16 
0 28
1 29
2 2
3 30
4 14
5 1
6 5
7 8
8 20
9 19
10 12
11 16
12 27
13 31
14 21
15 26
16 33
17 3
18 22
19 24
20 6
21 0
22 23
23 10
24 4
25 9
26 15
27 11
28 17
29 7
30 25
31 32
32 13
33 18
SIMILAR

20 27 32 0 13 29 16 26 30 8 5 25 28 1 4 3 9 12 15 21 6 31 19 24 10 33 17 7 23 18 11 22 2 14 
0 3
1 13
2 32
3 15
4 14
5 10
6 20
7 27
8 9
9 16
10 24
11 30
12 17
13 4
14 33
15 18
16 6
17 26
18 29
19 22
20 0
21 19
22 31
23 28
24 23
25 11
26 7
27 1
28 12
29 5
30 8
31 21
32 2
33 25
SIMILAR

9 12 8 14 15 20 32 6 7 22 3 13 29 21 17 11 16 0 28 18 5 26 25 1 23 24 30 2 10 33 31 19 27 4 
0 17
1 23
2 27
3 10
4 33
5 20
6 7
7 8
8 2
9 0
10 28
11 15
12 1
13 11
14 3
15 4
16 16
17 14
18 19
19 31
20 5
21 13
22 9
23 24
24 25
25 22
26 21
27 32
28 18
29 12
30 26
31 30
32 6
33 29
SIMILAR

1 31 21 13 6 33 30 12 23 25 16 10 28 0 24 3 32 19 8 5 11 14 15 2 9 26 20 18 29 17 7 4 27 22 
0 13
1 0
2 23
3 15
4 31
5 19
6 4
7 30
8 18
9 24
10 11
11 20
12 7
13 3
14 21
15 22
16 10
17 29
18 27
19 17
20 26
21 2
22 33
23 8
24 14
25 9
26 25
27 32
28 12
29 28
30 6
31 1
32 16
33 5
SIMILAR

28 30 14 9 20 24 23 29 19 8 31 18 4 27 32 10 0 15 13 25 21 2 17 5 6 12 16 33 11 7 3 22 26 1 
0 16
1 33
2 21
3 30
4 12
5 23
6 24
7 29
8 9
9 3
10 15
11 28
12 25
13 18
14 2
15 17
16 26
17 22
18 11
19 8
20 4
21 20
22 31
23 6
24 5
25 19
26 32
27 13
28 0
29 7
30 1
31 10
32 14
33 27
SIMILAR

14 12 5 7 9 8 2 3 33 6 32 28 29 10 26 24 27 1 20 23 19 25 31 30 21 15 11 17 4 13 0 16 18 22 
0 30
1 17
2 6
3 7
4 28
5 2
6 9
7 3
8 5
9 4
10 13
11 26
12 1
13 29
14 0
15 25
16 31
17 27
18 32
19 20
20 18
21 24
22 33
23 19
24 15
25 21
26 14
27 16
28 11
29 12
30 23
31 22
32 10
33 8
SIMILAR

1 15 13 20 26 2 14 0 24 27 22 33 19 18 16 32 12 23 17 11 3 4 25 7 21 9 10 8 5 31 28 30 29 6 
0 7
1 0
2 5
3 20
4 21
5 28
6 33
7 23
8 27
9 25
10 26
11 19
12 16
13 2
14 6
15 1
16 14
17 18
18 13
19 12
20 3
21 24
22 10
23 17
24 8
25 22
26 4
27 9
28 30
29 32
30 31
31 29
32 15
33 11
SIMILAR

11 6 10 4 24 8 7 22 15 5 25 2 23 16 13 12 14 9 17 19 29 31 1 18 32 28 20 0 33 21 27 26 3 30 
0 27
1 22
2 11
3 32
4 3
5 9
6 1
7 6
8 5
9 17
10 2
11 0
12 15
13 14
14 16
15 8
16 13
17 18
18 23
19 19
20 26
21 29
22 7
23 12
24 4
25 10
26 31
27 30
28 25
29 20
30 33
31 21
32 24
33 28
SIMILAR

10 9 16 24 21 31 6 29 2 28 1 26 7 19 32 18 14 33 22 30 25 4 15 20 3 11 0 5 13 8 17 27 23 12 
0 26
1 10
2 8
3 24
4 21
5 27
6 6
7 12
8 29
9 1
10 0
11 25
12 33
13 28
14 16
15 22
16 2
17 30
18 15
19 13
20 23
21 4
22 18
23 32
24 3
25 20
26 11
27 31
28 9
29 7
30 19
31 5
32 14
33 17
SIMILAR

16 6 4 3 1 9 32 10 18 28 20 13 19 24 2 30 23 21 22 26 31 29 5 33 11 15 7 8 0 25 12 17 27 14 
0 28
1 4
2 14
3 3
4 2
5 22
6 1
7 26
8 27
9 5
10 7
11 24
12 30
13 11
14 33
15 25
16 0
17 31
18 8
19 12
20 10
21 17
22 18
23 16
24 13
25 29
26 19
27 32
28 9
29 21
30 15
31 20
32 6
33 23
SIMILAR

14 12 15 10 9 25 24 8 3 11 32 27 19 0 1 23 29 16 21 30 17 13 18 6 2 26 20 33 7 28 22 31 4 5 
0 13
1 14
2 24
3 8
4 32
5 33
6 23
7 28
8 7
9 4
10 3
11 9
12 1
13 21
14 0
15 2
16 17
17 20
18 22
19 12
20 26
21 18
22 30
23 15
24 6
25 5
26 25
27 11
28 29
29 16
30 19
31 31
32 10
33 27
SIMILAR

1 20 19 21 2 31 14 8 16 15 17 12 3 29 4 22 6 7 0 26 5 23 30 13 27 18 10 11 28 25 24 9 32 33 
0 18
1 0
2 4
3 12
4 14
5 20
6 16
7 17
8 7
9 31
10 26
11 27
12 11
13 23
14 6
15 9
16 8
17 10
18 25
19 2
20 1
21 3
22 15
23 21
24 30
25 29
26 19
27 24
28 28
29 13
30 22
31 5
32 32
33 33
SIMILAR

22 30 6 27 3 17 4 11 26 9 25 29 16 28 12 20 14 5 7 23 19 31 10 24 2 33 15 8 0 1 32 13 21 18 
0 28
1 29
2 24
3 4
4 6
5 17
6 2
7 18
8 27
9 9
10 22
11 7
12 14
13 31
14 16
15 26
16 12
17 5
18 33
19 20
20 15
21 32
22 0
23 19
24 23
25 10
26 8
27 3
28 13
29 11
30 1
31 21
32 30
33 25
SIMILAR

26 17 14 22 30 20 31 1 11 3 19 9 4 32 24 27 0 12 15 18 6 2 28 21 13 25 16 33 5 23 29 10 7 8 
0 16
1 7
2 21
3 9
4 12
5 28
6 20
7 32
8 33
9 11
10 31
11 8
12 17
13 24
14 2
15 18
16 26
17 1
18 19
19 10
20 5
21 23
22 3
23 29
24 14
25 25
26 0
27 15
28 22
29 30
30 4
31 6
32 13
33 27
SIMILAR
100 0
4800 0
304800 0
