34
0 1 1 0 0 0 1 1 1 1 0 1 0 1 1 0 1 1 1 1 0 1 1 0 1 1 1 1 1 0 0 1 0 1 
1 0 1 1 0 1 0 1 0 0 0 0 0 0 1 1 0 1 0 1 0 0 0 1 1 1 1 1 0 0 0 0 0 0 
1 1 0 1 1 1 0 0 1 1 0 0 1 1 0 0 1 0 0 0 1 0 1 0 1 1 0 1 0 1 1 0 0 0 
0 1 1 0 0 1 0 1 1 1 0 0 1 0 1 0 1 1 0 0 1 0 0 0 0 0 1 1 0 0 0 1 0 1 
0 0 1 0 0 0 1 1 0 0 0 0 1 1 1 0 1 1 1 1 1 1 0 1 0 0 1 1 0 0 0 0 1 0 
0 1 1 1 0 0 0 1 1 0 0 0 0 0 1 0 1 0 0 0 1 1 1 1 0 1 1 1 0 1 1 0 1 1 
1 0 0 0 1 0 0 1 1 0 0 0 0 0 0 1 1 1 1 0 0 0 1 0 0 0 1 0 0 1 0 0 0 0 
1 1 0 1 1 1 1 0 0 0 1 0 0 0 0 0 0 1 1 0 1 1 1 1 1 1 0 0 1 1 1 0 0 1 
1 0 1 1 0 1 1 0 0 0 1 0 1 1 0 1 0 1 0 1 0 1 1 1 0 0 0 0 1 1 0 0 0 0 
1 0 1 1 0 0 0 0 0 0 1 1 1 0 1 0 0 1 1 0 0 1 0 0 1 1 0 1 0 1 1 0 1 1 
0 0 0 0 0 0 0 1 1 1 0 0 0 1 1 1 1 0 0 0 1 1 0 1 1 1 0 0 1 0 1 1 0 1 
1 0 0 0 0 0 0 0 0 1 0 0 1 1 1 1 1 1 1 0 0 1 1 0 0 0 0 0 1 1 0 0 1 0 
0 0 1 1 1 0 0 0 1 1 0 1 0 0 1 0 0 1 1 0 1 0 0 0 0 1 1 0 1 0 0 0 0 1 
1 0 1 0 1 0 0 0 1 0 1 1 0 0 1 0 1 0 1 1 0 1 1 1 1 0 0 1 0 1 0 0 0 0 
1 1 0 1 1 1 0 0 0 1 1 1 1 1 0 1 0 1 1 1 1 1 0 1 1 0 1 0 0 0 1 1 1 0 
0 1 0 0 0 0 1 0 1 0 1 1 0 0 1 0 0 0 1 0 1 0 0 1 1 1 0 0 0 1 1 1 0 0 
1 0 1 1 1 1 1 0 0 0 1 1 0 1 0 0 0 1 1 1 1 0 1 0 0 1 1 1 0 1 1 1 0 1 
1 1 0 1 1 0 1 1 1 1 0 1 1 0 1 0 1 0 1 1 1 0 0 1 0 0 1 0 1 0 1 1 0 1 
1 0 0 0 1 0 1 1 0 1 0 1 1 1 1 1 1 1 0 1 1 1 1 0 0 0 0 0 1 0 0 0 1 0 
1 1 0 0 1 0 0 0 1 0 0 0 0 1 1 0 1 1 1 0 0 0 1 0 1 0 1 0 1 0 1 0 1 0 
0 0 1 1 1 1 0 1 0 0 1 0 1 0 1 1 1 1 1 0 0 0 0 0 1 1 1 0 0 0 0 0 0 1 
1 0 0 0 1 1 0 1 1 1 1 1 0 1 1 0 0 0 1 0 0 0 0 0 1 1 0 0 1 1 0 0 0 1 
1 0 1 0 0 1 1 1 1 0 0 1 0 1 0 0 1 0 1 1 0 0 0 0 1 1 0 0 1 1 0 1 1 1 
0 1 0 0 1 1 0 1 1 0 1 0 0 1 1 1 0 1 0 0 0 0 0 0 0 1 0 0 1 1 0 1 0 1 
1 1 1 0 0 0 0 1 0 1 1 0 0 1 1 1 0 0 0 1 1 1 1 0 0 1 1 1 1 0 1 1 0 1 
1 1 1 0 0 1 0 1 0 1 1 0 1 0 0 1 1 0 0 0 1 1 1 1 1 0 1 1 0 1 0 1 1 0 
1 1 0 1 1 1 1 0 0 0 0 0 1 0 1 0 1 1 0 1 1 0 0 0 1 1 0 0 0 1 1 0 0 0 
1 1 1 1 1 1 0 0 0 1 0 0 0 1 0 0 1 0 0 0 0 0 0 0 1 1 0 0 1 1 1 0 1 1 
1 0 0 0 0 0 0 1 1 0 1 1 1 0 0 0 0 1 1 1 0 1 1 1 1 0 0 1 0 1 0 1 1 1 
0 0 1 0 0 1 1 1 1 1 0 1 0 1 0 1 1 0 0 0 0 1 1 1 0 1 1 1 1 0 0 0 0 1 
0 0 1 0 0 1 0 1 0 1 1 0 0 0 1 1 1 1 0 1 0 0 0 0 1 0 1 1 0 0 0 0 1 1 
1 0 0 1 0 0 0 0 0 0 1 0 0 0 1 1 1 1 0 0 0 0 1 1 1 1 0 0 1 0 0 0 1 1 
0 0 0 0 1 1 0 0 0 1 0 1 0 0 1 0 0 0 1 1 0 0 1 0 0 1 0 1 1 0 1 1 0 0 
1 0 0 1 0 1 0 1 0 1 1 0 1 0 0 0 1 1 0 0 1 1 1 1 1 0 0 1 1 1 1 1 0 0 

2 13 1 15 28 10 32 24 19 17 3 20 7 22 16 23 11 25 12 5 31 30 21 9 26 14 6 29 27 8 33 4 18 0 
0 33
1 2
2 0
3 10
4 31
5 19
6 26
7 12
8 29
9 23
10 5
11 16
12 18
13 1
14 25
15 3
16 14
17 9
18 32
19 8
20 11
21 22
22 13
23 15
24 7
25 17
26 24
27 28
28 4
29 27
30 21
31 20
32 6
33 30
SIMILAR

6 12 25 9 8 27 24 1 28 18 14 5 17 19 16 11 3 4 26 32 20 23 33 0 22 7 29 13 2 21 15 10 31 30 
0 23
1 7
2 28
3 16
4 17
5 11
6 0
7 25
8 4
9 3
10 31
11 15
12 1
13 27
14 10
15 30
16 14
17 12
18 9
19 13
20 20
21 29
22 24
23 21
24 6
25 2
26 18
27 5
28 8
29 26
30 33
31 32
32 19
33 22
SIMILAR

21 31 25 33 24 2 14 22 27 32 17 8 4 12 13 28 18 29 19 23 9 30 16 6 1 10 7 20 26 11 15 5 3 0 
0 33
1 24
2 5
3 32
4 12
5 31
6 23
7 26
8 11
9 20
10 25
11 29
12 13
13 14
14 6
15 30
16 22
17 10
18 16
19 18
20 27
21 0
22 7
23 19
24 4
25 2
26 28
27 8
28 15
29 17
30 21
31 1
32 9
33 3
SIMILAR

1 0 18 29 5 22 17 14 15 33 19 16 30 12 26 13 27 20 23 24 21 31 32 6 2 10 8 25 4 3 28 9 7 11 
0 1
1 0
2 24
3 29
4 28
5 4
6 23
7 32
8 26
9 31
10 25
11 33
12 13
13 15
14 7
15 8
16 11
17 6
18 2
19 10
20 17
21 20
22 5
23 18
24 19
25 27
26 14
27 16
28 30
29 3
30 12
31 21
32 22
33 9
SIMILAR

10 5 30 2 27 24 11 23 33 8 31 4 32 20 0 26 9 19 1 12 28 21 14 15 17 18 7 3 13 6 22 29 16 25 
0 14
1 18
2 3
3 27
4 11
5 1
6 29
7 26
8 9
9 16
10 0
11 6
12 19
13 28
14 22
15 23
16 32
17 24
18 25
19 17
20 13
21 21
22 30
23 7
24 5
25 33
26 15
27 4
28 20
29 31
30 2
31 10
32 12
33 8
SIMILAR

29 3 15 23 2 12 31 27 24 30 33 20 21 19 1 8 0 28 14 13 22 26 4 17 25 32 10 9 16 7 6 11 5 18 
0 16
1 14
2 4
3 1
4 22
5 32
6 30
7 29
8 15
9 27
10 26
11 31
12 5
13 19
14 18
15 2
16 28
17 23
18 33
19 13
20 11
21 12
22 20
23 3
24 8
25 24
26 21
27 7
28 17
29 0
30 9
31 6
32 25
33 10
SIMILAR

3 25 16 12 17 28 7 29 19 32 18 26 10 22 14 4 31 15 5 13 9 24 1 8 23 0 6 30 21 20 33 27 11 2 
0 25
1 22
2 33
3 0
4 15
5 18
6 26
7 6
8 23
9 20
10 12
11 32
12 3
13 19
14 14
15 17
16 2
17 4
18 10
19 8
20 29
21 28
22 13
23 24
24 21
25 1
26 11
27 31
28 5
29 7
30 27
31 16
32 9
33 30
SIMILAR

8 0 9 32 27 12 22 29 33 17 25 31 7 16 6 21 26 5 13 3 11 28 15 2 10 23 1 20 30 18 14 24 4 19 
0 1
1 26
2 23
3 19
4 32
5 17
6 14
7 12
8 0
9 2
10 24
11 20
12 5
13 18
14 30
15 22
16 13
17 9
18 29
19 33
20 27
21 15
22 6
23 25
24 31
25 10
26 16
27 4
28 21
29 7
30 28
31 11
32 3
33 8
SIMILAR

19 7 25 3 30 13 17 28 26 18 24 16 15 20 2 27 31 8 14 32 1 0 21 22 29 11 10 12 33 6 5 23 9 4 
0 21
1 20
2 14
3 3
4 33
5 30
6 29
7 1
8 17
9 32
10 26
11 25
12 27
13 5
14 18
15 12
16 11
17 6
18 9
19 0
20 13
21 22
22 23
23 31
24 10
25 2
26 8
27 15
28 7
29 24
30 4
31 16
32 19
33 28
SIMILAR

18 31 30 21 7 23 11 8 25 6 15 27 24 16 4 13 10 20 1 33 17 19 3 29 0 12 28 9 5 2 26 22 32 14 
0 24
1 18
2 29
3 22
4 14
5 28
6 9
7 4
8 7
9 27
10 16
11 6
12 25
13 15
14 33
15 10
16 13
17 20
18 0
19 21
20 17
21 3
22 31
23 5
24 12
25 8
26 30
27 11
28 26
29 23
30 2
31 1
32 32
33 19
SIMILAR

8 12 3 9 22 19 18 20 24 10 5 4 33 13 15 0 28 14 27 6 32 17 25 30 16 21 2 29 26 23 11 7 1 31 
0 15
1 32
2 26
3 2
4 11
5 10
6 19
7 31
8 0
9 3
10 9
11 30
12 1
13 13
14 17
15 14
16 24
17 21
18 6
19 5
20 7
21 25
22 4
23 29
24 8
25 22
26 28
27 18
28 16
29 27
30 23
31 33
32 20
33 12
SIMILAR

12 26 14 11 17 19 5 1 4 29 28 3 2 0 18 22 27 30 33 21 20 13 9 10 31 16 6 23 15 7 24 8 32 25 
0 13
1 7
2 12
3 11
4 8
5 6
6 26
7 29
8 31
9 22
10 23
11 3
12 0
13 21
14 2
15 28
16 25
17 4
18 14
19 5
20 20
21 19
22 15
23 27
24 30
25 33
26 1
27 16
28 10
29 9
30 17
31 24
32 32
33 18
SIMILAR

3 23 29 13 22 28 21 30 17 7 10 18 6 15 11 16 12 31 20 25 4 5 27 1 32 26 0 33 8 24 9 19 2 14 
0 26
1 23
2 32
3 0
4 20
5 21
6 12
7 9
8 28
9 30
10 10
11 14
12 16
13 3
14 33
15 13
16 15
17 8
18 11
19 31
20 18
21 6
22 4
23 1
24 29
25 19
26 25
27 22
28 5
29 2
30 7
31 17
32 24
33 27
SIMILAR

10 21 9 25 22 27 23 3 12 8 31 7 32 26 17 4 28 15 30 29 5 18 11 2 1 24 14 20 16 6 19 0 33 13 
0 31
1 24
2 23
3 7
4 15
5 20
6 29
7 11
8 9
9 2
10 0
11 22
12 8
13 33
14 26
15 17
16 28
17 14
18 21
19 30
20 27
21 1
22 4
23 6
24 25
25 3
26 13
27 5
28 16
29 19
30 18
31 10
32 12
33 32
SIMILAR

32 33 1 11 5 15 4 29 25 2 18 17 8 19 3 0 6 12 26 7 24 16 14 9 30 28 20 23 21 31 22 10 27 13 
0 15
1 2
2 9
3 14
4 6
5 4
6 16
7 19
8 12
9 23
10 31
11 3
12 17
13 33
14 22
15 5
16 21
17 11
18 10
19 13
20 26
21 28
22 30
23 27
24 20
25 8
26 18
27 32
28 25
29 7
30 24
31 29
32 0
33 1
SIMILAR

24 0 17 10 18 25 14 6 23 32 30 8 11 2 26 15 12 1 4 29 21 22 9 33 7 20 28 5 27 31 3 19 13 16 
0 1
1 17
2 13
3 30
4 18
5 27
6 7
7 24
8 11
9 22
10 3
11 12
12 16
13 32
14 6
15 15
16 33
17 2
18 4
19 31
20 25
21 20
22 21
23 8
24 0
25 5
26 14
27 28
28 26
29 19
30 10
31 29
32 9
33 23
SIMILAR

3 2 20 9 21 1 6 25 7 10 23 33 19 8 27 11 0 18 22 15 4 13 30 12 29 32 26 14 31 24 17 16 28 5 
0 16
1 5
2 1
3 0
4 20
5 33
6 6
7 8
8 13
9 3
10 9
11 15
12 23
13 21
14 27
15 19
16 31
17 30
18 17
19 12
20 2
21 4
22 18
23 10
24 29
25 7
26 26
27 14
28 32
29 24
30 22
31 28
32 25
33 11
SIMILAR

20 9 18 21 8 32 31 26 15 6 2 27 19 5 10 17 33 3 1 4 30 0 14 7 11 13 28 25 24 22 23 12 29 16 
0 21
1 18
2 10
3 17
4 19
5 13
6 9
7 23
8 4
9 1
10 14
11 24
12 31
13 25
14 22
15 8
16 33
17 15
18 2
19 12
20 0
21 3
22 29
23 30
24 28
25 27
26 7
27 11
28 26
29 32
30 20
31 6
32 5
33 16
SIMILAR

21 27 25 16 2 12 18 14 22 26 28 10 33 5 11 24 1 3 4 32 13 29 20 8 30 6 31 19 17 9 0 23 7 15 
0 30
1 16
2 4
3 17
4 18
5 13
6 25
7 32
8 23
9 29
10 11
11 14
12 5
13 20
14 7
15 33
16 3
17 28
18 6
19 27
20 22
21 0
22 8
23 31
24 15
25 2
26 9
27 1
28 10
29 21
30 24
31 26
32 19
33 12
SIMILAR

29 7 32 8 17 26 9 4 2 24 21 23 27 11 22 16 18 6 1 30 3 25 33 5 14 15 19 28 13 20 12 10 31 0 
0 33
1 18
2 8
3 20
4 7
5 23
6 17
7 1
8 3
9 6
10 31
11 13
12 30
13 28
14 24
15 25
16 15
17 4
18 16
19 26
20 29
21 10
22 14
23 11
24 9
25 21
26 5
27 12
28 27
29 0
30 19
31 32
32 2
33 22
SIMILAR

14 11 12 27 9 33 20 8 28 5 2 29 18 7 13 17 32 30 23 19 1 31 22 16 4 6 24 0 21 3 26 15 25 10 
0 27
1 20
2 10
3 29
4 24
5 9
6 25
7 13
8 7
9 4
10 33
11 1
12 2
13 14
14 0
15 31
16 23
17 15
18 12
19 19
20 6
21 28
22 22
23 18
24 26
25 32
26 30
27 3
28 8
29 11
30 17
31 21
32 16
33 5
SIMILAR

16 18 21 28 10 9 33 20 11 32 4 23 3 19 24 27 7 31 5 17 26 12 30 6 15 14 0 2 13 8 29 25 1 22 
0 26
1 32
2 27
3 12
4 10
5 18
6 23
7 16
8 29
9 5
10 4
11 8
12 21
13 28
14 25
15 24
16 0
17 19
18 1
19 13
20 7
21 2
22 33
23 11
24 14
25 31
26 20
27 15
28 3
29 30
30 22
31 17
32 9
33 6
SIMILAR

17 32 5 1 31 24 22 9 4 7 16 12 14 13 30 0 19 2 18 25 26 33 15 8 11 20 29 3 21 27 6 28 23 10 
0 15
1 3
2 17
3 27
4 8
5 2
6 30
7 9
8 23
9 7
10 33
11 24
12 11
13 13
14 12
15 22
16 10
17 0
18 18
19 16
20 25
21 28
22 6
23 32
24 5
25 19
26 20
27 29
28 31
29 26
30 14
31 4
32 1
33 21
SIMILAR

33 7 1 28 8 12 27 2 4 30 25 13 22 16 32 14 31 9 20 0 6 23 24 11 17 19 10 21 5 29 3 26 15 18 
0 19
1 2
2 7
3 30
4 8
5 28
6 20
7 1
8 4
9 17
10 26
11 23
12 5
13 11
14 15
15 32
16 13
17 24
18 33
19 25
20 18
21 27
22 12
23 21
24 22
25 10
26 31
27 6
28 3
29 29
30 9
31 16
32 14
33 0
SIMILAR

7 25 16 5 0 21 6 22 26 13 3 14 31 17 1 20 11 24 2 9 10 29 18 28 8 19 27 32 33 30 12 4 23 15 
0 4
1 14
2 18
3 10
4 31
5 3
6 6
7 0
8 24
9 19
10 20
11 16
12 30
13 9
14 11
15 33
16 2
17 13
18 22
19 25
20 15
21 5
22 7
23 32
24 17
25 1
26 8
27 26
28 23
29 21
30 29
31 12
32 27
33 28
SIMILAR

29 17 31 21 1 23 9 2 10 7 12 6 27 24 15 11 20 26 13 33 32 8 4 0 28 22 5 3 18 25 14 19 16 30 
0 23
1 4
2 7
3 27
4 22
5 26
6 11
7 9
8 21
9 6
10 8
11 15
12 10
13 18
14 30
15 14
16 32
17 1
18 28
19 31
20 16
21 3
22 25
23 5
24 13
25 29
26 17
27 12
28 24
29 0
30 33
31 2
32 20
33 19
SIMILAR

16 7 20 21 8 2 25 30 14 5 13 3 10 29 26 23 22 17 27 0 18 31 11 12 24 19 33 9 4 1 6 32 15 28 
0 19
1 29
2 5
3 11
4 28
5 9
6 30
7 1
8 4
9 27
10 12
11 22
12 23
13 10
14 8
15 32
16 0
17 17
18 20
19 25
20 2
21 3
22 16
23 15
24 24
25 6
26 14
27 18
28 33
29 13
30 7
31 21
32 31
33 26
SIMILAR

20 11 7 9 28 26 13 2 14 8 12 24 19 5 25 32 15 4 31 30 10 21 1 16 18 27 33 17 6 23 0 22 3 29 
0 30
1 22
2 7
3 32
4 17
5 13
6 28
7 2
8 9
9 3
10 20
11 1
12 10
13 6
14 8
15 16
16 23
17 27
18 24
19 12
20 0
21 21
22 31
23 29
24 11
25 14
26 5
27 25
28 4
29 33
30 19
31 18
32 15
33 26
SIMILAR

8 3 25 0 12 1 15 19 14 7 29 10 16 17 6 18 22 20 24 23 28 27 30 26 5 21 11 33 9 2 13 4 32 31 
0 3
1 5
2 29
3 1
4 31
5 24
6 14
7 9
8 0
9 28
10 11
11 26
12 4
13 30
14 8
15 6
16 12
17 13
18 15
19 7
20 17
21 25
22 16
23 19
24 18
25 2
26 23
27 21
28 20
29 10
30 22
31 33
32 32
33 27
SIMILAR

3 13 6 16 5 15 17 31 1 26 11 27 21 8 7 33 4 23 9 14 28 22 0 24 12 10 29 19 25 20 18 2 30 32 
0 22
1 8
2 31
3 0
4 16
5 4
6 2
7 14
8 13
9 18
10 25
11 10
12 24
13 1
14 19
15 5
16 3
17 6
18 30
19 27
20 29
21 12
22 21
23 17
24 23
25 28
26 9
27 11
28 20
29 26
30 32
31 7
32 33
33 15
SIMILAR

7 1 33 28 4 9 26 22 23 2 18 14 16 3 21 12 29 24 27 30 20 15 0 11 31 32 19 8 17 5 25 13 6 10 
0 22
1 1
2 9
3 13
4 4
5 29
6 32
7 0
8 27
9 5
10 33
11 23
12 15
13 31
14 11
15 21
16 12
17 28
18 10
19 26
20 20
21 14
22 7
23 8
24 17
25 30
26 6
27 18
28 3
29 16
30 19
31 24
32 25
33 2
SIMILAR

1 32 6 4 26 21 18 19 27 5 10 22 28 23 24 0 2 15 31 7 8 17 9 25 13 30 33 14 20 12 11 29 3 16 
0 15
1 0
2 16
3 32
4 3
5 9
6 2
7 19
8 20
9 22
10 10
11 30
12 29
13 24
14 27
15 17
16 33
17 21
18 6
19 7
20 28
21 5
22 11
23 13
24 14
25 23
26 4
27 8
28 12
29 31
30 25
31 18
32 1
33 26
SIMILAR

33 8 5 32 14 2 24 11 13 20 12 23 25 29 30 22 0 15 1 16 19 9 18 21 27 17 7 10 4 26 31 28 6 3 
0 16
1 18
2 5
3 33
4 28
5 2
6 32
7 26
8 1
9 21
10 27
11 7
12 10
13 8
14 4
15 17
16 19
17 25
18 22
19 20
20 9
21 23
22 15
23 11
24 6
25 12
26 29
27 24
28 31
29 13
30 14
31 30
32 3
33 0
SIMILAR

25 20 21 10 9 16 32 18 27 6 31 3 24 14 11 29 12 15 1 0 7 8 2 17 22 19 28 5 33 26 4 13 23 30 
0 19
1 18
2 22
3 11
4 30
5 27
6 9
7 20
8 21
9 4
10 3
11 14
12 16
13 31
14 13
15 17
16 5
17 23
18 7
19 25
20 1
21 2
22 24
23 32
24 12
25 0
26 29
27 8
28 26
29 15
30 33
31 10
32 6
33 28
SIMILAR

5 26 13 27 12 19 8 15 25 28 24 31 9 4 14 17 0 1 3 30 16 23 29 18 2 11 33 21 32 6 7 22 10 20 
0 16
1 17
2 24
3 18
4 13
5 0
6 29
7 30
8 6
9 12
10 32
11 25
12 4
13 2
14 14
15 7
16 20
17 15
18 23
19 5
20 33
21 27
22 31
23 21
24 10
25 8
26 1
27 3
28 9
29 22
30 19
31 11
32 28
33 26
SIMILAR

7 17 9 13 16 12 5 2 30 0 24 33 19 18 25 11 6 4 15 27 29 14 28 8 32 20 31 10 23 1 3 26 21 22 
0 9
1 29
2 7
3 30
4 17
5 6
6 16
7 0
8 23
9 2
10 27
11 15
12 5
13 3
14 21
15 18
16 4
17 1
18 13
19 12
20 25
21 32
22 33
23 28
24 10
25 14
26 31
27 19
28 22
29 20
30 8
31 26
32 24
33 11
SIMILAR

6 26 4 2 31 14 12 25 20 32 19 9 8 21 15 23 16 30 27 24 28 13 33 29 10 1 18 5 7 17 3 11 0 22 
0 32
1 25
2 3
3 30
4 2
5 27
6 0
7 28
8 12
9 11
10 24
11 31
12 6
13 21
14 5
15 14
16 16
17 29
18 26
19 10
20 8
21 13
22 33
23 15
24 19
25 7
26 1
27 18
28 20
29 23
30 17
31 4
32 9
33 22
SIMILAR

4 26 14 0 1 30 21 18 6 33 15 10 24 29 25 2 32 5 9 17 28 11 12 27 31 19 13 20 3 8 16 22 23 7 
0 3
1 4
2 15
3 28
4 0
5 17
6 8
7 33
8 29
9 18
10 11
11 21
12 22
13 26
14 2
15 10
16 30
17 19
18 7
19 25
20 27
21 6
22 31
23 32
24 12
25 14
26 1
27 23
28 20
29 13
30 5
31 24
32 16
33 9
SIMILAR

11 1 24 23 33 25 9 13 12 16 18 7 21 6 29 31 4 14 20 26 30 27 17 5 19 8 28 3 10 0 15 32 2 22 
0 29
1 1
2 32
3 27
4 16
5 23
6 13
7 11
8 25
9 6
10 28
11 0
12 8
13 7
14 17
15 30
16 9
17 22
18 10
19 24
20 18
21 12
22 33
23 3
24 2
25 5
26 19
27 21
28 26
29 14
30 20
31 15
32 31
33 4
SIMILAR

28 13 27 15 7 2 10 19 18 30 3 24 31 12 6 29 16 26 14 33 23 25 0 4 22 21 17 32 20 11 5 1 9 8 
0 22
1 31
2 5
3 10
4 23
5 30
6 14
7 4
8 33
9 32
10 6
11 29
12 13
13 1
14 18
15 3
16 16
17 26
18 8
19 7
20 28
21 25
22 24
23 20
24 11
25 21
26 17
27 2
28 0
29 15
30 9
31 12
32 27
33 19
SIMILAR

15 31 32 2 12 17 6 13 0 18 9 25 3 10 11 14 27 23 5 26 16 19 22 29 24 30 8 28 33 7 21 20 4 1 
0 8
1 33
2 3
3 12
4 32
5 18
6 6
7 29
8 26
9 10
10 13
11 14
12 4
13 7
14 15
15 0
16 20
17 5
18 9
19 21
20 31
21 30
22 22
23 17
24 24
25 11
26 19
27 16
28 27
29 23
30 25
31 1
32 2
33 28
SIMILAR

16 11 7 15 4 21 23 32 20 10 29 5 33 3 1 26 12 13 14 6 8 25 19 0 24 17 30 27 22 28 9 18 2 31 
0 23
1 14
2 32
3 13
4 4
5 11
6 19
7 2
8 20
9 30
10 9
11 1
12 16
13 17
14 18
15 3
16 0
17 25
18 31
19 22
20 8
21 5
22 28
23 6
24 24
25 21
26 15
27 27
28 29
29 10
30 26
31 33
32 7
33 12
SIMILAR

18 14 33 3 19 32 28 29 31 15 16 5 24 6 27 7 8 30 13 25 21 1 22 2 23 12 0 26 17 10 11 9 20 4 
0 26
1 21
2 23
3 3
4 33
5 11
6 13
7 15
8 16
9 31
10 29
11 30
12 25
13 18
14 1
15 9
16 10
17 28
18 0
19 4
20 32
21 20
22 22
23 24
24 12
25 19
26 27
27 14
28 6
29 7
30 17
31 8
32 5
33 2
SIMILAR

31 26 33 25 0 4 24 22 27 29 2 13 17 15 1 20 8 30 9 3 5 28 12 6 10 19 14 32 16 7 18 21 11 23 
0 4
1 14
2 10
3 19
4 5
5 20
6 23
7 29
8 16
9 18
10 24
11 32
12 22
13 11
14 26
15 13
16 28
17 12
18 30
19 25
20 15
21 31
22 7
23 33
24 6
25 3
26 1
27 8
28 21
29 9
30 17
31 0
32 27
33 2
SIMILAR

18 10 1 27 32 26 0 16 19 17 11 28 22 14 13 4 25 3 12 5 21 7 20 8 23 6 30 29 2 15 24 31 33 9 
0 6
1 2
2 28
3 17
4 15
5 19
6 25
7 21
8 23
9 33
10 1
11 10
12 18
13 14
14 13
15 29
16 7
17 9
18 0
19 8
20 22
21 20
22 12
23 24
24 30
25 16
26 5
27 3
28 11
29 27
30 26
31 31
32 4
33 32
SIMILAR

14 27 9 18 3 24 32 1 4 12 33 25 28 5 16 17 30 11 6 13 26 7 15 21 19 23 0 29 8 2 31 20 22 10 
0 26
1 7
2 29
3 4
4 8
5 13
6 18
7 21
8 28
9 2
10 33
11 17
12 9
13 19
14 0
15 22
16 14
17 15
18 3
19 24
20 31
21 23
22 32
23 25
24 5
25 11
26 20
27 1
28 12
29 27
30 16
31 30
32 6
33 10
SIMILAR

5 12 28 14 7 11 6 24 3 16 13 25 20 2 26 8 23 19 1 22 15 9 10 31 30 17 21 32 0 4 33 18 29 27 
0 28
1 18
2 13
3 8
4 29
5 0
6 6
7 4
8 15
9 21
10 22
11 5
12 1
13 10
14 3
15 20
16 9
17 25
18 31
19 17
20 12
21 26
22 19
23 16
24 7
25 11
26 14
27 33
28 2
29 32
30 24
31 23
32 27
33 30
SIMILAR

31 20 25 10 13 5 4 19 17 30 0 18 28 24 9 8 6 3 21 1 33 12 22 7 2 23 16 26 27 11 32 14 15 29 
0 10
1 19
2 24
3 17
4 6
5 5
6 16
7 23
8 15
9 14
10 3
11 29
12 21
13 4
14 31
15 32
16 26
17 8
18 11
19 7
20 1
21 18
22 22
23 25
24 13
25 2
26 27
27 28
28 12
29 33
30 9
31 0
32 30
33 20
SIMILAR

5 23 26 19 17 4 31 15 0 27 24 22 8 2 13 11 29 6 3 10 32 1 21 25 12 30 28 20 9 7 33 14 18 16 
0 8
1 21
2 13
3 18
4 5
5 0
6 17
7 29
8 12
9 28
10 19
11 15
12 24
13 14
14 31
15 7
16 33
17 4
18 32
19 3
20 27
21 22
22 11
23 1
24 10
25 23
26 2
27 9
28 26
29 16
30 25
31 6
32 20
33 30
SIMILAR

3 33 10 6 26 25 16 17 22 7 8 2 31 15 13 27 9 12 4 28 1 11 21 29 19 32 24 0 23 18 30 20 5 14 
0 27
1 20
2 11
3 0
4 18
5 32
6 3
7 9
8 10
9 16
10 2
11 21
12 17
13 14
14 33
15 13
16 6
17 7
18 29
19 24
20 31
21 22
22 8
23 28
24 26
25 5
26 4
27 15
28 19
29 23
30 30
31 12
32 25
33 1
SIMILAR

10 4 30 33 9 5 19 28 11 22 12 0 15 1 8 16 24 13 2 6 26 7 31 32 18 21 23 14 17 29 27 20 25 3 
0 11
1 13
2 18
3 33
4 1
5 5
6 19
7 21
8 14
9 4
10 0
11 8
12 10
13 17
14 27
15 12
16 15
17 28
18 24
19 6
20 31
21 25
22 9
23 26
24 16
25 32
26 20
27 30
28 7
29 29
30 2
31 22
32 23
33 3
SIMILAR

9 29 32 11 3 1 6 4 15 10 25 23 14 21 33 28 13 22 2 8 31 27 16 30 0 19 7 24 17 12 26 20 5 18 
0 24
1 5
2 18
3 4
4 7
5 32
6 6
7 26
8 19
9 0
10 9
11 3
12 29
13 16
14 12
15 8
16 22
17 28
18 33
19 25
20 31
21 13
22 17
23 11
24 27
25 10
26 30
27 21
28 15
29 1
30 23
31 20
32 2
33 14
SIMILAR

31 22 0 18 16 19 32 21 13 15 33 25 4 27 7 2 11 14 17 12 1 28 26 3 20 8 29 5 9 30 6 24 10 23 
0 2
1 20
2 15
3 23
4 12
5 27
6 30
7 14
8 25
9 28
10 32
11 16
12 19
13 8
14 17
15 9
16 4
17 18
18 3
19 5
20 24
21 7
22 1
23 33
24 31
25 11
26 22
27 13
28 21
29 26
30 29
31 0
32 6
33 10
SIMILAR

8 0 32 23 11 15 6 2 20 5 7 17 4 9 19 30 1 29 3 22 21 27 25 16 12 24 10 28 31 13 18 14 33 26 
0 1
1 16
2 7
3 18
4 12
5 9
6 6
7 10
8 0
9 13
10 26
11 4
12 24
13 29
14 31
15 5
16 23
17 11
18 30
19 14
20 8
21 20
22 19
23 3
24 25
25 22
26 33
27 21
28 27
29 17
30 15
31 28
32 2
33 32
SIMILAR

14 30 31 21 26 1 32 0 25 17 18 19 29 27 23 33 16 12 13 9 7 10 6 15 3 4 20 8 2 24 28 5 11 22 
0 7
1 5
2 28
3 24
4 25
5 31
6 22
7 20
8 27
9 19
10 21
11 32
12 17
13 18
14 0
15 23
16 16
17 9
18 10
19 11
20 26
21 3
22 33
23 14
24 29
25 8
26 4
27 13
28 30
29 12
30 1
31 2
32 6
33 15
SIMILAR

21 20 17 19 18 22 9 7 32 15 31 29 4 8 1 24 27 30 0 14 33 11 12 5 13 23 25 26 2 16 10 3 6 28 
0 18
1 14
2 28
3 31
4 12
5 23
6 32
7 7
8 13
9 6
10 30
11 21
12 22
13 24
14 19
15 9
16 29
17 2
18 4
19 3
20 1
21 0
22 5
23 25
24 15
25 26
26 27
27 16
28 33
29 11
30 17
31 10
32 8
33 20
SIMILAR

27 14 1 3 11 24 6 4 8 32 2 7 18 29 21 17 19 5 12 13 30 28 20 15 9 33 16 23 31 10 0 26 25 22 
0 30
1 2
2 10
3 3
4 7
5 17
6 6
7 11
8 8
9 24
10 29
11 4
12 18
13 19
14 1
15 23
16 26
17 15
18 12
19 16
20 22
21 14
22 33
23 27
24 5
25 32
26 31
27 0
28 21
29 13
30 20
31 28
32 9
33 25
SIMILAR

30 14 8 25 28 32 10 17 3 23 5 31 24 13 21 12 27 2 1 0 11 22 7 6 15 19 33 9 4 20 18 29 26 16 
0 19
1 18
2 17
3 8
4 28
5 10
6 23
7 22
8 2
9 27
10 6
11 20
12 15
13 13
14 1
15 24
16 33
17 7
18 30
19 25
20 29
21 14
22 21
23 9
24 12
25 3
26 32
27 16
28 4
29 31
30 0
31 11
32 5
33 26
SIMILAR

25 19 20 33 32 5 21 27 30 8 6 1 26 28 22 13 9 11 16 29 18 14 23 15 17 12 4 10 24 7 0 31 3 2 
0 30
1 11
2 33
3 32
4 26
5 5
6 10
7 29
8 9
9 16
10 27
11 17
12 25
13 15
14 21
15 23
16 18
17 24
18 20
19 1
20 2
21 6
22 14
23 22
24 28
25 0
26 12
27 7
28 13
29 19
30 8
31 31
32 4
33 3
SIMILAR

15 31 27 6 26 30 9 29 12 5 10 2 3 18 16 8 14 28 7 33 1 23 0 25 24 13 4 20 19 17 11 22 21 32 
0 22
1 20
2 11
3 12
4 26
5 9
6 3
7 18
8 15
9 6
10 10
11 30
12 8
13 25
14 16
15 0
16 14
17 29
18 13
19 28
20 27
21 32
22 31
23 21
24 24
25 23
26 4
27 2
28 17
29 7
30 5
31 1
32 33
33 19
SIMILAR

9 24 27 32 5 3 15 2 1 14 29 21 17 4 7 0 6 30 16 33 26 10 11 28 22 13 8 12 25 31 23 18 19 20 
0 15
1 8
2 7
3 5
4 13
5 4
6 16
7 14
8 26
9 0
10 21
11 22
12 27
13 25
14 9
15 6
16 18
17 12
18 31
19 32
20 33
21 11
22 24
23 30
24 1
25 28
26 20
27 2
28 23
29 10
30 17
31 29
32 3
33 19
SIMILAR

1 21 18 29 0 14 2 22 3 16 32 30 12 4 9 24 6 8 10 26 17 28 25 20 13 19 27 7 5 31 15 33 11 23 
0 4
1 0
2 6
3 8
4 13
5 28
6 16
7 27
8 17
9 14
10 18
11 32
12 12
13 24
14 5
15 30
16 9
17 20
18 2
19 25
20 23
21 1
22 7
23 33
24 15
25 22
26 19
27 26
28 21
29 3
30 11
31 29
32 10
33 31
SIMILAR

29 21 13 19 3 6 9 14 4 11 30 26 24 5 31 12 22 1 23 20 15 2 16 25 7 10 32 0 8 33 18 27 17 28 
0 27
1 17
2 21
3 4
4 8
5 13
6 5
7 24
8 28
9 6
10 25
11 9
12 15
13 2
14 7
15 20
16 22
17 32
18 30
19 3
20 19
21 1
22 16
23 18
24 12
25 23
26 11
27 31
28 33
29 0
30 10
31 14
32 26
33 29
SIMILAR

20 28 3 21 8 14 0 13 25 17 10 31 4 7 1 23 2 5 15 6 24 12 29 27 33 19 11 18 26 16 32 30 9 22 
0 6
1 14
2 16
3 2
4 12
5 17
6 19
7 13
8 4
9 32
10 10
11 26
12 21
13 7
14 5
15 18
16 29
17 9
18 27
19 25
20 0
21 3
22 33
23 15
24 20
25 8
26 28
27 23
28 1
29 22
30 31
31 11
32 30
33 24
SIMILAR

7 8 4 30 19 32 33 21 3 15 6 13 16 22 12 10 2 27 5 28 9 0 23 18 25 26 29 17 20 24 14 31 1 11 
0 21
1 32
2 16
3 8
4 2
5 18
6 10
7 0
8 1
9 20
10 15
11 33
12 14
13 11
14 30
15 9
16 12
17 27
18 23
19 4
20 28
21 7
22 13
23 22
24 29
25 24
26 25
27 17
28 19
29 26
30 3
31 31
32 5
33 6
SIMILAR

3 12 32 11 31 9 18 7 29 8 1 27 24 10 13 26 0 22 19 16 23 2 5 14 30 33 6 28 17 25 4 20 21 15 
0 16
1 10
2 21
3 0
4 30
5 22
6 26
7 7
8 9
9 5
10 13
11 3
12 1
13 14
14 23
15 33
16 19
17 28
18 6
19 18
20 31
21 32
22 17
23 20
24 12
25 29
26 15
27 11
28 27
29 8
30 24
31 4
32 2
33 25
SIMILAR

27 31 11 21 24 9 22 33 16 14 0 5 10 18 17 20 6 7 23 19 3 29 25 1 15 4 28 12 30 26 32 13 8 2 
0 10
1 23
2 33
3 20
4 25
5 11
6 16
7 17
8 32
9 5
10 12
11 2
12 27
13 31
14 9
15 24
16 8
17 14
18 13
19 19
20 15
21 3
22 6
23 18
24 4
25 22
26 29
27 0
28 26
29 21
30 28
31 1
32 30
33 7
SIMILAR

15 13 5 25 4 6 26 30 22 3 11 28 10 20 31 17 16 24 32 14 23 12 27 7 1 9 18 2 8 33 21 0 19 29 
0 31
1 24
2 27
3 9
4 4
5 2
6 5
7 23
8 28
9 25
10 12
11 10
12 21
13 1
14 19
15 0
16 16
17 15
18 26
19 32
20 13
21 30
22 8
23 20
24 17
25 3
26 6
27 22
28 11
29 33
30 7
31 14
32 18
33 29
SIMILAR

5 15 2 28 6 9 4 25 10 27 22 1 18 16 13 31 21 19 0 32 14 8 23 3 29 30 24 7 11 12 33 26 17 20 
0 18
1 11
2 2
3 23
4 6
5 0
6 4
7 27
8 21
9 5
10 8
11 28
12 29
13 14
14 20
15 1
16 13
17 32
18 12
19 17
20 33
21 16
22 10
23 22
24 26
25 7
26 31
27 9
28 3
29 24
30 25
31 15
32 19
33 30
SIMILAR

20 11 26 16 8 10 3 27 33 2 21 25 9 24 14 28 29 5 13 31 30 22 0 7 4 12 18 19 17 1 23 32 15 6 
0 22
1 29
2 9
3 6
4 24
5 17
6 33
7 23
8 4
9 12
10 5
11 1
12 25
13 18
14 14
15 32
16 3
17 28
18 26
19 27
20 0
21 10
22 21
23 30
24 13
25 11
26 2
27 7
28 15
29 16
30 20
31 19
32 31
33 8
SIMILAR

4 22 17 30 31 5 0 25 29 26 13 20 6 27 2 3 10 16 1 8 14 28 12 23 7 21 15 24 11 33 19 18 9 32 
0 6
1 18
2 14
3 15
4 0
5 5
6 12
7 24
8 19
9 32
10 16
11 28
12 22
13 10
14 20
15 26
16 17
17 2
18 31
19 30
20 11
21 25
22 1
23 23
24 27
25 7
26 9
27 13
28 21
29 8
30 3
31 4
32 33
33 29
SIMILAR

15 25 22 29 12 16 2 26 9 13 0 3 27 5 19 17 7 20 32 4 33 1 30 11 23 18 28 8 10 6 31 14 21 24 
0 10
1 21
2 6
3 11
4 19
5 13
6 29
7 16
8 27
9 8
10 28
11 23
12 4
13 9
14 31
15 0
16 5
17 15
18 25
19 14
20 17
21 32
22 2
23 24
24 33
25 1
26 7
27 12
28 26
29 3
30 22
31 30
32 18
33 20
SIMILAR

10 28 9 31 29 11 23 21 20 18 3 22 7 33 2 12 24 14 6 1 15 13 25 4 17 19 26 8 30 32 16 27 0 5 
0 32
1 19
2 14
3 10
4 23
5 33
6 18
7 12
8 27
9 2
10 0
11 5
12 15
13 21
14 17
15 20
16 30
17 24
18 9
19 25
20 8
21 7
22 11
23 6
24 16
25 22
26 26
27 31
28 1
29 4
30 28
31 3
32 29
33 13
SIMILAR

16 11 7 2 10 21 22 19 6 28 29 26 18 33 3 17 13 1 24 4 12 5 15 27 14 9 23 25 8 30 31 32 0 20 
0 32
1 17
2 3
3 14
4 19
5 21
6 8
7 2
8 28
9 25
10 4
11 1
12 20
13 16
14 24
15 22
16 0
17 15
18 12
19 7
20 33
21 5
22 6
23 26
24 18
25 27
26 11
27 23
28 9
29 10
30 29
31 30
32 31
33 13
SIMILAR

8 10 28 24 4 9 30 27 5 16 7 12 31 0 26 32 13 29 23 33 3 18 1 11 25 21 14 2 17 20 15 22 19 6 
0 13
1 22
2 27
3 20
4 4
5 8
6 33
7 10
8 0
9 5
10 1
11 23
12 11
13 16
14 26
15 30
16 9
17 28
18 21
19 32
20 29
21 25
22 31
23 18
24 3
25 24
26 14
27 7
28 2
29 17
30 6
31 12
32 15
33 19
SIMILAR

18 17 8 26 33 9 7 27 12 3 19 11 25 30 5 21 14 32 0 20 16 1 28 13 10 15 23 6 2 24 22 29 4 31 
0 18
1 21
2 28
3 9
4 32
5 14
6 27
7 6
8 2
9 5
10 24
11 11
12 8
13 23
14 16
15 25
16 20
17 1
18 0
19 10
20 19
21 15
22 30
23 26
24 29
25 12
26 3
27 7
28 22
29 31
30 13
31 33
32 17
33 4
SIMILAR

9 33 5 4 14 31 3 29 1 27 20 25 10 0 6 7 19 30 15 13 26 23 2 17 24 16 21 22 32 8 18 11 12 28 
0 13
1 8
2 22
3 6
4 3
5 2
6 14
7 15
8 29
9 0
10 12
11 31
12 32
13 19
14 4
15 18
16 25
17 23
18 30
19 16
20 10
21 26
22 27
23 21
24 24
25 11
26 20
27 9
28 33
29 7
30 17
31 5
32 28
33 1
SIMILAR

6 10 23 11 1 25 7 13 3 8 16 5 20 30 21 0 27 2 22 9 17 31 4 19 33 15 32 28 12 24 29 14 26 18 
0 15
1 4
2 17
3 8
4 22
5 11
6 0
7 6
8 9
9 19
10 1
11 3
12 28
13 7
14 31
15 25
16 10
17 20
18 33
19 23
20 12
21 14
22 18
23 2
24 29
25 5
26 32
27 16
28 27
29 30
30 13
31 21
32 26
33 24
SIMILAR

13 26 14 33 9 18 31 15 32 17 20 4 7 22 16 23 27 28 0 8 19 11 1 2 3 30 29 6 25 24 10 5 21 12 
0 18
1 22
2 23
3 24
4 11
5 31
6 27
7 12
8 19
9 4
10 30
11 21
12 33
13 0
14 2
15 7
16 14
17 9
18 5
19 20
20 10
21 32
22 13
23 15
24 29
25 28
26 1
27 16
28 17
29 26
30 25
31 6
32 8
33 3
SIMILAR

24 0 27 4 9 32 28 17 11 3 2 6 19 10 16 18 29 8 30 13 25 15 14 33 31 26 22 5 12 21 20 1 7 23 
0 1
1 31
2 10
3 9
4 3
5 27
6 11
7 32
8 17
9 4
10 13
11 8
12 28
13 19
14 22
15 21
16 14
17 7
18 15
19 12
20 30
21 29
22 26
23 33
24 0
25 20
26 25
27 2
28 6
29 16
30 18
31 24
32 5
33 23
SIMILAR

15 25 14 12 33 18 3 32 22 4 2 8 29 24 31 9 26 7 21 13 11 0 17 20 28 1 27 19 5 23 16 6 30 10 
0 21
1 25
2 10
3 6
4 9
5 28
6 31
7 17
8 11
9 15
10 33
11 20
12 3
13 19
14 2
15 0
16 30
17 22
18 5
19 27
20 23
21 18
22 8
23 29
24 13
25 1
26 16
27 26
28 24
29 12
30 32
31 14
32 7
33 4
SIMILAR

20 0 19 31 28 3 2 6 9 21 30 27 5 10 24 26 14 15 23 4 18 22 11 12 16 32 25 17 33 7 13 29 1 8 
0 1
1 32
2 6
3 5
4 19
5 12
6 7
7 29
8 33
9 8
10 13
11 22
12 23
13 30
14 16
15 17
16 24
17 27
18 20
19 2
20 0
21 9
22 21
23 18
24 14
25 26
26 15
27 11
28 4
29 31
30 10
31 3
32 25
33 28
SIMILAR

2 29 23 9 33 3 32 7 28 12 25 21 20 30 24 19 5 22 13 31 8 15 17 16 1 4 18 10 11 6 0 27 26 14 
0 30
1 24
2 0
3 5
4 25
5 16
6 29
7 7
8 20
9 3
10 27
11 28
12 9
13 18
14 33
15 21
16 23
17 22
18 26
19 15
20 12
21 11
22 17
23 2
24 14
25 10
26 32
27 31
28 8
29 1
30 13
31 19
32 6
33 4
SIMILAR

10 6 26 4 5 14 22 23 21 30 13 27 29 24 2 12 20 1 25 18 33 28 3 0 15 7 11 16 32 9 19 17 8 31 
0 23
1 17
2 14
3 22
4 3
5 4
6 1
7 25
8 32
9 29
10 0
11 26
12 15
13 10
14 5
15 24
16 27
17 31
18 19
19 30
20 16
21 8
22 6
23 7
24 13
25 18
26 2
27 11
28 21
29 12
30 9
31 33
32 28
33 20
SIMILAR

21 11 8 17 31 4 33 6 27 2 29 13 10 3 7 9 1 26 32 18 14 25 12 22 23 30 24 28 20 16 15 5 0 19 
0 32
1 16
2 9
3 13
4 5
5 31
6 7
7 14
8 2
9 15
10 12
11 1
12 22
13 11
14 20
15 30
16 29
17 3
18 19
19 33
20 28
21 0
22 23
23 24
24 26
25 21
26 17
27 8
28 27
29 10
30 25
31 4
32 18
33 6
SIMILAR

12 24 17 3 33 0 5 10 8 1 26 21 13 15 14 18 19 9 29 25 20 31 16 2 6 4 7 27 23 22 28 32 11 30 
0 5
1 9
2 23
3 3
4 25
5 6
6 24
7 26
8 8
9 17
10 7
11 32
12 0
13 12
14 14
15 13
16 22
17 2
18 15
19 16
20 20
21 11
22 29
23 28
24 1
25 19
26 10
27 27
28 30
29 18
30 33
31 21
32 31
33 4
SIMILAR

31 15 24 10 33 16 27 20 23 21 26 4 32 1 0 13 14 8 28 19 9 5 25 12 7 22 2 3 30 29 17 6 11 18 
0 14
1 13
2 26
3 27
4 11
5 21
6 31
7 24
8 17
9 20
10 3
11 32
12 23
13 15
14 16
15 1
16 5
17 30
18 33
19 19
20 7
21 9
22 25
23 8
24 2
25 22
26 10
27 6
28 18
29 29
30 28
31 0
32 12
33 4
SIMILAR

15 31 0 7 13 1 8 22 25 30 24 27 26 10 3 4 19 9 20 29 21 28 14 12 16 2 11 33 6 32 5 23 18 17 
0 2
1 5
2 25
3 14
4 15
5 30
6 28
7 3
8 6
9 17
10 13
11 26
12 23
13 4
14 22
15 0
16 24
17 33
18 32
19 16
20 18
21 20
22 7
23 31
24 10
25 8
26 12
27 11
28 21
29 19
30 9
31 1
32 29
33 27
SIMILAR

18 2 11 8 0 6 22 31 30 24 14 15 4 33 27 25 16 3 10 5 19 28 1 9 21 29 32 26 7 20 13 23 17 12 
0 4
1 22
2 1
3 17
4 12
5 19
6 5
7 28
8 3
9 23
10 18
11 2
12 33
13 30
14 10
15 11
16 16
17 32
18 0
19 20
20 29
21 24
22 6
23 31
24 9
25 15
26 27
27 14
28 21
29 25
30 8
31 7
32 26
33 13
SIMILAR

18 1 7 24 9 10 23 4 22 14 16 21 11 6 32 3 15 31 12 17 25 28 27 29 20 8 30 33 2 13 0 19 26 5 
0 30
1 1
2 28
3 15
4 7
5 33
6 13
7 2
8 25
9 4
10 5
11 12
12 18
13 29
14 9
15 16
16 10
17 19
18 0
19 31
20 24
21 11
22 8
23 6
24 3
25 20
26 32
27 22
28 21
29 23
30 26
31 17
32 14
33 27
SIMILAR

8 6 23 13 5 24 31 33 10 32 11 17 20 30 26 3 27 21 7 2 1 12 28 14 25 16 29 4 22 0 15 18 19 9 
0 29
1 20
2 19
3 15
4 27
5 4
6 1
7 18
8 0
9 33
10 8
11 10
12 21
13 3
14 23
15 30
16 25
17 11
18 31
19 32
20 12
21 17
22 28
23 2
24 5
25 24
26 14
27 16
28 22
29 26
30 13
31 6
32 9
33 7
SIMILAR

12 11 29 31 17 5 18 4 28 0 7 14 32 20 30 21 23 26 25 8 15 16 27 33 6 19 13 22 24 10 9 1 2 3 
0 9
1 31
2 32
3 33
4 7
5 5
6 24
7 10
8 19
9 30
10 29
11 1
12 0
13 26
14 11
15 20
16 21
17 4
18 6
19 25
20 13
21 15
22 27
23 16
24 28
25 18
26 17
27 22
28 8
29 2
30 14
31 3
32 12
33 23
SIMILAR

0 19 9 33 14 25 13 29 22 23 18 8 26 20 4 1 21 3 32 12 5 16 11 6 28 15 27 10 7 24 2 31 17 30 
0 0
1 15
2 30
3 17
4 14
5 20
6 23
7 28
8 11
9 2
10 27
11 22
12 19
13 6
14 4
15 25
16 21
17 32
18 10
19 1
20 13
21 16
22 8
23 9
24 29
25 5
26 12
27 26
28 24
29 7
30 33
31 31
32 18
33 3
SIMILAR

25 27 16 6 2 31 14 20 24 18 10 12 29 32 0 9 13 22 23 11 4 15 8 21 1 33 30 19 5 3 17 7 28 26 
0 14
1 24
2 4
3 29
4 20
5 28
6 3
7 31
8 22
9 15
10 10
11 19
12 11
13 16
14 6
15 21
16 2
17 30
18 9
19 27
20 7
21 23
22 17
23 18
24 8
25 0
26 33
27 1
28 32
29 12
30 26
31 5
32 13
33 25
SIMILAR

28 0 9 2 3 20 13 33 24 12 22 7 19 15 18 17 30 4 25 11 16 23 26 31 32 10 29 8 14 21 27 6 5 1 
0 1
1 33
2 3
3 4
4 17
5 32
6 31
7 11
8 27
9 2
10 25
11 19
12 9
13 6
14 28
15 13
16 20
17 15
18 14
19 12
20 5
21 29
22 10
23 21
24 8
25 18
26 22
27 30
28 0
29 26
30 16
31 23
32 24
33 7
SIMILAR

8 0 11 19 14 3 29 17 27 23 28 6 2 22 12 18 1 13 20 26 21 7 33 25 32 31 30 16 4 15 10 5 9 24 
0 1
1 16
2 12
3 5
4 28
5 31
6 11
7 21
8 0
9 32
10 30
11 2
12 14
13 17
14 4
15 29
16 27
17 7
18 15
19 3
20 18
21 20
22 13
23 9
24 33
25 23
26 19
27 8
28 10
29 6
30 26
31 25
32 24
33 22
SIMILAR

24 12 25 2 26 18 33 19 20 23 10 7 14 3 31 16 32 6 11 15 21 4 8 30 13 17 1 0 22 29 5 9 28 27 
0 27
1 26
2 3
3 13
4 21
5 30
6 17
7 11
8 22
9 31
10 10
11 18
12 1
13 24
14 12
15 19
16 15
17 25
18 5
19 7
20 8
21 20
22 28
23 9
24 0
25 2
26 4
27 33
28 32
29 29
30 23
31 14
32 16
33 6
SIMILAR

21 5 7 14 25 16 26 19 11 3 18 32 22 13 20 8 33 9 4 2 1 6 30 12 28 0 27 23 29 24 10 15 31 17 
0 25
1 20
2 19
3 9
4 18
5 1
6 21
7 2
8 15
9 17
10 30
11 8
12 23
13 13
14 3
15 31
16 5
17 33
18 10
19 7
20 14
21 0
22 12
23 27
24 29
25 4
26 6
27 26
28 24
29 28
30 22
31 32
32 11
33 16
SIMILAR

1 14 25 30 3 17 32 0 8 13 23 16 21 31 5 11 7 24 28 26 18 15 6 12 22 2 27 33 9 19 4 20 29 10 
0 7
1 0
2 25
3 4
4 30
5 14
6 22
7 16
8 8
9 28
10 33
11 15
12 23
13 9
14 1
15 21
16 11
17 5
18 20
19 29
20 31
21 12
22 24
23 10
24 17
25 2
26 19
27 26
28 18
29 32
30 3
31 13
32 6
33 27
SIMILAR

30 31 28 10 16 26 29 11 24 23 20 7 22 3 5 13 1 33 17 12 32 21 0 25 14 4 18 9 27 2 8 19 15 6 
0 22
1 16
2 29
3 13
4 25
5 14
6 33
7 11
8 30
9 27
10 3
11 7
12 19
13 15
14 24
15 32
16 4
17 18
18 26
19 31
20 10
21 21
22 12
23 9
24 8
25 23
26 5
27 28
28 2
29 6
30 0
31 1
32 20
33 17
SIMILAR
100 0
4100 0
304100 0
