34
0 1 1 1 1 0 0 1 0 0 1 1 0 1 1 1 0 1 0 1 0 1 1 1 1 1 1 0 0 0 1 0 1 1 
1 0 0 1 1 0 0 1 0 0 0 0 0 1 1 0 1 1 0 1 0 0 0 0 1 0 0 0 1 1 0 0 0 1 
1 0 0 1 1 1 0 1 0 1 0 1 0 0 1 1 1 0 0 1 0 0 0 1 1 1 1 0 0 0 1 1 1 0 
1 1 1 0 0 0 1 1 0 0 0 0 1 0 0 0 1 1 0 1 0 1 0 1 0 1 0 1 1 0 0 0 0 1 
1 1 1 0 0 1 1 0 0 0 1 1 0 1 0 0 0 0 0 1 0 0 1 0 1 1 1 0 1 0 0 1 0 0 
0 0 1 0 1 0 0 0 0 0 1 0 1 0 1 0 0 0 1 0 1 0 1 1 1 0 1 1 1 1 0 1 0 0 
0 0 0 1 1 0 0 1 1 1 0 0 0 1 0 0 0 1 1 1 1 0 0 0 0 0 1 1 1 0 0 1 0 1 
1 1 1 1 0 0 1 0 0 1 1 1 0 0 0 0 1 0 1 0 0 0 1 0 1 0 1 1 0 0 1 1 1 0 
0 0 0 0 0 0 1 0 0 1 1 0 0 0 1 0 0 1 0 0 0 0 1 0 0 1 1 1 1 0 0 0 1 0 
0 0 1 0 0 0 1 1 1 0 0 0 1 0 0 0 1 1 1 1 1 0 0 1 0 1 0 1 1 0 0 0 1 1 
1 0 0 0 1 1 0 1 1 0 0 0 0 1 0 0 0 0 0 1 0 0 0 0 1 0 0 0 0 1 1 0 1 1 
1 0 1 0 1 0 0 1 0 0 0 0 0 0 0 0 0 0 0 0 1 1 1 0 1 0 0 1 1 1 1 0 0 0 
0 0 0 1 0 1 0 0 0 1 0 0 0 1 1 0 1 0 0 0 1 0 1 0 1 1 1 1 1 1 0 0 1 0 
1 1 0 0 1 0 1 0 0 0 1 0 1 0 0 0 0 0 0 1 0 1 1 1 0 0 1 0 1 1 0 0 1 0 
1 1 1 0 0 1 0 0 1 0 0 0 1 0 0 1 1 0 1 0 1 1 1 1 0 0 0 0 0 0 0 1 0 1 
1 0 1 0 0 0 0 0 0 0 0 0 0 0 1 0 1 0 0 1 0 0 1 0 1 1 0 0 0 0 1 0 0 1 
0 1 1 1 0 0 0 1 0 1 0 0 1 0 1 1 0 1 0 1 1 0 1 0 0 0 0 1 1 0 0 0 0 0 
1 1 0 1 0 0 1 0 1 1 0 0 0 0 0 0 1 0 0 0 0 1 1 1 0 1 1 0 1 0 0 0 1 1 
0 0 0 0 0 1 1 1 0 1 0 0 0 0 1 0 0 0 0 0 1 0 0 1 1 0 1 0 0 0 1 1 0 0 
1 1 1 1 1 0 1 0 0 1 1 0 0 1 0 1 1 0 0 0 0 1 0 1 1 0 0 1 1 1 1 1 0 0 
0 0 0 0 0 1 1 0 0 1 0 1 1 0 1 0 1 0 1 0 0 1 1 0 1 1 0 0 0 1 1 0 1 1 
1 0 0 1 0 0 0 0 0 0 0 1 0 1 1 0 0 1 0 1 1 0 0 1 1 0 0 0 1 0 0 0 1 0 
1 0 0 0 1 1 0 1 1 0 0 1 1 1 1 1 1 1 0 0 1 0 0 0 1 0 1 1 1 1 1 0 1 0 
1 0 1 1 0 1 0 0 0 1 0 0 0 1 1 0 0 1 1 1 0 1 0 0 0 0 0 1 0 0 0 1 0 0 
1 1 1 0 1 1 0 1 0 0 1 1 1 0 0 1 0 0 1 1 1 1 1 0 0 0 0 0 0 1 0 1 0 0 
1 0 1 1 1 0 0 0 1 1 0 0 1 0 0 1 0 1 0 0 1 0 0 0 0 0 1 0 0 1 1 0 0 1 
1 0 1 0 1 1 1 1 1 0 0 0 1 1 0 0 0 1 1 0 0 0 1 0 0 1 0 0 0 0 1 1 0 1 
0 0 0 1 0 1 1 1 1 1 0 1 1 0 0 0 1 0 0 1 0 0 1 1 0 0 0 0 0 0 1 0 0 0 
0 1 0 1 1 1 1 0 1 1 0 1 1 1 0 0 1 1 0 1 0 1 1 0 0 0 0 0 0 1 0 0 1 1 
0 1 0 0 0 1 0 0 0 0 1 1 1 1 0 0 0 0 0 1 1 0 1 0 1 1 0 0 1 0 0 1 1 0 
1 0 1 0 0 0 0 1 0 0 1 1 0 0 0 1 0 0 1 1 1 0 1 0 0 1 1 1 0 0 0 0 1 1 
0 0 1 0 1 1 1 1 0 0 0 0 0 0 1 0 0 0 1 1 0 0 0 1 1 0 1 0 0 1 0 0 0 0 
1 0 1 0 0 0 0 1 1 1 1 0 1 1 0 0 0 1 0 0 1 1 1 0 0 0 0 0 1 1 1 0 0 0 
1 1 0 1 0 0 1 0 0 1 1 0 0 0 1 1 0 1 0 0 1 0 0 0 0 1 1 0 1 0 1 0 0 0 

29 25 28 6 9 4 15 27 22 1 18 0 26 17 13 23 12 5 7 21 14 31 30 19 32 33 20 10 3 8 24 2 11 16 
0 11
1 9
2 31
3 28
4 5
5 17
6 3
7 18
8 29
9 4
10 27
11 32
12 16
13 14
14 20
15 6
16 33
17 13
18 10
19 23
20 26
21 19
22 8
23 15
24 30
25 1
26 12
27 7
28 2
29 0
30 22
31 21
32 24
33 25
SIMILAR

9 4 28 29 16 19 15 24 14 10 0 27 22 31 30 18 25 20 8 17 12 11 2 3 5 6 23 32 7 13 21 26 33 1 
0 10
1 33
2 22
3 23
4 1
5 24
6 25
7 28
8 18
9 0
10 9
11 21
12 20
13 29
14 8
15 6
16 4
17 19
18 15
19 5
20 17
21 30
22 12
23 26
24 7
25 16
26 31
27 11
28 2
29 3
30 14
31 13
32 27
33 32
SIMILAR

33 25 15 14 2 20 4 32 9 22 11 17 7 12 13 19 16 5 8 31 6 18 24 27 1 10 29 21 26 28 23 0 3 30 
0 31
1 24
2 4
3 32
4 6
5 17
6 20
7 12
8 18
9 8
10 25
11 10
12 13
13 14
14 3
15 2
16 16
17 11
18 21
19 15
20 5
21 27
22 9
23 30
24 22
25 1
26 28
27 23
28 29
29 26
30 33
31 19
32 7
33 0
SIMILAR

8 28 13 5 18 25 27 3 9 32 33 21 2 17 0 12 31 15 24 11 1 4 10 30 6 14 19 29 26 20 23 16 22 7 
0 14
1 20
2 12
3 7
4 21
5 3
6 24
7 33
8 0
9 8
10 22
11 19
12 15
13 2
14 25
15 17
16 31
17 13
18 4
19 26
20 29
21 11
22 32
23 30
24 18
25 5
26 28
27 6
28 1
29 27
30 23
31 16
32 9
33 10
SIMILAR

24 9 21 4 10 8 28 3 16 6 17 5 30 15 32 12 14 25 11 20 18 26 23 29 13 0 27 31 22 33 7 2 1 19 
0 25
1 32
2 31
3 7
4 3
5 11
6 9
7 30
8 5
9 1
10 4
11 18
12 15
13 24
14 16
15 13
16 8
17 10
18 20
19 33
20 19
21 2
22 28
23 22
24 0
25 17
26 21
27 26
28 6
29 23
30 12
31 27
32 14
33 29
SIMILAR

12 3 8 18 27 25 15 11 24 0 32 6 10 30 2 20 1 21 33 23 16 28 7 29 13 17 9 22 4 31 5 26 14 19 
0 9
1 16
2 14
3 1
4 28
5 30
6 11
7 22
8 2
9 26
10 12
11 7
12 0
13 24
14 32
15 6
16 20
17 25
18 3
19 33
20 15
21 17
22 27
23 19
24 8
25 5
26 31
27 4
28 21
29 23
30 13
31 29
32 10
33 18
SIMILAR

17 32 4 13 10 3 23 6 8 14 9 25 15 18 22 0 21 31 11 33 29 20 7 5 19 30 1 28 2 16 12 24 26 27 
0 15
1 26
2 28
3 5
4 2
5 23
6 7
7 22
8 8
9 10
10 4
11 18
12 30
13 3
14 9
15 12
16 29
17 0
18 13
19 24
20 21
21 16
22 14
23 6
24 31
25 11
26 32
27 33
28 27
29 20
30 25
31 17
32 1
33 19
SIMILAR

13 26 16 20 6 15 3 9 14 33 19 0 2 8 31 24 25 27 7 23 4 21 11 1 22 10 12 29 5 30 17 28 18 32 
0 11
1 23
2 12
3 6
4 20
5 28
6 4
7 18
8 13
9 7
10 25
11 22
12 26
13 0
14 8
15 5
16 2
17 30
18 32
19 10
20 3
21 21
22 24
23 19
24 15
25 16
26 1
27 17
28 31
29 27
30 29
31 14
32 33
33 9
SIMILAR

8 33 16 9 10 22 23 14 20 28 31 3 19 0 29 32 4 30 18 11 26 21 12 27 5 24 15 1 2 6 13 17 7 25 
0 13
1 27
2 28
3 11
4 16
5 24
6 29
7 32
8 0
9 3
10 4
11 19
12 22
13 30
14 7
15 26
16 2
17 31
18 18
19 12
20 8
21 21
22 5
23 6
24 25
25 33
26 20
27 23
28 9
29 14
30 17
31 10
32 15
33 1
SIMILAR

28 17 1 4 21 23 3 31 2 16 19 20 11 32 18 26 12 9 15 10 22 30 27 33 7 14 5 0 8 24 13 29 6 25 
0 27
1 2
2 8
3 6
4 3
5 26
6 32
7 24
8 28
9 17
10 19
11 12
12 16
13 30
14 25
15 18
16 9
17 1
18 14
19 10
20 11
21 4
22 20
23 5
24 29
25 33
26 15
27 22
28 0
29 31
30 21
31 7
32 13
33 23
SIMILAR

26 18 9 29 20 0 6 32 13 2 4 31 8 17 25 28 33 23 16 27 5 14 19 12 21 3 11 7 22 1 10 30 15 24 
0 5
1 29
2 9
3 25
4 10
5 20
6 6
7 27
8 12
9 2
10 30
11 26
12 23
13 8
14 21
15 32
16 18
17 13
18 1
19 22
20 4
21 24
22 28
23 17
24 33
25 14
26 0
27 19
28 15
29 3
30 31
31 11
32 7
33 16
SIMILAR

2 8 29 20 16 21 5 1 12 28 7 14 15 3 17 0 11 24 27 13 23 9 4 6 18 31 33 26 22 10 25 32 30 19 
0 15
1 7
2 0
3 13
4 22
5 6
6 23
7 10
8 1
9 21
10 29
11 16
12 8
13 19
14 11
15 12
16 4
17 14
18 24
19 33
20 3
21 5
22 28
23 20
24 17
25 30
26 27
27 18
28 9
29 2
30 32
31 25
32 31
33 26
SIMILAR

24 3 28 20 30 11 8 33 23 6 4 26 9 18 16 21 27 13 32 29 25 19 15 5 17 1 31 22 0 12 10 7 2 14 
0 28
1 25
2 32
3 1
4 10
5 23
6 9
7 31
8 6
9 12
10 30
11 5
12 29
13 17
14 33
15 22
16 14
17 24
18 13
19 21
20 3
21 15
22 27
23 8
24 0
25 20
26 11
27 16
28 2
29 19
30 4
31 26
32 18
33 7
SIMILAR

29 25 32 8 23 19 2 14 31 3 4 15 26 10 13 11 7 33 5 18 28 21 12 24 30 20 1 9 16 22 0 27 17 6 
0 30
1 26
2 6
3 9
4 10
5 18
6 33
7 16
8 3
9 27
10 13
11 15
12 22
13 14
14 7
15 11
16 28
17 32
18 19
19 5
20 25
21 21
22 29
23 4
24 23
25 1
26 12
27 31
28 20
29 0
30 24
31 8
32 2
33 17
SIMILAR

6 12 2 25 29 32 31 30 3 15 7 10 20 28 4 5 21 23 1 24 33 26 22 11 8 16 27 9 0 13 19 17 14 18 
0 28
1 18
2 2
3 8
4 14
5 15
6 0
7 10
8 24
9 27
10 11
11 23
12 1
13 29
14 32
15 9
16 25
17 31
18 33
19 30
20 12
21 16
22 22
23 17
24 19
25 3
26 21
27 26
28 13
29 4
30 7
31 6
32 5
33 20
SIMILAR

22 32 1 33 0 28 14 27 30 7 21 20 29 4 9 18 12 6 23 5 13 15 24 19 16 31 10 26 8 2 25 3 17 11 
0 4
1 2
2 29
3 31
4 13
5 19
6 17
7 9
8 28
9 14
10 26
11 33
12 16
13 20
14 6
15 21
16 24
17 32
18 15
19 23
20 11
21 10
22 0
23 18
24 22
25 30
26 27
27 7
28 5
29 12
30 8
31 25
32 1
33 3
SIMILAR

1 19 32 20 14 30 15 12 23 9 13 26 4 33 0 6 10 18 3 22 29 24 25 28 21 27 16 17 11 31 8 2 5 7 
0 14
1 0
2 31
3 18
4 12
5 32
6 15
7 33
8 30
9 9
10 16
11 28
12 7
13 10
14 4
15 6
16 26
17 27
18 17
19 1
20 3
21 24
22 19
23 8
24 21
25 22
26 11
27 25
28 23
29 20
30 5
31 29
32 2
33 13
SIMILAR

9 1 7 26 29 10 14 24 11 15 28 6 21 0 16 27 8 22 5 17 20 2 31 25 13 4 30 12 33 18 3 19 32 23 
0 13
1 1
2 21
3 30
4 25
5 18
6 11
7 2
8 16
9 0
10 5
11 8
12 27
13 24
14 6
15 9
16 14
17 19
18 29
19 31
20 20
21 12
22 17
23 33
24 7
25 23
26 3
27 15
28 10
29 4
30 26
31 22
32 32
33 28
SIMILAR

29 8 23 16 19 2 10 30 22 17 26 18 1 4 6 12 13 5 7 27 28 3 9 21 0 25 14 11 32 33 20 31 24 15 
0 24
1 12
2 5
3 21
4 13
5 17
6 14
7 18
8 1
9 22
10 6
11 27
12 15
13 16
14 26
15 33
16 3
17 9
18 11
19 4
20 30
21 23
22 8
23 2
24 32
25 25
26 10
27 19
28 20
29 0
30 7
31 31
32 28
33 29
SIMILAR

21 20 2 15 23 18 1 8 0 11 22 16 9 29 12 24 5 17 14 19 31 30 32 4 25 28 10 33 7 6 3 26 27 13 
0 8
1 6
2 2
3 30
4 23
5 16
6 29
7 28
8 7
9 12
10 26
11 9
12 14
13 33
14 18
15 3
16 11
17 17
18 5
19 19
20 1
21 0
22 10
23 4
24 15
25 24
26 31
27 32
28 25
29 13
30 21
31 20
32 22
33 27
SIMILAR

32 33 17 2 16 19 14 13 24 9 8 15 3 27 30 20 6 29 26 11 1 31 25 7 18 5 21 10 22 12 28 4 23 0 
0 33
1 20
2 3
3 12
4 31
5 25
6 16
7 23
8 10
9 9
10 27
11 19
12 29
13 7
14 6
15 11
16 4
17 2
18 24
19 5
20 15
21 26
22 28
23 32
24 8
25 22
26 18
27 13
28 30
29 17
30 14
31 21
32 0
33 1
SIMILAR

19 6 14 1 8 28 20 23 29 22 24 0 32 13 15 25 12 4 33 18 7 11 21 10 9 27 16 26 2 31 5 3 17 30 
0 11
1 3
2 28
3 31
4 17
5 30
6 1
7 20
8 4
9 24
10 23
11 21
12 16
13 13
14 2
15 14
16 26
17 32
18 19
19 0
20 6
21 22
22 9
23 7
24 10
25 15
26 27
27 25
28 5
29 8
30 33
31 29
32 12
33 18
SIMILAR

16 1 21 7 32 12 23 20 14 6 29 13 22 25 4 10 33 11 0 5 8 2 18 31 9 19 27 26 17 30 15 3 24 28 
0 18
1 1
2 21
3 31
4 14
5 19
6 9
7 3
8 20
9 24
10 15
11 17
12 5
13 11
14 8
15 30
16 0
17 28
18 22
19 25
20 7
21 2
22 12
23 6
24 32
25 13
26 27
27 26
28 33
29 10
30 29
31 23
32 4
33 16
SIMILAR

17 27 10 31 26 2 4 23 1 33 18 9 14 0 11 3 6 24 20 25 16 30 32 12 29 22 13 7 15 8 21 19 28 5 
0 13
1 8
2 5
3 15
4 6
5 33
6 16
7 27
8 29
9 11
10 2
11 14
12 23
13 26
14 12
15 28
16 20
17 0
18 10
19 31
20 18
21 30
22 25
23 7
24 17
25 19
26 4
27 1
28 32
29 24
30 21
31 3
32 22
33 9
SIMILAR

8 10 30 28 20 0 15 11 21 18 23 3 29 17 13 4 22 2 26 25 19 9 24 12 32 6 5 7 27 33 31 14 16 1 
0 5
1 33
2 17
3 11
4 15
5 26
6 25
7 27
8 0
9 21
10 1
11 7
12 23
13 14
14 31
15 6
16 32
17 13
18 9
19 20
20 4
21 8
22 16
23 10
24 22
25 19
26 18
27 28
28 3
29 12
30 2
31 30
32 24
33 29
SIMILAR

25 23 9 24 30 5 4 2 15 29 8 7 16 31 21 33 12 28 1 19 13 20 27 18 17 10 3 0 11 26 14 6 22 32 
0 27
1 18
2 7
3 26
4 6
5 5
6 31
7 11
8 10
9 2
10 25
11 28
12 16
13 20
14 30
15 8
16 12
17 24
18 23
19 19
20 21
21 14
22 32
23 1
24 3
25 0
26 29
27 22
28 17
29 9
30 4
31 13
32 33
33 15
SIMILAR

2 19 11 21 33 3 12 18 17 25 23 6 22 27 13 10 20 30 16 5 15 29 28 8 1 31 4 14 9 32 7 0 26 24 
0 31
1 24
2 0
3 5
4 26
5 19
6 11
7 30
8 23
9 28
10 15
11 2
12 6
13 14
14 27
15 20
16 18
17 8
18 7
19 1
20 16
21 3
22 12
23 10
24 33
25 9
26 32
27 13
28 22
29 21
30 17
31 25
32 29
33 4
SIMILAR

33 24 20 2 30 12 1 28 21 11 9 13 26 32 17 31 16 19 29 0 14 27 25 7 18 10 5 23 22 4 3 8 6 15 
0 19
1 6
2 3
3 30
4 29
5 26
6 32
7 23
8 31
9 10
10 25
11 9
12 5
13 11
14 20
15 33
16 16
17 14
18 24
19 17
20 2
21 8
22 28
23 27
24 1
25 22
26 12
27 21
28 7
29 18
30 4
31 15
32 13
33 0
SIMILAR

23 10 9 22 32 27 8 0 20 26 15 5 6 21 4 29 14 1 30 31 33 24 17 25 3 11 18 7 2 16 28 19 13 12 
0 7
1 17
2 28
3 24
4 14
5 11
6 12
7 27
8 6
9 2
10 1
11 25
12 33
13 32
14 16
15 10
16 29
17 22
18 26
19 31
20 8
21 13
22 3
23 0
24 21
25 23
26 9
27 5
28 30
29 15
30 18
31 19
32 4
33 20
SIMILAR

15 31 7 13 30 14 3 2 25 10 9 18 33 32 26 17 23 21 8 1 29 12 27 16 22 19 6 4 28 5 0 20 11 24 
0 30
1 19
2 7
3 6
4 27
5 29
6 26
7 2
8 18
9 10
10 9
11 32
12 21
13 3
14 5
15 0
16 23
17 15
18 11
19 25
20 31
21 17
22 24
23 16
24 33
25 8
26 14
27 22
28 28
29 20
30 4
31 1
32 13
33 12
SIMILAR

25 28 7 8 1 6 21 29 23 17 2 30 20 19 10 22 9 27 15 18 33 13 32 24 26 4 0 14 3 16 12 31 11 5 
0 26
1 4
2 10
3 28
4 25
5 33
6 5
7 2
8 3
9 16
10 14
11 32
12 30
13 21
14 27
15 18
16 29
17 9
18 19
19 13
20 12
21 6
22 15
23 8
24 23
25 0
26 24
27 17
28 1
29 7
30 11
31 31
32 22
33 20
SIMILAR

31 14 19 17 22 3 33 26 30 24 16 0 4 12 10 29 5 11 25 32 20 2 23 13 6 28 15 1 8 9 21 7 27 18 
0 11
1 27
2 21
3 5
4 12
5 16
6 24
7 31
8 28
9 29
10 14
11 17
12 13
13 23
14 1
15 26
16 10
17 3
18 33
19 2
20 20
21 30
22 4
23 22
24 9
25 18
26 7
27 32
28 25
29 15
30 8
31 0
32 19
33 6
SIMILAR

25 1 27 28 17 23 11 12 0 13 30 14 9 21 33 6 4 22 20 31 3 8 10 5 32 19 18 26 16 24 2 15 7 29 
0 8
1 1
2 30
3 20
4 16
5 23
6 15
7 32
8 21
9 12
10 22
11 6
12 7
13 9
14 11
15 31
16 28
17 4
18 26
19 25
20 18
21 13
22 17
23 5
24 29
25 0
26 27
27 2
28 3
29 33
30 10
31 19
32 24
33 14
SIMILAR

2 11 26 16 10 15 1 28 32 5 13 3 19 7 12 31 0 21 18 33 27 9 14 8 6 17 22 24 23 29 20 30 25 4 
0 16
1 6
2 0
3 11
4 33
5 9
6 24
7 13
8 23
9 21
10 4
11 1
12 14
13 10
14 22
15 5
16 3
17 25
18 18
19 12
20 30
21 17
22 26
23 28
24 27
25 32
26 2
27 20
28 7
29 29
30 31
31 15
32 8
33 19
SIMILAR

4 14 15 19 0 5 26 31 30 11 16 9 13 17 33 27 21 28 25 20 24 1 29 6 12 32 3 7 22 2 23 8 10 18 
0 4
1 21
2 29
3 26
4 0
5 5
6 23
7 27
8 31
9 11
10 32
11 9
12 24
13 12
14 1
15 2
16 10
17 13
18 33
19 3
20 19
21 16
22 28
23 30
24 20
25 18
26 6
27 15
28 17
29 22
30 8
31 7
32 25
33 14
SIMILAR

28 9 29 32 0 30 7 24 1 18 16 4 25 27 15 14 22 26 33 23 31 10 5 19 12 21 8 3 11 6 2 20 17 13 
0 4
1 8
2 30
3 27
4 11
5 22
6 29
7 6
8 26
9 1
10 21
11 28
12 24
13 33
14 15
15 14
16 10
17 32
18 9
19 23
20 31
21 25
22 16
23 19
24 7
25 12
26 17
27 13
28 0
29 2
30 5
31 20
32 3
33 18
SIMILAR

23 19 7 29 26 20 11 4 1 33 24 0 18 28 31 14 10 13 25 3 5 17 12 22 8 9 2 6 27 30 21 15 16 32 
0 11
1 8
2 26
3 19
4 7
5 20
6 27
7 2
8 24
9 25
10 16
11 6
12 22
13 17
14 15
15 31
16 32
17 21
18 12
19 1
20 5
21 30
22 23
23 0
24 10
25 18
26 4
27 28
28 13
29 3
30 29
31 14
32 33
33 9
SIMILAR

14 28 9 15 30 13 27 2 24 5 33 16 8 22 1 23 21 11 0 6 32 17 10 3 26 7 20 19 18 12 29 25 31 4 
0 18
1 14
2 7
3 23
4 33
5 9
6 19
7 25
8 12
9 2
10 22
11 17
12 29
13 5
14 0
15 3
16 11
17 21
18 28
19 27
20 26
21 16
22 13
23 15
24 8
25 31
26 24
27 6
28 1
29 30
30 4
31 32
32 20
33 10
SIMILAR

1 21 22 17 4 12 31 29 8 0 15 19 26 18 5 30 20 10 25 9 28 24 3 33 23 11 7 2 32 14 16 13 27 6 
0 9
1 0
2 27
3 22
4 4
5 14
6 33
7 26
8 8
9 19
10 17
11 25
12 5
13 31
14 29
15 10
16 30
17 3
18 13
19 11
20 16
21 1
22 2
23 24
24 21
25 18
26 12
27 32
28 20
29 7
30 15
31 6
32 28
33 23
SIMILAR

17 24 25 5 22 8 1 0 9 7 2 14 4 13 31 16 33 30 28 26 20 11 15 3 6 27 18 23 32 10 29 19 12 21 
0 7
1 6
2 10
3 23
4 12
5 3
6 24
7 9
8 5
9 8
10 29
11 21
12 32
13 13
14 11
15 22
16 15
17 0
18 26
19 31
20 20
21 33
22 4
23 27
24 1
25 2
26 19
27 25
28 18
29 30
30 17
31 14
32 28
33 16
SIMILAR

30 12 19 16 33 29 18 32 14 1 17 27 20 25 11 31 4 15 13 26 5 8 2 21 28 7 6 3 23 9 10 22 24 0 
0 33
1 9
2 22
3 27
4 16
5 20
6 26
7 25
8 21
9 29
10 30
11 14
12 1
13 18
14 8
15 17
16 3
17 10
18 6
19 2
20 12
21 23
22 31
23 28
24 32
25 13
26 19
27 11
28 24
29 5
30 0
31 15
32 7
33 4
SIMILAR

22 20 10 32 2 15 19 0 33 24 12 21 8 5 23 3 1 25 18 13 6 4 31 29 16 30 26 9 14 7 28 27 17 11 
0 7
1 16
2 4
3 15
4 21
5 13
6 20
7 29
8 12
9 27
10 2
11 33
12 10
13 19
14 28
15 5
16 24
17 32
18 18
19 6
20 1
21 11
22 0
23 14
24 9
25 17
26 26
27 31
28 30
29 23
30 25
31 22
32 3
33 8
SIMILAR

31 10 29 19 8 22 12 15 1 30 7 32 11 16 13 14 17 25 6 5 27 20 24 9 2 18 0 4 26 3 23 28 33 21 
0 26
1 8
2 24
3 29
4 27
5 19
6 18
7 10
8 4
9 23
10 1
11 12
12 6
13 14
14 15
15 7
16 13
17 16
18 25
19 3
20 21
21 33
22 5
23 30
24 22
25 17
26 28
27 20
28 31
29 2
30 9
31 0
32 11
33 32
SIMILAR

5 4 19 20 10 24 22 27 12 26 3 11 25 30 0 9 18 1 14 28 6 2 29 21 32 23 31 8 15 17 16 13 7 33 
0 14
1 17
2 21
3 10
4 1
5 0
6 20
7 32
8 27
9 15
10 4
11 11
12 8
13 31
14 18
15 28
16 30
17 29
18 16
19 2
20 3
21 23
22 6
23 25
24 5
25 12
26 9
27 7
28 19
29 22
30 13
31 26
32 24
33 33
SIMILAR

23 9 25 11 12 31 4 29 16 26 2 28 10 30 3 33 19 20 0 1 8 32 22 6 7 14 24 18 5 15 27 17 13 21 
0 18
1 19
2 10
3 14
4 6
5 28
6 23
7 24
8 20
9 1
10 12
11 3
12 4
13 32
14 25
15 29
16 8
17 31
18 27
19 16
20 17
21 33
22 22
23 0
24 26
25 2
26 9
27 30
28 11
29 7
30 13
31 5
32 21
33 15
SIMILAR

10 29 32 20 28 16 7 2 12 21 22 25 26 11 18 23 13 33 24 17 0 27 15 14 30 8 3 6 31 5 4 1 19 9 
0 20
1 31
2 7
3 26
4 30
5 29
6 27
7 6
8 25
9 33
10 0
11 13
12 8
13 16
14 23
15 22
16 5
17 19
18 14
19 32
20 3
21 9
22 10
23 15
24 18
25 11
26 12
27 21
28 4
29 1
30 24
31 28
32 2
33 17
SIMILAR

31 23 19 32 17 33 11 28 6 10 26 15 21 29 22 2 7 25 3 12 14 5 8 0 4 20 27 9 30 24 13 16 18 1 
0 23
1 33
2 15
3 18
4 24
5 21
6 8
7 16
8 22
9 27
10 9
11 6
12 19
13 30
14 20
15 11
16 31
17 4
18 32
19 2
20 25
21 12
22 14
23 1
24 29
25 17
26 10
27 26
28 7
29 13
30 28
31 0
32 3
33 5
SIMILAR

3 29 8 9 2 24 13 17 12 33 0 20 5 4 26 31 10 15 23 7 27 22 32 16 14 19 1 18 6 11 28 21 30 25 
0 10
1 26
2 4
3 0
4 13
5 12
6 28
7 19
8 2
9 3
10 16
11 29
12 8
13 6
14 24
15 17
16 23
17 7
18 27
19 25
20 11
21 31
22 21
23 18
24 5
25 33
26 14
27 20
28 30
29 1
30 32
31 15
32 22
33 9
SIMILAR

23 5 8 25 18 31 26 9 10 22 13 7 24 1 30 16 20 11 27 4 6 3 17 33 2 12 29 28 32 21 14 0 19 15 
0 31
1 13
2 24
3 21
4 19
5 1
6 20
7 11
8 2
9 7
10 8
11 17
12 25
13 10
14 30
15 33
16 15
17 22
18 4
19 32
20 16
21 29
22 9
23 0
24 12
25 3
26 6
27 18
28 27
29 26
30 14
31 5
32 28
33 23
SIMILAR

23 22 5 1 33 16 8 6 3 18 2 10 12 9 19 13 14 7 0 15 27 31 20 30 21 11 17 26 28 4 25 24 32 29 
0 18
1 3
2 10
3 8
4 29
5 2
6 7
7 17
8 6
9 13
10 11
11 25
12 12
13 15
14 16
15 19
16 5
17 26
18 9
19 14
20 22
21 24
22 1
23 0
24 31
25 30
26 27
27 20
28 28
29 33
30 23
31 21
32 32
33 4
SIMILAR

4 0 1 29 16 19 23 12 26 21 3 7 22 15 31 27 11 30 9 8 6 20 13 32 14 17 33 2 24 18 28 5 10 25 
0 1
1 2
2 27
3 10
4 0
5 31
6 20
7 11
8 19
9 18
10 32
11 16
12 7
13 22
14 24
15 13
16 4
17 25
18 29
19 5
20 21
21 9
22 12
23 6
24 28
25 33
26 8
27 15
28 30
29 3
30 17
31 14
32 23
33 26
SIMILAR

10 25 30 6 7 24 9 4 20 31 17 5 15 16 8 21 22 23 19 1 27 3 2 28 12 33 29 13 18 11 32 14 0 26 
0 32
1 19
2 22
3 21
4 7
5 11
6 3
7 4
8 14
9 6
10 0
11 29
12 24
13 27
14 31
15 12
16 13
17 10
18 28
19 18
20 8
21 15
22 16
23 17
24 5
25 1
26 33
27 20
28 23
29 26
30 2
31 9
32 30
33 25
SIMILAR

10 30 33 20 18 9 1 3 24 14 26 6 16 21 27 8 25 11 13 22 4 0 29 19 23 17 32 2 5 31 12 7 15 28 
0 21
1 6
2 27
3 7
4 20
5 28
6 11
7 31
8 15
9 5
10 0
11 17
12 30
13 18
14 9
15 32
16 12
17 25
18 4
19 23
20 3
21 13
22 19
23 24
24 8
25 16
26 10
27 14
28 33
29 22
30 1
31 29
32 26
33 2
SIMILAR

22 31 3 10 0 17 7 15 29 8 4 32 14 28 16 2 18 33 26 12 20 25 23 19 11 13 30 24 27 6 9 5 21 1 
0 4
1 33
2 15
3 2
4 10
5 31
6 29
7 6
8 9
9 30
10 3
11 24
12 19
13 25
14 12
15 7
16 14
17 5
18 16
19 23
20 20
21 32
22 0
23 22
24 27
25 21
26 18
27 28
28 13
29 8
30 26
31 1
32 11
33 17
SIMILAR

24 22 3 8 0 7 28 31 10 32 26 6 18 25 13 5 1 12 23 19 17 15 27 21 4 20 9 2 33 16 11 30 14 29 
0 4
1 16
2 27
3 2
4 24
5 15
6 11
7 5
8 3
9 26
10 8
11 30
12 17
13 14
14 32
15 21
16 29
17 20
18 12
19 19
20 25
21 23
22 1
23 18
24 0
25 13
26 10
27 22
28 6
29 33
30 31
31 7
32 9
33 28
SIMILAR

11 33 4 6 30 7 0 21 32 28 27 24 16 22 13 18 3 25 20 10 15 31 8 2 29 5 19 23 12 1 17 14 26 9 
0 6
1 29
2 23
3 16
4 2
5 25
6 3
7 5
8 22
9 33
10 19
11 0
12 28
13 14
14 31
15 20
16 12
17 30
18 15
19 26
20 18
21 7
22 13
23 27
24 11
25 17
26 32
27 10
28 9
29 24
30 4
31 21
32 8
33 1
SIMILAR

28 29 6 2 10 22 18 15 30 17 24 25 14 11 3 7 20 12 0 4 23 21 32 27 9 19 13 1 33 8 31 26 16 5 
0 18
1 27
2 3
3 14
4 19
5 33
6 2
7 15
8 29
9 24
10 4
11 13
12 17
13 26
14 12
15 7
16 32
17 9
18 6
19 25
20 16
21 21
22 5
23 20
24 10
25 11
26 31
27 23
28 0
29 1
30 8
31 30
32 22
33 28
SIMILAR

28 7 33 21 26 29 24 32 12 10 14 8 1 13 27 16 9 25 20 3 15 4 11 5 18 23 17 6 22 31 30 0 2 19 
0 31
1 12
2 32
3 19
4 21
5 23
6 27
7 1
8 11
9 16
10 9
11 22
12 8
13 13
14 10
15 20
16 15
17 26
18 24
19 33
20 18
21 3
22 28
23 25
24 6
25 17
26 4
27 14
28 0
29 5
30 30
31 29
32 7
33 2
SIMILAR

30 26 18 24 33 6 32 9 3 0 11 4 23 12 21 20 19 10 16 17 7 8 28 22 13 14 27 25 1 2 5 29 31 15 
0 9
1 28
2 29
3 8
4 11
5 30
6 5
7 20
8 21
9 7
10 17
11 10
12 13
13 24
14 25
15 33
16 18
17 19
18 2
19 16
20 15
21 14
22 23
23 12
24 3
25 27
26 1
27 26
28 22
29 31
30 0
31 32
32 6
33 4
SIMILAR

3 16 21 6 32 24 19 26 22 14 7 8 4 2 23 27 28 20 13 17 10 9 0 1 15 11 5 18 12 31 25 33 30 29 
0 22
1 23
2 13
3 0
4 12
5 26
6 3
7 10
8 11
9 21
10 20
11 25
12 28
13 18
14 9
15 24
16 1
17 19
18 27
19 6
20 17
21 2
22 8
23 14
24 5
25 30
26 7
27 15
28 16
29 33
30 32
31 29
32 4
33 31
SIMILAR

32 14 17 10 25 19 27 3 6 5 33 22 24 30 7 2 31 15 0 12 16 8 28 1 4 29 21 23 13 9 18 20 26 11 
0 18
1 23
2 15
3 7
4 24
5 9
6 8
7 14
8 21
9 29
10 3
11 33
12 19
13 28
14 1
15 17
16 20
17 2
18 30
19 5
20 31
21 26
22 11
23 27
24 12
25 4
26 32
27 6
28 22
29 25
30 13
31 16
32 0
33 10
SIMILAR

7 8 12 17 20 26 11 21 32 33 15 4 25 2 14 3 31 27 18 29 9 23 5 19 24 28 1 10 16 22 30 6 13 0 
0 33
1 26
2 13
3 15
4 11
5 22
6 31
7 0
8 1
9 20
10 27
11 6
12 2
13 32
14 14
15 10
16 28
17 3
18 18
19 23
20 4
21 7
22 29
23 21
24 24
25 12
26 5
27 17
28 25
29 19
30 30
31 16
32 8
33 9
SIMILAR

10 18 29 24 2 27 31 15 19 16 11 13 26 0 5 12 17 7 20 32 3 25 1 28 30 33 6 9 14 8 22 4 23 21 
0 13
1 22
2 4
3 20
4 31
5 14
6 26
7 17
8 29
9 27
10 0
11 10
12 15
13 11
14 28
15 7
16 9
17 16
18 1
19 8
20 18
21 33
22 30
23 32
24 3
25 21
26 12
27 5
28 23
29 2
30 24
31 6
32 19
33 25
SIMILAR

14 12 10 21 16 33 30 29 24 9 1 4 15 7 28 25 26 3 2 32 11 22 31 18 5 0 13 17 20 19 8 23 6 27 
0 25
1 10
2 18
3 17
4 11
5 24
6 32
7 13
8 30
9 9
10 2
11 20
12 1
13 26
14 0
15 12
16 4
17 27
18 23
19 29
20 28
21 3
22 21
23 31
24 8
25 15
26 16
27 33
28 14
29 7
30 6
31 22
32 19
33 5
SIMILAR

9 26 12 3 27 33 2 23 11 10 17 19 0 16 20 4 29 31 24 25 13 14 32 7 15 8 1 18 28 21 5 30 6 22 
0 12
1 26
2 6
3 3
4 15
5 30
6 32
7 23
8 25
9 0
10 9
11 8
12 2
13 20
14 21
15 24
16 13
17 10
18 27
19 11
20 14
21 29
22 33
23 7
24 18
25 19
26 1
27 4
28 28
29 16
30 31
31 17
32 22
33 5
SIMILAR

16 19 32 28 33 21 11 17 29 18 1 5 26 22 23 12 7 4 14 27 13 6 20 10 24 30 31 25 9 2 0 8 3 15 
0 30
1 10
2 29
3 32
4 17
5 11
6 21
7 16
8 31
9 28
10 23
11 6
12 15
13 20
14 18
15 33
16 0
17 7
18 9
19 1
20 22
21 5
22 13
23 14
24 24
25 27
26 12
27 19
28 3
29 8
30 25
31 26
32 2
33 4
SIMILAR

33 19 5 18 32 14 6 11 3 31 27 9 22 0 26 25 20 30 17 1 7 8 21 4 13 29 2 24 16 12 28 10 15 23 
0 13
1 19
2 26
3 8
4 23
5 2
6 6
7 20
8 21
9 11
10 31
11 7
12 29
13 24
14 5
15 32
16 28
17 18
18 3
19 1
20 16
21 22
22 12
23 33
24 27
25 15
26 14
27 10
28 30
29 25
30 17
31 9
32 4
33 0
SIMILAR

11 22 18 0 10 24 29 16 26 4 27 9 21 30 7 2 25 31 32 17 12 33 8 5 6 14 23 19 15 3 20 1 13 28 
0 3
1 31
2 15
3 29
4 9
5 23
6 24
7 14
8 22
9 11
10 4
11 0
12 20
13 32
14 25
15 28
16 7
17 19
18 2
19 27
20 30
21 12
22 1
23 26
24 5
25 16
26 8
27 10
28 33
29 6
30 13
31 17
32 18
33 21
SIMILAR

19 30 5 7 1 23 11 27 22 4 26 8 33 18 25 12 17 3 29 21 16 15 14 0 10 24 32 2 28 20 6 9 31 13 
0 23
1 4
2 27
3 17
4 9
5 2
6 30
7 3
8 11
9 31
10 24
11 6
12 15
13 33
14 22
15 21
16 20
17 16
18 13
19 0
20 29
21 19
22 8
23 5
24 25
25 14
26 10
27 7
28 28
29 18
30 1
31 32
32 26
33 12
SIMILAR

23 8 12 14 33 24 25 16 21 32 6 2 0 28 17 10 9 1 11 4 26 29 20 7 3 22 27 18 31 13 15 19 5 30 
0 12
1 17
2 11
3 24
4 19
5 32
6 10
7 23
8 1
9 16
10 15
11 18
12 2
13 29
14 3
15 30
16 7
17 14
18 27
19 31
20 22
21 8
22 25
23 0
24 5
25 6
26 20
27 26
28 13
29 21
30 33
31 28
32 9
33 4
SIMILAR

24 26 10 27 32 9 6 5 31 15 14 7 17 4 21 28 11 33 12 18 22 20 1 30 2 23 3 19 8 13 16 0 29 25 
0 31
1 22
2 24
3 26
4 13
5 7
6 6
7 11
8 28
9 5
10 2
11 16
12 18
13 29
14 10
15 9
16 30
17 12
18 19
19 27
20 21
21 14
22 20
23 25
24 0
25 33
26 1
27 3
28 15
29 32
30 23
31 8
32 4
33 17
SIMILAR

1 10 21 6 7 15 17 11 13 12 22 25 8 16 23 28 30 20 33 18 31 5 0 29 3 27 9 26 32 4 14 19 2 24 
0 22
1 0
2 32
3 24
4 29
5 21
6 3
7 4
8 12
9 26
10 1
11 7
12 9
13 8
14 30
15 5
16 13
17 6
18 19
19 31
20 17
21 2
22 10
23 14
24 33
25 11
26 27
27 25
28 15
29 23
30 16
31 20
32 28
33 18
SIMILAR

8 11 1 18 31 12 17 3 30 22 9 4 21 24 16 7 19 32 25 5 10 14 28 29 15 27 6 20 2 13 23 0 33 26 
0 31
1 2
2 28
3 7
4 11
5 19
6 26
7 15
8 0
9 10
10 20
11 1
12 5
13 29
14 21
15 24
16 14
17 6
18 3
19 16
20 27
21 12
22 9
23 30
24 13
25 18
26 33
27 25
28 22
29 23
30 8
31 4
32 17
33 32
SIMILAR

14 0 17 31 16 11 28 20 30 12 10 24 33 32 22 4 13 21 2 5 1 23 25 27 29 8 7 18 9 6 3 19 15 26 
0 1
1 20
2 18
3 30
4 15
5 19
6 29
7 26
8 25
9 28
10 10
11 5
12 9
13 16
14 0
15 32
16 4
17 2
18 27
19 31
20 7
21 17
22 14
23 21
24 11
25 22
26 33
27 23
28 6
29 24
30 8
31 3
32 13
33 12
SIMILAR

14 32 4 16 5 13 0 8 23 7 17 25 27 18 31 28 30 2 6 12 1 9 3 20 29 15 11 19 33 21 24 22 10 26 
0 6
1 20
2 17
3 22
4 2
5 4
6 18
7 9
8 7
9 21
10 32
11 26
12 19
13 5
14 0
15 25
16 3
17 10
18 13
19 27
20 23
21 29
22 31
23 8
24 30
25 11
26 33
27 12
28 15
29 24
30 16
31 14
32 1
33 28
SIMILAR

5 3 10 31 13 1 32 27 30 22 9 11 23 19 33 15 0 14 26 12 8 29 6 28 18 21 7 2 4 20 25 24 16 17 
0 16
1 5
2 27
3 1
4 28
5 0
6 22
7 26
8 20
9 10
10 2
11 11
12 19
13 4
14 17
15 15
16 32
17 33
18 24
19 13
20 29
21 25
22 9
23 12
24 31
25 30
26 18
27 7
28 23
29 21
30 8
31 3
32 6
33 14
SIMILAR

3 25 23 9 26 19 5 31 15 21 33 0 32 10 28 18 7 12 2 14 1 30 4 20 13 16 27 24 29 22 6 8 11 17 
0 11
1 20
2 18
3 0
4 22
5 6
6 30
7 16
8 31
9 3
10 13
11 32
12 17
13 24
14 19
15 8
16 25
17 33
18 15
19 5
20 23
21 9
22 29
23 2
24 27
25 1
26 4
27 26
28 14
29 28
30 21
31 7
32 12
33 10
SIMILAR

10 14 1 27 31 2 26 3 29 32 16 5 6 23 19 30 7 8 25 28 24 17 21 22 12 13 11 0 18 4 15 33 20 9 
0 27
1 2
2 5
3 7
4 29
5 11
6 12
7 16
8 17
9 33
10 0
11 26
12 24
13 25
14 1
15 30
16 10
17 21
18 28
19 14
20 32
21 22
22 23
23 13
24 20
25 18
26 6
27 3
28 19
29 8
30 15
31 4
32 9
33 31
SIMILAR

11 25 18 9 1 27 0 2 3 19 12 22 8 30 21 15 10 7 32 5 29 31 24 14 33 13 20 28 6 16 17 26 23 4 
0 6
1 4
2 7
3 8
4 33
5 19
6 28
7 17
8 12
9 3
10 16
11 0
12 10
13 25
14 23
15 15
16 29
17 30
18 2
19 9
20 26
21 14
22 11
23 32
24 22
25 1
26 31
27 5
28 27
29 20
30 13
31 21
32 18
33 24
SIMILAR

8 4 31 27 7 32 11 23 12 14 16 0 13 5 30 22 26 6 19 18 33 29 17 15 28 20 2 24 21 25 9 3 10 1 
0 11
1 33
2 26
3 31
4 1
5 13
6 17
7 4
8 0
9 30
10 32
11 6
12 8
13 12
14 9
15 23
16 10
17 22
18 19
19 18
20 25
21 28
22 15
23 7
24 27
25 29
26 16
27 3
28 24
29 21
30 14
31 2
32 5
33 20
SIMILAR

9 12 28 5 7 3 20 11 25 19 13 26 4 15 29 23 30 6 0 22 1 2 32 8 18 33 31 24 27 17 16 10 21 14 
0 18
1 20
2 21
3 5
4 12
5 3
6 17
7 4
8 23
9 0
10 31
11 7
12 1
13 10
14 33
15 13
16 30
17 29
18 24
19 9
20 6
21 32
22 19
23 15
24 27
25 8
26 11
27 28
28 2
29 14
30 16
31 26
32 22
33 25
SIMILAR

21 6 17 3 25 2 7 8 13 26 27 12 33 30 32 5 11 0 10 24 23 29 15 19 14 28 18 1 9 4 31 20 16 22 
0 17
1 27
2 5
3 3
4 29
5 15
6 1
7 6
8 7
9 28
10 18
11 16
12 11
13 8
14 24
15 22
16 32
17 2
18 26
19 23
20 31
21 0
22 33
23 20
24 19
25 4
26 9
27 10
28 25
29 21
30 13
31 30
32 14
33 12
SIMILAR

5 4 1 12 29 25 2 9 33 6 18 20 11 3 8 19 31 30 22 0 27 14 17 16 21 28 10 23 13 15 7 26 32 24 
0 19
1 2
2 6
3 13
4 1
5 0
6 9
7 30
8 14
9 7
10 26
11 12
12 3
13 28
14 21
15 29
16 23
17 22
18 10
19 15
20 11
21 24
22 18
23 27
24 33
25 5
26 31
27 20
28 25
29 4
30 17
31 16
32 32
33 8
SIMILAR

4 15 17 1 23 20 16 19 27 6 28 30 32 5 21 0 11 24 2 18 13 3 8 31 9 25 10 33 22 12 14 26 7 29 
0 15
1 3
2 18
3 21
4 0
5 13
6 9
7 32
8 22
9 24
10 26
11 16
12 29
13 20
14 30
15 1
16 6
17 2
18 19
19 7
20 5
21 14
22 28
23 4
24 17
25 25
26 31
27 8
28 10
29 33
30 11
31 23
32 12
33 27
SIMILAR

31 10 30 11 32 21 8 29 27 28 6 26 19 13 9 12 20 33 1 17 23 7 16 15 22 14 25 3 4 24 18 2 5 0 
0 33
1 18
2 31
3 27
4 28
5 32
6 10
7 21
8 6
9 14
10 1
11 3
12 15
13 13
14 25
15 23
16 22
17 19
18 30
19 12
20 16
21 5
22 24
23 20
24 29
25 26
26 11
27 8
28 9
29 7
30 2
31 0
32 4
33 17
SIMILAR

32 1 9 7 2 19 20 27 25 30 23 3 17 0 21 26 24 29 22 14 13 11 12 6 15 8 5 18 28 4 16 33 10 31 
0 13
1 1
2 4
3 11
4 29
5 26
6 23
7 3
8 25
9 2
10 32
11 21
12 22
13 20
14 19
15 24
16 30
17 12
18 27
19 5
20 6
21 14
22 18
23 10
24 16
25 8
26 15
27 7
28 28
29 17
30 9
31 33
32 0
33 31
SIMILAR

18 15 3 29 5 19 21 10 14 1 2 27 17 16 11 9 7 13 24 33 6 26 20 28 32 22 12 31 8 25 30 0 4 23 
0 31
1 9
2 10
3 2
4 32
5 4
6 20
7 16
8 28
9 15
10 7
11 14
12 26
13 17
14 8
15 1
16 13
17 12
18 0
19 5
20 22
21 6
22 25
23 33
24 18
25 29
26 21
27 11
28 23
29 3
30 30
31 27
32 24
33 19
SIMILAR

8 2 4 5 20 19 32 13 33 6 18 24 0 28 22 25 1 11 9 3 17 7 10 15 26 27 14 21 29 30 31 12 23 16 
0 12
1 16
2 1
3 19
4 2
5 3
6 9
7 21
8 0
9 18
10 22
11 17
12 31
13 7
14 26
15 23
16 33
17 20
18 10
19 5
20 4
21 27
22 14
23 32
24 11
25 15
26 24
27 25
28 13
29 28
30 29
31 30
32 6
33 8
SIMILAR

8 23 31 18 7 15 1 28 16 24 12 32 4 14 11 29 22 9 26 27 19 17 3 30 33 21 20 2 25 0 10 5 6 13 
0 29
1 6
2 27
3 22
4 12
5 31
6 32
7 4
8 0
9 17
10 30
11 14
12 10
13 33
14 13
15 5
16 8
17 21
18 3
19 20
20 26
21 25
22 16
23 1
24 9
25 28
26 18
27 19
28 7
29 15
30 23
31 2
32 11
33 24
SIMILAR

3 14 23 31 17 20 2 27 9 26 25 30 28 0 4 1 29 19 10 7 11 21 12 16 15 32 33 22 24 18 6 8 5 13 
0 13
1 15
2 6
3 0
4 14
5 32
6 30
7 19
8 31
9 8
10 18
11 20
12 22
13 33
14 1
15 24
16 23
17 4
18 29
19 17
20 5
21 21
22 27
23 2
24 28
25 10
26 9
27 7
28 12
29 16
30 11
31 3
32 25
33 26
SIMILAR

7 32 4 5 9 3 13 0 2 24 15 8 1 21 16 18 27 26 23 19 25 10 31 6 14 30 12 11 28 29 22 17 20 33 
0 7
1 12
2 8
3 5
4 2
5 3
6 23
7 0
8 11
9 4
10 21
11 27
12 26
13 6
14 24
15 10
16 14
17 31
18 15
19 19
20 32
21 13
22 30
23 18
24 9
25 20
26 17
27 16
28 28
29 29
30 25
31 22
32 1
33 33
SIMILAR

21 24 16 18 30 3 27 13 26 22 11 20 12 19 31 5 2 9 10 1 17 32 23 7 8 14 0 15 33 25 29 4 6 28 
0 26
1 19
2 16
3 5
4 31
5 15
6 32
7 23
8 24
9 17
10 18
11 10
12 12
13 7
14 25
15 27
16 2
17 20
18 3
19 13
20 11
21 0
22 9
23 22
24 1
25 29
26 8
27 6
28 33
29 30
30 4
31 14
32 21
33 28
SIMILAR

21 25 24 17 14 9 12 19 32 10 5 1 23 15 18 28 8 31 7 20 11 27 4 6 3 0 26 29 2 33 22 16 13 30 
0 25
1 11
2 28
3 24
4 22
5 10
6 23
7 18
8 16
9 5
10 9
11 20
12 6
13 32
14 4
15 13
16 31
17 3
18 14
19 7
20 19
21 0
22 30
23 12
24 2
25 1
26 26
27 21
28 15
29 27
30 33
31 17
32 8
33 29
SIMILAR

3 16 1 14 2 13 29 17 10 0 15 9 27 4 6 24 28 11 7 21 26 8 31 32 33 22 18 25 12 19 23 30 20 5 
0 9
1 2
2 4
3 0
4 13
5 33
6 14
7 18
8 21
9 11
10 8
11 17
12 28
13 5
14 3
15 10
16 1
17 7
18 26
19 29
20 32
21 19
22 25
23 30
24 15
25 27
26 20
27 12
28 16
29 6
30 31
31 22
32 23
33 24
SIMILAR

0 24 9 15 3 14 13 10 19 16 31 30 4 23 6 22 18 32 7 11 20 12 28 1 33 8 2 21 5 26 27 17 29 25 
0 0
1 23
2 26
3 4
4 12
5 28
6 14
7 18
8 25
9 2
10 7
11 19
12 21
13 6
14 5
15 3
16 9
17 31
18 16
19 8
20 20
21 27
22 15
23 13
24 1
25 33
26 29
27 30
28 22
29 32
30 11
31 10
32 17
33 24
SIMILAR

4 24 16 25 6 15 11 17 32 18 2 13 27 22 10 1 0 26 5 19 28 33 31 7 29 14 12 21 9 23 8 20 3 30 
0 16
1 15
2 10
3 32
4 0
5 18
6 4
7 23
8 30
9 28
10 14
11 6
12 26
13 11
14 25
15 5
16 2
17 7
18 9
19 19
20 31
21 27
22 13
23 29
24 1
25 3
26 17
27 12
28 20
29 24
30 33
31 22
32 8
33 21
SIMILAR

29 17 26 31 12 18 32 22 30 27 19 24 7 6 23 13 1 20 2 14 33 25 15 10 4 9 21 0 8 16 3 28 5 11 
0 27
1 16
2 18
3 30
4 24
5 32
6 13
7 12
8 28
9 25
10 23
11 33
12 4
13 15
14 19
15 22
16 29
17 1
18 5
19 10
20 17
21 26
22 7
23 14
24 11
25 21
26 2
27 9
28 31
29 0
30 8
31 3
32 6
33 20
SIMILAR

10 31 8 17 19 24 33 21 22 28 9 27 23 29 20 2 32 7 5 6 16 14 4 0 15 12 26 25 18 11 3 30 1 13 
0 23
1 32
2 15
3 30
4 22
5 18
6 19
7 17
8 2
9 10
10 0
11 29
12 25
13 33
14 21
15 24
16 20
17 3
18 28
19 4
20 14
21 7
22 8
23 12
24 5
25 27
26 26
27 11
28 9
29 13
30 31
31 1
32 16
33 6
SIMILAR

23 12 22 13 16 19 32 33 26 6 27 5 29 8 10 31 15 28 18 7 2 17 21 14 9 11 3 0 30 4 20 25 1 24 
0 27
1 32
2 20
3 26
4 29
5 11
6 9
7 19
8 13
9 24
10 14
11 25
12 1
13 3
14 23
15 16
16 4
17 21
18 18
19 5
20 30
21 22
22 2
23 0
24 33
25 31
26 8
27 10
28 17
29 12
30 28
31 15
32 6
33 7
SIMILAR

10 29 13 20 26 1 8 17 12 9 28 2 24 25 31 23 7 6 5 21 18 27 3 19 33 0 14 4 32 22 30 16 15 11 
0 25
1 5
2 11
3 22
4 27
5 18
6 17
7 16
8 6
9 9
10 0
11 33
12 8
13 2
14 26
15 32
16 31
17 7
18 20
19 23
20 3
21 19
22 29
23 15
24 12
25 13
26 4
27 21
28 10
29 1
30 30
31 14
32 28
33 24
SIMILAR
100 0
9500 0
309500 0
