115
0 0 0 0 1 0 0 1 1 1 1 1 1 1 1 1 0 1 1 0 1 1 1 1 0 0 0 1 0 1 0 1 1 0 1 1 0 0 0 1 1 0 1 0 0 1 0 1 1 0 1 1 1 0 1 0 1 0 1 1 0 0 0 0 0 0 0 0 1 1 0 1 0 0 0 1 0 1 1 1 0 0 1 0 1 1 1 0 0 1 1 0 0 1 1 0 0 0 0 1 1 0 1 1 1 1 0 1 1 0 1 0 1 1 1 
0 0 0 1 1 0 1 1 0 1 1 0 1 1 1 1 1 0 1 1 1 1 1 1 0 0 0 0 0 1 1 0 0 1 1 0 0 1 0 0 1 1 0 0 0 1 0 0 1 0 0 0 0 1 1 1 1 0 1 1 1 1 1 1 0 0 1 1 0 1 1 1 0 1 0 0 1 1 1 1 0 0 0 1 0 0 1 1 0 0 0 0 0 0 1 1 0 0 0 1 1 0 1 1 0 1 1 1 1 1 0 0 1 0 1 
0 0 0 0 0 0 0 0 0 1 0 1 0 1 0 1 1 1 0 1 1 1 0 0 1 1 0 1 0 0 0 1 1 0 1 0 0 0 0 0 1 1 1 0 0 1 1 0 0 0 1 1 0 0 0 0 1 0 1 1 1 1 1 0 0 1 0 0 0 1 1 1 0 0 0 0 0 0 1 0 1 1 1 0 1 0 0 1 1 1 0 0 1 0 1 1 0 1 0 1 1 0 0 1 0 1 0 1 0 0 0 0 1 0 0 
0 1 0 0 0 0 0 0 1 0 0 1 0 0 0 1 1 0 0 1 0 0 1 0 1 1 0 1 0 1 1 0 0 0 0 0 1 0 0 0 1 0 1 0 0 0 0 0 0 0 1 1 1 1 0 0 1 1 1 1 0 0 0 0 0 0 1 1 1 0 1 1 1 1 0 1 0 0 1 1 0 1 0 0 1 1 1 0 0 0 1 0 0 0 1 0 0 0 1 1 0 0 0 0 1 1 1 0 0 0 0 1 1 1 0 
1 1 0 0 0 0 1 1 1 1 1 1 1 0 1 1 0 1 0 0 1 0 1 1 0 1 1 1 1 1 1 1 1 1 1 0 1 1 0 1 0 0 1 0 0 1 1 1 0 0 0 1 1 0 0 1 1 0 1 0 1 0 0 0 0 0 1 1 1 0 1 1 0 0 1 1 1 1 1 1 0 1 1 1 1 0 0 0 0 0 0 0 1 1 1 1 0 0 1 1 0 1 0 0 0 1 1 0 1 1 0 1 1 0 1 
0 0 0 0 0 0 0 1 0 0 0 0 1 0 0 0 0 1 1 0 0 1 0 0 1 0 1 1 1 0 1 1 0 0 0 0 0 0 0 0 1 1 1 1 1 1 0 1 1 1 0 1 0 1 0 0 0 0 0 0 1 0 0 0 0 0 1 1 1 1 1 1 1 0 1 0 1 1 0 1 0 0 1 0 1 1 0 1 1 1 0 1 0 1 0 0 0 0 0 0 1 1 0 1 1 1 0 0 1 0 1 0 0 1 1 
0 1 0 0 1 0 0 1 1 0 0 1 0 0 1 1 1 0 1 1 1 1 0 0 0 0 0 0 1 1 0 1 0 0 1 0 1 1 0 0 1 0 0 0 0 1 0 1 1 1 1 1 1 1 1 1 0 1 0 1 1 1 1 0 0 0 1 1 0 0 0 0 1 1 1 0 0 1 0 1 1 1 1 0 1 0 0 1 0 0 0 1 1 1 0 0 0 0 1 0 0 1 0 1 0 1 0 1 0 0 1 0 0 1 0 
1 1 0 0 1 1 1 0 1 1 1 0 0 0 1 1 0 0 0 1 1 0 0 1 1 1 1 1 1 0 0 1 0 0 0 0 1 0 0 0 0 1 0 1 1 0 1 0 0 1 0 1 0 1 0 0 0 0 1 1 0 0 1 0 1 0 1 1 1 1 1 1 1 1 0 1 1 1 0 0 1 1 0 1 0 0 0 1 0 0 0 1 1 1 0 0 1 0 1 0 0 0 0 1 1 1 1 1 1 0 0 0 1 1 0 
1 0 0 1 1 0 1 1 0 1 0 0 1 0 1 1 0 0 1 0 1 1 0 1 1 0 1 1 0 1 0 1 1 0 1 0 1 1 1 1 0 1 0 0 1 1 1 1 0 0 1 0 0 1 0 0 1 0 0 1 1 0 1 1 1 0 0 1 1 0 0 1 1 0 0 1 0 1 1 0 1 1 1 0 1 0 0 1 0 1 0 0 1 0 0 1 1 0 1 0 0 0 0 1 1 1 0 0 0 0 1 0 0 0 0 
1 1 1 0 1 0 0 1 1 0 1 0 0 0 1 1 1 0 1 0 1 1 1 0 0 0 0 0 0 1 0 1 0 1 0 1 0 1 1 0 0 1 0 0 1 0 1 1 0 0 0 0 0 0 1 0 1 0 0 0 0 1 1 1 0 1 0 1 0 0 1 0 1 0 0 1 1 0 1 0 1 0 0 0 1 1 1 0 0 0 0 0 1 0 0 0 1 0 0 1 1 0 1 1 0 0 1 1 0 0 0 1 1 0 0 
1 1 0 0 1 0 0 1 0 1 0 0 0 1 1 1 1 0 0 0 1 1 0 1 0 1 1 1 1 1 0 1 1 0 0 0 0 1 0 0 0 0 1 0 0 1 1 1 1 1 1 0 0 0 1 0 0 1 1 1 0 1 0 0 1 0 1 0 1 0 0 1 1 0 0 0 0 1 1 1 0 0 0 1 1 0 1 0 1 1 1 0 1 1 0 0 1 1 1 0 1 1 0 0 1 0 0 0 0 1 0 0 0 1 0 
1 0 1 1 1 0 1 0 0 0 0 0 1 1 1 0 0 0 0 1 1 0 1 0 0 1 0 0 0 1 0 1 0 1 0 0 1 0 1 0 1 0 1 0 0 0 1 0 1 1 0 0 0 1 1 1 0 0 0 1 0 1 1 1 1 0 0 1 1 1 1 0 1 1 1 0 0 0 0 0 0 0 1 0 0 0 0 1 1 0 1 0 0 1 0 0 1 1 0 0 0 0 0 1 1 0 0 0 1 0 0 0 1 0 0 
1 1 0 0 1 1 0 0 1 0 0 1 0 1 1 1 0 1 0 1 0 1 0 0 0 0 1 1 1 1 0 1 0 1 0 1 0 1 0 0 0 1 1 0 1 0 1 0 1 1 0 0 0 1 0 0 1 1 0 1 0 0 1 0 0 1 0 0 0 0 0 0 1 0 0 1 0 0 1 1 0 1 0 0 1 1 1 1 1 1 0 1 1 0 1 0 0 0 0 0 1 0 1 1 1 1 0 1 1 0 1 0 1 1 1 
1 1 1 0 0 0 0 0 0 0 1 1 1 0 1 0 0 1 1 1 0 1 1 1 1 1 1 0 0 1 0 1 1 0 0 0 1 1 0 1 1 0 1 0 1 1 0 1 1 0 0 1 0 1 0 0 1 1 1 1 1 1 1 1 0 1 1 0 0 1 1 1 0 1 0 0 1 1 0 1 1 1 0 0 0 1 0 1 0 1 1 1 1 1 1 1 1 1 0 1 0 1 1 0 0 1 1 1 1 0 1 1 1 1 0 
1 1 0 0 1 0 1 1 1 1 1 1 1 1 0 0 0 0 0 1 1 0 0 0 0 1 0 0 0 0 0 0 1 1 1 0 0 1 1 1 1 0 0 0 1 0 0 1 1 0 1 1 0 1 0 0 1 1 1 1 0 1 1 1 1 0 1 0 1 1 0 1 1 0 1 1 1 1 0 1 1 1 1 1 1 0 1 0 1 0 1 1 1 1 1 1 1 1 1 1 1 0 0 1 1 0 0 0 0 0 1 0 0 0 1 
1 1 1 1 1 0 1 1 1 1 1 0 1 0 0 0 0 1 0 1 0 0 1 0 1 1 1 1 0 1 1 0 1 0 0 0 1 1 0 1 1 1 1 1 1 1 1 1 1 1 1 1 0 1 0 0 1 1 0 0 0 0 1 1 1 1 1 1 0 0 1 0 1 1 1 0 1 0 0 1 0 0 1 0 1 1 1 0 0 0 0 0 0 1 1 0 0 0 1 1 0 0 0 1 0 0 0 1 0 1 1 0 0 1 1 
0 1 1 1 0 0 1 0 0 1 1 0 0 0 0 0 0 0 1 0 0 1 1 1 0 1 0 0 0 1 0 0 1 0 1 0 1 1 0 1 1 1 0 0 1 1 0 1 1 1 0 1 1 1 0 1 0 0 0 1 1 1 0 1 1 0 1 0 0 1 1 1 1 0 1 0 0 1 0 1 0 0 0 0 0 1 1 0 0 1 0 0 0 1 1 1 0 0 0 1 1 0 0 1 0 0 1 0 1 0 1 0 1 0 0 
1 0 1 0 1 1 0 0 0 0 0 0 1 1 0 1 0 0 1 0 0 1 0 0 1 1 0 0 1 1 1 1 1 1 1 1 0 0 1 0 0 1 0 1 0 0 1 0 1 1 1 0 0 0 0 0 0 1 0 1 0 1 1 1 1 1 0 1 1 0 0 0 1 1 0 1 1 1 0 1 1 0 0 0 1 0 0 1 0 0 0 0 1 0 1 1 0 0 0 1 1 0 0 0 1 0 0 1 1 1 0 1 0 1 1 
1 1 0 0 0 1 1 0 1 1 0 0 0 1 0 0 1 1 0 1 0 1 0 1 0 1 0 1 0 0 0 1 1 0 0 1 1 1 0 0 0 0 0 0 0 1 1 0 1 0 0 0 0 0 1 0 1 0 1 0 1 0 1 0 0 1 1 0 0 0 1 0 1 1 1 0 1 0 0 0 1 1 1 1 1 0 1 0 1 1 0 1 1 1 1 0 1 1 1 0 1 1 0 0 0 0 0 1 0 0 1 1 0 1 0 
0 1 1 1 0 0 1 1 0 0 0 1 1 1 1 1 0 0 1 0 0 0 0 1 1 0 1 1 1 1 0 1 1 0 1 0 1 0 1 0 0 1 1 1 0 0 0 1 1 0 1 1 0 0 0 1 0 1 0 1 0 1 0 1 1 1 0 1 0 1 1 1 1 1 0 1 0 0 1 1 0 0 0 0 1 1 1 1 1 0 0 1 1 0 1 1 1 0 0 1 1 0 1 0 1 1 1 1 1 0 1 0 1 0 0 
1 1 1 0 1 0 1 1 1 1 1 1 0 0 1 0 0 0 0 0 0 0 1 1 0 0 0 0 0 1 1 1 1 0 1 1 1 0 1 1 0 1 0 1 0 1 0 0 1 0 0 0 1 1 0 1 1 0 1 1 0 0 1 0 1 0 1 1 1 1 0 0 1 1 0 1 0 0 0 1 0 1 1 0 1 0 1 0 1 1 0 1 0 0 1 1 0 1 1 1 0 1 1 0 0 1 1 1 0 0 0 0 0 0 0 
1 1 1 0 0 1 1 0 1 1 1 0 1 1 0 0 1 1 1 0 0 0 0 0 1 0 0 1 0 1 1 0 1 0 1 1 0 1 0 0 0 1 1 0 1 0 0 1 1 1 0 0 0 1 0 1 0 0 1 0 0 1 0 1 1 1 1 1 1 0 1 0 1 0 0 0 0 1 1 0 1 0 1 1 0 1 0 1 0 0 0 0 1 0 0 1 1 1 1 0 1 0 1 1 0 1 0 0 0 0 0 0 0 1 1 
1 1 0 1 1 0 0 0 0 1 0 1 0 1 0 1 1 0 0 0 1 0 0 1 1 0 0 1 1 1 0 1 1 0 1 0 1 1 0 0 1 1 0 1 0 0 1 1 1 1 1 0 0 1 1 1 1 0 0 1 0 1 0 1 1 1 0 1 0 1 0 0 0 1 1 0 1 1 0 0 0 0 1 1 1 1 0 0 0 1 0 1 0 1 0 1 1 1 1 0 0 0 0 1 0 0 0 0 0 0 0 0 0 0 1 
1 1 0 0 1 0 0 1 1 0 1 0 0 1 0 0 1 0 1 1 1 0 1 0 1 1 0 0 0 1 1 0 1 1 1 0 1 1 1 0 1 1 0 1 0 1 0 1 0 1 1 1 1 0 1 1 0 0 1 1 0 0 0 1 1 1 1 1 1 0 1 0 1 0 1 1 0 0 1 1 0 0 1 1 0 1 0 1 1 0 0 1 1 0 1 1 1 0 0 0 0 0 1 0 0 1 0 0 1 0 0 0 0 1 0 
0 0 1 1 0 1 0 1 1 0 0 0 0 1 0 1 0 1 0 1 0 1 1 1 0 1 0 0 0 1 0 1 0 0 0 1 0 0 1 0 1 0 1 0 1 0 0 1 0 1 0 0 1 1 1 0 1 1 1 0 0 0 0 1 0 0 1 0 1 1 0 1 0 1 1 0 1 0 0 0 1 1 0 1 0 0 1 1 1 0 0 0 1 1 1 0 1 0 0 1 0 1 0 1 0 1 0 1 0 1 0 0 0 0 1 
0 0 1 1 1 0 0 1 0 0 1 1 0 1 1 1 1 1 1 0 0 0 0 1 1 0 1 0 1 0 0 1 1 1 1 1 0 1 0 0 1 1 1 1 0 1 0 0 1 1 1 0 1 0 1 0 1 0 0 0 1 0 1 0 0 1 0 1 1 0 0 1 1 1 0 1 0 0 0 1 0 1 1 0 0 0 0 0 0 0 1 0 1 0 0 0 0 0 0 1 1 0 0 1 0 0 0 0 1 1 0 0 0 0 0 
0 0 0 0 1 1 0 1 1 0 1 0 1 1 0 1 0 0 0 1 0 0 0 0 0 1 0 1 1 1 1 1 0 1 1 1 1 1 0 0 1 0 1 1 1 0 1 1 0 0 0 0 0 0 1 0 1 1 1 0 1 1 1 0 0 0 1 1 1 0 1 1 0 1 0 0 1 1 0 0 1 0 1 1 0 0 1 1 0 1 1 1 0 0 1 1 0 0 1 1 0 1 0 0 0 0 1 0 1 1 1 1 1 1 0 
1 0 1 1 1 1 0 1 1 0 1 0 1 0 0 1 0 0 1 1 0 1 1 0 0 0 1 0 1 1 1 1 0 0 1 1 1 0 1 1 1 0 1 0 1 0 1 1 0 1 0 1 0 1 0 1 1 1 0 0 1 1 1 1 0 1 1 0 0 0 0 0 1 1 0 0 0 0 1 1 1 1 0 0 1 0 0 1 0 1 0 1 1 1 1 0 0 0 1 1 1 0 0 1 0 0 0 1 1 0 1 0 0 1 0 
0 0 0 0 1 1 1 1 0 0 1 0 1 0 0 0 0 1 0 1 0 0 1 0 0 1 1 1 0 1 0 1 1 1 1 0 1 1 1 0 1 0 1 0 0 1 1 1 1 0 1 0 1 0 0 0 1 1 0 0 0 1 0 0 0 1 1 1 0 1 1 0 1 0 1 1 0 0 0 1 1 1 0 1 0 1 1 1 0 1 0 0 1 1 1 1 1 1 1 0 0 0 1 1 0 0 1 1 1 1 1 0 0 0 0 
1 1 0 1 1 0 1 0 1 1 1 1 1 1 0 1 1 1 0 1 1 1 1 1 1 0 1 1 1 0 1 0 0 1 0 1 0 1 0 1 1 0 0 1 1 0 0 1 1 0 1 0 0 0 1 1 0 1 1 0 1 0 1 1 0 0 1 1 0 1 1 0 1 1 0 0 1 0 0 1 0 0 1 1 0 1 0 0 0 0 1 0 1 1 0 0 0 1 0 1 1 1 1 0 1 0 0 0 1 0 0 1 0 1 0 
0 1 0 1 1 1 0 0 0 0 0 0 0 0 0 1 0 1 0 0 1 1 0 1 0 0 1 1 0 1 0 1 0 1 0 0 1 0 0 1 1 0 0 0 1 0 0 0 1 0 0 1 1 1 0 0 0 1 0 1 1 1 0 1 0 0 0 1 0 0 0 1 1 1 1 0 0 1 1 1 0 1 1 1 0 0 1 1 1 0 1 1 0 0 1 1 0 1 1 1 1 1 0 0 0 1 1 0 1 0 0 0 0 1 1 
1 0 1 0 1 1 1 1 1 1 1 1 1 1 0 0 0 1 1 1 1 0 1 0 1 1 1 1 1 0 1 0 0 1 0 1 0 0 0 0 1 1 0 0 1 0 0 1 0 1 1 0 0 1 1 0 1 0 0 1 1 1 0 0 0 1 1 0 0 0 0 1 0 1 1 0 0 0 1 0 0 0 1 1 1 0 0 0 0 0 0 0 1 1 1 1 1 1 1 1 0 1 0 0 1 1 0 0 0 0 0 1 1 1 1 
1 0 1 0 1 0 0 0 1 0 1 0 0 1 1 1 1 1 1 1 1 1 1 1 0 1 0 0 1 0 0 0 0 1 0 0 1 0 1 1 0 0 0 1 1 1 1 0 0 0 1 0 1 0 1 0 1 1 1 1 1 1 1 1 0 0 1 1 0 0 1 1 0 1 1 0 1 0 0 0 0 0 0 1 0 0 0 1 0 0 0 1 1 0 0 1 0 1 1 1 0 1 1 1 0 0 0 0 0 0 0 0 0 1 0 
0 1 0 0 1 0 0 0 0 1 0 1 1 0 1 0 0 1 0 0 0 0 0 1 0 1 1 0 1 1 1 1 1 0 1 1 0 1 1 0 1 1 1 0 0 0 0 0 0 0 1 0 0 1 1 0 0 1 0 1 0 0 0 0 1 0 0 1 1 1 1 1 0 0 1 1 0 1 1 1 0 0 1 1 1 0 0 1 1 1 0 1 1 1 1 0 0 1 0 0 0 1 0 1 0 0 0 1 1 0 1 1 0 1 0 
1 1 1 0 1 0 1 0 1 0 0 0 0 0 1 0 1 1 0 1 1 1 1 1 0 1 1 1 1 0 0 0 0 1 0 0 1 1 1 1 1 0 0 0 1 1 1 0 0 0 1 0 1 1 1 0 0 1 0 0 0 0 0 0 0 1 0 0 1 0 1 0 0 0 1 1 0 1 1 0 0 0 1 0 0 1 0 0 1 1 0 1 1 1 1 1 0 1 1 1 1 0 0 0 1 1 1 1 1 1 0 1 1 1 0 
1 0 0 0 0 0 0 0 0 1 0 0 1 0 0 0 0 1 1 0 1 1 0 0 1 1 1 1 0 1 0 1 0 1 0 0 1 0 1 0 1 0 0 1 0 0 0 0 0 0 0 1 0 1 0 0 1 1 1 1 0 1 0 1 1 0 1 0 1 0 1 1 1 0 1 1 1 0 1 0 0 1 0 0 0 0 1 0 0 0 1 1 1 0 1 1 1 1 1 1 0 0 0 0 1 1 0 0 0 0 1 0 0 0 1 
0 0 0 1 1 0 1 1 1 0 0 1 0 1 0 1 1 0 1 1 1 0 1 1 0 0 1 1 1 0 1 0 1 0 1 1 0 1 0 1 1 1 1 0 0 1 1 1 1 1 0 1 1 1 0 1 1 1 1 1 1 0 1 1 1 0 1 1 1 0 1 0 1 0 0 1 0 1 1 1 0 0 1 0 0 0 0 0 0 1 1 1 1 1 1 1 0 1 0 0 0 0 1 1 0 0 1 0 1 1 0 0 1 1 0 
0 1 0 0 1 0 1 0 1 1 1 0 1 1 1 1 1 0 1 0 0 1 1 1 0 1 1 0 1 1 0 0 0 1 1 0 1 0 0 0 1 1 1 0 0 1 0 0 1 0 0 1 1 1 1 1 1 1 1 0 1 0 0 1 1 1 1 1 1 0 0 1 0 1 0 1 1 1 0 1 0 1 1 0 0 1 1 0 1 0 1 0 1 0 1 0 0 1 0 0 0 1 1 1 0 0 0 0 0 0 1 0 1 1 1 
0 0 0 0 0 0 0 0 1 1 0 1 0 0 1 0 0 1 0 1 1 0 0 1 1 0 0 1 1 0 0 0 1 1 1 1 0 0 0 1 1 0 1 0 1 1 0 1 1 1 1 1 0 0 1 1 1 0 1 0 1 1 0 0 0 0 0 1 1 1 0 1 1 0 1 1 1 1 0 1 0 1 1 0 0 1 0 1 0 0 0 1 0 0 0 0 0 1 1 0 0 0 0 1 1 1 1 1 0 1 1 1 1 0 0 
1 0 0 0 1 0 0 0 1 0 0 0 0 1 1 1 1 0 0 0 1 0 0 0 0 0 0 1 0 1 1 0 1 0 1 0 1 0 1 0 1 0 1 1 1 0 1 1 1 1 0 1 1 1 1 0 1 1 0 0 0 0 1 0 1 1 1 0 0 0 0 0 1 0 1 0 1 1 0 0 0 1 0 0 1 0 0 0 1 1 0 1 1 1 1 1 1 0 0 0 0 0 1 1 0 1 0 0 1 0 0 0 0 1 0 
1 1 1 1 0 1 1 0 0 0 0 1 0 1 1 1 1 0 0 0 0 0 1 1 1 1 1 1 1 1 1 1 0 1 1 1 1 1 1 1 0 1 0 0 1 0 0 0 1 1 0 1 1 0 1 0 1 1 0 0 0 1 0 1 0 0 0 1 1 1 1 1 1 0 1 0 0 0 1 1 0 1 0 1 1 1 1 0 1 0 1 1 1 1 0 1 0 1 0 1 1 1 1 1 0 0 1 0 0 0 0 0 0 0 0 
0 1 1 0 0 1 0 1 1 1 0 0 1 0 0 1 1 1 0 1 1 1 1 1 0 1 0 0 0 0 0 1 0 1 0 0 1 1 0 0 1 0 0 1 1 0 0 1 0 1 1 0 0 1 0 1 1 1 0 0 1 1 1 0 0 1 0 0 1 1 1 1 0 0 1 1 0 0 0 1 0 1 1 1 0 0 0 0 0 1 1 0 1 1 1 0 0 0 1 1 1 1 0 0 1 0 1 0 0 1 0 0 1 0 1 
1 0 1 1 1 1 0 0 0 0 1 1 1 1 0 1 0 0 0 1 0 1 0 0 1 1 1 1 1 0 0 0 0 1 0 0 1 1 1 1 0 0 0 0 1 1 0 0 0 1 1 0 0 0 1 1 1 0 1 1 0 0 1 0 0 1 0 0 0 0 0 1 0 0 0 0 0 1 1 1 0 0 1 0 1 0 1 1 1 0 0 1 1 0 0 0 0 1 1 1 1 1 1 1 0 0 1 1 0 1 1 0 1 1 0 
0 0 0 0 0 1 0 1 0 0 0 0 0 0 0 1 0 1 0 1 1 0 1 1 0 1 1 0 0 1 0 0 1 0 0 1 0 0 0 1 0 1 0 0 0 0 1 0 1 0 1 1 1 1 1 1 1 1 0 0 1 1 0 0 1 0 1 1 1 1 1 0 0 0 0 1 0 1 0 1 0 0 1 0 0 0 0 0 1 0 0 0 0 0 1 1 1 0 0 1 0 1 0 0 0 1 0 1 1 0 0 0 1 1 1 
0 0 0 0 0 1 0 1 1 1 0 0 1 1 1 1 1 0 0 0 0 1 0 0 1 0 1 1 0 1 1 1 1 0 1 0 0 0 1 1 1 1 1 0 0 0 1 0 1 1 1 0 1 1 1 1 1 1 0 0 1 1 0 0 1 1 1 0 0 1 1 0 0 0 1 1 0 0 0 0 0 0 0 1 1 0 0 0 1 1 1 0 1 0 1 1 1 0 0 1 0 0 1 1 1 0 0 0 0 1 0 1 0 1 1 
1 1 1 0 1 1 1 0 1 0 1 0 0 1 0 1 1 0 1 0 1 0 0 1 0 1 0 0 1 0 0 0 1 0 1 0 1 1 1 0 0 0 1 0 0 0 1 0 0 1 1 1 1 1 1 1 0 0 1 0 0 1 0 1 0 0 1 0 0 1 0 0 0 0 1 1 0 1 1 0 0 0 1 1 0 1 0 1 0 1 0 0 1 1 1 0 0 1 0 0 1 1 1 1 0 0 0 1 1 1 0 1 1 1 1 
0 0 1 0 1 0 0 1 1 1 1 1 1 0 0 1 0 1 1 0 0 0 1 0 0 0 1 1 1 0 0 0 1 0 1 0 1 0 0 1 0 0 0 1 1 1 0 1 0 1 0 0 1 0 0 1 0 1 1 1 0 1 0 0 1 1 0 1 0 0 0 1 1 1 0 1 0 0 1 1 1 0 1 1 0 0 0 0 0 1 0 1 1 0 1 1 0 0 1 1 1 1 0 1 0 0 1 0 0 0 1 1 0 1 1 
1 0 0 0 1 1 1 0 1 1 1 0 0 1 1 1 1 0 0 1 0 1 1 1 1 0 1 1 1 1 0 1 0 0 0 0 1 0 1 1 0 1 0 0 0 0 1 0 0 1 0 0 0 1 1 1 1 1 1 0 1 0 1 1 0 0 0 1 1 1 1 0 1 0 1 0 0 1 1 0 0 1 0 0 0 0 0 1 0 1 0 1 0 0 0 1 0 0 1 1 0 0 1 0 0 1 1 1 1 1 1 0 0 1 1 
1 1 0 0 0 1 1 0 0 0 1 1 1 1 1 1 1 1 1 1 1 1 1 0 0 1 0 0 1 1 1 0 0 0 0 0 1 1 1 1 1 0 0 1 1 0 0 0 0 1 0 1 0 0 0 1 1 0 0 0 0 1 0 0 1 0 0 0 1 0 1 0 1 1 0 0 0 1 0 0 1 0 1 0 0 1 1 1 0 0 1 1 0 1 1 1 0 0 1 1 1 0 1 0 0 1 1 0 0 0 1 1 0 1 0 
0 0 0 0 0 1 1 1 0 0 1 1 1 0 0 1 1 1 0 0 0 1 1 1 1 1 0 1 0 0 0 1 0 0 0 0 1 0 1 1 1 1 1 0 1 1 1 1 1 0 1 1 1 1 0 0 0 1 1 1 0 1 0 1 0 1 1 0 0 1 1 0 0 0 1 0 1 0 1 1 0 1 1 1 0 1 0 1 0 0 1 0 1 1 1 0 1 1 0 1 1 1 0 0 0 0 1 1 1 0 0 0 0 0 0 
1 0 1 1 0 0 1 0 1 0 1 0 0 0 1 1 0 1 0 1 0 0 1 1 0 1 0 0 1 1 0 1 1 1 1 0 0 0 1 0 0 1 1 1 1 1 0 0 0 1 0 1 0 1 1 1 0 1 1 1 0 0 1 0 1 0 1 1 0 0 1 0 1 1 1 0 1 1 0 0 1 1 1 1 0 1 0 0 0 0 0 1 0 0 0 0 1 1 1 1 0 1 1 0 1 1 1 0 1 0 1 0 0 0 0 
1 0 1 1 1 1 1 1 0 0 0 0 0 1 1 1 1 0 0 1 0 0 0 1 0 0 0 1 0 0 1 0 0 0 0 1 1 1 1 1 1 0 0 1 0 1 0 0 1 1 1 0 0 1 0 0 0 1 1 0 1 0 0 1 0 1 0 0 0 1 1 0 0 0 1 0 1 0 0 1 1 0 0 0 0 1 1 1 0 0 1 1 0 0 1 0 0 1 0 0 0 1 1 1 1 0 1 0 0 0 1 1 0 1 1 
1 0 0 1 1 0 1 0 0 0 0 0 0 0 0 0 1 0 0 0 1 0 0 1 1 1 0 0 1 0 1 0 1 0 1 0 1 1 0 1 1 0 0 1 1 1 1 0 0 1 0 0 0 1 1 0 1 0 1 1 1 1 1 0 0 0 1 0 0 0 0 1 1 1 1 1 1 1 0 0 1 0 1 1 0 0 0 1 1 1 1 0 0 1 0 1 0 0 1 0 0 1 1 0 1 1 0 0 1 0 0 1 1 1 1 
0 1 0 1 0 1 1 1 1 0 0 1 1 1 1 1 1 0 0 0 1 1 1 0 1 0 0 1 0 0 1 1 0 1 1 1 1 1 0 1 0 1 0 1 1 1 0 1 0 1 1 1 1 0 0 1 1 1 1 1 1 1 0 0 1 0 0 1 1 0 0 0 1 0 0 0 0 0 1 0 1 1 0 1 1 0 1 0 0 0 0 1 1 0 1 0 0 0 1 1 0 0 0 1 1 1 1 0 1 1 0 0 1 0 0 
1 1 0 0 0 0 1 0 0 1 1 1 0 0 0 0 0 0 1 0 0 0 1 1 1 1 1 0 0 1 0 1 1 1 1 0 0 1 1 1 1 0 1 1 1 1 0 1 0 0 1 0 1 0 0 1 1 0 0 0 1 0 1 0 0 0 1 1 0 1 1 1 0 1 0 0 0 1 0 1 0 0 0 1 1 1 1 1 1 1 1 1 0 0 1 1 0 0 0 1 0 0 0 0 0 1 1 1 0 0 0 1 1 1 0 
0 1 0 0 1 0 1 0 0 0 0 1 0 0 0 0 1 0 0 1 1 1 1 1 0 0 0 1 0 1 0 0 0 0 0 0 1 1 1 0 0 1 1 1 1 1 1 1 1 0 1 0 0 1 1 0 0 1 1 1 1 0 0 0 1 0 0 0 1 0 1 0 1 0 0 1 1 1 0 0 0 0 0 1 1 0 0 0 1 0 1 0 0 1 1 1 0 1 1 0 1 0 1 1 0 0 0 1 1 0 1 1 1 0 1 
1 1 1 1 1 0 0 0 1 1 0 0 1 1 1 1 0 0 1 0 1 0 1 0 1 1 1 1 1 0 0 1 1 0 0 1 1 1 1 1 1 1 1 1 1 0 0 1 1 0 0 0 1 1 1 0 0 0 0 1 1 0 1 1 0 1 0 1 1 0 1 0 0 0 1 0 0 1 1 0 0 0 0 0 0 0 0 0 0 0 1 1 0 0 0 0 1 0 1 0 1 0 0 0 0 1 0 1 0 0 0 0 0 1 0 
0 0 0 1 0 0 1 0 0 0 1 0 1 1 1 1 0 1 0 1 0 0 0 0 1 0 1 1 1 1 1 0 1 1 1 1 1 1 0 1 1 1 0 1 1 0 1 1 0 1 1 1 0 1 0 1 0 0 0 1 0 1 1 1 1 0 1 1 1 0 1 0 0 0 0 0 1 1 1 0 1 1 1 1 0 1 0 0 0 0 1 1 1 0 1 1 1 0 0 0 0 1 0 0 0 0 0 1 1 1 1 1 1 0 0 
1 1 1 1 1 0 0 1 0 0 1 0 0 1 1 0 0 0 1 0 1 1 0 1 1 0 1 0 0 1 0 0 1 0 0 1 1 1 1 0 0 0 1 0 0 1 1 1 0 1 1 1 1 1 0 1 0 0 0 0 1 1 0 1 1 0 0 1 0 0 1 0 1 0 0 0 1 1 1 0 0 1 0 0 1 0 0 0 0 0 1 1 1 0 0 1 1 0 1 1 1 1 1 1 0 0 0 1 0 1 1 1 0 0 0 
1 1 1 1 0 0 1 1 1 0 1 1 1 1 1 0 1 1 0 1 1 0 1 1 0 0 0 0 0 0 1 1 1 1 0 1 1 0 0 0 0 0 1 0 0 0 1 0 0 1 1 0 1 1 0 1 1 1 0 0 0 1 0 0 1 0 0 1 0 1 0 0 1 1 0 1 0 0 0 1 1 0 0 0 1 0 0 1 0 1 0 0 1 1 0 1 1 1 0 1 1 1 1 1 0 0 1 1 0 0 1 1 0 0 1 
0 1 1 0 1 1 1 0 1 0 0 0 0 1 0 0 1 0 1 0 0 0 0 0 0 1 1 1 0 1 1 1 1 0 0 0 1 1 1 0 0 1 0 1 1 0 0 1 0 0 0 1 1 1 1 1 1 0 1 0 0 1 1 0 0 1 1 0 1 0 1 0 0 1 1 0 1 0 1 1 1 0 1 0 0 0 1 0 0 1 1 1 1 1 1 0 0 0 1 1 0 1 0 1 0 0 1 0 0 0 0 0 0 1 1 
0 1 1 0 0 0 1 0 0 1 1 1 0 1 1 0 1 1 0 1 0 1 1 0 0 0 1 1 1 0 1 1 1 0 0 1 0 0 1 0 1 1 0 1 1 1 1 0 1 1 0 0 1 1 0 0 0 1 1 1 1 0 1 0 0 0 0 1 0 1 1 0 1 0 0 1 1 1 1 0 1 1 0 1 0 1 1 1 0 1 1 0 1 1 0 1 0 1 0 0 0 1 0 1 0 0 0 0 0 0 0 0 0 0 1 
0 1 1 0 0 0 1 1 1 1 0 1 1 1 1 1 0 1 1 0 1 0 0 0 0 1 1 1 0 1 0 0 1 0 0 0 1 0 0 1 0 1 1 0 0 0 0 1 0 0 1 0 1 0 1 0 1 1 0 0 1 1 0 1 1 0 0 1 0 1 0 0 0 1 0 0 0 0 1 0 0 0 1 1 1 1 1 1 0 1 1 1 1 1 1 0 1 0 0 1 1 1 1 1 1 0 0 0 1 1 1 0 0 0 1 
0 1 0 0 0 0 0 0 1 1 0 1 0 1 1 1 1 1 0 1 0 1 1 1 1 0 0 1 0 1 1 0 1 0 0 1 1 1 0 0 1 0 0 0 0 1 0 1 0 1 0 1 0 0 0 0 1 1 1 0 0 0 1 0 0 1 1 0 0 1 0 1 1 0 0 1 0 1 0 1 1 0 0 1 0 0 1 0 1 0 0 0 0 0 0 0 1 1 1 1 1 1 0 0 0 0 1 1 0 1 1 1 0 0 0 
0 0 0 0 0 0 0 1 1 0 1 1 0 0 1 1 1 1 0 1 1 1 1 1 0 0 0 0 0 0 0 0 0 1 0 1 1 1 0 1 0 0 0 1 1 0 1 0 1 0 1 0 0 1 0 1 0 1 1 1 0 0 1 0 0 0 0 0 0 0 0 0 1 1 0 0 0 0 0 0 1 0 1 1 0 1 1 1 1 1 0 0 1 1 1 1 0 0 1 1 0 0 0 0 0 1 0 1 0 0 0 1 0 0 1 
0 0 1 0 0 0 0 0 0 1 0 0 1 1 0 1 0 1 1 1 0 1 1 1 0 1 0 1 1 0 0 1 0 0 1 0 0 1 0 1 0 1 1 0 1 0 1 0 0 1 0 1 0 0 0 0 1 0 0 0 1 0 0 1 0 0 1 1 0 1 0 0 0 0 0 1 0 0 0 0 0 1 1 1 1 1 0 0 0 0 1 0 1 0 1 0 1 0 0 0 1 1 1 0 0 1 0 0 0 0 0 0 1 0 0 
0 1 0 1 1 1 1 1 0 0 1 0 0 1 1 1 1 0 1 0 1 1 0 1 1 0 1 1 1 1 0 1 1 0 0 1 1 1 0 1 0 0 0 1 1 1 0 0 0 1 1 0 1 0 1 0 0 1 0 0 1 0 0 1 0 1 0 0 1 0 0 1 0 1 1 0 0 0 1 1 1 0 0 0 1 0 1 1 1 1 0 1 1 0 0 0 1 0 0 1 0 0 1 1 0 1 0 1 1 1 0 0 0 0 1 
0 1 0 1 1 1 1 1 1 1 0 1 0 0 0 1 0 1 0 1 1 1 1 1 0 1 1 0 1 1 1 0 1 1 0 0 1 1 1 0 1 0 0 1 0 0 1 1 0 0 1 0 0 1 1 0 1 1 1 1 0 1 1 0 0 1 0 0 0 1 0 1 1 0 0 0 1 0 1 1 1 0 1 1 0 0 0 1 1 0 1 0 1 0 0 0 1 0 1 1 0 0 0 0 0 0 1 0 1 0 1 0 1 1 1 
1 0 0 1 1 1 0 1 1 0 1 1 0 0 1 0 0 1 0 0 1 1 0 1 1 1 1 0 0 0 0 0 0 1 1 1 1 1 1 0 1 1 0 1 0 0 0 1 1 0 0 0 0 1 0 1 1 1 0 0 1 0 0 0 0 0 1 0 0 1 0 0 0 0 1 0 1 1 1 0 0 0 0 0 1 0 1 0 1 1 0 1 0 0 0 1 0 0 0 0 1 0 1 0 0 1 0 1 1 1 0 0 1 0 1 
1 1 1 0 0 1 0 1 0 0 0 1 0 1 1 0 1 0 0 1 1 0 1 0 1 0 0 0 1 1 0 0 0 1 0 0 0 0 1 0 1 1 0 1 1 1 0 1 0 1 0 1 0 0 1 0 0 0 0 1 0 1 1 1 0 1 0 1 1 0 1 0 0 0 1 1 1 0 1 1 0 0 0 0 0 0 0 1 0 0 1 0 0 1 0 0 0 1 1 0 1 0 0 0 0 1 0 0 1 0 1 1 0 0 0 
0 1 1 1 1 1 0 1 0 1 0 1 0 1 0 1 1 0 1 1 0 1 0 1 0 0 1 0 1 1 0 0 1 1 1 1 1 0 0 0 1 1 0 1 1 0 0 1 1 1 1 1 0 0 1 1 1 1 1 0 1 1 0 0 0 0 0 0 0 1 0 0 1 1 1 1 1 1 1 1 0 0 1 0 0 0 1 0 1 1 0 1 0 1 0 1 0 0 1 0 0 1 1 0 0 0 1 0 0 0 1 1 1 1 0 
1 1 1 1 1 1 0 1 1 0 1 0 0 1 1 0 1 0 0 1 0 0 0 0 1 1 1 0 0 0 1 1 1 1 0 1 0 1 1 0 1 1 1 0 0 0 1 0 0 0 0 0 1 0 1 0 0 0 0 0 0 0 0 1 0 0 1 1 0 0 0 0 1 1 0 0 1 1 0 1 0 1 1 0 0 1 1 1 0 0 0 0 0 0 1 1 1 1 0 0 0 1 1 0 1 1 1 1 0 1 0 1 1 1 0 
0 0 0 1 0 1 1 1 1 1 1 1 1 0 1 1 1 1 1 1 1 1 0 1 0 1 0 1 1 1 1 0 0 0 0 1 1 0 1 1 1 0 0 0 0 0 1 1 1 0 1 0 1 1 0 1 0 0 1 1 0 1 0 1 1 0 0 1 0 0 1 1 0 0 1 1 0 0 0 0 1 1 1 0 1 1 1 1 1 0 1 1 0 1 0 0 1 1 0 1 1 1 1 0 1 0 0 1 1 1 0 0 1 0 0 
0 1 0 1 0 0 1 1 0 0 0 1 0 1 0 1 0 1 1 1 1 0 1 0 1 1 1 1 0 1 1 1 1 0 0 0 0 1 0 0 0 0 0 0 0 0 1 0 1 0 1 0 1 0 1 0 0 0 0 1 1 0 1 0 1 0 1 0 0 0 1 1 0 0 1 1 0 0 0 0 0 1 1 1 0 1 1 0 0 1 0 1 1 0 1 1 1 1 1 1 0 0 0 0 1 0 1 0 1 1 1 1 0 1 1 
0 0 0 0 1 1 1 0 0 0 0 1 0 0 1 1 1 0 1 0 0 0 1 1 1 0 0 0 1 0 1 1 1 1 1 1 0 0 1 1 1 1 0 0 1 1 0 1 0 1 1 1 1 0 0 0 1 0 0 0 1 0 0 0 0 0 1 0 1 1 1 0 1 1 0 1 1 1 1 1 0 0 1 1 1 0 0 1 0 0 0 0 1 1 0 0 0 0 1 1 0 1 0 1 0 1 0 1 0 0 0 0 0 0 1 
1 0 0 1 1 0 0 1 1 1 0 0 1 0 1 0 0 1 0 1 1 0 0 1 0 1 0 0 1 0 0 0 0 1 1 1 1 1 1 0 0 1 0 1 1 1 1 0 0 0 0 0 1 0 0 1 0 0 0 1 0 1 0 1 0 1 0 0 0 1 1 0 1 1 1 0 0 0 0 0 1 1 1 0 1 1 1 1 1 1 0 1 0 1 0 0 1 1 0 1 0 0 0 1 1 1 1 1 0 1 0 0 0 0 0 
0 1 0 0 1 1 0 1 0 1 0 0 0 1 1 1 0 1 1 0 0 0 1 0 1 0 1 0 0 1 0 0 1 0 0 1 0 1 1 1 0 0 0 0 0 0 0 0 0 1 1 1 1 0 0 1 0 1 1 0 1 1 0 0 0 0 0 1 1 1 1 1 0 0 1 0 0 0 0 0 0 1 0 1 1 0 0 0 1 0 1 0 1 1 0 0 1 0 1 1 0 0 0 0 0 0 1 0 1 0 0 1 0 1 1 
1 1 0 0 1 1 1 1 1 0 1 0 0 1 1 0 1 1 0 0 0 1 1 0 0 0 1 0 0 0 1 0 0 1 1 0 1 1 1 1 0 0 1 1 0 1 0 1 1 0 1 0 1 0 1 1 1 1 1 0 0 1 0 1 0 0 0 0 1 0 1 1 0 0 1 0 0 0 1 0 0 1 0 1 0 0 0 0 1 0 0 1 0 1 1 0 1 0 1 0 0 1 0 0 1 0 0 1 0 1 0 1 0 1 0 
1 1 1 1 1 0 0 0 1 1 1 0 1 0 0 0 0 0 0 1 0 1 0 1 0 0 0 1 0 0 1 1 0 1 1 1 1 0 0 0 1 0 1 0 0 1 1 1 0 1 0 0 0 1 0 0 1 1 1 0 1 1 1 0 0 0 1 1 1 1 1 0 0 0 1 0 0 1 0 1 0 1 1 0 1 0 0 1 1 1 0 0 0 0 0 1 0 1 0 1 1 0 1 0 0 0 0 0 1 1 0 1 0 1 1 
1 1 0 1 1 1 1 0 0 0 1 0 1 1 1 1 1 1 0 1 1 0 0 1 0 1 0 1 1 1 1 0 0 1 0 0 1 1 1 0 1 1 1 1 0 0 1 0 0 1 0 1 0 0 1 0 0 0 0 1 1 0 0 1 0 0 1 1 0 1 1 1 0 0 1 0 0 0 1 0 0 0 0 1 1 0 1 0 0 1 1 0 1 0 1 1 1 0 0 1 0 0 0 1 0 0 0 0 1 0 1 0 1 0 0 
0 0 1 0 0 0 1 1 1 1 0 0 0 1 1 0 0 1 1 0 0 1 0 0 1 0 1 1 1 0 0 0 0 0 0 0 0 0 0 0 0 0 0 0 0 0 1 0 1 0 1 1 1 1 0 0 0 1 0 1 1 1 0 1 1 0 1 1 0 0 0 0 1 0 0 1 0 0 0 0 0 1 1 1 1 1 1 1 1 0 0 0 0 0 0 1 1 1 1 1 0 1 1 1 0 1 0 0 0 0 1 0 0 1 0 
0 0 1 1 1 0 1 1 1 0 0 0 1 1 1 0 0 0 1 0 1 0 0 0 1 1 0 1 1 0 1 0 0 0 0 1 0 1 1 1 1 1 0 0 0 0 0 1 0 1 1 0 0 1 0 0 0 1 1 0 0 1 0 0 0 1 0 0 0 0 0 1 1 1 0 1 1 1 1 0 1 0 0 0 0 0 0 1 0 1 0 1 1 0 1 1 1 1 1 0 1 1 0 0 1 0 0 1 1 1 1 1 1 0 1 
1 0 1 0 1 1 1 0 1 0 0 1 0 0 1 1 0 0 1 0 1 1 1 1 0 1 1 0 0 1 1 1 0 1 1 0 1 1 1 0 0 1 1 1 0 1 1 0 1 1 1 0 1 0 0 0 0 1 0 0 1 0 1 0 1 1 0 1 0 0 1 1 1 1 1 1 0 0 1 0 1 0 0 1 0 1 1 0 0 0 0 1 0 0 1 1 1 0 0 1 0 0 0 0 0 1 0 0 0 1 1 1 1 0 0 
0 1 0 0 1 0 0 1 0 0 1 0 0 0 1 0 0 0 1 0 0 1 1 1 1 0 1 0 1 1 1 1 1 1 0 0 0 0 0 0 1 1 0 0 1 1 1 0 0 1 1 0 1 1 1 1 0 1 0 0 0 1 1 1 1 1 0 1 0 0 0 0 0 1 1 0 1 1 0 1 1 0 1 0 0 1 1 0 1 1 1 0 1 0 1 0 1 0 0 0 1 1 0 0 0 1 1 0 0 1 0 1 0 0 0 
1 0 1 1 1 1 1 0 1 1 1 0 1 0 1 1 0 1 1 1 1 0 1 0 0 0 0 1 0 0 0 1 0 1 0 0 0 0 0 1 1 0 1 0 1 0 0 0 0 0 0 0 0 1 1 1 0 0 1 1 0 0 1 0 0 1 1 0 1 0 0 0 1 0 1 1 1 0 1 1 1 0 0 0 0 1 1 0 1 0 1 0 0 1 1 0 1 1 1 0 0 1 1 0 1 0 1 1 0 1 0 1 1 1 0 
1 0 0 1 0 1 0 0 0 1 0 0 1 1 0 1 1 0 0 1 0 1 1 1 0 0 0 0 1 1 0 0 0 0 1 0 0 1 1 0 1 0 0 0 0 1 0 0 1 1 1 1 0 0 1 0 0 1 0 0 0 1 1 0 1 1 0 0 0 0 0 1 1 1 0 1 0 0 0 0 1 0 1 1 1 0 1 0 0 1 0 1 1 0 1 0 0 0 0 1 1 1 1 1 1 0 1 1 0 1 0 0 0 0 1 
1 1 0 1 0 0 0 0 0 1 1 0 1 0 1 1 1 0 1 1 1 0 0 0 1 0 1 0 1 0 1 0 0 0 0 1 0 1 0 0 1 0 1 0 0 0 0 0 1 0 0 1 0 1 1 0 0 0 0 0 1 1 1 1 1 0 1 0 1 0 1 1 1 1 0 1 0 0 0 1 1 0 1 1 1 1 0 0 1 0 0 1 1 0 1 0 0 1 0 0 1 1 1 0 0 0 0 0 0 0 0 0 1 0 0 
0 1 1 0 0 1 1 1 1 0 0 1 1 1 0 0 0 1 0 1 0 1 0 1 1 0 1 1 1 0 1 0 1 1 0 0 0 0 1 0 0 0 1 0 0 1 0 1 1 1 0 1 1 0 1 0 0 0 0 1 0 1 1 0 1 0 1 1 0 1 0 1 1 0 1 1 0 0 1 0 1 1 0 0 0 0 0 0 1 1 1 1 1 0 0 1 1 0 1 1 1 0 0 1 1 1 1 0 1 0 1 0 1 1 0 
0 0 1 0 0 1 0 0 0 0 1 1 1 0 1 0 0 0 1 1 1 0 0 1 1 0 0 0 0 0 1 0 0 1 1 0 0 1 0 1 1 0 1 1 1 0 0 0 0 0 0 0 1 0 1 1 0 0 0 0 0 0 0 1 1 0 1 1 1 0 1 0 1 0 0 1 1 1 1 0 1 0 0 1 1 0 1 1 0 1 0 0 0 0 0 1 1 0 0 1 1 1 0 1 1 1 0 0 1 1 1 0 1 1 1 
1 0 1 0 0 1 0 0 1 0 1 0 1 1 0 0 1 0 1 0 1 0 1 0 0 0 1 1 1 0 0 0 0 1 1 0 1 0 0 1 0 1 0 0 1 1 1 1 0 0 0 0 1 0 1 0 0 0 0 1 1 1 1 0 1 0 1 0 1 0 1 0 0 1 0 1 0 0 1 1 0 1 0 1 0 1 0 1 1 0 0 0 1 0 1 1 0 1 0 1 0 0 0 0 0 1 1 0 0 0 1 0 0 0 0 
1 0 0 1 0 0 0 0 0 0 1 1 0 1 1 0 0 0 0 0 0 0 0 0 0 1 1 0 0 1 1 0 0 0 0 1 1 1 0 0 1 1 0 0 1 0 0 0 1 1 0 1 1 0 1 1 1 1 1 0 1 1 1 0 0 1 0 1 0 1 0 0 1 0 0 0 1 0 0 1 0 0 0 1 1 0 0 1 0 0 0 0 1 0 0 1 0 0 0 1 1 1 0 0 0 1 1 1 1 0 0 0 1 0 1 
0 0 0 0 0 1 1 1 0 0 0 0 1 1 1 0 0 0 1 1 1 0 1 1 0 0 1 1 0 0 1 0 1 1 1 1 1 0 1 1 1 0 1 0 0 0 1 1 1 0 1 1 0 1 1 0 1 1 1 0 1 0 1 0 0 0 1 0 1 0 1 0 1 1 0 1 0 1 0 0 0 1 1 0 0 1 1 1 0 0 0 0 0 0 1 0 1 0 0 0 0 1 0 0 0 0 0 1 0 1 1 1 0 1 0 
0 0 1 0 1 0 1 1 1 1 1 0 1 1 1 0 0 1 1 1 0 1 0 1 1 1 0 1 1 1 0 1 1 1 1 1 1 1 0 1 1 1 1 0 1 1 1 0 0 1 0 0 0 1 0 0 0 1 1 1 1 1 1 0 1 1 1 1 0 0 0 0 0 1 1 0 1 0 0 1 0 1 0 1 0 1 1 1 0 1 1 0 0 0 0 0 1 1 1 1 1 0 0 0 0 1 1 1 0 0 1 1 0 0 1 
1 0 0 0 1 1 1 1 0 0 1 1 0 1 1 1 1 0 1 0 0 0 1 0 1 0 0 1 1 1 0 1 0 1 1 0 1 0 0 1 1 1 0 0 0 1 0 0 1 1 0 0 1 0 0 1 0 0 0 1 1 1 1 0 1 0 0 0 0 1 1 0 1 0 1 1 1 1 0 0 0 0 0 0 1 0 0 0 0 0 0 0 0 0 0 0 1 1 0 1 0 0 0 0 1 1 0 1 0 0 0 0 1 0 1 
1 1 1 1 1 0 0 0 0 0 0 0 1 1 1 1 1 1 1 1 1 0 0 1 1 0 1 1 1 0 1 1 0 1 1 1 1 1 0 1 0 1 0 1 1 1 1 0 1 1 0 1 0 1 1 1 0 1 0 0 1 0 1 0 1 1 0 0 0 0 0 1 0 1 0 0 0 1 0 1 0 1 1 1 1 1 1 0 0 1 0 1 0 0 0 0 0 1 0 1 0 0 0 1 1 1 0 1 1 1 1 0 0 0 0 
0 1 1 0 1 0 0 0 1 0 0 0 0 1 1 0 1 1 0 1 1 1 1 1 0 0 1 0 1 0 1 1 1 0 1 1 1 0 0 1 1 0 0 1 1 0 1 1 1 0 0 0 1 0 1 1 0 1 1 1 0 1 0 0 1 0 0 0 1 0 1 1 0 1 0 0 0 0 1 1 1 1 1 0 0 0 0 1 1 1 1 0 0 0 0 0 1 1 0 0 0 1 1 0 1 1 1 1 0 0 0 0 0 1 0 
0 0 0 0 0 0 0 1 1 1 1 1 0 1 1 0 0 0 1 1 0 1 1 1 1 0 0 0 1 0 0 1 0 0 0 1 0 0 0 1 0 0 0 1 1 0 0 0 0 1 1 0 0 0 0 0 1 1 1 1 0 0 1 1 0 1 1 1 0 0 0 1 1 1 0 1 1 1 0 1 1 1 1 1 1 0 0 1 1 0 0 1 1 1 0 1 0 0 0 1 1 1 0 1 0 1 0 1 1 1 0 0 1 1 0 
0 0 1 0 0 0 0 0 0 0 1 1 0 1 1 0 0 0 1 0 1 1 1 0 0 0 0 0 1 1 1 1 1 1 1 1 1 1 1 0 1 0 1 0 0 1 0 0 0 1 1 1 0 0 0 1 0 0 0 1 0 1 0 1 0 0 0 0 0 1 0 1 1 1 0 1 0 0 1 0 1 1 0 0 1 0 1 0 0 1 0 0 1 1 1 1 0 0 1 1 0 0 1 1 0 0 1 1 0 1 0 0 1 1 0 
0 0 0 1 1 0 1 1 1 0 1 0 0 0 1 1 0 0 1 0 1 1 1 0 0 0 1 1 1 0 1 1 1 0 1 1 0 0 1 0 0 1 1 0 0 0 1 1 1 0 1 0 1 1 0 1 1 0 1 0 1 0 0 1 1 0 0 1 0 1 1 0 0 1 1 0 1 1 0 0 1 1 0 0 1 0 0 1 0 0 0 0 1 0 0 0 0 1 0 0 1 0 0 0 1 1 0 0 0 1 1 1 1 1 0 
1 1 1 1 1 0 0 0 0 1 0 0 0 1 1 1 1 1 0 1 1 0 0 0 1 1 1 1 0 1 1 1 1 0 1 1 0 0 0 0 1 1 1 1 1 0 1 1 1 1 1 0 0 1 1 0 0 0 1 1 1 0 1 1 1 0 1 1 0 0 0 0 1 1 1 1 1 0 1 1 1 0 1 0 0 1 0 1 1 1 1 0 1 1 1 0 1 1 0 0 1 1 1 0 0 1 0 1 1 0 1 0 1 0 0 
1 1 1 0 0 1 0 0 0 1 1 0 1 0 1 0 1 1 1 1 0 1 0 0 0 1 0 1 0 1 1 0 0 0 1 0 0 0 0 0 1 1 1 0 0 1 1 0 1 1 0 0 0 0 0 1 1 0 1 1 0 0 1 1 0 1 0 0 1 1 0 0 1 0 0 0 0 0 1 0 0 1 0 1 0 1 1 1 1 0 1 0 1 0 0 0 1 0 1 1 0 0 1 1 1 1 1 1 1 1 0 0 0 1 0 
0 0 0 0 1 1 1 0 0 0 1 0 0 1 0 0 0 0 1 0 1 0 0 0 1 0 1 0 0 1 1 1 1 1 0 0 0 1 0 0 1 1 1 1 0 1 1 0 0 1 1 1 1 0 0 0 0 1 1 1 1 1 1 1 0 1 0 0 0 0 1 1 1 0 1 0 0 1 0 0 1 1 0 1 1 1 1 0 1 0 1 1 0 0 0 1 1 0 0 1 0 0 0 1 0 0 1 0 1 0 0 0 0 0 0 
1 1 0 0 0 0 0 0 0 1 0 0 1 1 0 0 0 0 0 1 1 1 0 1 0 0 0 0 1 1 0 0 1 0 0 0 1 1 0 1 1 0 1 0 1 1 0 1 1 0 1 1 1 0 0 1 0 0 1 1 0 0 1 0 0 1 1 0 1 0 1 1 1 0 0 0 0 0 1 0 1 0 0 0 1 1 1 0 0 0 0 0 0 0 0 1 0 1 0 1 1 0 0 1 0 1 0 1 1 0 0 0 1 1 1 
1 1 1 0 0 1 1 1 1 1 0 1 1 0 1 1 1 0 0 0 0 1 1 0 1 1 0 1 1 0 0 0 1 1 0 0 1 1 1 1 1 0 1 0 1 1 1 0 0 0 0 1 0 1 0 1 0 0 1 1 1 1 1 0 0 0 1 0 0 0 0 0 0 0 1 1 0 0 0 1 1 0 0 0 0 1 0 1 1 0 0 0 0 0 1 0 1 1 0 0 1 1 1 0 1 0 0 1 0 1 1 0 0 1 1 
1 0 0 1 0 1 0 1 1 0 1 1 1 0 1 0 0 1 0 1 0 0 0 0 0 0 0 0 0 1 0 1 0 0 1 1 0 0 1 0 0 1 0 0 1 0 0 0 0 0 1 1 1 1 0 0 0 0 0 0 0 0 1 0 0 0 0 0 0 0 0 1 1 1 0 1 0 1 0 0 0 1 0 0 1 1 0 1 1 0 0 0 0 1 1 1 0 0 1 0 1 0 0 1 0 0 0 0 0 1 1 1 1 1 0 
1 1 1 1 1 1 1 1 1 0 0 0 1 1 0 0 0 0 0 1 1 1 0 1 1 0 0 0 0 0 1 1 0 0 1 1 0 0 1 1 0 0 0 1 0 0 0 1 1 0 1 0 1 1 1 0 1 0 0 0 0 0 0 0 1 1 1 0 1 1 0 1 0 0 1 1 0 0 0 0 1 0 1 1 0 0 0 1 1 1 1 0 1 1 1 1 1 0 1 1 1 0 1 0 0 0 1 1 1 0 1 0 0 0 1 
0 1 0 1 1 0 0 1 0 1 0 0 0 1 0 0 1 0 0 1 1 0 0 0 0 0 1 0 1 0 1 0 0 0 1 0 1 0 1 0 1 1 1 0 0 0 1 1 1 1 1 1 0 1 1 0 0 0 0 1 1 0 0 1 0 0 0 1 0 0 1 1 0 1 0 1 1 0 0 0 0 0 0 1 1 1 0 1 0 1 1 0 1 0 0 1 0 1 0 0 1 1 0 0 0 1 0 1 1 1 1 0 1 0 0 
1 1 1 0 0 0 1 1 0 1 0 0 1 1 0 1 0 1 1 1 1 0 0 0 1 0 0 1 1 0 0 0 0 1 1 0 0 0 1 0 0 0 1 1 0 1 0 1 0 1 0 0 0 0 1 1 1 1 1 1 0 0 0 1 1 0 1 0 1 0 0 1 1 0 1 1 0 1 0 0 0 1 0 0 1 1 0 0 0 0 1 1 1 1 1 1 1 1 0 1 1 0 1 1 0 1 1 0 1 0 1 0 0 0 1 
1 1 0 0 1 1 0 1 0 0 0 1 1 1 0 0 1 1 0 1 0 0 0 1 0 1 1 1 1 1 1 0 0 1 1 0 1 0 0 1 0 0 0 1 0 1 0 1 0 1 1 0 1 1 0 1 0 1 0 0 0 0 1 0 0 0 1 1 1 1 0 0 1 1 0 0 1 0 1 1 0 1 0 0 0 0 0 1 1 0 1 0 0 0 1 0 1 0 0 1 1 1 1 0 0 1 1 1 0 0 0 1 0 1 1 
0 1 0 0 1 0 0 0 0 0 1 0 0 0 0 1 0 1 0 0 0 0 0 0 1 1 1 0 1 0 0 0 0 0 1 0 1 0 1 0 0 1 1 0 1 1 0 1 0 0 0 0 0 1 0 0 0 1 1 0 0 0 1 1 0 0 1 0 1 0 0 1 1 1 0 1 0 1 1 0 0 1 1 1 1 1 0 0 1 0 0 1 0 0 1 0 1 1 1 0 1 0 0 1 1 0 1 0 0 0 0 1 1 1 1 
1 0 0 0 0 1 1 0 1 0 0 0 1 1 1 1 1 0 1 1 0 0 0 0 0 0 1 1 1 0 0 0 0 1 0 1 0 1 1 0 0 0 1 0 0 0 1 1 1 0 1 1 0 0 0 1 0 1 1 1 0 0 1 1 0 0 0 1 0 1 1 0 0 1 0 0 0 0 0 1 1 1 1 0 0 0 0 1 1 1 0 1 1 0 1 0 0 0 1 1 0 0 0 1 1 1 1 1 0 0 0 0 0 0 0 
0 0 0 1 1 0 0 0 0 1 0 0 0 1 0 0 0 1 1 0 0 0 0 0 0 0 1 0 0 1 0 1 0 1 1 0 0 0 1 0 0 0 0 0 1 1 1 0 1 0 0 1 1 0 1 1 0 1 1 1 0 0 0 1 1 0 0 0 0 1 1 1 0 1 0 0 1 1 1 0 0 1 1 1 1 0 0 0 0 0 0 1 1 0 0 0 0 0 1 0 0 0 0 0 1 0 0 0 1 1 0 0 1 0 1 
1 1 1 1 1 0 0 1 0 1 0 1 1 1 0 0 1 0 0 1 0 0 0 0 0 0 1 0 0 0 0 1 0 0 1 0 1 1 1 0 0 1 1 1 0 1 0 0 0 0 0 0 1 1 1 1 0 1 0 0 0 0 0 0 0 1 0 1 1 0 1 1 1 0 0 0 0 0 0 1 0 1 1 0 1 0 1 1 1 0 1 0 0 1 0 0 1 1 1 1 0 0 1 0 1 0 1 0 0 1 0 1 0 1 1 
1 0 0 1 0 1 1 1 0 0 1 0 1 1 0 1 0 1 1 0 0 1 0 1 0 0 1 1 0 1 1 1 1 1 1 0 1 1 0 1 0 0 1 1 1 1 1 1 1 0 0 1 1 0 1 0 1 0 0 0 1 0 0 0 0 0 0 1 0 0 1 1 0 1 0 0 1 1 1 0 1 0 0 0 1 0 0 1 1 0 0 1 0 0 0 1 1 1 1 0 1 0 1 1 1 0 0 0 1 1 0 0 1 0 0 
1 1 0 0 1 1 0 0 0 0 0 0 1 0 1 1 0 1 0 0 0 1 1 0 1 0 0 0 0 0 1 1 0 0 0 1 0 1 0 0 0 1 0 1 1 1 1 1 0 0 0 1 1 0 0 1 0 0 0 1 1 1 1 0 1 0 1 1 1 0 0 0 0 1 1 0 1 0 1 0 0 1 0 0 0 1 0 0 1 0 1 0 1 1 0 0 0 0 0 0 0 0 1 1 0 1 0 1 1 1 0 1 1 0 0 

103 98 32 87 114 53 104 80 83 3 61 65 23 49 12 51 21 94 75 47 67 27 35 24 30 8 36 88 113 19 102 22 63 45 86 81 56 31 41 109 79 78 90 6 57 26 107 0 33 68 48 71 39 18 34 99 37 73 11 5 97 20 66 29 59 52 14 72 85 111 13 46 77 62 10 42 9 44 105 2 92 54 74 76 16 70 50 7 43 40 25 93 112 84 1 100 101 69 108 106 89 4 64 58 17 15 96 60 110 28 91 55 38 95 82 
0 47
1 94
2 79
3 9
4 101
5 59
6 43
7 87
8 25
9 76
10 74
11 58
12 14
13 70
14 66
15 105
16 84
17 104
18 53
19 29
20 61
21 16
22 31
23 12
24 23
25 90
26 45
27 21
28 109
29 63
30 24
31 37
32 2
33 48
34 54
35 22
36 26
37 56
38 112
39 52
40 89
41 38
42 75
43 88
44 77
45 33
46 71
47 19
48 50
49 13
50 86
51 15
52 65
53 5
54 81
55 111
56 36
57 44
58 103
59 64
60 107
61 10
62 73
63 32
64 102
65 11
66 62
67 20
68 49
69 97
70 85
71 51
72 67
73 57
74 82
75 18
76 83
77 72
78 41
79 40
80 7
81 35
82 114
83 8
84 93
85 68
86 34
87 3
88 27
89 100
90 42
91 110
92 80
93 91
94 17
95 113
96 106
97 60
98 1
99 55
100 95
101 96
102 30
103 0
104 6
105 78
106 99
107 46
108 98
109 39
110 108
111 69
112 92
113 28
114 4
SIMILAR
1 0
1 0
16 0
