214
0 1 0 0 0 1 1 1 0 1 0 0 0 1 1 0 1 1 1 1 1 1 1 0 1 1 0 1 0 1 1 1 0 0 1 0 0 1 1 1 0 1 1 0 1 1 0 0 1 0 0 0 0 0 1 0 0 0 0 1 1 1 0 0 0 0 0 0 1 0 0 0 1 0 1 0 1 0 1 1 0 1 1 1 1 1 1 1 0 1 0 1 1 0 0 0 0 1 0 1 0 0 1 0 1 0 1 0 0 0 1 0 0 0 1 0 1 1 0 1 1 1 1 0 1 1 1 0 0 0 1 0 0 0 0 0 0 1 1 1 1 0 0 1 1 1 1 0 1 1 1 0 0 1 0 0 0 0 1 1 0 0 0 0 0 1 0 0 0 1 0 0 0 0 0 0 1 0 0 0 1 0 0 0 1 0 1 0 1 1 0 1 0 0 0 1 1 0 1 1 1 1 1 1 0 0 0 0 0 0 0 1 0 1 
1 0 1 1 1 0 0 1 1 0 1 0 0 1 1 0 0 1 1 1 0 0 0 1 1 0 1 1 0 1 1 0 0 0 0 0 0 0 0 1 0 1 1 0 0 0 0 0 0 1 1 0 1 0 1 0 0 0 1 0 1 0 0 1 1 0 0 1 0 1 0 1 0 1 0 1 1 0 1 1 1 0 0 0 1 1 1 1 1 1 0 1 0 0 0 0 0 1 0 1 0 0 1 0 0 0 0 0 1 1 0 0 0 1 0 1 0 0 1 1 1 1 1 0 0 0 1 0 0 1 0 0 0 0 1 0 1 0 0 1 1 0 1 0 1 1 1 0 1 1 1 1 1 0 0 1 1 1 1 0 0 0 0 0 1 0 0 0 0 1 1 0 1 0 0 0 1 0 0 0 0 1 0 0 0 0 1 0 0 1 1 1 1 0 1 0 0 0 1 1 1 1 1 0 1 0 1 0 0 1 1 1 0 1 
0 1 0 1 0 1 1 1 0 0 1 0 0 0 0 0 0 1 1 1 1 1 0 0 1 0 1 1 0 1 1 1 1 0 1 0 1 1 0 1 1 1 0 0 1 0 0 1 0 1 0 0 1 1 1 0 1 0 1 1 1 0 0 0 0 0 0 1 0 1 1 1 0 0 1 0 1 0 0 0 0 1 0 1 0 0 0 0 1 0 1 0 1 0 0 0 0 0 1 1 0 1 1 1 1 1 1 1 1 1 0 0 1 1 0 1 0 0 1 1 0 1 0 0 0 1 1 0 0 0 1 1 0 1 1 0 0 0 0 1 1 0 0 1 1 1 0 1 0 0 0 1 1 1 1 1 0 0 1 0 0 0 1 1 1 0 0 0 0 1 1 0 1 0 1 1 0 1 1 0 1 0 1 0 0 1 1 1 0 0 1 1 1 0 0 0 1 0 0 1 1 0 1 1 0 1 1 1 1 1 0 1 1 1 
0 1 1 0 1 1 0 0 0 1 1 0 1 0 1 0 0 0 1 1 0 0 1 1 1 1 0 0 0 0 0 0 0 1 1 0 0 1 0 0 1 0 0 1 1 1 0 1 0 1 0 0 0 0 0 0 0 0 1 1 0 0 1 1 0 1 0 0 0 0 0 1 1 1 1 0 1 0 1 0 1 1 0 1 1 1 1 1 0 1 1 1 1 1 0 0 0 1 1 0 1 0 1 1 1 0 1 0 0 1 1 1 0 0 0 1 0 1 0 0 0 1 0 0 0 0 0 0 1 1 0 0 1 1 0 0 0 1 1 0 0 1 1 1 0 0 1 1 1 1 1 1 1 0 0 1 1 1 0 0 0 1 0 1 0 0 0 1 1 0 1 1 0 0 0 1 1 1 1 0 1 0 1 0 0 0 1 1 0 0 0 0 0 0 0 1 1 0 1 1 0 1 0 1 1 0 1 1 0 1 1 1 1 0 
0 1 0 1 0 0 1 0 0 1 1 1 0 0 1 0 1 0 1 0 1 1 0 0 0 1 1 0 1 1 0 0 0 0 1 1 1 0 0 0 1 0 0 0 0 0 1 0 1 1 0 1 1 0 1 0 0 0 1 0 1 1 0 0 1 0 1 1 1 0 0 0 1 0 1 1 0 0 0 1 0 0 1 1 1 1 1 0 1 0 0 1 0 0 1 1 0 0 0 0 1 0 1 1 0 1 1 1 0 0 1 0 0 1 0 1 1 1 0 0 0 0 0 0 1 0 1 0 0 1 1 1 0 0 0 0 1 0 1 0 1 1 0 0 1 1 0 1 1 1 1 1 0 1 0 1 0 1 1 1 0 1 1 0 0 1 1 0 1 1 0 0 0 0 0 0 1 1 0 0 0 1 0 1 1 1 0 0 1 1 1 1 0 1 1 0 1 1 1 0 1 0 1 0 0 1 1 1 0 1 1 0 1 0 
1 0 1 1 0 0 1 1 0 0 0 1 1 0 0 1 0 0 0 1 1 0 0 0 1 0 1 1 0 0 1 1 1 0 0 1 0 1 0 0 0 0 1 1 1 0 0 0 1 0 1 0 1 0 0 1 1 0 0 1 1 1 0 1 0 1 0 0 1 0 0 0 1 0 1 0 1 1 0 1 0 0 0 1 0 0 1 0 0 0 1 1 1 1 0 0 0 1 1 1 1 1 1 0 1 0 0 0 1 0 0 0 1 1 0 1 0 1 0 0 1 1 0 1 0 0 0 1 0 0 1 1 0 0 0 0 1 0 1 1 1 1 1 0 1 1 1 1 0 0 0 0 1 0 0 1 0 0 0 1 0 1 0 1 1 1 1 1 0 1 1 1 0 0 1 0 1 1 0 1 0 1 1 1 0 0 1 1 1 0 1 0 1 1 0 0 1 1 1 1 0 0 0 1 1 0 0 1 1 0 1 1 0 1 
1 0 1 0 1 1 0 1 1 0 0 0 0 1 0 1 1 1 0 0 1 0 0 0 0 1 0 1 0 0 0 0 0 1 1 1 0 1 1 1 1 0 0 0 0 0 0 0 1 1 0 1 0 0 1 1 1 0 0 0 0 1 1 0 1 0 1 1 0 1 1 0 0 1 0 0 1 1 0 1 1 0 0 0 0 1 0 0 0 0 0 0 0 1 1 0 1 1 0 0 1 1 1 0 1 1 1 1 1 0 1 0 0 1 0 0 1 0 1 1 1 1 0 0 1 0 1 1 1 0 0 1 1 1 0 0 0 0 1 0 0 1 1 0 1 1 0 0 1 1 1 0 1 0 1 1 1 0 0 1 0 0 0 1 0 1 1 1 0 1 0 1 1 1 0 0 0 0 0 0 0 0 0 1 1 0 0 1 1 1 0 1 1 1 1 1 0 0 0 1 1 1 0 0 0 1 1 0 0 0 0 1 1 1 
1 1 1 0 0 1 1 0 0 1 1 1 0 1 0 1 0 1 1 0 0 0 1 1 1 1 1 0 0 1 1 1 0 1 0 1 1 0 0 0 1 0 0 1 0 1 0 0 1 1 1 0 0 1 0 0 0 1 0 1 1 0 0 1 0 0 1 0 1 0 0 1 0 1 1 1 0 1 1 0 0 1 1 1 1 1 1 1 1 1 1 1 0 0 1 1 1 1 0 1 0 1 0 1 1 1 1 0 1 0 1 1 1 1 1 0 1 1 0 1 0 0 0 0 1 0 0 0 1 0 1 1 1 1 1 0 0 0 1 0 0 0 0 1 0 1 1 1 1 0 0 0 1 0 0 0 1 1 1 1 0 1 1 1 1 1 0 0 0 0 0 0 1 1 1 0 0 1 0 0 1 1 0 1 1 0 1 0 1 1 1 0 0 0 1 1 0 1 1 0 1 1 1 1 1 0 0 0 1 1 0 0 1 0 
0 1 0 0 0 0 1 0 0 0 0 0 0 0 1 1 1 0 1 0 0 0 1 1 1 1 0 1 1 0 1 1 0 1 0 1 1 0 0 1 0 1 1 1 0 0 1 1 1 0 1 1 0 1 0 1 1 0 0 1 0 0 0 1 0 0 0 0 0 1 1 0 0 1 1 0 0 1 1 0 0 0 1 1 0 0 1 0 1 0 1 1 0 0 1 0 1 0 0 0 1 0 1 1 1 0 1 1 0 0 0 0 0 0 1 1 1 0 0 1 0 1 0 1 1 0 1 1 1 1 1 1 0 0 0 1 1 1 1 0 1 0 0 1 0 1 1 0 0 0 0 1 0 0 1 0 1 0 0 0 1 0 0 1 0 0 1 0 1 0 1 1 1 0 1 0 1 1 1 1 1 1 1 1 1 1 0 0 0 1 1 0 1 0 1 1 1 0 1 1 1 1 0 1 1 1 0 0 0 0 0 0 1 0 
1 0 0 1 1 0 0 1 0 0 0 0 0 0 0 1 0 1 1 0 0 0 0 0 0 1 1 1 0 0 0 1 1 1 0 1 0 0 1 1 0 1 0 0 1 1 0 1 0 1 0 0 1 1 0 1 1 0 1 0 1 1 1 1 1 1 1 0 0 0 0 0 0 1 1 1 1 0 0 1 0 0 0 1 1 1 1 1 1 1 1 1 1 0 0 1 1 1 1 1 1 0 1 0 0 1 0 0 0 0 0 1 1 0 0 0 0 1 1 0 0 1 1 1 1 1 0 1 0 1 1 1 0 1 1 0 0 0 1 0 1 1 1 1 1 0 1 1 1 1 1 0 0 0 0 0 1 1 1 1 0 1 0 1 0 1 0 1 1 1 0 0 0 1 1 0 1 1 1 1 1 1 0 1 1 1 0 1 1 0 1 0 0 1 1 1 0 0 0 1 1 1 0 1 0 0 0 0 1 0 0 1 1 1 
0 1 1 1 1 0 0 1 0 0 0 0 1 1 0 1 1 0 0 1 0 1 0 0 0 1 1 1 1 0 1 0 1 0 0 1 1 1 0 1 0 0 0 1 0 0 1 1 1 0 0 1 0 1 0 1 1 1 0 1 0 0 1 1 1 1 1 1 0 1 0 1 0 1 0 0 0 0 1 1 1 1 0 1 0 0 0 1 1 1 1 1 0 1 0 1 0 0 1 0 1 1 1 0 1 1 1 1 0 1 0 1 1 0 1 0 0 0 1 1 0 1 0 0 1 1 1 0 0 0 1 0 0 1 1 1 1 1 1 1 0 1 1 0 1 1 0 1 1 1 0 0 1 0 1 1 1 1 0 1 1 0 1 0 0 1 1 1 1 0 0 0 0 0 0 0 0 1 1 0 1 1 1 0 1 0 0 1 0 1 0 1 0 1 1 0 1 1 0 0 1 1 1 0 1 1 1 0 0 0 0 1 0 0 
0 0 0 0 1 1 0 1 0 0 0 0 1 1 0 0 1 0 1 0 0 1 1 0 0 0 1 1 1 1 1 1 0 0 0 0 1 1 1 0 0 1 0 0 0 0 1 0 1 0 0 0 1 1 0 0 1 1 1 1 0 0 0 1 0 0 0 0 0 1 0 0 1 0 1 1 0 0 1 0 0 0 0 1 0 1 1 0 0 0 1 1 0 1 1 0 0 1 1 1 1 1 0 0 0 1 0 0 1 1 0 1 0 0 1 0 0 0 0 0 0 1 1 1 1 0 1 0 1 0 0 0 0 1 0 0 0 0 0 0 0 1 1 0 0 0 1 1 0 1 1 1 1 0 0 1 1 1 1 0 0 1 0 1 0 1 0 1 0 1 1 1 1 1 1 0 1 1 1 1 0 0 0 1 0 0 0 0 0 0 1 0 1 0 1 1 0 0 1 0 1 1 1 0 0 0 0 0 1 0 1 1 1 1 
0 0 0 1 0 1 0 0 0 0 1 1 0 1 1 1 1 1 0 1 0 0 1 1 1 0 1 0 1 0 0 1 1 0 1 0 0 1 1 1 1 1 1 0 1 0 1 1 0 1 0 0 0 1 1 0 1 0 1 1 1 1 0 1 1 0 1 0 0 1 0 1 0 1 1 0 1 1 0 1 1 0 1 0 1 0 1 0 1 0 1 0 0 1 0 1 1 0 0 0 1 1 1 1 1 0 1 0 1 0 0 1 0 1 1 1 1 1 0 0 1 0 1 0 0 1 1 1 0 0 1 0 1 1 0 0 1 0 1 0 0 0 1 1 0 1 1 1 0 1 1 1 1 0 1 0 1 0 1 1 0 0 0 0 0 0 0 0 1 1 1 1 1 1 0 0 0 0 0 1 0 0 0 1 0 1 1 1 1 0 1 1 0 1 1 1 1 1 1 0 1 0 1 0 0 1 0 0 0 0 0 1 0 0 
1 1 0 0 0 0 1 1 0 0 1 1 1 0 1 1 0 1 1 0 0 0 0 0 0 1 0 0 1 0 0 1 1 1 1 0 1 1 0 0 0 1 1 0 1 1 1 1 1 0 1 1 1 0 0 0 0 1 1 1 0 0 1 0 0 0 1 0 1 0 1 0 1 1 1 0 0 1 1 1 0 0 1 1 0 1 0 1 1 1 0 0 1 0 1 0 1 1 0 0 1 0 0 0 1 1 0 0 1 0 1 0 0 1 0 1 0 0 0 1 0 1 1 0 1 0 0 1 0 1 1 1 1 0 0 0 0 0 0 1 0 0 1 0 1 1 1 1 0 1 0 1 1 0 0 1 0 1 1 0 1 1 0 0 0 1 1 1 1 1 1 1 1 1 0 1 1 0 0 0 0 0 1 1 0 0 1 0 0 0 1 1 0 0 0 0 1 0 1 0 1 0 0 1 0 1 1 1 1 1 0 0 1 1 
1 1 0 1 1 0 0 0 1 0 0 0 1 1 0 0 0 0 1 0 0 0 1 1 0 0 0 1 0 0 0 1 1 0 1 0 0 1 0 1 0 1 1 1 1 1 0 0 1 1 1 0 1 1 1 1 1 0 1 1 0 1 1 1 0 0 0 1 1 1 0 0 0 0 1 1 1 0 1 0 1 1 0 1 0 1 1 1 1 0 1 1 1 1 1 0 1 0 0 0 1 0 1 1 1 1 0 0 0 0 0 1 1 1 1 0 0 0 1 1 0 0 1 1 0 1 1 0 0 1 0 1 1 1 1 0 0 1 0 1 1 1 1 0 1 0 1 1 0 1 0 1 1 1 0 0 0 1 0 0 0 0 1 1 1 1 0 0 1 1 1 0 0 1 0 0 0 0 1 1 1 1 1 0 1 1 1 0 0 0 1 0 1 0 1 0 0 0 1 1 0 0 1 0 0 1 1 0 0 1 1 0 0 1 
0 0 0 0 0 1 1 1 1 1 1 0 1 1 0 0 0 1 1 0 0 1 1 0 1 1 1 0 0 1 1 1 0 0 0 0 0 1 0 0 0 1 1 0 1 0 0 1 0 1 0 1 1 1 0 0 0 0 0 0 0 0 1 1 1 0 1 1 0 1 1 0 1 0 1 1 1 1 1 1 0 1 0 1 0 0 1 1 1 0 0 0 0 1 1 0 1 0 0 1 1 0 0 1 1 1 1 0 0 0 0 0 1 0 0 0 1 0 1 1 1 0 0 0 0 0 1 0 1 1 0 1 0 1 1 1 0 1 1 0 1 0 0 1 0 0 0 0 1 1 1 1 0 1 0 0 0 1 0 0 0 0 1 0 1 0 1 0 0 0 1 0 1 1 1 1 1 0 0 0 1 0 1 1 0 0 0 0 1 0 1 1 0 0 1 1 0 0 1 0 0 1 1 0 0 1 0 0 0 1 1 0 1 1 
1 0 0 0 1 0 1 0 1 0 1 1 1 0 0 0 0 0 1 0 0 0 0 1 1 1 1 0 0 1 1 0 1 0 0 1 0 1 0 0 0 1 0 0 0 1 1 1 1 1 0 0 0 0 1 0 0 1 0 1 1 1 1 0 1 1 1 0 0 0 1 1 0 0 0 0 1 1 0 1 0 1 1 0 1 1 1 0 1 0 1 1 1 1 0 1 0 0 1 1 0 1 1 0 0 0 1 1 1 0 1 1 0 1 0 0 0 1 0 0 0 0 1 1 0 1 1 1 1 0 0 0 1 0 1 1 1 0 1 0 0 0 0 0 0 0 0 0 1 0 1 0 1 0 0 0 1 1 1 1 0 1 0 1 0 0 0 0 1 0 0 1 1 1 1 0 0 1 0 0 1 0 1 0 1 1 1 1 0 1 1 0 0 1 1 1 0 1 1 0 1 1 1 0 1 0 1 1 1 0 0 0 0 1 
1 1 1 0 0 0 1 1 0 1 0 0 1 1 0 1 0 0 0 1 0 0 1 0 1 1 1 0 0 0 1 0 0 0 1 1 1 0 1 0 1 1 0 0 0 0 1 0 1 1 0 1 1 0 0 1 0 0 0 0 0 0 1 1 1 1 1 1 0 0 0 0 0 0 0 1 1 0 1 0 0 1 1 1 0 1 0 1 0 0 0 1 0 0 1 0 0 1 0 0 0 0 1 1 0 1 1 1 0 1 0 0 0 1 0 1 0 0 0 1 1 1 1 0 0 0 0 0 0 1 1 1 0 1 1 0 1 0 1 0 1 0 0 0 0 1 0 1 1 0 1 0 1 0 0 1 0 1 1 0 0 0 1 1 0 1 0 1 0 1 0 0 0 1 1 0 1 1 1 1 1 0 1 1 1 0 1 0 0 0 0 0 0 1 0 0 0 1 0 1 1 1 1 1 1 1 1 1 1 1 1 1 0 1 
1 1 1 1 1 0 0 1 1 1 0 1 0 1 1 1 1 0 0 1 0 0 1 1 0 0 1 0 1 1 0 1 0 0 1 0 1 0 0 0 1 0 1 1 0 0 0 1 0 1 1 0 0 1 0 1 1 0 1 0 0 1 0 0 1 0 1 1 1 0 0 1 1 1 0 0 1 1 0 0 1 1 1 0 0 1 1 1 1 0 1 0 0 1 1 1 1 0 1 1 0 1 1 1 0 0 1 0 1 1 1 1 0 0 0 1 0 1 1 1 0 1 0 0 1 1 1 1 0 0 1 1 1 0 1 0 0 0 0 1 0 0 1 1 1 0 1 0 1 0 0 1 0 0 1 1 0 0 0 1 1 0 1 0 0 0 1 0 0 0 0 1 1 0 0 1 0 0 1 0 0 1 1 0 0 1 1 0 0 0 0 1 1 0 0 0 0 0 1 1 1 0 0 0 1 0 0 1 1 1 0 1 1 1 
1 1 1 1 0 1 0 0 0 0 1 0 1 0 0 0 0 1 1 0 1 1 1 1 1 1 1 1 0 1 0 0 1 1 0 0 1 1 0 1 1 0 1 1 0 0 1 1 1 0 1 0 0 0 1 1 1 0 0 0 0 0 0 0 0 0 0 0 1 0 1 1 0 0 0 0 0 0 0 1 0 0 1 1 0 1 0 1 0 0 0 1 0 0 1 0 1 0 1 1 1 1 0 0 1 1 0 1 0 1 1 0 1 1 1 0 0 0 0 0 1 0 1 0 0 0 1 1 1 1 0 0 1 0 1 1 1 1 1 1 1 1 0 0 0 1 0 0 1 0 1 0 1 0 0 0 0 0 1 1 0 1 1 0 0 1 1 0 1 0 0 0 0 1 1 0 1 1 1 1 1 0 0 1 0 1 0 0 1 0 0 1 1 1 1 0 0 0 1 0 0 1 0 1 1 0 1 0 1 0 1 0 1 0 
1 0 1 0 1 1 1 0 0 0 0 0 0 0 0 0 0 0 0 1 0 0 1 1 0 1 0 1 1 0 1 1 0 1 0 1 0 0 1 1 1 0 0 1 0 1 1 0 0 0 1 1 0 1 0 0 1 0 1 0 1 1 0 0 1 0 0 1 0 0 1 1 1 1 0 0 0 0 1 1 1 0 0 0 1 1 0 1 0 0 1 0 1 1 0 1 0 0 1 0 0 0 0 1 1 1 0 0 0 1 1 1 0 1 0 0 0 0 1 0 0 1 1 1 1 0 1 0 1 1 0 1 1 1 0 1 1 1 1 0 0 1 1 0 0 0 1 0 1 0 1 0 0 0 0 1 1 1 1 1 1 1 0 0 1 1 1 0 0 1 0 0 1 1 1 1 0 1 1 1 0 0 0 1 1 0 1 1 1 0 0 1 1 1 1 1 0 0 1 1 1 0 0 1 1 0 1 0 0 0 1 1 1 0 
1 0 1 0 1 0 0 0 0 0 1 1 0 0 0 1 0 0 0 1 0 0 0 0 1 0 0 1 1 1 0 1 0 1 0 0 1 0 1 0 0 1 0 0 1 1 1 1 0 0 0 0 1 0 1 1 0 0 0 1 0 1 1 1 0 1 1 1 0 1 1 0 1 0 1 0 1 0 1 1 1 0 0 1 1 1 1 1 1 0 0 0 1 0 1 0 1 0 1 1 0 0 0 0 1 1 0 0 1 1 1 1 0 1 1 0 1 1 1 1 0 0 1 1 1 0 0 1 0 1 0 0 0 1 0 1 1 0 0 0 1 0 1 1 1 0 0 1 1 0 1 1 0 1 1 0 1 0 0 1 0 1 1 1 1 1 1 0 0 1 0 1 1 1 1 0 0 1 1 0 0 1 0 0 0 1 0 0 1 0 1 1 1 1 1 1 0 0 0 0 0 1 0 1 0 0 0 1 1 0 0 1 0 0 
1 0 0 1 0 0 0 1 1 0 0 1 1 0 1 1 0 1 1 1 1 0 0 0 1 0 0 1 1 1 0 0 0 1 1 1 1 0 0 1 0 1 1 1 0 1 1 0 1 0 0 0 0 1 1 0 1 1 1 0 1 0 1 0 0 1 1 0 0 1 0 1 0 0 0 1 0 1 1 0 1 1 0 1 1 1 1 0 1 0 1 1 1 0 1 1 0 0 0 1 0 1 0 1 1 0 1 1 0 0 0 0 0 1 1 0 1 0 0 0 1 1 1 0 1 1 0 0 1 0 0 1 0 0 0 1 0 0 0 1 0 1 0 1 0 1 0 1 0 0 0 0 0 0 0 1 0 0 1 1 0 0 1 1 0 0 0 1 0 0 1 0 1 1 0 1 0 0 1 0 0 0 0 1 1 0 0 1 1 1 0 0 0 1 1 0 1 1 0 1 0 0 0 1 0 1 0 1 1 0 1 0 0 0 
0 1 0 1 0 0 0 1 1 0 0 0 1 0 1 0 1 0 1 1 1 0 0 0 0 0 1 0 0 0 0 0 1 1 1 1 1 0 1 1 1 1 0 0 1 1 0 0 0 0 0 1 1 1 1 0 0 0 1 0 0 0 1 1 1 1 0 0 0 0 1 1 0 1 1 1 0 0 0 1 1 0 0 1 1 1 1 0 0 0 0 1 1 0 1 0 0 0 0 1 1 0 0 1 1 1 0 0 1 0 0 1 1 1 1 1 0 1 1 1 1 0 1 1 0 0 0 1 0 1 0 1 0 1 0 1 0 1 0 0 1 0 1 1 0 1 0 0 1 0 1 0 0 0 0 0 1 1 0 0 1 0 1 0 0 1 1 0 1 1 0 0 0 1 1 0 1 0 1 1 0 1 0 1 0 0 0 0 0 1 1 0 0 1 1 1 0 1 1 0 0 0 0 0 0 1 0 0 0 0 0 0 0 1 
1 1 1 1 0 1 0 1 1 0 0 0 1 0 0 1 1 1 0 1 0 1 1 0 0 0 1 1 1 0 1 1 1 1 0 1 0 1 1 0 1 0 1 0 1 1 0 0 0 0 0 1 1 1 1 0 0 0 0 0 0 0 1 0 1 0 1 0 0 1 0 1 1 1 0 0 0 0 0 1 1 0 0 1 1 0 0 0 1 1 0 0 1 1 0 0 0 1 0 0 1 1 0 0 0 0 0 1 0 0 1 0 1 0 0 0 0 0 1 1 0 1 0 1 1 1 0 0 1 0 0 1 0 1 0 1 0 1 0 1 1 0 0 1 1 0 1 0 1 1 0 0 0 0 0 1 0 0 1 1 1 1 1 1 1 1 1 1 1 1 1 0 0 0 0 1 1 0 0 1 1 0 0 1 0 1 1 0 0 0 0 1 1 0 0 1 0 0 1 1 0 0 1 0 1 1 1 1 0 0 1 0 0 0 
1 0 0 1 1 0 1 1 1 1 1 0 0 1 0 1 1 1 0 1 1 0 0 0 0 0 0 1 1 1 1 0 0 1 1 1 0 1 1 1 0 0 0 1 0 1 0 0 1 0 1 1 0 1 0 1 1 1 0 1 1 0 0 0 0 0 1 0 1 1 0 1 1 0 1 0 0 1 0 1 0 0 0 0 0 1 0 0 0 0 0 1 1 1 1 1 1 1 1 1 1 0 0 0 0 1 1 1 1 0 1 0 0 0 0 1 0 0 1 0 1 0 1 0 0 1 1 1 1 1 1 0 1 0 1 0 0 1 1 1 1 0 0 1 1 1 1 1 1 0 1 1 1 0 0 1 1 0 0 1 0 1 1 1 1 1 0 1 1 1 1 0 1 0 1 0 1 0 0 0 0 1 1 0 0 1 0 1 1 1 0 0 0 0 0 0 1 1 0 1 0 0 1 1 1 1 0 1 0 1 1 0 0 1 
0 1 1 0 1 1 0 1 0 1 1 1 1 0 0 1 1 1 1 1 0 0 0 1 1 0 0 0 1 1 0 1 0 1 0 0 1 1 1 1 1 0 0 1 1 0 1 0 1 0 1 0 0 0 1 1 0 0 0 0 0 0 0 1 0 1 0 0 0 1 0 0 1 0 1 1 0 1 1 1 0 0 1 0 0 1 1 1 0 1 1 1 1 1 1 1 1 1 1 1 1 1 0 0 1 1 0 0 1 1 1 1 1 0 0 0 0 1 1 1 0 0 0 1 0 0 0 0 0 1 1 1 0 1 0 0 1 1 1 1 0 0 0 0 0 0 0 0 0 1 0 0 0 0 1 1 0 1 0 0 1 1 1 0 0 0 1 0 0 1 0 0 0 0 0 0 0 1 0 1 0 1 0 0 1 0 1 0 1 0 1 1 0 0 1 1 1 0 0 0 0 1 1 1 0 1 0 0 1 1 1 1 0 0 
1 1 1 0 0 1 1 0 1 1 1 1 0 0 1 0 0 0 0 1 1 1 1 0 1 1 0 0 1 0 0 1 1 0 0 0 0 0 0 1 1 1 1 1 0 1 0 1 1 0 0 1 1 1 1 1 1 0 0 0 1 1 0 0 1 1 1 1 1 0 0 1 1 0 1 0 1 0 1 0 0 1 0 1 0 1 0 0 0 1 1 0 0 1 1 1 0 0 0 0 0 1 1 0 1 0 1 1 0 1 0 1 0 0 0 0 0 0 1 1 0 1 1 0 1 0 0 1 0 0 0 1 0 0 0 1 1 0 1 1 0 1 0 1 1 0 0 0 1 1 1 1 1 0 0 1 0 1 0 0 0 1 1 0 0 0 1 0 0 0 0 1 1 1 1 1 1 1 1 0 0 1 1 1 0 0 1 0 0 1 1 1 0 1 1 0 0 1 1 0 0 0 0 1 1 1 1 0 1 1 0 0 0 0 
0 0 0 0 1 0 0 0 1 0 1 1 1 1 0 0 0 0 1 0 1 1 1 0 1 1 1 1 0 1 0 1 0 0 1 0 0 0 0 1 1 0 1 0 1 1 1 0 1 1 0 1 1 1 1 1 1 1 0 0 1 1 1 0 0 0 0 1 1 0 0 0 1 1 0 0 1 1 0 1 0 0 1 1 0 0 1 1 1 1 1 1 1 0 1 1 1 1 1 0 0 0 0 1 1 0 0 1 0 1 0 0 1 1 0 0 1 1 1 1 1 1 1 1 0 0 0 0 0 1 0 1 0 0 1 0 0 1 1 0 0 0 0 1 0 0 1 1 0 1 1 1 1 0 1 1 0 1 0 0 0 0 1 1 0 0 0 0 0 1 0 1 0 0 0 1 0 1 1 0 1 0 0 0 1 0 1 0 0 1 0 1 0 0 0 1 0 0 0 1 0 0 0 0 1 1 0 0 1 1 1 0 1 1 
1 1 1 0 1 0 0 1 0 0 0 1 0 0 0 1 1 0 1 1 0 1 1 0 0 1 1 0 1 0 0 0 1 1 1 1 1 1 0 1 1 0 1 0 0 1 0 0 1 0 1 0 1 1 1 0 1 1 1 0 1 1 0 1 0 1 1 1 1 0 1 0 0 0 0 1 1 1 1 1 1 0 1 1 0 0 0 1 0 0 1 1 0 0 0 1 0 1 1 0 1 1 0 0 0 1 0 0 0 0 0 0 0 0 0 1 1 0 1 0 0 0 1 0 0 1 1 0 1 0 1 1 0 0 1 0 0 1 0 0 1 1 0 1 0 0 0 0 1 1 0 1 0 0 0 0 1 1 0 0 1 1 1 1 0 0 1 0 0 0 0 0 1 1 0 1 0 1 0 1 0 1 0 1 1 1 0 0 0 0 0 1 1 0 1 1 1 0 0 0 1 1 1 1 1 1 1 1 1 1 1 0 1 0 
1 1 1 0 0 1 0 1 1 0 1 1 0 0 0 1 1 1 0 0 1 0 0 0 1 1 0 0 0 0 0 0 0 0 1 0 0 0 0 1 0 0 0 0 0 0 0 1 0 1 0 1 0 1 1 0 1 1 0 1 0 1 0 1 0 0 0 0 1 0 0 1 1 0 0 0 1 0 1 1 0 0 1 1 1 1 1 1 1 0 0 1 0 0 1 1 0 1 0 1 0 0 0 1 0 0 0 0 0 1 0 1 0 1 0 1 1 0 1 1 1 1 0 0 1 0 1 1 0 1 1 1 0 0 1 0 0 0 1 0 0 1 0 0 1 1 0 0 0 1 0 0 1 0 0 0 1 0 0 1 1 1 0 0 0 1 1 1 1 0 0 1 0 1 1 1 1 0 1 0 0 0 0 1 0 1 0 0 1 1 0 0 1 1 0 0 0 1 0 1 1 1 0 1 1 0 1 1 0 0 1 1 1 1 
1 0 1 0 0 1 0 1 1 1 0 1 1 1 1 1 0 0 1 0 1 1 0 0 1 0 1 1 1 0 0 0 0 0 0 1 1 0 1 1 0 0 0 1 1 1 1 1 1 0 0 0 1 1 0 1 0 0 0 0 1 1 1 1 0 0 1 1 1 0 1 0 0 0 0 0 0 1 0 0 1 0 0 1 1 0 1 0 1 0 1 0 1 0 1 1 1 0 1 1 0 0 1 1 0 1 0 0 0 0 0 0 0 0 1 0 1 0 1 1 0 0 0 0 0 0 1 0 0 1 0 1 1 1 1 1 1 0 1 1 0 0 0 0 1 1 1 0 1 0 1 1 1 0 1 1 0 1 0 0 1 0 1 0 0 1 0 1 0 0 1 1 0 1 0 0 1 0 1 1 1 1 0 1 1 0 0 0 0 1 1 1 1 0 0 1 1 1 0 1 0 0 0 0 0 1 1 1 0 1 1 1 0 1 
0 0 1 0 0 1 0 0 0 1 1 0 1 1 1 0 1 0 0 1 0 0 0 1 1 0 0 1 0 1 0 0 0 1 0 1 1 1 1 1 0 0 0 1 0 1 0 1 1 0 1 1 1 0 0 0 0 0 1 1 1 1 1 0 0 1 0 0 1 0 0 0 1 0 0 0 1 0 1 0 0 1 0 0 0 1 0 1 0 0 1 1 1 1 0 1 1 0 1 0 1 0 0 1 0 1 0 0 0 1 1 0 0 0 1 0 0 0 0 1 0 0 0 1 0 1 0 1 1 1 0 0 0 1 1 0 0 1 0 0 0 1 0 1 0 0 0 1 1 1 0 0 0 0 0 0 0 0 1 0 0 1 0 1 1 1 1 0 1 0 0 1 0 0 0 0 0 1 1 0 1 0 0 1 1 1 0 0 1 0 1 1 0 0 1 1 1 0 1 1 0 0 1 1 0 0 0 0 0 0 0 0 1 1 
0 0 0 1 0 0 1 1 1 1 0 0 0 1 0 0 0 0 0 1 1 1 1 1 1 1 1 0 0 1 0 0 1 0 1 0 1 0 0 1 0 1 1 1 1 1 1 1 1 0 0 1 1 0 0 1 1 1 0 0 0 0 1 1 1 0 0 1 1 0 0 0 0 1 0 0 0 0 1 0 0 0 0 1 1 0 1 0 1 1 0 0 0 0 0 0 1 0 1 1 1 0 1 0 0 0 0 0 1 0 0 1 1 0 1 1 1 1 0 0 1 0 0 0 1 1 0 0 0 1 1 0 0 0 0 0 1 1 1 1 1 1 0 0 1 0 0 1 1 0 0 0 1 1 0 0 1 1 0 1 0 1 0 0 1 1 0 1 1 0 0 1 0 1 0 0 1 0 1 1 1 0 0 1 0 0 0 1 1 1 1 0 0 0 0 0 0 0 1 1 0 0 0 1 1 1 1 1 0 0 1 1 1 0 
1 0 1 1 1 0 1 0 0 0 0 0 1 1 1 0 0 1 1 0 0 0 1 1 0 1 0 0 1 1 1 0 0 1 0 0 1 1 1 1 0 0 0 1 0 1 0 0 0 1 0 1 0 1 0 1 1 0 1 1 0 1 0 0 0 1 0 1 1 1 0 1 0 0 1 0 0 0 0 1 0 0 0 0 1 1 1 1 1 1 0 0 0 1 0 0 1 1 1 0 0 1 1 0 1 1 1 0 0 0 0 1 0 1 1 0 0 1 1 0 0 0 0 1 1 0 1 0 0 1 0 1 1 0 1 1 1 1 0 0 1 0 0 0 1 1 0 1 1 1 1 1 0 1 0 1 1 1 1 1 1 1 0 0 0 1 0 0 0 0 1 1 0 1 0 1 0 1 1 0 0 0 1 1 0 0 1 0 0 0 0 1 0 1 0 0 0 1 0 1 0 0 1 0 1 0 0 0 0 1 1 1 0 0 
0 0 0 0 1 1 1 1 1 1 1 0 0 0 0 0 1 1 0 0 1 0 1 1 1 1 0 0 0 1 0 1 1 0 0 0 1 0 0 1 1 1 0 0 1 0 1 0 0 0 0 1 1 0 0 1 1 1 1 0 0 1 1 0 1 1 0 0 1 0 0 0 1 1 1 1 1 1 1 1 1 0 0 0 1 1 0 1 0 0 1 0 0 1 0 1 1 1 1 0 0 0 1 1 0 0 1 0 0 0 1 0 0 1 1 1 0 0 0 0 0 1 1 1 1 1 0 0 0 1 1 1 0 0 0 0 1 0 0 0 1 0 0 0 0 0 1 1 1 1 1 0 0 0 0 1 1 1 1 0 0 0 1 0 0 0 0 1 1 0 0 0 0 1 0 1 0 1 1 1 0 0 1 1 1 1 1 1 0 1 1 1 1 0 0 0 0 1 0 0 0 1 1 1 0 1 1 0 0 0 0 1 1 1 
0 0 1 0 1 0 0 1 1 0 1 1 0 1 0 0 0 1 1 1 0 1 1 1 0 0 1 0 0 1 0 1 1 1 1 1 0 1 0 0 1 0 1 1 1 0 0 0 1 0 0 0 0 1 0 1 1 1 0 1 1 1 1 1 0 1 0 1 0 1 1 0 1 0 0 0 0 0 1 0 1 0 1 1 1 0 1 1 0 0 0 0 1 1 1 1 0 1 0 1 1 1 1 0 1 0 0 1 1 0 1 1 0 1 0 0 0 1 0 1 1 1 0 0 0 0 0 0 0 0 1 1 1 0 0 1 1 1 0 0 0 1 0 0 0 1 0 1 0 0 0 0 1 0 1 1 1 1 0 0 1 1 0 0 0 0 1 1 0 1 0 1 1 1 0 0 0 1 0 1 0 0 1 1 1 1 0 1 0 0 1 1 0 0 1 0 0 1 0 1 1 0 0 0 1 1 1 0 1 0 0 0 0 1 
1 0 1 1 0 1 1 0 0 0 1 1 1 1 1 1 1 0 0 1 0 0 0 0 1 1 1 0 0 1 0 0 1 0 1 0 1 0 0 1 1 1 0 1 1 1 1 0 1 0 0 1 0 1 1 0 1 0 1 1 1 0 1 1 1 0 1 1 0 0 0 0 1 1 1 1 0 0 0 1 0 0 0 0 1 0 0 0 0 0 1 1 1 1 0 0 0 0 1 0 1 1 1 1 0 1 0 1 0 1 0 1 0 0 0 1 1 1 1 0 0 0 0 0 1 0 0 1 0 1 1 0 1 0 1 1 1 0 1 1 0 1 1 1 0 1 1 1 0 1 0 0 0 0 1 0 1 1 1 1 1 0 1 0 0 0 0 0 1 1 1 1 0 1 1 1 0 0 0 1 1 0 1 0 1 1 1 1 0 0 0 1 1 0 0 0 1 1 0 1 0 1 0 1 0 1 1 0 0 0 0 0 0 0 
1 0 0 0 0 0 1 0 0 1 0 1 1 0 0 0 0 1 0 0 1 1 0 1 1 1 1 0 0 0 0 1 1 0 1 0 0 0 0 0 0 1 0 0 1 1 0 1 0 1 1 0 0 1 1 1 0 0 1 1 1 0 1 1 0 1 1 0 1 1 1 1 0 0 0 0 1 0 1 1 1 0 1 0 1 0 0 1 0 0 1 1 0 1 1 0 1 0 0 0 0 1 1 0 1 1 0 0 1 1 1 0 1 0 1 0 1 0 1 0 1 1 1 1 0 0 1 0 1 1 0 0 0 1 1 1 1 1 0 0 1 1 1 0 0 1 0 1 0 1 0 0 1 1 0 1 1 1 0 0 0 1 1 1 1 1 1 0 1 0 0 0 1 1 1 0 1 1 1 0 0 0 1 0 1 0 1 1 1 1 0 0 1 1 0 1 1 1 1 1 0 1 1 1 1 1 1 0 1 0 0 0 1 0 
1 1 1 0 0 0 1 0 1 1 1 0 1 0 1 0 0 0 0 1 1 0 1 1 0 1 1 1 1 1 1 1 1 1 1 1 0 1 0 0 1 0 1 1 1 0 0 0 1 1 0 1 0 0 0 0 0 1 1 1 0 1 0 1 0 0 0 0 0 0 1 1 0 1 1 1 1 1 1 0 0 0 0 0 1 1 1 0 0 0 1 0 0 1 0 1 0 0 0 0 0 1 0 1 0 1 0 0 1 0 0 0 1 1 0 0 0 0 0 0 0 1 0 0 0 1 1 0 1 1 0 1 0 0 1 1 1 1 1 1 0 1 1 0 0 1 1 1 0 0 0 0 0 1 1 0 0 1 1 1 0 0 0 1 1 1 0 0 0 1 0 1 1 1 0 1 0 1 0 1 1 0 0 0 0 0 1 1 1 0 0 0 1 1 1 0 0 0 1 0 0 1 1 0 0 1 0 1 1 1 1 0 0 1 
0 0 1 1 1 0 1 1 0 0 0 0 1 0 0 0 0 1 1 1 1 0 0 1 1 0 1 1 1 1 0 0 0 0 0 1 1 1 0 1 0 1 1 0 1 1 1 0 0 1 1 0 0 0 1 0 0 1 1 0 1 0 0 1 0 1 0 1 1 1 0 0 0 0 0 0 1 0 1 1 1 0 0 1 1 1 1 1 1 1 1 0 0 0 0 1 0 0 1 1 0 1 0 0 0 1 1 1 0 0 0 1 0 1 0 1 0 1 1 0 1 1 1 0 0 0 1 0 0 0 1 1 1 0 1 0 0 1 0 0 0 0 0 1 0 0 0 1 0 0 1 1 1 0 0 0 0 0 1 0 0 0 0 1 0 1 1 0 1 0 0 1 1 1 1 1 0 1 0 0 0 0 1 1 1 0 0 1 1 0 1 1 1 1 0 0 1 0 0 0 0 0 1 0 1 0 0 1 1 0 1 0 0 1 
1 1 1 0 0 0 0 0 1 1 0 1 1 1 1 1 1 1 0 0 0 1 1 1 0 0 0 1 0 0 0 0 0 1 0 1 0 1 1 0 1 0 0 1 0 0 1 0 1 1 0 1 1 1 0 0 0 0 0 1 0 0 0 1 0 0 0 0 1 0 1 0 1 1 1 1 1 0 0 0 1 1 0 0 1 1 0 1 0 0 1 1 0 0 1 0 0 0 1 0 0 1 0 1 0 1 0 1 1 1 1 1 1 1 1 0 0 1 0 0 1 1 1 0 1 1 0 0 0 0 0 0 1 1 1 1 1 1 1 1 1 0 0 1 1 0 0 1 1 1 1 1 0 0 1 1 0 0 0 1 1 1 0 0 0 0 0 0 1 0 1 1 0 1 1 0 1 0 0 1 1 1 0 0 1 1 0 1 1 1 1 0 1 0 1 0 1 0 0 0 0 1 1 1 0 0 0 0 1 0 1 1 1 0 
1 1 0 0 0 1 0 0 1 0 0 0 1 1 1 1 0 0 1 1 0 0 1 0 1 0 0 1 1 1 0 0 0 1 0 0 1 0 0 1 1 0 0 1 1 1 1 0 1 1 0 0 1 1 1 1 1 1 0 1 1 0 1 1 1 1 1 1 0 0 1 1 0 0 0 0 1 0 0 1 0 0 0 0 0 1 0 1 0 0 0 1 0 1 1 0 1 1 0 0 1 0 0 1 0 1 0 0 0 0 0 0 0 0 1 1 1 0 0 0 1 1 0 1 0 1 1 1 1 0 0 1 1 0 0 0 0 1 1 0 0 1 1 0 1 0 1 1 0 0 1 0 1 1 0 0 1 0 0 0 1 1 1 0 0 1 0 1 0 1 0 0 0 1 1 0 0 0 0 0 0 0 0 1 1 1 0 0 0 0 1 0 1 1 1 1 0 1 1 0 1 0 0 0 0 0 1 0 1 0 0 1 0 0 
0 0 0 1 0 1 0 1 1 0 1 0 0 0 1 0 0 0 1 1 1 0 1 0 0 1 1 1 0 0 0 1 1 1 1 0 1 1 0 1 0 1 1 0 0 0 1 0 0 1 0 1 1 1 1 1 1 0 1 1 1 1 0 0 1 0 0 0 1 0 0 1 1 1 0 0 0 0 0 1 1 0 0 1 1 1 0 1 1 0 0 0 1 1 0 0 0 1 1 1 0 1 1 0 1 0 0 0 0 0 1 0 1 1 0 0 1 0 0 0 0 1 1 0 0 1 1 0 1 0 1 1 1 0 1 0 1 0 0 0 1 0 1 1 0 1 0 0 0 0 1 0 1 1 0 1 0 0 1 1 0 1 0 0 0 1 1 0 1 1 0 0 1 0 1 0 0 0 0 1 1 1 0 0 0 1 0 1 0 0 0 1 0 0 1 0 0 0 0 1 1 0 1 0 0 1 1 1 1 0 1 1 1 0 
1 0 1 1 0 1 0 0 0 1 0 0 1 1 1 1 0 0 0 0 0 1 0 1 1 0 1 0 1 0 0 1 0 1 0 1 1 1 1 1 1 0 1 0 0 0 0 1 0 1 0 0 1 1 1 1 1 0 0 1 0 0 0 0 0 0 0 0 0 1 1 0 0 1 0 1 0 0 1 1 0 1 1 0 0 0 1 0 1 1 0 1 0 0 1 1 1 1 0 0 1 0 1 1 1 0 1 1 1 0 0 0 1 1 1 0 0 1 1 0 1 1 1 1 1 1 1 0 1 1 0 0 1 1 0 0 1 1 0 0 1 0 0 1 1 1 0 0 1 1 0 1 1 0 1 0 1 1 0 0 1 1 0 0 1 1 0 1 0 0 0 1 1 0 0 1 1 1 1 1 1 0 0 1 1 0 1 0 0 1 1 1 0 0 1 1 0 1 0 0 1 1 0 1 0 1 1 1 0 0 1 1 1 0 
1 0 0 1 0 0 0 1 0 1 0 0 0 1 1 0 1 0 0 0 1 1 1 1 1 1 0 1 1 1 0 1 1 1 1 0 0 1 1 0 1 0 1 0 0 0 1 1 0 0 1 0 1 0 1 0 0 0 1 0 1 1 0 0 0 1 0 1 1 1 0 0 0 0 0 1 0 1 1 1 1 0 1 1 1 0 0 1 1 1 1 1 1 0 1 1 0 0 1 1 0 1 0 0 1 1 1 0 0 0 0 1 0 0 1 0 1 0 1 1 1 1 1 0 1 0 1 1 1 0 0 0 1 1 0 0 0 0 0 1 0 0 1 1 1 0 0 0 1 1 0 1 1 1 0 1 0 0 1 0 1 0 1 0 1 0 1 0 0 1 0 1 1 0 0 1 0 0 1 0 1 1 1 1 0 1 0 1 0 1 1 0 1 0 0 1 1 1 0 0 1 0 1 0 1 0 1 1 0 1 0 0 1 1 
0 0 0 0 1 0 0 0 1 0 1 1 1 1 0 0 1 1 0 1 1 1 1 0 0 0 1 0 1 0 0 1 0 1 0 1 0 1 0 0 1 1 1 1 0 1 0 1 1 0 1 1 1 1 1 1 0 1 0 1 1 1 0 0 0 1 0 0 1 0 1 1 0 0 0 1 1 0 0 1 0 1 0 1 1 1 0 0 0 0 0 0 0 0 0 0 0 0 1 1 1 1 0 1 0 0 1 1 0 1 0 0 0 0 0 1 1 1 0 1 0 1 1 1 1 0 0 0 1 1 1 0 1 1 1 0 0 0 0 1 0 1 0 1 0 0 1 0 1 0 1 1 0 1 0 0 0 1 1 1 1 1 0 1 0 0 1 0 1 1 1 1 0 1 1 1 1 1 0 0 0 1 0 1 0 1 0 0 0 1 1 0 0 0 1 0 1 1 1 0 0 0 0 1 0 1 0 1 0 1 1 1 1 1 
0 0 1 1 0 0 0 0 1 1 1 0 1 1 0 1 1 0 1 1 0 1 0 0 0 0 0 1 0 0 1 1 1 1 0 0 0 0 1 0 0 0 0 0 1 1 1 0 0 1 0 0 1 0 0 0 1 0 0 0 0 1 0 1 1 1 1 1 0 1 1 1 0 0 0 0 0 0 0 1 0 1 1 0 0 0 0 0 0 1 0 0 1 0 0 0 0 0 0 0 1 0 0 1 1 1 1 1 0 0 1 0 0 0 1 1 0 1 1 1 0 0 0 1 1 0 0 0 1 1 1 1 1 0 0 0 1 0 0 1 1 1 1 1 1 1 0 1 1 1 1 1 0 1 1 1 0 1 0 0 0 0 0 1 1 0 0 1 1 0 1 0 1 0 0 0 0 1 0 0 1 1 0 0 1 1 0 0 0 0 0 1 0 0 1 1 1 0 1 1 0 1 0 0 0 0 1 0 0 0 1 0 0 1 
1 0 0 0 1 1 1 1 1 0 1 1 0 1 1 0 1 1 0 1 0 0 1 0 0 1 1 1 1 1 0 1 1 1 0 0 1 1 0 1 0 1 1 0 0 0 1 0 0 1 1 1 1 0 0 0 1 1 1 0 0 0 1 0 1 1 0 1 0 1 0 1 1 1 0 1 1 0 1 0 0 1 0 1 0 0 0 0 0 1 0 0 1 0 1 0 1 1 0 1 1 0 0 0 0 0 0 1 0 1 0 0 0 0 0 0 1 0 1 0 0 1 1 1 0 1 0 1 0 0 1 0 1 0 0 1 1 1 0 0 0 0 1 1 1 0 0 0 0 1 1 1 1 0 1 0 1 1 0 0 0 0 1 0 0 1 1 1 1 1 1 1 1 1 0 1 1 1 0 0 1 1 0 1 0 0 1 1 0 0 1 1 1 1 0 0 1 1 0 0 0 1 0 0 0 0 0 1 0 0 0 1 1 0 
0 1 1 1 1 0 1 1 0 1 0 0 1 0 1 1 1 1 1 0 0 0 0 0 0 0 0 0 1 0 1 0 0 0 1 0 0 0 1 1 1 1 1 1 1 0 0 1 1 0 0 0 0 0 1 1 0 0 1 0 1 0 1 1 0 0 1 0 1 0 0 1 0 1 1 0 0 0 1 1 0 0 0 0 1 0 1 1 0 0 0 1 0 1 0 0 0 0 0 0 0 1 1 1 0 1 1 1 1 1 0 1 0 0 1 0 1 0 0 0 1 0 0 0 0 1 0 0 0 0 0 0 1 1 1 1 1 0 0 0 1 1 1 0 0 0 1 0 0 0 1 0 1 0 1 0 1 1 0 1 1 0 1 0 0 0 1 1 0 0 0 1 0 0 1 1 0 0 0 0 0 0 1 0 1 0 1 0 1 1 0 0 0 0 0 1 1 1 0 0 0 0 1 0 0 1 1 0 1 0 1 1 1 1 
0 1 0 0 0 1 0 1 1 0 0 0 0 1 1 0 0 0 1 1 1 0 0 0 0 1 1 0 0 1 0 0 1 0 0 0 0 0 1 0 1 0 0 0 0 1 1 0 1 0 0 0 1 1 0 0 0 0 0 1 0 0 0 0 1 0 1 0 1 0 1 0 0 0 1 1 1 1 0 1 1 1 1 0 1 1 0 0 0 1 0 0 1 0 0 0 0 1 1 1 1 1 1 1 1 0 0 1 0 0 1 0 1 0 1 0 1 0 1 1 0 0 1 1 0 0 1 1 1 0 1 0 1 0 1 0 1 1 0 0 0 1 0 0 1 0 0 1 0 0 1 0 0 0 0 0 0 1 1 0 0 1 0 0 1 0 1 0 1 1 0 1 1 0 1 0 1 0 1 1 0 1 0 1 1 1 0 0 1 1 0 1 1 1 0 1 0 1 1 1 1 1 0 0 1 1 1 0 1 1 1 0 0 0 
0 0 0 0 1 0 1 0 1 0 1 0 0 1 0 1 0 1 0 0 1 0 0 1 1 1 0 1 1 0 1 0 1 1 1 1 0 1 0 1 0 1 0 1 0 0 1 0 1 0 0 0 1 0 1 0 1 1 0 1 0 0 1 0 1 0 0 0 0 1 1 1 0 0 1 1 1 0 1 1 0 1 1 0 1 0 0 1 0 0 0 1 1 1 0 1 1 0 0 1 0 1 0 0 1 0 0 1 1 1 0 1 1 1 1 0 0 0 1 1 0 0 1 0 1 0 0 0 1 1 1 1 0 0 0 1 1 0 1 0 0 0 0 0 1 0 1 1 1 0 0 1 0 1 0 0 1 1 1 0 1 1 1 0 1 1 1 0 1 0 1 1 0 1 0 0 1 1 0 1 0 0 1 1 1 0 0 0 1 0 1 1 0 1 1 1 1 1 0 1 1 1 0 0 0 0 0 0 0 1 1 0 1 0 
0 1 1 0 1 1 0 0 0 1 0 1 0 1 1 1 0 1 0 0 0 1 0 1 1 0 0 1 1 1 0 1 1 1 0 1 0 0 0 0 0 1 1 1 1 1 1 1 1 0 1 1 0 1 1 0 1 1 0 1 0 1 0 0 0 0 1 0 0 1 0 0 0 1 0 1 0 0 0 0 0 0 1 1 1 0 1 1 1 0 1 1 1 0 0 1 0 1 1 1 0 0 1 1 1 0 1 0 1 1 0 0 0 0 0 0 0 0 1 1 1 0 0 1 1 0 1 0 0 0 0 0 1 1 0 0 0 0 0 1 0 1 0 1 0 0 1 0 1 0 1 1 1 1 0 0 0 1 1 1 1 0 1 1 1 1 1 0 0 0 0 1 1 0 0 0 1 0 1 1 0 0 1 0 1 0 0 0 1 1 0 1 1 0 1 0 1 0 1 1 0 0 1 0 0 0 0 0 1 1 0 1 0 0 
0 0 1 0 0 0 0 1 1 1 1 1 1 0 1 1 0 0 1 0 1 0 1 1 1 1 0 1 1 1 1 1 0 0 1 0 1 1 1 0 0 1 1 1 1 0 1 0 0 0 1 0 1 0 0 1 0 0 1 1 1 0 0 0 0 0 1 1 1 0 1 1 1 0 0 0 0 0 0 1 1 0 1 0 0 1 1 0 1 0 0 1 0 1 1 1 1 1 0 0 1 0 1 0 1 0 1 1 1 0 0 0 0 1 0 0 0 1 0 0 0 0 0 0 1 1 1 1 1 0 1 0 0 0 0 0 0 0 0 1 0 0 0 0 0 1 1 0 0 0 0 0 0 1 0 0 0 0 0 0 0 1 1 1 1 1 1 0 1 1 0 1 0 1 0 0 1 1 1 0 0 1 1 1 0 0 0 0 1 0 0 1 1 1 0 1 0 1 0 0 1 0 0 1 1 1 0 1 0 1 0 0 1 0 
1 1 1 0 1 0 1 0 0 0 0 0 1 0 1 0 1 0 0 1 0 1 1 1 1 0 1 1 1 1 1 0 0 0 0 0 0 1 1 0 1 0 1 1 1 1 1 0 0 1 0 1 1 0 0 0 0 0 1 1 0 1 1 0 1 1 1 1 0 1 0 0 1 1 0 1 1 1 0 1 0 0 0 0 0 0 1 1 0 0 1 1 0 1 1 1 1 0 1 0 0 0 0 1 0 1 1 0 1 0 1 1 0 1 1 0 1 1 0 1 1 1 1 1 1 1 0 1 0 0 0 0 0 0 1 1 0 1 0 0 1 1 0 1 1 1 0 1 1 0 0 0 0 0 1 1 0 1 1 1 1 0 1 1 0 0 0 0 0 0 0 0 0 1 1 1 0 1 0 1 0 0 1 0 0 1 0 0 1 0 1 1 0 1 0 0 0 0 1 1 0 0 0 1 0 0 1 0 0 0 0 0 0 1 
0 0 0 0 0 1 1 0 1 1 1 0 0 0 1 0 0 1 1 1 0 1 0 0 0 1 1 1 1 0 0 1 0 1 1 1 1 0 1 0 0 0 1 1 1 0 1 0 0 1 0 0 0 1 0 0 1 1 1 0 1 0 1 0 0 1 0 1 0 1 0 1 1 0 1 0 0 0 1 0 0 0 1 1 0 1 1 1 1 1 1 0 0 0 0 1 0 0 0 0 0 1 0 1 0 0 0 1 0 0 1 1 0 0 0 0 1 0 0 1 1 0 1 0 0 0 0 0 1 0 1 1 1 0 0 0 0 1 0 1 0 0 0 0 0 1 0 1 0 1 0 0 1 0 1 1 0 1 0 0 0 0 0 1 0 1 1 1 0 0 0 1 0 0 0 0 0 1 0 1 0 1 1 0 0 1 0 1 1 0 0 1 1 0 1 1 1 1 1 0 0 1 0 1 1 1 0 1 0 0 1 1 0 0 
0 0 1 0 0 1 1 0 1 1 1 1 1 0 1 0 0 0 1 1 1 0 1 0 0 1 0 1 1 1 1 0 0 1 1 1 1 1 0 0 0 0 1 1 1 0 0 1 1 0 0 1 1 0 0 1 0 0 1 0 1 1 0 1 0 1 1 0 0 1 1 0 1 0 0 0 1 1 0 0 1 0 0 0 0 0 0 0 1 1 0 1 0 0 0 1 0 0 1 0 0 1 1 0 0 1 1 0 0 0 0 1 1 0 1 0 1 0 0 0 0 1 0 0 0 0 1 0 1 0 1 1 0 0 0 0 0 1 1 1 0 0 0 1 1 1 0 0 1 1 1 1 0 0 1 1 0 1 1 0 0 0 1 1 0 1 1 1 1 0 1 1 1 0 1 0 0 0 0 0 0 0 0 0 1 1 1 0 0 1 1 0 1 0 0 0 0 1 0 1 0 1 1 0 0 0 1 1 1 1 1 1 1 0 
0 0 0 0 0 0 0 1 0 0 1 1 0 1 0 0 1 0 0 0 0 0 1 0 0 1 0 0 1 1 1 0 0 1 0 1 1 0 0 1 1 0 1 0 0 0 1 0 1 0 0 1 1 0 0 1 0 0 0 0 0 1 1 0 1 1 1 1 1 1 1 1 1 0 0 1 1 0 0 1 1 1 1 1 1 1 0 0 1 0 1 0 0 1 1 1 1 0 0 1 0 1 0 1 1 1 0 0 0 1 1 0 1 0 1 1 1 0 1 0 0 1 1 0 0 0 1 1 1 0 1 1 1 0 1 1 1 1 1 0 0 1 0 1 0 0 1 0 0 0 0 0 1 1 1 0 1 0 0 1 1 0 0 0 0 0 1 1 1 1 0 0 1 0 1 1 1 0 0 0 1 0 0 1 1 1 0 1 0 0 1 0 0 1 1 0 0 0 0 0 0 0 0 1 0 1 0 0 0 0 1 1 1 0 
0 1 1 1 1 0 0 0 0 1 0 1 1 1 1 0 0 0 1 0 1 0 1 1 0 0 0 0 0 1 0 0 1 0 1 1 0 1 1 1 1 0 0 1 0 1 0 0 1 1 0 0 0 1 1 1 1 0 0 0 0 0 0 0 1 0 0 0 1 1 0 1 0 1 0 1 1 0 0 0 0 1 1 0 0 1 1 1 0 1 1 0 0 1 1 0 0 0 0 1 1 0 0 1 1 0 1 0 0 0 0 1 1 1 0 0 0 0 1 0 0 0 0 0 0 0 1 1 0 1 0 0 1 1 0 1 1 1 0 1 1 1 1 1 1 0 0 0 0 1 0 0 0 1 1 1 0 1 0 1 0 1 0 0 0 0 0 0 1 1 0 1 1 1 0 0 1 1 0 0 0 0 0 1 1 0 0 1 0 0 1 0 1 1 1 0 1 1 1 1 0 1 0 1 1 1 0 0 1 1 0 1 0 1 
1 0 1 1 0 1 0 1 1 0 1 1 1 1 1 0 1 0 0 0 0 1 0 0 0 1 0 0 0 0 1 0 1 0 1 0 1 1 1 1 0 1 1 1 1 0 1 0 0 0 1 1 1 1 1 0 0 0 0 0 1 1 1 0 0 1 1 1 1 1 0 1 1 0 0 0 0 0 0 0 0 1 0 0 1 0 1 1 0 1 1 0 0 0 1 1 1 1 1 0 1 1 1 0 0 0 1 1 0 1 0 1 1 1 1 0 0 1 0 0 0 0 1 1 1 1 0 0 1 1 1 1 0 0 1 0 0 1 0 1 0 1 1 1 1 0 1 1 0 0 0 1 0 1 0 1 1 0 0 1 0 0 1 0 0 1 1 0 1 1 1 1 0 1 0 1 0 0 1 1 0 0 1 1 0 1 1 1 1 0 0 1 0 1 1 1 0 1 1 0 0 0 1 1 1 1 1 0 1 1 1 0 1 0 
1 1 1 0 1 1 0 1 0 1 0 0 1 0 0 0 1 0 0 0 1 0 1 0 0 1 0 1 1 1 0 1 1 0 0 0 1 1 1 0 1 0 1 1 0 1 1 0 0 1 0 0 0 1 0 1 1 0 0 1 0 1 0 1 0 0 1 0 0 1 0 1 0 1 0 1 0 0 1 1 0 0 0 0 0 1 1 0 0 1 1 1 1 0 0 1 0 0 0 0 0 1 0 0 1 1 1 0 0 1 1 0 1 0 0 0 1 1 0 0 0 0 1 1 0 0 0 0 0 1 0 0 1 0 0 1 1 0 0 0 0 0 1 1 1 0 0 0 0 1 0 0 1 0 0 1 1 0 0 0 0 1 0 0 1 1 0 0 0 1 1 1 1 0 0 0 1 0 0 1 1 0 1 0 1 0 1 1 1 1 0 1 1 0 0 0 0 0 0 1 0 0 0 0 1 0 1 1 1 1 1 1 1 0 
1 0 0 0 1 1 1 0 0 1 0 0 1 0 1 0 1 0 1 0 1 1 0 0 0 0 0 1 1 1 1 1 1 0 1 1 1 0 0 1 0 0 0 1 0 1 1 1 0 0 0 0 1 0 1 0 1 1 0 1 1 0 0 0 1 0 1 1 1 1 1 0 0 0 1 0 0 0 1 0 0 1 0 1 0 0 1 1 1 1 1 1 1 0 1 1 1 0 0 1 1 1 1 1 0 0 1 1 1 1 0 0 1 0 1 0 1 1 1 0 1 0 0 0 1 0 1 1 1 1 1 0 1 1 1 0 0 0 0 1 1 1 1 1 1 1 0 1 1 0 0 0 0 1 0 0 0 0 0 0 1 1 0 0 0 0 0 1 1 1 0 0 1 1 1 1 0 1 0 0 1 0 0 1 1 0 1 1 1 0 0 0 1 0 1 0 1 1 1 0 0 1 1 1 0 0 0 0 1 0 1 0 1 1 
0 0 0 1 0 0 1 0 0 1 1 0 0 1 1 1 1 1 0 0 0 1 1 1 1 0 0 0 1 0 0 1 1 1 0 1 1 1 1 0 0 0 1 0 0 0 0 0 1 1 0 1 0 0 1 1 0 1 0 1 0 0 0 0 1 0 1 1 0 0 1 0 1 1 0 0 1 1 0 0 0 0 0 1 1 1 0 1 0 0 1 0 1 1 1 0 1 0 0 0 1 1 0 0 1 1 1 0 1 0 0 1 1 0 1 0 0 0 0 1 1 1 0 0 0 0 0 1 1 1 1 0 1 1 0 0 0 1 0 1 1 0 0 1 0 0 0 0 0 1 1 1 0 1 1 1 0 1 1 0 1 1 1 1 1 1 1 1 1 1 0 0 1 0 1 1 0 1 1 1 1 0 1 1 1 1 1 1 0 1 0 1 1 1 1 1 1 1 0 0 0 1 1 1 1 1 0 1 0 0 0 1 0 0 
0 1 0 1 0 1 0 1 1 1 1 1 1 0 1 1 0 1 0 0 0 1 0 1 0 0 1 0 0 1 1 1 0 1 0 0 1 1 1 1 1 1 1 0 0 0 0 1 0 1 0 0 0 0 0 0 1 0 0 0 1 0 0 0 1 0 0 1 0 0 1 0 1 1 1 1 0 0 0 1 0 1 1 1 1 0 0 1 1 1 1 0 0 1 0 0 0 1 1 1 0 0 1 0 1 0 0 0 0 1 0 0 1 0 1 0 0 0 1 0 0 0 1 1 1 1 1 1 1 1 0 0 1 0 1 0 1 0 0 1 1 0 1 1 1 0 1 0 0 1 0 1 0 1 1 1 1 0 1 1 1 0 0 0 1 1 0 1 0 0 1 0 1 0 0 0 1 1 1 1 0 0 0 1 0 1 1 0 1 0 1 0 0 0 1 0 1 1 0 1 1 1 1 1 0 1 0 0 1 1 0 0 0 1 
0 1 0 0 1 0 1 0 0 1 1 0 1 0 0 1 1 1 1 0 1 0 0 1 1 0 0 1 0 0 0 0 0 1 0 1 0 1 0 0 0 0 1 1 0 0 0 1 1 0 1 1 0 0 1 0 0 1 1 0 0 1 1 1 0 0 0 1 0 1 0 1 0 1 0 0 0 1 1 0 1 0 0 0 0 0 0 0 0 1 0 1 1 0 0 0 0 1 1 0 1 0 0 1 0 0 1 0 0 0 0 0 0 0 1 0 0 1 0 1 1 0 0 1 1 0 1 1 1 0 1 1 0 0 0 0 1 1 1 1 0 0 0 1 0 1 1 1 0 1 1 0 1 0 1 1 0 0 1 1 1 0 0 1 0 0 1 0 0 0 1 0 0 0 0 1 0 1 0 0 1 0 1 1 1 0 1 0 0 1 0 0 0 1 0 0 1 1 1 1 1 0 0 0 0 0 1 0 0 0 1 0 0 0 
0 0 0 1 0 1 0 0 0 1 1 0 0 0 0 0 1 1 0 0 0 1 1 1 0 0 1 1 0 1 0 0 1 0 1 1 1 0 1 0 1 0 1 0 0 1 1 1 1 0 0 0 0 0 1 1 1 1 0 1 0 0 0 0 0 0 0 0 1 1 0 0 0 0 1 1 1 0 0 1 0 0 0 0 0 0 0 1 1 0 0 1 0 1 1 1 0 1 0 0 1 0 0 1 0 1 1 1 1 0 1 1 1 0 1 1 1 1 1 1 1 0 0 1 1 0 0 0 0 0 1 1 1 1 1 0 1 0 0 1 0 0 1 0 0 1 0 0 0 0 0 1 0 0 1 1 1 0 0 0 1 1 0 1 1 1 1 0 0 0 0 1 0 1 1 0 0 0 0 1 1 1 0 1 1 1 0 1 1 1 0 0 1 1 1 1 1 1 1 1 0 1 0 0 1 1 0 1 0 1 0 1 0 1 
0 0 0 0 1 0 1 1 0 1 1 0 1 1 0 1 1 1 1 0 0 1 1 0 1 1 0 1 0 1 0 1 0 0 0 0 0 1 1 0 0 0 1 0 0 0 0 1 0 1 1 0 1 1 1 0 1 1 0 1 1 1 1 0 0 0 0 0 1 0 1 1 0 1 1 1 0 1 0 0 1 1 0 0 0 0 0 0 0 1 1 0 1 1 0 0 0 1 0 0 1 0 0 0 1 1 1 1 1 1 0 0 1 0 1 0 0 1 0 0 0 0 1 1 1 0 1 0 0 0 0 0 0 1 0 0 0 1 1 1 0 1 0 1 0 1 0 1 1 0 0 0 0 0 1 0 0 1 0 0 0 0 0 1 1 0 1 0 1 1 0 0 1 0 1 1 0 0 0 1 0 0 1 0 0 1 1 0 1 0 0 1 0 0 1 0 1 1 1 0 1 1 0 0 1 0 1 0 1 0 0 0 0 0 
0 1 1 0 1 0 1 0 0 0 1 0 0 0 1 1 0 1 1 0 1 1 0 0 0 0 0 1 1 1 0 1 0 1 1 0 1 1 0 0 1 0 1 0 0 1 0 1 1 0 0 0 0 1 1 1 0 1 0 1 0 1 1 1 1 0 0 0 1 0 1 1 1 1 0 0 1 1 1 0 1 1 0 1 0 0 0 0 0 1 1 1 1 0 0 0 1 0 0 0 1 1 1 0 0 0 0 0 1 1 1 1 1 0 1 1 1 1 0 0 1 0 1 0 1 1 1 0 0 0 1 1 1 1 0 0 0 0 0 1 0 0 0 1 0 0 1 0 0 1 1 0 1 0 0 0 0 1 0 1 0 1 1 1 1 0 0 0 0 1 1 1 0 1 0 0 1 0 0 1 1 0 1 0 1 1 1 0 0 1 1 1 0 1 0 1 1 0 0 0 1 1 1 1 0 1 1 0 1 0 1 1 1 1 
1 0 0 0 1 1 0 1 0 0 0 0 0 1 1 0 0 0 1 1 0 0 0 0 0 1 0 1 1 1 1 1 1 1 1 1 0 0 1 0 1 1 0 1 0 1 1 0 0 1 1 0 0 1 0 0 0 1 1 1 0 1 0 0 0 1 1 1 0 1 0 0 1 1 1 0 0 1 0 0 0 1 1 1 0 1 1 1 1 0 1 0 1 0 0 1 1 1 1 0 1 0 1 1 1 0 0 1 1 0 0 0 1 1 0 0 1 0 1 1 0 0 0 0 1 1 0 1 0 0 0 0 0 1 1 1 0 0 0 1 1 0 1 0 1 1 0 0 1 1 1 0 0 1 0 0 1 1 1 0 1 1 1 1 0 0 1 1 1 1 0 0 1 0 1 1 1 0 1 1 1 1 1 1 1 0 0 0 0 0 1 1 1 1 0 1 0 1 0 0 0 0 1 1 1 0 0 1 1 0 0 1 1 1 
0 1 1 0 0 0 1 0 1 0 1 1 1 0 1 1 0 0 0 0 0 1 1 0 1 1 1 0 0 0 0 0 0 0 1 0 1 0 1 0 1 0 0 0 1 1 0 1 1 0 0 1 1 0 1 1 1 1 1 1 1 1 0 0 1 1 0 0 1 0 1 1 0 0 1 1 1 0 0 1 0 0 1 0 0 0 0 0 1 1 1 0 0 0 0 1 1 0 1 0 1 1 1 1 0 1 0 1 0 0 0 1 0 1 1 0 0 0 1 0 1 0 1 1 0 1 1 0 0 1 0 1 0 1 1 0 0 0 0 0 1 0 0 1 1 1 0 0 1 0 1 1 1 0 1 0 1 1 1 1 1 1 0 0 0 1 1 0 0 1 0 0 0 0 0 0 1 1 0 0 0 1 0 1 0 0 0 1 0 0 0 1 0 0 0 1 0 1 1 0 0 1 1 1 0 0 1 1 0 0 1 0 1 1 
0 0 1 0 0 0 1 0 1 0 0 0 0 1 0 1 1 0 0 1 1 1 0 1 0 0 0 0 0 1 0 1 0 0 0 0 1 0 1 1 0 1 1 0 1 0 1 1 0 0 1 1 0 1 0 0 1 1 0 0 0 1 1 1 0 0 1 1 0 1 0 0 1 0 1 0 0 1 1 0 0 0 1 0 0 0 0 1 1 1 1 0 0 0 1 1 1 1 0 0 0 0 0 1 1 1 1 0 1 1 0 1 1 1 0 0 1 0 0 1 1 0 0 0 0 0 1 0 1 1 1 1 0 0 0 1 1 0 1 1 1 0 1 0 0 1 1 1 1 1 0 1 1 0 1 0 1 0 0 0 1 0 0 0 1 1 0 0 0 0 0 0 0 0 0 1 1 0 0 1 0 0 0 1 1 1 0 1 0 1 1 0 0 0 0 0 1 0 0 1 1 1 0 0 0 1 0 1 0 0 1 0 0 1 
0 1 1 1 0 0 0 1 0 0 1 0 1 0 0 0 1 0 1 1 1 0 1 1 1 1 0 1 0 0 1 0 0 0 1 0 0 0 1 1 0 0 1 1 0 0 1 1 1 1 0 1 0 1 0 1 0 1 1 1 1 0 0 0 1 0 1 1 0 1 0 0 0 1 0 1 1 1 0 1 0 0 1 0 0 0 0 0 0 1 0 1 0 0 1 1 0 1 0 1 0 1 1 0 1 1 0 0 1 1 1 0 1 1 1 1 0 1 0 1 1 0 1 1 1 1 1 1 1 1 1 0 1 0 1 0 1 0 1 1 0 1 0 0 1 0 1 0 1 0 1 1 1 1 0 0 0 0 1 0 1 0 1 0 0 0 0 1 0 0 0 1 0 0 0 1 0 1 0 1 0 0 0 0 0 0 0 0 1 0 1 1 0 1 0 0 1 1 1 0 0 0 1 1 1 0 1 1 0 0 0 0 1 0 
1 0 0 1 1 1 0 0 0 0 0 1 0 1 0 1 0 0 1 0 1 1 0 0 1 1 1 1 1 0 1 0 1 0 0 1 1 1 0 0 0 1 0 1 0 0 0 0 1 0 0 0 0 1 1 1 1 1 0 1 0 0 1 1 0 0 0 1 1 0 1 0 0 1 1 1 0 0 0 0 0 1 0 0 0 0 0 0 1 0 1 0 1 0 0 0 0 1 0 0 1 0 0 1 1 1 0 0 1 0 1 0 1 1 0 0 1 0 0 1 1 1 0 0 1 0 0 0 1 0 0 0 0 1 0 1 0 1 1 1 0 0 1 1 0 0 0 1 0 0 1 1 1 0 0 0 1 0 1 0 0 0 1 0 1 0 0 0 1 0 1 1 1 0 0 1 0 0 1 0 1 1 1 0 1 1 0 1 0 0 1 0 0 0 1 0 0 0 1 0 1 0 1 0 0 1 1 0 1 0 0 1 0 0 
0 1 0 1 0 0 1 1 1 1 1 0 1 1 0 0 0 0 1 0 1 0 0 1 1 0 0 0 1 0 0 0 0 1 0 1 0 1 0 1 0 1 0 1 1 0 0 0 1 1 0 0 1 0 1 0 0 0 1 0 1 0 1 1 1 0 1 1 1 0 0 1 1 0 1 0 0 1 0 1 0 0 1 1 0 0 0 1 1 1 1 0 0 0 0 0 1 0 1 1 0 1 0 0 1 0 0 0 1 0 0 0 1 1 0 0 1 0 1 1 0 0 1 0 1 0 1 1 0 1 0 1 1 1 0 1 1 0 0 1 1 0 1 1 1 1 1 1 0 0 0 0 0 0 0 1 0 0 0 1 1 0 1 1 1 0 1 0 1 0 0 1 1 1 1 0 0 0 1 1 0 1 1 1 0 0 0 0 0 0 1 1 0 0 1 1 0 1 0 0 1 1 0 1 1 1 1 1 0 0 0 1 0 1 
1 0 1 1 1 1 0 1 1 1 0 1 1 1 1 1 0 0 0 0 0 1 0 1 0 1 1 1 0 0 0 0 0 0 1 1 0 1 0 1 0 1 0 0 0 0 0 0 0 1 1 1 0 0 0 1 0 0 0 0 0 1 0 1 0 1 1 0 1 1 1 0 1 1 0 1 0 0 1 1 1 0 1 0 0 1 1 0 0 1 0 1 1 0 1 0 0 1 0 1 1 1 0 0 1 1 1 1 0 1 0 0 0 1 1 1 0 0 0 0 1 1 1 1 1 1 0 1 1 0 1 1 0 0 0 1 0 1 0 1 1 0 1 0 1 1 1 1 1 1 0 0 1 1 0 0 1 0 0 0 1 0 0 0 0 0 1 0 1 0 1 1 1 1 1 1 0 0 1 0 1 1 1 1 0 0 1 0 1 0 1 0 0 1 1 0 1 1 0 0 0 1 1 0 0 1 1 0 1 1 1 1 1 0 
0 1 0 0 1 0 0 1 0 1 0 1 0 0 1 1 0 1 0 0 0 0 1 1 0 0 1 0 0 1 0 0 0 0 0 1 0 1 0 1 0 1 0 0 1 1 1 0 1 0 1 1 1 0 1 0 0 1 1 0 1 0 0 1 0 1 1 0 0 1 0 1 1 0 1 0 0 1 0 1 0 0 0 1 0 0 0 0 1 0 0 0 0 0 0 0 0 0 0 0 1 1 0 1 0 0 1 1 0 0 1 1 0 1 0 1 1 1 0 1 1 1 1 1 1 0 0 0 1 1 0 0 0 1 1 1 1 1 1 0 0 1 1 1 1 1 1 0 0 0 1 1 1 1 0 1 0 0 0 0 0 0 0 1 0 1 0 0 0 1 0 0 1 1 0 0 1 0 0 0 1 0 0 1 0 0 0 0 1 1 1 0 1 0 1 1 0 1 1 0 0 0 0 1 0 1 0 1 1 1 1 1 1 1 
1 1 1 1 0 1 1 0 0 1 0 0 1 0 1 1 1 1 1 0 0 1 0 0 0 0 0 1 1 1 1 0 1 0 0 1 0 0 1 1 1 1 1 0 0 0 1 0 1 0 1 1 0 0 1 0 1 1 1 0 0 0 1 0 0 1 0 1 0 1 0 1 0 0 0 0 0 0 0 0 0 1 1 0 0 0 1 0 1 1 0 0 1 0 1 0 1 1 0 1 1 0 1 0 0 0 1 0 0 1 0 1 0 1 0 1 0 0 1 0 1 0 0 0 0 1 0 0 1 1 0 1 1 0 0 0 1 1 0 1 0 0 1 0 1 1 1 0 1 1 1 1 1 1 1 1 1 1 0 1 1 1 1 0 0 0 1 0 1 0 0 1 1 0 0 1 1 1 0 0 1 0 0 1 1 0 1 1 0 0 0 1 0 1 1 0 1 1 0 0 1 0 1 1 1 1 0 1 0 1 1 1 1 0 
0 0 0 0 0 1 1 1 1 0 0 0 1 1 0 1 1 0 1 0 0 0 1 0 0 1 1 0 1 1 0 1 0 0 0 1 0 0 0 1 0 0 0 0 0 1 0 0 0 0 1 0 0 0 1 0 1 0 0 0 0 0 1 0 1 0 1 1 1 0 1 1 0 1 0 1 0 0 1 0 0 1 0 1 0 0 0 1 1 1 0 1 1 0 0 0 1 0 1 0 1 1 0 1 0 0 0 0 0 1 1 0 0 0 0 1 0 0 1 1 0 0 0 0 0 0 1 0 1 1 0 0 0 1 1 0 0 0 1 0 0 0 1 0 1 0 1 1 0 1 0 1 1 0 1 0 0 0 0 1 0 1 0 0 1 1 1 1 1 1 0 0 1 0 0 1 0 1 0 0 0 0 0 0 0 1 1 0 0 0 1 1 0 0 0 0 0 1 0 0 1 0 1 1 0 1 0 1 0 1 1 0 1 1 
1 1 0 1 0 0 0 1 1 0 1 1 0 1 1 1 0 1 0 0 1 1 1 0 0 0 1 1 0 1 1 0 1 1 0 1 1 0 1 1 1 0 0 0 1 1 0 0 1 1 0 1 0 0 0 1 0 0 0 0 1 1 0 0 1 0 0 1 0 0 1 0 0 0 1 0 0 1 0 1 0 1 0 1 1 1 0 0 0 1 0 0 0 1 1 1 0 0 1 0 1 0 0 0 1 1 1 1 0 0 0 1 1 0 1 0 0 1 1 0 0 0 0 1 0 1 1 1 1 1 0 1 1 1 0 0 0 1 1 0 0 1 1 1 1 1 0 0 0 0 0 0 1 0 1 0 1 0 1 1 1 1 0 1 0 0 1 1 0 1 1 1 1 1 1 0 0 1 0 0 1 1 0 1 0 1 0 1 1 1 1 1 0 0 1 0 1 0 0 1 0 1 0 0 0 1 0 1 0 0 1 1 0 1 
1 1 0 0 1 1 1 0 0 1 1 0 1 1 0 1 1 0 0 1 1 1 0 1 1 1 1 0 1 1 1 0 0 0 1 1 0 1 1 0 1 0 1 1 1 1 1 1 0 1 1 1 0 1 1 0 0 1 0 0 1 0 0 1 0 1 0 0 0 1 0 1 0 1 1 1 0 0 1 0 0 0 1 1 1 1 0 1 1 0 1 0 1 1 1 1 0 1 1 1 0 1 1 1 1 1 1 0 1 1 0 0 0 0 0 1 0 1 0 0 1 0 0 1 0 0 0 1 0 1 1 0 1 0 1 1 0 0 0 0 1 1 0 1 1 0 1 1 1 1 1 1 1 1 0 0 0 0 1 1 0 0 0 1 0 0 1 0 0 0 1 0 1 1 1 1 1 0 0 0 1 1 0 0 1 0 0 0 0 1 1 0 1 0 0 0 1 0 0 1 0 0 0 0 1 1 1 0 1 0 1 0 0 1 
0 1 0 1 0 0 1 0 0 0 1 0 1 0 1 0 0 0 1 0 1 1 1 1 1 0 0 0 0 1 0 1 0 0 0 1 1 0 1 0 1 1 0 1 0 1 0 0 0 0 1 0 0 1 0 0 1 1 0 0 0 0 0 0 1 0 1 1 0 0 0 0 0 0 1 0 0 0 0 0 0 1 0 1 1 1 1 1 1 1 0 0 0 1 1 0 1 1 0 0 1 0 0 0 1 1 0 0 1 0 1 0 1 1 0 0 0 0 1 1 0 0 0 1 1 0 1 1 0 1 1 1 0 0 0 0 1 0 0 0 1 0 0 0 1 1 0 1 0 1 1 0 1 0 1 0 0 1 0 1 1 0 1 0 1 0 0 1 1 1 1 1 1 1 0 0 1 0 0 0 0 1 0 0 1 0 1 0 0 0 0 0 0 1 1 0 1 1 1 1 1 1 1 1 1 1 1 0 1 1 1 0 1 0 
1 0 1 1 0 0 0 1 0 0 1 0 0 0 1 1 1 1 1 0 0 0 1 0 0 0 0 1 0 0 0 0 1 0 0 0 0 0 0 0 0 1 0 0 1 0 1 1 1 0 1 1 0 0 0 0 0 1 1 1 0 1 0 1 0 0 1 1 1 0 0 0 1 0 0 0 1 1 1 0 1 0 0 1 0 1 0 1 0 1 0 0 1 1 0 1 0 1 1 1 1 1 1 0 0 1 1 1 1 1 0 1 0 0 1 0 0 0 1 1 1 1 1 0 1 1 0 0 1 1 0 1 1 1 0 0 0 1 1 1 0 0 1 0 1 0 1 0 0 0 1 0 1 0 1 0 1 0 1 0 0 1 0 1 1 0 0 1 0 0 1 0 0 1 1 0 0 0 1 0 1 1 0 0 0 1 0 1 1 0 0 1 0 0 0 0 1 1 1 1 1 0 0 1 0 1 1 0 0 1 0 0 1 0 
1 0 0 0 1 0 0 1 1 0 0 0 1 1 0 0 1 1 1 1 0 0 0 0 0 0 1 0 1 1 1 0 0 0 0 0 1 0 1 0 0 0 0 0 1 1 0 1 0 0 1 1 1 1 0 1 0 1 1 0 0 0 0 1 0 0 0 0 1 1 1 1 0 1 1 0 1 0 0 1 0 0 0 1 1 1 1 1 1 0 0 0 0 0 1 1 0 1 0 0 0 0 1 0 0 0 0 1 1 1 0 0 0 0 0 1 1 0 1 0 0 0 1 0 0 1 0 1 1 1 1 0 0 1 1 1 1 1 0 1 1 1 1 1 0 0 0 0 0 1 0 0 0 1 0 0 1 0 1 1 0 0 1 1 1 0 1 0 0 1 0 0 0 1 0 0 1 0 1 0 1 1 0 0 1 0 0 0 0 0 0 1 1 0 0 1 1 1 1 0 0 0 0 1 1 1 0 1 0 0 0 0 0 0 
1 0 1 1 1 1 0 1 1 1 1 1 0 1 1 1 0 1 0 1 0 1 1 1 1 0 0 1 1 1 1 1 0 1 0 0 1 0 0 0 1 0 0 1 0 1 1 0 1 0 0 0 1 0 0 1 0 1 0 0 0 1 1 1 0 0 0 1 1 0 0 0 0 1 0 1 0 1 1 1 1 1 1 0 0 0 0 1 0 1 0 0 1 1 0 0 1 1 1 0 0 1 1 0 1 0 1 0 1 0 0 0 0 1 1 1 0 0 1 1 0 1 1 1 1 0 0 0 1 0 1 0 0 1 1 1 0 0 1 1 1 0 1 1 1 1 1 1 0 0 1 0 1 1 0 0 0 0 1 1 0 1 1 0 1 1 1 1 1 1 0 1 0 0 1 1 0 0 1 1 1 1 0 0 0 0 0 1 0 0 1 1 1 0 0 1 0 1 1 0 1 1 0 0 0 0 0 1 0 1 1 1 1 1 
1 1 0 1 1 0 0 1 0 1 0 0 1 0 0 0 1 0 0 0 1 1 1 1 1 0 0 0 0 0 1 1 0 1 1 1 1 1 1 1 1 1 0 1 0 1 1 0 0 1 1 1 1 0 0 0 0 1 0 1 0 0 1 1 0 0 0 0 0 0 0 0 0 0 0 0 0 0 1 1 1 0 1 0 0 0 1 0 0 1 1 0 1 0 0 0 1 1 0 1 1 1 0 1 0 1 0 1 0 1 1 1 1 0 1 1 0 0 1 0 0 0 0 0 1 1 0 1 0 0 0 0 0 0 1 0 0 0 0 1 1 0 1 0 1 1 0 0 0 0 0 0 0 0 1 1 0 1 0 0 1 0 1 1 1 0 1 1 1 1 1 1 1 1 1 1 1 1 1 0 1 0 1 1 1 0 0 0 0 1 1 1 0 0 0 0 0 1 0 1 1 0 0 1 1 1 1 0 1 1 1 1 1 0 
1 1 0 1 1 0 1 1 0 1 0 1 0 1 1 0 1 1 1 1 1 1 1 1 0 1 1 1 0 0 1 0 1 0 1 1 0 0 0 1 1 1 1 1 0 0 1 0 0 0 1 0 0 1 0 1 0 1 1 0 1 0 1 0 0 0 0 0 1 0 0 0 0 0 1 0 0 0 1 1 1 1 1 0 0 0 0 0 0 0 0 1 0 1 0 1 0 1 0 1 1 0 0 1 0 1 0 1 0 0 1 1 0 1 1 0 0 1 0 0 1 0 1 0 0 0 0 0 1 0 0 0 1 1 1 1 0 0 1 0 0 0 1 0 1 1 1 1 1 1 1 0 0 0 0 0 0 1 1 1 0 1 0 0 0 0 0 0 0 1 1 1 1 1 1 0 1 0 1 0 1 0 1 0 0 1 1 1 0 0 1 1 0 0 1 1 0 1 1 1 0 0 1 0 1 0 1 1 0 1 0 1 1 1 
1 1 0 1 1 1 0 1 1 1 0 1 1 0 1 1 1 0 1 0 0 1 1 1 0 0 1 0 1 0 1 1 0 1 1 0 1 0 0 1 1 0 0 0 1 0 0 0 0 1 0 0 1 1 1 1 0 0 1 1 1 1 0 0 0 0 0 0 1 0 0 0 0 0 1 0 1 0 0 0 1 0 1 0 1 0 0 1 1 0 1 1 1 0 1 0 1 1 0 1 1 0 1 1 0 1 0 0 0 1 1 0 0 0 1 1 0 0 0 1 0 0 0 1 0 0 0 1 0 1 0 1 1 1 1 0 0 0 0 1 1 1 0 0 0 1 1 1 1 1 1 0 0 1 1 0 0 1 1 1 0 1 1 0 0 1 0 1 1 1 1 0 0 1 0 0 0 0 1 0 0 0 1 1 0 1 1 1 1 1 1 0 0 0 0 1 0 0 0 0 1 0 0 0 1 1 1 0 1 0 1 1 0 0 
1 1 0 1 0 0 0 1 0 1 1 0 0 1 1 1 0 1 1 1 1 1 0 0 0 0 1 0 1 1 1 0 1 0 1 1 1 0 1 0 1 1 1 1 0 1 0 0 0 1 0 1 1 0 1 1 0 0 1 1 0 1 1 1 0 1 0 0 1 0 1 0 0 1 0 0 0 1 0 1 1 1 1 1 0 0 1 0 0 0 1 0 1 1 1 0 1 1 1 0 1 1 0 1 1 1 1 0 1 0 1 1 0 1 1 0 0 1 1 1 0 0 0 0 0 1 1 1 1 0 0 0 1 0 0 0 1 0 0 0 0 1 1 1 1 1 1 1 0 1 1 1 0 0 1 1 0 1 1 1 1 1 0 1 1 1 0 0 1 1 0 0 1 1 1 0 0 1 0 1 1 1 1 1 0 0 0 1 0 1 1 0 1 0 1 1 1 0 1 1 0 0 0 1 0 1 1 0 1 0 1 0 1 1 
0 1 1 0 1 0 0 1 1 1 1 0 1 1 1 1 1 0 1 0 0 1 1 0 1 0 0 0 1 0 1 1 0 1 1 0 0 0 0 0 1 0 0 1 1 1 0 0 0 0 0 0 1 1 0 1 1 1 0 0 0 1 0 1 0 1 0 0 1 1 1 0 1 1 0 1 1 1 0 1 1 0 1 0 0 0 1 0 0 0 0 0 0 1 0 0 0 1 0 1 0 0 0 0 0 1 1 1 1 1 0 1 1 0 1 0 0 1 0 1 0 0 0 0 1 1 0 1 0 1 1 0 1 0 1 0 0 1 1 1 0 0 1 0 0 0 0 0 1 0 0 0 1 0 1 1 0 0 1 0 1 0 0 0 0 0 1 0 1 0 0 1 1 0 0 0 1 0 1 0 1 1 1 1 1 0 0 1 1 1 0 1 0 0 0 1 1 1 0 1 1 1 0 0 0 0 0 1 1 1 0 0 0 1 
1 1 0 1 0 0 0 1 0 1 1 0 0 1 0 0 0 0 0 0 0 0 0 0 1 0 1 1 1 0 0 0 0 1 1 0 0 0 0 0 1 0 0 0 1 1 0 1 1 0 1 0 0 0 0 1 1 0 1 1 1 1 0 1 1 0 1 1 0 1 1 1 0 1 1 0 1 1 1 0 1 1 0 1 1 0 0 0 0 0 0 0 1 0 1 0 0 1 1 0 1 1 1 0 0 1 1 1 1 1 1 1 1 1 0 1 1 0 0 0 0 1 0 0 0 1 0 1 1 1 1 1 1 1 1 0 1 1 1 0 0 0 0 1 1 1 0 1 1 0 0 0 1 0 1 0 1 1 0 0 1 0 1 0 1 1 1 0 1 0 0 0 1 1 1 0 0 1 1 0 0 1 1 0 1 1 1 0 0 0 0 0 0 1 1 0 0 1 1 0 0 1 0 1 0 0 1 0 1 0 0 1 0 0 
0 0 1 1 0 1 0 1 1 1 1 1 1 0 1 0 1 0 1 0 1 0 1 0 0 0 1 1 1 1 0 1 1 0 0 1 0 1 1 1 1 1 0 0 0 1 0 0 0 0 0 0 1 0 1 1 0 1 1 1 1 1 1 1 0 0 1 1 1 1 1 0 1 1 0 0 0 0 0 1 0 0 0 0 1 0 1 1 0 0 0 0 1 0 0 0 1 1 0 0 1 1 0 0 0 1 0 1 1 1 1 0 1 1 1 0 0 0 0 1 0 0 1 1 1 1 0 1 0 1 1 0 0 0 0 0 1 1 1 0 0 0 1 1 1 1 0 0 0 0 1 0 0 1 0 0 1 1 0 1 1 0 1 0 0 0 0 1 1 0 1 1 1 1 0 1 1 1 0 0 1 1 0 0 0 0 1 1 1 0 0 1 1 1 0 1 0 1 0 1 1 0 1 0 0 1 0 1 1 0 1 0 1 1 
1 1 0 1 1 1 0 1 1 1 1 1 0 0 1 0 1 1 0 1 0 0 1 1 0 1 1 0 1 1 1 0 1 0 0 0 0 1 1 0 0 1 1 0 1 1 0 0 0 1 0 1 1 1 1 0 1 0 0 0 1 1 0 0 1 1 0 1 0 0 0 1 0 0 1 0 0 1 0 0 0 0 0 0 0 1 1 0 0 0 0 0 1 0 0 1 0 0 1 1 0 1 1 0 1 0 0 1 1 0 0 1 1 1 1 0 0 1 0 1 0 1 0 0 1 0 1 1 0 0 0 0 1 1 0 0 0 1 0 0 1 0 1 1 0 1 0 1 1 1 1 0 0 0 1 0 1 1 0 1 1 1 1 1 1 0 0 1 1 0 1 0 1 0 0 1 0 1 0 0 1 1 0 1 0 1 1 1 1 0 0 0 1 1 1 1 1 1 0 0 1 0 1 1 1 1 1 0 1 1 1 0 1 1 
1 0 1 1 0 1 0 0 0 1 0 0 0 1 1 0 1 0 0 0 1 1 1 1 1 1 1 0 1 0 0 1 1 0 0 0 1 1 0 0 0 0 0 1 0 1 0 1 1 0 1 1 1 0 0 0 0 0 0 0 1 1 1 0 1 0 1 1 1 0 0 0 1 0 1 0 1 1 0 1 0 1 0 1 1 0 1 1 0 1 1 1 0 0 1 1 0 1 1 0 1 1 0 0 1 1 0 0 1 1 0 0 0 0 1 1 0 0 1 1 1 0 1 0 1 0 1 1 1 0 0 1 0 1 1 0 0 0 1 1 0 1 0 1 0 1 0 0 1 1 0 1 0 1 1 1 1 1 0 1 1 1 0 1 0 1 0 0 0 1 0 0 0 1 1 1 0 0 0 0 0 1 0 1 0 0 0 1 1 1 0 1 1 1 1 1 0 1 0 0 1 1 1 0 0 1 0 0 0 1 1 0 1 1 
0 0 0 1 0 1 1 0 0 0 1 1 1 0 1 1 1 0 1 0 1 0 0 0 1 1 1 1 0 0 0 0 1 0 1 1 1 1 1 1 0 0 1 1 0 0 0 0 0 1 0 1 0 1 1 0 0 1 1 0 0 0 1 1 0 1 1 0 0 0 0 0 0 0 0 0 0 0 1 1 1 1 0 1 0 1 0 1 1 0 0 0 0 0 1 1 1 0 0 1 1 0 0 1 1 0 1 0 0 1 1 0 0 1 0 1 1 0 0 0 1 0 1 0 1 1 0 1 0 1 1 0 0 0 0 0 1 0 0 1 0 1 1 0 1 1 1 1 1 1 0 0 0 0 0 0 1 0 1 1 0 1 1 0 0 0 1 0 1 0 0 0 1 0 1 0 0 1 0 0 0 1 1 0 1 1 1 1 0 0 1 0 1 0 0 0 0 0 1 0 0 1 0 0 0 1 0 1 0 1 1 1 1 1 
0 0 0 0 1 0 1 1 1 0 0 1 0 1 1 1 0 1 1 1 0 1 1 1 0 1 1 1 1 0 1 1 0 0 0 0 1 0 1 0 0 1 1 0 1 1 0 0 1 0 0 0 0 1 1 0 0 1 1 1 0 1 1 0 0 1 0 0 0 0 1 1 0 0 1 0 1 0 1 1 1 0 1 0 0 0 1 1 0 1 0 0 1 1 0 0 0 0 1 0 1 1 0 1 1 1 0 0 1 1 1 1 1 1 1 0 0 1 1 1 1 0 1 1 0 1 1 0 0 0 1 0 1 1 1 0 0 0 0 0 0 1 1 0 1 0 1 1 0 1 0 1 0 0 1 0 1 0 1 1 0 0 1 1 1 1 0 1 0 1 1 1 0 0 1 1 0 1 0 1 1 1 1 1 0 0 1 1 1 1 0 0 0 1 1 0 0 0 0 1 0 1 1 1 1 1 0 1 1 1 1 1 1 1 
0 0 0 0 1 0 0 1 0 1 1 0 1 0 0 0 1 0 1 0 1 0 1 0 0 1 1 1 1 1 1 1 1 0 0 1 1 0 0 1 1 0 0 0 1 1 0 0 0 0 0 1 1 1 1 1 1 1 0 1 1 1 0 0 0 1 0 0 1 1 1 1 0 0 0 0 0 0 1 1 0 1 1 0 0 1 0 0 0 0 0 1 1 1 0 0 1 1 1 1 0 0 1 1 0 1 0 0 0 1 1 0 1 1 0 0 0 1 0 1 0 1 0 1 0 1 0 0 0 0 1 1 0 0 1 0 1 1 1 0 0 1 0 0 1 0 1 0 0 1 0 0 0 0 1 1 1 1 1 0 1 1 1 1 1 1 1 0 1 0 1 1 1 1 0 1 1 1 1 0 1 0 0 1 1 1 0 1 0 1 1 1 1 1 1 1 0 0 1 0 1 1 0 0 0 1 0 1 0 1 1 1 0 0 
0 0 0 0 0 0 1 1 1 1 0 0 1 1 1 1 0 0 1 1 0 1 0 0 0 1 1 0 1 0 0 1 1 1 1 1 0 0 1 0 0 0 1 0 1 0 0 0 1 0 0 1 0 1 1 0 0 1 0 1 0 1 1 0 0 0 0 1 1 1 1 0 0 1 0 0 1 1 0 0 1 0 0 1 1 0 1 1 0 0 1 0 0 1 0 1 0 1 1 0 1 1 0 0 1 0 1 1 0 1 1 1 0 0 1 0 1 1 1 1 1 1 0 1 1 0 1 1 0 1 0 1 0 0 0 1 1 0 0 1 0 1 0 0 1 1 1 1 1 1 0 0 1 0 1 1 0 1 0 0 0 1 0 1 1 0 1 1 1 1 0 1 0 1 1 0 0 0 1 0 0 0 1 1 1 0 1 0 1 0 0 0 0 0 0 1 0 1 0 1 1 0 0 1 0 0 0 1 0 1 0 0 1 1 
1 1 0 1 0 1 1 1 0 1 0 1 0 1 0 0 0 1 0 0 0 0 0 0 1 1 1 0 1 1 1 0 0 0 1 1 1 0 0 0 0 0 1 1 1 0 0 0 1 0 1 0 1 1 0 0 0 0 0 1 0 0 0 1 1 1 1 0 1 0 1 1 1 0 1 0 1 0 0 1 1 1 1 1 1 1 1 1 1 1 1 0 1 0 0 1 1 0 1 1 0 0 1 1 0 0 0 1 0 1 1 1 0 1 0 1 1 0 1 0 0 0 1 1 1 0 0 0 1 0 1 0 1 0 1 1 0 1 1 0 0 1 1 0 1 0 1 1 1 1 1 0 0 1 1 1 1 0 1 0 1 0 1 0 0 1 1 0 0 1 1 1 0 0 1 1 0 0 1 0 1 1 0 1 0 1 0 1 0 0 0 1 0 1 0 0 0 0 0 1 1 0 0 0 0 1 0 0 1 0 1 0 0 0 
0 0 1 1 0 1 0 0 0 1 1 1 0 0 0 0 1 0 1 1 1 1 0 0 0 1 1 0 1 1 0 1 1 1 1 1 0 1 0 0 1 1 0 1 0 1 1 0 0 0 1 0 1 0 1 0 1 0 0 1 0 0 0 1 1 0 0 0 1 1 0 0 0 1 0 0 0 1 1 1 0 1 0 1 0 0 0 1 0 1 0 1 1 0 1 1 1 1 0 0 0 1 0 0 1 0 0 0 0 1 0 0 0 0 1 1 1 1 0 1 0 0 1 0 0 0 0 1 1 1 1 1 0 1 0 0 0 0 0 1 1 1 0 1 0 0 1 0 0 1 0 0 0 0 1 1 0 0 0 1 0 0 1 1 1 0 0 1 0 1 1 0 1 1 1 0 1 1 0 1 0 1 0 1 1 1 0 0 0 1 0 0 1 0 0 1 0 1 0 1 1 1 1 0 1 0 1 1 1 1 0 1 0 0 
1 1 1 0 0 1 0 1 0 1 0 1 0 0 0 1 1 0 1 1 0 1 1 1 0 1 1 0 0 0 1 1 0 1 0 0 1 0 0 0 1 0 0 1 0 1 1 0 1 0 1 1 1 0 0 0 0 1 1 0 0 1 0 1 0 0 0 0 0 0 0 1 0 1 1 0 1 0 0 1 0 1 0 0 1 1 1 0 1 0 0 1 0 1 0 1 0 1 0 0 0 0 0 1 0 0 1 1 0 1 0 1 0 0 0 1 0 0 1 1 1 1 1 0 1 1 0 1 1 1 0 1 0 1 0 1 0 1 0 1 0 0 1 1 0 0 0 0 1 1 1 0 0 1 0 0 0 0 1 1 1 1 1 1 0 0 0 1 0 0 1 0 1 1 1 0 0 1 1 1 0 1 1 0 0 1 1 1 0 0 0 0 1 0 1 1 1 1 0 1 0 1 1 0 1 1 0 0 1 0 1 0 1 1 
0 0 0 1 1 1 1 0 1 1 1 1 1 1 1 1 0 0 0 1 0 0 0 1 1 1 1 0 0 1 0 0 1 1 0 0 1 1 0 0 0 0 1 0 1 0 1 1 1 0 1 0 0 1 0 0 0 0 1 1 0 1 1 0 1 1 1 1 1 1 0 0 1 0 1 1 1 1 1 0 1 1 0 0 1 1 1 1 0 1 1 0 1 1 1 0 1 0 0 0 0 1 0 0 0 0 0 0 0 1 0 1 1 0 0 1 0 0 0 0 0 1 1 0 1 0 0 0 0 1 1 1 0 0 0 1 0 0 1 0 1 1 1 0 0 1 1 0 1 1 0 0 1 1 0 0 0 0 0 1 0 1 1 0 1 0 0 0 1 0 1 1 1 0 1 1 0 1 0 0 0 0 1 1 0 0 1 1 1 0 1 1 0 0 1 0 0 0 0 0 0 1 0 1 0 0 0 1 1 0 0 1 1 1 
0 0 1 0 0 1 1 1 0 0 1 1 1 0 0 0 1 0 1 1 0 0 1 0 1 0 1 1 0 1 0 0 0 0 1 0 1 1 1 1 1 1 0 1 0 1 1 0 0 1 1 1 0 0 0 1 1 1 0 1 1 1 1 0 0 0 0 1 0 1 0 1 0 1 1 1 0 1 0 1 0 1 0 1 1 0 0 1 0 1 1 1 1 0 1 0 1 0 1 0 1 0 1 1 1 1 0 0 1 0 0 1 0 1 0 0 1 0 1 0 0 1 1 1 1 0 0 1 1 1 1 0 1 1 1 1 0 1 0 1 0 1 1 0 1 0 1 0 0 0 1 1 0 1 1 0 0 0 1 1 0 1 0 1 0 1 0 0 1 0 1 0 0 1 1 1 0 0 1 1 1 0 1 1 0 0 1 0 0 0 1 0 0 0 1 1 0 0 0 1 0 1 0 1 0 0 0 1 1 0 1 0 0 0 
1 1 1 1 1 1 1 0 1 1 1 0 1 0 1 0 1 1 1 0 0 0 0 0 0 0 0 1 0 0 0 1 0 1 1 1 1 1 1 0 0 0 0 1 1 0 0 0 0 1 1 0 1 1 0 0 1 0 0 1 0 1 0 1 0 0 0 1 1 1 0 1 0 0 0 0 1 0 0 1 0 1 1 1 0 0 1 0 0 1 0 1 0 0 0 1 0 1 0 0 0 1 0 1 1 0 0 0 1 1 0 1 1 1 1 1 1 0 0 1 0 0 1 1 0 1 1 0 1 1 1 0 0 1 1 1 0 1 0 1 0 1 1 1 1 0 1 0 0 1 1 1 0 1 0 1 0 0 0 1 1 0 1 1 0 1 1 0 1 0 1 1 1 1 1 0 1 0 1 0 1 1 1 0 1 0 1 0 1 0 1 1 0 0 1 1 0 0 1 0 1 0 1 0 0 0 0 0 1 1 0 0 0 0 
0 0 1 1 1 0 0 1 1 0 0 0 1 0 1 1 0 1 1 0 1 0 1 1 0 0 0 0 1 0 1 1 1 0 0 1 0 1 0 1 0 1 1 0 1 0 1 1 0 1 1 0 1 0 1 1 0 1 1 0 0 1 0 0 1 1 0 0 1 1 1 0 1 0 0 1 0 1 0 1 0 0 0 0 1 1 1 1 0 0 0 0 0 1 1 1 0 1 0 1 0 1 1 0 1 1 1 0 1 1 0 0 0 1 1 1 0 1 1 0 1 0 0 1 1 1 1 0 1 1 0 1 0 0 0 0 1 1 0 1 1 1 0 0 0 1 0 1 0 1 1 0 1 0 1 1 0 0 0 1 0 0 0 0 1 0 1 0 1 0 1 1 1 1 0 0 0 0 0 0 0 0 0 1 0 0 1 0 0 0 1 0 1 1 1 0 0 1 1 1 0 1 0 1 1 0 0 1 1 1 1 1 1 0 
1 0 1 1 0 1 1 1 1 0 1 0 1 1 1 1 0 0 0 1 1 1 1 1 0 0 1 1 1 0 0 0 0 0 1 0 1 0 1 0 0 0 0 1 1 1 0 1 0 0 1 1 1 1 0 0 0 1 1 0 1 0 1 1 0 0 1 0 1 0 1 1 1 1 1 0 0 0 1 1 1 0 0 1 0 0 0 1 0 0 0 1 1 1 1 0 1 0 1 0 0 1 1 1 0 0 1 0 0 0 1 0 1 0 1 1 0 1 1 0 0 1 1 0 0 1 0 0 1 1 0 1 0 1 1 1 0 0 0 1 1 1 0 1 0 0 0 0 1 0 0 0 0 1 0 1 0 1 0 1 1 1 1 1 1 1 1 1 0 0 0 1 1 0 1 0 1 1 0 0 1 1 1 1 0 0 1 1 1 1 0 1 1 1 0 0 0 0 1 0 1 1 0 1 1 0 0 1 1 1 0 0 1 0 
0 0 1 0 1 0 1 1 0 1 1 1 0 1 1 1 0 1 0 1 1 1 0 1 0 1 1 0 0 1 0 1 1 0 1 0 0 1 1 1 1 1 1 0 0 1 0 1 0 1 0 0 0 0 1 0 1 1 0 0 1 0 1 0 0 1 1 0 0 1 1 1 1 0 1 0 0 0 1 1 1 1 0 0 1 1 1 1 1 1 1 0 1 0 1 1 0 0 0 0 0 1 0 1 0 0 1 1 0 1 1 1 0 1 1 1 0 0 1 0 0 0 1 0 1 0 1 1 0 1 0 1 0 1 0 0 1 0 1 0 1 0 0 0 1 1 1 1 0 0 1 1 0 1 0 0 0 0 1 1 0 1 1 0 1 1 0 0 1 0 1 1 1 1 0 1 0 0 0 0 0 0 1 0 1 1 0 1 1 0 0 0 1 1 0 1 1 0 1 0 1 0 0 0 1 1 1 0 1 0 1 1 0 1 
1 0 1 1 1 0 1 1 1 0 1 0 1 0 0 1 1 1 1 0 0 0 1 0 0 1 0 1 0 0 0 0 0 0 1 1 0 0 0 0 1 0 0 0 1 1 1 1 0 1 0 0 1 1 1 0 1 0 1 1 1 1 1 0 1 1 1 0 0 0 1 0 0 0 1 1 1 0 1 1 0 1 0 1 0 0 0 1 1 1 0 0 0 1 0 0 1 0 0 1 0 0 0 1 1 1 0 1 0 0 1 0 0 1 0 1 0 1 1 1 1 1 0 1 1 1 1 0 1 0 0 0 1 0 1 1 0 1 1 1 1 1 0 1 1 1 1 1 1 1 0 0 0 0 0 0 1 0 0 0 0 0 0 0 0 1 0 0 0 1 0 0 1 0 0 1 1 0 1 0 0 0 0 1 0 1 1 0 0 1 0 1 0 0 1 1 0 0 1 1 0 1 1 1 0 1 1 1 1 1 0 0 1 1 
0 0 1 0 1 0 1 0 1 0 1 0 0 0 0 0 1 1 0 1 0 0 1 0 1 1 0 1 1 0 0 0 0 0 0 0 1 1 0 0 1 1 0 0 1 0 1 1 1 1 1 1 0 1 0 1 0 0 0 1 0 1 0 0 0 1 1 0 1 1 0 0 0 0 1 1 0 0 1 0 0 1 1 0 1 1 0 0 1 1 1 1 0 0 0 0 1 1 0 1 0 0 0 0 0 1 1 0 0 1 1 1 1 1 1 0 0 1 0 0 1 1 0 1 1 1 0 1 1 0 0 1 1 1 1 1 1 1 0 1 1 0 1 1 1 1 0 0 1 0 1 0 0 1 1 0 0 0 1 0 0 1 1 1 1 0 0 0 0 0 0 0 1 0 0 0 0 0 1 0 0 1 1 1 1 0 1 1 1 0 0 0 1 0 1 1 0 0 0 0 0 0 1 0 1 1 0 0 0 0 1 0 1 1 
0 1 1 0 0 1 1 1 0 0 0 1 1 1 0 0 1 0 1 0 0 1 0 1 0 1 1 0 0 0 0 0 0 1 0 0 1 0 1 1 0 1 0 0 1 0 0 0 0 1 0 1 1 1 1 0 0 0 0 0 0 1 1 0 0 1 1 1 1 0 1 1 1 1 0 0 0 0 0 1 1 1 1 1 0 0 0 1 1 1 1 1 1 0 1 0 0 0 0 0 0 1 1 1 0 0 0 0 0 1 0 0 1 0 0 1 0 1 0 0 0 1 0 0 1 0 0 0 1 1 1 0 0 1 0 1 1 0 1 1 0 0 0 1 1 0 1 0 1 1 1 0 0 1 0 1 1 1 0 0 1 0 0 1 0 1 0 0 1 0 1 1 1 0 0 0 1 1 1 1 1 1 0 1 0 0 1 0 1 0 1 0 0 1 1 1 0 1 1 0 0 0 0 0 0 0 1 1 1 0 0 1 1 1 
0 1 1 1 0 0 0 0 0 0 1 1 0 0 0 0 0 1 1 1 1 1 0 0 0 0 1 1 1 0 1 0 1 0 0 0 0 1 1 0 0 1 0 0 0 0 1 0 1 1 0 1 1 0 0 0 0 1 0 1 1 1 0 1 0 0 1 1 0 0 1 1 0 0 1 0 1 1 0 1 0 1 1 0 1 0 1 0 1 1 1 0 1 1 1 1 1 1 1 1 1 0 1 1 0 1 0 1 1 0 0 0 0 0 1 1 1 0 1 1 1 0 1 1 0 1 1 1 1 0 0 0 0 1 0 1 1 0 1 1 1 0 0 0 1 1 1 1 1 1 1 1 1 1 0 1 0 1 1 0 0 0 1 0 0 1 0 0 0 1 1 0 1 1 1 1 1 1 1 1 1 1 1 0 0 1 1 0 1 0 0 0 1 1 1 0 0 1 0 0 1 1 0 1 1 0 1 1 0 0 0 1 0 1 
1 0 0 1 1 0 1 1 0 0 0 0 0 1 0 0 1 0 1 1 1 1 0 0 1 1 1 0 0 0 0 0 1 0 0 1 1 0 1 0 0 1 0 1 0 0 0 1 0 0 1 0 0 0 1 1 0 1 0 0 1 0 0 0 0 1 0 1 0 0 0 1 1 0 0 1 0 1 0 0 1 0 0 0 1 1 1 1 0 1 1 0 0 1 1 1 1 1 0 0 0 0 0 0 1 1 1 1 0 0 0 0 0 1 0 0 1 0 1 1 1 1 1 0 0 0 0 1 1 1 0 1 1 1 0 0 1 0 0 0 0 1 1 1 1 0 0 1 1 0 0 0 0 0 0 0 0 1 0 0 1 1 0 1 0 1 0 1 0 1 1 1 1 1 1 1 1 1 0 0 1 1 0 1 1 0 1 1 1 0 0 1 0 0 0 0 1 1 1 0 0 1 0 0 1 0 1 1 0 1 0 1 1 1 
0 0 0 1 0 0 0 1 0 1 1 1 1 0 1 0 1 0 1 0 1 1 0 1 0 0 1 1 0 0 1 0 0 1 1 0 1 1 0 0 1 1 0 0 0 1 0 0 0 1 0 1 0 0 1 1 1 0 1 1 0 0 1 0 0 1 0 1 0 1 1 0 0 0 0 1 1 0 1 0 0 1 0 0 1 1 0 1 1 1 0 1 0 0 1 0 1 1 0 1 1 1 1 0 0 1 0 1 0 0 0 0 0 1 1 1 0 1 1 1 1 1 1 0 0 0 1 1 0 1 0 0 0 1 1 0 0 0 1 0 0 0 0 1 1 1 1 1 1 0 1 1 0 0 0 1 0 1 0 1 1 1 1 0 1 1 0 0 1 1 0 1 1 1 1 0 1 0 0 0 0 0 1 1 0 1 1 0 1 1 1 0 0 0 1 1 1 0 1 1 1 1 1 1 1 0 1 0 1 1 0 1 0 1 
0 0 1 0 0 1 0 1 0 1 1 0 0 0 1 1 0 0 0 1 0 0 0 1 1 0 1 0 1 0 0 0 0 1 0 0 0 0 1 1 0 1 0 1 1 0 0 0 0 0 1 1 0 0 0 0 1 1 1 1 1 1 1 1 0 1 1 1 1 0 1 1 1 1 0 0 0 0 1 0 1 0 0 0 1 0 0 0 1 1 1 1 0 0 1 1 0 0 0 0 1 0 1 0 1 0 0 1 1 0 0 0 0 0 1 1 0 0 0 1 0 0 0 0 1 1 1 1 0 0 0 0 1 1 1 0 1 1 1 0 0 0 0 1 1 1 1 1 0 1 1 0 0 1 0 0 1 0 0 0 1 0 1 1 0 0 0 0 0 0 0 0 1 0 1 1 1 0 0 1 0 1 1 1 1 1 1 1 1 0 1 0 0 0 0 1 1 1 1 0 1 0 0 0 1 0 1 1 1 0 1 0 1 0 
0 1 1 0 1 1 1 1 0 0 0 0 1 1 1 0 1 1 0 1 1 1 1 1 0 0 0 0 1 0 1 0 0 0 1 1 1 0 0 1 1 1 0 1 1 0 0 0 0 0 0 1 0 1 1 0 0 0 1 1 0 0 0 0 0 0 0 0 1 1 1 1 1 1 1 1 1 0 0 0 1 0 0 1 0 1 0 1 0 1 1 1 0 1 1 1 0 1 0 0 0 1 1 1 0 1 1 1 0 0 1 1 0 0 1 0 1 1 1 0 0 1 0 0 1 0 0 0 0 0 1 1 0 0 1 1 1 0 0 1 0 0 0 1 0 0 1 1 1 1 0 1 1 1 1 1 1 1 1 1 0 0 1 0 1 1 0 0 0 0 0 1 1 1 0 0 0 1 1 1 0 0 1 0 1 0 1 0 1 1 0 1 1 0 0 1 1 0 0 1 0 1 0 0 0 0 0 0 0 1 0 0 0 1 
1 0 0 0 0 0 0 1 1 0 1 1 1 0 1 0 0 0 0 1 0 1 1 1 0 0 0 0 0 0 0 1 1 1 1 1 0 0 1 0 0 1 1 0 1 1 0 1 0 1 1 1 0 0 1 0 1 1 0 1 0 1 1 1 1 1 1 1 0 1 0 1 0 0 1 0 0 0 1 0 0 1 0 1 1 1 1 1 1 0 1 1 1 0 1 0 1 0 1 0 0 0 1 1 1 1 0 1 0 1 0 1 1 1 0 1 0 1 1 1 1 1 0 0 0 0 0 0 0 0 0 1 0 0 1 1 0 0 1 0 0 1 1 1 0 0 1 0 1 0 0 1 0 0 1 1 1 1 1 0 1 1 1 1 0 1 1 1 1 0 1 0 0 0 1 0 0 0 1 1 1 1 1 1 1 1 1 0 1 1 0 1 1 1 0 1 1 0 0 0 0 0 1 1 1 0 1 1 0 0 0 1 0 1 
0 1 1 1 1 1 0 0 1 0 0 0 1 1 0 0 0 1 1 0 0 0 0 1 0 1 0 0 0 1 1 0 0 1 0 1 0 1 0 0 1 0 1 0 0 0 1 1 0 0 0 0 0 0 0 0 0 1 0 0 0 0 0 0 0 1 0 1 0 0 0 1 0 0 1 1 1 1 0 1 0 0 1 1 1 0 1 0 0 1 0 0 1 1 0 0 0 1 1 1 1 0 1 1 1 1 1 0 1 1 0 1 1 0 1 0 0 1 1 0 0 1 0 0 1 0 1 0 0 0 1 1 1 1 1 0 0 0 0 0 1 1 0 0 1 0 1 1 1 0 0 1 0 1 1 0 0 0 0 1 0 0 0 0 0 1 0 0 1 1 0 0 1 0 1 0 0 0 1 0 1 1 0 0 1 1 1 0 0 0 0 1 1 0 1 0 0 0 1 0 1 0 1 1 0 0 1 1 0 0 1 0 0 0 
1 0 0 0 1 0 1 1 1 0 0 0 1 0 0 1 0 0 0 0 0 1 1 0 0 0 0 0 1 1 1 1 0 1 0 0 0 1 1 0 0 0 1 1 0 1 1 0 1 1 1 0 0 0 1 1 1 1 0 0 1 1 0 0 0 1 0 1 1 0 1 0 1 1 0 1 0 0 0 0 0 0 1 0 0 0 0 0 0 1 0 0 0 1 0 0 1 1 1 0 0 1 1 0 0 0 0 0 0 1 1 0 0 1 0 0 0 0 1 0 1 1 1 1 1 1 0 1 1 1 0 1 0 1 0 1 0 0 1 0 0 0 1 0 1 1 0 0 1 0 1 0 1 1 0 1 0 1 0 1 1 1 1 1 0 0 0 1 0 1 1 1 1 0 1 0 1 0 0 1 1 0 1 1 0 1 0 0 0 0 1 0 0 1 0 0 0 0 1 0 1 1 1 1 1 0 1 0 1 1 1 1 1 1 
1 0 0 1 1 1 0 1 0 1 0 0 1 0 0 0 1 0 1 0 0 1 0 1 0 0 1 0 1 0 0 0 0 1 1 0 1 1 0 0 1 1 0 0 1 0 1 1 0 0 0 0 0 1 1 0 0 0 0 1 1 1 0 0 1 1 1 1 0 0 0 1 0 0 0 1 0 0 1 1 0 0 0 0 0 1 0 1 1 0 0 1 0 0 1 1 1 0 1 0 0 0 0 1 1 0 1 1 1 0 0 1 0 1 1 1 0 0 1 1 1 1 1 0 1 1 1 1 1 0 0 1 0 0 0 1 1 1 0 0 0 0 0 1 0 0 1 1 1 1 0 0 0 0 1 1 0 0 0 1 1 1 0 0 1 0 1 0 0 1 0 0 1 0 0 1 0 0 1 1 1 0 1 1 0 0 1 1 1 1 0 0 0 0 0 0 0 0 1 0 1 1 1 1 1 1 0 0 1 0 0 1 1 1 
0 1 1 0 0 0 1 0 0 1 1 0 0 0 1 1 0 0 1 0 1 1 0 1 1 1 1 1 1 1 1 1 0 0 1 0 0 1 1 0 1 0 0 0 1 1 0 1 1 0 1 1 1 0 0 0 0 1 1 0 0 1 0 1 0 1 0 0 1 1 0 0 0 1 0 0 1 1 1 0 1 1 1 1 1 0 0 1 0 0 0 0 1 0 1 0 1 1 0 1 0 1 0 1 1 1 1 0 0 1 1 1 0 1 1 1 1 1 0 0 1 0 1 0 1 0 1 0 1 1 0 0 1 1 1 0 1 1 1 0 0 0 1 0 0 0 0 1 1 0 0 0 0 0 0 1 1 0 0 1 0 1 0 1 1 0 1 1 1 1 1 1 1 0 0 0 0 0 1 1 1 1 1 1 0 0 0 0 1 0 1 1 1 0 0 1 1 1 0 0 1 1 1 0 0 1 1 0 0 1 0 1 1 0 
1 1 1 0 0 0 1 1 1 0 1 0 0 1 1 1 0 1 1 0 0 1 0 1 1 0 1 1 1 0 1 1 1 0 0 0 1 0 0 0 0 0 0 0 0 1 1 1 0 0 1 1 1 0 1 1 0 0 0 0 0 0 1 0 1 1 0 0 1 0 1 1 1 1 0 1 0 1 0 0 1 1 0 1 0 0 1 1 1 0 1 1 1 0 1 1 1 0 1 1 0 0 1 0 0 0 1 0 0 1 1 1 1 0 1 0 0 1 0 0 0 1 0 1 0 0 1 0 0 1 0 0 1 1 1 1 1 0 0 1 1 0 0 0 0 1 1 0 1 0 0 1 0 0 0 0 1 1 1 0 1 0 1 0 0 1 1 1 0 1 0 0 1 0 1 0 1 1 0 1 1 1 0 1 1 1 1 1 1 0 0 1 1 0 1 1 0 0 1 1 1 1 0 0 1 0 1 1 1 1 0 0 1 1 
1 1 0 0 0 1 1 0 0 0 0 0 1 0 0 1 0 1 0 1 0 0 1 1 0 1 0 0 1 0 1 0 0 1 0 0 1 0 1 0 1 1 1 0 1 1 0 0 0 1 0 0 1 0 1 1 0 0 0 0 0 1 1 0 1 1 0 1 0 1 1 1 1 0 1 1 1 0 0 1 0 1 0 0 0 1 0 0 0 0 0 0 1 1 1 0 1 0 0 1 0 0 0 1 0 0 1 1 0 1 1 1 0 0 1 0 1 1 1 0 0 1 0 1 0 0 1 0 1 0 1 0 0 0 1 1 0 1 1 1 0 1 0 1 1 0 1 0 0 1 1 0 1 1 0 1 0 1 0 1 1 1 0 0 0 1 0 1 0 1 0 0 0 0 1 1 1 0 0 0 0 0 0 0 0 0 0 1 1 1 0 0 1 1 1 1 0 1 1 0 1 1 1 0 1 0 1 1 1 1 1 1 0 1 
1 1 1 1 0 1 1 0 1 1 1 1 0 1 0 0 0 1 1 0 1 0 1 0 1 0 0 1 1 0 1 0 0 0 0 1 1 0 1 1 1 1 1 1 1 1 1 0 1 0 0 0 0 0 1 0 1 1 0 0 0 0 1 0 0 0 0 0 0 0 0 0 1 0 1 1 0 0 0 0 0 1 0 1 0 0 0 0 0 1 0 1 0 0 0 1 1 0 0 1 1 1 0 0 1 0 1 1 1 0 1 1 0 1 1 1 1 1 0 1 1 0 1 0 0 1 1 1 1 1 1 1 0 0 1 1 0 0 1 1 0 0 0 0 1 0 1 0 0 1 1 0 1 0 0 1 0 0 1 0 1 0 1 0 1 1 0 1 0 1 1 0 0 0 1 0 0 0 1 0 1 1 0 1 1 0 1 1 0 1 0 0 1 1 0 0 1 0 0 0 0 0 1 1 0 1 0 0 0 1 0 1 0 1 
1 1 0 0 0 0 0 0 0 1 0 1 1 1 1 0 1 1 0 1 1 1 1 1 0 1 0 1 1 1 0 0 0 0 0 1 0 0 1 0 1 1 0 1 1 1 1 0 1 0 1 1 0 0 1 1 0 1 0 1 1 0 0 1 0 0 1 1 0 1 0 1 0 1 1 1 0 0 0 0 0 1 1 1 0 1 0 0 0 0 1 0 1 1 1 0 0 1 1 1 1 1 1 0 1 1 0 0 0 1 1 1 0 0 0 0 1 1 1 0 0 1 0 1 0 0 0 0 1 1 0 1 1 0 1 0 0 1 1 1 0 0 1 1 1 1 1 0 0 1 0 1 0 0 1 0 0 0 0 0 1 1 1 1 0 0 1 1 1 0 0 0 1 0 1 0 1 0 0 0 1 0 0 0 0 0 1 1 1 1 1 1 0 1 1 0 1 1 1 1 1 1 1 0 1 0 1 1 0 0 1 0 1 1 
0 0 0 0 0 1 0 0 1 1 0 1 0 0 1 0 1 0 0 0 1 1 0 1 1 0 1 0 1 0 0 0 1 0 1 1 0 0 1 0 0 0 1 0 1 0 1 1 1 0 1 0 1 0 1 0 0 0 0 1 1 0 0 1 1 1 1 0 0 1 0 1 0 0 1 1 0 0 1 1 1 0 0 1 0 0 1 0 0 0 1 0 0 0 1 1 1 1 0 0 0 1 1 1 0 0 1 1 0 1 0 0 0 0 0 0 1 0 0 1 1 0 1 0 0 1 0 1 1 1 0 1 0 0 1 0 0 0 0 1 0 1 1 1 1 1 0 0 1 1 1 0 0 0 0 1 1 1 0 1 0 0 1 0 0 0 1 1 0 0 1 1 1 1 0 1 0 0 1 0 0 0 0 1 1 1 1 0 1 1 0 0 0 1 0 1 0 1 1 0 1 0 1 1 0 0 0 1 0 1 0 0 1 0 
1 0 0 0 1 0 1 1 1 1 1 1 0 1 0 0 0 0 1 0 1 1 1 0 1 0 0 1 0 0 1 0 0 1 1 1 0 1 0 0 0 1 0 0 1 1 1 1 0 0 0 1 1 1 1 0 0 0 0 1 0 1 0 1 1 1 1 1 1 0 0 1 1 1 1 1 0 0 0 0 1 1 0 1 1 0 0 0 1 0 1 1 1 1 0 0 1 1 0 1 1 1 0 1 0 1 1 1 1 0 0 0 1 1 0 1 1 1 1 0 0 0 0 0 0 1 1 0 0 0 1 1 1 0 1 1 0 1 1 1 1 1 1 1 0 1 0 0 1 0 0 1 0 1 1 1 1 1 1 1 1 1 0 0 0 1 0 1 1 0 0 1 1 0 1 1 1 0 1 1 0 1 0 1 0 1 1 1 0 1 1 1 0 1 0 0 0 1 1 0 1 0 1 1 0 0 1 1 1 0 0 0 1 1 
1 0 1 0 0 0 0 0 0 1 1 0 1 0 1 0 1 0 1 0 0 0 1 0 1 1 0 0 0 1 0 0 1 1 0 1 0 0 0 1 0 1 1 1 1 0 0 0 1 1 0 0 0 1 1 0 0 0 0 1 0 0 0 1 0 0 0 1 1 1 0 1 0 0 1 0 1 0 1 0 0 1 1 0 1 0 0 1 1 1 1 0 0 1 1 1 0 0 0 1 0 0 1 1 1 0 1 1 0 1 0 0 1 0 0 0 1 1 0 0 0 1 0 1 1 0 0 0 1 0 1 0 1 0 0 0 1 0 0 1 1 1 0 1 1 0 0 0 0 0 1 1 0 0 0 1 1 1 0 1 0 1 1 0 0 1 0 0 1 0 0 0 1 1 1 0 1 0 1 1 0 1 1 1 0 1 0 0 1 0 1 0 1 0 0 0 1 0 0 1 1 0 0 1 1 0 1 1 1 1 1 1 1 1 
1 1 1 0 1 0 1 0 1 0 1 1 1 0 1 1 1 0 1 1 1 0 0 0 0 1 0 0 0 1 1 1 0 0 1 0 0 0 1 1 1 0 1 1 1 1 0 0 0 0 1 0 1 1 0 0 1 1 1 0 0 1 0 1 1 0 1 1 0 1 1 1 0 1 0 0 0 1 1 0 1 0 0 0 0 0 0 1 0 0 0 1 1 0 1 0 1 0 0 0 0 0 1 1 0 1 1 0 0 1 0 1 1 0 0 1 0 1 1 1 1 1 0 0 1 0 0 0 1 1 1 0 0 1 0 0 1 0 1 0 1 1 0 1 1 1 0 0 1 0 1 0 0 0 0 0 0 1 1 1 1 1 0 0 1 0 0 0 0 0 0 0 0 0 0 0 1 1 0 0 1 1 0 0 1 0 0 1 1 0 0 1 1 1 0 0 1 1 1 1 1 1 1 1 0 1 0 0 1 1 0 0 1 1 
0 0 0 0 0 1 1 0 1 1 0 0 1 1 0 0 1 0 1 1 0 1 0 1 0 1 0 1 0 0 1 0 1 0 0 0 0 1 0 0 0 0 1 0 0 1 0 0 1 0 1 0 0 1 1 0 0 1 1 0 0 1 1 1 1 0 0 0 1 0 0 1 0 1 1 0 0 0 1 1 1 0 1 0 1 0 1 1 1 1 1 1 1 1 0 0 1 0 1 1 0 1 0 0 0 1 0 1 0 1 1 1 1 0 0 0 1 1 0 0 0 1 0 1 0 0 0 0 0 0 1 0 1 0 1 1 1 0 0 1 1 0 1 0 1 1 1 0 1 1 1 0 1 0 1 0 1 0 0 0 0 0 1 0 1 1 1 1 0 1 0 1 0 1 0 1 1 1 0 0 1 0 0 1 0 1 1 1 1 1 1 1 1 1 1 0 0 0 0 0 0 0 1 0 0 0 0 1 0 0 0 1 1 0 
0 0 0 1 0 0 1 1 1 0 0 1 0 0 0 1 1 0 0 1 1 0 1 0 1 1 0 0 0 1 0 0 1 0 0 0 0 0 1 1 0 0 1 1 1 1 1 1 0 0 1 1 0 1 0 1 1 1 0 1 0 1 1 1 1 0 0 0 0 0 1 1 1 0 1 1 1 1 1 0 0 1 1 1 0 1 0 1 0 1 0 0 1 0 0 0 0 1 1 1 0 1 1 1 1 0 1 1 1 1 1 0 0 0 0 0 1 1 1 0 1 1 1 1 0 1 1 0 0 1 0 1 0 1 0 0 0 1 0 1 1 1 1 1 1 0 1 0 0 0 0 1 1 1 1 1 0 1 1 0 1 0 0 1 0 1 0 1 1 1 0 1 1 1 1 0 0 0 1 0 1 1 1 1 1 0 1 1 1 1 0 1 0 1 1 1 0 1 1 0 1 0 0 0 1 0 1 1 1 0 0 1 0 1 
0 1 0 1 1 0 0 0 1 1 0 0 0 1 1 1 0 1 0 1 1 1 0 1 0 1 1 0 1 0 1 1 1 1 1 1 0 1 1 1 0 0 0 0 1 0 1 1 0 0 0 1 0 0 0 0 0 0 1 1 1 1 1 1 0 0 0 0 0 1 1 1 0 1 0 1 1 1 1 1 1 1 1 0 0 0 1 0 1 1 1 0 0 1 0 0 1 0 1 1 1 1 1 1 1 1 0 0 1 0 1 1 0 0 0 0 1 0 1 1 0 1 1 1 0 0 1 0 1 0 1 0 1 1 0 0 0 1 1 1 0 0 1 1 1 0 1 1 1 1 0 0 0 0 0 1 0 0 0 0 0 0 0 0 1 0 1 0 0 1 1 0 1 0 0 0 0 0 1 1 1 0 1 0 1 0 0 0 0 0 0 1 0 0 0 0 0 0 0 0 0 0 0 0 1 1 1 1 0 1 1 0 0 0 
1 0 1 0 1 1 0 1 1 1 1 0 1 1 0 0 0 1 1 0 0 0 0 0 0 1 1 0 0 1 1 0 0 1 0 1 1 1 0 0 1 0 0 1 0 0 1 1 1 0 1 1 0 1 0 1 1 1 0 1 0 1 1 0 1 1 0 1 0 0 1 1 0 0 1 0 0 0 0 1 1 0 1 1 0 0 0 0 1 1 1 0 0 1 1 1 0 1 1 0 1 1 1 0 0 0 0 0 1 0 0 0 0 1 0 1 0 0 0 0 1 1 0 0 1 1 1 1 0 1 0 1 1 1 0 1 0 1 0 1 1 1 1 0 0 0 1 1 1 0 1 0 0 0 0 1 0 1 0 0 0 0 0 0 1 1 0 1 0 0 1 1 1 0 0 0 1 1 0 1 0 1 1 0 0 1 0 1 0 0 1 0 0 1 1 0 1 0 1 1 0 1 1 1 0 0 1 0 1 0 1 1 0 1 
0 0 1 0 1 1 1 1 1 1 0 0 0 1 1 1 0 1 1 0 1 0 1 1 1 0 1 1 1 1 1 1 0 0 1 1 1 0 0 1 1 0 1 1 0 0 0 1 0 0 0 1 0 0 0 1 1 1 0 1 0 0 0 0 1 1 0 1 0 1 1 0 0 1 1 0 1 0 1 0 1 1 0 0 0 0 1 0 0 1 0 0 1 0 0 1 1 0 1 1 1 0 0 1 1 1 0 1 0 0 1 0 0 1 1 1 1 1 0 0 0 1 1 1 1 0 0 0 1 0 1 0 1 0 0 0 1 1 0 1 0 1 0 1 0 1 0 1 0 0 0 1 1 1 0 0 1 0 0 1 1 1 1 1 1 0 0 0 0 1 0 0 1 0 0 1 1 1 0 1 1 0 1 0 0 1 1 1 0 1 0 1 1 0 1 1 0 0 0 1 0 0 1 0 0 0 1 1 1 1 0 1 1 1 
0 0 0 1 0 0 1 1 0 0 0 0 1 1 1 0 1 0 1 1 1 0 0 0 0 1 0 0 0 0 0 1 0 0 1 0 1 1 0 0 1 1 1 1 1 1 1 1 1 1 1 0 1 0 0 1 0 1 1 0 1 1 1 1 0 1 0 1 0 0 0 1 0 1 0 0 1 0 1 1 0 1 0 0 0 1 1 1 1 1 0 1 0 0 1 0 0 1 0 0 0 1 0 0 0 0 1 1 0 0 1 0 1 0 0 1 0 0 1 1 0 0 1 0 1 1 0 1 0 1 1 1 0 1 1 0 1 1 0 0 0 1 0 1 1 1 0 0 0 1 0 0 1 0 1 1 1 1 0 1 0 1 0 1 0 0 1 0 1 1 0 0 1 0 0 0 0 0 1 1 1 0 1 1 1 0 1 0 1 0 0 0 1 1 1 1 1 1 0 0 1 1 1 0 1 0 1 1 1 1 1 0 0 1 
0 0 1 1 0 0 1 1 0 1 1 1 1 0 1 1 0 1 0 0 1 1 0 1 1 0 1 0 0 0 0 1 1 0 0 0 0 0 1 0 0 1 0 0 1 1 1 0 0 1 0 0 1 0 0 0 0 0 1 0 0 1 1 0 0 1 1 1 1 1 0 0 1 1 0 1 0 1 1 0 0 1 1 1 0 1 1 0 0 1 0 1 1 0 1 0 0 0 1 1 0 1 1 0 1 1 0 1 1 1 1 1 1 0 0 1 1 0 1 1 0 0 0 0 0 0 1 0 1 1 1 0 1 0 0 0 0 1 1 0 1 1 0 1 0 1 0 0 0 0 1 0 1 1 0 0 0 1 1 1 1 1 1 1 0 0 1 0 0 1 0 1 1 0 0 0 1 0 0 0 0 1 1 0 1 0 1 0 0 1 1 1 1 0 0 0 0 1 0 1 0 0 1 1 0 1 1 0 0 1 1 0 0 0 
0 1 1 0 0 0 0 1 0 1 1 0 0 0 1 1 1 1 1 1 0 0 0 0 0 1 0 0 1 1 1 1 1 0 1 0 0 1 1 1 1 1 0 1 0 0 1 0 0 1 1 0 0 0 1 0 0 1 0 1 0 1 0 1 0 1 0 0 1 1 0 1 0 0 0 1 0 1 0 1 0 0 1 1 1 1 1 0 1 1 0 0 1 0 1 1 0 1 0 0 0 1 1 0 1 0 1 1 0 0 0 1 1 1 1 1 0 0 1 1 1 1 1 1 1 0 0 1 0 0 0 0 1 0 0 0 0 1 1 1 0 0 0 1 0 1 1 1 1 0 0 1 0 1 1 1 0 0 0 1 0 0 0 1 0 0 1 0 1 0 1 0 0 0 0 0 1 1 1 1 0 0 0 0 0 1 0 1 0 1 0 0 1 0 1 1 0 0 0 0 1 0 0 1 0 1 0 0 0 0 0 1 1 1 
0 0 0 0 0 0 0 0 1 0 1 0 0 0 0 1 1 0 0 1 1 1 1 1 1 0 0 1 0 0 0 1 0 0 1 0 1 1 1 1 0 1 0 0 0 0 0 0 1 1 0 1 0 0 1 0 0 1 1 0 1 0 0 0 0 0 0 0 1 0 1 0 1 1 1 1 0 0 0 1 0 0 1 1 0 1 0 0 0 0 0 0 0 0 0 0 1 1 0 1 1 1 1 0 1 0 1 1 1 1 0 0 0 1 1 0 1 1 0 1 1 1 0 0 1 0 0 1 0 0 1 0 0 0 0 0 0 1 1 0 1 0 0 0 1 0 0 1 0 1 1 1 1 1 1 0 1 0 1 0 0 1 0 1 1 0 0 1 0 0 0 1 1 0 0 0 1 0 1 0 0 1 1 1 1 1 0 1 1 1 1 0 1 0 0 0 1 1 0 0 1 1 1 1 1 0 0 1 1 0 1 1 1 0 
0 1 0 0 1 1 0 0 1 0 1 0 1 0 0 0 1 1 0 1 1 1 0 0 0 0 1 1 0 0 0 1 0 1 1 1 1 1 1 1 0 1 0 1 1 0 0 1 1 1 1 1 0 0 0 0 0 1 1 0 1 0 0 1 1 1 0 0 0 0 1 1 0 1 0 1 1 0 0 0 1 0 1 0 0 0 0 1 0 1 1 0 0 1 0 1 1 0 0 0 0 0 0 1 0 1 0 1 1 1 1 0 1 1 0 0 0 1 1 1 0 0 0 0 0 1 1 1 0 0 0 1 1 0 0 0 0 0 1 1 0 1 1 0 1 0 0 1 1 0 0 0 0 1 1 0 1 1 0 0 0 0 1 1 1 1 0 1 1 0 1 0 0 1 0 1 0 1 1 0 1 1 0 1 0 1 0 0 0 0 1 1 1 0 1 1 1 0 1 1 1 1 1 1 0 0 1 1 0 1 1 1 1 1 
1 0 0 1 0 0 0 0 1 0 1 0 0 0 1 1 0 0 0 1 1 0 0 1 1 1 1 0 1 1 0 0 1 1 1 0 1 0 1 1 1 1 1 0 1 0 0 0 1 0 1 0 0 0 1 1 1 1 1 1 0 0 1 0 1 0 1 0 0 0 0 0 1 0 1 1 1 0 1 0 0 1 1 0 0 0 0 0 1 1 1 1 0 0 0 1 0 1 0 1 0 1 1 1 0 0 1 1 0 0 0 0 1 0 0 0 0 1 1 0 1 0 1 0 1 0 0 0 1 1 1 1 1 1 1 1 0 0 0 1 1 0 1 1 1 0 1 0 1 1 1 0 1 1 1 0 1 1 0 1 0 1 1 1 1 0 0 0 1 1 1 0 0 1 0 1 0 0 0 0 1 1 0 0 1 0 1 1 0 0 1 1 1 1 0 1 1 1 0 1 0 1 1 1 1 0 1 0 0 0 0 0 1 0 
1 0 0 1 1 1 1 1 1 1 1 0 1 0 0 1 1 1 0 1 1 0 0 0 0 1 1 1 1 0 1 1 0 1 0 0 0 1 0 1 0 1 1 0 0 0 0 0 0 0 0 1 0 0 0 0 1 1 0 0 0 0 0 0 1 0 1 0 0 0 1 1 1 0 0 1 0 1 1 0 0 1 0 1 0 1 0 0 1 1 1 0 1 0 0 1 0 1 0 0 1 0 0 0 0 1 1 0 1 1 0 1 1 0 1 0 1 0 1 0 1 1 1 0 1 0 1 0 0 1 0 0 0 1 1 1 1 0 0 0 1 1 0 0 1 1 1 0 0 1 1 1 1 1 0 1 0 1 1 0 1 1 0 0 1 1 0 0 0 0 0 1 0 1 1 0 0 1 0 1 1 1 0 1 0 1 1 1 0 0 0 0 0 1 0 0 0 0 1 1 0 0 1 0 1 1 1 1 1 1 1 1 0 1 
1 1 1 0 0 1 0 0 0 0 1 0 0 1 1 0 0 0 1 1 0 0 1 0 1 1 1 1 0 0 0 1 0 1 0 0 0 1 0 1 0 1 0 0 0 1 1 1 0 0 0 0 1 1 0 1 1 0 1 1 0 1 1 1 1 1 1 1 1 0 1 1 1 1 1 0 1 0 0 0 0 1 1 1 1 0 1 0 1 0 0 0 1 1 0 0 1 0 1 1 0 1 1 1 1 0 1 1 1 1 0 0 0 1 0 0 0 0 0 1 1 1 1 1 1 1 0 1 1 1 1 1 0 0 1 0 1 1 0 0 0 0 0 1 1 0 1 1 0 1 1 0 1 1 1 0 0 1 1 0 0 1 0 1 0 0 0 1 1 0 1 1 0 0 1 0 0 1 1 0 1 1 1 1 0 1 1 1 1 1 1 1 1 1 1 1 0 0 0 0 1 1 1 1 1 0 1 1 1 0 1 1 0 1 
1 1 1 0 1 1 0 0 1 1 0 0 0 0 1 1 0 1 0 1 0 1 0 1 1 1 0 0 0 1 0 0 0 1 1 1 0 0 1 0 0 1 0 1 1 0 0 1 0 1 0 0 0 0 1 0 0 0 1 0 0 1 1 1 0 0 0 0 1 1 1 0 0 1 1 0 0 0 0 1 1 0 1 1 1 0 1 0 0 0 0 1 0 0 0 0 0 0 1 0 1 0 0 1 1 1 1 1 0 1 0 0 0 0 0 1 0 0 0 1 0 0 0 0 1 1 1 1 1 0 1 0 0 1 0 1 0 1 1 0 0 0 1 1 1 0 1 0 0 0 0 0 1 1 1 0 0 0 0 1 0 0 1 0 1 0 1 1 1 1 1 0 0 1 1 1 1 0 0 0 0 0 0 1 0 0 1 0 0 0 0 0 1 1 1 0 1 0 0 1 1 1 1 1 0 1 0 0 1 0 0 1 1 1 
0 0 0 1 1 1 1 0 0 1 1 1 0 0 1 0 0 0 0 1 1 0 1 0 0 0 0 1 0 1 1 0 1 1 0 0 1 1 1 1 0 0 1 0 0 0 1 1 0 1 1 0 1 0 1 0 0 1 1 1 0 1 0 0 0 0 1 0 0 0 0 1 0 0 0 1 0 0 1 1 0 0 1 0 0 0 1 1 0 0 0 0 1 1 1 1 1 1 1 0 1 1 1 1 1 0 1 0 0 0 1 0 0 0 1 1 0 0 0 0 1 0 0 1 1 1 1 0 1 0 1 1 1 1 0 0 1 0 1 0 0 0 0 0 1 0 0 1 0 0 0 0 1 0 1 1 1 1 1 0 0 0 1 1 1 1 1 0 1 0 1 0 0 1 1 1 1 0 1 0 1 0 1 0 1 1 1 0 0 0 1 0 0 0 0 1 1 1 1 0 1 0 1 0 0 0 0 1 0 0 0 1 0 0 
0 1 0 1 0 1 1 0 0 1 1 1 1 1 1 0 0 0 1 0 1 1 0 1 0 0 0 0 0 0 0 0 0 0 0 0 0 1 1 1 0 0 1 1 0 1 0 1 1 1 0 0 0 0 0 0 0 0 1 1 1 1 0 1 0 1 0 0 1 0 1 0 1 1 1 1 1 1 1 0 0 1 1 1 1 1 0 1 1 0 1 1 0 1 1 0 0 1 0 1 1 1 1 0 0 0 0 1 0 0 1 0 0 0 1 0 1 0 1 0 0 0 1 1 1 0 0 1 1 1 1 0 0 0 0 0 1 1 0 0 1 0 0 0 0 1 0 1 0 0 0 1 0 0 1 1 1 0 0 1 0 1 1 0 1 1 0 0 0 0 0 0 1 1 1 0 1 1 1 1 0 1 0 1 0 1 0 0 1 0 1 0 1 1 1 0 0 0 1 1 0 1 1 1 0 0 0 1 0 0 1 1 1 0 
1 0 1 1 0 0 0 1 1 1 0 0 1 0 0 1 0 0 1 0 0 1 1 1 1 1 0 1 1 1 0 0 1 0 0 0 0 1 0 0 1 1 0 1 1 1 1 1 1 0 0 0 1 0 1 0 1 1 1 1 1 1 1 1 1 0 1 1 0 1 0 0 1 1 0 1 0 0 1 1 0 0 1 1 0 0 0 1 0 1 1 1 1 0 0 0 0 0 1 1 0 0 1 0 1 0 1 1 1 0 1 1 1 1 1 0 0 1 0 0 1 0 1 1 1 1 1 0 1 1 0 1 1 1 1 0 0 1 0 1 1 0 0 0 1 1 0 0 1 0 0 0 0 1 0 0 0 0 0 0 1 0 1 1 1 0 0 0 0 1 1 0 1 0 0 0 1 0 0 0 0 1 0 1 0 0 1 1 0 1 0 1 0 1 1 0 0 1 0 0 1 1 0 1 1 0 1 1 0 1 1 1 1 1 
1 1 1 0 1 1 1 0 0 1 1 0 0 1 1 0 0 0 1 0 0 1 0 0 1 1 0 1 0 0 1 1 0 1 1 0 0 0 0 0 0 1 1 0 1 1 0 1 1 0 1 1 0 0 1 0 1 0 1 1 1 1 0 1 0 0 0 0 1 1 0 1 0 1 1 1 1 1 1 1 1 1 0 1 1 1 0 1 0 1 1 0 0 1 1 1 1 1 0 0 0 1 1 0 0 1 1 1 1 1 1 1 1 0 0 1 1 0 0 0 1 1 1 1 0 1 1 1 1 1 0 0 1 0 0 1 1 1 1 1 1 1 0 1 0 0 1 0 0 0 1 0 1 1 1 0 1 1 0 1 1 1 1 0 0 0 0 1 0 1 0 0 1 1 1 1 1 0 0 0 1 0 1 0 1 1 1 0 0 1 0 0 0 1 1 0 1 0 0 1 0 1 1 1 1 1 0 0 1 1 0 1 0 1 
1 1 1 0 1 1 1 1 1 0 1 0 1 1 0 0 0 1 0 1 0 0 1 1 0 1 0 0 0 0 1 1 0 0 1 0 1 1 1 1 0 0 0 1 1 0 0 1 0 0 0 0 0 1 1 1 1 0 0 0 0 1 0 0 1 1 1 0 1 1 1 0 0 1 1 1 1 0 1 0 1 0 0 1 1 1 1 1 0 1 1 1 1 1 0 0 1 0 0 0 1 0 0 1 0 1 1 1 0 1 0 1 1 0 0 0 1 0 0 1 0 0 1 1 1 0 1 1 0 0 0 1 1 1 1 0 0 0 1 0 0 0 1 1 0 0 0 0 1 1 0 1 1 1 0 1 0 1 0 1 1 0 1 1 1 0 0 0 1 0 0 0 0 0 1 0 1 1 0 1 1 1 0 1 1 1 0 1 1 0 1 0 0 1 1 0 1 1 1 0 1 1 0 0 0 1 1 1 1 0 1 1 0 1 
1 1 0 1 0 1 0 1 1 1 0 1 1 1 1 0 0 0 1 0 1 0 0 0 1 1 0 0 1 0 0 1 0 0 0 1 0 1 0 1 0 0 1 0 0 0 1 0 0 1 0 1 1 1 0 0 0 1 0 1 0 0 0 1 1 0 0 1 0 0 1 1 0 1 1 1 1 1 0 1 0 1 0 1 0 1 1 1 0 0 0 0 0 1 1 1 1 1 1 0 1 1 1 0 0 1 1 0 1 1 0 1 1 1 1 1 0 1 0 1 1 1 1 0 0 0 0 1 1 1 1 0 0 0 1 0 0 1 1 1 1 0 0 0 1 0 0 1 1 1 1 1 0 1 1 1 0 0 1 1 0 1 0 0 1 0 1 0 0 1 1 1 1 1 0 0 0 0 1 0 1 1 1 0 0 0 1 0 0 0 1 1 0 0 0 1 0 1 0 1 0 1 0 1 1 0 1 0 1 0 1 0 0 1 
0 0 1 1 1 1 0 1 0 1 1 1 1 1 1 0 0 1 0 0 0 1 1 0 0 1 0 0 1 0 0 0 1 1 1 1 1 1 1 1 1 1 1 0 0 0 0 1 0 0 1 1 0 0 1 1 0 0 0 1 0 1 0 0 1 0 1 0 0 0 1 0 1 1 1 0 0 1 0 1 1 0 0 1 0 1 1 1 0 1 0 1 0 1 1 0 1 1 0 0 0 0 0 1 0 1 1 0 0 1 1 1 1 1 0 1 0 1 1 0 0 0 0 0 0 0 0 0 0 1 1 1 0 0 1 1 1 0 0 1 0 1 1 0 0 0 1 0 0 1 0 0 1 0 0 1 1 1 0 0 0 0 1 1 1 1 1 0 0 0 0 1 1 1 0 0 0 0 1 0 0 0 0 1 1 1 1 0 0 0 0 1 1 1 1 0 0 0 1 1 1 1 0 1 1 1 1 0 0 0 1 1 1 1 
1 1 0 1 1 0 1 1 0 1 1 0 0 0 0 1 1 1 1 1 1 1 0 1 1 1 0 1 0 1 0 1 1 1 1 1 0 0 0 0 0 1 0 0 1 1 1 1 0 0 0 1 1 0 1 0 1 0 0 0 0 1 0 0 0 0 1 0 1 1 1 1 0 0 1 0 1 0 0 1 0 0 0 0 0 1 1 0 1 1 0 1 1 1 0 0 1 1 0 1 1 0 0 0 1 0 1 1 1 1 1 1 0 1 1 1 1 1 1 1 0 0 0 1 1 0 1 1 0 1 1 0 0 0 1 0 1 1 0 0 0 0 0 1 0 1 1 0 0 0 1 0 1 0 1 1 1 1 1 0 0 1 1 1 1 0 0 1 0 0 1 1 1 1 0 0 0 0 1 1 1 0 0 0 0 1 1 0 0 1 0 0 0 0 0 1 0 1 0 1 0 1 0 1 1 0 0 1 1 1 1 0 1 0 
1 1 0 1 1 0 1 0 0 1 1 1 1 1 1 1 0 0 0 0 0 0 0 0 1 0 1 1 1 1 1 0 1 0 1 1 0 1 1 0 0 1 0 0 1 1 0 1 1 0 0 0 0 0 0 1 1 0 1 0 1 0 1 1 1 0 0 1 1 0 1 0 0 0 1 0 1 1 0 1 1 0 1 0 0 1 1 1 0 0 0 1 1 1 1 1 1 1 1 1 1 0 1 1 0 0 1 0 1 1 0 0 1 1 0 0 0 1 0 0 1 1 1 1 0 0 0 1 0 1 0 0 1 0 0 1 0 1 1 1 0 0 0 0 0 1 1 1 0 0 1 1 1 1 1 1 1 0 0 1 1 1 1 0 0 0 1 1 1 1 1 0 1 0 0 0 0 1 1 1 1 1 0 1 1 0 0 1 1 0 1 0 0 0 1 1 1 1 1 0 1 1 1 0 0 0 0 0 0 0 1 0 1 0 
1 1 0 1 1 0 1 0 0 1 0 1 1 0 0 1 1 1 0 1 1 1 0 1 0 1 0 1 1 0 0 1 0 0 1 1 0 0 0 0 1 1 1 1 0 0 1 1 1 1 1 0 1 0 0 0 1 0 0 0 0 0 1 0 1 0 0 1 1 1 0 1 1 0 0 1 1 0 0 1 1 1 0 1 0 1 1 1 0 0 1 1 0 0 0 0 0 1 0 1 0 1 1 1 0 1 0 1 1 1 0 1 1 0 0 0 1 0 0 0 1 1 0 1 0 1 1 1 0 0 1 0 0 1 0 1 0 1 1 1 0 0 0 0 1 0 1 0 1 1 0 0 0 0 1 0 0 0 1 0 0 0 1 0 1 1 0 1 1 0 0 1 0 1 0 1 1 1 1 0 1 0 1 1 0 0 1 1 0 1 0 0 1 1 1 0 0 1 0 1 1 0 0 1 0 0 0 1 0 1 1 1 0 0 
0 1 1 1 1 0 0 0 1 0 0 1 1 1 1 1 0 0 1 0 0 1 0 0 0 1 0 1 1 1 0 1 0 0 1 0 0 0 0 0 1 1 0 0 1 1 1 1 1 0 0 1 1 0 0 0 1 0 0 1 0 0 1 1 0 1 0 0 0 1 1 1 1 0 0 1 1 1 0 1 0 0 0 0 0 0 0 1 0 0 0 0 1 0 1 0 0 0 0 0 0 1 1 0 0 1 0 0 0 1 0 1 0 1 1 1 0 0 0 1 0 0 1 0 1 1 0 0 1 0 0 1 0 0 1 1 0 0 1 0 0 0 1 0 0 1 1 0 0 1 0 0 0 0 0 1 1 0 1 1 0 1 0 1 1 0 0 0 1 0 0 1 0 0 1 1 1 1 0 1 1 1 1 1 1 1 1 1 0 0 1 1 1 0 1 1 0 1 0 0 1 0 1 0 1 0 0 1 1 1 0 1 1 0 
0 1 1 1 0 1 1 1 0 0 1 1 1 1 1 0 1 1 0 1 0 0 0 0 0 1 0 1 1 0 1 1 0 1 0 0 1 0 1 0 1 0 1 1 1 1 0 0 1 1 0 0 1 0 0 1 0 1 0 0 1 0 0 0 1 0 0 1 0 1 1 1 1 0 1 1 1 1 1 1 1 1 0 1 0 0 0 0 1 1 0 0 0 0 0 0 1 0 0 0 1 0 0 1 0 0 0 0 0 1 0 0 0 1 0 0 1 0 0 0 1 1 0 0 0 0 0 1 1 0 0 1 1 1 0 1 0 1 1 1 1 1 0 0 1 1 0 1 1 1 0 0 0 1 1 0 1 1 0 0 0 0 0 1 0 1 0 1 0 0 1 1 0 0 0 1 0 1 0 0 1 1 0 1 1 0 0 0 1 0 1 1 1 0 1 0 1 0 0 0 0 0 0 1 0 1 0 1 0 1 1 0 0 1 
1 0 1 0 1 0 0 0 0 0 0 0 0 0 1 1 0 0 0 0 0 1 0 0 0 0 0 0 0 0 0 0 0 1 1 0 0 0 1 1 0 0 1 1 0 1 1 1 0 0 0 1 1 1 0 0 0 1 1 1 0 1 1 1 0 0 0 0 1 0 0 1 0 0 1 1 1 0 0 1 0 0 1 1 0 0 1 0 0 0 1 0 1 0 0 0 0 1 0 1 1 1 1 0 1 1 0 1 1 1 0 0 1 1 0 1 1 0 0 0 1 0 0 0 1 0 0 0 1 0 0 1 0 1 1 1 1 1 1 1 1 0 0 1 1 1 1 0 0 1 0 0 1 0 1 0 1 0 0 0 1 1 0 0 1 0 1 0 0 0 0 0 1 0 1 0 0 0 0 0 1 1 0 1 0 1 0 0 1 1 1 0 1 0 0 0 0 0 1 0 1 0 1 0 1 0 1 0 0 0 0 0 0 1 
0 0 1 0 0 0 1 0 1 0 1 0 1 0 0 0 0 0 1 0 0 1 0 0 0 0 1 0 1 0 0 1 0 0 0 0 1 1 0 1 0 1 0 0 1 0 0 1 1 1 0 0 0 0 1 1 1 1 1 0 0 0 1 1 1 1 1 0 0 1 1 0 0 0 0 0 1 1 1 0 1 1 0 0 1 0 1 1 1 1 0 1 1 0 1 1 1 1 1 0 0 1 0 1 0 0 0 1 0 0 0 0 0 1 1 1 0 1 0 0 0 0 1 0 1 0 0 1 1 0 0 0 1 0 1 1 1 1 0 1 1 1 1 0 1 0 1 0 1 1 1 0 1 1 0 1 0 0 0 0 1 1 1 1 0 1 0 0 0 1 0 0 1 0 0 1 0 1 0 1 1 0 1 1 0 0 1 1 0 1 1 1 1 1 1 0 0 1 0 0 1 1 0 0 0 1 1 0 0 1 1 0 1 0 
0 1 1 1 1 1 1 0 0 0 1 1 0 1 0 0 0 1 1 0 1 0 1 0 1 1 1 1 1 0 0 1 0 0 1 1 1 0 1 0 0 1 0 1 0 1 0 1 0 0 0 0 0 0 1 1 1 0 1 1 1 0 1 1 1 1 0 0 0 0 0 0 0 1 0 1 1 0 0 0 0 0 0 0 1 0 0 1 1 0 0 0 1 0 0 1 1 1 1 0 0 0 1 1 1 0 0 0 1 1 0 1 0 1 1 0 1 1 1 0 1 1 0 1 1 1 0 0 1 1 1 0 1 0 1 0 0 0 1 0 0 1 1 0 0 1 1 1 1 1 0 1 0 0 1 0 0 1 1 0 0 1 1 1 1 0 1 0 1 0 0 1 0 1 1 1 0 0 1 0 1 1 1 1 1 1 0 0 1 1 1 1 0 1 1 0 0 1 0 0 1 1 1 1 1 0 1 1 1 0 0 1 1 1 
0 1 0 1 0 0 1 1 1 1 1 1 1 0 0 0 1 0 0 0 1 1 0 1 0 1 0 0 0 1 1 0 0 1 1 1 1 1 1 0 0 0 1 0 1 0 0 0 1 1 0 1 0 0 0 0 0 1 0 1 1 0 0 1 0 1 0 0 1 1 1 0 1 0 1 0 1 0 1 0 0 1 1 0 0 0 0 0 0 1 1 1 1 1 1 1 0 1 0 0 0 0 0 0 0 0 1 0 1 0 0 0 1 1 1 0 0 0 1 1 0 0 0 1 1 1 0 1 0 0 0 1 1 0 0 1 1 1 0 0 0 1 1 0 1 0 0 1 1 1 0 1 1 1 0 0 0 1 0 0 1 1 0 0 0 1 0 1 1 0 0 1 1 1 1 1 0 1 1 1 1 0 0 1 0 1 0 0 0 0 0 0 1 1 0 0 0 0 0 1 0 0 1 1 1 0 1 1 1 0 1 0 0 0 
0 1 0 1 1 0 0 1 0 1 1 1 0 1 1 1 1 1 0 0 1 0 0 1 0 0 1 1 1 1 0 1 0 1 1 1 1 1 1 1 0 0 0 0 1 0 1 1 1 1 1 1 1 0 1 1 1 0 1 0 0 0 1 0 0 0 1 1 1 1 0 0 0 0 0 0 1 0 0 0 1 0 0 0 1 1 1 1 0 1 1 1 1 0 0 1 1 0 0 0 0 0 0 0 1 0 0 0 1 1 1 1 0 1 1 0 1 0 0 1 1 0 0 1 1 1 1 0 1 0 1 0 1 1 0 0 1 1 1 1 0 1 0 0 1 1 0 1 1 0 0 0 1 0 0 1 1 0 0 0 1 1 1 0 1 0 0 1 0 0 1 1 0 1 0 0 0 0 1 1 1 0 0 1 0 1 0 0 0 0 0 0 0 1 0 0 1 1 1 0 1 0 0 0 0 0 1 0 0 1 0 0 0 0 
1 1 1 0 1 0 0 1 0 1 0 1 1 1 0 0 1 1 0 1 1 0 1 0 1 0 0 0 0 0 0 0 1 0 1 1 0 1 0 1 1 0 0 1 0 1 1 0 0 0 1 1 1 0 1 0 1 0 0 0 0 0 1 1 1 0 0 0 1 1 0 1 1 0 0 0 0 0 1 1 0 1 1 1 0 1 1 1 1 0 0 0 0 1 1 1 0 1 0 1 0 1 0 0 0 1 0 1 0 1 0 0 0 1 1 0 0 0 0 1 0 1 0 0 1 0 1 0 1 0 0 0 0 1 0 1 0 0 1 1 0 1 0 0 0 0 1 0 1 0 1 1 0 0 0 1 0 0 0 1 0 0 0 1 1 1 1 0 0 1 0 1 1 0 1 0 1 0 1 1 1 1 1 0 1 0 0 1 0 0 0 0 0 0 1 0 0 0 1 1 0 0 0 0 0 0 0 1 0 0 1 1 0 1 
1 0 0 0 1 1 1 1 0 1 1 0 1 0 0 0 1 0 1 1 1 1 1 0 1 1 0 0 0 0 1 0 0 1 1 0 0 1 0 1 0 1 0 1 0 0 1 0 0 1 0 0 1 0 1 0 0 1 1 1 0 0 0 1 1 0 0 1 0 1 0 0 0 1 0 0 1 1 1 1 1 0 1 1 0 1 1 1 0 0 1 1 1 1 1 0 0 0 1 1 1 1 1 1 1 1 0 0 0 0 0 1 0 1 0 1 1 1 1 0 1 0 0 1 1 1 1 0 0 0 0 1 1 1 1 0 0 1 0 0 1 0 1 0 1 1 1 0 0 1 0 1 0 0 0 0 0 0 1 0 0 0 0 0 0 1 0 1 1 1 1 0 1 0 1 0 0 0 1 0 1 1 0 0 0 0 1 1 1 0 1 0 0 0 1 1 0 0 1 0 0 1 1 0 0 1 1 1 1 0 0 1 1 0 
0 0 0 0 0 0 0 0 1 0 1 0 0 1 0 0 0 0 1 0 1 0 0 1 1 0 1 0 0 1 1 1 0 0 1 0 1 1 0 0 0 1 1 0 1 1 1 0 0 1 0 1 1 0 1 0 0 1 0 0 0 1 1 1 1 1 0 0 1 1 1 1 0 1 1 0 1 0 1 0 1 0 0 0 1 0 0 1 1 1 1 1 1 0 0 1 0 1 0 1 0 0 1 0 1 0 0 0 1 0 1 1 1 0 1 0 1 1 0 1 1 1 1 0 1 0 1 0 1 0 0 1 0 1 0 0 0 0 1 0 0 0 0 1 1 1 0 0 0 1 0 0 0 1 1 0 1 1 0 0 0 1 1 1 0 0 1 1 0 1 0 1 0 0 1 1 1 0 0 1 0 0 1 0 1 1 0 0 0 0 0 0 1 0 1 1 1 1 1 0 0 0 0 1 1 1 1 1 1 0 0 1 1 1 
0 0 0 1 1 1 0 1 0 1 0 1 0 1 0 0 1 0 0 1 1 1 0 0 1 1 1 1 0 1 1 0 1 1 1 0 1 0 1 0 0 1 1 1 1 0 1 0 0 0 1 1 0 1 0 0 0 0 1 0 1 1 1 0 0 1 0 1 1 1 0 0 0 0 0 0 1 1 1 0 0 1 0 1 0 1 1 1 0 0 0 1 1 1 0 1 1 0 0 1 1 1 0 0 1 1 0 1 0 0 1 1 0 0 1 0 1 1 1 0 1 0 1 0 1 1 1 0 0 0 0 1 1 1 0 1 0 1 1 1 0 0 1 0 1 0 1 0 1 1 0 1 0 1 1 1 1 1 0 0 1 0 1 0 0 0 1 1 1 0 1 1 1 1 1 0 1 1 0 0 0 1 0 1 1 0 0 1 0 0 0 1 0 0 0 0 1 1 1 1 0 0 0 1 0 0 1 1 0 0 0 1 1 1 
0 0 1 0 1 0 0 1 0 0 1 0 0 0 1 1 0 1 1 1 0 1 1 1 1 1 1 1 1 1 0 1 0 0 0 1 0 1 1 0 0 0 1 0 0 1 0 0 1 1 0 1 1 1 1 0 1 0 0 1 0 0 1 0 0 0 0 1 1 0 0 1 1 1 0 0 1 0 0 0 1 0 1 1 1 0 1 0 0 1 1 1 0 1 1 1 0 1 1 1 1 0 1 0 1 1 0 1 0 1 0 1 1 1 1 0 1 0 0 1 0 1 1 1 0 1 0 1 0 0 0 1 0 1 0 0 1 1 0 0 1 1 1 1 1 1 0 1 1 1 1 0 0 0 1 1 0 1 0 0 1 1 0 0 1 1 0 0 0 1 1 0 0 0 1 1 0 0 0 1 1 0 1 0 1 1 1 1 0 0 0 1 1 1 1 0 1 1 1 1 0 0 1 1 0 1 0 1 1 0 0 1 1 0 
0 0 1 1 0 1 1 1 1 1 0 1 0 0 1 0 1 1 0 0 0 1 1 0 1 1 0 0 1 1 0 0 1 0 0 0 0 0 1 1 1 0 0 0 0 0 1 1 0 0 0 0 1 1 1 1 1 0 0 0 0 0 1 0 1 1 1 1 1 0 0 0 0 1 0 1 0 0 1 1 0 1 1 0 1 0 0 1 0 0 0 1 1 0 1 1 1 0 1 1 0 1 1 0 1 0 0 1 1 0 1 0 1 0 1 0 1 0 1 0 0 0 1 0 0 0 0 0 1 0 0 1 1 1 1 1 1 1 0 1 0 1 0 1 0 1 0 1 1 0 0 1 1 0 1 1 0 0 1 0 1 0 0 0 1 1 1 1 0 1 1 0 1 0 0 0 1 1 1 0 1 1 1 1 1 0 1 0 1 0 1 1 0 1 0 0 0 0 1 0 0 1 1 0 1 1 1 0 0 0 0 1 0 1 
0 1 1 0 0 1 0 1 0 0 0 0 0 0 1 1 0 0 0 0 1 1 0 0 1 1 0 0 0 0 0 0 1 1 0 0 0 0 1 1 0 0 0 0 1 1 0 1 0 0 1 1 1 1 0 0 0 0 0 0 1 0 1 1 0 1 1 1 0 0 1 0 1 1 0 0 0 1 0 0 1 1 1 1 1 0 0 1 0 1 0 1 0 0 1 1 1 0 1 0 1 0 0 1 1 1 0 1 0 0 0 1 0 1 0 0 0 1 1 0 0 1 0 0 0 0 1 1 0 1 1 1 0 0 0 1 1 1 1 0 1 1 1 1 0 1 1 1 1 0 1 1 0 1 0 1 0 1 1 0 0 0 1 1 0 1 1 0 0 1 0 0 0 0 1 1 0 0 1 0 1 1 1 1 1 1 0 1 0 1 1 0 0 1 1 0 0 1 0 0 1 1 0 0 0 1 0 0 1 0 1 0 0 0 
1 0 0 0 1 1 1 1 0 1 1 1 0 1 1 0 0 1 0 1 1 1 0 1 1 1 0 0 0 0 1 1 1 1 1 0 0 0 1 1 1 0 1 1 1 0 0 0 1 0 0 1 1 1 0 1 1 0 0 1 1 0 1 1 0 1 0 0 0 1 1 0 0 0 0 1 0 1 0 0 0 0 0 1 0 0 1 1 0 1 0 0 1 0 1 1 0 1 0 0 0 1 1 0 1 1 1 0 1 1 1 1 0 1 1 1 0 0 0 1 1 1 0 0 1 1 0 1 1 0 1 0 0 0 0 0 1 0 1 0 0 1 1 0 0 0 0 1 0 0 1 0 1 0 1 0 1 0 1 1 0 0 1 1 1 0 1 0 1 1 1 1 0 0 1 1 1 1 1 0 0 1 1 0 1 1 1 1 0 0 1 1 0 1 1 0 1 1 0 0 1 0 1 1 0 0 0 1 1 0 0 0 1 1 
0 0 0 0 1 1 1 0 1 0 1 0 0 1 0 1 0 0 1 1 1 1 0 1 1 0 1 1 0 1 1 0 1 0 0 0 1 0 1 0 1 0 0 1 0 1 1 0 1 1 1 1 1 1 0 1 1 1 0 1 0 0 1 0 1 1 1 0 1 1 0 0 0 1 1 0 1 1 1 1 0 0 1 1 1 0 0 0 1 1 0 0 0 1 0 1 1 1 0 0 0 0 1 1 1 0 0 0 0 0 0 0 0 0 1 0 0 1 1 1 0 0 1 1 0 0 0 1 0 1 0 0 1 1 1 0 0 0 0 0 1 1 0 0 0 0 1 1 0 1 0 0 0 1 0 1 0 0 1 0 1 1 0 1 1 1 0 0 0 1 1 0 1 1 1 0 1 0 1 1 0 0 1 0 1 1 1 1 1 0 1 1 0 1 1 1 0 1 0 1 0 0 0 0 1 1 0 0 1 0 1 0 0 0 
0 0 0 1 0 1 1 0 0 1 1 1 0 1 0 0 0 1 0 0 0 0 1 0 1 1 0 0 0 0 1 1 0 1 0 1 1 0 0 0 0 0 1 0 1 0 0 1 1 1 0 0 0 0 0 1 1 1 0 0 0 1 1 1 0 0 0 0 1 0 0 1 0 0 0 0 0 1 1 0 1 1 0 1 1 0 1 0 0 0 1 1 0 0 1 0 1 0 1 1 0 0 0 0 1 0 0 0 0 0 1 0 0 0 1 0 1 0 1 1 1 1 1 1 1 0 0 1 1 0 1 0 0 0 0 1 1 0 0 1 1 0 0 0 1 0 0 0 1 1 1 0 1 0 0 0 1 1 0 1 1 1 0 1 0 0 0 0 0 1 0 0 1 1 1 0 1 0 1 0 1 1 0 1 0 0 0 0 1 0 0 0 1 1 0 0 0 0 0 0 0 1 1 0 1 0 1 1 1 0 0 1 0 1 
0 0 0 1 1 0 0 0 1 1 1 0 1 1 1 0 1 0 0 1 0 0 0 1 1 1 0 0 0 0 1 0 1 1 0 1 0 1 1 0 1 1 0 1 0 0 1 1 1 0 1 1 0 1 0 0 1 1 1 1 0 1 1 0 0 0 1 0 1 0 0 0 1 1 1 0 1 1 0 0 1 0 0 1 1 0 1 1 1 1 1 1 0 1 0 1 1 0 0 0 1 1 1 1 0 1 0 0 1 0 0 1 0 0 1 1 0 0 1 0 0 0 1 0 1 1 0 0 1 0 0 0 1 0 1 0 1 1 0 1 1 1 0 0 0 1 0 0 0 1 1 1 0 0 0 1 1 0 0 1 0 1 0 0 0 1 0 0 0 0 0 1 0 0 1 1 1 0 1 1 1 1 0 1 0 1 1 1 1 1 0 1 0 0 1 1 1 0 0 0 1 1 0 1 1 1 0 1 0 0 0 1 0 0 
1 1 1 0 1 1 1 0 0 1 0 1 1 1 1 0 0 1 0 0 1 1 0 1 1 1 1 0 1 0 0 0 0 0 0 0 1 1 0 1 0 0 1 1 0 1 1 0 1 0 1 0 0 1 0 0 0 1 1 1 1 1 1 0 0 0 1 1 1 1 0 0 0 0 0 1 0 1 1 0 1 0 1 1 1 1 1 1 0 0 0 0 1 0 1 0 1 1 1 0 0 0 0 0 0 0 1 0 0 1 1 1 0 0 0 1 1 1 1 1 1 1 0 0 0 0 0 1 1 1 0 1 1 1 0 0 0 1 0 0 1 0 0 1 1 0 1 0 0 1 0 0 0 0 1 0 0 0 1 1 1 0 1 1 1 1 1 1 0 0 1 1 0 0 0 0 0 0 1 1 0 0 0 0 1 0 1 0 1 1 1 1 0 1 0 1 0 0 0 1 1 0 0 0 1 1 1 1 0 0 1 0 1 1 
0 1 1 1 0 1 0 0 1 0 0 1 1 1 1 1 0 0 0 0 0 0 1 0 1 1 0 0 0 0 0 1 0 0 1 0 0 1 0 0 0 1 0 0 0 0 1 1 1 0 0 1 0 0 0 0 1 0 0 1 1 0 0 1 1 0 0 1 0 0 0 0 1 0 1 0 0 0 1 1 1 1 0 0 1 1 1 0 0 0 1 1 0 0 1 1 0 1 1 1 1 1 1 1 0 1 0 0 1 1 1 0 0 0 1 0 1 0 1 0 0 1 0 1 0 0 0 0 0 1 1 0 0 0 1 0 1 1 0 1 1 1 0 1 0 0 1 0 1 1 0 0 1 0 0 0 0 1 0 1 0 1 1 1 0 1 1 0 0 1 0 1 0 1 1 1 0 0 0 0 0 1 1 1 1 1 0 0 1 0 0 1 0 0 1 0 0 0 0 0 1 0 0 1 1 1 0 1 0 0 0 0 1 0 
0 0 0 1 0 1 1 0 1 0 0 1 1 1 0 0 1 0 1 0 0 1 0 0 0 0 0 1 1 0 1 1 1 1 1 0 1 1 0 1 1 1 0 0 1 1 1 0 1 1 1 1 1 1 0 1 1 0 1 1 1 0 0 0 0 1 0 1 0 0 0 1 1 1 1 0 1 0 1 0 1 0 0 1 1 1 0 0 1 0 1 0 0 0 1 1 1 1 0 0 1 0 1 1 1 1 0 0 1 0 1 1 0 1 0 0 1 0 1 0 0 0 0 1 1 0 0 1 1 0 1 0 0 1 0 1 0 0 1 1 0 0 0 0 0 0 1 1 1 0 1 1 1 0 0 1 1 1 1 0 1 1 0 0 0 1 0 0 1 1 1 0 0 0 0 0 1 0 1 0 1 1 0 0 1 0 0 1 0 1 1 0 0 0 0 0 1 1 0 1 1 1 0 1 1 0 1 1 1 0 1 0 0 1 
0 1 1 0 0 0 1 1 1 0 0 1 1 1 0 1 1 0 1 0 1 1 1 0 0 1 0 1 0 1 0 0 0 0 0 0 1 0 1 1 1 0 0 1 1 1 0 1 1 0 1 0 1 0 0 0 1 1 1 0 1 1 1 1 0 0 1 0 1 0 0 0 1 1 1 1 1 1 1 1 1 0 0 0 1 1 0 1 1 1 1 1 0 1 0 1 0 0 1 1 1 0 1 1 1 1 1 1 1 1 1 1 1 1 0 1 1 1 1 1 0 0 1 1 1 1 0 0 1 1 1 1 1 1 0 1 0 0 0 0 0 0 1 1 1 0 1 1 1 1 0 0 0 1 1 0 1 0 1 1 0 1 0 1 0 0 1 1 0 0 0 0 0 1 0 1 1 1 1 0 1 1 0 1 0 1 1 1 1 0 0 1 1 0 1 1 1 1 1 1 0 0 0 1 1 0 1 0 1 1 1 1 0 1 
0 0 0 0 0 0 1 1 0 1 0 1 1 1 1 1 1 1 0 1 1 1 1 1 0 0 0 1 0 1 1 1 0 1 1 1 1 1 1 1 1 1 1 0 0 0 1 0 1 0 0 1 0 1 1 0 0 0 1 1 0 1 0 0 0 1 0 1 0 0 0 0 0 1 1 1 0 0 1 1 1 1 1 0 1 1 1 1 0 1 1 0 1 0 0 1 1 0 1 1 0 1 1 1 0 1 0 0 0 1 1 1 0 1 0 0 0 0 0 0 0 0 0 1 0 1 0 1 1 0 0 0 0 0 0 0 1 1 1 0 1 1 1 0 1 0 1 1 1 0 1 0 0 0 0 1 1 1 0 0 0 1 0 0 0 0 1 1 0 0 1 0 1 0 1 0 0 0 0 1 0 0 1 1 0 0 0 0 1 1 0 0 1 1 0 1 1 0 0 1 1 1 1 0 1 0 0 1 0 1 1 1 1 1 
0 0 1 0 0 1 0 1 1 1 0 1 0 0 0 1 1 1 0 1 1 1 0 1 0 1 0 1 0 0 1 0 0 0 0 0 0 1 1 0 1 1 1 1 0 0 1 0 0 1 1 0 0 0 1 0 1 1 0 0 0 1 1 0 0 1 1 0 1 0 0 0 0 1 1 0 0 0 1 1 0 1 0 1 1 1 0 1 0 1 0 0 1 1 1 0 1 1 1 1 1 1 1 0 1 0 0 0 0 1 1 1 1 0 1 1 1 0 0 1 1 1 1 0 1 1 0 0 1 0 0 0 0 0 0 0 0 0 1 1 1 1 1 0 1 1 0 0 0 0 0 1 0 1 0 1 1 0 1 1 1 1 1 0 1 1 1 1 1 0 1 0 0 1 0 1 1 1 0 1 1 1 1 1 0 0 0 0 0 0 1 1 0 1 1 0 1 1 1 0 1 1 1 0 0 0 0 1 1 1 0 1 1 0 
0 0 1 1 0 0 0 0 0 0 0 0 0 1 0 1 0 0 1 0 1 0 1 0 1 0 0 1 1 1 1 0 0 0 1 1 0 1 0 1 1 0 0 0 1 1 1 0 1 1 0 0 0 0 1 0 0 1 0 1 0 1 1 0 1 0 1 0 1 0 1 1 1 0 1 0 1 1 0 1 0 0 0 1 1 0 0 0 0 0 1 1 1 0 1 1 0 1 0 0 1 1 0 0 0 1 1 0 0 1 1 0 1 0 0 0 0 1 0 0 1 0 0 1 1 0 0 1 0 0 0 1 0 0 0 0 1 1 0 0 1 1 0 0 1 0 0 0 0 0 1 1 1 0 1 1 1 0 0 0 1 0 1 0 1 1 0 0 1 0 1 0 1 0 1 0 0 1 1 1 1 0 0 1 1 0 1 1 1 0 0 0 0 1 0 1 0 1 0 0 1 0 1 0 1 0 1 0 1 1 0 0 0 0 
1 1 0 1 1 1 0 0 1 1 0 1 0 1 0 1 0 1 0 1 0 0 0 1 1 1 0 1 0 0 1 1 0 1 0 0 0 0 1 0 0 1 0 0 1 0 1 0 1 0 1 1 1 1 0 0 0 1 1 0 1 0 0 1 0 0 0 1 1 1 1 0 0 0 0 1 1 0 0 1 1 0 1 0 1 1 0 0 1 0 1 0 0 0 0 1 0 0 1 0 0 0 1 0 1 0 1 0 1 1 1 1 1 0 0 0 1 0 0 1 1 0 1 0 1 1 1 1 0 0 1 1 0 1 1 1 0 0 0 0 1 1 1 1 1 1 0 0 0 0 1 1 0 0 0 0 0 0 1 0 1 1 0 1 0 1 1 1 1 0 0 1 1 0 1 0 0 1 0 1 0 0 1 0 0 1 0 0 0 1 0 0 0 0 0 1 1 1 0 0 0 0 0 0 0 1 0 1 0 1 1 1 1 1 
0 0 1 1 1 1 0 1 1 1 1 1 0 0 0 0 1 1 0 1 1 1 0 0 0 0 1 1 1 1 0 0 1 0 1 1 1 0 1 1 1 0 0 0 1 0 1 1 1 0 0 1 0 1 1 1 0 0 1 0 0 1 1 1 1 0 0 0 0 1 0 1 0 0 0 0 1 1 1 0 0 0 0 0 1 0 0 1 0 1 1 1 0 1 1 1 0 0 1 1 1 0 0 0 1 0 0 0 1 1 1 0 0 1 0 0 0 0 0 1 0 0 0 0 0 0 1 1 0 0 1 1 0 0 1 0 1 0 1 1 0 0 1 0 0 1 0 0 0 1 1 1 1 0 1 0 1 0 0 0 0 1 0 1 0 1 0 0 0 0 0 0 1 0 1 1 1 0 1 0 0 1 0 0 1 1 1 0 1 0 0 0 1 0 0 0 1 0 1 0 1 0 1 1 0 1 1 1 1 1 1 1 0 1 
0 0 1 1 0 0 0 0 1 1 1 1 0 0 1 0 0 1 1 1 1 1 1 1 0 0 0 1 1 0 1 1 1 1 1 1 0 0 1 0 0 0 0 0 1 1 0 0 0 0 1 0 1 1 0 0 0 0 0 1 0 0 1 1 0 0 0 0 1 0 0 0 1 1 1 0 0 0 0 0 0 1 1 1 1 1 1 0 1 1 0 0 0 0 0 1 1 1 0 1 0 1 1 0 0 0 1 1 1 1 0 0 0 1 1 1 0 1 1 0 0 1 0 1 1 1 0 0 1 1 0 0 1 0 1 1 1 0 0 1 0 1 1 0 0 0 1 1 1 1 1 0 0 0 0 1 1 1 1 1 0 0 0 1 1 1 1 1 1 1 0 1 1 0 0 1 0 1 0 1 0 1 0 1 0 0 0 0 1 1 0 1 0 0 0 1 0 1 1 1 0 0 1 1 1 1 0 1 1 0 1 1 0 0 
0 0 0 0 0 1 0 0 1 1 0 1 1 0 1 0 0 1 0 1 1 0 0 1 1 0 1 0 0 1 0 1 0 1 0 1 1 1 0 1 0 1 0 1 1 0 0 0 0 0 1 1 1 0 1 1 0 0 0 1 1 0 1 1 0 1 1 1 1 0 1 1 0 1 0 0 0 0 0 0 0 0 0 1 0 0 0 1 0 0 0 0 0 0 1 0 0 0 1 1 0 1 0 0 0 0 0 0 1 1 0 0 1 1 1 0 1 1 1 1 0 0 0 0 1 1 0 0 0 1 1 1 1 0 1 0 0 0 1 0 0 0 1 0 0 1 0 0 1 1 0 1 0 0 1 0 1 1 1 0 1 0 1 0 0 0 1 0 1 1 0 0 0 1 1 1 1 0 1 0 0 0 0 1 1 1 1 0 1 1 1 0 1 0 0 1 0 1 0 1 0 0 0 1 0 0 1 0 1 1 1 1 1 0 
1 0 1 1 0 0 0 1 1 1 1 0 0 0 1 1 1 1 0 1 0 0 0 0 1 0 0 0 1 0 0 1 1 1 0 0 0 1 0 1 0 1 0 1 1 1 0 1 1 0 0 0 0 0 0 0 0 1 0 0 1 1 1 0 1 1 0 1 1 0 0 0 1 0 1 1 1 0 1 1 0 1 1 1 1 1 0 1 1 0 1 1 0 0 1 1 0 1 0 0 0 1 1 0 1 0 0 0 1 1 1 0 0 0 1 1 1 1 1 1 0 1 1 0 0 0 1 1 1 1 0 1 1 0 0 0 1 1 1 1 0 1 0 0 1 1 1 0 1 1 1 1 1 1 1 1 1 1 1 1 0 0 1 1 1 0 0 1 1 0 0 1 1 0 1 1 0 0 0 0 0 0 1 1 0 0 1 1 0 0 0 0 1 1 0 1 0 0 0 1 0 1 0 1 1 1 0 0 0 1 0 1 0 1 
0 1 0 0 1 1 0 1 1 1 1 0 0 0 1 0 0 0 1 0 0 1 0 1 0 1 1 1 0 1 0 1 0 0 0 0 0 0 0 0 0 1 0 1 0 1 1 1 1 0 1 0 0 1 0 1 0 0 0 0 0 0 0 0 0 1 0 0 1 1 0 0 1 1 1 0 0 0 1 1 1 1 1 1 0 0 0 1 1 1 1 1 1 1 1 0 0 1 1 1 0 0 1 0 1 0 0 1 1 1 1 0 1 0 1 1 0 0 1 1 0 1 0 0 1 1 1 0 1 0 1 0 0 1 0 1 1 1 1 1 0 0 1 1 0 1 1 0 0 1 0 1 1 1 0 1 0 0 1 1 0 1 0 1 1 1 0 1 1 0 1 1 1 0 1 0 0 1 1 0 0 0 1 1 1 1 1 0 0 1 1 0 1 0 1 1 0 0 1 0 1 1 1 1 1 1 0 0 0 0 0 1 0 0 
0 0 1 1 0 1 0 0 1 0 1 0 0 1 1 1 1 1 1 0 0 0 0 0 0 1 0 1 0 0 0 0 0 0 1 1 1 1 1 0 1 0 0 0 0 1 0 0 0 1 0 1 1 1 1 1 0 0 0 1 1 0 1 0 1 0 1 1 1 0 0 0 1 1 1 0 0 0 0 0 0 0 0 0 1 1 1 1 1 1 0 0 0 1 1 0 1 0 0 1 1 1 1 0 1 1 0 1 0 1 0 1 1 1 1 0 1 1 1 0 0 0 0 0 0 1 0 0 1 1 1 1 1 1 0 1 0 0 0 1 0 1 0 0 1 0 1 0 0 0 1 1 0 0 1 1 0 0 1 0 1 0 1 1 1 1 1 0 0 0 1 0 0 1 1 0 1 0 0 0 1 1 0 1 1 1 1 1 1 0 0 1 0 0 1 1 0 1 0 1 0 0 0 1 1 1 0 1 0 1 0 1 1 1 
0 0 0 0 1 1 1 1 1 1 0 1 1 1 0 1 0 1 0 1 1 0 1 1 1 0 0 1 0 1 1 1 1 1 1 1 1 0 0 0 1 0 1 0 1 1 1 0 1 0 1 1 0 1 0 0 0 1 1 1 0 1 1 1 1 1 0 0 1 1 1 0 0 1 1 1 1 0 1 0 0 0 0 0 1 0 1 1 1 0 0 1 1 0 1 1 1 1 1 0 1 1 0 1 1 0 1 1 1 0 1 1 1 0 1 0 1 1 1 1 0 1 0 1 1 1 0 1 1 0 0 0 1 0 0 1 1 0 1 1 1 0 1 1 0 1 0 1 0 1 1 1 1 1 1 1 1 1 0 0 0 1 0 1 1 0 0 1 1 0 1 0 1 1 1 1 0 0 1 1 1 1 1 0 1 0 0 1 1 0 0 1 0 0 0 1 1 1 0 0 1 1 1 0 1 1 1 0 0 1 1 0 1 0 
1 0 0 0 1 0 1 1 1 1 1 0 0 0 1 0 1 1 0 0 1 0 1 0 0 0 1 0 1 1 0 1 1 0 0 1 1 1 1 0 1 1 1 0 1 0 0 1 0 1 1 1 1 0 0 0 1 1 1 0 1 1 1 0 1 1 0 1 1 0 1 0 1 0 0 0 1 0 0 1 1 0 1 0 1 0 0 0 1 1 0 0 0 1 0 1 1 0 1 0 0 0 1 0 0 1 0 1 0 0 1 0 1 1 1 1 0 0 0 1 0 1 0 1 0 0 1 0 1 1 0 0 1 1 0 1 0 1 0 0 0 1 0 0 1 1 0 1 0 1 0 1 1 0 0 1 0 0 1 0 1 1 1 1 1 1 1 0 0 1 1 1 0 0 0 1 0 1 0 1 0 1 1 1 0 1 1 0 0 1 1 0 1 0 1 1 0 1 1 1 0 1 1 1 1 0 0 1 0 1 0 1 1 1 
0 0 1 0 1 0 0 0 1 1 0 0 1 0 1 0 1 0 1 1 0 1 0 0 1 1 0 0 0 1 1 0 1 0 0 1 1 1 0 0 0 1 1 1 0 1 1 1 0 0 1 0 0 0 1 1 1 1 0 1 0 0 1 1 0 1 1 1 0 0 1 0 1 0 0 0 0 1 1 0 0 1 0 0 0 1 1 0 0 1 0 1 0 1 0 1 0 1 1 1 0 0 0 0 0 1 1 0 0 1 0 1 1 0 1 1 1 0 0 1 0 0 0 1 1 1 0 1 0 0 1 1 0 0 1 1 1 0 1 1 0 1 1 0 1 1 0 1 1 0 0 1 0 1 0 1 1 1 0 0 1 0 1 0 1 1 1 0 1 0 1 0 1 0 0 0 1 1 0 1 0 1 1 0 1 0 0 0 0 1 0 1 1 0 1 0 0 0 0 0 0 0 0 1 0 1 1 0 0 1 0 0 0 1 
1 1 1 1 0 1 0 1 0 0 0 0 1 1 1 0 1 1 1 0 1 0 0 0 1 0 1 1 1 0 0 0 0 0 1 1 0 1 1 1 0 0 0 0 1 0 0 0 1 1 0 0 0 0 0 0 1 0 0 1 1 1 1 1 1 0 1 1 0 0 0 0 0 0 1 0 1 1 0 0 1 0 0 0 0 1 1 0 0 1 1 1 0 1 1 0 1 0 0 1 1 1 1 1 1 0 1 1 1 1 1 1 1 1 1 1 0 1 0 1 0 1 1 1 1 0 0 1 1 0 0 1 1 1 0 0 0 1 1 1 1 1 0 1 1 0 1 1 1 0 1 1 0 0 1 0 0 0 0 1 0 0 1 1 0 1 1 0 1 1 0 0 1 0 0 1 0 1 0 1 1 1 1 0 1 0 0 0 0 1 1 1 1 0 0 1 0 0 0 0 1 0 1 1 1 0 0 0 0 0 1 1 1 0 
0 0 1 1 0 1 1 0 0 1 1 0 1 0 0 0 1 0 0 0 1 0 1 0 0 1 0 0 0 0 0 0 0 1 0 1 1 1 1 1 1 1 0 1 0 1 0 0 1 0 0 0 0 0 0 1 0 1 1 1 1 1 1 0 0 1 0 0 0 1 1 0 1 0 0 0 1 0 1 0 0 1 0 1 0 1 1 1 1 0 1 1 1 1 1 1 0 1 0 1 1 0 0 0 1 1 0 1 0 0 1 0 1 0 0 0 0 1 0 1 1 1 1 0 1 0 1 1 1 0 1 1 0 0 1 1 0 1 1 1 0 0 0 1 0 1 0 0 0 1 1 1 0 0 1 0 0 0 1 1 0 1 1 0 1 1 1 0 1 0 0 1 1 0 0 1 0 0 0 0 1 0 1 1 0 0 0 0 0 0 1 1 1 0 1 1 0 0 0 1 0 0 1 1 0 1 0 1 0 0 0 1 0 0 
1 0 0 0 1 1 1 1 0 1 0 0 1 0 0 1 0 0 0 1 1 1 1 0 0 1 1 0 0 0 1 0 1 1 0 0 0 0 1 1 1 1 0 0 0 0 0 0 0 1 1 1 1 1 1 1 0 0 0 1 1 1 0 1 0 1 1 0 0 0 0 1 0 0 1 1 0 0 1 0 0 1 0 0 0 0 1 0 1 0 1 1 1 0 1 0 1 0 0 0 1 0 1 0 1 1 0 1 1 1 1 1 1 1 1 0 0 1 1 1 1 0 1 1 0 1 1 1 1 0 0 0 1 0 0 1 0 0 0 1 0 0 1 0 0 1 0 0 0 1 0 0 1 1 0 1 0 0 0 1 0 0 0 1 0 0 1 1 1 1 1 0 1 1 0 1 0 1 1 1 0 0 1 1 0 0 0 0 0 1 0 1 0 0 1 0 1 1 1 0 0 0 0 1 1 0 0 1 0 1 1 1 0 0 
1 1 0 0 1 0 1 1 1 0 1 0 0 0 0 0 1 0 0 0 0 0 1 1 0 1 0 1 1 0 1 1 0 1 0 1 0 0 1 0 0 1 0 0 1 1 1 0 0 1 1 0 1 0 0 0 1 0 0 0 1 0 1 0 1 1 0 1 0 0 1 0 0 0 0 1 0 0 1 1 0 0 0 0 1 0 1 1 1 0 0 0 1 0 1 1 0 0 1 0 0 0 0 0 1 0 1 0 0 0 0 1 0 1 1 0 0 1 0 0 1 1 1 1 1 0 0 1 1 0 0 1 0 1 1 1 0 0 0 1 0 0 0 1 1 0 0 0 1 0 1 0 0 1 1 1 0 0 0 0 0 0 0 0 1 0 0 0 1 1 0 1 0 1 0 0 1 0 1 1 0 1 0 0 1 1 1 0 1 0 1 1 1 0 1 0 1 0 0 1 1 1 1 1 0 0 0 0 1 0 0 1 0 0 
0 1 1 0 1 1 0 1 1 1 0 1 1 1 1 1 1 0 0 0 0 1 0 1 0 0 1 1 0 0 0 1 1 1 0 1 1 0 0 0 1 1 1 0 1 1 1 0 1 0 0 1 0 0 1 0 1 1 1 0 0 0 0 1 0 0 0 1 1 0 1 1 1 1 1 1 0 1 1 1 0 0 0 1 1 1 1 1 0 0 0 0 0 1 0 1 0 0 0 0 1 1 1 1 0 0 0 0 1 0 0 1 1 0 0 0 1 0 1 0 0 0 1 0 1 1 0 1 0 0 1 0 0 1 0 1 1 1 0 1 0 1 1 0 0 1 1 0 0 1 0 1 1 1 1 1 0 0 0 1 0 0 0 1 1 1 1 0 0 1 0 1 0 0 1 0 0 0 0 1 0 1 0 0 1 0 1 1 0 1 0 0 1 0 1 0 0 0 0 1 1 1 1 1 1 1 0 1 1 1 1 0 1 1 
1 1 1 0 1 0 1 0 0 0 1 0 1 1 0 1 0 0 1 1 1 1 0 0 1 0 1 1 1 1 0 1 1 0 1 1 1 1 0 0 1 0 0 1 1 0 0 1 1 0 1 1 1 1 1 1 0 0 0 1 1 0 1 0 0 0 1 1 1 1 0 1 0 1 0 0 1 1 1 0 0 1 1 1 1 1 0 0 1 0 1 0 1 0 0 1 0 1 0 0 1 0 1 0 1 0 1 0 0 0 1 0 0 1 1 1 0 0 1 1 0 0 1 0 1 0 1 1 1 1 0 1 0 1 0 0 1 1 0 1 0 0 0 1 0 0 1 1 0 0 0 1 1 0 1 1 0 0 0 0 0 1 1 1 0 1 1 0 1 1 1 0 1 0 1 0 0 0 1 0 0 0 1 1 0 1 1 1 1 1 0 0 1 1 1 1 1 0 1 1 0 1 0 0 1 0 1 1 1 1 0 1 1 1 
0 1 1 0 0 1 1 0 1 0 0 1 0 0 1 0 0 0 1 1 1 1 0 0 1 0 0 0 0 1 1 1 0 0 0 1 0 1 1 1 1 1 1 0 0 1 0 0 1 0 1 0 1 1 0 1 1 0 1 0 1 1 1 0 0 1 0 0 1 0 0 0 0 0 0 1 0 0 0 1 0 0 1 1 0 0 0 1 0 0 1 1 1 1 0 1 0 0 1 1 0 0 0 1 1 1 0 1 0 1 0 0 0 1 1 1 0 0 1 1 1 1 0 0 0 1 1 1 0 0 0 1 1 1 1 1 1 1 0 1 1 0 1 0 0 0 0 1 0 0 1 1 1 1 1 0 1 0 0 0 1 0 1 0 0 0 0 1 0 0 0 0 1 1 0 0 0 1 0 1 1 1 0 0 1 1 1 1 0 1 1 1 0 0 0 0 1 1 1 0 0 1 0 1 1 1 1 1 1 0 0 1 0 1 
0 0 0 0 1 1 1 0 0 1 1 0 1 0 0 0 1 1 0 1 1 1 1 1 0 0 0 1 0 0 1 0 0 0 1 0 0 0 1 1 1 0 1 0 0 0 0 0 1 0 1 1 0 1 1 0 0 1 1 1 0 0 1 0 1 1 0 1 1 0 0 1 0 0 1 0 1 0 0 0 1 0 0 0 0 0 0 0 0 1 1 1 1 0 1 1 0 1 0 0 0 0 0 1 1 1 0 0 1 1 0 0 0 0 1 0 1 0 0 0 1 1 1 1 1 0 1 1 1 0 1 0 1 0 0 0 0 1 1 1 1 0 1 1 1 1 0 1 0 0 1 0 0 0 1 1 1 1 0 0 0 0 1 1 1 1 1 1 0 1 0 0 0 1 1 1 0 0 0 0 1 0 0 0 0 0 0 0 0 0 0 1 0 0 0 1 1 1 1 1 1 0 1 0 1 0 1 1 0 1 0 0 1 0 
0 1 0 0 1 0 1 1 1 1 1 1 1 0 1 1 1 0 0 1 1 1 1 1 0 0 1 1 0 1 0 0 1 0 0 0 1 0 0 1 0 1 1 1 1 0 1 1 0 0 0 1 1 0 0 1 0 1 1 1 0 1 1 1 0 1 1 0 0 0 0 0 1 1 1 1 1 0 1 0 1 0 0 0 0 1 0 1 0 1 0 1 1 0 1 1 0 0 0 1 1 1 1 1 0 0 1 1 1 1 0 1 0 0 0 1 0 0 0 1 1 0 1 0 0 0 0 1 1 0 1 1 1 0 1 0 1 0 0 1 1 0 1 1 1 1 0 1 0 1 1 1 1 0 1 1 0 0 1 1 1 0 1 0 1 1 1 0 1 0 1 0 1 0 1 0 0 0 0 0 0 1 1 0 1 1 0 1 1 1 1 1 0 0 0 0 0 1 0 0 0 1 0 1 0 1 1 0 1 1 0 0 1 0 
1 0 0 1 0 0 1 1 1 1 0 1 1 0 0 1 1 0 0 0 1 1 0 1 1 0 1 0 1 1 0 1 1 0 0 0 0 0 1 0 0 0 1 0 1 1 0 1 0 1 1 1 0 1 0 1 0 0 0 1 0 0 1 0 0 1 0 1 1 1 0 0 0 1 0 1 0 0 0 0 0 0 1 1 0 1 1 1 1 0 1 1 1 0 0 1 1 0 1 1 0 1 1 0 0 1 1 1 1 0 0 1 1 1 1 0 0 0 1 1 1 0 0 1 0 0 0 0 1 0 0 1 1 0 1 0 1 1 0 1 0 1 0 0 0 0 1 0 1 1 0 1 0 0 0 0 0 0 0 1 1 0 0 0 0 0 1 0 1 1 0 0 1 1 0 1 1 0 1 1 1 1 1 1 1 0 1 1 0 0 0 1 0 1 0 0 0 1 0 1 0 1 1 1 0 1 0 1 0 0 1 1 1 0 
1 0 1 1 1 1 0 0 1 0 1 0 1 1 0 0 0 0 0 0 0 0 1 0 0 1 1 0 0 1 0 1 1 0 0 0 0 1 1 0 1 1 0 0 0 1 1 1 1 1 0 1 1 0 0 1 0 0 1 0 0 1 1 1 1 1 1 1 0 0 1 1 0 0 1 0 1 0 1 1 1 1 1 0 0 0 0 1 1 0 0 1 0 0 0 0 0 0 0 1 0 0 0 0 0 1 0 0 0 0 1 1 1 1 1 0 0 0 1 0 0 1 1 0 0 1 1 0 0 0 1 0 1 0 0 1 1 1 0 0 1 1 0 0 1 1 0 0 0 1 0 0 1 0 0 0 0 1 0 0 1 1 1 0 0 1 0 0 1 0 0 1 1 1 1 0 1 1 0 0 0 0 0 1 0 0 0 0 1 1 0 1 1 1 0 0 0 1 0 0 0 0 1 0 1 0 0 0 0 0 1 0 0 0 
0 0 0 0 1 1 0 1 0 0 1 0 1 0 0 0 1 1 0 0 0 0 1 1 0 1 0 1 0 0 1 1 0 0 1 1 1 1 1 0 0 0 1 0 1 1 1 0 1 1 1 1 0 1 0 1 1 0 1 1 0 1 1 1 1 1 1 0 1 1 0 1 0 1 1 1 1 1 0 0 1 1 1 1 1 1 0 0 1 1 1 1 1 0 0 0 1 0 1 1 0 0 0 1 0 0 0 0 1 1 1 0 1 0 0 0 0 0 1 0 1 0 1 1 1 0 1 0 1 0 0 0 1 1 0 1 0 1 0 0 0 1 0 1 0 1 1 0 1 1 1 1 0 0 1 1 0 1 0 0 1 1 1 0 1 1 1 0 0 0 0 1 1 0 1 1 1 0 1 1 0 0 1 1 1 0 0 0 1 0 0 0 1 1 1 1 1 0 1 0 1 0 1 0 0 0 0 1 0 1 0 0 1 0 
1 1 0 1 1 1 0 1 1 0 0 1 1 1 1 1 1 0 1 1 1 0 0 1 1 0 0 1 0 0 0 0 1 1 0 0 0 0 1 1 0 0 1 0 0 0 1 1 0 0 1 0 1 0 1 1 0 0 1 1 0 1 0 0 1 1 1 0 0 1 0 1 1 0 0 1 0 0 0 0 1 1 1 1 0 1 0 1 0 1 0 0 0 1 0 1 0 0 0 0 0 0 1 1 1 1 1 0 1 0 1 1 1 0 0 1 1 1 0 1 1 0 1 1 1 0 1 0 1 0 1 0 0 0 0 0 1 0 1 0 0 1 1 0 0 1 0 1 0 1 0 0 0 1 0 0 0 1 1 1 1 1 1 1 0 0 0 0 0 0 0 0 1 0 1 0 0 1 1 0 0 1 0 0 1 0 0 0 1 0 0 1 1 1 0 0 0 1 0 0 1 1 1 0 1 0 0 0 1 1 0 1 0 0 
1 1 1 1 0 1 1 0 1 1 0 0 0 0 1 0 0 1 1 0 1 0 1 0 1 1 0 0 1 0 1 1 1 1 1 0 1 1 1 0 0 0 0 1 0 0 0 1 0 0 1 1 1 0 1 0 1 0 1 0 1 0 0 1 1 1 0 0 0 0 1 0 0 0 0 0 0 0 1 1 1 1 0 0 1 1 0 1 1 0 1 0 0 0 1 0 1 1 1 1 0 1 0 1 0 0 1 0 0 0 0 1 0 1 0 0 0 0 0 1 0 0 1 0 0 1 1 0 0 0 1 1 0 1 0 0 1 1 1 0 1 0 1 0 1 0 1 1 1 0 1 0 0 0 0 0 1 0 1 0 0 1 1 0 0 0 1 0 0 1 0 1 1 1 0 0 0 0 1 1 1 0 1 0 1 0 0 1 0 1 1 1 0 1 0 1 0 0 0 0 1 1 1 1 0 1 1 0 0 0 1 1 1 0 
1 1 1 0 1 0 1 1 1 1 1 1 1 1 0 0 1 1 1 0 1 0 0 0 0 0 0 0 0 1 1 0 0 0 0 0 1 0 0 0 0 0 1 1 1 1 0 0 0 0 1 1 0 1 0 0 0 0 0 0 0 0 0 1 1 0 1 1 0 0 1 0 1 1 0 0 1 1 0 0 1 1 0 1 1 0 1 0 1 0 1 1 1 0 0 1 1 1 1 0 0 0 1 0 1 1 0 0 0 1 0 1 1 0 0 1 1 1 1 1 1 0 1 1 1 1 1 0 1 0 0 0 1 0 1 1 1 0 0 1 1 1 0 1 0 1 0 1 0 1 1 1 0 1 1 1 0 1 0 0 0 0 0 0 1 1 0 0 1 1 1 1 0 1 1 1 0 1 0 0 0 1 0 1 0 0 1 0 0 1 1 0 0 1 0 0 0 1 1 1 0 0 1 1 1 1 0 0 1 1 1 1 0 1 
1 1 0 1 0 0 1 1 1 1 1 1 0 0 0 1 1 1 0 1 0 1 0 0 0 0 1 0 0 1 1 0 0 0 0 1 0 1 1 1 0 1 0 0 1 0 0 1 1 0 1 1 0 0 0 1 1 0 1 0 0 1 1 1 0 1 1 1 0 1 1 0 0 1 1 0 0 0 1 0 1 0 0 1 0 0 0 0 1 1 0 0 1 1 1 1 0 0 1 1 1 1 0 1 1 0 1 0 0 1 1 1 0 1 0 0 1 1 1 1 1 0 1 0 0 0 1 0 0 0 1 0 1 0 0 1 1 1 0 1 1 0 1 1 1 1 1 1 1 1 0 0 0 0 1 1 0 0 0 1 0 0 0 1 1 0 0 1 1 0 0 1 0 1 1 0 0 0 0 0 1 1 0 1 1 0 0 0 0 1 1 1 1 0 1 1 0 0 1 1 0 0 1 1 1 0 0 1 1 1 1 0 0 0 
1 1 1 0 1 0 0 1 0 0 1 1 1 0 1 1 1 1 0 0 0 0 0 0 1 1 1 0 0 1 0 0 1 0 1 1 0 0 1 1 1 1 0 1 0 1 0 0 0 1 0 0 1 0 0 0 1 0 0 1 0 1 1 1 0 0 0 1 1 1 0 1 1 0 1 0 1 1 0 0 1 0 0 0 0 1 0 0 0 0 1 1 1 0 1 0 0 0 1 1 0 0 1 0 0 0 1 1 0 0 0 1 0 0 1 1 1 1 1 0 1 1 1 1 1 0 1 1 0 0 1 1 1 1 0 1 1 1 1 1 1 1 1 0 1 0 0 0 0 1 0 1 0 1 0 1 1 0 0 1 0 0 1 1 0 1 0 1 0 0 0 0 0 1 1 1 0 1 1 0 0 1 0 1 1 0 1 1 0 1 1 0 0 1 0 1 1 1 1 1 1 1 0 0 0 1 1 0 0 0 0 1 1 1 
1 0 1 1 0 1 0 1 1 1 0 0 0 1 0 0 0 1 0 1 1 1 1 0 0 1 1 1 0 1 1 0 1 1 0 1 0 1 1 0 0 1 0 0 1 0 1 0 0 0 0 0 0 1 1 1 0 1 1 1 0 1 1 1 0 0 0 1 1 1 0 1 0 1 0 1 1 1 0 0 1 1 1 0 1 0 0 1 0 1 0 1 0 0 1 0 1 0 0 0 1 1 0 1 1 0 1 0 0 1 0 1 0 0 1 1 1 1 0 0 0 1 0 1 1 1 1 0 0 0 1 0 0 1 1 1 1 1 0 1 1 0 1 1 1 0 1 1 1 0 1 0 1 0 0 1 1 0 0 0 1 1 1 0 0 1 0 0 1 0 1 1 1 0 0 0 0 1 1 1 1 1 1 0 1 1 1 1 1 1 1 0 1 0 1 1 0 0 0 1 1 1 0 0 1 0 0 0 0 0 0 0 1 0 
0 1 0 1 0 1 0 1 1 0 1 0 0 0 0 0 1 1 1 1 1 0 0 0 1 1 0 1 1 1 1 0 0 1 1 0 1 0 1 0 1 0 0 0 0 1 0 0 0 0 1 0 0 1 0 1 0 0 1 1 1 0 1 0 0 1 1 0 1 0 0 1 0 1 0 0 1 0 0 1 1 0 1 0 1 1 1 0 0 0 0 1 0 0 1 0 0 0 1 1 0 0 0 1 1 1 0 1 0 1 1 1 1 0 1 0 1 1 0 1 1 0 1 0 0 1 0 0 1 1 0 0 1 0 0 1 0 1 1 1 0 0 0 1 1 0 1 1 1 0 0 1 0 1 0 1 1 0 0 0 1 0 0 1 0 0 1 1 1 1 1 1 1 1 0 1 0 0 1 0 1 1 1 1 1 0 1 0 1 0 1 1 1 1 0 0 1 0 1 0 1 1 0 1 0 0 0 0 1 0 1 0 0 0 
0 0 1 0 1 0 1 0 1 0 1 0 1 1 1 1 0 1 0 0 0 0 1 1 1 1 1 1 1 1 0 1 0 1 0 1 1 1 1 1 0 0 0 1 1 0 1 0 0 1 1 0 0 1 0 1 0 1 1 1 0 0 1 1 0 1 0 1 0 0 1 0 1 1 1 1 1 1 1 1 1 1 1 0 1 0 1 1 0 0 1 1 1 1 1 1 0 1 0 1 0 0 0 0 0 1 1 1 0 0 0 0 0 0 0 0 0 1 1 0 0 1 0 0 0 0 1 0 0 1 0 0 0 1 1 0 0 0 1 0 1 0 0 0 1 1 0 1 0 0 0 0 1 0 1 0 0 0 0 1 1 0 1 1 1 0 1 0 1 1 1 0 0 0 0 0 1 1 1 0 1 1 1 1 0 1 0 1 0 0 1 0 1 0 1 1 0 0 0 1 1 0 1 0 0 0 1 0 1 0 1 0 1 0 
0 1 1 1 1 0 1 0 0 0 1 0 0 1 1 0 1 1 0 1 1 0 0 0 1 0 0 1 0 1 1 1 0 1 0 1 1 1 1 0 0 0 1 1 1 1 0 1 0 1 1 0 0 0 1 0 1 0 0 1 1 0 0 0 1 0 1 1 0 1 0 1 1 1 1 0 0 0 0 1 1 1 0 0 1 1 1 1 0 1 0 1 0 0 0 0 0 0 1 0 0 0 0 0 0 1 1 0 1 1 1 1 1 0 1 1 1 0 1 1 1 0 1 0 1 1 0 0 1 1 1 1 1 1 0 0 1 1 1 1 0 0 0 1 0 1 1 1 0 0 0 0 0 1 1 1 1 1 0 1 1 1 0 1 0 0 0 1 0 1 0 1 1 0 0 1 0 1 0 1 0 0 0 1 0 1 0 0 0 0 0 1 1 1 1 0 0 0 0 1 0 0 1 0 0 1 0 0 1 1 0 0 1 1 
0 0 1 1 1 1 0 0 0 0 0 0 0 1 0 0 1 1 1 0 0 1 1 0 1 1 0 0 0 1 1 1 0 1 0 0 0 0 0 1 1 0 0 1 1 1 1 0 1 0 0 0 0 1 0 1 1 0 0 0 1 0 1 0 0 1 0 0 1 1 1 1 0 1 0 1 1 1 1 0 0 0 1 1 0 1 0 0 1 0 1 0 0 1 1 1 1 0 1 0 1 1 0 1 1 0 1 0 1 1 1 0 1 0 1 1 0 0 0 1 1 0 1 1 1 1 0 1 1 1 0 1 1 0 0 1 1 0 1 1 0 1 1 1 0 1 0 0 1 0 1 1 1 0 0 1 1 0 1 1 1 1 1 0 0 1 0 1 1 1 1 1 0 1 1 0 1 1 1 0 0 0 1 0 1 0 0 1 1 0 1 1 1 1 0 1 0 1 0 0 0 1 0 0 0 0 0 0 1 0 1 1 1 1 
0 0 1 0 0 1 0 1 0 1 0 1 0 1 0 0 1 1 1 1 0 1 1 0 0 0 1 1 1 1 0 0 0 0 0 0 1 0 1 1 1 1 1 1 0 0 0 0 0 1 1 0 1 0 0 0 1 0 1 1 1 1 0 1 0 0 1 1 1 0 0 0 1 0 1 1 0 0 0 1 1 0 0 0 1 0 1 1 1 1 1 1 0 0 1 0 0 1 1 1 1 1 1 1 1 1 1 0 1 0 0 1 1 0 0 0 1 1 0 1 1 0 0 0 1 1 1 0 1 0 1 1 1 0 0 1 0 0 1 1 1 0 0 0 1 1 1 0 1 0 0 1 0 0 0 1 1 0 0 1 1 0 1 0 1 1 1 1 0 0 0 1 1 0 1 1 0 1 1 1 0 0 0 0 0 0 0 0 0 1 1 1 1 0 1 0 0 0 1 0 1 1 0 0 1 1 1 1 0 1 0 1 1 0 
0 1 1 1 1 0 0 1 0 0 0 0 0 1 1 1 0 1 1 0 0 0 0 0 0 1 1 1 1 1 0 1 0 0 1 0 0 0 0 1 0 0 0 0 0 1 1 0 0 0 1 1 1 1 0 0 1 0 1 1 1 0 0 1 0 1 0 0 0 0 0 0 0 0 1 1 1 1 0 0 1 1 0 1 1 1 0 0 1 0 0 1 1 1 1 1 1 0 1 0 0 0 1 1 1 0 1 0 0 0 1 1 0 1 0 0 1 0 1 1 1 1 0 1 0 1 1 0 0 1 0 1 1 1 0 0 1 0 1 0 0 0 0 1 1 0 0 0 1 0 1 1 1 0 1 0 0 1 0 0 0 0 0 0 0 0 0 0 0 0 0 0 1 1 1 1 1 1 0 1 1 0 1 1 1 1 0 0 1 0 1 1 0 1 1 0 0 1 1 0 1 1 0 0 0 0 1 0 1 0 1 0 1 0 
0 1 0 1 1 1 0 0 0 0 0 1 0 0 1 1 0 1 0 1 1 0 1 0 1 1 1 0 1 1 1 1 0 1 1 0 0 0 0 1 1 1 0 1 1 0 1 1 0 1 1 1 0 0 0 1 1 1 0 1 1 1 0 0 1 0 0 1 0 1 1 0 0 0 1 1 1 1 1 1 1 0 0 1 1 0 1 1 0 0 1 1 1 1 1 1 0 1 0 1 0 1 0 1 0 1 0 1 0 0 0 0 1 0 0 1 1 0 0 0 1 0 1 0 0 1 0 0 0 1 1 0 1 1 0 1 1 0 1 1 0 0 1 1 0 1 1 1 1 1 1 0 1 0 1 0 1 0 1 0 0 0 0 0 1 0 1 0 0 1 0 1 1 1 0 0 1 1 1 1 0 0 0 1 0 0 1 0 1 0 1 0 0 0 0 1 1 0 0 1 1 1 0 0 1 1 0 1 0 1 0 1 0 1 
1 1 1 1 0 1 1 0 0 1 1 1 1 0 0 0 0 1 1 0 1 1 0 0 0 0 1 0 0 0 1 1 0 1 1 1 0 0 0 0 0 1 1 1 1 0 1 0 1 1 0 0 1 0 0 1 1 1 1 0 1 0 1 0 0 1 0 1 1 0 0 0 1 1 1 1 1 0 1 0 0 0 0 1 1 1 1 0 0 1 0 0 0 1 1 1 0 0 1 0 1 0 0 1 0 1 0 0 1 1 1 1 0 0 1 0 1 1 1 0 1 1 0 0 0 1 0 1 1 0 1 1 0 0 1 1 1 0 1 1 1 1 1 1 1 1 0 1 0 0 1 1 0 0 0 1 0 0 1 1 1 1 1 1 0 0 0 1 1 0 0 0 1 1 1 0 1 1 1 1 1 1 1 0 1 0 1 1 1 1 0 1 1 0 0 1 0 0 1 1 1 0 1 0 0 0 0 1 1 0 1 0 1 0 
0 0 1 1 1 0 1 1 1 1 0 1 0 1 0 1 0 0 1 1 1 0 0 0 0 0 0 0 1 1 1 0 1 1 0 1 0 0 1 0 0 1 0 1 1 1 1 0 1 1 0 1 0 1 0 0 1 1 0 1 1 1 0 0 0 0 0 1 1 1 0 1 0 0 1 1 1 1 0 0 1 1 0 1 1 1 0 1 0 0 1 1 1 1 1 0 1 0 0 1 1 0 0 1 1 0 1 1 1 0 1 0 1 0 0 0 1 1 1 1 0 0 1 1 1 1 1 1 0 0 0 1 0 0 1 1 1 1 0 0 1 0 1 1 0 0 0 1 1 1 0 1 0 0 1 1 0 0 0 1 1 1 1 0 0 1 0 0 0 1 1 0 0 1 1 0 1 0 0 1 0 0 1 1 1 0 1 0 0 0 1 1 0 1 1 1 0 1 0 1 0 0 1 1 0 1 1 1 1 1 0 1 0 1 
1 1 1 0 0 1 1 0 0 1 0 1 0 1 1 1 1 1 1 0 0 0 0 1 0 1 0 0 1 0 1 1 1 0 0 1 1 0 0 1 1 0 0 0 0 1 1 1 0 1 0 0 0 0 1 0 0 0 1 0 0 1 0 1 0 1 0 1 1 1 1 0 0 1 0 1 0 1 1 1 0 0 0 1 0 1 0 1 1 0 1 1 1 1 1 0 1 0 0 1 1 0 0 0 0 1 1 1 1 1 1 1 0 1 1 0 1 1 0 1 1 1 1 0 1 1 1 0 1 0 1 1 1 0 1 0 1 0 1 1 1 0 0 1 1 1 1 1 0 0 0 0 1 1 0 1 0 0 1 0 1 1 0 1 0 1 0 1 0 1 0 1 1 1 0 0 1 1 0 0 1 0 1 0 1 1 0 0 0 0 1 1 1 0 0 0 0 0 0 0 1 0 1 0 0 0 1 1 0 0 1 0 1 0 

95 59 66 104 141 154 87 132 5 93 188 206 68 117 3 131 208 90 70 96 4 17 167 18 78 182 63 139 9 173 84 168 186 160 20 75 42 49 112 210 116 23 190 31 150 34 119 130 76 28 86 136 179 48 201 106 77 205 51 41 47 94 40 122 108 169 161 111 1 170 125 45 110 73 2 135 99 33 19 102 11 79 152 158 196 202 198 50 124 24 85 57 97 149 64 71 187 120 163 143 148 165 133 171 153 26 14 101 193 204 98 118 176 147 144 89 195 146 114 207 103 56 60 211 46 8 183 181 140 58 62 74 27 151 121 25 88 129 105 39 123 53 81 16 21 115 177 43 127 67 100 107 184 113 30 80 37 12 189 109 44 69 137 6 157 134 166 22 82 203 54 172 199 10 180 52 7 213 178 197 155 209 38 185 138 92 174 142 191 32 159 65 145 29 192 162 72 83 194 126 175 0 35 55 15 91 200 156 61 164 36 212 13 128 
0 201
1 68
2 74
3 14
4 20
5 8
6 163
7 176
8 125
9 28
10 173
11 80
12 157
13 212
14 106
15 204
16 143
17 21
18 23
19 78
20 34
21 144
22 167
23 41
24 89
25 135
26 105
27 132
28 49
29 193
30 154
31 43
32 189
33 77
34 45
35 202
36 210
37 156
38 182
39 139
40 62
41 59
42 36
43 147
44 160
45 71
46 124
47 60
48 53
49 37
50 87
51 58
52 175
53 141
54 170
55 203
56 121
57 91
58 129
59 1
60 122
61 208
62 130
63 26
64 94
65 191
66 2
67 149
68 12
69 161
70 18
71 95
72 196
73 73
74 131
75 35
76 48
77 56
78 24
79 81
80 155
81 142
82 168
83 197
84 30
85 90
86 50
87 6
88 136
89 115
90 17
91 205
92 185
93 9
94 61
95 0
96 19
97 92
98 110
99 76
100 150
101 107
102 79
103 120
104 3
105 138
106 55
107 151
108 64
109 159
110 72
111 67
112 38
113 153
114 118
115 145
116 40
117 13
118 111
119 46
120 97
121 134
122 63
123 140
124 88
125 70
126 199
127 148
128 213
129 137
130 47
131 15
132 7
133 102
134 165
135 75
136 51
137 162
138 184
139 27
140 128
141 4
142 187
143 99
144 114
145 192
146 117
147 113
148 100
149 93
150 44
151 133
152 82
153 104
154 5
155 180
156 207
157 164
158 83
159 190
160 33
161 66
162 195
163 98
164 209
165 101
166 166
167 22
168 31
169 65
170 69
171 103
172 171
173 29
174 186
175 200
176 112
177 146
178 178
179 52
180 174
181 127
182 25
183 126
184 152
185 183
186 32
187 96
188 10
189 158
190 42
191 188
192 194
193 108
194 198
195 116
196 84
197 179
198 86
199 172
200 206
201 54
202 85
203 169
204 109
205 57
206 11
207 119
208 16
209 181
210 39
211 123
212 211
213 177
SIMILAR
1 0
1 0
115 0
